# Created by Octave 3.8.2, Sat Jun 20 05:06:00 2020 CEST <damian@fptrucha.inv.usc.es>
# name: hd
# type: matrix
# rows: 41
# columns: 2
 1 -180
 2 -179
 1 -178
 0 -177
 2 -176
 3 -175
 5 -174
 12 -173
 46 -172
 135 -171
 187 -170
 264 -169
 320 -168
 617 -167
 1287 -166
 2426 -165
 3378 -164
 3912 -163
 3859 -162
 3729 -161
 3834 -160
 3766 -159
 3648 -158
 3274 -157
 2579 -156
 1567 -155
 612 -154
 82 -153
 3 -152
 0 -151
 0 -150
 0 -149
 0 -148
 0 -147
 0 -146
 0 -145
 0 -144
 0 -143
 0 -142
 0 -141
 0 -140


