# Created by Octave 3.8.2, Sat Jun 20 03:35:39 2020 CEST <damian@fptrucha.inv.usc.es>
# name: hd
# type: matrix
# rows: 41
# columns: 2
 0 -180
 1 -179
 0 -178
 1 -177
 0 -176
 2 -175
 2 -174
 3 -173
 32 -172
 63 -171
 128 -170
 171 -169
 206 -168
 377 -167
 870 -166
 1526 -165
 2243 -164
 2482 -163
 2516 -162
 2418 -161
 2443 -160
 2394 -159
 2372 -158
 2234 -157
 1723 -156
 1013 -155
 403 -154
 60 -153
 1 -152
 0 -151
 0 -150
 0 -149
 0 -148
 0 -147
 0 -146
 0 -145
 0 -144
 0 -143
 0 -142
 0 -141
 0 -140


