# Created by Octave 3.8.2, Tue Jun 23 00:19:30 2020 CEST <damian@fptrucha.inv.usc.es>
# name: hd
# type: matrix
# rows: 41
# columns: 2
 0 -180
 0 -179
 2 -178
 4 -177
 4 -176
 4 -175
 7 -174
 19 -173
 40 -172
 129 -171
 187 -170
 256 -169
 374 -168
 641 -167
 1248 -166
 2337 -165
 3344 -164
 3765 -163
 3634 -162
 3717 -161
 3656 -160
 3668 -159
 3544 -158
 3154 -157
 2512 -156
 1477 -155
 578 -154
 80 -153
 4 -152
 0 -151
 0 -150
 0 -149
 0 -148
 0 -147
 0 -146
 0 -145
 0 -144
 0 -143
 0 -142
 0 -141
 0 -140


