# Created by Octave 3.8.2, Mon Jun 22 00:23:58 2020 CEST <damian@fptrucha.inv.usc.es>
# name: hd
# type: matrix
# rows: 41
# columns: 2
 1 -180
 1 -179
 1 -178
 1 -177
 2 -176
 4 -175
 9 -174
 14 -173
 45 -172
 104 -171
 168 -170
 236 -169
 276 -168
 535 -167
 1142 -166
 2088 -165
 3067 -164
 3500 -163
 3621 -162
 3411 -161
 3334 -160
 3309 -159
 3326 -158
 3123 -157
 2463 -156
 1520 -155
 574 -154
 96 -153
 2 -152
 0 -151
 0 -150
 0 -149
 0 -148
 0 -147
 0 -146
 0 -145
 0 -144
 0 -143
 0 -142
 0 -141
 0 -140


