# Created by Octave 3.8.2, Sat Jun 20 04:26:44 2020 CEST <damian@fptrucha.inv.usc.es>
# name: hd
# type: matrix
# rows: 41
# columns: 2
 1 -180
 0 -179
 1 -178
 3 -177
 1 -176
 1 -175
 6 -174
 12 -173
 32 -172
 116 -171
 166 -170
 248 -169
 298 -168
 548 -167
 1318 -166
 2453 -165
 3449 -164
 3940 -163
 3770 -162
 3793 -161
 3723 -160
 3769 -159
 3731 -158
 3433 -157
 2711 -156
 1535 -155
 612 -154
 111 -153
 1 -152
 0 -151
 0 -150
 0 -149
 0 -148
 0 -147
 0 -146
 0 -145
 0 -144
 0 -143
 0 -142
 0 -141
 0 -140


