# Created by Octave 3.8.2, Sat Jun 20 07:14:49 2020 CEST <damian@fptrucha.inv.usc.es>
# name: hd
# type: matrix
# rows: 41
# columns: 2
 1 -180
 1 -179
 0 -178
 0 -177
 1 -176
 2 -175
 10 -174
 16 -173
 46 -172
 124 -171
 207 -170
 256 -169
 302 -168
 621 -167
 1302 -166
 2430 -165
 3391 -164
 3962 -163
 3877 -162
 3853 -161
 3867 -160
 3935 -159
 3734 -158
 3422 -157
 2706 -156
 1660 -155
 608 -154
 98 -153
 2 -152
 0 -151
 0 -150
 0 -149
 0 -148
 0 -147
 0 -146
 0 -145
 0 -144
 0 -143
 0 -142
 0 -141
 0 -140


