# Created by Octave 3.8.2, Mon Jun 22 07:24:21 2020 CEST <damian@fptrucha.inv.usc.es>
# name: hd
# type: matrix
# rows: 41
# columns: 2
 2 -180
 3 -179
 4 -178
 5 -177
 2 -176
 4 -175
 15 -174
 17 -173
 51 -172
 129 -171
 184 -170
 232 -169
 314 -168
 559 -167
 1266 -166
 2292 -165
 3126 -164
 3245 -163
 3204 -162
 3280 -161
 3303 -160
 3246 -159
 2936 -158
 2836 -157
 2133 -156
 1269 -155
 411 -154
 53 -153
 1 -152
 0 -151
 0 -150
 0 -149
 0 -148
 0 -147
 0 -146
 0 -145
 0 -144
 0 -143
 0 -142
 0 -141
 0 -140


