# Created by Octave 3.8.2, Sat Jun 20 11:40:14 2020 CEST <damian@fptrucha.inv.usc.es>
# name: hd
# type: matrix
# rows: 41
# columns: 2
 0 -180
 0 -179
 0 -178
 0 -177
 3 -176
 0 -175
 6 -174
 11 -173
 33 -172
 83 -171
 115 -170
 184 -169
 195 -168
 404 -167
 823 -166
 1634 -165
 2172 -164
 2528 -163
 2485 -162
 2489 -161
 2414 -160
 2413 -159
 2354 -158
 2035 -157
 1775 -156
 970 -155
 348 -154
 61 -153
 4 -152
 1 -151
 0 -150
 2 -149
 0 -148
 0 -147
 0 -146
 0 -145
 0 -144
 0 -143
 0 -142
 0 -141
 0 -140


