# Created by Octave 3.8.2, Sun Jun 21 04:30:51 2020 CEST <damian@fptrucha.inv.usc.es>
# name: hd
# type: matrix
# rows: 41
# columns: 2
 0 -180
 1 -179
 0 -178
 2 -177
 1 -176
 4 -175
 7 -174
 12 -173
 50 -172
 104 -171
 176 -170
 229 -169
 273 -168
 542 -167
 1247 -166
 2181 -165
 3025 -164
 3398 -163
 3460 -162
 3420 -161
 3358 -160
 3404 -159
 3184 -158
 2894 -157
 2281 -156
 1382 -155
 572 -154
 87 -153
 3 -152
 0 -151
 0 -150
 0 -149
 0 -148
 0 -147
 0 -146
 0 -145
 0 -144
 0 -143
 0 -142
 0 -141
 0 -140


