# Created by Octave 3.8.2, Mon Jun 22 08:23:33 2020 CEST <damian@fptrucha.inv.usc.es>
# name: hd
# type: matrix
# rows: 41
# columns: 2
 6 -180
 3 -179
 1 -178
 1 -177
 2 -176
 11 -175
 9 -174
 17 -173
 50 -172
 121 -171
 190 -170
 253 -169
 323 -168
 591 -167
 1324 -166
 2348 -165
 3087 -164
 3422 -163
 3377 -162
 3476 -161
 3324 -160
 3176 -159
 3174 -158
 2817 -157
 2194 -156
 1234 -155
 404 -154
 45 -153
 2 -152
 0 -151
 0 -150
 0 -149
 0 -148
 0 -147
 0 -146
 0 -145
 0 -144
 0 -143
 0 -142
 0 -141
 0 -140


