# Created by Octave 3.8.2, Mon Jun 22 07:02:38 2020 CEST <damian@fptrucha.inv.usc.es>
# name: hd
# type: matrix
# rows: 41
# columns: 2
 2 -180
 5 -179
 1 -178
 2 -177
 3 -176
 9 -175
 11 -174
 16 -173
 56 -172
 126 -171
 179 -170
 240 -169
 319 -168
 573 -167
 1243 -166
 2238 -165
 3038 -164
 3171 -163
 3262 -162
 3262 -161
 3187 -160
 3227 -159
 3004 -158
 2707 -157
 2113 -156
 1249 -155
 413 -154
 46 -153
 1 -152
 0 -151
 0 -150
 0 -149
 0 -148
 0 -147
 0 -146
 0 -145
 0 -144
 0 -143
 0 -142
 0 -141
 0 -140


