# Created by Octave 3.8.2, Mon Jun 22 11:54:16 2020 CEST <damian@fptrucha.inv.usc.es>
# name: hd
# type: matrix
# rows: 41
# columns: 2
 0 -180
 2 -179
 1 -178
 5 -177
 3 -176
 3 -175
 13 -174
 21 -173
 66 -172
 120 -171
 203 -170
 259 -169
 315 -168
 677 -167
 1328 -166
 2368 -165
 3162 -164
 3184 -163
 3440 -162
 3450 -161
 3340 -160
 3233 -159
 3030 -158
 2803 -157
 2253 -156
 1191 -155
 413 -154
 39 -153
 5 -152
 0 -151
 0 -150
 0 -149
 0 -148
 0 -147
 0 -146
 0 -145
 0 -144
 0 -143
 0 -142
 0 -141
 0 -140


