# Created by Octave 3.8.2, Mon Jun 22 05:38:06 2020 CEST <damian@fptrucha.inv.usc.es>
# name: hd
# type: matrix
# rows: 41
# columns: 2
 3 -180
 3 -179
 7 -178
 1 -177
 4 -176
 2 -175
 6 -174
 26 -173
 62 -172
 108 -171
 162 -170
 241 -169
 304 -168
 512 -167
 1208 -166
 2212 -165
 3076 -164
 3164 -163
 3295 -162
 3313 -161
 3237 -160
 3234 -159
 3135 -158
 2709 -157
 2171 -156
 1205 -155
 456 -154
 48 -153
 1 -152
 0 -151
 0 -150
 0 -149
 0 -148
 0 -147
 0 -146
 0 -145
 0 -144
 0 -143
 0 -142
 0 -141
 0 -140


