# Created by Octave 3.8.2, Sun Jun 21 02:52:45 2020 CEST <damian@fptrucha.inv.usc.es>
# name: hd
# type: matrix
# rows: 41
# columns: 2
 0 -180
 1 -179
 0 -178
 1 -177
 3 -176
 5 -175
 4 -174
 19 -173
 37 -172
 96 -171
 185 -170
 233 -169
 253 -168
 546 -167
 1175 -166
 2118 -165
 2981 -164
 3362 -163
 3304 -162
 3346 -161
 3269 -160
 3293 -159
 3281 -158
 2896 -157
 2326 -156
 1376 -155
 514 -154
 101 -153
 2 -152
 0 -151
 0 -150
 0 -149
 0 -148
 0 -147
 0 -146
 0 -145
 0 -144
 0 -143
 0 -142
 0 -141
 0 -140


