# Created by Octave 3.8.2, Sat Jun 20 18:47:10 2020 CEST <damian@fptrucha.inv.usc.es>
# name: hd
# type: matrix
# rows: 41
# columns: 2
 0 -180
 0 -179
 1 -178
 0 -177
 1 -176
 4 -175
 4 -174
 9 -173
 29 -172
 73 -171
 122 -170
 155 -169
 203 -168
 334 -167
 793 -166
 1441 -165
 1977 -164
 2364 -163
 2298 -162
 2202 -161
 2237 -160
 2272 -159
 2114 -158
 1992 -157
 1485 -156
 920 -155
 334 -154
 63 -153
 0 -152
 0 -151
 0 -150
 0 -149
 0 -148
 0 -147
 0 -146
 0 -145
 0 -144
 0 -143
 0 -142
 0 -141
 0 -140


