# Created by Octave 3.8.2, Sat Jun 20 08:42:21 2020 CEST <damian@fptrucha.inv.usc.es>
# name: hd
# type: matrix
# rows: 41
# columns: 2
 0 -180
 1 -179
 1 -178
 2 -177
 1 -176
 1 -175
 8 -174
 22 -173
 61 -172
 132 -171
 219 -170
 301 -169
 335 -168
 704 -167
 1385 -166
 2452 -165
 3582 -164
 4038 -163
 4028 -162
 3852 -161
 3756 -160
 3943 -159
 3746 -158
 3475 -157
 2644 -156
 1651 -155
 632 -154
 114 -153
 1 -152
 0 -151
 0 -150
 0 -149
 0 -148
 0 -147
 0 -146
 0 -145
 0 -144
 0 -143
 0 -142
 0 -141
 0 -140


