# Created by Octave 3.8.2, Mon Jun 22 06:10:52 2020 CEST <damian@fptrucha.inv.usc.es>
# name: hd
# type: matrix
# rows: 41
# columns: 2
 2 -180
 1 -179
 1 -178
 2 -177
 5 -176
 4 -175
 9 -174
 16 -173
 48 -172
 117 -171
 204 -170
 240 -169
 290 -168
 532 -167
 1195 -166
 2193 -165
 3056 -164
 3207 -163
 3195 -162
 3276 -161
 3270 -160
 3153 -159
 2974 -158
 2752 -157
 2197 -156
 1247 -155
 422 -154
 47 -153
 2 -152
 0 -151
 0 -150
 0 -149
 0 -148
 0 -147
 0 -146
 0 -145
 0 -144
 0 -143
 0 -142
 0 -141
 0 -140


