# Created by Octave 3.8.2, Mon Jun 22 15:05:09 2020 CEST <damian@fptrucha.inv.usc.es>
# name: hd
# type: matrix
# rows: 41
# columns: 2
 1 -180
 0 -179
 0 -178
 3 -177
 2 -176
 5 -175
 6 -174
 21 -173
 66 -172
 118 -171
 202 -170
 275 -169
 325 -168
 608 -167
 1397 -166
 2470 -165
 3356 -164
 3429 -163
 3548 -162
 3580 -161
 3547 -160
 3509 -159
 3325 -158
 2901 -157
 2416 -156
 1316 -155
 466 -154
 57 -153
 1 -152
 0 -151
 0 -150
 0 -149
 0 -148
 0 -147
 0 -146
 0 -145
 0 -144
 0 -143
 0 -142
 0 -141
 0 -140


