# Created by Octave 3.8.2, Sat Jun 20 13:25:03 2020 CEST <damian@fptrucha.inv.usc.es>
# name: hd
# type: matrix
# rows: 41
# columns: 2
 1 -180
 2 -179
 0 -178
 3 -177
 0 -176
 6 -175
 6 -174
 30 -173
 41 -172
 116 -171
 190 -170
 235 -169
 348 -168
 611 -167
 1335 -166
 2316 -165
 3308 -164
 3703 -163
 3748 -162
 3702 -161
 3839 -160
 3649 -159
 3482 -158
 3190 -157
 2505 -156
 1450 -155
 615 -154
 98 -153
 1 -152
 0 -151
 0 -150
 0 -149
 0 -148
 0 -147
 0 -146
 0 -145
 0 -144
 0 -143
 0 -142
 0 -141
 0 -140


