# Created by Octave 3.8.2, Mon Jun 22 11:32:03 2020 CEST <damian@fptrucha.inv.usc.es>
# name: hd
# type: matrix
# rows: 41
# columns: 2
 2 -180
 4 -179
 4 -178
 3 -177
 0 -176
 6 -175
 5 -174
 16 -173
 57 -172
 138 -171
 179 -170
 248 -169
 340 -168
 628 -167
 1340 -166
 2459 -165
 3206 -164
 3272 -163
 3358 -162
 3475 -161
 3502 -160
 3317 -159
 3093 -158
 2837 -157
 2148 -156
 1250 -155
 406 -154
 59 -153
 2 -152
 0 -151
 0 -150
 0 -149
 0 -148
 0 -147
 0 -146
 0 -145
 0 -144
 0 -143
 0 -142
 0 -141
 0 -140


