# Created by Octave 3.8.2, Sat Jun 20 05:10:21 2020 CEST <damian@fptrucha.inv.usc.es>
# name: hd
# type: matrix
# rows: 41
# columns: 2
 1 -180
 2 -179
 1 -178
 0 -177
 1 -176
 1 -175
 8 -174
 14 -173
 48 -172
 123 -171
 181 -170
 249 -169
 318 -168
 577 -167
 1343 -166
 2368 -165
 3428 -164
 3854 -163
 3895 -162
 3752 -161
 3715 -160
 3703 -159
 3594 -158
 3246 -157
 2594 -156
 1496 -155
 587 -154
 83 -153
 3 -152
 0 -151
 0 -150
 0 -149
 0 -148
 0 -147
 0 -146
 0 -145
 0 -144
 0 -143
 0 -142
 0 -141
 0 -140


