# Created by Octave 3.8.2, Mon Jun 22 21:04:46 2020 CEST <damian@fptrucha.inv.usc.es>
# name: hd
# type: matrix
# rows: 41
# columns: 2
 2 -180
 5 -179
 0 -178
 2 -177
 1 -176
 3 -175
 4 -174
 25 -173
 54 -172
 130 -171
 200 -170
 243 -169
 347 -168
 622 -167
 1354 -166
 2635 -165
 3468 -164
 3562 -163
 3675 -162
 3784 -161
 3667 -160
 3717 -159
 3429 -158
 3058 -157
 2404 -156
 1300 -155
 431 -154
 54 -153
 0 -152
 0 -151
 0 -150
 0 -149
 0 -148
 0 -147
 0 -146
 0 -145
 0 -144
 0 -143
 0 -142
 0 -141
 0 -140


