# Created by Octave 3.8.2, Sat Jun 20 07:19:18 2020 CEST <damian@fptrucha.inv.usc.es>
# name: hd
# type: matrix
# rows: 41
# columns: 2
 0 -180
 0 -179
 1 -178
 0 -177
 1 -176
 3 -175
 9 -174
 15 -173
 43 -172
 125 -171
 182 -170
 226 -169
 374 -168
 616 -167
 1349 -166
 2383 -165
 3403 -164
 3849 -163
 3951 -162
 3846 -161
 3784 -160
 3878 -159
 3662 -158
 3373 -157
 2679 -156
 1638 -155
 665 -154
 80 -153
 0 -152
 1 -151
 0 -150
 0 -149
 0 -148
 0 -147
 0 -146
 0 -145
 0 -144
 0 -143
 0 -142
 0 -141
 0 -140


