# Created by Octave 3.8.2, Sat Jun 20 19:06:41 2020 CEST <damian@fptrucha.inv.usc.es>
# name: hd
# type: matrix
# rows: 41
# columns: 2
 1 -180
 1 -179
 1 -178
 1 -177
 1 -176
 4 -175
 5 -174
 15 -173
 47 -172
 127 -171
 168 -170
 255 -169
 307 -168
 529 -167
 1214 -166
 2212 -165
 3013 -164
 3407 -163
 3468 -162
 3501 -161
 3412 -160
 3372 -159
 3188 -158
 3000 -157
 2282 -156
 1411 -155
 541 -154
 91 -153
 1 -152
 0 -151
 0 -150
 0 -149
 0 -148
 0 -147
 0 -146
 0 -145
 0 -144
 0 -143
 0 -142
 0 -141
 0 -140


