# Created by Octave 3.8.2, Mon Jun 22 11:12:24 2020 CEST <damian@fptrucha.inv.usc.es>
# name: hd
# type: matrix
# rows: 41
# columns: 2
 6 -180
 3 -179
 1 -178
 4 -177
 2 -176
 3 -175
 14 -174
 22 -173
 67 -172
 124 -171
 192 -170
 280 -169
 325 -168
 602 -167
 1395 -166
 2435 -165
 3206 -164
 3287 -163
 3406 -162
 3526 -161
 3396 -160
 3331 -159
 3087 -158
 2787 -157
 2291 -156
 1231 -155
 407 -154
 48 -153
 1 -152
 0 -151
 0 -150
 0 -149
 0 -148
 0 -147
 0 -146
 0 -145
 0 -144
 0 -143
 0 -142
 0 -141
 0 -140


