# Created by Octave 3.8.2, Sat Jun 20 22:35:45 2020 CEST <damian@fptrucha.inv.usc.es>
# name: hd
# type: matrix
# rows: 41
# columns: 2
 0 -180
 3 -179
 0 -178
 1 -177
 0 -176
 0 -175
 2 -174
 12 -173
 27 -172
 66 -171
 98 -170
 156 -169
 185 -168
 333 -167
 759 -166
 1450 -165
 2007 -164
 2277 -163
 2234 -162
 2203 -161
 2210 -160
 2187 -159
 2038 -158
 1933 -157
 1556 -156
 912 -155
 342 -154
 53 -153
 1 -152
 0 -151
 0 -150
 0 -149
 0 -148
 0 -147
 0 -146
 0 -145
 0 -144
 0 -143
 0 -142
 0 -141
 0 -140


