# Created by Octave 3.8.2, Sun Jun 21 07:59:26 2020 CEST <damian@fptrucha.inv.usc.es>
# name: hd
# type: matrix
# rows: 41
# columns: 2
 1 -180
 2 -179
 1 -178
 1 -177
 4 -176
 5 -175
 4 -174
 14 -173
 48 -172
 110 -171
 179 -170
 217 -169
 290 -168
 559 -167
 1234 -166
 2131 -165
 2966 -164
 3377 -163
 3478 -162
 3378 -161
 3276 -160
 3378 -159
 3278 -158
 2979 -157
 2329 -156
 1422 -155
 560 -154
 81 -153
 1 -152
 0 -151
 0 -150
 0 -149
 0 -148
 0 -147
 0 -146
 0 -145
 0 -144
 0 -143
 0 -142
 0 -141
 0 -140


