# Created by Octave 3.8.2, Mon Jun 22 12:56:30 2020 CEST <damian@fptrucha.inv.usc.es>
# name: hd
# type: matrix
# rows: 41
# columns: 2
 3 -180
 5 -179
 3 -178
 1 -177
 2 -176
 2 -175
 7 -174
 20 -173
 58 -172
 131 -171
 198 -170
 279 -169
 320 -168
 634 -167
 1355 -166
 2421 -165
 3169 -164
 3449 -163
 3491 -162
 3524 -161
 3416 -160
 3407 -159
 3224 -158
 2950 -157
 2212 -156
 1233 -155
 444 -154
 44 -153
 3 -152
 0 -151
 0 -150
 0 -149
 0 -148
 0 -147
 0 -146
 0 -145
 0 -144
 0 -143
 0 -142
 0 -141
 0 -140


