# Created by Octave 3.8.2, Mon Jun 22 09:50:51 2020 CEST <damian@fptrucha.inv.usc.es>
# name: hd
# type: matrix
# rows: 41
# columns: 2
 2 -180
 1 -179
 2 -178
 2 -177
 1 -176
 4 -175
 15 -174
 19 -173
 50 -172
 124 -171
 194 -170
 258 -169
 343 -168
 574 -167
 1313 -166
 2255 -165
 3160 -164
 3434 -163
 3350 -162
 3340 -161
 3406 -160
 3370 -159
 3179 -158
 2788 -157
 2224 -156
 1214 -155
 427 -154
 53 -153
 1 -152
 0 -151
 0 -150
 0 -149
 0 -148
 0 -147
 0 -146
 0 -145
 0 -144
 0 -143
 0 -142
 0 -141
 0 -140


