# Created by Octave 3.8.2, Sun Jun 21 01:17:33 2020 CEST <damian@fptrucha.inv.usc.es>
# name: hd
# type: matrix
# rows: 41
# columns: 2
 2 -180
 0 -179
 0 -178
 1 -177
 4 -176
 4 -175
 7 -174
 16 -173
 40 -172
 113 -171
 180 -170
 222 -169
 289 -168
 560 -167
 1207 -166
 2185 -165
 2934 -164
 3342 -163
 3435 -162
 3363 -161
 3270 -160
 3257 -159
 3255 -158
 2997 -157
 2245 -156
 1351 -155
 495 -154
 71 -153
 2 -152
 0 -151
 0 -150
 0 -149
 0 -148
 0 -147
 0 -146
 0 -145
 0 -144
 0 -143
 0 -142
 0 -141
 0 -140


