# Created by Octave 3.8.2, Mon Jun 22 22:36:46 2020 CEST <damian@fptrucha.inv.usc.es>
# name: hd
# type: matrix
# rows: 41
# columns: 2
 2 -180
 2 -179
 0 -178
 1 -177
 1 -176
 2 -175
 8 -174
 17 -173
 48 -172
 129 -171
 187 -170
 249 -169
 328 -168
 601 -167
 1349 -166
 2408 -165
 3335 -164
 3732 -163
 3705 -162
 3642 -161
 3599 -160
 3639 -159
 3483 -158
 3163 -157
 2572 -156
 1487 -155
 586 -154
 83 -153
 0 -152
 0 -151
 0 -150
 0 -149
 0 -148
 0 -147
 0 -146
 0 -145
 0 -144
 0 -143
 0 -142
 0 -141
 0 -140


