# Created by Octave 3.8.2, Sat Jun 20 18:48:29 2020 CEST <damian@fptrucha.inv.usc.es>
# name: hd
# type: matrix
# rows: 41
# columns: 2
 2 -180
 1 -179
 0 -178
 2 -177
 1 -176
 0 -175
 7 -174
 11 -173
 48 -172
 118 -171
 175 -170
 261 -169
 307 -168
 525 -167
 1194 -166
 2109 -165
 3159 -164
 3504 -163
 3456 -162
 3399 -161
 3280 -160
 3464 -159
 3215 -158
 3065 -157
 2263 -156
 1425 -155
 547 -154
 84 -153
 0 -152
 0 -151
 0 -150
 0 -149
 0 -148
 0 -147
 0 -146
 0 -145
 0 -144
 0 -143
 0 -142
 0 -141
 0 -140


