# Created by Octave 3.8.2, Mon Jun 22 09:31:18 2020 CEST <damian@fptrucha.inv.usc.es>
# name: hd
# type: matrix
# rows: 41
# columns: 2
 0 -180
 3 -179
 2 -178
 1 -177
 5 -176
 7 -175
 11 -174
 27 -173
 52 -172
 114 -171
 180 -170
 259 -169
 315 -168
 563 -167
 1332 -166
 2244 -165
 3042 -164
 3323 -163
 3283 -162
 3313 -161
 3348 -160
 3344 -159
 3108 -158
 2778 -157
 2269 -156
 1233 -155
 417 -154
 60 -153
 1 -152
 0 -151
 0 -150
 0 -149
 0 -148
 0 -147
 0 -146
 0 -145
 0 -144
 0 -143
 0 -142
 0 -141
 0 -140


