# Created by Octave 3.8.2, Mon Jun 22 13:26:45 2020 CEST <damian@fptrucha.inv.usc.es>
# name: hd
# type: matrix
# rows: 41
# columns: 2
 0 -180
 3 -179
 1 -178
 2 -177
 6 -176
 7 -175
 14 -174
 24 -173
 72 -172
 126 -171
 199 -170
 280 -169
 313 -168
 647 -167
 1394 -166
 2468 -165
 3244 -164
 3297 -163
 3513 -162
 3556 -161
 3535 -160
 3423 -159
 3113 -158
 2844 -157
 2288 -156
 1273 -155
 463 -154
 48 -153
 1 -152
 0 -151
 0 -150
 0 -149
 0 -148
 0 -147
 0 -146
 0 -145
 0 -144
 0 -143
 0 -142
 0 -141
 0 -140


