# Created by Octave 3.8.2, Mon Jun 22 00:43:03 2020 CEST <damian@fptrucha.inv.usc.es>
# name: hd
# type: matrix
# rows: 41
# columns: 2
 0 -180
 1 -179
 0 -178
 1 -177
 1 -176
 3 -175
 5 -174
 18 -173
 34 -172
 87 -171
 152 -170
 216 -169
 282 -168
 549 -167
 1163 -166
 2143 -165
 3077 -164
 3417 -163
 3507 -162
 3378 -161
 3421 -160
 3372 -159
 3219 -158
 3017 -157
 2342 -156
 1406 -155
 535 -154
 98 -153
 4 -152
 0 -151
 0 -150
 0 -149
 0 -148
 0 -147
 0 -146
 0 -145
 0 -144
 0 -143
 0 -142
 0 -141
 0 -140


