# Created by Octave 3.8.2, Sun Jun 21 01:21:57 2020 CEST <damian@fptrucha.inv.usc.es>
# name: hd
# type: matrix
# rows: 41
# columns: 2
 0 -180
 0 -179
 0 -178
 0 -177
 3 -176
 3 -175
 5 -174
 15 -173
 48 -172
 94 -171
 186 -170
 208 -169
 281 -168
 523 -167
 1207 -166
 2111 -165
 3017 -164
 3435 -163
 3445 -162
 3224 -161
 3341 -160
 3300 -159
 3273 -158
 2885 -157
 2235 -156
 1387 -155
 529 -154
 85 -153
 2 -152
 0 -151
 0 -150
 0 -149
 0 -148
 0 -147
 0 -146
 0 -145
 0 -144
 0 -143
 0 -142
 0 -141
 0 -140


