# Created by Octave 3.8.2, Mon Jun 22 21:40:35 2020 CEST <damian@fptrucha.inv.usc.es>
# name: hd
# type: matrix
# rows: 41
# columns: 2
 1 -180
 1 -179
 0 -178
 0 -177
 0 -176
 3 -175
 6 -174
 11 -173
 26 -172
 86 -171
 113 -170
 157 -169
 244 -168
 405 -167
 872 -166
 1563 -165
 2156 -164
 2498 -163
 2367 -162
 2417 -161
 2440 -160
 2361 -159
 2363 -158
 2121 -157
 1648 -156
 931 -155
 378 -154
 67 -153
 3 -152
 0 -151
 0 -150
 0 -149
 0 -148
 0 -147
 0 -146
 0 -145
 0 -144
 0 -143
 0 -142
 0 -141
 0 -140


