# Created by Octave 3.8.2, Mon Jun 22 13:36:24 2020 CEST <damian@fptrucha.inv.usc.es>
# name: hd
# type: matrix
# rows: 41
# columns: 2
 1 -180
 3 -179
 2 -178
 3 -177
 2 -176
 7 -175
 17 -174
 20 -173
 67 -172
 115 -171
 214 -170
 249 -169
 343 -168
 604 -167
 1393 -166
 2444 -165
 3289 -164
 3416 -163
 3551 -162
 3502 -161
 3455 -160
 3442 -159
 3208 -158
 2850 -157
 2357 -156
 1225 -155
 443 -154
 56 -153
 1 -152
 1 -151
 0 -150
 0 -149
 0 -148
 0 -147
 0 -146
 0 -145
 0 -144
 0 -143
 0 -142
 0 -141
 0 -140


