# Created by Octave 3.8.2, Sun Jun 21 02:09:38 2020 CEST <damian@fptrucha.inv.usc.es>
# name: hd
# type: matrix
# rows: 41
# columns: 2
 1 -180
 0 -179
 0 -178
 1 -177
 2 -176
 2 -175
 7 -174
 11 -173
 39 -172
 107 -171
 160 -170
 186 -169
 253 -168
 539 -167
 1154 -166
 2134 -165
 3010 -164
 3264 -163
 3427 -162
 3331 -161
 3218 -160
 3314 -159
 3194 -158
 2991 -157
 2237 -156
 1398 -155
 522 -154
 86 -153
 1 -152
 0 -151
 0 -150
 0 -149
 0 -148
 0 -147
 0 -146
 0 -145
 0 -144
 0 -143
 0 -142
 0 -141
 0 -140


