# Created by Octave 3.8.2, Sun Jun 21 07:52:37 2020 CEST <damian@fptrucha.inv.usc.es>
# name: hd
# type: matrix
# rows: 41
# columns: 2
 1 -180
 1 -179
 4 -178
 0 -177
 2 -176
 2 -175
 2 -174
 10 -173
 41 -172
 108 -171
 164 -170
 224 -169
 282 -168
 554 -167
 1193 -166
 2024 -165
 3036 -164
 3366 -163
 3567 -162
 3332 -161
 3368 -160
 3406 -159
 3193 -158
 2971 -157
 2333 -156
 1410 -155
 555 -154
 82 -153
 4 -152
 0 -151
 0 -150
 0 -149
 0 -148
 0 -147
 0 -146
 0 -145
 0 -144
 0 -143
 0 -142
 0 -141
 0 -140


