# Created by Octave 3.8.2, Sun Jun 21 02:47:19 2020 CEST <damian@fptrucha.inv.usc.es>
# name: hd
# type: matrix
# rows: 41
# columns: 2
 0 -180
 1 -179
 1 -178
 1 -177
 1 -176
 2 -175
 11 -174
 12 -173
 42 -172
 99 -171
 175 -170
 219 -169
 270 -168
 509 -167
 1136 -166
 2061 -165
 2993 -164
 3320 -163
 3341 -162
 3420 -161
 3266 -160
 3244 -159
 3097 -158
 2940 -157
 2297 -156
 1263 -155
 506 -154
 84 -153
 0 -152
 0 -151
 0 -150
 0 -149
 0 -148
 0 -147
 0 -146
 0 -145
 0 -144
 0 -143
 0 -142
 0 -141
 0 -140


