# Created by Octave 3.8.2, Mon Jun 22 23:30:23 2020 CEST <damian@fptrucha.inv.usc.es>
# name: hd
# type: matrix
# rows: 41
# columns: 2
 0 -180
 1 -179
 1 -178
 4 -177
 0 -176
 5 -175
 17 -174
 23 -173
 58 -172
 101 -171
 178 -170
 272 -169
 328 -168
 650 -167
 1236 -166
 2358 -165
 3320 -164
 3714 -163
 3630 -162
 3771 -161
 3595 -160
 3746 -159
 3455 -158
 3207 -157
 2496 -156
 1489 -155
 584 -154
 81 -153
 0 -152
 0 -151
 0 -150
 0 -149
 0 -148
 0 -147
 0 -146
 0 -145
 0 -144
 0 -143
 0 -142
 0 -141
 0 -140


