# Created by Octave 3.8.2, Sun Jun 21 04:21:47 2020 CEST <damian@fptrucha.inv.usc.es>
# name: hd
# type: matrix
# rows: 41
# columns: 2
 1 -180
 1 -179
 0 -178
 0 -177
 1 -176
 1 -175
 8 -174
 16 -173
 36 -172
 103 -171
 175 -170
 228 -169
 274 -168
 530 -167
 1173 -166
 2072 -165
 3136 -164
 3407 -163
 3447 -162
 3381 -161
 3284 -160
 3345 -159
 3191 -158
 2921 -157
 2226 -156
 1404 -155
 477 -154
 87 -153
 4 -152
 0 -151
 0 -150
 0 -149
 0 -148
 0 -147
 0 -146
 0 -145
 0 -144
 0 -143
 0 -142
 0 -141
 0 -140


