# Created by Octave 3.8.2, Mon Jun 22 10:36:13 2020 CEST <damian@fptrucha.inv.usc.es>
# name: hd
# type: matrix
# rows: 41
# columns: 2
 2 -180
 3 -179
 3 -178
 2 -177
 6 -176
 6 -175
 8 -174
 24 -173
 42 -172
 122 -171
 186 -170
 261 -169
 333 -168
 594 -167
 1328 -166
 2353 -165
 3115 -164
 3496 -163
 3430 -162
 3512 -161
 3483 -160
 3473 -159
 3310 -158
 2751 -157
 2227 -156
 1283 -155
 426 -154
 57 -153
 1 -152
 0 -151
 0 -150
 0 -149
 0 -148
 0 -147
 0 -146
 0 -145
 0 -144
 0 -143
 0 -142
 0 -141
 0 -140


