# Created by Octave 3.8.2, Mon Jun 22 19:05:33 2020 CEST <damian@fptrucha.inv.usc.es>
# name: hd
# type: matrix
# rows: 41
# columns: 2
 3 -180
 1 -179
 2 -178
 1 -177
 3 -176
 8 -175
 11 -174
 13 -173
 42 -172
 128 -171
 240 -170
 262 -169
 368 -168
 666 -167
 1381 -166
 2549 -165
 3351 -164
 3557 -163
 3626 -162
 3703 -161
 3589 -160
 3466 -159
 3310 -158
 3077 -157
 2398 -156
 1427 -155
 484 -154
 63 -153
 2 -152
 0 -151
 0 -150
 0 -149
 0 -148
 0 -147
 0 -146
 0 -145
 0 -144
 0 -143
 0 -142
 0 -141
 0 -140


