# Created by Octave 3.8.2, Sun Jun 21 04:29:44 2020 CEST <damian@fptrucha.inv.usc.es>
# name: hd
# type: matrix
# rows: 41
# columns: 2
 0 -180
 0 -179
 0 -178
 0 -177
 1 -176
 3 -175
 6 -174
 7 -173
 31 -172
 99 -171
 180 -170
 246 -169
 306 -168
 549 -167
 1232 -166
 2139 -165
 2982 -164
 3393 -163
 3428 -162
 3359 -161
 3338 -160
 3388 -159
 3243 -158
 2939 -157
 2342 -156
 1393 -155
 533 -154
 79 -153
 2 -152
 0 -151
 0 -150
 0 -149
 0 -148
 0 -147
 0 -146
 0 -145
 0 -144
 0 -143
 0 -142
 0 -141
 0 -140


