# Created by Octave 3.8.2, Mon Jun 22 15:12:51 2020 CEST <damian@fptrucha.inv.usc.es>
# name: hd
# type: matrix
# rows: 41
# columns: 2
 2 -180
 0 -179
 3 -178
 3 -177
 0 -176
 10 -175
 8 -174
 17 -173
 57 -172
 137 -171
 192 -170
 251 -169
 385 -168
 656 -167
 1470 -166
 2526 -165
 3296 -164
 3536 -163
 3545 -162
 3568 -161
 3664 -160
 3477 -159
 3307 -158
 2930 -157
 2303 -156
 1287 -155
 397 -154
 62 -153
 2 -152
 0 -151
 0 -150
 0 -149
 0 -148
 0 -147
 0 -146
 0 -145
 0 -144
 0 -143
 0 -142
 0 -141
 0 -140


