# Created by Octave 3.8.2, Sat Jun 20 23:50:40 2020 CEST <damian@fptrucha.inv.usc.es>
# name: hd
# type: matrix
# rows: 41
# columns: 2
 0 -180
 0 -179
 2 -178
 1 -177
 0 -176
 2 -175
 7 -174
 13 -173
 41 -172
 106 -171
 163 -170
 219 -169
 309 -168
 544 -167
 1228 -166
 2087 -165
 3058 -164
 3481 -163
 3276 -162
 3350 -161
 3418 -160
 3184 -159
 3171 -158
 2967 -157
 2242 -156
 1335 -155
 560 -154
 94 -153
 2 -152
 0 -151
 0 -150
 0 -149
 0 -148
 0 -147
 0 -146
 0 -145
 0 -144
 0 -143
 0 -142
 0 -141
 0 -140


