# Created by Octave 3.8.2, Mon Jun 22 23:32:46 2020 CEST <damian@fptrucha.inv.usc.es>
# name: hd
# type: matrix
# rows: 41
# columns: 2
 0 -180
 3 -179
 1 -178
 2 -177
 1 -176
 6 -175
 9 -174
 16 -173
 55 -172
 118 -171
 211 -170
 265 -169
 318 -168
 587 -167
 1311 -166
 2352 -165
 3343 -164
 3688 -163
 3667 -162
 3703 -161
 3574 -160
 3668 -159
 3696 -158
 3211 -157
 2448 -156
 1538 -155
 555 -154
 88 -153
 1 -152
 0 -151
 0 -150
 0 -149
 0 -148
 0 -147
 0 -146
 0 -145
 0 -144
 0 -143
 0 -142
 0 -141
 0 -140


