# Created by Octave 3.8.2, Sat Jun 20 02:44:49 2020 CEST <damian@fptrucha.inv.usc.es>
# name: hd
# type: matrix
# rows: 41
# columns: 2
 2 -180
 0 -179
 1 -178
 0 -177
 2 -176
 5 -175
 6 -174
 20 -173
 34 -172
 104 -171
 178 -170
 243 -169
 317 -168
 592 -167
 1294 -166
 2372 -165
 3351 -164
 3678 -163
 3775 -162
 3731 -161
 3668 -160
 3726 -159
 3620 -158
 3399 -157
 2533 -156
 1528 -155
 571 -154
 80 -153
 1 -152
 0 -151
 0 -150
 0 -149
 0 -148
 0 -147
 0 -146
 0 -145
 0 -144
 0 -143
 0 -142
 0 -141
 0 -140


