# Created by Octave 3.8.2, Sat Jun 20 21:26:16 2020 CEST <damian@fptrucha.inv.usc.es>
# name: hd
# type: matrix
# rows: 41
# columns: 2
 0 -180
 3 -179
 0 -178
 1 -177
 0 -176
 1 -175
 4 -174
 12 -173
 36 -172
 100 -171
 157 -170
 249 -169
 277 -168
 558 -167
 1158 -166
 2224 -165
 3056 -164
 3464 -163
 3367 -162
 3417 -161
 3392 -160
 3417 -159
 3262 -158
 2979 -157
 2310 -156
 1306 -155
 511 -154
 70 -153
 2 -152
 0 -151
 0 -150
 0 -149
 0 -148
 0 -147
 0 -146
 0 -145
 0 -144
 0 -143
 0 -142
 0 -141
 0 -140


