# Created by Octave 3.8.2, Sun Jun 21 04:15:29 2020 CEST <damian@fptrucha.inv.usc.es>
# name: hd
# type: matrix
# rows: 41
# columns: 2
 0 -180
 1 -179
 0 -178
 3 -177
 0 -176
 3 -175
 3 -174
 17 -173
 42 -172
 110 -171
 177 -170
 211 -169
 280 -168
 559 -167
 1139 -166
 2114 -165
 3014 -164
 3375 -163
 3517 -162
 3303 -161
 3291 -160
 3294 -159
 3199 -158
 2937 -157
 2265 -156
 1409 -155
 541 -154
 81 -153
 2 -152
 0 -151
 0 -150
 0 -149
 0 -148
 0 -147
 0 -146
 0 -145
 0 -144
 0 -143
 0 -142
 0 -141
 0 -140


