# Created by Octave 3.8.2, Sun Jun 21 05:20:26 2020 CEST <damian@fptrucha.inv.usc.es>
# name: hd
# type: matrix
# rows: 41
# columns: 2
 1 -180
 0 -179
 0 -178
 1 -177
 4 -176
 0 -175
 2 -174
 13 -173
 29 -172
 67 -171
 107 -170
 149 -169
 190 -168
 330 -167
 787 -166
 1417 -165
 2095 -164
 2207 -163
 2163 -162
 2255 -161
 2186 -160
 2221 -159
 2126 -158
 1979 -157
 1512 -156
 870 -155
 331 -154
 45 -153
 0 -152
 0 -151
 0 -150
 0 -149
 0 -148
 0 -147
 0 -146
 0 -145
 0 -144
 0 -143
 0 -142
 0 -141
 0 -140


