# Created by Octave 3.8.2, Sun Jun 21 07:25:26 2020 CEST <damian@fptrucha.inv.usc.es>
# name: hd
# type: matrix
# rows: 41
# columns: 2
 0 -180
 1 -179
 3 -178
 0 -177
 0 -176
 1 -175
 2 -174
 12 -173
 37 -172
 103 -171
 161 -170
 227 -169
 295 -168
 514 -167
 1156 -166
 2086 -165
 3002 -164
 3350 -163
 3348 -162
 3271 -161
 3180 -160
 3342 -159
 3174 -158
 2857 -157
 2248 -156
 1355 -155
 506 -154
 92 -153
 1 -152
 0 -151
 0 -150
 0 -149
 0 -148
 0 -147
 0 -146
 0 -145
 0 -144
 0 -143
 0 -142
 0 -141
 0 -140


