# Created by Octave 3.8.2, Sat Jun 20 08:48:21 2020 CEST <damian@fptrucha.inv.usc.es>
# name: hd
# type: matrix
# rows: 41
# columns: 2
 2 -180
 1 -179
 1 -178
 0 -177
 4 -176
 4 -175
 12 -174
 20 -173
 63 -172
 134 -171
 221 -170
 301 -169
 329 -168
 643 -167
 1405 -166
 2478 -165
 3686 -164
 3976 -163
 3836 -162
 3899 -161
 3851 -160
 3915 -159
 3628 -158
 3350 -157
 2697 -156
 1613 -155
 629 -154
 90 -153
 5 -152
 0 -151
 0 -150
 0 -149
 0 -148
 0 -147
 0 -146
 0 -145
 0 -144
 0 -143
 0 -142
 0 -141
 0 -140


