# Created by Octave 3.8.2, Sat Jun 20 20:27:40 2020 CEST <damian@fptrucha.inv.usc.es>
# name: hd
# type: matrix
# rows: 41
# columns: 2
 1 -180
 4 -179
 0 -178
 3 -177
 1 -176
 1 -175
 6 -174
 13 -173
 39 -172
 110 -171
 176 -170
 243 -169
 296 -168
 585 -167
 1185 -166
 2200 -165
 3074 -164
 3474 -163
 3550 -162
 3520 -161
 3394 -160
 3311 -159
 3239 -158
 2948 -157
 2219 -156
 1363 -155
 543 -154
 99 -153
 4 -152
 0 -151
 0 -150
 0 -149
 0 -148
 0 -147
 0 -146
 0 -145
 0 -144
 0 -143
 0 -142
 0 -141
 0 -140


