# Created by Octave 3.8.2, Sat Jun 20 06:20:48 2020 CEST <damian@fptrucha.inv.usc.es>
# name: hd
# type: matrix
# rows: 41
# columns: 2
 1 -180
 2 -179
 0 -178
 0 -177
 1 -176
 1 -175
 5 -174
 17 -173
 36 -172
 99 -171
 200 -170
 228 -169
 303 -168
 573 -167
 1283 -166
 2378 -165
 3425 -164
 3772 -163
 3927 -162
 3746 -161
 3798 -160
 3699 -159
 3649 -158
 3344 -157
 2679 -156
 1607 -155
 627 -154
 102 -153
 5 -152
 1 -151
 0 -150
 0 -149
 0 -148
 0 -147
 0 -146
 0 -145
 0 -144
 0 -143
 0 -142
 0 -141
 0 -140


