# Created by Octave 3.8.2, Sat Jun 20 09:38:54 2020 CEST <damian@fptrucha.inv.usc.es>
# name: hd
# type: matrix
# rows: 41
# columns: 2
 0 -180
 1 -179
 3 -178
 0 -177
 3 -176
 1 -175
 5 -174
 18 -173
 65 -172
 119 -171
 231 -170
 273 -169
 353 -168
 679 -167
 1455 -166
 2459 -165
 3549 -164
 3937 -163
 3925 -162
 3952 -161
 3898 -160
 3931 -159
 3724 -158
 3389 -157
 2613 -156
 1565 -155
 611 -154
 96 -153
 2 -152
 0 -151
 0 -150
 0 -149
 0 -148
 0 -147
 0 -146
 0 -145
 0 -144
 0 -143
 0 -142
 0 -141
 0 -140


