# Created by Octave 3.8.2, Sat Jun 20 11:44:19 2020 CEST <damian@fptrucha.inv.usc.es>
# name: hd
# type: matrix
# rows: 41
# columns: 2
 0 -180
 0 -179
 1 -178
 1 -177
 3 -176
 2 -175
 6 -174
 18 -173
 42 -172
 124 -171
 198 -170
 255 -169
 341 -168
 639 -167
 1288 -166
 2310 -165
 3462 -164
 3834 -163
 3747 -162
 3790 -161
 3736 -160
 3712 -159
 3814 -158
 3201 -157
 2596 -156
 1465 -155
 567 -154
 81 -153
 1 -152
 0 -151
 0 -150
 0 -149
 0 -148
 0 -147
 0 -146
 0 -145
 0 -144
 0 -143
 0 -142
 0 -141
 0 -140


