# Created by Octave 3.8.2, Sat Jun 20 10:54:02 2020 CEST <damian@fptrucha.inv.usc.es>
# name: hd
# type: matrix
# rows: 41
# columns: 2
 2 -180
 0 -179
 0 -178
 1 -177
 1 -176
 3 -175
 8 -174
 23 -173
 71 -172
 125 -171
 210 -170
 284 -169
 384 -168
 659 -167
 1379 -166
 2390 -165
 3332 -164
 3912 -163
 3826 -162
 3855 -161
 3647 -160
 3683 -159
 3745 -158
 3261 -157
 2555 -156
 1542 -155
 550 -154
 99 -153
 3 -152
 0 -151
 0 -150
 0 -149
 0 -148
 0 -147
 0 -146
 0 -145
 0 -144
 0 -143
 0 -142
 0 -141
 0 -140


