# Created by Octave 3.8.2, Mon Jun 22 13:22:49 2020 CEST <damian@fptrucha.inv.usc.es>
# name: hd
# type: matrix
# rows: 41
# columns: 2
 0 -180
 3 -179
 3 -178
 3 -177
 5 -176
 2 -175
 8 -174
 14 -173
 51 -172
 125 -171
 205 -170
 282 -169
 332 -168
 641 -167
 1414 -166
 2442 -165
 3296 -164
 3413 -163
 3502 -162
 3488 -161
 3501 -160
 3403 -159
 3048 -158
 2862 -157
 2257 -156
 1312 -155
 442 -154
 45 -153
 3 -152
 0 -151
 0 -150
 0 -149
 0 -148
 0 -147
 0 -146
 0 -145
 0 -144
 0 -143
 0 -142
 0 -141
 0 -140


