# Created by Octave 3.8.2, Mon Jun 22 04:43:31 2020 CEST <damian@fptrucha.inv.usc.es>
# name: hd
# type: matrix
# rows: 41
# columns: 2
 2 -180
 5 -179
 2 -178
 1 -177
 3 -176
 2 -175
 8 -174
 25 -173
 49 -172
 99 -171
 193 -170
 185 -169
 289 -168
 554 -167
 1280 -166
 2193 -165
 2879 -164
 2991 -163
 3005 -162
 3040 -161
 3134 -160
 3070 -159
 2872 -158
 2550 -157
 1926 -156
 1102 -155
 380 -154
 36 -153
 1 -152
 0 -151
 0 -150
 0 -149
 0 -148
 0 -147
 0 -146
 0 -145
 0 -144
 0 -143
 0 -142
 0 -141
 0 -140


