# Created by Octave 3.8.2, Mon Jun 22 23:03:55 2020 CEST <damian@fptrucha.inv.usc.es>
# name: hd
# type: matrix
# rows: 41
# columns: 2
 1 -180
 2 -179
 0 -178
 0 -177
 4 -176
 5 -175
 7 -174
 14 -173
 61 -172
 127 -171
 201 -170
 280 -169
 343 -168
 604 -167
 1363 -166
 2362 -165
 3343 -164
 3785 -163
 3778 -162
 3613 -161
 3668 -160
 3585 -159
 3539 -158
 3113 -157
 2523 -156
 1536 -155
 543 -154
 88 -153
 4 -152
 0 -151
 0 -150
 0 -149
 0 -148
 0 -147
 0 -146
 0 -145
 0 -144
 0 -143
 0 -142
 0 -141
 0 -140


