# Created by Octave 3.8.2, Sat Jun 20 17:22:54 2020 CEST <damian@fptrucha.inv.usc.es>
# name: hd
# type: matrix
# rows: 41
# columns: 2
 1 -180
 0 -179
 0 -178
 1 -177
 2 -176
 1 -175
 6 -174
 15 -173
 47 -172
 80 -171
 169 -170
 227 -169
 296 -168
 556 -167
 1217 -166
 2159 -165
 3085 -164
 3460 -163
 3540 -162
 3534 -161
 3499 -160
 3403 -159
 3253 -158
 2994 -157
 2318 -156
 1403 -155
 515 -154
 94 -153
 5 -152
 0 -151
 0 -150
 0 -149
 0 -148
 0 -147
 0 -146
 0 -145
 0 -144
 0 -143
 0 -142
 0 -141
 0 -140


