# Created by Octave 3.8.2, Mon Jun 22 14:42:26 2020 CEST <damian@fptrucha.inv.usc.es>
# name: hd
# type: matrix
# rows: 41
# columns: 2
 1 -180
 1 -179
 1 -178
 4 -177
 2 -176
 6 -175
 14 -174
 16 -173
 60 -172
 124 -171
 196 -170
 261 -169
 322 -168
 651 -167
 1367 -166
 2461 -165
 3428 -164
 3333 -163
 3489 -162
 3655 -161
 3514 -160
 3399 -159
 3271 -158
 2912 -157
 2334 -156
 1266 -155
 409 -154
 40 -153
 2 -152
 0 -151
 0 -150
 0 -149
 0 -148
 0 -147
 0 -146
 0 -145
 0 -144
 0 -143
 0 -142
 0 -141
 0 -140


