# Created by Octave 3.8.2, Mon Jun 22 07:38:12 2020 CEST <damian@fptrucha.inv.usc.es>
# name: hd
# type: matrix
# rows: 41
# columns: 2
 1 -180
 3 -179
 4 -178
 2 -177
 2 -176
 3 -175
 10 -174
 17 -173
 59 -172
 128 -171
 200 -170
 262 -169
 331 -168
 568 -167
 1308 -166
 2384 -165
 3060 -164
 3354 -163
 3242 -162
 3344 -161
 3365 -160
 3364 -159
 3058 -158
 2756 -157
 2154 -156
 1251 -155
 422 -154
 56 -153
 0 -152
 0 -151
 0 -150
 0 -149
 0 -148
 0 -147
 0 -146
 0 -145
 0 -144
 0 -143
 0 -142
 0 -141
 0 -140


