# Created by Octave 3.8.2, Mon Jun 22 02:32:10 2020 CEST <damian@fptrucha.inv.usc.es>
# name: hd
# type: matrix
# rows: 41
# columns: 2
 3 -180
 2 -179
 3 -178
 4 -177
 1 -176
 6 -175
 10 -174
 21 -173
 53 -172
 121 -171
 173 -170
 247 -169
 318 -168
 580 -167
 1215 -166
 2243 -165
 2961 -164
 3264 -163
 3115 -162
 3293 -161
 3274 -160
 3202 -159
 2978 -158
 2549 -157
 2062 -156
 1202 -155
 411 -154
 55 -153
 2 -152
 0 -151
 0 -150
 0 -149
 0 -148
 0 -147
 0 -146
 0 -145
 0 -144
 0 -143
 0 -142
 0 -141
 0 -140


