# Created by Octave 3.8.2, Mon Jun 22 17:26:03 2020 CEST <damian@fptrucha.inv.usc.es>
# name: hd
# type: matrix
# rows: 41
# columns: 2
 1 -180
 1 -179
 1 -178
 1 -177
 4 -176
 6 -175
 8 -174
 21 -173
 59 -172
 131 -171
 234 -170
 261 -169
 334 -168
 665 -167
 1421 -166
 2521 -165
 3357 -164
 3381 -163
 3655 -162
 3596 -161
 3559 -160
 3539 -159
 3250 -158
 2939 -157
 2375 -156
 1292 -155
 464 -154
 51 -153
 1 -152
 0 -151
 0 -150
 0 -149
 0 -148
 0 -147
 0 -146
 0 -145
 0 -144
 0 -143
 0 -142
 0 -141
 0 -140


