# Created by Octave 3.8.2, Mon Jun 22 14:13:12 2020 CEST <damian@fptrucha.inv.usc.es>
# name: hd
# type: matrix
# rows: 41
# columns: 2
 3 -180
 2 -179
 3 -178
 5 -177
 4 -176
 2 -175
 13 -174
 20 -173
 67 -172
 114 -171
 211 -170
 271 -169
 336 -168
 703 -167
 1411 -166
 2531 -165
 3295 -164
 3348 -163
 3405 -162
 3501 -161
 3491 -160
 3365 -159
 3005 -158
 2836 -157
 2278 -156
 1201 -155
 418 -154
 45 -153
 1 -152
 0 -151
 0 -150
 0 -149
 0 -148
 0 -147
 0 -146
 0 -145
 0 -144
 0 -143
 0 -142
 0 -141
 0 -140


