# Created by Octave 3.8.2, Mon Jun 22 13:40:47 2020 CEST <damian@fptrucha.inv.usc.es>
# name: hd
# type: matrix
# rows: 41
# columns: 2
 3 -180
 5 -179
 1 -178
 2 -177
 3 -176
 4 -175
 13 -174
 21 -173
 54 -172
 132 -171
 193 -170
 261 -169
 324 -168
 663 -167
 1370 -166
 2465 -165
 3288 -164
 3360 -163
 3394 -162
 3604 -161
 3497 -160
 3444 -159
 3209 -158
 2871 -157
 2283 -156
 1235 -155
 385 -154
 48 -153
 2 -152
 0 -151
 0 -150
 0 -149
 0 -148
 0 -147
 0 -146
 0 -145
 0 -144
 0 -143
 0 -142
 0 -141
 0 -140


