# Created by Octave 3.8.2, Sun Jun 21 02:31:19 2020 CEST <damian@fptrucha.inv.usc.es>
# name: hd
# type: matrix
# rows: 41
# columns: 2
 0 -180
 1 -179
 0 -178
 0 -177
 3 -176
 4 -175
 4 -174
 9 -173
 41 -172
 110 -171
 164 -170
 212 -169
 290 -168
 560 -167
 1176 -166
 2107 -165
 2956 -164
 3521 -163
 3348 -162
 3471 -161
 3408 -160
 3358 -159
 3226 -158
 3060 -157
 2258 -156
 1369 -155
 523 -154
 88 -153
 2 -152
 0 -151
 0 -150
 0 -149
 0 -148
 0 -147
 0 -146
 0 -145
 0 -144
 0 -143
 0 -142
 0 -141
 0 -140


