# Created by Octave 3.8.2, Mon Jun 22 19:14:44 2020 CEST <damian@fptrucha.inv.usc.es>
# name: hd
# type: matrix
# rows: 41
# columns: 2
 1 -180
 0 -179
 6 -178
 2 -177
 5 -176
 6 -175
 6 -174
 21 -173
 54 -172
 129 -171
 211 -170
 276 -169
 328 -168
 648 -167
 1379 -166
 2575 -165
 3317 -164
 3567 -163
 3540 -162
 3602 -161
 3617 -160
 3656 -159
 3257 -158
 3082 -157
 2440 -156
 1353 -155
 482 -154
 57 -153
 2 -152
 0 -151
 0 -150
 0 -149
 0 -148
 0 -147
 0 -146
 0 -145
 0 -144
 0 -143
 0 -142
 0 -141
 0 -140


