# Created by Octave 3.8.2, Mon Jun 22 04:29:02 2020 CEST <damian@fptrucha.inv.usc.es>
# name: hd
# type: matrix
# rows: 41
# columns: 2
 0 -180
 1 -179
 7 -178
 2 -177
 9 -176
 4 -175
 5 -174
 13 -173
 33 -172
 110 -171
 156 -170
 231 -169
 280 -168
 539 -167
 1243 -166
 2106 -165
 2923 -164
 3015 -163
 3160 -162
 3082 -161
 3125 -160
 3038 -159
 2836 -158
 2658 -157
 2020 -156
 1123 -155
 362 -154
 36 -153
 3 -152
 1 -151
 0 -150
 0 -149
 0 -148
 0 -147
 0 -146
 0 -145
 0 -144
 0 -143
 0 -142
 0 -141
 0 -140


