# Created by Octave 3.8.2, Sat Jun 20 23:54:55 2020 CEST <damian@fptrucha.inv.usc.es>
# name: hd
# type: matrix
# rows: 41
# columns: 2
 0 -180
 1 -179
 0 -178
 0 -177
 3 -176
 1 -175
 6 -174
 13 -173
 37 -172
 98 -171
 179 -170
 240 -169
 279 -168
 590 -167
 1165 -166
 2084 -165
 3106 -164
 3404 -163
 3550 -162
 3308 -161
 3324 -160
 3349 -159
 3109 -158
 2846 -157
 2377 -156
 1354 -155
 533 -154
 85 -153
 5 -152
 0 -151
 0 -150
 0 -149
 0 -148
 0 -147
 0 -146
 0 -145
 0 -144
 0 -143
 0 -142
 0 -141
 0 -140


