# Created by Octave 3.8.2, Mon Jun 22 09:42:16 2020 CEST <damian@fptrucha.inv.usc.es>
# name: hd
# type: matrix
# rows: 41
# columns: 2
 2 -180
 1 -179
 4 -178
 3 -177
 1 -176
 6 -175
 9 -174
 25 -173
 59 -172
 94 -171
 203 -170
 276 -169
 310 -168
 599 -167
 1332 -166
 2308 -165
 3118 -164
 3373 -163
 3320 -162
 3488 -161
 3387 -160
 3391 -159
 3189 -158
 2835 -157
 2221 -156
 1261 -155
 425 -154
 58 -153
 0 -152
 0 -151
 0 -150
 0 -149
 0 -148
 0 -147
 0 -146
 0 -145
 0 -144
 0 -143
 0 -142
 0 -141
 0 -140


