# Created by Octave 3.8.2, Sat Jun 20 03:04:46 2020 CEST <damian@fptrucha.inv.usc.es>
# name: hd
# type: matrix
# rows: 41
# columns: 2
 0 -180
 3 -179
 0 -178
 0 -177
 1 -176
 1 -175
 6 -174
 14 -173
 40 -172
 104 -171
 185 -170
 220 -169
 284 -168
 545 -167
 1233 -166
 2347 -165
 3323 -164
 3794 -163
 3821 -162
 3620 -161
 3727 -160
 3678 -159
 3712 -158
 3412 -157
 2633 -156
 1485 -155
 612 -154
 101 -153
 1 -152
 0 -151
 0 -150
 0 -149
 0 -148
 0 -147
 0 -146
 0 -145
 0 -144
 0 -143
 0 -142
 0 -141
 0 -140


