# Created by Octave 3.8.2, Mon Jun 22 09:54:15 2020 CEST <damian@fptrucha.inv.usc.es>
# name: hd
# type: matrix
# rows: 41
# columns: 2
 3 -180
 5 -179
 4 -178
 4 -177
 2 -176
 3 -175
 6 -174
 22 -173
 51 -172
 135 -171
 192 -170
 264 -169
 310 -168
 594 -167
 1329 -166
 2383 -165
 3197 -164
 3389 -163
 3390 -162
 3476 -161
 3444 -160
 3417 -159
 3281 -158
 2749 -157
 2245 -156
 1221 -155
 454 -154
 56 -153
 1 -152
 0 -151
 0 -150
 0 -149
 0 -148
 0 -147
 0 -146
 0 -145
 0 -144
 0 -143
 0 -142
 0 -141
 0 -140


