# Created by Octave 3.8.2, Mon Jun 22 04:09:32 2020 CEST <damian@fptrucha.inv.usc.es>
# name: hd
# type: matrix
# rows: 41
# columns: 2
 0 -180
 3 -179
 1 -178
 5 -177
 5 -176
 8 -175
 6 -174
 17 -173
 55 -172
 135 -171
 198 -170
 229 -169
 322 -168
 608 -167
 1278 -166
 2169 -165
 2961 -164
 3142 -163
 3122 -162
 3259 -161
 3165 -160
 3081 -159
 2866 -158
 2603 -157
 2047 -156
 1122 -155
 420 -154
 49 -153
 2 -152
 0 -151
 0 -150
 0 -149
 0 -148
 0 -147
 0 -146
 0 -145
 0 -144
 0 -143
 0 -142
 0 -141
 0 -140


