# Created by Octave 3.8.2, Mon Jun 22 14:04:40 2020 CEST <damian@fptrucha.inv.usc.es>
# name: hd
# type: matrix
# rows: 41
# columns: 2
 2 -180
 2 -179
 3 -178
 2 -177
 3 -176
 4 -175
 14 -174
 20 -173
 44 -172
 144 -171
 197 -170
 261 -169
 323 -168
 690 -167
 1403 -166
 2405 -165
 3283 -164
 3381 -163
 3436 -162
 3506 -161
 3501 -160
 3412 -159
 3151 -158
 2925 -157
 2289 -156
 1234 -155
 433 -154
 40 -153
 3 -152
 1 -151
 0 -150
 0 -149
 0 -148
 0 -147
 0 -146
 0 -145
 0 -144
 0 -143
 0 -142
 0 -141
 0 -140


