# Created by Octave 3.8.2, Mon Jun 22 22:45:49 2020 CEST <damian@fptrucha.inv.usc.es>
# name: hd
# type: matrix
# rows: 41
# columns: 2
 3 -180
 1 -179
 3 -178
 2 -177
 6 -176
 3 -175
 5 -174
 23 -173
 50 -172
 112 -171
 196 -170
 252 -169
 362 -168
 627 -167
 1271 -166
 2302 -165
 3393 -164
 3809 -163
 3650 -162
 3640 -161
 3672 -160
 3633 -159
 3529 -158
 3210 -157
 2482 -156
 1488 -155
 529 -154
 87 -153
 0 -152
 0 -151
 0 -150
 0 -149
 0 -148
 0 -147
 0 -146
 0 -145
 0 -144
 0 -143
 0 -142
 0 -141
 0 -140


