# Created by Octave 3.8.2, Mon Jun 22 20:31:47 2020 CEST <damian@fptrucha.inv.usc.es>
# name: hd
# type: matrix
# rows: 41
# columns: 2
 2 -180
 0 -179
 2 -178
 1 -177
 3 -176
 2 -175
 12 -174
 29 -173
 54 -172
 124 -171
 237 -170
 279 -169
 358 -168
 676 -167
 1444 -166
 2558 -165
 3336 -164
 3589 -163
 3707 -162
 3755 -161
 3642 -160
 3546 -159
 3326 -158
 3104 -157
 2460 -156
 1393 -155
 453 -154
 72 -153
 0 -152
 0 -151
 0 -150
 0 -149
 0 -148
 0 -147
 0 -146
 0 -145
 0 -144
 0 -143
 0 -142
 0 -141
 0 -140


