# Created by Octave 3.8.2, Sat Jun 20 19:55:03 2020 CEST <damian@fptrucha.inv.usc.es>
# name: hd
# type: matrix
# rows: 41
# columns: 2
 1 -180
 2 -179
 0 -178
 0 -177
 3 -176
 3 -175
 9 -174
 13 -173
 26 -172
 97 -171
 193 -170
 237 -169
 272 -168
 556 -167
 1134 -166
 2064 -165
 3087 -164
 3369 -163
 3459 -162
 3407 -161
 3440 -160
 3369 -159
 3266 -158
 3083 -157
 2336 -156
 1369 -155
 570 -154
 69 -153
 0 -152
 0 -151
 0 -150
 0 -149
 0 -148
 0 -147
 0 -146
 0 -145
 0 -144
 0 -143
 0 -142
 0 -141
 0 -140


