# Created by Octave 3.8.2, Mon Jun 22 08:40:41 2020 CEST <damian@fptrucha.inv.usc.es>
# name: hd
# type: matrix
# rows: 41
# columns: 2
 3 -180
 8 -179
 2 -178
 1 -177
 4 -176
 10 -175
 13 -174
 22 -173
 65 -172
 114 -171
 183 -170
 244 -169
 317 -168
 595 -167
 1288 -166
 2382 -165
 3099 -164
 3179 -163
 3325 -162
 3283 -161
 3464 -160
 3281 -159
 3124 -158
 2789 -157
 2169 -156
 1198 -155
 422 -154
 40 -153
 4 -152
 0 -151
 0 -150
 0 -149
 0 -148
 0 -147
 0 -146
 0 -145
 0 -144
 0 -143
 0 -142
 0 -141
 0 -140


