# Created by Octave 3.8.2, Mon Jun 22 15:35:41 2020 CEST <damian@fptrucha.inv.usc.es>
# name: hd
# type: matrix
# rows: 41
# columns: 2
 2 -180
 1 -179
 1 -178
 2 -177
 3 -176
 8 -175
 7 -174
 18 -173
 56 -172
 136 -171
 196 -170
 244 -169
 354 -168
 692 -167
 1433 -166
 2478 -165
 3262 -164
 3431 -163
 3421 -162
 3685 -161
 3551 -160
 3450 -159
 3288 -158
 2881 -157
 2277 -156
 1298 -155
 455 -154
 61 -153
 0 -152
 0 -151
 0 -150
 0 -149
 0 -148
 0 -147
 0 -146
 0 -145
 0 -144
 0 -143
 0 -142
 0 -141
 0 -140


