# Created by Octave 3.8.2, Mon Jun 22 02:50:57 2020 CEST <damian@fptrucha.inv.usc.es>
# name: hd
# type: matrix
# rows: 41
# columns: 2
 2 -180
 4 -179
 1 -178
 0 -177
 1 -176
 7 -175
 7 -174
 24 -173
 62 -172
 138 -171
 196 -170
 253 -169
 328 -168
 572 -167
 1280 -166
 2257 -165
 2955 -164
 3118 -163
 3095 -162
 3322 -161
 3264 -160
 3215 -159
 2912 -158
 2719 -157
 2168 -156
 1176 -155
 421 -154
 46 -153
 1 -152
 0 -151
 0 -150
 0 -149
 0 -148
 0 -147
 0 -146
 0 -145
 0 -144
 0 -143
 0 -142
 0 -141
 0 -140


