# Created by Octave 3.8.2, Mon Jun 22 05:40:02 2020 CEST <damian@fptrucha.inv.usc.es>
# name: hd
# type: matrix
# rows: 41
# columns: 2
 2 -180
 1 -179
 2 -178
 1 -177
 2 -176
 8 -175
 10 -174
 19 -173
 48 -172
 123 -171
 167 -170
 234 -169
 296 -168
 527 -167
 1270 -166
 2198 -165
 2953 -164
 3181 -163
 3182 -162
 3272 -161
 3153 -160
 3093 -159
 3060 -158
 2675 -157
 2196 -156
 1198 -155
 403 -154
 44 -153
 0 -152
 0 -151
 0 -150
 0 -149
 0 -148
 0 -147
 0 -146
 0 -145
 0 -144
 0 -143
 0 -142
 0 -141
 0 -140


