# Created by Octave 3.8.2, Sun Jun 21 04:25:06 2020 CEST <damian@fptrucha.inv.usc.es>
# name: hd
# type: matrix
# rows: 41
# columns: 2
 0 -180
 1 -179
 2 -178
 3 -177
 3 -176
 2 -175
 9 -174
 20 -173
 45 -172
 94 -171
 165 -170
 240 -169
 296 -168
 543 -167
 1161 -166
 2064 -165
 2875 -164
 3329 -163
 3403 -162
 3270 -161
 3280 -160
 3286 -159
 3146 -158
 2925 -157
 2230 -156
 1374 -155
 522 -154
 81 -153
 0 -152
 0 -151
 0 -150
 0 -149
 0 -148
 0 -147
 0 -146
 0 -145
 0 -144
 0 -143
 0 -142
 0 -141
 0 -140


