# Created by Octave 3.8.2, Sat Jun 20 06:46:21 2020 CEST <damian@fptrucha.inv.usc.es>
# name: hd
# type: matrix
# rows: 41
# columns: 2
 1 -180
 0 -179
 0 -178
 1 -177
 0 -176
 8 -175
 6 -174
 18 -173
 47 -172
 120 -171
 179 -170
 261 -169
 341 -168
 605 -167
 1314 -166
 2445 -165
 3524 -164
 3936 -163
 3780 -162
 3992 -161
 3828 -160
 3949 -159
 3610 -158
 3298 -157
 2710 -156
 1571 -155
 639 -154
 87 -153
 3 -152
 0 -151
 0 -150
 0 -149
 0 -148
 0 -147
 0 -146
 0 -145
 0 -144
 0 -143
 0 -142
 0 -141
 0 -140


