# Created by Octave 3.8.2, Sat Jun 20 14:40:15 2020 CEST <damian@fptrucha.inv.usc.es>
# name: hd
# type: matrix
# rows: 41
# columns: 2
 2 -180
 0 -179
 0 -178
 1 -177
 0 -176
 1 -175
 8 -174
 17 -173
 37 -172
 120 -171
 182 -170
 228 -169
 311 -168
 600 -167
 1231 -166
 2207 -165
 3221 -164
 3530 -163
 3540 -162
 3623 -161
 3499 -160
 3531 -159
 3312 -158
 3110 -157
 2416 -156
 1429 -155
 552 -154
 86 -153
 4 -152
 0 -151
 0 -150
 0 -149
 0 -148
 0 -147
 0 -146
 0 -145
 0 -144
 0 -143
 0 -142
 0 -141
 0 -140


