# Created by Octave 3.8.2, Sat Jun 20 17:16:14 2020 CEST <damian@fptrucha.inv.usc.es>
# name: hd
# type: matrix
# rows: 41
# columns: 2
 0 -180
 0 -179
 1 -178
 0 -177
 1 -176
 4 -175
 8 -174
 15 -173
 58 -172
 90 -171
 165 -170
 229 -169
 315 -168
 549 -167
 1178 -166
 2244 -165
 3201 -164
 3521 -163
 3616 -162
 3494 -161
 3440 -160
 3344 -159
 3277 -158
 3062 -157
 2311 -156
 1377 -155
 569 -154
 83 -153
 2 -152
 0 -151
 0 -150
 0 -149
 0 -148
 0 -147
 0 -146
 0 -145
 0 -144
 0 -143
 0 -142
 0 -141
 0 -140


