# Created by Octave 3.8.2, Mon Jun 22 22:35:32 2020 CEST <damian@fptrucha.inv.usc.es>
# name: hd
# type: matrix
# rows: 41
# columns: 2
 3 -180
 1 -179
 1 -178
 2 -177
 3 -176
 4 -175
 5 -174
 15 -173
 50 -172
 132 -171
 184 -170
 260 -169
 316 -168
 608 -167
 1329 -166
 2373 -165
 3324 -164
 3771 -163
 3654 -162
 3713 -161
 3742 -160
 3572 -159
 3534 -158
 3208 -157
 2434 -156
 1504 -155
 548 -154
 75 -153
 1 -152
 0 -151
 0 -150
 0 -149
 0 -148
 0 -147
 0 -146
 0 -145
 0 -144
 0 -143
 0 -142
 0 -141
 0 -140


