# Created by Octave 3.8.2, Mon Jun 22 14:22:29 2020 CEST <damian@fptrucha.inv.usc.es>
# name: hd
# type: matrix
# rows: 41
# columns: 2
 0 -180
 5 -179
 2 -178
 1 -177
 6 -176
 4 -175
 13 -174
 22 -173
 45 -172
 123 -171
 202 -170
 247 -169
 329 -168
 649 -167
 1461 -166
 2423 -165
 3275 -164
 3443 -163
 3376 -162
 3590 -161
 3488 -160
 3416 -159
 3156 -158
 2886 -157
 2197 -156
 1210 -155
 420 -154
 35 -153
 0 -152
 0 -151
 0 -150
 0 -149
 0 -148
 0 -147
 0 -146
 0 -145
 0 -144
 0 -143
 0 -142
 0 -141
 0 -140


