# Created by Octave 3.8.2, Sat Jun 20 16:27:56 2020 CEST <damian@fptrucha.inv.usc.es>
# name: hd
# type: matrix
# rows: 41
# columns: 2
 0 -180
 1 -179
 0 -178
 3 -177
 2 -176
 3 -175
 5 -174
 12 -173
 39 -172
 118 -171
 209 -170
 258 -169
 273 -168
 597 -167
 1237 -166
 2192 -165
 3220 -164
 3494 -163
 3644 -162
 3600 -161
 3531 -160
 3526 -159
 3305 -158
 3018 -157
 2371 -156
 1388 -155
 569 -154
 76 -153
 2 -152
 0 -151
 0 -150
 0 -149
 0 -148
 0 -147
 0 -146
 0 -145
 0 -144
 0 -143
 0 -142
 0 -141
 0 -140


