# Created by Octave 3.8.2, Mon Jun 22 14:51:15 2020 CEST <damian@fptrucha.inv.usc.es>
# name: hd
# type: matrix
# rows: 41
# columns: 2
 1 -180
 2 -179
 1 -178
 4 -177
 5 -176
 8 -175
 6 -174
 24 -173
 59 -172
 121 -171
 213 -170
 259 -169
 364 -168
 661 -167
 1450 -166
 2421 -165
 3390 -164
 3523 -163
 3583 -162
 3517 -161
 3471 -160
 3528 -159
 3250 -158
 2896 -157
 2301 -156
 1314 -155
 463 -154
 63 -153
 1 -152
 0 -151
 0 -150
 0 -149
 0 -148
 0 -147
 0 -146
 0 -145
 0 -144
 0 -143
 0 -142
 0 -141
 0 -140


