# Created by Octave 3.8.2, Mon Jun 22 07:43:16 2020 CEST <damian@fptrucha.inv.usc.es>
# name: hd
# type: matrix
# rows: 41
# columns: 2
 4 -180
 4 -179
 2 -178
 3 -177
 2 -176
 6 -175
 7 -174
 26 -173
 52 -172
 120 -171
 205 -170
 250 -169
 329 -168
 562 -167
 1280 -166
 2291 -165
 3090 -164
 3315 -163
 3168 -162
 3267 -161
 3237 -160
 3426 -159
 3116 -158
 2718 -157
 2179 -156
 1244 -155
 420 -154
 46 -153
 1 -152
 0 -151
 0 -150
 0 -149
 0 -148
 0 -147
 0 -146
 0 -145
 0 -144
 0 -143
 0 -142
 0 -141
 0 -140


