# Created by Octave 3.8.2, Sun Jun 21 01:24:05 2020 CEST <damian@fptrucha.inv.usc.es>
# name: hd
# type: matrix
# rows: 41
# columns: 2
 0 -180
 2 -179
 1 -178
 0 -177
 1 -176
 1 -175
 6 -174
 10 -173
 42 -172
 105 -171
 151 -170
 223 -169
 301 -168
 523 -167
 1127 -166
 2086 -165
 2924 -164
 3456 -163
 3406 -162
 3375 -161
 3394 -160
 3257 -159
 3273 -158
 2871 -157
 2269 -156
 1325 -155
 488 -154
 96 -153
 3 -152
 0 -151
 0 -150
 0 -149
 0 -148
 0 -147
 0 -146
 0 -145
 0 -144
 0 -143
 0 -142
 0 -141
 0 -140


