# Created by Octave 3.8.2, Sat Jun 20 19:32:14 2020 CEST <damian@fptrucha.inv.usc.es>
# name: hd
# type: matrix
# rows: 41
# columns: 2
 1 -180
 2 -179
 0 -178
 1 -177
 4 -176
 1 -175
 9 -174
 12 -173
 45 -172
 102 -171
 170 -170
 213 -169
 265 -168
 584 -167
 1133 -166
 2093 -165
 3040 -164
 3295 -163
 3449 -162
 3371 -161
 3279 -160
 3375 -159
 3217 -158
 2978 -157
 2321 -156
 1397 -155
 546 -154
 67 -153
 0 -152
 0 -151
 0 -150
 0 -149
 0 -148
 0 -147
 0 -146
 0 -145
 0 -144
 0 -143
 0 -142
 0 -141
 0 -140


