# Created by Octave 3.8.2, Mon Jun 22 00:45:06 2020 CEST <damian@fptrucha.inv.usc.es>
# name: hd
# type: matrix
# rows: 41
# columns: 2
 0 -180
 1 -179
 0 -178
 0 -177
 1 -176
 2 -175
 2 -174
 12 -173
 33 -172
 94 -171
 157 -170
 236 -169
 271 -168
 552 -167
 1175 -166
 2029 -165
 3069 -164
 3356 -163
 3565 -162
 3395 -161
 3310 -160
 3338 -159
 3323 -158
 3053 -157
 2338 -156
 1371 -155
 565 -154
 73 -153
 1 -152
 0 -151
 0 -150
 0 -149
 0 -148
 0 -147
 0 -146
 0 -145
 0 -144
 0 -143
 0 -142
 0 -141
 0 -140


