# Created by Octave 3.8.2, Mon Jun 22 01:08:16 2020 CEST <damian@fptrucha.inv.usc.es>
# name: hd
# type: matrix
# rows: 41
# columns: 2
 0 -180
 0 -179
 3 -178
 0 -177
 3 -176
 3 -175
 9 -174
 16 -173
 52 -172
 101 -171
 152 -170
 221 -169
 273 -168
 556 -167
 1184 -166
 2184 -165
 3045 -164
 3337 -163
 3514 -162
 3438 -161
 3419 -160
 3310 -159
 3291 -158
 3127 -157
 2378 -156
 1351 -155
 551 -154
 117 -153
 1 -152
 0 -151
 0 -150
 0 -149
 0 -148
 0 -147
 0 -146
 0 -145
 0 -144
 0 -143
 0 -142
 0 -141
 0 -140


