# Created by Octave 3.8.2, Mon Jun 22 12:24:14 2020 CEST <damian@fptrucha.inv.usc.es>
# name: hd
# type: matrix
# rows: 41
# columns: 2
 3 -180
 3 -179
 2 -178
 2 -177
 4 -176
 3 -175
 16 -174
 17 -173
 56 -172
 112 -171
 195 -170
 201 -169
 345 -168
 592 -167
 1262 -166
 2364 -165
 3213 -164
 3404 -163
 3367 -162
 3459 -161
 3451 -160
 3428 -159
 3137 -158
 2900 -157
 2352 -156
 1241 -155
 469 -154
 57 -153
 1 -152
 0 -151
 0 -150
 0 -149
 0 -148
 0 -147
 0 -146
 0 -145
 0 -144
 0 -143
 0 -142
 0 -141
 0 -140


