# Created by Octave 3.8.2, Sun Jun 21 03:55:00 2020 CEST <damian@fptrucha.inv.usc.es>
# name: hd
# type: matrix
# rows: 41
# columns: 2
 0 -180
 1 -179
 1 -178
 0 -177
 1 -176
 4 -175
 4 -174
 12 -173
 47 -172
 122 -171
 163 -170
 241 -169
 296 -168
 545 -167
 1206 -166
 2101 -165
 3048 -164
 3394 -163
 3432 -162
 3347 -161
 3217 -160
 3268 -159
 3158 -158
 2865 -157
 2279 -156
 1302 -155
 531 -154
 78 -153
 1 -152
 0 -151
 0 -150
 0 -149
 0 -148
 0 -147
 0 -146
 0 -145
 0 -144
 0 -143
 0 -142
 0 -141
 0 -140


