# Created by Octave 3.8.2, Sat Jun 20 08:40:54 2020 CEST <damian@fptrucha.inv.usc.es>
# name: hd
# type: matrix
# rows: 41
# columns: 2
 0 -180
 0 -179
 1 -178
 3 -177
 2 -176
 3 -175
 9 -174
 15 -173
 28 -172
 97 -171
 168 -170
 175 -169
 261 -168
 450 -167
 883 -166
 1658 -165
 2348 -164
 2564 -163
 2587 -162
 2624 -161
 2553 -160
 2492 -159
 2391 -158
 2184 -157
 1707 -156
 1184 -155
 361 -154
 56 -153
 4 -152
 0 -151
 1 -150
 0 -149
 0 -148
 0 -147
 0 -146
 0 -145
 0 -144
 0 -143
 0 -142
 0 -141
 0 -140


