# Created by Octave 3.8.2, Mon Jun 22 00:21:00 2020 CEST <damian@fptrucha.inv.usc.es>
# name: hd
# type: matrix
# rows: 41
# columns: 2
 0 -180
 0 -179
 0 -178
 2 -177
 2 -176
 6 -175
 6 -174
 9 -173
 46 -172
 97 -171
 145 -170
 204 -169
 286 -168
 486 -167
 1163 -166
 2069 -165
 3018 -164
 3304 -163
 3450 -162
 3334 -161
 3365 -160
 3313 -159
 3173 -158
 2939 -157
 2345 -156
 1385 -155
 558 -154
 91 -153
 2 -152
 0 -151
 0 -150
 0 -149
 0 -148
 0 -147
 0 -146
 0 -145
 0 -144
 0 -143
 0 -142
 0 -141
 0 -140


