# Created by Octave 3.8.2, Mon Jun 22 12:50:08 2020 CEST <damian@fptrucha.inv.usc.es>
# name: hd
# type: matrix
# rows: 41
# columns: 2
 1 -180
 3 -179
 1 -178
 4 -177
 4 -176
 9 -175
 13 -174
 19 -173
 55 -172
 127 -171
 198 -170
 269 -169
 326 -168
 657 -167
 1352 -166
 2473 -165
 3168 -164
 3464 -163
 3530 -162
 3428 -161
 3547 -160
 3392 -159
 3294 -158
 2784 -157
 2254 -156
 1269 -155
 440 -154
 40 -153
 1 -152
 0 -151
 0 -150
 0 -149
 0 -148
 0 -147
 0 -146
 0 -145
 0 -144
 0 -143
 0 -142
 0 -141
 0 -140


