# Created by Octave 3.8.2, Sat Jun 20 16:37:58 2020 CEST <damian@fptrucha.inv.usc.es>
# name: hd
# type: matrix
# rows: 41
# columns: 2
 0 -180
 1 -179
 1 -178
 1 -177
 2 -176
 3 -175
 4 -174
 14 -173
 37 -172
 94 -171
 165 -170
 259 -169
 346 -168
 560 -167
 1202 -166
 2269 -165
 3138 -164
 3441 -163
 3464 -162
 3412 -161
 3439 -160
 3320 -159
 3283 -158
 3013 -157
 2312 -156
 1386 -155
 492 -154
 78 -153
 1 -152
 0 -151
 0 -150
 0 -149
 0 -148
 0 -147
 0 -146
 0 -145
 0 -144
 0 -143
 0 -142
 0 -141
 0 -140


