# Created by Octave 3.8.2, Sat Jun 20 14:01:49 2020 CEST <damian@fptrucha.inv.usc.es>
# name: hd
# type: matrix
# rows: 41
# columns: 2
 0 -180
 2 -179
 0 -178
 1 -177
 1 -176
 3 -175
 6 -174
 14 -173
 42 -172
 133 -171
 193 -170
 244 -169
 312 -168
 606 -167
 1266 -166
 2294 -165
 3289 -164
 3676 -163
 3693 -162
 3658 -161
 3620 -160
 3674 -159
 3467 -158
 3099 -157
 2458 -156
 1522 -155
 586 -154
 87 -153
 0 -152
 0 -151
 0 -150
 0 -149
 0 -148
 0 -147
 0 -146
 0 -145
 0 -144
 0 -143
 0 -142
 0 -141
 0 -140


