# Created by Octave 3.8.2, Sat Jun 20 02:56:32 2020 CEST <damian@fptrucha.inv.usc.es>
# name: hd
# type: matrix
# rows: 41
# columns: 2
 0 -180
 0 -179
 0 -178
 1 -177
 0 -176
 3 -175
 5 -174
 10 -173
 52 -172
 90 -171
 174 -170
 244 -169
 316 -168
 566 -167
 1198 -166
 2229 -165
 3229 -164
 3769 -163
 3753 -162
 3661 -161
 3675 -160
 3663 -159
 3694 -158
 3287 -157
 2557 -156
 1517 -155
 608 -154
 86 -153
 3 -152
 0 -151
 0 -150
 0 -149
 0 -148
 0 -147
 0 -146
 0 -145
 0 -144
 0 -143
 0 -142
 0 -141
 0 -140


