# Created by Octave 3.8.2, Sun Jun 21 00:08:43 2020 CEST <damian@fptrucha.inv.usc.es>
# name: hd
# type: matrix
# rows: 41
# columns: 2
 0 -180
 0 -179
 0 -178
 1 -177
 3 -176
 1 -175
 6 -174
 8 -173
 41 -172
 98 -171
 180 -170
 217 -169
 265 -168
 541 -167
 1170 -166
 2159 -165
 2992 -164
 3290 -163
 3326 -162
 3365 -161
 3344 -160
 3280 -159
 3180 -158
 3015 -157
 2214 -156
 1412 -155
 530 -154
 81 -153
 0 -152
 0 -151
 0 -150
 0 -149
 0 -148
 0 -147
 0 -146
 0 -145
 0 -144
 0 -143
 0 -142
 0 -141
 0 -140


