# Created by Octave 3.8.2, Mon Jun 22 00:32:10 2020 CEST <damian@fptrucha.inv.usc.es>
# name: hd
# type: matrix
# rows: 41
# columns: 2
 0 -180
 0 -179
 0 -178
 0 -177
 1 -176
 1 -175
 3 -174
 12 -173
 49 -172
 107 -171
 171 -170
 233 -169
 305 -168
 541 -167
 1155 -166
 2121 -165
 3132 -164
 3350 -163
 3610 -162
 3442 -161
 3360 -160
 3399 -159
 3193 -158
 3072 -157
 2394 -156
 1415 -155
 486 -154
 88 -153
 3 -152
 0 -151
 0 -150
 0 -149
 0 -148
 0 -147
 0 -146
 0 -145
 0 -144
 0 -143
 0 -142
 0 -141
 0 -140


