# Created by Octave 3.8.2, Tue Jun 23 00:42:32 2020 CEST <damian@fptrucha.inv.usc.es>
# name: hd
# type: matrix
# rows: 41
# columns: 2
 1 -180
 2 -179
 0 -178
 0 -177
 2 -176
 2 -175
 13 -174
 19 -173
 40 -172
 118 -171
 198 -170
 254 -169
 332 -168
 640 -167
 1355 -166
 2341 -165
 3354 -164
 3797 -163
 3667 -162
 3751 -161
 3618 -160
 3688 -159
 3576 -158
 3112 -157
 2511 -156
 1526 -155
 576 -154
 87 -153
 1 -152
 0 -151
 0 -150
 0 -149
 0 -148
 0 -147
 0 -146
 0 -145
 0 -144
 0 -143
 0 -142
 0 -141
 0 -140


