# Created by Octave 3.8.2, Mon Jun 22 11:57:21 2020 CEST <damian@fptrucha.inv.usc.es>
# name: hd
# type: matrix
# rows: 41
# columns: 2
 5 -180
 3 -179
 2 -178
 1 -177
 3 -176
 2 -175
 5 -174
 17 -173
 65 -172
 109 -171
 225 -170
 270 -169
 338 -168
 572 -167
 1384 -166
 2361 -165
 3153 -164
 3277 -163
 3481 -162
 3430 -161
 3465 -160
 3403 -159
 3075 -158
 2841 -157
 2256 -156
 1202 -155
 442 -154
 49 -153
 1 -152
 0 -151
 0 -150
 0 -149
 0 -148
 0 -147
 0 -146
 0 -145
 0 -144
 0 -143
 0 -142
 0 -141
 0 -140


