# Created by Octave 3.8.2, Mon Jun 22 20:48:44 2020 CEST <damian@fptrucha.inv.usc.es>
# name: hd
# type: matrix
# rows: 41
# columns: 2
 0 -180
 2 -179
 2 -178
 0 -177
 0 -176
 4 -175
 8 -174
 20 -173
 43 -172
 118 -171
 193 -170
 281 -169
 355 -168
 641 -167
 1312 -166
 2459 -165
 3412 -164
 3539 -163
 3614 -162
 3588 -161
 3652 -160
 3708 -159
 3361 -158
 3046 -157
 2404 -156
 1282 -155
 471 -154
 65 -153
 3 -152
 0 -151
 0 -150
 0 -149
 0 -148
 0 -147
 0 -146
 0 -145
 0 -144
 0 -143
 0 -142
 0 -141
 0 -140


