# Created by Octave 3.8.2, Mon Jun 22 16:04:56 2020 CEST <damian@fptrucha.inv.usc.es>
# name: hd
# type: matrix
# rows: 41
# columns: 2
 1 -180
 0 -179
 1 -178
 3 -177
 6 -176
 9 -175
 11 -174
 18 -173
 53 -172
 139 -171
 238 -170
 289 -169
 384 -168
 666 -167
 1385 -166
 2557 -165
 3305 -164
 3416 -163
 3659 -162
 3696 -161
 3658 -160
 3540 -159
 3274 -158
 2885 -157
 2366 -156
 1303 -155
 461 -154
 54 -153
 1 -152
 0 -151
 0 -150
 0 -149
 0 -148
 0 -147
 0 -146
 0 -145
 0 -144
 0 -143
 0 -142
 0 -141
 0 -140


