# Created by Octave 3.8.2, Mon Jun 22 06:25:34 2020 CEST <damian@fptrucha.inv.usc.es>
# name: hd
# type: matrix
# rows: 41
# columns: 2
 5 -180
 3 -179
 4 -178
 4 -177
 4 -176
 6 -175
 11 -174
 17 -173
 50 -172
 133 -171
 181 -170
 229 -169
 322 -168
 611 -167
 1286 -166
 2316 -165
 3036 -164
 3198 -163
 3230 -162
 3284 -161
 3204 -160
 3144 -159
 3029 -158
 2673 -157
 2163 -156
 1124 -155
 390 -154
 53 -153
 2 -152
 0 -151
 0 -150
 0 -149
 0 -148
 0 -147
 0 -146
 0 -145
 0 -144
 0 -143
 0 -142
 0 -141
 0 -140


