# Created by Octave 3.8.2, Tue Jun 23 00:31:48 2020 CEST <damian@fptrucha.inv.usc.es>
# name: hd
# type: matrix
# rows: 41
# columns: 2
 1 -180
 1 -179
 2 -178
 2 -177
 3 -176
 6 -175
 7 -174
 10 -173
 48 -172
 103 -171
 203 -170
 234 -169
 331 -168
 561 -167
 1266 -166
 2311 -165
 3328 -164
 3816 -163
 3633 -162
 3622 -161
 3644 -160
 3611 -159
 3489 -158
 3116 -157
 2574 -156
 1472 -155
 563 -154
 102 -153
 2 -152
 0 -151
 0 -150
 0 -149
 0 -148
 0 -147
 0 -146
 0 -145
 0 -144
 0 -143
 0 -142
 0 -141
 0 -140


