# Created by Octave 3.8.2, Sun Jun 21 00:56:15 2020 CEST <damian@fptrucha.inv.usc.es>
# name: hd
# type: matrix
# rows: 41
# columns: 2
 1 -180
 0 -179
 0 -178
 0 -177
 0 -176
 3 -175
 12 -174
 12 -173
 43 -172
 104 -171
 170 -170
 253 -169
 301 -168
 533 -167
 1138 -166
 2110 -165
 2987 -164
 3460 -163
 3526 -162
 3338 -161
 3359 -160
 3203 -159
 3252 -158
 2892 -157
 2308 -156
 1406 -155
 536 -154
 87 -153
 2 -152
 0 -151
 0 -150
 0 -149
 0 -148
 0 -147
 0 -146
 0 -145
 0 -144
 0 -143
 0 -142
 0 -141
 0 -140


