# Created by Octave 3.8.2, Mon Jun 22 17:46:30 2020 CEST <damian@fptrucha.inv.usc.es>
# name: hd
# type: matrix
# rows: 41
# columns: 2
 4 -180
 1 -179
 3 -178
 0 -177
 3 -176
 7 -175
 10 -174
 21 -173
 49 -172
 154 -171
 225 -170
 279 -169
 340 -168
 628 -167
 1443 -166
 2594 -165
 3359 -164
 3515 -163
 3721 -162
 3598 -161
 3572 -160
 3506 -159
 3271 -158
 2963 -157
 2374 -156
 1281 -155
 444 -154
 57 -153
 3 -152
 0 -151
 0 -150
 0 -149
 0 -148
 0 -147
 0 -146
 0 -145
 0 -144
 0 -143
 0 -142
 0 -141
 0 -140


