# Created by Octave 3.8.2, Mon Jun 22 17:09:27 2020 CEST <damian@fptrucha.inv.usc.es>
# name: hd
# type: matrix
# rows: 41
# columns: 2
 2 -180
 4 -179
 1 -178
 4 -177
 2 -176
 5 -175
 7 -174
 19 -173
 58 -172
 151 -171
 235 -170
 273 -169
 345 -168
 663 -167
 1391 -166
 2514 -165
 3365 -164
 3416 -163
 3566 -162
 3562 -161
 3505 -160
 3495 -159
 3238 -158
 2977 -157
 2358 -156
 1352 -155
 448 -154
 58 -153
 0 -152
 0 -151
 0 -150
 0 -149
 0 -148
 0 -147
 0 -146
 0 -145
 0 -144
 0 -143
 0 -142
 0 -141
 0 -140


