# Created by Octave 3.8.2, Sun Jun 21 01:50:28 2020 CEST <damian@fptrucha.inv.usc.es>
# name: hd
# type: matrix
# rows: 41
# columns: 2
 0 -180
 1 -179
 1 -178
 3 -177
 0 -176
 3 -175
 5 -174
 11 -173
 43 -172
 98 -171
 179 -170
 216 -169
 269 -168
 561 -167
 1215 -166
 2126 -165
 2995 -164
 3258 -163
 3309 -162
 3360 -161
 3356 -160
 3326 -159
 3183 -158
 3028 -157
 2292 -156
 1325 -155
 527 -154
 72 -153
 2 -152
 0 -151
 0 -150
 0 -149
 0 -148
 0 -147
 0 -146
 0 -145
 0 -144
 0 -143
 0 -142
 0 -141
 0 -140


