# Created by Octave 3.8.2, Sat Jun 20 12:48:03 2020 CEST <damian@fptrucha.inv.usc.es>
# name: hd
# type: matrix
# rows: 41
# columns: 2
 0 -180
 0 -179
 0 -178
 1 -177
 1 -176
 2 -175
 9 -174
 14 -173
 43 -172
 128 -171
 206 -170
 286 -169
 351 -168
 609 -167
 1291 -166
 2269 -165
 3365 -164
 3775 -163
 3676 -162
 3728 -161
 3662 -160
 3706 -159
 3685 -158
 3136 -157
 2508 -156
 1561 -155
 549 -154
 88 -153
 1 -152
 0 -151
 0 -150
 0 -149
 0 -148
 0 -147
 0 -146
 0 -145
 0 -144
 0 -143
 0 -142
 0 -141
 0 -140


