# Created by Octave 3.8.2, Sat Jun 20 16:05:20 2020 CEST <damian@fptrucha.inv.usc.es>
# name: hd
# type: matrix
# rows: 41
# columns: 2
 0 -180
 0 -179
 0 -178
 2 -177
 1 -176
 1 -175
 4 -174
 5 -173
 21 -172
 70 -171
 127 -170
 136 -169
 212 -168
 406 -167
 806 -166
 1439 -165
 1985 -164
 2265 -163
 2493 -162
 2249 -161
 2337 -160
 2257 -159
 2275 -158
 2066 -157
 1520 -156
 888 -155
 377 -154
 61 -153
 1 -152
 0 -151
 0 -150
 0 -149
 0 -148
 0 -147
 0 -146
 0 -145
 0 -144
 0 -143
 0 -142
 0 -141
 0 -140


