# Created by Octave 3.8.2, Sat Jun 20 16:25:16 2020 CEST <damian@fptrucha.inv.usc.es>
# name: hd
# type: matrix
# rows: 41
# columns: 2
 1 -180
 0 -179
 1 -178
 2 -177
 1 -176
 7 -175
 6 -174
 20 -173
 55 -172
 117 -171
 171 -170
 242 -169
 315 -168
 560 -167
 1222 -166
 2235 -165
 3197 -164
 3546 -163
 3578 -162
 3503 -161
 3360 -160
 3535 -159
 3324 -158
 3030 -157
 2417 -156
 1386 -155
 531 -154
 78 -153
 1 -152
 0 -151
 0 -150
 0 -149
 0 -148
 0 -147
 0 -146
 0 -145
 0 -144
 0 -143
 0 -142
 0 -141
 0 -140


