# Created by Octave 3.8.2, Sun Jun 21 07:19:45 2020 CEST <damian@fptrucha.inv.usc.es>
# name: hd
# type: matrix
# rows: 41
# columns: 2
 1 -180
 0 -179
 0 -178
 0 -177
 0 -176
 3 -175
 3 -174
 9 -173
 25 -172
 57 -171
 104 -170
 152 -169
 167 -168
 349 -167
 746 -166
 1390 -165
 1960 -164
 2168 -163
 2232 -162
 2204 -161
 2214 -160
 2087 -159
 2112 -158
 1954 -157
 1546 -156
 903 -155
 342 -154
 56 -153
 2 -152
 0 -151
 0 -150
 0 -149
 0 -148
 0 -147
 0 -146
 0 -145
 0 -144
 0 -143
 0 -142
 0 -141
 0 -140


