# Created by Octave 3.8.2, Sun Jun 21 00:47:53 2020 CEST <damian@fptrucha.inv.usc.es>
# name: hd
# type: matrix
# rows: 41
# columns: 2
 0 -180
 0 -179
 3 -178
 3 -177
 2 -176
 1 -175
 10 -174
 15 -173
 43 -172
 103 -171
 157 -170
 234 -169
 276 -168
 542 -167
 1155 -166
 2066 -165
 3047 -164
 3491 -163
 3409 -162
 3302 -161
 3271 -160
 3279 -159
 3235 -158
 2917 -157
 2264 -156
 1354 -155
 548 -154
 83 -153
 3 -152
 0 -151
 0 -150
 0 -149
 0 -148
 0 -147
 0 -146
 0 -145
 0 -144
 0 -143
 0 -142
 0 -141
 0 -140


