# Created by Octave 3.8.2, Sat Jun 20 08:19:13 2020 CEST <damian@fptrucha.inv.usc.es>
# name: hd
# type: matrix
# rows: 41
# columns: 2
 1 -180
 0 -179
 0 -178
 0 -177
 5 -176
 2 -175
 4 -174
 18 -173
 58 -172
 115 -171
 196 -170
 265 -169
 329 -168
 621 -167
 1342 -166
 2468 -165
 3565 -164
 4064 -163
 3909 -162
 3936 -161
 3898 -160
 3864 -159
 3830 -158
 3480 -157
 2764 -156
 1639 -155
 683 -154
 103 -153
 0 -152
 0 -151
 0 -150
 0 -149
 0 -148
 0 -147
 0 -146
 0 -145
 0 -144
 0 -143
 0 -142
 0 -141
 0 -140


