# Created by Octave 3.8.2, Sat Jun 20 05:38:28 2020 CEST <damian@fptrucha.inv.usc.es>
# name: hd
# type: matrix
# rows: 41
# columns: 2
 1 -180
 0 -179
 0 -178
 2 -177
 3 -176
 4 -175
 8 -174
 19 -173
 44 -172
 119 -171
 196 -170
 264 -169
 317 -168
 608 -167
 1298 -166
 2357 -165
 3426 -164
 3855 -163
 3938 -162
 4001 -161
 3760 -160
 3775 -159
 3688 -158
 3353 -157
 2696 -156
 1628 -155
 626 -154
 83 -153
 3 -152
 0 -151
 0 -150
 0 -149
 0 -148
 0 -147
 0 -146
 0 -145
 0 -144
 0 -143
 0 -142
 0 -141
 0 -140


