# Created by Octave 3.8.2, Sat Jun 20 18:30:43 2020 CEST <damian@fptrucha.inv.usc.es>
# name: hd
# type: matrix
# rows: 41
# columns: 2
 0 -180
 2 -179
 2 -178
 2 -177
 0 -176
 0 -175
 4 -174
 9 -173
 44 -172
 120 -171
 178 -170
 235 -169
 309 -168
 536 -167
 1226 -166
 2214 -165
 3220 -164
 3343 -163
 3525 -162
 3352 -161
 3340 -160
 3485 -159
 3156 -158
 2931 -157
 2308 -156
 1359 -155
 587 -154
 76 -153
 2 -152
 0 -151
 0 -150
 0 -149
 0 -148
 0 -147
 0 -146
 0 -145
 0 -144
 0 -143
 0 -142
 0 -141
 0 -140


