# Created by Octave 3.8.2, Sat Jun 20 05:13:10 2020 CEST <damian@fptrucha.inv.usc.es>
# name: hd
# type: matrix
# rows: 41
# columns: 2
 1 -180
 1 -179
 0 -178
 0 -177
 1 -176
 4 -175
 12 -174
 12 -173
 43 -172
 105 -171
 194 -170
 257 -169
 318 -168
 581 -167
 1338 -166
 2333 -165
 3315 -164
 3706 -163
 3800 -162
 3806 -161
 3739 -160
 3804 -159
 3684 -158
 3267 -157
 2509 -156
 1562 -155
 589 -154
 92 -153
 1 -152
 0 -151
 0 -150
 0 -149
 0 -148
 0 -147
 0 -146
 0 -145
 0 -144
 0 -143
 0 -142
 0 -141
 0 -140


