# Created by Octave 3.8.2, Mon Jun 22 18:08:41 2020 CEST <damian@fptrucha.inv.usc.es>
# name: hd
# type: matrix
# rows: 41
# columns: 2
 4 -180
 1 -179
 2 -178
 1 -177
 3 -176
 8 -175
 8 -174
 22 -173
 62 -172
 116 -171
 198 -170
 251 -169
 309 -168
 664 -167
 1362 -166
 2482 -165
 3278 -164
 3518 -163
 3519 -162
 3618 -161
 3579 -160
 3598 -159
 3146 -158
 3019 -157
 2418 -156
 1351 -155
 434 -154
 52 -153
 3 -152
 0 -151
 0 -150
 0 -149
 0 -148
 0 -147
 0 -146
 0 -145
 0 -144
 0 -143
 0 -142
 0 -141
 0 -140


