# Created by Octave 3.8.2, Mon Jun 22 14:44:38 2020 CEST <damian@fptrucha.inv.usc.es>
# name: hd
# type: matrix
# rows: 41
# columns: 2
 3 -180
 4 -179
 4 -178
 2 -177
 0 -176
 4 -175
 7 -174
 18 -173
 46 -172
 136 -171
 175 -170
 235 -169
 311 -168
 625 -167
 1427 -166
 2460 -165
 3178 -164
 3365 -163
 3463 -162
 3483 -161
 3366 -160
 3466 -159
 3144 -158
 2953 -157
 2317 -156
 1242 -155
 420 -154
 50 -153
 4 -152
 0 -151
 0 -150
 0 -149
 0 -148
 0 -147
 0 -146
 0 -145
 0 -144
 0 -143
 0 -142
 0 -141
 0 -140


