# Created by Octave 3.8.2, Mon Jun 22 13:48:56 2020 CEST <damian@fptrucha.inv.usc.es>
# name: hd
# type: matrix
# rows: 41
# columns: 2
 3 -180
 1 -179
 2 -178
 5 -177
 0 -176
 6 -175
 15 -174
 21 -173
 54 -172
 140 -171
 208 -170
 280 -169
 322 -168
 612 -167
 1375 -166
 2563 -165
 3262 -164
 3342 -163
 3522 -162
 3610 -161
 3417 -160
 3424 -159
 3163 -158
 2861 -157
 2304 -156
 1228 -155
 423 -154
 60 -153
 2 -152
 0 -151
 0 -150
 0 -149
 0 -148
 0 -147
 0 -146
 0 -145
 0 -144
 0 -143
 0 -142
 0 -141
 0 -140


