# Created by Octave 3.8.2, Mon Jun 22 05:57:20 2020 CEST <damian@fptrucha.inv.usc.es>
# name: hd
# type: matrix
# rows: 41
# columns: 2
 4 -180
 7 -179
 2 -178
 3 -177
 6 -176
 1 -175
 7 -174
 12 -173
 62 -172
 112 -171
 197 -170
 207 -169
 284 -168
 557 -167
 1316 -166
 2248 -165
 3062 -164
 3217 -163
 3124 -162
 3274 -161
 3326 -160
 3127 -159
 2940 -158
 2834 -157
 2265 -156
 1111 -155
 451 -154
 54 -153
 2 -152
 0 -151
 0 -150
 0 -149
 0 -148
 0 -147
 0 -146
 0 -145
 0 -144
 0 -143
 0 -142
 0 -141
 0 -140


