# Created by Octave 3.8.2, Sat Jun 20 04:54:34 2020 CEST <damian@fptrucha.inv.usc.es>
# name: hd
# type: matrix
# rows: 41
# columns: 2
 1 -180
 0 -179
 0 -178
 1 -177
 4 -176
 1 -175
 5 -174
 16 -173
 47 -172
 122 -171
 199 -170
 246 -169
 328 -168
 594 -167
 1375 -166
 2335 -165
 3304 -164
 3866 -163
 3849 -162
 3852 -161
 3718 -160
 3787 -159
 3601 -158
 3218 -157
 2605 -156
 1505 -155
 535 -154
 79 -153
 3 -152
 0 -151
 0 -150
 0 -149
 0 -148
 0 -147
 0 -146
 0 -145
 0 -144
 0 -143
 0 -142
 0 -141
 0 -140


