# Created by Octave 3.8.2, Sun Jun 21 00:41:23 2020 CEST <damian@fptrucha.inv.usc.es>
# name: hd
# type: matrix
# rows: 41
# columns: 2
 0 -180
 0 -179
 0 -178
 0 -177
 1 -176
 3 -175
 2 -174
 11 -173
 44 -172
 87 -171
 157 -170
 231 -169
 254 -168
 532 -167
 1185 -166
 2071 -165
 2888 -164
 3307 -163
 3420 -162
 3329 -161
 3237 -160
 3327 -159
 3190 -158
 2934 -157
 2271 -156
 1335 -155
 534 -154
 84 -153
 2 -152
 0 -151
 0 -150
 0 -149
 0 -148
 0 -147
 0 -146
 0 -145
 0 -144
 0 -143
 0 -142
 0 -141
 0 -140


