# Created by Octave 3.8.2, Mon Jun 22 11:37:54 2020 CEST <damian@fptrucha.inv.usc.es>
# name: hd
# type: matrix
# rows: 41
# columns: 2
 1 -180
 0 -179
 2 -178
 2 -177
 1 -176
 10 -175
 7 -174
 15 -173
 62 -172
 125 -171
 209 -170
 236 -169
 327 -168
 621 -167
 1386 -166
 2381 -165
 3101 -164
 3243 -163
 3406 -162
 3575 -161
 3468 -160
 3372 -159
 3124 -158
 2895 -157
 2271 -156
 1184 -155
 395 -154
 66 -153
 1 -152
 0 -151
 0 -150
 0 -149
 0 -148
 0 -147
 0 -146
 0 -145
 0 -144
 0 -143
 0 -142
 0 -141
 0 -140


