# Created by Octave 3.8.2, Tue Jun 23 00:03:18 2020 CEST <damian@fptrucha.inv.usc.es>
# name: hd
# type: matrix
# rows: 41
# columns: 2
 3 -180
 0 -179
 0 -178
 1 -177
 1 -176
 0 -175
 4 -174
 17 -173
 42 -172
 93 -171
 198 -170
 240 -169
 313 -168
 547 -167
 1249 -166
 2296 -165
 3314 -164
 3673 -163
 3635 -162
 3659 -161
 3589 -160
 3673 -159
 3519 -158
 3167 -157
 2528 -156
 1550 -155
 578 -154
 99 -153
 1 -152
 0 -151
 0 -150
 0 -149
 0 -148
 0 -147
 0 -146
 0 -145
 0 -144
 0 -143
 0 -142
 0 -141
 0 -140


