# Created by Octave 3.8.2, Mon Jun 22 04:39:49 2020 CEST <damian@fptrucha.inv.usc.es>
# name: hd
# type: matrix
# rows: 41
# columns: 2
 1 -180
 0 -179
 0 -178
 2 -177
 2 -176
 2 -175
 7 -174
 14 -173
 34 -172
 67 -171
 106 -170
 132 -169
 203 -168
 406 -167
 830 -166
 1430 -165
 1950 -164
 2113 -163
 1966 -162
 2098 -161
 2086 -160
 2056 -159
 1938 -158
 1688 -157
 1354 -156
 749 -155
 249 -154
 33 -153
 0 -152
 0 -151
 0 -150
 0 -149
 0 -148
 0 -147
 0 -146
 0 -145
 0 -144
 0 -143
 0 -142
 0 -141
 0 -140


