# Created by Octave 3.8.2, Mon Jun 22 13:23:54 2020 CEST <damian@fptrucha.inv.usc.es>
# name: hd
# type: matrix
# rows: 41
# columns: 2
 1 -180
 1 -179
 4 -178
 2 -177
 4 -176
 4 -175
 11 -174
 20 -173
 46 -172
 134 -171
 179 -170
 247 -169
 349 -168
 616 -167
 1400 -166
 2459 -165
 3308 -164
 3480 -163
 3499 -162
 3448 -161
 3643 -160
 3454 -159
 3159 -158
 2920 -157
 2221 -156
 1205 -155
 443 -154
 59 -153
 0 -152
 0 -151
 0 -150
 0 -149
 0 -148
 0 -147
 0 -146
 0 -145
 0 -144
 0 -143
 0 -142
 0 -141
 0 -140


