# Created by Octave 3.8.2, Sun Jun 21 05:43:24 2020 CEST <damian@fptrucha.inv.usc.es>
# name: hd
# type: matrix
# rows: 41
# columns: 2
 0 -180
 2 -179
 0 -178
 1 -177
 2 -176
 5 -175
 4 -174
 14 -173
 47 -172
 109 -171
 173 -170
 227 -169
 283 -168
 542 -167
 1156 -166
 2072 -165
 3050 -164
 3446 -163
 3288 -162
 3395 -161
 3210 -160
 3373 -159
 3230 -158
 2983 -157
 2254 -156
 1336 -155
 511 -154
 76 -153
 3 -152
 0 -151
 0 -150
 0 -149
 0 -148
 0 -147
 0 -146
 0 -145
 0 -144
 0 -143
 0 -142
 0 -141
 0 -140


