# Created by Octave 3.8.2, Sat Jun 20 09:15:57 2020 CEST <damian@fptrucha.inv.usc.es>
# name: hd
# type: matrix
# rows: 41
# columns: 2
 0 -180
 0 -179
 0 -178
 0 -177
 0 -176
 5 -175
 14 -174
 19 -173
 70 -172
 137 -171
 200 -170
 294 -169
 364 -168
 708 -167
 1356 -166
 2445 -165
 3472 -164
 3940 -163
 3905 -162
 3969 -161
 3971 -160
 3954 -159
 3720 -158
 3326 -157
 2678 -156
 1553 -155
 617 -154
 96 -153
 3 -152
 0 -151
 0 -150
 0 -149
 0 -148
 0 -147
 0 -146
 0 -145
 0 -144
 0 -143
 0 -142
 0 -141
 0 -140


