# Created by Octave 3.8.2, Sat Jun 20 02:52:25 2020 CEST <damian@fptrucha.inv.usc.es>
# name: hd
# type: matrix
# rows: 41
# columns: 2
 0 -180
 0 -179
 1 -178
 1 -177
 3 -176
 2 -175
 7 -174
 7 -173
 41 -172
 107 -171
 177 -170
 240 -169
 304 -168
 583 -167
 1243 -166
 2275 -165
 3143 -164
 3761 -163
 3838 -162
 3732 -161
 3704 -160
 3771 -159
 3491 -158
 3408 -157
 2552 -156
 1515 -155
 575 -154
 95 -153
 2 -152
 0 -151
 0 -150
 0 -149
 0 -148
 0 -147
 0 -146
 0 -145
 0 -144
 0 -143
 0 -142
 0 -141
 0 -140


