# Created by Octave 3.8.2, Mon Jun 22 02:04:04 2020 CEST <damian@fptrucha.inv.usc.es>
# name: hd
# type: matrix
# rows: 41
# columns: 2
 0 -180
 3 -179
 2 -178
 1 -177
 3 -176
 5 -175
 8 -174
 19 -173
 55 -172
 115 -171
 189 -170
 252 -169
 347 -168
 646 -167
 1382 -166
 2370 -165
 3212 -164
 3378 -163
 3326 -162
 3488 -161
 3344 -160
 3303 -159
 3194 -158
 2736 -157
 2189 -156
 1207 -155
 405 -154
 40 -153
 0 -152
 0 -151
 0 -150
 0 -149
 0 -148
 0 -147
 0 -146
 0 -145
 0 -144
 0 -143
 0 -142
 0 -141
 0 -140


