# Created by Octave 3.8.2, Mon Jun 22 19:28:08 2020 CEST <damian@fptrucha.inv.usc.es>
# name: hd
# type: matrix
# rows: 41
# columns: 2
 1 -180
 0 -179
 4 -178
 3 -177
 3 -176
 3 -175
 9 -174
 22 -173
 51 -172
 133 -171
 220 -170
 234 -169
 331 -168
 621 -167
 1348 -166
 2466 -165
 3261 -164
 3533 -163
 3553 -162
 3689 -161
 3635 -160
 3689 -159
 3288 -158
 3002 -157
 2362 -156
 1285 -155
 486 -154
 53 -153
 3 -152
 0 -151
 0 -150
 0 -149
 0 -148
 0 -147
 0 -146
 0 -145
 0 -144
 0 -143
 0 -142
 0 -141
 0 -140


