# Created by Octave 3.8.2, Mon Jun 22 07:56:06 2020 CEST <damian@fptrucha.inv.usc.es>
# name: hd
# type: matrix
# rows: 41
# columns: 2
 2 -180
 7 -179
 4 -178
 2 -177
 3 -176
 8 -175
 8 -174
 23 -173
 48 -172
 123 -171
 183 -170
 230 -169
 340 -168
 633 -167
 1337 -166
 2272 -165
 2926 -164
 3354 -163
 3174 -162
 3298 -161
 3258 -160
 3264 -159
 3100 -158
 2699 -157
 2141 -156
 1197 -155
 418 -154
 49 -153
 0 -152
 0 -151
 0 -150
 0 -149
 0 -148
 0 -147
 0 -146
 0 -145
 0 -144
 0 -143
 0 -142
 0 -141
 0 -140


