# Created by Octave 3.8.2, Mon Jun 22 10:27:49 2020 CEST <damian@fptrucha.inv.usc.es>
# name: hd
# type: matrix
# rows: 41
# columns: 2
 3 -180
 1 -179
 3 -178
 0 -177
 7 -176
 5 -175
 12 -174
 21 -173
 51 -172
 110 -171
 201 -170
 253 -169
 333 -168
 615 -167
 1355 -166
 2395 -165
 3202 -164
 3377 -163
 3359 -162
 3388 -161
 3369 -160
 3319 -159
 3189 -158
 2946 -157
 2222 -156
 1252 -155
 421 -154
 53 -153
 2 -152
 0 -151
 0 -150
 0 -149
 0 -148
 0 -147
 0 -146
 0 -145
 0 -144
 0 -143
 0 -142
 0 -141
 0 -140


