# Created by Octave 3.8.2, Mon Jun 22 07:42:16 2020 CEST <damian@fptrucha.inv.usc.es>
# name: hd
# type: matrix
# rows: 41
# columns: 2
 3 -180
 1 -179
 0 -178
 4 -177
 4 -176
 5 -175
 9 -174
 20 -173
 45 -172
 114 -171
 188 -170
 220 -169
 325 -168
 579 -167
 1249 -166
 2262 -165
 2960 -164
 3340 -163
 3243 -162
 3408 -161
 3354 -160
 3293 -159
 3089 -158
 2728 -157
 2166 -156
 1189 -155
 413 -154
 51 -153
 2 -152
 0 -151
 0 -150
 0 -149
 0 -148
 0 -147
 0 -146
 0 -145
 0 -144
 0 -143
 0 -142
 0 -141
 0 -140


