# Created by Octave 3.8.2, Mon Jun 22 19:43:50 2020 CEST <damian@fptrucha.inv.usc.es>
# name: hd
# type: matrix
# rows: 41
# columns: 2
 0 -180
 0 -179
 0 -178
 3 -177
 4 -176
 7 -175
 4 -174
 15 -173
 65 -172
 151 -171
 215 -170
 269 -169
 327 -168
 656 -167
 1408 -166
 2436 -165
 3204 -164
 3578 -163
 3660 -162
 3645 -161
 3681 -160
 3585 -159
 3326 -158
 3063 -157
 2308 -156
 1339 -155
 453 -154
 53 -153
 1 -152
 0 -151
 0 -150
 0 -149
 0 -148
 0 -147
 0 -146
 0 -145
 0 -144
 0 -143
 0 -142
 0 -141
 0 -140


