# Created by Octave 3.8.2, Sat Jun 20 09:23:20 2020 CEST <damian@fptrucha.inv.usc.es>
# name: hd
# type: matrix
# rows: 41
# columns: 2
 2 -180
 1 -179
 0 -178
 1 -177
 0 -176
 5 -175
 10 -174
 18 -173
 64 -172
 176 -171
 214 -170
 291 -169
 388 -168
 691 -167
 1353 -166
 2456 -165
 3546 -164
 4042 -163
 3968 -162
 3943 -161
 3755 -160
 3760 -159
 3853 -158
 3325 -157
 2560 -156
 1619 -155
 562 -154
 94 -153
 2 -152
 0 -151
 0 -150
 0 -149
 0 -148
 0 -147
 0 -146
 0 -145
 0 -144
 0 -143
 0 -142
 0 -141
 0 -140


