# Created by Octave 3.8.2, Sat Jun 20 21:01:02 2020 CEST <damian@fptrucha.inv.usc.es>
# name: hd
# type: matrix
# rows: 41
# columns: 2
 1 -180
 0 -179
 0 -178
 2 -177
 0 -176
 3 -175
 2 -174
 16 -173
 53 -172
 105 -171
 149 -170
 237 -169
 299 -168
 514 -167
 1162 -166
 2099 -165
 2906 -164
 3412 -163
 3470 -162
 3349 -161
 3294 -160
 3256 -159
 3271 -158
 2999 -157
 2280 -156
 1320 -155
 525 -154
 80 -153
 0 -152
 0 -151
 0 -150
 0 -149
 0 -148
 0 -147
 0 -146
 0 -145
 0 -144
 0 -143
 0 -142
 0 -141
 0 -140


