# Created by Octave 3.8.2, Sat Jun 20 22:11:49 2020 CEST <damian@fptrucha.inv.usc.es>
# name: hd
# type: matrix
# rows: 41
# columns: 2
 1 -180
 1 -179
 2 -178
 2 -177
 2 -176
 1 -175
 4 -174
 23 -173
 46 -172
 105 -171
 156 -170
 225 -169
 316 -168
 565 -167
 1264 -166
 2112 -165
 3088 -164
 3287 -163
 3338 -162
 3466 -161
 3286 -160
 3268 -159
 3186 -158
 2910 -157
 2321 -156
 1385 -155
 502 -154
 77 -153
 1 -152
 1 -151
 0 -150
 0 -149
 0 -148
 0 -147
 0 -146
 0 -145
 0 -144
 0 -143
 0 -142
 0 -141
 0 -140


