# Created by Octave 3.8.2, Sat Jun 20 14:11:01 2020 CEST <damian@fptrucha.inv.usc.es>
# name: hd
# type: matrix
# rows: 41
# columns: 2
 1 -180
 0 -179
 0 -178
 1 -177
 0 -176
 0 -175
 4 -174
 16 -173
 47 -172
 116 -171
 200 -170
 274 -169
 323 -168
 616 -167
 1294 -166
 2239 -165
 3189 -164
 3633 -163
 3635 -162
 3622 -161
 3558 -160
 3540 -159
 3559 -158
 3106 -157
 2430 -156
 1459 -155
 572 -154
 89 -153
 4 -152
 0 -151
 0 -150
 0 -149
 0 -148
 0 -147
 0 -146
 0 -145
 0 -144
 0 -143
 0 -142
 0 -141
 0 -140


