# Created by Octave 3.8.2, Mon Jun 22 17:58:30 2020 CEST <damian@fptrucha.inv.usc.es>
# name: hd
# type: matrix
# rows: 41
# columns: 2
 2 -180
 0 -179
 2 -178
 2 -177
 2 -176
 9 -175
 11 -174
 15 -173
 57 -172
 134 -171
 208 -170
 267 -169
 331 -168
 620 -167
 1481 -166
 2550 -165
 3347 -164
 3468 -163
 3544 -162
 3760 -161
 3660 -160
 3652 -159
 3265 -158
 2928 -157
 2357 -156
 1239 -155
 513 -154
 55 -153
 3 -152
 0 -151
 0 -150
 0 -149
 0 -148
 0 -147
 0 -146
 0 -145
 0 -144
 0 -143
 0 -142
 0 -141
 0 -140


