# Created by Octave 3.8.2, Mon Jun 22 07:55:06 2020 CEST <damian@fptrucha.inv.usc.es>
# name: hd
# type: matrix
# rows: 41
# columns: 2
 1 -180
 3 -179
 3 -178
 2 -177
 4 -176
 5 -175
 11 -174
 13 -173
 50 -172
 98 -171
 181 -170
 223 -169
 303 -168
 572 -167
 1308 -166
 2233 -165
 3013 -164
 3307 -163
 3392 -162
 3390 -161
 3445 -160
 3293 -159
 2995 -158
 2815 -157
 2153 -156
 1248 -155
 440 -154
 44 -153
 6 -152
 0 -151
 0 -150
 0 -149
 0 -148
 0 -147
 0 -146
 0 -145
 0 -144
 0 -143
 0 -142
 0 -141
 0 -140


