# Created by Octave 3.8.2, Mon Jun 22 23:31:36 2020 CEST <damian@fptrucha.inv.usc.es>
# name: hd
# type: matrix
# rows: 41
# columns: 2
 0 -180
 3 -179
 0 -178
 4 -177
 3 -176
 9 -175
 12 -174
 24 -173
 53 -172
 125 -171
 192 -170
 259 -169
 297 -168
 617 -167
 1297 -166
 2378 -165
 3334 -164
 3713 -163
 3588 -162
 3662 -161
 3626 -160
 3702 -159
 3633 -158
 3179 -157
 2455 -156
 1446 -155
 559 -154
 77 -153
 5 -152
 0 -151
 0 -150
 1 -149
 0 -148
 0 -147
 0 -146
 0 -145
 0 -144
 0 -143
 0 -142
 0 -141
 0 -140


