# Created by Octave 3.8.2, Sat Jun 20 20:36:51 2020 CEST <damian@fptrucha.inv.usc.es>
# name: hd
# type: matrix
# rows: 41
# columns: 2
 1 -180
 1 -179
 0 -178
 0 -177
 0 -176
 5 -175
 7 -174
 15 -173
 40 -172
 113 -171
 181 -170
 259 -169
 328 -168
 551 -167
 1214 -166
 2191 -165
 3048 -164
 3494 -163
 3538 -162
 3445 -161
 3360 -160
 3383 -159
 3307 -158
 2975 -157
 2223 -156
 1432 -155
 546 -154
 99 -153
 1 -152
 0 -151
 0 -150
 0 -149
 0 -148
 0 -147
 0 -146
 0 -145
 0 -144
 0 -143
 0 -142
 0 -141
 0 -140


