# Created by Octave 3.8.2, Sun Jun 21 02:34:38 2020 CEST <damian@fptrucha.inv.usc.es>
# name: hd
# type: matrix
# rows: 41
# columns: 2
 0 -180
 2 -179
 0 -178
 1 -177
 2 -176
 3 -175
 5 -174
 19 -173
 27 -172
 116 -171
 179 -170
 210 -169
 258 -168
 542 -167
 1104 -166
 2134 -165
 3022 -164
 3463 -163
 3466 -162
 3339 -161
 3367 -160
 3378 -159
 3220 -158
 2867 -157
 2349 -156
 1382 -155
 541 -154
 86 -153
 5 -152
 0 -151
 0 -150
 0 -149
 0 -148
 0 -147
 0 -146
 0 -145
 0 -144
 0 -143
 0 -142
 0 -141
 0 -140


