# Created by Octave 3.8.2, Mon Jun 22 13:47:54 2020 CEST <damian@fptrucha.inv.usc.es>
# name: hd
# type: matrix
# rows: 41
# columns: 2
 4 -180
 2 -179
 2 -178
 5 -177
 2 -176
 6 -175
 15 -174
 18 -173
 57 -172
 131 -171
 226 -170
 271 -169
 324 -168
 640 -167
 1440 -166
 2446 -165
 3316 -164
 3475 -163
 3496 -162
 3471 -161
 3532 -160
 3401 -159
 3135 -158
 2978 -157
 2312 -156
 1230 -155
 423 -154
 46 -153
 0 -152
 0 -151
 0 -150
 0 -149
 0 -148
 0 -147
 0 -146
 0 -145
 0 -144
 0 -143
 0 -142
 0 -141
 0 -140


