# Created by Octave 3.8.2, Sat Jun 20 21:17:12 2020 CEST <damian@fptrucha.inv.usc.es>
# name: hd
# type: matrix
# rows: 41
# columns: 2
 2 -180
 1 -179
 1 -178
 1 -177
 1 -176
 2 -175
 5 -174
 15 -173
 43 -172
 101 -171
 174 -170
 245 -169
 314 -168
 546 -167
 1216 -166
 2089 -165
 3058 -164
 3467 -163
 3415 -162
 3432 -161
 3287 -160
 3387 -159
 3212 -158
 2969 -157
 2273 -156
 1313 -155
 500 -154
 91 -153
 2 -152
 0 -151
 0 -150
 0 -149
 0 -148
 0 -147
 0 -146
 0 -145
 0 -144
 0 -143
 0 -142
 0 -141
 0 -140


