# Created by Octave 3.8.2, Sat Jun 20 19:48:30 2020 CEST <damian@fptrucha.inv.usc.es>
# name: hd
# type: matrix
# rows: 41
# columns: 2
 0 -180
 0 -179
 0 -178
 0 -177
 0 -176
 2 -175
 9 -174
 10 -173
 44 -172
 115 -171
 182 -170
 241 -169
 286 -168
 564 -167
 1221 -166
 2163 -165
 3117 -164
 3356 -163
 3512 -162
 3398 -161
 3430 -160
 3305 -159
 3228 -158
 2947 -157
 2325 -156
 1385 -155
 503 -154
 84 -153
 2 -152
 0 -151
 0 -150
 0 -149
 0 -148
 0 -147
 0 -146
 0 -145
 0 -144
 0 -143
 0 -142
 0 -141
 0 -140


