# Created by Octave 3.8.2, Mon Jun 22 04:16:12 2020 CEST <damian@fptrucha.inv.usc.es>
# name: hd
# type: matrix
# rows: 41
# columns: 2
 1 -180
 4 -179
 2 -178
 3 -177
 4 -176
 7 -175
 11 -174
 31 -173
 49 -172
 92 -171
 176 -170
 233 -169
 273 -168
 571 -167
 1296 -166
 2270 -165
 2907 -164
 3059 -163
 3158 -162
 3209 -161
 3254 -160
 3038 -159
 2887 -158
 2577 -157
 2024 -156
 1140 -155
 370 -154
 33 -153
 0 -152
 0 -151
 0 -150
 0 -149
 0 -148
 0 -147
 0 -146
 0 -145
 0 -144
 0 -143
 0 -142
 0 -141
 0 -140


