# Created by Octave 3.8.2, Sat Jun 20 18:19:28 2020 CEST <damian@fptrucha.inv.usc.es>
# name: hd
# type: matrix
# rows: 41
# columns: 2
 0 -180
 1 -179
 1 -178
 1 -177
 4 -176
 0 -175
 4 -174
 16 -173
 36 -172
 98 -171
 205 -170
 241 -169
 304 -168
 587 -167
 1220 -166
 2101 -165
 3138 -164
 3434 -163
 3573 -162
 3417 -161
 3413 -160
 3396 -159
 3287 -158
 3069 -157
 2341 -156
 1404 -155
 530 -154
 83 -153
 5 -152
 0 -151
 0 -150
 0 -149
 0 -148
 0 -147
 0 -146
 0 -145
 0 -144
 0 -143
 0 -142
 0 -141
 0 -140


