# Created by Octave 3.8.2, Sat Jun 20 18:34:36 2020 CEST <damian@fptrucha.inv.usc.es>
# name: hd
# type: matrix
# rows: 41
# columns: 2
 0 -180
 1 -179
 2 -178
 0 -177
 0 -176
 3 -175
 6 -174
 13 -173
 36 -172
 99 -171
 180 -170
 222 -169
 296 -168
 568 -167
 1158 -166
 2101 -165
 3027 -164
 3492 -163
 3472 -162
 3480 -161
 3414 -160
 3415 -159
 3208 -158
 2906 -157
 2301 -156
 1292 -155
 536 -154
 88 -153
 3 -152
 0 -151
 0 -150
 0 -149
 0 -148
 0 -147
 0 -146
 0 -145
 0 -144
 0 -143
 0 -142
 0 -141
 0 -140


