# Created by Octave 3.8.2, Sun Jun 21 07:05:10 2020 CEST <damian@fptrucha.inv.usc.es>
# name: hd
# type: matrix
# rows: 41
# columns: 2
 1 -180
 0 -179
 0 -178
 1 -177
 1 -176
 3 -175
 5 -174
 11 -173
 41 -172
 101 -171
 168 -170
 247 -169
 279 -168
 549 -167
 1156 -166
 2154 -165
 2958 -164
 3333 -163
 3528 -162
 3512 -161
 3371 -160
 3405 -159
 3235 -158
 3073 -157
 2339 -156
 1434 -155
 561 -154
 92 -153
 3 -152
 1 -151
 0 -150
 0 -149
 0 -148
 0 -147
 0 -146
 0 -145
 0 -144
 0 -143
 0 -142
 0 -141
 0 -140


