# Created by Octave 3.8.2, Sat Jun 20 06:02:28 2020 CEST <damian@fptrucha.inv.usc.es>
# name: hd
# type: matrix
# rows: 41
# columns: 2
 0 -180
 0 -179
 1 -178
 1 -177
 1 -176
 2 -175
 6 -174
 11 -173
 41 -172
 120 -171
 205 -170
 277 -169
 313 -168
 616 -167
 1312 -166
 2433 -165
 3550 -164
 3935 -163
 3954 -162
 3809 -161
 3850 -160
 3737 -159
 3602 -158
 3310 -157
 2682 -156
 1556 -155
 585 -154
 106 -153
 2 -152
 0 -151
 0 -150
 0 -149
 0 -148
 0 -147
 0 -146
 0 -145
 0 -144
 0 -143
 0 -142
 0 -141
 0 -140


