# Created by Octave 3.8.2, Sun Jun 21 07:41:03 2020 CEST <damian@fptrucha.inv.usc.es>
# name: hd
# type: matrix
# rows: 41
# columns: 2
 1 -180
 0 -179
 0 -178
 0 -177
 2 -176
 4 -175
 2 -174
 11 -173
 34 -172
 87 -171
 178 -170
 241 -169
 276 -168
 551 -167
 1186 -166
 2133 -165
 3042 -164
 3368 -163
 3604 -162
 3494 -161
 3348 -160
 3456 -159
 3301 -158
 3121 -157
 2287 -156
 1416 -155
 588 -154
 83 -153
 1 -152
 0 -151
 0 -150
 0 -149
 0 -148
 0 -147
 0 -146
 0 -145
 0 -144
 0 -143
 0 -142
 0 -141
 0 -140


