# Created by Octave 3.8.2, Sat Jun 20 19:35:32 2020 CEST <damian@fptrucha.inv.usc.es>
# name: hd
# type: matrix
# rows: 41
# columns: 2
 0 -180
 0 -179
 0 -178
 3 -177
 3 -176
 1 -175
 6 -174
 13 -173
 38 -172
 120 -171
 192 -170
 255 -169
 314 -168
 579 -167
 1169 -166
 2229 -165
 3072 -164
 3482 -163
 3496 -162
 3491 -161
 3311 -160
 3392 -159
 3290 -158
 3002 -157
 2370 -156
 1322 -155
 492 -154
 84 -153
 1 -152
 0 -151
 0 -150
 0 -149
 0 -148
 0 -147
 0 -146
 0 -145
 0 -144
 0 -143
 0 -142
 0 -141
 0 -140


