# Created by Octave 3.8.2, Mon Jun 22 08:34:34 2020 CEST <damian@fptrucha.inv.usc.es>
# name: hd
# type: matrix
# rows: 41
# columns: 2
 4 -180
 2 -179
 1 -178
 6 -177
 3 -176
 8 -175
 13 -174
 24 -173
 65 -172
 100 -171
 180 -170
 238 -169
 335 -168
 596 -167
 1316 -166
 2288 -165
 3073 -164
 3326 -163
 3252 -162
 3277 -161
 3304 -160
 3320 -159
 3095 -158
 2744 -157
 2198 -156
 1237 -155
 394 -154
 51 -153
 0 -152
 0 -151
 0 -150
 0 -149
 0 -148
 0 -147
 0 -146
 0 -145
 0 -144
 0 -143
 0 -142
 0 -141
 0 -140


