# Created by Octave 3.8.2, Mon Jun 22 18:26:21 2020 CEST <damian@fptrucha.inv.usc.es>
# name: hd
# type: matrix
# rows: 41
# columns: 2
 0 -180
 2 -179
 2 -178
 3 -177
 4 -176
 2 -175
 10 -174
 25 -173
 50 -172
 130 -171
 209 -170
 265 -169
 314 -168
 598 -167
 1346 -166
 2493 -165
 3356 -164
 3477 -163
 3564 -162
 3672 -161
 3622 -160
 3525 -159
 3143 -158
 2976 -157
 2447 -156
 1367 -155
 465 -154
 51 -153
 1 -152
 0 -151
 0 -150
 0 -149
 0 -148
 0 -147
 0 -146
 0 -145
 0 -144
 0 -143
 0 -142
 0 -141
 0 -140


