# Created by Octave 3.8.2, Sat Jun 20 07:16:18 2020 CEST <damian@fptrucha.inv.usc.es>
# name: hd
# type: matrix
# rows: 41
# columns: 2
 0 -180
 0 -179
 2 -178
 0 -177
 3 -176
 3 -175
 7 -174
 13 -173
 42 -172
 114 -171
 223 -170
 252 -169
 342 -168
 600 -167
 1351 -166
 2409 -165
 3510 -164
 3837 -163
 3822 -162
 3875 -161
 3776 -160
 3840 -159
 3806 -158
 3410 -157
 2606 -156
 1596 -155
 617 -154
 91 -153
 0 -152
 0 -151
 0 -150
 0 -149
 0 -148
 0 -147
 0 -146
 0 -145
 0 -144
 0 -143
 0 -142
 0 -141
 0 -140


