# Created by Octave 3.8.2, Mon Jun 22 14:37:28 2020 CEST <damian@fptrucha.inv.usc.es>
# name: hd
# type: matrix
# rows: 41
# columns: 2
 4 -180
 4 -179
 1 -178
 0 -177
 4 -176
 4 -175
 5 -174
 23 -173
 48 -172
 115 -171
 161 -170
 243 -169
 324 -168
 570 -167
 1384 -166
 2513 -165
 3176 -164
 3386 -163
 3433 -162
 3501 -161
 3342 -160
 3397 -159
 3194 -158
 2843 -157
 2253 -156
 1222 -155
 466 -154
 55 -153
 1 -152
 0 -151
 0 -150
 0 -149
 0 -148
 0 -147
 0 -146
 0 -145
 0 -144
 0 -143
 0 -142
 0 -141
 0 -140


