# Created by Octave 3.8.2, Mon Jun 22 09:03:00 2020 CEST <damian@fptrucha.inv.usc.es>
# name: hd
# type: matrix
# rows: 41
# columns: 2
 0 -180
 3 -179
 3 -178
 3 -177
 5 -176
 6 -175
 8 -174
 16 -173
 47 -172
 109 -171
 179 -170
 258 -169
 347 -168
 558 -167
 1307 -166
 2384 -165
 3028 -164
 3280 -163
 3253 -162
 3380 -161
 3334 -160
 3282 -159
 3114 -158
 2900 -157
 2275 -156
 1192 -155
 405 -154
 63 -153
 0 -152
 0 -151
 0 -150
 0 -149
 0 -148
 0 -147
 0 -146
 0 -145
 0 -144
 0 -143
 0 -142
 0 -141
 0 -140


