# Created by Octave 3.8.2, Sun Jun 21 04:55:11 2020 CEST <damian@fptrucha.inv.usc.es>
# name: hd
# type: matrix
# rows: 41
# columns: 2
 1 -180
 1 -179
 1 -178
 0 -177
 2 -176
 3 -175
 1 -174
 12 -173
 40 -172
 92 -171
 163 -170
 201 -169
 288 -168
 563 -167
 1251 -166
 2099 -165
 3021 -164
 3439 -163
 3502 -162
 3450 -161
 3298 -160
 3405 -159
 3274 -158
 2950 -157
 2338 -156
 1373 -155
 555 -154
 77 -153
 2 -152
 0 -151
 0 -150
 0 -149
 0 -148
 0 -147
 0 -146
 0 -145
 0 -144
 0 -143
 0 -142
 0 -141
 0 -140


