# Created by Octave 3.8.2, Sat Jun 20 04:58:52 2020 CEST <damian@fptrucha.inv.usc.es>
# name: hd
# type: matrix
# rows: 41
# columns: 2
 1 -180
 4 -179
 0 -178
 0 -177
 0 -176
 1 -175
 9 -174
 11 -173
 40 -172
 119 -171
 202 -170
 242 -169
 324 -168
 576 -167
 1317 -166
 2366 -165
 3374 -164
 3929 -163
 3794 -162
 3843 -161
 3699 -160
 3781 -159
 3620 -158
 3203 -157
 2572 -156
 1540 -155
 632 -154
 93 -153
 0 -152
 0 -151
 0 -150
 0 -149
 0 -148
 0 -147
 0 -146
 0 -145
 0 -144
 0 -143
 0 -142
 0 -141
 0 -140


