# Created by Octave 3.8.2, Mon Jun 22 09:38:29 2020 CEST <damian@fptrucha.inv.usc.es>
# name: hd
# type: matrix
# rows: 41
# columns: 2
 3 -180
 3 -179
 1 -178
 1 -177
 2 -176
 7 -175
 13 -174
 25 -173
 51 -172
 119 -171
 182 -170
 231 -169
 289 -168
 603 -167
 1213 -166
 2280 -165
 3136 -164
 3362 -163
 3340 -162
 3488 -161
 3373 -160
 3289 -159
 3168 -158
 2818 -157
 2215 -156
 1222 -155
 424 -154
 57 -153
 4 -152
 0 -151
 0 -150
 0 -149
 0 -148
 0 -147
 0 -146
 0 -145
 0 -144
 0 -143
 0 -142
 0 -141
 0 -140


