# Created by Octave 3.8.2, Sat Jun 20 09:44:45 2020 CEST <damian@fptrucha.inv.usc.es>
# name: hd
# type: matrix
# rows: 41
# columns: 2
 1 -180
 0 -179
 1 -178
 3 -177
 1 -176
 3 -175
 5 -174
 16 -173
 57 -172
 126 -171
 223 -170
 292 -169
 365 -168
 649 -167
 1462 -166
 2413 -165
 3451 -164
 3916 -163
 3929 -162
 3811 -161
 3743 -160
 3752 -159
 3660 -158
 3356 -157
 2623 -156
 1549 -155
 597 -154
 85 -153
 2 -152
 0 -151
 0 -150
 0 -149
 0 -148
 0 -147
 0 -146
 0 -145
 0 -144
 0 -143
 0 -142
 0 -141
 0 -140


