# Created by Octave 3.8.2, Mon Jun 22 14:41:23 2020 CEST <damian@fptrucha.inv.usc.es>
# name: hd
# type: matrix
# rows: 41
# columns: 2
 1 -180
 2 -179
 1 -178
 0 -177
 1 -176
 5 -175
 11 -174
 20 -173
 52 -172
 117 -171
 185 -170
 261 -169
 335 -168
 652 -167
 1348 -166
 2387 -165
 3217 -164
 3271 -163
 3571 -162
 3536 -161
 3518 -160
 3446 -159
 3139 -158
 2907 -157
 2332 -156
 1267 -155
 445 -154
 47 -153
 0 -152
 0 -151
 0 -150
 0 -149
 0 -148
 0 -147
 0 -146
 0 -145
 0 -144
 0 -143
 0 -142
 0 -141
 0 -140


