# Created by Octave 3.8.2, Mon Jun 22 21:17:48 2020 CEST <damian@fptrucha.inv.usc.es>
# name: hd
# type: matrix
# rows: 41
# columns: 2
 3 -180
 4 -179
 1 -178
 0 -177
 2 -176
 2 -175
 6 -174
 21 -173
 53 -172
 128 -171
 207 -170
 246 -169
 343 -168
 623 -167
 1462 -166
 2607 -165
 3322 -164
 3599 -163
 3641 -162
 3562 -161
 3640 -160
 3609 -159
 3379 -158
 3169 -157
 2413 -156
 1325 -155
 467 -154
 52 -153
 1 -152
 0 -151
 0 -150
 0 -149
 0 -148
 0 -147
 0 -146
 0 -145
 0 -144
 0 -143
 0 -142
 0 -141
 0 -140


