# Created by Octave 3.8.2, Sat Jun 20 10:37:20 2020 CEST <damian@fptrucha.inv.usc.es>
# name: hd
# type: matrix
# rows: 41
# columns: 2
 1 -180
 2 -179
 1 -178
 3 -177
 3 -176
 3 -175
 7 -174
 20 -173
 55 -172
 112 -171
 192 -170
 298 -169
 343 -168
 619 -167
 1354 -166
 2399 -165
 3424 -164
 3883 -163
 3930 -162
 3795 -161
 3802 -160
 3732 -159
 3652 -158
 3246 -157
 2628 -156
 1544 -155
 612 -154
 95 -153
 2 -152
 0 -151
 0 -150
 0 -149
 0 -148
 0 -147
 0 -146
 0 -145
 0 -144
 0 -143
 0 -142
 0 -141
 0 -140


