# Created by Octave 3.8.2, Mon Jun 22 06:36:32 2020 CEST <damian@fptrucha.inv.usc.es>
# name: hd
# type: matrix
# rows: 41
# columns: 2
 3 -180
 2 -179
 2 -178
 5 -177
 1 -176
 5 -175
 5 -174
 19 -173
 67 -172
 122 -171
 175 -170
 237 -169
 313 -168
 579 -167
 1239 -166
 2265 -165
 2999 -164
 3082 -163
 3183 -162
 3376 -161
 3336 -160
 3156 -159
 3045 -158
 2768 -157
 2145 -156
 1180 -155
 395 -154
 59 -153
 1 -152
 0 -151
 0 -150
 0 -149
 0 -148
 0 -147
 0 -146
 0 -145
 0 -144
 0 -143
 0 -142
 0 -141
 0 -140


