# Created by Octave 3.8.2, Mon Jun 22 13:51:07 2020 CEST <damian@fptrucha.inv.usc.es>
# name: hd
# type: matrix
# rows: 41
# columns: 2
 0 -180
 2 -179
 6 -178
 3 -177
 4 -176
 4 -175
 12 -174
 14 -173
 64 -172
 138 -171
 224 -170
 260 -169
 317 -168
 640 -167
 1373 -166
 2509 -165
 3181 -164
 3345 -163
 3421 -162
 3548 -161
 3447 -160
 3385 -159
 3128 -158
 2854 -157
 2361 -156
 1215 -155
 432 -154
 59 -153
 1 -152
 0 -151
 0 -150
 0 -149
 0 -148
 0 -147
 0 -146
 0 -145
 0 -144
 0 -143
 0 -142
 0 -141
 0 -140


