# Created by Octave 3.8.2, Sat Jun 20 12:43:44 2020 CEST <damian@fptrucha.inv.usc.es>
# name: hd
# type: matrix
# rows: 41
# columns: 2
 3 -180
 1 -179
 0 -178
 1 -177
 0 -176
 5 -175
 7 -174
 13 -173
 41 -172
 123 -171
 233 -170
 280 -169
 352 -168
 638 -167
 1260 -166
 2252 -165
 3350 -164
 3750 -163
 3843 -162
 3530 -161
 3547 -160
 3577 -159
 3552 -158
 3182 -157
 2599 -156
 1503 -155
 579 -154
 94 -153
 3 -152
 0 -151
 0 -150
 0 -149
 0 -148
 0 -147
 0 -146
 0 -145
 0 -144
 0 -143
 0 -142
 0 -141
 0 -140


