# Created by Octave 3.8.2, Sun Jun 21 00:31:39 2020 CEST <damian@fptrucha.inv.usc.es>
# name: hd
# type: matrix
# rows: 41
# columns: 2
 1 -180
 0 -179
 1 -178
 0 -177
 1 -176
 1 -175
 3 -174
 18 -173
 41 -172
 87 -171
 158 -170
 247 -169
 298 -168
 545 -167
 1225 -166
 2113 -165
 2941 -164
 3384 -163
 3369 -162
 3275 -161
 3250 -160
 3343 -159
 3082 -158
 2886 -157
 2162 -156
 1359 -155
 496 -154
 83 -153
 5 -152
 0 -151
 0 -150
 0 -149
 0 -148
 0 -147
 0 -146
 0 -145
 0 -144
 0 -143
 0 -142
 0 -141
 0 -140


