# Created by Octave 3.8.2, Mon Jun 22 13:27:51 2020 CEST <damian@fptrucha.inv.usc.es>
# name: hd
# type: matrix
# rows: 41
# columns: 2
 2 -180
 3 -179
 1 -178
 3 -177
 5 -176
 2 -175
 9 -174
 19 -173
 68 -172
 121 -171
 197 -170
 265 -169
 347 -168
 656 -167
 1354 -166
 2427 -165
 3345 -164
 3368 -163
 3420 -162
 3516 -161
 3462 -160
 3351 -159
 3031 -158
 3010 -157
 2232 -156
 1263 -155
 425 -154
 62 -153
 1 -152
 0 -151
 0 -150
 0 -149
 0 -148
 0 -147
 0 -146
 0 -145
 0 -144
 0 -143
 0 -142
 0 -141
 0 -140


