# Created by Octave 3.8.2, Mon Jun 22 13:57:34 2020 CEST <damian@fptrucha.inv.usc.es>
# name: hd
# type: matrix
# rows: 41
# columns: 2
 0 -180
 3 -179
 3 -178
 2 -177
 1 -176
 6 -175
 12 -174
 20 -173
 50 -172
 137 -171
 211 -170
 226 -169
 310 -168
 627 -167
 1290 -166
 2435 -165
 3179 -164
 3325 -163
 3391 -162
 3500 -161
 3434 -160
 3458 -159
 3089 -158
 2877 -157
 2291 -156
 1286 -155
 423 -154
 51 -153
 3 -152
 0 -151
 0 -150
 0 -149
 0 -148
 0 -147
 0 -146
 0 -145
 0 -144
 0 -143
 0 -142
 0 -141
 0 -140


