# Created by Octave 3.8.2, Sat Jun 20 02:24:09 2020 CEST <damian@fptrucha.inv.usc.es>
# name: hd
# type: matrix
# rows: 41
# columns: 2
 2 -180
 2 -179
 0 -178
 0 -177
 1 -176
 1 -175
 4 -174
 13 -173
 51 -172
 103 -171
 178 -170
 228 -169
 306 -168
 599 -167
 1264 -166
 2307 -165
 3274 -164
 3868 -163
 3743 -162
 3723 -161
 3813 -160
 3814 -159
 3520 -158
 3300 -157
 2599 -156
 1543 -155
 622 -154
 84 -153
 1 -152
 0 -151
 0 -150
 0 -149
 0 -148
 0 -147
 0 -146
 0 -145
 0 -144
 0 -143
 0 -142
 0 -141
 0 -140


