# Created by Octave 3.8.2, Sun Jun 21 02:08:31 2020 CEST <damian@fptrucha.inv.usc.es>
# name: hd
# type: matrix
# rows: 41
# columns: 2
 0 -180
 0 -179
 0 -178
 1 -177
 3 -176
 6 -175
 8 -174
 17 -173
 38 -172
 81 -171
 148 -170
 216 -169
 279 -168
 524 -167
 1170 -166
 2171 -165
 3022 -164
 3462 -163
 3361 -162
 3408 -161
 3271 -160
 3378 -159
 3274 -158
 2913 -157
 2217 -156
 1402 -155
 552 -154
 78 -153
 2 -152
 0 -151
 0 -150
 0 -149
 0 -148
 0 -147
 0 -146
 0 -145
 0 -144
 0 -143
 0 -142
 0 -141
 0 -140


