# Created by Octave 3.8.2, Sat Jun 20 15:25:05 2020 CEST <damian@fptrucha.inv.usc.es>
# name: hd
# type: matrix
# rows: 41
# columns: 2
 0 -180
 0 -179
 1 -178
 0 -177
 1 -176
 5 -175
 3 -174
 10 -173
 54 -172
 105 -171
 173 -170
 254 -169
 294 -168
 603 -167
 1191 -166
 2202 -165
 3181 -164
 3460 -163
 3600 -162
 3570 -161
 3406 -160
 3483 -159
 3432 -158
 3073 -157
 2350 -156
 1435 -155
 538 -154
 85 -153
 1 -152
 0 -151
 0 -150
 0 -149
 0 -148
 0 -147
 0 -146
 0 -145
 0 -144
 0 -143
 0 -142
 0 -141
 0 -140


