# Created by Octave 3.8.2, Sat Jun 20 05:11:47 2020 CEST <damian@fptrucha.inv.usc.es>
# name: hd
# type: matrix
# rows: 41
# columns: 2
 0 -180
 0 -179
 0 -178
 0 -177
 0 -176
 1 -175
 5 -174
 15 -173
 49 -172
 127 -171
 187 -170
 242 -169
 324 -168
 631 -167
 1263 -166
 2330 -165
 3376 -164
 3883 -163
 3906 -162
 3711 -161
 3764 -160
 3710 -159
 3687 -158
 3214 -157
 2554 -156
 1541 -155
 600 -154
 92 -153
 1 -152
 0 -151
 0 -150
 0 -149
 0 -148
 0 -147
 0 -146
 0 -145
 0 -144
 0 -143
 0 -142
 0 -141
 0 -140


