# Created by Octave 3.8.2, Sat Jun 20 20:21:07 2020 CEST <damian@fptrucha.inv.usc.es>
# name: hd
# type: matrix
# rows: 41
# columns: 2
 1 -180
 2 -179
 4 -178
 0 -177
 1 -176
 1 -175
 5 -174
 17 -173
 37 -172
 119 -171
 161 -170
 252 -169
 307 -168
 563 -167
 1163 -166
 2196 -165
 3159 -164
 3393 -163
 3477 -162
 3400 -161
 3435 -160
 3508 -159
 3271 -158
 2961 -157
 2226 -156
 1404 -155
 552 -154
 97 -153
 0 -152
 0 -151
 0 -150
 0 -149
 0 -148
 0 -147
 0 -146
 0 -145
 0 -144
 0 -143
 0 -142
 0 -141
 0 -140


