# Created by Octave 3.8.2, Tue Jun 23 00:34:10 2020 CEST <damian@fptrucha.inv.usc.es>
# name: hd
# type: matrix
# rows: 41
# columns: 2
 2 -180
 1 -179
 0 -178
 1 -177
 4 -176
 5 -175
 7 -174
 18 -173
 38 -172
 135 -171
 208 -170
 215 -169
 326 -168
 622 -167
 1244 -166
 2344 -165
 3421 -164
 3767 -163
 3697 -162
 3737 -161
 3612 -160
 3654 -159
 3659 -158
 3225 -157
 2517 -156
 1537 -155
 616 -154
 104 -153
 3 -152
 0 -151
 0 -150
 0 -149
 0 -148
 0 -147
 0 -146
 0 -145
 0 -144
 0 -143
 0 -142
 0 -141
 0 -140


