# Created by Octave 3.8.2, Mon Jun 22 01:16:02 2020 CEST <damian@fptrucha.inv.usc.es>
# name: hd
# type: matrix
# rows: 41
# columns: 2
 0 -180
 0 -179
 2 -178
 1 -177
 1 -176
 1 -175
 10 -174
 16 -173
 39 -172
 100 -171
 163 -170
 197 -169
 291 -168
 567 -167
 1165 -166
 2036 -165
 2993 -164
 3429 -163
 3463 -162
 3364 -161
 3366 -160
 3379 -159
 3194 -158
 3063 -157
 2301 -156
 1350 -155
 568 -154
 93 -153
 2 -152
 0 -151
 0 -150
 0 -149
 0 -148
 0 -147
 0 -146
 0 -145
 0 -144
 0 -143
 0 -142
 0 -141
 0 -140


