# Created by Octave 3.8.2, Mon Jun 22 03:57:36 2020 CEST <damian@fptrucha.inv.usc.es>
# name: hd
# type: matrix
# rows: 41
# columns: 2
 2 -180
 2 -179
 2 -178
 2 -177
 0 -176
 3 -175
 8 -174
 12 -173
 54 -172
 106 -171
 179 -170
 241 -169
 271 -168
 588 -167
 1303 -166
 2269 -165
 3032 -164
 3114 -163
 3122 -162
 3181 -161
 3112 -160
 3264 -159
 2882 -158
 2600 -157
 2176 -156
 1171 -155
 387 -154
 40 -153
 0 -152
 0 -151
 0 -150
 0 -149
 0 -148
 0 -147
 0 -146
 0 -145
 0 -144
 0 -143
 0 -142
 0 -141
 0 -140


