# Created by Octave 3.8.2, Sat Jun 20 22:38:25 2020 CEST <damian@fptrucha.inv.usc.es>
# name: hd
# type: matrix
# rows: 41
# columns: 2
 0 -180
 1 -179
 1 -178
 1 -177
 3 -176
 2 -175
 5 -174
 13 -173
 39 -172
 102 -171
 168 -170
 222 -169
 303 -168
 565 -167
 1175 -166
 2167 -165
 3027 -164
 3525 -163
 3425 -162
 3292 -161
 3354 -160
 3391 -159
 3342 -158
 3001 -157
 2277 -156
 1363 -155
 546 -154
 87 -153
 4 -152
 0 -151
 0 -150
 0 -149
 0 -148
 0 -147
 0 -146
 0 -145
 0 -144
 0 -143
 0 -142
 0 -141
 0 -140


