# Created by Octave 3.8.2, Sat Jun 20 16:41:53 2020 CEST <damian@fptrucha.inv.usc.es>
# name: hd
# type: matrix
# rows: 41
# columns: 2
 0 -180
 1 -179
 0 -178
 1 -177
 1 -176
 3 -175
 13 -174
 18 -173
 45 -172
 100 -171
 175 -170
 228 -169
 317 -168
 598 -167
 1160 -166
 2173 -165
 3192 -164
 3610 -163
 3506 -162
 3458 -161
 3385 -160
 3533 -159
 3343 -158
 2953 -157
 2371 -156
 1433 -155
 546 -154
 75 -153
 2 -152
 0 -151
 0 -150
 0 -149
 0 -148
 0 -147
 0 -146
 0 -145
 0 -144
 0 -143
 0 -142
 0 -141
 0 -140


