# Created by Octave 3.8.2, Mon Jun 22 04:24:17 2020 CEST <damian@fptrucha.inv.usc.es>
# name: hd
# type: matrix
# rows: 41
# columns: 2
 4 -180
 3 -179
 8 -178
 3 -177
 6 -176
 5 -175
 5 -174
 27 -173
 53 -172
 106 -171
 167 -170
 225 -169
 289 -168
 592 -167
 1285 -166
 2269 -165
 2892 -164
 3142 -163
 3106 -162
 3218 -161
 3100 -160
 3151 -159
 2904 -158
 2531 -157
 2018 -156
 1082 -155
 426 -154
 50 -153
 3 -152
 0 -151
 0 -150
 0 -149
 0 -148
 0 -147
 0 -146
 0 -145
 0 -144
 0 -143
 0 -142
 0 -141
 0 -140


