# Created by Octave 3.8.2, Mon Jun 22 07:00:38 2020 CEST <damian@fptrucha.inv.usc.es>
# name: hd
# type: matrix
# rows: 41
# columns: 2
 5 -180
 4 -179
 0 -178
 5 -177
 5 -176
 3 -175
 7 -174
 14 -173
 41 -172
 116 -171
 203 -170
 224 -169
 293 -168
 532 -167
 1306 -166
 2281 -165
 3054 -164
 3151 -163
 3160 -162
 3257 -161
 3306 -160
 3210 -159
 3054 -158
 2665 -157
 2159 -156
 1162 -155
 443 -154
 55 -153
 1 -152
 0 -151
 0 -150
 0 -149
 0 -148
 0 -147
 0 -146
 0 -145
 0 -144
 0 -143
 0 -142
 0 -141
 0 -140


