# Created by Octave 3.8.2, Mon Jun 22 22:44:39 2020 CEST <damian@fptrucha.inv.usc.es>
# name: hd
# type: matrix
# rows: 41
# columns: 2
 3 -180
 3 -179
 4 -178
 1 -177
 2 -176
 5 -175
 11 -174
 20 -173
 60 -172
 107 -171
 211 -170
 256 -169
 329 -168
 618 -167
 1258 -166
 2311 -165
 3371 -164
 3625 -163
 3694 -162
 3732 -161
 3532 -160
 3614 -159
 3509 -158
 3043 -157
 2454 -156
 1428 -155
 572 -154
 97 -153
 3 -152
 0 -151
 0 -150
 0 -149
 0 -148
 0 -147
 0 -146
 0 -145
 0 -144
 0 -143
 0 -142
 0 -141
 0 -140


