# Created by Octave 3.8.2, Mon Jun 22 22:51:49 2020 CEST <damian@fptrucha.inv.usc.es>
# name: hd
# type: matrix
# rows: 41
# columns: 2
 1 -180
 2 -179
 2 -178
 3 -177
 1 -176
 5 -175
 7 -174
 22 -173
 43 -172
 125 -171
 207 -170
 279 -169
 338 -168
 609 -167
 1299 -166
 2323 -165
 3341 -164
 3815 -163
 3693 -162
 3646 -161
 3567 -160
 3594 -159
 3517 -158
 3107 -157
 2491 -156
 1471 -155
 540 -154
 87 -153
 2 -152
 0 -151
 0 -150
 0 -149
 0 -148
 0 -147
 0 -146
 0 -145
 0 -144
 0 -143
 0 -142
 0 -141
 0 -140


