# Created by Octave 3.8.2, Sun Jun 21 01:16:27 2020 CEST <damian@fptrucha.inv.usc.es>
# name: hd
# type: matrix
# rows: 41
# columns: 2
 2 -180
 1 -179
 1 -178
 0 -177
 0 -176
 5 -175
 6 -174
 20 -173
 37 -172
 99 -171
 174 -170
 230 -169
 304 -168
 481 -167
 1164 -166
 2167 -165
 3089 -164
 3259 -163
 3314 -162
 3391 -161
 3311 -160
 3288 -159
 3270 -158
 3048 -157
 2215 -156
 1339 -155
 514 -154
 87 -153
 3 -152
 0 -151
 0 -150
 0 -149
 0 -148
 0 -147
 0 -146
 0 -145
 0 -144
 0 -143
 0 -142
 0 -141
 0 -140


