# Created by Octave 3.8.2, Sat Jun 20 16:18:36 2020 CEST <damian@fptrucha.inv.usc.es>
# name: hd
# type: matrix
# rows: 41
# columns: 2
 2 -180
 3 -179
 0 -178
 0 -177
 2 -176
 2 -175
 7 -174
 16 -173
 45 -172
 104 -171
 191 -170
 269 -169
 278 -168
 581 -167
 1209 -166
 2271 -165
 3173 -164
 3509 -163
 3644 -162
 3635 -161
 3504 -160
 3339 -159
 3329 -158
 3177 -157
 2351 -156
 1395 -155
 527 -154
 79 -153
 5 -152
 0 -151
 0 -150
 0 -149
 0 -148
 0 -147
 0 -146
 0 -145
 0 -144
 0 -143
 0 -142
 0 -141
 0 -140


