# Created by Octave 3.8.2, Sat Jun 20 02:59:19 2020 CEST <damian@fptrucha.inv.usc.es>
# name: hd
# type: matrix
# rows: 41
# columns: 2
 0 -180
 0 -179
 1 -178
 4 -177
 1 -176
 2 -175
 7 -174
 10 -173
 36 -172
 112 -171
 155 -170
 218 -169
 319 -168
 516 -167
 1223 -166
 2347 -165
 3371 -164
 3724 -163
 3799 -162
 3759 -161
 3695 -160
 3674 -159
 3603 -158
 3313 -157
 2532 -156
 1510 -155
 573 -154
 81 -153
 1 -152
 0 -151
 0 -150
 0 -149
 0 -148
 0 -147
 0 -146
 0 -145
 0 -144
 0 -143
 0 -142
 0 -141
 0 -140


