# Created by Octave 3.8.2, Sat Jun 20 15:05:29 2020 CEST <damian@fptrucha.inv.usc.es>
# name: hd
# type: matrix
# rows: 41
# columns: 2
 2 -180
 1 -179
 0 -178
 1 -177
 1 -176
 5 -175
 10 -174
 22 -173
 50 -172
 119 -171
 184 -170
 284 -169
 304 -168
 583 -167
 1186 -166
 2286 -165
 3265 -164
 3515 -163
 3719 -162
 3489 -161
 3513 -160
 3606 -159
 3476 -158
 3126 -157
 2358 -156
 1417 -155
 556 -154
 92 -153
 1 -152
 0 -151
 0 -150
 0 -149
 0 -148
 0 -147
 0 -146
 0 -145
 0 -144
 0 -143
 0 -142
 0 -141
 0 -140


