# Created by Octave 3.8.2, Mon Jun 22 15:56:24 2020 CEST <damian@fptrucha.inv.usc.es>
# name: hd
# type: matrix
# rows: 41
# columns: 2
 1 -180
 2 -179
 0 -178
 2 -177
 5 -176
 7 -175
 12 -174
 28 -173
 69 -172
 138 -171
 246 -170
 267 -169
 326 -168
 597 -167
 1371 -166
 2405 -165
 3338 -164
 3580 -163
 3521 -162
 3623 -161
 3581 -160
 3625 -159
 3370 -158
 2922 -157
 2387 -156
 1323 -155
 445 -154
 66 -153
 1 -152
 0 -151
 0 -150
 0 -149
 0 -148
 0 -147
 0 -146
 0 -145
 0 -144
 0 -143
 0 -142
 0 -141
 0 -140


