# Created by Octave 3.8.2, Mon Jun 22 05:51:28 2020 CEST <damian@fptrucha.inv.usc.es>
# name: hd
# type: matrix
# rows: 41
# columns: 2
 0 -180
 2 -179
 4 -178
 2 -177
 6 -176
 7 -175
 5 -174
 13 -173
 52 -172
 105 -171
 206 -170
 212 -169
 285 -168
 504 -167
 1250 -166
 2207 -165
 2959 -164
 3251 -163
 3194 -162
 3135 -161
 3279 -160
 3197 -159
 2955 -158
 2681 -157
 2160 -156
 1219 -155
 436 -154
 63 -153
 0 -152
 0 -151
 0 -150
 0 -149
 0 -148
 0 -147
 0 -146
 0 -145
 0 -144
 0 -143
 0 -142
 0 -141
 0 -140


