# Created by Octave 3.8.2, Sat Jun 20 11:24:57 2020 CEST <damian@fptrucha.inv.usc.es>
# name: hd
# type: matrix
# rows: 41
# columns: 2
 3 -180
 0 -179
 0 -178
 0 -177
 4 -176
 4 -175
 5 -174
 12 -173
 55 -172
 115 -171
 199 -170
 278 -169
 353 -168
 606 -167
 1353 -166
 2407 -165
 3334 -164
 3684 -163
 3797 -162
 3698 -161
 3747 -160
 3681 -159
 3558 -158
 3143 -157
 2536 -156
 1560 -155
 581 -154
 102 -153
 2 -152
 1 -151
 0 -150
 0 -149
 0 -148
 0 -147
 0 -146
 0 -145
 0 -144
 0 -143
 0 -142
 0 -141
 0 -140


