# Created by Octave 3.8.2, Sun Jun 21 04:41:42 2020 CEST <damian@fptrucha.inv.usc.es>
# name: hd
# type: matrix
# rows: 41
# columns: 2
 0 -180
 2 -179
 0 -178
 3 -177
 0 -176
 3 -175
 7 -174
 14 -173
 47 -172
 96 -171
 151 -170
 228 -169
 275 -168
 550 -167
 1170 -166
 2156 -165
 3089 -164
 3451 -163
 3379 -162
 3383 -161
 3285 -160
 3308 -159
 3309 -158
 2997 -157
 2310 -156
 1374 -155
 550 -154
 85 -153
 4 -152
 1 -151
 0 -150
 0 -149
 0 -148
 0 -147
 0 -146
 0 -145
 0 -144
 0 -143
 0 -142
 0 -141
 0 -140


