# Created by Octave 3.8.2, Mon Jun 22 23:29:12 2020 CEST <damian@fptrucha.inv.usc.es>
# name: hd
# type: matrix
# rows: 41
# columns: 2
 0 -180
 0 -179
 0 -178
 1 -177
 1 -176
 3 -175
 5 -174
 17 -173
 48 -172
 115 -171
 221 -170
 257 -169
 374 -168
 630 -167
 1302 -166
 2396 -165
 3434 -164
 3757 -163
 3701 -162
 3728 -161
 3636 -160
 3661 -159
 3526 -158
 3183 -157
 2513 -156
 1496 -155
 527 -154
 66 -153
 1 -152
 0 -151
 0 -150
 0 -149
 0 -148
 0 -147
 0 -146
 0 -145
 0 -144
 0 -143
 0 -142
 0 -141
 0 -140


