# Created by Octave 3.8.2, Mon Jun 22 17:36:15 2020 CEST <damian@fptrucha.inv.usc.es>
# name: hd
# type: matrix
# rows: 41
# columns: 2
 1 -180
 1 -179
 3 -178
 3 -177
 1 -176
 2 -175
 7 -174
 9 -173
 34 -172
 89 -171
 149 -170
 193 -169
 208 -168
 429 -167
 917 -166
 1628 -165
 2190 -164
 2318 -163
 2499 -162
 2379 -161
 2324 -160
 2364 -159
 2066 -158
 2001 -157
 1540 -156
 847 -155
 333 -154
 34 -153
 2 -152
 0 -151
 0 -150
 0 -149
 0 -148
 0 -147
 0 -146
 0 -145
 0 -144
 0 -143
 0 -142
 0 -141
 0 -140


