# Created by Octave 3.8.2, Sat Jun 20 10:34:30 2020 CEST <damian@fptrucha.inv.usc.es>
# name: hd
# type: matrix
# rows: 41
# columns: 2
 0 -180
 0 -179
 0 -178
 2 -177
 0 -176
 5 -175
 9 -174
 25 -173
 47 -172
 122 -171
 240 -170
 299 -169
 377 -168
 678 -167
 1352 -166
 2466 -165
 3437 -164
 3938 -163
 3751 -162
 3814 -161
 3754 -160
 3739 -159
 3695 -158
 3344 -157
 2519 -156
 1540 -155
 564 -154
 99 -153
 2 -152
 0 -151
 0 -150
 0 -149
 0 -148
 0 -147
 0 -146
 0 -145
 0 -144
 0 -143
 0 -142
 0 -141
 0 -140


