# Created by Octave 3.8.2, Mon Jun 22 12:22:09 2020 CEST <damian@fptrucha.inv.usc.es>
# name: hd
# type: matrix
# rows: 41
# columns: 2
 1 -180
 0 -179
 2 -178
 3 -177
 4 -176
 6 -175
 6 -174
 19 -173
 52 -172
 120 -171
 198 -170
 275 -169
 280 -168
 635 -167
 1282 -166
 2377 -165
 3125 -164
 3409 -163
 3436 -162
 3416 -161
 3467 -160
 3429 -159
 3023 -158
 2801 -157
 2284 -156
 1299 -155
 469 -154
 63 -153
 1 -152
 0 -151
 0 -150
 0 -149
 0 -148
 0 -147
 0 -146
 0 -145
 0 -144
 0 -143
 0 -142
 0 -141
 0 -140


