# Created by Octave 3.8.2, Mon Jun 22 05:14:04 2020 CEST <damian@fptrucha.inv.usc.es>
# name: hd
# type: matrix
# rows: 41
# columns: 2
 3 -180
 2 -179
 2 -178
 2 -177
 1 -176
 3 -175
 9 -174
 18 -173
 39 -172
 114 -171
 170 -170
 204 -169
 308 -168
 540 -167
 1278 -166
 2259 -165
 3013 -164
 3210 -163
 3213 -162
 3332 -161
 3197 -160
 3209 -159
 2981 -158
 2587 -157
 2079 -156
 1216 -155
 377 -154
 43 -153
 2 -152
 0 -151
 0 -150
 0 -149
 0 -148
 0 -147
 0 -146
 0 -145
 0 -144
 0 -143
 0 -142
 0 -141
 0 -140


