# Created by Octave 3.8.2, Sat Jun 20 04:36:37 2020 CEST <damian@fptrucha.inv.usc.es>
# name: hd
# type: matrix
# rows: 41
# columns: 2
 0 -180
 1 -179
 0 -178
 0 -177
 2 -176
 1 -175
 7 -174
 16 -173
 45 -172
 103 -171
 206 -170
 247 -169
 359 -168
 598 -167
 1332 -166
 2339 -165
 3310 -164
 3891 -163
 3768 -162
 3798 -161
 3852 -160
 3729 -159
 3542 -158
 3337 -157
 2550 -156
 1599 -155
 627 -154
 98 -153
 5 -152
 0 -151
 0 -150
 0 -149
 0 -148
 0 -147
 0 -146
 0 -145
 0 -144
 0 -143
 0 -142
 0 -141
 0 -140


