# Created by Octave 3.8.2, Sun Jun 21 03:41:03 2020 CEST <damian@fptrucha.inv.usc.es>
# name: hd
# type: matrix
# rows: 41
# columns: 2
 1 -180
 1 -179
 1 -178
 1 -177
 2 -176
 1 -175
 4 -174
 13 -173
 37 -172
 115 -171
 164 -170
 222 -169
 297 -168
 579 -167
 1208 -166
 2097 -165
 2972 -164
 3386 -163
 3452 -162
 3380 -161
 3317 -160
 3237 -159
 3222 -158
 2838 -157
 2204 -156
 1346 -155
 487 -154
 65 -153
 1 -152
 0 -151
 0 -150
 0 -149
 0 -148
 0 -147
 0 -146
 0 -145
 0 -144
 0 -143
 0 -142
 0 -141
 0 -140


