# Created by Octave 3.8.2, Mon Jun 22 14:49:02 2020 CEST <damian@fptrucha.inv.usc.es>
# name: hd
# type: matrix
# rows: 41
# columns: 2
 1 -180
 1 -179
 7 -178
 1 -177
 4 -176
 2 -175
 11 -174
 12 -173
 43 -172
 149 -171
 196 -170
 256 -169
 310 -168
 632 -167
 1304 -166
 2408 -165
 3232 -164
 3476 -163
 3509 -162
 3579 -161
 3523 -160
 3444 -159
 3187 -158
 2915 -157
 2315 -156
 1272 -155
 437 -154
 48 -153
 1 -152
 0 -151
 0 -150
 0 -149
 0 -148
 0 -147
 0 -146
 0 -145
 0 -144
 0 -143
 0 -142
 0 -141
 0 -140


