# Created by Octave 3.8.2, Mon Jun 22 20:12:25 2020 CEST <damian@fptrucha.inv.usc.es>
# name: hd
# type: matrix
# rows: 41
# columns: 2
 1 -180
 0 -179
 2 -178
 0 -177
 0 -176
 4 -175
 8 -174
 14 -173
 67 -172
 128 -171
 211 -170
 255 -169
 330 -168
 686 -167
 1404 -166
 2579 -165
 3316 -164
 3395 -163
 3607 -162
 3721 -161
 3699 -160
 3555 -159
 3324 -158
 3193 -157
 2432 -156
 1355 -155
 445 -154
 68 -153
 0 -152
 0 -151
 0 -150
 0 -149
 0 -148
 0 -147
 0 -146
 0 -145
 0 -144
 0 -143
 0 -142
 0 -141
 0 -140


