# Created by Octave 3.8.2, Sat Jun 20 07:06:08 2020 CEST <damian@fptrucha.inv.usc.es>
# name: hd
# type: matrix
# rows: 41
# columns: 2
 1 -180
 3 -179
 0 -178
 1 -177
 0 -176
 3 -175
 8 -174
 14 -173
 39 -172
 115 -171
 198 -170
 275 -169
 355 -168
 614 -167
 1362 -166
 2432 -165
 3376 -164
 3937 -163
 3849 -162
 3882 -161
 3880 -160
 3889 -159
 3824 -158
 3370 -157
 2670 -156
 1602 -155
 585 -154
 112 -153
 2 -152
 0 -151
 0 -150
 0 -149
 0 -148
 0 -147
 0 -146
 0 -145
 0 -144
 0 -143
 0 -142
 0 -141
 0 -140


