# Created by Octave 3.8.2, Sun Jun 21 03:47:20 2020 CEST <damian@fptrucha.inv.usc.es>
# name: hd
# type: matrix
# rows: 41
# columns: 2
 0 -180
 1 -179
 1 -178
 0 -177
 1 -176
 3 -175
 7 -174
 13 -173
 49 -172
 101 -171
 203 -170
 241 -169
 305 -168
 576 -167
 1199 -166
 2143 -165
 3036 -164
 3450 -163
 3434 -162
 3325 -161
 3345 -160
 3249 -159
 3257 -158
 2791 -157
 2312 -156
 1369 -155
 514 -154
 79 -153
 3 -152
 0 -151
 0 -150
 0 -149
 0 -148
 0 -147
 0 -146
 0 -145
 0 -144
 0 -143
 0 -142
 0 -141
 0 -140


