# Created by Octave 3.8.2, Mon Jun 22 09:09:56 2020 CEST <damian@fptrucha.inv.usc.es>
# name: hd
# type: matrix
# rows: 41
# columns: 2
 1 -180
 3 -179
 4 -178
 1 -177
 3 -176
 6 -175
 5 -174
 18 -173
 52 -172
 118 -171
 186 -170
 233 -169
 311 -168
 592 -167
 1237 -166
 2300 -165
 3041 -164
 3214 -163
 3335 -162
 3264 -161
 3314 -160
 3259 -159
 3075 -158
 2757 -157
 2091 -156
 1231 -155
 442 -154
 49 -153
 1 -152
 0 -151
 0 -150
 0 -149
 0 -148
 0 -147
 0 -146
 0 -145
 0 -144
 0 -143
 0 -142
 0 -141
 0 -140


