# Created by Octave 3.8.2, Mon Jun 22 16:06:01 2020 CEST <damian@fptrucha.inv.usc.es>
# name: hd
# type: matrix
# rows: 41
# columns: 2
 5 -180
 0 -179
 2 -178
 3 -177
 4 -176
 2 -175
 8 -174
 22 -173
 59 -172
 138 -171
 225 -170
 283 -169
 327 -168
 629 -167
 1447 -166
 2477 -165
 3345 -164
 3574 -163
 3403 -162
 3504 -161
 3698 -160
 3478 -159
 3206 -158
 3033 -157
 2453 -156
 1328 -155
 425 -154
 46 -153
 0 -152
 0 -151
 0 -150
 0 -149
 0 -148
 0 -147
 0 -146
 0 -145
 0 -144
 0 -143
 0 -142
 0 -141
 0 -140


