# Created by Octave 3.8.2, Mon Jun 22 09:37:28 2020 CEST <damian@fptrucha.inv.usc.es>
# name: hd
# type: matrix
# rows: 41
# columns: 2
 5 -180
 4 -179
 0 -178
 0 -177
 7 -176
 3 -175
 8 -174
 17 -173
 49 -172
 107 -171
 191 -170
 219 -169
 307 -168
 550 -167
 1266 -166
 2406 -165
 3175 -164
 3274 -163
 3203 -162
 3418 -161
 3354 -160
 3277 -159
 3142 -158
 2789 -157
 2202 -156
 1236 -155
 421 -154
 58 -153
 1 -152
 0 -151
 0 -150
 0 -149
 0 -148
 0 -147
 0 -146
 0 -145
 0 -144
 0 -143
 0 -142
 0 -141
 0 -140


