# Created by Octave 3.8.2, Mon Jun 22 06:24:32 2020 CEST <damian@fptrucha.inv.usc.es>
# name: hd
# type: matrix
# rows: 41
# columns: 2
 4 -180
 4 -179
 4 -178
 5 -177
 3 -176
 7 -175
 8 -174
 24 -173
 51 -172
 99 -171
 219 -170
 248 -169
 307 -168
 543 -167
 1288 -166
 2262 -165
 3032 -164
 3165 -163
 3191 -162
 3348 -161
 3247 -160
 3256 -159
 2935 -158
 2680 -157
 2117 -156
 1196 -155
 442 -154
 56 -153
 2 -152
 0 -151
 0 -150
 0 -149
 0 -148
 0 -147
 0 -146
 0 -145
 0 -144
 0 -143
 0 -142
 0 -141
 0 -140


