# Created by Octave 3.8.2, Mon Jun 22 06:39:32 2020 CEST <damian@fptrucha.inv.usc.es>
# name: hd
# type: matrix
# rows: 41
# columns: 2
 4 -180
 1 -179
 4 -178
 3 -177
 3 -176
 5 -175
 16 -174
 19 -173
 60 -172
 101 -171
 193 -170
 225 -169
 320 -168
 571 -167
 1221 -166
 2316 -165
 3018 -164
 3265 -163
 3172 -162
 3336 -161
 3232 -160
 3195 -159
 3026 -158
 2730 -157
 2132 -156
 1161 -155
 386 -154
 60 -153
 1 -152
 0 -151
 0 -150
 0 -149
 0 -148
 0 -147
 0 -146
 0 -145
 0 -144
 0 -143
 0 -142
 0 -141
 0 -140


