# Created by Octave 3.8.2, Sat Jun 20 10:04:39 2020 CEST <damian@fptrucha.inv.usc.es>
# name: hd
# type: matrix
# rows: 41
# columns: 2
 0 -180
 0 -179
 0 -178
 0 -177
 1 -176
 6 -175
 9 -174
 16 -173
 43 -172
 117 -171
 201 -170
 292 -169
 343 -168
 678 -167
 1332 -166
 2375 -165
 3484 -164
 4001 -163
 3816 -162
 3853 -161
 3795 -160
 3823 -159
 3652 -158
 3320 -157
 2640 -156
 1610 -155
 636 -154
 97 -153
 1 -152
 1 -151
 0 -150
 0 -149
 0 -148
 0 -147
 0 -146
 0 -145
 0 -144
 0 -143
 0 -142
 0 -141
 0 -140


