# Created by Octave 3.8.2, Sat Jun 20 20:01:03 2020 CEST <damian@fptrucha.inv.usc.es>
# name: hd
# type: matrix
# rows: 41
# columns: 2
 1 -180
 0 -179
 0 -178
 1 -177
 0 -176
 1 -175
 6 -174
 16 -173
 49 -172
 116 -171
 168 -170
 219 -169
 288 -168
 555 -167
 1172 -166
 2169 -165
 3047 -164
 3459 -163
 3556 -162
 3437 -161
 3477 -160
 3375 -159
 3242 -158
 2994 -157
 2258 -156
 1406 -155
 547 -154
 81 -153
 2 -152
 0 -151
 0 -150
 0 -149
 0 -148
 0 -147
 0 -146
 0 -145
 0 -144
 0 -143
 0 -142
 0 -141
 0 -140


