# Created by Octave 3.8.2, Mon Jun 22 07:07:41 2020 CEST <damian@fptrucha.inv.usc.es>
# name: hd
# type: matrix
# rows: 41
# columns: 2
 3 -180
 5 -179
 2 -178
 6 -177
 8 -176
 5 -175
 10 -174
 17 -173
 44 -172
 106 -171
 164 -170
 228 -169
 339 -168
 565 -167
 1234 -166
 2238 -165
 3039 -164
 3223 -163
 3127 -162
 3316 -161
 3344 -160
 3248 -159
 3071 -158
 2674 -157
 2137 -156
 1258 -155
 404 -154
 57 -153
 0 -152
 0 -151
 0 -150
 0 -149
 0 -148
 0 -147
 0 -146
 0 -145
 0 -144
 0 -143
 0 -142
 0 -141
 0 -140


