# Created by Octave 3.8.2, Sun Jun 21 06:26:10 2020 CEST <damian@fptrucha.inv.usc.es>
# name: hd
# type: matrix
# rows: 41
# columns: 2
 0 -180
 1 -179
 0 -178
 1 -177
 3 -176
 1 -175
 3 -174
 14 -173
 38 -172
 67 -171
 160 -170
 200 -169
 233 -168
 489 -167
 1138 -166
 2013 -165
 2883 -164
 3361 -163
 3478 -162
 3185 -161
 3299 -160
 3343 -159
 2955 -158
 2820 -157
 2223 -156
 1387 -155
 563 -154
 100 -153
 2 -152
 0 -151
 1 -150
 0 -149
 0 -148
 0 -147
 0 -146
 0 -145
 0 -144
 0 -143
 0 -142
 0 -141
 0 -140


