# Created by Octave 3.8.2, Mon Jun 22 19:27:01 2020 CEST <damian@fptrucha.inv.usc.es>
# name: hd
# type: matrix
# rows: 41
# columns: 2
 3 -180
 0 -179
 4 -178
 0 -177
 4 -176
 1 -175
 6 -174
 22 -173
 52 -172
 102 -171
 206 -170
 258 -169
 330 -168
 642 -167
 1384 -166
 2443 -165
 3313 -164
 3536 -163
 3534 -162
 3603 -161
 3629 -160
 3621 -159
 3398 -158
 3014 -157
 2325 -156
 1407 -155
 485 -154
 47 -153
 2 -152
 0 -151
 0 -150
 0 -149
 0 -148
 0 -147
 0 -146
 0 -145
 0 -144
 0 -143
 0 -142
 0 -141
 0 -140


