# Created by Octave 3.8.2, Mon Jun 22 15:48:35 2020 CEST <damian@fptrucha.inv.usc.es>
# name: hd
# type: matrix
# rows: 41
# columns: 2
 1 -180
 2 -179
 4 -178
 3 -177
 1 -176
 8 -175
 5 -174
 18 -173
 43 -172
 119 -171
 204 -170
 264 -169
 322 -168
 615 -167
 1413 -166
 2532 -165
 3276 -164
 3524 -163
 3566 -162
 3637 -161
 3502 -160
 3410 -159
 3301 -158
 2968 -157
 2330 -156
 1288 -155
 434 -154
 49 -153
 1 -152
 0 -151
 0 -150
 0 -149
 0 -148
 0 -147
 0 -146
 0 -145
 0 -144
 0 -143
 0 -142
 0 -141
 0 -140


