# Created by Octave 3.8.2, Sat Jun 20 10:38:48 2020 CEST <damian@fptrucha.inv.usc.es>
# name: hd
# type: matrix
# rows: 41
# columns: 2
 1 -180
 0 -179
 1 -178
 0 -177
 3 -176
 2 -175
 12 -174
 15 -173
 58 -172
 103 -171
 233 -170
 285 -169
 331 -168
 691 -167
 1291 -166
 2441 -165
 3511 -164
 3944 -163
 3870 -162
 3767 -161
 3631 -160
 3666 -159
 3628 -158
 3333 -157
 2628 -156
 1588 -155
 614 -154
 97 -153
 5 -152
 0 -151
 0 -150
 0 -149
 1 -148
 0 -147
 0 -146
 0 -145
 0 -144
 0 -143
 0 -142
 0 -141
 0 -140


