# Created by Octave 3.8.2, Mon Jun 22 11:09:13 2020 CEST <damian@fptrucha.inv.usc.es>
# name: hd
# type: matrix
# rows: 41
# columns: 2
 1 -180
 3 -179
 2 -178
 1 -177
 3 -176
 6 -175
 10 -174
 19 -173
 57 -172
 134 -171
 198 -170
 261 -169
 326 -168
 644 -167
 1382 -166
 2471 -165
 3249 -164
 3232 -163
 3373 -162
 3495 -161
 3312 -160
 3338 -159
 3133 -158
 2791 -157
 2221 -156
 1197 -155
 439 -154
 40 -153
 0 -152
 0 -151
 0 -150
 0 -149
 0 -148
 0 -147
 0 -146
 0 -145
 0 -144
 0 -143
 0 -142
 0 -141
 0 -140


