# Created by Octave 3.8.2, Sat Jun 20 14:54:38 2020 CEST <damian@fptrucha.inv.usc.es>
# name: hd
# type: matrix
# rows: 41
# columns: 2
 1 -180
 0 -179
 1 -178
 0 -177
 1 -176
 3 -175
 2 -174
 11 -173
 40 -172
 86 -171
 143 -170
 170 -169
 231 -168
 387 -167
 828 -166
 1446 -165
 2153 -164
 2229 -163
 2357 -162
 2371 -161
 2232 -160
 2263 -159
 2279 -158
 2055 -157
 1564 -156
 932 -155
 357 -154
 64 -153
 3 -152
 0 -151
 0 -150
 0 -149
 0 -148
 0 -147
 0 -146
 0 -145
 0 -144
 0 -143
 0 -142
 0 -141
 0 -140


