# Created by Octave 3.8.2, Mon Jun 22 08:48:35 2020 CEST <damian@fptrucha.inv.usc.es>
# name: hd
# type: matrix
# rows: 41
# columns: 2
 4 -180
 4 -179
 0 -178
 4 -177
 6 -176
 3 -175
 12 -174
 23 -173
 54 -172
 129 -171
 196 -170
 253 -169
 310 -168
 633 -167
 1297 -166
 2275 -165
 3148 -164
 3303 -163
 3236 -162
 3376 -161
 3432 -160
 3312 -159
 3119 -158
 2735 -157
 2098 -156
 1255 -155
 419 -154
 41 -153
 3 -152
 0 -151
 0 -150
 0 -149
 0 -148
 0 -147
 0 -146
 0 -145
 0 -144
 0 -143
 0 -142
 0 -141
 0 -140


