# Created by Octave 3.8.2, Sat Jun 20 06:42:04 2020 CEST <damian@fptrucha.inv.usc.es>
# name: hd
# type: matrix
# rows: 41
# columns: 2
 1 -180
 2 -179
 1 -178
 0 -177
 2 -176
 3 -175
 8 -174
 22 -173
 33 -172
 133 -171
 197 -170
 242 -169
 296 -168
 626 -167
 1328 -166
 2353 -165
 3348 -164
 3867 -163
 3850 -162
 3796 -161
 3776 -160
 3763 -159
 3668 -158
 3305 -157
 2624 -156
 1534 -155
 656 -154
 110 -153
 7 -152
 0 -151
 0 -150
 0 -149
 0 -148
 0 -147
 0 -146
 0 -145
 0 -144
 0 -143
 0 -142
 0 -141
 0 -140


