# Created by Octave 3.8.2, Sat Jun 20 14:19:09 2020 CEST <damian@fptrucha.inv.usc.es>
# name: hd
# type: matrix
# rows: 41
# columns: 2
 0 -180
 1 -179
 0 -178
 4 -177
 3 -176
 2 -175
 4 -174
 10 -173
 39 -172
 109 -171
 177 -170
 281 -169
 330 -168
 566 -167
 1183 -166
 2203 -165
 3269 -164
 3452 -163
 3591 -162
 3523 -161
 3565 -160
 3502 -159
 3440 -158
 3273 -157
 2420 -156
 1475 -155
 598 -154
 93 -153
 2 -152
 0 -151
 0 -150
 0 -149
 0 -148
 0 -147
 0 -146
 0 -145
 0 -144
 0 -143
 0 -142
 0 -141
 0 -140


