# Created by Octave 3.8.2, Mon Jun 22 19:52:00 2020 CEST <damian@fptrucha.inv.usc.es>
# name: hd
# type: matrix
# rows: 41
# columns: 2
 5 -180
 1 -179
 1 -178
 1 -177
 5 -176
 3 -175
 9 -174
 33 -173
 56 -172
 103 -171
 195 -170
 246 -169
 377 -168
 617 -167
 1391 -166
 2470 -165
 3423 -164
 3578 -163
 3567 -162
 3650 -161
 3704 -160
 3642 -159
 3227 -158
 3066 -157
 2383 -156
 1386 -155
 456 -154
 62 -153
 0 -152
 0 -151
 0 -150
 0 -149
 0 -148
 0 -147
 0 -146
 0 -145
 0 -144
 0 -143
 0 -142
 0 -141
 0 -140


