# Created by Octave 3.8.2, Sun Jun 21 03:57:11 2020 CEST <damian@fptrucha.inv.usc.es>
# name: hd
# type: matrix
# rows: 41
# columns: 2
 0 -180
 0 -179
 0 -178
 1 -177
 0 -176
 2 -175
 4 -174
 16 -173
 43 -172
 92 -171
 181 -170
 245 -169
 282 -168
 578 -167
 1172 -166
 2110 -165
 3017 -164
 3461 -163
 3361 -162
 3320 -161
 3333 -160
 3306 -159
 3193 -158
 2939 -157
 2196 -156
 1329 -155
 530 -154
 74 -153
 4 -152
 0 -151
 0 -150
 0 -149
 0 -148
 0 -147
 0 -146
 0 -145
 0 -144
 0 -143
 0 -142
 0 -141
 0 -140


