# Created by Octave 3.8.2, Sun Jun 21 03:37:45 2020 CEST <damian@fptrucha.inv.usc.es>
# name: hd
# type: matrix
# rows: 41
# columns: 2
 1 -180
 1 -179
 2 -178
 1 -177
 0 -176
 1 -175
 2 -174
 17 -173
 46 -172
 94 -171
 169 -170
 193 -169
 305 -168
 576 -167
 1154 -166
 2092 -165
 3020 -164
 3385 -163
 3336 -162
 3221 -161
 3411 -160
 3445 -159
 3324 -158
 3021 -157
 2276 -156
 1410 -155
 551 -154
 94 -153
 4 -152
 0 -151
 0 -150
 0 -149
 0 -148
 0 -147
 0 -146
 0 -145
 0 -144
 0 -143
 0 -142
 0 -141
 0 -140


