# Created by Octave 3.8.2, Mon Jun 22 06:17:51 2020 CEST <damian@fptrucha.inv.usc.es>
# name: hd
# type: matrix
# rows: 41
# columns: 2
 4 -180
 4 -179
 1 -178
 4 -177
 2 -176
 7 -175
 10 -174
 20 -173
 46 -172
 107 -171
 184 -170
 271 -169
 331 -168
 568 -167
 1255 -166
 2193 -165
 3077 -164
 3252 -163
 3196 -162
 3251 -161
 3205 -160
 3090 -159
 2893 -158
 2748 -157
 2205 -156
 1187 -155
 417 -154
 54 -153
 0 -152
 0 -151
 0 -150
 0 -149
 0 -148
 0 -147
 0 -146
 0 -145
 0 -144
 0 -143
 0 -142
 0 -141
 0 -140


