# Created by Octave 3.8.2, Mon Jun 22 10:26:44 2020 CEST <damian@fptrucha.inv.usc.es>
# name: hd
# type: matrix
# rows: 41
# columns: 2
 2 -180
 0 -179
 1 -178
 1 -177
 5 -176
 5 -175
 11 -174
 15 -173
 47 -172
 98 -171
 183 -170
 257 -169
 336 -168
 556 -167
 1269 -166
 2327 -165
 3197 -164
 3402 -163
 3392 -162
 3463 -161
 3470 -160
 3319 -159
 3208 -158
 2777 -157
 2317 -156
 1264 -155
 447 -154
 67 -153
 1 -152
 0 -151
 0 -150
 0 -149
 0 -148
 0 -147
 0 -146
 0 -145
 0 -144
 0 -143
 0 -142
 0 -141
 0 -140


