# Created by Octave 3.8.2, Sun Jun 21 02:35:40 2020 CEST <damian@fptrucha.inv.usc.es>
# name: hd
# type: matrix
# rows: 41
# columns: 2
 1 -180
 1 -179
 2 -178
 2 -177
 2 -176
 3 -175
 3 -174
 17 -173
 40 -172
 77 -171
 155 -170
 220 -169
 265 -168
 537 -167
 1132 -166
 2107 -165
 2973 -164
 3354 -163
 3388 -162
 3247 -161
 3271 -160
 3372 -159
 3179 -158
 2974 -157
 2153 -156
 1350 -155
 590 -154
 102 -153
 0 -152
 0 -151
 0 -150
 0 -149
 0 -148
 0 -147
 0 -146
 0 -145
 0 -144
 0 -143
 0 -142
 0 -141
 0 -140


