# Created by Octave 3.8.2, Sun Jun 21 05:41:11 2020 CEST <damian@fptrucha.inv.usc.es>
# name: hd
# type: matrix
# rows: 41
# columns: 2
 1 -180
 0 -179
 0 -178
 1 -177
 2 -176
 0 -175
 9 -174
 14 -173
 42 -172
 116 -171
 157 -170
 230 -169
 264 -168
 537 -167
 1153 -166
 2106 -165
 2955 -164
 3364 -163
 3394 -162
 3285 -161
 3246 -160
 3270 -159
 3220 -158
 2945 -157
 2255 -156
 1414 -155
 523 -154
 80 -153
 1 -152
 0 -151
 0 -150
 0 -149
 0 -148
 0 -147
 0 -146
 0 -145
 0 -144
 0 -143
 0 -142
 0 -141
 0 -140


