# Created by Octave 3.8.2, Sat Jun 20 14:23:10 2020 CEST <damian@fptrucha.inv.usc.es>
# name: hd
# type: matrix
# rows: 41
# columns: 2
 1 -180
 0 -179
 0 -178
 2 -177
 0 -176
 4 -175
 6 -174
 17 -173
 50 -172
 97 -171
 204 -170
 235 -169
 330 -168
 594 -167
 1205 -166
 2148 -165
 3199 -164
 3682 -163
 3779 -162
 3492 -161
 3420 -160
 3373 -159
 3422 -158
 3227 -157
 2401 -156
 1447 -155
 549 -154
 97 -153
 0 -152
 0 -151
 0 -150
 0 -149
 0 -148
 0 -147
 0 -146
 0 -145
 0 -144
 0 -143
 0 -142
 0 -141
 0 -140


