# Created by Octave 3.8.2, Mon Jun 22 21:03:35 2020 CEST <damian@fptrucha.inv.usc.es>
# name: hd
# type: matrix
# rows: 41
# columns: 2
 1 -180
 1 -179
 0 -178
 4 -177
 2 -176
 6 -175
 9 -174
 21 -173
 51 -172
 147 -171
 191 -170
 261 -169
 347 -168
 608 -167
 1410 -166
 2638 -165
 3379 -164
 3615 -163
 3472 -162
 3704 -161
 3618 -160
 3592 -159
 3361 -158
 3032 -157
 2418 -156
 1336 -155
 489 -154
 61 -153
 1 -152
 1 -151
 0 -150
 0 -149
 0 -148
 0 -147
 0 -146
 0 -145
 0 -144
 0 -143
 0 -142
 0 -141
 0 -140


