# Created by Octave 3.8.2, Sun Jun 21 07:45:41 2020 CEST <damian@fptrucha.inv.usc.es>
# name: hd
# type: matrix
# rows: 41
# columns: 2
 0 -180
 2 -179
 2 -178
 0 -177
 1 -176
 3 -175
 2 -174
 16 -173
 41 -172
 101 -171
 167 -170
 247 -169
 288 -168
 600 -167
 1161 -166
 2201 -165
 3066 -164
 3423 -163
 3533 -162
 3470 -161
 3495 -160
 3466 -159
 3310 -158
 3143 -157
 2393 -156
 1397 -155
 568 -154
 75 -153
 4 -152
 0 -151
 0 -150
 0 -149
 0 -148
 0 -147
 0 -146
 0 -145
 0 -144
 0 -143
 0 -142
 0 -141
 0 -140


