# Created by Octave 3.8.2, Mon Jun 22 09:23:57 2020 CEST <damian@fptrucha.inv.usc.es>
# name: hd
# type: matrix
# rows: 41
# columns: 2
 1 -180
 4 -179
 3 -178
 4 -177
 5 -176
 5 -175
 13 -174
 21 -173
 41 -172
 139 -171
 186 -170
 257 -169
 352 -168
 591 -167
 1337 -166
 2336 -165
 3114 -164
 3315 -163
 3270 -162
 3350 -161
 3360 -160
 3357 -159
 3042 -158
 2863 -157
 2157 -156
 1203 -155
 396 -154
 49 -153
 1 -152
 0 -151
 0 -150
 0 -149
 0 -148
 0 -147
 0 -146
 0 -145
 0 -144
 0 -143
 0 -142
 0 -141
 0 -140


