# Created by Octave 3.8.2, Sat Jun 20 05:34:08 2020 CEST <damian@fptrucha.inv.usc.es>
# name: hd
# type: matrix
# rows: 41
# columns: 2
 2 -180
 1 -179
 1 -178
 0 -177
 5 -176
 6 -175
 5 -174
 12 -173
 40 -172
 119 -171
 176 -170
 254 -169
 289 -168
 592 -167
 1229 -166
 2418 -165
 3506 -164
 3902 -163
 3775 -162
 3762 -161
 3757 -160
 3851 -159
 3629 -158
 3276 -157
 2544 -156
 1511 -155
 615 -154
 87 -153
 2 -152
 0 -151
 0 -150
 0 -149
 0 -148
 0 -147
 0 -146
 0 -145
 0 -144
 0 -143
 0 -142
 0 -141
 0 -140


