# Created by Octave 3.8.2, Mon Jun 22 03:03:01 2020 CEST <damian@fptrucha.inv.usc.es>
# name: hd
# type: matrix
# rows: 41
# columns: 2
 6 -180
 2 -179
 4 -178
 5 -177
 3 -176
 7 -175
 10 -174
 30 -173
 37 -172
 111 -171
 179 -170
 205 -169
 294 -168
 542 -167
 1219 -166
 2203 -165
 3019 -164
 3180 -163
 3156 -162
 3381 -161
 3184 -160
 3170 -159
 2921 -158
 2739 -157
 2132 -156
 1234 -155
 408 -154
 51 -153
 4 -152
 0 -151
 0 -150
 0 -149
 0 -148
 0 -147
 0 -146
 0 -145
 0 -144
 0 -143
 0 -142
 0 -141
 0 -140


