# Created by Octave 3.8.2, Sat Jun 20 02:01:49 2020 CEST <damian@fptrucha.inv.usc.es>
# name: hd
# type: matrix
# rows: 41
# columns: 2
 2 -180
 1 -179
 0 -178
 2 -177
 0 -176
 2 -175
 5 -174
 14 -173
 46 -172
 97 -171
 169 -170
 221 -169
 317 -168
 557 -167
 1246 -166
 2324 -165
 3319 -164
 3738 -163
 3803 -162
 3697 -161
 3657 -160
 3616 -159
 3577 -158
 3280 -157
 2547 -156
 1552 -155
 587 -154
 106 -153
 2 -152
 0 -151
 0 -150
 0 -149
 0 -148
 0 -147
 0 -146
 0 -145
 0 -144
 0 -143
 0 -142
 0 -141
 0 -140


