# Created by Octave 3.8.2, Mon Jun 22 02:33:08 2020 CEST <damian@fptrucha.inv.usc.es>
# name: hd
# type: matrix
# rows: 41
# columns: 2
 0 -180
 6 -179
 3 -178
 4 -177
 5 -176
 8 -175
 10 -174
 16 -173
 53 -172
 126 -171
 203 -170
 243 -169
 326 -168
 562 -167
 1267 -166
 2241 -165
 2902 -164
 3250 -163
 3101 -162
 3189 -161
 3143 -160
 3188 -159
 2985 -158
 2702 -157
 2145 -156
 1172 -155
 436 -154
 53 -153
 3 -152
 0 -151
 0 -150
 0 -149
 0 -148
 0 -147
 0 -146
 0 -145
 0 -144
 0 -143
 0 -142
 0 -141
 0 -140


