# Created by Octave 3.8.2, Mon Jun 22 21:57:05 2020 CEST <damian@fptrucha.inv.usc.es>
# name: hd
# type: matrix
# rows: 41
# columns: 2
 0 -180
 0 -179
 1 -178
 2 -177
 4 -176
 1 -175
 6 -174
 17 -173
 46 -172
 138 -171
 175 -170
 250 -169
 354 -168
 576 -167
 1273 -166
 2334 -165
 3248 -164
 3734 -163
 3662 -162
 3651 -161
 3608 -160
 3663 -159
 3616 -158
 3148 -157
 2546 -156
 1507 -155
 590 -154
 93 -153
 1 -152
 0 -151
 0 -150
 0 -149
 0 -148
 0 -147
 0 -146
 0 -145
 0 -144
 0 -143
 0 -142
 0 -141
 0 -140


