# Created by Octave 3.8.2, Sun Jun 21 02:18:26 2020 CEST <damian@fptrucha.inv.usc.es>
# name: hd
# type: matrix
# rows: 41
# columns: 2
 0 -180
 0 -179
 0 -178
 1 -177
 1 -176
 1 -175
 8 -174
 13 -173
 46 -172
 89 -171
 160 -170
 242 -169
 317 -168
 595 -167
 1211 -166
 2157 -165
 3022 -164
 3457 -163
 3377 -162
 3379 -161
 3415 -160
 3484 -159
 3176 -158
 2941 -157
 2229 -156
 1353 -155
 470 -154
 66 -153
 1 -152
 0 -151
 0 -150
 0 -149
 0 -148
 0 -147
 0 -146
 0 -145
 0 -144
 0 -143
 0 -142
 0 -141
 0 -140


