# Created by Octave 3.8.2, Mon Jun 22 23:50:19 2020 CEST <damian@fptrucha.inv.usc.es>
# name: hd
# type: matrix
# rows: 41
# columns: 2
 2 -180
 0 -179
 2 -178
 0 -177
 3 -176
 3 -175
 2 -174
 31 -173
 46 -172
 127 -171
 195 -170
 252 -169
 348 -168
 623 -167
 1338 -166
 2410 -165
 3271 -164
 3768 -163
 3667 -162
 3691 -161
 3727 -160
 3642 -159
 3515 -158
 3211 -157
 2479 -156
 1478 -155
 549 -154
 98 -153
 2 -152
 0 -151
 0 -150
 0 -149
 0 -148
 0 -147
 0 -146
 0 -145
 0 -144
 0 -143
 0 -142
 0 -141
 0 -140


