# Created by Octave 3.8.2, Sat Jun 20 11:09:54 2020 CEST <damian@fptrucha.inv.usc.es>
# name: hd
# type: matrix
# rows: 41
# columns: 2
 2 -180
 0 -179
 0 -178
 1 -177
 2 -176
 3 -175
 10 -174
 19 -173
 45 -172
 126 -171
 208 -170
 300 -169
 362 -168
 646 -167
 1321 -166
 2398 -165
 3313 -164
 3800 -163
 3638 -162
 3783 -161
 3743 -160
 3875 -159
 3573 -158
 3219 -157
 2605 -156
 1506 -155
 578 -154
 77 -153
 2 -152
 1 -151
 0 -150
 0 -149
 0 -148
 0 -147
 0 -146
 0 -145
 0 -144
 0 -143
 0 -142
 0 -141
 0 -140


