# Created by Octave 3.8.2, Sun Jun 21 07:08:37 2020 CEST <damian@fptrucha.inv.usc.es>
# name: hd
# type: matrix
# rows: 41
# columns: 2
 0 -180
 0 -179
 1 -178
 0 -177
 1 -176
 0 -175
 7 -174
 13 -173
 44 -172
 92 -171
 179 -170
 238 -169
 319 -168
 575 -167
 1269 -166
 2067 -165
 3118 -164
 3490 -163
 3557 -162
 3644 -161
 3453 -160
 3495 -159
 3270 -158
 3098 -157
 2420 -156
 1377 -155
 553 -154
 98 -153
 2 -152
 0 -151
 0 -150
 0 -149
 0 -148
 0 -147
 0 -146
 0 -145
 0 -144
 0 -143
 0 -142
 0 -141
 0 -140


