# Created by Octave 3.8.2, Sat Jun 20 19:21:48 2020 CEST <damian@fptrucha.inv.usc.es>
# name: hd
# type: matrix
# rows: 41
# columns: 2
 0 -180
 0 -179
 0 -178
 2 -177
 1 -176
 2 -175
 8 -174
 11 -173
 47 -172
 120 -171
 145 -170
 233 -169
 302 -168
 565 -167
 1243 -166
 2091 -165
 3100 -164
 3389 -163
 3372 -162
 3355 -161
 3370 -160
 3422 -159
 3273 -158
 3064 -157
 2339 -156
 1414 -155
 536 -154
 97 -153
 3 -152
 0 -151
 0 -150
 0 -149
 0 -148
 0 -147
 0 -146
 0 -145
 0 -144
 0 -143
 0 -142
 0 -141
 0 -140


