# Created by Octave 3.8.2, Mon Jun 22 13:35:20 2020 CEST <damian@fptrucha.inv.usc.es>
# name: hd
# type: matrix
# rows: 41
# columns: 2
 2 -180
 3 -179
 0 -178
 1 -177
 2 -176
 8 -175
 9 -174
 24 -173
 55 -172
 141 -171
 198 -170
 250 -169
 297 -168
 642 -167
 1305 -166
 2461 -165
 3233 -164
 3239 -163
 3428 -162
 3560 -161
 3499 -160
 3558 -159
 3081 -158
 2863 -157
 2283 -156
 1317 -155
 410 -154
 49 -153
 0 -152
 0 -151
 0 -150
 0 -149
 0 -148
 0 -147
 0 -146
 0 -145
 0 -144
 0 -143
 0 -142
 0 -141
 0 -140


