# Created by Octave 3.8.2, Mon Jun 22 22:30:40 2020 CEST <damian@fptrucha.inv.usc.es>
# name: hd
# type: matrix
# rows: 41
# columns: 2
 2 -180
 0 -179
 0 -178
 1 -177
 3 -176
 5 -175
 6 -174
 19 -173
 48 -172
 145 -171
 217 -170
 269 -169
 299 -168
 588 -167
 1275 -166
 2372 -165
 3326 -164
 3816 -163
 3758 -162
 3618 -161
 3590 -160
 3632 -159
 3592 -158
 3133 -157
 2422 -156
 1508 -155
 559 -154
 83 -153
 3 -152
 0 -151
 0 -150
 0 -149
 0 -148
 0 -147
 0 -146
 0 -145
 0 -144
 0 -143
 0 -142
 0 -141
 0 -140


