# Created by Octave 3.8.2, Mon Jun 22 06:12:51 2020 CEST <damian@fptrucha.inv.usc.es>
# name: hd
# type: matrix
# rows: 41
# columns: 2
 4 -180
 4 -179
 5 -178
 2 -177
 5 -176
 9 -175
 9 -174
 15 -173
 39 -172
 122 -171
 199 -170
 228 -169
 307 -168
 582 -167
 1233 -166
 2319 -165
 2980 -164
 3223 -163
 3137 -162
 3236 -161
 3317 -160
 3152 -159
 3044 -158
 2792 -157
 2192 -156
 1245 -155
 426 -154
 65 -153
 3 -152
 0 -151
 0 -150
 0 -149
 0 -148
 0 -147
 0 -146
 0 -145
 0 -144
 0 -143
 0 -142
 0 -141
 0 -140


