# Created by Octave 3.8.2, Mon Jun 22 01:21:05 2020 CEST <damian@fptrucha.inv.usc.es>
# name: hd
# type: matrix
# rows: 41
# columns: 2
 1 -180
 1 -179
 1 -178
 2 -177
 2 -176
 2 -175
 7 -174
 18 -173
 35 -172
 105 -171
 187 -170
 233 -169
 290 -168
 578 -167
 1214 -166
 2170 -165
 2974 -164
 3443 -163
 3529 -162
 3294 -161
 3215 -160
 3419 -159
 3269 -158
 3030 -157
 2333 -156
 1331 -155
 506 -154
 78 -153
 2 -152
 0 -151
 0 -150
 0 -149
 0 -148
 0 -147
 0 -146
 0 -145
 0 -144
 0 -143
 0 -142
 0 -141
 0 -140


