# Created by Octave 3.8.2, Mon Jun 22 15:20:14 2020 CEST <damian@fptrucha.inv.usc.es>
# name: hd
# type: matrix
# rows: 41
# columns: 2
 0 -180
 0 -179
 1 -178
 3 -177
 5 -176
 4 -175
 1 -174
 18 -173
 58 -172
 126 -171
 208 -170
 278 -169
 353 -168
 670 -167
 1360 -166
 2553 -165
 3300 -164
 3584 -163
 3547 -162
 3658 -161
 3519 -160
 3488 -159
 3304 -158
 2970 -157
 2315 -156
 1318 -155
 487 -154
 59 -153
 1 -152
 0 -151
 0 -150
 0 -149
 0 -148
 0 -147
 0 -146
 0 -145
 0 -144
 0 -143
 0 -142
 0 -141
 0 -140


