# Created by Octave 3.8.2, Sun Jun 21 03:49:34 2020 CEST <damian@fptrucha.inv.usc.es>
# name: hd
# type: matrix
# rows: 41
# columns: 2
 1 -180
 0 -179
 2 -178
 0 -177
 1 -176
 4 -175
 6 -174
 14 -173
 46 -172
 104 -171
 144 -170
 206 -169
 285 -168
 531 -167
 1150 -166
 2211 -165
 2997 -164
 3315 -163
 3329 -162
 3435 -161
 3205 -160
 3308 -159
 3189 -158
 2935 -157
 2228 -156
 1351 -155
 503 -154
 78 -153
 1 -152
 0 -151
 0 -150
 0 -149
 0 -148
 0 -147
 0 -146
 0 -145
 0 -144
 0 -143
 0 -142
 0 -141
 0 -140


