# Created by Octave 3.8.2, Sat Jun 20 22:25:43 2020 CEST <damian@fptrucha.inv.usc.es>
# name: hd
# type: matrix
# rows: 41
# columns: 2
 1 -180
 2 -179
 0 -178
 2 -177
 1 -176
 0 -175
 6 -174
 15 -173
 48 -172
 89 -171
 165 -170
 207 -169
 283 -168
 555 -167
 1237 -166
 2123 -165
 2980 -164
 3392 -163
 3512 -162
 3329 -161
 3339 -160
 3404 -159
 3214 -158
 2914 -157
 2249 -156
 1417 -155
 518 -154
 85 -153
 3 -152
 1 -151
 0 -150
 0 -149
 0 -148
 0 -147
 0 -146
 0 -145
 0 -144
 0 -143
 0 -142
 0 -141
 0 -140


