# Created by Octave 3.8.2, Sun Jun 21 03:21:35 2020 CEST <damian@fptrucha.inv.usc.es>
# name: hd
# type: matrix
# rows: 41
# columns: 2
 0 -180
 0 -179
 0 -178
 1 -177
 2 -176
 4 -175
 7 -174
 12 -173
 41 -172
 108 -171
 189 -170
 215 -169
 260 -168
 600 -167
 1161 -166
 2143 -165
 3005 -164
 3355 -163
 3398 -162
 3316 -161
 3338 -160
 3300 -159
 3089 -158
 2890 -157
 2277 -156
 1327 -155
 493 -154
 100 -153
 1 -152
 0 -151
 0 -150
 0 -149
 0 -148
 0 -147
 0 -146
 0 -145
 0 -144
 0 -143
 0 -142
 0 -141
 0 -140


