# Created by Octave 3.8.2, Mon Jun 22 18:22:53 2020 CEST <damian@fptrucha.inv.usc.es>
# name: hd
# type: matrix
# rows: 41
# columns: 2
 1 -180
 1 -179
 0 -178
 2 -177
 3 -176
 8 -175
 11 -174
 14 -173
 45 -172
 138 -171
 208 -170
 240 -169
 341 -168
 656 -167
 1387 -166
 2425 -165
 3234 -164
 3470 -163
 3592 -162
 3673 -161
 3575 -160
 3504 -159
 3245 -158
 2887 -157
 2391 -156
 1345 -155
 466 -154
 45 -153
 1 -152
 0 -151
 0 -150
 0 -149
 0 -148
 0 -147
 0 -146
 0 -145
 0 -144
 0 -143
 0 -142
 0 -141
 0 -140


