# Created by Octave 3.8.2, Sun Jun 21 07:49:16 2020 CEST <damian@fptrucha.inv.usc.es>
# name: hd
# type: matrix
# rows: 41
# columns: 2
 0 -180
 1 -179
 0 -178
 0 -177
 2 -176
 0 -175
 6 -174
 10 -173
 40 -172
 96 -171
 180 -170
 233 -169
 293 -168
 528 -167
 1164 -166
 2096 -165
 3003 -164
 3560 -163
 3473 -162
 3416 -161
 3259 -160
 3216 -159
 3223 -158
 3024 -157
 2311 -156
 1433 -155
 548 -154
 72 -153
 2 -152
 0 -151
 0 -150
 0 -149
 0 -148
 0 -147
 0 -146
 0 -145
 0 -144
 0 -143
 0 -142
 0 -141
 0 -140


