# Created by Octave 3.8.2, Mon Jun 22 17:00:27 2020 CEST <damian@fptrucha.inv.usc.es>
# name: hd
# type: matrix
# rows: 41
# columns: 2
 1 -180
 4 -179
 2 -178
 3 -177
 6 -176
 5 -175
 9 -174
 29 -173
 49 -172
 134 -171
 214 -170
 241 -169
 330 -168
 624 -167
 1401 -166
 2545 -165
 3397 -164
 3434 -163
 3573 -162
 3495 -161
 3633 -160
 3505 -159
 3268 -158
 2861 -157
 2297 -156
 1270 -155
 439 -154
 41 -153
 2 -152
 0 -151
 0 -150
 0 -149
 0 -148
 0 -147
 0 -146
 0 -145
 0 -144
 0 -143
 0 -142
 0 -141
 0 -140


