# Created by Octave 3.8.2, Sat Jun 20 06:03:57 2020 CEST <damian@fptrucha.inv.usc.es>
# name: hd
# type: matrix
# rows: 41
# columns: 2
 0 -180
 0 -179
 1 -178
 1 -177
 5 -176
 3 -175
 7 -174
 9 -173
 47 -172
 125 -171
 186 -170
 257 -169
 337 -168
 555 -167
 1283 -166
 2346 -165
 3461 -164
 3913 -163
 3877 -162
 3904 -161
 3737 -160
 3841 -159
 3755 -158
 3422 -157
 2658 -156
 1620 -155
 600 -154
 88 -153
 3 -152
 0 -151
 0 -150
 0 -149
 0 -148
 0 -147
 0 -146
 0 -145
 0 -144
 0 -143
 0 -142
 0 -141
 0 -140


