# Created by Octave 3.8.2, Mon Jun 22 23:58:37 2020 CEST <damian@fptrucha.inv.usc.es>
# name: hd
# type: matrix
# rows: 41
# columns: 2
 1 -180
 0 -179
 0 -178
 1 -177
 1 -176
 2 -175
 9 -174
 24 -173
 54 -172
 121 -171
 190 -170
 221 -169
 290 -168
 617 -167
 1274 -166
 2279 -165
 3271 -164
 3785 -163
 3658 -162
 3695 -161
 3601 -160
 3605 -159
 3508 -158
 3198 -157
 2597 -156
 1501 -155
 570 -154
 99 -153
 2 -152
 0 -151
 0 -150
 0 -149
 0 -148
 0 -147
 0 -146
 0 -145
 0 -144
 0 -143
 0 -142
 0 -141
 0 -140


