# Created by Octave 3.8.2, Sat Jun 20 11:07:00 2020 CEST <damian@fptrucha.inv.usc.es>
# name: hd
# type: matrix
# rows: 41
# columns: 2
 2 -180
 0 -179
 2 -178
 2 -177
 1 -176
 7 -175
 4 -174
 22 -173
 46 -172
 131 -171
 217 -170
 294 -169
 343 -168
 596 -167
 1350 -166
 2433 -165
 3444 -164
 3836 -163
 3695 -162
 3751 -161
 3698 -160
 3707 -159
 3597 -158
 3333 -157
 2646 -156
 1602 -155
 602 -154
 107 -153
 3 -152
 0 -151
 0 -150
 0 -149
 0 -148
 0 -147
 0 -146
 0 -145
 0 -144
 0 -143
 0 -142
 0 -141
 0 -140


