# Created by Octave 3.8.2, Sun Jun 21 00:45:40 2020 CEST <damian@fptrucha.inv.usc.es>
# name: hd
# type: matrix
# rows: 41
# columns: 2
 1 -180
 1 -179
 0 -178
 1 -177
 1 -176
 3 -175
 8 -174
 11 -173
 40 -172
 94 -171
 154 -170
 232 -169
 319 -168
 515 -167
 1089 -166
 2057 -165
 2964 -164
 3437 -163
 3448 -162
 3353 -161
 3300 -160
 3397 -159
 3150 -158
 2942 -157
 2226 -156
 1455 -155
 532 -154
 94 -153
 0 -152
 0 -151
 0 -150
 0 -149
 0 -148
 0 -147
 0 -146
 0 -145
 0 -144
 0 -143
 0 -142
 0 -141
 0 -140


