# Created by Octave 3.8.2, Mon Jun 22 05:46:54 2020 CEST <damian@fptrucha.inv.usc.es>
# name: hd
# type: matrix
# rows: 41
# columns: 2
 3 -180
 5 -179
 1 -178
 2 -177
 3 -176
 5 -175
 7 -174
 13 -173
 59 -172
 116 -171
 170 -170
 241 -169
 294 -168
 547 -167
 1237 -166
 2204 -165
 3022 -164
 3157 -163
 3162 -162
 3222 -161
 3212 -160
 3171 -159
 3002 -158
 2715 -157
 2178 -156
 1236 -155
 431 -154
 62 -153
 1 -152
 0 -151
 0 -150
 0 -149
 0 -148
 0 -147
 0 -146
 0 -145
 0 -144
 0 -143
 0 -142
 0 -141
 0 -140


