# Created by Octave 3.8.2, Mon Jun 22 20:27:03 2020 CEST <damian@fptrucha.inv.usc.es>
# name: hd
# type: matrix
# rows: 41
# columns: 2
 1 -180
 2 -179
 3 -178
 2 -177
 2 -176
 5 -175
 11 -174
 14 -173
 56 -172
 129 -171
 180 -170
 282 -169
 342 -168
 637 -167
 1445 -166
 2603 -165
 3430 -164
 3510 -163
 3650 -162
 3751 -161
 3657 -160
 3574 -159
 3375 -158
 3082 -157
 2410 -156
 1347 -155
 438 -154
 68 -153
 3 -152
 0 -151
 0 -150
 0 -149
 0 -148
 0 -147
 0 -146
 0 -145
 0 -144
 0 -143
 0 -142
 0 -141
 0 -140


