# Created by Octave 3.8.2, Sun Jun 21 02:48:22 2020 CEST <damian@fptrucha.inv.usc.es>
# name: hd
# type: matrix
# rows: 41
# columns: 2
 1 -180
 0 -179
 2 -178
 1 -177
 1 -176
 2 -175
 8 -174
 20 -173
 25 -172
 99 -171
 130 -170
 214 -169
 263 -168
 540 -167
 1185 -166
 2130 -165
 3019 -164
 3283 -163
 3286 -162
 3284 -161
 3152 -160
 3194 -159
 3008 -158
 2923 -157
 2259 -156
 1324 -155
 524 -154
 92 -153
 2 -152
 0 -151
 0 -150
 0 -149
 0 -148
 0 -147
 0 -146
 0 -145
 0 -144
 0 -143
 0 -142
 0 -141
 0 -140


