# Created by Octave 3.8.2, Sun Jun 21 06:49:45 2020 CEST <damian@fptrucha.inv.usc.es>
# name: hd
# type: matrix
# rows: 41
# columns: 2
 0 -180
 0 -179
 1 -178
 1 -177
 1 -176
 0 -175
 3 -174
 13 -173
 32 -172
 88 -171
 171 -170
 224 -169
 297 -168
 542 -167
 1109 -166
 2104 -165
 3026 -164
 3224 -163
 3425 -162
 3422 -161
 3207 -160
 3300 -159
 3010 -158
 3032 -157
 2285 -156
 1283 -155
 508 -154
 96 -153
 3 -152
 0 -151
 0 -150
 0 -149
 0 -148
 0 -147
 0 -146
 0 -145
 0 -144
 0 -143
 0 -142
 0 -141
 0 -140


