# Created by Octave 3.8.2, Sun Jun 21 06:20:43 2020 CEST <damian@fptrucha.inv.usc.es>
# name: hd
# type: matrix
# rows: 41
# columns: 2
 1 -180
 2 -179
 0 -178
 1 -177
 1 -176
 1 -175
 6 -174
 13 -173
 34 -172
 101 -171
 157 -170
 225 -169
 257 -168
 530 -167
 1147 -166
 2151 -165
 3044 -164
 3313 -163
 3357 -162
 3261 -161
 3283 -160
 3340 -159
 3254 -158
 2996 -157
 2244 -156
 1421 -155
 551 -154
 75 -153
 5 -152
 0 -151
 0 -150
 0 -149
 0 -148
 0 -147
 0 -146
 0 -145
 0 -144
 0 -143
 0 -142
 0 -141
 0 -140


