# Created by Octave 3.8.2, Mon Jun 22 01:41:24 2020 CEST <damian@fptrucha.inv.usc.es>
# name: hd
# type: matrix
# rows: 41
# columns: 2
 3 -180
 2 -179
 1 -178
 2 -177
 2 -176
 1 -175
 7 -174
 14 -173
 53 -172
 121 -171
 189 -170
 244 -169
 301 -168
 598 -167
 1293 -166
 2405 -165
 3332 -164
 3640 -163
 3577 -162
 3512 -161
 3517 -160
 3515 -159
 3409 -158
 2968 -157
 2404 -156
 1378 -155
 514 -154
 61 -153
 2 -152
 1 -151
 0 -150
 0 -149
 0 -148
 0 -147
 0 -146
 0 -145
 0 -144
 0 -143
 0 -142
 0 -141
 0 -140


