# Created by Octave 3.8.2, Sat Jun 20 07:44:55 2020 CEST <damian@fptrucha.inv.usc.es>
# name: hd
# type: matrix
# rows: 41
# columns: 2
 1 -180
 0 -179
 0 -178
 0 -177
 2 -176
 6 -175
 4 -174
 22 -173
 52 -172
 125 -171
 196 -170
 255 -169
 304 -168
 600 -167
 1339 -166
 2477 -165
 3460 -164
 3901 -163
 3996 -162
 4013 -161
 3899 -160
 3864 -159
 3705 -158
 3426 -157
 2672 -156
 1591 -155
 621 -154
 98 -153
 3 -152
 0 -151
 0 -150
 0 -149
 0 -148
 0 -147
 0 -146
 0 -145
 0 -144
 0 -143
 0 -142
 0 -141
 0 -140


