# Created by Octave 3.8.2, Sat Jun 20 23:10:30 2020 CEST <damian@fptrucha.inv.usc.es>
# name: hd
# type: matrix
# rows: 41
# columns: 2
 0 -180
 0 -179
 1 -178
 0 -177
 0 -176
 1 -175
 6 -174
 12 -173
 42 -172
 100 -171
 170 -170
 229 -169
 280 -168
 585 -167
 1169 -166
 2161 -165
 2988 -164
 3371 -163
 3498 -162
 3367 -161
 3411 -160
 3331 -159
 3179 -158
 2873 -157
 2394 -156
 1373 -155
 534 -154
 84 -153
 2 -152
 0 -151
 0 -150
 0 -149
 0 -148
 0 -147
 0 -146
 0 -145
 0 -144
 0 -143
 0 -142
 0 -141
 0 -140


