# Created by Octave 3.8.2, Sun Jun 21 03:26:40 2020 CEST <damian@fptrucha.inv.usc.es>
# name: hd
# type: matrix
# rows: 41
# columns: 2
 1 -180
 0 -179
 1 -178
 1 -177
 1 -176
 0 -175
 5 -174
 18 -173
 48 -172
 103 -171
 177 -170
 225 -169
 290 -168
 518 -167
 1220 -166
 2158 -165
 2894 -164
 3389 -163
 3453 -162
 3286 -161
 3226 -160
 3317 -159
 3196 -158
 2919 -157
 2139 -156
 1371 -155
 556 -154
 83 -153
 0 -152
 0 -151
 0 -150
 0 -149
 0 -148
 0 -147
 0 -146
 0 -145
 0 -144
 0 -143
 0 -142
 0 -141
 0 -140


