# Created by Octave 3.8.2, Mon Jun 22 12:36:36 2020 CEST <damian@fptrucha.inv.usc.es>
# name: hd
# type: matrix
# rows: 41
# columns: 2
 3 -180
 0 -179
 3 -178
 3 -177
 2 -176
 7 -175
 9 -174
 16 -173
 47 -172
 115 -171
 207 -170
 273 -169
 316 -168
 635 -167
 1321 -166
 2411 -165
 3158 -164
 3448 -163
 3309 -162
 3436 -161
 3397 -160
 3439 -159
 3176 -158
 2902 -157
 2270 -156
 1280 -155
 387 -154
 57 -153
 2 -152
 0 -151
 0 -150
 0 -149
 0 -148
 0 -147
 0 -146
 0 -145
 0 -144
 0 -143
 0 -142
 0 -141
 0 -140


