# Created by Octave 3.8.2, Sat Jun 20 13:20:50 2020 CEST <damian@fptrucha.inv.usc.es>
# name: hd
# type: matrix
# rows: 41
# columns: 2
 2 -180
 1 -179
 2 -178
 1 -177
 0 -176
 2 -175
 8 -174
 18 -173
 50 -172
 128 -171
 212 -170
 266 -169
 316 -168
 555 -167
 1325 -166
 2328 -165
 3350 -164
 3711 -163
 3757 -162
 3641 -161
 3691 -160
 3608 -159
 3592 -158
 3177 -157
 2548 -156
 1452 -155
 604 -154
 97 -153
 2 -152
 0 -151
 0 -150
 0 -149
 0 -148
 0 -147
 0 -146
 0 -145
 0 -144
 0 -143
 0 -142
 0 -141
 0 -140


