# Created by Octave 3.8.2, Sat Jun 20 20:45:27 2020 CEST <damian@fptrucha.inv.usc.es>
# name: hd
# type: matrix
# rows: 41
# columns: 2
 1 -180
 0 -179
 0 -178
 1 -177
 2 -176
 5 -175
 7 -174
 14 -173
 38 -172
 114 -171
 170 -170
 218 -169
 297 -168
 566 -167
 1176 -166
 2223 -165
 3064 -164
 3507 -163
 3438 -162
 3451 -161
 3396 -160
 3305 -159
 3231 -158
 2950 -157
 2313 -156
 1367 -155
 530 -154
 87 -153
 1 -152
 0 -151
 0 -150
 0 -149
 0 -148
 0 -147
 0 -146
 0 -145
 0 -144
 0 -143
 0 -142
 0 -141
 0 -140


