# Created by Octave 3.8.2, Sat Jun 20 12:35:16 2020 CEST <damian@fptrucha.inv.usc.es>
# name: hd
# type: matrix
# rows: 41
# columns: 2
 0 -180
 1 -179
 0 -178
 1 -177
 1 -176
 6 -175
 8 -174
 16 -173
 47 -172
 113 -171
 186 -170
 277 -169
 350 -168
 623 -167
 1359 -166
 2336 -165
 3269 -164
 3798 -163
 3754 -162
 3683 -161
 3727 -160
 3767 -159
 3486 -158
 3104 -157
 2414 -156
 1522 -155
 592 -154
 72 -153
 3 -152
 0 -151
 0 -150
 0 -149
 0 -148
 0 -147
 0 -146
 0 -145
 0 -144
 0 -143
 0 -142
 0 -141
 0 -140


