# Created by Octave 3.8.2, Sun Jun 21 05:22:36 2020 CEST <damian@fptrucha.inv.usc.es>
# name: hd
# type: matrix
# rows: 41
# columns: 2
 1 -180
 0 -179
 1 -178
 0 -177
 2 -176
 3 -175
 7 -174
 19 -173
 46 -172
 84 -171
 153 -170
 207 -169
 298 -168
 570 -167
 1150 -166
 2104 -165
 3043 -164
 3367 -163
 3366 -162
 3408 -161
 3273 -160
 3240 -159
 3284 -158
 2926 -157
 2339 -156
 1351 -155
 566 -154
 89 -153
 4 -152
 0 -151
 0 -150
 0 -149
 0 -148
 0 -147
 0 -146
 0 -145
 0 -144
 0 -143
 0 -142
 0 -141
 0 -140


