# Created by Octave 3.8.2, Sun Jun 21 04:14:22 2020 CEST <damian@fptrucha.inv.usc.es>
# name: hd
# type: matrix
# rows: 41
# columns: 2
 1 -180
 1 -179
 1 -178
 1 -177
 3 -176
 1 -175
 8 -174
 14 -173
 24 -172
 87 -171
 155 -170
 215 -169
 323 -168
 511 -167
 1228 -166
 2086 -165
 2960 -164
 3327 -163
 3365 -162
 3393 -161
 3197 -160
 3270 -159
 3189 -158
 2892 -157
 2306 -156
 1291 -155
 508 -154
 91 -153
 3 -152
 0 -151
 0 -150
 0 -149
 0 -148
 0 -147
 0 -146
 0 -145
 0 -144
 0 -143
 0 -142
 0 -141
 0 -140


