# Created by Octave 3.8.2, Sat Jun 20 16:06:39 2020 CEST <damian@fptrucha.inv.usc.es>
# name: hd
# type: matrix
# rows: 41
# columns: 2
 0 -180
 1 -179
 2 -178
 0 -177
 1 -176
 3 -175
 2 -174
 17 -173
 50 -172
 116 -171
 185 -170
 269 -169
 322 -168
 598 -167
 1253 -166
 2263 -165
 3136 -164
 3533 -163
 3589 -162
 3559 -161
 3503 -160
 3480 -159
 3307 -158
 2985 -157
 2397 -156
 1372 -155
 528 -154
 77 -153
 4 -152
 0 -151
 0 -150
 0 -149
 0 -148
 0 -147
 0 -146
 0 -145
 0 -144
 0 -143
 0 -142
 0 -141
 0 -140


