# Created by Octave 3.8.2, Mon Jun 22 02:16:50 2020 CEST <damian@fptrucha.inv.usc.es>
# name: hd
# type: matrix
# rows: 41
# columns: 2
 4 -180
 1 -179
 4 -178
 4 -177
 4 -176
 0 -175
 10 -174
 34 -173
 62 -172
 115 -171
 232 -170
 261 -169
 352 -168
 646 -167
 1299 -166
 2377 -165
 3238 -164
 3544 -163
 3378 -162
 3415 -161
 3439 -160
 3501 -159
 3245 -158
 2826 -157
 2221 -156
 1255 -155
 491 -154
 60 -153
 1 -152
 0 -151
 0 -150
 0 -149
 0 -148
 0 -147
 0 -146
 0 -145
 0 -144
 0 -143
 0 -142
 0 -141
 0 -140


