# Created by Octave 3.8.2, Mon Jun 22 09:08:53 2020 CEST <damian@fptrucha.inv.usc.es>
# name: hd
# type: matrix
# rows: 41
# columns: 2
 3 -180
 0 -179
 5 -178
 6 -177
 4 -176
 5 -175
 5 -174
 16 -173
 49 -172
 107 -171
 189 -170
 253 -169
 325 -168
 599 -167
 1322 -166
 2349 -165
 3028 -164
 3223 -163
 3310 -162
 3321 -161
 3367 -160
 3371 -159
 3136 -158
 2782 -157
 2183 -156
 1195 -155
 425 -154
 46 -153
 0 -152
 0 -151
 0 -150
 0 -149
 0 -148
 0 -147
 0 -146
 0 -145
 0 -144
 0 -143
 0 -142
 0 -141
 0 -140


