# Created by Octave 3.8.2, Mon Jun 22 13:44:39 2020 CEST <damian@fptrucha.inv.usc.es>
# name: hd
# type: matrix
# rows: 41
# columns: 2
 3 -180
 1 -179
 4 -178
 3 -177
 6 -176
 9 -175
 15 -174
 23 -173
 65 -172
 125 -171
 195 -170
 249 -169
 333 -168
 603 -167
 1357 -166
 2501 -165
 3247 -164
 3412 -163
 3487 -162
 3489 -161
 3553 -160
 3423 -159
 3071 -158
 2961 -157
 2351 -156
 1212 -155
 416 -154
 43 -153
 2 -152
 0 -151
 0 -150
 0 -149
 0 -148
 0 -147
 0 -146
 0 -145
 0 -144
 0 -143
 0 -142
 0 -141
 0 -140


