# Created by Octave 3.8.2, Mon Jun 22 02:23:41 2020 CEST <damian@fptrucha.inv.usc.es>
# name: hd
# type: matrix
# rows: 41
# columns: 2
 1 -180
 2 -179
 1 -178
 4 -177
 4 -176
 4 -175
 6 -174
 23 -173
 46 -172
 114 -171
 177 -170
 210 -169
 309 -168
 554 -167
 1276 -166
 2221 -165
 2825 -164
 3066 -163
 3023 -162
 3236 -161
 3052 -160
 3067 -159
 2820 -158
 2583 -157
 1878 -156
 1081 -155
 381 -154
 27 -153
 0 -152
 0 -151
 0 -150
 0 -149
 0 -148
 0 -147
 0 -146
 0 -145
 0 -144
 0 -143
 0 -142
 0 -141
 0 -140


