# Created by Octave 3.8.2, Sat Jun 20 17:03:38 2020 CEST <damian@fptrucha.inv.usc.es>
# name: hd
# type: matrix
# rows: 41
# columns: 2
 2 -180
 1 -179
 1 -178
 0 -177
 1 -176
 1 -175
 5 -174
 18 -173
 47 -172
 106 -171
 176 -170
 267 -169
 264 -168
 595 -167
 1205 -166
 2127 -165
 3032 -164
 3444 -163
 3418 -162
 3416 -161
 3390 -160
 3261 -159
 3187 -158
 3038 -157
 2438 -156
 1373 -155
 519 -154
 93 -153
 0 -152
 0 -151
 0 -150
 0 -149
 0 -148
 0 -147
 0 -146
 0 -145
 0 -144
 0 -143
 0 -142
 0 -141
 0 -140


