# Created by Octave 3.8.2, Mon Jun 22 23:43:34 2020 CEST <damian@fptrucha.inv.usc.es>
# name: hd
# type: matrix
# rows: 41
# columns: 2
 0 -180
 1 -179
 1 -178
 2 -177
 2 -176
 6 -175
 9 -174
 16 -173
 43 -172
 128 -171
 212 -170
 281 -169
 313 -168
 578 -167
 1295 -166
 2318 -165
 3399 -164
 3790 -163
 3606 -162
 3666 -161
 3656 -160
 3663 -159
 3565 -158
 3079 -157
 2457 -156
 1567 -155
 589 -154
 91 -153
 3 -152
 1 -151
 0 -150
 0 -149
 0 -148
 0 -147
 0 -146
 0 -145
 0 -144
 0 -143
 0 -142
 0 -141
 0 -140


