# Created by Octave 3.8.2, Mon Jun 22 04:15:15 2020 CEST <damian@fptrucha.inv.usc.es>
# name: hd
# type: matrix
# rows: 41
# columns: 2
 0 -180
 2 -179
 1 -178
 3 -177
 2 -176
 4 -175
 11 -174
 18 -173
 51 -172
 115 -171
 165 -170
 214 -169
 316 -168
 576 -167
 1261 -166
 2213 -165
 2860 -164
 3107 -163
 3085 -162
 3138 -161
 3112 -160
 3054 -159
 2878 -158
 2715 -157
 2037 -156
 1176 -155
 391 -154
 44 -153
 0 -152
 0 -151
 0 -150
 0 -149
 0 -148
 0 -147
 0 -146
 0 -145
 0 -144
 0 -143
 0 -142
 0 -141
 0 -140


