# Created by Octave 3.8.2, Sat Jun 20 23:35:09 2020 CEST <damian@fptrucha.inv.usc.es>
# name: hd
# type: matrix
# rows: 41
# columns: 2
 3 -180
 1 -179
 0 -178
 2 -177
 0 -176
 4 -175
 7 -174
 10 -173
 49 -172
 109 -171
 165 -170
 223 -169
 284 -168
 536 -167
 1162 -166
 2097 -165
 2967 -164
 3506 -163
 3347 -162
 3410 -161
 3151 -160
 3353 -159
 3131 -158
 2914 -157
 2245 -156
 1307 -155
 500 -154
 76 -153
 2 -152
 0 -151
 0 -150
 0 -149
 0 -148
 0 -147
 0 -146
 0 -145
 0 -144
 0 -143
 0 -142
 0 -141
 0 -140


