# Created by Octave 3.8.2, Mon Jun 22 15:09:31 2020 CEST <damian@fptrucha.inv.usc.es>
# name: hd
# type: matrix
# rows: 41
# columns: 2
 0 -180
 3 -179
 3 -178
 1 -177
 4 -176
 2 -175
 9 -174
 27 -173
 56 -172
 120 -171
 185 -170
 274 -169
 318 -168
 591 -167
 1313 -166
 2439 -165
 3257 -164
 3583 -163
 3466 -162
 3428 -161
 3493 -160
 3526 -159
 3124 -158
 2951 -157
 2475 -156
 1331 -155
 483 -154
 73 -153
 2 -152
 0 -151
 0 -150
 0 -149
 0 -148
 0 -147
 0 -146
 0 -145
 0 -144
 0 -143
 0 -142
 0 -141
 0 -140


