# Created by Octave 3.8.2, Mon Jun 22 08:30:20 2020 CEST <damian@fptrucha.inv.usc.es>
# name: hd
# type: matrix
# rows: 41
# columns: 2
 3 -180
 4 -179
 0 -178
 3 -177
 4 -176
 7 -175
 6 -174
 21 -173
 66 -172
 126 -171
 223 -170
 222 -169
 327 -168
 557 -167
 1344 -166
 2298 -165
 3111 -164
 3280 -163
 3277 -162
 3381 -161
 3364 -160
 3255 -159
 3041 -158
 2714 -157
 2189 -156
 1240 -155
 399 -154
 60 -153
 1 -152
 0 -151
 0 -150
 0 -149
 0 -148
 0 -147
 0 -146
 0 -145
 0 -144
 0 -143
 0 -142
 0 -141
 0 -140


