# Created by Octave 3.8.2, Sat Jun 20 22:27:00 2020 CEST <damian@fptrucha.inv.usc.es>
# name: hd
# type: matrix
# rows: 41
# columns: 2
 1 -180
 0 -179
 1 -178
 0 -177
 1 -176
 4 -175
 8 -174
 12 -173
 41 -172
 90 -171
 156 -170
 245 -169
 268 -168
 547 -167
 1203 -166
 2105 -165
 3071 -164
 3403 -163
 3371 -162
 3289 -161
 3279 -160
 3449 -159
 3246 -158
 2919 -157
 2263 -156
 1370 -155
 513 -154
 83 -153
 2 -152
 0 -151
 0 -150
 0 -149
 0 -148
 0 -147
 0 -146
 0 -145
 0 -144
 0 -143
 0 -142
 0 -141
 0 -140


