# Created by Octave 3.8.2, Mon Jun 22 05:24:43 2020 CEST <damian@fptrucha.inv.usc.es>
# name: hd
# type: matrix
# rows: 41
# columns: 2
 6 -180
 4 -179
 3 -178
 1 -177
 3 -176
 5 -175
 13 -174
 17 -173
 47 -172
 114 -171
 174 -170
 231 -169
 283 -168
 566 -167
 1216 -166
 2234 -165
 2975 -164
 3204 -163
 3076 -162
 3235 -161
 3249 -160
 3196 -159
 2897 -158
 2693 -157
 2068 -156
 1209 -155
 382 -154
 57 -153
 1 -152
 0 -151
 0 -150
 0 -149
 0 -148
 0 -147
 0 -146
 0 -145
 0 -144
 0 -143
 0 -142
 0 -141
 0 -140


