# Created by Octave 3.8.2, Mon Jun 22 15:57:29 2020 CEST <damian@fptrucha.inv.usc.es>
# name: hd
# type: matrix
# rows: 41
# columns: 2
 4 -180
 2 -179
 1 -178
 1 -177
 3 -176
 4 -175
 15 -174
 26 -173
 67 -172
 123 -171
 219 -170
 279 -169
 349 -168
 688 -167
 1404 -166
 2540 -165
 3362 -164
 3416 -163
 3537 -162
 3710 -161
 3642 -160
 3458 -159
 3188 -158
 2856 -157
 2270 -156
 1268 -155
 449 -154
 62 -153
 0 -152
 0 -151
 0 -150
 0 -149
 0 -148
 0 -147
 0 -146
 0 -145
 0 -144
 0 -143
 0 -142
 0 -141
 0 -140


