# Created by Octave 3.8.2, Mon Jun 22 05:16:56 2020 CEST <damian@fptrucha.inv.usc.es>
# name: hd
# type: matrix
# rows: 41
# columns: 2
 2 -180
 1 -179
 2 -178
 2 -177
 4 -176
 4 -175
 7 -174
 18 -173
 47 -172
 126 -171
 186 -170
 235 -169
 336 -168
 564 -167
 1309 -166
 2296 -165
 2899 -164
 3170 -163
 3130 -162
 3272 -161
 3082 -160
 3038 -159
 2965 -158
 2678 -157
 2016 -156
 1155 -155
 365 -154
 52 -153
 3 -152
 0 -151
 0 -150
 0 -149
 0 -148
 0 -147
 0 -146
 0 -145
 0 -144
 0 -143
 0 -142
 0 -141
 0 -140


