# Created by Octave 3.8.2, Sun Jun 21 03:09:38 2020 CEST <damian@fptrucha.inv.usc.es>
# name: hd
# type: matrix
# rows: 41
# columns: 2
 2 -180
 0 -179
 1 -178
 1 -177
 1 -176
 2 -175
 2 -174
 13 -173
 41 -172
 80 -171
 162 -170
 232 -169
 297 -168
 514 -167
 1189 -166
 2090 -165
 2991 -164
 3259 -163
 3376 -162
 3236 -161
 3234 -160
 3203 -159
 3173 -158
 2915 -157
 2320 -156
 1345 -155
 552 -154
 72 -153
 0 -152
 0 -151
 0 -150
 0 -149
 0 -148
 0 -147
 0 -146
 0 -145
 0 -144
 0 -143
 0 -142
 0 -141
 0 -140


