# Created by Octave 3.8.2, Sat Jun 20 13:50:43 2020 CEST <damian@fptrucha.inv.usc.es>
# name: hd
# type: matrix
# rows: 41
# columns: 2
 0 -180
 1 -179
 0 -178
 1 -177
 1 -176
 2 -175
 5 -174
 17 -173
 40 -172
 117 -171
 211 -170
 272 -169
 336 -168
 623 -167
 1322 -166
 2379 -165
 3240 -164
 3702 -163
 3672 -162
 3575 -161
 3513 -160
 3623 -159
 3506 -158
 3107 -157
 2468 -156
 1485 -155
 574 -154
 82 -153
 2 -152
 0 -151
 0 -150
 0 -149
 0 -148
 0 -147
 0 -146
 0 -145
 0 -144
 0 -143
 0 -142
 0 -141
 0 -140


