# Created by Octave 3.8.2, Sat Jun 20 21:38:40 2020 CEST <damian@fptrucha.inv.usc.es>
# name: hd
# type: matrix
# rows: 41
# columns: 2
 0 -180
 0 -179
 0 -178
 1 -177
 2 -176
 0 -175
 7 -174
 10 -173
 32 -172
 127 -171
 187 -170
 202 -169
 283 -168
 546 -167
 1189 -166
 2055 -165
 2995 -164
 3442 -163
 3371 -162
 3352 -161
 3270 -160
 3432 -159
 3307 -158
 2942 -157
 2286 -156
 1334 -155
 525 -154
 88 -153
 0 -152
 0 -151
 0 -150
 0 -149
 0 -148
 0 -147
 0 -146
 0 -145
 0 -144
 0 -143
 0 -142
 0 -141
 0 -140


