# Created by Octave 3.8.2, Mon Jun 22 11:03:56 2020 CEST <damian@fptrucha.inv.usc.es>
# name: hd
# type: matrix
# rows: 41
# columns: 2
 5 -180
 1 -179
 1 -178
 4 -177
 0 -176
 5 -175
 16 -174
 22 -173
 54 -172
 135 -171
 185 -170
 240 -169
 333 -168
 645 -167
 1336 -166
 2408 -165
 3195 -164
 3335 -163
 3510 -162
 3523 -161
 3444 -160
 3349 -159
 3189 -158
 2878 -157
 2205 -156
 1262 -155
 433 -154
 68 -153
 0 -152
 0 -151
 0 -150
 0 -149
 0 -148
 0 -147
 0 -146
 0 -145
 0 -144
 0 -143
 0 -142
 0 -141
 0 -140


