# Created by Octave 3.8.2, Mon Jun 22 23:51:28 2020 CEST <damian@fptrucha.inv.usc.es>
# name: hd
# type: matrix
# rows: 41
# columns: 2
 4 -180
 0 -179
 4 -178
 0 -177
 0 -176
 3 -175
 10 -174
 21 -173
 47 -172
 110 -171
 195 -170
 247 -169
 353 -168
 613 -167
 1315 -166
 2280 -165
 3319 -164
 3747 -163
 3537 -162
 3654 -161
 3616 -160
 3676 -159
 3496 -158
 3143 -157
 2391 -156
 1490 -155
 546 -154
 63 -153
 4 -152
 0 -151
 0 -150
 0 -149
 0 -148
 0 -147
 0 -146
 0 -145
 0 -144
 0 -143
 0 -142
 0 -141
 0 -140


