# Created by Octave 3.8.2, Mon Jun 22 02:30:18 2020 CEST <damian@fptrucha.inv.usc.es>
# name: hd
# type: matrix
# rows: 41
# columns: 2
 4 -180
 3 -179
 1 -178
 2 -177
 5 -176
 5 -175
 11 -174
 12 -173
 51 -172
 116 -171
 166 -170
 238 -169
 305 -168
 565 -167
 1236 -166
 2194 -165
 2889 -164
 3120 -163
 3152 -162
 3188 -161
 3145 -160
 3141 -159
 2846 -158
 2552 -157
 2004 -156
 1089 -155
 400 -154
 50 -153
 2 -152
 0 -151
 0 -150
 0 -149
 0 -148
 0 -147
 0 -146
 0 -145
 0 -144
 0 -143
 0 -142
 0 -141
 0 -140


