# Created by Octave 3.8.2, Sun Jun 21 05:56:41 2020 CEST <damian@fptrucha.inv.usc.es>
# name: hd
# type: matrix
# rows: 41
# columns: 2
 0 -180
 0 -179
 0 -178
 3 -177
 2 -176
 2 -175
 2 -174
 13 -173
 36 -172
 99 -171
 175 -170
 228 -169
 271 -168
 597 -167
 1200 -166
 2141 -165
 3050 -164
 3257 -163
 3503 -162
 3336 -161
 3397 -160
 3327 -159
 3264 -158
 2971 -157
 2239 -156
 1417 -155
 541 -154
 96 -153
 3 -152
 0 -151
 0 -150
 0 -149
 0 -148
 0 -147
 0 -146
 0 -145
 0 -144
 0 -143
 0 -142
 0 -141
 0 -140


