# Created by Octave 3.8.2, Sat Jun 20 04:11:31 2020 CEST <damian@fptrucha.inv.usc.es>
# name: hd
# type: matrix
# rows: 41
# columns: 2
 1 -180
 1 -179
 0 -178
 0 -177
 2 -176
 0 -175
 5 -174
 10 -173
 31 -172
 106 -171
 186 -170
 243 -169
 297 -168
 532 -167
 1297 -166
 2339 -165
 3313 -164
 3975 -163
 3911 -162
 3804 -161
 3658 -160
 3811 -159
 3607 -158
 3306 -157
 2528 -156
 1538 -155
 609 -154
 108 -153
 0 -152
 0 -151
 0 -150
 0 -149
 0 -148
 0 -147
 0 -146
 0 -145
 0 -144
 0 -143
 0 -142
 0 -141
 0 -140


