# Created by Octave 3.8.2, Sun Jun 21 06:35:18 2020 CEST <damian@fptrucha.inv.usc.es>
# name: hd
# type: matrix
# rows: 41
# columns: 2
 1 -180
 0 -179
 0 -178
 2 -177
 2 -176
 3 -175
 9 -174
 9 -173
 40 -172
 114 -171
 169 -170
 238 -169
 296 -168
 552 -167
 1188 -166
 2117 -165
 3206 -164
 3489 -163
 3605 -162
 3516 -161
 3422 -160
 3340 -159
 3324 -158
 3180 -157
 2435 -156
 1443 -155
 598 -154
 91 -153
 1 -152
 0 -151
 0 -150
 0 -149
 0 -148
 0 -147
 0 -146
 0 -145
 0 -144
 0 -143
 0 -142
 0 -141
 0 -140


