# Created by Octave 3.8.2, Mon Jun 22 07:54:04 2020 CEST <damian@fptrucha.inv.usc.es>
# name: hd
# type: matrix
# rows: 41
# columns: 2
 2 -180
 3 -179
 4 -178
 3 -177
 5 -176
 3 -175
 4 -174
 23 -173
 49 -172
 114 -171
 177 -170
 238 -169
 353 -168
 627 -167
 1238 -166
 2301 -165
 3028 -164
 3297 -163
 3214 -162
 3340 -161
 3350 -160
 3147 -159
 3023 -158
 2668 -157
 2118 -156
 1193 -155
 420 -154
 40 -153
 3 -152
 0 -151
 0 -150
 0 -149
 0 -148
 0 -147
 0 -146
 0 -145
 0 -144
 0 -143
 0 -142
 0 -141
 0 -140


