# Created by Octave 3.8.2, Mon Jun 22 07:58:12 2020 CEST <damian@fptrucha.inv.usc.es>
# name: hd
# type: matrix
# rows: 41
# columns: 2
 1 -180
 3 -179
 1 -178
 2 -177
 4 -176
 6 -175
 4 -174
 18 -173
 49 -172
 124 -171
 181 -170
 248 -169
 319 -168
 610 -167
 1314 -166
 2325 -165
 3002 -164
 3355 -163
 3193 -162
 3336 -161
 3347 -160
 3268 -159
 3064 -158
 2703 -157
 2112 -156
 1274 -155
 446 -154
 59 -153
 1 -152
 0 -151
 0 -150
 1 -149
 0 -148
 0 -147
 0 -146
 0 -145
 0 -144
 0 -143
 0 -142
 0 -141
 0 -140


