# Created by Octave 3.8.2, Sat Jun 20 19:39:29 2020 CEST <damian@fptrucha.inv.usc.es>
# name: hd
# type: matrix
# rows: 41
# columns: 2
 1 -180
 1 -179
 0 -178
 3 -177
 4 -176
 3 -175
 4 -174
 17 -173
 53 -172
 107 -171
 209 -170
 245 -169
 331 -168
 586 -167
 1172 -166
 2122 -165
 3037 -164
 3287 -163
 3572 -162
 3414 -161
 3320 -160
 3375 -159
 3342 -158
 3026 -157
 2287 -156
 1369 -155
 588 -154
 104 -153
 1 -152
 0 -151
 0 -150
 0 -149
 0 -148
 0 -147
 0 -146
 0 -145
 0 -144
 0 -143
 0 -142
 0 -141
 0 -140


