# Created by Octave 3.8.2, Mon Jun 22 06:37:31 2020 CEST <damian@fptrucha.inv.usc.es>
# name: hd
# type: matrix
# rows: 41
# columns: 2
 3 -180
 1 -179
 3 -178
 1 -177
 1 -176
 11 -175
 15 -174
 13 -173
 58 -172
 122 -171
 176 -170
 223 -169
 325 -168
 544 -167
 1303 -166
 2250 -165
 3033 -164
 3283 -163
 3236 -162
 3400 -161
 3243 -160
 3242 -159
 2965 -158
 2751 -157
 2178 -156
 1185 -155
 419 -154
 55 -153
 0 -152
 0 -151
 0 -150
 0 -149
 0 -148
 0 -147
 0 -146
 0 -145
 0 -144
 0 -143
 0 -142
 0 -141
 0 -140


