# Created by Octave 3.8.2, Sat Jun 20 14:13:46 2020 CEST <damian@fptrucha.inv.usc.es>
# name: hd
# type: matrix
# rows: 41
# columns: 2
 1 -180
 2 -179
 0 -178
 0 -177
 1 -176
 2 -175
 4 -174
 14 -173
 34 -172
 117 -171
 200 -170
 225 -169
 324 -168
 620 -167
 1343 -166
 2340 -165
 3181 -164
 3725 -163
 3709 -162
 3592 -161
 3525 -160
 3545 -159
 3439 -158
 3192 -157
 2479 -156
 1483 -155
 556 -154
 77 -153
 3 -152
 0 -151
 0 -150
 0 -149
 0 -148
 0 -147
 0 -146
 0 -145
 0 -144
 0 -143
 0 -142
 0 -141
 0 -140


