# Created by Octave 3.8.2, Sat Jun 20 21:19:44 2020 CEST <damian@fptrucha.inv.usc.es>
# name: hd
# type: matrix
# rows: 41
# columns: 2
 1 -180
 1 -179
 1 -178
 1 -177
 3 -176
 3 -175
 7 -174
 12 -173
 43 -172
 106 -171
 177 -170
 212 -169
 300 -168
 542 -167
 1201 -166
 2185 -165
 3070 -164
 3348 -163
 3397 -162
 3246 -161
 3279 -160
 3380 -159
 3173 -158
 3022 -157
 2383 -156
 1439 -155
 545 -154
 106 -153
 2 -152
 0 -151
 0 -150
 0 -149
 0 -148
 0 -147
 0 -146
 0 -145
 0 -144
 0 -143
 0 -142
 0 -141
 0 -140


