# Created by Octave 3.8.2, Mon Jun 22 10:20:20 2020 CEST <damian@fptrucha.inv.usc.es>
# name: hd
# type: matrix
# rows: 41
# columns: 2
 2 -180
 3 -179
 1 -178
 3 -177
 4 -176
 3 -175
 9 -174
 23 -173
 66 -172
 116 -171
 215 -170
 257 -169
 310 -168
 618 -167
 1349 -166
 2453 -165
 3015 -164
 3408 -163
 3329 -162
 3457 -161
 3352 -160
 3428 -159
 3304 -158
 2832 -157
 2263 -156
 1193 -155
 467 -154
 51 -153
 3 -152
 0 -151
 0 -150
 0 -149
 0 -148
 0 -147
 0 -146
 0 -145
 0 -144
 0 -143
 0 -142
 0 -141
 0 -140


