# Created by Octave 3.8.2, Sun Jun 21 04:34:08 2020 CEST <damian@fptrucha.inv.usc.es>
# name: hd
# type: matrix
# rows: 41
# columns: 2
 1 -180
 1 -179
 0 -178
 3 -177
 0 -176
 1 -175
 4 -174
 12 -173
 48 -172
 126 -171
 164 -170
 218 -169
 265 -168
 523 -167
 1144 -166
 2102 -165
 2888 -164
 3314 -163
 3425 -162
 3457 -161
 3306 -160
 3430 -159
 3241 -158
 2919 -157
 2221 -156
 1402 -155
 533 -154
 91 -153
 2 -152
 0 -151
 0 -150
 0 -149
 0 -148
 0 -147
 0 -146
 0 -145
 0 -144
 0 -143
 0 -142
 0 -141
 0 -140


