# Created by Octave 3.8.2, Sat Jun 20 04:43:49 2020 CEST <damian@fptrucha.inv.usc.es>
# name: hd
# type: matrix
# rows: 41
# columns: 2
 0 -180
 0 -179
 0 -178
 0 -177
 1 -176
 0 -175
 8 -174
 19 -173
 50 -172
 116 -171
 213 -170
 247 -169
 324 -168
 607 -167
 1290 -166
 2413 -165
 3342 -164
 3836 -163
 3786 -162
 3743 -161
 3750 -160
 3669 -159
 3683 -158
 3273 -157
 2530 -156
 1554 -155
 596 -154
 104 -153
 4 -152
 0 -151
 0 -150
 0 -149
 0 -148
 0 -147
 0 -146
 0 -145
 0 -144
 0 -143
 0 -142
 0 -141
 0 -140


