# Created by Octave 3.8.2, Sun Jun 21 06:44:12 2020 CEST <damian@fptrucha.inv.usc.es>
# name: hd
# type: matrix
# rows: 41
# columns: 2
 0 -180
 0 -179
 1 -178
 1 -177
 0 -176
 2 -175
 6 -174
 11 -173
 35 -172
 93 -171
 167 -170
 200 -169
 285 -168
 555 -167
 1125 -166
 2021 -165
 3063 -164
 3347 -163
 3479 -162
 3388 -161
 3347 -160
 3439 -159
 3221 -158
 3020 -157
 2398 -156
 1435 -155
 561 -154
 94 -153
 5 -152
 0 -151
 0 -150
 0 -149
 0 -148
 0 -147
 0 -146
 0 -145
 0 -144
 0 -143
 0 -142
 0 -141
 0 -140


