# Created by Octave 3.8.2, Mon Jun 22 14:57:48 2020 CEST <damian@fptrucha.inv.usc.es>
# name: hd
# type: matrix
# rows: 41
# columns: 2
 3 -180
 2 -179
 2 -178
 1 -177
 7 -176
 3 -175
 11 -174
 11 -173
 53 -172
 142 -171
 198 -170
 260 -169
 337 -168
 646 -167
 1362 -166
 2468 -165
 3318 -164
 3591 -163
 3546 -162
 3616 -161
 3512 -160
 3438 -159
 3294 -158
 2991 -157
 2281 -156
 1302 -155
 445 -154
 58 -153
 3 -152
 0 -151
 0 -150
 0 -149
 0 -148
 0 -147
 0 -146
 0 -145
 0 -144
 0 -143
 0 -142
 0 -141
 0 -140


