# Created by Octave 3.8.2, Sat Jun 20 23:29:43 2020 CEST <damian@fptrucha.inv.usc.es>
# name: hd
# type: matrix
# rows: 41
# columns: 2
 0 -180
 1 -179
 0 -178
 0 -177
 1 -176
 4 -175
 4 -174
 18 -173
 36 -172
 109 -171
 186 -170
 222 -169
 293 -168
 576 -167
 1185 -166
 2086 -165
 3026 -164
 3352 -163
 3429 -162
 3328 -161
 3377 -160
 3296 -159
 3170 -158
 2793 -157
 2214 -156
 1447 -155
 554 -154
 86 -153
 4 -152
 0 -151
 0 -150
 0 -149
 0 -148
 0 -147
 0 -146
 0 -145
 0 -144
 0 -143
 0 -142
 0 -141
 0 -140


