# Created by Octave 3.8.2, Mon Jun 22 23:52:38 2020 CEST <damian@fptrucha.inv.usc.es>
# name: hd
# type: matrix
# rows: 41
# columns: 2
 0 -180
 3 -179
 0 -178
 2 -177
 1 -176
 4 -175
 10 -174
 17 -173
 39 -172
 121 -171
 186 -170
 288 -169
 342 -168
 628 -167
 1337 -166
 2416 -165
 3322 -164
 3699 -163
 3627 -162
 3671 -161
 3657 -160
 3575 -159
 3502 -158
 3179 -157
 2540 -156
 1496 -155
 570 -154
 96 -153
 0 -152
 0 -151
 0 -150
 0 -149
 0 -148
 0 -147
 0 -146
 0 -145
 0 -144
 0 -143
 0 -142
 0 -141
 0 -140


