# Created by Octave 3.8.2, Sun Jun 21 03:59:24 2020 CEST <damian@fptrucha.inv.usc.es>
# name: hd
# type: matrix
# rows: 41
# columns: 2
 1 -180
 0 -179
 0 -178
 0 -177
 2 -176
 3 -175
 6 -174
 14 -173
 40 -172
 104 -171
 170 -170
 195 -169
 287 -168
 518 -167
 1149 -166
 2143 -165
 3094 -164
 3432 -163
 3376 -162
 3340 -161
 3277 -160
 3361 -159
 3237 -158
 3006 -157
 2330 -156
 1365 -155
 489 -154
 86 -153
 5 -152
 0 -151
 0 -150
 0 -149
 0 -148
 0 -147
 0 -146
 0 -145
 0 -144
 0 -143
 0 -142
 0 -141
 0 -140


