# Created by Octave 3.8.2, Sun Jun 21 07:39:07 2020 CEST <damian@fptrucha.inv.usc.es>
# name: hd
# type: matrix
# rows: 41
# columns: 2
 1 -180
 1 -179
 0 -178
 3 -177
 1 -176
 2 -175
 1 -174
 10 -173
 39 -172
 96 -171
 164 -170
 255 -169
 287 -168
 559 -167
 1206 -166
 2182 -165
 3101 -164
 3509 -163
 3674 -162
 3495 -161
 3391 -160
 3400 -159
 3352 -158
 3155 -157
 2433 -156
 1499 -155
 585 -154
 86 -153
 3 -152
 0 -151
 0 -150
 0 -149
 0 -148
 0 -147
 0 -146
 0 -145
 0 -144
 0 -143
 0 -142
 0 -141
 0 -140


