# Created by Octave 3.8.2, Sat Jun 20 08:17:43 2020 CEST <damian@fptrucha.inv.usc.es>
# name: hd
# type: matrix
# rows: 41
# columns: 2
 0 -180
 0 -179
 0 -178
 1 -177
 3 -176
 0 -175
 7 -174
 13 -173
 57 -172
 121 -171
 217 -170
 266 -169
 356 -168
 623 -167
 1348 -166
 2470 -165
 3608 -164
 3934 -163
 3865 -162
 3952 -161
 3942 -160
 3900 -159
 3781 -158
 3501 -157
 2725 -156
 1659 -155
 634 -154
 103 -153
 1 -152
 0 -151
 0 -150
 0 -149
 0 -148
 0 -147
 0 -146
 0 -145
 0 -144
 0 -143
 0 -142
 0 -141
 0 -140


