# Created by Octave 3.8.2, Mon Jun 22 12:08:49 2020 CEST <damian@fptrucha.inv.usc.es>
# name: hd
# type: matrix
# rows: 41
# columns: 2
 4 -180
 1 -179
 3 -178
 0 -177
 0 -176
 7 -175
 14 -174
 21 -173
 53 -172
 112 -171
 220 -170
 257 -169
 314 -168
 651 -167
 1322 -166
 2354 -165
 3141 -164
 3278 -163
 3456 -162
 3461 -161
 3494 -160
 3354 -159
 3153 -158
 2886 -157
 2285 -156
 1275 -155
 413 -154
 56 -153
 4 -152
 0 -151
 0 -150
 0 -149
 0 -148
 0 -147
 0 -146
 0 -145
 0 -144
 0 -143
 0 -142
 0 -141
 0 -140


