# Created by Octave 3.8.2, Sat Jun 20 09:18:56 2020 CEST <damian@fptrucha.inv.usc.es>
# name: hd
# type: matrix
# rows: 41
# columns: 2
 0 -180
 1 -179
 0 -178
 1 -177
 4 -176
 6 -175
 10 -174
 20 -173
 61 -172
 136 -171
 217 -170
 306 -169
 363 -168
 656 -167
 1409 -166
 2475 -165
 3511 -164
 3940 -163
 3991 -162
 3913 -161
 3926 -160
 3710 -159
 3801 -158
 3280 -157
 2727 -156
 1627 -155
 598 -154
 92 -153
 5 -152
 0 -151
 0 -150
 0 -149
 0 -148
 0 -147
 0 -146
 0 -145
 0 -144
 0 -143
 0 -142
 0 -141
 0 -140


