# Created by Octave 3.8.2, Mon Jun 22 00:36:13 2020 CEST <damian@fptrucha.inv.usc.es>
# name: hd
# type: matrix
# rows: 41
# columns: 2
 0 -180
 3 -179
 1 -178
 1 -177
 0 -176
 3 -175
 4 -174
 12 -173
 41 -172
 90 -171
 182 -170
 233 -169
 261 -168
 520 -167
 1092 -166
 2025 -165
 2982 -164
 3411 -163
 3560 -162
 3415 -161
 3256 -160
 3312 -159
 3216 -158
 2983 -157
 2283 -156
 1418 -155
 547 -154
 88 -153
 0 -152
 0 -151
 0 -150
 0 -149
 0 -148
 0 -147
 0 -146
 0 -145
 0 -144
 0 -143
 0 -142
 0 -141
 0 -140


