# Created by Octave 3.8.2, Sat Jun 20 20:58:27 2020 CEST <damian@fptrucha.inv.usc.es>
# name: hd
# type: matrix
# rows: 41
# columns: 2
 0 -180
 1 -179
 0 -178
 2 -177
 2 -176
 4 -175
 5 -174
 15 -173
 41 -172
 99 -171
 156 -170
 222 -169
 304 -168
 530 -167
 1141 -166
 2123 -165
 3009 -164
 3460 -163
 3446 -162
 3286 -161
 3229 -160
 3465 -159
 3138 -158
 3014 -157
 2224 -156
 1403 -155
 534 -154
 84 -153
 1 -152
 0 -151
 0 -150
 0 -149
 0 -148
 0 -147
 0 -146
 0 -145
 0 -144
 0 -143
 0 -142
 0 -141
 0 -140


