# Created by Octave 3.8.2, Mon Jun 22 07:19:19 2020 CEST <damian@fptrucha.inv.usc.es>
# name: hd
# type: matrix
# rows: 41
# columns: 2
 0 -180
 4 -179
 2 -178
 2 -177
 3 -176
 7 -175
 7 -174
 27 -173
 59 -172
 115 -171
 197 -170
 231 -169
 291 -168
 560 -167
 1251 -166
 2292 -165
 3132 -164
 3242 -163
 3327 -162
 3471 -161
 3296 -160
 3220 -159
 2993 -158
 2718 -157
 2196 -156
 1204 -155
 437 -154
 65 -153
 4 -152
 0 -151
 0 -150
 0 -149
 0 -148
 0 -147
 0 -146
 0 -145
 0 -144
 0 -143
 0 -142
 0 -141
 0 -140


