# Created by Octave 3.8.2, Mon Jun 22 19:39:13 2020 CEST <damian@fptrucha.inv.usc.es>
# name: hd
# type: matrix
# rows: 41
# columns: 2
 1 -180
 3 -179
 1 -178
 0 -177
 1 -176
 6 -175
 5 -174
 26 -173
 41 -172
 121 -171
 241 -170
 243 -169
 339 -168
 675 -167
 1384 -166
 2473 -165
 3294 -164
 3631 -163
 3559 -162
 3680 -161
 3727 -160
 3647 -159
 3409 -158
 3018 -157
 2439 -156
 1310 -155
 464 -154
 54 -153
 0 -152
 0 -151
 0 -150
 0 -149
 0 -148
 0 -147
 0 -146
 0 -145
 0 -144
 0 -143
 0 -142
 0 -141
 0 -140


