# Created by Octave 3.8.2, Mon Jun 22 16:31:03 2020 CEST <damian@fptrucha.inv.usc.es>
# name: hd
# type: matrix
# rows: 41
# columns: 2
 4 -180
 1 -179
 0 -178
 5 -177
 5 -176
 6 -175
 7 -174
 20 -173
 67 -172
 133 -171
 198 -170
 297 -169
 384 -168
 641 -167
 1436 -166
 2557 -165
 3342 -164
 3444 -163
 3484 -162
 3700 -161
 3539 -160
 3499 -159
 3194 -158
 2977 -157
 2298 -156
 1282 -155
 396 -154
 50 -153
 1 -152
 0 -151
 0 -150
 0 -149
 0 -148
 0 -147
 0 -146
 0 -145
 0 -144
 0 -143
 0 -142
 0 -141
 0 -140


