# Created by Octave 3.8.2, Mon Jun 22 22:13:13 2020 CEST <damian@fptrucha.inv.usc.es>
# name: hd
# type: matrix
# rows: 41
# columns: 2
 3 -180
 0 -179
 1 -178
 1 -177
 3 -176
 5 -175
 6 -174
 16 -173
 36 -172
 118 -171
 190 -170
 242 -169
 309 -168
 603 -167
 1314 -166
 2282 -165
 3297 -164
 3633 -163
 3593 -162
 3771 -161
 3637 -160
 3574 -159
 3539 -158
 3103 -157
 2551 -156
 1504 -155
 601 -154
 101 -153
 5 -152
 0 -151
 0 -150
 0 -149
 0 -148
 0 -147
 0 -146
 0 -145
 0 -144
 0 -143
 0 -142
 0 -141
 0 -140


