# Created by Octave 3.8.2, Sun Jun 21 03:24:28 2020 CEST <damian@fptrucha.inv.usc.es>
# name: hd
# type: matrix
# rows: 41
# columns: 2
 0 -180
 1 -179
 1 -178
 3 -177
 2 -176
 2 -175
 7 -174
 16 -173
 36 -172
 93 -171
 171 -170
 218 -169
 296 -168
 529 -167
 1229 -166
 2086 -165
 3110 -164
 3393 -163
 3419 -162
 3299 -161
 3288 -160
 3295 -159
 3247 -158
 2952 -157
 2206 -156
 1341 -155
 496 -154
 89 -153
 2 -152
 0 -151
 0 -150
 0 -149
 0 -148
 0 -147
 0 -146
 0 -145
 0 -144
 0 -143
 0 -142
 0 -141
 0 -140


