# Created by Octave 3.8.2, Mon Jun 22 17:16:52 2020 CEST <damian@fptrucha.inv.usc.es>
# name: hd
# type: matrix
# rows: 41
# columns: 2
 3 -180
 0 -179
 3 -178
 1 -177
 1 -176
 4 -175
 6 -174
 16 -173
 47 -172
 78 -171
 138 -170
 201 -169
 249 -168
 439 -167
 918 -166
 1594 -165
 2198 -164
 2256 -163
 2309 -162
 2335 -161
 2265 -160
 2343 -159
 2123 -158
 1969 -157
 1509 -156
 764 -155
 288 -154
 37 -153
 1 -152
 0 -151
 0 -150
 0 -149
 0 -148
 0 -147
 0 -146
 0 -145
 0 -144
 0 -143
 0 -142
 0 -141
 0 -140


