# Created by Octave 3.8.2, Mon Jun 22 22:37:57 2020 CEST <damian@fptrucha.inv.usc.es>
# name: hd
# type: matrix
# rows: 41
# columns: 2
 0 -180
 1 -179
 0 -178
 2 -177
 2 -176
 3 -175
 8 -174
 18 -173
 58 -172
 131 -171
 201 -170
 305 -169
 290 -168
 580 -167
 1324 -166
 2340 -165
 3257 -164
 3676 -163
 3651 -162
 3828 -161
 3569 -160
 3575 -159
 3438 -158
 3107 -157
 2483 -156
 1468 -155
 633 -154
 84 -153
 0 -152
 0 -151
 0 -150
 0 -149
 0 -148
 0 -147
 0 -146
 0 -145
 0 -144
 0 -143
 0 -142
 0 -141
 0 -140


