# Created by Octave 3.8.2, Sun Jun 21 06:04:09 2020 CEST <damian@fptrucha.inv.usc.es>
# name: hd
# type: matrix
# rows: 41
# columns: 2
 0 -180
 2 -179
 0 -178
 2 -177
 1 -176
 2 -175
 6 -174
 12 -173
 35 -172
 95 -171
 177 -170
 241 -169
 276 -168
 530 -167
 1141 -166
 2119 -165
 3012 -164
 3389 -163
 3462 -162
 3354 -161
 3300 -160
 3326 -159
 3224 -158
 3001 -157
 2277 -156
 1394 -155
 543 -154
 83 -153
 0 -152
 0 -151
 0 -150
 0 -149
 0 -148
 0 -147
 0 -146
 0 -145
 0 -144
 0 -143
 0 -142
 0 -141
 0 -140


