# Created by Octave 3.8.2, Sat Jun 20 02:16:31 2020 CEST <damian@fptrucha.inv.usc.es>
# name: hd
# type: matrix
# rows: 41
# columns: 2
 2 -180
 1 -179
 1 -178
 0 -177
 2 -176
 1 -175
 3 -174
 12 -173
 34 -172
 103 -171
 163 -170
 224 -169
 289 -168
 572 -167
 1315 -166
 2312 -165
 3329 -164
 3692 -163
 3809 -162
 3730 -161
 3682 -160
 3650 -159
 3632 -158
 3201 -157
 2567 -156
 1527 -155
 576 -154
 104 -153
 2 -152
 0 -151
 0 -150
 0 -149
 0 -148
 0 -147
 0 -146
 0 -145
 0 -144
 0 -143
 0 -142
 0 -141
 0 -140


