# Created by Octave 3.8.2, Mon Jun 22 19:02:04 2020 CEST <damian@fptrucha.inv.usc.es>
# name: hd
# type: matrix
# rows: 41
# columns: 2
 2 -180
 2 -179
 3 -178
 2 -177
 1 -176
 2 -175
 7 -174
 19 -173
 50 -172
 120 -171
 200 -170
 276 -169
 310 -168
 677 -167
 1415 -166
 2549 -165
 3325 -164
 3534 -163
 3666 -162
 3770 -161
 3594 -160
 3537 -159
 3261 -158
 2919 -157
 2379 -156
 1311 -155
 501 -154
 52 -153
 1 -152
 0 -151
 0 -150
 0 -149
 0 -148
 0 -147
 0 -146
 0 -145
 0 -144
 0 -143
 0 -142
 0 -141
 0 -140


