# Created by Octave 3.8.2, Mon Jun 22 01:57:45 2020 CEST <damian@fptrucha.inv.usc.es>
# name: hd
# type: matrix
# rows: 41
# columns: 2
 3 -180
 1 -179
 2 -178
 4 -177
 0 -176
 8 -175
 12 -174
 27 -173
 69 -172
 107 -171
 194 -170
 235 -169
 366 -168
 641 -167
 1304 -166
 2457 -165
 3194 -164
 3511 -163
 3346 -162
 3628 -161
 3637 -160
 3480 -159
 3295 -158
 2845 -157
 2227 -156
 1313 -155
 425 -154
 47 -153
 1 -152
 0 -151
 0 -150
 0 -149
 0 -148
 0 -147
 0 -146
 0 -145
 0 -144
 0 -143
 0 -142
 0 -141
 0 -140


