# Created by Octave 3.8.2, Sun Jun 21 02:06:19 2020 CEST <damian@fptrucha.inv.usc.es>
# name: hd
# type: matrix
# rows: 41
# columns: 2
 0 -180
 1 -179
 1 -178
 1 -177
 2 -176
 4 -175
 4 -174
 16 -173
 47 -172
 104 -171
 155 -170
 193 -169
 281 -168
 526 -167
 1151 -166
 2163 -165
 2979 -164
 3371 -163
 3426 -162
 3307 -161
 3372 -160
 3252 -159
 3288 -158
 2791 -157
 2241 -156
 1384 -155
 542 -154
 72 -153
 1 -152
 0 -151
 0 -150
 0 -149
 0 -148
 0 -147
 0 -146
 0 -145
 0 -144
 0 -143
 0 -142
 0 -141
 0 -140


