# Created by Octave 3.8.2, Mon Jun 22 02:19:52 2020 CEST <damian@fptrucha.inv.usc.es>
# name: hd
# type: matrix
# rows: 41
# columns: 2
 2 -180
 2 -179
 3 -178
 2 -177
 2 -176
 6 -175
 4 -174
 14 -173
 48 -172
 130 -171
 193 -170
 265 -169
 348 -168
 589 -167
 1306 -166
 2246 -165
 3030 -164
 3445 -163
 3340 -162
 3386 -161
 3411 -160
 3355 -159
 3132 -158
 2739 -157
 2127 -156
 1282 -155
 454 -154
 54 -153
 1 -152
 0 -151
 0 -150
 0 -149
 0 -148
 0 -147
 0 -146
 0 -145
 0 -144
 0 -143
 0 -142
 0 -141
 0 -140


