# Created by Octave 3.8.2, Mon Jun 22 23:00:17 2020 CEST <damian@fptrucha.inv.usc.es>
# name: hd
# type: matrix
# rows: 41
# columns: 2
 1 -180
 3 -179
 0 -178
 1 -177
 2 -176
 11 -175
 9 -174
 15 -173
 51 -172
 133 -171
 201 -170
 249 -169
 314 -168
 638 -167
 1331 -166
 2341 -165
 3409 -164
 3781 -163
 3774 -162
 3763 -161
 3593 -160
 3786 -159
 3548 -158
 3194 -157
 2600 -156
 1456 -155
 581 -154
 77 -153
 2 -152
 0 -151
 0 -150
 0 -149
 0 -148
 0 -147
 0 -146
 0 -145
 0 -144
 0 -143
 0 -142
 0 -141
 0 -140


