# Created by Octave 3.8.2, Sat Jun 20 15:13:31 2020 CEST <damian@fptrucha.inv.usc.es>
# name: hd
# type: matrix
# rows: 41
# columns: 2
 0 -180
 1 -179
 0 -178
 2 -177
 1 -176
 2 -175
 8 -174
 18 -173
 43 -172
 107 -171
 177 -170
 269 -169
 352 -168
 634 -167
 1279 -166
 2123 -165
 3150 -164
 3506 -163
 3658 -162
 3559 -161
 3442 -160
 3513 -159
 3403 -158
 3204 -157
 2490 -156
 1451 -155
 567 -154
 89 -153
 0 -152
 0 -151
 0 -150
 0 -149
 0 -148
 0 -147
 0 -146
 0 -145
 0 -144
 0 -143
 0 -142
 0 -141
 0 -140


