# Created by Octave 3.8.2, Sat Jun 20 07:04:41 2020 CEST <damian@fptrucha.inv.usc.es>
# name: hd
# type: matrix
# rows: 41
# columns: 2
 2 -180
 0 -179
 1 -178
 0 -177
 1 -176
 1 -175
 5 -174
 18 -173
 49 -172
 121 -171
 204 -170
 262 -169
 353 -168
 616 -167
 1376 -166
 2459 -165
 3514 -164
 4017 -163
 4016 -162
 3863 -161
 3808 -160
 3911 -159
 3727 -158
 3454 -157
 2666 -156
 1622 -155
 644 -154
 104 -153
 0 -152
 0 -151
 0 -150
 0 -149
 0 -148
 0 -147
 0 -146
 0 -145
 0 -144
 0 -143
 0 -142
 0 -141
 0 -140


