# Created by Octave 3.8.2, Mon Jun 22 18:25:12 2020 CEST <damian@fptrucha.inv.usc.es>
# name: hd
# type: matrix
# rows: 41
# columns: 2
 2 -180
 0 -179
 3 -178
 2 -177
 3 -176
 6 -175
 9 -174
 18 -173
 42 -172
 114 -171
 188 -170
 275 -169
 348 -168
 575 -167
 1336 -166
 2463 -165
 3163 -164
 3474 -163
 3499 -162
 3577 -161
 3557 -160
 3525 -159
 3307 -158
 3007 -157
 2416 -156
 1363 -155
 483 -154
 59 -153
 1 -152
 0 -151
 0 -150
 0 -149
 0 -148
 0 -147
 1 -146
 0 -145
 0 -144
 0 -143
 0 -142
 0 -141
 0 -140


