# Created by Octave 3.8.2, Sun Jun 21 06:18:46 2020 CEST <damian@fptrucha.inv.usc.es>
# name: hd
# type: matrix
# rows: 41
# columns: 2
 1 -180
 0 -179
 2 -178
 0 -177
 0 -176
 0 -175
 5 -174
 10 -173
 31 -172
 91 -171
 153 -170
 201 -169
 260 -168
 498 -167
 1156 -166
 2066 -165
 3089 -164
 3315 -163
 3547 -162
 3366 -161
 3356 -160
 3322 -159
 3188 -158
 2970 -157
 2371 -156
 1375 -155
 555 -154
 100 -153
 4 -152
 0 -151
 0 -150
 0 -149
 0 -148
 0 -147
 0 -146
 0 -145
 0 -144
 0 -143
 0 -142
 0 -141
 0 -140


