# Created by Octave 3.8.2, Mon Jun 22 06:42:08 2020 CEST <damian@fptrucha.inv.usc.es>
# name: hd
# type: matrix
# rows: 41
# columns: 2
 3 -180
 2 -179
 3 -178
 2 -177
 3 -176
 3 -175
 13 -174
 16 -173
 52 -172
 101 -171
 195 -170
 218 -169
 276 -168
 572 -167
 1277 -166
 2174 -165
 3059 -164
 3164 -163
 3230 -162
 3253 -161
 3316 -160
 3211 -159
 3034 -158
 2720 -157
 2145 -156
 1183 -155
 442 -154
 52 -153
 3 -152
 0 -151
 0 -150
 0 -149
 0 -148
 0 -147
 0 -146
 0 -145
 0 -144
 0 -143
 0 -142
 0 -141
 0 -140


