# Created by Octave 3.8.2, Mon Jun 22 18:20:37 2020 CEST <damian@fptrucha.inv.usc.es>
# name: hd
# type: matrix
# rows: 41
# columns: 2
 0 -180
 3 -179
 0 -178
 3 -177
 4 -176
 5 -175
 6 -174
 25 -173
 45 -172
 145 -171
 180 -170
 239 -169
 347 -168
 591 -167
 1354 -166
 2523 -165
 3310 -164
 3518 -163
 3564 -162
 3700 -161
 3576 -160
 3510 -159
 3351 -158
 2936 -157
 2442 -156
 1294 -155
 433 -154
 41 -153
 1 -152
 0 -151
 0 -150
 0 -149
 0 -148
 0 -147
 0 -146
 0 -145
 0 -144
 0 -143
 0 -142
 0 -141
 0 -140


