# Created by Octave 3.8.2, Mon Jun 22 15:18:27 2020 CEST <damian@fptrucha.inv.usc.es>
# name: hd
# type: matrix
# rows: 41
# columns: 2
 1 -180
 0 -179
 0 -178
 3 -177
 3 -176
 4 -175
 8 -174
 23 -173
 59 -172
 131 -171
 223 -170
 312 -169
 353 -168
 667 -167
 1373 -166
 2525 -165
 3433 -164
 3539 -163
 3654 -162
 3602 -161
 3642 -160
 3567 -159
 3270 -158
 3006 -157
 2299 -156
 1290 -155
 426 -154
 49 -153
 1 -152
 0 -151
 0 -150
 0 -149
 0 -148
 0 -147
 0 -146
 0 -145
 0 -144
 0 -143
 0 -142
 0 -141
 0 -140


