# Created by Octave 3.8.2, Sat Jun 20 11:26:27 2020 CEST <damian@fptrucha.inv.usc.es>
# name: hd
# type: matrix
# rows: 41
# columns: 2
 0 -180
 0 -179
 0 -178
 2 -177
 2 -176
 4 -175
 6 -174
 16 -173
 54 -172
 121 -171
 220 -170
 275 -169
 350 -168
 634 -167
 1328 -166
 2475 -165
 3406 -164
 3847 -163
 3763 -162
 3723 -161
 3814 -160
 3727 -159
 3571 -158
 3241 -157
 2535 -156
 1493 -155
 553 -154
 98 -153
 1 -152
 0 -151
 0 -150
 0 -149
 0 -148
 0 -147
 0 -146
 0 -145
 0 -144
 0 -143
 0 -142
 0 -141
 0 -140


