# Created by Octave 3.8.2, Mon Jun 22 11:16:13 2020 CEST <damian@fptrucha.inv.usc.es>
# name: hd
# type: matrix
# rows: 41
# columns: 2
 1 -180
 0 -179
 2 -178
 2 -177
 4 -176
 3 -175
 9 -174
 28 -173
 65 -172
 136 -171
 196 -170
 245 -169
 349 -168
 661 -167
 1414 -166
 2508 -165
 3199 -164
 3359 -163
 3407 -162
 3453 -161
 3503 -160
 3367 -159
 3086 -158
 2825 -157
 2309 -156
 1174 -155
 442 -154
 51 -153
 1 -152
 0 -151
 0 -150
 0 -149
 0 -148
 0 -147
 0 -146
 0 -145
 0 -144
 0 -143
 0 -142
 0 -141
 0 -140


