# Created by Octave 3.8.2, Sat Jun 20 21:10:49 2020 CEST <damian@fptrucha.inv.usc.es>
# name: hd
# type: matrix
# rows: 41
# columns: 2
 2 -180
 0 -179
 0 -178
 3 -177
 2 -176
 3 -175
 6 -174
 12 -173
 52 -172
 114 -171
 170 -170
 221 -169
 299 -168
 534 -167
 1182 -166
 2183 -165
 3059 -164
 3427 -163
 3422 -162
 3364 -161
 3386 -160
 3492 -159
 3188 -158
 3025 -157
 2264 -156
 1428 -155
 501 -154
 77 -153
 1 -152
 0 -151
 0 -150
 0 -149
 0 -148
 0 -147
 0 -146
 0 -145
 0 -144
 0 -143
 0 -142
 0 -141
 0 -140


