# Created by Octave 3.8.2, Sat Jun 20 15:32:54 2020 CEST <damian@fptrucha.inv.usc.es>
# name: hd
# type: matrix
# rows: 41
# columns: 2
 0 -180
 0 -179
 0 -178
 0 -177
 0 -176
 0 -175
 7 -174
 7 -173
 43 -172
 112 -171
 192 -170
 276 -169
 347 -168
 582 -167
 1248 -166
 2229 -165
 3145 -164
 3553 -163
 3462 -162
 3536 -161
 3492 -160
 3561 -159
 3329 -158
 2994 -157
 2425 -156
 1451 -155
 575 -154
 99 -153
 1 -152
 0 -151
 0 -150
 0 -149
 0 -148
 0 -147
 0 -146
 0 -145
 0 -144
 0 -143
 0 -142
 0 -141
 0 -140


