# Created by Octave 3.8.2, Mon Jun 22 04:47:15 2020 CEST <damian@fptrucha.inv.usc.es>
# name: hd
# type: matrix
# rows: 41
# columns: 2
 1 -180
 1 -179
 2 -178
 5 -177
 6 -176
 5 -175
 11 -174
 24 -173
 45 -172
 99 -171
 161 -170
 205 -169
 281 -168
 580 -167
 1267 -166
 2124 -165
 2915 -164
 3051 -163
 3048 -162
 3196 -161
 3133 -160
 3143 -159
 2909 -158
 2530 -157
 1943 -156
 1129 -155
 364 -154
 42 -153
 0 -152
 0 -151
 0 -150
 0 -149
 0 -148
 0 -147
 0 -146
 0 -145
 0 -144
 0 -143
 0 -142
 0 -141
 0 -140


