# Created by Octave 3.8.2, Mon Jun 22 22:55:27 2020 CEST <damian@fptrucha.inv.usc.es>
# name: hd
# type: matrix
# rows: 41
# columns: 2
 4 -180
 3 -179
 1 -178
 5 -177
 4 -176
 1 -175
 8 -174
 15 -173
 60 -172
 140 -171
 185 -170
 241 -169
 350 -168
 650 -167
 1340 -166
 2385 -165
 3347 -164
 3790 -163
 3591 -162
 3692 -161
 3655 -160
 3642 -159
 3498 -158
 3186 -157
 2412 -156
 1454 -155
 574 -154
 96 -153
 2 -152
 0 -151
 0 -150
 0 -149
 0 -148
 0 -147
 0 -146
 0 -145
 0 -144
 0 -143
 0 -142
 0 -141
 0 -140


