# Created by Octave 3.8.2, Mon Jun 22 05:01:02 2020 CEST <damian@fptrucha.inv.usc.es>
# name: hd
# type: matrix
# rows: 41
# columns: 2
 0 -180
 1 -179
 0 -178
 2 -177
 3 -176
 5 -175
 6 -174
 23 -173
 48 -172
 94 -171
 160 -170
 222 -169
 300 -168
 582 -167
 1267 -166
 2218 -165
 2907 -164
 3031 -163
 3200 -162
 3161 -161
 3124 -160
 3074 -159
 2861 -158
 2533 -157
 1920 -156
 1115 -155
 362 -154
 33 -153
 0 -152
 0 -151
 0 -150
 0 -149
 0 -148
 0 -147
 0 -146
 0 -145
 0 -144
 0 -143
 0 -142
 0 -141
 0 -140


