# Created by Octave 3.8.2, Mon Jun 22 10:07:01 2020 CEST <damian@fptrucha.inv.usc.es>
# name: hd
# type: matrix
# rows: 41
# columns: 2
 3 -180
 2 -179
 1 -178
 5 -177
 4 -176
 5 -175
 6 -174
 17 -173
 46 -172
 154 -171
 177 -170
 238 -169
 343 -168
 639 -167
 1305 -166
 2263 -165
 3066 -164
 3352 -163
 3510 -162
 3441 -161
 3341 -160
 3288 -159
 3263 -158
 2799 -157
 2232 -156
 1231 -155
 438 -154
 53 -153
 0 -152
 0 -151
 0 -150
 0 -149
 0 -148
 0 -147
 0 -146
 0 -145
 0 -144
 0 -143
 0 -142
 0 -141
 0 -140


