# Created by Octave 3.8.2, Sat Jun 20 11:01:16 2020 CEST <damian@fptrucha.inv.usc.es>
# name: hd
# type: matrix
# rows: 41
# columns: 2
 0 -180
 1 -179
 1 -178
 1 -177
 2 -176
 3 -175
 5 -174
 19 -173
 59 -172
 146 -171
 204 -170
 297 -169
 342 -168
 626 -167
 1370 -166
 2409 -165
 3418 -164
 3904 -163
 3822 -162
 3797 -161
 3805 -160
 3783 -159
 3658 -158
 3258 -157
 2574 -156
 1571 -155
 594 -154
 88 -153
 0 -152
 0 -151
 1 -150
 0 -149
 0 -148
 0 -147
 0 -146
 0 -145
 0 -144
 0 -143
 0 -142
 0 -141
 0 -140


