# Created by Octave 3.8.2, Sat Jun 20 18:51:07 2020 CEST <damian@fptrucha.inv.usc.es>
# name: hd
# type: matrix
# rows: 41
# columns: 2
 1 -180
 1 -179
 2 -178
 1 -177
 2 -176
 3 -175
 6 -174
 18 -173
 36 -172
 81 -171
 168 -170
 221 -169
 290 -168
 534 -167
 1217 -166
 2159 -165
 3083 -164
 3404 -163
 3487 -162
 3531 -161
 3472 -160
 3506 -159
 3210 -158
 3012 -157
 2394 -156
 1386 -155
 510 -154
 92 -153
 0 -152
 0 -151
 0 -150
 0 -149
 0 -148
 0 -147
 0 -146
 0 -145
 0 -144
 0 -143
 0 -142
 0 -141
 0 -140


