# Created by Octave 3.8.2, Sun Jun 21 04:00:30 2020 CEST <damian@fptrucha.inv.usc.es>
# name: hd
# type: matrix
# rows: 41
# columns: 2
 0 -180
 1 -179
 1 -178
 0 -177
 1 -176
 4 -175
 4 -174
 8 -173
 31 -172
 107 -171
 168 -170
 210 -169
 295 -168
 562 -167
 1228 -166
 2137 -165
 2936 -164
 3420 -163
 3374 -162
 3320 -161
 3316 -160
 3292 -159
 3251 -158
 2877 -157
 2241 -156
 1413 -155
 532 -154
 81 -153
 2 -152
 0 -151
 0 -150
 0 -149
 0 -148
 0 -147
 0 -146
 0 -145
 0 -144
 0 -143
 0 -142
 0 -141
 0 -140


