# Created by Octave 3.8.2, Mon Jun 22 12:46:55 2020 CEST <damian@fptrucha.inv.usc.es>
# name: hd
# type: matrix
# rows: 41
# columns: 2
 1 -180
 3 -179
 1 -178
 1 -177
 4 -176
 2 -175
 3 -174
 16 -173
 44 -172
 85 -171
 132 -170
 172 -169
 229 -168
 423 -167
 895 -166
 1612 -165
 2155 -164
 2254 -163
 2189 -162
 2364 -161
 2234 -160
 2324 -159
 2062 -158
 1875 -157
 1456 -156
 872 -155
 283 -154
 28 -153
 1 -152
 0 -151
 0 -150
 0 -149
 0 -148
 0 -147
 0 -146
 0 -145
 0 -144
 0 -143
 0 -142
 0 -141
 0 -140


