# Created by Octave 3.8.2, Mon Jun 22 13:39:41 2020 CEST <damian@fptrucha.inv.usc.es>
# name: hd
# type: matrix
# rows: 41
# columns: 2
 3 -180
 0 -179
 3 -178
 2 -177
 7 -176
 7 -175
 8 -174
 21 -173
 53 -172
 140 -171
 187 -170
 260 -169
 323 -168
 622 -167
 1369 -166
 2500 -165
 3268 -164
 3385 -163
 3483 -162
 3578 -161
 3516 -160
 3433 -159
 3092 -158
 2788 -157
 2330 -156
 1295 -155
 431 -154
 43 -153
 1 -152
 0 -151
 0 -150
 0 -149
 0 -148
 0 -147
 0 -146
 0 -145
 0 -144
 0 -143
 0 -142
 0 -141
 0 -140


