# Created by Octave 3.8.2, Mon Jun 22 22:27:04 2020 CEST <damian@fptrucha.inv.usc.es>
# name: hd
# type: matrix
# rows: 41
# columns: 2
 2 -180
 0 -179
 0 -178
 2 -177
 3 -176
 5 -175
 3 -174
 21 -173
 43 -172
 105 -171
 207 -170
 258 -169
 319 -168
 610 -167
 1325 -166
 2332 -165
 3430 -164
 3739 -163
 3680 -162
 3627 -161
 3626 -160
 3708 -159
 3482 -158
 3196 -157
 2491 -156
 1476 -155
 523 -154
 82 -153
 1 -152
 0 -151
 0 -150
 0 -149
 0 -148
 0 -147
 0 -146
 0 -145
 0 -144
 0 -143
 0 -142
 0 -141
 0 -140


