# Created by Octave 3.8.2, Sat Jun 20 18:32:01 2020 CEST <damian@fptrucha.inv.usc.es>
# name: hd
# type: matrix
# rows: 41
# columns: 2
 1 -180
 1 -179
 2 -178
 2 -177
 2 -176
 2 -175
 3 -174
 20 -173
 38 -172
 103 -171
 186 -170
 237 -169
 314 -168
 567 -167
 1166 -166
 2315 -165
 3060 -164
 3472 -163
 3570 -162
 3452 -161
 3367 -160
 3401 -159
 3227 -158
 2996 -157
 2331 -156
 1311 -155
 549 -154
 87 -153
 5 -152
 0 -151
 0 -150
 0 -149
 0 -148
 0 -147
 0 -146
 0 -145
 0 -144
 0 -143
 0 -142
 0 -141
 0 -140


