# Created by Octave 3.8.2, Mon Jun 22 04:11:27 2020 CEST <damian@fptrucha.inv.usc.es>
# name: hd
# type: matrix
# rows: 41
# columns: 2
 3 -180
 4 -179
 2 -178
 2 -177
 8 -176
 4 -175
 7 -174
 22 -173
 55 -172
 116 -171
 169 -170
 212 -169
 274 -168
 588 -167
 1266 -166
 2197 -165
 3014 -164
 3079 -163
 3053 -162
 3152 -161
 3283 -160
 3112 -159
 2861 -158
 2588 -157
 2081 -156
 1123 -155
 378 -154
 32 -153
 4 -152
 0 -151
 0 -150
 0 -149
 0 -148
 0 -147
 0 -146
 0 -145
 0 -144
 0 -143
 0 -142
 0 -141
 0 -140


