# Created by Octave 3.8.2, Sat Jun 20 16:32:42 2020 CEST <damian@fptrucha.inv.usc.es>
# name: hd
# type: matrix
# rows: 41
# columns: 2
 0 -180
 1 -179
 0 -178
 0 -177
 1 -176
 4 -175
 8 -174
 26 -173
 40 -172
 97 -171
 191 -170
 238 -169
 335 -168
 561 -167
 1188 -166
 2139 -165
 3155 -164
 3396 -163
 3671 -162
 3486 -161
 3502 -160
 3345 -159
 3257 -158
 3003 -157
 2350 -156
 1419 -155
 557 -154
 95 -153
 2 -152
 0 -151
 0 -150
 0 -149
 0 -148
 0 -147
 0 -146
 0 -145
 0 -144
 0 -143
 0 -142
 0 -141
 0 -140


