# Created by Octave 3.8.2, Mon Jun 22 16:36:42 2020 CEST <damian@fptrucha.inv.usc.es>
# name: hd
# type: matrix
# rows: 41
# columns: 2
 1 -180
 2 -179
 1 -178
 1 -177
 0 -176
 6 -175
 16 -174
 20 -173
 56 -172
 132 -171
 230 -170
 262 -169
 313 -168
 658 -167
 1456 -166
 2518 -165
 3324 -164
 3472 -163
 3540 -162
 3659 -161
 3560 -160
 3519 -159
 3222 -158
 2972 -157
 2304 -156
 1224 -155
 407 -154
 53 -153
 1 -152
 0 -151
 0 -150
 0 -149
 0 -148
 0 -147
 0 -146
 0 -145
 0 -144
 0 -143
 0 -142
 0 -141
 0 -140


