# Created by Octave 3.8.2, Sat Jun 20 19:51:05 2020 CEST <damian@fptrucha.inv.usc.es>
# name: hd
# type: matrix
# rows: 41
# columns: 2
 0 -180
 1 -179
 0 -178
 0 -177
 2 -176
 3 -175
 3 -174
 15 -173
 48 -172
 112 -171
 187 -170
 211 -169
 345 -168
 549 -167
 1197 -166
 2142 -165
 3046 -164
 3539 -163
 3424 -162
 3419 -161
 3283 -160
 3268 -159
 3268 -158
 2933 -157
 2272 -156
 1378 -155
 493 -154
 92 -153
 3 -152
 0 -151
 0 -150
 0 -149
 0 -148
 0 -147
 0 -146
 0 -145
 0 -144
 0 -143
 0 -142
 0 -141
 0 -140


