# Created by Octave 3.8.2, Mon Jun 22 20:58:08 2020 CEST <damian@fptrucha.inv.usc.es>
# name: hd
# type: matrix
# rows: 41
# columns: 2
 3 -180
 3 -179
 4 -178
 3 -177
 2 -176
 3 -175
 7 -174
 19 -173
 62 -172
 132 -171
 226 -170
 247 -169
 363 -168
 632 -167
 1392 -166
 2460 -165
 3358 -164
 3614 -163
 3600 -162
 3789 -161
 3782 -160
 3623 -159
 3396 -158
 3041 -157
 2418 -156
 1388 -155
 464 -154
 61 -153
 0 -152
 0 -151
 0 -150
 0 -149
 0 -148
 0 -147
 0 -146
 0 -145
 0 -144
 0 -143
 0 -142
 0 -141
 0 -140


