# Created by Octave 3.8.2, Mon Jun 22 22:20:23 2020 CEST <damian@fptrucha.inv.usc.es>
# name: hd
# type: matrix
# rows: 41
# columns: 2
 2 -180
 2 -179
 1 -178
 3 -177
 1 -176
 2 -175
 5 -174
 22 -173
 46 -172
 126 -171
 207 -170
 234 -169
 329 -168
 567 -167
 1289 -166
 2401 -165
 3319 -164
 3723 -163
 3696 -162
 3611 -161
 3591 -160
 3605 -159
 3455 -158
 3137 -157
 2515 -156
 1506 -155
 543 -154
 88 -153
 1 -152
 0 -151
 0 -150
 0 -149
 0 -148
 0 -147
 0 -146
 0 -145
 0 -144
 0 -143
 0 -142
 0 -141
 0 -140


