# Created by Octave 3.8.2, Mon Jun 22 01:49:49 2020 CEST <damian@fptrucha.inv.usc.es>
# name: hd
# type: matrix
# rows: 41
# columns: 2
 1 -180
 1 -179
 1 -178
 1 -177
 4 -176
 5 -175
 11 -174
 19 -173
 57 -172
 124 -171
 176 -170
 272 -169
 368 -168
 534 -167
 1314 -166
 2365 -165
 3288 -164
 3669 -163
 3315 -162
 3578 -161
 3564 -160
 3465 -159
 3347 -158
 2947 -157
 2241 -156
 1316 -155
 443 -154
 58 -153
 1 -152
 0 -151
 0 -150
 0 -149
 0 -148
 0 -147
 0 -146
 0 -145
 0 -144
 0 -143
 0 -142
 0 -141
 0 -140


