# Created by Octave 3.8.2, Sun Jun 21 04:49:34 2020 CEST <damian@fptrucha.inv.usc.es>
# name: hd
# type: matrix
# rows: 41
# columns: 2
 1 -180
 0 -179
 0 -178
 0 -177
 0 -176
 5 -175
 6 -174
 17 -173
 54 -172
 99 -171
 148 -170
 220 -169
 299 -168
 520 -167
 1187 -166
 2114 -165
 2994 -164
 3460 -163
 3496 -162
 3478 -161
 3389 -160
 3300 -159
 3270 -158
 2928 -157
 2304 -156
 1415 -155
 569 -154
 81 -153
 0 -152
 0 -151
 0 -150
 0 -149
 0 -148
 0 -147
 0 -146
 0 -145
 0 -144
 0 -143
 0 -142
 0 -141
 0 -140


