# Created by Octave 3.8.2, Sat Jun 20 21:52:21 2020 CEST <damian@fptrucha.inv.usc.es>
# name: hd
# type: matrix
# rows: 41
# columns: 2
 2 -180
 0 -179
 0 -178
 2 -177
 1 -176
 3 -175
 8 -174
 16 -173
 37 -172
 102 -171
 177 -170
 213 -169
 300 -168
 572 -167
 1218 -166
 2128 -165
 3005 -164
 3439 -163
 3418 -162
 3352 -161
 3271 -160
 3353 -159
 3245 -158
 2951 -157
 2337 -156
 1326 -155
 555 -154
 92 -153
 3 -152
 0 -151
 0 -150
 0 -149
 0 -148
 0 -147
 0 -146
 0 -145
 0 -144
 0 -143
 0 -142
 0 -141
 0 -140


