# Created by Octave 3.8.2, Mon Jun 22 07:13:39 2020 CEST <damian@fptrucha.inv.usc.es>
# name: hd
# type: matrix
# rows: 41
# columns: 2
 1 -180
 3 -179
 2 -178
 6 -177
 4 -176
 3 -175
 19 -174
 17 -173
 51 -172
 118 -171
 200 -170
 247 -169
 267 -168
 568 -167
 1225 -166
 2245 -165
 3084 -164
 3301 -163
 3154 -162
 3323 -161
 3232 -160
 3222 -159
 3136 -158
 2715 -157
 2159 -156
 1208 -155
 407 -154
 60 -153
 1 -152
 0 -151
 0 -150
 0 -149
 0 -148
 0 -147
 0 -146
 0 -145
 0 -144
 0 -143
 0 -142
 0 -141
 0 -140


