# Created by Octave 3.8.2, Mon Jun 22 04:08:36 2020 CEST <damian@fptrucha.inv.usc.es>
# name: hd
# type: matrix
# rows: 41
# columns: 2
 2 -180
 1 -179
 3 -178
 3 -177
 3 -176
 3 -175
 5 -174
 20 -173
 51 -172
 91 -171
 170 -170
 230 -169
 296 -168
 556 -167
 1321 -166
 2171 -165
 3014 -164
 3103 -163
 3087 -162
 3230 -161
 3237 -160
 3097 -159
 2966 -158
 2568 -157
 2134 -156
 1114 -155
 393 -154
 53 -153
 2 -152
 0 -151
 0 -150
 0 -149
 0 -148
 0 -147
 0 -146
 0 -145
 0 -144
 0 -143
 0 -142
 0 -141
 0 -140


