# Created by Octave 3.8.2, Sat Jun 20 23:31:06 2020 CEST <damian@fptrucha.inv.usc.es>
# name: hd
# type: matrix
# rows: 41
# columns: 2
 1 -180
 0 -179
 1 -178
 1 -177
 2 -176
 2 -175
 5 -174
 13 -173
 51 -172
 96 -171
 185 -170
 251 -169
 313 -168
 590 -167
 1136 -166
 2118 -165
 3018 -164
 3415 -163
 3534 -162
 3421 -161
 3290 -160
 3422 -159
 3276 -158
 3048 -157
 2332 -156
 1394 -155
 533 -154
 90 -153
 3 -152
 0 -151
 0 -150
 0 -149
 0 -148
 0 -147
 0 -146
 0 -145
 0 -144
 0 -143
 0 -142
 0 -141
 0 -140


