# Created by Octave 3.8.2, Mon Jun 22 13:00:48 2020 CEST <damian@fptrucha.inv.usc.es>
# name: hd
# type: matrix
# rows: 41
# columns: 2
 0 -180
 2 -179
 1 -178
 0 -177
 5 -176
 7 -175
 9 -174
 17 -173
 50 -172
 138 -171
 214 -170
 247 -169
 312 -168
 585 -167
 1327 -166
 2414 -165
 3258 -164
 3336 -163
 3470 -162
 3487 -161
 3455 -160
 3426 -159
 3131 -158
 2816 -157
 2309 -156
 1272 -155
 418 -154
 67 -153
 1 -152
 0 -151
 0 -150
 0 -149
 0 -148
 0 -147
 0 -146
 0 -145
 0 -144
 0 -143
 0 -142
 0 -141
 0 -140


