# Created by Octave 3.8.2, Mon Jun 22 11:29:59 2020 CEST <damian@fptrucha.inv.usc.es>
# name: hd
# type: matrix
# rows: 41
# columns: 2
 3 -180
 0 -179
 1 -178
 6 -177
 2 -176
 8 -175
 9 -174
 21 -173
 48 -172
 129 -171
 204 -170
 250 -169
 339 -168
 586 -167
 1345 -166
 2395 -165
 3186 -164
 3283 -163
 3422 -162
 3403 -161
 3414 -160
 3440 -159
 3121 -158
 2836 -157
 2138 -156
 1225 -155
 404 -154
 44 -153
 0 -152
 0 -151
 0 -150
 0 -149
 0 -148
 0 -147
 0 -146
 0 -145
 0 -144
 0 -143
 0 -142
 0 -141
 0 -140


