# Created by Octave 3.8.2, Sun Jun 21 05:38:11 2020 CEST <damian@fptrucha.inv.usc.es>
# name: hd
# type: matrix
# rows: 41
# columns: 2
 1 -180
 2 -179
 0 -178
 2 -177
 1 -176
 5 -175
 6 -174
 16 -173
 41 -172
 105 -171
 181 -170
 240 -169
 309 -168
 538 -167
 1240 -166
 2125 -165
 3044 -164
 3565 -163
 3457 -162
 3407 -161
 3310 -160
 3322 -159
 3177 -158
 2964 -157
 2220 -156
 1417 -155
 503 -154
 77 -153
 2 -152
 0 -151
 0 -150
 0 -149
 0 -148
 0 -147
 0 -146
 0 -145
 0 -144
 0 -143
 0 -142
 0 -141
 0 -140


