# Created by Octave 3.8.2, Mon Jun 22 09:25:02 2020 CEST <damian@fptrucha.inv.usc.es>
# name: hd
# type: matrix
# rows: 41
# columns: 2
 2 -180
 4 -179
 2 -178
 3 -177
 2 -176
 7 -175
 14 -174
 21 -173
 65 -172
 132 -171
 192 -170
 224 -169
 310 -168
 567 -167
 1277 -166
 2412 -165
 3055 -164
 3304 -163
 3263 -162
 3389 -161
 3400 -160
 3257 -159
 3013 -158
 2788 -157
 2130 -156
 1207 -155
 407 -154
 48 -153
 0 -152
 0 -151
 0 -150
 0 -149
 0 -148
 0 -147
 0 -146
 0 -145
 0 -144
 0 -143
 0 -142
 0 -141
 0 -140


