# Created by Octave 3.8.2, Mon Jun 22 15:46:23 2020 CEST <damian@fptrucha.inv.usc.es>
# name: hd
# type: matrix
# rows: 41
# columns: 2
 1 -180
 3 -179
 5 -178
 3 -177
 3 -176
 1 -175
 9 -174
 20 -173
 66 -172
 143 -171
 210 -170
 285 -169
 382 -168
 673 -167
 1444 -166
 2474 -165
 3243 -164
 3456 -163
 3437 -162
 3704 -161
 3519 -160
 3511 -159
 3319 -158
 2927 -157
 2359 -156
 1268 -155
 455 -154
 59 -153
 0 -152
 0 -151
 0 -150
 0 -149
 0 -148
 0 -147
 0 -146
 0 -145
 0 -144
 0 -143
 0 -142
 0 -141
 0 -140


