# Created by Octave 3.8.2, Mon Jun 22 23:24:50 2020 CEST <damian@fptrucha.inv.usc.es>
# name: hd
# type: matrix
# rows: 41
# columns: 2
 2 -180
 2 -179
 1 -178
 2 -177
 3 -176
 2 -175
 15 -174
 17 -173
 48 -172
 136 -171
 196 -170
 271 -169
 341 -168
 635 -167
 1363 -166
 2384 -165
 3321 -164
 3716 -163
 3678 -162
 3636 -161
 3693 -160
 3642 -159
 3476 -158
 3193 -157
 2459 -156
 1481 -155
 575 -154
 84 -153
 2 -152
 0 -151
 0 -150
 0 -149
 0 -148
 0 -147
 0 -146
 0 -145
 0 -144
 0 -143
 0 -142
 0 -141
 0 -140


