# Created by Octave 3.8.2, Sun Jun 21 04:48:27 2020 CEST <damian@fptrucha.inv.usc.es>
# name: hd
# type: matrix
# rows: 41
# columns: 2
 0 -180
 0 -179
 2 -178
 0 -177
 2 -176
 1 -175
 5 -174
 10 -173
 41 -172
 96 -171
 171 -170
 223 -169
 279 -168
 538 -167
 1213 -166
 2231 -165
 2978 -164
 3515 -163
 3430 -162
 3355 -161
 3283 -160
 3358 -159
 3236 -158
 3116 -157
 2253 -156
 1368 -155
 543 -154
 81 -153
 1 -152
 0 -151
 0 -150
 0 -149
 0 -148
 0 -147
 0 -146
 0 -145
 0 -144
 0 -143
 0 -142
 0 -141
 0 -140


