# Created by Octave 3.8.2, Mon Jun 22 06:38:31 2020 CEST <damian@fptrucha.inv.usc.es>
# name: hd
# type: matrix
# rows: 41
# columns: 2
 0 -180
 2 -179
 2 -178
 1 -177
 5 -176
 3 -175
 11 -174
 21 -173
 59 -172
 108 -171
 181 -170
 266 -169
 347 -168
 596 -167
 1303 -166
 2254 -165
 3007 -164
 3226 -163
 3189 -162
 3295 -161
 3313 -160
 3219 -159
 3121 -158
 2769 -157
 2180 -156
 1186 -155
 412 -154
 59 -153
 2 -152
 0 -151
 0 -150
 0 -149
 0 -148
 0 -147
 0 -146
 0 -145
 0 -144
 0 -143
 0 -142
 0 -141
 0 -140


