# Created by Octave 3.8.2, Sun Jun 21 00:09:49 2020 CEST <damian@fptrucha.inv.usc.es>
# name: hd
# type: matrix
# rows: 41
# columns: 2
 0 -180
 0 -179
 1 -178
 1 -177
 1 -176
 2 -175
 9 -174
 12 -173
 46 -172
 81 -171
 158 -170
 234 -169
 269 -168
 521 -167
 1166 -166
 2149 -165
 3000 -164
 3474 -163
 3406 -162
 3425 -161
 3244 -160
 3301 -159
 3208 -158
 2962 -157
 2261 -156
 1399 -155
 531 -154
 90 -153
 1 -152
 0 -151
 0 -150
 0 -149
 0 -148
 0 -147
 0 -146
 0 -145
 0 -144
 0 -143
 0 -142
 0 -141
 0 -140


