# Created by Octave 3.8.2, Sat Jun 20 11:11:19 2020 CEST <damian@fptrucha.inv.usc.es>
# name: hd
# type: matrix
# rows: 41
# columns: 2
 0 -180
 0 -179
 0 -178
 2 -177
 4 -176
 3 -175
 7 -174
 22 -173
 52 -172
 125 -171
 209 -170
 290 -169
 368 -168
 647 -167
 1437 -166
 2384 -165
 3422 -164
 3808 -163
 3853 -162
 3779 -161
 3702 -160
 3588 -159
 3523 -158
 3186 -157
 2617 -156
 1558 -155
 569 -154
 93 -153
 2 -152
 1 -151
 0 -150
 0 -149
 0 -148
 0 -147
 0 -146
 0 -145
 0 -144
 0 -143
 0 -142
 0 -141
 0 -140


