# Created by Octave 3.8.2, Sat Jun 20 05:55:12 2020 CEST <damian@fptrucha.inv.usc.es>
# name: hd
# type: matrix
# rows: 41
# columns: 2
 0 -180
 0 -179
 0 -178
 2 -177
 0 -176
 3 -175
 9 -174
 17 -173
 42 -172
 116 -171
 193 -170
 266 -169
 344 -168
 618 -167
 1388 -166
 2408 -165
 3404 -164
 3996 -163
 3837 -162
 3828 -161
 3844 -160
 3856 -159
 3890 -158
 3391 -157
 2614 -156
 1552 -155
 646 -154
 94 -153
 2 -152
 0 -151
 0 -150
 0 -149
 0 -148
 0 -147
 0 -146
 0 -145
 0 -144
 0 -143
 0 -142
 0 -141
 0 -140


