# Created by Octave 3.8.2, Sat Jun 20 23:13:06 2020 CEST <damian@fptrucha.inv.usc.es>
# name: hd
# type: matrix
# rows: 41
# columns: 2
 1 -180
 1 -179
 0 -178
 0 -177
 2 -176
 2 -175
 8 -174
 17 -173
 46 -172
 110 -171
 156 -170
 226 -169
 289 -168
 522 -167
 1181 -166
 2145 -165
 3157 -164
 3325 -163
 3485 -162
 3306 -161
 3310 -160
 3223 -159
 3247 -158
 2948 -157
 2227 -156
 1357 -155
 536 -154
 85 -153
 2 -152
 0 -151
 0 -150
 0 -149
 0 -148
 0 -147
 0 -146
 0 -145
 0 -144
 0 -143
 0 -142
 0 -141
 0 -140


