# Created by Octave 3.8.2, Tue Jun 23 00:28:16 2020 CEST <damian@fptrucha.inv.usc.es>
# name: hd
# type: matrix
# rows: 41
# columns: 2
 1 -180
 2 -179
 1 -178
 1 -177
 3 -176
 2 -175
 4 -174
 10 -173
 34 -172
 61 -171
 146 -170
 157 -169
 220 -168
 358 -167
 861 -166
 1577 -165
 2223 -164
 2443 -163
 2457 -162
 2517 -161
 2448 -160
 2389 -159
 2386 -158
 2139 -157
 1624 -156
 1022 -155
 383 -154
 44 -153
 2 -152
 0 -151
 0 -150
 0 -149
 0 -148
 0 -147
 0 -146
 0 -145
 0 -144
 0 -143
 0 -142
 0 -141
 0 -140


