# Created by Octave 3.8.2, Sat Jun 20 07:10:28 2020 CEST <damian@fptrucha.inv.usc.es>
# name: hd
# type: matrix
# rows: 41
# columns: 2
 0 -180
 1 -179
 1 -178
 0 -177
 3 -176
 5 -175
 8 -174
 15 -173
 46 -172
 136 -171
 170 -170
 263 -169
 349 -168
 617 -167
 1391 -166
 2430 -165
 3468 -164
 3925 -163
 3877 -162
 3817 -161
 3829 -160
 3877 -159
 3659 -158
 3370 -157
 2764 -156
 1644 -155
 641 -154
 93 -153
 4 -152
 0 -151
 0 -150
 0 -149
 0 -148
 0 -147
 0 -146
 0 -145
 0 -144
 0 -143
 0 -142
 0 -141
 0 -140


