# Created by Octave 3.8.2, Mon Jun 22 09:22:55 2020 CEST <damian@fptrucha.inv.usc.es>
# name: hd
# type: matrix
# rows: 41
# columns: 2
 1 -180
 1 -179
 3 -178
 3 -177
 9 -176
 5 -175
 10 -174
 28 -173
 65 -172
 146 -171
 193 -170
 271 -169
 339 -168
 605 -167
 1302 -166
 2343 -165
 3041 -164
 3285 -163
 3247 -162
 3461 -161
 3240 -160
 3340 -159
 3121 -158
 2658 -157
 2235 -156
 1198 -155
 408 -154
 58 -153
 5 -152
 0 -151
 0 -150
 0 -149
 0 -148
 0 -147
 0 -146
 0 -145
 0 -144
 0 -143
 0 -142
 0 -141
 0 -140


