# Created by Octave 3.8.2, Mon Jun 22 01:12:23 2020 CEST <damian@fptrucha.inv.usc.es>
# name: hd
# type: matrix
# rows: 41
# columns: 2
 0 -180
 1 -179
 1 -178
 0 -177
 2 -176
 7 -175
 7 -174
 17 -173
 36 -172
 97 -171
 166 -170
 239 -169
 310 -168
 541 -167
 1149 -166
 2139 -165
 3072 -164
 3377 -163
 3563 -162
 3277 -161
 3368 -160
 3302 -159
 3190 -158
 3086 -157
 2243 -156
 1399 -155
 589 -154
 73 -153
 2 -152
 1 -151
 0 -150
 0 -149
 0 -148
 0 -147
 0 -146
 0 -145
 0 -144
 0 -143
 0 -142
 0 -141
 0 -140


