# Created by Octave 3.8.2, Mon Jun 22 03:46:23 2020 CEST <damian@fptrucha.inv.usc.es>
# name: hd
# type: matrix
# rows: 41
# columns: 2
 5 -180
 2 -179
 1 -178
 3 -177
 5 -176
 2 -175
 10 -174
 20 -173
 50 -172
 116 -171
 186 -170
 237 -169
 314 -168
 564 -167
 1228 -166
 2325 -165
 2949 -164
 3097 -163
 3085 -162
 3260 -161
 3201 -160
 3300 -159
 2913 -158
 2747 -157
 2099 -156
 1207 -155
 423 -154
 42 -153
 1 -152
 0 -151
 0 -150
 0 -149
 0 -148
 0 -147
 0 -146
 0 -145
 0 -144
 0 -143
 0 -142
 0 -141
 0 -140


