# Created by Octave 3.8.2, Sat Jun 20 17:51:08 2020 CEST <damian@fptrucha.inv.usc.es>
# name: hd
# type: matrix
# rows: 41
# columns: 2
 0 -180
 1 -179
 0 -178
 0 -177
 1 -176
 4 -175
 1 -174
 15 -173
 52 -172
 113 -171
 154 -170
 238 -169
 267 -168
 544 -167
 1232 -166
 2102 -165
 3092 -164
 3446 -163
 3390 -162
 3384 -161
 3385 -160
 3436 -159
 3289 -158
 3055 -157
 2367 -156
 1425 -155
 514 -154
 96 -153
 1 -152
 0 -151
 0 -150
 0 -149
 0 -148
 0 -147
 0 -146
 0 -145
 0 -144
 0 -143
 0 -142
 0 -141
 0 -140


