# Created by Octave 3.8.2, Mon Jun 22 21:14:14 2020 CEST <damian@fptrucha.inv.usc.es>
# name: hd
# type: matrix
# rows: 41
# columns: 2
 3 -180
 0 -179
 3 -178
 1 -177
 2 -176
 0 -175
 3 -174
 20 -173
 47 -172
 130 -171
 196 -170
 245 -169
 327 -168
 622 -167
 1353 -166
 2505 -165
 3467 -164
 3672 -163
 3670 -162
 3712 -161
 3707 -160
 3645 -159
 3368 -158
 3065 -157
 2441 -156
 1315 -155
 430 -154
 61 -153
 3 -152
 0 -151
 0 -150
 0 -149
 0 -148
 0 -147
 0 -146
 0 -145
 0 -144
 0 -143
 0 -142
 0 -141
 0 -140


