# Created by Octave 3.8.2, Mon Jun 22 07:09:39 2020 CEST <damian@fptrucha.inv.usc.es>
# name: hd
# type: matrix
# rows: 41
# columns: 2
 2 -180
 0 -179
 1 -178
 5 -177
 2 -176
 9 -175
 5 -174
 19 -173
 42 -172
 134 -171
 197 -170
 245 -169
 317 -168
 564 -167
 1230 -166
 2252 -165
 2971 -164
 3301 -163
 3152 -162
 3263 -161
 3222 -160
 3173 -159
 2913 -158
 2680 -157
 2134 -156
 1199 -155
 383 -154
 47 -153
 2 -152
 0 -151
 0 -150
 0 -149
 0 -148
 0 -147
 0 -146
 0 -145
 0 -144
 0 -143
 0 -142
 0 -141
 0 -140


