# Created by Octave 3.8.2, Sun Jun 21 05:33:46 2020 CEST <damian@fptrucha.inv.usc.es>
# name: hd
# type: matrix
# rows: 41
# columns: 2
 1 -180
 0 -179
 0 -178
 0 -177
 1 -176
 2 -175
 5 -174
 17 -173
 39 -172
 108 -171
 169 -170
 220 -169
 292 -168
 567 -167
 1213 -166
 2204 -165
 3002 -164
 3302 -163
 3362 -162
 3365 -161
 3315 -160
 3406 -159
 3166 -158
 2964 -157
 2220 -156
 1375 -155
 517 -154
 73 -153
 2 -152
 0 -151
 0 -150
 0 -149
 0 -148
 0 -147
 0 -146
 0 -145
 0 -144
 0 -143
 0 -142
 0 -141
 0 -140


