# Created by Octave 3.8.2, Sat Jun 20 06:37:43 2020 CEST <damian@fptrucha.inv.usc.es>
# name: hd
# type: matrix
# rows: 41
# columns: 2
 0 -180
 1 -179
 1 -178
 0 -177
 0 -176
 1 -175
 12 -174
 15 -173
 50 -172
 109 -171
 187 -170
 227 -169
 322 -168
 620 -167
 1375 -166
 2396 -165
 3585 -164
 3864 -163
 3934 -162
 3843 -161
 3928 -160
 3859 -159
 3692 -158
 3283 -157
 2663 -156
 1617 -155
 592 -154
 97 -153
 1 -152
 0 -151
 0 -150
 0 -149
 0 -148
 0 -147
 0 -146
 0 -145
 0 -144
 0 -143
 0 -142
 0 -141
 0 -140


