# Created by Octave 3.8.2, Mon Jun 22 02:48:04 2020 CEST <damian@fptrucha.inv.usc.es>
# name: hd
# type: matrix
# rows: 41
# columns: 2
 6 -180
 1 -179
 5 -178
 5 -177
 4 -176
 7 -175
 17 -174
 17 -173
 47 -172
 144 -171
 195 -170
 227 -169
 314 -168
 544 -167
 1206 -166
 2350 -165
 2913 -164
 3281 -163
 3096 -162
 3260 -161
 3353 -160
 3193 -159
 2957 -158
 2631 -157
 2146 -156
 1184 -155
 428 -154
 45 -153
 1 -152
 0 -151
 0 -150
 0 -149
 0 -148
 0 -147
 0 -146
 0 -145
 0 -144
 0 -143
 0 -142
 0 -141
 0 -140


