# Created by Octave 3.8.2, Sat Jun 20 20:09:58 2020 CEST <damian@fptrucha.inv.usc.es>
# name: hd
# type: matrix
# rows: 41
# columns: 2
 0 -180
 0 -179
 0 -178
 0 -177
 1 -176
 2 -175
 10 -174
 10 -173
 34 -172
 100 -171
 157 -170
 238 -169
 286 -168
 566 -167
 1170 -166
 2164 -165
 3080 -164
 3260 -163
 3511 -162
 3424 -161
 3275 -160
 3442 -159
 3248 -158
 3096 -157
 2306 -156
 1410 -155
 538 -154
 78 -153
 3 -152
 0 -151
 0 -150
 0 -149
 0 -148
 0 -147
 0 -146
 0 -145
 0 -144
 0 -143
 0 -142
 0 -141
 0 -140


