# Created by Octave 3.8.2, Sat Jun 20 07:09:02 2020 CEST <damian@fptrucha.inv.usc.es>
# name: hd
# type: matrix
# rows: 41
# columns: 2
 2 -180
 0 -179
 2 -178
 2 -177
 3 -176
 5 -175
 4 -174
 19 -173
 48 -172
 106 -171
 196 -170
 258 -169
 308 -168
 597 -167
 1335 -166
 2413 -165
 3366 -164
 3905 -163
 3888 -162
 3997 -161
 3929 -160
 3852 -159
 3734 -158
 3321 -157
 2649 -156
 1615 -155
 664 -154
 118 -153
 2 -152
 0 -151
 0 -150
 0 -149
 0 -148
 0 -147
 0 -146
 0 -145
 0 -144
 0 -143
 0 -142
 0 -141
 0 -140


