# Created by Octave 3.8.2, Sat Jun 20 05:24:08 2020 CEST <damian@fptrucha.inv.usc.es>
# name: hd
# type: matrix
# rows: 41
# columns: 2
 2 -180
 3 -179
 0 -178
 0 -177
 2 -176
 4 -175
 10 -174
 19 -173
 63 -172
 111 -171
 206 -170
 260 -169
 339 -168
 589 -167
 1257 -166
 2423 -165
 3420 -164
 3879 -163
 3814 -162
 3811 -161
 3682 -160
 3691 -159
 3556 -158
 3349 -157
 2537 -156
 1575 -155
 588 -154
 93 -153
 0 -152
 0 -151
 0 -150
 0 -149
 0 -148
 0 -147
 0 -146
 0 -145
 0 -144
 0 -143
 0 -142
 0 -141
 0 -140


