# Created by Octave 3.8.2, Sat Jun 20 18:29:28 2020 CEST <damian@fptrucha.inv.usc.es>
# name: hd
# type: matrix
# rows: 41
# columns: 2
 2 -180
 1 -179
 1 -178
 4 -177
 2 -176
 1 -175
 4 -174
 18 -173
 50 -172
 107 -171
 188 -170
 229 -169
 288 -168
 551 -167
 1224 -166
 2203 -165
 2923 -164
 3568 -163
 3565 -162
 3423 -161
 3376 -160
 3475 -159
 3226 -158
 3062 -157
 2279 -156
 1414 -155
 536 -154
 95 -153
 0 -152
 0 -151
 0 -150
 0 -149
 0 -148
 0 -147
 0 -146
 0 -145
 0 -144
 0 -143
 0 -142
 0 -141
 0 -140


