# Created by Octave 3.8.2, Sat Jun 20 23:53:25 2020 CEST <damian@fptrucha.inv.usc.es>
# name: hd
# type: matrix
# rows: 41
# columns: 2
 0 -180
 0 -179
 0 -178
 2 -177
 1 -176
 2 -175
 3 -174
 17 -173
 39 -172
 115 -171
 151 -170
 221 -169
 310 -168
 576 -167
 1142 -166
 2090 -165
 3007 -164
 3447 -163
 3438 -162
 3262 -161
 3388 -160
 3407 -159
 3209 -158
 2874 -157
 2223 -156
 1373 -155
 531 -154
 80 -153
 1 -152
 1 -151
 0 -150
 0 -149
 0 -148
 0 -147
 0 -146
 0 -145
 0 -144
 0 -143
 0 -142
 0 -141
 0 -140


