# Created by Octave 3.8.2, Mon Jun 22 20:42:56 2020 CEST <damian@fptrucha.inv.usc.es>
# name: hd
# type: matrix
# rows: 41
# columns: 2
 5 -180
 2 -179
 0 -178
 2 -177
 1 -176
 2 -175
 8 -174
 28 -173
 76 -172
 128 -171
 220 -170
 275 -169
 328 -168
 622 -167
 1394 -166
 2497 -165
 3404 -164
 3590 -163
 3489 -162
 3709 -161
 3618 -160
 3550 -159
 3255 -158
 2938 -157
 2411 -156
 1347 -155
 452 -154
 59 -153
 3 -152
 0 -151
 0 -150
 0 -149
 0 -148
 0 -147
 0 -146
 0 -145
 0 -144
 0 -143
 0 -142
 0 -141
 0 -140


