# Created by Octave 3.8.2, Sat Jun 20 23:45:12 2020 CEST <damian@fptrucha.inv.usc.es>
# name: hd
# type: matrix
# rows: 41
# columns: 2
 0 -180
 0 -179
 1 -178
 0 -177
 1 -176
 2 -175
 4 -174
 13 -173
 30 -172
 54 -171
 106 -170
 161 -169
 184 -168
 340 -167
 829 -166
 1435 -165
 1907 -164
 2252 -163
 2259 -162
 2286 -161
 2200 -160
 2190 -159
 2186 -158
 1998 -157
 1532 -156
 920 -155
 378 -154
 50 -153
 1 -152
 0 -151
 0 -150
 0 -149
 0 -148
 0 -147
 0 -146
 0 -145
 0 -144
 0 -143
 0 -142
 0 -141
 0 -140


