# Created by Octave 3.8.2, Sat Jun 20 10:49:46 2020 CEST <damian@fptrucha.inv.usc.es>
# name: hd
# type: matrix
# rows: 41
# columns: 2
 0 -180
 0 -179
 0 -178
 1 -177
 0 -176
 4 -175
 7 -174
 7 -173
 28 -172
 88 -171
 160 -170
 173 -169
 256 -168
 443 -167
 934 -166
 1605 -165
 2203 -164
 2487 -163
 2553 -162
 2442 -161
 2553 -160
 2413 -159
 2374 -158
 2129 -157
 1631 -156
 1007 -155
 408 -154
 68 -153
 4 -152
 0 -151
 0 -150
 0 -149
 0 -148
 0 -147
 0 -146
 0 -145
 0 -144
 0 -143
 0 -142
 0 -141
 0 -140


