# Created by Octave 3.8.2, Sun Jun 21 04:43:56 2020 CEST <damian@fptrucha.inv.usc.es>
# name: hd
# type: matrix
# rows: 41
# columns: 2
 0 -180
 0 -179
 2 -178
 0 -177
 1 -176
 2 -175
 4 -174
 13 -173
 39 -172
 78 -171
 165 -170
 200 -169
 289 -168
 534 -167
 1151 -166
 2168 -165
 2977 -164
 3430 -163
 3364 -162
 3510 -161
 3325 -160
 3318 -159
 3304 -158
 2968 -157
 2238 -156
 1395 -155
 542 -154
 93 -153
 1 -152
 0 -151
 0 -150
 0 -149
 0 -148
 0 -147
 0 -146
 0 -145
 0 -144
 0 -143
 0 -142
 0 -141
 0 -140


