# Created by Octave 3.8.2, Mon Jun 22 12:01:30 2020 CEST <damian@fptrucha.inv.usc.es>
# name: hd
# type: matrix
# rows: 41
# columns: 2
 0 -180
 3 -179
 1 -178
 1 -177
 2 -176
 3 -175
 8 -174
 15 -173
 63 -172
 126 -171
 205 -170
 255 -169
 308 -168
 581 -167
 1391 -166
 2393 -165
 3168 -164
 3400 -163
 3365 -162
 3401 -161
 3394 -160
 3346 -159
 3171 -158
 2789 -157
 2243 -156
 1190 -155
 429 -154
 59 -153
 2 -152
 0 -151
 0 -150
 0 -149
 0 -148
 0 -147
 0 -146
 0 -145
 0 -144
 0 -143
 0 -142
 0 -141
 0 -140


