# Created by Octave 3.8.2, Sat Jun 20 12:10:29 2020 CEST <damian@fptrucha.inv.usc.es>
# name: hd
# type: matrix
# rows: 41
# columns: 2
 2 -180
 1 -179
 0 -178
 0 -177
 2 -176
 3 -175
 6 -174
 18 -173
 50 -172
 128 -171
 214 -170
 287 -169
 349 -168
 665 -167
 1374 -166
 2376 -165
 3334 -164
 3795 -163
 3747 -162
 3827 -161
 3703 -160
 3638 -159
 3555 -158
 3207 -157
 2592 -156
 1513 -155
 597 -154
 91 -153
 0 -152
 0 -151
 0 -150
 0 -149
 0 -148
 0 -147
 0 -146
 0 -145
 0 -144
 0 -143
 0 -142
 0 -141
 0 -140


