# Created by Octave 3.8.2, Sun Jun 21 06:52:01 2020 CEST <damian@fptrucha.inv.usc.es>
# name: hd
# type: matrix
# rows: 41
# columns: 2
 0 -180
 1 -179
 0 -178
 0 -177
 0 -176
 2 -175
 5 -174
 12 -173
 41 -172
 84 -171
 159 -170
 208 -169
 239 -168
 527 -167
 1144 -166
 2093 -165
 2903 -164
 3388 -163
 3400 -162
 3312 -161
 3282 -160
 3344 -159
 3168 -158
 2955 -157
 2269 -156
 1366 -155
 604 -154
 86 -153
 4 -152
 0 -151
 0 -150
 0 -149
 0 -148
 0 -147
 0 -146
 0 -145
 0 -144
 0 -143
 0 -142
 0 -141
 0 -140


