# Created by Octave 3.8.2, Sat Jun 20 13:13:03 2020 CEST <damian@fptrucha.inv.usc.es>
# name: hd
# type: matrix
# rows: 41
# columns: 2
 0 -180
 0 -179
 1 -178
 0 -177
 0 -176
 1 -175
 6 -174
 16 -173
 50 -172
 110 -171
 195 -170
 266 -169
 333 -168
 596 -167
 1341 -166
 2295 -165
 3389 -164
 3748 -163
 3684 -162
 3620 -161
 3615 -160
 3574 -159
 3428 -158
 3267 -157
 2474 -156
 1515 -155
 555 -154
 78 -153
 0 -152
 0 -151
 0 -150
 0 -149
 0 -148
 0 -147
 0 -146
 0 -145
 0 -144
 0 -143
 0 -142
 0 -141
 0 -140


