# Created by Octave 3.8.2, Sat Jun 20 15:56:34 2020 CEST <damian@fptrucha.inv.usc.es>
# name: hd
# type: matrix
# rows: 41
# columns: 2
 0 -180
 1 -179
 1 -178
 1 -177
 1 -176
 4 -175
 6 -174
 24 -173
 36 -172
 118 -171
 212 -170
 261 -169
 314 -168
 558 -167
 1289 -166
 2294 -165
 3221 -164
 3624 -163
 3591 -162
 3415 -161
 3413 -160
 3567 -159
 3301 -158
 3069 -157
 2297 -156
 1402 -155
 527 -154
 84 -153
 0 -152
 1 -151
 0 -150
 0 -149
 0 -148
 0 -147
 0 -146
 0 -145
 0 -144
 0 -143
 0 -142
 0 -141
 0 -140


