# Created by Octave 3.8.2, Mon Jun 22 03:36:49 2020 CEST <damian@fptrucha.inv.usc.es>
# name: hd
# type: matrix
# rows: 41
# columns: 2
 3 -180
 2 -179
 3 -178
 2 -177
 2 -176
 6 -175
 13 -174
 14 -173
 44 -172
 102 -171
 186 -170
 220 -169
 344 -168
 559 -167
 1284 -166
 2200 -165
 2995 -164
 3196 -163
 3118 -162
 3229 -161
 3285 -160
 3226 -159
 2993 -158
 2712 -157
 2166 -156
 1175 -155
 403 -154
 64 -153
 1 -152
 0 -151
 0 -150
 0 -149
 0 -148
 0 -147
 0 -146
 0 -145
 0 -144
 0 -143
 0 -142
 0 -141
 0 -140


