# Created by Octave 3.8.2, Sun Jun 21 04:40:36 2020 CEST <damian@fptrucha.inv.usc.es>
# name: hd
# type: matrix
# rows: 41
# columns: 2
 0 -180
 0 -179
 0 -178
 1 -177
 1 -176
 2 -175
 4 -174
 9 -173
 24 -172
 80 -171
 115 -170
 160 -169
 183 -168
 417 -167
 813 -166
 1459 -165
 2016 -164
 2241 -163
 2224 -162
 2266 -161
 2172 -160
 2276 -159
 2060 -158
 1965 -157
 1561 -156
 979 -155
 368 -154
 61 -153
 0 -152
 0 -151
 0 -150
 0 -149
 0 -148
 0 -147
 0 -146
 0 -145
 0 -144
 0 -143
 0 -142
 0 -141
 0 -140


