# Created by Octave 3.8.2, Mon Jun 22 18:15:26 2020 CEST <damian@fptrucha.inv.usc.es>
# name: hd
# type: matrix
# rows: 41
# columns: 2
 1 -180
 3 -179
 1 -178
 2 -177
 3 -176
 5 -175
 12 -174
 10 -173
 51 -172
 150 -171
 218 -170
 285 -169
 338 -168
 624 -167
 1441 -166
 2491 -165
 3313 -164
 3554 -163
 3641 -162
 3655 -161
 3533 -160
 3496 -159
 3267 -158
 2992 -157
 2305 -156
 1279 -155
 464 -154
 64 -153
 1 -152
 0 -151
 0 -150
 0 -149
 0 -148
 0 -147
 0 -146
 0 -145
 0 -144
 0 -143
 0 -142
 0 -141
 0 -140


