# Created by Octave 3.8.2, Mon Jun 22 01:04:07 2020 CEST <damian@fptrucha.inv.usc.es>
# name: hd
# type: matrix
# rows: 41
# columns: 2
 0 -180
 1 -179
 3 -178
 0 -177
 4 -176
 2 -175
 6 -174
 5 -173
 43 -172
 92 -171
 171 -170
 235 -169
 283 -168
 568 -167
 1135 -166
 2108 -165
 3093 -164
 3415 -163
 3703 -162
 3503 -161
 3442 -160
 3485 -159
 3364 -158
 3111 -157
 2357 -156
 1386 -155
 556 -154
 83 -153
 3 -152
 0 -151
 0 -150
 0 -149
 0 -148
 0 -147
 0 -146
 0 -145
 0 -144
 0 -143
 0 -142
 0 -141
 0 -140


