# Created by Octave 3.8.2, Mon Jun 22 23:42:22 2020 CEST <damian@fptrucha.inv.usc.es>
# name: hd
# type: matrix
# rows: 41
# columns: 2
 1 -180
 0 -179
 1 -178
 1 -177
 2 -176
 3 -175
 8 -174
 14 -173
 56 -172
 120 -171
 167 -170
 274 -169
 308 -168
 595 -167
 1279 -166
 2370 -165
 3380 -164
 3697 -163
 3649 -162
 3632 -161
 3619 -160
 3686 -159
 3566 -158
 3218 -157
 2562 -156
 1533 -155
 573 -154
 77 -153
 1 -152
 0 -151
 0 -150
 0 -149
 0 -148
 0 -147
 0 -146
 0 -145
 0 -144
 0 -143
 0 -142
 0 -141
 0 -140


