# Created by Octave 3.8.2, Mon Jun 22 10:15:29 2020 CEST <damian@fptrucha.inv.usc.es>
# name: hd
# type: matrix
# rows: 41
# columns: 2
 5 -180
 2 -179
 5 -178
 3 -177
 6 -176
 3 -175
 3 -174
 19 -173
 45 -172
 129 -171
 173 -170
 256 -169
 313 -168
 574 -167
 1260 -166
 2330 -165
 3122 -164
 3459 -163
 3406 -162
 3339 -161
 3337 -160
 3334 -159
 3218 -158
 2880 -157
 2231 -156
 1296 -155
 415 -154
 51 -153
 0 -152
 0 -151
 0 -150
 0 -149
 0 -148
 0 -147
 0 -146
 0 -145
 0 -144
 0 -143
 0 -142
 0 -141
 0 -140


