# Created by Octave 3.8.2, Sun Jun 21 01:13:10 2020 CEST <damian@fptrucha.inv.usc.es>
# name: hd
# type: matrix
# rows: 41
# columns: 2
 0 -180
 1 -179
 3 -178
 1 -177
 2 -176
 2 -175
 3 -174
 10 -173
 43 -172
 109 -171
 150 -170
 211 -169
 296 -168
 556 -167
 1163 -166
 2102 -165
 2968 -164
 3407 -163
 3418 -162
 3238 -161
 3303 -160
 3372 -159
 3194 -158
 2868 -157
 2261 -156
 1394 -155
 588 -154
 78 -153
 2 -152
 0 -151
 0 -150
 0 -149
 0 -148
 0 -147
 0 -146
 0 -145
 0 -144
 0 -143
 0 -142
 0 -141
 0 -140


