# Created by Octave 3.8.2, Sat Jun 20 22:29:41 2020 CEST <damian@fptrucha.inv.usc.es>
# name: hd
# type: matrix
# rows: 41
# columns: 2
 1 -180
 0 -179
 1 -178
 0 -177
 1 -176
 2 -175
 7 -174
 8 -173
 43 -172
 98 -171
 174 -170
 234 -169
 316 -168
 546 -167
 1198 -166
 2113 -165
 3009 -164
 3465 -163
 3393 -162
 3394 -161
 3339 -160
 3282 -159
 3157 -158
 2994 -157
 2298 -156
 1372 -155
 511 -154
 84 -153
 2 -152
 0 -151
 0 -150
 0 -149
 0 -148
 0 -147
 0 -146
 0 -145
 0 -144
 0 -143
 0 -142
 0 -141
 0 -140


