# Created by Octave 3.8.2, Sat Jun 20 21:43:45 2020 CEST <damian@fptrucha.inv.usc.es>
# name: hd
# type: matrix
# rows: 41
# columns: 2
 0 -180
 0 -179
 0 -178
 1 -177
 2 -176
 1 -175
 8 -174
 8 -173
 46 -172
 104 -171
 164 -170
 219 -169
 286 -168
 582 -167
 1132 -166
 2033 -165
 3077 -164
 3416 -163
 3287 -162
 3322 -161
 3374 -160
 3281 -159
 3114 -158
 2845 -157
 2316 -156
 1356 -155
 528 -154
 91 -153
 3 -152
 0 -151
 0 -150
 0 -149
 0 -148
 0 -147
 0 -146
 0 -145
 0 -144
 0 -143
 0 -142
 0 -141
 0 -140


