# Created by Octave 3.8.2, Mon Jun 22 09:01:56 2020 CEST <damian@fptrucha.inv.usc.es>
# name: hd
# type: matrix
# rows: 41
# columns: 2
 3 -180
 2 -179
 3 -178
 5 -177
 1 -176
 9 -175
 14 -174
 14 -173
 52 -172
 124 -171
 193 -170
 251 -169
 307 -168
 623 -167
 1264 -166
 2291 -165
 3033 -164
 3300 -163
 3293 -162
 3424 -161
 3288 -160
 3343 -159
 3096 -158
 2726 -157
 2240 -156
 1185 -155
 446 -154
 46 -153
 2 -152
 0 -151
 0 -150
 0 -149
 0 -148
 0 -147
 0 -146
 0 -145
 0 -144
 0 -143
 0 -142
 0 -141
 0 -140


