# Created by Octave 3.8.2, Mon Jun 22 11:43:11 2020 CEST <damian@fptrucha.inv.usc.es>
# name: hd
# type: matrix
# rows: 41
# columns: 2
 1 -180
 2 -179
 2 -178
 3 -177
 1 -176
 6 -175
 7 -174
 27 -173
 50 -172
 117 -171
 177 -170
 262 -169
 327 -168
 653 -167
 1351 -166
 2370 -165
 3265 -164
 3426 -163
 3370 -162
 3513 -161
 3458 -160
 3394 -159
 3109 -158
 2885 -157
 2331 -156
 1204 -155
 419 -154
 54 -153
 1 -152
 0 -151
 0 -150
 0 -149
 0 -148
 0 -147
 0 -146
 0 -145
 0 -144
 0 -143
 0 -142
 0 -141
 0 -140


