# Created by Octave 3.8.2, Mon Jun 22 16:56:24 2020 CEST <damian@fptrucha.inv.usc.es>
# name: hd
# type: matrix
# rows: 41
# columns: 2
 0 -180
 0 -179
 2 -178
 4 -177
 3 -176
 6 -175
 8 -174
 23 -173
 54 -172
 132 -171
 221 -170
 283 -169
 343 -168
 670 -167
 1340 -166
 2603 -165
 3352 -164
 3462 -163
 3620 -162
 3623 -161
 3610 -160
 3625 -159
 3147 -158
 3010 -157
 2236 -156
 1297 -155
 441 -154
 54 -153
 0 -152
 0 -151
 0 -150
 0 -149
 0 -148
 0 -147
 0 -146
 0 -145
 0 -144
 0 -143
 0 -142
 0 -141
 0 -140


