# Created by Octave 3.8.2, Mon Jun 22 14:29:57 2020 CEST <damian@fptrucha.inv.usc.es>
# name: hd
# type: matrix
# rows: 41
# columns: 2
 3 -180
 4 -179
 2 -178
 5 -177
 2 -176
 3 -175
 12 -174
 17 -173
 43 -172
 108 -171
 219 -170
 285 -169
 313 -168
 706 -167
 1359 -166
 2528 -165
 3195 -164
 3293 -163
 3455 -162
 3470 -161
 3571 -160
 3390 -159
 3121 -158
 2852 -157
 2255 -156
 1235 -155
 404 -154
 38 -153
 0 -152
 0 -151
 0 -150
 0 -149
 0 -148
 0 -147
 0 -146
 0 -145
 0 -144
 0 -143
 0 -142
 0 -141
 0 -140


