# Created by Octave 3.8.2, Sat Jun 20 04:49:25 2020 CEST <damian@fptrucha.inv.usc.es>
# name: hd
# type: matrix
# rows: 41
# columns: 2
 1 -180
 2 -179
 1 -178
 0 -177
 1 -176
 2 -175
 3 -174
 9 -173
 40 -172
 116 -171
 188 -170
 256 -169
 287 -168
 583 -167
 1397 -166
 2343 -165
 3266 -164
 3860 -163
 3750 -162
 3692 -161
 3626 -160
 3716 -159
 3605 -158
 3353 -157
 2574 -156
 1581 -155
 620 -154
 94 -153
 2 -152
 0 -151
 0 -150
 0 -149
 0 -148
 0 -147
 0 -146
 0 -145
 0 -144
 0 -143
 0 -142
 0 -141
 0 -140


