# Created by Octave 3.8.2, Mon Jun 22 00:27:06 2020 CEST <damian@fptrucha.inv.usc.es>
# name: hd
# type: matrix
# rows: 41
# columns: 2
 1 -180
 0 -179
 1 -178
 0 -177
 5 -176
 1 -175
 6 -174
 13 -173
 38 -172
 105 -171
 180 -170
 240 -169
 291 -168
 539 -167
 1160 -166
 2155 -165
 3203 -164
 3519 -163
 3701 -162
 3457 -161
 3478 -160
 3539 -159
 3461 -158
 3215 -157
 2341 -156
 1371 -155
 593 -154
 90 -153
 3 -152
 0 -151
 0 -150
 0 -149
 0 -148
 0 -147
 0 -146
 0 -145
 0 -144
 0 -143
 0 -142
 0 -141
 0 -140


