# Created by Octave 3.8.2, Tue Jun 23 00:47:51 2020 CEST <damian@fptrucha.inv.usc.es>
# name: hd
# type: matrix
# rows: 41
# columns: 2
 2 -180
 3 -179
 2 -178
 0 -177
 2 -176
 2 -175
 9 -174
 19 -173
 54 -172
 123 -171
 180 -170
 233 -169
 295 -168
 568 -167
 1354 -166
 2380 -165
 3357 -164
 3761 -163
 3679 -162
 3629 -161
 3663 -160
 3604 -159
 3465 -158
 3137 -157
 2562 -156
 1504 -155
 603 -154
 88 -153
 1 -152
 0 -151
 0 -150
 0 -149
 0 -148
 0 -147
 0 -146
 0 -145
 0 -144
 0 -143
 0 -142
 0 -141
 0 -140


