# Created by Octave 3.8.2, Mon Jun 22 16:33:19 2020 CEST <damian@fptrucha.inv.usc.es>
# name: hd
# type: matrix
# rows: 41
# columns: 2
 1 -180
 1 -179
 0 -178
 1 -177
 3 -176
 3 -175
 7 -174
 30 -173
 65 -172
 125 -171
 239 -170
 258 -169
 337 -168
 642 -167
 1400 -166
 2580 -165
 3295 -164
 3431 -163
 3579 -162
 3580 -161
 3514 -160
 3496 -159
 3257 -158
 2947 -157
 2323 -156
 1312 -155
 432 -154
 44 -153
 1 -152
 0 -151
 0 -150
 0 -149
 0 -148
 0 -147
 0 -146
 0 -145
 0 -144
 0 -143
 0 -142
 0 -141
 0 -140


