# Created by Octave 3.8.2, Mon Jun 22 14:52:19 2020 CEST <damian@fptrucha.inv.usc.es>
# name: hd
# type: matrix
# rows: 41
# columns: 2
 2 -180
 2 -179
 1 -178
 2 -177
 3 -176
 4 -175
 12 -174
 21 -173
 60 -172
 105 -171
 185 -170
 265 -169
 368 -168
 660 -167
 1328 -166
 2490 -165
 3274 -164
 3403 -163
 3494 -162
 3607 -161
 3550 -160
 3387 -159
 3228 -158
 2859 -157
 2252 -156
 1309 -155
 437 -154
 60 -153
 1 -152
 0 -151
 0 -150
 0 -149
 0 -148
 0 -147
 0 -146
 0 -145
 0 -144
 0 -143
 0 -142
 0 -141
 0 -140


