# Created by Octave 3.8.2, Sat Jun 20 12:04:00 2020 CEST <damian@fptrucha.inv.usc.es>
# name: hd
# type: matrix
# rows: 41
# columns: 2
 1 -180
 1 -179
 3 -178
 2 -177
 2 -176
 3 -175
 6 -174
 15 -173
 55 -172
 112 -171
 187 -170
 289 -169
 386 -168
 599 -167
 1359 -166
 2354 -165
 3413 -164
 3846 -163
 3873 -162
 3711 -161
 3617 -160
 3590 -159
 3540 -158
 3131 -157
 2528 -156
 1503 -155
 580 -154
 95 -153
 1 -152
 0 -151
 0 -150
 0 -149
 0 -148
 0 -147
 0 -146
 0 -145
 0 -144
 0 -143
 0 -142
 0 -141
 0 -140


