# Created by Octave 3.8.2, Mon Jun 22 01:06:14 2020 CEST <damian@fptrucha.inv.usc.es>
# name: hd
# type: matrix
# rows: 41
# columns: 2
 0 -180
 1 -179
 0 -178
 3 -177
 1 -176
 3 -175
 2 -174
 13 -173
 37 -172
 89 -171
 161 -170
 205 -169
 267 -168
 578 -167
 1142 -166
 2210 -165
 3049 -164
 3462 -163
 3638 -162
 3417 -161
 3455 -160
 3358 -159
 3364 -158
 2997 -157
 2423 -156
 1447 -155
 603 -154
 90 -153
 1 -152
 0 -151
 0 -150
 0 -149
 0 -148
 0 -147
 0 -146
 0 -145
 0 -144
 0 -143
 0 -142
 0 -141
 0 -140


