# Created by Octave 3.8.2, Mon Jun 22 19:04:23 2020 CEST <damian@fptrucha.inv.usc.es>
# name: hd
# type: matrix
# rows: 41
# columns: 2
 0 -180
 3 -179
 4 -178
 0 -177
 1 -176
 7 -175
 10 -174
 22 -173
 71 -172
 124 -171
 212 -170
 243 -169
 336 -168
 602 -167
 1464 -166
 2356 -165
 3274 -164
 3496 -163
 3569 -162
 3671 -161
 3578 -160
 3457 -159
 3352 -158
 3032 -157
 2433 -156
 1338 -155
 459 -154
 49 -153
 2 -152
 0 -151
 0 -150
 0 -149
 0 -148
 0 -147
 0 -146
 0 -145
 0 -144
 0 -143
 0 -142
 0 -141
 0 -140


