# Created by Octave 3.8.2, Sat Jun 20 15:41:04 2020 CEST <damian@fptrucha.inv.usc.es>
# name: hd
# type: matrix
# rows: 41
# columns: 2
 0 -180
 0 -179
 1 -178
 2 -177
 2 -176
 4 -175
 10 -174
 14 -173
 40 -172
 94 -171
 159 -170
 254 -169
 357 -168
 618 -167
 1207 -166
 2275 -165
 3150 -164
 3515 -163
 3672 -162
 3512 -161
 3371 -160
 3479 -159
 3285 -158
 3079 -157
 2287 -156
 1476 -155
 521 -154
 83 -153
 2 -152
 0 -151
 0 -150
 0 -149
 0 -148
 0 -147
 0 -146
 0 -145
 0 -144
 0 -143
 0 -142
 0 -141
 0 -140


