# Created by Octave 3.8.2, Mon Jun 22 13:58:40 2020 CEST <damian@fptrucha.inv.usc.es>
# name: hd
# type: matrix
# rows: 41
# columns: 2
 1 -180
 3 -179
 3 -178
 3 -177
 4 -176
 9 -175
 9 -174
 29 -173
 43 -172
 130 -171
 227 -170
 273 -169
 320 -168
 605 -167
 1395 -166
 2424 -165
 3221 -164
 3451 -163
 3465 -162
 3550 -161
 3482 -160
 3293 -159
 3094 -158
 2801 -157
 2245 -156
 1279 -155
 463 -154
 52 -153
 2 -152
 0 -151
 0 -150
 0 -149
 0 -148
 0 -147
 0 -146
 0 -145
 0 -144
 0 -143
 0 -142
 0 -141
 0 -140


