# Created by Octave 3.8.2, Mon Jun 22 12:09:29 2020 CEST <damian@fptrucha.inv.usc.es>
# name: hd
# type: matrix
# rows: 41
# columns: 2
 1 -180
 1 -179
 0 -178
 1 -177
 2 -176
 2 -175
 7 -174
 14 -173
 35 -172
 79 -171
 130 -170
 156 -169
 198 -168
 444 -167
 838 -166
 1556 -165
 2018 -164
 2155 -163
 2243 -162
 2223 -161
 2299 -160
 2240 -159
 2045 -158
 1900 -157
 1476 -156
 840 -155
 287 -154
 40 -153
 0 -152
 0 -151
 0 -150
 0 -149
 0 -148
 0 -147
 0 -146
 0 -145
 0 -144
 0 -143
 0 -142
 0 -141
 0 -140


