# Created by Octave 3.8.2, Mon Jun 22 09:36:25 2020 CEST <damian@fptrucha.inv.usc.es>
# name: hd
# type: matrix
# rows: 41
# columns: 2
 1 -180
 0 -179
 4 -178
 1 -177
 4 -176
 6 -175
 9 -174
 17 -173
 57 -172
 126 -171
 181 -170
 253 -169
 291 -168
 565 -167
 1286 -166
 2289 -165
 3136 -164
 3383 -163
 3304 -162
 3446 -161
 3423 -160
 3283 -159
 3117 -158
 2810 -157
 2290 -156
 1253 -155
 453 -154
 59 -153
 2 -152
 0 -151
 0 -150
 0 -149
 0 -148
 0 -147
 0 -146
 0 -145
 0 -144
 0 -143
 0 -142
 0 -141
 0 -140


