# Created by Octave 3.8.2, Mon Jun 22 18:18:21 2020 CEST <damian@fptrucha.inv.usc.es>
# name: hd
# type: matrix
# rows: 41
# columns: 2
 2 -180
 0 -179
 1 -178
 5 -177
 4 -176
 4 -175
 10 -174
 31 -173
 28 -172
 124 -171
 226 -170
 266 -169
 341 -168
 625 -167
 1430 -166
 2388 -165
 3386 -164
 3440 -163
 3539 -162
 3633 -161
 3614 -160
 3504 -159
 3299 -158
 3030 -157
 2427 -156
 1360 -155
 437 -154
 65 -153
 4 -152
 0 -151
 0 -150
 0 -149
 0 -148
 0 -147
 0 -146
 0 -145
 0 -144
 0 -143
 0 -142
 0 -141
 0 -140


