# Created by Octave 3.8.2, Sun Jun 21 05:34:51 2020 CEST <damian@fptrucha.inv.usc.es>
# name: hd
# type: matrix
# rows: 41
# columns: 2
 1 -180
 0 -179
 0 -178
 1 -177
 2 -176
 1 -175
 3 -174
 16 -173
 41 -172
 109 -171
 175 -170
 228 -169
 289 -168
 541 -167
 1162 -166
 2057 -165
 2962 -164
 3340 -163
 3366 -162
 3462 -161
 3337 -160
 3374 -159
 3197 -158
 2937 -157
 2242 -156
 1345 -155
 494 -154
 67 -153
 4 -152
 0 -151
 0 -150
 0 -149
 0 -148
 0 -147
 0 -146
 0 -145
 0 -144
 0 -143
 0 -142
 0 -141
 0 -140


