# Created by Octave 3.8.2, Mon Jun 22 09:12:59 2020 CEST <damian@fptrucha.inv.usc.es>
# name: hd
# type: matrix
# rows: 41
# columns: 2
 2 -180
 5 -179
 2 -178
 4 -177
 1 -176
 3 -175
 11 -174
 26 -173
 54 -172
 115 -171
 200 -170
 233 -169
 295 -168
 584 -167
 1271 -166
 2391 -165
 3180 -164
 3344 -163
 3324 -162
 3403 -161
 3430 -160
 3240 -159
 3075 -158
 2817 -157
 2240 -156
 1222 -155
 425 -154
 58 -153
 1 -152
 0 -151
 0 -150
 0 -149
 0 -148
 0 -147
 0 -146
 0 -145
 0 -144
 0 -143
 0 -142
 0 -141
 0 -140


