# Created by Octave 3.8.2, Mon Jun 22 12:34:27 2020 CEST <damian@fptrucha.inv.usc.es>
# name: hd
# type: matrix
# rows: 41
# columns: 2
 2 -180
 0 -179
 1 -178
 1 -177
 1 -176
 6 -175
 6 -174
 28 -173
 58 -172
 121 -171
 181 -170
 265 -169
 316 -168
 614 -167
 1346 -166
 2336 -165
 3166 -164
 3504 -163
 3520 -162
 3536 -161
 3471 -160
 3313 -159
 3227 -158
 2869 -157
 2229 -156
 1222 -155
 450 -154
 51 -153
 2 -152
 0 -151
 0 -150
 0 -149
 0 -148
 0 -147
 0 -146
 0 -145
 0 -144
 0 -143
 0 -142
 0 -141
 0 -140


