# Created by Octave 3.8.2, Sun Jun 21 04:51:49 2020 CEST <damian@fptrucha.inv.usc.es>
# name: hd
# type: matrix
# rows: 41
# columns: 2
 0 -180
 0 -179
 1 -178
 2 -177
 3 -176
 3 -175
 11 -174
 14 -173
 41 -172
 107 -171
 170 -170
 233 -169
 298 -168
 539 -167
 1217 -166
 2142 -165
 3136 -164
 3407 -163
 3412 -162
 3525 -161
 3532 -160
 3375 -159
 3307 -158
 3036 -157
 2295 -156
 1320 -155
 550 -154
 78 -153
 4 -152
 0 -151
 0 -150
 0 -149
 0 -148
 0 -147
 0 -146
 0 -145
 0 -144
 0 -143
 0 -142
 0 -141
 0 -140


