# Created by Octave 3.8.2, Mon Jun 22 21:24:20 2020 CEST <damian@fptrucha.inv.usc.es>
# name: hd
# type: matrix
# rows: 41
# columns: 2
 3 -180
 0 -179
 0 -178
 0 -177
 2 -176
 7 -175
 4 -174
 20 -173
 49 -172
 137 -171
 185 -170
 243 -169
 342 -168
 644 -167
 1405 -166
 2431 -165
 3425 -164
 3573 -163
 3713 -162
 3686 -161
 3684 -160
 3667 -159
 3375 -158
 3097 -157
 2510 -156
 1385 -155
 456 -154
 54 -153
 0 -152
 0 -151
 0 -150
 0 -149
 0 -148
 0 -147
 0 -146
 0 -145
 0 -144
 0 -143
 0 -142
 0 -141
 0 -140


