# Created by Octave 3.8.2, Sat Jun 20 20:07:22 2020 CEST <damian@fptrucha.inv.usc.es>
# name: hd
# type: matrix
# rows: 41
# columns: 2
 1 -180
 0 -179
 1 -178
 1 -177
 1 -176
 4 -175
 7 -174
 22 -173
 45 -172
 98 -171
 173 -170
 246 -169
 299 -168
 577 -167
 1174 -166
 2103 -165
 3011 -164
 3406 -163
 3445 -162
 3393 -161
 3328 -160
 3368 -159
 3181 -158
 2932 -157
 2328 -156
 1355 -155
 561 -154
 96 -153
 1 -152
 0 -151
 0 -150
 0 -149
 0 -148
 0 -147
 0 -146
 0 -145
 0 -144
 0 -143
 0 -142
 0 -141
 0 -140


