# Created by Octave 3.8.2, Mon Jun 22 18:09:48 2020 CEST <damian@fptrucha.inv.usc.es>
# name: hd
# type: matrix
# rows: 41
# columns: 2
 1 -180
 1 -179
 0 -178
 5 -177
 0 -176
 2 -175
 11 -174
 29 -173
 50 -172
 129 -171
 198 -170
 256 -169
 364 -168
 631 -167
 1378 -166
 2558 -165
 3346 -164
 3605 -163
 3556 -162
 3727 -161
 3431 -160
 3512 -159
 3344 -158
 2982 -157
 2392 -156
 1305 -155
 432 -154
 55 -153
 1 -152
 0 -151
 0 -150
 0 -149
 0 -148
 0 -147
 0 -146
 0 -145
 0 -144
 0 -143
 0 -142
 0 -141
 0 -140


