# Created by Octave 3.8.2, Sun Jun 21 04:11:07 2020 CEST <damian@fptrucha.inv.usc.es>
# name: hd
# type: matrix
# rows: 41
# columns: 2
 1 -180
 0 -179
 1 -178
 0 -177
 4 -176
 3 -175
 7 -174
 8 -173
 39 -172
 96 -171
 164 -170
 232 -169
 298 -168
 526 -167
 1191 -166
 2096 -165
 2939 -164
 3458 -163
 3376 -162
 3338 -161
 3298 -160
 3394 -159
 3262 -158
 3000 -157
 2381 -156
 1293 -155
 543 -154
 83 -153
 1 -152
 0 -151
 0 -150
 0 -149
 0 -148
 0 -147
 0 -146
 0 -145
 0 -144
 0 -143
 0 -142
 0 -141
 0 -140


