# Created by Octave 3.8.2, Mon Jun 22 02:27:54 2020 CEST <damian@fptrucha.inv.usc.es>
# name: hd
# type: matrix
# rows: 41
# columns: 2
 0 -180
 0 -179
 0 -178
 0 -177
 0 -176
 0 -175
 0 -174
 1 -173
 0 -172
 1 -171
 1 -170
 1 -169
 3 -168
 2 -167
 12 -166
 12 -165
 29 -164
 22 -163
 21 -162
 23 -161
 27 -160
 24 -159
 20 -158
 25 -157
 17 -156
 6 -155
 1 -154
 0 -153
 0 -152
 0 -151
 0 -150
 0 -149
 0 -148
 0 -147
 0 -146
 0 -145
 0 -144
 0 -143
 0 -142
 0 -141
 0 -140


