# Created by Octave 3.8.2, Sun Jun 21 07:44:32 2020 CEST <damian@fptrucha.inv.usc.es>
# name: hd
# type: matrix
# rows: 41
# columns: 2
 0 -180
 0 -179
 2 -178
 2 -177
 3 -176
 1 -175
 5 -174
 13 -173
 37 -172
 119 -171
 188 -170
 244 -169
 295 -168
 554 -167
 1190 -166
 2256 -165
 3096 -164
 3568 -163
 3577 -162
 3443 -161
 3400 -160
 3388 -159
 3184 -158
 3152 -157
 2327 -156
 1434 -155
 569 -154
 91 -153
 2 -152
 0 -151
 0 -150
 0 -149
 0 -148
 0 -147
 0 -146
 0 -145
 0 -144
 0 -143
 0 -142
 0 -141
 0 -140


