# Created by Octave 3.8.2, Sat Jun 20 16:58:24 2020 CEST <damian@fptrucha.inv.usc.es>
# name: hd
# type: matrix
# rows: 41
# columns: 2
 1 -180
 1 -179
 2 -178
 1 -177
 2 -176
 1 -175
 7 -174
 18 -173
 40 -172
 89 -171
 171 -170
 240 -169
 312 -168
 588 -167
 1233 -166
 2129 -165
 3202 -164
 3452 -163
 3479 -162
 3503 -161
 3457 -160
 3559 -159
 3196 -158
 3169 -157
 2472 -156
 1413 -155
 546 -154
 78 -153
 3 -152
 0 -151
 0 -150
 0 -149
 0 -148
 0 -147
 0 -146
 0 -145
 0 -144
 0 -143
 0 -142
 0 -141
 0 -140


