# Created by Octave 3.8.2, Mon Jun 22 22:53:04 2020 CEST <damian@fptrucha.inv.usc.es>
# name: hd
# type: matrix
# rows: 41
# columns: 2
 1 -180
 2 -179
 2 -178
 3 -177
 0 -176
 3 -175
 2 -174
 18 -173
 55 -172
 129 -171
 196 -170
 268 -169
 317 -168
 638 -167
 1331 -166
 2338 -165
 3460 -164
 3742 -163
 3677 -162
 3771 -161
 3695 -160
 3685 -159
 3480 -158
 3172 -157
 2403 -156
 1537 -155
 538 -154
 78 -153
 2 -152
 0 -151
 0 -150
 0 -149
 0 -148
 0 -147
 0 -146
 0 -145
 0 -144
 0 -143
 0 -142
 0 -141
 0 -140


