# Created by Octave 3.8.2, Sat Jun 20 09:57:58 2020 CEST <damian@fptrucha.inv.usc.es>
# name: hd
# type: matrix
# rows: 41
# columns: 2
 1 -180
 1 -179
 2 -178
 0 -177
 1 -176
 1 -175
 4 -174
 13 -173
 54 -172
 133 -171
 232 -170
 293 -169
 357 -168
 678 -167
 1332 -166
 2379 -165
 3421 -164
 4014 -163
 3882 -162
 3832 -161
 3794 -160
 3775 -159
 3674 -158
 3292 -157
 2675 -156
 1571 -155
 593 -154
 91 -153
 4 -152
 0 -151
 0 -150
 0 -149
 0 -148
 0 -147
 0 -146
 0 -145
 0 -144
 0 -143
 0 -142
 0 -141
 0 -140


