# Created by Octave 3.8.2, Sat Jun 20 03:23:45 2020 CEST <damian@fptrucha.inv.usc.es>
# name: hd
# type: matrix
# rows: 41
# columns: 2
 0 -180
 3 -179
 0 -178
 2 -177
 1 -176
 5 -175
 13 -174
 13 -173
 36 -172
 104 -171
 187 -170
 229 -169
 283 -168
 599 -167
 1381 -166
 2337 -165
 3359 -164
 3795 -163
 3744 -162
 3642 -161
 3565 -160
 3700 -159
 3678 -158
 3255 -157
 2560 -156
 1443 -155
 607 -154
 87 -153
 0 -152
 0 -151
 0 -150
 0 -149
 0 -148
 0 -147
 0 -146
 0 -145
 0 -144
 0 -143
 0 -142
 0 -141
 0 -140


