# Created by Octave 3.8.2, Tue Jun 23 00:30:35 2020 CEST <damian@fptrucha.inv.usc.es>
# name: hd
# type: matrix
# rows: 41
# columns: 2
 1 -180
 0 -179
 0 -178
 2 -177
 2 -176
 2 -175
 4 -174
 29 -173
 52 -172
 93 -171
 186 -170
 252 -169
 309 -168
 596 -167
 1208 -166
 2232 -165
 3421 -164
 3709 -163
 3542 -162
 3607 -161
 3704 -160
 3622 -159
 3492 -158
 3213 -157
 2535 -156
 1533 -155
 625 -154
 96 -153
 1 -152
 0 -151
 0 -150
 0 -149
 0 -148
 0 -147
 0 -146
 0 -145
 0 -144
 0 -143
 0 -142
 0 -141
 0 -140


