# Created by Octave 3.8.2, Sun Jun 21 05:44:28 2020 CEST <damian@fptrucha.inv.usc.es>
# name: hd
# type: matrix
# rows: 41
# columns: 2
 0 -180
 0 -179
 1 -178
 1 -177
 4 -176
 1 -175
 5 -174
 11 -173
 50 -172
 98 -171
 164 -170
 190 -169
 291 -168
 550 -167
 1192 -166
 2051 -165
 2983 -164
 3284 -163
 3341 -162
 3348 -161
 3258 -160
 3268 -159
 3224 -158
 2851 -157
 2252 -156
 1323 -155
 512 -154
 68 -153
 3 -152
 0 -151
 0 -150
 0 -149
 0 -148
 0 -147
 0 -146
 0 -145
 0 -144
 0 -143
 0 -142
 0 -141
 0 -140


