# Created by Octave 3.8.2, Sat Jun 20 18:49:48 2020 CEST <damian@fptrucha.inv.usc.es>
# name: hd
# type: matrix
# rows: 41
# columns: 2
 0 -180
 1 -179
 0 -178
 4 -177
 0 -176
 2 -175
 13 -174
 14 -173
 35 -172
 91 -171
 164 -170
 201 -169
 307 -168
 572 -167
 1254 -166
 2191 -165
 3098 -164
 3400 -163
 3408 -162
 3463 -161
 3459 -160
 3428 -159
 3281 -158
 2976 -157
 2406 -156
 1345 -155
 570 -154
 86 -153
 1 -152
 0 -151
 0 -150
 0 -149
 0 -148
 0 -147
 0 -146
 0 -145
 0 -144
 0 -143
 0 -142
 0 -141
 0 -140


