# Created by Octave 3.8.2, Mon Jun 22 04:07:41 2020 CEST <damian@fptrucha.inv.usc.es>
# name: hd
# type: matrix
# rows: 41
# columns: 2
 1 -180
 5 -179
 3 -178
 3 -177
 2 -176
 0 -175
 11 -174
 22 -173
 42 -172
 107 -171
 199 -170
 209 -169
 327 -168
 574 -167
 1258 -166
 2246 -165
 2999 -164
 3076 -163
 3135 -162
 3253 -161
 3062 -160
 3212 -159
 2971 -158
 2680 -157
 2038 -156
 1156 -155
 392 -154
 42 -153
 2 -152
 0 -151
 0 -150
 0 -149
 0 -148
 0 -147
 0 -146
 0 -145
 0 -144
 0 -143
 0 -142
 0 -141
 0 -140


