# Created by Octave 3.8.2, Mon Jun 22 08:57:57 2020 CEST <damian@fptrucha.inv.usc.es>
# name: hd
# type: matrix
# rows: 41
# columns: 2
 4 -180
 2 -179
 5 -178
 8 -177
 3 -176
 2 -175
 13 -174
 16 -173
 58 -172
 110 -171
 203 -170
 251 -169
 294 -168
 587 -167
 1352 -166
 2382 -165
 2966 -164
 3329 -163
 3241 -162
 3398 -161
 3410 -160
 3415 -159
 3125 -158
 2809 -157
 2220 -156
 1228 -155
 425 -154
 44 -153
 1 -152
 0 -151
 0 -150
 0 -149
 0 -148
 0 -147
 0 -146
 0 -145
 0 -144
 0 -143
 0 -142
 0 -141
 0 -140


