# Created by Octave 3.8.2, Tue Jun 23 00:43:42 2020 CEST <damian@fptrucha.inv.usc.es>
# name: hd
# type: matrix
# rows: 41
# columns: 2
 1 -180
 1 -179
 0 -178
 2 -177
 3 -176
 4 -175
 9 -174
 20 -173
 47 -172
 89 -171
 172 -170
 266 -169
 322 -168
 614 -167
 1363 -166
 2337 -165
 3267 -164
 3817 -163
 3617 -162
 3576 -161
 3679 -160
 3742 -159
 3551 -158
 3158 -157
 2449 -156
 1474 -155
 579 -154
 82 -153
 1 -152
 0 -151
 0 -150
 0 -149
 0 -148
 0 -147
 0 -146
 0 -145
 0 -144
 0 -143
 0 -142
 0 -141
 0 -140


