# Created by Octave 3.8.2, Sat Jun 20 15:06:50 2020 CEST <damian@fptrucha.inv.usc.es>
# name: hd
# type: matrix
# rows: 41
# columns: 2
 0 -180
 2 -179
 0 -178
 0 -177
 2 -176
 3 -175
 4 -174
 17 -173
 40 -172
 122 -171
 182 -170
 228 -169
 307 -168
 589 -167
 1203 -166
 2232 -165
 3267 -164
 3554 -163
 3632 -162
 3595 -161
 3444 -160
 3523 -159
 3419 -158
 3057 -157
 2321 -156
 1456 -155
 519 -154
 85 -153
 4 -152
 0 -151
 0 -150
 0 -149
 0 -148
 0 -147
 0 -146
 0 -145
 0 -144
 0 -143
 0 -142
 0 -141
 0 -140


