# Created by Octave 3.8.2, Sun Jun 21 04:03:24 2020 CEST <damian@fptrucha.inv.usc.es>
# name: hd
# type: matrix
# rows: 41
# columns: 2
 0 -180
 1 -179
 0 -178
 1 -177
 0 -176
 1 -175
 6 -174
 7 -173
 39 -172
 100 -171
 176 -170
 250 -169
 277 -168
 552 -167
 1181 -166
 2107 -165
 3031 -164
 3367 -163
 3394 -162
 3341 -161
 3284 -160
 3400 -159
 3157 -158
 2982 -157
 2290 -156
 1340 -155
 515 -154
 81 -153
 2 -152
 0 -151
 0 -150
 0 -149
 0 -148
 0 -147
 0 -146
 0 -145
 0 -144
 0 -143
 0 -142
 0 -141
 0 -140


