# Created by Octave 3.8.2, Sun Jun 21 06:27:16 2020 CEST <damian@fptrucha.inv.usc.es>
# name: hd
# type: matrix
# rows: 41
# columns: 2
 0 -180
 2 -179
 0 -178
 0 -177
 1 -176
 0 -175
 5 -174
 13 -173
 31 -172
 84 -171
 165 -170
 194 -169
 212 -168
 550 -167
 1150 -166
 2083 -165
 2930 -164
 3346 -163
 3432 -162
 3309 -161
 3264 -160
 3388 -159
 3169 -158
 2958 -157
 2209 -156
 1360 -155
 547 -154
 98 -153
 4 -152
 0 -151
 0 -150
 0 -149
 0 -148
 0 -147
 0 -146
 0 -145
 0 -144
 0 -143
 0 -142
 0 -141
 0 -140


