# Created by Octave 3.8.2, Sat Jun 20 12:52:52 2020 CEST <damian@fptrucha.inv.usc.es>
# name: hd
# type: matrix
# rows: 41
# columns: 2
 1 -180
 0 -179
 5 -178
 1 -177
 2 -176
 3 -175
 4 -174
 26 -173
 40 -172
 115 -171
 214 -170
 249 -169
 326 -168
 623 -167
 1286 -166
 2335 -165
 3464 -164
 3734 -163
 3724 -162
 3728 -161
 3570 -160
 3765 -159
 3490 -158
 3285 -157
 2539 -156
 1513 -155
 621 -154
 78 -153
 1 -152
 0 -151
 0 -150
 0 -149
 0 -148
 0 -147
 0 -146
 0 -145
 0 -144
 0 -143
 0 -142
 0 -141
 0 -140


