# Created by Octave 3.8.2, Mon Jun 22 09:33:20 2020 CEST <damian@fptrucha.inv.usc.es>
# name: hd
# type: matrix
# rows: 41
# columns: 2
 0 -180
 3 -179
 4 -178
 2 -177
 3 -176
 4 -175
 10 -174
 20 -173
 58 -172
 104 -171
 186 -170
 220 -169
 325 -168
 588 -167
 1308 -166
 2269 -165
 3106 -164
 3375 -163
 3233 -162
 3383 -161
 3286 -160
 3229 -159
 3172 -158
 2859 -157
 2181 -156
 1213 -155
 440 -154
 52 -153
 1 -152
 0 -151
 0 -150
 0 -149
 0 -148
 0 -147
 0 -146
 0 -145
 0 -144
 0 -143
 0 -142
 0 -141
 0 -140


