# Created by Octave 3.8.2, Sat Jun 20 22:46:08 2020 CEST <damian@fptrucha.inv.usc.es>
# name: hd
# type: matrix
# rows: 41
# columns: 2
 2 -180
 1 -179
 1 -178
 0 -177
 1 -176
 3 -175
 8 -174
 13 -173
 49 -172
 87 -171
 166 -170
 240 -169
 336 -168
 544 -167
 1152 -166
 2063 -165
 3038 -164
 3382 -163
 3502 -162
 3321 -161
 3332 -160
 3369 -159
 3154 -158
 2923 -157
 2228 -156
 1275 -155
 506 -154
 89 -153
 2 -152
 0 -151
 0 -150
 0 -149
 1 -148
 0 -147
 0 -146
 0 -145
 0 -144
 0 -143
 0 -142
 0 -141
 0 -140


