# Created by Octave 3.8.2, Mon Jun 22 05:33:14 2020 CEST <damian@fptrucha.inv.usc.es>
# name: hd
# type: matrix
# rows: 41
# columns: 2
 3 -180
 4 -179
 1 -178
 2 -177
 3 -176
 9 -175
 11 -174
 19 -173
 62 -172
 131 -171
 191 -170
 238 -169
 303 -168
 578 -167
 1276 -166
 2159 -165
 3034 -164
 3175 -163
 3054 -162
 3336 -161
 3298 -160
 3246 -159
 3026 -158
 2738 -157
 2171 -156
 1175 -155
 434 -154
 47 -153
 3 -152
 0 -151
 0 -150
 0 -149
 0 -148
 0 -147
 0 -146
 0 -145
 0 -144
 0 -143
 0 -142
 0 -141
 0 -140


