# Created by Octave 3.8.2, Tue Jun 23 00:37:45 2020 CEST <damian@fptrucha.inv.usc.es>
# name: hd
# type: matrix
# rows: 41
# columns: 2
 1 -180
 1 -179
 1 -178
 7 -177
 3 -176
 7 -175
 8 -174
 19 -173
 36 -172
 127 -171
 174 -170
 261 -169
 312 -168
 613 -167
 1224 -166
 2264 -165
 3298 -164
 3754 -163
 3691 -162
 3642 -161
 3604 -160
 3697 -159
 3555 -158
 3231 -157
 2451 -156
 1504 -155
 621 -154
 94 -153
 2 -152
 0 -151
 0 -150
 0 -149
 0 -148
 0 -147
 0 -146
 0 -145
 0 -144
 0 -143
 0 -142
 0 -141
 0 -140


