# Created by Octave 3.8.2, Sat Jun 20 19:07:59 2020 CEST <damian@fptrucha.inv.usc.es>
# name: hd
# type: matrix
# rows: 41
# columns: 2
 1 -180
 0 -179
 0 -178
 0 -177
 2 -176
 0 -175
 5 -174
 8 -173
 44 -172
 82 -171
 189 -170
 234 -169
 316 -168
 595 -167
 1226 -166
 2200 -165
 3063 -164
 3480 -163
 3523 -162
 3477 -161
 3369 -160
 3438 -159
 3226 -158
 2884 -157
 2297 -156
 1432 -155
 562 -154
 90 -153
 1 -152
 0 -151
 0 -150
 0 -149
 0 -148
 0 -147
 0 -146
 0 -145
 0 -144
 0 -143
 0 -142
 0 -141
 0 -140


