# Created by Octave 3.8.2, Sat Jun 20 06:01:02 2020 CEST <damian@fptrucha.inv.usc.es>
# name: hd
# type: matrix
# rows: 41
# columns: 2
 0 -180
 0 -179
 1 -178
 2 -177
 2 -176
 1 -175
 8 -174
 19 -173
 54 -172
 121 -171
 188 -170
 279 -169
 328 -168
 637 -167
 1301 -166
 2479 -165
 3450 -164
 4004 -163
 3854 -162
 3814 -161
 3748 -160
 3777 -159
 3651 -158
 3394 -157
 2563 -156
 1615 -155
 615 -154
 95 -153
 0 -152
 0 -151
 0 -150
 0 -149
 0 -148
 0 -147
 0 -146
 0 -145
 0 -144
 0 -143
 0 -142
 0 -141
 0 -140


