# Created by Octave 3.8.2, Sat Jun 20 07:03:10 2020 CEST <damian@fptrucha.inv.usc.es>
# name: hd
# type: matrix
# rows: 41
# columns: 2
 0 -180
 1 -179
 1 -178
 1 -177
 1 -176
 5 -175
 6 -174
 19 -173
 56 -172
 118 -171
 194 -170
 242 -169
 322 -168
 607 -167
 1298 -166
 2438 -165
 3461 -164
 3881 -163
 3945 -162
 3782 -161
 3885 -160
 3896 -159
 3782 -158
 3396 -157
 2684 -156
 1550 -155
 640 -154
 106 -153
 2 -152
 0 -151
 0 -150
 0 -149
 0 -148
 0 -147
 0 -146
 0 -145
 0 -144
 0 -143
 0 -142
 0 -141
 0 -140


