# Created by Octave 3.8.2, Mon Jun 22 16:17:08 2020 CEST <damian@fptrucha.inv.usc.es>
# name: hd
# type: matrix
# rows: 41
# columns: 2
 0 -180
 1 -179
 1 -178
 3 -177
 4 -176
 2 -175
 10 -174
 17 -173
 57 -172
 138 -171
 215 -170
 300 -169
 345 -168
 641 -167
 1489 -166
 2493 -165
 3408 -164
 3422 -163
 3565 -162
 3696 -161
 3524 -160
 3475 -159
 3251 -158
 2889 -157
 2267 -156
 1252 -155
 424 -154
 50 -153
 0 -152
 0 -151
 0 -150
 0 -149
 0 -148
 0 -147
 0 -146
 0 -145
 0 -144
 0 -143
 0 -142
 0 -141
 0 -140


