# Created by Octave 3.8.2, Sun Jun 21 05:27:04 2020 CEST <damian@fptrucha.inv.usc.es>
# name: hd
# type: matrix
# rows: 41
# columns: 2
 2 -180
 2 -179
 2 -178
 1 -177
 6 -176
 2 -175
 4 -174
 15 -173
 44 -172
 114 -171
 157 -170
 221 -169
 254 -168
 539 -167
 1163 -166
 2070 -165
 3077 -164
 3406 -163
 3394 -162
 3324 -161
 3255 -160
 3434 -159
 3141 -158
 2889 -157
 2263 -156
 1411 -155
 519 -154
 79 -153
 4 -152
 0 -151
 0 -150
 0 -149
 0 -148
 0 -147
 0 -146
 0 -145
 0 -144
 0 -143
 0 -142
 0 -141
 0 -140


