# Created by Octave 3.8.2, Mon Jun 22 01:50:27 2020 CEST <damian@fptrucha.inv.usc.es>
# name: hd
# type: matrix
# rows: 41
# columns: 2
 1 -180
 2 -179
 1 -178
 2 -177
 1 -176
 3 -175
 10 -174
 14 -173
 36 -172
 77 -171
 128 -170
 182 -169
 213 -168
 442 -167
 890 -166
 1572 -165
 2157 -164
 2427 -163
 2331 -162
 2326 -161
 2228 -160
 2324 -159
 2274 -158
 1885 -157
 1479 -156
 882 -155
 343 -154
 39 -153
 1 -152
 0 -151
 0 -150
 0 -149
 0 -148
 0 -147
 0 -146
 0 -145
 0 -144
 0 -143
 0 -142
 0 -141
 0 -140


