# Created by Octave 3.8.2, Sun Jun 21 06:15:24 2020 CEST <damian@fptrucha.inv.usc.es>
# name: hd
# type: matrix
# rows: 41
# columns: 2
 0 -180
 0 -179
 0 -178
 1 -177
 0 -176
 1 -175
 5 -174
 10 -173
 35 -172
 101 -171
 162 -170
 190 -169
 265 -168
 478 -167
 1171 -166
 1986 -165
 2955 -164
 3475 -163
 3413 -162
 3328 -161
 3192 -160
 3281 -159
 3105 -158
 3000 -157
 2332 -156
 1446 -155
 573 -154
 109 -153
 4 -152
 0 -151
 0 -150
 0 -149
 0 -148
 0 -147
 0 -146
 0 -145
 0 -144
 0 -143
 0 -142
 0 -141
 0 -140


