# Created by Octave 3.8.2, Sun Jun 21 03:46:12 2020 CEST <damian@fptrucha.inv.usc.es>
# name: hd
# type: matrix
# rows: 41
# columns: 2
 1 -180
 0 -179
 2 -178
 2 -177
 1 -176
 1 -175
 5 -174
 12 -173
 39 -172
 96 -171
 150 -170
 227 -169
 316 -168
 538 -167
 1158 -166
 2108 -165
 3031 -164
 3269 -163
 3431 -162
 3428 -161
 3420 -160
 3337 -159
 3295 -158
 3037 -157
 2291 -156
 1392 -155
 515 -154
 88 -153
 1 -152
 0 -151
 0 -150
 0 -149
 0 -148
 0 -147
 0 -146
 0 -145
 0 -144
 0 -143
 0 -142
 0 -141
 0 -140


