# Created by Octave 3.8.2, Sat Jun 20 23:43:08 2020 CEST <damian@fptrucha.inv.usc.es>
# name: hd
# type: matrix
# rows: 41
# columns: 2
 2 -180
 0 -179
 2 -178
 1 -177
 1 -176
 3 -175
 4 -174
 17 -173
 52 -172
 121 -171
 165 -170
 221 -169
 311 -168
 570 -167
 1107 -166
 2137 -165
 3014 -164
 3392 -163
 3277 -162
 3240 -161
 3275 -160
 3252 -159
 3275 -158
 2886 -157
 2256 -156
 1371 -155
 560 -154
 65 -153
 2 -152
 0 -151
 0 -150
 0 -149
 0 -148
 0 -147
 0 -146
 0 -145
 0 -144
 0 -143
 0 -142
 0 -141
 0 -140


