# Created by Octave 3.8.2, Sun Jun 21 02:14:00 2020 CEST <damian@fptrucha.inv.usc.es>
# name: hd
# type: matrix
# rows: 41
# columns: 2
 0 -180
 0 -179
 1 -178
 2 -177
 2 -176
 2 -175
 4 -174
 13 -173
 43 -172
 109 -171
 151 -170
 236 -169
 261 -168
 531 -167
 1202 -166
 2110 -165
 2968 -164
 3436 -163
 3451 -162
 3367 -161
 3243 -160
 3308 -159
 3251 -158
 2907 -157
 2280 -156
 1440 -155
 550 -154
 93 -153
 2 -152
 0 -151
 0 -150
 0 -149
 0 -148
 0 -147
 0 -146
 0 -145
 0 -144
 0 -143
 0 -142
 0 -141
 0 -140


