# Created by Octave 3.8.2, Sat Jun 20 15:34:16 2020 CEST <damian@fptrucha.inv.usc.es>
# name: hd
# type: matrix
# rows: 41
# columns: 2
 1 -180
 0 -179
 2 -178
 0 -177
 0 -176
 3 -175
 8 -174
 11 -173
 33 -172
 129 -171
 205 -170
 243 -169
 318 -168
 568 -167
 1259 -166
 2241 -165
 3152 -164
 3640 -163
 3643 -162
 3561 -161
 3461 -160
 3529 -159
 3354 -158
 3148 -157
 2416 -156
 1392 -155
 551 -154
 73 -153
 0 -152
 0 -151
 0 -150
 0 -149
 0 -148
 0 -147
 0 -146
 0 -145
 0 -144
 0 -143
 0 -142
 0 -141
 0 -140


