# Created by Octave 3.8.2, Mon Jun 22 12:48:00 2020 CEST <damian@fptrucha.inv.usc.es>
# name: hd
# type: matrix
# rows: 41
# columns: 2
 1 -180
 1 -179
 0 -178
 2 -177
 3 -176
 2 -175
 11 -174
 15 -173
 42 -172
 123 -171
 187 -170
 244 -169
 335 -168
 594 -167
 1309 -166
 2422 -165
 3206 -164
 3475 -163
 3450 -162
 3518 -161
 3479 -160
 3434 -159
 3237 -158
 3015 -157
 2314 -156
 1280 -155
 455 -154
 51 -153
 3 -152
 0 -151
 0 -150
 0 -149
 0 -148
 0 -147
 0 -146
 0 -145
 0 -144
 0 -143
 0 -142
 0 -141
 0 -140


