# Created by Octave 3.8.2, Sat Jun 20 20:15:07 2020 CEST <damian@fptrucha.inv.usc.es>
# name: hd
# type: matrix
# rows: 41
# columns: 2
 0 -180
 1 -179
 1 -178
 1 -177
 1 -176
 2 -175
 9 -174
 10 -173
 34 -172
 115 -171
 162 -170
 250 -169
 286 -168
 541 -167
 1166 -166
 2108 -165
 3120 -164
 3463 -163
 3438 -162
 3469 -161
 3427 -160
 3387 -159
 3321 -158
 3015 -157
 2325 -156
 1396 -155
 513 -154
 95 -153
 2 -152
 1 -151
 0 -150
 0 -149
 0 -148
 0 -147
 0 -146
 0 -145
 0 -144
 0 -143
 0 -142
 0 -141
 0 -140


