# Created by Octave 3.8.2, Sat Jun 20 02:03:02 2020 CEST <damian@fptrucha.inv.usc.es>
# name: hd
# type: matrix
# rows: 41
# columns: 2
 0 -180
 4 -179
 1 -178
 2 -177
 3 -176
 4 -175
 3 -174
 9 -173
 45 -172
 91 -171
 183 -170
 202 -169
 298 -168
 607 -167
 1293 -166
 2242 -165
 3292 -164
 3803 -163
 3714 -162
 3607 -161
 3566 -160
 3640 -159
 3542 -158
 3222 -157
 2495 -156
 1494 -155
 595 -154
 97 -153
 3 -152
 0 -151
 0 -150
 0 -149
 0 -148
 0 -147
 0 -146
 0 -145
 0 -144
 0 -143
 0 -142
 0 -141
 0 -140


