# Created by Octave 3.8.2, Sun Jun 21 02:51:40 2020 CEST <damian@fptrucha.inv.usc.es>
# name: hd
# type: matrix
# rows: 41
# columns: 2
 2 -180
 1 -179
 0 -178
 0 -177
 2 -176
 4 -175
 5 -174
 13 -173
 43 -172
 106 -171
 171 -170
 221 -169
 323 -168
 567 -167
 1200 -166
 2067 -165
 3029 -164
 3345 -163
 3455 -162
 3261 -161
 3333 -160
 3207 -159
 3249 -158
 2921 -157
 2216 -156
 1317 -155
 514 -154
 77 -153
 3 -152
 0 -151
 0 -150
 0 -149
 0 -148
 0 -147
 0 -146
 0 -145
 0 -144
 0 -143
 0 -142
 0 -141
 0 -140


