# Created by Octave 3.8.2, Sun Jun 21 06:21:52 2020 CEST <damian@fptrucha.inv.usc.es>
# name: hd
# type: matrix
# rows: 41
# columns: 2
 0 -180
 0 -179
 2 -178
 0 -177
 1 -176
 3 -175
 2 -174
 10 -173
 32 -172
 91 -171
 151 -170
 205 -169
 246 -168
 476 -167
 1121 -166
 2012 -165
 2922 -164
 3213 -163
 3340 -162
 3309 -161
 3295 -160
 3357 -159
 3050 -158
 3082 -157
 2367 -156
 1384 -155
 554 -154
 102 -153
 1 -152
 0 -151
 0 -150
 0 -149
 0 -148
 0 -147
 0 -146
 0 -145
 0 -144
 0 -143
 0 -142
 0 -141
 0 -140


