# Created by Octave 3.8.2, Sat Jun 20 16:16:01 2020 CEST <damian@fptrucha.inv.usc.es>
# name: hd
# type: matrix
# rows: 41
# columns: 2
 0 -180
 0 -179
 0 -178
 0 -177
 1 -176
 3 -175
 6 -174
 15 -173
 28 -172
 123 -171
 178 -170
 223 -169
 294 -168
 600 -167
 1161 -166
 2158 -165
 3133 -164
 3581 -163
 3595 -162
 3511 -161
 3454 -160
 3368 -159
 3295 -158
 3178 -157
 2387 -156
 1415 -155
 535 -154
 84 -153
 4 -152
 0 -151
 0 -150
 0 -149
 0 -148
 0 -147
 0 -146
 0 -145
 0 -144
 0 -143
 0 -142
 0 -141
 0 -140


