# Created by Octave 3.8.2, Sat Jun 20 10:00:23 2020 CEST <damian@fptrucha.inv.usc.es>
# name: hd
# type: matrix
# rows: 41
# columns: 2
 1 -180
 2 -179
 1 -178
 0 -177
 3 -176
 6 -175
 8 -174
 13 -173
 54 -172
 111 -171
 208 -170
 281 -169
 375 -168
 669 -167
 1422 -166
 2437 -165
 3489 -164
 3945 -163
 4006 -162
 3794 -161
 3763 -160
 3740 -159
 3768 -158
 3408 -157
 2638 -156
 1635 -155
 577 -154
 115 -153
 5 -152
 0 -151
 0 -150
 0 -149
 0 -148
 0 -147
 0 -146
 0 -145
 0 -144
 0 -143
 0 -142
 0 -141
 0 -140


