# Created by Octave 3.8.2, Mon Jun 22 16:49:40 2020 CEST <damian@fptrucha.inv.usc.es>
# name: hd
# type: matrix
# rows: 41
# columns: 2
 3 -180
 1 -179
 0 -178
 3 -177
 4 -176
 1 -175
 18 -174
 22 -173
 61 -172
 146 -171
 198 -170
 260 -169
 344 -168
 662 -167
 1412 -166
 2469 -165
 3315 -164
 3377 -163
 3508 -162
 3648 -161
 3587 -160
 3491 -159
 3233 -158
 3010 -157
 2295 -156
 1269 -155
 445 -154
 52 -153
 2 -152
 0 -151
 0 -150
 0 -149
 0 -148
 0 -147
 0 -146
 0 -145
 0 -144
 0 -143
 0 -142
 0 -141
 0 -140


