# Created by Octave 3.8.2, Tue Jun 23 00:32:59 2020 CEST <damian@fptrucha.inv.usc.es>
# name: hd
# type: matrix
# rows: 41
# columns: 2
 1 -180
 0 -179
 2 -178
 3 -177
 2 -176
 2 -175
 5 -174
 18 -173
 46 -172
 137 -171
 183 -170
 234 -169
 315 -168
 612 -167
 1288 -166
 2286 -165
 3222 -164
 3698 -163
 3642 -162
 3699 -161
 3740 -160
 3591 -159
 3501 -158
 3165 -157
 2500 -156
 1468 -155
 582 -154
 78 -153
 1 -152
 0 -151
 0 -150
 0 -149
 0 -148
 0 -147
 0 -146
 0 -145
 0 -144
 0 -143
 0 -142
 0 -141
 0 -140


