# Created by Octave 3.8.2, Mon Jun 22 10:41:07 2020 CEST <damian@fptrucha.inv.usc.es>
# name: hd
# type: matrix
# rows: 41
# columns: 2
 1 -180
 1 -179
 1 -178
 2 -177
 6 -176
 10 -175
 7 -174
 22 -173
 52 -172
 115 -171
 180 -170
 254 -169
 338 -168
 625 -167
 1343 -166
 2399 -165
 3043 -164
 3404 -163
 3387 -162
 3563 -161
 3512 -160
 3373 -159
 3286 -158
 2913 -157
 2305 -156
 1209 -155
 446 -154
 63 -153
 1 -152
 0 -151
 0 -150
 0 -149
 0 -148
 0 -147
 0 -146
 0 -145
 0 -144
 0 -143
 0 -142
 0 -141
 0 -140


