# Created by Octave 3.8.2, Sun Jun 21 01:35:33 2020 CEST <damian@fptrucha.inv.usc.es>
# name: hd
# type: matrix
# rows: 41
# columns: 2
 2 -180
 2 -179
 1 -178
 0 -177
 1 -176
 2 -175
 6 -174
 11 -173
 36 -172
 113 -171
 158 -170
 227 -169
 263 -168
 501 -167
 1130 -166
 2213 -165
 2936 -164
 3418 -163
 3339 -162
 3312 -161
 3225 -160
 3223 -159
 3272 -158
 2973 -157
 2248 -156
 1330 -155
 500 -154
 80 -153
 1 -152
 0 -151
 0 -150
 0 -149
 0 -148
 0 -147
 0 -146
 0 -145
 0 -144
 0 -143
 0 -142
 0 -141
 0 -140


