# Created by Octave 3.8.2, Mon Jun 22 08:39:40 2020 CEST <damian@fptrucha.inv.usc.es>
# name: hd
# type: matrix
# rows: 41
# columns: 2
 2 -180
 2 -179
 2 -178
 6 -177
 4 -176
 7 -175
 13 -174
 29 -173
 58 -172
 116 -171
 202 -170
 248 -169
 334 -168
 584 -167
 1308 -166
 2251 -165
 3124 -164
 3362 -163
 3205 -162
 3496 -161
 3450 -160
 3300 -159
 3035 -158
 2839 -157
 2102 -156
 1287 -155
 431 -154
 49 -153
 2 -152
 0 -151
 0 -150
 0 -149
 0 -148
 0 -147
 0 -146
 0 -145
 0 -144
 0 -143
 0 -142
 0 -141
 0 -140


