# Created by Octave 3.8.2, Sat Jun 20 16:36:41 2020 CEST <damian@fptrucha.inv.usc.es>
# name: hd
# type: matrix
# rows: 41
# columns: 2
 0 -180
 2 -179
 0 -178
 1 -177
 2 -176
 5 -175
 9 -174
 10 -173
 43 -172
 137 -171
 204 -170
 226 -169
 324 -168
 598 -167
 1283 -166
 2242 -165
 3112 -164
 3516 -163
 3599 -162
 3372 -161
 3451 -160
 3415 -159
 3187 -158
 2916 -157
 2276 -156
 1408 -155
 556 -154
 81 -153
 1 -152
 0 -151
 0 -150
 0 -149
 0 -148
 0 -147
 0 -146
 0 -145
 0 -144
 0 -143
 0 -142
 0 -141
 0 -140


