# Created by Octave 3.8.2, Mon Jun 22 05:31:15 2020 CEST <damian@fptrucha.inv.usc.es>
# name: hd
# type: matrix
# rows: 41
# columns: 2
 1 -180
 2 -179
 2 -178
 2 -177
 2 -176
 6 -175
 9 -174
 25 -173
 52 -172
 111 -171
 166 -170
 229 -169
 290 -168
 582 -167
 1200 -166
 2269 -165
 3027 -164
 3268 -163
 3260 -162
 3246 -161
 3152 -160
 3150 -159
 2910 -158
 2622 -157
 2118 -156
 1145 -155
 411 -154
 46 -153
 0 -152
 0 -151
 0 -150
 0 -149
 0 -148
 0 -147
 0 -146
 0 -145
 0 -144
 0 -143
 0 -142
 0 -141
 0 -140


