# Created by Octave 3.8.2, Mon Jun 22 01:17:01 2020 CEST <damian@fptrucha.inv.usc.es>
# name: hd
# type: matrix
# rows: 41
# columns: 2
 1 -180
 2 -179
 0 -178
 2 -177
 2 -176
 0 -175
 3 -174
 17 -173
 42 -172
 86 -171
 191 -170
 243 -169
 270 -168
 585 -167
 1257 -166
 2093 -165
 2887 -164
 3368 -163
 3473 -162
 3327 -161
 3302 -160
 3368 -159
 3185 -158
 2936 -157
 2398 -156
 1421 -155
 611 -154
 85 -153
 0 -152
 0 -151
 0 -150
 0 -149
 0 -148
 0 -147
 0 -146
 0 -145
 0 -144
 0 -143
 0 -142
 0 -141
 0 -140


