# Created by Octave 3.8.2, Mon Jun 22 04:27:10 2020 CEST <damian@fptrucha.inv.usc.es>
# name: hd
# type: matrix
# rows: 41
# columns: 2
 1 -180
 5 -179
 2 -178
 2 -177
 1 -176
 6 -175
 13 -174
 13 -173
 41 -172
 79 -171
 163 -170
 222 -169
 284 -168
 586 -167
 1184 -166
 2101 -165
 2913 -164
 3080 -163
 3042 -162
 3138 -161
 3060 -160
 3061 -159
 2804 -158
 2575 -157
 2054 -156
 1133 -155
 386 -154
 42 -153
 1 -152
 0 -151
 0 -150
 0 -149
 0 -148
 0 -147
 0 -146
 0 -145
 0 -144
 0 -143
 0 -142
 0 -141
 0 -140


