# Created by Octave 3.8.2, Mon Jun 22 03:33:59 2020 CEST <damian@fptrucha.inv.usc.es>
# name: hd
# type: matrix
# rows: 41
# columns: 2
 2 -180
 0 -179
 2 -178
 5 -177
 3 -176
 5 -175
 8 -174
 17 -173
 50 -172
 110 -171
 175 -170
 218 -169
 321 -168
 593 -167
 1225 -166
 2264 -165
 3043 -164
 3180 -163
 3181 -162
 3330 -161
 3262 -160
 3155 -159
 3061 -158
 2632 -157
 2237 -156
 1213 -155
 402 -154
 53 -153
 1 -152
 1 -151
 0 -150
 0 -149
 0 -148
 0 -147
 0 -146
 0 -145
 0 -144
 0 -143
 0 -142
 0 -141
 0 -140


