# Created by Octave 3.8.2, Mon Jun 22 12:58:41 2020 CEST <damian@fptrucha.inv.usc.es>
# name: hd
# type: matrix
# rows: 41
# columns: 2
 1 -180
 1 -179
 2 -178
 1 -177
 6 -176
 2 -175
 13 -174
 24 -173
 49 -172
 127 -171
 205 -170
 255 -169
 311 -168
 620 -167
 1380 -166
 2431 -165
 3178 -164
 3409 -163
 3433 -162
 3556 -161
 3484 -160
 3476 -159
 3165 -158
 2948 -157
 2204 -156
 1300 -155
 430 -154
 55 -153
 2 -152
 0 -151
 0 -150
 0 -149
 0 -148
 0 -147
 0 -146
 0 -145
 0 -144
 0 -143
 0 -142
 0 -141
 0 -140


