# Created by Octave 3.8.2, Sun Jun 21 03:00:20 2020 CEST <damian@fptrucha.inv.usc.es>
# name: hd
# type: matrix
# rows: 41
# columns: 2
 0 -180
 0 -179
 2 -178
 2 -177
 1 -176
 2 -175
 6 -174
 19 -173
 39 -172
 108 -171
 154 -170
 252 -169
 289 -168
 532 -167
 1180 -166
 2141 -165
 2943 -164
 3535 -163
 3341 -162
 3364 -161
 3215 -160
 3322 -159
 3144 -158
 2849 -157
 2192 -156
 1366 -155
 493 -154
 86 -153
 2 -152
 0 -151
 0 -150
 0 -149
 0 -148
 0 -147
 0 -146
 0 -145
 0 -144
 0 -143
 0 -142
 0 -141
 0 -140


