# Created by Octave 3.8.2, Sat Jun 20 07:48:48 2020 CEST <damian@fptrucha.inv.usc.es>
# name: hd
# type: matrix
# rows: 41
# columns: 2
 0 -180
 0 -179
 0 -178
 0 -177
 3 -176
 2 -175
 7 -174
 11 -173
 49 -172
 74 -171
 123 -170
 186 -169
 227 -168
 370 -167
 869 -166
 1555 -165
 2231 -164
 2584 -163
 2559 -162
 2569 -161
 2397 -160
 2553 -159
 2411 -158
 2280 -157
 1775 -156
 1082 -155
 422 -154
 61 -153
 1 -152
 0 -151
 0 -150
 0 -149
 0 -148
 0 -147
 0 -146
 0 -145
 0 -144
 0 -143
 0 -142
 0 -141
 0 -140


