# Created by Octave 3.8.2, Sun Jun 21 02:29:06 2020 CEST <damian@fptrucha.inv.usc.es>
# name: hd
# type: matrix
# rows: 41
# columns: 2
 1 -180
 0 -179
 0 -178
 1 -177
 1 -176
 2 -175
 6 -174
 16 -173
 40 -172
 110 -171
 167 -170
 255 -169
 287 -168
 584 -167
 1207 -166
 2159 -165
 2955 -164
 3431 -163
 3431 -162
 3468 -161
 3427 -160
 3493 -159
 3123 -158
 3022 -157
 2212 -156
 1432 -155
 530 -154
 92 -153
 1 -152
 0 -151
 0 -150
 0 -149
 0 -148
 0 -147
 0 -146
 0 -145
 0 -144
 0 -143
 0 -142
 0 -141
 0 -140


