# Created by Octave 3.8.2, Mon Jun 22 16:26:39 2020 CEST <damian@fptrucha.inv.usc.es>
# name: hd
# type: matrix
# rows: 41
# columns: 2
 3 -180
 1 -179
 1 -178
 1 -177
 6 -176
 5 -175
 11 -174
 31 -173
 65 -172
 117 -171
 217 -170
 247 -169
 349 -168
 595 -167
 1422 -166
 2471 -165
 3287 -164
 3522 -163
 3397 -162
 3587 -161
 3572 -160
 3479 -159
 3241 -158
 2989 -157
 2334 -156
 1254 -155
 442 -154
 54 -153
 1 -152
 0 -151
 0 -150
 0 -149
 0 -148
 0 -147
 0 -146
 0 -145
 0 -144
 0 -143
 0 -142
 0 -141
 0 -140


