# Created by Octave 3.8.2, Sat Jun 20 17:39:25 2020 CEST <damian@fptrucha.inv.usc.es>
# name: hd
# type: matrix
# rows: 41
# columns: 2
 1 -180
 0 -179
 1 -178
 0 -177
 1 -176
 2 -175
 5 -174
 17 -173
 42 -172
 95 -171
 169 -170
 248 -169
 295 -168
 550 -167
 1175 -166
 2181 -165
 3166 -164
 3441 -163
 3566 -162
 3343 -161
 3411 -160
 3391 -159
 3208 -158
 2984 -157
 2361 -156
 1430 -155
 521 -154
 91 -153
 4 -152
 0 -151
 0 -150
 0 -149
 0 -148
 0 -147
 0 -146
 0 -145
 0 -144
 0 -143
 0 -142
 0 -141
 0 -140


