# Created by Octave 3.8.2, Sat Jun 20 15:01:24 2020 CEST <damian@fptrucha.inv.usc.es>
# name: hd
# type: matrix
# rows: 41
# columns: 2
 0 -180
 0 -179
 0 -178
 1 -177
 1 -176
 2 -175
 9 -174
 19 -173
 58 -172
 115 -171
 193 -170
 251 -169
 271 -168
 605 -167
 1249 -166
 2259 -165
 3171 -164
 3594 -163
 3578 -162
 3529 -161
 3405 -160
 3514 -159
 3388 -158
 3157 -157
 2408 -156
 1511 -155
 552 -154
 97 -153
 3 -152
 0 -151
 0 -150
 0 -149
 0 -148
 0 -147
 0 -146
 0 -145
 0 -144
 0 -143
 0 -142
 0 -141
 0 -140


