# Created by Octave 3.8.2, Sat Jun 20 17:44:36 2020 CEST <damian@fptrucha.inv.usc.es>
# name: hd
# type: matrix
# rows: 41
# columns: 2
 0 -180
 2 -179
 1 -178
 1 -177
 0 -176
 3 -175
 10 -174
 11 -173
 38 -172
 95 -171
 169 -170
 242 -169
 277 -168
 574 -167
 1272 -166
 2183 -165
 3084 -164
 3353 -163
 3612 -162
 3326 -161
 3403 -160
 3458 -159
 3277 -158
 2930 -157
 2325 -156
 1413 -155
 551 -154
 91 -153
 2 -152
 0 -151
 0 -150
 0 -149
 0 -148
 0 -147
 0 -146
 0 -145
 0 -144
 0 -143
 0 -142
 0 -141
 0 -140


