# Created by Octave 3.8.2, Mon Jun 22 15:59:16 2020 CEST <damian@fptrucha.inv.usc.es>
# name: hd
# type: matrix
# rows: 41
# columns: 2
 3 -180
 1 -179
 2 -178
 0 -177
 3 -176
 1 -175
 8 -174
 20 -173
 61 -172
 135 -171
 211 -170
 298 -169
 390 -168
 670 -167
 1383 -166
 2508 -165
 3400 -164
 3492 -163
 3414 -162
 3640 -161
 3594 -160
 3500 -159
 3313 -158
 2922 -157
 2350 -156
 1320 -155
 426 -154
 49 -153
 1 -152
 0 -151
 0 -150
 0 -149
 0 -148
 0 -147
 0 -146
 0 -145
 0 -144
 0 -143
 0 -142
 0 -141
 0 -140


