# Created by Octave 3.8.2, Sat Jun 20 20:08:43 2020 CEST <damian@fptrucha.inv.usc.es>
# name: hd
# type: matrix
# rows: 41
# columns: 2
 1 -180
 0 -179
 1 -178
 1 -177
 1 -176
 1 -175
 6 -174
 16 -173
 41 -172
 91 -171
 174 -170
 215 -169
 331 -168
 505 -167
 1168 -166
 2139 -165
 3014 -164
 3477 -163
 3480 -162
 3564 -161
 3343 -160
 3317 -159
 3204 -158
 3033 -157
 2383 -156
 1396 -155
 508 -154
 76 -153
 2 -152
 0 -151
 0 -150
 0 -149
 0 -148
 0 -147
 0 -146
 0 -145
 0 -144
 0 -143
 0 -142
 0 -141
 0 -140


