# Created by Octave 3.8.2, Mon Jun 22 01:38:09 2020 CEST <damian@fptrucha.inv.usc.es>
# name: hd
# type: matrix
# rows: 41
# columns: 2
 0 -180
 0 -179
 0 -178
 1 -177
 0 -176
 2 -175
 9 -174
 13 -173
 40 -172
 107 -171
 137 -170
 221 -169
 308 -168
 574 -167
 1256 -166
 2122 -165
 3244 -164
 3553 -163
 3567 -162
 3565 -161
 3578 -160
 3554 -159
 3442 -158
 3033 -157
 2306 -156
 1414 -155
 544 -154
 71 -153
 1 -152
 0 -151
 0 -150
 0 -149
 0 -148
 0 -147
 0 -146
 0 -145
 0 -144
 0 -143
 0 -142
 0 -141
 0 -140


