# Created by Octave 3.8.2, Mon Jun 22 17:03:49 2020 CEST <damian@fptrucha.inv.usc.es>
# name: hd
# type: matrix
# rows: 41
# columns: 2
 0 -180
 0 -179
 0 -178
 3 -177
 6 -176
 6 -175
 5 -174
 14 -173
 54 -172
 135 -171
 193 -170
 265 -169
 335 -168
 695 -167
 1440 -166
 2530 -165
 3303 -164
 3400 -163
 3517 -162
 3604 -161
 3558 -160
 3501 -159
 3192 -158
 2887 -157
 2320 -156
 1343 -155
 437 -154
 61 -153
 0 -152
 0 -151
 0 -150
 0 -149
 0 -148
 0 -147
 0 -146
 0 -145
 0 -144
 0 -143
 0 -142
 0 -141
 0 -140


