# Created by Octave 3.8.2, Sat Jun 20 21:46:21 2020 CEST <damian@fptrucha.inv.usc.es>
# name: hd
# type: matrix
# rows: 41
# columns: 2
 0 -180
 1 -179
 0 -178
 1 -177
 2 -176
 0 -175
 6 -174
 12 -173
 40 -172
 86 -171
 162 -170
 230 -169
 258 -168
 542 -167
 1115 -166
 2151 -165
 3035 -164
 3303 -163
 3483 -162
 3398 -161
 3341 -160
 3482 -159
 3319 -158
 2914 -157
 2244 -156
 1293 -155
 563 -154
 87 -153
 1 -152
 0 -151
 0 -150
 0 -149
 0 -148
 0 -147
 0 -146
 0 -145
 0 -144
 0 -143
 0 -142
 0 -141
 0 -140


