# Created by Octave 3.8.2, Mon Jun 22 11:21:28 2020 CEST <damian@fptrucha.inv.usc.es>
# name: hd
# type: matrix
# rows: 41
# columns: 2
 2 -180
 1 -179
 3 -178
 4 -177
 2 -176
 6 -175
 13 -174
 18 -173
 61 -172
 138 -171
 215 -170
 241 -169
 319 -168
 672 -167
 1367 -166
 2363 -165
 3184 -164
 3254 -163
 3376 -162
 3336 -161
 3393 -160
 3381 -159
 3119 -158
 2817 -157
 2204 -156
 1205 -155
 410 -154
 48 -153
 3 -152
 0 -151
 0 -150
 0 -149
 0 -148
 0 -147
 0 -146
 0 -145
 0 -144
 0 -143
 0 -142
 0 -141
 0 -140


