# Created by Octave 3.8.2, Sun Jun 21 02:10:42 2020 CEST <damian@fptrucha.inv.usc.es>
# name: hd
# type: matrix
# rows: 41
# columns: 2
 0 -180
 0 -179
 0 -178
 1 -177
 0 -176
 3 -175
 4 -174
 11 -173
 38 -172
 105 -171
 182 -170
 231 -169
 279 -168
 524 -167
 1156 -166
 2163 -165
 2902 -164
 3333 -163
 3552 -162
 3313 -161
 3363 -160
 3330 -159
 3186 -158
 2887 -157
 2302 -156
 1390 -155
 494 -154
 83 -153
 2 -152
 0 -151
 0 -150
 0 -149
 0 -148
 0 -147
 0 -146
 0 -145
 0 -144
 0 -143
 0 -142
 0 -141
 0 -140


