# Created by Octave 3.8.2, Sun Jun 21 04:38:42 2020 CEST <damian@fptrucha.inv.usc.es>
# name: hd
# type: matrix
# rows: 41
# columns: 2
 1 -180
 1 -179
 0 -178
 0 -177
 2 -176
 4 -175
 6 -174
 9 -173
 30 -172
 101 -171
 197 -170
 209 -169
 321 -168
 520 -167
 1196 -166
 2150 -165
 3013 -164
 3411 -163
 3518 -162
 3454 -161
 3283 -160
 3401 -159
 3156 -158
 2990 -157
 2364 -156
 1389 -155
 556 -154
 80 -153
 1 -152
 0 -151
 0 -150
 0 -149
 0 -148
 0 -147
 0 -146
 0 -145
 0 -144
 0 -143
 0 -142
 0 -141
 0 -140


