# Created by Octave 3.8.2, Mon Jun 22 03:31:25 2020 CEST <damian@fptrucha.inv.usc.es>
# name: hd
# type: matrix
# rows: 41
# columns: 2
 5 -180
 2 -179
 2 -178
 7 -177
 5 -176
 7 -175
 11 -174
 13 -173
 50 -172
 118 -171
 178 -170
 243 -169
 296 -168
 545 -167
 1236 -166
 2265 -165
 3058 -164
 3214 -163
 3191 -162
 3224 -161
 3223 -160
 3226 -159
 2920 -158
 2760 -157
 2106 -156
 1199 -155
 436 -154
 49 -153
 1 -152
 0 -151
 0 -150
 0 -149
 0 -148
 0 -147
 0 -146
 0 -145
 0 -144
 0 -143
 0 -142
 0 -141
 0 -140


