# Created by Octave 3.8.2, Sat Jun 20 19:23:08 2020 CEST <damian@fptrucha.inv.usc.es>
# name: hd
# type: matrix
# rows: 41
# columns: 2
 0 -180
 1 -179
 0 -178
 3 -177
 0 -176
 4 -175
 2 -174
 15 -173
 41 -172
 114 -171
 160 -170
 223 -169
 305 -168
 537 -167
 1200 -166
 2079 -165
 3044 -164
 3454 -163
 3525 -162
 3344 -161
 3393 -160
 3502 -159
 3387 -158
 3028 -157
 2281 -156
 1394 -155
 587 -154
 83 -153
 0 -152
 0 -151
 0 -150
 0 -149
 0 -148
 0 -147
 0 -146
 0 -145
 0 -144
 0 -143
 0 -142
 0 -141
 0 -140


