# Created by Octave 3.8.2, Mon Jun 22 18:03:00 2020 CEST <damian@fptrucha.inv.usc.es>
# name: hd
# type: matrix
# rows: 41
# columns: 2
 0 -180
 3 -179
 4 -178
 2 -177
 3 -176
 1 -175
 7 -174
 19 -173
 56 -172
 136 -171
 221 -170
 245 -169
 345 -168
 613 -167
 1402 -166
 2512 -165
 3237 -164
 3461 -163
 3593 -162
 3643 -161
 3636 -160
 3494 -159
 3363 -158
 2814 -157
 2308 -156
 1304 -155
 488 -154
 73 -153
 2 -152
 0 -151
 0 -150
 0 -149
 0 -148
 0 -147
 0 -146
 0 -145
 0 -144
 0 -143
 0 -142
 0 -141
 0 -140


