# Created by Octave 3.8.2, Sun Jun 21 06:03:03 2020 CEST <damian@fptrucha.inv.usc.es>
# name: hd
# type: matrix
# rows: 41
# columns: 2
 0 -180
 0 -179
 1 -178
 2 -177
 1 -176
 1 -175
 3 -174
 25 -173
 30 -172
 110 -171
 150 -170
 226 -169
 296 -168
 595 -167
 1166 -166
 2110 -165
 2973 -164
 3372 -163
 3414 -162
 3286 -161
 3310 -160
 3383 -159
 3218 -158
 2950 -157
 2293 -156
 1377 -155
 564 -154
 89 -153
 5 -152
 0 -151
 0 -150
 0 -149
 0 -148
 0 -147
 0 -146
 0 -145
 0 -144
 0 -143
 0 -142
 0 -141
 0 -140


