# Created by Octave 3.8.2, Mon Jun 22 13:31:05 2020 CEST <damian@fptrucha.inv.usc.es>
# name: hd
# type: matrix
# rows: 41
# columns: 2
 3 -180
 1 -179
 3 -178
 0 -177
 2 -176
 7 -175
 7 -174
 22 -173
 55 -172
 138 -171
 212 -170
 238 -169
 309 -168
 631 -167
 1418 -166
 2481 -165
 3229 -164
 3335 -163
 3392 -162
 3540 -161
 3450 -160
 3343 -159
 3123 -158
 2919 -157
 2288 -156
 1306 -155
 454 -154
 45 -153
 1 -152
 1 -151
 0 -150
 0 -149
 0 -148
 0 -147
 0 -146
 0 -145
 0 -144
 0 -143
 0 -142
 0 -141
 0 -140


