# Created by Octave 3.8.2, Sat Jun 20 22:12:37 2020 CEST <damian@fptrucha.inv.usc.es>
# name: hd
# type: matrix
# rows: 41
# columns: 2
 0 -180
 3 -179
 2 -178
 1 -177
 3 -176
 1 -175
 4 -174
 12 -173
 22 -172
 69 -171
 115 -170
 166 -169
 200 -168
 383 -167
 825 -166
 1427 -165
 1982 -164
 2180 -163
 2284 -162
 2134 -161
 2191 -160
 2182 -159
 2172 -158
 1979 -157
 1584 -156
 898 -155
 333 -154
 54 -153
 1 -152
 0 -151
 0 -150
 0 -149
 0 -148
 0 -147
 0 -146
 0 -145
 0 -144
 0 -143
 0 -142
 0 -141
 0 -140


