# Created by Octave 3.8.2, Sat Jun 20 16:03:10 2020 CEST <damian@fptrucha.inv.usc.es>
# name: hd
# type: matrix
# rows: 41
# columns: 2
 2 -180
 3 -179
 0 -178
 0 -177
 0 -176
 3 -175
 6 -174
 20 -173
 33 -172
 117 -171
 165 -170
 264 -169
 318 -168
 572 -167
 1222 -166
 2166 -165
 3183 -164
 3516 -163
 3578 -162
 3469 -161
 3507 -160
 3396 -159
 3346 -158
 3150 -157
 2271 -156
 1376 -155
 506 -154
 81 -153
 2 -152
 0 -151
 0 -150
 1 -149
 0 -148
 0 -147
 0 -146
 0 -145
 0 -144
 0 -143
 0 -142
 0 -141
 0 -140


