# Created by Octave 3.8.2, Sat Jun 20 15:38:24 2020 CEST <damian@fptrucha.inv.usc.es>
# name: hd
# type: matrix
# rows: 41
# columns: 2
 0 -180
 1 -179
 3 -178
 0 -177
 3 -176
 6 -175
 6 -174
 14 -173
 68 -172
 102 -171
 186 -170
 248 -169
 322 -168
 610 -167
 1253 -166
 2233 -165
 3101 -164
 3536 -163
 3630 -162
 3589 -161
 3535 -160
 3505 -159
 3343 -158
 3147 -157
 2336 -156
 1380 -155
 539 -154
 81 -153
 1 -152
 0 -151
 0 -150
 0 -149
 0 -148
 0 -147
 0 -146
 0 -145
 0 -144
 0 -143
 0 -142
 0 -141
 0 -140


