# Created by Octave 3.8.2, Sat Jun 20 03:29:18 2020 CEST <damian@fptrucha.inv.usc.es>
# name: hd
# type: matrix
# rows: 41
# columns: 2
 0 -180
 1 -179
 0 -178
 0 -177
 1 -176
 2 -175
 9 -174
 11 -173
 46 -172
 133 -171
 184 -170
 238 -169
 320 -168
 576 -167
 1314 -166
 2323 -165
 3299 -164
 3830 -163
 3781 -162
 3727 -161
 3725 -160
 3709 -159
 3649 -158
 3295 -157
 2670 -156
 1522 -155
 580 -154
 94 -153
 1 -152
 0 -151
 0 -150
 0 -149
 0 -148
 0 -147
 0 -146
 0 -145
 0 -144
 0 -143
 0 -142
 0 -141
 0 -140


