# Created by Octave 3.8.2, Mon Jun 22 07:18:18 2020 CEST <damian@fptrucha.inv.usc.es>
# name: hd
# type: matrix
# rows: 41
# columns: 2
 2 -180
 4 -179
 2 -178
 2 -177
 2 -176
 7 -175
 9 -174
 30 -173
 54 -172
 116 -171
 190 -170
 237 -169
 311 -168
 629 -167
 1294 -166
 2318 -165
 3141 -164
 3168 -163
 3165 -162
 3339 -161
 3227 -160
 3227 -159
 2978 -158
 2711 -157
 2176 -156
 1153 -155
 411 -154
 53 -153
 2 -152
 0 -151
 0 -150
 0 -149
 0 -148
 0 -147
 0 -146
 0 -145
 0 -144
 0 -143
 0 -142
 0 -141
 0 -140


