# Created by Octave 3.8.2, Sat Jun 20 23:36:27 2020 CEST <damian@fptrucha.inv.usc.es>
# name: hd
# type: matrix
# rows: 41
# columns: 2
 1 -180
 3 -179
 0 -178
 1 -177
 1 -176
 1 -175
 10 -174
 17 -173
 41 -172
 105 -171
 166 -170
 213 -169
 269 -168
 568 -167
 1195 -166
 2060 -165
 2962 -164
 3400 -163
 3573 -162
 3432 -161
 3354 -160
 3362 -159
 3207 -158
 2997 -157
 2258 -156
 1386 -155
 542 -154
 71 -153
 4 -152
 0 -151
 0 -150
 0 -149
 0 -148
 0 -147
 0 -146
 0 -145
 0 -144
 0 -143
 0 -142
 0 -141
 0 -140


