# Created by Octave 3.8.2, Sun Jun 21 08:19:50 2020 CEST <damian@fptrucha.inv.usc.es>
# name: hd
# type: matrix
# rows: 41
# columns: 2
 2 -180
 2 -179
 0 -178
 0 -177
 3 -176
 0 -175
 8 -174
 14 -173
 41 -172
 94 -171
 163 -170
 203 -169
 232 -168
 500 -167
 1197 -166
 2047 -165
 2829 -164
 3307 -163
 3438 -162
 3382 -161
 3359 -160
 3308 -159
 3155 -158
 2890 -157
 2379 -156
 1373 -155
 562 -154
 86 -153
 2 -152
 0 -151
 0 -150
 0 -149
 0 -148
 0 -147
 0 -146
 0 -145
 0 -144
 0 -143
 0 -142
 0 -141
 0 -140


