# Created by Octave 3.8.2, Sun Jun 21 05:51:11 2020 CEST <damian@fptrucha.inv.usc.es>
# name: hd
# type: matrix
# rows: 41
# columns: 2
 2 -180
 0 -179
 2 -178
 0 -177
 4 -176
 3 -175
 5 -174
 12 -173
 28 -172
 118 -171
 156 -170
 219 -169
 309 -168
 601 -167
 1196 -166
 2118 -165
 2981 -164
 3374 -163
 3382 -162
 3327 -161
 3301 -160
 3479 -159
 3272 -158
 3051 -157
 2250 -156
 1346 -155
 473 -154
 65 -153
 2 -152
 0 -151
 0 -150
 0 -149
 0 -148
 0 -147
 0 -146
 0 -145
 0 -144
 0 -143
 0 -142
 0 -141
 0 -140


