# Created by Octave 3.8.2, Sat Jun 20 05:07:29 2020 CEST <damian@fptrucha.inv.usc.es>
# name: hd
# type: matrix
# rows: 41
# columns: 2
 1 -180
 0 -179
 1 -178
 0 -177
 2 -176
 4 -175
 3 -174
 24 -173
 38 -172
 111 -171
 205 -170
 252 -169
 322 -168
 643 -167
 1368 -166
 2373 -165
 3348 -164
 3895 -163
 3714 -162
 3763 -161
 3811 -160
 3712 -159
 3606 -158
 3287 -157
 2628 -156
 1562 -155
 613 -154
 90 -153
 1 -152
 0 -151
 0 -150
 0 -149
 0 -148
 0 -147
 0 -146
 0 -145
 0 -144
 0 -143
 0 -142
 0 -141
 0 -140


