# Created by Octave 3.8.2, Sun Jun 21 03:25:35 2020 CEST <damian@fptrucha.inv.usc.es>
# name: hd
# type: matrix
# rows: 41
# columns: 2
 0 -180
 0 -179
 1 -178
 0 -177
 2 -176
 1 -175
 7 -174
 9 -173
 35 -172
 93 -171
 156 -170
 257 -169
 276 -168
 547 -167
 1174 -166
 2056 -165
 3004 -164
 3362 -163
 3419 -162
 3309 -161
 3265 -160
 3364 -159
 3195 -158
 2904 -157
 2312 -156
 1386 -155
 499 -154
 84 -153
 1 -152
 0 -151
 0 -150
 0 -149
 0 -148
 0 -147
 0 -146
 0 -145
 0 -144
 0 -143
 0 -142
 0 -141
 0 -140


