# Created by Octave 3.8.2, Mon Jun 22 16:27:45 2020 CEST <damian@fptrucha.inv.usc.es>
# name: hd
# type: matrix
# rows: 41
# columns: 2
 0 -180
 0 -179
 0 -178
 0 -177
 2 -176
 3 -175
 14 -174
 23 -173
 66 -172
 122 -171
 212 -170
 272 -169
 329 -168
 618 -167
 1377 -166
 2503 -165
 3334 -164
 3411 -163
 3523 -162
 3532 -161
 3555 -160
 3592 -159
 3275 -158
 2981 -157
 2325 -156
 1301 -155
 459 -154
 45 -153
 2 -152
 0 -151
 0 -150
 0 -149
 0 -148
 0 -147
 0 -146
 0 -145
 0 -144
 0 -143
 0 -142
 0 -141
 0 -140


