# Created by Octave 3.8.2, Mon Jun 22 04:03:18 2020 CEST <damian@fptrucha.inv.usc.es>
# name: hd
# type: matrix
# rows: 41
# columns: 2
 7 -180
 4 -179
 3 -178
 1 -177
 4 -176
 9 -175
 6 -174
 13 -173
 58 -172
 112 -171
 199 -170
 203 -169
 322 -168
 598 -167
 1244 -166
 2308 -165
 2993 -164
 3214 -163
 3245 -162
 3263 -161
 3203 -160
 3093 -159
 3037 -158
 2764 -157
 2021 -156
 1201 -155
 386 -154
 51 -153
 0 -152
 0 -151
 0 -150
 0 -149
 0 -148
 0 -147
 0 -146
 0 -145
 0 -144
 0 -143
 0 -142
 0 -141
 0 -140


