# Created by Octave 3.8.2, Mon Jun 22 04:20:57 2020 CEST <damian@fptrucha.inv.usc.es>
# name: hd
# type: matrix
# rows: 41
# columns: 2
 3 -180
 2 -179
 2 -178
 3 -177
 5 -176
 1 -175
 8 -174
 23 -173
 49 -172
 130 -171
 170 -170
 188 -169
 305 -168
 598 -167
 1310 -166
 2138 -165
 2877 -164
 3059 -163
 3156 -162
 3228 -161
 3231 -160
 3118 -159
 2873 -158
 2511 -157
 2066 -156
 1150 -155
 368 -154
 52 -153
 2 -152
 0 -151
 0 -150
 0 -149
 0 -148
 0 -147
 0 -146
 0 -145
 0 -144
 0 -143
 0 -142
 0 -141
 0 -140


