# Created by Octave 3.8.2, Mon Jun 22 19:42:40 2020 CEST <damian@fptrucha.inv.usc.es>
# name: hd
# type: matrix
# rows: 41
# columns: 2
 2 -180
 1 -179
 2 -178
 5 -177
 3 -176
 2 -175
 7 -174
 20 -173
 39 -172
 141 -171
 214 -170
 252 -169
 312 -168
 657 -167
 1400 -166
 2504 -165
 3433 -164
 3642 -163
 3597 -162
 3642 -161
 3629 -160
 3531 -159
 3245 -158
 2969 -157
 2454 -156
 1350 -155
 463 -154
 65 -153
 5 -152
 0 -151
 0 -150
 0 -149
 0 -148
 0 -147
 0 -146
 0 -145
 0 -144
 0 -143
 0 -142
 0 -141
 0 -140


