# Created by Octave 3.8.2, Sun Jun 21 02:36:45 2020 CEST <damian@fptrucha.inv.usc.es>
# name: hd
# type: matrix
# rows: 41
# columns: 2
 0 -180
 2 -179
 0 -178
 0 -177
 2 -176
 1 -175
 2 -174
 11 -173
 34 -172
 91 -171
 189 -170
 236 -169
 299 -168
 537 -167
 1148 -166
 2150 -165
 3023 -164
 3403 -163
 3397 -162
 3385 -161
 3291 -160
 3217 -159
 3162 -158
 2942 -157
 2233 -156
 1326 -155
 495 -154
 73 -153
 5 -152
 0 -151
 0 -150
 0 -149
 0 -148
 0 -147
 0 -146
 0 -145
 0 -144
 0 -143
 0 -142
 0 -141
 0 -140


