# Created by Octave 3.8.2, Sat Jun 20 11:36:26 2020 CEST <damian@fptrucha.inv.usc.es>
# name: hd
# type: matrix
# rows: 41
# columns: 2
 1 -180
 1 -179
 2 -178
 1 -177
 0 -176
 5 -175
 7 -174
 16 -173
 59 -172
 134 -171
 198 -170
 276 -169
 331 -168
 663 -167
 1331 -166
 2415 -165
 3402 -164
 3878 -163
 3769 -162
 3815 -161
 3713 -160
 3579 -159
 3604 -158
 3285 -157
 2496 -156
 1525 -155
 580 -154
 75 -153
 1 -152
 0 -151
 0 -150
 0 -149
 0 -148
 0 -147
 0 -146
 0 -145
 0 -144
 0 -143
 0 -142
 0 -141
 0 -140


