# Created by Octave 3.8.2, Sat Jun 20 10:31:40 2020 CEST <damian@fptrucha.inv.usc.es>
# name: hd
# type: matrix
# rows: 41
# columns: 2
 1 -180
 1 -179
 0 -178
 0 -177
 4 -176
 5 -175
 6 -174
 14 -173
 60 -172
 134 -171
 220 -170
 309 -169
 385 -168
 627 -167
 1351 -166
 2458 -165
 3436 -164
 3862 -163
 3877 -162
 3770 -161
 3793 -160
 3727 -159
 3678 -158
 3249 -157
 2554 -156
 1486 -155
 572 -154
 98 -153
 1 -152
 0 -151
 0 -150
 0 -149
 0 -148
 0 -147
 0 -146
 0 -145
 0 -144
 0 -143
 0 -142
 0 -141
 0 -140


