# Created by Octave 3.8.2, Mon Jun 22 23:02:42 2020 CEST <damian@fptrucha.inv.usc.es>
# name: hd
# type: matrix
# rows: 41
# columns: 2
 1 -180
 0 -179
 2 -178
 2 -177
 2 -176
 4 -175
 12 -174
 22 -173
 54 -172
 118 -171
 211 -170
 296 -169
 341 -168
 638 -167
 1296 -166
 2357 -165
 3340 -164
 3722 -163
 3590 -162
 3734 -161
 3618 -160
 3693 -159
 3654 -158
 3176 -157
 2618 -156
 1514 -155
 560 -154
 84 -153
 0 -152
 0 -151
 0 -150
 0 -149
 0 -148
 0 -147
 0 -146
 0 -145
 0 -144
 0 -143
 0 -142
 0 -141
 0 -140


