# Created by Octave 3.8.2, Mon Jun 22 07:47:22 2020 CEST <damian@fptrucha.inv.usc.es>
# name: hd
# type: matrix
# rows: 41
# columns: 2
 2 -180
 2 -179
 0 -178
 1 -177
 4 -176
 7 -175
 14 -174
 26 -173
 55 -172
 123 -171
 186 -170
 236 -169
 334 -168
 548 -167
 1323 -166
 2378 -165
 3078 -164
 3166 -163
 3199 -162
 3255 -161
 3293 -160
 3238 -159
 3139 -158
 2673 -157
 2128 -156
 1235 -155
 432 -154
 63 -153
 1 -152
 0 -151
 0 -150
 0 -149
 0 -148
 0 -147
 0 -146
 0 -145
 0 -144
 0 -143
 0 -142
 0 -141
 0 -140


