# Created by Octave 3.8.2, Mon Jun 22 01:19:02 2020 CEST <damian@fptrucha.inv.usc.es>
# name: hd
# type: matrix
# rows: 41
# columns: 2
 0 -180
 1 -179
 0 -178
 0 -177
 2 -176
 5 -175
 11 -174
 13 -173
 45 -172
 97 -171
 188 -170
 243 -169
 293 -168
 507 -167
 1183 -166
 2104 -165
 3070 -164
 3376 -163
 3371 -162
 3441 -161
 3408 -160
 3332 -159
 3174 -158
 2991 -157
 2236 -156
 1328 -155
 527 -154
 107 -153
 1 -152
 0 -151
 0 -150
 0 -149
 0 -148
 0 -147
 0 -146
 0 -145
 0 -144
 0 -143
 0 -142
 0 -141
 0 -140


