# Created by Octave 3.8.2, Mon Jun 22 01:07:15 2020 CEST <damian@fptrucha.inv.usc.es>
# name: hd
# type: matrix
# rows: 41
# columns: 2
 0 -180
 1 -179
 0 -178
 1 -177
 3 -176
 3 -175
 5 -174
 11 -173
 45 -172
 104 -171
 186 -170
 229 -169
 273 -168
 603 -167
 1203 -166
 2171 -165
 3045 -164
 3468 -163
 3612 -162
 3486 -161
 3442 -160
 3438 -159
 3215 -158
 3139 -157
 2342 -156
 1385 -155
 540 -154
 106 -153
 2 -152
 0 -151
 0 -150
 0 -149
 0 -148
 0 -147
 0 -146
 0 -145
 0 -144
 0 -143
 0 -142
 0 -141
 0 -140


