# Created by Octave 3.8.2, Sat Jun 20 23:19:34 2020 CEST <damian@fptrucha.inv.usc.es>
# name: hd
# type: matrix
# rows: 41
# columns: 2
 0 -180
 0 -179
 1 -178
 0 -177
 2 -176
 3 -175
 5 -174
 13 -173
 30 -172
 113 -171
 161 -170
 233 -169
 314 -168
 575 -167
 1112 -166
 2150 -165
 3061 -164
 3315 -163
 3359 -162
 3405 -161
 3264 -160
 3314 -159
 3176 -158
 2824 -157
 2249 -156
 1330 -155
 543 -154
 80 -153
 3 -152
 0 -151
 0 -150
 0 -149
 0 -148
 0 -147
 0 -146
 0 -145
 0 -144
 0 -143
 0 -142
 0 -141
 0 -140


