# Created by Octave 3.8.2, Sat Jun 20 16:45:46 2020 CEST <damian@fptrucha.inv.usc.es>
# name: hd
# type: matrix
# rows: 41
# columns: 2
 0 -180
 1 -179
 1 -178
 2 -177
 2 -176
 4 -175
 7 -174
 17 -173
 33 -172
 98 -171
 169 -170
 236 -169
 292 -168
 583 -167
 1270 -166
 2138 -165
 3081 -164
 3500 -163
 3508 -162
 3443 -161
 3440 -160
 3371 -159
 3214 -158
 3034 -157
 2261 -156
 1395 -155
 527 -154
 84 -153
 4 -152
 1 -151
 0 -150
 0 -149
 0 -148
 0 -147
 0 -146
 0 -145
 0 -144
 0 -143
 0 -142
 0 -141
 0 -140


