# Created by Octave 3.8.2, Sun Jun 21 02:46:14 2020 CEST <damian@fptrucha.inv.usc.es>
# name: hd
# type: matrix
# rows: 41
# columns: 2
 0 -180
 0 -179
 0 -178
 1 -177
 4 -176
 0 -175
 8 -174
 8 -173
 46 -172
 106 -171
 153 -170
 224 -169
 271 -168
 521 -167
 1216 -166
 2067 -165
 3002 -164
 3337 -163
 3368 -162
 3401 -161
 3333 -160
 3301 -159
 3139 -158
 2918 -157
 2236 -156
 1353 -155
 542 -154
 79 -153
 2 -152
 0 -151
 0 -150
 0 -149
 0 -148
 0 -147
 0 -146
 0 -145
 0 -144
 0 -143
 0 -142
 0 -141
 0 -140


