# Created by Octave 3.8.2, Sun Jun 21 07:24:14 2020 CEST <damian@fptrucha.inv.usc.es>
# name: hd
# type: matrix
# rows: 41
# columns: 2
 0 -180
 1 -179
 2 -178
 1 -177
 0 -176
 5 -175
 2 -174
 13 -173
 39 -172
 69 -171
 180 -170
 211 -169
 250 -168
 534 -167
 1151 -166
 2022 -165
 3063 -164
 3278 -163
 3379 -162
 3356 -161
 3270 -160
 3409 -159
 3224 -158
 3045 -157
 2326 -156
 1445 -155
 542 -154
 89 -153
 2 -152
 0 -151
 0 -150
 0 -149
 0 -148
 0 -147
 0 -146
 0 -145
 0 -144
 0 -143
 0 -142
 0 -141
 0 -140


