# Created by Octave 3.8.2, Mon Jun 22 02:31:14 2020 CEST <damian@fptrucha.inv.usc.es>
# name: hd
# type: matrix
# rows: 41
# columns: 2
 8 -180
 5 -179
 3 -178
 4 -177
 2 -176
 8 -175
 14 -174
 20 -173
 51 -172
 122 -171
 179 -170
 240 -169
 305 -168
 530 -167
 1222 -166
 2273 -165
 2975 -164
 3173 -163
 3094 -162
 3256 -161
 3256 -160
 3162 -159
 2954 -158
 2715 -157
 2117 -156
 1194 -155
 394 -154
 50 -153
 3 -152
 0 -151
 0 -150
 0 -149
 0 -148
 0 -147
 0 -146
 0 -145
 0 -144
 0 -143
 0 -142
 0 -141
 0 -140


