# Created by Octave 3.8.2, Mon Jun 22 20:55:41 2020 CEST <damian@fptrucha.inv.usc.es>
# name: hd
# type: matrix
# rows: 41
# columns: 2
 0 -180
 2 -179
 2 -178
 0 -177
 4 -176
 4 -175
 8 -174
 18 -173
 59 -172
 133 -171
 208 -170
 284 -169
 382 -168
 662 -167
 1383 -166
 2542 -165
 3424 -164
 3655 -163
 3618 -162
 3725 -161
 3720 -160
 3572 -159
 3325 -158
 3028 -157
 2392 -156
 1301 -155
 467 -154
 59 -153
 1 -152
 0 -151
 0 -150
 0 -149
 0 -148
 0 -147
 0 -146
 0 -145
 0 -144
 0 -143
 0 -142
 0 -141
 0 -140


