# Created by Octave 3.8.2, Mon Jun 22 16:58:12 2020 CEST <damian@fptrucha.inv.usc.es>
# name: hd
# type: matrix
# rows: 41
# columns: 2
 0 -180
 1 -179
 1 -178
 0 -177
 3 -176
 6 -175
 18 -174
 21 -173
 54 -172
 128 -171
 215 -170
 310 -169
 351 -168
 658 -167
 1382 -166
 2385 -165
 3211 -164
 3460 -163
 3532 -162
 3537 -161
 3700 -160
 3431 -159
 3174 -158
 2966 -157
 2291 -156
 1234 -155
 441 -154
 46 -153
 1 -152
 0 -151
 0 -150
 0 -149
 0 -148
 0 -147
 0 -146
 0 -145
 0 -144
 0 -143
 0 -142
 0 -141
 0 -140


