# Created by Octave 3.8.2, Sat Jun 20 21:39:55 2020 CEST <damian@fptrucha.inv.usc.es>
# name: hd
# type: matrix
# rows: 41
# columns: 2
 1 -180
 0 -179
 0 -178
 0 -177
 2 -176
 1 -175
 10 -174
 15 -173
 34 -172
 102 -171
 181 -170
 215 -169
 299 -168
 592 -167
 1143 -166
 2079 -165
 3015 -164
 3408 -163
 3348 -162
 3321 -161
 3253 -160
 3372 -159
 3275 -158
 2955 -157
 2349 -156
 1407 -155
 550 -154
 87 -153
 1 -152
 1 -151
 0 -150
 0 -149
 0 -148
 0 -147
 0 -146
 0 -145
 0 -144
 0 -143
 0 -142
 0 -141
 0 -140


