# Created by Octave 3.8.2, Mon Jun 22 03:30:27 2020 CEST <damian@fptrucha.inv.usc.es>
# name: hd
# type: matrix
# rows: 41
# columns: 2
 1 -180
 3 -179
 4 -178
 5 -177
 4 -176
 6 -175
 9 -174
 23 -173
 42 -172
 90 -171
 176 -170
 230 -169
 334 -168
 561 -167
 1259 -166
 2109 -165
 2936 -164
 3206 -163
 3135 -162
 3127 -161
 3283 -160
 3258 -159
 3018 -158
 2628 -157
 2156 -156
 1145 -155
 421 -154
 51 -153
 0 -152
 0 -151
 0 -150
 0 -149
 0 -148
 0 -147
 0 -146
 0 -145
 0 -144
 0 -143
 0 -142
 0 -141
 0 -140


