# Created by Octave 3.8.2, Sat Jun 20 10:09:02 2020 CEST <damian@fptrucha.inv.usc.es>
# name: hd
# type: matrix
# rows: 41
# columns: 2
 3 -180
 0 -179
 3 -178
 3 -177
 2 -176
 2 -175
 4 -174
 19 -173
 62 -172
 134 -171
 207 -170
 291 -169
 362 -168
 648 -167
 1431 -166
 2446 -165
 3542 -164
 3883 -163
 4006 -162
 3780 -161
 3720 -160
 3613 -159
 3724 -158
 3379 -157
 2637 -156
 1598 -155
 557 -154
 97 -153
 4 -152
 0 -151
 0 -150
 0 -149
 0 -148
 0 -147
 0 -146
 0 -145
 0 -144
 0 -143
 0 -142
 0 -141
 0 -140


