# Created by Octave 3.8.2, Sun Jun 21 03:45:03 2020 CEST <damian@fptrucha.inv.usc.es>
# name: hd
# type: matrix
# rows: 41
# columns: 2
 1 -180
 1 -179
 0 -178
 1 -177
 0 -176
 4 -175
 4 -174
 10 -173
 39 -172
 110 -171
 159 -170
 241 -169
 302 -168
 490 -167
 1217 -166
 2133 -165
 3026 -164
 3372 -163
 3426 -162
 3328 -161
 3193 -160
 3308 -159
 3158 -158
 3037 -157
 2227 -156
 1409 -155
 525 -154
 75 -153
 4 -152
 0 -151
 0 -150
 0 -149
 0 -148
 0 -147
 0 -146
 0 -145
 0 -144
 0 -143
 0 -142
 0 -141
 0 -140


