# Created by Octave 3.8.2, Mon Jun 22 04:55:40 2020 CEST <damian@fptrucha.inv.usc.es>
# name: hd
# type: matrix
# rows: 41
# columns: 2
 2 -180
 3 -179
 1 -178
 3 -177
 5 -176
 4 -175
 2 -174
 21 -173
 52 -172
 113 -171
 148 -170
 200 -169
 307 -168
 603 -167
 1267 -166
 2205 -165
 2849 -164
 3063 -163
 3086 -162
 3100 -161
 3092 -160
 2919 -159
 2843 -158
 2561 -157
 2007 -156
 1103 -155
 414 -154
 51 -153
 0 -152
 0 -151
 0 -150
 0 -149
 0 -148
 0 -147
 0 -146
 0 -145
 0 -144
 0 -143
 0 -142
 0 -141
 0 -140


