# Created by Octave 3.8.2, Mon Jun 22 19:31:34 2020 CEST <damian@fptrucha.inv.usc.es>
# name: hd
# type: matrix
# rows: 41
# columns: 2
 3 -180
 2 -179
 3 -178
 4 -177
 3 -176
 9 -175
 4 -174
 27 -173
 58 -172
 110 -171
 223 -170
 271 -169
 336 -168
 616 -167
 1318 -166
 2570 -165
 3364 -164
 3407 -163
 3575 -162
 3682 -161
 3587 -160
 3512 -159
 3349 -158
 3041 -157
 2415 -156
 1317 -155
 533 -154
 48 -153
 0 -152
 0 -151
 0 -150
 0 -149
 0 -148
 0 -147
 0 -146
 0 -145
 0 -144
 0 -143
 0 -142
 0 -141
 0 -140


