# Created by Octave 3.8.2, Sat Jun 20 03:15:24 2020 CEST <damian@fptrucha.inv.usc.es>
# name: hd
# type: matrix
# rows: 41
# columns: 2
 0 -180
 2 -179
 1 -178
 2 -177
 1 -176
 2 -175
 6 -174
 10 -173
 43 -172
 100 -171
 157 -170
 209 -169
 250 -168
 575 -167
 1282 -166
 2329 -165
 3364 -164
 3791 -163
 3760 -162
 3711 -161
 3588 -160
 3751 -159
 3542 -158
 3204 -157
 2575 -156
 1554 -155
 615 -154
 93 -153
 3 -152
 0 -151
 0 -150
 0 -149
 0 -148
 0 -147
 0 -146
 0 -145
 0 -144
 0 -143
 0 -142
 0 -141
 0 -140


