# Created by Octave 3.8.2, Sat Jun 20 06:17:59 2020 CEST <damian@fptrucha.inv.usc.es>
# name: hd
# type: matrix
# rows: 41
# columns: 2
 1 -180
 0 -179
 0 -178
 2 -177
 0 -176
 3 -175
 4 -174
 15 -173
 44 -172
 116 -171
 189 -170
 274 -169
 354 -168
 600 -167
 1325 -166
 2412 -165
 3426 -164
 3910 -163
 3927 -162
 3844 -161
 3745 -160
 3856 -159
 3716 -158
 3404 -157
 2667 -156
 1590 -155
 629 -154
 93 -153
 1 -152
 0 -151
 0 -150
 0 -149
 0 -148
 0 -147
 0 -146
 0 -145
 0 -144
 0 -143
 0 -142
 0 -141
 0 -140


