# Created by Octave 3.8.2, Sat Jun 20 12:38:14 2020 CEST <damian@fptrucha.inv.usc.es>
# name: hd
# type: matrix
# rows: 41
# columns: 2
 0 -180
 1 -179
 2 -178
 1 -177
 1 -176
 4 -175
 5 -174
 15 -173
 46 -172
 126 -171
 206 -170
 250 -169
 324 -168
 640 -167
 1347 -166
 2332 -165
 3368 -164
 3849 -163
 3731 -162
 3751 -161
 3715 -160
 3715 -159
 3529 -158
 3261 -157
 2556 -156
 1492 -155
 576 -154
 90 -153
 4 -152
 0 -151
 0 -150
 0 -149
 0 -148
 0 -147
 0 -146
 0 -145
 0 -144
 0 -143
 0 -142
 0 -141
 0 -140


