# Created by Octave 3.8.2, Mon Jun 22 13:53:15 2020 CEST <damian@fptrucha.inv.usc.es>
# name: hd
# type: matrix
# rows: 41
# columns: 2
 1 -180
 1 -179
 1 -178
 2 -177
 0 -176
 4 -175
 15 -174
 25 -173
 46 -172
 126 -171
 206 -170
 272 -169
 341 -168
 630 -167
 1471 -166
 2409 -165
 3313 -164
 3478 -163
 3511 -162
 3572 -161
 3524 -160
 3481 -159
 3028 -158
 2896 -157
 2220 -156
 1221 -155
 415 -154
 48 -153
 1 -152
 0 -151
 0 -150
 0 -149
 0 -148
 0 -147
 0 -146
 0 -145
 0 -144
 0 -143
 0 -142
 0 -141
 0 -140


