# Created by Octave 3.8.2, Mon Jun 22 10:24:33 2020 CEST <damian@fptrucha.inv.usc.es>
# name: hd
# type: matrix
# rows: 41
# columns: 2
 3 -180
 1 -179
 2 -178
 2 -177
 4 -176
 4 -175
 10 -174
 19 -173
 43 -172
 121 -171
 203 -170
 234 -169
 325 -168
 603 -167
 1246 -166
 2295 -165
 3217 -164
 3523 -163
 3324 -162
 3443 -161
 3446 -160
 3323 -159
 3217 -158
 2800 -157
 2298 -156
 1228 -155
 434 -154
 52 -153
 4 -152
 0 -151
 0 -150
 0 -149
 0 -148
 0 -147
 0 -146
 0 -145
 0 -144
 0 -143
 0 -142
 0 -141
 0 -140


