# Created by Octave 3.8.2, Mon Jun 22 05:11:30 2020 CEST <damian@fptrucha.inv.usc.es>
# name: hd
# type: matrix
# rows: 41
# columns: 2
 3 -180
 2 -179
 2 -178
 1 -177
 2 -176
 3 -175
 7 -174
 23 -173
 45 -172
 130 -171
 174 -170
 227 -169
 342 -168
 556 -167
 1240 -166
 2208 -165
 2957 -164
 3155 -163
 3201 -162
 3201 -161
 3139 -160
 3191 -159
 2989 -158
 2547 -157
 2083 -156
 1178 -155
 378 -154
 52 -153
 4 -152
 0 -151
 0 -150
 0 -149
 0 -148
 0 -147
 0 -146
 0 -145
 0 -144
 0 -143
 0 -142
 0 -141
 0 -140


