# Created by Octave 3.8.2, Sat Jun 20 12:06:20 2020 CEST <damian@fptrucha.inv.usc.es>
# name: hd
# type: matrix
# rows: 41
# columns: 2
 2 -180
 0 -179
 0 -178
 4 -177
 3 -176
 2 -175
 6 -174
 22 -173
 44 -172
 116 -171
 244 -170
 257 -169
 365 -168
 667 -167
 1325 -166
 2372 -165
 3348 -164
 3836 -163
 3749 -162
 3771 -161
 3696 -160
 3615 -159
 3615 -158
 3328 -157
 2438 -156
 1484 -155
 623 -154
 79 -153
 3 -152
 0 -151
 0 -150
 0 -149
 0 -148
 0 -147
 0 -146
 0 -145
 0 -144
 0 -143
 0 -142
 0 -141
 0 -140


