# Created by Octave 3.8.2, Mon Jun 22 05:52:27 2020 CEST <damian@fptrucha.inv.usc.es>
# name: hd
# type: matrix
# rows: 41
# columns: 2
 1 -180
 6 -179
 5 -178
 3 -177
 1 -176
 6 -175
 12 -174
 16 -173
 44 -172
 101 -171
 175 -170
 253 -169
 292 -168
 514 -167
 1220 -166
 2230 -165
 3108 -164
 3259 -163
 3214 -162
 3277 -161
 3178 -160
 3207 -159
 3083 -158
 2773 -157
 2277 -156
 1245 -155
 474 -154
 44 -153
 0 -152
 0 -151
 0 -150
 0 -149
 0 -148
 0 -147
 0 -146
 0 -145
 0 -144
 0 -143
 0 -142
 0 -141
 0 -140


