# Created by Octave 3.8.2, Mon Jun 22 20:05:21 2020 CEST <damian@fptrucha.inv.usc.es>
# name: hd
# type: matrix
# rows: 41
# columns: 2
 5 -180
 2 -179
 2 -178
 2 -177
 5 -176
 1 -175
 10 -174
 17 -173
 63 -172
 134 -171
 200 -170
 243 -169
 336 -168
 656 -167
 1420 -166
 2419 -165
 3358 -164
 3586 -163
 3594 -162
 3720 -161
 3662 -160
 3606 -159
 3229 -158
 3039 -157
 2434 -156
 1290 -155
 453 -154
 65 -153
 0 -152
 0 -151
 0 -150
 0 -149
 0 -148
 0 -147
 0 -146
 0 -145
 0 -144
 0 -143
 0 -142
 0 -141
 0 -140


