# Created by Octave 3.8.2, Sun Jun 21 00:05:31 2020 CEST <damian@fptrucha.inv.usc.es>
# name: hd
# type: matrix
# rows: 41
# columns: 2
 1 -180
 3 -179
 1 -178
 2 -177
 2 -176
 0 -175
 7 -174
 9 -173
 45 -172
 100 -171
 183 -170
 230 -169
 246 -168
 497 -167
 1203 -166
 2093 -165
 2981 -164
 3460 -163
 3324 -162
 3380 -161
 3180 -160
 3189 -159
 3217 -158
 2903 -157
 2330 -156
 1385 -155
 472 -154
 77 -153
 0 -152
 0 -151
 0 -150
 0 -149
 0 -148
 0 -147
 0 -146
 0 -145
 0 -144
 0 -143
 0 -142
 0 -141
 0 -140


