# Created by Octave 3.8.2, Mon Jun 22 08:33:30 2020 CEST <damian@fptrucha.inv.usc.es>
# name: hd
# type: matrix
# rows: 41
# columns: 2
 1 -180
 4 -179
 2 -178
 5 -177
 2 -176
 8 -175
 13 -174
 17 -173
 53 -172
 126 -171
 177 -170
 231 -169
 323 -168
 578 -167
 1331 -166
 2327 -165
 3053 -164
 3356 -163
 3239 -162
 3383 -161
 3339 -160
 3342 -159
 3072 -158
 2820 -157
 2155 -156
 1293 -155
 435 -154
 45 -153
 0 -152
 0 -151
 1 -150
 0 -149
 0 -148
 0 -147
 0 -146
 0 -145
 0 -144
 0 -143
 0 -142
 0 -141
 0 -140


