# Created by Octave 3.8.2, Mon Jun 22 10:05:55 2020 CEST <damian@fptrucha.inv.usc.es>
# name: hd
# type: matrix
# rows: 41
# columns: 2
 3 -180
 1 -179
 2 -178
 3 -177
 1 -176
 1 -175
 11 -174
 14 -173
 61 -172
 111 -171
 197 -170
 263 -169
 317 -168
 598 -167
 1353 -166
 2368 -165
 3116 -164
 3452 -163
 3383 -162
 3434 -161
 3456 -160
 3308 -159
 3121 -158
 2760 -157
 2247 -156
 1234 -155
 441 -154
 50 -153
 1 -152
 0 -151
 0 -150
 0 -149
 0 -148
 0 -147
 0 -146
 0 -145
 0 -144
 0 -143
 0 -142
 0 -141
 0 -140


