# Created by Octave 3.8.2, Sat Jun 20 18:25:27 2020 CEST <damian@fptrucha.inv.usc.es>
# name: hd
# type: matrix
# rows: 41
# columns: 2
 0 -180
 0 -179
 2 -178
 1 -177
 2 -176
 3 -175
 5 -174
 13 -173
 43 -172
 104 -171
 169 -170
 226 -169
 296 -168
 590 -167
 1196 -166
 2089 -165
 3037 -164
 3521 -163
 3445 -162
 3454 -161
 3284 -160
 3471 -159
 3235 -158
 2970 -157
 2221 -156
 1407 -155
 524 -154
 86 -153
 2 -152
 0 -151
 0 -150
 0 -149
 0 -148
 0 -147
 0 -146
 0 -145
 0 -144
 0 -143
 0 -142
 0 -141
 0 -140


