# Created by Octave 3.8.2, Mon Jun 22 17:50:59 2020 CEST <damian@fptrucha.inv.usc.es>
# name: hd
# type: matrix
# rows: 41
# columns: 2
 0 -180
 3 -179
 1 -178
 2 -177
 2 -176
 2 -175
 9 -174
 29 -173
 56 -172
 128 -171
 222 -170
 265 -169
 370 -168
 615 -167
 1426 -166
 2532 -165
 3344 -164
 3381 -163
 3544 -162
 3685 -161
 3631 -160
 3476 -159
 3349 -158
 2932 -157
 2465 -156
 1257 -155
 432 -154
 53 -153
 2 -152
 0 -151
 0 -150
 0 -149
 0 -148
 0 -147
 0 -146
 0 -145
 0 -144
 0 -143
 0 -142
 0 -141
 0 -140


