# Created by Octave 3.8.2, Sun Jun 21 02:03:25 2020 CEST <damian@fptrucha.inv.usc.es>
# name: hd
# type: matrix
# rows: 41
# columns: 2
 2 -180
 2 -179
 1 -178
 2 -177
 2 -176
 5 -175
 8 -174
 13 -173
 46 -172
 103 -171
 159 -170
 211 -169
 307 -168
 542 -167
 1160 -166
 2124 -165
 3126 -164
 3388 -163
 3378 -162
 3370 -161
 3249 -160
 3316 -159
 3198 -158
 2844 -157
 2287 -156
 1296 -155
 553 -154
 78 -153
 1 -152
 0 -151
 0 -150
 0 -149
 0 -148
 0 -147
 0 -146
 0 -145
 0 -144
 0 -143
 0 -142
 0 -141
 0 -140


