# Created by Octave 3.8.2, Sat Jun 20 14:09:35 2020 CEST <damian@fptrucha.inv.usc.es>
# name: hd
# type: matrix
# rows: 41
# columns: 2
 0 -180
 0 -179
 1 -178
 1 -177
 0 -176
 0 -175
 7 -174
 16 -173
 57 -172
 108 -171
 168 -170
 258 -169
 331 -168
 597 -167
 1352 -166
 2198 -165
 3260 -164
 3714 -163
 3610 -162
 3533 -161
 3592 -160
 3461 -159
 3406 -158
 3095 -157
 2400 -156
 1425 -155
 550 -154
 67 -153
 3 -152
 0 -151
 0 -150
 0 -149
 0 -148
 0 -147
 0 -146
 0 -145
 0 -144
 0 -143
 0 -142
 0 -141
 0 -140


