# Created by Octave 3.8.2, Sun Jun 21 06:47:32 2020 CEST <damian@fptrucha.inv.usc.es>
# name: hd
# type: matrix
# rows: 41
# columns: 2
 1 -180
 0 -179
 1 -178
 0 -177
 3 -176
 0 -175
 5 -174
 11 -173
 38 -172
 94 -171
 152 -170
 204 -169
 260 -168
 511 -167
 1061 -166
 2096 -165
 3060 -164
 3293 -163
 3476 -162
 3291 -161
 3262 -160
 3392 -159
 3196 -158
 2993 -157
 2258 -156
 1459 -155
 555 -154
 91 -153
 2 -152
 0 -151
 0 -150
 0 -149
 0 -148
 0 -147
 0 -146
 0 -145
 0 -144
 0 -143
 0 -142
 0 -141
 0 -140


