# Created by Octave 3.8.2, Mon Jun 22 17:31:36 2020 CEST <damian@fptrucha.inv.usc.es>
# name: hd
# type: matrix
# rows: 41
# columns: 2
 2 -180
 4 -179
 2 -178
 1 -177
 4 -176
 6 -175
 8 -174
 25 -173
 64 -172
 111 -171
 221 -170
 246 -169
 313 -168
 674 -167
 1462 -166
 2446 -165
 3253 -164
 3539 -163
 3578 -162
 3655 -161
 3657 -160
 3548 -159
 3182 -158
 2940 -157
 2330 -156
 1281 -155
 422 -154
 60 -153
 0 -152
 0 -151
 0 -150
 0 -149
 0 -148
 0 -147
 0 -146
 0 -145
 0 -144
 0 -143
 0 -142
 0 -141
 0 -140


