# Created by Octave 3.8.2, Sat Jun 20 13:43:52 2020 CEST <damian@fptrucha.inv.usc.es>
# name: hd
# type: matrix
# rows: 41
# columns: 2
 1 -180
 0 -179
 3 -178
 1 -177
 1 -176
 1 -175
 2 -174
 14 -173
 43 -172
 112 -171
 198 -170
 263 -169
 313 -168
 600 -167
 1328 -166
 2322 -165
 3274 -164
 3693 -163
 3656 -162
 3672 -161
 3599 -160
 3619 -159
 3518 -158
 3227 -157
 2475 -156
 1426 -155
 585 -154
 91 -153
 1 -152
 1 -151
 0 -150
 0 -149
 0 -148
 0 -147
 0 -146
 0 -145
 0 -144
 0 -143
 0 -142
 0 -141
 0 -140


