# Created by Octave 3.8.2, Sat Jun 20 16:28:44 2020 CEST <damian@fptrucha.inv.usc.es>
# name: hd
# type: matrix
# rows: 41
# columns: 2
 0 -180
 0 -179
 0 -178
 0 -177
 0 -176
 2 -175
 1 -174
 11 -173
 26 -172
 68 -171
 104 -170
 167 -169
 179 -168
 385 -167
 820 -166
 1471 -165
 2028 -164
 2321 -163
 2320 -162
 2271 -161
 2201 -160
 2288 -159
 2182 -158
 2004 -157
 1581 -156
 916 -155
 360 -154
 66 -153
 0 -152
 0 -151
 0 -150
 0 -149
 0 -148
 0 -147
 0 -146
 0 -145
 0 -144
 0 -143
 0 -142
 0 -141
 0 -140


