# Created by Octave 3.8.2, Sat Jun 20 05:39:50 2020 CEST <damian@fptrucha.inv.usc.es>
# name: hd
# type: matrix
# rows: 41
# columns: 2
 1 -180
 0 -179
 1 -178
 1 -177
 1 -176
 3 -175
 9 -174
 23 -173
 54 -172
 136 -171
 201 -170
 259 -169
 330 -168
 634 -167
 1333 -166
 2421 -165
 3430 -164
 3943 -163
 3855 -162
 3846 -161
 3704 -160
 3777 -159
 3618 -158
 3216 -157
 2620 -156
 1545 -155
 634 -154
 104 -153
 3 -152
 0 -151
 0 -150
 0 -149
 0 -148
 0 -147
 0 -146
 0 -145
 0 -144
 0 -143
 0 -142
 0 -141
 0 -140


