# Created by Octave 3.8.2, Sat Jun 20 18:15:36 2020 CEST <damian@fptrucha.inv.usc.es>
# name: hd
# type: matrix
# rows: 41
# columns: 2
 0 -180
 1 -179
 0 -178
 2 -177
 1 -176
 1 -175
 6 -174
 20 -173
 46 -172
 124 -171
 176 -170
 226 -169
 308 -168
 604 -167
 1185 -166
 2243 -165
 3087 -164
 3480 -163
 3459 -162
 3494 -161
 3263 -160
 3351 -159
 3296 -158
 3028 -157
 2225 -156
 1380 -155
 506 -154
 70 -153
 3 -152
 0 -151
 0 -150
 0 -149
 0 -148
 0 -147
 0 -146
 0 -145
 0 -144
 0 -143
 0 -142
 0 -141
 0 -140


