# Created by Octave 3.8.2, Sat Jun 20 02:11:01 2020 CEST <damian@fptrucha.inv.usc.es>
# name: hd
# type: matrix
# rows: 41
# columns: 2
 0 -180
 2 -179
 1 -178
 1 -177
 1 -176
 2 -175
 6 -174
 6 -173
 43 -172
 106 -171
 181 -170
 221 -169
 294 -168
 575 -167
 1232 -166
 2278 -165
 3308 -164
 3735 -163
 3805 -162
 3649 -161
 3683 -160
 3634 -159
 3549 -158
 3182 -157
 2555 -156
 1550 -155
 604 -154
 103 -153
 0 -152
 0 -151
 0 -150
 0 -149
 0 -148
 0 -147
 0 -146
 0 -145
 0 -144
 0 -143
 0 -142
 0 -141
 0 -140


