# Created by Octave 3.8.2, Mon Jun 22 15:38:39 2020 CEST <damian@fptrucha.inv.usc.es>
# name: hd
# type: matrix
# rows: 41
# columns: 2
 0 -180
 1 -179
 1 -178
 0 -177
 2 -176
 4 -175
 8 -174
 14 -173
 34 -172
 104 -171
 134 -170
 200 -169
 257 -168
 452 -167
 1001 -166
 1589 -165
 2291 -164
 2254 -163
 2211 -162
 2438 -161
 2402 -160
 2280 -159
 2149 -158
 1877 -157
 1442 -156
 831 -155
 280 -154
 41 -153
 0 -152
 0 -151
 0 -150
 0 -149
 0 -148
 0 -147
 0 -146
 0 -145
 0 -144
 0 -143
 0 -142
 0 -141
 0 -140


