# Created by Octave 3.8.2, Sun Jun 21 00:13:42 2020 CEST <damian@fptrucha.inv.usc.es>
# name: hd
# type: matrix
# rows: 41
# columns: 2
 2 -180
 0 -179
 1 -178
 1 -177
 1 -176
 4 -175
 7 -174
 8 -173
 33 -172
 94 -171
 176 -170
 216 -169
 271 -168
 546 -167
 1140 -166
 2060 -165
 2997 -164
 3451 -163
 3282 -162
 3340 -161
 3282 -160
 3270 -159
 3235 -158
 2915 -157
 2273 -156
 1383 -155
 507 -154
 65 -153
 1 -152
 0 -151
 0 -150
 0 -149
 0 -148
 0 -147
 0 -146
 0 -145
 0 -144
 0 -143
 0 -142
 0 -141
 0 -140


