# Created by Octave 3.8.2, Sat Jun 20 06:40:33 2020 CEST <damian@fptrucha.inv.usc.es>
# name: hd
# type: matrix
# rows: 41
# columns: 2
 1 -180
 0 -179
 0 -178
 0 -177
 0 -176
 3 -175
 4 -174
 12 -173
 54 -172
 102 -171
 174 -170
 253 -169
 302 -168
 586 -167
 1285 -166
 2428 -165
 3514 -164
 3877 -163
 3770 -162
 3813 -161
 3676 -160
 3664 -159
 3771 -158
 3299 -157
 2664 -156
 1585 -155
 619 -154
 101 -153
 3 -152
 0 -151
 0 -150
 0 -149
 0 -148
 0 -147
 0 -146
 0 -145
 0 -144
 0 -143
 0 -142
 0 -141
 0 -140


