# Created by Octave 3.8.2, Sat Jun 20 04:04:30 2020 CEST <damian@fptrucha.inv.usc.es>
# name: hd
# type: matrix
# rows: 41
# columns: 2
 3 -180
 0 -179
 0 -178
 2 -177
 1 -176
 1 -175
 4 -174
 11 -173
 39 -172
 105 -171
 165 -170
 233 -169
 341 -168
 585 -167
 1211 -166
 2313 -165
 3338 -164
 3817 -163
 3843 -162
 3781 -161
 3627 -160
 3782 -159
 3733 -158
 3247 -157
 2651 -156
 1602 -155
 596 -154
 91 -153
 1 -152
 0 -151
 0 -150
 0 -149
 0 -148
 0 -147
 0 -146
 0 -145
 0 -144
 0 -143
 0 -142
 0 -141
 0 -140


