# Created by Octave 3.8.2, Mon Jun 22 08:22:32 2020 CEST <damian@fptrucha.inv.usc.es>
# name: hd
# type: matrix
# rows: 41
# columns: 2
 4 -180
 4 -179
 3 -178
 2 -177
 2 -176
 4 -175
 9 -174
 14 -173
 50 -172
 125 -171
 171 -170
 245 -169
 324 -168
 558 -167
 1246 -166
 2292 -165
 3066 -164
 3264 -163
 3295 -162
 3374 -161
 3362 -160
 3233 -159
 3111 -158
 2789 -157
 2193 -156
 1159 -155
 439 -154
 45 -153
 1 -152
 0 -151
 0 -150
 0 -149
 0 -148
 0 -147
 0 -146
 0 -145
 0 -144
 0 -143
 0 -142
 0 -141
 0 -140


