# Created by Octave 3.8.2, Sat Jun 20 17:37:20 2020 CEST <damian@fptrucha.inv.usc.es>
# name: hd
# type: matrix
# rows: 41
# columns: 2
 0 -180
 0 -179
 0 -178
 0 -177
 1 -176
 4 -175
 5 -174
 11 -173
 42 -172
 134 -171
 210 -170
 200 -169
 301 -168
 548 -167
 1202 -166
 2097 -165
 3181 -164
 3412 -163
 3540 -162
 3388 -161
 3377 -160
 3394 -159
 3299 -158
 2989 -157
 2377 -156
 1399 -155
 513 -154
 87 -153
 3 -152
 0 -151
 0 -150
 0 -149
 0 -148
 0 -147
 0 -146
 0 -145
 0 -144
 0 -143
 0 -142
 0 -141
 0 -140


