# Created by Octave 3.8.2, Mon Jun 22 12:00:27 2020 CEST <damian@fptrucha.inv.usc.es>
# name: hd
# type: matrix
# rows: 41
# columns: 2
 3 -180
 7 -179
 2 -178
 1 -177
 0 -176
 6 -175
 10 -174
 21 -173
 44 -172
 127 -171
 208 -170
 239 -169
 338 -168
 588 -167
 1337 -166
 2378 -165
 3011 -164
 3378 -163
 3316 -162
 3376 -161
 3345 -160
 3452 -159
 3092 -158
 2837 -157
 2277 -156
 1271 -155
 411 -154
 57 -153
 1 -152
 0 -151
 0 -150
 0 -149
 0 -148
 0 -147
 0 -146
 0 -145
 0 -144
 0 -143
 0 -142
 0 -141
 0 -140


