# Created by Octave 3.8.2, Sat Jun 20 02:09:39 2020 CEST <damian@fptrucha.inv.usc.es>
# name: hd
# type: matrix
# rows: 41
# columns: 2
 1 -180
 0 -179
 1 -178
 0 -177
 1 -176
 2 -175
 4 -174
 17 -173
 40 -172
 117 -171
 180 -170
 255 -169
 296 -168
 567 -167
 1306 -166
 2262 -165
 3264 -164
 3705 -163
 3576 -162
 3662 -161
 3655 -160
 3614 -159
 3617 -158
 3221 -157
 2422 -156
 1495 -155
 572 -154
 72 -153
 2 -152
 0 -151
 0 -150
 0 -149
 0 -148
 0 -147
 0 -146
 0 -145
 0 -144
 0 -143
 0 -142
 0 -141
 0 -140


