# Created by Octave 3.8.2, Mon Jun 22 08:26:38 2020 CEST <damian@fptrucha.inv.usc.es>
# name: hd
# type: matrix
# rows: 41
# columns: 2
 2 -180
 2 -179
 1 -178
 1 -177
 3 -176
 2 -175
 11 -174
 17 -173
 48 -172
 108 -171
 199 -170
 250 -169
 321 -168
 611 -167
 1390 -166
 2196 -165
 3075 -164
 3282 -163
 3373 -162
 3398 -161
 3371 -160
 3335 -159
 3108 -158
 2809 -157
 2244 -156
 1132 -155
 425 -154
 55 -153
 1 -152
 0 -151
 0 -150
 0 -149
 0 -148
 0 -147
 0 -146
 0 -145
 0 -144
 0 -143
 0 -142
 0 -141
 0 -140


