# Created by Octave 3.8.2, Sat Jun 20 18:14:18 2020 CEST <damian@fptrucha.inv.usc.es>
# name: hd
# type: matrix
# rows: 41
# columns: 2
 0 -180
 1 -179
 1 -178
 0 -177
 2 -176
 2 -175
 2 -174
 15 -173
 41 -172
 101 -171
 183 -170
 243 -169
 333 -168
 581 -167
 1214 -166
 2190 -165
 3025 -164
 3478 -163
 3464 -162
 3506 -161
 3426 -160
 3399 -159
 3201 -158
 3064 -157
 2306 -156
 1352 -155
 532 -154
 85 -153
 0 -152
 0 -151
 0 -150
 0 -149
 0 -148
 0 -147
 0 -146
 0 -145
 0 -144
 0 -143
 0 -142
 0 -141
 0 -140


