# Created by Octave 3.8.2, Mon Jun 22 13:07:50 2020 CEST <damian@fptrucha.inv.usc.es>
# name: hd
# type: matrix
# rows: 41
# columns: 2
 1 -180
 4 -179
 1 -178
 0 -177
 4 -176
 1 -175
 10 -174
 21 -173
 44 -172
 114 -171
 208 -170
 244 -169
 301 -168
 612 -167
 1390 -166
 2422 -165
 3314 -164
 3349 -163
 3567 -162
 3561 -161
 3567 -160
 3408 -159
 3177 -158
 2922 -157
 2285 -156
 1221 -155
 457 -154
 55 -153
 1 -152
 0 -151
 0 -150
 0 -149
 0 -148
 0 -147
 0 -146
 0 -145
 0 -144
 0 -143
 0 -142
 0 -141
 0 -140


