# Created by Octave 3.8.2, Sun Jun 21 01:08:51 2020 CEST <damian@fptrucha.inv.usc.es>
# name: hd
# type: matrix
# rows: 41
# columns: 2
 1 -180
 1 -179
 0 -178
 0 -177
 1 -176
 1 -175
 2 -174
 18 -173
 37 -172
 87 -171
 157 -170
 212 -169
 288 -168
 545 -167
 1158 -166
 2128 -165
 3003 -164
 3398 -163
 3284 -162
 3299 -161
 3237 -160
 3323 -159
 3223 -158
 2879 -157
 2298 -156
 1326 -155
 507 -154
 104 -153
 2 -152
 0 -151
 0 -150
 0 -149
 0 -148
 0 -147
 0 -146
 0 -145
 0 -144
 0 -143
 0 -142
 0 -141
 0 -140


