# Created by Octave 3.8.2, Mon Jun 22 17:24:56 2020 CEST <damian@fptrucha.inv.usc.es>
# name: hd
# type: matrix
# rows: 41
# columns: 2
 1 -180
 3 -179
 3 -178
 2 -177
 2 -176
 5 -175
 7 -174
 17 -173
 39 -172
 142 -171
 206 -170
 256 -169
 342 -168
 676 -167
 1473 -166
 2594 -165
 3261 -164
 3474 -163
 3491 -162
 3644 -161
 3517 -160
 3507 -159
 3159 -158
 2894 -157
 2369 -156
 1217 -155
 447 -154
 48 -153
 2 -152
 0 -151
 0 -150
 0 -149
 0 -148
 0 -147
 0 -146
 0 -145
 0 -144
 0 -143
 0 -142
 0 -141
 0 -140


