# Created by Octave 3.8.2, Mon Jun 22 06:09:53 2020 CEST <damian@fptrucha.inv.usc.es>
# name: hd
# type: matrix
# rows: 41
# columns: 2
 4 -180
 3 -179
 2 -178
 5 -177
 4 -176
 13 -175
 6 -174
 22 -173
 48 -172
 108 -171
 202 -170
 237 -169
 320 -168
 587 -167
 1236 -166
 2314 -165
 3008 -164
 3258 -163
 3183 -162
 3279 -161
 3205 -160
 3236 -159
 3000 -158
 2791 -157
 2192 -156
 1175 -155
 429 -154
 51 -153
 0 -152
 0 -151
 0 -150
 0 -149
 0 -148
 0 -147
 0 -146
 0 -145
 0 -144
 0 -143
 0 -142
 0 -141
 0 -140


