# Created by Octave 3.8.2, Sat Jun 20 02:28:17 2020 CEST <damian@fptrucha.inv.usc.es>
# name: hd
# type: matrix
# rows: 41
# columns: 2
 2 -180
 0 -179
 0 -178
 1 -177
 0 -176
 2 -175
 5 -174
 10 -173
 46 -172
 101 -171
 184 -170
 227 -169
 323 -168
 587 -167
 1239 -166
 2402 -165
 3266 -164
 3730 -163
 3717 -162
 3693 -161
 3713 -160
 3706 -159
 3569 -158
 3306 -157
 2556 -156
 1554 -155
 602 -154
 109 -153
 1 -152
 0 -151
 0 -150
 0 -149
 0 -148
 0 -147
 0 -146
 0 -145
 0 -144
 0 -143
 0 -142
 0 -141
 0 -140


