# Created by Octave 3.8.2, Mon Jun 22 00:59:49 2020 CEST <damian@fptrucha.inv.usc.es>
# name: hd
# type: matrix
# rows: 41
# columns: 2
 0 -180
 1 -179
 0 -178
 0 -177
 2 -176
 0 -175
 3 -174
 13 -173
 45 -172
 105 -171
 172 -170
 242 -169
 272 -168
 565 -167
 1181 -166
 2251 -165
 3128 -164
 3497 -163
 3726 -162
 3545 -161
 3565 -160
 3457 -159
 3335 -158
 3149 -157
 2447 -156
 1506 -155
 559 -154
 87 -153
 7 -152
 0 -151
 0 -150
 0 -149
 0 -148
 0 -147
 0 -146
 0 -145
 0 -144
 0 -143
 0 -142
 0 -141
 0 -140


