# Created by Octave 3.8.2, Mon Jun 22 10:09:09 2020 CEST <damian@fptrucha.inv.usc.es>
# name: hd
# type: matrix
# rows: 41
# columns: 2
 1 -180
 1 -179
 1 -178
 5 -177
 3 -176
 10 -175
 11 -174
 23 -173
 53 -172
 126 -171
 203 -170
 237 -169
 306 -168
 596 -167
 1318 -166
 2247 -165
 3144 -164
 3351 -163
 3336 -162
 3453 -161
 3284 -160
 3454 -159
 3231 -158
 2759 -157
 2186 -156
 1265 -155
 435 -154
 54 -153
 2 -152
 0 -151
 0 -150
 0 -149
 0 -148
 0 -147
 0 -146
 0 -145
 0 -144
 0 -143
 0 -142
 0 -141
 0 -140


