# Created by Octave 3.8.2, Mon Jun 22 20:44:06 2020 CEST <damian@fptrucha.inv.usc.es>
# name: hd
# type: matrix
# rows: 41
# columns: 2
 0 -180
 1 -179
 2 -178
 0 -177
 1 -176
 8 -175
 7 -174
 16 -173
 42 -172
 145 -171
 188 -170
 249 -169
 334 -168
 641 -167
 1396 -166
 2458 -165
 3369 -164
 3505 -163
 3660 -162
 3589 -161
 3625 -160
 3430 -159
 3314 -158
 3068 -157
 2436 -156
 1403 -155
 469 -154
 68 -153
 2 -152
 0 -151
 0 -150
 0 -149
 0 -148
 0 -147
 0 -146
 0 -145
 0 -144
 0 -143
 0 -142
 0 -141
 0 -140


