# Created by Octave 3.8.2, Mon Jun 22 12:18:58 2020 CEST <damian@fptrucha.inv.usc.es>
# name: hd
# type: matrix
# rows: 41
# columns: 2
 2 -180
 2 -179
 1 -178
 4 -177
 5 -176
 6 -175
 9 -174
 13 -173
 64 -172
 132 -171
 219 -170
 258 -169
 336 -168
 591 -167
 1403 -166
 2455 -165
 3182 -164
 3308 -163
 3419 -162
 3419 -161
 3331 -160
 3400 -159
 3250 -158
 2862 -157
 2260 -156
 1250 -155
 441 -154
 54 -153
 0 -152
 0 -151
 0 -150
 0 -149
 0 -148
 0 -147
 0 -146
 0 -145
 0 -144
 0 -143
 0 -142
 0 -141
 0 -140


