# Created by Octave 3.8.2, Mon Jun 22 13:34:17 2020 CEST <damian@fptrucha.inv.usc.es>
# name: hd
# type: matrix
# rows: 41
# columns: 2
 2 -180
 3 -179
 1 -178
 2 -177
 4 -176
 4 -175
 5 -174
 14 -173
 55 -172
 131 -171
 188 -170
 247 -169
 348 -168
 576 -167
 1336 -166
 2497 -165
 3275 -164
 3249 -163
 3388 -162
 3646 -161
 3518 -160
 3382 -159
 3136 -158
 2905 -157
 2216 -156
 1220 -155
 418 -154
 40 -153
 3 -152
 0 -151
 0 -150
 0 -149
 0 -148
 0 -147
 0 -146
 0 -145
 0 -144
 0 -143
 0 -142
 0 -141
 0 -140


