# Created by Octave 3.8.2, Mon Jun 22 08:12:12 2020 CEST <damian@fptrucha.inv.usc.es>
# name: hd
# type: matrix
# rows: 41
# columns: 2
 3 -180
 1 -179
 5 -178
 5 -177
 6 -176
 7 -175
 6 -174
 29 -173
 58 -172
 126 -171
 191 -170
 240 -169
 308 -168
 545 -167
 1308 -166
 2300 -165
 3084 -164
 3285 -163
 3200 -162
 3280 -161
 3315 -160
 3196 -159
 3129 -158
 2757 -157
 2230 -156
 1183 -155
 429 -154
 64 -153
 0 -152
 0 -151
 0 -150
 0 -149
 0 -148
 0 -147
 0 -146
 0 -145
 0 -144
 0 -143
 0 -142
 0 -141
 0 -140


