# Created by Octave 3.8.2, Sat Jun 20 03:42:29 2020 CEST <damian@fptrucha.inv.usc.es>
# name: hd
# type: matrix
# rows: 41
# columns: 2
 0 -180
 0 -179
 0 -178
 1 -177
 3 -176
 1 -175
 7 -174
 14 -173
 44 -172
 94 -171
 164 -170
 223 -169
 289 -168
 548 -167
 1201 -166
 2322 -165
 3308 -164
 3784 -163
 3733 -162
 3693 -161
 3747 -160
 3637 -159
 3572 -158
 3381 -157
 2658 -156
 1578 -155
 553 -154
 100 -153
 5 -152
 0 -151
 0 -150
 0 -149
 0 -148
 0 -147
 0 -146
 0 -145
 0 -144
 0 -143
 0 -142
 0 -141
 0 -140


