# Created by Octave 3.8.2, Mon Jun 22 18:07:35 2020 CEST <damian@fptrucha.inv.usc.es>
# name: hd
# type: matrix
# rows: 41
# columns: 2
 2 -180
 1 -179
 0 -178
 1 -177
 5 -176
 6 -175
 9 -174
 22 -173
 56 -172
 117 -171
 191 -170
 260 -169
 344 -168
 655 -167
 1398 -166
 2527 -165
 3409 -164
 3515 -163
 3543 -162
 3593 -161
 3562 -160
 3601 -159
 3335 -158
 2923 -157
 2317 -156
 1271 -155
 423 -154
 54 -153
 2 -152
 0 -151
 0 -150
 0 -149
 0 -148
 0 -147
 0 -146
 0 -145
 0 -144
 0 -143
 0 -142
 0 -141
 0 -140


