# Created by Octave 3.8.2, Mon Jun 22 21:33:51 2020 CEST <damian@fptrucha.inv.usc.es>
# name: hd
# type: matrix
# rows: 41
# columns: 2
 1 -180
 2 -179
 1 -178
 1 -177
 0 -176
 6 -175
 9 -174
 11 -173
 53 -172
 138 -171
 188 -170
 259 -169
 308 -168
 612 -167
 1262 -166
 2395 -165
 3245 -164
 3714 -163
 3568 -162
 3683 -161
 3685 -160
 3592 -159
 3421 -158
 3113 -157
 2390 -156
 1519 -155
 526 -154
 97 -153
 1 -152
 0 -151
 0 -150
 0 -149
 0 -148
 0 -147
 0 -146
 0 -145
 0 -144
 0 -143
 0 -142
 0 -141
 0 -140


