# Created by Octave 3.8.2, Sat Jun 20 22:53:54 2020 CEST <damian@fptrucha.inv.usc.es>
# name: hd
# type: matrix
# rows: 41
# columns: 2
 1 -180
 1 -179
 0 -178
 1 -177
 1 -176
 3 -175
 4 -174
 16 -173
 51 -172
 111 -171
 174 -170
 225 -169
 317 -168
 547 -167
 1208 -166
 2205 -165
 2919 -164
 3320 -163
 3302 -162
 3334 -161
 3259 -160
 3305 -159
 3266 -158
 2892 -157
 2205 -156
 1392 -155
 499 -154
 84 -153
 3 -152
 0 -151
 0 -150
 0 -149
 0 -148
 0 -147
 0 -146
 0 -145
 0 -144
 0 -143
 0 -142
 0 -141
 0 -140


