# Created by Octave 3.8.2, Sat Jun 20 23:03:55 2020 CEST <damian@fptrucha.inv.usc.es>
# name: hd
# type: matrix
# rows: 41
# columns: 2
 0 -180
 0 -179
 3 -178
 0 -177
 0 -176
 1 -175
 5 -174
 11 -173
 46 -172
 98 -171
 157 -170
 249 -169
 286 -168
 510 -167
 1139 -166
 2152 -165
 2983 -164
 3375 -163
 3475 -162
 3277 -161
 3253 -160
 3326 -159
 3172 -158
 2938 -157
 2258 -156
 1421 -155
 552 -154
 76 -153
 2 -152
 1 -151
 0 -150
 0 -149
 0 -148
 0 -147
 0 -146
 0 -145
 0 -144
 0 -143
 0 -142
 0 -141
 0 -140


