# Created by Octave 3.8.2, Tue Jun 23 00:07:35 2020 CEST <damian@fptrucha.inv.usc.es>
# name: hd
# type: matrix
# rows: 41
# columns: 2
 0 -180
 0 -179
 1 -178
 2 -177
 0 -176
 4 -175
 3 -174
 12 -173
 35 -172
 85 -171
 134 -170
 147 -169
 215 -168
 397 -167
 844 -166
 1553 -165
 2110 -164
 2515 -163
 2369 -162
 2411 -161
 2435 -160
 2446 -159
 2452 -158
 2115 -157
 1672 -156
 979 -155
 418 -154
 67 -153
 3 -152
 0 -151
 0 -150
 0 -149
 0 -148
 0 -147
 0 -146
 0 -145
 0 -144
 0 -143
 0 -142
 0 -141
 0 -140


