# Created by Octave 3.8.2, Mon Jun 22 17:48:44 2020 CEST <damian@fptrucha.inv.usc.es>
# name: hd
# type: matrix
# rows: 41
# columns: 2
 0 -180
 2 -179
 2 -178
 4 -177
 2 -176
 4 -175
 7 -174
 30 -173
 57 -172
 137 -171
 216 -170
 265 -169
 337 -168
 658 -167
 1362 -166
 2500 -165
 3326 -164
 3517 -163
 3571 -162
 3591 -161
 3619 -160
 3448 -159
 3173 -158
 2941 -157
 2363 -156
 1259 -155
 456 -154
 51 -153
 2 -152
 0 -151
 0 -150
 0 -149
 0 -148
 0 -147
 0 -146
 0 -145
 0 -144
 0 -143
 0 -142
 0 -141
 0 -140


