# Created by Octave 3.8.2, Sun Jun 21 04:20:43 2020 CEST <damian@fptrucha.inv.usc.es>
# name: hd
# type: matrix
# rows: 41
# columns: 2
 0 -180
 0 -179
 0 -178
 0 -177
 1 -176
 2 -175
 5 -174
 10 -173
 28 -172
 60 -171
 97 -170
 168 -169
 190 -168
 341 -167
 746 -166
 1472 -165
 1954 -164
 2293 -163
 2172 -162
 2217 -161
 2145 -160
 2169 -159
 2063 -158
 1887 -157
 1476 -156
 901 -155
 328 -154
 43 -153
 5 -152
 0 -151
 0 -150
 0 -149
 0 -148
 0 -147
 0 -146
 0 -145
 0 -144
 0 -143
 0 -142
 0 -141
 0 -140


