# Created by Octave 3.8.2, Mon Jun 22 17:22:37 2020 CEST <damian@fptrucha.inv.usc.es>
# name: hd
# type: matrix
# rows: 41
# columns: 2
 0 -180
 2 -179
 2 -178
 2 -177
 2 -176
 2 -175
 14 -174
 17 -173
 62 -172
 153 -171
 213 -170
 282 -169
 312 -168
 615 -167
 1458 -166
 2494 -165
 3262 -164
 3404 -163
 3634 -162
 3614 -161
 3559 -160
 3503 -159
 3282 -158
 2887 -157
 2369 -156
 1289 -155
 441 -154
 61 -153
 2 -152
 0 -151
 0 -150
 0 -149
 0 -148
 0 -147
 0 -146
 0 -145
 0 -144
 0 -143
 0 -142
 0 -141
 0 -140


