# Created by Octave 3.8.2, Sun Jun 21 03:18:21 2020 CEST <damian@fptrucha.inv.usc.es>
# name: hd
# type: matrix
# rows: 41
# columns: 2
 2 -180
 1 -179
 0 -178
 0 -177
 2 -176
 3 -175
 2 -174
 12 -173
 53 -172
 103 -171
 165 -170
 237 -169
 285 -168
 502 -167
 1162 -166
 2164 -165
 2978 -164
 3396 -163
 3280 -162
 3330 -161
 3371 -160
 3273 -159
 3107 -158
 2904 -157
 2273 -156
 1344 -155
 530 -154
 82 -153
 1 -152
 0 -151
 0 -150
 0 -149
 0 -148
 0 -147
 0 -146
 0 -145
 0 -144
 0 -143
 0 -142
 0 -141
 0 -140


