# Created by Octave 3.8.2, Mon Jun 22 06:43:04 2020 CEST <damian@fptrucha.inv.usc.es>
# name: hd
# type: matrix
# rows: 41
# columns: 2
 3 -180
 1 -179
 7 -178
 1 -177
 2 -176
 4 -175
 14 -174
 19 -173
 49 -172
 116 -171
 173 -170
 212 -169
 297 -168
 561 -167
 1219 -166
 2211 -165
 2955 -164
 3210 -163
 3178 -162
 3234 -161
 3220 -160
 3207 -159
 2946 -158
 2720 -157
 2166 -156
 1188 -155
 420 -154
 66 -153
 1 -152
 0 -151
 0 -150
 0 -149
 0 -148
 0 -147
 0 -146
 0 -145
 0 -144
 0 -143
 0 -142
 0 -141
 0 -140


