# Created by Octave 3.8.2, Mon Jun 22 09:43:19 2020 CEST <damian@fptrucha.inv.usc.es>
# name: hd
# type: matrix
# rows: 41
# columns: 2
 2 -180
 6 -179
 4 -178
 2 -177
 3 -176
 4 -175
 12 -174
 11 -173
 38 -172
 115 -171
 176 -170
 222 -169
 327 -168
 627 -167
 1285 -166
 2362 -165
 3126 -164
 3327 -163
 3322 -162
 3420 -161
 3459 -160
 3364 -159
 3052 -158
 2872 -157
 2187 -156
 1235 -155
 412 -154
 50 -153
 2 -152
 0 -151
 0 -150
 0 -149
 0 -148
 0 -147
 0 -146
 0 -145
 0 -144
 0 -143
 0 -142
 0 -141
 0 -140


