# Created by Octave 3.8.2, Mon Jun 22 02:57:39 2020 CEST <damian@fptrucha.inv.usc.es>
# name: hd
# type: matrix
# rows: 41
# columns: 2
 4 -180
 0 -179
 4 -178
 1 -177
 2 -176
 4 -175
 7 -174
 31 -173
 46 -172
 129 -171
 186 -170
 239 -169
 334 -168
 627 -167
 1289 -166
 2261 -165
 3082 -164
 3166 -163
 3043 -162
 3314 -161
 3295 -160
 3195 -159
 3042 -158
 2695 -157
 2117 -156
 1228 -155
 429 -154
 48 -153
 0 -152
 0 -151
 0 -150
 0 -149
 0 -148
 0 -147
 0 -146
 0 -145
 0 -144
 0 -143
 0 -142
 0 -141
 0 -140


