# Created by Octave 3.8.2, Mon Jun 22 00:41:59 2020 CEST <damian@fptrucha.inv.usc.es>
# name: hd
# type: matrix
# rows: 41
# columns: 2
 0 -180
 1 -179
 0 -178
 1 -177
 5 -176
 3 -175
 6 -174
 13 -173
 50 -172
 114 -171
 185 -170
 232 -169
 266 -168
 533 -167
 1239 -166
 2009 -165
 3035 -164
 3376 -163
 3492 -162
 3355 -161
 3418 -160
 3474 -159
 3253 -158
 3038 -157
 2358 -156
 1366 -155
 603 -154
 82 -153
 1 -152
 0 -151
 0 -150
 0 -149
 0 -148
 0 -147
 0 -146
 0 -145
 0 -144
 0 -143
 0 -142
 0 -141
 0 -140


