# Created by Octave 3.8.2, Sat Jun 20 12:19:03 2020 CEST <damian@fptrucha.inv.usc.es>
# name: hd
# type: matrix
# rows: 41
# columns: 2
 0 -180
 0 -179
 0 -178
 1 -177
 1 -176
 2 -175
 10 -174
 23 -173
 53 -172
 129 -171
 199 -170
 269 -169
 328 -168
 645 -167
 1360 -166
 2390 -165
 3363 -164
 3819 -163
 3921 -162
 3786 -161
 3545 -160
 3649 -159
 3553 -158
 3258 -157
 2424 -156
 1480 -155
 567 -154
 105 -153
 0 -152
 0 -151
 0 -150
 0 -149
 0 -148
 0 -147
 0 -146
 0 -145
 0 -144
 0 -143
 0 -142
 0 -141
 0 -140


