# Created by Octave 3.8.2, Mon Jun 22 02:27:21 2020 CEST <damian@fptrucha.inv.usc.es>
# name: hd
# type: matrix
# rows: 41
# columns: 2
 1 -180
 0 -179
 1 -178
 0 -177
 1 -176
 1 -175
 0 -174
 1 -173
 2 -172
 7 -171
 5 -170
 9 -169
 9 -168
 20 -167
 56 -166
 95 -165
 117 -164
 107 -163
 132 -162
 117 -161
 142 -160
 133 -159
 115 -158
 92 -157
 85 -156
 34 -155
 22 -154
 2 -153
 0 -152
 0 -151
 0 -150
 0 -149
 0 -148
 0 -147
 0 -146
 0 -145
 0 -144
 0 -143
 0 -142
 0 -141
 0 -140


