# Created by Octave 3.8.2, Mon Jun 22 04:35:26 2020 CEST <damian@fptrucha.inv.usc.es>
# name: hd
# type: matrix
# rows: 41
# columns: 2
 2 -180
 2 -179
 0 -178
 3 -177
 5 -176
 4 -175
 10 -174
 22 -173
 45 -172
 112 -171
 167 -170
 219 -169
 285 -168
 538 -167
 1239 -166
 2246 -165
 2957 -164
 3009 -163
 3051 -162
 3155 -161
 3277 -160
 3046 -159
 2803 -158
 2561 -157
 2023 -156
 1116 -155
 399 -154
 39 -153
 0 -152
 0 -151
 0 -150
 0 -149
 0 -148
 0 -147
 0 -146
 0 -145
 0 -144
 0 -143
 0 -142
 0 -141
 0 -140


