# Created by Octave 3.8.2, Mon Jun 22 09:46:27 2020 CEST <damian@fptrucha.inv.usc.es>
# name: hd
# type: matrix
# rows: 41
# columns: 2
 0 -180
 1 -179
 1 -178
 1 -177
 3 -176
 4 -175
 14 -174
 24 -173
 49 -172
 122 -171
 180 -170
 234 -169
 296 -168
 613 -167
 1299 -166
 2444 -165
 3143 -164
 3349 -163
 3378 -162
 3421 -161
 3274 -160
 3300 -159
 3066 -158
 2861 -157
 2228 -156
 1220 -155
 429 -154
 55 -153
 2 -152
 0 -151
 0 -150
 0 -149
 0 -148
 0 -147
 0 -146
 0 -145
 0 -144
 0 -143
 0 -142
 0 -141
 0 -140


