# Created by Octave 3.8.2, Sat Jun 20 08:34:06 2020 CEST <damian@fptrucha.inv.usc.es>
# name: hd
# type: matrix
# rows: 41
# columns: 2
 1 -180
 0 -179
 0 -178
 1 -177
 4 -176
 4 -175
 6 -174
 15 -173
 54 -172
 122 -171
 236 -170
 319 -169
 330 -168
 716 -167
 1415 -166
 2546 -165
 3727 -164
 3974 -163
 3954 -162
 3924 -161
 3868 -160
 3947 -159
 3736 -158
 3453 -157
 2571 -156
 1574 -155
 645 -154
 93 -153
 3 -152
 0 -151
 0 -150
 0 -149
 0 -148
 0 -147
 0 -146
 0 -145
 0 -144
 0 -143
 0 -142
 0 -141
 0 -140


