# Created by Octave 3.8.2, Sun Jun 21 06:31:53 2020 CEST <damian@fptrucha.inv.usc.es>
# name: hd
# type: matrix
# rows: 41
# columns: 2
 0 -180
 2 -179
 0 -178
 1 -177
 3 -176
 4 -175
 4 -174
 19 -173
 46 -172
 94 -171
 153 -170
 219 -169
 261 -168
 519 -167
 1213 -166
 2127 -165
 3024 -164
 3355 -163
 3607 -162
 3425 -161
 3359 -160
 3394 -159
 3278 -158
 3030 -157
 2311 -156
 1361 -155
 561 -154
 78 -153
 1 -152
 0 -151
 0 -150
 0 -149
 0 -148
 0 -147
 0 -146
 0 -145
 0 -144
 0 -143
 0 -142
 0 -141
 0 -140


