# Created by Octave 3.8.2, Tue Jun 23 00:29:26 2020 CEST <damian@fptrucha.inv.usc.es>
# name: hd
# type: matrix
# rows: 41
# columns: 2
 1 -180
 3 -179
 3 -178
 2 -177
 2 -176
 1 -175
 10 -174
 19 -173
 41 -172
 97 -171
 202 -170
 254 -169
 329 -168
 608 -167
 1235 -166
 2370 -165
 3334 -164
 3736 -163
 3614 -162
 3621 -161
 3577 -160
 3649 -159
 3527 -158
 3294 -157
 2475 -156
 1539 -155
 545 -154
 93 -153
 1 -152
 0 -151
 0 -150
 0 -149
 0 -148
 0 -147
 0 -146
 0 -145
 0 -144
 0 -143
 0 -142
 0 -141
 0 -140


