# Created by Octave 3.8.2, Sat Jun 20 10:59:44 2020 CEST <damian@fptrucha.inv.usc.es>
# name: hd
# type: matrix
# rows: 41
# columns: 2
 0 -180
 0 -179
 2 -178
 0 -177
 0 -176
 4 -175
 3 -174
 18 -173
 44 -172
 133 -171
 238 -170
 277 -169
 357 -168
 632 -167
 1411 -166
 2437 -165
 3455 -164
 3898 -163
 3741 -162
 3767 -161
 3792 -160
 3783 -159
 3700 -158
 3208 -157
 2554 -156
 1473 -155
 628 -154
 100 -153
 3 -152
 0 -151
 0 -150
 0 -149
 0 -148
 0 -147
 0 -146
 0 -145
 0 -144
 0 -143
 0 -142
 0 -141
 0 -140


