# Created by Octave 3.8.2, Sun Jun 21 05:17:22 2020 CEST <damian@fptrucha.inv.usc.es>
# name: hd
# type: matrix
# rows: 41
# columns: 2
 2 -180
 0 -179
 0 -178
 1 -177
 4 -176
 2 -175
 8 -174
 16 -173
 41 -172
 112 -171
 154 -170
 251 -169
 317 -168
 569 -167
 1204 -166
 2114 -165
 3099 -164
 3477 -163
 3367 -162
 3386 -161
 3388 -160
 3343 -159
 3280 -158
 2988 -157
 2289 -156
 1375 -155
 523 -154
 83 -153
 0 -152
 0 -151
 0 -150
 0 -149
 0 -148
 0 -147
 0 -146
 0 -145
 0 -144
 0 -143
 0 -142
 0 -141
 0 -140


