# Created by Octave 3.8.2, Sat Jun 20 19:10:10 2020 CEST <damian@fptrucha.inv.usc.es>
# name: hd
# type: matrix
# rows: 41
# columns: 2
 0 -180
 1 -179
 1 -178
 2 -177
 1 -176
 2 -175
 5 -174
 8 -173
 22 -172
 68 -171
 102 -170
 169 -169
 220 -168
 354 -167
 808 -166
 1344 -165
 1976 -164
 2240 -163
 2238 -162
 2248 -161
 2169 -160
 2143 -159
 2012 -158
 1969 -157
 1490 -156
 879 -155
 374 -154
 52 -153
 0 -152
 0 -151
 0 -150
 0 -149
 0 -148
 0 -147
 0 -146
 0 -145
 0 -144
 0 -143
 0 -142
 0 -141
 0 -140


