# Created by Octave 3.8.2, Mon Jun 22 12:33:23 2020 CEST <damian@fptrucha.inv.usc.es>
# name: hd
# type: matrix
# rows: 41
# columns: 2
 4 -180
 1 -179
 5 -178
 1 -177
 3 -176
 7 -175
 9 -174
 18 -173
 50 -172
 146 -171
 209 -170
 254 -169
 325 -168
 665 -167
 1347 -166
 2449 -165
 3221 -164
 3473 -163
 3488 -162
 3519 -161
 3398 -160
 3503 -159
 3159 -158
 2848 -157
 2200 -156
 1271 -155
 432 -154
 55 -153
 4 -152
 0 -151
 0 -150
 0 -149
 0 -148
 0 -147
 0 -146
 0 -145
 0 -144
 0 -143
 0 -142
 0 -141
 0 -140


