# Created by Octave 3.8.2, Mon Jun 22 19:55:27 2020 CEST <damian@fptrucha.inv.usc.es>
# name: hd
# type: matrix
# rows: 41
# columns: 2
 2 -180
 2 -179
 3 -178
 3 -177
 2 -176
 4 -175
 7 -174
 20 -173
 55 -172
 134 -171
 194 -170
 242 -169
 328 -168
 675 -167
 1349 -166
 2531 -165
 3352 -164
 3487 -163
 3504 -162
 3738 -161
 3679 -160
 3498 -159
 3296 -158
 2999 -157
 2395 -156
 1333 -155
 457 -154
 64 -153
 1 -152
 0 -151
 0 -150
 0 -149
 0 -148
 0 -147
 0 -146
 0 -145
 0 -144
 0 -143
 0 -142
 0 -141
 0 -140


