# Created by Octave 3.8.2, Mon Jun 22 18:53:24 2020 CEST <damian@fptrucha.inv.usc.es>
# name: hd
# type: matrix
# rows: 41
# columns: 2
 1 -180
 1 -179
 0 -178
 1 -177
 4 -176
 3 -175
 3 -174
 20 -173
 52 -172
 111 -171
 230 -170
 243 -169
 311 -168
 642 -167
 1384 -166
 2466 -165
 3347 -164
 3517 -163
 3519 -162
 3707 -161
 3533 -160
 3497 -159
 3219 -158
 3018 -157
 2410 -156
 1356 -155
 444 -154
 69 -153
 2 -152
 0 -151
 0 -150
 0 -149
 0 -148
 0 -147
 0 -146
 0 -145
 0 -144
 0 -143
 0 -142
 0 -141
 0 -140


