# Created by Octave 3.8.2, Mon Jun 22 14:54:30 2020 CEST <damian@fptrucha.inv.usc.es>
# name: hd
# type: matrix
# rows: 41
# columns: 2
 2 -180
 1 -179
 1 -178
 0 -177
 3 -176
 4 -175
 7 -174
 19 -173
 55 -172
 149 -171
 191 -170
 266 -169
 296 -168
 688 -167
 1344 -166
 2428 -165
 3228 -164
 3343 -163
 3436 -162
 3573 -161
 3489 -160
 3479 -159
 3187 -158
 2972 -157
 2375 -156
 1354 -155
 421 -154
 59 -153
 0 -152
 0 -151
 0 -150
 0 -149
 0 -148
 0 -147
 0 -146
 0 -145
 0 -144
 0 -143
 0 -142
 0 -141
 0 -140


