# Created by Octave 3.8.2, Mon Jun 22 07:26:23 2020 CEST <damian@fptrucha.inv.usc.es>
# name: hd
# type: matrix
# rows: 41
# columns: 2
 2 -180
 2 -179
 0 -178
 5 -177
 6 -176
 3 -175
 10 -174
 19 -173
 51 -172
 138 -171
 168 -170
 230 -169
 305 -168
 579 -167
 1273 -166
 2326 -165
 2994 -164
 3251 -163
 3185 -162
 3304 -161
 3310 -160
 3214 -159
 3137 -158
 2831 -157
 2177 -156
 1200 -155
 405 -154
 65 -153
 2 -152
 0 -151
 0 -150
 0 -149
 0 -148
 0 -147
 0 -146
 0 -145
 0 -144
 0 -143
 0 -142
 0 -141
 0 -140


