# Created by Octave 3.8.2, Sun Jun 21 05:54:27 2020 CEST <damian@fptrucha.inv.usc.es>
# name: hd
# type: matrix
# rows: 41
# columns: 2
 0 -180
 0 -179
 1 -178
 2 -177
 2 -176
 0 -175
 7 -174
 16 -173
 37 -172
 111 -171
 177 -170
 241 -169
 305 -168
 538 -167
 1163 -166
 2180 -165
 3042 -164
 3409 -163
 3408 -162
 3357 -161
 3366 -160
 3253 -159
 3282 -158
 3081 -157
 2292 -156
 1404 -155
 547 -154
 88 -153
 0 -152
 0 -151
 0 -150
 0 -149
 0 -148
 0 -147
 0 -146
 0 -145
 0 -144
 0 -143
 0 -142
 0 -141
 0 -140


