# Created by Octave 3.8.2, Mon Jun 22 03:25:43 2020 CEST <damian@fptrucha.inv.usc.es>
# name: hd
# type: matrix
# rows: 41
# columns: 2
 1 -180
 6 -179
 5 -178
 0 -177
 7 -176
 4 -175
 7 -174
 20 -173
 46 -172
 105 -171
 206 -170
 250 -169
 309 -168
 608 -167
 1263 -166
 2172 -165
 3040 -164
 3214 -163
 3119 -162
 3341 -161
 3146 -160
 3150 -159
 3015 -158
 2717 -157
 2064 -156
 1134 -155
 432 -154
 57 -153
 0 -152
 0 -151
 0 -150
 0 -149
 0 -148
 0 -147
 0 -146
 0 -145
 0 -144
 0 -143
 0 -142
 0 -141
 0 -140


