# Created by Octave 3.8.2, Mon Jun 22 10:44:17 2020 CEST <damian@fptrucha.inv.usc.es>
# name: hd
# type: matrix
# rows: 41
# columns: 2
 1 -180
 4 -179
 2 -178
 3 -177
 1 -176
 9 -175
 6 -174
 20 -173
 48 -172
 127 -171
 190 -170
 261 -169
 319 -168
 595 -167
 1301 -166
 2388 -165
 3179 -164
 3443 -163
 3371 -162
 3484 -161
 3514 -160
 3398 -159
 3131 -158
 2932 -157
 2254 -156
 1252 -155
 475 -154
 47 -153
 1 -152
 0 -151
 0 -150
 0 -149
 0 -148
 0 -147
 0 -146
 0 -145
 0 -144
 0 -143
 0 -142
 0 -141
 0 -140


