# Created by Octave 3.8.2, Mon Jun 22 10:03:46 2020 CEST <damian@fptrucha.inv.usc.es>
# name: hd
# type: matrix
# rows: 41
# columns: 2
 3 -180
 0 -179
 1 -178
 1 -177
 4 -176
 5 -175
 10 -174
 20 -173
 50 -172
 116 -171
 194 -170
 228 -169
 298 -168
 611 -167
 1350 -166
 2292 -165
 3165 -164
 3476 -163
 3277 -162
 3460 -161
 3328 -160
 3324 -159
 3225 -158
 2853 -157
 2260 -156
 1257 -155
 444 -154
 65 -153
 2 -152
 0 -151
 0 -150
 0 -149
 0 -148
 0 -147
 0 -146
 0 -145
 0 -144
 0 -143
 0 -142
 0 -141
 0 -140


