# Created by Octave 3.8.2, Mon Jun 22 17:56:13 2020 CEST <damian@fptrucha.inv.usc.es>
# name: hd
# type: matrix
# rows: 41
# columns: 2
 1 -180
 1 -179
 0 -178
 0 -177
 3 -176
 3 -175
 7 -174
 11 -173
 35 -172
 82 -171
 130 -170
 168 -169
 224 -168
 440 -167
 916 -166
 1664 -165
 2203 -164
 2256 -163
 2283 -162
 2422 -161
 2332 -160
 2301 -159
 2260 -158
 2038 -157
 1583 -156
 901 -155
 317 -154
 30 -153
 0 -152
 0 -151
 0 -150
 0 -149
 0 -148
 0 -147
 0 -146
 0 -145
 0 -144
 0 -143
 0 -142
 0 -141
 0 -140


