# Created by Octave 3.8.2, Sat Jun 20 23:18:16 2020 CEST <damian@fptrucha.inv.usc.es>
# name: hd
# type: matrix
# rows: 41
# columns: 2
 1 -180
 0 -179
 0 -178
 0 -177
 1 -176
 3 -175
 3 -174
 22 -173
 47 -172
 100 -171
 186 -170
 221 -169
 268 -168
 538 -167
 1126 -166
 1992 -165
 2967 -164
 3381 -163
 3357 -162
 3284 -161
 3259 -160
 3372 -159
 3194 -158
 2945 -157
 2259 -156
 1365 -155
 487 -154
 84 -153
 1 -152
 0 -151
 0 -150
 0 -149
 0 -148
 0 -147
 0 -146
 0 -145
 0 -144
 0 -143
 0 -142
 0 -141
 0 -140


