# Created by Octave 3.8.2, Sun Jun 21 07:13:12 2020 CEST <damian@fptrucha.inv.usc.es>
# name: hd
# type: matrix
# rows: 41
# columns: 2
 0 -180
 0 -179
 0 -178
 0 -177
 1 -176
 2 -175
 2 -174
 15 -173
 54 -172
 94 -171
 159 -170
 214 -169
 273 -168
 529 -167
 1270 -166
 2150 -165
 3058 -164
 3421 -163
 3542 -162
 3343 -161
 3366 -160
 3488 -159
 3299 -158
 3122 -157
 2397 -156
 1456 -155
 593 -154
 89 -153
 1 -152
 0 -151
 0 -150
 0 -149
 0 -148
 0 -147
 0 -146
 0 -145
 0 -144
 0 -143
 0 -142
 0 -141
 0 -140


