# Created by Octave 3.8.2, Sun Jun 21 08:04:52 2020 CEST <damian@fptrucha.inv.usc.es>
# name: hd
# type: matrix
# rows: 41
# columns: 2
 1 -180
 2 -179
 1 -178
 1 -177
 0 -176
 2 -175
 4 -174
 4 -173
 41 -172
 101 -171
 158 -170
 240 -169
 317 -168
 584 -167
 1214 -166
 2095 -165
 3091 -164
 3467 -163
 3751 -162
 3457 -161
 3543 -160
 3369 -159
 3239 -158
 3098 -157
 2422 -156
 1460 -155
 557 -154
 114 -153
 2 -152
 1 -151
 0 -150
 0 -149
 0 -148
 0 -147
 0 -146
 0 -145
 0 -144
 0 -143
 0 -142
 0 -141
 0 -140


