# Created by Octave 3.8.2, Sat Jun 20 03:20:56 2020 CEST <damian@fptrucha.inv.usc.es>
# name: hd
# type: matrix
# rows: 41
# columns: 2
 0 -180
 1 -179
 0 -178
 2 -177
 0 -176
 6 -175
 2 -174
 14 -173
 43 -172
 120 -171
 172 -170
 200 -169
 286 -168
 574 -167
 1265 -166
 2406 -165
 3325 -164
 3718 -163
 3748 -162
 3767 -161
 3632 -160
 3774 -159
 3538 -158
 3326 -157
 2616 -156
 1525 -155
 625 -154
 84 -153
 3 -152
 0 -151
 0 -150
 0 -149
 0 -148
 0 -147
 0 -146
 0 -145
 0 -144
 0 -143
 0 -142
 0 -141
 0 -140


