# Created by Octave 3.8.2, Mon Jun 22 18:33:10 2020 CEST <damian@fptrucha.inv.usc.es>
# name: hd
# type: matrix
# rows: 41
# columns: 2
 2 -180
 3 -179
 5 -178
 2 -177
 2 -176
 8 -175
 9 -174
 16 -173
 59 -172
 128 -171
 207 -170
 284 -169
 342 -168
 685 -167
 1383 -166
 2408 -165
 3331 -164
 3509 -163
 3500 -162
 3553 -161
 3826 -160
 3439 -159
 3265 -158
 2976 -157
 2397 -156
 1370 -155
 518 -154
 60 -153
 2 -152
 0 -151
 0 -150
 0 -149
 0 -148
 0 -147
 0 -146
 0 -145
 0 -144
 0 -143
 0 -142
 0 -141
 0 -140


