# Created by Octave 3.8.2, Mon Jun 22 22:34:20 2020 CEST <damian@fptrucha.inv.usc.es>
# name: hd
# type: matrix
# rows: 41
# columns: 2
 1 -180
 2 -179
 1 -178
 1 -177
 4 -176
 3 -175
 4 -174
 20 -173
 43 -172
 127 -171
 177 -170
 240 -169
 345 -168
 595 -167
 1304 -166
 2328 -165
 3367 -164
 3875 -163
 3595 -162
 3673 -161
 3650 -160
 3662 -159
 3506 -158
 3127 -157
 2449 -156
 1420 -155
 540 -154
 73 -153
 2 -152
 1 -151
 0 -150
 0 -149
 0 -148
 0 -147
 0 -146
 0 -145
 0 -144
 0 -143
 0 -142
 0 -141
 0 -140


