# Created by Octave 3.8.2, Sat Jun 20 15:19:37 2020 CEST <damian@fptrucha.inv.usc.es>
# name: hd
# type: matrix
# rows: 41
# columns: 2
 1 -180
 0 -179
 1 -178
 0 -177
 2 -176
 5 -175
 4 -174
 16 -173
 50 -172
 103 -171
 215 -170
 281 -169
 292 -168
 602 -167
 1271 -166
 2243 -165
 3064 -164
 3596 -163
 3536 -162
 3461 -161
 3431 -160
 3522 -159
 3393 -158
 3068 -157
 2326 -156
 1374 -155
 547 -154
 98 -153
 1 -152
 1 -151
 0 -150
 0 -149
 0 -148
 0 -147
 0 -146
 0 -145
 0 -144
 0 -143
 0 -142
 0 -141
 0 -140


