# Created by Octave 3.8.2, Sat Jun 20 18:10:14 2020 CEST <damian@fptrucha.inv.usc.es>
# name: hd
# type: matrix
# rows: 41
# columns: 2
 0 -180
 0 -179
 0 -178
 0 -177
 0 -176
 2 -175
 6 -174
 12 -173
 32 -172
 95 -171
 203 -170
 211 -169
 285 -168
 570 -167
 1198 -166
 2220 -165
 3054 -164
 3463 -163
 3494 -162
 3484 -161
 3336 -160
 3344 -159
 3162 -158
 3061 -157
 2328 -156
 1345 -155
 549 -154
 67 -153
 1 -152
 0 -151
 0 -150
 0 -149
 0 -148
 0 -147
 0 -146
 0 -145
 0 -144
 0 -143
 0 -142
 0 -141
 0 -140


