# Created by Octave 3.8.2, Mon Jun 22 04:22:48 2020 CEST <damian@fptrucha.inv.usc.es>
# name: hd
# type: matrix
# rows: 41
# columns: 2
 3 -180
 0 -179
 1 -178
 2 -177
 3 -176
 2 -175
 10 -174
 19 -173
 43 -172
 126 -171
 188 -170
 211 -169
 296 -168
 528 -167
 1233 -166
 2237 -165
 2942 -164
 3124 -163
 3033 -162
 3145 -161
 3131 -160
 3143 -159
 2861 -158
 2667 -157
 2054 -156
 1055 -155
 348 -154
 46 -153
 0 -152
 0 -151
 0 -150
 0 -149
 0 -148
 0 -147
 0 -146
 0 -145
 0 -144
 0 -143
 0 -142
 0 -141
 0 -140


