# Created by Octave 3.8.2, Sat Jun 20 02:32:21 2020 CEST <damian@fptrucha.inv.usc.es>
# name: hd
# type: matrix
# rows: 41
# columns: 2
 0 -180
 0 -179
 2 -178
 0 -177
 2 -176
 1 -175
 9 -174
 10 -173
 41 -172
 87 -171
 168 -170
 223 -169
 308 -168
 591 -167
 1239 -166
 2365 -165
 3379 -164
 3730 -163
 3601 -162
 3715 -161
 3663 -160
 3767 -159
 3476 -158
 3352 -157
 2613 -156
 1456 -155
 559 -154
 93 -153
 4 -152
 0 -151
 0 -150
 0 -149
 0 -148
 0 -147
 0 -146
 0 -145
 0 -144
 0 -143
 0 -142
 0 -141
 0 -140


