# Created by Octave 3.8.2, Sat Jun 20 20:44:06 2020 CEST <damian@fptrucha.inv.usc.es>
# name: hd
# type: matrix
# rows: 41
# columns: 2
 0 -180
 0 -179
 0 -178
 1 -177
 2 -176
 4 -175
 4 -174
 13 -173
 43 -172
 106 -171
 173 -170
 244 -169
 302 -168
 594 -167
 1182 -166
 2196 -165
 3060 -164
 3372 -163
 3470 -162
 3469 -161
 3330 -160
 3420 -159
 3174 -158
 2946 -157
 2256 -156
 1341 -155
 533 -154
 92 -153
 2 -152
 0 -151
 0 -150
 0 -149
 0 -148
 0 -147
 0 -146
 0 -145
 0 -144
 0 -143
 0 -142
 0 -141
 0 -140


