# Created by Octave 3.8.2, Mon Jun 22 14:05:42 2020 CEST <damian@fptrucha.inv.usc.es>
# name: hd
# type: matrix
# rows: 41
# columns: 2
 1 -180
 4 -179
 3 -178
 3 -177
 7 -176
 3 -175
 10 -174
 16 -173
 58 -172
 126 -171
 205 -170
 253 -169
 302 -168
 649 -167
 1355 -166
 2432 -165
 3227 -164
 3343 -163
 3442 -162
 3456 -161
 3457 -160
 3394 -159
 3046 -158
 2810 -157
 2248 -156
 1201 -155
 433 -154
 52 -153
 1 -152
 0 -151
 0 -150
 0 -149
 0 -148
 0 -147
 0 -146
 0 -145
 0 -144
 0 -143
 0 -142
 0 -141
 0 -140


