# Created by Octave 3.8.2, Sat Jun 20 06:25:12 2020 CEST <damian@fptrucha.inv.usc.es>
# name: hd
# type: matrix
# rows: 41
# columns: 2
 1 -180
 0 -179
 0 -178
 2 -177
 4 -176
 1 -175
 5 -174
 10 -173
 36 -172
 110 -171
 192 -170
 255 -169
 345 -168
 598 -167
 1235 -166
 2360 -165
 3469 -164
 3890 -163
 3814 -162
 3924 -161
 3800 -160
 3783 -159
 3721 -158
 3475 -157
 2643 -156
 1521 -155
 655 -154
 97 -153
 1 -152
 1 -151
 0 -150
 0 -149
 0 -148
 0 -147
 0 -146
 0 -145
 0 -144
 0 -143
 0 -142
 0 -141
 0 -140


