# Created by Octave 3.8.2, Sun Jun 21 00:58:23 2020 CEST <damian@fptrucha.inv.usc.es>
# name: hd
# type: matrix
# rows: 41
# columns: 2
 1 -180
 1 -179
 2 -178
 1 -177
 3 -176
 1 -175
 2 -174
 18 -173
 46 -172
 84 -171
 166 -170
 205 -169
 301 -168
 539 -167
 1147 -166
 2075 -165
 2991 -164
 3347 -163
 3430 -162
 3225 -161
 3324 -160
 3272 -159
 3231 -158
 2905 -157
 2227 -156
 1369 -155
 537 -154
 87 -153
 1 -152
 0 -151
 0 -150
 0 -149
 0 -148
 0 -147
 0 -146
 0 -145
 0 -144
 0 -143
 0 -142
 0 -141
 0 -140


