# Created by Octave 3.8.2, Mon Jun 22 08:19:31 2020 CEST <damian@fptrucha.inv.usc.es>
# name: hd
# type: matrix
# rows: 41
# columns: 2
 5 -180
 1 -179
 3 -178
 1 -177
 2 -176
 6 -175
 12 -174
 19 -173
 62 -172
 141 -171
 193 -170
 272 -169
 298 -168
 588 -167
 1324 -166
 2305 -165
 3125 -164
 3426 -163
 3315 -162
 3411 -161
 3299 -160
 3220 -159
 3106 -158
 2851 -157
 2191 -156
 1209 -155
 421 -154
 49 -153
 2 -152
 0 -151
 0 -150
 0 -149
 0 -148
 0 -147
 0 -146
 0 -145
 0 -144
 0 -143
 0 -142
 0 -141
 0 -140


