# Created by Octave 3.8.2, Sat Jun 20 17:08:51 2020 CEST <damian@fptrucha.inv.usc.es>
# name: hd
# type: matrix
# rows: 41
# columns: 2
 1 -180
 1 -179
 0 -178
 1 -177
 1 -176
 2 -175
 5 -174
 9 -173
 32 -172
 110 -171
 175 -170
 258 -169
 322 -168
 591 -167
 1194 -166
 2134 -165
 3163 -164
 3567 -163
 3575 -162
 3512 -161
 3395 -160
 3430 -159
 3254 -158
 3052 -157
 2321 -156
 1442 -155
 591 -154
 92 -153
 0 -152
 0 -151
 0 -150
 0 -149
 0 -148
 0 -147
 0 -146
 0 -145
 0 -144
 0 -143
 0 -142
 0 -141
 0 -140


