# Created by Octave 3.8.2, Sat Jun 20 18:42:26 2020 CEST <damian@fptrucha.inv.usc.es>
# name: hd
# type: matrix
# rows: 41
# columns: 2
 0 -180
 0 -179
 1 -178
 0 -177
 1 -176
 2 -175
 6 -174
 17 -173
 44 -172
 123 -171
 167 -170
 217 -169
 305 -168
 556 -167
 1233 -166
 2162 -165
 3042 -164
 3437 -163
 3396 -162
 3307 -161
 3280 -160
 3444 -159
 3187 -158
 3100 -157
 2398 -156
 1422 -155
 558 -154
 89 -153
 2 -152
 0 -151
 0 -150
 0 -149
 0 -148
 0 -147
 0 -146
 0 -145
 0 -144
 0 -143
 0 -142
 0 -141
 0 -140


