# Created by Octave 3.8.2, Mon Jun 22 20:01:56 2020 CEST <damian@fptrucha.inv.usc.es>
# name: hd
# type: matrix
# rows: 41
# columns: 2
 0 -180
 2 -179
 1 -178
 2 -177
 3 -176
 4 -175
 7 -174
 19 -173
 49 -172
 131 -171
 227 -170
 265 -169
 320 -168
 624 -167
 1280 -166
 2545 -165
 3319 -164
 3554 -163
 3586 -162
 3715 -161
 3608 -160
 3647 -159
 3359 -158
 2969 -157
 2435 -156
 1395 -155
 452 -154
 47 -153
 1 -152
 0 -151
 0 -150
 0 -149
 0 -148
 0 -147
 0 -146
 0 -145
 0 -144
 0 -143
 0 -142
 0 -141
 0 -140


