# Created by Octave 3.8.2, Mon Jun 22 12:03:36 2020 CEST <damian@fptrucha.inv.usc.es>
# name: hd
# type: matrix
# rows: 41
# columns: 2
 2 -180
 2 -179
 3 -178
 3 -177
 6 -176
 8 -175
 6 -174
 19 -173
 48 -172
 119 -171
 188 -170
 235 -169
 279 -168
 595 -167
 1268 -166
 2334 -165
 3148 -164
 3311 -163
 3305 -162
 3417 -161
 3359 -160
 3234 -159
 3124 -158
 2879 -157
 2342 -156
 1219 -155
 464 -154
 60 -153
 0 -152
 0 -151
 0 -150
 0 -149
 0 -148
 0 -147
 0 -146
 0 -145
 0 -144
 0 -143
 0 -142
 0 -141
 0 -140


