# Created by Octave 3.8.2, Mon Jun 22 11:22:30 2020 CEST <damian@fptrucha.inv.usc.es>
# name: hd
# type: matrix
# rows: 41
# columns: 2
 3 -180
 2 -179
 4 -178
 6 -177
 6 -176
 6 -175
 7 -174
 21 -173
 54 -172
 122 -171
 203 -170
 271 -169
 330 -168
 582 -167
 1374 -166
 2448 -165
 3111 -164
 3314 -163
 3417 -162
 3377 -161
 3353 -160
 3449 -159
 3137 -158
 2840 -157
 2175 -156
 1186 -155
 408 -154
 39 -153
 0 -152
 0 -151
 0 -150
 0 -149
 0 -148
 0 -147
 0 -146
 0 -145
 0 -144
 0 -143
 0 -142
 0 -141
 0 -140


