# Created by Octave 3.8.2, Sat Jun 20 12:24:43 2020 CEST <damian@fptrucha.inv.usc.es>
# name: hd
# type: matrix
# rows: 41
# columns: 2
 0 -180
 0 -179
 1 -178
 2 -177
 1 -176
 4 -175
 8 -174
 18 -173
 61 -172
 115 -171
 209 -170
 269 -169
 321 -168
 690 -167
 1287 -166
 2472 -165
 3316 -164
 3844 -163
 3854 -162
 3812 -161
 3680 -160
 3762 -159
 3521 -158
 3244 -157
 2486 -156
 1456 -155
 586 -154
 95 -153
 3 -152
 0 -151
 0 -150
 0 -149
 0 -148
 0 -147
 0 -146
 0 -145
 0 -144
 0 -143
 0 -142
 0 -141
 0 -140


