# Created by Octave 3.8.2, Mon Jun 22 03:10:43 2020 CEST <damian@fptrucha.inv.usc.es>
# name: hd
# type: matrix
# rows: 41
# columns: 2
 4 -180
 2 -179
 3 -178
 5 -177
 7 -176
 6 -175
 14 -174
 21 -173
 50 -172
 125 -171
 183 -170
 228 -169
 325 -168
 573 -167
 1237 -166
 2290 -165
 2919 -164
 3184 -163
 3240 -162
 3340 -161
 3267 -160
 3166 -159
 2919 -158
 2722 -157
 2094 -156
 1223 -155
 421 -154
 69 -153
 1 -152
 0 -151
 0 -150
 0 -149
 0 -148
 0 -147
 0 -146
 0 -145
 0 -144
 0 -143
 0 -142
 0 -141
 0 -140


