# Created by Octave 3.8.2, Sat Jun 20 23:52:04 2020 CEST <damian@fptrucha.inv.usc.es>
# name: hd
# type: matrix
# rows: 41
# columns: 2
 0 -180
 2 -179
 3 -178
 0 -177
 1 -176
 1 -175
 5 -174
 12 -173
 37 -172
 113 -171
 190 -170
 235 -169
 290 -168
 535 -167
 1203 -166
 2156 -165
 3027 -164
 3482 -163
 3340 -162
 3301 -161
 3343 -160
 3238 -159
 3171 -158
 2869 -157
 2255 -156
 1361 -155
 539 -154
 89 -153
 2 -152
 0 -151
 0 -150
 0 -149
 0 -148
 0 -147
 0 -146
 0 -145
 0 -144
 0 -143
 0 -142
 0 -141
 0 -140


