# Created by Octave 3.8.2, Sun Jun 21 05:12:55 2020 CEST <damian@fptrucha.inv.usc.es>
# name: hd
# type: matrix
# rows: 41
# columns: 2
 0 -180
 1 -179
 1 -178
 1 -177
 1 -176
 1 -175
 7 -174
 20 -173
 41 -172
 85 -171
 181 -170
 219 -169
 303 -168
 550 -167
 1203 -166
 2134 -165
 3036 -164
 3348 -163
 3370 -162
 3416 -161
 3279 -160
 3298 -159
 3189 -158
 2984 -157
 2372 -156
 1391 -155
 531 -154
 78 -153
 2 -152
 0 -151
 0 -150
 0 -149
 0 -148
 0 -147
 0 -146
 0 -145
 0 -144
 0 -143
 0 -142
 0 -141
 0 -140


