# Created by Octave 3.8.2, Mon Jun 22 21:48:48 2020 CEST <damian@fptrucha.inv.usc.es>
# name: hd
# type: matrix
# rows: 41
# columns: 2
 1 -180
 0 -179
 2 -178
 2 -177
 2 -176
 4 -175
 6 -174
 25 -173
 57 -172
 120 -171
 210 -170
 255 -169
 312 -168
 596 -167
 1301 -166
 2437 -165
 3311 -164
 3849 -163
 3609 -162
 3760 -161
 3532 -160
 3582 -159
 3453 -158
 3177 -157
 2506 -156
 1505 -155
 556 -154
 86 -153
 1 -152
 0 -151
 0 -150
 0 -149
 0 -148
 0 -147
 0 -146
 0 -145
 0 -144
 0 -143
 0 -142
 0 -141
 0 -140


