# Created by Octave 3.8.2, Mon Jun 22 02:27:02 2020 CEST <damian@fptrucha.inv.usc.es>
# name: hd
# type: matrix
# rows: 41
# columns: 2
 0 -180
 0 -179
 0 -178
 0 -177
 0 -176
 2 -175
 0 -174
 1 -173
 1 -172
 2 -171
 7 -170
 15 -169
 28 -168
 50 -167
 112 -166
 169 -165
 228 -164
 258 -163
 284 -162
 268 -161
 270 -160
 240 -159
 264 -158
 220 -157
 159 -156
 85 -155
 43 -154
 8 -153
 0 -152
 0 -151
 0 -150
 0 -149
 0 -148
 0 -147
 0 -146
 0 -145
 0 -144
 0 -143
 0 -142
 0 -141
 0 -140


