# Created by Octave 3.8.2, Sat Jun 20 20:51:58 2020 CEST <damian@fptrucha.inv.usc.es>
# name: hd
# type: matrix
# rows: 41
# columns: 2
 2 -180
 1 -179
 1 -178
 0 -177
 0 -176
 5 -175
 12 -174
 15 -173
 46 -172
 127 -171
 177 -170
 246 -169
 293 -168
 561 -167
 1181 -166
 2187 -165
 3000 -164
 3447 -163
 3463 -162
 3471 -161
 3302 -160
 3346 -159
 3228 -158
 3012 -157
 2214 -156
 1341 -155
 506 -154
 83 -153
 1 -152
 0 -151
 0 -150
 0 -149
 0 -148
 0 -147
 0 -146
 0 -145
 0 -144
 0 -143
 0 -142
 0 -141
 0 -140


