# Created by Octave 3.8.2, Sat Jun 20 03:43:52 2020 CEST <damian@fptrucha.inv.usc.es>
# name: hd
# type: matrix
# rows: 41
# columns: 2
 0 -180
 0 -179
 0 -178
 0 -177
 0 -176
 0 -175
 5 -174
 15 -173
 43 -172
 94 -171
 170 -170
 222 -169
 293 -168
 560 -167
 1246 -166
 2287 -165
 3235 -164
 3957 -163
 3871 -162
 3681 -161
 3680 -160
 3672 -159
 3631 -158
 3264 -157
 2657 -156
 1596 -155
 565 -154
 95 -153
 3 -152
 0 -151
 0 -150
 0 -149
 0 -148
 0 -147
 0 -146
 0 -145
 0 -144
 0 -143
 0 -142
 0 -141
 0 -140


