# Created by Octave 3.8.2, Mon Jun 22 13:15:20 2020 CEST <damian@fptrucha.inv.usc.es>
# name: hd
# type: matrix
# rows: 41
# columns: 2
 3 -180
 2 -179
 1 -178
 4 -177
 5 -176
 6 -175
 6 -174
 22 -173
 45 -172
 143 -171
 190 -170
 235 -169
 329 -168
 649 -167
 1354 -166
 2475 -165
 3294 -164
 3389 -163
 3390 -162
 3538 -161
 3492 -160
 3422 -159
 3197 -158
 2798 -157
 2369 -156
 1274 -155
 414 -154
 61 -153
 1 -152
 0 -151
 0 -150
 0 -149
 0 -148
 0 -147
 0 -146
 0 -145
 0 -144
 0 -143
 0 -142
 0 -141
 0 -140


