# Created by Octave 3.8.2, Mon Jun 22 21:41:45 2020 CEST <damian@fptrucha.inv.usc.es>
# name: hd
# type: matrix
# rows: 41
# columns: 2
 0 -180
 1 -179
 1 -178
 1 -177
 1 -176
 3 -175
 5 -174
 14 -173
 50 -172
 118 -171
 200 -170
 239 -169
 289 -168
 588 -167
 1235 -166
 2266 -165
 3208 -164
 3616 -163
 3752 -162
 3698 -161
 3697 -160
 3705 -159
 3413 -158
 3070 -157
 2531 -156
 1443 -155
 552 -154
 77 -153
 2 -152
 1 -151
 0 -150
 0 -149
 0 -148
 0 -147
 0 -146
 0 -145
 0 -144
 0 -143
 0 -142
 0 -141
 0 -140


