# Created by Octave 3.8.2, Sat Jun 20 19:58:25 2020 CEST <damian@fptrucha.inv.usc.es>
# name: hd
# type: matrix
# rows: 41
# columns: 2
 0 -180
 1 -179
 0 -178
 3 -177
 3 -176
 3 -175
 2 -174
 14 -173
 39 -172
 103 -171
 170 -170
 235 -169
 270 -168
 547 -167
 1143 -166
 2148 -165
 3086 -164
 3494 -163
 3453 -162
 3367 -161
 3405 -160
 3344 -159
 3233 -158
 2941 -157
 2373 -156
 1388 -155
 537 -154
 82 -153
 0 -152
 0 -151
 0 -150
 0 -149
 0 -148
 0 -147
 0 -146
 0 -145
 0 -144
 0 -143
 0 -142
 0 -141
 0 -140


