# Created by Octave 3.8.2, Sat Jun 20 14:12:25 2020 CEST <damian@fptrucha.inv.usc.es>
# name: hd
# type: matrix
# rows: 41
# columns: 2
 0 -180
 3 -179
 1 -178
 3 -177
 0 -176
 3 -175
 2 -174
 15 -173
 59 -172
 109 -171
 198 -170
 275 -169
 328 -168
 611 -167
 1296 -166
 2270 -165
 3256 -164
 3617 -163
 3741 -162
 3600 -161
 3611 -160
 3600 -159
 3478 -158
 3124 -157
 2437 -156
 1450 -155
 567 -154
 84 -153
 3 -152
 0 -151
 0 -150
 0 -149
 0 -148
 0 -147
 0 -146
 0 -145
 0 -144
 0 -143
 0 -142
 0 -141
 0 -140


