# Created by Octave 3.8.2, Mon Jun 22 13:52:12 2020 CEST <damian@fptrucha.inv.usc.es>
# name: hd
# type: matrix
# rows: 41
# columns: 2
 3 -180
 1 -179
 3 -178
 1 -177
 6 -176
 7 -175
 12 -174
 33 -173
 52 -172
 134 -171
 191 -170
 289 -169
 327 -168
 605 -167
 1390 -166
 2471 -165
 3275 -164
 3254 -163
 3454 -162
 3546 -161
 3487 -160
 3497 -159
 3107 -158
 2809 -157
 2354 -156
 1256 -155
 406 -154
 52 -153
 1 -152
 0 -151
 0 -150
 0 -149
 0 -148
 0 -147
 0 -146
 0 -145
 0 -144
 0 -143
 0 -142
 0 -141
 0 -140


