# Created by Octave 3.8.2, Sat Jun 20 06:13:36 2020 CEST <damian@fptrucha.inv.usc.es>
# name: hd
# type: matrix
# rows: 41
# columns: 2
 0 -180
 1 -179
 2 -178
 3 -177
 1 -176
 1 -175
 3 -174
 7 -173
 44 -172
 109 -171
 186 -170
 252 -169
 322 -168
 569 -167
 1300 -166
 2404 -165
 3360 -164
 3792 -163
 3937 -162
 3766 -161
 3853 -160
 3768 -159
 3634 -158
 3311 -157
 2756 -156
 1556 -155
 659 -154
 93 -153
 0 -152
 0 -151
 0 -150
 0 -149
 0 -148
 0 -147
 0 -146
 0 -145
 0 -144
 0 -143
 0 -142
 0 -141
 0 -140


