# Created by Octave 3.8.2, Sat Jun 20 23:02:41 2020 CEST <damian@fptrucha.inv.usc.es>
# name: hd
# type: matrix
# rows: 41
# columns: 2
 0 -180
 0 -179
 2 -178
 0 -177
 0 -176
 3 -175
 1 -174
 16 -173
 39 -172
 125 -171
 182 -170
 250 -169
 260 -168
 521 -167
 1086 -166
 2105 -165
 3085 -164
 3381 -163
 3484 -162
 3372 -161
 3380 -160
 3398 -159
 3158 -158
 2890 -157
 2272 -156
 1332 -155
 521 -154
 83 -153
 2 -152
 0 -151
 0 -150
 0 -149
 0 -148
 0 -147
 0 -146
 0 -145
 0 -144
 0 -143
 0 -142
 0 -141
 0 -140


