# Created by Octave 3.8.2, Mon Jun 22 16:22:13 2020 CEST <damian@fptrucha.inv.usc.es>
# name: hd
# type: matrix
# rows: 41
# columns: 2
 1 -180
 0 -179
 2 -178
 2 -177
 4 -176
 4 -175
 8 -174
 13 -173
 64 -172
 130 -171
 205 -170
 256 -169
 331 -168
 688 -167
 1520 -166
 2431 -165
 3317 -164
 3342 -163
 3525 -162
 3762 -161
 3548 -160
 3451 -159
 3042 -158
 2907 -157
 2256 -156
 1361 -155
 476 -154
 61 -153
 2 -152
 0 -151
 0 -150
 0 -149
 0 -148
 0 -147
 0 -146
 0 -145
 0 -144
 0 -143
 0 -142
 0 -141
 0 -140


