# Created by Octave 3.8.2, Mon Jun 22 02:53:45 2020 CEST <damian@fptrucha.inv.usc.es>
# name: hd
# type: matrix
# rows: 41
# columns: 2
 1 -180
 0 -179
 0 -178
 1 -177
 7 -176
 7 -175
 11 -174
 25 -173
 46 -172
 115 -171
 176 -170
 239 -169
 295 -168
 571 -167
 1230 -166
 2126 -165
 2901 -164
 3086 -163
 3091 -162
 3198 -161
 3285 -160
 3077 -159
 2945 -158
 2720 -157
 2109 -156
 1186 -155
 446 -154
 49 -153
 2 -152
 0 -151
 0 -150
 0 -149
 0 -148
 0 -147
 0 -146
 0 -145
 0 -144
 0 -143
 0 -142
 0 -141
 0 -140


