# Created by Octave 3.8.2, Sun Jun 21 05:28:09 2020 CEST <damian@fptrucha.inv.usc.es>
# name: hd
# type: matrix
# rows: 41
# columns: 2
 0 -180
 0 -179
 1 -178
 1 -177
 2 -176
 4 -175
 8 -174
 12 -173
 45 -172
 119 -171
 177 -170
 221 -169
 300 -168
 565 -167
 1156 -166
 2022 -165
 2916 -164
 3429 -163
 3443 -162
 3344 -161
 3282 -160
 3302 -159
 3233 -158
 2857 -157
 2202 -156
 1317 -155
 527 -154
 84 -153
 3 -152
 0 -151
 0 -150
 0 -149
 0 -148
 0 -147
 0 -146
 0 -145
 0 -144
 0 -143
 0 -142
 0 -141
 0 -140


