# Created by Octave 3.8.2, Sat Jun 20 20:30:15 2020 CEST <damian@fptrucha.inv.usc.es>
# name: hd
# type: matrix
# rows: 41
# columns: 2
 1 -180
 2 -179
 1 -178
 0 -177
 2 -176
 2 -175
 6 -174
 16 -173
 39 -172
 100 -171
 176 -170
 266 -169
 308 -168
 567 -167
 1199 -166
 2186 -165
 3094 -164
 3419 -163
 3589 -162
 3388 -161
 3426 -160
 3368 -159
 3218 -158
 2975 -157
 2343 -156
 1335 -155
 537 -154
 87 -153
 0 -152
 0 -151
 0 -150
 0 -149
 0 -148
 0 -147
 0 -146
 0 -145
 0 -144
 0 -143
 0 -142
 0 -141
 0 -140


