# Created by Octave 3.8.2, Mon Jun 22 15:28:05 2020 CEST <damian@fptrucha.inv.usc.es>
# name: hd
# type: matrix
# rows: 41
# columns: 2
 6 -180
 2 -179
 5 -178
 3 -177
 3 -176
 3 -175
 8 -174
 17 -173
 63 -172
 142 -171
 223 -170
 263 -169
 355 -168
 659 -167
 1470 -166
 2412 -165
 3368 -164
 3532 -163
 3597 -162
 3560 -161
 3622 -160
 3482 -159
 3339 -158
 2891 -157
 2285 -156
 1251 -155
 495 -154
 57 -153
 1 -152
 0 -151
 0 -150
 0 -149
 0 -148
 0 -147
 0 -146
 0 -145
 0 -144
 0 -143
 0 -142
 0 -141
 0 -140


