# Created by Octave 3.8.2, Mon Jun 22 23:33:58 2020 CEST <damian@fptrucha.inv.usc.es>
# name: hd
# type: matrix
# rows: 41
# columns: 2
 0 -180
 4 -179
 1 -178
 2 -177
 2 -176
 3 -175
 7 -174
 8 -173
 43 -172
 123 -171
 197 -170
 257 -169
 360 -168
 640 -167
 1270 -166
 2351 -165
 3281 -164
 3808 -163
 3688 -162
 3723 -161
 3639 -160
 3749 -159
 3570 -158
 3253 -157
 2519 -156
 1535 -155
 619 -154
 67 -153
 5 -152
 0 -151
 0 -150
 0 -149
 0 -148
 0 -147
 0 -146
 0 -145
 0 -144
 0 -143
 0 -142
 0 -141
 0 -140


