# Created by Octave 3.8.2, Sat Jun 20 21:22:18 2020 CEST <damian@fptrucha.inv.usc.es>
# name: hd
# type: matrix
# rows: 41
# columns: 2
 0 -180
 0 -179
 1 -178
 0 -177
 2 -176
 4 -175
 6 -174
 12 -173
 39 -172
 100 -171
 191 -170
 227 -169
 316 -168
 594 -167
 1193 -166
 2067 -165
 3044 -164
 3381 -163
 3466 -162
 3437 -161
 3291 -160
 3383 -159
 3137 -158
 2938 -157
 2330 -156
 1389 -155
 539 -154
 102 -153
 3 -152
 1 -151
 0 -150
 0 -149
 0 -148
 0 -147
 0 -146
 0 -145
 0 -144
 0 -143
 0 -142
 0 -141
 0 -140


