# Created by Octave 3.8.2, Mon Jun 22 14:55:35 2020 CEST <damian@fptrucha.inv.usc.es>
# name: hd
# type: matrix
# rows: 41
# columns: 2
 2 -180
 1 -179
 0 -178
 1 -177
 3 -176
 5 -175
 11 -174
 19 -173
 54 -172
 141 -171
 212 -170
 266 -169
 378 -168
 632 -167
 1407 -166
 2450 -165
 3279 -164
 3543 -163
 3472 -162
 3468 -161
 3557 -160
 3407 -159
 3212 -158
 2946 -157
 2349 -156
 1260 -155
 430 -154
 65 -153
 1 -152
 0 -151
 0 -150
 0 -149
 0 -148
 0 -147
 0 -146
 0 -145
 0 -144
 0 -143
 0 -142
 0 -141
 0 -140


