# Created by Octave 3.8.2, Mon Jun 22 23:59:48 2020 CEST <damian@fptrucha.inv.usc.es>
# name: hd
# type: matrix
# rows: 41
# columns: 2
 3 -180
 2 -179
 1 -178
 4 -177
 0 -176
 1 -175
 7 -174
 18 -173
 40 -172
 107 -171
 186 -170
 230 -169
 359 -168
 569 -167
 1263 -166
 2292 -165
 3383 -164
 3683 -163
 3675 -162
 3866 -161
 3632 -160
 3650 -159
 3567 -158
 3144 -157
 2486 -156
 1504 -155
 572 -154
 75 -153
 2 -152
 0 -151
 0 -150
 0 -149
 0 -148
 0 -147
 0 -146
 0 -145
 0 -144
 0 -143
 0 -142
 0 -141
 0 -140


