# Created by Octave 3.8.2, Mon Jun 22 19:03:15 2020 CEST <damian@fptrucha.inv.usc.es>
# name: hd
# type: matrix
# rows: 41
# columns: 2
 3 -180
 1 -179
 0 -178
 6 -177
 1 -176
 3 -175
 13 -174
 18 -173
 48 -172
 126 -171
 214 -170
 260 -169
 324 -168
 656 -167
 1367 -166
 2443 -165
 3276 -164
 3531 -163
 3527 -162
 3794 -161
 3640 -160
 3503 -159
 3323 -158
 3019 -157
 2302 -156
 1352 -155
 454 -154
 51 -153
 3 -152
 0 -151
 0 -150
 0 -149
 0 -148
 0 -147
 0 -146
 0 -145
 0 -144
 0 -143
 0 -142
 0 -141
 0 -140


