# Created by Octave 3.8.2, Mon Jun 22 02:37:51 2020 CEST <damian@fptrucha.inv.usc.es>
# name: hd
# type: matrix
# rows: 41
# columns: 2
 4 -180
 6 -179
 6 -178
 4 -177
 5 -176
 4 -175
 6 -174
 17 -173
 54 -172
 129 -171
 185 -170
 260 -169
 270 -168
 535 -167
 1219 -166
 2250 -165
 2952 -164
 3174 -163
 3165 -162
 3276 -161
 3189 -160
 3161 -159
 2889 -158
 2640 -157
 2064 -156
 1158 -155
 445 -154
 52 -153
 0 -152
 0 -151
 0 -150
 0 -149
 0 -148
 0 -147
 0 -146
 0 -145
 0 -144
 0 -143
 0 -142
 0 -141
 0 -140


