# Created by Octave 3.8.2, Sat Jun 20 02:13:46 2020 CEST <damian@fptrucha.inv.usc.es>
# name: hd
# type: matrix
# rows: 41
# columns: 2
 1 -180
 1 -179
 1 -178
 0 -177
 2 -176
 0 -175
 5 -174
 9 -173
 36 -172
 84 -171
 190 -170
 231 -169
 300 -168
 570 -167
 1331 -166
 2366 -165
 3261 -164
 3787 -163
 3758 -162
 3779 -161
 3697 -160
 3668 -159
 3534 -158
 3295 -157
 2545 -156
 1491 -155
 591 -154
 96 -153
 2 -152
 0 -151
 0 -150
 0 -149
 0 -148
 0 -147
 0 -146
 0 -145
 0 -144
 0 -143
 0 -142
 0 -141
 0 -140


