# Created by Octave 3.8.2, Sat Jun 20 11:14:11 2020 CEST <damian@fptrucha.inv.usc.es>
# name: hd
# type: matrix
# rows: 41
# columns: 2
 0 -180
 1 -179
 1 -178
 2 -177
 2 -176
 1 -175
 7 -174
 24 -173
 56 -172
 121 -171
 213 -170
 294 -169
 371 -168
 633 -167
 1378 -166
 2482 -165
 3442 -164
 3865 -163
 3783 -162
 3881 -161
 3715 -160
 3723 -159
 3574 -158
 3238 -157
 2684 -156
 1547 -155
 602 -154
 100 -153
 3 -152
 0 -151
 0 -150
 0 -149
 0 -148
 0 -147
 0 -146
 0 -145
 0 -144
 0 -143
 0 -142
 0 -141
 0 -140


