# Created by Octave 3.8.2, Mon Jun 22 05:44:54 2020 CEST <damian@fptrucha.inv.usc.es>
# name: hd
# type: matrix
# rows: 41
# columns: 2
 0 -180
 0 -179
 1 -178
 4 -177
 3 -176
 4 -175
 9 -174
 21 -173
 44 -172
 102 -171
 171 -170
 218 -169
 276 -168
 586 -167
 1182 -166
 2240 -165
 2946 -164
 3121 -163
 3111 -162
 3159 -161
 3220 -160
 3085 -159
 3049 -158
 2737 -157
 2192 -156
 1146 -155
 396 -154
 49 -153
 1 -152
 0 -151
 0 -150
 0 -149
 0 -148
 0 -147
 0 -146
 0 -145
 0 -144
 0 -143
 0 -142
 0 -141
 0 -140


