# Created by Octave 3.8.2, Mon Jun 22 08:43:49 2020 CEST <damian@fptrucha.inv.usc.es>
# name: hd
# type: matrix
# rows: 41
# columns: 2
 4 -180
 4 -179
 0 -178
 3 -177
 2 -176
 4 -175
 10 -174
 19 -173
 56 -172
 119 -171
 159 -170
 236 -169
 304 -168
 575 -167
 1330 -166
 2259 -165
 3108 -164
 3293 -163
 3321 -162
 3474 -161
 3356 -160
 3321 -159
 3087 -158
 2824 -157
 2220 -156
 1212 -155
 409 -154
 45 -153
 1 -152
 0 -151
 0 -150
 0 -149
 0 -148
 0 -147
 0 -146
 0 -145
 0 -144
 0 -143
 0 -142
 0 -141
 0 -140


