# Created by Octave 3.8.2, Mon Jun 22 23:47:53 2020 CEST <damian@fptrucha.inv.usc.es>
# name: hd
# type: matrix
# rows: 41
# columns: 2
 0 -180
 0 -179
 0 -178
 1 -177
 3 -176
 4 -175
 11 -174
 13 -173
 34 -172
 145 -171
 206 -170
 253 -169
 313 -168
 597 -167
 1225 -166
 2360 -165
 3298 -164
 3795 -163
 3716 -162
 3768 -161
 3657 -160
 3570 -159
 3486 -158
 3152 -157
 2504 -156
 1453 -155
 588 -154
 88 -153
 4 -152
 0 -151
 0 -150
 0 -149
 0 -148
 0 -147
 0 -146
 0 -145
 0 -144
 0 -143
 0 -142
 0 -141
 0 -140


