# Created by Octave 3.8.2, Mon Jun 22 03:56:40 2020 CEST <damian@fptrucha.inv.usc.es>
# name: hd
# type: matrix
# rows: 41
# columns: 2
 3 -180
 4 -179
 1 -178
 7 -177
 5 -176
 2 -175
 13 -174
 22 -173
 43 -172
 126 -171
 160 -170
 224 -169
 300 -168
 624 -167
 1287 -166
 2133 -165
 3064 -164
 3130 -163
 3128 -162
 3274 -161
 3200 -160
 3268 -159
 2923 -158
 2575 -157
 2136 -156
 1162 -155
 350 -154
 39 -153
 1 -152
 0 -151
 0 -150
 0 -149
 0 -148
 0 -147
 0 -146
 0 -145
 0 -144
 0 -143
 0 -142
 0 -141
 0 -140


