# Created by Octave 3.8.2, Mon Jun 22 16:39:35 2020 CEST <damian@fptrucha.inv.usc.es>
# name: hd
# type: matrix
# rows: 41
# columns: 2
 1 -180
 1 -179
 1 -178
 3 -177
 3 -176
 5 -175
 9 -174
 28 -173
 47 -172
 138 -171
 225 -170
 272 -169
 355 -168
 613 -167
 1457 -166
 2592 -165
 3430 -164
 3386 -163
 3513 -162
 3619 -161
 3707 -160
 3497 -159
 3147 -158
 2912 -157
 2303 -156
 1241 -155
 429 -154
 58 -153
 4 -152
 0 -151
 0 -150
 0 -149
 0 -148
 0 -147
 0 -146
 0 -145
 0 -144
 0 -143
 0 -142
 0 -141
 0 -140


