# Created by Octave 3.8.2, Mon Jun 22 07:27:23 2020 CEST <damian@fptrucha.inv.usc.es>
# name: hd
# type: matrix
# rows: 41
# columns: 2
 2 -180
 3 -179
 5 -178
 2 -177
 2 -176
 3 -175
 8 -174
 17 -173
 51 -172
 114 -171
 205 -170
 261 -169
 298 -168
 570 -167
 1285 -166
 2293 -165
 2986 -164
 3100 -163
 3254 -162
 3379 -161
 3274 -160
 3267 -159
 3125 -158
 2764 -157
 2194 -156
 1190 -155
 429 -154
 39 -153
 0 -152
 0 -151
 0 -150
 0 -149
 0 -148
 0 -147
 0 -146
 0 -145
 0 -144
 0 -143
 0 -142
 0 -141
 0 -140


