# Created by Octave 3.8.2, Mon Jun 22 18:16:09 2020 CEST <damian@fptrucha.inv.usc.es>
# name: hd
# type: matrix
# rows: 41
# columns: 2
 1 -180
 2 -179
 0 -178
 2 -177
 1 -176
 4 -175
 9 -174
 16 -173
 40 -172
 87 -171
 139 -170
 158 -169
 220 -168
 414 -167
 1003 -166
 1661 -165
 2237 -164
 2240 -163
 2429 -162
 2469 -161
 2410 -160
 2355 -159
 2136 -158
 1960 -157
 1596 -156
 847 -155
 296 -154
 45 -153
 1 -152
 0 -151
 0 -150
 0 -149
 0 -148
 0 -147
 0 -146
 0 -145
 0 -144
 0 -143
 0 -142
 0 -141
 0 -140


