# Created by Octave 3.8.2, Sat Jun 20 06:09:17 2020 CEST <damian@fptrucha.inv.usc.es>
# name: hd
# type: matrix
# rows: 41
# columns: 2
 1 -180
 0 -179
 0 -178
 1 -177
 1 -176
 4 -175
 11 -174
 13 -173
 48 -172
 120 -171
 173 -170
 268 -169
 298 -168
 637 -167
 1310 -166
 2383 -165
 3411 -164
 3926 -163
 3813 -162
 3904 -161
 3797 -160
 3798 -159
 3794 -158
 3410 -157
 2658 -156
 1589 -155
 612 -154
 113 -153
 5 -152
 0 -151
 0 -150
 0 -149
 0 -148
 0 -147
 0 -146
 0 -145
 0 -144
 0 -143
 0 -142
 0 -141
 0 -140


