# Created by Octave 3.8.2, Sun Jun 21 00:30:35 2020 CEST <damian@fptrucha.inv.usc.es>
# name: hd
# type: matrix
# rows: 41
# columns: 2
 0 -180
 0 -179
 0 -178
 2 -177
 0 -176
 3 -175
 7 -174
 17 -173
 43 -172
 92 -171
 184 -170
 235 -169
 295 -168
 565 -167
 1193 -166
 2020 -165
 2963 -164
 3254 -163
 3384 -162
 3345 -161
 3303 -160
 3299 -159
 3105 -158
 2933 -157
 2299 -156
 1326 -155
 523 -154
 100 -153
 3 -152
 0 -151
 0 -150
 0 -149
 0 -148
 0 -147
 0 -146
 0 -145
 0 -144
 0 -143
 0 -142
 0 -141
 0 -140


