# Created by Octave 3.8.2, Mon Jun 22 20:10:01 2020 CEST <damian@fptrucha.inv.usc.es>
# name: hd
# type: matrix
# rows: 41
# columns: 2
 0 -180
 1 -179
 2 -178
 3 -177
 3 -176
 0 -175
 5 -174
 26 -173
 60 -172
 138 -171
 199 -170
 258 -169
 333 -168
 646 -167
 1416 -166
 2475 -165
 3398 -164
 3579 -163
 3544 -162
 3751 -161
 3646 -160
 3631 -159
 3302 -158
 2965 -157
 2450 -156
 1332 -155
 491 -154
 69 -153
 0 -152
 0 -151
 0 -150
 0 -149
 0 -148
 0 -147
 0 -146
 0 -145
 0 -144
 0 -143
 0 -142
 0 -141
 0 -140


