# Created by Octave 3.8.2, Sun Jun 21 04:02:18 2020 CEST <damian@fptrucha.inv.usc.es>
# name: hd
# type: matrix
# rows: 41
# columns: 2
 0 -180
 2 -179
 0 -178
 1 -177
 3 -176
 0 -175
 10 -174
 10 -173
 38 -172
 100 -171
 164 -170
 237 -169
 303 -168
 580 -167
 1209 -166
 2230 -165
 3034 -164
 3421 -163
 3387 -162
 3400 -161
 3257 -160
 3401 -159
 3133 -158
 2974 -157
 2247 -156
 1404 -155
 517 -154
 89 -153
 1 -152
 0 -151
 0 -150
 0 -149
 1 -148
 0 -147
 0 -146
 0 -145
 0 -144
 0 -143
 0 -142
 0 -141
 0 -140


