# Created by Octave 3.8.2, Sun Jun 21 03:03:11 2020 CEST <damian@fptrucha.inv.usc.es>
# name: hd
# type: matrix
# rows: 41
# columns: 2
 2 -180
 0 -179
 1 -178
 2 -177
 1 -176
 2 -175
 1 -174
 5 -173
 26 -172
 54 -171
 100 -170
 134 -169
 183 -168
 374 -167
 772 -166
 1391 -165
 1986 -164
 2241 -163
 2208 -162
 2129 -161
 2066 -160
 2220 -159
 2021 -158
 1926 -157
 1519 -156
 914 -155
 330 -154
 68 -153
 0 -152
 0 -151
 0 -150
 0 -149
 0 -148
 0 -147
 0 -146
 0 -145
 0 -144
 0 -143
 0 -142
 0 -141
 0 -140


