# Created by Octave 3.8.2, Mon Jun 22 07:34:03 2020 CEST <damian@fptrucha.inv.usc.es>
# name: hd
# type: matrix
# rows: 41
# columns: 2
 1 -180
 2 -179
 4 -178
 4 -177
 4 -176
 8 -175
 8 -174
 17 -173
 56 -172
 110 -171
 198 -170
 213 -169
 317 -168
 579 -167
 1282 -166
 2156 -165
 3074 -164
 3388 -163
 3276 -162
 3310 -161
 3281 -160
 3268 -159
 3084 -158
 2775 -157
 2178 -156
 1278 -155
 464 -154
 55 -153
 3 -152
 0 -151
 0 -150
 0 -149
 0 -148
 0 -147
 0 -146
 0 -145
 0 -144
 0 -143
 0 -142
 0 -141
 0 -140


