# Created by Octave 3.8.2, Mon Jun 22 08:53:49 2020 CEST <damian@fptrucha.inv.usc.es>
# name: hd
# type: matrix
# rows: 41
# columns: 2
 3 -180
 3 -179
 5 -178
 0 -177
 4 -176
 5 -175
 11 -174
 10 -173
 57 -172
 115 -171
 201 -170
 255 -169
 293 -168
 640 -167
 1314 -166
 2362 -165
 3038 -164
 3315 -163
 3309 -162
 3371 -161
 3394 -160
 3427 -159
 3030 -158
 2800 -157
 2194 -156
 1231 -155
 401 -154
 41 -153
 1 -152
 0 -151
 0 -150
 0 -149
 0 -148
 0 -147
 0 -146
 0 -145
 0 -144
 0 -143
 0 -142
 0 -141
 0 -140


