# Created by Octave 3.8.2, Sat Jun 20 17:45:55 2020 CEST <damian@fptrucha.inv.usc.es>
# name: hd
# type: matrix
# rows: 41
# columns: 2
 1 -180
 1 -179
 2 -178
 0 -177
 3 -176
 1 -175
 7 -174
 15 -173
 34 -172
 96 -171
 163 -170
 214 -169
 301 -168
 553 -167
 1209 -166
 2193 -165
 3172 -164
 3478 -163
 3551 -162
 3373 -161
 3401 -160
 3309 -159
 3324 -158
 3069 -157
 2334 -156
 1438 -155
 548 -154
 111 -153
 0 -152
 0 -151
 0 -150
 0 -149
 0 -148
 0 -147
 0 -146
 0 -145
 0 -144
 0 -143
 0 -142
 0 -141
 0 -140


