# Created by Octave 3.8.2, Sun Jun 21 07:21:56 2020 CEST <damian@fptrucha.inv.usc.es>
# name: hd
# type: matrix
# rows: 41
# columns: 2
 1 -180
 0 -179
 0 -178
 1 -177
 3 -176
 0 -175
 9 -174
 14 -173
 43 -172
 94 -171
 154 -170
 214 -169
 270 -168
 522 -167
 1136 -166
 2149 -165
 2968 -164
 3335 -163
 3437 -162
 3405 -161
 3337 -160
 3351 -159
 3140 -158
 3048 -157
 2323 -156
 1378 -155
 545 -154
 76 -153
 1 -152
 0 -151
 0 -150
 0 -149
 0 -148
 0 -147
 0 -146
 0 -145
 0 -144
 0 -143
 0 -142
 0 -141
 0 -140


