# Created by Octave 3.8.2, Mon Jun 22 03:02:01 2020 CEST <damian@fptrucha.inv.usc.es>
# name: hd
# type: matrix
# rows: 41
# columns: 2
 9 -180
 2 -179
 1 -178
 6 -177
 6 -176
 6 -175
 8 -174
 11 -173
 49 -172
 110 -171
 192 -170
 245 -169
 299 -168
 537 -167
 1245 -166
 2119 -165
 2941 -164
 3186 -163
 3247 -162
 3239 -161
 3230 -160
 3130 -159
 2989 -158
 2630 -157
 2125 -156
 1187 -155
 425 -154
 55 -153
 0 -152
 0 -151
 0 -150
 0 -149
 0 -148
 0 -147
 0 -146
 0 -145
 0 -144
 0 -143
 0 -142
 0 -141
 0 -140


