# Created by Octave 3.8.2, Sat Jun 20 16:54:24 2020 CEST <damian@fptrucha.inv.usc.es>
# name: hd
# type: matrix
# rows: 41
# columns: 2
 0 -180
 0 -179
 0 -178
 0 -177
 0 -176
 0 -175
 9 -174
 14 -173
 45 -172
 108 -171
 174 -170
 210 -169
 284 -168
 558 -167
 1208 -166
 2173 -165
 3110 -164
 3417 -163
 3454 -162
 3428 -161
 3503 -160
 3456 -159
 3293 -158
 3135 -157
 2390 -156
 1340 -155
 559 -154
 80 -153
 2 -152
 0 -151
 0 -150
 0 -149
 0 -148
 0 -147
 0 -146
 0 -145
 0 -144
 0 -143
 0 -142
 0 -141
 0 -140


