# Created by Octave 3.8.2, Sun Jun 21 04:18:54 2020 CEST <damian@fptrucha.inv.usc.es>
# name: hd
# type: matrix
# rows: 41
# columns: 2
 0 -180
 0 -179
 2 -178
 0 -177
 2 -176
 2 -175
 6 -174
 20 -173
 47 -172
 104 -171
 171 -170
 221 -169
 290 -168
 580 -167
 1183 -166
 2138 -165
 3022 -164
 3464 -163
 3373 -162
 3365 -161
 3299 -160
 3289 -159
 3150 -158
 2950 -157
 2152 -156
 1307 -155
 506 -154
 78 -153
 0 -152
 0 -151
 0 -150
 0 -149
 0 -148
 0 -147
 0 -146
 0 -145
 0 -144
 0 -143
 0 -142
 0 -141
 0 -140


