# Created by Octave 3.8.2, Sun Jun 21 01:37:43 2020 CEST <damian@fptrucha.inv.usc.es>
# name: hd
# type: matrix
# rows: 41
# columns: 2
 0 -180
 0 -179
 2 -178
 2 -177
 1 -176
 0 -175
 6 -174
 12 -173
 35 -172
 86 -171
 161 -170
 196 -169
 267 -168
 522 -167
 1190 -166
 2115 -165
 2947 -164
 3400 -163
 3416 -162
 3256 -161
 3260 -160
 3401 -159
 3278 -158
 2978 -157
 2333 -156
 1427 -155
 558 -154
 87 -153
 3 -152
 0 -151
 0 -150
 0 -149
 0 -148
 0 -147
 0 -146
 0 -145
 0 -144
 0 -143
 0 -142
 0 -141
 0 -140


