# Created by Octave 3.8.2, Mon Jun 22 06:05:54 2020 CEST <damian@fptrucha.inv.usc.es>
# name: hd
# type: matrix
# rows: 41
# columns: 2
 0 -180
 1 -179
 4 -178
 2 -177
 7 -176
 10 -175
 14 -174
 13 -173
 56 -172
 102 -171
 194 -170
 266 -169
 336 -168
 566 -167
 1340 -166
 2348 -165
 3084 -164
 3223 -163
 3236 -162
 3253 -161
 3264 -160
 3154 -159
 3020 -158
 2657 -157
 2158 -156
 1240 -155
 424 -154
 52 -153
 1 -152
 0 -151
 0 -150
 0 -149
 0 -148
 0 -147
 0 -146
 0 -145
 0 -144
 0 -143
 0 -142
 0 -141
 0 -140


