# Created by Octave 3.8.2, Mon Jun 22 01:31:48 2020 CEST <damian@fptrucha.inv.usc.es>
# name: hd
# type: matrix
# rows: 41
# columns: 2
 0 -180
 0 -179
 0 -178
 1 -177
 1 -176
 2 -175
 8 -174
 12 -173
 24 -172
 71 -171
 116 -170
 176 -169
 211 -168
 396 -167
 811 -166
 1464 -165
 2001 -164
 2327 -163
 2298 -162
 2191 -161
 2246 -160
 2315 -159
 2145 -158
 1936 -157
 1570 -156
 895 -155
 358 -154
 54 -153
 2 -152
 0 -151
 0 -150
 0 -149
 0 -148
 0 -147
 0 -146
 0 -145
 0 -144
 0 -143
 0 -142
 0 -141
 0 -140


