# Created by Octave 3.8.2, Mon Jun 22 08:00:17 2020 CEST <damian@fptrucha.inv.usc.es>
# name: hd
# type: matrix
# rows: 41
# columns: 2
 1 -180
 3 -179
 2 -178
 0 -177
 4 -176
 6 -175
 10 -174
 22 -173
 53 -172
 116 -171
 179 -170
 219 -169
 313 -168
 559 -167
 1279 -166
 2247 -165
 3130 -164
 3304 -163
 3242 -162
 3330 -161
 3361 -160
 3189 -159
 3139 -158
 2714 -157
 2220 -156
 1203 -155
 444 -154
 59 -153
 3 -152
 0 -151
 0 -150
 0 -149
 0 -148
 0 -147
 0 -146
 0 -145
 0 -144
 0 -143
 0 -142
 0 -141
 0 -140


