# Created by Octave 3.8.2, Sat Jun 20 09:06:10 2020 CEST <damian@fptrucha.inv.usc.es>
# name: hd
# type: matrix
# rows: 41
# columns: 2
 0 -180
 0 -179
 1 -178
 1 -177
 2 -176
 3 -175
 8 -174
 18 -173
 56 -172
 153 -171
 221 -170
 312 -169
 390 -168
 677 -167
 1431 -166
 2597 -165
 3536 -164
 4054 -163
 4049 -162
 3939 -161
 3893 -160
 3780 -159
 3594 -158
 3253 -157
 2693 -156
 1578 -155
 629 -154
 87 -153
 0 -152
 0 -151
 0 -150
 0 -149
 0 -148
 0 -147
 0 -146
 0 -145
 0 -144
 0 -143
 0 -142
 0 -141
 0 -140


