# Created by Octave 3.8.2, Sun Jun 21 07:43:22 2020 CEST <damian@fptrucha.inv.usc.es>
# name: hd
# type: matrix
# rows: 41
# columns: 2
 0 -180
 0 -179
 0 -178
 2 -177
 1 -176
 3 -175
 3 -174
 17 -173
 35 -172
 105 -171
 170 -170
 236 -169
 286 -168
 547 -167
 1156 -166
 2178 -165
 3115 -164
 3494 -163
 3550 -162
 3518 -161
 3447 -160
 3531 -159
 3327 -158
 3186 -157
 2435 -156
 1464 -155
 626 -154
 107 -153
 4 -152
 0 -151
 0 -150
 0 -149
 0 -148
 0 -147
 0 -146
 0 -145
 0 -144
 0 -143
 0 -142
 0 -141
 0 -140


