# Created by Octave 3.8.2, Mon Jun 22 00:55:30 2020 CEST <damian@fptrucha.inv.usc.es>
# name: hd
# type: matrix
# rows: 41
# columns: 2
 0 -180
 0 -179
 0 -178
 0 -177
 2 -176
 2 -175
 0 -174
 14 -173
 30 -172
 73 -171
 126 -170
 141 -169
 208 -168
 367 -167
 771 -166
 1459 -165
 2015 -164
 2339 -163
 2347 -162
 2399 -161
 2284 -160
 2236 -159
 2142 -158
 2065 -157
 1616 -156
 1007 -155
 351 -154
 52 -153
 2 -152
 0 -151
 0 -150
 0 -149
 0 -148
 0 -147
 0 -146
 0 -145
 0 -144
 0 -143
 0 -142
 0 -141
 0 -140


