# Created by Octave 3.8.2, Mon Jun 22 20:20:03 2020 CEST <damian@fptrucha.inv.usc.es>
# name: hd
# type: matrix
# rows: 41
# columns: 2
 1 -180
 1 -179
 1 -178
 2 -177
 6 -176
 1 -175
 9 -174
 22 -173
 52 -172
 148 -171
 194 -170
 266 -169
 368 -168
 626 -167
 1423 -166
 2512 -165
 3383 -164
 3582 -163
 3590 -162
 3656 -161
 3593 -160
 3620 -159
 3389 -158
 3080 -157
 2407 -156
 1359 -155
 443 -154
 52 -153
 1 -152
 0 -151
 0 -150
 0 -149
 0 -148
 0 -147
 0 -146
 0 -145
 0 -144
 0 -143
 0 -142
 0 -141
 0 -140


