# Created by Octave 3.8.2, Sun Jun 21 06:43:04 2020 CEST <damian@fptrucha.inv.usc.es>
# name: hd
# type: matrix
# rows: 41
# columns: 2
 0 -180
 0 -179
 0 -178
 2 -177
 0 -176
 5 -175
 5 -174
 11 -173
 54 -172
 105 -171
 167 -170
 220 -169
 291 -168
 553 -167
 1157 -166
 2126 -165
 3066 -164
 3417 -163
 3511 -162
 3430 -161
 3513 -160
 3490 -159
 3159 -158
 3030 -157
 2308 -156
 1543 -155
 587 -154
 93 -153
 4 -152
 0 -151
 0 -150
 0 -149
 0 -148
 0 -147
 0 -146
 0 -145
 0 -144
 0 -143
 0 -142
 0 -141
 0 -140


