# Created by Octave 3.8.2, Sun Jun 21 03:42:49 2020 CEST <damian@fptrucha.inv.usc.es>
# name: hd
# type: matrix
# rows: 41
# columns: 2
 1 -180
 0 -179
 1 -178
 2 -177
 0 -176
 3 -175
 5 -174
 18 -173
 43 -172
 87 -171
 169 -170
 197 -169
 287 -168
 527 -167
 1207 -166
 2101 -165
 2954 -164
 3377 -163
 3306 -162
 3290 -161
 3229 -160
 3381 -159
 3245 -158
 2943 -157
 2281 -156
 1354 -155
 514 -154
 65 -153
 0 -152
 0 -151
 0 -150
 0 -149
 0 -148
 0 -147
 0 -146
 0 -145
 0 -144
 0 -143
 0 -142
 0 -141
 0 -140


