# Created by Octave 3.8.2, Sat Jun 20 12:11:52 2020 CEST <damian@fptrucha.inv.usc.es>
# name: hd
# type: matrix
# rows: 41
# columns: 2
 2 -180
 0 -179
 1 -178
 2 -177
 2 -176
 2 -175
 8 -174
 21 -173
 58 -172
 116 -171
 227 -170
 275 -169
 317 -168
 633 -167
 1309 -166
 2343 -165
 3460 -164
 3770 -163
 3720 -162
 3770 -161
 3606 -160
 3604 -159
 3670 -158
 3193 -157
 2485 -156
 1515 -155
 599 -154
 84 -153
 1 -152
 0 -151
 0 -150
 0 -149
 0 -148
 0 -147
 0 -146
 0 -145
 0 -144
 0 -143
 0 -142
 0 -141
 0 -140


