# Created by Octave 3.8.2, Sat Jun 20 10:16:10 2020 CEST <damian@fptrucha.inv.usc.es>
# name: hd
# type: matrix
# rows: 41
# columns: 2
 0 -180
 0 -179
 3 -178
 1 -177
 4 -176
 2 -175
 12 -174
 26 -173
 52 -172
 103 -171
 199 -170
 295 -169
 388 -168
 582 -167
 1410 -166
 2418 -165
 3419 -164
 3905 -163
 3805 -162
 3975 -161
 3650 -160
 3781 -159
 3641 -158
 3240 -157
 2510 -156
 1459 -155
 604 -154
 87 -153
 3 -152
 0 -151
 0 -150
 0 -149
 0 -148
 0 -147
 0 -146
 0 -145
 0 -144
 0 -143
 0 -142
 0 -141
 0 -140


