# Created by Octave 3.8.2, Sun Jun 21 03:28:52 2020 CEST <damian@fptrucha.inv.usc.es>
# name: hd
# type: matrix
# rows: 41
# columns: 2
 0 -180
 1 -179
 2 -178
 1 -177
 3 -176
 4 -175
 5 -174
 22 -173
 33 -172
 99 -171
 169 -170
 221 -169
 276 -168
 567 -167
 1198 -166
 2059 -165
 3035 -164
 3416 -163
 3441 -162
 3393 -161
 3283 -160
 3326 -159
 3226 -158
 2922 -157
 2213 -156
 1349 -155
 529 -154
 93 -153
 5 -152
 0 -151
 0 -150
 0 -149
 0 -148
 0 -147
 0 -146
 0 -145
 0 -144
 0 -143
 0 -142
 0 -141
 0 -140


