# Created by Octave 3.8.2, Sat Jun 20 04:18:42 2020 CEST <damian@fptrucha.inv.usc.es>
# name: hd
# type: matrix
# rows: 41
# columns: 2
 1 -180
 1 -179
 0 -178
 1 -177
 0 -176
 3 -175
 11 -174
 17 -173
 37 -172
 105 -171
 162 -170
 203 -169
 316 -168
 582 -167
 1290 -166
 2377 -165
 3423 -164
 3862 -163
 3910 -162
 3830 -161
 3758 -160
 3842 -159
 3716 -158
 3339 -157
 2698 -156
 1603 -155
 683 -154
 88 -153
 1 -152
 1 -151
 0 -150
 0 -149
 0 -148
 0 -147
 0 -146
 0 -145
 0 -144
 0 -143
 0 -142
 0 -141
 0 -140


