# Created by Octave 3.8.2, Sun Jun 21 05:08:18 2020 CEST <damian@fptrucha.inv.usc.es>
# name: hd
# type: matrix
# rows: 41
# columns: 2
 0 -180
 0 -179
 0 -178
 0 -177
 2 -176
 4 -175
 9 -174
 11 -173
 57 -172
 98 -171
 162 -170
 222 -169
 294 -168
 573 -167
 1223 -166
 2126 -165
 3142 -164
 3447 -163
 3521 -162
 3368 -161
 3401 -160
 3340 -159
 3252 -158
 2857 -157
 2284 -156
 1394 -155
 565 -154
 93 -153
 0 -152
 1 -151
 0 -150
 0 -149
 0 -148
 0 -147
 0 -146
 0 -145
 0 -144
 0 -143
 0 -142
 0 -141
 0 -140


