# Created by Octave 3.8.2, Mon Jun 22 03:47:20 2020 CEST <damian@fptrucha.inv.usc.es>
# name: hd
# type: matrix
# rows: 41
# columns: 2
 3 -180
 4 -179
 3 -178
 7 -177
 6 -176
 5 -175
 7 -174
 31 -173
 50 -172
 117 -171
 187 -170
 223 -169
 295 -168
 595 -167
 1231 -166
 2215 -165
 2958 -164
 3138 -163
 3289 -162
 3310 -161
 3243 -160
 3204 -159
 2982 -158
 2604 -157
 2098 -156
 1190 -155
 436 -154
 52 -153
 1 -152
 0 -151
 0 -150
 0 -149
 0 -148
 0 -147
 0 -146
 0 -145
 0 -144
 0 -143
 0 -142
 0 -141
 0 -140


