# Created by Octave 3.8.2, Mon Jun 22 10:16:33 2020 CEST <damian@fptrucha.inv.usc.es>
# name: hd
# type: matrix
# rows: 41
# columns: 2
 0 -180
 2 -179
 1 -178
 2 -177
 1 -176
 2 -175
 8 -174
 16 -173
 44 -172
 100 -171
 194 -170
 235 -169
 329 -168
 525 -167
 1349 -166
 2294 -165
 3175 -164
 3390 -163
 3384 -162
 3504 -161
 3426 -160
 3440 -159
 3140 -158
 2793 -157
 2219 -156
 1328 -155
 429 -154
 66 -153
 0 -152
 0 -151
 0 -150
 0 -149
 0 -148
 0 -147
 0 -146
 0 -145
 0 -144
 0 -143
 0 -142
 0 -141
 0 -140


