# Created by Octave 3.8.2, Mon Jun 22 01:24:06 2020 CEST <damian@fptrucha.inv.usc.es>
# name: hd
# type: matrix
# rows: 41
# columns: 2
 0 -180
 1 -179
 1 -178
 2 -177
 1 -176
 2 -175
 4 -174
 18 -173
 39 -172
 93 -171
 157 -170
 245 -169
 298 -168
 550 -167
 1195 -166
 2116 -165
 2970 -164
 3323 -163
 3473 -162
 3273 -161
 3322 -160
 3282 -159
 3184 -158
 2937 -157
 2269 -156
 1369 -155
 535 -154
 78 -153
 2 -152
 0 -151
 0 -150
 0 -149
 0 -148
 0 -147
 0 -146
 0 -145
 0 -144
 0 -143
 0 -142
 0 -141
 0 -140


