# Created by Octave 3.8.2, Mon Jun 22 10:22:28 2020 CEST <damian@fptrucha.inv.usc.es>
# name: hd
# type: matrix
# rows: 41
# columns: 2
 5 -180
 2 -179
 2 -178
 1 -177
 3 -176
 4 -175
 10 -174
 15 -173
 61 -172
 121 -171
 183 -170
 244 -169
 323 -168
 562 -167
 1264 -166
 2298 -165
 3088 -164
 3311 -163
 3396 -162
 3457 -161
 3456 -160
 3383 -159
 3197 -158
 2906 -157
 2257 -156
 1255 -155
 445 -154
 53 -153
 0 -152
 0 -151
 0 -150
 0 -149
 0 -148
 0 -147
 0 -146
 0 -145
 0 -144
 0 -143
 0 -142
 0 -141
 0 -140


