# Created by Octave 3.8.2, Mon Jun 22 11:01:45 2020 CEST <damian@fptrucha.inv.usc.es>
# name: hd
# type: matrix
# rows: 41
# columns: 2
 5 -180
 5 -179
 1 -178
 2 -177
 5 -176
 6 -175
 14 -174
 16 -173
 60 -172
 136 -171
 209 -170
 275 -169
 346 -168
 636 -167
 1344 -166
 2389 -165
 3185 -164
 3414 -163
 3353 -162
 3501 -161
 3586 -160
 3338 -159
 3188 -158
 2935 -157
 2258 -156
 1269 -155
 466 -154
 59 -153
 2 -152
 0 -151
 0 -150
 0 -149
 0 -148
 0 -147
 0 -146
 0 -145
 0 -144
 0 -143
 0 -142
 0 -141
 0 -140


