# Created by Octave 3.8.2, Sat Jun 20 11:05:35 2020 CEST <damian@fptrucha.inv.usc.es>
# name: hd
# type: matrix
# rows: 41
# columns: 2
 2 -180
 0 -179
 0 -178
 1 -177
 2 -176
 5 -175
 6 -174
 22 -173
 41 -172
 131 -171
 231 -170
 307 -169
 371 -168
 647 -167
 1368 -166
 2454 -165
 3499 -164
 3892 -163
 3866 -162
 3851 -161
 3735 -160
 3752 -159
 3636 -158
 3335 -157
 2577 -156
 1511 -155
 580 -154
 96 -153
 2 -152
 0 -151
 0 -150
 0 -149
 0 -148
 0 -147
 0 -146
 0 -145
 0 -144
 0 -143
 0 -142
 0 -141
 0 -140


