# Created by Octave 3.8.2, Sat Jun 20 09:40:25 2020 CEST <damian@fptrucha.inv.usc.es>
# name: hd
# type: matrix
# rows: 41
# columns: 2
 0 -180
 0 -179
 0 -178
 1 -177
 0 -176
 4 -175
 7 -174
 24 -173
 56 -172
 122 -171
 179 -170
 255 -169
 359 -168
 657 -167
 1405 -166
 2475 -165
 3454 -164
 3984 -163
 4016 -162
 3822 -161
 3861 -160
 3721 -159
 3742 -158
 3519 -157
 2597 -156
 1571 -155
 593 -154
 113 -153
 1 -152
 0 -151
 0 -150
 0 -149
 0 -148
 0 -147
 0 -146
 0 -145
 0 -144
 0 -143
 0 -142
 0 -141
 0 -140


