# Created by Octave 3.8.2, Sat Jun 20 10:07:32 2020 CEST <damian@fptrucha.inv.usc.es>
# name: hd
# type: matrix
# rows: 41
# columns: 2
 0 -180
 0 -179
 0 -178
 1 -177
 0 -176
 0 -175
 5 -174
 23 -173
 49 -172
 132 -171
 204 -170
 269 -169
 392 -168
 615 -167
 1447 -166
 2490 -165
 3438 -164
 3864 -163
 3849 -162
 3839 -161
 3708 -160
 3750 -159
 3644 -158
 3283 -157
 2629 -156
 1554 -155
 580 -154
 82 -153
 4 -152
 0 -151
 0 -150
 0 -149
 0 -148
 0 -147
 0 -146
 0 -145
 0 -144
 0 -143
 0 -142
 0 -141
 0 -140


