# Created by Octave 3.8.2, Sun Jun 21 02:57:04 2020 CEST <damian@fptrucha.inv.usc.es>
# name: hd
# type: matrix
# rows: 41
# columns: 2
 0 -180
 0 -179
 1 -178
 3 -177
 2 -176
 2 -175
 5 -174
 7 -173
 35 -172
 112 -171
 162 -170
 217 -169
 276 -168
 534 -167
 1143 -166
 2118 -165
 2903 -164
 3391 -163
 3300 -162
 3377 -161
 3317 -160
 3278 -159
 3089 -158
 2834 -157
 2312 -156
 1363 -155
 517 -154
 69 -153
 2 -152
 0 -151
 0 -150
 0 -149
 0 -148
 0 -147
 0 -146
 0 -145
 0 -144
 0 -143
 0 -142
 0 -141
 0 -140


