# Created by Octave 3.8.2, Mon Jun 22 23:49:07 2020 CEST <damian@fptrucha.inv.usc.es>
# name: hd
# type: matrix
# rows: 41
# columns: 2
 0 -180
 1 -179
 3 -178
 5 -177
 1 -176
 4 -175
 8 -174
 19 -173
 56 -172
 111 -171
 177 -170
 260 -169
 386 -168
 613 -167
 1304 -166
 2353 -165
 3294 -164
 3813 -163
 3641 -162
 3702 -161
 3568 -160
 3660 -159
 3503 -158
 3109 -157
 2468 -156
 1501 -155
 524 -154
 82 -153
 3 -152
 0 -151
 0 -150
 0 -149
 0 -148
 0 -147
 0 -146
 0 -145
 0 -144
 0 -143
 0 -142
 0 -141
 0 -140


