# Created by Octave 3.8.2, Mon Jun 22 00:56:34 2020 CEST <damian@fptrucha.inv.usc.es>
# name: hd
# type: matrix
# rows: 41
# columns: 2
 1 -180
 0 -179
 1 -178
 1 -177
 5 -176
 3 -175
 4 -174
 16 -173
 40 -172
 113 -171
 177 -170
 245 -169
 301 -168
 616 -167
 1244 -166
 2274 -165
 3149 -164
 3588 -163
 3732 -162
 3530 -161
 3446 -160
 3536 -159
 3274 -158
 3248 -157
 2455 -156
 1525 -155
 574 -154
 97 -153
 3 -152
 0 -151
 0 -150
 0 -149
 0 -148
 0 -147
 0 -146
 0 -145
 0 -144
 0 -143
 0 -142
 0 -141
 0 -140


