# Created by Octave 3.8.2, Sun Jun 21 00:49:40 2020 CEST <damian@fptrucha.inv.usc.es>
# name: hd
# type: matrix
# rows: 41
# columns: 2
 0 -180
 1 -179
 0 -178
 0 -177
 0 -176
 7 -175
 6 -174
 16 -173
 52 -172
 89 -171
 173 -170
 189 -169
 263 -168
 522 -167
 1165 -166
 2022 -165
 3006 -164
 3382 -163
 3415 -162
 3287 -161
 3371 -160
 3253 -159
 3333 -158
 2963 -157
 2305 -156
 1416 -155
 574 -154
 98 -153
 0 -152
 0 -151
 0 -150
 0 -149
 0 -148
 0 -147
 0 -146
 0 -145
 0 -144
 0 -143
 0 -142
 0 -141
 0 -140


