# Created by Octave 3.8.2, Sun Jun 21 07:10:54 2020 CEST <damian@fptrucha.inv.usc.es>
# name: hd
# type: matrix
# rows: 41
# columns: 2
 0 -180
 1 -179
 0 -178
 2 -177
 0 -176
 0 -175
 6 -174
 13 -173
 38 -172
 79 -171
 186 -170
 206 -169
 273 -168
 550 -167
 1188 -166
 2132 -165
 3043 -164
 3459 -163
 3524 -162
 3503 -161
 3416 -160
 3335 -159
 3303 -158
 3147 -157
 2457 -156
 1441 -155
 577 -154
 84 -153
 1 -152
 0 -151
 0 -150
 0 -149
 0 -148
 0 -147
 0 -146
 0 -145
 0 -144
 0 -143
 0 -142
 0 -141
 0 -140


