# Created by Octave 3.8.2, Sat Jun 20 12:39:39 2020 CEST <damian@fptrucha.inv.usc.es>
# name: hd
# type: matrix
# rows: 41
# columns: 2
 1 -180
 2 -179
 1 -178
 2 -177
 1 -176
 3 -175
 9 -174
 25 -173
 68 -172
 131 -171
 184 -170
 295 -169
 324 -168
 607 -167
 1348 -166
 2357 -165
 3352 -164
 3745 -163
 3791 -162
 3705 -161
 3817 -160
 3645 -159
 3483 -158
 3210 -157
 2480 -156
 1430 -155
 583 -154
 84 -153
 2 -152
 0 -151
 0 -150
 0 -149
 0 -148
 0 -147
 0 -146
 0 -145
 0 -144
 0 -143
 0 -142
 0 -141
 0 -140


