# Created by Octave 3.8.2, Mon Jun 22 16:50:45 2020 CEST <damian@fptrucha.inv.usc.es>
# name: hd
# type: matrix
# rows: 41
# columns: 2
 2 -180
 4 -179
 2 -178
 5 -177
 2 -176
 5 -175
 9 -174
 20 -173
 56 -172
 130 -171
 212 -170
 287 -169
 349 -168
 697 -167
 1427 -166
 2476 -165
 3321 -164
 3345 -163
 3547 -162
 3676 -161
 3575 -160
 3602 -159
 3188 -158
 2939 -157
 2352 -156
 1244 -155
 437 -154
 59 -153
 1 -152
 0 -151
 0 -150
 0 -149
 0 -148
 0 -147
 0 -146
 0 -145
 0 -144
 0 -143
 0 -142
 0 -141
 0 -140


