# Created by Octave 3.8.2, Sat Jun 20 13:30:36 2020 CEST <damian@fptrucha.inv.usc.es>
# name: hd
# type: matrix
# rows: 41
# columns: 2
 0 -180
 0 -179
 0 -178
 2 -177
 1 -176
 6 -175
 8 -174
 11 -173
 44 -172
 112 -171
 172 -170
 262 -169
 347 -168
 620 -167
 1267 -166
 2356 -165
 3310 -164
 3767 -163
 3620 -162
 3614 -161
 3484 -160
 3606 -159
 3501 -158
 3167 -157
 2484 -156
 1498 -155
 554 -154
 103 -153
 2 -152
 0 -151
 0 -150
 0 -149
 0 -148
 0 -147
 0 -146
 0 -145
 0 -144
 0 -143
 0 -142
 0 -141
 0 -140


