# Created by Octave 3.8.2, Sun Jun 21 00:07:38 2020 CEST <damian@fptrucha.inv.usc.es>
# name: hd
# type: matrix
# rows: 41
# columns: 2
 1 -180
 0 -179
 2 -178
 2 -177
 0 -176
 1 -175
 11 -174
 12 -173
 43 -172
 99 -171
 167 -170
 213 -169
 283 -168
 566 -167
 1175 -166
 2164 -165
 3005 -164
 3397 -163
 3413 -162
 3315 -161
 3312 -160
 3362 -159
 3275 -158
 2964 -157
 2262 -156
 1283 -155
 511 -154
 90 -153
 1 -152
 0 -151
 0 -150
 0 -149
 0 -148
 0 -147
 0 -146
 0 -145
 0 -144
 0 -143
 0 -142
 0 -141
 0 -140


