# Created by Octave 3.8.2, Mon Jun 22 14:31:02 2020 CEST <damian@fptrucha.inv.usc.es>
# name: hd
# type: matrix
# rows: 41
# columns: 2
 1 -180
 2 -179
 2 -178
 0 -177
 7 -176
 7 -175
 4 -174
 19 -173
 67 -172
 127 -171
 209 -170
 276 -169
 327 -168
 645 -167
 1405 -166
 2481 -165
 3254 -164
 3415 -163
 3411 -162
 3585 -161
 3440 -160
 3381 -159
 3174 -158
 2886 -157
 2237 -156
 1211 -155
 413 -154
 51 -153
 2 -152
 0 -151
 0 -150
 0 -149
 0 -148
 0 -147
 0 -146
 0 -145
 0 -144
 0 -143
 0 -142
 0 -141
 0 -140


