# Created by Octave 3.8.2, Mon Jun 22 02:08:07 2020 CEST <damian@fptrucha.inv.usc.es>
# name: hd
# type: matrix
# rows: 41
# columns: 2
 0 -180
 2 -179
 3 -178
 2 -177
 3 -176
 6 -175
 7 -174
 14 -173
 42 -172
 112 -171
 195 -170
 249 -169
 334 -168
 625 -167
 1337 -166
 2245 -165
 3272 -164
 3304 -163
 3403 -162
 3336 -161
 3338 -160
 3319 -159
 3156 -158
 2802 -157
 2233 -156
 1182 -155
 432 -154
 52 -153
 2 -152
 0 -151
 0 -150
 0 -149
 0 -148
 0 -147
 0 -146
 0 -145
 0 -144
 0 -143
 0 -142
 0 -141
 0 -140


