# Created by Octave 3.8.2, Mon Jun 22 22:31:55 2020 CEST <damian@fptrucha.inv.usc.es>
# name: hd
# type: matrix
# rows: 41
# columns: 2
 2 -180
 0 -179
 0 -178
 1 -177
 1 -176
 7 -175
 8 -174
 17 -173
 50 -172
 124 -171
 212 -170
 253 -169
 333 -168
 596 -167
 1259 -166
 2332 -165
 3300 -164
 3852 -163
 3678 -162
 3715 -161
 3676 -160
 3688 -159
 3622 -158
 3221 -157
 2531 -156
 1513 -155
 564 -154
 70 -153
 2 -152
 0 -151
 0 -150
 0 -149
 0 -148
 0 -147
 0 -146
 0 -145
 0 -144
 0 -143
 0 -142
 0 -141
 0 -140


