# Created by Octave 3.8.2, Sat Jun 20 03:02:05 2020 CEST <damian@fptrucha.inv.usc.es>
# name: hd
# type: matrix
# rows: 41
# columns: 2
 0 -180
 0 -179
 0 -178
 1 -177
 0 -176
 2 -175
 5 -174
 13 -173
 59 -172
 106 -171
 184 -170
 239 -169
 293 -168
 530 -167
 1227 -166
 2321 -165
 3292 -164
 3826 -163
 3822 -162
 3691 -161
 3655 -160
 3646 -159
 3526 -158
 3245 -157
 2539 -156
 1531 -155
 601 -154
 94 -153
 2 -152
 0 -151
 0 -150
 0 -149
 0 -148
 0 -147
 0 -146
 0 -145
 0 -144
 0 -143
 0 -142
 0 -141
 0 -140


