# Created by Octave 3.8.2, Sat Jun 20 23:33:48 2020 CEST <damian@fptrucha.inv.usc.es>
# name: hd
# type: matrix
# rows: 41
# columns: 2
 1 -180
 0 -179
 1 -178
 0 -177
 3 -176
 1 -175
 5 -174
 20 -173
 33 -172
 118 -171
 186 -170
 227 -169
 270 -168
 562 -167
 1175 -166
 2122 -165
 3023 -164
 3477 -163
 3336 -162
 3269 -161
 3390 -160
 3358 -159
 3246 -158
 2957 -157
 2256 -156
 1413 -155
 521 -154
 72 -153
 1 -152
 0 -151
 0 -150
 0 -149
 0 -148
 0 -147
 0 -146
 0 -145
 0 -144
 0 -143
 0 -142
 0 -141
 0 -140


