# Created by Octave 3.8.2, Mon Jun 22 10:04:51 2020 CEST <damian@fptrucha.inv.usc.es>
# name: hd
# type: matrix
# rows: 41
# columns: 2
 2 -180
 2 -179
 3 -178
 2 -177
 4 -176
 8 -175
 12 -174
 17 -173
 46 -172
 113 -171
 163 -170
 249 -169
 333 -168
 596 -167
 1393 -166
 2440 -165
 3217 -164
 3339 -163
 3370 -162
 3489 -161
 3371 -160
 3376 -159
 3227 -158
 2810 -157
 2189 -156
 1238 -155
 466 -154
 78 -153
 0 -152
 0 -151
 0 -150
 0 -149
 0 -148
 0 -147
 0 -146
 0 -145
 0 -144
 0 -143
 0 -142
 0 -141
 0 -140


