# Created by Octave 3.8.2, Mon Jun 22 13:37:32 2020 CEST <damian@fptrucha.inv.usc.es>
# name: hd
# type: matrix
# rows: 41
# columns: 2
 1 -180
 7 -179
 2 -178
 3 -177
 2 -176
 7 -175
 15 -174
 16 -173
 54 -172
 138 -171
 203 -170
 244 -169
 343 -168
 608 -167
 1372 -166
 2483 -165
 3317 -164
 3332 -163
 3521 -162
 3555 -161
 3466 -160
 3436 -159
 3226 -158
 2920 -157
 2223 -156
 1265 -155
 446 -154
 50 -153
 3 -152
 0 -151
 0 -150
 0 -149
 0 -148
 0 -147
 0 -146
 0 -145
 0 -144
 0 -143
 0 -142
 0 -141
 0 -140


