# Created by Octave 3.8.2, Mon Jun 22 12:07:45 2020 CEST <damian@fptrucha.inv.usc.es>
# name: hd
# type: matrix
# rows: 41
# columns: 2
 3 -180
 4 -179
 4 -178
 3 -177
 5 -176
 2 -175
 20 -174
 19 -173
 51 -172
 108 -171
 176 -170
 232 -169
 319 -168
 591 -167
 1354 -166
 2362 -165
 3180 -164
 3475 -163
 3427 -162
 3385 -161
 3427 -160
 3395 -159
 3222 -158
 2892 -157
 2240 -156
 1191 -155
 440 -154
 66 -153
 0 -152
 0 -151
 0 -150
 0 -149
 0 -148
 0 -147
 0 -146
 0 -145
 0 -144
 0 -143
 0 -142
 0 -141
 0 -140


