# Created by Octave 3.8.2, Mon Jun 22 09:21:53 2020 CEST <damian@fptrucha.inv.usc.es>
# name: hd
# type: matrix
# rows: 41
# columns: 2
 3 -180
 2 -179
 0 -178
 0 -177
 3 -176
 3 -175
 9 -174
 14 -173
 32 -172
 83 -171
 134 -170
 146 -169
 213 -168
 375 -167
 844 -166
 1588 -165
 2099 -164
 2168 -163
 2229 -162
 2198 -161
 2197 -160
 2153 -159
 1999 -158
 1816 -157
 1429 -156
 800 -155
 275 -154
 45 -153
 1 -152
 0 -151
 0 -150
 0 -149
 0 -148
 0 -147
 0 -146
 0 -145
 0 -144
 0 -143
 0 -142
 0 -141
 0 -140


