# Created by Octave 3.8.2, Mon Jun 22 20:18:53 2020 CEST <damian@fptrucha.inv.usc.es>
# name: hd
# type: matrix
# rows: 41
# columns: 2
 1 -180
 1 -179
 2 -178
 1 -177
 3 -176
 5 -175
 6 -174
 24 -173
 48 -172
 134 -171
 190 -170
 247 -169
 346 -168
 664 -167
 1474 -166
 2554 -165
 3370 -164
 3504 -163
 3581 -162
 3660 -161
 3646 -160
 3574 -159
 3219 -158
 2976 -157
 2369 -156
 1311 -155
 419 -154
 65 -153
 1 -152
 0 -151
 0 -150
 0 -149
 0 -148
 0 -147
 0 -146
 0 -145
 0 -144
 0 -143
 0 -142
 0 -141
 0 -140


