# Created by Octave 3.8.2, Sat Jun 20 03:08:59 2020 CEST <damian@fptrucha.inv.usc.es>
# name: hd
# type: matrix
# rows: 41
# columns: 2
 0 -180
 0 -179
 1 -178
 0 -177
 1 -176
 3 -175
 11 -174
 14 -173
 36 -172
 105 -171
 176 -170
 235 -169
 284 -168
 591 -167
 1269 -166
 2361 -165
 3432 -164
 3853 -163
 3851 -162
 3817 -161
 3837 -160
 3697 -159
 3655 -158
 3337 -157
 2535 -156
 1557 -155
 580 -154
 102 -153
 4 -152
 0 -151
 0 -150
 0 -149
 0 -148
 0 -147
 0 -146
 0 -145
 0 -144
 0 -143
 0 -142
 0 -141
 0 -140


