# Created by Octave 3.8.2, Tue Jun 23 00:05:40 2020 CEST <damian@fptrucha.inv.usc.es>
# name: hd
# type: matrix
# rows: 41
# columns: 2
 1 -180
 2 -179
 3 -178
 0 -177
 2 -176
 5 -175
 6 -174
 28 -173
 53 -172
 118 -171
 160 -170
 243 -169
 306 -168
 574 -167
 1287 -166
 2303 -165
 3317 -164
 3642 -163
 3669 -162
 3636 -161
 3766 -160
 3680 -159
 3642 -158
 3136 -157
 2503 -156
 1579 -155
 529 -154
 104 -153
 1 -152
 0 -151
 0 -150
 0 -149
 0 -148
 0 -147
 0 -146
 0 -145
 0 -144
 0 -143
 0 -142
 0 -141
 0 -140


