# Created by Octave 3.8.2, Mon Jun 22 02:28:00 2020 CEST <damian@fptrucha.inv.usc.es>
# name: hd
# type: matrix
# rows: 41
# columns: 2
 0 -180
 1 -179
 0 -178
 0 -177
 0 -176
 0 -175
 0 -174
 0 -173
 1 -172
 0 -171
 1 -170
 2 -169
 3 -168
 6 -167
 7 -166
 28 -165
 33 -164
 29 -163
 28 -162
 19 -161
 22 -160
 28 -159
 30 -158
 17 -157
 20 -156
 15 -155
 4 -154
 0 -153
 0 -152
 0 -151
 0 -150
 0 -149
 0 -148
 0 -147
 0 -146
 0 -145
 0 -144
 0 -143
 0 -142
 0 -141
 0 -140


