# Created by Octave 3.8.2, Mon Jun 22 07:36:04 2020 CEST <damian@fptrucha.inv.usc.es>
# name: hd
# type: matrix
# rows: 41
# columns: 2
 2 -180
 7 -179
 2 -178
 2 -177
 2 -176
 5 -175
 10 -174
 24 -173
 52 -172
 117 -171
 202 -170
 220 -169
 336 -168
 564 -167
 1222 -166
 2326 -165
 3084 -164
 3255 -163
 3298 -162
 3270 -161
 3215 -160
 3253 -159
 3150 -158
 2725 -157
 2163 -156
 1154 -155
 394 -154
 53 -153
 1 -152
 0 -151
 0 -150
 0 -149
 0 -148
 0 -147
 0 -146
 0 -145
 0 -144
 0 -143
 0 -142
 0 -141
 0 -140


