# Created by Octave 3.8.2, Mon Jun 22 20:00:46 2020 CEST <damian@fptrucha.inv.usc.es>
# name: hd
# type: matrix
# rows: 41
# columns: 2
 2 -180
 1 -179
 1 -178
 1 -177
 7 -176
 6 -175
 10 -174
 24 -173
 48 -172
 124 -171
 206 -170
 244 -169
 355 -168
 615 -167
 1403 -166
 2476 -165
 3286 -164
 3620 -163
 3519 -162
 3683 -161
 3629 -160
 3641 -159
 3264 -158
 3015 -157
 2386 -156
 1365 -155
 458 -154
 63 -153
 1 -152
 0 -151
 0 -150
 0 -149
 0 -148
 0 -147
 0 -146
 0 -145
 0 -144
 0 -143
 0 -142
 0 -141
 0 -140


