# Created by Octave 3.8.2, Mon Jun 22 14:14:20 2020 CEST <damian@fptrucha.inv.usc.es>
# name: hd
# type: matrix
# rows: 41
# columns: 2
 4 -180
 1 -179
 4 -178
 1 -177
 6 -176
 8 -175
 14 -174
 18 -173
 67 -172
 136 -171
 217 -170
 268 -169
 316 -168
 635 -167
 1453 -166
 2514 -165
 3241 -164
 3314 -163
 3440 -162
 3510 -161
 3342 -160
 3408 -159
 3155 -158
 2960 -157
 2331 -156
 1183 -155
 418 -154
 58 -153
 1 -152
 0 -151
 0 -150
 0 -149
 0 -148
 0 -147
 0 -146
 0 -145
 0 -144
 0 -143
 0 -142
 0 -141
 0 -140


