# Created by Octave 3.8.2, Sat Jun 20 22:13:58 2020 CEST <damian@fptrucha.inv.usc.es>
# name: hd
# type: matrix
# rows: 41
# columns: 2
 0 -180
 0 -179
 1 -178
 1 -177
 4 -176
 5 -175
 5 -174
 16 -173
 49 -172
 113 -171
 189 -170
 233 -169
 323 -168
 551 -167
 1196 -166
 2147 -165
 3060 -164
 3384 -163
 3547 -162
 3412 -161
 3310 -160
 3273 -159
 3268 -158
 2912 -157
 2338 -156
 1403 -155
 507 -154
 75 -153
 2 -152
 1 -151
 0 -150
 0 -149
 0 -148
 0 -147
 0 -146
 0 -145
 0 -144
 0 -143
 0 -142
 0 -141
 0 -140


