# Created by Octave 3.8.2, Sat Jun 20 14:25:51 2020 CEST <damian@fptrucha.inv.usc.es>
# name: hd
# type: matrix
# rows: 41
# columns: 2
 0 -180
 2 -179
 0 -178
 0 -177
 2 -176
 2 -175
 7 -174
 20 -173
 29 -172
 108 -171
 194 -170
 239 -169
 339 -168
 580 -167
 1260 -166
 2300 -165
 3206 -164
 3600 -163
 3748 -162
 3469 -161
 3611 -160
 3585 -159
 3597 -158
 3088 -157
 2504 -156
 1584 -155
 609 -154
 96 -153
 2 -152
 0 -151
 0 -150
 0 -149
 0 -148
 0 -147
 0 -146
 0 -145
 0 -144
 0 -143
 0 -142
 0 -141
 0 -140


