# Created by Octave 3.8.2, Mon Jun 22 23:15:08 2020 CEST <damian@fptrucha.inv.usc.es>
# name: hd
# type: matrix
# rows: 41
# columns: 2
 0 -180
 1 -179
 1 -178
 3 -177
 3 -176
 1 -175
 7 -174
 21 -173
 57 -172
 120 -171
 197 -170
 281 -169
 357 -168
 607 -167
 1368 -166
 2413 -165
 3340 -164
 3758 -163
 3637 -162
 3772 -161
 3669 -160
 3556 -159
 3531 -158
 3128 -157
 2518 -156
 1460 -155
 569 -154
 72 -153
 2 -152
 0 -151
 0 -150
 0 -149
 0 -148
 0 -147
 0 -146
 0 -145
 0 -144
 0 -143
 0 -142
 0 -141
 0 -140


