# Created by Octave 3.8.2, Mon Jun 22 16:07:07 2020 CEST <damian@fptrucha.inv.usc.es>
# name: hd
# type: matrix
# rows: 41
# columns: 2
 1 -180
 0 -179
 2 -178
 8 -177
 4 -176
 6 -175
 7 -174
 19 -173
 73 -172
 136 -171
 224 -170
 253 -169
 338 -168
 603 -167
 1462 -166
 2511 -165
 3342 -164
 3485 -163
 3536 -162
 3624 -161
 3512 -160
 3582 -159
 3297 -158
 2945 -157
 2323 -156
 1249 -155
 464 -154
 53 -153
 2 -152
 0 -151
 0 -150
 0 -149
 0 -148
 0 -147
 0 -146
 0 -145
 0 -144
 0 -143
 0 -142
 0 -141
 0 -140


