# Created by Octave 3.8.2, Sat Jun 20 15:27:43 2020 CEST <damian@fptrucha.inv.usc.es>
# name: hd
# type: matrix
# rows: 41
# columns: 2
 0 -180
 1 -179
 1 -178
 2 -177
 4 -176
 5 -175
 10 -174
 17 -173
 49 -172
 95 -171
 188 -170
 238 -169
 321 -168
 552 -167
 1234 -166
 2251 -165
 3178 -164
 3495 -163
 3598 -162
 3600 -161
 3461 -160
 3460 -159
 3398 -158
 3008 -157
 2374 -156
 1421 -155
 570 -154
 100 -153
 1 -152
 0 -151
 0 -150
 0 -149
 0 -148
 0 -147
 0 -146
 0 -145
 0 -144
 0 -143
 0 -142
 0 -141
 0 -140


