# Created by Octave 3.8.2, Mon Jun 22 02:13:47 2020 CEST <damian@fptrucha.inv.usc.es>
# name: hd
# type: matrix
# rows: 41
# columns: 2
 3 -180
 2 -179
 5 -178
 2 -177
 2 -176
 6 -175
 7 -174
 25 -173
 49 -172
 120 -171
 178 -170
 258 -169
 293 -168
 610 -167
 1325 -166
 2297 -165
 3045 -164
 3436 -163
 3349 -162
 3397 -161
 3432 -160
 3361 -159
 3170 -158
 2760 -157
 2279 -156
 1246 -155
 492 -154
 76 -153
 0 -152
 0 -151
 0 -150
 0 -149
 0 -148
 0 -147
 0 -146
 0 -145
 0 -144
 0 -143
 0 -142
 0 -141
 0 -140


