# Created by Octave 3.8.2, Mon Jun 22 22:12:02 2020 CEST <damian@fptrucha.inv.usc.es>
# name: hd
# type: matrix
# rows: 41
# columns: 2
 2 -180
 5 -179
 1 -178
 2 -177
 4 -176
 6 -175
 10 -174
 20 -173
 47 -172
 133 -171
 198 -170
 256 -169
 325 -168
 599 -167
 1206 -166
 2386 -165
 3389 -164
 3772 -163
 3556 -162
 3717 -161
 3724 -160
 3494 -159
 3440 -158
 3184 -157
 2583 -156
 1530 -155
 563 -154
 85 -153
 3 -152
 0 -151
 0 -150
 0 -149
 0 -148
 0 -147
 0 -146
 0 -145
 0 -144
 0 -143
 0 -142
 0 -141
 0 -140


