# Created by Octave 3.8.2, Sat Jun 20 03:14:03 2020 CEST <damian@fptrucha.inv.usc.es>
# name: hd
# type: matrix
# rows: 41
# columns: 2
 1 -180
 1 -179
 0 -178
 1 -177
 0 -176
 1 -175
 6 -174
 11 -173
 50 -172
 103 -171
 168 -170
 238 -169
 288 -168
 568 -167
 1241 -166
 2348 -165
 3369 -164
 3775 -163
 3833 -162
 3769 -161
 3739 -160
 3732 -159
 3617 -158
 3327 -157
 2695 -156
 1567 -155
 617 -154
 99 -153
 3 -152
 0 -151
 0 -150
 0 -149
 0 -148
 0 -147
 0 -146
 0 -145
 0 -144
 0 -143
 0 -142
 0 -141
 0 -140


