# Created by Octave 3.8.2, Sun Jun 21 02:05:15 2020 CEST <damian@fptrucha.inv.usc.es>
# name: hd
# type: matrix
# rows: 41
# columns: 2
 2 -180
 0 -179
 0 -178
 1 -177
 1 -176
 2 -175
 5 -174
 9 -173
 41 -172
 64 -171
 121 -170
 155 -169
 167 -168
 373 -167
 798 -166
 1362 -165
 1929 -164
 2152 -163
 2277 -162
 2159 -161
 2053 -160
 2214 -159
 2078 -158
 1915 -157
 1488 -156
 895 -155
 350 -154
 50 -153
 0 -152
 0 -151
 0 -150
 0 -149
 0 -148
 0 -147
 0 -146
 0 -145
 0 -144
 0 -143
 0 -142
 0 -141
 0 -140


