# Created by Octave 3.8.2, Sat Jun 20 20:23:46 2020 CEST <damian@fptrucha.inv.usc.es>
# name: hd
# type: matrix
# rows: 41
# columns: 2
 0 -180
 0 -179
 1 -178
 0 -177
 1 -176
 1 -175
 3 -174
 11 -173
 47 -172
 99 -171
 182 -170
 227 -169
 276 -168
 596 -167
 1228 -166
 2167 -165
 3104 -164
 3479 -163
 3475 -162
 3373 -161
 3340 -160
 3426 -159
 3296 -158
 2910 -157
 2353 -156
 1310 -155
 555 -154
 89 -153
 0 -152
 0 -151
 0 -150
 0 -149
 0 -148
 0 -147
 0 -146
 0 -145
 0 -144
 0 -143
 0 -142
 0 -141
 0 -140


