# Created by Octave 3.8.2, Sun Jun 21 07:07:27 2020 CEST <damian@fptrucha.inv.usc.es>
# name: hd
# type: matrix
# rows: 41
# columns: 2
 0 -180
 2 -179
 1 -178
 1 -177
 0 -176
 4 -175
 4 -174
 8 -173
 36 -172
 95 -171
 186 -170
 257 -169
 281 -168
 542 -167
 1117 -166
 2104 -165
 3107 -164
 3405 -163
 3704 -162
 3405 -161
 3486 -160
 3393 -159
 3262 -158
 3082 -157
 2428 -156
 1469 -155
 585 -154
 104 -153
 3 -152
 0 -151
 0 -150
 0 -149
 0 -148
 0 -147
 0 -146
 0 -145
 0 -144
 0 -143
 0 -142
 0 -141
 0 -140


