# Created by Octave 3.8.2, Sat Jun 20 03:56:28 2020 CEST <damian@fptrucha.inv.usc.es>
# name: hd
# type: matrix
# rows: 41
# columns: 2
 1 -180
 1 -179
 2 -178
 1 -177
 2 -176
 3 -175
 4 -174
 17 -173
 35 -172
 111 -171
 156 -170
 215 -169
 290 -168
 573 -167
 1279 -166
 2312 -165
 3411 -164
 3840 -163
 3990 -162
 3831 -161
 3679 -160
 3737 -159
 3550 -158
 3359 -157
 2660 -156
 1602 -155
 621 -154
 103 -153
 2 -152
 0 -151
 0 -150
 0 -149
 0 -148
 0 -147
 0 -146
 0 -145
 0 -144
 0 -143
 0 -142
 0 -141
 0 -140


