# Created by Octave 3.8.2, Mon Jun 22 01:33:50 2020 CEST <damian@fptrucha.inv.usc.es>
# name: hd
# type: matrix
# rows: 41
# columns: 2
 0 -180
 0 -179
 1 -178
 1 -177
 0 -176
 2 -175
 7 -174
 19 -173
 39 -172
 95 -171
 170 -170
 252 -169
 312 -168
 529 -167
 1198 -166
 2139 -165
 3095 -164
 3497 -163
 3528 -162
 3530 -161
 3357 -160
 3471 -159
 3298 -158
 3032 -157
 2224 -156
 1406 -155
 526 -154
 75 -153
 3 -152
 0 -151
 0 -150
 0 -149
 0 -148
 0 -147
 0 -146
 0 -145
 0 -144
 0 -143
 0 -142
 0 -141
 0 -140


