# Created by Octave 3.8.2, Mon Jun 22 20:04:13 2020 CEST <damian@fptrucha.inv.usc.es>
# name: hd
# type: matrix
# rows: 41
# columns: 2
 2 -180
 1 -179
 1 -178
 2 -177
 1 -176
 4 -175
 6 -174
 18 -173
 65 -172
 98 -171
 224 -170
 277 -169
 316 -168
 637 -167
 1442 -166
 2538 -165
 3327 -164
 3652 -163
 3587 -162
 3619 -161
 3701 -160
 3523 -159
 3324 -158
 3103 -157
 2456 -156
 1363 -155
 491 -154
 60 -153
 0 -152
 0 -151
 0 -150
 0 -149
 0 -148
 0 -147
 0 -146
 0 -145
 0 -144
 0 -143
 0 -142
 0 -141
 0 -140


