# Created by Octave 3.8.2, Mon Jun 22 17:21:25 2020 CEST <damian@fptrucha.inv.usc.es>
# name: hd
# type: matrix
# rows: 41
# columns: 2
 1 -180
 2 -179
 0 -178
 2 -177
 1 -176
 3 -175
 6 -174
 18 -173
 58 -172
 146 -171
 205 -170
 284 -169
 348 -168
 652 -167
 1343 -166
 2485 -165
 3453 -164
 3523 -163
 3471 -162
 3633 -161
 3644 -160
 3423 -159
 3287 -158
 2968 -157
 2413 -156
 1277 -155
 420 -154
 60 -153
 1 -152
 0 -151
 0 -150
 0 -149
 0 -148
 0 -147
 0 -146
 0 -145
 0 -144
 0 -143
 0 -142
 0 -141
 0 -140


