# Created by Octave 3.8.2, Mon Jun 22 12:44:05 2020 CEST <damian@fptrucha.inv.usc.es>
# name: hd
# type: matrix
# rows: 41
# columns: 2
 1 -180
 1 -179
 1 -178
 2 -177
 3 -176
 1 -175
 13 -174
 22 -173
 46 -172
 133 -171
 200 -170
 232 -169
 319 -168
 639 -167
 1394 -166
 2389 -165
 3126 -164
 3411 -163
 3456 -162
 3432 -161
 3493 -160
 3435 -159
 3267 -158
 2867 -157
 2317 -156
 1279 -155
 411 -154
 78 -153
 1 -152
 0 -151
 0 -150
 0 -149
 0 -148
 0 -147
 0 -146
 0 -145
 0 -144
 0 -143
 0 -142
 0 -141
 0 -140


