# Created by Octave 3.8.2, Mon Jun 22 07:29:24 2020 CEST <damian@fptrucha.inv.usc.es>
# name: hd
# type: matrix
# rows: 41
# columns: 2
 3 -180
 3 -179
 4 -178
 6 -177
 1 -176
 2 -175
 11 -174
 29 -173
 45 -172
 114 -171
 226 -170
 230 -169
 295 -168
 594 -167
 1283 -166
 2323 -165
 3068 -164
 3336 -163
 3298 -162
 3205 -161
 3261 -160
 3331 -159
 3053 -158
 2834 -157
 2115 -156
 1184 -155
 421 -154
 40 -153
 1 -152
 0 -151
 1 -150
 0 -149
 0 -148
 0 -147
 0 -146
 0 -145
 0 -144
 0 -143
 0 -142
 0 -141
 0 -140


