# Created by Octave 3.8.2, Mon Jun 22 23:07:03 2020 CEST <damian@fptrucha.inv.usc.es>
# name: hd
# type: matrix
# rows: 41
# columns: 2
 0 -180
 1 -179
 2 -178
 3 -177
 2 -176
 6 -175
 9 -174
 21 -173
 50 -172
 128 -171
 181 -170
 278 -169
 353 -168
 629 -167
 1428 -166
 2369 -165
 3395 -164
 3816 -163
 3633 -162
 3725 -161
 3777 -160
 3617 -159
 3542 -158
 3154 -157
 2444 -156
 1503 -155
 578 -154
 72 -153
 2 -152
 0 -151
 0 -150
 0 -149
 0 -148
 0 -147
 0 -146
 0 -145
 0 -144
 0 -143
 0 -142
 0 -141
 0 -140


