# Created by Octave 3.8.2, Sat Jun 20 17:04:54 2020 CEST <damian@fptrucha.inv.usc.es>
# name: hd
# type: matrix
# rows: 41
# columns: 2
 0 -180
 1 -179
 0 -178
 4 -177
 1 -176
 4 -175
 7 -174
 13 -173
 46 -172
 99 -171
 193 -170
 229 -169
 284 -168
 555 -167
 1200 -166
 2158 -165
 3161 -164
 3455 -163
 3501 -162
 3483 -161
 3378 -160
 3505 -159
 3276 -158
 2960 -157
 2413 -156
 1408 -155
 538 -154
 94 -153
 2 -152
 0 -151
 0 -150
 0 -149
 0 -148
 0 -147
 0 -146
 0 -145
 0 -144
 0 -143
 0 -142
 0 -141
 0 -140


