# Created by Octave 3.8.2, Mon Jun 22 18:21:46 2020 CEST <damian@fptrucha.inv.usc.es>
# name: hd
# type: matrix
# rows: 41
# columns: 2
 1 -180
 0 -179
 0 -178
 5 -177
 3 -176
 5 -175
 7 -174
 23 -173
 62 -172
 112 -171
 217 -170
 241 -169
 369 -168
 642 -167
 1421 -166
 2524 -165
 3483 -164
 3547 -163
 3632 -162
 3588 -161
 3631 -160
 3504 -159
 3290 -158
 3014 -157
 2269 -156
 1288 -155
 441 -154
 53 -153
 1 -152
 0 -151
 0 -150
 0 -149
 0 -148
 0 -147
 0 -146
 0 -145
 0 -144
 0 -143
 0 -142
 0 -141
 0 -140


