# Created by Octave 3.8.2, Sat Jun 20 06:10:45 2020 CEST <damian@fptrucha.inv.usc.es>
# name: hd
# type: matrix
# rows: 41
# columns: 2
 0 -180
 2 -179
 0 -178
 0 -177
 1 -176
 4 -175
 4 -174
 15 -173
 40 -172
 115 -171
 179 -170
 248 -169
 328 -168
 565 -167
 1301 -166
 2314 -165
 3437 -164
 3819 -163
 4030 -162
 3875 -161
 3878 -160
 3804 -159
 3614 -158
 3376 -157
 2714 -156
 1637 -155
 640 -154
 102 -153
 4 -152
 0 -151
 0 -150
 0 -149
 0 -148
 0 -147
 0 -146
 0 -145
 0 -144
 0 -143
 0 -142
 0 -141
 0 -140


