# Created by Octave 3.8.2, Sat Jun 20 18:43:44 2020 CEST <damian@fptrucha.inv.usc.es>
# name: hd
# type: matrix
# rows: 41
# columns: 2
 0 -180
 1 -179
 2 -178
 2 -177
 2 -176
 2 -175
 3 -174
 15 -173
 51 -172
 111 -171
 174 -170
 230 -169
 297 -168
 512 -167
 1169 -166
 2173 -165
 3076 -164
 3406 -163
 3460 -162
 3372 -161
 3355 -160
 3386 -159
 3269 -158
 3045 -157
 2444 -156
 1393 -155
 562 -154
 92 -153
 2 -152
 0 -151
 0 -150
 0 -149
 0 -148
 0 -147
 0 -146
 0 -145
 0 -144
 0 -143
 0 -142
 0 -141
 0 -140


