# Created by Octave 3.8.2, Mon Jun 22 12:25:17 2020 CEST <damian@fptrucha.inv.usc.es>
# name: hd
# type: matrix
# rows: 41
# columns: 2
 1 -180
 1 -179
 1 -178
 3 -177
 5 -176
 4 -175
 6 -174
 13 -173
 51 -172
 126 -171
 192 -170
 211 -169
 347 -168
 594 -167
 1311 -166
 2381 -165
 3198 -164
 3276 -163
 3439 -162
 3594 -161
 3462 -160
 3511 -159
 3333 -158
 2921 -157
 2298 -156
 1171 -155
 445 -154
 40 -153
 1 -152
 0 -151
 0 -150
 0 -149
 0 -148
 0 -147
 0 -146
 0 -145
 0 -144
 0 -143
 0 -142
 0 -141
 0 -140


