# Created by Octave 3.8.2, Mon Jun 22 00:53:46 2020 CEST <damian@fptrucha.inv.usc.es>
# name: hd
# type: matrix
# rows: 41
# columns: 2
 0 -180
 0 -179
 0 -178
 1 -177
 1 -176
 0 -175
 1 -174
 6 -173
 26 -172
 53 -171
 100 -170
 117 -169
 149 -168
 273 -167
 538 -166
 1032 -165
 1490 -164
 1668 -163
 1770 -162
 1646 -161
 1645 -160
 1644 -159
 1624 -158
 1505 -157
 1240 -156
 741 -155
 307 -154
 48 -153
 2 -152
 0 -151
 0 -150
 0 -149
 0 -148
 0 -147
 0 -146
 0 -145
 0 -144
 0 -143
 0 -142
 0 -141
 0 -140


