# Created by Octave 3.8.2, Mon Jun 22 05:09:40 2020 CEST <damian@fptrucha.inv.usc.es>
# name: hd
# type: matrix
# rows: 41
# columns: 2
 4 -180
 3 -179
 2 -178
 2 -177
 2 -176
 4 -175
 8 -174
 10 -173
 46 -172
 104 -171
 170 -170
 245 -169
 310 -168
 564 -167
 1210 -166
 2267 -165
 2985 -164
 3118 -163
 3142 -162
 3213 -161
 3108 -160
 3182 -159
 2963 -158
 2640 -157
 2015 -156
 1170 -155
 355 -154
 40 -153
 2 -152
 0 -151
 0 -150
 0 -149
 0 -148
 0 -147
 0 -146
 0 -145
 0 -144
 0 -143
 0 -142
 0 -141
 0 -140


