# Created by Octave 3.8.2, Sun Jun 21 06:07:30 2020 CEST <damian@fptrucha.inv.usc.es>
# name: hd
# type: matrix
# rows: 41
# columns: 2
 0 -180
 3 -179
 1 -178
 4 -177
 2 -176
 3 -175
 9 -174
 13 -173
 36 -172
 85 -171
 175 -170
 202 -169
 278 -168
 564 -167
 1154 -166
 2063 -165
 2895 -164
 3318 -163
 3433 -162
 3339 -161
 3278 -160
 3338 -159
 3240 -158
 3002 -157
 2254 -156
 1358 -155
 566 -154
 86 -153
 2 -152
 0 -151
 0 -150
 0 -149
 0 -148
 0 -147
 0 -146
 0 -145
 0 -144
 0 -143
 0 -142
 0 -141
 0 -140


