# Created by Octave 3.8.2, Mon Jun 22 20:54:32 2020 CEST <damian@fptrucha.inv.usc.es>
# name: hd
# type: matrix
# rows: 41
# columns: 2
 1 -180
 1 -179
 0 -178
 1 -177
 2 -176
 5 -175
 9 -174
 10 -173
 64 -172
 143 -171
 226 -170
 286 -169
 348 -168
 622 -167
 1394 -166
 2605 -165
 3406 -164
 3537 -163
 3515 -162
 3686 -161
 3745 -160
 3627 -159
 3395 -158
 2980 -157
 2377 -156
 1382 -155
 426 -154
 60 -153
 4 -152
 0 -151
 0 -150
 0 -149
 0 -148
 0 -147
 0 -146
 0 -145
 0 -144
 0 -143
 0 -142
 0 -141
 0 -140


