# Created by Octave 3.8.2, Sun Jun 21 00:51:51 2020 CEST <damian@fptrucha.inv.usc.es>
# name: hd
# type: matrix
# rows: 41
# columns: 2
 0 -180
 0 -179
 0 -178
 0 -177
 1 -176
 6 -175
 4 -174
 8 -173
 30 -172
 105 -171
 186 -170
 217 -169
 284 -168
 547 -167
 1120 -166
 2173 -165
 2974 -164
 3311 -163
 3399 -162
 3445 -161
 3268 -160
 3283 -159
 3261 -158
 2988 -157
 2334 -156
 1399 -155
 525 -154
 84 -153
 0 -152
 0 -151
 0 -150
 0 -149
 0 -148
 0 -147
 0 -146
 0 -145
 0 -144
 0 -143
 0 -142
 0 -141
 0 -140


