# Created by Octave 3.8.2, Sat Jun 20 10:35:54 2020 CEST <damian@fptrucha.inv.usc.es>
# name: hd
# type: matrix
# rows: 41
# columns: 2
 0 -180
 1 -179
 0 -178
 1 -177
 2 -176
 0 -175
 6 -174
 22 -173
 58 -172
 133 -171
 205 -170
 294 -169
 355 -168
 615 -167
 1320 -166
 2418 -165
 3503 -164
 3847 -163
 3840 -162
 3904 -161
 3777 -160
 3801 -159
 3662 -158
 3263 -157
 2557 -156
 1529 -155
 591 -154
 100 -153
 3 -152
 0 -151
 0 -150
 0 -149
 0 -148
 0 -147
 0 -146
 0 -145
 0 -144
 0 -143
 0 -142
 0 -141
 0 -140


