# Created by Octave 3.8.2, Sun Jun 21 00:00:12 2020 CEST <damian@fptrucha.inv.usc.es>
# name: hd
# type: matrix
# rows: 41
# columns: 2
 2 -180
 1 -179
 0 -178
 2 -177
 0 -176
 1 -175
 3 -174
 13 -173
 41 -172
 105 -171
 161 -170
 209 -169
 309 -168
 541 -167
 1161 -166
 2035 -165
 3083 -164
 3334 -163
 3481 -162
 3441 -161
 3266 -160
 3272 -159
 3256 -158
 2836 -157
 2299 -156
 1360 -155
 551 -154
 80 -153
 4 -152
 1 -151
 0 -150
 0 -149
 0 -148
 0 -147
 0 -146
 0 -145
 0 -144
 0 -143
 0 -142
 0 -141
 0 -140


