# Created by Octave 3.8.2, Mon Jun 22 03:54:44 2020 CEST <damian@fptrucha.inv.usc.es>
# name: hd
# type: matrix
# rows: 41
# columns: 2
 6 -180
 1 -179
 4 -178
 2 -177
 4 -176
 10 -175
 13 -174
 17 -173
 49 -172
 120 -171
 174 -170
 214 -169
 345 -168
 589 -167
 1289 -166
 2319 -165
 2962 -164
 3218 -163
 3118 -162
 3273 -161
 3346 -160
 3219 -159
 2989 -158
 2625 -157
 2179 -156
 1194 -155
 411 -154
 40 -153
 1 -152
 0 -151
 0 -150
 0 -149
 0 -148
 0 -147
 0 -146
 0 -145
 0 -144
 0 -143
 0 -142
 0 -141
 0 -140


