# Created by Octave 3.8.2, Mon Jun 22 17:44:16 2020 CEST <damian@fptrucha.inv.usc.es>
# name: hd
# type: matrix
# rows: 41
# columns: 2
 2 -180
 2 -179
 0 -178
 2 -177
 1 -176
 5 -175
 8 -174
 23 -173
 72 -172
 135 -171
 211 -170
 264 -169
 376 -168
 609 -167
 1370 -166
 2577 -165
 3372 -164
 3500 -163
 3623 -162
 3712 -161
 3550 -160
 3526 -159
 3327 -158
 2991 -157
 2428 -156
 1335 -155
 451 -154
 73 -153
 2 -152
 0 -151
 0 -150
 0 -149
 0 -148
 0 -147
 0 -146
 0 -145
 0 -144
 0 -143
 0 -142
 0 -141
 0 -140


