# Created by Octave 3.8.2, Mon Jun 22 14:34:16 2020 CEST <damian@fptrucha.inv.usc.es>
# name: hd
# type: matrix
# rows: 41
# columns: 2
 2 -180
 1 -179
 0 -178
 4 -177
 2 -176
 4 -175
 9 -174
 17 -173
 68 -172
 132 -171
 207 -170
 243 -169
 349 -168
 603 -167
 1380 -166
 2431 -165
 3279 -164
 3406 -163
 3483 -162
 3514 -161
 3520 -160
 3414 -159
 3264 -158
 2925 -157
 2234 -156
 1287 -155
 409 -154
 57 -153
 3 -152
 0 -151
 0 -150
 0 -149
 0 -148
 0 -147
 0 -146
 0 -145
 0 -144
 0 -143
 0 -142
 0 -141
 0 -140


