# Created by Octave 3.8.2, Mon Jun 22 10:30:56 2020 CEST <damian@fptrucha.inv.usc.es>
# name: hd
# type: matrix
# rows: 41
# columns: 2
 1 -180
 0 -179
 3 -178
 4 -177
 4 -176
 5 -175
 9 -174
 13 -173
 66 -172
 101 -171
 213 -170
 235 -169
 347 -168
 605 -167
 1337 -166
 2331 -165
 3145 -164
 3366 -163
 3342 -162
 3341 -161
 3303 -160
 3328 -159
 3199 -158
 2791 -157
 2155 -156
 1242 -155
 435 -154
 46 -153
 0 -152
 0 -151
 0 -150
 0 -149
 0 -148
 0 -147
 0 -146
 0 -145
 0 -144
 0 -143
 0 -142
 0 -141
 0 -140


