# Created by Octave 3.8.2, Mon Jun 22 04:26:12 2020 CEST <damian@fptrucha.inv.usc.es>
# name: hd
# type: matrix
# rows: 41
# columns: 2
 1 -180
 4 -179
 3 -178
 1 -177
 4 -176
 5 -175
 9 -174
 22 -173
 46 -172
 122 -171
 168 -170
 212 -169
 277 -168
 583 -167
 1225 -166
 2232 -165
 2919 -164
 3002 -163
 3126 -162
 3182 -161
 3222 -160
 3093 -159
 2928 -158
 2598 -157
 2040 -156
 1141 -155
 383 -154
 42 -153
 1 -152
 0 -151
 0 -150
 0 -149
 0 -148
 0 -147
 0 -146
 0 -145
 0 -144
 0 -143
 0 -142
 0 -141
 0 -140


