# Created by Octave 3.8.2, Sat Jun 20 22:01:25 2020 CEST <damian@fptrucha.inv.usc.es>
# name: hd
# type: matrix
# rows: 41
# columns: 2
 0 -180
 1 -179
 1 -178
 0 -177
 1 -176
 4 -175
 6 -174
 10 -173
 45 -172
 105 -171
 167 -170
 215 -169
 297 -168
 516 -167
 1233 -166
 2144 -165
 2982 -164
 3350 -163
 3502 -162
 3331 -161
 3410 -160
 3302 -159
 3216 -158
 3056 -157
 2273 -156
 1360 -155
 498 -154
 78 -153
 0 -152
 0 -151
 0 -150
 0 -149
 0 -148
 0 -147
 0 -146
 0 -145
 0 -144
 0 -143
 0 -142
 0 -141
 0 -140


