# Created by Octave 3.8.2, Mon Jun 22 19:57:22 2020 CEST <damian@fptrucha.inv.usc.es>
# name: hd
# type: matrix
# rows: 41
# columns: 2
 1 -180
 0 -179
 1 -178
 1 -177
 1 -176
 2 -175
 5 -174
 18 -173
 30 -172
 97 -171
 132 -170
 153 -169
 233 -168
 411 -167
 924 -166
 1618 -165
 2211 -164
 2349 -163
 2530 -162
 2512 -161
 2393 -160
 2255 -159
 2199 -158
 2020 -157
 1541 -156
 905 -155
 319 -154
 48 -153
 1 -152
 0 -151
 0 -150
 0 -149
 0 -148
 0 -147
 0 -146
 0 -145
 0 -144
 0 -143
 0 -142
 0 -141
 0 -140


