# Created by Octave 3.8.2, Sun Jun 21 06:22:56 2020 CEST <damian@fptrucha.inv.usc.es>
# name: hd
# type: matrix
# rows: 41
# columns: 2
 1 -180
 0 -179
 1 -178
 2 -177
 0 -176
 2 -175
 4 -174
 11 -173
 36 -172
 96 -171
 145 -170
 192 -169
 238 -168
 469 -167
 1104 -166
 2078 -165
 2992 -164
 3240 -163
 3414 -162
 3356 -161
 3243 -160
 3284 -159
 3192 -158
 2988 -157
 2252 -156
 1394 -155
 538 -154
 100 -153
 0 -152
 0 -151
 0 -150
 0 -149
 0 -148
 0 -147
 0 -146
 0 -145
 0 -144
 0 -143
 0 -142
 0 -141
 0 -140


