# Created by Octave 3.8.2, Mon Jun 22 12:43:03 2020 CEST <damian@fptrucha.inv.usc.es>
# name: hd
# type: matrix
# rows: 41
# columns: 2
 4 -180
 1 -179
 6 -178
 3 -177
 2 -176
 5 -175
 10 -174
 20 -173
 59 -172
 114 -171
 211 -170
 236 -169
 345 -168
 641 -167
 1382 -166
 2327 -165
 3319 -164
 3597 -163
 3490 -162
 3536 -161
 3456 -160
 3518 -159
 3210 -158
 2856 -157
 2266 -156
 1256 -155
 456 -154
 53 -153
 2 -152
 0 -151
 0 -150
 0 -149
 0 -148
 0 -147
 0 -146
 0 -145
 0 -144
 0 -143
 0 -142
 0 -141
 0 -140


