# Created by Octave 3.8.2, Mon Jun 22 01:59:52 2020 CEST <damian@fptrucha.inv.usc.es>
# name: hd
# type: matrix
# rows: 41
# columns: 2
 1 -180
 0 -179
 1 -178
 6 -177
 4 -176
 6 -175
 16 -174
 25 -173
 48 -172
 98 -171
 167 -170
 230 -169
 337 -168
 629 -167
 1334 -166
 2380 -165
 3218 -164
 3416 -163
 3450 -162
 3416 -161
 3448 -160
 3404 -159
 3196 -158
 2814 -157
 2324 -156
 1283 -155
 453 -154
 59 -153
 1 -152
 0 -151
 0 -150
 0 -149
 0 -148
 0 -147
 0 -146
 0 -145
 0 -144
 0 -143
 0 -142
 0 -141
 0 -140


