# Created by Octave 3.8.2, Sat Jun 20 07:30:15 2020 CEST <damian@fptrucha.inv.usc.es>
# name: hd
# type: matrix
# rows: 41
# columns: 2
 0 -180
 0 -179
 0 -178
 1 -177
 2 -176
 1 -175
 6 -174
 21 -173
 48 -172
 103 -171
 210 -170
 248 -169
 310 -168
 649 -167
 1314 -166
 2445 -165
 3393 -164
 3942 -163
 3974 -162
 3892 -161
 3924 -160
 3852 -159
 3819 -158
 3318 -157
 2696 -156
 1601 -155
 615 -154
 84 -153
 1 -152
 0 -151
 0 -150
 0 -149
 0 -148
 0 -147
 0 -146
 0 -145
 0 -144
 0 -143
 0 -142
 0 -141
 0 -140


