# Created by Octave 3.8.2, Sat Jun 20 18:16:52 2020 CEST <damian@fptrucha.inv.usc.es>
# name: hd
# type: matrix
# rows: 41
# columns: 2
 0 -180
 2 -179
 1 -178
 0 -177
 1 -176
 2 -175
 8 -174
 14 -173
 51 -172
 94 -171
 178 -170
 248 -169
 315 -168
 604 -167
 1204 -166
 2134 -165
 3071 -164
 3410 -163
 3407 -162
 3390 -161
 3373 -160
 3425 -159
 3232 -158
 2906 -157
 2376 -156
 1293 -155
 521 -154
 89 -153
 4 -152
 0 -151
 0 -150
 0 -149
 0 -148
 0 -147
 0 -146
 0 -145
 0 -144
 0 -143
 0 -142
 0 -141
 0 -140


