# Created by Octave 3.8.2, Mon Jun 22 15:21:23 2020 CEST <damian@fptrucha.inv.usc.es>
# name: hd
# type: matrix
# rows: 41
# columns: 2
 2 -180
 2 -179
 2 -178
 1 -177
 3 -176
 1 -175
 9 -174
 17 -173
 52 -172
 150 -171
 222 -170
 270 -169
 333 -168
 689 -167
 1347 -166
 2432 -165
 3251 -164
 3551 -163
 3496 -162
 3551 -161
 3621 -160
 3470 -159
 3335 -158
 3013 -157
 2385 -156
 1294 -155
 478 -154
 58 -153
 0 -152
 0 -151
 0 -150
 0 -149
 0 -148
 0 -147
 0 -146
 0 -145
 0 -144
 0 -143
 0 -142
 0 -141
 0 -140


