# Created by Octave 3.8.2, Sat Jun 20 02:39:15 2020 CEST <damian@fptrucha.inv.usc.es>
# name: hd
# type: matrix
# rows: 41
# columns: 2
 1 -180
 0 -179
 1 -178
 2 -177
 1 -176
 1 -175
 4 -174
 7 -173
 34 -172
 106 -171
 165 -170
 229 -169
 293 -168
 564 -167
 1192 -166
 2332 -165
 3351 -164
 3798 -163
 3759 -162
 3679 -161
 3735 -160
 3704 -159
 3493 -158
 3311 -157
 2553 -156
 1558 -155
 568 -154
 95 -153
 1 -152
 0 -151
 0 -150
 0 -149
 0 -148
 0 -147
 0 -146
 0 -145
 0 -144
 0 -143
 0 -142
 0 -141
 0 -140


