# Created by Octave 3.8.2, Sat Jun 20 03:49:29 2020 CEST <damian@fptrucha.inv.usc.es>
# name: hd
# type: matrix
# rows: 41
# columns: 2
 0 -180
 0 -179
 0 -178
 0 -177
 1 -176
 4 -175
 2 -174
 19 -173
 33 -172
 107 -171
 168 -170
 244 -169
 326 -168
 585 -167
 1266 -166
 2314 -165
 3355 -164
 3862 -163
 3668 -162
 3785 -161
 3754 -160
 3728 -159
 3577 -158
 3416 -157
 2604 -156
 1608 -155
 616 -154
 102 -153
 0 -152
 0 -151
 0 -150
 0 -149
 0 -148
 0 -147
 0 -146
 0 -145
 0 -144
 0 -143
 0 -142
 0 -141
 0 -140


