# Created by Octave 3.8.2, Sat Jun 20 04:56:01 2020 CEST <damian@fptrucha.inv.usc.es>
# name: hd
# type: matrix
# rows: 41
# columns: 2
 2 -180
 2 -179
 0 -178
 2 -177
 4 -176
 8 -175
 9 -174
 20 -173
 34 -172
 120 -171
 187 -170
 265 -169
 320 -168
 631 -167
 1327 -166
 2395 -165
 3626 -164
 3895 -163
 3902 -162
 3828 -161
 3693 -160
 3762 -159
 3560 -158
 3351 -157
 2547 -156
 1567 -155
 591 -154
 84 -153
 2 -152
 0 -151
 0 -150
 0 -149
 0 -148
 0 -147
 0 -146
 0 -145
 0 -144
 0 -143
 0 -142
 0 -141
 0 -140


