# Created by Octave 3.8.2, Sun Jun 21 01:05:57 2020 CEST <damian@fptrucha.inv.usc.es>
# name: hd
# type: matrix
# rows: 41
# columns: 2
 2 -180
 0 -179
 1 -178
 1 -177
 1 -176
 1 -175
 4 -174
 15 -173
 40 -172
 78 -171
 161 -170
 210 -169
 283 -168
 528 -167
 1155 -166
 2091 -165
 2967 -164
 3344 -163
 3332 -162
 3352 -161
 3225 -160
 3286 -159
 3139 -158
 2940 -157
 2243 -156
 1346 -155
 520 -154
 79 -153
 2 -152
 0 -151
 0 -150
 0 -149
 0 -148
 0 -147
 0 -146
 0 -145
 0 -144
 0 -143
 0 -142
 0 -141
 0 -140


