# Created by Octave 3.8.2, Mon Jun 22 15:04:03 2020 CEST <damian@fptrucha.inv.usc.es>
# name: hd
# type: matrix
# rows: 41
# columns: 2
 1 -180
 1 -179
 1 -178
 2 -177
 4 -176
 6 -175
 7 -174
 33 -173
 53 -172
 123 -171
 209 -170
 261 -169
 330 -168
 601 -167
 1330 -166
 2395 -165
 3295 -164
 3506 -163
 3564 -162
 3673 -161
 3641 -160
 3473 -159
 3281 -158
 2888 -157
 2311 -156
 1329 -155
 484 -154
 59 -153
 0 -152
 0 -151
 0 -150
 0 -149
 0 -148
 0 -147
 0 -146
 0 -145
 0 -144
 0 -143
 0 -142
 0 -141
 0 -140


