# Created by Octave 3.8.2, Sun Jun 21 06:28:22 2020 CEST <damian@fptrucha.inv.usc.es>
# name: hd
# type: matrix
# rows: 41
# columns: 2
 1 -180
 0 -179
 0 -178
 1 -177
 2 -176
 2 -175
 3 -174
 6 -173
 36 -172
 86 -171
 170 -170
 198 -169
 252 -168
 508 -167
 1145 -166
 2135 -165
 2896 -164
 3415 -163
 3385 -162
 3342 -161
 3301 -160
 3325 -159
 3217 -158
 3065 -157
 2329 -156
 1360 -155
 528 -154
 102 -153
 3 -152
 0 -151
 0 -150
 0 -149
 0 -148
 0 -147
 0 -146
 0 -145
 0 -144
 0 -143
 0 -142
 0 -141
 0 -140


