# Created by Octave 3.8.2, Mon Jun 22 15:07:20 2020 CEST <damian@fptrucha.inv.usc.es>
# name: hd
# type: matrix
# rows: 41
# columns: 2
 1 -180
 2 -179
 2 -178
 4 -177
 0 -176
 5 -175
 16 -174
 19 -173
 52 -172
 132 -171
 221 -170
 231 -169
 342 -168
 611 -167
 1356 -166
 2413 -165
 3282 -164
 3450 -163
 3582 -162
 3702 -161
 3506 -160
 3528 -159
 3276 -158
 2947 -157
 2372 -156
 1296 -155
 451 -154
 52 -153
 2 -152
 0 -151
 0 -150
 0 -149
 0 -148
 0 -147
 0 -146
 0 -145
 0 -144
 0 -143
 0 -142
 0 -141
 0 -140


