# Created by Octave 3.8.2, Sat Jun 20 11:52:49 2020 CEST <damian@fptrucha.inv.usc.es>
# name: hd
# type: matrix
# rows: 41
# columns: 2
 0 -180
 0 -179
 1 -178
 1 -177
 2 -176
 2 -175
 4 -174
 20 -173
 45 -172
 117 -171
 208 -170
 271 -169
 337 -168
 688 -167
 1382 -166
 2384 -165
 3430 -164
 3783 -163
 3751 -162
 3783 -161
 3660 -160
 3708 -159
 3585 -158
 3190 -157
 2558 -156
 1509 -155
 565 -154
 93 -153
 2 -152
 0 -151
 0 -150
 0 -149
 0 -148
 0 -147
 0 -146
 0 -145
 0 -144
 0 -143
 0 -142
 0 -141
 0 -140


