# Created by Octave 3.8.2, Sat Jun 20 18:22:02 2020 CEST <damian@fptrucha.inv.usc.es>
# name: hd
# type: matrix
# rows: 41
# columns: 2
 1 -180
 1 -179
 1 -178
 2 -177
 1 -176
 1 -175
 4 -174
 22 -173
 35 -172
 103 -171
 183 -170
 238 -169
 292 -168
 569 -167
 1194 -166
 2192 -165
 3057 -164
 3477 -163
 3574 -162
 3493 -161
 3438 -160
 3298 -159
 3270 -158
 3028 -157
 2408 -156
 1420 -155
 507 -154
 62 -153
 0 -152
 0 -151
 0 -150
 0 -149
 0 -148
 0 -147
 0 -146
 0 -145
 0 -144
 0 -143
 0 -142
 0 -141
 0 -140


