# Created by Octave 3.8.2, Mon Jun 22 19:56:36 2020 CEST <damian@fptrucha.inv.usc.es>
# name: hd
# type: matrix
# rows: 41
# columns: 2
 2 -180
 1 -179
 3 -178
 1 -177
 1 -176
 8 -175
 8 -174
 23 -173
 53 -172
 120 -171
 189 -170
 234 -169
 316 -168
 574 -167
 1392 -166
 2518 -165
 3286 -164
 3575 -163
 3637 -162
 3674 -161
 3648 -160
 3607 -159
 3313 -158
 3020 -157
 2451 -156
 1346 -155
 476 -154
 69 -153
 0 -152
 0 -151
 0 -150
 0 -149
 0 -148
 0 -147
 0 -146
 0 -145
 0 -144
 0 -143
 0 -142
 0 -141
 0 -140


