# Created by Octave 3.8.2, Mon Jun 22 02:43:13 2020 CEST <damian@fptrucha.inv.usc.es>
# name: hd
# type: matrix
# rows: 41
# columns: 2
 2 -180
 5 -179
 7 -178
 1 -177
 6 -176
 5 -175
 20 -174
 13 -173
 40 -172
 132 -171
 188 -170
 246 -169
 325 -168
 602 -167
 1265 -166
 2271 -165
 2967 -164
 3138 -163
 3175 -162
 3220 -161
 3199 -160
 3132 -159
 3006 -158
 2703 -157
 2167 -156
 1221 -155
 445 -154
 57 -153
 3 -152
 0 -151
 0 -150
 0 -149
 0 -148
 0 -147
 0 -146
 0 -145
 0 -144
 0 -143
 0 -142
 0 -141
 0 -140


