# Created by Octave 3.8.2, Mon Jun 22 11:19:24 2020 CEST <damian@fptrucha.inv.usc.es>
# name: hd
# type: matrix
# rows: 41
# columns: 2
 2 -180
 3 -179
 3 -178
 1 -177
 4 -176
 1 -175
 4 -174
 19 -173
 50 -172
 134 -171
 208 -170
 265 -169
 325 -168
 670 -167
 1422 -166
 2366 -165
 3169 -164
 3332 -163
 3420 -162
 3501 -161
 3490 -160
 3340 -159
 3024 -158
 2866 -157
 2160 -156
 1261 -155
 389 -154
 42 -153
 0 -152
 0 -151
 0 -150
 0 -149
 0 -148
 0 -147
 0 -146
 0 -145
 0 -144
 0 -143
 0 -142
 0 -141
 0 -140


