# Created by Octave 3.8.2, Sun Jun 21 03:02:29 2020 CEST <damian@fptrucha.inv.usc.es>
# name: hd
# type: matrix
# rows: 41
# columns: 2
 0 -180
 4 -179
 0 -178
 1 -177
 1 -176
 3 -175
 6 -174
 17 -173
 38 -172
 102 -171
 192 -170
 225 -169
 261 -168
 511 -167
 1040 -166
 2027 -165
 3033 -164
 3390 -163
 3366 -162
 3215 -161
 3289 -160
 3217 -159
 3141 -158
 2864 -157
 2301 -156
 1267 -155
 477 -154
 74 -153
 0 -152
 0 -151
 0 -150
 0 -149
 0 -148
 0 -147
 0 -146
 0 -145
 0 -144
 0 -143
 0 -142
 0 -141
 0 -140


