# Created by Octave 3.8.2, Mon Jun 22 21:46:25 2020 CEST <damian@fptrucha.inv.usc.es>
# name: hd
# type: matrix
# rows: 41
# columns: 2
 2 -180
 2 -179
 2 -178
 4 -177
 2 -176
 5 -175
 6 -174
 17 -173
 39 -172
 141 -171
 183 -170
 241 -169
 345 -168
 605 -167
 1316 -166
 2308 -165
 3244 -164
 3701 -163
 3560 -162
 3667 -161
 3598 -160
 3684 -159
 3574 -158
 3154 -157
 2567 -156
 1522 -155
 587 -154
 95 -153
 0 -152
 0 -151
 0 -150
 0 -149
 0 -148
 0 -147
 0 -146
 0 -145
 0 -144
 0 -143
 0 -142
 0 -141
 0 -140


