# Created by Octave 3.8.2, Sat Jun 20 14:57:16 2020 CEST <damian@fptrucha.inv.usc.es>
# name: hd
# type: matrix
# rows: 41
# columns: 2
 1 -180
 0 -179
 0 -178
 0 -177
 2 -176
 3 -175
 4 -174
 13 -173
 56 -172
 105 -171
 195 -170
 264 -169
 318 -168
 606 -167
 1321 -166
 2269 -165
 3138 -164
 3595 -163
 3574 -162
 3521 -161
 3564 -160
 3460 -159
 3352 -158
 3134 -157
 2377 -156
 1409 -155
 580 -154
 85 -153
 6 -152
 0 -151
 0 -150
 0 -149
 0 -148
 0 -147
 0 -146
 0 -145
 0 -144
 0 -143
 0 -142
 0 -141
 0 -140


