# Created by Octave 3.8.2, Sat Jun 20 19:42:04 2020 CEST <damian@fptrucha.inv.usc.es>
# name: hd
# type: matrix
# rows: 41
# columns: 2
 0 -180
 1 -179
 0 -178
 1 -177
 3 -176
 3 -175
 12 -174
 12 -173
 44 -172
 107 -171
 176 -170
 232 -169
 315 -168
 575 -167
 1205 -166
 2217 -165
 3172 -164
 3454 -163
 3509 -162
 3477 -161
 3344 -160
 3280 -159
 3303 -158
 2890 -157
 2352 -156
 1313 -155
 523 -154
 68 -153
 4 -152
 1 -151
 0 -150
 0 -149
 0 -148
 0 -147
 0 -146
 0 -145
 0 -144
 0 -143
 0 -142
 0 -141
 0 -140


