# Created by Octave 3.8.2, Sat Jun 20 09:35:55 2020 CEST <damian@fptrucha.inv.usc.es>
# name: hd
# type: matrix
# rows: 41
# columns: 2
 0 -180
 0 -179
 0 -178
 1 -177
 1 -176
 1 -175
 8 -174
 20 -173
 50 -172
 133 -171
 225 -170
 292 -169
 332 -168
 676 -167
 1317 -166
 2489 -165
 3556 -164
 3922 -163
 3861 -162
 3751 -161
 3892 -160
 3755 -159
 3648 -158
 3351 -157
 2662 -156
 1558 -155
 578 -154
 89 -153
 0 -152
 0 -151
 0 -150
 0 -149
 0 -148
 0 -147
 0 -146
 0 -145
 0 -144
 0 -143
 0 -142
 0 -141
 0 -140


