# Created by Octave 3.8.2, Mon Jun 22 22:06:08 2020 CEST <damian@fptrucha.inv.usc.es>
# name: hd
# type: matrix
# rows: 41
# columns: 2
 0 -180
 1 -179
 0 -178
 1 -177
 0 -176
 2 -175
 7 -174
 16 -173
 58 -172
 139 -171
 210 -170
 266 -169
 334 -168
 576 -167
 1334 -166
 2312 -165
 3353 -164
 3855 -163
 3643 -162
 3733 -161
 3503 -160
 3551 -159
 3437 -158
 3130 -157
 2607 -156
 1496 -155
 550 -154
 88 -153
 1 -152
 0 -151
 0 -150
 0 -149
 0 -148
 0 -147
 0 -146
 0 -145
 0 -144
 0 -143
 0 -142
 0 -141
 0 -140


