# Created by Octave 3.8.2, Mon Jun 22 06:19:48 2020 CEST <damian@fptrucha.inv.usc.es>
# name: hd
# type: matrix
# rows: 41
# columns: 2
 4 -180
 1 -179
 3 -178
 4 -177
 5 -176
 9 -175
 9 -174
 22 -173
 72 -172
 128 -171
 195 -170
 229 -169
 288 -168
 587 -167
 1285 -166
 2317 -165
 3038 -164
 3289 -163
 3244 -162
 3290 -161
 3270 -160
 3287 -159
 2944 -158
 2688 -157
 2151 -156
 1148 -155
 434 -154
 48 -153
 2 -152
 0 -151
 0 -150
 0 -149
 0 -148
 0 -147
 0 -146
 0 -145
 0 -144
 0 -143
 0 -142
 0 -141
 0 -140


