# Created by Octave 3.8.2, Mon Jun 22 17:49:51 2020 CEST <damian@fptrucha.inv.usc.es>
# name: hd
# type: matrix
# rows: 41
# columns: 2
 1 -180
 0 -179
 2 -178
 2 -177
 3 -176
 2 -175
 11 -174
 24 -173
 58 -172
 123 -171
 226 -170
 275 -169
 342 -168
 671 -167
 1455 -166
 2502 -165
 3329 -164
 3496 -163
 3513 -162
 3616 -161
 3588 -160
 3559 -159
 3227 -158
 3011 -157
 2394 -156
 1303 -155
 444 -154
 63 -153
 0 -152
 0 -151
 0 -150
 0 -149
 0 -148
 0 -147
 0 -146
 0 -145
 0 -144
 0 -143
 0 -142
 0 -141
 0 -140


