# Created by Octave 3.8.2, Sat Jun 20 11:22:11 2020 CEST <damian@fptrucha.inv.usc.es>
# name: hd
# type: matrix
# rows: 41
# columns: 2
 0 -180
 0 -179
 1 -178
 3 -177
 2 -176
 3 -175
 7 -174
 21 -173
 44 -172
 129 -171
 215 -170
 293 -169
 350 -168
 638 -167
 1415 -166
 2391 -165
 3440 -164
 3959 -163
 3856 -162
 3705 -161
 3657 -160
 3779 -159
 3543 -158
 3302 -157
 2557 -156
 1555 -155
 634 -154
 98 -153
 3 -152
 0 -151
 0 -150
 0 -149
 0 -148
 0 -147
 0 -146
 0 -145
 0 -144
 0 -143
 0 -142
 0 -141
 0 -140


