# Created by Octave 3.8.2, Mon Jun 22 18:32:04 2020 CEST <damian@fptrucha.inv.usc.es>
# name: hd
# type: matrix
# rows: 41
# columns: 2
 0 -180
 0 -179
 2 -178
 1 -177
 7 -176
 3 -175
 6 -174
 26 -173
 58 -172
 120 -171
 199 -170
 241 -169
 341 -168
 630 -167
 1389 -166
 2508 -165
 3337 -164
 3484 -163
 3490 -162
 3619 -161
 3580 -160
 3468 -159
 3308 -158
 3063 -157
 2372 -156
 1347 -155
 471 -154
 51 -153
 2 -152
 0 -151
 0 -150
 0 -149
 0 -148
 0 -147
 0 -146
 0 -145
 0 -144
 0 -143
 0 -142
 0 -141
 0 -140


