# Created by Octave 3.8.2, Sat Jun 20 20:39:24 2020 CEST <damian@fptrucha.inv.usc.es>
# name: hd
# type: matrix
# rows: 41
# columns: 2
 0 -180
 1 -179
 0 -178
 0 -177
 5 -176
 2 -175
 4 -174
 14 -173
 40 -172
 88 -171
 188 -170
 244 -169
 304 -168
 576 -167
 1201 -166
 2171 -165
 3183 -164
 3391 -163
 3448 -162
 3342 -161
 3394 -160
 3358 -159
 3340 -158
 3002 -157
 2289 -156
 1342 -155
 535 -154
 86 -153
 1 -152
 0 -151
 0 -150
 0 -149
 0 -148
 0 -147
 0 -146
 0 -145
 0 -144
 0 -143
 0 -142
 0 -141
 0 -140


