# Created by Octave 3.8.2, Sat Jun 20 03:33:26 2020 CEST <damian@fptrucha.inv.usc.es>
# name: hd
# type: matrix
# rows: 41
# columns: 2
 0 -180
 1 -179
 1 -178
 2 -177
 0 -176
 0 -175
 6 -174
 15 -173
 43 -172
 110 -171
 197 -170
 252 -169
 327 -168
 552 -167
 1340 -166
 2352 -165
 3405 -164
 3916 -163
 3711 -162
 3749 -161
 3804 -160
 3694 -159
 3706 -158
 3272 -157
 2480 -156
 1473 -155
 605 -154
 79 -153
 6 -152
 0 -151
 0 -150
 0 -149
 0 -148
 0 -147
 0 -146
 0 -145
 0 -144
 0 -143
 0 -142
 0 -141
 0 -140


