# Created by Octave 3.8.2, Sun Jun 21 05:57:45 2020 CEST <damian@fptrucha.inv.usc.es>
# name: hd
# type: matrix
# rows: 41
# columns: 2
 2 -180
 0 -179
 0 -178
 1 -177
 3 -176
 4 -175
 10 -174
 7 -173
 47 -172
 88 -171
 160 -170
 212 -169
 242 -168
 523 -167
 1164 -166
 2068 -165
 2966 -164
 3187 -163
 3410 -162
 3267 -161
 3237 -160
 3280 -159
 2961 -158
 2874 -157
 2127 -156
 1337 -155
 510 -154
 97 -153
 1 -152
 0 -151
 0 -150
 0 -149
 0 -148
 0 -147
 0 -146
 0 -145
 0 -144
 0 -143
 0 -142
 0 -141
 0 -140


