# Created by Octave 3.8.2, Mon Jun 22 14:39:40 2020 CEST <damian@fptrucha.inv.usc.es>
# name: hd
# type: matrix
# rows: 41
# columns: 2
 1 -180
 1 -179
 5 -178
 2 -177
 7 -176
 10 -175
 8 -174
 20 -173
 58 -172
 137 -171
 202 -170
 259 -169
 319 -168
 614 -167
 1330 -166
 2442 -165
 3257 -164
 3321 -163
 3519 -162
 3562 -161
 3612 -160
 3408 -159
 3116 -158
 2874 -157
 2346 -156
 1281 -155
 440 -154
 44 -153
 2 -152
 1 -151
 0 -150
 0 -149
 0 -148
 0 -147
 0 -146
 0 -145
 0 -144
 0 -143
 0 -142
 0 -141
 0 -140


