# Created by Octave 3.8.2, Sat Jun 20 15:04:07 2020 CEST <damian@fptrucha.inv.usc.es>
# name: hd
# type: matrix
# rows: 41
# columns: 2
 1 -180
 0 -179
 1 -178
 1 -177
 1 -176
 2 -175
 4 -174
 20 -173
 41 -172
 110 -171
 159 -170
 268 -169
 303 -168
 599 -167
 1246 -166
 2344 -165
 3201 -164
 3520 -163
 3570 -162
 3469 -161
 3486 -160
 3525 -159
 3228 -158
 3113 -157
 2425 -156
 1409 -155
 563 -154
 111 -153
 2 -152
 0 -151
 0 -150
 0 -149
 0 -148
 0 -147
 0 -146
 0 -145
 0 -144
 0 -143
 0 -142
 0 -141
 0 -140


