# Created by Octave 3.8.2, Mon Jun 22 01:47:45 2020 CEST <damian@fptrucha.inv.usc.es>
# name: hd
# type: matrix
# rows: 41
# columns: 2
 1 -180
 1 -179
 2 -178
 1 -177
 7 -176
 3 -175
 15 -174
 14 -173
 47 -172
 114 -171
 155 -170
 251 -169
 355 -168
 584 -167
 1331 -166
 2330 -165
 3246 -164
 3511 -163
 3552 -162
 3433 -161
 3429 -160
 3468 -159
 3426 -158
 2841 -157
 2351 -156
 1258 -155
 461 -154
 49 -153
 2 -152
 0 -151
 0 -150
 0 -149
 0 -148
 0 -147
 0 -146
 0 -145
 0 -144
 0 -143
 0 -142
 0 -141
 0 -140


