# Created by Octave 3.8.2, Sat Jun 20 05:03:08 2020 CEST <damian@fptrucha.inv.usc.es>
# name: hd
# type: matrix
# rows: 41
# columns: 2
 0 -180
 1 -179
 0 -178
 1 -177
 0 -176
 2 -175
 5 -174
 15 -173
 50 -172
 123 -171
 171 -170
 266 -169
 296 -168
 599 -167
 1269 -166
 2384 -165
 3481 -164
 3824 -163
 3760 -162
 3793 -161
 3768 -160
 3691 -159
 3580 -158
 3156 -157
 2548 -156
 1510 -155
 587 -154
 96 -153
 5 -152
 0 -151
 0 -150
 0 -149
 0 -148
 0 -147
 0 -146
 0 -145
 0 -144
 0 -143
 0 -142
 0 -141
 0 -140


