# Created by Octave 3.8.2, Mon Jun 22 05:55:22 2020 CEST <damian@fptrucha.inv.usc.es>
# name: hd
# type: matrix
# rows: 41
# columns: 2
 4 -180
 2 -179
 3 -178
 1 -177
 2 -176
 3 -175
 10 -174
 30 -173
 50 -172
 124 -171
 192 -170
 232 -169
 296 -168
 514 -167
 1246 -166
 2194 -165
 2999 -164
 3197 -163
 3100 -162
 3324 -161
 3162 -160
 3144 -159
 2943 -158
 2764 -157
 2134 -156
 1193 -155
 441 -154
 64 -153
 1 -152
 0 -151
 0 -150
 0 -149
 0 -148
 0 -147
 0 -146
 0 -145
 0 -144
 0 -143
 0 -142
 0 -141
 0 -140


