# Created by Octave 3.8.2, Mon Jun 22 16:42:55 2020 CEST <damian@fptrucha.inv.usc.es>
# name: hd
# type: matrix
# rows: 41
# columns: 2
 1 -180
 2 -179
 4 -178
 3 -177
 3 -176
 6 -175
 6 -174
 17 -173
 58 -172
 120 -171
 214 -170
 277 -169
 334 -168
 629 -167
 1450 -166
 2458 -165
 3425 -164
 3430 -163
 3546 -162
 3571 -161
 3594 -160
 3469 -159
 3219 -158
 3023 -157
 2377 -156
 1235 -155
 428 -154
 50 -153
 0 -152
 0 -151
 0 -150
 0 -149
 0 -148
 0 -147
 0 -146
 0 -145
 0 -144
 0 -143
 0 -142
 0 -141
 0 -140


