# Created by Octave 3.8.2, Mon Jun 22 20:47:34 2020 CEST <damian@fptrucha.inv.usc.es>
# name: hd
# type: matrix
# rows: 41
# columns: 2
 1 -180
 0 -179
 2 -178
 2 -177
 2 -176
 5 -175
 8 -174
 17 -173
 41 -172
 141 -171
 221 -170
 245 -169
 368 -168
 695 -167
 1478 -166
 2466 -165
 3414 -164
 3586 -163
 3563 -162
 3656 -161
 3654 -160
 3532 -159
 3366 -158
 3193 -157
 2330 -156
 1381 -155
 460 -154
 61 -153
 1 -152
 0 -151
 0 -150
 0 -149
 0 -148
 0 -147
 0 -146
 0 -145
 0 -144
 0 -143
 0 -142
 0 -141
 0 -140


