# Created by Octave 3.8.2, Sun Jun 21 03:13:57 2020 CEST <damian@fptrucha.inv.usc.es>
# name: hd
# type: matrix
# rows: 41
# columns: 2
 1 -180
 0 -179
 4 -178
 0 -177
 1 -176
 3 -175
 3 -174
 10 -173
 40 -172
 104 -171
 189 -170
 219 -169
 284 -168
 523 -167
 1188 -166
 2048 -165
 3000 -164
 3564 -163
 3390 -162
 3380 -161
 3246 -160
 3235 -159
 3122 -158
 2988 -157
 2227 -156
 1354 -155
 516 -154
 77 -153
 3 -152
 0 -151
 0 -150
 0 -149
 0 -148
 0 -147
 0 -146
 0 -145
 0 -144
 0 -143
 0 -142
 0 -141
 0 -140


