# Created by Octave 3.8.2, Mon Jun 22 23:13:54 2020 CEST <damian@fptrucha.inv.usc.es>
# name: hd
# type: matrix
# rows: 41
# columns: 2
 2 -180
 0 -179
 0 -178
 1 -177
 2 -176
 2 -175
 12 -174
 21 -173
 39 -172
 120 -171
 245 -170
 275 -169
 354 -168
 584 -167
 1307 -166
 2394 -165
 3256 -164
 3877 -163
 3723 -162
 3768 -161
 3644 -160
 3548 -159
 3482 -158
 3227 -157
 2466 -156
 1498 -155
 523 -154
 79 -153
 1 -152
 0 -151
 0 -150
 0 -149
 0 -148
 0 -147
 0 -146
 0 -145
 0 -144
 0 -143
 0 -142
 0 -141
 0 -140


