# Created by Octave 3.8.2, Mon Jun 22 20:07:44 2020 CEST <damian@fptrucha.inv.usc.es>
# name: hd
# type: matrix
# rows: 41
# columns: 2
 1 -180
 0 -179
 1 -178
 1 -177
 2 -176
 4 -175
 10 -174
 30 -173
 55 -172
 151 -171
 194 -170
 290 -169
 328 -168
 630 -167
 1366 -166
 2478 -165
 3366 -164
 3528 -163
 3723 -162
 3610 -161
 3737 -160
 3638 -159
 3381 -158
 3019 -157
 2485 -156
 1334 -155
 464 -154
 63 -153
 1 -152
 0 -151
 0 -150
 0 -149
 0 -148
 0 -147
 0 -146
 0 -145
 0 -144
 0 -143
 0 -142
 0 -141
 0 -140


