# Created by Octave 3.8.2, Mon Jun 22 07:53:03 2020 CEST <damian@fptrucha.inv.usc.es>
# name: hd
# type: matrix
# rows: 41
# columns: 2
 1 -180
 4 -179
 5 -178
 0 -177
 3 -176
 5 -175
 11 -174
 24 -173
 55 -172
 126 -171
 177 -170
 266 -169
 327 -168
 615 -167
 1292 -166
 2330 -165
 3108 -164
 3266 -163
 3308 -162
 3337 -161
 3229 -160
 3227 -159
 3007 -158
 2792 -157
 2268 -156
 1262 -155
 443 -154
 41 -153
 5 -152
 0 -151
 0 -150
 0 -149
 0 -148
 0 -147
 0 -146
 0 -145
 0 -144
 0 -143
 0 -142
 0 -141
 0 -140


