# Created by Octave 3.8.2, Mon Jun 22 04:01:27 2020 CEST <damian@fptrucha.inv.usc.es>
# name: hd
# type: matrix
# rows: 41
# columns: 2
 1 -180
 2 -179
 5 -178
 1 -177
 6 -176
 8 -175
 12 -174
 22 -173
 49 -172
 112 -171
 150 -170
 218 -169
 290 -168
 562 -167
 1303 -166
 2252 -165
 2918 -164
 3131 -163
 3180 -162
 3197 -161
 3209 -160
 3135 -159
 3003 -158
 2631 -157
 2007 -156
 1161 -155
 358 -154
 56 -153
 2 -152
 0 -151
 0 -150
 0 -149
 0 -148
 0 -147
 0 -146
 0 -145
 0 -144
 0 -143
 0 -142
 0 -141
 0 -140


