# Created by Octave 3.8.2, Sat Jun 20 17:10:09 2020 CEST <damian@fptrucha.inv.usc.es>
# name: hd
# type: matrix
# rows: 41
# columns: 2
 0 -180
 2 -179
 0 -178
 2 -177
 0 -176
 3 -175
 3 -174
 9 -173
 49 -172
 100 -171
 178 -170
 247 -169
 309 -168
 593 -167
 1157 -166
 2191 -165
 3216 -164
 3519 -163
 3580 -162
 3536 -161
 3528 -160
 3561 -159
 3287 -158
 3041 -157
 2425 -156
 1394 -155
 587 -154
 89 -153
 2 -152
 0 -151
 0 -150
 0 -149
 0 -148
 0 -147
 0 -146
 0 -145
 0 -144
 0 -143
 0 -142
 0 -141
 0 -140


