# Created by Octave 3.8.2, Sat Jun 20 21:30:59 2020 CEST <damian@fptrucha.inv.usc.es>
# name: hd
# type: matrix
# rows: 41
# columns: 2
 0 -180
 0 -179
 0 -178
 2 -177
 1 -176
 1 -175
 6 -174
 15 -173
 42 -172
 116 -171
 158 -170
 225 -169
 309 -168
 486 -167
 1223 -166
 2125 -165
 3105 -164
 3409 -163
 3413 -162
 3383 -161
 3402 -160
 3288 -159
 3150 -158
 2960 -157
 2265 -156
 1407 -155
 553 -154
 78 -153
 3 -152
 0 -151
 0 -150
 0 -149
 0 -148
 0 -147
 0 -146
 0 -145
 0 -144
 0 -143
 0 -142
 0 -141
 0 -140


