# Created by Octave 3.8.2, Tue Jun 23 00:02:08 2020 CEST <damian@fptrucha.inv.usc.es>
# name: hd
# type: matrix
# rows: 41
# columns: 2
 3 -180
 1 -179
 1 -178
 1 -177
 2 -176
 6 -175
 11 -174
 10 -173
 46 -172
 120 -171
 165 -170
 250 -169
 297 -168
 556 -167
 1283 -166
 2324 -165
 3394 -164
 3747 -163
 3685 -162
 3651 -161
 3621 -160
 3600 -159
 3542 -158
 3082 -157
 2574 -156
 1499 -155
 564 -154
 91 -153
 3 -152
 0 -151
 0 -150
 0 -149
 0 -148
 0 -147
 0 -146
 0 -145
 0 -144
 0 -143
 0 -142
 0 -141
 0 -140


