# Created by Octave 3.8.2, Sat Jun 20 07:47:56 2020 CEST <damian@fptrucha.inv.usc.es>
# name: hd
# type: matrix
# rows: 41
# columns: 2
 0 -180
 1 -179
 2 -178
 0 -177
 2 -176
 3 -175
 4 -174
 17 -173
 43 -172
 118 -171
 183 -170
 263 -169
 345 -168
 622 -167
 1274 -166
 2453 -165
 3434 -164
 3863 -163
 3954 -162
 3876 -161
 3878 -160
 3771 -159
 3757 -158
 3398 -157
 2709 -156
 1601 -155
 625 -154
 111 -153
 1 -152
 0 -151
 0 -150
 0 -149
 0 -148
 0 -147
 0 -146
 0 -145
 0 -144
 0 -143
 0 -142
 0 -141
 0 -140


