# Created by Octave 3.8.2, Mon Jun 22 19:54:17 2020 CEST <damian@fptrucha.inv.usc.es>
# name: hd
# type: matrix
# rows: 41
# columns: 2
 2 -180
 3 -179
 1 -178
 2 -177
 2 -176
 5 -175
 6 -174
 26 -173
 65 -172
 154 -171
 179 -170
 244 -169
 349 -168
 679 -167
 1345 -166
 2494 -165
 3388 -164
 3499 -163
 3561 -162
 3596 -161
 3659 -160
 3661 -159
 3405 -158
 2932 -157
 2396 -156
 1301 -155
 485 -154
 78 -153
 0 -152
 0 -151
 0 -150
 0 -149
 0 -148
 0 -147
 0 -146
 0 -145
 0 -144
 0 -143
 0 -142
 0 -141
 0 -140


