# Created by Octave 3.8.2, Sat Jun 20 03:41:07 2020 CEST <damian@fptrucha.inv.usc.es>
# name: hd
# type: matrix
# rows: 41
# columns: 2
 1 -180
 1 -179
 1 -178
 0 -177
 2 -176
 3 -175
 5 -174
 19 -173
 45 -172
 108 -171
 173 -170
 195 -169
 264 -168
 532 -167
 1263 -166
 2304 -165
 3408 -164
 3740 -163
 3728 -162
 3742 -161
 3762 -160
 3721 -159
 3498 -158
 3348 -157
 2572 -156
 1499 -155
 589 -154
 103 -153
 6 -152
 0 -151
 0 -150
 0 -149
 0 -148
 0 -147
 0 -146
 0 -145
 0 -144
 0 -143
 0 -142
 0 -141
 0 -140


