# Created by Octave 3.8.2, Mon Jun 22 23:17:37 2020 CEST <damian@fptrucha.inv.usc.es>
# name: hd
# type: matrix
# rows: 41
# columns: 2
 4 -180
 3 -179
 1 -178
 1 -177
 1 -176
 4 -175
 9 -174
 14 -173
 49 -172
 143 -171
 211 -170
 299 -169
 352 -168
 657 -167
 1305 -166
 2352 -165
 3400 -164
 3703 -163
 3710 -162
 3757 -161
 3621 -160
 3645 -159
 3494 -158
 3204 -157
 2506 -156
 1495 -155
 542 -154
 80 -153
 3 -152
 0 -151
 0 -150
 0 -149
 0 -148
 0 -147
 0 -146
 0 -145
 0 -144
 0 -143
 0 -142
 0 -141
 0 -140


