# Created by Octave 3.8.2, Mon Jun 22 01:28:05 2020 CEST <damian@fptrucha.inv.usc.es>
# name: hd
# type: matrix
# rows: 41
# columns: 2
 2 -180
 1 -179
 0 -178
 0 -177
 1 -176
 2 -175
 7 -174
 17 -173
 51 -172
 119 -171
 201 -170
 231 -169
 299 -168
 557 -167
 1164 -166
 2152 -165
 3091 -164
 3516 -163
 3552 -162
 3399 -161
 3340 -160
 3310 -159
 3219 -158
 3069 -157
 2325 -156
 1358 -155
 521 -154
 111 -153
 2 -152
 0 -151
 0 -150
 0 -149
 0 -148
 0 -147
 0 -146
 0 -145
 0 -144
 0 -143
 0 -142
 0 -141
 0 -140


