# Created by Octave 3.8.2, Mon Jun 22 09:57:38 2020 CEST <damian@fptrucha.inv.usc.es>
# name: hd
# type: matrix
# rows: 41
# columns: 2
 1 -180
 1 -179
 4 -178
 2 -177
 4 -176
 4 -175
 9 -174
 19 -173
 53 -172
 132 -171
 205 -170
 240 -169
 316 -168
 595 -167
 1279 -166
 2295 -165
 3057 -164
 3372 -163
 3402 -162
 3431 -161
 3304 -160
 3252 -159
 3223 -158
 2846 -157
 2242 -156
 1226 -155
 473 -154
 53 -153
 2 -152
 0 -151
 0 -150
 0 -149
 0 -148
 0 -147
 0 -146
 0 -145
 0 -144
 0 -143
 0 -142
 0 -141
 0 -140


