# Created by Octave 3.8.2, Sun Jun 21 05:48:55 2020 CEST <damian@fptrucha.inv.usc.es>
# name: hd
# type: matrix
# rows: 41
# columns: 2
 0 -180
 1 -179
 0 -178
 1 -177
 1 -176
 3 -175
 8 -174
 16 -173
 43 -172
 98 -171
 188 -170
 212 -169
 290 -168
 577 -167
 1226 -166
 2109 -165
 2962 -164
 3486 -163
 3421 -162
 3354 -161
 3281 -160
 3352 -159
 3262 -158
 2895 -157
 2272 -156
 1324 -155
 523 -154
 82 -153
 2 -152
 0 -151
 0 -150
 0 -149
 0 -148
 0 -147
 0 -146
 0 -145
 0 -144
 0 -143
 0 -142
 0 -141
 0 -140


