# Created by Octave 3.8.2, Mon Jun 22 12:45:09 2020 CEST <damian@fptrucha.inv.usc.es>
# name: hd
# type: matrix
# rows: 41
# columns: 2
 5 -180
 3 -179
 1 -178
 3 -177
 5 -176
 4 -175
 8 -174
 12 -173
 49 -172
 135 -171
 196 -170
 274 -169
 317 -168
 628 -167
 1351 -166
 2377 -165
 3208 -164
 3436 -163
 3486 -162
 3507 -161
 3420 -160
 3359 -159
 3096 -158
 2814 -157
 2279 -156
 1296 -155
 412 -154
 56 -153
 3 -152
 0 -151
 0 -150
 0 -149
 0 -148
 0 -147
 0 -146
 0 -145
 0 -144
 0 -143
 0 -142
 0 -141
 0 -140


