# Created by Octave 3.8.2, Mon Jun 22 18:00:48 2020 CEST <damian@fptrucha.inv.usc.es>
# name: hd
# type: matrix
# rows: 41
# columns: 2
 1 -180
 2 -179
 2 -178
 1 -177
 3 -176
 2 -175
 10 -174
 20 -173
 57 -172
 119 -171
 205 -170
 226 -169
 300 -168
 588 -167
 1390 -166
 2359 -165
 3407 -164
 3468 -163
 3574 -162
 3603 -161
 3608 -160
 3549 -159
 3223 -158
 2934 -157
 2309 -156
 1308 -155
 442 -154
 54 -153
 4 -152
 0 -151
 0 -150
 0 -149
 0 -148
 0 -147
 0 -146
 0 -145
 0 -144
 0 -143
 0 -142
 0 -141
 0 -140


