# Created by Octave 3.8.2, Mon Jun 22 09:53:09 2020 CEST <damian@fptrucha.inv.usc.es>
# name: hd
# type: matrix
# rows: 41
# columns: 2
 3 -180
 1 -179
 4 -178
 2 -177
 3 -176
 7 -175
 9 -174
 20 -173
 57 -172
 120 -171
 190 -170
 265 -169
 349 -168
 598 -167
 1325 -166
 2410 -165
 3110 -164
 3436 -163
 3247 -162
 3412 -161
 3488 -160
 3435 -159
 3121 -158
 2820 -157
 2268 -156
 1270 -155
 448 -154
 55 -153
 3 -152
 0 -151
 0 -150
 0 -149
 0 -148
 0 -147
 0 -146
 0 -145
 0 -144
 0 -143
 0 -142
 0 -141
 0 -140


