# Created by Octave 3.8.2, Mon Jun 22 02:40:40 2020 CEST <damian@fptrucha.inv.usc.es>
# name: hd
# type: matrix
# rows: 41
# columns: 2
 3 -180
 2 -179
 6 -178
 5 -177
 4 -176
 4 -175
 6 -174
 18 -173
 63 -172
 103 -171
 193 -170
 248 -169
 310 -168
 603 -167
 1260 -166
 2220 -165
 2906 -164
 3102 -163
 3165 -162
 3244 -161
 3208 -160
 3121 -159
 2983 -158
 2733 -157
 2119 -156
 1241 -155
 417 -154
 50 -153
 1 -152
 0 -151
 0 -150
 0 -149
 0 -148
 0 -147
 0 -146
 0 -145
 0 -144
 0 -143
 0 -142
 0 -141
 0 -140


