# Created by Octave 3.8.2, Sun Jun 21 04:45:03 2020 CEST <damian@fptrucha.inv.usc.es>
# name: hd
# type: matrix
# rows: 41
# columns: 2
 0 -180
 0 -179
 0 -178
 3 -177
 2 -176
 3 -175
 6 -174
 22 -173
 42 -172
 101 -171
 168 -170
 187 -169
 302 -168
 545 -167
 1179 -166
 2102 -165
 2989 -164
 3360 -163
 3524 -162
 3348 -161
 3432 -160
 3374 -159
 3233 -158
 2996 -157
 2246 -156
 1376 -155
 541 -154
 75 -153
 1 -152
 0 -151
 0 -150
 0 -149
 0 -148
 0 -147
 0 -146
 0 -145
 0 -144
 0 -143
 0 -142
 0 -141
 0 -140


