# Created by Octave 3.8.2, Mon Jun 22 02:25:53 2020 CEST <damian@fptrucha.inv.usc.es>
# name: hd
# type: matrix
# rows: 41
# columns: 2
 2 -180
 0 -179
 3 -178
 1 -177
 0 -176
 2 -175
 1 -174
 9 -173
 17 -172
 32 -171
 58 -170
 105 -169
 165 -168
 264 -167
 565 -166
 969 -165
 1360 -164
 1358 -163
 1396 -162
 1402 -161
 1390 -160
 1367 -159
 1337 -158
 1118 -157
 827 -156
 508 -155
 186 -154
 20 -153
 1 -152
 0 -151
 0 -150
 0 -149
 0 -148
 0 -147
 0 -146
 0 -145
 0 -144
 0 -143
 0 -142
 0 -141
 0 -140


