# Created by Octave 3.8.2, Sat Jun 20 14:00:28 2020 CEST <damian@fptrucha.inv.usc.es>
# name: hd
# type: matrix
# rows: 41
# columns: 2
 0 -180
 1 -179
 1 -178
 2 -177
 0 -176
 1 -175
 5 -174
 12 -173
 48 -172
 123 -171
 201 -170
 240 -169
 306 -168
 592 -167
 1263 -166
 2298 -165
 3244 -164
 3593 -163
 3700 -162
 3603 -161
 3515 -160
 3677 -159
 3473 -158
 3101 -157
 2498 -156
 1508 -155
 588 -154
 90 -153
 0 -152
 0 -151
 0 -150
 0 -149
 0 -148
 0 -147
 0 -146
 0 -145
 0 -144
 0 -143
 0 -142
 0 -141
 0 -140


