# Created by Octave 3.8.2, Mon Jun 22 07:50:25 2020 CEST <damian@fptrucha.inv.usc.es>
# name: hd
# type: matrix
# rows: 41
# columns: 2
 2 -180
 0 -179
 5 -178
 2 -177
 4 -176
 8 -175
 12 -174
 14 -173
 59 -172
 129 -171
 214 -170
 237 -169
 347 -168
 585 -167
 1333 -166
 2305 -165
 3130 -164
 3283 -163
 3311 -162
 3398 -161
 3313 -160
 3147 -159
 2998 -158
 2770 -157
 2182 -156
 1165 -155
 427 -154
 55 -153
 0 -152
 0 -151
 0 -150
 0 -149
 0 -148
 0 -147
 0 -146
 0 -145
 0 -144
 0 -143
 0 -142
 0 -141
 0 -140


