# Created by Octave 3.8.2, Mon Jun 22 18:12:07 2020 CEST <damian@fptrucha.inv.usc.es>
# name: hd
# type: matrix
# rows: 41
# columns: 2
 1 -180
 0 -179
 0 -178
 3 -177
 4 -176
 3 -175
 6 -174
 14 -173
 51 -172
 120 -171
 212 -170
 247 -169
 321 -168
 649 -167
 1379 -166
 2496 -165
 3323 -164
 3456 -163
 3480 -162
 3717 -161
 3508 -160
 3494 -159
 3228 -158
 2942 -157
 2344 -156
 1326 -155
 442 -154
 56 -153
 2 -152
 0 -151
 0 -150
 0 -149
 0 -148
 0 -147
 0 -146
 0 -145
 0 -144
 0 -143
 0 -142
 0 -141
 0 -140


