# Created by Octave 3.8.2, Mon Jun 22 02:55:39 2020 CEST <damian@fptrucha.inv.usc.es>
# name: hd
# type: matrix
# rows: 41
# columns: 2
 6 -180
 3 -179
 2 -178
 3 -177
 7 -176
 4 -175
 7 -174
 31 -173
 46 -172
 121 -171
 219 -170
 249 -169
 320 -168
 554 -167
 1201 -166
 2306 -165
 2910 -164
 3172 -163
 3081 -162
 3215 -161
 3223 -160
 3210 -159
 2994 -158
 2668 -157
 2269 -156
 1207 -155
 390 -154
 55 -153
 2 -152
 0 -151
 0 -150
 0 -149
 0 -148
 0 -147
 0 -146
 0 -145
 0 -144
 0 -143
 0 -142
 0 -141
 0 -140


