# Created by Octave 3.8.2, Mon Jun 22 06:02:14 2020 CEST <damian@fptrucha.inv.usc.es>
# name: hd
# type: matrix
# rows: 41
# columns: 2
 3 -180
 3 -179
 2 -178
 3 -177
 1 -176
 5 -175
 12 -174
 21 -173
 45 -172
 109 -171
 188 -170
 231 -169
 280 -168
 519 -167
 1282 -166
 2195 -165
 3034 -164
 3210 -163
 3233 -162
 3277 -161
 3145 -160
 3172 -159
 3019 -158
 2667 -157
 2169 -156
 1186 -155
 435 -154
 48 -153
 1 -152
 0 -151
 0 -150
 0 -149
 0 -148
 0 -147
 0 -146
 0 -145
 0 -144
 0 -143
 0 -142
 0 -141
 0 -140


