# Created by Octave 3.8.2, Mon Jun 22 09:17:07 2020 CEST <damian@fptrucha.inv.usc.es>
# name: hd
# type: matrix
# rows: 41
# columns: 2
 4 -180
 3 -179
 6 -178
 3 -177
 7 -176
 3 -175
 10 -174
 29 -173
 48 -172
 126 -171
 175 -170
 245 -169
 306 -168
 533 -167
 1253 -166
 2296 -165
 3157 -164
 3116 -163
 3260 -162
 3411 -161
 3304 -160
 3213 -159
 3141 -158
 2882 -157
 2206 -156
 1274 -155
 437 -154
 65 -153
 3 -152
 0 -151
 0 -150
 0 -149
 0 -148
 0 -147
 0 -146
 0 -145
 0 -144
 0 -143
 0 -142
 0 -141
 0 -140


