# Created by Octave 3.8.2, Mon Jun 22 21:58:18 2020 CEST <damian@fptrucha.inv.usc.es>
# name: hd
# type: matrix
# rows: 41
# columns: 2
 2 -180
 3 -179
 0 -178
 2 -177
 4 -176
 3 -175
 10 -174
 10 -173
 41 -172
 110 -171
 193 -170
 243 -169
 332 -168
 582 -167
 1304 -166
 2235 -165
 3382 -164
 3757 -163
 3689 -162
 3669 -161
 3647 -160
 3703 -159
 3562 -158
 3172 -157
 2457 -156
 1540 -155
 565 -154
 82 -153
 2 -152
 0 -151
 0 -150
 0 -149
 0 -148
 0 -147
 0 -146
 0 -145
 0 -144
 0 -143
 0 -142
 0 -141
 0 -140


