# Created by Octave 3.8.2, Mon Jun 22 04:48:14 2020 CEST <damian@fptrucha.inv.usc.es>
# name: hd
# type: matrix
# rows: 41
# columns: 2
 2 -180
 1 -179
 0 -178
 1 -177
 3 -176
 5 -175
 9 -174
 11 -173
 47 -172
 99 -171
 158 -170
 199 -169
 292 -168
 543 -167
 1251 -166
 2053 -165
 2952 -164
 3013 -163
 3136 -162
 3107 -161
 3049 -160
 3236 -159
 2918 -158
 2542 -157
 2036 -156
 1104 -155
 410 -154
 28 -153
 0 -152
 0 -151
 0 -150
 0 -149
 0 -148
 0 -147
 0 -146
 0 -145
 0 -144
 0 -143
 0 -142
 0 -141
 0 -140


