# Created by Octave 3.8.2, Sat Jun 20 20:04:49 2020 CEST <damian@fptrucha.inv.usc.es>
# name: hd
# type: matrix
# rows: 41
# columns: 2
 1 -180
 1 -179
 1 -178
 1 -177
 2 -176
 6 -175
 10 -174
 15 -173
 50 -172
 78 -171
 170 -170
 248 -169
 315 -168
 548 -167
 1177 -166
 2211 -165
 3153 -164
 3415 -163
 3373 -162
 3252 -161
 3402 -160
 3405 -159
 3253 -158
 3040 -157
 2317 -156
 1376 -155
 554 -154
 88 -153
 3 -152
 0 -151
 0 -150
 0 -149
 0 -148
 0 -147
 0 -146
 0 -145
 0 -144
 0 -143
 0 -142
 0 -141
 0 -140


