# Created by Octave 3.8.2, Sun Jun 21 02:21:45 2020 CEST <damian@fptrucha.inv.usc.es>
# name: hd
# type: matrix
# rows: 41
# columns: 2
 0 -180
 1 -179
 0 -178
 1 -177
 1 -176
 0 -175
 10 -174
 11 -173
 54 -172
 107 -171
 184 -170
 249 -169
 303 -168
 540 -167
 1173 -166
 2149 -165
 3029 -164
 3433 -163
 3343 -162
 3442 -161
 3281 -160
 3260 -159
 3253 -158
 2977 -157
 2304 -156
 1347 -155
 540 -154
 78 -153
 4 -152
 0 -151
 0 -150
 0 -149
 0 -148
 0 -147
 0 -146
 0 -145
 0 -144
 0 -143
 0 -142
 0 -141
 0 -140


