# Created by Octave 3.8.2, Mon Jun 22 11:23:34 2020 CEST <damian@fptrucha.inv.usc.es>
# name: hd
# type: matrix
# rows: 41
# columns: 2
 5 -180
 4 -179
 2 -178
 1 -177
 6 -176
 7 -175
 12 -174
 25 -173
 53 -172
 137 -171
 200 -170
 242 -169
 320 -168
 629 -167
 1341 -166
 2379 -165
 3233 -164
 3234 -163
 3333 -162
 3440 -161
 3391 -160
 3403 -159
 3013 -158
 2867 -157
 2239 -156
 1210 -155
 426 -154
 60 -153
 1 -152
 0 -151
 0 -150
 0 -149
 0 -148
 0 -147
 0 -146
 0 -145
 0 -144
 0 -143
 0 -142
 0 -141
 0 -140


