# Created by Octave 3.8.2, Sun Jun 21 01:34:29 2020 CEST <damian@fptrucha.inv.usc.es>
# name: hd
# type: matrix
# rows: 41
# columns: 2
 0 -180
 1 -179
 0 -178
 0 -177
 2 -176
 2 -175
 8 -174
 13 -173
 43 -172
 111 -171
 171 -170
 206 -169
 279 -168
 490 -167
 1103 -166
 2062 -165
 3034 -164
 3234 -163
 3389 -162
 3389 -161
 3349 -160
 3373 -159
 3204 -158
 3008 -157
 2268 -156
 1429 -155
 547 -154
 73 -153
 3 -152
 0 -151
 0 -150
 0 -149
 0 -148
 0 -147
 0 -146
 0 -145
 0 -144
 0 -143
 0 -142
 0 -141
 0 -140


