# Created by Octave 3.8.2, Mon Jun 22 08:28:17 2020 CEST <damian@fptrucha.inv.usc.es>
# name: hd
# type: matrix
# rows: 41
# columns: 2
 2 -180
 6 -179
 3 -178
 4 -177
 6 -176
 5 -175
 13 -174
 18 -173
 50 -172
 128 -171
 174 -170
 241 -169
 319 -168
 564 -167
 1291 -166
 2350 -165
 3058 -164
 3378 -163
 3211 -162
 3488 -161
 3316 -160
 3248 -159
 3099 -158
 2802 -157
 2198 -156
 1206 -155
 401 -154
 50 -153
 2 -152
 0 -151
 0 -150
 0 -149
 0 -148
 0 -147
 0 -146
 0 -145
 0 -144
 0 -143
 0 -142
 0 -141
 0 -140


