# Created by Octave 3.8.2, Mon Jun 22 10:23:30 2020 CEST <damian@fptrucha.inv.usc.es>
# name: hd
# type: matrix
# rows: 41
# columns: 2
 4 -180
 1 -179
 2 -178
 3 -177
 4 -176
 5 -175
 10 -174
 19 -173
 56 -172
 113 -171
 197 -170
 239 -169
 327 -168
 590 -167
 1321 -166
 2373 -165
 3197 -164
 3428 -163
 3356 -162
 3375 -161
 3433 -160
 3319 -159
 3171 -158
 2716 -157
 2294 -156
 1283 -155
 444 -154
 53 -153
 0 -152
 0 -151
 0 -150
 0 -149
 0 -148
 0 -147
 0 -146
 0 -145
 0 -144
 0 -143
 0 -142
 0 -141
 0 -140


