# Created by Octave 3.8.2, Tue Jun 23 00:40:08 2020 CEST <damian@fptrucha.inv.usc.es>
# name: hd
# type: matrix
# rows: 41
# columns: 2
 1 -180
 2 -179
 1 -178
 1 -177
 2 -176
 2 -175
 3 -174
 17 -173
 53 -172
 101 -171
 166 -170
 254 -169
 299 -168
 574 -167
 1287 -166
 2322 -165
 3376 -164
 3666 -163
 3641 -162
 3771 -161
 3566 -160
 3638 -159
 3478 -158
 3159 -157
 2523 -156
 1544 -155
 612 -154
 85 -153
 5 -152
 1 -151
 0 -150
 0 -149
 0 -148
 0 -147
 0 -146
 0 -145
 0 -144
 0 -143
 0 -142
 0 -141
 0 -140


