# Created by Octave 3.8.2, Sat Jun 20 10:47:24 2020 CEST <damian@fptrucha.inv.usc.es>
# name: hd
# type: matrix
# rows: 41
# columns: 2
 2 -180
 2 -179
 0 -178
 1 -177
 1 -176
 3 -175
 5 -174
 16 -173
 57 -172
 137 -171
 204 -170
 285 -169
 366 -168
 622 -167
 1367 -166
 2435 -165
 3455 -164
 3884 -163
 3809 -162
 3744 -161
 3769 -160
 3849 -159
 3658 -158
 3243 -157
 2596 -156
 1478 -155
 625 -154
 97 -153
 1 -152
 0 -151
 0 -150
 0 -149
 0 -148
 0 -147
 0 -146
 0 -145
 0 -144
 0 -143
 0 -142
 0 -141
 0 -140


