# Created by Octave 3.8.2, Sun Jun 21 01:20:52 2020 CEST <damian@fptrucha.inv.usc.es>
# name: hd
# type: matrix
# rows: 41
# columns: 2
 0 -180
 2 -179
 1 -178
 1 -177
 1 -176
 1 -175
 7 -174
 10 -173
 42 -172
 110 -171
 163 -170
 229 -169
 282 -168
 528 -167
 1119 -166
 2158 -165
 2985 -164
 3351 -163
 3439 -162
 3430 -161
 3285 -160
 3320 -159
 3225 -158
 2941 -157
 2280 -156
 1417 -155
 564 -154
 83 -153
 5 -152
 0 -151
 0 -150
 0 -149
 0 -148
 0 -147
 0 -146
 0 -145
 0 -144
 0 -143
 0 -142
 0 -141
 0 -140


