# Created by Octave 3.8.2, Mon Jun 22 03:04:55 2020 CEST <damian@fptrucha.inv.usc.es>
# name: hd
# type: matrix
# rows: 41
# columns: 2
 2 -180
 0 -179
 4 -178
 3 -177
 7 -176
 9 -175
 13 -174
 15 -173
 62 -172
 120 -171
 185 -170
 234 -169
 311 -168
 545 -167
 1305 -166
 2155 -165
 2900 -164
 3160 -163
 3256 -162
 3134 -161
 3198 -160
 3158 -159
 2983 -158
 2762 -157
 2109 -156
 1248 -155
 430 -154
 61 -153
 0 -152
 0 -151
 0 -150
 0 -149
 0 -148
 0 -147
 0 -146
 0 -145
 0 -144
 0 -143
 0 -142
 0 -141
 0 -140


