# Created by Octave 3.8.2, Mon Jun 22 09:06:43 2020 CEST <damian@fptrucha.inv.usc.es>
# name: hd
# type: matrix
# rows: 41
# columns: 2
 5 -180
 2 -179
 4 -178
 2 -177
 3 -176
 11 -175
 14 -174
 17 -173
 63 -172
 120 -171
 200 -170
 245 -169
 310 -168
 556 -167
 1341 -166
 2441 -165
 3091 -164
 3108 -163
 3345 -162
 3340 -161
 3387 -160
 3303 -159
 3117 -158
 2719 -157
 2176 -156
 1287 -155
 427 -154
 43 -153
 0 -152
 0 -151
 0 -150
 0 -149
 0 -148
 0 -147
 0 -146
 0 -145
 0 -144
 0 -143
 0 -142
 0 -141
 0 -140


