# Created by Octave 3.8.2, Mon Jun 22 11:18:20 2020 CEST <damian@fptrucha.inv.usc.es>
# name: hd
# type: matrix
# rows: 41
# columns: 2
 1 -180
 4 -179
 3 -178
 2 -177
 6 -176
 8 -175
 8 -174
 15 -173
 75 -172
 135 -171
 214 -170
 270 -169
 316 -168
 675 -167
 1301 -166
 2485 -165
 3347 -164
 3346 -163
 3356 -162
 3372 -161
 3501 -160
 3392 -159
 3105 -158
 2863 -157
 2241 -156
 1171 -155
 457 -154
 50 -153
 1 -152
 0 -151
 0 -150
 0 -149
 0 -148
 0 -147
 0 -146
 0 -145
 0 -144
 0 -143
 0 -142
 0 -141
 0 -140


