# Created by Octave 3.8.2, Sat Jun 20 14:52:31 2020 CEST <damian@fptrucha.inv.usc.es>
# name: hd
# type: matrix
# rows: 41
# columns: 2
 0 -180
 0 -179
 0 -178
 0 -177
 1 -176
 4 -175
 1 -174
 20 -173
 42 -172
 111 -171
 199 -170
 271 -169
 345 -168
 615 -167
 1326 -166
 2173 -165
 3254 -164
 3535 -163
 3651 -162
 3582 -161
 3604 -160
 3454 -159
 3256 -158
 3106 -157
 2405 -156
 1391 -155
 535 -154
 92 -153
 1 -152
 0 -151
 0 -150
 0 -149
 0 -148
 0 -147
 0 -146
 0 -145
 0 -144
 0 -143
 0 -142
 0 -141
 0 -140


