# Created by Octave 3.8.2, Mon Jun 22 05:23:46 2020 CEST <damian@fptrucha.inv.usc.es>
# name: hd
# type: matrix
# rows: 41
# columns: 2
 1 -180
 0 -179
 2 -178
 2 -177
 1 -176
 6 -175
 9 -174
 18 -173
 52 -172
 137 -171
 171 -170
 219 -169
 287 -168
 581 -167
 1296 -166
 2267 -165
 3027 -164
 3185 -163
 3283 -162
 3266 -161
 3234 -160
 3296 -159
 2955 -158
 2618 -157
 2060 -156
 1154 -155
 378 -154
 48 -153
 1 -152
 0 -151
 0 -150
 0 -149
 0 -148
 0 -147
 0 -146
 0 -145
 0 -144
 0 -143
 0 -142
 0 -141
 0 -140


