# Created by Octave 3.8.2, Sat Jun 20 05:59:35 2020 CEST <damian@fptrucha.inv.usc.es>
# name: hd
# type: matrix
# rows: 41
# columns: 2
 3 -180
 0 -179
 0 -178
 0 -177
 2 -176
 5 -175
 9 -174
 17 -173
 47 -172
 119 -171
 203 -170
 262 -169
 351 -168
 622 -167
 1351 -166
 2429 -165
 3498 -164
 3936 -163
 3782 -162
 3916 -161
 3705 -160
 3797 -159
 3730 -158
 3314 -157
 2645 -156
 1572 -155
 610 -154
 94 -153
 1 -152
 0 -151
 0 -150
 0 -149
 0 -148
 0 -147
 0 -146
 0 -145
 0 -144
 0 -143
 0 -142
 0 -141
 0 -140


