# Created by Octave 3.8.2, Sat Jun 20 04:07:14 2020 CEST <damian@fptrucha.inv.usc.es>
# name: hd
# type: matrix
# rows: 41
# columns: 2
 0 -180
 0 -179
 1 -178
 2 -177
 0 -176
 3 -175
 9 -174
 15 -173
 41 -172
 110 -171
 172 -170
 227 -169
 299 -168
 583 -167
 1263 -166
 2320 -165
 3419 -164
 3874 -163
 3828 -162
 3744 -161
 3782 -160
 3744 -159
 3537 -158
 3224 -157
 2637 -156
 1575 -155
 585 -154
 104 -153
 3 -152
 0 -151
 0 -150
 0 -149
 0 -148
 0 -147
 0 -146
 0 -145
 0 -144
 0 -143
 0 -142
 0 -141
 0 -140


