# Created by Octave 3.8.2, Mon Jun 22 07:08:41 2020 CEST <damian@fptrucha.inv.usc.es>
# name: hd
# type: matrix
# rows: 41
# columns: 2
 1 -180
 3 -179
 5 -178
 3 -177
 3 -176
 4 -175
 7 -174
 12 -173
 59 -172
 138 -171
 186 -170
 228 -169
 274 -168
 640 -167
 1305 -166
 2248 -165
 2969 -164
 3273 -163
 3163 -162
 3273 -161
 3230 -160
 3267 -159
 2932 -158
 2715 -157
 2165 -156
 1169 -155
 443 -154
 41 -153
 0 -152
 0 -151
 0 -150
 0 -149
 0 -148
 0 -147
 0 -146
 0 -145
 0 -144
 0 -143
 0 -142
 0 -141
 0 -140


