# Created by Octave 3.8.2, Sat Jun 20 22:28:22 2020 CEST <damian@fptrucha.inv.usc.es>
# name: hd
# type: matrix
# rows: 41
# columns: 2
 1 -180
 1 -179
 0 -178
 1 -177
 2 -176
 3 -175
 4 -174
 11 -173
 52 -172
 135 -171
 165 -170
 210 -169
 288 -168
 517 -167
 1187 -166
 2136 -165
 3027 -164
 3389 -163
 3299 -162
 3351 -161
 3235 -160
 3279 -159
 3283 -158
 2897 -157
 2245 -156
 1411 -155
 520 -154
 85 -153
 3 -152
 0 -151
 0 -150
 0 -149
 0 -148
 0 -147
 0 -146
 0 -145
 0 -144
 0 -143
 0 -142
 0 -141
 0 -140


