# Created by Octave 3.8.2, Mon Jun 22 08:16:20 2020 CEST <damian@fptrucha.inv.usc.es>
# name: hd
# type: matrix
# rows: 41
# columns: 2
 4 -180
 2 -179
 1 -178
 5 -177
 2 -176
 6 -175
 12 -174
 17 -173
 52 -172
 118 -171
 191 -170
 236 -169
 368 -168
 565 -167
 1329 -166
 2392 -165
 3134 -164
 3285 -163
 3321 -162
 3321 -161
 3291 -160
 3256 -159
 3008 -158
 2865 -157
 2196 -156
 1232 -155
 420 -154
 58 -153
 1 -152
 0 -151
 0 -150
 0 -149
 0 -148
 0 -147
 0 -146
 0 -145
 0 -144
 0 -143
 0 -142
 0 -141
 0 -140


