# Created by Octave 3.8.2, Mon Jun 22 16:46:18 2020 CEST <damian@fptrucha.inv.usc.es>
# name: hd
# type: matrix
# rows: 41
# columns: 2
 3 -180
 1 -179
 0 -178
 1 -177
 3 -176
 5 -175
 6 -174
 22 -173
 39 -172
 144 -171
 236 -170
 258 -169
 328 -168
 654 -167
 1395 -166
 2480 -165
 3236 -164
 3459 -163
 3661 -162
 3644 -161
 3601 -160
 3312 -159
 3223 -158
 2832 -157
 2255 -156
 1275 -155
 453 -154
 66 -153
 3 -152
 0 -151
 0 -150
 0 -149
 0 -148
 0 -147
 0 -146
 0 -145
 0 -144
 0 -143
 0 -142
 0 -141
 0 -140


