# Created by Octave 3.8.2, Mon Jun 22 08:49:37 2020 CEST <damian@fptrucha.inv.usc.es>
# name: hd
# type: matrix
# rows: 41
# columns: 2
 5 -180
 4 -179
 5 -178
 1 -177
 4 -176
 3 -175
 11 -174
 17 -173
 52 -172
 107 -171
 200 -170
 230 -169
 330 -168
 583 -167
 1345 -166
 2394 -165
 3001 -164
 3247 -163
 3300 -162
 3357 -161
 3311 -160
 3373 -159
 3114 -158
 2841 -157
 2076 -156
 1272 -155
 434 -154
 65 -153
 2 -152
 0 -151
 0 -150
 0 -149
 0 -148
 0 -147
 0 -146
 0 -145
 0 -144
 0 -143
 0 -142
 0 -141
 0 -140


