# Created by Octave 3.8.2, Mon Jun 22 09:56:28 2020 CEST <damian@fptrucha.inv.usc.es>
# name: hd
# type: matrix
# rows: 41
# columns: 2
 3 -180
 1 -179
 1 -178
 2 -177
 6 -176
 6 -175
 15 -174
 20 -173
 63 -172
 155 -171
 220 -170
 231 -169
 337 -168
 583 -167
 1264 -166
 2323 -165
 3053 -164
 3452 -163
 3368 -162
 3465 -161
 3384 -160
 3428 -159
 3176 -158
 2809 -157
 2266 -156
 1246 -155
 440 -154
 61 -153
 1 -152
 0 -151
 0 -150
 0 -149
 0 -148
 0 -147
 0 -146
 0 -145
 0 -144
 0 -143
 0 -142
 0 -141
 0 -140


