# Created by Octave 3.8.2, Sat Jun 20 08:14:46 2020 CEST <damian@fptrucha.inv.usc.es>
# name: hd
# type: matrix
# rows: 41
# columns: 2
 0 -180
 1 -179
 0 -178
 2 -177
 1 -176
 1 -175
 8 -174
 12 -173
 26 -172
 76 -171
 126 -170
 156 -169
 232 -168
 415 -167
 875 -166
 1617 -165
 2322 -164
 2513 -163
 2553 -162
 2530 -161
 2521 -160
 2505 -159
 2579 -158
 2259 -157
 1733 -156
 1072 -155
 428 -154
 61 -153
 1 -152
 0 -151
 0 -150
 0 -149
 0 -148
 0 -147
 0 -146
 0 -145
 0 -144
 0 -143
 0 -142
 0 -141
 0 -140


