# Created by Octave 3.8.2, Sun Jun 21 04:07:49 2020 CEST <damian@fptrucha.inv.usc.es>
# name: hd
# type: matrix
# rows: 41
# columns: 2
 2 -180
 1 -179
 2 -178
 2 -177
 1 -176
 2 -175
 2 -174
 13 -173
 41 -172
 107 -171
 153 -170
 200 -169
 297 -168
 553 -167
 1163 -166
 2129 -165
 2992 -164
 3454 -163
 3306 -162
 3309 -161
 3206 -160
 3250 -159
 3171 -158
 2957 -157
 2228 -156
 1270 -155
 528 -154
 74 -153
 0 -152
 0 -151
 0 -150
 0 -149
 0 -148
 0 -147
 0 -146
 0 -145
 0 -144
 0 -143
 0 -142
 0 -141
 0 -140


