# Created by Octave 3.8.2, Mon Jun 22 16:54:11 2020 CEST <damian@fptrucha.inv.usc.es>
# name: hd
# type: matrix
# rows: 41
# columns: 2
 1 -180
 1 -179
 3 -178
 3 -177
 5 -176
 2 -175
 8 -174
 24 -173
 65 -172
 132 -171
 221 -170
 276 -169
 344 -168
 689 -167
 1410 -166
 2559 -165
 3279 -164
 3470 -163
 3571 -162
 3619 -161
 3454 -160
 3405 -159
 3168 -158
 2901 -157
 2390 -156
 1254 -155
 476 -154
 54 -153
 1 -152
 0 -151
 0 -150
 0 -149
 0 -148
 0 -147
 0 -146
 0 -145
 0 -144
 0 -143
 0 -142
 0 -141
 0 -140


