# Created by Octave 3.8.2, Sat Jun 20 02:15:07 2020 CEST <damian@fptrucha.inv.usc.es>
# name: hd
# type: matrix
# rows: 41
# columns: 2
 0 -180
 2 -179
 0 -178
 0 -177
 2 -176
 3 -175
 3 -174
 13 -173
 38 -172
 116 -171
 186 -170
 265 -169
 275 -168
 532 -167
 1279 -166
 2269 -165
 3371 -164
 3834 -163
 3664 -162
 3735 -161
 3784 -160
 3588 -159
 3610 -158
 3263 -157
 2553 -156
 1570 -155
 599 -154
 94 -153
 3 -152
 0 -151
 0 -150
 0 -149
 0 -148
 0 -147
 0 -146
 0 -145
 0 -144
 0 -143
 0 -142
 0 -141
 0 -140


