# Created by Octave 3.8.2, Mon Jun 22 18:01:53 2020 CEST <damian@fptrucha.inv.usc.es>
# name: hd
# type: matrix
# rows: 41
# columns: 2
 0 -180
 4 -179
 4 -178
 2 -177
 2 -176
 9 -175
 8 -174
 25 -173
 44 -172
 133 -171
 196 -170
 230 -169
 316 -168
 587 -167
 1373 -166
 2442 -165
 3305 -164
 3556 -163
 3625 -162
 3679 -161
 3613 -160
 3571 -159
 3161 -158
 3084 -157
 2364 -156
 1313 -155
 428 -154
 54 -153
 2 -152
 0 -151
 0 -150
 0 -149
 0 -148
 0 -147
 0 -146
 0 -145
 0 -144
 0 -143
 0 -142
 0 -141
 0 -140


