# Created by Octave 3.8.2, Sun Jun 21 03:06:25 2020 CEST <damian@fptrucha.inv.usc.es>
# name: hd
# type: matrix
# rows: 41
# columns: 2
 0 -180
 1 -179
 0 -178
 1 -177
 0 -176
 3 -175
 6 -174
 15 -173
 34 -172
 107 -171
 184 -170
 199 -169
 297 -168
 583 -167
 1124 -166
 2142 -165
 2958 -164
 3408 -163
 3428 -162
 3342 -161
 3350 -160
 3257 -159
 3166 -158
 3019 -157
 2300 -156
 1361 -155
 525 -154
 90 -153
 3 -152
 0 -151
 0 -150
 0 -149
 0 -148
 0 -147
 0 -146
 0 -145
 0 -144
 0 -143
 0 -142
 0 -141
 0 -140


