# Created by Octave 3.8.2, Mon Jun 22 02:56:38 2020 CEST <damian@fptrucha.inv.usc.es>
# name: hd
# type: matrix
# rows: 41
# columns: 2
 10 -180
 4 -179
 4 -178
 8 -177
 6 -176
 6 -175
 6 -174
 12 -173
 57 -172
 118 -171
 180 -170
 228 -169
 338 -168
 563 -167
 1193 -166
 2203 -165
 2926 -164
 3144 -163
 3193 -162
 3315 -161
 3288 -160
 3171 -159
 2963 -158
 2591 -157
 2128 -156
 1200 -155
 422 -154
 46 -153
 1 -152
 0 -151
 0 -150
 0 -149
 0 -148
 0 -147
 0 -146
 0 -145
 0 -144
 0 -143
 0 -142
 0 -141
 0 -140


