# Created by Octave 3.8.2, Mon Jun 22 22:54:13 2020 CEST <damian@fptrucha.inv.usc.es>
# name: hd
# type: matrix
# rows: 41
# columns: 2
 1 -180
 1 -179
 2 -178
 3 -177
 2 -176
 1 -175
 8 -174
 22 -173
 56 -172
 106 -171
 209 -170
 255 -169
 304 -168
 610 -167
 1334 -166
 2422 -165
 3424 -164
 3832 -163
 3634 -162
 3597 -161
 3677 -160
 3648 -159
 3547 -158
 3194 -157
 2420 -156
 1453 -155
 524 -154
 73 -153
 2 -152
 0 -151
 0 -150
 0 -149
 0 -148
 0 -147
 0 -146
 0 -145
 0 -144
 0 -143
 0 -142
 0 -141
 0 -140


