# Created by Octave 3.8.2, Mon Jun 22 07:25:22 2020 CEST <damian@fptrucha.inv.usc.es>
# name: hd
# type: matrix
# rows: 41
# columns: 2
 5 -180
 1 -179
 2 -178
 1 -177
 3 -176
 4 -175
 11 -174
 16 -173
 46 -172
 147 -171
 203 -170
 277 -169
 339 -168
 586 -167
 1270 -166
 2277 -165
 3056 -164
 3330 -163
 3240 -162
 3302 -161
 3340 -160
 3242 -159
 3119 -158
 2673 -157
 2147 -156
 1173 -155
 439 -154
 49 -153
 3 -152
 0 -151
 0 -150
 0 -149
 0 -148
 0 -147
 0 -146
 0 -145
 0 -144
 0 -143
 0 -142
 0 -141
 0 -140


