# Created by Octave 3.8.2, Mon Jun 22 01:45:35 2020 CEST <damian@fptrucha.inv.usc.es>
# name: hd
# type: matrix
# rows: 41
# columns: 2
 2 -180
 0 -179
 1 -178
 1 -177
 2 -176
 3 -175
 9 -174
 20 -173
 57 -172
 101 -171
 199 -170
 273 -169
 328 -168
 622 -167
 1365 -166
 2358 -165
 3263 -164
 3556 -163
 3430 -162
 3545 -161
 3473 -160
 3447 -159
 3376 -158
 2929 -157
 2362 -156
 1380 -155
 497 -154
 62 -153
 1 -152
 0 -151
 0 -150
 0 -149
 0 -148
 0 -147
 0 -146
 0 -145
 0 -144
 0 -143
 0 -142
 0 -141
 0 -140


