# Created by Octave 3.8.2, Sat Jun 20 06:57:22 2020 CEST <damian@fptrucha.inv.usc.es>
# name: hd
# type: matrix
# rows: 41
# columns: 2
 1 -180
 0 -179
 0 -178
 2 -177
 2 -176
 3 -175
 1 -174
 15 -173
 27 -172
 80 -171
 133 -170
 167 -169
 225 -168
 343 -167
 867 -166
 1494 -165
 2217 -164
 2657 -163
 2560 -162
 2558 -161
 2554 -160
 2543 -159
 2354 -158
 2237 -157
 1842 -156
 1081 -155
 397 -154
 57 -153
 1 -152
 0 -151
 0 -150
 0 -149
 0 -148
 0 -147
 0 -146
 0 -145
 0 -144
 0 -143
 0 -142
 0 -141
 0 -140


