# Created by Octave 3.8.2, Sat Jun 20 14:38:55 2020 CEST <damian@fptrucha.inv.usc.es>
# name: hd
# type: matrix
# rows: 41
# columns: 2
 2 -180
 0 -179
 1 -178
 1 -177
 2 -176
 1 -175
 11 -174
 13 -173
 40 -172
 118 -171
 189 -170
 276 -169
 300 -168
 626 -167
 1254 -166
 2310 -165
 3204 -164
 3606 -163
 3689 -162
 3564 -161
 3528 -160
 3567 -159
 3294 -158
 3160 -157
 2456 -156
 1430 -155
 607 -154
 98 -153
 1 -152
 0 -151
 0 -150
 0 -149
 0 -148
 0 -147
 0 -146
 0 -145
 0 -144
 0 -143
 0 -142
 0 -141
 0 -140


