# Created by Octave 3.8.2, Mon Jun 22 02:50:00 2020 CEST <damian@fptrucha.inv.usc.es>
# name: hd
# type: matrix
# rows: 41
# columns: 2
 4 -180
 5 -179
 2 -178
 2 -177
 1 -176
 8 -175
 9 -174
 14 -173
 38 -172
 107 -171
 209 -170
 254 -169
 318 -168
 588 -167
 1205 -166
 2187 -165
 3015 -164
 3185 -163
 3168 -162
 3167 -161
 3282 -160
 3295 -159
 3036 -158
 2713 -157
 2153 -156
 1138 -155
 397 -154
 53 -153
 4 -152
 0 -151
 0 -150
 0 -149
 0 -148
 0 -147
 0 -146
 0 -145
 0 -144
 0 -143
 0 -142
 0 -141
 0 -140


