# Created by Octave 3.8.2, Mon Jun 22 19:40:21 2020 CEST <damian@fptrucha.inv.usc.es>
# name: hd
# type: matrix
# rows: 41
# columns: 2
 1 -180
 1 -179
 1 -178
 2 -177
 5 -176
 5 -175
 10 -174
 13 -173
 59 -172
 128 -171
 215 -170
 278 -169
 329 -168
 646 -167
 1386 -166
 2515 -165
 3311 -164
 3429 -163
 3553 -162
 3634 -161
 3665 -160
 3577 -159
 3355 -158
 2968 -157
 2352 -156
 1463 -155
 496 -154
 47 -153
 3 -152
 0 -151
 1 -150
 0 -149
 0 -148
 0 -147
 0 -146
 0 -145
 0 -144
 0 -143
 0 -142
 0 -141
 0 -140


