# Created by Octave 3.8.2, Sat Jun 20 23:07:55 2020 CEST <damian@fptrucha.inv.usc.es>
# name: hd
# type: matrix
# rows: 41
# columns: 2
 0 -180
 0 -179
 2 -178
 1 -177
 0 -176
 2 -175
 8 -174
 14 -173
 41 -172
 88 -171
 165 -170
 240 -169
 313 -168
 503 -167
 1165 -166
 2102 -165
 3011 -164
 3327 -163
 3465 -162
 3342 -161
 3341 -160
 3311 -159
 3285 -158
 2880 -157
 2250 -156
 1350 -155
 516 -154
 78 -153
 3 -152
 0 -151
 0 -150
 0 -149
 0 -148
 0 -147
 0 -146
 0 -145
 0 -144
 0 -143
 0 -142
 0 -141
 0 -140


