# Created by Octave 3.8.2, Sun Jun 21 02:02:17 2020 CEST <damian@fptrucha.inv.usc.es>
# name: hd
# type: matrix
# rows: 41
# columns: 2
 0 -180
 0 -179
 1 -178
 0 -177
 0 -176
 5 -175
 6 -174
 11 -173
 36 -172
 109 -171
 190 -170
 202 -169
 314 -168
 557 -167
 1129 -166
 2173 -165
 2989 -164
 3376 -163
 3270 -162
 3290 -161
 3345 -160
 3222 -159
 3194 -158
 2967 -157
 2253 -156
 1364 -155
 505 -154
 62 -153
 3 -152
 0 -151
 0 -150
 0 -149
 0 -148
 0 -147
 0 -146
 0 -145
 0 -144
 0 -143
 0 -142
 0 -141
 0 -140


