# Created by Octave 3.8.2, Mon Jun 22 10:38:02 2020 CEST <damian@fptrucha.inv.usc.es>
# name: hd
# type: matrix
# rows: 41
# columns: 2
 2 -180
 0 -179
 0 -178
 2 -177
 5 -176
 3 -175
 6 -174
 23 -173
 55 -172
 101 -171
 183 -170
 267 -169
 325 -168
 645 -167
 1300 -166
 2361 -165
 3154 -164
 3468 -163
 3316 -162
 3435 -161
 3496 -160
 3272 -159
 3263 -158
 2828 -157
 2281 -156
 1227 -155
 439 -154
 57 -153
 1 -152
 0 -151
 0 -150
 0 -149
 0 -148
 0 -147
 0 -146
 0 -145
 0 -144
 0 -143
 0 -142
 0 -141
 0 -140


