# Created by Octave 3.8.2, Mon Jun 22 09:18:10 2020 CEST <damian@fptrucha.inv.usc.es>
# name: hd
# type: matrix
# rows: 41
# columns: 2
 5 -180
 2 -179
 1 -178
 2 -177
 5 -176
 4 -175
 4 -174
 16 -173
 43 -172
 120 -171
 196 -170
 252 -169
 335 -168
 580 -167
 1337 -166
 2226 -165
 3111 -164
 3439 -163
 3261 -162
 3464 -161
 3290 -160
 3287 -159
 3068 -158
 2745 -157
 2209 -156
 1238 -155
 442 -154
 45 -153
 1 -152
 0 -151
 0 -150
 0 -149
 0 -148
 0 -147
 0 -146
 0 -145
 0 -144
 0 -143
 0 -142
 0 -141
 0 -140


