# Created by Octave 3.8.2, Mon Jun 22 07:51:03 2020 CEST <damian@fptrucha.inv.usc.es>
# name: hd
# type: matrix
# rows: 41
# columns: 2
 3 -180
 3 -179
 2 -178
 2 -177
 2 -176
 3 -175
 4 -174
 8 -173
 38 -172
 97 -171
 139 -170
 152 -169
 217 -168
 398 -167
 842 -166
 1539 -165
 1958 -164
 2149 -163
 2195 -162
 2200 -161
 2178 -160
 2136 -159
 1952 -158
 1793 -157
 1457 -156
 803 -155
 261 -154
 34 -153
 2 -152
 0 -151
 0 -150
 0 -149
 0 -148
 0 -147
 0 -146
 0 -145
 0 -144
 0 -143
 0 -142
 0 -141
 0 -140


