# Created by Octave 3.8.2, Mon Jun 22 03:26:39 2020 CEST <damian@fptrucha.inv.usc.es>
# name: hd
# type: matrix
# rows: 41
# columns: 2
 2 -180
 5 -179
 4 -178
 6 -177
 3 -176
 8 -175
 8 -174
 16 -173
 48 -172
 117 -171
 195 -170
 226 -169
 308 -168
 566 -167
 1206 -166
 2196 -165
 2954 -164
 3375 -163
 3264 -162
 3210 -161
 3187 -160
 3201 -159
 2973 -158
 2664 -157
 2254 -156
 1193 -155
 400 -154
 50 -153
 1 -152
 0 -151
 0 -150
 0 -149
 0 -148
 0 -147
 0 -146
 0 -145
 0 -144
 0 -143
 0 -142
 0 -141
 0 -140


