# Created by Octave 3.8.2, Mon Jun 22 21:05:57 2020 CEST <damian@fptrucha.inv.usc.es>
# name: hd
# type: matrix
# rows: 41
# columns: 2
 1 -180
 1 -179
 0 -178
 0 -177
 4 -176
 6 -175
 5 -174
 24 -173
 50 -172
 137 -171
 214 -170
 237 -169
 346 -168
 672 -167
 1414 -166
 2497 -165
 3383 -164
 3566 -163
 3666 -162
 3652 -161
 3731 -160
 3686 -159
 3268 -158
 3008 -157
 2343 -156
 1329 -155
 458 -154
 66 -153
 1 -152
 0 -151
 0 -150
 0 -149
 0 -148
 0 -147
 0 -146
 0 -145
 0 -144
 0 -143
 0 -142
 0 -141
 0 -140


