# Created by Octave 3.8.2, Mon Jun 22 08:55:50 2020 CEST <damian@fptrucha.inv.usc.es>
# name: hd
# type: matrix
# rows: 41
# columns: 2
 6 -180
 2 -179
 0 -178
 4 -177
 3 -176
 6 -175
 6 -174
 26 -173
 43 -172
 104 -171
 182 -170
 219 -169
 300 -168
 591 -167
 1382 -166
 2255 -165
 3031 -164
 3329 -163
 3274 -162
 3375 -161
 3445 -160
 3351 -159
 3123 -158
 2727 -157
 2143 -156
 1236 -155
 398 -154
 47 -153
 2 -152
 0 -151
 0 -150
 0 -149
 0 -148
 0 -147
 0 -146
 0 -145
 0 -144
 0 -143
 0 -142
 0 -141
 0 -140


