# Created by Octave 3.8.2, Mon Jun 22 18:45:20 2020 CEST <damian@fptrucha.inv.usc.es>
# name: hd
# type: matrix
# rows: 41
# columns: 2
 2 -180
 1 -179
 2 -178
 2 -177
 0 -176
 2 -175
 7 -174
 18 -173
 44 -172
 103 -171
 190 -170
 227 -169
 322 -168
 618 -167
 1488 -166
 2638 -165
 3399 -164
 3504 -163
 3580 -162
 3717 -161
 3594 -160
 3582 -159
 3258 -158
 2812 -157
 2382 -156
 1346 -155
 457 -154
 71 -153
 0 -152
 0 -151
 0 -150
 0 -149
 0 -148
 0 -147
 0 -146
 0 -145
 0 -144
 0 -143
 0 -142
 0 -141
 0 -140


