# Created by Octave 3.8.2, Tue Jun 23 00:13:29 2020 CEST <damian@fptrucha.inv.usc.es>
# name: hd
# type: matrix
# rows: 41
# columns: 2
 4 -180
 0 -179
 1 -178
 3 -177
 3 -176
 3 -175
 5 -174
 10 -173
 49 -172
 114 -171
 168 -170
 258 -169
 303 -168
 568 -167
 1258 -166
 2312 -165
 3320 -164
 3770 -163
 3633 -162
 3649 -161
 3577 -160
 3603 -159
 3596 -158
 3122 -157
 2622 -156
 1544 -155
 590 -154
 94 -153
 1 -152
 0 -151
 0 -150
 0 -149
 0 -148
 0 -147
 0 -146
 0 -145
 0 -144
 0 -143
 0 -142
 0 -141
 0 -140


