# Created by Octave 3.8.2, Mon Jun 22 08:03:25 2020 CEST <damian@fptrucha.inv.usc.es>
# name: hd
# type: matrix
# rows: 41
# columns: 2
 2 -180
 1 -179
 5 -178
 1 -177
 1 -176
 5 -175
 8 -174
 21 -173
 49 -172
 136 -171
 218 -170
 254 -169
 319 -168
 585 -167
 1274 -166
 2282 -165
 3024 -164
 3244 -163
 3283 -162
 3378 -161
 3334 -160
 3217 -159
 3096 -158
 2806 -157
 2194 -156
 1258 -155
 435 -154
 48 -153
 0 -152
 0 -151
 0 -150
 0 -149
 0 -148
 0 -147
 0 -146
 0 -145
 0 -144
 0 -143
 0 -142
 0 -141
 0 -140


