# Created by Octave 3.8.2, Mon Jun 22 11:07:05 2020 CEST <damian@fptrucha.inv.usc.es>
# name: hd
# type: matrix
# rows: 41
# columns: 2
 3 -180
 2 -179
 3 -178
 4 -177
 9 -176
 3 -175
 7 -174
 13 -173
 64 -172
 132 -171
 193 -170
 250 -169
 348 -168
 630 -167
 1337 -166
 2423 -165
 3179 -164
 3251 -163
 3427 -162
 3539 -161
 3464 -160
 3496 -159
 3078 -158
 2839 -157
 2301 -156
 1181 -155
 412 -154
 64 -153
 2 -152
 0 -151
 0 -150
 0 -149
 0 -148
 0 -147
 0 -146
 0 -145
 0 -144
 0 -143
 0 -142
 0 -141
 0 -140


