# Created by Octave 3.8.2, Sun Jun 21 01:04:53 2020 CEST <damian@fptrucha.inv.usc.es>
# name: hd
# type: matrix
# rows: 41
# columns: 2
 0 -180
 0 -179
 1 -178
 1 -177
 1 -176
 2 -175
 3 -174
 12 -173
 44 -172
 88 -171
 163 -170
 228 -169
 322 -168
 533 -167
 1160 -166
 2082 -165
 3039 -164
 3332 -163
 3461 -162
 3319 -161
 3210 -160
 3319 -159
 3219 -158
 2953 -157
 2223 -156
 1356 -155
 531 -154
 83 -153
 1 -152
 0 -151
 1 -150
 0 -149
 0 -148
 0 -147
 0 -146
 0 -145
 0 -144
 0 -143
 0 -142
 0 -141
 0 -140


