# Created by Octave 3.8.2, Mon Jun 22 10:17:34 2020 CEST <damian@fptrucha.inv.usc.es>
# name: hd
# type: matrix
# rows: 41
# columns: 2
 3 -180
 1 -179
 3 -178
 0 -177
 4 -176
 6 -175
 6 -174
 15 -173
 42 -172
 126 -171
 157 -170
 216 -169
 297 -168
 620 -167
 1238 -166
 2285 -165
 3067 -164
 3420 -163
 3343 -162
 3517 -161
 3395 -160
 3473 -159
 3203 -158
 2765 -157
 2242 -156
 1281 -155
 477 -154
 64 -153
 1 -152
 0 -151
 0 -150
 0 -149
 0 -148
 0 -147
 0 -146
 0 -145
 0 -144
 0 -143
 0 -142
 0 -141
 0 -140


