# Created by Octave 3.8.2, Mon Jun 22 15:16:08 2020 CEST <damian@fptrucha.inv.usc.es>
# name: hd
# type: matrix
# rows: 41
# columns: 2
 2 -180
 1 -179
 2 -178
 1 -177
 0 -176
 3 -175
 7 -174
 21 -173
 60 -172
 136 -171
 219 -170
 260 -169
 351 -168
 632 -167
 1387 -166
 2465 -165
 3358 -164
 3461 -163
 3609 -162
 3709 -161
 3592 -160
 3508 -159
 3356 -158
 2897 -157
 2360 -156
 1356 -155
 443 -154
 58 -153
 3 -152
 0 -151
 0 -150
 0 -149
 0 -148
 0 -147
 0 -146
 0 -145
 0 -144
 0 -143
 0 -142
 0 -141
 0 -140


