# Created by Octave 3.8.2, Mon Jun 22 17:16:11 2020 CEST <damian@fptrucha.inv.usc.es>
# name: hd
# type: matrix
# rows: 41
# columns: 2
 3 -180
 1 -179
 1 -178
 1 -177
 2 -176
 4 -175
 10 -174
 14 -173
 69 -172
 160 -171
 224 -170
 301 -169
 354 -168
 652 -167
 1473 -166
 2539 -165
 3340 -164
 3492 -163
 3637 -162
 3574 -161
 3635 -160
 3507 -159
 3161 -158
 2974 -157
 2291 -156
 1323 -155
 429 -154
 50 -153
 1 -152
 0 -151
 0 -150
 0 -149
 0 -148
 0 -147
 0 -146
 0 -145
 0 -144
 0 -143
 0 -142
 0 -141
 0 -140


