# Created by Octave 3.8.2, Sat Jun 20 20:38:07 2020 CEST <damian@fptrucha.inv.usc.es>
# name: hd
# type: matrix
# rows: 41
# columns: 2
 0 -180
 1 -179
 0 -178
 2 -177
 3 -176
 0 -175
 9 -174
 12 -173
 37 -172
 114 -171
 167 -170
 239 -169
 301 -168
 554 -167
 1250 -166
 2199 -165
 3051 -164
 3518 -163
 3557 -162
 3396 -161
 3330 -160
 3433 -159
 3219 -158
 2984 -157
 2320 -156
 1415 -155
 513 -154
 91 -153
 1 -152
 1 -151
 0 -150
 0 -149
 0 -148
 0 -147
 0 -146
 0 -145
 0 -144
 0 -143
 0 -142
 0 -141
 0 -140


