# Created by Octave 3.8.2, Sun Jun 21 04:04:29 2020 CEST <damian@fptrucha.inv.usc.es>
# name: hd
# type: matrix
# rows: 41
# columns: 2
 0 -180
 1 -179
 0 -178
 1 -177
 2 -176
 4 -175
 4 -174
 18 -173
 35 -172
 110 -171
 180 -170
 229 -169
 290 -168
 560 -167
 1150 -166
 2130 -165
 3081 -164
 3377 -163
 3420 -162
 3370 -161
 3334 -160
 3239 -159
 3211 -158
 2921 -157
 2210 -156
 1407 -155
 550 -154
 88 -153
 2 -152
 0 -151
 0 -150
 0 -149
 0 -148
 0 -147
 0 -146
 0 -145
 0 -144
 0 -143
 0 -142
 0 -141
 0 -140


