# Created by Octave 3.8.2, Mon Jun 22 13:05:42 2020 CEST <damian@fptrucha.inv.usc.es>
# name: hd
# type: matrix
# rows: 41
# columns: 2
 0 -180
 4 -179
 3 -178
 2 -177
 2 -176
 4 -175
 5 -174
 15 -173
 36 -172
 88 -171
 115 -170
 155 -169
 208 -168
 395 -167
 906 -166
 1669 -165
 2073 -164
 2269 -163
 2223 -162
 2282 -161
 2341 -160
 2210 -159
 2111 -158
 1908 -157
 1426 -156
 813 -155
 265 -154
 51 -153
 2 -152
 0 -151
 0 -150
 0 -149
 0 -148
 0 -147
 0 -146
 0 -145
 0 -144
 0 -143
 0 -142
 0 -141
 0 -140


