# Created by Octave 3.8.2, Sat Jun 20 22:49:58 2020 CEST <damian@fptrucha.inv.usc.es>
# name: hd
# type: matrix
# rows: 41
# columns: 2
 1 -180
 0 -179
 2 -178
 1 -177
 0 -176
 2 -175
 4 -174
 13 -173
 32 -172
 95 -171
 156 -170
 202 -169
 304 -168
 584 -167
 1161 -166
 2102 -165
 3020 -164
 3307 -163
 3396 -162
 3372 -161
 3336 -160
 3313 -159
 3188 -158
 3068 -157
 2223 -156
 1320 -155
 460 -154
 79 -153
 3 -152
 1 -151
 0 -150
 0 -149
 0 -148
 0 -147
 0 -146
 0 -145
 0 -144
 0 -143
 0 -142
 0 -141
 0 -140


