# Created by Octave 3.8.2, Sat Jun 20 21:29:40 2020 CEST <damian@fptrucha.inv.usc.es>
# name: hd
# type: matrix
# rows: 41
# columns: 2
 0 -180
 0 -179
 0 -178
 2 -177
 2 -176
 4 -175
 4 -174
 10 -173
 35 -172
 92 -171
 166 -170
 208 -169
 291 -168
 519 -167
 1159 -166
 2145 -165
 3055 -164
 3350 -163
 3414 -162
 3398 -161
 3276 -160
 3357 -159
 3262 -158
 3047 -157
 2263 -156
 1425 -155
 471 -154
 83 -153
 2 -152
 0 -151
 0 -150
 0 -149
 0 -148
 0 -147
 0 -146
 0 -145
 0 -144
 0 -143
 0 -142
 0 -141
 0 -140


