# Created by Octave 3.8.2, Sat Jun 20 12:28:53 2020 CEST <damian@fptrucha.inv.usc.es>
# name: hd
# type: matrix
# rows: 41
# columns: 2
 2 -180
 1 -179
 0 -178
 3 -177
 2 -176
 4 -175
 4 -174
 10 -173
 46 -172
 120 -171
 210 -170
 283 -169
 341 -168
 635 -167
 1363 -166
 2362 -165
 3258 -164
 3746 -163
 3718 -162
 3821 -161
 3702 -160
 3645 -159
 3514 -158
 3185 -157
 2414 -156
 1459 -155
 613 -154
 88 -153
 1 -152
 0 -151
 0 -150
 0 -149
 0 -148
 0 -147
 0 -146
 0 -145
 0 -144
 0 -143
 0 -142
 0 -141
 0 -140


