# Created by Octave 3.8.2, Mon Jun 22 19:30:25 2020 CEST <damian@fptrucha.inv.usc.es>
# name: hd
# type: matrix
# rows: 41
# columns: 2
 1 -180
 2 -179
 1 -178
 3 -177
 2 -176
 3 -175
 5 -174
 21 -173
 50 -172
 120 -171
 202 -170
 270 -169
 334 -168
 624 -167
 1404 -166
 2456 -165
 3349 -164
 3467 -163
 3654 -162
 3528 -161
 3693 -160
 3581 -159
 3310 -158
 3074 -157
 2378 -156
 1362 -155
 454 -154
 56 -153
 2 -152
 0 -151
 0 -150
 0 -149
 0 -148
 0 -147
 0 -146
 0 -145
 0 -144
 0 -143
 0 -142
 0 -141
 0 -140


