# Created by Octave 3.8.2, Mon Jun 22 10:01:34 2020 CEST <damian@fptrucha.inv.usc.es>
# name: hd
# type: matrix
# rows: 41
# columns: 2
 1 -180
 2 -179
 0 -178
 1 -177
 7 -176
 6 -175
 12 -174
 17 -173
 56 -172
 138 -171
 197 -170
 242 -169
 318 -168
 582 -167
 1356 -166
 2365 -165
 3240 -164
 3409 -163
 3425 -162
 3392 -161
 3385 -160
 3417 -159
 3271 -158
 2813 -157
 2203 -156
 1286 -155
 457 -154
 47 -153
 4 -152
 0 -151
 0 -150
 0 -149
 0 -148
 0 -147
 0 -146
 0 -145
 0 -144
 0 -143
 0 -142
 0 -141
 0 -140


