# Created by Octave 3.8.2, Tue Jun 23 00:29:27 2020 CEST <damian@fptrucha.inv.usc.es>
# name: hd
# type: matrix
# rows: 41
# columns: 2
 3 -180
 1 -179
 2 -178
 1 -177
 0 -176
 0 -175
 0 -174
 2 -173
 4 -172
 6 -171
 22 -170
 42 -169
 109 -168
 190 -167
 275 -166
 658 -165
 1627 -164
 2440 -163
 3409 -162
 3782 -161
 3939 -160
 3752 -159
 3082 -158
 3647 -157
 3621 -156
 3473 -155
 2317 -154
 1064 -153
 445 -152
 103 -151
 20 -150
 3 -149
 1 -148
 1 -147
 1 -146
 0 -145
 0 -144
 0 -143
 0 -142
 0 -141
 0 -140


