# Created by Octave 3.8.2, Mon Jun 22 12:38:46 2020 CEST <damian@fptrucha.inv.usc.es>
# name: hd
# type: matrix
# rows: 41
# columns: 2
 1 -180
 2 -179
 0 -178
 1 -177
 0 -176
 1 -175
 2 -174
 2 -173
 0 -172
 10 -171
 14 -170
 63 -169
 104 -168
 204 -167
 324 -166
 761 -165
 1584 -164
 2342 -163
 3346 -162
 3542 -161
 3922 -160
 3289 -159
 3152 -158
 3541 -157
 3464 -156
 3088 -155
 1795 -154
 908 -153
 345 -152
 67 -151
 15 -150
 3 -149
 1 -148
 1 -147
 0 -146
 0 -145
 2 -144
 0 -143
 0 -142
 0 -141
 0 -140


