# Created by Octave 3.8.2, Mon Jun 22 16:12:41 2020 CEST <damian@fptrucha.inv.usc.es>
# name: hd
# type: matrix
# rows: 41
# columns: 2
 1 -180
 1 -179
 0 -178
 2 -177
 3 -176
 0 -175
 5 -174
 2 -173
 4 -172
 5 -171
 25 -170
 69 -169
 133 -168
 237 -167
 358 -166
 821 -165
 1612 -164
 2476 -163
 3523 -162
 3898 -161
 3951 -160
 3240 -159
 3199 -158
 3732 -157
 3634 -156
 3085 -155
 1861 -154
 896 -153
 405 -152
 91 -151
 11 -150
 5 -149
 1 -148
 1 -147
 0 -146
 1 -145
 0 -144
 0 -143
 0 -142
 0 -141
 0 -140


