# Created by Octave 3.8.2, Mon Jun 22 15:26:58 2020 CEST <damian@fptrucha.inv.usc.es>
# name: hd
# type: matrix
# rows: 41
# columns: 2
 1 -180
 2 -179
 0 -178
 0 -177
 0 -176
 1 -175
 4 -174
 2 -173
 5 -172
 10 -171
 19 -170
 55 -169
 140 -168
 228 -167
 324 -166
 827 -165
 1563 -164
 2434 -163
 3368 -162
 3798 -161
 3808 -160
 3309 -159
 3201 -158
 3551 -157
 3491 -156
 3173 -155
 1947 -154
 943 -153
 392 -152
 77 -151
 24 -150
 4 -149
 1 -148
 0 -147
 0 -146
 0 -145
 0 -144
 0 -143
 0 -142
 0 -141
 0 -140


