# Created by Octave 3.8.2, Mon Jun 22 20:05:22 2020 CEST <damian@fptrucha.inv.usc.es>
# name: hd
# type: matrix
# rows: 41
# columns: 2
 2 -180
 1 -179
 1 -178
 3 -177
 0 -176
 0 -175
 3 -174
 2 -173
 2 -172
 5 -171
 23 -170
 53 -169
 121 -168
 221 -167
 332 -166
 785 -165
 1678 -164
 2484 -163
 3452 -162
 3862 -161
 3916 -160
 3439 -159
 3164 -158
 3668 -157
 3625 -156
 3151 -155
 1934 -154
 919 -153
 384 -152
 94 -151
 20 -150
 3 -149
 2 -148
 2 -147
 0 -146
 0 -145
 0 -144
 0 -143
 0 -142
 1 -141
 0 -140


