# Created by Octave 3.8.2, Sat Jun 20 17:22:55 2020 CEST <damian@fptrucha.inv.usc.es>
# name: hd
# type: matrix
# rows: 41
# columns: 2
 0 -180
 0 -179
 0 -178
 0 -177
 0 -176
 0 -175
 1 -174
 4 -173
 2 -172
 3 -171
 6 -170
 45 -169
 92 -168
 174 -167
 228 -166
 570 -165
 1515 -164
 2101 -163
 3111 -162
 3590 -161
 3829 -160
 3826 -159
 3039 -158
 3415 -157
 3421 -156
 3099 -155
 2172 -154
 987 -153
 449 -152
 109 -151
 23 -150
 2 -149
 0 -148
 1 -147
 1 -146
 0 -145
 0 -144
 0 -143
 0 -142
 0 -141
 0 -140


