# Created by Octave 3.8.2, Sat Jun 20 03:14:03 2020 CEST <damian@fptrucha.inv.usc.es>
# name: hd
# type: matrix
# rows: 41
# columns: 2
 0 -180
 0 -179
 0 -178
 1 -177
 0 -176
 0 -175
 0 -174
 3 -173
 2 -172
 8 -171
 17 -170
 57 -169
 91 -168
 190 -167
 269 -166
 665 -165
 1668 -164
 2317 -163
 3359 -162
 3852 -161
 4004 -160
 4063 -159
 3329 -158
 3787 -157
 3815 -156
 3457 -155
 2462 -154
 1039 -153
 488 -152
 122 -151
 24 -150
 7 -149
 1 -148
 1 -147
 1 -146
 0 -145
 1 -144
 0 -143
 0 -142
 0 -141
 0 -140


