# Created by Octave 3.8.2, Sat Jun 20 20:59:46 2020 CEST <damian@fptrucha.inv.usc.es>
# name: hd
# type: matrix
# rows: 41
# columns: 2
 1 -180
 3 -179
 1 -178
 0 -177
 1 -176
 1 -175
 0 -174
 1 -173
 0 -172
 10 -171
 14 -170
 38 -169
 94 -168
 182 -167
 237 -166
 535 -165
 1400 -164
 2095 -163
 3022 -162
 3521 -161
 3712 -160
 3645 -159
 3132 -158
 3420 -157
 3306 -156
 3044 -155
 2174 -154
 947 -153
 468 -152
 113 -151
 11 -150
 2 -149
 0 -148
 0 -147
 1 -146
 0 -145
 0 -144
 0 -143
 0 -142
 0 -141
 0 -140


