# Created by Octave 3.8.2, Mon Jun 22 05:50:27 2020 CEST <damian@fptrucha.inv.usc.es>
# name: hd
# type: matrix
# rows: 41
# columns: 2
 0 -180
 2 -179
 0 -178
 1 -177
 0 -176
 2 -175
 3 -174
 3 -173
 2 -172
 9 -171
 22 -170
 51 -169
 93 -168
 182 -167
 298 -166
 716 -165
 1427 -164
 2180 -163
 3038 -162
 3356 -161
 3527 -160
 3101 -159
 2874 -158
 3243 -157
 3333 -156
 2843 -155
 1676 -154
 792 -153
 330 -152
 81 -151
 15 -150
 4 -149
 0 -148
 0 -147
 2 -146
 0 -145
 0 -144
 0 -143
 0 -142
 0 -141
 0 -140


