# Created by Octave 3.8.2, Sat Jun 20 05:42:11 2020 CEST <damian@fptrucha.inv.usc.es>
# name: hd
# type: matrix
# rows: 41
# columns: 2
 0 -180
 1 -179
 2 -178
 3 -177
 0 -176
 1 -175
 0 -174
 1 -173
 5 -172
 4 -171
 9 -170
 49 -169
 113 -168
 223 -167
 305 -166
 667 -165
 1662 -164
 2385 -163
 3507 -162
 4046 -161
 4143 -160
 4163 -159
 3426 -158
 3778 -157
 3868 -156
 3543 -155
 2325 -154
 1034 -153
 474 -152
 121 -151
 26 -150
 4 -149
 2 -148
 0 -147
 1 -146
 1 -145
 0 -144
 0 -143
 0 -142
 0 -141
 0 -140


