# Created by Octave 3.8.2, Mon Jun 22 19:11:16 2020 CEST <damian@fptrucha.inv.usc.es>
# name: hd
# type: matrix
# rows: 41
# columns: 2
 1 -180
 4 -179
 2 -178
 1 -177
 1 -176
 3 -175
 2 -174
 3 -173
 1 -172
 7 -171
 25 -170
 57 -169
 132 -168
 216 -167
 328 -166
 764 -165
 1605 -164
 2399 -163
 3533 -162
 3917 -161
 3815 -160
 3401 -159
 3121 -158
 3605 -157
 3623 -156
 3160 -155
 1858 -154
 1005 -153
 383 -152
 66 -151
 19 -150
 4 -149
 3 -148
 1 -147
 1 -146
 1 -145
 1 -144
 0 -143
 0 -142
 0 -141
 0 -140


