# Created by Octave 3.8.2, Sun Jun 21 06:47:34 2020 CEST <damian@fptrucha.inv.usc.es>
# name: hd
# type: matrix
# rows: 41
# columns: 2
 1 -180
 0 -179
 0 -178
 0 -177
 1 -176
 1 -175
 3 -174
 2 -173
 1 -172
 5 -171
 15 -170
 40 -169
 86 -168
 148 -167
 239 -166
 563 -165
 1379 -164
 1977 -163
 3102 -162
 3430 -161
 3591 -160
 3444 -159
 3027 -158
 3429 -157
 3385 -156
 3052 -155
 2203 -154
 959 -153
 523 -152
 88 -151
 23 -150
 5 -149
 1 -148
 0 -147
 0 -146
 0 -145
 1 -144
 0 -143
 0 -142
 0 -141
 0 -140


