# Created by Octave 3.8.2, Mon Jun 22 09:59:26 2020 CEST <damian@fptrucha.inv.usc.es>
# name: hd
# type: matrix
# rows: 41
# columns: 2
 1 -180
 1 -179
 2 -178
 0 -177
 1 -176
 1 -175
 0 -174
 1 -173
 3 -172
 12 -171
 17 -170
 34 -169
 90 -168
 118 -167
 209 -166
 481 -165
 1047 -164
 1470 -163
 2188 -162
 2323 -161
 2320 -160
 2270 -159
 1999 -158
 2218 -157
 2250 -156
 1948 -155
 1213 -154
 546 -153
 222 -152
 49 -151
 11 -150
 2 -149
 1 -148
 0 -147
 0 -146
 0 -145
 0 -144
 1 -143
 1 -142
 0 -141
 0 -140


