# Created by Octave 3.8.2, Mon Jun 22 01:57:45 2020 CEST <damian@fptrucha.inv.usc.es>
# name: hd
# type: matrix
# rows: 41
# columns: 2
 0 -180
 1 -179
 1 -178
 0 -177
 1 -176
 0 -175
 0 -174
 1 -173
 4 -172
 11 -171
 15 -170
 55 -169
 118 -168
 191 -167
 304 -166
 693 -165
 1530 -164
 2274 -163
 3256 -162
 3605 -161
 3730 -160
 3558 -159
 3255 -158
 3552 -157
 3566 -156
 3131 -155
 1890 -154
 959 -153
 414 -152
 98 -151
 22 -150
 5 -149
 6 -148
 2 -147
 1 -146
 0 -145
 0 -144
 0 -143
 0 -142
 0 -141
 0 -140


