# Created by Octave 3.8.2, Mon Jun 22 20:35:14 2020 CEST <damian@fptrucha.inv.usc.es>
# name: hd
# type: matrix
# rows: 41
# columns: 2
 1 -180
 1 -179
 2 -178
 0 -177
 1 -176
 1 -175
 1 -174
 1 -173
 3 -172
 8 -171
 19 -170
 48 -169
 113 -168
 195 -167
 310 -166
 790 -165
 1593 -164
 2363 -163
 3508 -162
 3890 -161
 4000 -160
 3548 -159
 3157 -158
 3773 -157
 3650 -156
 3232 -155
 1940 -154
 919 -153
 437 -152
 90 -151
 20 -150
 5 -149
 0 -148
 3 -147
 0 -146
 0 -145
 0 -144
 1 -143
 0 -142
 0 -141
 0 -140


