# Created by Octave 3.8.2, Sun Jun 21 05:21:33 2020 CEST <damian@fptrucha.inv.usc.es>
# name: hd
# type: matrix
# rows: 41
# columns: 2
 0 -180
 0 -179
 0 -178
 0 -177
 1 -176
 1 -175
 0 -174
 1 -173
 1 -172
 4 -171
 10 -170
 45 -169
 99 -168
 148 -167
 228 -166
 597 -165
 1452 -164
 2103 -163
 3080 -162
 3475 -161
 3682 -160
 3553 -159
 2968 -158
 3407 -157
 3291 -156
 3092 -155
 2311 -154
 950 -153
 481 -152
 117 -151
 27 -150
 5 -149
 1 -148
 1 -147
 1 -146
 1 -145
 0 -144
 0 -143
 0 -142
 0 -141
 0 -140


