# Created by Octave 3.8.2, Tue Jun 23 00:34:11 2020 CEST <damian@fptrucha.inv.usc.es>
# name: hd
# type: matrix
# rows: 41
# columns: 2
 0 -180
 0 -179
 0 -178
 2 -177
 1 -176
 1 -175
 1 -174
 4 -173
 3 -172
 8 -171
 19 -170
 49 -169
 121 -168
 193 -167
 303 -166
 670 -165
 1613 -164
 2372 -163
 3434 -162
 3816 -161
 3997 -160
 3892 -159
 3208 -158
 3709 -157
 3699 -156
 3340 -155
 2394 -154
 1084 -153
 478 -152
 118 -151
 28 -150
 8 -149
 2 -148
 1 -147
 0 -146
 0 -145
 1 -144
 0 -143
 0 -142
 0 -141
 0 -140


