# Created by Octave 3.8.2, Mon Jun 22 13:41:52 2020 CEST <damian@fptrucha.inv.usc.es>
# name: hd
# type: matrix
# rows: 41
# columns: 2
 5 -180
 2 -179
 0 -178
 2 -177
 0 -176
 3 -175
 2 -174
 3 -173
 4 -172
 8 -171
 27 -170
 43 -169
 114 -168
 223 -167
 351 -166
 824 -165
 1473 -164
 2325 -163
 3350 -162
 3732 -161
 3806 -160
 3264 -159
 3224 -158
 3567 -157
 3478 -156
 2959 -155
 1771 -154
 860 -153
 348 -152
 85 -151
 15 -150
 2 -149
 1 -148
 0 -147
 0 -146
 0 -145
 0 -144
 0 -143
 1 -142
 0 -141
 0 -140


