# Created by Octave 3.8.2, Sat Jun 20 15:32:56 2020 CEST <damian@fptrucha.inv.usc.es>
# name: hd
# type: matrix
# rows: 41
# columns: 2
 0 -180
 1 -179
 0 -178
 1 -177
 0 -176
 0 -175
 0 -174
 1 -173
 0 -172
 7 -171
 11 -170
 50 -169
 107 -168
 202 -167
 269 -166
 628 -165
 1550 -164
 2108 -163
 3156 -162
 3636 -161
 3657 -160
 3740 -159
 3168 -158
 3590 -157
 3513 -156
 3228 -155
 2317 -154
 1047 -153
 470 -152
 117 -151
 20 -150
 2 -149
 2 -148
 0 -147
 0 -146
 0 -145
 0 -144
 0 -143
 0 -142
 0 -141
 0 -140


