# Created by Octave 3.8.2, Sat Jun 20 17:12:51 2020 CEST <damian@fptrucha.inv.usc.es>
# name: hd
# type: matrix
# rows: 41
# columns: 2
 0 -180
 1 -179
 0 -178
 1 -177
 2 -176
 1 -175
 2 -174
 0 -173
 1 -172
 3 -171
 10 -170
 41 -169
 103 -168
 165 -167
 264 -166
 606 -165
 1470 -164
 2129 -163
 3123 -162
 3561 -161
 3687 -160
 3618 -159
 3160 -158
 3406 -157
 3429 -156
 3182 -155
 2131 -154
 968 -153
 444 -152
 104 -151
 28 -150
 8 -149
 3 -148
 0 -147
 0 -146
 0 -145
 0 -144
 0 -143
 0 -142
 0 -141
 0 -140


