# Created by Octave 3.8.2, Sat Jun 20 03:53:41 2020 CEST <damian@fptrucha.inv.usc.es>
# name: hd
# type: matrix
# rows: 41
# columns: 2
 0 -180
 0 -179
 2 -178
 0 -177
 2 -176
 1 -175
 2 -174
 1 -173
 0 -172
 7 -171
 10 -170
 45 -169
 107 -168
 190 -167
 265 -166
 656 -165
 1709 -164
 2342 -163
 3357 -162
 3957 -161
 4033 -160
 3915 -159
 3395 -158
 3800 -157
 3765 -156
 3551 -155
 2447 -154
 1067 -153
 503 -152
 117 -151
 27 -150
 6 -149
 5 -148
 1 -147
 1 -146
 0 -145
 0 -144
 0 -143
 0 -142
 0 -141
 0 -140


