# Created by Octave 3.8.2, Sun Jun 21 06:43:06 2020 CEST <damian@fptrucha.inv.usc.es>
# name: hd
# type: matrix
# rows: 41
# columns: 2
 0 -180
 0 -179
 0 -178
 0 -177
 0 -176
 0 -175
 0 -174
 2 -173
 4 -172
 7 -171
 12 -170
 49 -169
 96 -168
 181 -167
 244 -166
 564 -165
 1469 -164
 2167 -163
 3138 -162
 3533 -161
 3713 -160
 3739 -159
 3078 -158
 3400 -157
 3468 -156
 3077 -155
 2259 -154
 982 -153
 489 -152
 113 -151
 17 -150
 6 -149
 0 -148
 0 -147
 0 -146
 0 -145
 0 -144
 0 -143
 0 -142
 0 -141
 0 -140


