# Created by Octave 3.8.2, Sat Jun 20 20:31:37 2020 CEST <damian@fptrucha.inv.usc.es>
# name: hd
# type: matrix
# rows: 41
# columns: 2
 1 -180
 0 -179
 1 -178
 0 -177
 0 -176
 2 -175
 0 -174
 0 -173
 1 -172
 3 -171
 13 -170
 52 -169
 111 -168
 178 -167
 282 -166
 587 -165
 1478 -164
 2096 -163
 3248 -162
 3619 -161
 3660 -160
 3718 -159
 3112 -158
 3338 -157
 3385 -156
 3073 -155
 2281 -154
 1007 -153
 456 -152
 129 -151
 18 -150
 6 -149
 1 -148
 0 -147
 0 -146
 0 -145
 0 -144
 0 -143
 0 -142
 0 -141
 0 -140


