# Created by Octave 3.8.2, Sat Jun 20 15:47:13 2020 CEST <damian@fptrucha.inv.usc.es>
# name: hd
# type: matrix
# rows: 41
# columns: 2
 0 -180
 0 -179
 1 -178
 0 -177
 0 -176
 2 -175
 1 -174
 0 -173
 3 -172
 8 -171
 16 -170
 50 -169
 108 -168
 184 -167
 265 -166
 617 -165
 1524 -164
 2171 -163
 3199 -162
 3773 -161
 3730 -160
 3729 -159
 3080 -158
 3627 -157
 3454 -156
 3198 -155
 2238 -154
 941 -153
 502 -152
 105 -151
 24 -150
 6 -149
 3 -148
 0 -147
 1 -146
 0 -145
 1 -144
 0 -143
 0 -142
 0 -141
 0 -140


