# Created by Octave 3.8.2, Mon Jun 22 23:23:41 2020 CEST <damian@fptrucha.inv.usc.es>
# name: hd
# type: matrix
# rows: 41
# columns: 2
 0 -180
 2 -179
 1 -178
 3 -177
 0 -176
 0 -175
 0 -174
 3 -173
 1 -172
 7 -171
 26 -170
 64 -169
 116 -168
 194 -167
 310 -166
 679 -165
 1629 -164
 2361 -163
 3534 -162
 3890 -161
 4036 -160
 3886 -159
 3130 -158
 3566 -157
 3577 -156
 3307 -155
 2307 -154
 979 -153
 460 -152
 98 -151
 16 -150
 5 -149
 3 -148
 3 -147
 0 -146
 0 -145
 0 -144
 1 -143
 0 -142
 1 -141
 0 -140


