# Created by Octave 3.8.2, Mon Jun 22 16:45:11 2020 CEST <damian@fptrucha.inv.usc.es>
# name: hd
# type: matrix
# rows: 41
# columns: 2
 1 -180
 0 -179
 0 -178
 1 -177
 0 -176
 3 -175
 0 -174
 3 -173
 7 -172
 7 -171
 21 -170
 64 -169
 108 -168
 230 -167
 328 -166
 835 -165
 1535 -164
 2405 -163
 3448 -162
 3754 -161
 3958 -160
 3264 -159
 3293 -158
 3665 -157
 3560 -156
 3132 -155
 1767 -154
 907 -153
 371 -152
 71 -151
 18 -150
 1 -149
 0 -148
 0 -147
 0 -146
 0 -145
 2 -144
 0 -143
 0 -142
 1 -141
 0 -140


