# Created by Octave 3.8.2, Sun Jun 21 06:58:37 2020 CEST <damian@fptrucha.inv.usc.es>
# name: hd
# type: matrix
# rows: 41
# columns: 2
 0 -180
 1 -179
 0 -178
 0 -177
 0 -176
 1 -175
 2 -174
 1 -173
 1 -172
 5 -171
 14 -170
 40 -169
 106 -168
 154 -167
 228 -166
 504 -165
 1368 -164
 1959 -163
 2920 -162
 3367 -161
 3457 -160
 3524 -159
 2995 -158
 3267 -157
 3266 -156
 3053 -155
 2228 -154
 1011 -153
 489 -152
 103 -151
 20 -150
 3 -149
 1 -148
 1 -147
 0 -146
 1 -145
 0 -144
 0 -143
 0 -142
 0 -141
 0 -140


