# Created by Octave 3.8.2, Sat Jun 20 19:47:11 2020 CEST <damian@fptrucha.inv.usc.es>
# name: hd
# type: matrix
# rows: 41
# columns: 2
 0 -180
 3 -179
 0 -178
 1 -177
 0 -176
 0 -175
 1 -174
 2 -173
 2 -172
 4 -171
 14 -170
 55 -169
 94 -168
 188 -167
 280 -166
 551 -165
 1463 -164
 2128 -163
 3028 -162
 3547 -161
 3709 -160
 3629 -159
 3056 -158
 3352 -157
 3381 -156
 3182 -155
 2181 -154
 946 -153
 481 -152
 118 -151
 16 -150
 7 -149
 1 -148
 2 -147
 1 -146
 0 -145
 0 -144
 0 -143
 0 -142
 0 -141
 0 -140


