# Created by Octave 3.8.2, Mon Jun 22 14:56:43 2020 CEST <damian@fptrucha.inv.usc.es>
# name: hd
# type: matrix
# rows: 41
# columns: 2
 0 -180
 0 -179
 0 -178
 1 -177
 2 -176
 3 -175
 1 -174
 2 -173
 4 -172
 7 -171
 19 -170
 51 -169
 115 -168
 197 -167
 332 -166
 754 -165
 1651 -164
 2382 -163
 3418 -162
 3802 -161
 3778 -160
 3446 -159
 3219 -158
 3479 -157
 3505 -156
 3228 -155
 1880 -154
 882 -153
 364 -152
 99 -151
 22 -150
 3 -149
 1 -148
 2 -147
 1 -146
 1 -145
 0 -144
 0 -143
 0 -142
 0 -141
 0 -140


