# Created by Octave 3.8.2, Mon Jun 22 20:04:14 2020 CEST <damian@fptrucha.inv.usc.es>
# name: hd
# type: matrix
# rows: 41
# columns: 2
 1 -180
 0 -179
 1 -178
 0 -177
 1 -176
 1 -175
 1 -174
 4 -173
 3 -172
 7 -171
 28 -170
 49 -169
 125 -168
 227 -167
 321 -166
 796 -165
 1598 -164
 2502 -163
 3560 -162
 3902 -161
 3949 -160
 3481 -159
 3093 -158
 3708 -157
 3625 -156
 3219 -155
 1959 -154
 949 -153
 435 -152
 77 -151
 24 -150
 4 -149
 1 -148
 1 -147
 1 -146
 1 -145
 0 -144
 0 -143
 1 -142
 0 -141
 0 -140


