# Created by Octave 3.8.2, Sun Jun 21 07:09:47 2020 CEST <damian@fptrucha.inv.usc.es>
# name: hd
# type: matrix
# rows: 41
# columns: 2
 1 -180
 0 -179
 0 -178
 0 -177
 0 -176
 0 -175
 1 -174
 2 -173
 7 -172
 5 -171
 9 -170
 46 -169
 117 -168
 195 -167
 245 -166
 546 -165
 1387 -164
 2127 -163
 3200 -162
 3570 -161
 3872 -160
 3688 -159
 3141 -158
 3449 -157
 3424 -156
 3161 -155
 2297 -154
 1021 -153
 496 -152
 105 -151
 30 -150
 6 -149
 2 -148
 1 -147
 0 -146
 0 -145
 0 -144
 0 -143
 0 -142
 0 -141
 0 -140


