# Created by Octave 3.8.2, Mon Jun 22 16:08:14 2020 CEST <damian@fptrucha.inv.usc.es>
# name: hd
# type: matrix
# rows: 41
# columns: 2
 0 -180
 0 -179
 0 -178
 1 -177
 1 -176
 2 -175
 1 -174
 1 -173
 5 -172
 8 -171
 22 -170
 56 -169
 125 -168
 229 -167
 368 -166
 779 -165
 1612 -164
 2369 -163
 3421 -162
 3726 -161
 3909 -160
 3464 -159
 3334 -158
 3591 -157
 3502 -156
 3058 -155
 1757 -154
 944 -153
 385 -152
 82 -151
 19 -150
 5 -149
 2 -148
 2 -147
 0 -146
 0 -145
 0 -144
 0 -143
 0 -142
 0 -141
 0 -140


