# Created by Octave 3.8.2, Sat Jun 20 15:52:38 2020 CEST <damian@fptrucha.inv.usc.es>
# name: hd
# type: matrix
# rows: 41
# columns: 2
 1 -180
 0 -179
 0 -178
 2 -177
 0 -176
 0 -175
 1 -174
 3 -173
 3 -172
 9 -171
 14 -170
 57 -169
 106 -168
 184 -167
 222 -166
 635 -165
 1522 -164
 2108 -163
 3261 -162
 3627 -161
 3751 -160
 3585 -159
 3112 -158
 3508 -157
 3524 -156
 3244 -155
 2251 -154
 1021 -153
 515 -152
 119 -151
 25 -150
 4 -149
 2 -148
 0 -147
 0 -146
 0 -145
 0 -144
 0 -143
 0 -142
 0 -141
 0 -140


