# Created by Octave 3.8.2, Mon Jun 22 07:08:41 2020 CEST <damian@fptrucha.inv.usc.es>
# name: hd
# type: matrix
# rows: 41
# columns: 2
 0 -180
 0 -179
 0 -178
 0 -177
 1 -176
 2 -175
 1 -174
 4 -173
 3 -172
 6 -171
 29 -170
 63 -169
 119 -168
 189 -167
 275 -166
 751 -165
 1452 -164
 2176 -163
 3173 -162
 3408 -161
 3519 -160
 3196 -159
 2919 -158
 3319 -157
 3140 -156
 2821 -155
 1717 -154
 834 -153
 321 -152
 59 -151
 13 -150
 3 -149
 2 -148
 2 -147
 0 -146
 0 -145
 0 -144
 1 -143
 0 -142
 1 -141
 0 -140


