# Created by Octave 3.8.2, Sat Jun 20 07:11:58 2020 CEST <damian@fptrucha.inv.usc.es>
# name: hd
# type: matrix
# rows: 41
# columns: 2
 0 -180
 0 -179
 0 -178
 1 -177
 0 -176
 1 -175
 1 -174
 1 -173
 2 -172
 10 -171
 22 -170
 55 -169
 132 -168
 216 -167
 314 -166
 705 -165
 1700 -164
 2419 -163
 3435 -162
 4073 -161
 4227 -160
 4130 -159
 3560 -158
 3891 -157
 3875 -156
 3533 -155
 2355 -154
 1037 -153
 498 -152
 115 -151
 28 -150
 9 -149
 2 -148
 0 -147
 0 -146
 1 -145
 0 -144
 0 -143
 0 -142
 0 -141
 0 -140


