# Created by Octave 3.8.2, Mon Jun 22 10:09:10 2020 CEST <damian@fptrucha.inv.usc.es>
# name: hd
# type: matrix
# rows: 41
# columns: 2
 0 -180
 0 -179
 1 -178
 0 -177
 0 -176
 3 -175
 1 -174
 3 -173
 8 -172
 12 -171
 18 -170
 52 -169
 112 -168
 196 -167
 306 -166
 755 -165
 1536 -164
 2178 -163
 3225 -162
 3630 -161
 3625 -160
 3390 -159
 3013 -158
 3399 -157
 3381 -156
 2895 -155
 1875 -154
 817 -153
 376 -152
 87 -151
 20 -150
 4 -149
 3 -148
 0 -147
 1 -146
 0 -145
 0 -144
 0 -143
 0 -142
 0 -141
 0 -140


