# Created by Octave 3.8.2, Mon Jun 22 19:32:43 2020 CEST <damian@fptrucha.inv.usc.es>
# name: hd
# type: matrix
# rows: 41
# columns: 2
 1 -180
 0 -179
 0 -178
 0 -177
 2 -176
 4 -175
 3 -174
 2 -173
 1 -172
 5 -171
 19 -170
 60 -169
 114 -168
 223 -167
 330 -166
 801 -165
 1643 -164
 2389 -163
 3581 -162
 3777 -161
 3941 -160
 3414 -159
 3175 -158
 3599 -157
 3586 -156
 3118 -155
 1854 -154
 904 -153
 391 -152
 79 -151
 13 -150
 3 -149
 0 -148
 0 -147
 0 -146
 0 -145
 0 -144
 1 -143
 0 -142
 0 -141
 0 -140


