# Created by Octave 3.8.2, Sun Jun 21 03:51:45 2020 CEST <damian@fptrucha.inv.usc.es>
# name: hd
# type: matrix
# rows: 41
# columns: 2
 0 -180
 0 -179
 0 -178
 1 -177
 0 -176
 0 -175
 3 -174
 2 -173
 2 -172
 3 -171
 13 -170
 55 -169
 87 -168
 180 -167
 258 -166
 557 -165
 1459 -164
 2043 -163
 3012 -162
 3421 -161
 3539 -160
 3464 -159
 2987 -158
 3292 -157
 3487 -156
 3083 -155
 2053 -154
 923 -153
 442 -152
 118 -151
 19 -150
 4 -149
 2 -148
 0 -147
 1 -146
 2 -145
 0 -144
 0 -143
 0 -142
 0 -141
 0 -140


