# Created by Octave 3.8.2, Mon Jun 22 01:34:55 2020 CEST <damian@fptrucha.inv.usc.es>
# name: hd
# type: matrix
# rows: 41
# columns: 2
 1 -180
 1 -179
 0 -178
 1 -177
 0 -176
 0 -175
 0 -174
 1 -173
 3 -172
 4 -171
 18 -170
 52 -169
 94 -168
 185 -167
 281 -166
 629 -165
 1446 -164
 2118 -163
 3054 -162
 3707 -161
 3628 -160
 3616 -159
 2998 -158
 3442 -157
 3494 -156
 3233 -155
 2280 -154
 950 -153
 457 -152
 90 -151
 28 -150
 4 -149
 0 -148
 1 -147
 1 -146
 1 -145
 1 -144
 0 -143
 0 -142
 0 -141
 0 -140


