# Created by Octave 3.8.2, Sat Jun 20 03:39:47 2020 CEST <damian@fptrucha.inv.usc.es>
# name: hd
# type: matrix
# rows: 41
# columns: 2
 1 -180
 1 -179
 1 -178
 0 -177
 0 -176
 0 -175
 0 -174
 2 -173
 2 -172
 4 -171
 18 -170
 58 -169
 88 -168
 185 -167
 242 -166
 632 -165
 1635 -164
 2230 -163
 3464 -162
 3794 -161
 3909 -160
 3759 -159
 3440 -158
 3493 -157
 3682 -156
 3356 -155
 2369 -154
 1001 -153
 510 -152
 105 -151
 25 -150
 10 -149
 2 -148
 0 -147
 1 -146
 0 -145
 0 -144
 0 -143
 0 -142
 0 -141
 0 -140


