# Created by Octave 3.8.2, Sat Jun 20 21:21:00 2020 CEST <damian@fptrucha.inv.usc.es>
# name: hd
# type: matrix
# rows: 41
# columns: 2
 0 -180
 1 -179
 0 -178
 0 -177
 0 -176
 2 -175
 1 -174
 1 -173
 1 -172
 6 -171
 10 -170
 54 -169
 107 -168
 173 -167
 273 -166
 606 -165
 1422 -164
 2029 -163
 3080 -162
 3607 -161
 3598 -160
 3562 -159
 2963 -158
 3369 -157
 3324 -156
 3155 -155
 2090 -154
 900 -153
 447 -152
 98 -151
 27 -150
 6 -149
 0 -148
 1 -147
 1 -146
 0 -145
 0 -144
 0 -143
 0 -142
 0 -141
 0 -140


