# Created by Octave 3.8.2, Mon Jun 22 16:14:54 2020 CEST <damian@fptrucha.inv.usc.es>
# name: hd
# type: matrix
# rows: 41
# columns: 2
 1 -180
 1 -179
 2 -178
 0 -177
 1 -176
 2 -175
 1 -174
 3 -173
 4 -172
 5 -171
 23 -170
 69 -169
 138 -168
 218 -167
 343 -166
 798 -165
 1548 -164
 2454 -163
 3417 -162
 3919 -161
 3836 -160
 3380 -159
 3294 -158
 3583 -157
 3691 -156
 3058 -155
 1884 -154
 948 -153
 393 -152
 88 -151
 17 -150
 10 -149
 3 -148
 2 -147
 0 -146
 0 -145
 1 -144
 0 -143
 0 -142
 1 -141
 0 -140


