# Created by Octave 3.8.2, Mon Jun 22 03:49:16 2020 CEST <damian@fptrucha.inv.usc.es>
# name: hd
# type: matrix
# rows: 41
# columns: 2
 0 -180
 1 -179
 0 -178
 0 -177
 1 -176
 1 -175
 1 -174
 4 -173
 3 -172
 8 -171
 21 -170
 59 -169
 98 -168
 178 -167
 308 -166
 688 -165
 1473 -164
 2189 -163
 3039 -162
 3418 -161
 3513 -160
 3043 -159
 2997 -158
 3309 -157
 3200 -156
 2748 -155
 1609 -154
 780 -153
 362 -152
 84 -151
 23 -150
 4 -149
 1 -148
 0 -147
 0 -146
 0 -145
 0 -144
 0 -143
 0 -142
 1 -141
 0 -140


