# Created by Octave 3.8.2, Mon Jun 22 18:26:22 2020 CEST <damian@fptrucha.inv.usc.es>
# name: hd
# type: matrix
# rows: 41
# columns: 2
 3 -180
 1 -179
 0 -178
 0 -177
 1 -176
 2 -175
 1 -174
 2 -173
 2 -172
 5 -171
 27 -170
 66 -169
 112 -168
 223 -167
 324 -166
 766 -165
 1661 -164
 2419 -163
 3443 -162
 3810 -161
 3921 -160
 3489 -159
 3122 -158
 3542 -157
 3498 -156
 3143 -155
 1924 -154
 930 -153
 397 -152
 84 -151
 20 -150
 5 -149
 3 -148
 3 -147
 0 -146
 0 -145
 0 -144
 0 -143
 0 -142
 0 -141
 0 -140


