# Created by Octave 3.8.2, Mon Jun 22 10:22:29 2020 CEST <damian@fptrucha.inv.usc.es>
# name: hd
# type: matrix
# rows: 41
# columns: 2
 2 -180
 0 -179
 1 -178
 0 -177
 1 -176
 2 -175
 1 -174
 1 -173
 6 -172
 7 -171
 14 -170
 53 -169
 100 -168
 198 -167
 336 -166
 751 -165
 1549 -164
 2148 -163
 3257 -162
 3582 -161
 3703 -160
 3380 -159
 3163 -158
 3462 -157
 3308 -156
 2949 -155
 1892 -154
 786 -153
 347 -152
 74 -151
 30 -150
 5 -149
 2 -148
 3 -147
 0 -146
 2 -145
 0 -144
 0 -143
 0 -142
 0 -141
 0 -140


