# Created by Octave 3.8.2, Sat Jun 20 21:13:20 2020 CEST <damian@fptrucha.inv.usc.es>
# name: hd
# type: matrix
# rows: 41
# columns: 2
 2 -180
 0 -179
 0 -178
 1 -177
 0 -176
 0 -175
 2 -174
 2 -173
 3 -172
 5 -171
 12 -170
 50 -169
 93 -168
 168 -167
 275 -166
 588 -165
 1458 -164
 2082 -163
 3084 -162
 3482 -161
 3617 -160
 3591 -159
 2981 -158
 3346 -157
 3320 -156
 3033 -155
 2229 -154
 987 -153
 504 -152
 117 -151
 25 -150
 6 -149
 1 -148
 0 -147
 0 -146
 1 -145
 0 -144
 0 -143
 1 -142
 0 -141
 0 -140


