# Created by Octave 3.8.2, Mon Jun 22 00:48:08 2020 CEST <damian@fptrucha.inv.usc.es>
# name: hd
# type: matrix
# rows: 41
# columns: 2
 1 -180
 1 -179
 0 -178
 1 -177
 0 -176
 0 -175
 2 -174
 0 -173
 2 -172
 10 -171
 13 -170
 45 -169
 96 -168
 179 -167
 227 -166
 507 -165
 1398 -164
 2067 -163
 3039 -162
 3439 -161
 3542 -160
 3599 -159
 3010 -158
 3403 -157
 3300 -156
 3132 -155
 2265 -154
 976 -153
 486 -152
 111 -151
 19 -150
 3 -149
 2 -148
 0 -147
 0 -146
 0 -145
 0 -144
 0 -143
 0 -142
 0 -141
 0 -140


