# Created by Octave 3.8.2, Sat Jun 20 17:06:13 2020 CEST <damian@fptrucha.inv.usc.es>
# name: hd
# type: matrix
# rows: 41
# columns: 2
 0 -180
 0 -179
 1 -178
 0 -177
 1 -176
 0 -175
 1 -174
 2 -173
 1 -172
 7 -171
 18 -170
 51 -169
 108 -168
 167 -167
 290 -166
 599 -165
 1476 -164
 2036 -163
 3189 -162
 3629 -161
 3736 -160
 3726 -159
 3064 -158
 3431 -157
 3485 -156
 3138 -155
 2268 -154
 949 -153
 521 -152
 123 -151
 15 -150
 5 -149
 0 -148
 0 -147
 2 -146
 0 -145
 1 -144
 0 -143
 1 -142
 0 -141
 0 -140


