# Created by Octave 3.8.2, Sat Jun 20 19:58:27 2020 CEST <damian@fptrucha.inv.usc.es>
# name: hd
# type: matrix
# rows: 41
# columns: 2
 2 -180
 1 -179
 2 -178
 0 -177
 0 -176
 2 -175
 3 -174
 1 -173
 2 -172
 6 -171
 14 -170
 43 -169
 95 -168
 186 -167
 258 -166
 609 -165
 1494 -164
 2088 -163
 3177 -162
 3503 -161
 3729 -160
 3592 -159
 3057 -158
 3341 -157
 3365 -156
 3093 -155
 2116 -154
 955 -153
 468 -152
 99 -151
 20 -150
 5 -149
 1 -148
 0 -147
 0 -146
 0 -145
 1 -144
 0 -143
 0 -142
 1 -141
 0 -140


