# Created by Octave 3.8.2, Sat Jun 20 20:27:42 2020 CEST <damian@fptrucha.inv.usc.es>
# name: hd
# type: matrix
# rows: 41
# columns: 2
 0 -180
 0 -179
 1 -178
 0 -177
 1 -176
 1 -175
 2 -174
 1 -173
 1 -172
 2 -171
 18 -170
 48 -169
 86 -168
 185 -167
 252 -166
 583 -165
 1519 -164
 2107 -163
 3119 -162
 3556 -161
 3613 -160
 3738 -159
 3079 -158
 3349 -157
 3413 -156
 3114 -155
 2207 -154
 933 -153
 486 -152
 89 -151
 23 -150
 10 -149
 1 -148
 0 -147
 0 -146
 0 -145
 0 -144
 0 -143
 0 -142
 0 -141
 0 -140


