# Created by Octave 3.8.2, Mon Jun 22 13:55:22 2020 CEST <damian@fptrucha.inv.usc.es>
# name: hd
# type: matrix
# rows: 41
# columns: 2
 3 -180
 0 -179
 0 -178
 1 -177
 1 -176
 1 -175
 1 -174
 3 -173
 4 -172
 9 -171
 18 -170
 70 -169
 134 -168
 227 -167
 355 -166
 819 -165
 1505 -164
 2445 -163
 3390 -162
 3756 -161
 3639 -160
 3063 -159
 3208 -158
 3488 -157
 3505 -156
 2944 -155
 1706 -154
 882 -153
 346 -152
 75 -151
 12 -150
 3 -149
 0 -148
 0 -147
 1 -146
 0 -145
 0 -144
 0 -143
 1 -142
 0 -141
 0 -140


