# Created by Octave 3.8.2, Sat Jun 20 22:52:38 2020 CEST <damian@fptrucha.inv.usc.es>
# name: hd
# type: matrix
# rows: 41
# columns: 2
 0 -180
 0 -179
 0 -178
 1 -177
 0 -176
 0 -175
 0 -174
 0 -173
 6 -172
 4 -171
 15 -170
 50 -169
 85 -168
 169 -167
 252 -166
 572 -165
 1451 -164
 2100 -163
 3034 -162
 3530 -161
 3582 -160
 3488 -159
 3034 -158
 3359 -157
 3333 -156
 3109 -155
 2127 -154
 932 -153
 466 -152
 95 -151
 23 -150
 0 -149
 2 -148
 3 -147
 0 -146
 1 -145
 0 -144
 0 -143
 0 -142
 0 -141
 0 -140


