# Created by Octave 3.8.2, Sat Jun 20 14:08:09 2020 CEST <damian@fptrucha.inv.usc.es>
# name: hd
# type: matrix
# rows: 41
# columns: 2
 0 -180
 0 -179
 0 -178
 0 -177
 3 -176
 1 -175
 1 -174
 2 -173
 3 -172
 5 -171
 20 -170
 52 -169
 105 -168
 208 -167
 292 -166
 646 -165
 1632 -164
 2193 -163
 3373 -162
 3810 -161
 3928 -160
 3809 -159
 3202 -158
 3600 -157
 3629 -156
 3211 -155
 2198 -154
 1004 -153
 452 -152
 117 -151
 27 -150
 9 -149
 2 -148
 2 -147
 0 -146
 0 -145
 0 -144
 0 -143
 0 -142
 0 -141
 0 -140


