# Created by Octave 3.8.2, Sat Jun 20 18:03:41 2020 CEST <damian@fptrucha.inv.usc.es>
# name: hd
# type: matrix
# rows: 41
# columns: 2
 0 -180
 0 -179
 0 -178
 1 -177
 0 -176
 2 -175
 2 -174
 0 -173
 2 -172
 5 -171
 13 -170
 48 -169
 126 -168
 201 -167
 279 -166
 588 -165
 1493 -164
 2102 -163
 3086 -162
 3525 -161
 3650 -160
 3622 -159
 3121 -158
 3452 -157
 3374 -156
 3156 -155
 2213 -154
 958 -153
 456 -152
 94 -151
 26 -150
 6 -149
 2 -148
 1 -147
 0 -146
 0 -145
 1 -144
 0 -143
 0 -142
 1 -141
 0 -140


