# Created by Octave 3.8.2, Sun Jun 21 03:44:00 2020 CEST <damian@fptrucha.inv.usc.es>
# name: hd
# type: matrix
# rows: 41
# columns: 2
 1 -180
 2 -179
 0 -178
 1 -177
 0 -176
 1 -175
 1 -174
 0 -173
 2 -172
 7 -171
 11 -170
 40 -169
 98 -168
 165 -167
 250 -166
 615 -165
 1398 -164
 2010 -163
 3131 -162
 3509 -161
 3591 -160
 3578 -159
 3054 -158
 3435 -157
 3385 -156
 3077 -155
 2119 -154
 927 -153
 491 -152
 96 -151
 17 -150
 6 -149
 3 -148
 0 -147
 0 -146
 0 -145
 0 -144
 0 -143
 1 -142
 0 -141
 0 -140


