# Created by Octave 3.8.2, Sat Jun 20 06:01:03 2020 CEST <damian@fptrucha.inv.usc.es>
# name: hd
# type: matrix
# rows: 41
# columns: 2
 1 -180
 0 -179
 0 -178
 0 -177
 0 -176
 1 -175
 1 -174
 1 -173
 1 -172
 7 -171
 22 -170
 47 -169
 129 -168
 242 -167
 311 -166
 692 -165
 1736 -164
 2306 -163
 3740 -162
 4052 -161
 4089 -160
 3909 -159
 3409 -158
 3768 -157
 3956 -156
 3374 -155
 2458 -154
 1029 -153
 482 -152
 112 -151
 33 -150
 4 -149
 3 -148
 1 -147
 0 -146
 1 -145
 0 -144
 0 -143
 0 -142
 0 -141
 0 -140


