# Created by Octave 3.8.2, Mon Jun 22 16:22:13 2020 CEST <damian@fptrucha.inv.usc.es>
# name: hd
# type: matrix
# rows: 41
# columns: 2
 0 -180
 0 -179
 0 -178
 1 -177
 1 -176
 0 -175
 1 -174
 0 -173
 2 -172
 12 -171
 19 -170
 47 -169
 112 -168
 210 -167
 370 -166
 850 -165
 1536 -164
 2440 -163
 3355 -162
 3749 -161
 3829 -160
 3396 -159
 3260 -158
 3602 -157
 3492 -156
 3013 -155
 1820 -154
 987 -153
 348 -152
 76 -151
 21 -150
 2 -149
 1 -148
 1 -147
 1 -146
 1 -145
 0 -144
 0 -143
 0 -142
 0 -141
 0 -140


