# Created by Octave 3.8.2, Mon Jun 22 07:02:39 2020 CEST <damian@fptrucha.inv.usc.es>
# name: hd
# type: matrix
# rows: 41
# columns: 2
 3 -180
 0 -179
 1 -178
 1 -177
 2 -176
 0 -175
 2 -174
 1 -173
 4 -172
 7 -171
 23 -170
 66 -169
 114 -168
 210 -167
 293 -166
 740 -165
 1433 -164
 2128 -163
 3234 -162
 3395 -161
 3553 -160
 3158 -159
 2948 -158
 3216 -157
 3222 -156
 2834 -155
 1640 -154
 811 -153
 339 -152
 66 -151
 16 -150
 1 -149
 0 -148
 0 -147
 0 -146
 0 -145
 0 -144
 0 -143
 1 -142
 0 -141
 0 -140


