# Created by Octave 3.8.2, Mon Jun 22 10:50:38 2020 CEST <damian@fptrucha.inv.usc.es>
# name: hd
# type: matrix
# rows: 41
# columns: 2
 2 -180
 3 -179
 2 -178
 0 -177
 1 -176
 0 -175
 2 -174
 2 -173
 4 -172
 4 -171
 24 -170
 57 -169
 121 -168
 221 -167
 316 -166
 736 -165
 1506 -164
 2279 -163
 3296 -162
 3629 -161
 3681 -160
 3210 -159
 3160 -158
 3437 -157
 3347 -156
 2962 -155
 1762 -154
 859 -153
 334 -152
 71 -151
 25 -150
 2 -149
 2 -148
 1 -147
 1 -146
 1 -145
 1 -144
 1 -143
 1 -142
 1 -141
 0 -140


