# Created by Octave 3.8.2, Mon Jun 22 02:27:47 2020 CEST <damian@fptrucha.inv.usc.es>
# name: hd
# type: matrix
# rows: 41
# columns: 2
 0 -180
 0 -179
 0 -178
 0 -177
 0 -176
 0 -175
 0 -174
 0 -173
 0 -172
 0 -171
 1 -170
 1 -169
 0 -168
 3 -167
 1 -166
 3 -165
 6 -164
 16 -163
 37 -162
 37 -161
 33 -160
 30 -159
 30 -158
 25 -157
 48 -156
 31 -155
 24 -154
 14 -153
 5 -152
 1 -151
 0 -150
 1 -149
 0 -148
 0 -147
 0 -146
 0 -145
 0 -144
 0 -143
 0 -142
 0 -141
 0 -140


