# Created by Octave 3.8.2, Sun Jun 21 00:31:40 2020 CEST <damian@fptrucha.inv.usc.es>
# name: hd
# type: matrix
# rows: 41
# columns: 2
 0 -180
 0 -179
 0 -178
 1 -177
 1 -176
 0 -175
 1 -174
 3 -173
 1 -172
 2 -171
 13 -170
 36 -169
 91 -168
 180 -167
 258 -166
 557 -165
 1464 -164
 1968 -163
 3049 -162
 3520 -161
 3563 -160
 3482 -159
 2918 -158
 3373 -157
 3328 -156
 2960 -155
 2044 -154
 926 -153
 451 -152
 94 -151
 22 -150
 4 -149
 1 -148
 0 -147
 0 -146
 0 -145
 1 -144
 0 -143
 1 -142
 0 -141
 0 -140


