# Created by Octave 3.8.2, Sat Jun 20 20:35:34 2020 CEST <damian@fptrucha.inv.usc.es>
# name: hd
# type: matrix
# rows: 41
# columns: 2
 0 -180
 0 -179
 0 -178
 2 -177
 0 -176
 1 -175
 1 -174
 0 -173
 3 -172
 5 -171
 13 -170
 51 -169
 81 -168
 163 -167
 266 -166
 555 -165
 1496 -164
 2066 -163
 3257 -162
 3510 -161
 3679 -160
 3568 -159
 3121 -158
 3379 -157
 3351 -156
 3127 -155
 2186 -154
 979 -153
 472 -152
 85 -151
 26 -150
 5 -149
 1 -148
 1 -147
 1 -146
 1 -145
 0 -144
 0 -143
 0 -142
 0 -141
 0 -140


