# Created by Octave 3.8.2, Mon Jun 22 12:12:38 2020 CEST <damian@fptrucha.inv.usc.es>
# name: hd
# type: matrix
# rows: 41
# columns: 2
 0 -180
 1 -179
 0 -178
 0 -177
 2 -176
 1 -175
 2 -174
 0 -173
 5 -172
 7 -171
 25 -170
 56 -169
 141 -168
 227 -167
 305 -166
 807 -165
 1492 -164
 2271 -163
 3248 -162
 3634 -161
 3739 -160
 3366 -159
 3135 -158
 3336 -157
 3431 -156
 2984 -155
 1739 -154
 838 -153
 339 -152
 72 -151
 16 -150
 1 -149
 1 -148
 0 -147
 1 -146
 1 -145
 0 -144
 0 -143
 1 -142
 0 -141
 0 -140


