# Created by Octave 3.8.2, Mon Jun 22 21:33:52 2020 CEST <damian@fptrucha.inv.usc.es>
# name: hd
# type: matrix
# rows: 41
# columns: 2
 1 -180
 2 -179
 1 -178
 0 -177
 1 -176
 1 -175
 2 -174
 3 -173
 5 -172
 9 -171
 8 -170
 65 -169
 129 -168
 202 -167
 331 -166
 607 -165
 1542 -164
 2310 -163
 3364 -162
 3796 -161
 4054 -160
 3852 -159
 3087 -158
 3633 -157
 3542 -156
 3276 -155
 2206 -154
 1011 -153
 480 -152
 85 -151
 15 -150
 1 -149
 1 -148
 0 -147
 0 -146
 1 -145
 0 -144
 0 -143
 0 -142
 0 -141
 0 -140


