# Created by Octave 3.8.2, Mon Jun 22 04:59:09 2020 CEST <damian@fptrucha.inv.usc.es>
# name: hd
# type: matrix
# rows: 41
# columns: 2
 1 -180
 1 -179
 0 -178
 0 -177
 0 -176
 0 -175
 1 -174
 0 -173
 1 -172
 7 -171
 14 -170
 38 -169
 78 -168
 180 -167
 266 -166
 651 -165
 1240 -164
 1958 -163
 2850 -162
 3299 -161
 3348 -160
 2960 -159
 2906 -158
 3189 -157
 3200 -156
 2821 -155
 1736 -154
 935 -153
 442 -152
 108 -151
 22 -150
 2 -149
 3 -148
 2 -147
 1 -146
 0 -145
 1 -144
 0 -143
 0 -142
 0 -141
 0 -140


