# Created by Octave 3.8.2, Sun Jun 21 01:03:48 2020 CEST <damian@fptrucha.inv.usc.es>
# name: hd
# type: matrix
# rows: 41
# columns: 2
 0 -180
 2 -179
 0 -178
 0 -177
 1 -176
 1 -175
 2 -174
 2 -173
 3 -172
 7 -171
 5 -170
 50 -169
 93 -168
 183 -167
 251 -166
 527 -165
 1467 -164
 2094 -163
 3016 -162
 3492 -161
 3515 -160
 3531 -159
 2950 -158
 3271 -157
 3314 -156
 3095 -155
 2088 -154
 938 -153
 460 -152
 100 -151
 19 -150
 4 -149
 5 -148
 0 -147
 0 -146
 0 -145
 1 -144
 0 -143
 0 -142
 0 -141
 0 -140


