# Created by Octave 3.8.2, Mon Jun 22 09:06:43 2020 CEST <damian@fptrucha.inv.usc.es>
# name: hd
# type: matrix
# rows: 41
# columns: 2
 2 -180
 1 -179
 1 -178
 1 -177
 1 -176
 1 -175
 6 -174
 3 -173
 3 -172
 10 -171
 20 -170
 63 -169
 126 -168
 218 -167
 317 -166
 790 -165
 1563 -164
 2232 -163
 3190 -162
 3527 -161
 3594 -160
 3261 -159
 3079 -158
 3303 -157
 3277 -156
 2897 -155
 1723 -154
 830 -153
 337 -152
 77 -151
 12 -150
 3 -149
 1 -148
 2 -147
 0 -146
 0 -145
 0 -144
 0 -143
 1 -142
 0 -141
 0 -140


