# Created by Octave 3.8.2, Sat Jun 20 18:13:00 2020 CEST <damian@fptrucha.inv.usc.es>
# name: hd
# type: matrix
# rows: 41
# columns: 2
 1 -180
 0 -179
 1 -178
 0 -177
 2 -176
 0 -175
 1 -174
 0 -173
 4 -172
 3 -171
 17 -170
 46 -169
 99 -168
 198 -167
 293 -166
 610 -165
 1490 -164
 2196 -163
 3199 -162
 3582 -161
 3597 -160
 3701 -159
 3055 -158
 3399 -157
 3384 -156
 3158 -155
 2180 -154
 945 -153
 458 -152
 103 -151
 11 -150
 8 -149
 1 -148
 0 -147
 0 -146
 0 -145
 0 -144
 0 -143
 0 -142
 0 -141
 0 -140


