# Created by Octave 3.8.2, Mon Jun 22 03:11:39 2020 CEST <damian@fptrucha.inv.usc.es>
# name: hd
# type: matrix
# rows: 41
# columns: 2
 0 -180
 0 -179
 0 -178
 1 -177
 0 -176
 2 -175
 3 -174
 2 -173
 7 -172
 11 -171
 20 -170
 58 -169
 137 -168
 188 -167
 294 -166
 677 -165
 1432 -164
 2146 -163
 3048 -162
 3384 -161
 3443 -160
 3019 -159
 2956 -158
 3242 -157
 3190 -156
 2847 -155
 1680 -154
 781 -153
 317 -152
 76 -151
 22 -150
 5 -149
 1 -148
 1 -147
 2 -146
 0 -145
 0 -144
 0 -143
 0 -142
 0 -141
 0 -140


