# Created by Octave 3.8.2, Sat Jun 20 21:27:06 2020 CEST <damian@fptrucha.inv.usc.es>
# name: hd
# type: matrix
# rows: 41
# columns: 2
 0 -180
 0 -179
 0 -178
 0 -177
 0 -176
 2 -175
 1 -174
 0 -173
 4 -172
 2 -171
 9 -170
 24 -169
 63 -168
 105 -167
 147 -166
 396 -165
 956 -164
 1404 -163
 2027 -162
 2342 -161
 2382 -160
 2301 -159
 1962 -158
 2210 -157
 2125 -156
 2136 -155
 1351 -154
 587 -153
 284 -152
 65 -151
 14 -150
 1 -149
 2 -148
 1 -147
 0 -146
 0 -145
 0 -144
 0 -143
 0 -142
 0 -141
 0 -140


