# Created by Octave 3.8.2, Mon Jun 22 09:33:21 2020 CEST <damian@fptrucha.inv.usc.es>
# name: hd
# type: matrix
# rows: 41
# columns: 2
 2 -180
 0 -179
 0 -178
 0 -177
 1 -176
 2 -175
 1 -174
 3 -173
 3 -172
 9 -171
 18 -170
 57 -169
 112 -168
 200 -167
 289 -166
 784 -165
 1551 -164
 2220 -163
 3259 -162
 3512 -161
 3572 -160
 3348 -159
 2935 -158
 3401 -157
 3325 -156
 2853 -155
 1735 -154
 828 -153
 332 -152
 72 -151
 11 -150
 4 -149
 3 -148
 1 -147
 0 -146
 1 -145
 1 -144
 0 -143
 0 -142
 0 -141
 0 -140


