# Created by Octave 3.8.2, Mon Jun 22 00:50:10 2020 CEST <damian@fptrucha.inv.usc.es>
# name: hd
# type: matrix
# rows: 41
# columns: 2
 0 -180
 0 -179
 0 -178
 0 -177
 1 -176
 1 -175
 0 -174
 1 -173
 2 -172
 4 -171
 17 -170
 39 -169
 91 -168
 175 -167
 255 -166
 598 -165
 1385 -164
 2024 -163
 3169 -162
 3458 -161
 3686 -160
 3556 -159
 3049 -158
 3418 -157
 3306 -156
 3130 -155
 2197 -154
 1080 -153
 484 -152
 101 -151
 33 -150
 4 -149
 1 -148
 1 -147
 1 -146
 0 -145
 0 -144
 0 -143
 0 -142
 0 -141
 0 -140


