# Created by Octave 3.8.2, Sat Jun 20 15:02:46 2020 CEST <damian@fptrucha.inv.usc.es>
# name: hd
# type: matrix
# rows: 41
# columns: 2
 1 -180
 1 -179
 0 -178
 0 -177
 0 -176
 0 -175
 1 -174
 2 -173
 2 -172
 4 -171
 16 -170
 40 -169
 93 -168
 198 -167
 290 -166
 658 -165
 1475 -164
 2228 -163
 3241 -162
 3787 -161
 3911 -160
 3665 -159
 3235 -158
 3516 -157
 3573 -156
 3199 -155
 2298 -154
 1035 -153
 507 -152
 100 -151
 20 -150
 6 -149
 1 -148
 2 -147
 0 -146
 1 -145
 0 -144
 0 -143
 0 -142
 0 -141
 0 -140


