# Created by Octave 3.8.2, Mon Jun 22 07:31:27 2020 CEST <damian@fptrucha.inv.usc.es>
# name: hd
# type: matrix
# rows: 41
# columns: 2
 1 -180
 0 -179
 0 -178
 0 -177
 0 -176
 3 -175
 0 -174
 1 -173
 4 -172
 7 -171
 15 -170
 67 -169
 115 -168
 235 -167
 286 -166
 713 -165
 1545 -164
 2229 -163
 3245 -162
 3389 -161
 3524 -160
 3142 -159
 2996 -158
 3271 -157
 3168 -156
 2800 -155
 1704 -154
 813 -153
 345 -152
 74 -151
 18 -150
 6 -149
 1 -148
 4 -147
 1 -146
 0 -145
 0 -144
 1 -143
 0 -142
 1 -141
 0 -140


