# Created by Octave 3.8.2, Mon Jun 22 09:45:23 2020 CEST <damian@fptrucha.inv.usc.es>
# name: hd
# type: matrix
# rows: 41
# columns: 2
 1 -180
 1 -179
 2 -178
 1 -177
 0 -176
 0 -175
 1 -174
 1 -173
 1 -172
 6 -171
 19 -170
 49 -169
 102 -168
 237 -167
 315 -166
 750 -165
 1590 -164
 2331 -163
 3286 -162
 3562 -161
 3591 -160
 3347 -159
 3072 -158
 3284 -157
 3329 -156
 2974 -155
 1763 -154
 830 -153
 334 -152
 70 -151
 16 -150
 4 -149
 1 -148
 2 -147
 0 -146
 0 -145
 1 -144
 0 -143
 1 -142
 0 -141
 0 -140


