# Created by Octave 3.8.2, Mon Jun 22 16:16:00 2020 CEST <damian@fptrucha.inv.usc.es>
# name: hd
# type: matrix
# rows: 41
# columns: 2
 0 -180
 0 -179
 1 -178
 1 -177
 1 -176
 2 -175
 1 -174
 2 -173
 3 -172
 6 -171
 20 -170
 63 -169
 121 -168
 250 -167
 336 -166
 840 -165
 1583 -164
 2342 -163
 3478 -162
 3807 -161
 3856 -160
 3251 -159
 3353 -158
 3558 -157
 3518 -156
 3106 -155
 1814 -154
 872 -153
 368 -152
 91 -151
 11 -150
 7 -149
 0 -148
 1 -147
 1 -146
 0 -145
 1 -144
 1 -143
 0 -142
 1 -141
 0 -140


