# Created by Octave 3.8.2, Sat Jun 20 18:41:09 2020 CEST <damian@fptrucha.inv.usc.es>
# name: hd
# type: matrix
# rows: 41
# columns: 2
 0 -180
 0 -179
 1 -178
 1 -177
 0 -176
 1 -175
 0 -174
 2 -173
 4 -172
 8 -171
 12 -170
 46 -169
 110 -168
 188 -167
 270 -166
 560 -165
 1464 -164
 2137 -163
 3117 -162
 3545 -161
 3629 -160
 3449 -159
 3076 -158
 3329 -157
 3283 -156
 3137 -155
 2207 -154
 958 -153
 496 -152
 90 -151
 23 -150
 6 -149
 2 -148
 0 -147
 0 -146
 0 -145
 0 -144
 0 -143
 1 -142
 0 -141
 0 -140


