# Created by Octave 3.8.2, Sat Jun 20 17:59:00 2020 CEST <damian@fptrucha.inv.usc.es>
# name: hd
# type: matrix
# rows: 41
# columns: 2
 0 -180
 0 -179
 1 -178
 1 -177
 0 -176
 1 -175
 0 -174
 1 -173
 1 -172
 5 -171
 17 -170
 43 -169
 121 -168
 185 -167
 254 -166
 583 -165
 1486 -164
 2055 -163
 3145 -162
 3493 -161
 3699 -160
 3620 -159
 3029 -158
 3413 -157
 3308 -156
 3226 -155
 2154 -154
 953 -153
 476 -152
 103 -151
 13 -150
 4 -149
 0 -148
 1 -147
 0 -146
 1 -145
 0 -144
 0 -143
 0 -142
 0 -141
 0 -140


