# Created by Octave 3.8.2, Mon Jun 22 21:44:05 2020 CEST <damian@fptrucha.inv.usc.es>
# name: hd
# type: matrix
# rows: 41
# columns: 2
 1 -180
 0 -179
 1 -178
 1 -177
 2 -176
 2 -175
 1 -174
 2 -173
 4 -172
 7 -171
 25 -170
 65 -169
 124 -168
 184 -167
 267 -166
 653 -165
 1595 -164
 2398 -163
 3372 -162
 3793 -161
 3924 -160
 3893 -159
 3096 -158
 3718 -157
 3591 -156
 3454 -155
 2275 -154
 938 -153
 453 -152
 94 -151
 19 -150
 3 -149
 2 -148
 0 -147
 0 -146
 0 -145
 0 -144
 0 -143
 0 -142
 1 -141
 0 -140


