# Created by Octave 3.8.2, Sat Jun 20 17:49:50 2020 CEST <damian@fptrucha.inv.usc.es>
# name: hd
# type: matrix
# rows: 41
# columns: 2
 0 -180
 0 -179
 0 -178
 1 -177
 0 -176
 0 -175
 1 -174
 5 -173
 2 -172
 2 -171
 14 -170
 42 -169
 87 -168
 207 -167
 243 -166
 598 -165
 1556 -164
 2214 -163
 3033 -162
 3589 -161
 3659 -160
 3678 -159
 3028 -158
 3473 -157
 3457 -156
 3196 -155
 2179 -154
 937 -153
 460 -152
 89 -151
 24 -150
 7 -149
 2 -148
 0 -147
 0 -146
 1 -145
 0 -144
 0 -143
 0 -142
 0 -141
 0 -140


