# Created by Octave 3.8.2, Sat Jun 20 10:23:31 2020 CEST <damian@fptrucha.inv.usc.es>
# name: hd
# type: matrix
# rows: 41
# columns: 2
 1 -180
 1 -179
 0 -178
 0 -177
 3 -176
 2 -175
 3 -174
 0 -173
 4 -172
 6 -171
 26 -170
 65 -169
 111 -168
 236 -167
 349 -166
 696 -165
 1718 -164
 2393 -163
 3493 -162
 3989 -161
 4173 -160
 3999 -159
 3435 -158
 3841 -157
 3820 -156
 3489 -155
 2417 -154
 1018 -153
 481 -152
 107 -151
 22 -150
 7 -149
 1 -148
 1 -147
 0 -146
 0 -145
 0 -144
 0 -143
 1 -142
 0 -141
 0 -140


