# Created by Octave 3.8.2, Mon Jun 22 12:11:32 2020 CEST <damian@fptrucha.inv.usc.es>
# name: hd
# type: matrix
# rows: 41
# columns: 2
 1 -180
 0 -179
 1 -178
 0 -177
 0 -176
 1 -175
 2 -174
 3 -173
 0 -172
 9 -171
 25 -170
 66 -169
 124 -168
 174 -167
 323 -166
 803 -165
 1557 -164
 2238 -163
 3286 -162
 3593 -161
 3642 -160
 3235 -159
 3078 -158
 3452 -157
 3434 -156
 2925 -155
 1784 -154
 863 -153
 347 -152
 73 -151
 15 -150
 0 -149
 0 -148
 0 -147
 0 -146
 1 -145
 0 -144
 1 -143
 0 -142
 0 -141
 0 -140


