# Created by Octave 3.8.2, Sat Jun 20 04:03:07 2020 CEST <damian@fptrucha.inv.usc.es>
# name: hd
# type: matrix
# rows: 41
# columns: 2
 1 -180
 1 -179
 0 -178
 0 -177
 0 -176
 1 -175
 0 -174
 6 -173
 4 -172
 3 -171
 18 -170
 47 -169
 114 -168
 174 -167
 267 -166
 674 -165
 1771 -164
 2313 -163
 3567 -162
 3910 -161
 4099 -160
 3982 -159
 3403 -158
 3768 -157
 3822 -156
 3512 -155
 2361 -154
 1039 -153
 501 -152
 120 -151
 28 -150
 9 -149
 1 -148
 0 -147
 0 -146
 0 -145
 0 -144
 2 -143
 0 -142
 1 -141
 0 -140


