# Created by Octave 3.8.2, Mon Jun 22 02:58:36 2020 CEST <damian@fptrucha.inv.usc.es>
# name: hd
# type: matrix
# rows: 41
# columns: 2
 2 -180
 0 -179
 0 -178
 1 -177
 0 -176
 0 -175
 4 -174
 0 -173
 2 -172
 4 -171
 26 -170
 64 -169
 97 -168
 212 -167
 316 -166
 787 -165
 1489 -164
 2199 -163
 3212 -162
 3357 -161
 3397 -160
 3100 -159
 2977 -158
 3304 -157
 3116 -156
 2741 -155
 1665 -154
 782 -153
 320 -152
 69 -151
 12 -150
 5 -149
 1 -148
 0 -147
 0 -146
 1 -145
 0 -144
 0 -143
 0 -142
 2 -141
 0 -140


