# Created by Octave 3.8.2, Mon Jun 22 12:44:06 2020 CEST <damian@fptrucha.inv.usc.es>
# name: hd
# type: matrix
# rows: 41
# columns: 2
 1 -180
 1 -179
 0 -178
 0 -177
 2 -176
 0 -175
 1 -174
 2 -173
 3 -172
 7 -171
 22 -170
 63 -169
 106 -168
 191 -167
 320 -166
 814 -165
 1541 -164
 2286 -163
 3372 -162
 3652 -161
 3698 -160
 3315 -159
 3184 -158
 3507 -157
 3469 -156
 3016 -155
 1865 -154
 897 -153
 377 -152
 78 -151
 15 -150
 4 -149
 2 -148
 1 -147
 1 -146
 0 -145
 0 -144
 1 -143
 0 -142
 1 -141
 0 -140


