# Created by Octave 3.8.2, Mon Jun 22 04:44:26 2020 CEST <damian@fptrucha.inv.usc.es>
# name: hd
# type: matrix
# rows: 41
# columns: 2
 2 -180
 0 -179
 2 -178
 0 -177
 1 -176
 3 -175
 4 -174
 0 -173
 5 -172
 2 -171
 19 -170
 49 -169
 85 -168
 152 -167
 261 -166
 535 -165
 1298 -164
 1837 -163
 2864 -162
 3218 -161
 3359 -160
 2987 -159
 2854 -158
 3176 -157
 3158 -156
 2792 -155
 1824 -154
 881 -153
 428 -152
 129 -151
 20 -150
 5 -149
 2 -148
 0 -147
 0 -146
 0 -145
 1 -144
 0 -143
 0 -142
 0 -141
 0 -140


