# Created by Octave 3.8.2, Sat Jun 20 05:15:30 2020 CEST <damian@fptrucha.inv.usc.es>
# name: hd
# type: matrix
# rows: 41
# columns: 2
 0 -180
 0 -179
 0 -178
 0 -177
 0 -176
 0 -175
 1 -174
 3 -173
 1 -172
 6 -171
 10 -170
 46 -169
 79 -168
 138 -167
 202 -166
 450 -165
 1040 -164
 1472 -163
 2294 -162
 2668 -161
 2699 -160
 2587 -159
 2189 -158
 2520 -157
 2484 -156
 2281 -155
 1574 -154
 704 -153
 334 -152
 81 -151
 8 -150
 5 -149
 1 -148
 0 -147
 1 -146
 0 -145
 0 -144
 0 -143
 0 -142
 0 -141
 0 -140


