# Created by Octave 3.8.2, Sat Jun 20 09:40:26 2020 CEST <damian@fptrucha.inv.usc.es>
# name: hd
# type: matrix
# rows: 41
# columns: 2
 0 -180
 1 -179
 0 -178
 0 -177
 1 -176
 0 -175
 0 -174
 0 -173
 2 -172
 7 -171
 21 -170
 42 -169
 136 -168
 234 -167
 294 -166
 696 -165
 1722 -164
 2401 -163
 3523 -162
 4065 -161
 4106 -160
 4086 -159
 3535 -158
 3865 -157
 3944 -156
 3566 -155
 2458 -154
 1100 -153
 544 -152
 114 -151
 22 -150
 4 -149
 1 -148
 1 -147
 0 -146
 0 -145
 0 -144
 0 -143
 0 -142
 0 -141
 0 -140


