# Created by Octave 3.8.2, Sat Jun 20 20:49:22 2020 CEST <damian@fptrucha.inv.usc.es>
# name: hd
# type: matrix
# rows: 41
# columns: 2
 2 -180
 1 -179
 1 -178
 0 -177
 0 -176
 1 -175
 1 -174
 2 -173
 4 -172
 6 -171
 13 -170
 41 -169
 98 -168
 209 -167
 266 -166
 576 -165
 1394 -164
 2046 -163
 3029 -162
 3501 -161
 3547 -160
 3649 -159
 2995 -158
 3285 -157
 3374 -156
 3060 -155
 2133 -154
 960 -153
 467 -152
 108 -151
 15 -150
 6 -149
 2 -148
 3 -147
 0 -146
 0 -145
 0 -144
 1 -143
 0 -142
 0 -141
 0 -140


