# Created by Octave 3.8.2, Sat Jun 20 20:38:08 2020 CEST <damian@fptrucha.inv.usc.es>
# name: hd
# type: matrix
# rows: 41
# columns: 2
 1 -180
 0 -179
 1 -178
 0 -177
 0 -176
 4 -175
 0 -174
 2 -173
 1 -172
 5 -171
 14 -170
 49 -169
 89 -168
 193 -167
 256 -166
 577 -165
 1525 -164
 2071 -163
 3137 -162
 3556 -161
 3717 -160
 3566 -159
 3075 -158
 3477 -157
 3334 -156
 3191 -155
 2242 -154
 970 -153
 488 -152
 94 -151
 18 -150
 5 -149
 1 -148
 0 -147
 0 -146
 0 -145
 0 -144
 1 -143
 0 -142
 1 -141
 0 -140


