# Created by Octave 3.8.2, Sat Jun 20 18:11:33 2020 CEST <damian@fptrucha.inv.usc.es>
# name: hd
# type: matrix
# rows: 41
# columns: 2
 0 -180
 0 -179
 0 -178
 0 -177
 1 -176
 0 -175
 1 -174
 1 -173
 0 -172
 5 -171
 16 -170
 43 -169
 104 -168
 181 -167
 291 -166
 617 -165
 1489 -164
 2105 -163
 3271 -162
 3493 -161
 3690 -160
 3641 -159
 3073 -158
 3427 -157
 3452 -156
 3112 -155
 2190 -154
 901 -153
 455 -152
 101 -151
 21 -150
 9 -149
 1 -148
 3 -147
 1 -146
 0 -145
 0 -144
 0 -143
 0 -142
 1 -141
 0 -140


