# Created by Octave 3.8.2, Sat Jun 20 09:11:33 2020 CEST <damian@fptrucha.inv.usc.es>
# name: hd
# type: matrix
# rows: 41
# columns: 2
 1 -180
 1 -179
 1 -178
 0 -177
 0 -176
 0 -175
 2 -174
 1 -173
 5 -172
 4 -171
 20 -170
 71 -169
 139 -168
 262 -167
 360 -166
 728 -165
 1824 -164
 2498 -163
 3639 -162
 4097 -161
 4331 -160
 4232 -159
 3495 -158
 3991 -157
 3960 -156
 3457 -155
 2384 -154
 1049 -153
 527 -152
 125 -151
 17 -150
 4 -149
 1 -148
 1 -147
 1 -146
 0 -145
 0 -144
 1 -143
 0 -142
 0 -141
 0 -140


