# Created by Octave 3.8.2, Mon Jun 22 07:45:18 2020 CEST <damian@fptrucha.inv.usc.es>
# name: hd
# type: matrix
# rows: 41
# columns: 2
 0 -180
 0 -179
 2 -178
 1 -177
 0 -176
 1 -175
 1 -174
 0 -173
 2 -172
 8 -171
 29 -170
 66 -169
 123 -168
 202 -167
 318 -166
 730 -165
 1532 -164
 2207 -163
 3233 -162
 3549 -161
 3485 -160
 3247 -159
 3077 -158
 3258 -157
 3287 -156
 2849 -155
 1807 -154
 809 -153
 365 -152
 67 -151
 17 -150
 5 -149
 1 -148
 0 -147
 1 -146
 0 -145
 1 -144
 0 -143
 1 -142
 0 -141
 0 -140


