# Created by Octave 3.8.2, Sat Jun 20 08:10:57 2020 CEST <damian@fptrucha.inv.usc.es>
# name: hd
# type: matrix
# rows: 41
# columns: 2
 0 -180
 0 -179
 1 -178
 1 -177
 0 -176
 1 -175
 3 -174
 1 -173
 2 -172
 3 -171
 26 -170
 55 -169
 119 -168
 219 -167
 319 -166
 704 -165
 1750 -164
 2477 -163
 3653 -162
 4105 -161
 4143 -160
 4040 -159
 3565 -158
 3927 -157
 4001 -156
 3558 -155
 2377 -154
 1128 -153
 518 -152
 120 -151
 28 -150
 6 -149
 0 -148
 0 -147
 1 -146
 0 -145
 0 -144
 0 -143
 0 -142
 0 -141
 0 -140


