# Created by Octave 3.8.2, Sun Jun 21 03:00:22 2020 CEST <damian@fptrucha.inv.usc.es>
# name: hd
# type: matrix
# rows: 41
# columns: 2
 1 -180
 0 -179
 0 -178
 0 -177
 0 -176
 2 -175
 2 -174
 1 -173
 5 -172
 9 -171
 19 -170
 44 -169
 100 -168
 178 -167
 258 -166
 603 -165
 1453 -164
 2103 -163
 2987 -162
 3523 -161
 3613 -160
 3557 -159
 2869 -158
 3332 -157
 3292 -156
 3002 -155
 2070 -154
 927 -153
 440 -152
 94 -151
 23 -150
 1 -149
 0 -148
 1 -147
 0 -146
 0 -145
 0 -144
 0 -143
 0 -142
 0 -141
 0 -140


