# Created by Octave 3.8.2, Mon Jun 22 05:03:52 2020 CEST <damian@fptrucha.inv.usc.es>
# name: hd
# type: matrix
# rows: 41
# columns: 2
 0 -180
 0 -179
 0 -178
 1 -177
 1 -176
 0 -175
 1 -174
 1 -173
 4 -172
 5 -171
 22 -170
 34 -169
 96 -168
 168 -167
 258 -166
 623 -165
 1244 -164
 1993 -163
 2908 -162
 3306 -161
 3241 -160
 2989 -159
 2951 -158
 3209 -157
 3132 -156
 2786 -155
 1789 -154
 907 -153
 452 -152
 99 -151
 30 -150
 9 -149
 0 -148
 0 -147
 0 -146
 0 -145
 1 -144
 0 -143
 1 -142
 0 -141
 0 -140


