# Created by Octave 3.8.2, Sat Jun 20 20:18:32 2020 CEST <damian@fptrucha.inv.usc.es>
# name: hd
# type: matrix
# rows: 41
# columns: 2
 1 -180
 1 -179
 1 -178
 0 -177
 0 -176
 0 -175
 0 -174
 0 -173
 2 -172
 3 -171
 12 -170
 31 -169
 67 -168
 136 -167
 184 -166
 377 -165
 1004 -164
 1354 -163
 2036 -162
 2368 -161
 2471 -160
 2446 -159
 1990 -158
 2287 -157
 2232 -156
 1991 -155
 1390 -154
 677 -153
 328 -152
 78 -151
 18 -150
 7 -149
 2 -148
 0 -147
 0 -146
 0 -145
 0 -144
 0 -143
 0 -142
 0 -141
 0 -140


