# Created by Octave 3.8.2, Sun Jun 21 00:38:14 2020 CEST <damian@fptrucha.inv.usc.es>
# name: hd
# type: matrix
# rows: 41
# columns: 2
 2 -180
 0 -179
 0 -178
 0 -177
 0 -176
 3 -175
 2 -174
 0 -173
 1 -172
 5 -171
 12 -170
 47 -169
 91 -168
 148 -167
 221 -166
 596 -165
 1400 -164
 2046 -163
 3049 -162
 3417 -161
 3624 -160
 3550 -159
 3104 -158
 3260 -157
 3260 -156
 3006 -155
 2220 -154
 986 -153
 426 -152
 105 -151
 17 -150
 4 -149
 4 -148
 0 -147
 1 -146
 0 -145
 0 -144
 0 -143
 0 -142
 0 -141
 0 -140


