# Created by Octave 3.8.2, Mon Jun 22 04:05:14 2020 CEST <damian@fptrucha.inv.usc.es>
# name: hd
# type: matrix
# rows: 41
# columns: 2
 1 -180
 0 -179
 0 -178
 0 -177
 2 -176
 0 -175
 1 -174
 2 -173
 5 -172
 6 -171
 18 -170
 55 -169
 109 -168
 153 -167
 282 -166
 619 -165
 1328 -164
 2096 -163
 2953 -162
 3350 -161
 3325 -160
 3026 -159
 2920 -158
 3275 -157
 3256 -156
 2822 -155
 1841 -154
 861 -153
 374 -152
 115 -151
 19 -150
 6 -149
 2 -148
 2 -147
 0 -146
 0 -145
 0 -144
 0 -143
 0 -142
 0 -141
 0 -140


