# Created by Octave 3.8.2, Sun Jun 21 04:27:24 2020 CEST <damian@fptrucha.inv.usc.es>
# name: hd
# type: matrix
# rows: 41
# columns: 2
 1 -180
 0 -179
 2 -178
 0 -177
 2 -176
 0 -175
 1 -174
 2 -173
 3 -172
 6 -171
 16 -170
 60 -169
 89 -168
 153 -167
 230 -166
 550 -165
 1473 -164
 1986 -163
 3071 -162
 3471 -161
 3570 -160
 3501 -159
 2935 -158
 3401 -157
 3306 -156
 3023 -155
 2101 -154
 874 -153
 471 -152
 100 -151
 20 -150
 6 -149
 1 -148
 0 -147
 0 -146
 0 -145
 0 -144
 0 -143
 0 -142
 0 -141
 0 -140


