# Created by Octave 3.8.2, Mon Jun 22 00:58:43 2020 CEST <damian@fptrucha.inv.usc.es>
# name: hd
# type: matrix
# rows: 41
# columns: 2
 0 -180
 0 -179
 0 -178
 0 -177
 1 -176
 0 -175
 0 -174
 0 -173
 0 -172
 1 -171
 17 -170
 48 -169
 99 -168
 149 -167
 309 -166
 598 -165
 1440 -164
 2206 -163
 3163 -162
 3590 -161
 3767 -160
 3727 -159
 3293 -158
 3586 -157
 3445 -156
 3314 -155
 2210 -154
 1053 -153
 532 -152
 117 -151
 17 -150
 4 -149
 1 -148
 1 -147
 1 -146
 0 -145
 1 -144
 0 -143
 0 -142
 0 -141
 0 -140


