# Created by Octave 3.8.2, Sun Jun 21 02:36:47 2020 CEST <damian@fptrucha.inv.usc.es>
# name: hd
# type: matrix
# rows: 41
# columns: 2
 1 -180
 1 -179
 1 -178
 0 -177
 0 -176
 0 -175
 0 -174
 2 -173
 5 -172
 0 -171
 10 -170
 47 -169
 92 -168
 172 -167
 272 -166
 546 -165
 1444 -164
 2040 -163
 3126 -162
 3536 -161
 3549 -160
 3499 -159
 2921 -158
 3296 -157
 3272 -156
 2996 -155
 2180 -154
 932 -153
 511 -152
 115 -151
 20 -150
 4 -149
 0 -148
 2 -147
 0 -146
 0 -145
 1 -144
 0 -143
 0 -142
 0 -141
 0 -140


