# Created by Octave 3.8.2, Sat Jun 20 19:43:23 2020 CEST <damian@fptrucha.inv.usc.es>
# name: hd
# type: matrix
# rows: 41
# columns: 2
 1 -180
 0 -179
 0 -178
 1 -177
 2 -176
 2 -175
 0 -174
 2 -173
 4 -172
 6 -171
 14 -170
 50 -169
 93 -168
 178 -167
 261 -166
 594 -165
 1545 -164
 2164 -163
 3059 -162
 3475 -161
 3718 -160
 3538 -159
 2964 -158
 3353 -157
 3387 -156
 2970 -155
 2147 -154
 954 -153
 483 -152
 99 -151
 24 -150
 2 -149
 3 -148
 0 -147
 1 -146
 1 -145
 0 -144
 0 -143
 0 -142
 0 -141
 0 -140


