# Created by Octave 3.8.2, Sat Jun 20 04:45:17 2020 CEST <damian@fptrucha.inv.usc.es>
# name: hd
# type: matrix
# rows: 41
# columns: 2
 0 -180
 0 -179
 0 -178
 0 -177
 0 -176
 0 -175
 2 -174
 0 -173
 2 -172
 4 -171
 19 -170
 60 -169
 102 -168
 172 -167
 285 -166
 660 -165
 1661 -164
 2399 -163
 3521 -162
 3948 -161
 4127 -160
 3848 -159
 3368 -158
 3648 -157
 3763 -156
 3440 -155
 2391 -154
 1037 -153
 489 -152
 96 -151
 20 -150
 9 -149
 1 -148
 0 -147
 0 -146
 1 -145
 1 -144
 0 -143
 0 -142
 0 -141
 0 -140


