# Created by Octave 3.8.2, Sat Jun 20 22:09:17 2020 CEST <damian@fptrucha.inv.usc.es>
# name: hd
# type: matrix
# rows: 41
# columns: 2
 0 -180
 3 -179
 1 -178
 0 -177
 0 -176
 1 -175
 1 -174
 3 -173
 1 -172
 2 -171
 16 -170
 38 -169
 103 -168
 177 -167
 264 -166
 614 -165
 1430 -164
 2027 -163
 3051 -162
 3538 -161
 3740 -160
 3623 -159
 3009 -158
 3321 -157
 3376 -156
 2983 -155
 2206 -154
 932 -153
 476 -152
 104 -151
 19 -150
 4 -149
 0 -148
 1 -147
 0 -146
 0 -145
 0 -144
 1 -143
 0 -142
 0 -141
 0 -140


