# Created by Octave 3.8.2, Sat Jun 20 14:37:37 2020 CEST <damian@fptrucha.inv.usc.es>
# name: hd
# type: matrix
# rows: 41
# columns: 2
 0 -180
 1 -179
 0 -178
 0 -177
 1 -176
 1 -175
 0 -174
 1 -173
 6 -172
 2 -171
 17 -170
 53 -169
 110 -168
 184 -167
 302 -166
 664 -165
 1606 -164
 2163 -163
 3353 -162
 3765 -161
 3833 -160
 3826 -159
 3208 -158
 3591 -157
 3668 -156
 3368 -155
 2257 -154
 974 -153
 487 -152
 88 -151
 25 -150
 9 -149
 1 -148
 0 -147
 0 -146
 0 -145
 1 -144
 0 -143
 0 -142
 0 -141
 0 -140


