# Created by Octave 3.8.2, Sat Jun 20 16:40:33 2020 CEST <damian@fptrucha.inv.usc.es>
# name: hd
# type: matrix
# rows: 41
# columns: 2
 0 -180
 0 -179
 0 -178
 0 -177
 0 -176
 0 -175
 1 -174
 2 -173
 3 -172
 1 -171
 20 -170
 57 -169
 89 -168
 202 -167
 289 -166
 578 -165
 1477 -164
 2134 -163
 3142 -162
 3670 -161
 3766 -160
 3738 -159
 3112 -158
 3409 -157
 3512 -156
 3161 -155
 2170 -154
 899 -153
 508 -152
 108 -151
 16 -150
 13 -149
 0 -148
 0 -147
 0 -146
 0 -145
 0 -144
 0 -143
 0 -142
 0 -141
 0 -140


