# Created by Octave 3.8.2, Mon Jun 22 15:57:30 2020 CEST <damian@fptrucha.inv.usc.es>
# name: hd
# type: matrix
# rows: 41
# columns: 2
 0 -180
 1 -179
 0 -178
 1 -177
 1 -176
 1 -175
 1 -174
 3 -173
 4 -172
 8 -171
 27 -170
 57 -169
 144 -168
 202 -167
 371 -166
 834 -165
 1655 -164
 2407 -163
 3440 -162
 3852 -161
 3796 -160
 3454 -159
 3272 -158
 3589 -157
 3487 -156
 2999 -155
 1834 -154
 900 -153
 346 -152
 88 -151
 14 -150
 7 -149
 0 -148
 2 -147
 1 -146
 1 -145
 0 -144
 1 -143
 0 -142
 0 -141
 0 -140


