# Created by Octave 3.8.2, Mon Jun 22 02:19:52 2020 CEST <damian@fptrucha.inv.usc.es>
# name: hd
# type: matrix
# rows: 41
# columns: 2
 5 -180
 1 -179
 0 -178
 2 -177
 2 -176
 2 -175
 2 -174
 1 -173
 1 -172
 5 -171
 14 -170
 60 -169
 110 -168
 215 -167
 314 -166
 721 -165
 1503 -164
 2114 -163
 3180 -162
 3520 -161
 3660 -160
 3341 -159
 3072 -158
 3426 -157
 3328 -156
 2909 -155
 1838 -154
 871 -153
 403 -152
 68 -151
 26 -150
 4 -149
 1 -148
 2 -147
 1 -146
 0 -145
 0 -144
 0 -143
 1 -142
 0 -141
 0 -140


