# Created by Octave 3.8.2, Mon Jun 22 00:37:13 2020 CEST <damian@fptrucha.inv.usc.es>
# name: hd
# type: matrix
# rows: 41
# columns: 2
 0 -180
 1 -179
 1 -178
 0 -177
 0 -176
 0 -175
 0 -174
 0 -173
 3 -172
 5 -171
 16 -170
 41 -169
 94 -168
 164 -167
 234 -166
 558 -165
 1347 -164
 1969 -163
 3078 -162
 3539 -161
 3601 -160
 3653 -159
 3010 -158
 3502 -157
 3461 -156
 3168 -155
 2278 -154
 1047 -153
 512 -152
 98 -151
 22 -150
 10 -149
 0 -148
 0 -147
 1 -146
 0 -145
 0 -144
 0 -143
 0 -142
 0 -141
 0 -140


