# Created by Octave 3.8.2, Sat Jun 20 06:55:05 2020 CEST <damian@fptrucha.inv.usc.es>
# name: hd
# type: matrix
# rows: 41
# columns: 2
 0 -180
 2 -179
 0 -178
 0 -177
 0 -176
 0 -175
 2 -174
 0 -173
 3 -172
 6 -171
 12 -170
 57 -169
 124 -168
 213 -167
 282 -166
 698 -165
 1726 -164
 2345 -163
 3623 -162
 4049 -161
 4105 -160
 4068 -159
 3534 -158
 3857 -157
 3870 -156
 3423 -155
 2366 -154
 1056 -153
 519 -152
 107 -151
 22 -150
 4 -149
 1 -148
 0 -147
 1 -146
 0 -145
 0 -144
 0 -143
 0 -142
 0 -141
 0 -140


