# Created by Octave 3.8.2, Sat Jun 20 09:44:46 2020 CEST <damian@fptrucha.inv.usc.es>
# name: hd
# type: matrix
# rows: 41
# columns: 2
 1 -180
 0 -179
 1 -178
 1 -177
 0 -176
 1 -175
 2 -174
 0 -173
 2 -172
 7 -171
 15 -170
 69 -169
 127 -168
 219 -167
 320 -166
 699 -165
 1787 -164
 2349 -163
 3592 -162
 4018 -161
 4099 -160
 4116 -159
 3397 -158
 3850 -157
 3850 -156
 3432 -155
 2414 -154
 1051 -153
 485 -152
 101 -151
 19 -150
 2 -149
 2 -148
 1 -147
 1 -146
 0 -145
 0 -144
 0 -143
 0 -142
 0 -141
 0 -140


