# Created by Octave 3.8.2, Mon Jun 22 21:02:26 2020 CEST <damian@fptrucha.inv.usc.es>
# name: hd
# type: matrix
# rows: 41
# columns: 2
 2 -180
 0 -179
 0 -178
 0 -177
 0 -176
 2 -175
 2 -174
 4 -173
 1 -172
 12 -171
 27 -170
 65 -169
 117 -168
 190 -167
 370 -166
 784 -165
 1627 -164
 2483 -163
 3557 -162
 3860 -161
 3921 -160
 3524 -159
 3222 -158
 3708 -157
 3605 -156
 3159 -155
 1854 -154
 1004 -153
 369 -152
 93 -151
 14 -150
 6 -149
 1 -148
 3 -147
 1 -146
 0 -145
 0 -144
 1 -143
 0 -142
 0 -141
 0 -140


