# Created by Octave 3.8.2, Sat Jun 20 19:45:56 2020 CEST <damian@fptrucha.inv.usc.es>
# name: hd
# type: matrix
# rows: 41
# columns: 2
 1 -180
 1 -179
 0 -178
 0 -177
 0 -176
 0 -175
 0 -174
 0 -173
 1 -172
 4 -171
 11 -170
 54 -169
 93 -168
 181 -167
 248 -166
 589 -165
 1445 -164
 2139 -163
 3206 -162
 3500 -161
 3709 -160
 3647 -159
 3007 -158
 3347 -157
 3426 -156
 3115 -155
 2245 -154
 882 -153
 462 -152
 116 -151
 32 -150
 3 -149
 2 -148
 1 -147
 1 -146
 0 -145
 0 -144
 0 -143
 0 -142
 0 -141
 0 -140


