# Created by Octave 3.8.2, Mon Jun 22 14:16:29 2020 CEST <damian@fptrucha.inv.usc.es>
# name: hd
# type: matrix
# rows: 41
# columns: 2
 0 -180
 1 -179
 1 -178
 0 -177
 1 -176
 1 -175
 0 -174
 6 -173
 1 -172
 12 -171
 27 -170
 44 -169
 133 -168
 203 -167
 321 -166
 807 -165
 1510 -164
 2370 -163
 3331 -162
 3707 -161
 3608 -160
 3217 -159
 3262 -158
 3589 -157
 3389 -156
 3005 -155
 1770 -154
 882 -153
 383 -152
 84 -151
 15 -150
 5 -149
 1 -148
 0 -147
 0 -146
 1 -145
 0 -144
 1 -143
 1 -142
 1 -141
 0 -140


