# Created by Octave 3.8.2, Sat Jun 20 17:26:50 2020 CEST <damian@fptrucha.inv.usc.es>
# name: hd
# type: matrix
# rows: 41
# columns: 2
 0 -180
 0 -179
 1 -178
 0 -177
 2 -176
 0 -175
 0 -174
 0 -173
 6 -172
 4 -171
 14 -170
 39 -169
 96 -168
 195 -167
 263 -166
 583 -165
 1526 -164
 2097 -163
 3178 -162
 3496 -161
 3723 -160
 3699 -159
 3147 -158
 3443 -157
 3379 -156
 3168 -155
 2185 -154
 952 -153
 452 -152
 95 -151
 16 -150
 6 -149
 1 -148
 1 -147
 0 -146
 0 -145
 0 -144
 0 -143
 0 -142
 1 -141
 0 -140


