# Created by Octave 3.8.2, Mon Jun 22 04:50:04 2020 CEST <damian@fptrucha.inv.usc.es>
# name: hd
# type: matrix
# rows: 41
# columns: 2
 0 -180
 1 -179
 0 -178
 1 -177
 1 -176
 2 -175
 0 -174
 0 -173
 5 -172
 7 -171
 17 -170
 41 -169
 80 -168
 161 -167
 234 -166
 614 -165
 1235 -164
 1906 -163
 2886 -162
 3217 -161
 3346 -160
 3027 -159
 2932 -158
 3138 -157
 3080 -156
 2768 -155
 1744 -154
 914 -153
 424 -152
 113 -151
 25 -150
 3 -149
 2 -148
 0 -147
 1 -146
 0 -145
 1 -144
 0 -143
 0 -142
 0 -141
 0 -140


