# Created by Octave 3.8.2, Mon Jun 22 00:30:05 2020 CEST <damian@fptrucha.inv.usc.es>
# name: hd
# type: matrix
# rows: 41
# columns: 2
 2 -180
 0 -179
 0 -178
 0 -177
 0 -176
 0 -175
 2 -174
 0 -173
 3 -172
 3 -171
 14 -170
 47 -169
 112 -168
 175 -167
 257 -166
 566 -165
 1536 -164
 2043 -163
 3113 -162
 3637 -161
 3734 -160
 3701 -159
 3118 -158
 3459 -157
 3528 -156
 3020 -155
 2190 -154
 997 -153
 491 -152
 117 -151
 21 -150
 5 -149
 2 -148
 0 -147
 0 -146
 1 -145
 0 -144
 0 -143
 1 -142
 0 -141
 0 -140


