# Created by Octave 3.8.2, Sat Jun 20 07:04:42 2020 CEST <damian@fptrucha.inv.usc.es>
# name: hd
# type: matrix
# rows: 41
# columns: 2
 0 -180
 0 -179
 0 -178
 0 -177
 1 -176
 0 -175
 2 -174
 0 -173
 2 -172
 5 -171
 17 -170
 58 -169
 140 -168
 216 -167
 300 -166
 743 -165
 1695 -164
 2502 -163
 3738 -162
 4091 -161
 4179 -160
 4187 -159
 3517 -158
 3830 -157
 3877 -156
 3502 -155
 2405 -154
 1054 -153
 523 -152
 129 -151
 22 -150
 6 -149
 3 -148
 0 -147
 0 -146
 0 -145
 1 -144
 0 -143
 0 -142
 1 -141
 0 -140


