# Created by Octave 3.8.2, Mon Jun 22 22:02:37 2020 CEST <damian@fptrucha.inv.usc.es>
# name: hd
# type: matrix
# rows: 41
# columns: 2
 1 -180
 0 -179
 2 -178
 1 -177
 0 -176
 0 -175
 1 -174
 3 -173
 7 -172
 10 -171
 19 -170
 54 -169
 104 -168
 196 -167
 305 -166
 688 -165
 1657 -164
 2297 -163
 3550 -162
 3831 -161
 4010 -160
 3815 -159
 3087 -158
 3593 -157
 3598 -156
 3349 -155
 2304 -154
 912 -153
 413 -152
 93 -151
 19 -150
 3 -149
 1 -148
 0 -147
 0 -146
 2 -145
 0 -144
 1 -143
 0 -142
 0 -141
 0 -140


