# Created by Octave 3.8.2, Mon Jun 22 02:16:50 2020 CEST <damian@fptrucha.inv.usc.es>
# name: hd
# type: matrix
# rows: 41
# columns: 2
 2 -180
 1 -179
 2 -178
 1 -177
 0 -176
 2 -175
 3 -174
 1 -173
 3 -172
 6 -171
 13 -170
 69 -169
 117 -168
 238 -167
 289 -166
 751 -165
 1584 -164
 2213 -163
 3405 -162
 3702 -161
 3693 -160
 3463 -159
 3058 -158
 3374 -157
 3477 -156
 2993 -155
 1928 -154
 947 -153
 405 -152
 88 -151
 16 -150
 1 -149
 1 -148
 2 -147
 0 -146
 0 -145
 1 -144
 0 -143
 0 -142
 0 -141
 0 -140


