# Created by Octave 3.8.2, Sat Jun 20 13:18:06 2020 CEST <damian@fptrucha.inv.usc.es>
# name: hd
# type: matrix
# rows: 41
# columns: 2
 0 -180
 0 -179
 0 -178
 0 -177
 0 -176
 1 -175
 0 -174
 0 -173
 4 -172
 5 -171
 13 -170
 38 -169
 71 -168
 157 -167
 172 -166
 436 -165
 1072 -164
 1588 -163
 2238 -162
 2507 -161
 2584 -160
 2542 -159
 2171 -158
 2289 -157
 2432 -156
 2214 -155
 1537 -154
 652 -153
 292 -152
 76 -151
 11 -150
 2 -149
 1 -148
 1 -147
 0 -146
 0 -145
 0 -144
 1 -143
 0 -142
 0 -141
 0 -140


