# Created by Octave 3.8.2, Mon Jun 22 09:58:45 2020 CEST <damian@fptrucha.inv.usc.es>
# name: hd
# type: matrix
# rows: 41
# columns: 2
 0 -180
 2 -179
 1 -178
 3 -177
 2 -176
 3 -175
 2 -174
 3 -173
 0 -172
 4 -171
 21 -170
 55 -169
 102 -168
 199 -167
 304 -166
 753 -165
 1564 -164
 2223 -163
 3302 -162
 3588 -161
 3537 -160
 3442 -159
 3152 -158
 3503 -157
 3342 -156
 2857 -155
 1841 -154
 767 -153
 336 -152
 72 -151
 15 -150
 0 -149
 2 -148
 1 -147
 0 -146
 1 -145
 0 -144
 0 -143
 0 -142
 0 -141
 0 -140


