# Created by Octave 3.8.2, Mon Jun 22 18:04:09 2020 CEST <damian@fptrucha.inv.usc.es>
# name: hd
# type: matrix
# rows: 41
# columns: 2
 0 -180
 0 -179
 0 -178
 2 -177
 1 -176
 1 -175
 2 -174
 4 -173
 4 -172
 8 -171
 30 -170
 61 -169
 104 -168
 219 -167
 306 -166
 734 -165
 1546 -164
 2421 -163
 3490 -162
 3784 -161
 3840 -160
 3416 -159
 3051 -158
 3752 -157
 3630 -156
 3089 -155
 1887 -154
 954 -153
 371 -152
 77 -151
 21 -150
 6 -149
 0 -148
 0 -147
 0 -146
 0 -145
 0 -144
 0 -143
 1 -142
 0 -141
 0 -140


