# Created by Octave 3.8.2, Mon Jun 22 18:33:11 2020 CEST <damian@fptrucha.inv.usc.es>
# name: hd
# type: matrix
# rows: 41
# columns: 2
 3 -180
 1 -179
 1 -178
 0 -177
 5 -176
 0 -175
 1 -174
 1 -173
 5 -172
 10 -171
 26 -170
 57 -169
 137 -168
 225 -167
 344 -166
 769 -165
 1619 -164
 2443 -163
 3499 -162
 3745 -161
 3959 -160
 3438 -159
 3152 -158
 3585 -157
 3535 -156
 3146 -155
 1950 -154
 948 -153
 371 -152
 96 -151
 14 -150
 3 -149
 0 -148
 2 -147
 3 -146
 1 -145
 1 -144
 0 -143
 0 -142
 1 -141
 0 -140


