# Created by Octave 3.8.2, Sat Jun 20 13:40:17 2020 CEST <damian@fptrucha.inv.usc.es>
# name: hd
# type: matrix
# rows: 41
# columns: 2
 1 -180
 0 -179
 0 -178
 2 -177
 1 -176
 1 -175
 0 -174
 1 -173
 4 -172
 7 -171
 11 -170
 58 -169
 107 -168
 207 -167
 276 -166
 678 -165
 1573 -164
 2255 -163
 3388 -162
 3791 -161
 3991 -160
 4028 -159
 3128 -158
 3636 -157
 3544 -156
 3360 -155
 2294 -154
 984 -153
 468 -152
 107 -151
 21 -150
 6 -149
 4 -148
 0 -147
 1 -146
 0 -145
 0 -144
 0 -143
 0 -142
 1 -141
 0 -140


