# Created by Octave 3.8.2, Mon Jun 22 04:47:15 2020 CEST <damian@fptrucha.inv.usc.es>
# name: hd
# type: matrix
# rows: 41
# columns: 2
 2 -180
 0 -179
 0 -178
 0 -177
 2 -176
 2 -175
 2 -174
 4 -173
 3 -172
 7 -171
 19 -170
 33 -169
 92 -168
 156 -167
 226 -166
 626 -165
 1256 -164
 2007 -163
 2828 -162
 3329 -161
 3273 -160
 3037 -159
 2861 -158
 3143 -157
 3195 -156
 2851 -155
 1702 -154
 866 -153
 421 -152
 96 -151
 15 -150
 3 -149
 1 -148
 1 -147
 1 -146
 1 -145
 1 -144
 0 -143
 0 -142
 0 -141
 0 -140


