# Created by Octave 3.8.2, Sat Jun 20 05:04:33 2020 CEST <damian@fptrucha.inv.usc.es>
# name: hd
# type: matrix
# rows: 41
# columns: 2
 1 -180
 0 -179
 0 -178
 1 -177
 1 -176
 2 -175
 2 -174
 4 -173
 4 -172
 7 -171
 14 -170
 48 -169
 131 -168
 206 -167
 285 -166
 681 -165
 1635 -164
 2392 -163
 3431 -162
 3942 -161
 4012 -160
 3954 -159
 3346 -158
 3700 -157
 3784 -156
 3502 -155
 2318 -154
 1090 -153
 501 -152
 117 -151
 21 -150
 3 -149
 2 -148
 0 -147
 0 -146
 1 -145
 0 -144
 0 -143
 0 -142
 0 -141
 0 -140


