# Created by Octave 3.8.2, Mon Jun 22 13:16:25 2020 CEST <damian@fptrucha.inv.usc.es>
# name: hd
# type: matrix
# rows: 41
# columns: 2
 1 -180
 2 -179
 0 -178
 0 -177
 0 -176
 2 -175
 0 -174
 2 -173
 2 -172
 7 -171
 16 -170
 65 -169
 122 -168
 218 -167
 310 -166
 797 -165
 1543 -164
 2326 -163
 3444 -162
 3725 -161
 3826 -160
 3211 -159
 3281 -158
 3592 -157
 3533 -156
 3022 -155
 1813 -154
 841 -153
 335 -152
 70 -151
 17 -150
 4 -149
 2 -148
 1 -147
 2 -146
 1 -145
 0 -144
 0 -143
 0 -142
 0 -141
 0 -140


