# Created by Octave 3.8.2, Mon Jun 22 21:25:32 2020 CEST <damian@fptrucha.inv.usc.es>
# name: hd
# type: matrix
# rows: 41
# columns: 2
 0 -180
 0 -179
 0 -178
 1 -177
 2 -176
 1 -175
 0 -174
 1 -173
 2 -172
 8 -171
 16 -170
 59 -169
 110 -168
 203 -167
 327 -166
 797 -165
 1636 -164
 2494 -163
 3427 -162
 3904 -161
 3997 -160
 3575 -159
 3366 -158
 3664 -157
 3664 -156
 3224 -155
 1986 -154
 989 -153
 407 -152
 84 -151
 28 -150
 8 -149
 1 -148
 0 -147
 1 -146
 0 -145
 0 -144
 0 -143
 0 -142
 0 -141
 0 -140


