# Created by Octave 3.8.2, Mon Jun 22 20:20:04 2020 CEST <damian@fptrucha.inv.usc.es>
# name: hd
# type: matrix
# rows: 41
# columns: 2
 0 -180
 0 -179
 3 -178
 0 -177
 0 -176
 0 -175
 1 -174
 0 -173
 1 -172
 6 -171
 25 -170
 49 -169
 137 -168
 227 -167
 310 -166
 805 -165
 1549 -164
 2457 -163
 3449 -162
 3864 -161
 3971 -160
 3483 -159
 3229 -158
 3675 -157
 3704 -156
 3207 -155
 1980 -154
 956 -153
 405 -152
 84 -151
 16 -150
 2 -149
 1 -148
 0 -147
 1 -146
 0 -145
 1 -144
 0 -143
 1 -142
 0 -141
 0 -140


