# Created by Octave 3.8.2, Mon Jun 22 02:18:52 2020 CEST <damian@fptrucha.inv.usc.es>
# name: hd
# type: matrix
# rows: 41
# columns: 2
 1 -180
 1 -179
 1 -178
 2 -177
 2 -176
 1 -175
 0 -174
 2 -173
 5 -172
 7 -171
 22 -170
 57 -169
 112 -168
 217 -167
 296 -166
 731 -165
 1520 -164
 2149 -163
 3170 -162
 3519 -161
 3677 -160
 3261 -159
 2936 -158
 3341 -157
 3328 -156
 2945 -155
 1893 -154
 852 -153
 362 -152
 91 -151
 27 -150
 6 -149
 1 -148
 1 -147
 0 -146
 1 -145
 0 -144
 0 -143
 0 -142
 0 -141
 0 -140


