# Created by Octave 3.8.2, Mon Jun 22 00:25:01 2020 CEST <damian@fptrucha.inv.usc.es>
# name: hd
# type: matrix
# rows: 41
# columns: 2
 0 -180
 0 -179
 1 -178
 1 -177
 0 -176
 1 -175
 1 -174
 2 -173
 3 -172
 5 -171
 22 -170
 49 -169
 86 -168
 159 -167
 273 -166
 544 -165
 1407 -164
 2121 -163
 3236 -162
 3677 -161
 3813 -160
 3720 -159
 3191 -158
 3459 -157
 3441 -156
 3206 -155
 2313 -154
 980 -153
 503 -152
 110 -151
 21 -150
 4 -149
 0 -148
 0 -147
 1 -146
 1 -145
 0 -144
 0 -143
 0 -142
 0 -141
 0 -140


