# Created by Octave 3.8.2, Mon Jun 22 01:44:32 2020 CEST <damian@fptrucha.inv.usc.es>
# name: hd
# type: matrix
# rows: 41
# columns: 2
 0 -180
 0 -179
 2 -178
 1 -177
 1 -176
 1 -175
 3 -174
 1 -173
 1 -172
 5 -171
 26 -170
 45 -169
 106 -168
 170 -167
 268 -166
 727 -165
 1601 -164
 2284 -163
 3357 -162
 3723 -161
 3746 -160
 3636 -159
 3132 -158
 3520 -157
 3465 -156
 3172 -155
 2024 -154
 915 -153
 461 -152
 101 -151
 19 -150
 6 -149
 3 -148
 0 -147
 0 -146
 0 -145
 0 -144
 0 -143
 0 -142
 0 -141
 0 -140


