# Created by Octave 3.8.2, Sat Jun 20 13:42:32 2020 CEST <damian@fptrucha.inv.usc.es>
# name: hd
# type: matrix
# rows: 41
# columns: 2
 0 -180
 0 -179
 0 -178
 2 -177
 0 -176
 1 -175
 0 -174
 1 -173
 2 -172
 4 -171
 7 -170
 46 -169
 77 -168
 153 -167
 184 -166
 395 -165
 1020 -164
 1483 -163
 2224 -162
 2527 -161
 2552 -160
 2605 -159
 2175 -158
 2348 -157
 2431 -156
 2122 -155
 1500 -154
 670 -153
 329 -152
 69 -151
 9 -150
 4 -149
 1 -148
 1 -147
 0 -146
 0 -145
 0 -144
 0 -143
 0 -142
 0 -141
 0 -140


