# Created by Octave 3.8.2, Mon Jun 22 19:52:00 2020 CEST <damian@fptrucha.inv.usc.es>
# name: hd
# type: matrix
# rows: 41
# columns: 2
 0 -180
 1 -179
 0 -178
 1 -177
 1 -176
 0 -175
 0 -174
 1 -173
 7 -172
 8 -171
 20 -170
 68 -169
 112 -168
 191 -167
 347 -166
 749 -165
 1564 -164
 2520 -163
 3605 -162
 3882 -161
 3826 -160
 3379 -159
 3313 -158
 3658 -157
 3609 -156
 3208 -155
 1986 -154
 949 -153
 374 -152
 71 -151
 14 -150
 8 -149
 1 -148
 1 -147
 1 -146
 2 -145
 0 -144
 0 -143
 0 -142
 0 -141
 0 -140


