# Created by Octave 3.8.2, Mon Jun 22 06:15:51 2020 CEST <damian@fptrucha.inv.usc.es>
# name: hd
# type: matrix
# rows: 41
# columns: 2
 0 -180
 0 -179
 1 -178
 1 -177
 1 -176
 1 -175
 1 -174
 2 -173
 3 -172
 4 -171
 28 -170
 60 -169
 115 -168
 182 -167
 328 -166
 789 -165
 1549 -164
 2250 -163
 3226 -162
 3414 -161
 3493 -160
 3092 -159
 3020 -158
 3260 -157
 3288 -156
 2840 -155
 1581 -154
 793 -153
 344 -152
 77 -151
 13 -150
 3 -149
 0 -148
 0 -147
 0 -146
 0 -145
 0 -144
 0 -143
 0 -142
 0 -141
 0 -140


