# Created by Octave 3.8.2, Mon Jun 22 10:47:29 2020 CEST <damian@fptrucha.inv.usc.es>
# name: hd
# type: matrix
# rows: 41
# columns: 2
 1 -180
 0 -179
 1 -178
 2 -177
 0 -176
 3 -175
 0 -174
 2 -173
 2 -172
 6 -171
 14 -170
 48 -169
 124 -168
 212 -167
 325 -166
 723 -165
 1510 -164
 2357 -163
 3237 -162
 3550 -161
 3715 -160
 3186 -159
 3225 -158
 3373 -157
 3487 -156
 2918 -155
 1783 -154
 889 -153
 373 -152
 75 -151
 20 -150
 4 -149
 2 -148
 0 -147
 0 -146
 1 -145
 1 -144
 0 -143
 0 -142
 0 -141
 0 -140


