# Created by Octave 3.8.2, Sat Jun 20 02:24:09 2020 CEST <damian@fptrucha.inv.usc.es>
# name: hd
# type: matrix
# rows: 41
# columns: 2
 0 -180
 1 -179
 1 -178
 0 -177
 2 -176
 1 -175
 3 -174
 0 -173
 1 -172
 4 -171
 19 -170
 47 -169
 107 -168
 197 -167
 285 -166
 634 -165
 1638 -164
 2189 -163
 3369 -162
 3922 -161
 4175 -160
 3987 -159
 3304 -158
 3780 -157
 3838 -156
 3459 -155
 2356 -154
 970 -153
 469 -152
 103 -151
 21 -150
 6 -149
 1 -148
 1 -147
 1 -146
 0 -145
 0 -144
 0 -143
 0 -142
 0 -141
 0 -140


