# Created by Octave 3.8.2, Mon Jun 22 18:37:16 2020 CEST <damian@fptrucha.inv.usc.es>
# name: hd
# type: matrix
# rows: 41
# columns: 2
 0 -180
 1 -179
 2 -178
 0 -177
 0 -176
 0 -175
 1 -174
 1 -173
 5 -172
 2 -171
 20 -170
 57 -169
 112 -168
 230 -167
 328 -166
 778 -165
 1566 -164
 2485 -163
 3375 -162
 3839 -161
 3833 -160
 3421 -159
 3211 -158
 3750 -157
 3573 -156
 3138 -155
 1955 -154
 936 -153
 382 -152
 75 -151
 6 -150
 9 -149
 1 -148
 0 -147
 0 -146
 0 -145
 0 -144
 0 -143
 1 -142
 0 -141
 0 -140


