# Created by Octave 3.8.2, Mon Jun 22 04:31:47 2020 CEST <damian@fptrucha.inv.usc.es>
# name: hd
# type: matrix
# rows: 41
# columns: 2
 0 -180
 1 -179
 1 -178
 0 -177
 1 -176
 0 -175
 1 -174
 2 -173
 4 -172
 6 -171
 14 -170
 46 -169
 76 -168
 172 -167
 247 -166
 554 -165
 1211 -164
 1945 -163
 2864 -162
 3233 -161
 3359 -160
 2975 -159
 2742 -158
 3093 -157
 3125 -156
 2814 -155
 1764 -154
 942 -153
 452 -152
 115 -151
 14 -150
 7 -149
 5 -148
 0 -147
 1 -146
 1 -145
 0 -144
 0 -143
 1 -142
 0 -141
 0 -140


