# Created by Octave 3.8.2, Sun Jun 21 04:22:56 2020 CEST <damian@fptrucha.inv.usc.es>
# name: hd
# type: matrix
# rows: 41
# columns: 2
 1 -180
 1 -179
 0 -178
 0 -177
 2 -176
 0 -175
 0 -174
 0 -173
 2 -172
 5 -171
 13 -170
 37 -169
 95 -168
 187 -167
 281 -166
 538 -165
 1481 -164
 2068 -163
 3055 -162
 3455 -161
 3641 -160
 3556 -159
 2925 -158
 3412 -157
 3363 -156
 3109 -155
 2298 -154
 989 -153
 412 -152
 112 -151
 28 -150
 4 -149
 0 -148
 1 -147
 0 -146
 0 -145
 0 -144
 0 -143
 0 -142
 0 -141
 0 -140


