# Created by Octave 3.8.2, Mon Jun 22 04:08:36 2020 CEST <damian@fptrucha.inv.usc.es>
# name: hd
# type: matrix
# rows: 41
# columns: 2
 1 -180
 1 -179
 1 -178
 2 -177
 1 -176
 0 -175
 2 -174
 3 -173
 7 -172
 6 -171
 20 -170
 43 -169
 95 -168
 170 -167
 257 -166
 666 -165
 1284 -164
 2123 -163
 3043 -162
 3261 -161
 3408 -160
 3101 -159
 2795 -158
 3245 -157
 3203 -156
 2849 -155
 1752 -154
 873 -153
 399 -152
 98 -151
 16 -150
 5 -149
 2 -148
 0 -147
 2 -146
 2 -145
 1 -144
 0 -143
 1 -142
 0 -141
 0 -140


