# Created by Octave 3.8.2, Sat Jun 20 04:36:37 2020 CEST <damian@fptrucha.inv.usc.es>
# name: hd
# type: matrix
# rows: 41
# columns: 2
 1 -180
 0 -179
 0 -178
 0 -177
 0 -176
 1 -175
 1 -174
 0 -173
 1 -172
 2 -171
 8 -170
 50 -169
 143 -168
 231 -167
 267 -166
 664 -165
 1705 -164
 2309 -163
 3474 -162
 3950 -161
 4054 -160
 4046 -159
 3345 -158
 3815 -157
 3819 -156
 3334 -155
 2372 -154
 1062 -153
 491 -152
 111 -151
 25 -150
 5 -149
 2 -148
 1 -147
 1 -146
 0 -145
 0 -144
 0 -143
 0 -142
 0 -141
 0 -140


