# Created by Octave 3.8.2, Mon Jun 22 12:59:46 2020 CEST <damian@fptrucha.inv.usc.es>
# name: hd
# type: matrix
# rows: 41
# columns: 2
 1 -180
 0 -179
 0 -178
 0 -177
 0 -176
 5 -175
 1 -174
 2 -173
 7 -172
 7 -171
 20 -170
 56 -169
 94 -168
 226 -167
 335 -166
 743 -165
 1479 -164
 2281 -163
 3311 -162
 3733 -161
 3855 -160
 3384 -159
 3167 -158
 3534 -157
 3524 -156
 2994 -155
 1871 -154
 883 -153
 367 -152
 94 -151
 13 -150
 6 -149
 0 -148
 2 -147
 0 -146
 0 -145
 0 -144
 0 -143
 0 -142
 0 -141
 0 -140


