# Created by Octave 3.8.2, Sat Jun 20 05:21:13 2020 CEST <damian@fptrucha.inv.usc.es>
# name: hd
# type: matrix
# rows: 41
# columns: 2
 1 -180
 1 -179
 0 -178
 2 -177
 2 -176
 0 -175
 1 -174
 0 -173
 5 -172
 6 -171
 19 -170
 45 -169
 113 -168
 212 -167
 272 -166
 671 -165
 1614 -164
 2329 -163
 3510 -162
 3917 -161
 4041 -160
 4096 -159
 3265 -158
 3711 -157
 3754 -156
 3433 -155
 2365 -154
 1000 -153
 496 -152
 130 -151
 23 -150
 8 -149
 1 -148
 0 -147
 0 -146
 2 -145
 0 -144
 0 -143
 0 -142
 0 -141
 0 -140


