# Created by Octave 3.8.2, Mon Jun 22 10:32:00 2020 CEST <damian@fptrucha.inv.usc.es>
# name: hd
# type: matrix
# rows: 41
# columns: 2
 4 -180
 1 -179
 0 -178
 2 -177
 0 -176
 1 -175
 1 -174
 1 -173
 0 -172
 7 -171
 22 -170
 49 -169
 125 -168
 213 -167
 299 -166
 731 -165
 1553 -164
 2337 -163
 3317 -162
 3618 -161
 3709 -160
 3382 -159
 3088 -158
 3306 -157
 3433 -156
 2871 -155
 1846 -154
 818 -153
 320 -152
 82 -151
 18 -150
 4 -149
 0 -148
 0 -147
 2 -146
 0 -145
 0 -144
 0 -143
 0 -142
 0 -141
 0 -140


