# Created by Octave 3.8.2, Sat Jun 20 03:50:53 2020 CEST <damian@fptrucha.inv.usc.es>
# name: hd
# type: matrix
# rows: 41
# columns: 2
 1 -180
 0 -179
 0 -178
 0 -177
 0 -176
 1 -175
 2 -174
 2 -173
 3 -172
 3 -171
 14 -170
 51 -169
 106 -168
 174 -167
 292 -166
 658 -165
 1646 -164
 2336 -163
 3495 -162
 3876 -161
 4040 -160
 3933 -159
 3313 -158
 3762 -157
 3737 -156
 3448 -155
 2288 -154
 1186 -153
 498 -152
 133 -151
 23 -150
 6 -149
 1 -148
 1 -147
 0 -146
 0 -145
 0 -144
 0 -143
 0 -142
 0 -141
 0 -140


