# Created by Octave 3.8.2, Mon Jun 22 10:23:31 2020 CEST <damian@fptrucha.inv.usc.es>
# name: hd
# type: matrix
# rows: 41
# columns: 2
 0 -180
 1 -179
 3 -178
 0 -177
 2 -176
 3 -175
 3 -174
 1 -173
 4 -172
 4 -171
 21 -170
 59 -169
 118 -168
 219 -167
 316 -166
 729 -165
 1526 -164
 2337 -163
 3477 -162
 3573 -161
 3530 -160
 3432 -159
 3041 -158
 3419 -157
 3308 -156
 2967 -155
 1803 -154
 859 -153
 315 -152
 74 -151
 13 -150
 3 -149
 0 -148
 1 -147
 0 -146
 0 -145
 0 -144
 0 -143
 0 -142
 0 -141
 0 -140


