# Created by Octave 3.8.2, Sat Jun 20 08:46:52 2020 CEST <damian@fptrucha.inv.usc.es>
# name: hd
# type: matrix
# rows: 41
# columns: 2
 0 -180
 1 -179
 0 -178
 0 -177
 0 -176
 0 -175
 0 -174
 3 -173
 3 -172
 10 -171
 13 -170
 59 -169
 135 -168
 251 -167
 340 -166
 722 -165
 1836 -164
 2384 -163
 3608 -162
 4041 -161
 4221 -160
 4188 -159
 3482 -158
 3894 -157
 3984 -156
 3546 -155
 2448 -154
 1098 -153
 486 -152
 131 -151
 26 -150
 6 -149
 0 -148
 1 -147
 1 -146
 0 -145
 0 -144
 0 -143
 0 -142
 0 -141
 0 -140


