# Created by Octave 3.8.2, Mon Jun 22 02:30:18 2020 CEST <damian@fptrucha.inv.usc.es>
# name: hd
# type: matrix
# rows: 41
# columns: 2
 0 -180
 1 -179
 2 -178
 1 -177
 0 -176
 0 -175
 2 -174
 2 -173
 3 -172
 7 -171
 18 -170
 57 -169
 95 -168
 160 -167
 305 -166
 711 -165
 1390 -164
 2079 -163
 3030 -162
 3361 -161
 3330 -160
 3137 -159
 2809 -158
 3157 -157
 3062 -156
 2728 -155
 1556 -154
 791 -153
 350 -152
 79 -151
 21 -150
 0 -149
 2 -148
 0 -147
 0 -146
 1 -145
 1 -144
 0 -143
 0 -142
 0 -141
 0 -140


