# Created by Octave 3.8.2, Mon Jun 22 23:38:46 2020 CEST <damian@fptrucha.inv.usc.es>
# name: hd
# type: matrix
# rows: 41
# columns: 2
 0 -180
 1 -179
 1 -178
 0 -177
 0 -176
 0 -175
 5 -174
 1 -173
 0 -172
 8 -171
 13 -170
 51 -169
 126 -168
 193 -167
 345 -166
 643 -165
 1561 -164
 2371 -163
 3343 -162
 3816 -161
 3969 -160
 3774 -159
 3192 -158
 3653 -157
 3628 -156
 3301 -155
 2368 -154
 1032 -153
 453 -152
 108 -151
 11 -150
 4 -149
 3 -148
 1 -147
 1 -146
 0 -145
 0 -144
 0 -143
 0 -142
 0 -141
 0 -140


