# Created by Octave 3.8.2, Mon Jun 22 23:22:29 2020 CEST <damian@fptrucha.inv.usc.es>
# name: hd
# type: matrix
# rows: 41
# columns: 2
 1 -180
 1 -179
 0 -178
 0 -177
 4 -176
 0 -175
 4 -174
 1 -173
 3 -172
 6 -171
 19 -170
 54 -169
 108 -168
 193 -167
 306 -166
 775 -165
 1582 -164
 2336 -163
 3419 -162
 3797 -161
 4013 -160
 3865 -159
 3176 -158
 3650 -157
 3638 -156
 3503 -155
 2312 -154
 980 -153
 472 -152
 88 -151
 24 -150
 3 -149
 3 -148
 0 -147
 0 -146
 1 -145
 0 -144
 0 -143
 0 -142
 0 -141
 0 -140


