# Created by Octave 3.8.2, Sat Jun 20 23:32:27 2020 CEST <damian@fptrucha.inv.usc.es>
# name: hd
# type: matrix
# rows: 41
# columns: 2
 0 -180
 1 -179
 0 -178
 0 -177
 0 -176
 0 -175
 2 -174
 2 -173
 5 -172
 1 -171
 18 -170
 48 -169
 98 -168
 214 -167
 247 -166
 567 -165
 1411 -164
 2011 -163
 3044 -162
 3492 -161
 3683 -160
 3547 -159
 3004 -158
 3452 -157
 3345 -156
 3120 -155
 2177 -154
 1023 -153
 500 -152
 97 -151
 22 -150
 4 -149
 0 -148
 2 -147
 0 -146
 3 -145
 0 -144
 0 -143
 2 -142
 0 -141
 0 -140


