# Created by Octave 3.8.2, Mon Jun 22 15:01:54 2020 CEST <damian@fptrucha.inv.usc.es>
# name: hd
# type: matrix
# rows: 41
# columns: 2
 3 -180
 1 -179
 1 -178
 2 -177
 2 -176
 0 -175
 1 -174
 0 -173
 3 -172
 7 -171
 32 -170
 57 -169
 129 -168
 202 -167
 298 -166
 823 -165
 1550 -164
 2371 -163
 3435 -162
 3808 -161
 3783 -160
 3386 -159
 3268 -158
 3543 -157
 3431 -156
 3089 -155
 1830 -154
 892 -153
 385 -152
 71 -151
 18 -150
 8 -149
 3 -148
 1 -147
 1 -146
 0 -145
 0 -144
 0 -143
 0 -142
 0 -141
 0 -140


