# Created by Octave 3.8.2, Sun Jun 21 03:28:54 2020 CEST <damian@fptrucha.inv.usc.es>
# name: hd
# type: matrix
# rows: 41
# columns: 2
 0 -180
 0 -179
 0 -178
 1 -177
 0 -176
 0 -175
 3 -174
 4 -173
 0 -172
 9 -171
 17 -170
 40 -169
 90 -168
 173 -167
 261 -166
 574 -165
 1367 -164
 2066 -163
 3075 -162
 3493 -161
 3618 -160
 3574 -159
 2989 -158
 3374 -157
 3343 -156
 3081 -155
 2115 -154
 966 -153
 477 -152
 94 -151
 12 -150
 3 -149
 0 -148
 0 -147
 1 -146
 0 -145
 0 -144
 0 -143
 0 -142
 0 -141
 0 -140


