# Created by Octave 3.8.2, Mon Jun 22 03:36:49 2020 CEST <damian@fptrucha.inv.usc.es>
# name: hd
# type: matrix
# rows: 41
# columns: 2
 2 -180
 1 -179
 1 -178
 1 -177
 0 -176
 0 -175
 2 -174
 6 -173
 6 -172
 8 -171
 15 -170
 51 -169
 90 -168
 213 -167
 283 -166
 709 -165
 1484 -164
 2195 -163
 3107 -162
 3412 -161
 3460 -160
 3161 -159
 2982 -158
 3323 -157
 3085 -156
 2835 -155
 1645 -154
 856 -153
 288 -152
 63 -151
 9 -150
 7 -149
 1 -148
 3 -147
 1 -146
 0 -145
 0 -144
 0 -143
 1 -142
 0 -141
 0 -140


