# Created by Octave 3.8.2, Sat Jun 20 07:34:37 2020 CEST <damian@fptrucha.inv.usc.es>
# name: hd
# type: matrix
# rows: 41
# columns: 2
 0 -180
 0 -179
 0 -178
 0 -177
 1 -176
 0 -175
 3 -174
 3 -173
 3 -172
 9 -171
 25 -170
 57 -169
 111 -168
 195 -167
 325 -166
 732 -165
 1737 -164
 2450 -163
 3616 -162
 4071 -161
 4173 -160
 4091 -159
 3353 -158
 3809 -157
 3908 -156
 3543 -155
 2362 -154
 1030 -153
 538 -152
 92 -151
 32 -150
 4 -149
 4 -148
 1 -147
 0 -146
 0 -145
 0 -144
 0 -143
 0 -142
 0 -141
 0 -140


