# Created by Octave 3.8.2, Mon Jun 22 01:46:41 2020 CEST <damian@fptrucha.inv.usc.es>
# name: hd
# type: matrix
# rows: 41
# columns: 2
 1 -180
 0 -179
 0 -178
 1 -177
 2 -176
 1 -175
 0 -174
 1 -173
 3 -172
 6 -171
 17 -170
 41 -169
 106 -168
 211 -167
 331 -166
 696 -165
 1521 -164
 2135 -163
 3200 -162
 3715 -161
 3891 -160
 3478 -159
 3113 -158
 3558 -157
 3446 -156
 3256 -155
 2090 -154
 919 -153
 464 -152
 98 -151
 17 -150
 2 -149
 1 -148
 1 -147
 0 -146
 0 -145
 0 -144
 0 -143
 0 -142
 0 -141
 0 -140


