# Created by Octave 3.8.2, Mon Jun 22 03:01:02 2020 CEST <damian@fptrucha.inv.usc.es>
# name: hd
# type: matrix
# rows: 41
# columns: 2
 0 -180
 0 -179
 0 -178
 1 -177
 1 -176
 0 -175
 1 -174
 2 -173
 2 -172
 7 -171
 22 -170
 56 -169
 95 -168
 217 -167
 309 -166
 752 -165
 1512 -164
 2140 -163
 3156 -162
 3327 -161
 3454 -160
 3015 -159
 2955 -158
 3303 -157
 3155 -156
 2723 -155
 1648 -154
 767 -153
 313 -152
 72 -151
 8 -150
 6 -149
 1 -148
 0 -147
 1 -146
 0 -145
 1 -144
 0 -143
 0 -142
 0 -141
 0 -140


