# Created by Octave 3.8.2, Sun Jun 21 04:01:15 2020 CEST <damian@fptrucha.inv.usc.es>
# name: hd
# type: matrix
# rows: 41
# columns: 2
 1 -180
 0 -179
 0 -178
 1 -177
 0 -176
 0 -175
 1 -174
 1 -173
 1 -172
 3 -171
 8 -170
 28 -169
 59 -168
 104 -167
 163 -166
 405 -165
 945 -164
 1350 -163
 2009 -162
 2334 -161
 2331 -160
 2357 -159
 1970 -158
 2248 -157
 2155 -156
 1989 -155
 1368 -154
 659 -153
 367 -152
 77 -151
 15 -150
 9 -149
 1 -148
 1 -147
 0 -146
 1 -145
 0 -144
 0 -143
 0 -142
 0 -141
 0 -140


