# Created by Octave 3.8.2, Mon Jun 22 00:37:52 2020 CEST <damian@fptrucha.inv.usc.es>
# name: hd
# type: matrix
# rows: 41
# columns: 2
 0 -180
 1 -179
 0 -178
 0 -177
 2 -176
 0 -175
 0 -174
 1 -173
 1 -172
 1 -171
 8 -170
 29 -169
 56 -168
 115 -167
 173 -166
 362 -165
 902 -164
 1316 -163
 2085 -162
 2325 -161
 2456 -160
 2450 -159
 2008 -158
 2302 -157
 2203 -156
 2154 -155
 1509 -154
 680 -153
 346 -152
 78 -151
 15 -150
 2 -149
 0 -148
 1 -147
 0 -146
 0 -145
 0 -144
 0 -143
 0 -142
 0 -141
 0 -140


