# Created by Octave 3.8.2, Sat Jun 20 12:26:10 2020 CEST <damian@fptrucha.inv.usc.es>
# name: hd
# type: matrix
# rows: 41
# columns: 2
 1 -180
 1 -179
 1 -178
 0 -177
 0 -176
 0 -175
 1 -174
 2 -173
 3 -172
 4 -171
 15 -170
 66 -169
 109 -168
 207 -167
 297 -166
 627 -165
 1632 -164
 2276 -163
 3497 -162
 3879 -161
 4031 -160
 3886 -159
 3325 -158
 3767 -157
 3717 -156
 3419 -155
 2318 -154
 1072 -153
 518 -152
 118 -151
 31 -150
 7 -149
 3 -148
 0 -147
 0 -146
 1 -145
 0 -144
 1 -143
 0 -142
 0 -141
 0 -140


