# Created by Octave 3.8.2, Mon Jun 22 10:30:56 2020 CEST <damian@fptrucha.inv.usc.es>
# name: hd
# type: matrix
# rows: 41
# columns: 2
 1 -180
 0 -179
 0 -178
 4 -177
 2 -176
 1 -175
 2 -174
 3 -173
 3 -172
 7 -171
 15 -170
 74 -169
 106 -168
 217 -167
 307 -166
 748 -165
 1552 -164
 2290 -163
 3176 -162
 3588 -161
 3697 -160
 3289 -159
 3054 -158
 3275 -157
 3322 -156
 2955 -155
 1845 -154
 792 -153
 357 -152
 75 -151
 17 -150
 2 -149
 3 -148
 0 -147
 0 -146
 0 -145
 0 -144
 1 -143
 1 -142
 0 -141
 0 -140


