# Created by Octave 3.8.2, Sat Jun 20 18:53:48 2020 CEST <damian@fptrucha.inv.usc.es>
# name: hd
# type: matrix
# rows: 41
# columns: 2
 1 -180
 0 -179
 0 -178
 1 -177
 1 -176
 1 -175
 1 -174
 2 -173
 1 -172
 4 -171
 15 -170
 44 -169
 105 -168
 191 -167
 258 -166
 605 -165
 1494 -164
 2103 -163
 3161 -162
 3584 -161
 3624 -160
 3654 -159
 3101 -158
 3487 -157
 3385 -156
 3177 -155
 2219 -154
 980 -153
 482 -152
 108 -151
 23 -150
 4 -149
 2 -148
 0 -147
 4 -146
 0 -145
 0 -144
 0 -143
 0 -142
 0 -141
 0 -140


