# Created by Octave 3.8.2, Sat Jun 20 07:47:57 2020 CEST <damian@fptrucha.inv.usc.es>
# name: hd
# type: matrix
# rows: 41
# columns: 2
 1 -180
 2 -179
 1 -178
 1 -177
 0 -176
 0 -175
 1 -174
 2 -173
 3 -172
 5 -171
 18 -170
 48 -169
 101 -168
 204 -167
 331 -166
 709 -165
 1756 -164
 2434 -163
 3597 -162
 3962 -161
 4228 -160
 4038 -159
 3476 -158
 3832 -157
 3796 -156
 3571 -155
 2388 -154
 1061 -153
 533 -152
 111 -151
 16 -150
 6 -149
 0 -148
 1 -147
 1 -146
 0 -145
 0 -144
 0 -143
 0 -142
 0 -141
 0 -140


