# Created by Octave 3.8.2, Sat Jun 20 18:42:27 2020 CEST <damian@fptrucha.inv.usc.es>
# name: hd
# type: matrix
# rows: 41
# columns: 2
 0 -180
 0 -179
 1 -178
 0 -177
 1 -176
 0 -175
 3 -174
 2 -173
 2 -172
 6 -171
 12 -170
 54 -169
 103 -168
 209 -167
 250 -166
 625 -165
 1476 -164
 2077 -163
 3211 -162
 3494 -161
 3704 -160
 3570 -159
 2929 -158
 3394 -157
 3405 -156
 3201 -155
 2154 -154
 984 -153
 441 -152
 98 -151
 15 -150
 6 -149
 1 -148
 2 -147
 0 -146
 0 -145
 0 -144
 0 -143
 0 -142
 0 -141
 0 -140


