# Created by Octave 3.8.2, Mon Jun 22 01:07:15 2020 CEST <damian@fptrucha.inv.usc.es>
# name: hd
# type: matrix
# rows: 41
# columns: 2
 0 -180
 0 -179
 1 -178
 0 -177
 1 -176
 0 -175
 2 -174
 0 -173
 4 -172
 4 -171
 11 -170
 46 -169
 92 -168
 196 -167
 258 -166
 528 -165
 1409 -164
 2058 -163
 3126 -162
 3558 -161
 3738 -160
 3679 -159
 3224 -158
 3532 -157
 3420 -156
 3234 -155
 2261 -154
 964 -153
 519 -152
 110 -151
 15 -150
 6 -149
 0 -148
 0 -147
 0 -146
 0 -145
 0 -144
 0 -143
 0 -142
 0 -141
 0 -140


