# Created by Octave 3.8.2, Sat Jun 20 17:25:31 2020 CEST <damian@fptrucha.inv.usc.es>
# name: hd
# type: matrix
# rows: 41
# columns: 2
 0 -180
 0 -179
 0 -178
 0 -177
 2 -176
 2 -175
 3 -174
 0 -173
 2 -172
 4 -171
 14 -170
 54 -169
 111 -168
 174 -167
 266 -166
 589 -165
 1452 -164
 2168 -163
 3188 -162
 3668 -161
 3651 -160
 3652 -159
 3048 -158
 3329 -157
 3535 -156
 3139 -155
 2179 -154
 956 -153
 446 -152
 77 -151
 21 -150
 5 -149
 3 -148
 1 -147
 1 -146
 2 -145
 1 -144
 1 -143
 0 -142
 0 -141
 0 -140


