# Created by Octave 3.8.2, Sat Jun 20 18:19:29 2020 CEST <damian@fptrucha.inv.usc.es>
# name: hd
# type: matrix
# rows: 41
# columns: 2
 1 -180
 0 -179
 1 -178
 1 -177
 0 -176
 1 -175
 1 -174
 1 -173
 2 -172
 3 -171
 15 -170
 50 -169
 110 -168
 193 -167
 275 -166
 595 -165
 1482 -164
 2107 -163
 3109 -162
 3587 -161
 3663 -160
 3684 -159
 3131 -158
 3456 -157
 3465 -156
 3159 -155
 2206 -154
 916 -153
 495 -152
 99 -151
 27 -150
 4 -149
 1 -148
 1 -147
 1 -146
 0 -145
 0 -144
 0 -143
 2 -142
 0 -141
 0 -140


