# Created by Octave 3.8.2, Sat Jun 20 22:20:32 2020 CEST <damian@fptrucha.inv.usc.es>
# name: hd
# type: matrix
# rows: 41
# columns: 2
 0 -180
 0 -179
 0 -178
 0 -177
 0 -176
 0 -175
 0 -174
 1 -173
 3 -172
 9 -171
 13 -170
 54 -169
 114 -168
 206 -167
 274 -166
 611 -165
 1519 -164
 2109 -163
 3091 -162
 3555 -161
 3664 -160
 3530 -159
 3042 -158
 3402 -157
 3318 -156
 3286 -155
 2164 -154
 989 -153
 453 -152
 123 -151
 24 -150
 3 -149
 0 -148
 1 -147
 0 -146
 0 -145
 0 -144
 0 -143
 0 -142
 0 -141
 0 -140


