# Created by Octave 3.8.2, Sun Jun 21 07:35:36 2020 CEST <damian@fptrucha.inv.usc.es>
# name: hd
# type: matrix
# rows: 41
# columns: 2
 0 -180
 1 -179
 1 -178
 0 -177
 0 -176
 0 -175
 1 -174
 1 -173
 3 -172
 8 -171
 16 -170
 42 -169
 80 -168
 182 -167
 262 -166
 583 -165
 1493 -164
 2143 -163
 3188 -162
 3641 -161
 3923 -160
 3546 -159
 3178 -158
 3541 -157
 3523 -156
 3214 -155
 2200 -154
 1028 -153
 506 -152
 126 -151
 24 -150
 6 -149
 1 -148
 3 -147
 1 -146
 0 -145
 0 -144
 0 -143
 0 -142
 0 -141
 0 -140


