# Created by Octave 3.8.2, Sun Jun 21 00:17:01 2020 CEST <damian@fptrucha.inv.usc.es>
# name: hd
# type: matrix
# rows: 41
# columns: 2
 1 -180
 1 -179
 0 -178
 1 -177
 1 -176
 2 -175
 1 -174
 1 -173
 2 -172
 2 -171
 13 -170
 32 -169
 99 -168
 156 -167
 251 -166
 577 -165
 1431 -164
 1970 -163
 3005 -162
 3391 -161
 3622 -160
 3488 -159
 3024 -158
 3238 -157
 3415 -156
 2979 -155
 2140 -154
 937 -153
 478 -152
 95 -151
 23 -150
 4 -149
 3 -148
 2 -147
 0 -146
 0 -145
 0 -144
 0 -143
 0 -142
 1 -141
 0 -140


