# Created by Octave 3.8.2, Sat Jun 20 16:41:54 2020 CEST <damian@fptrucha.inv.usc.es>
# name: hd
# type: matrix
# rows: 41
# columns: 2
 2 -180
 0 -179
 0 -178
 0 -177
 1 -176
 0 -175
 0 -174
 3 -173
 0 -172
 7 -171
 14 -170
 59 -169
 104 -168
 178 -167
 278 -166
 551 -165
 1580 -164
 2079 -163
 3213 -162
 3545 -161
 3799 -160
 3689 -159
 3043 -158
 3598 -157
 3440 -156
 3159 -155
 2276 -154
 956 -153
 471 -152
 113 -151
 18 -150
 4 -149
 4 -148
 1 -147
 0 -146
 0 -145
 0 -144
 0 -143
 0 -142
 0 -141
 0 -140


