# Created by Octave 3.8.2, Sun Jun 21 05:18:33 2020 CEST <damian@fptrucha.inv.usc.es>
# name: hd
# type: matrix
# rows: 41
# columns: 2
 0 -180
 2 -179
 0 -178
 1 -177
 1 -176
 1 -175
 0 -174
 2 -173
 1 -172
 1 -171
 14 -170
 49 -169
 108 -168
 159 -167
 244 -166
 566 -165
 1456 -164
 2091 -163
 3136 -162
 3477 -161
 3672 -160
 3600 -159
 3131 -158
 3339 -157
 3306 -156
 3054 -155
 2153 -154
 956 -153
 451 -152
 93 -151
 19 -150
 6 -149
 0 -148
 2 -147
 1 -146
 0 -145
 0 -144
 0 -143
 0 -142
 1 -141
 0 -140


