# Created by Octave 3.8.2, Mon Jun 22 09:25:03 2020 CEST <damian@fptrucha.inv.usc.es>
# name: hd
# type: matrix
# rows: 41
# columns: 2
 1 -180
 1 -179
 1 -178
 2 -177
 2 -176
 1 -175
 3 -174
 4 -173
 7 -172
 8 -171
 27 -170
 65 -169
 118 -168
 193 -167
 295 -166
 678 -165
 1489 -164
 2267 -163
 3200 -162
 3602 -161
 3550 -160
 3281 -159
 3021 -158
 3343 -157
 3340 -156
 2874 -155
 1690 -154
 793 -153
 331 -152
 73 -151
 10 -150
 5 -149
 1 -148
 4 -147
 1 -146
 1 -145
 0 -144
 0 -143
 0 -142
 2 -141
 0 -140


