# Created by Octave 3.8.2, Mon Jun 22 18:32:04 2020 CEST <damian@fptrucha.inv.usc.es>
# name: hd
# type: matrix
# rows: 41
# columns: 2
 2 -180
 0 -179
 1 -178
 1 -177
 1 -176
 1 -175
 3 -174
 1 -173
 4 -172
 6 -171
 20 -170
 60 -169
 131 -168
 199 -167
 334 -166
 777 -165
 1613 -164
 2429 -163
 3474 -162
 3754 -161
 3878 -160
 3390 -159
 3151 -158
 3618 -157
 3562 -156
 3174 -155
 1930 -154
 975 -153
 359 -152
 73 -151
 18 -150
 5 -149
 1 -148
 0 -147
 0 -146
 1 -145
 0 -144
 0 -143
 0 -142
 1 -141
 0 -140


