# Created by Octave 3.8.2, Sat Jun 20 03:10:25 2020 CEST <damian@fptrucha.inv.usc.es>
# name: hd
# type: matrix
# rows: 41
# columns: 2
 0 -180
 0 -179
 0 -178
 0 -177
 0 -176
 0 -175
 3 -174
 2 -173
 1 -172
 4 -171
 17 -170
 40 -169
 88 -168
 186 -167
 269 -166
 654 -165
 1537 -164
 2276 -163
 3472 -162
 3987 -161
 4098 -160
 3938 -159
 3257 -158
 3669 -157
 3732 -156
 3362 -155
 2247 -154
 995 -153
 538 -152
 104 -151
 32 -150
 4 -149
 3 -148
 1 -147
 1 -146
 1 -145
 0 -144
 0 -143
 0 -142
 0 -141
 0 -140


