# Created by Octave 3.8.2, Mon Jun 22 17:29:21 2020 CEST <damian@fptrucha.inv.usc.es>
# name: hd
# type: matrix
# rows: 41
# columns: 2
 3 -180
 0 -179
 1 -178
 1 -177
 1 -176
 4 -175
 2 -174
 3 -173
 2 -172
 6 -171
 26 -170
 56 -169
 131 -168
 221 -167
 351 -166
 825 -165
 1630 -164
 2474 -163
 3379 -162
 3739 -161
 3880 -160
 3384 -159
 3260 -158
 3574 -157
 3511 -156
 3082 -155
 1830 -154
 870 -153
 350 -152
 67 -151
 18 -150
 2 -149
 1 -148
 0 -147
 0 -146
 2 -145
 1 -144
 0 -143
 0 -142
 0 -141
 0 -140


