# Created by Octave 3.8.2, Sat Jun 20 19:39:31 2020 CEST <damian@fptrucha.inv.usc.es>
# name: hd
# type: matrix
# rows: 41
# columns: 2
 0 -180
 0 -179
 1 -178
 1 -177
 0 -176
 1 -175
 4 -174
 1 -173
 5 -172
 3 -171
 18 -170
 55 -169
 107 -168
 198 -167
 263 -166
 592 -165
 1451 -164
 2093 -163
 3018 -162
 3549 -161
 3706 -160
 3633 -159
 2979 -158
 3448 -157
 3488 -156
 3218 -155
 2145 -154
 906 -153
 459 -152
 126 -151
 34 -150
 3 -149
 2 -148
 3 -147
 0 -146
 1 -145
 0 -144
 0 -143
 1 -142
 2 -141
 0 -140


