# Created by Octave 3.8.2, Sat Jun 20 03:06:09 2020 CEST <damian@fptrucha.inv.usc.es>
# name: hd
# type: matrix
# rows: 41
# columns: 2
 1 -180
 0 -179
 0 -178
 3 -177
 0 -176
 0 -175
 2 -174
 0 -173
 2 -172
 7 -171
 18 -170
 41 -169
 96 -168
 178 -167
 286 -166
 605 -165
 1618 -164
 2320 -163
 3436 -162
 3898 -161
 4052 -160
 3962 -159
 3284 -158
 3796 -157
 3757 -156
 3384 -155
 2235 -154
 1024 -153
 495 -152
 119 -151
 24 -150
 11 -149
 1 -148
 1 -147
 1 -146
 1 -145
 0 -144
 1 -143
 0 -142
 0 -141
 0 -140


