# Created by Octave 3.8.2, Mon Jun 22 00:38:53 2020 CEST <damian@fptrucha.inv.usc.es>
# name: hd
# type: matrix
# rows: 41
# columns: 2
 0 -180
 0 -179
 0 -178
 0 -177
 0 -176
 1 -175
 2 -174
 0 -173
 2 -172
 4 -171
 13 -170
 40 -169
 95 -168
 169 -167
 247 -166
 511 -165
 1404 -164
 1996 -163
 3092 -162
 3474 -161
 3727 -160
 3591 -159
 3037 -158
 3366 -157
 3420 -156
 3157 -155
 2227 -154
 1000 -153
 481 -152
 116 -151
 26 -150
 6 -149
 1 -148
 2 -147
 0 -146
 2 -145
 0 -144
 0 -143
 1 -142
 0 -141
 0 -140


