# Created by Octave 3.8.2, Mon Jun 22 02:36:55 2020 CEST <damian@fptrucha.inv.usc.es>
# name: hd
# type: matrix
# rows: 41
# columns: 2
 0 -180
 1 -179
 1 -178
 1 -177
 1 -176
 1 -175
 3 -174
 3 -173
 3 -172
 8 -171
 15 -170
 57 -169
 126 -168
 211 -167
 352 -166
 696 -165
 1467 -164
 2204 -163
 2957 -162
 3409 -161
 3519 -160
 3089 -159
 2828 -158
 3269 -157
 3237 -156
 2780 -155
 1728 -154
 839 -153
 326 -152
 63 -151
 18 -150
 4 -149
 1 -148
 0 -147
 3 -146
 0 -145
 1 -144
 2 -143
 1 -142
 1 -141
 0 -140


