# Created by Octave 3.8.2, Mon Jun 22 22:23:32 2020 CEST <damian@fptrucha.inv.usc.es>
# name: hd
# type: matrix
# rows: 41
# columns: 2
 0 -180
 2 -179
 0 -178
 0 -177
 0 -176
 2 -175
 2 -174
 4 -173
 3 -172
 9 -171
 19 -170
 66 -169
 112 -168
 211 -167
 299 -166
 665 -165
 1686 -164
 2363 -163
 3328 -162
 3841 -161
 3973 -160
 3970 -159
 3216 -158
 3626 -157
 3628 -156
 3425 -155
 2310 -154
 971 -153
 429 -152
 92 -151
 29 -150
 6 -149
 1 -148
 3 -147
 1 -146
 0 -145
 1 -144
 0 -143
 0 -142
 0 -141
 0 -140


