# Created by Octave 3.8.2, Mon Jun 22 22:37:58 2020 CEST <damian@fptrucha.inv.usc.es>
# name: hd
# type: matrix
# rows: 41
# columns: 2
 0 -180
 0 -179
 0 -178
 0 -177
 0 -176
 0 -175
 4 -174
 1 -173
 1 -172
 5 -171
 13 -170
 54 -169
 136 -168
 227 -167
 291 -166
 677 -165
 1608 -164
 2403 -163
 3327 -162
 3862 -161
 3904 -160
 3815 -159
 3079 -158
 3646 -157
 3592 -156
 3280 -155
 2265 -154
 1036 -153
 492 -152
 114 -151
 25 -150
 2 -149
 1 -148
 1 -147
 1 -146
 0 -145
 0 -144
 0 -143
 0 -142
 0 -141
 0 -140


