# Created by Octave 3.8.2, Sat Jun 20 02:22:47 2020 CEST <damian@fptrucha.inv.usc.es>
# name: hd
# type: matrix
# rows: 41
# columns: 2
 1 -180
 0 -179
 1 -178
 1 -177
 1 -176
 0 -175
 0 -174
 0 -173
 6 -172
 1 -171
 9 -170
 34 -169
 50 -168
 104 -167
 196 -166
 444 -165
 1099 -164
 1480 -163
 2251 -162
 2497 -161
 2588 -160
 2597 -159
 2230 -158
 2400 -157
 2388 -156
 2113 -155
 1555 -154
 713 -153
 323 -152
 79 -151
 17 -150
 4 -149
 2 -148
 0 -147
 0 -146
 0 -145
 0 -144
 0 -143
 0 -142
 0 -141
 0 -140


