# Created by Octave 3.8.2, Mon Jun 22 18:07:36 2020 CEST <damian@fptrucha.inv.usc.es>
# name: hd
# type: matrix
# rows: 41
# columns: 2
 0 -180
 1 -179
 1 -178
 0 -177
 1 -176
 1 -175
 1 -174
 1 -173
 7 -172
 8 -171
 25 -170
 44 -169
 117 -168
 197 -167
 323 -166
 742 -165
 1462 -164
 2603 -163
 3436 -162
 3801 -161
 3889 -160
 3325 -159
 3278 -158
 3741 -157
 3551 -156
 3051 -155
 1908 -154
 985 -153
 360 -152
 83 -151
 13 -150
 4 -149
 0 -148
 1 -147
 0 -146
 0 -145
 0 -144
 0 -143
 1 -142
 0 -141
 0 -140


