# Created by Octave 3.8.2, Mon Jun 22 16:32:12 2020 CEST <damian@fptrucha.inv.usc.es>
# name: hd
# type: matrix
# rows: 41
# columns: 2
 1 -180
 1 -179
 0 -178
 2 -177
 1 -176
 1 -175
 1 -174
 1 -173
 7 -172
 9 -171
 16 -170
 59 -169
 133 -168
 234 -167
 342 -166
 823 -165
 1520 -164
 2460 -163
 3426 -162
 3920 -161
 3803 -160
 3402 -159
 3381 -158
 3477 -157
 3501 -156
 2956 -155
 1784 -154
 978 -153
 358 -152
 80 -151
 16 -150
 3 -149
 2 -148
 0 -147
 0 -146
 1 -145
 0 -144
 1 -143
 1 -142
 0 -141
 0 -140


