# Created by Octave 3.8.2, Sun Jun 21 03:34:28 2020 CEST <damian@fptrucha.inv.usc.es>
# name: hd
# type: matrix
# rows: 41
# columns: 2
 1 -180
 1 -179
 0 -178
 0 -177
 0 -176
 0 -175
 3 -174
 0 -173
 3 -172
 2 -171
 8 -170
 58 -169
 98 -168
 203 -167
 273 -166
 595 -165
 1406 -164
 2074 -163
 2999 -162
 3449 -161
 3539 -160
 3474 -159
 2841 -158
 3322 -157
 3288 -156
 2971 -155
 2095 -154
 941 -153
 490 -152
 103 -151
 21 -150
 6 -149
 1 -148
 0 -147
 0 -146
 0 -145
 0 -144
 0 -143
 0 -142
 1 -141
 0 -140


