# Created by Octave 3.8.2, Mon Jun 22 05:33:14 2020 CEST <damian@fptrucha.inv.usc.es>
# name: hd
# type: matrix
# rows: 41
# columns: 2
 0 -180
 0 -179
 0 -178
 2 -177
 1 -176
 0 -175
 3 -174
 1 -173
 2 -172
 7 -171
 24 -170
 58 -169
 109 -168
 207 -167
 308 -166
 763 -165
 1459 -164
 2174 -163
 3118 -162
 3364 -161
 3497 -160
 3159 -159
 2948 -158
 3253 -157
 3293 -156
 2813 -155
 1714 -154
 811 -153
 342 -152
 72 -151
 23 -150
 2 -149
 1 -148
 1 -147
 0 -146
 1 -145
 0 -144
 1 -143
 1 -142
 0 -141
 0 -140


