# Created by Octave 3.8.2, Sat Jun 20 19:05:27 2020 CEST <damian@fptrucha.inv.usc.es>
# name: hd
# type: matrix
# rows: 41
# columns: 2
 0 -180
 1 -179
 0 -178
 0 -177
 0 -176
 3 -175
 2 -174
 4 -173
 3 -172
 5 -171
 18 -170
 48 -169
 88 -168
 200 -167
 276 -166
 564 -165
 1442 -164
 2111 -163
 3239 -162
 3651 -161
 3601 -160
 3696 -159
 3052 -158
 3442 -157
 3408 -156
 3093 -155
 2102 -154
 1001 -153
 427 -152
 96 -151
 16 -150
 5 -149
 2 -148
 3 -147
 0 -146
 0 -145
 0 -144
 0 -143
 1 -142
 0 -141
 0 -140


