# Created by Octave 3.8.2, Sat Jun 20 23:15:46 2020 CEST <damian@fptrucha.inv.usc.es>
# name: hd
# type: matrix
# rows: 41
# columns: 2
 0 -180
 1 -179
 0 -178
 0 -177
 0 -176
 0 -175
 1 -174
 0 -173
 5 -172
 5 -171
 17 -170
 46 -169
 95 -168
 164 -167
 274 -166
 546 -165
 1486 -164
 2061 -163
 3148 -162
 3549 -161
 3507 -160
 3531 -159
 2940 -158
 3416 -157
 3356 -156
 3159 -155
 2190 -154
 909 -153
 469 -152
 112 -151
 16 -150
 3 -149
 2 -148
 0 -147
 2 -146
 0 -145
 2 -144
 0 -143
 0 -142
 0 -141
 0 -140


