# Created by Octave 3.8.2, Mon Jun 22 21:42:54 2020 CEST <damian@fptrucha.inv.usc.es>
# name: hd
# type: matrix
# rows: 41
# columns: 2
 0 -180
 1 -179
 1 -178
 2 -177
 0 -176
 1 -175
 0 -174
 1 -173
 6 -172
 4 -171
 15 -170
 55 -169
 85 -168
 216 -167
 284 -166
 692 -165
 1590 -164
 2271 -163
 3256 -162
 3818 -161
 3869 -160
 3801 -159
 3144 -158
 3563 -157
 3581 -156
 3244 -155
 2349 -154
 1070 -153
 475 -152
 83 -151
 29 -150
 6 -149
 5 -148
 0 -147
 0 -146
 1 -145
 0 -144
 0 -143
 1 -142
 0 -141
 0 -140


