# Created by Octave 3.8.2, Sat Jun 20 08:12:24 2020 CEST <damian@fptrucha.inv.usc.es>
# name: hd
# type: matrix
# rows: 41
# columns: 2
 1 -180
 0 -179
 1 -178
 0 -177
 0 -176
 0 -175
 1 -174
 2 -173
 3 -172
 9 -171
 23 -170
 54 -169
 122 -168
 206 -167
 306 -166
 721 -165
 1771 -164
 2432 -163
 3596 -162
 4087 -161
 4225 -160
 4109 -159
 3575 -158
 3959 -157
 3908 -156
 3599 -155
 2453 -154
 1031 -153
 553 -152
 108 -151
 33 -150
 8 -149
 0 -148
 1 -147
 0 -146
 0 -145
 1 -144
 0 -143
 0 -142
 0 -141
 0 -140


