# Created by Octave 3.8.2, Sat Jun 20 05:03:09 2020 CEST <damian@fptrucha.inv.usc.es>
# name: hd
# type: matrix
# rows: 41
# columns: 2
 1 -180
 0 -179
 0 -178
 1 -177
 0 -176
 1 -175
 2 -174
 2 -173
 1 -172
 5 -171
 9 -170
 57 -169
 115 -168
 185 -167
 289 -166
 693 -165
 1578 -164
 2355 -163
 3497 -162
 3974 -161
 4020 -160
 4056 -159
 3295 -158
 3822 -157
 3666 -156
 3356 -155
 2285 -154
 1010 -153
 478 -152
 110 -151
 21 -150
 5 -149
 0 -148
 1 -147
 0 -146
 1 -145
 1 -144
 0 -143
 0 -142
 0 -141
 0 -140


