# Created by Octave 3.8.2, Mon Jun 22 17:10:36 2020 CEST <damian@fptrucha.inv.usc.es>
# name: hd
# type: matrix
# rows: 41
# columns: 2
 2 -180
 0 -179
 1 -178
 0 -177
 1 -176
 3 -175
 0 -174
 6 -173
 4 -172
 8 -171
 30 -170
 60 -169
 141 -168
 223 -167
 366 -166
 846 -165
 1623 -164
 2441 -163
 3422 -162
 3780 -161
 3830 -160
 3304 -159
 3287 -158
 3654 -157
 3540 -156
 3037 -155
 1785 -154
 857 -153
 362 -152
 78 -151
 25 -150
 4 -149
 3 -148
 1 -147
 0 -146
 0 -145
 1 -144
 0 -143
 0 -142
 0 -141
 0 -140


