# Created by Octave 3.8.2, Sun Jun 21 04:12:14 2020 CEST <damian@fptrucha.inv.usc.es>
# name: hd
# type: matrix
# rows: 41
# columns: 2
 1 -180
 0 -179
 0 -178
 0 -177
 0 -176
 0 -175
 0 -174
 4 -173
 3 -172
 6 -171
 16 -170
 48 -169
 86 -168
 184 -167
 247 -166
 568 -165
 1391 -164
 2010 -163
 3135 -162
 3437 -161
 3579 -160
 3508 -159
 2977 -158
 3422 -157
 3380 -156
 3120 -155
 2184 -154
 990 -153
 472 -152
 110 -151
 17 -150
 2 -149
 1 -148
 0 -147
 0 -146
 0 -145
 0 -144
 0 -143
 0 -142
 0 -141
 0 -140


