# Created by Octave 3.8.2, Mon Jun 22 09:28:11 2020 CEST <damian@fptrucha.inv.usc.es>
# name: hd
# type: matrix
# rows: 41
# columns: 2
 0 -180
 0 -179
 1 -178
 2 -177
 2 -176
 1 -175
 5 -174
 2 -173
 4 -172
 5 -171
 22 -170
 58 -169
 119 -168
 215 -167
 322 -166
 778 -165
 1525 -164
 2241 -163
 3266 -162
 3496 -161
 3566 -160
 3288 -159
 2930 -158
 3302 -157
 3360 -156
 2865 -155
 1712 -154
 784 -153
 318 -152
 62 -151
 15 -150
 5 -149
 0 -148
 1 -147
 0 -146
 2 -145
 0 -144
 0 -143
 0 -142
 2 -141
 0 -140


