# Created by Octave 3.8.2, Sat Jun 20 03:55:03 2020 CEST <damian@fptrucha.inv.usc.es>
# name: hd
# type: matrix
# rows: 41
# columns: 2
 1 -180
 0 -179
 0 -178
 1 -177
 0 -176
 0 -175
 0 -174
 3 -173
 2 -172
 6 -171
 19 -170
 50 -169
 114 -168
 187 -167
 280 -166
 669 -165
 1642 -164
 2337 -163
 3544 -162
 3919 -161
 4061 -160
 4013 -159
 3358 -158
 3618 -157
 3726 -156
 3488 -155
 2386 -154
 1002 -153
 499 -152
 112 -151
 24 -150
 6 -149
 3 -148
 1 -147
 0 -146
 0 -145
 0 -144
 1 -143
 0 -142
 0 -141
 0 -140


