# Created by Octave 3.8.2, Sat Jun 20 09:06:10 2020 CEST <damian@fptrucha.inv.usc.es>
# name: hd
# type: matrix
# rows: 41
# columns: 2
 2 -180
 1 -179
 0 -178
 0 -177
 3 -176
 1 -175
 0 -174
 1 -173
 2 -172
 7 -171
 16 -170
 69 -169
 160 -168
 251 -167
 346 -166
 759 -165
 1718 -164
 2517 -163
 3644 -162
 4262 -161
 4356 -160
 4062 -159
 3468 -158
 3733 -157
 3862 -156
 3556 -155
 2368 -154
 1071 -153
 503 -152
 109 -151
 25 -150
 9 -149
 1 -148
 0 -147
 0 -146
 0 -145
 0 -144
 0 -143
 0 -142
 0 -141
 0 -140


