# Created by Octave 3.8.2, Mon Jun 22 04:51:55 2020 CEST <damian@fptrucha.inv.usc.es>
# name: hd
# type: matrix
# rows: 41
# columns: 2
 2 -180
 1 -179
 0 -178
 1 -177
 0 -176
 3 -175
 1 -174
 0 -173
 5 -172
 8 -171
 14 -170
 42 -169
 92 -168
 160 -167
 266 -166
 583 -165
 1224 -164
 1914 -163
 2942 -162
 3276 -161
 3401 -160
 3015 -159
 2800 -158
 3159 -157
 3163 -156
 2822 -155
 1753 -154
 942 -153
 446 -152
 102 -151
 30 -150
 5 -149
 3 -148
 1 -147
 0 -146
 1 -145
 1 -144
 2 -143
 0 -142
 0 -141
 0 -140


