# Created by Octave 3.8.2, Sat Jun 20 02:12:24 2020 CEST <damian@fptrucha.inv.usc.es>
# name: hd
# type: matrix
# rows: 41
# columns: 2
 1 -180
 1 -179
 0 -178
 0 -177
 0 -176
 0 -175
 0 -174
 0 -173
 2 -172
 8 -171
 19 -170
 57 -169
 132 -168
 205 -167
 273 -166
 669 -165
 1625 -164
 2318 -163
 3282 -162
 3786 -161
 3861 -160
 3904 -159
 3445 -158
 3691 -157
 3782 -156
 3318 -155
 2295 -154
 1016 -153
 474 -152
 109 -151
 25 -150
 5 -149
 0 -148
 0 -147
 2 -146
 1 -145
 0 -144
 1 -143
 0 -142
 0 -141
 0 -140


