# Created by Octave 3.8.2, Sat Jun 20 17:44:38 2020 CEST <damian@fptrucha.inv.usc.es>
# name: hd
# type: matrix
# rows: 41
# columns: 2
 0 -180
 0 -179
 1 -178
 1 -177
 0 -176
 0 -175
 0 -174
 0 -173
 1 -172
 5 -171
 20 -170
 50 -169
 87 -168
 189 -167
 257 -166
 609 -165
 1496 -164
 2135 -163
 3128 -162
 3606 -161
 3669 -160
 3646 -159
 3058 -158
 3471 -157
 3434 -156
 3081 -155
 2126 -154
 974 -153
 484 -152
 89 -151
 14 -150
 3 -149
 2 -148
 1 -147
 0 -146
 0 -145
 0 -144
 0 -143
 0 -142
 0 -141
 0 -140


