# Created by Octave 3.8.2, Sat Jun 20 12:59:17 2020 CEST <damian@fptrucha.inv.usc.es>
# name: hd
# type: matrix
# rows: 41
# columns: 2
 1 -180
 0 -179
 0 -178
 0 -177
 1 -176
 1 -175
 1 -174
 0 -173
 3 -172
 5 -171
 14 -170
 61 -169
 127 -168
 221 -167
 295 -166
 673 -165
 1690 -164
 2233 -163
 3420 -162
 3837 -161
 4025 -160
 3940 -159
 3321 -158
 3757 -157
 3674 -156
 3355 -155
 2259 -154
 996 -153
 422 -152
 123 -151
 28 -150
 5 -149
 1 -148
 1 -147
 0 -146
 0 -145
 0 -144
 0 -143
 0 -142
 0 -141
 0 -140


