# Created by Octave 3.8.2, Sun Jun 21 04:58:36 2020 CEST <damian@fptrucha.inv.usc.es>
# name: hd
# type: matrix
# rows: 41
# columns: 2
 0 -180
 1 -179
 1 -178
 0 -177
 1 -176
 0 -175
 1 -174
 2 -173
 5 -172
 5 -171
 15 -170
 65 -169
 82 -168
 171 -167
 261 -166
 603 -165
 1441 -164
 2099 -163
 3122 -162
 3658 -161
 3769 -160
 3633 -159
 3075 -158
 3365 -157
 3350 -156
 3092 -155
 2264 -154
 914 -153
 461 -152
 108 -151
 21 -150
 1 -149
 0 -148
 0 -147
 1 -146
 0 -145
 0 -144
 0 -143
 0 -142
 0 -141
 0 -140


