# Created by Octave 3.8.2, Sat Jun 20 22:03:56 2020 CEST <damian@fptrucha.inv.usc.es>
# name: hd
# type: matrix
# rows: 41
# columns: 2
 0 -180
 1 -179
 0 -178
 0 -177
 2 -176
 0 -175
 1 -174
 2 -173
 0 -172
 2 -171
 18 -170
 47 -169
 93 -168
 177 -167
 277 -166
 569 -165
 1380 -164
 2072 -163
 3043 -162
 3556 -161
 3565 -160
 3502 -159
 3119 -158
 3483 -157
 3320 -156
 2968 -155
 2170 -154
 915 -153
 460 -152
 113 -151
 25 -150
 5 -149
 0 -148
 1 -147
 0 -146
 0 -145
 2 -144
 0 -143
 0 -142
 0 -141
 0 -140


