# Created by Octave 3.8.2, Mon Jun 22 13:11:06 2020 CEST <damian@fptrucha.inv.usc.es>
# name: hd
# type: matrix
# rows: 41
# columns: 2
 1 -180
 1 -179
 2 -178
 1 -177
 0 -176
 0 -175
 1 -174
 2 -173
 4 -172
 12 -171
 20 -170
 41 -169
 129 -168
 222 -167
 337 -166
 705 -165
 1537 -164
 2384 -163
 3355 -162
 3728 -161
 3680 -160
 3188 -159
 3164 -158
 3528 -157
 3457 -156
 3051 -155
 1735 -154
 900 -153
 362 -152
 76 -151
 23 -150
 1 -149
 1 -148
 0 -147
 0 -146
 1 -145
 1 -144
 0 -143
 0 -142
 0 -141
 0 -140


