# Created by Octave 3.8.2, Mon Jun 22 03:57:37 2020 CEST <damian@fptrucha.inv.usc.es>
# name: hd
# type: matrix
# rows: 41
# columns: 2
 1 -180
 0 -179
 2 -178
 0 -177
 1 -176
 0 -175
 2 -174
 0 -173
 2 -172
 8 -171
 23 -170
 50 -169
 107 -168
 165 -167
 280 -166
 652 -165
 1386 -164
 2106 -163
 2989 -162
 3453 -161
 3406 -160
 3149 -159
 2847 -158
 3173 -157
 3135 -156
 2807 -155
 1792 -154
 891 -153
 381 -152
 90 -151
 31 -150
 0 -149
 0 -148
 0 -147
 3 -146
 0 -145
 1 -144
 0 -143
 1 -142
 1 -141
 0 -140


