# Created by Octave 3.8.2, Sat Jun 20 21:15:55 2020 CEST <damian@fptrucha.inv.usc.es>
# name: hd
# type: matrix
# rows: 41
# columns: 2
 0 -180
 1 -179
 1 -178
 1 -177
 0 -176
 1 -175
 0 -174
 2 -173
 4 -172
 2 -171
 9 -170
 25 -169
 95 -168
 177 -167
 247 -166
 574 -165
 1501 -164
 2070 -163
 3066 -162
 3555 -161
 3620 -160
 3661 -159
 2957 -158
 3378 -157
 3329 -156
 3035 -155
 2039 -154
 899 -153
 465 -152
 84 -151
 22 -150
 3 -149
 1 -148
 1 -147
 1 -146
 0 -145
 0 -144
 0 -143
 1 -142
 0 -141
 0 -140


