# Created by Octave 3.8.2, Mon Jun 22 15:40:50 2020 CEST <damian@fptrucha.inv.usc.es>
# name: hd
# type: matrix
# rows: 41
# columns: 2
 1 -180
 4 -179
 0 -178
 0 -177
 3 -176
 1 -175
 1 -174
 2 -173
 2 -172
 4 -171
 24 -170
 60 -169
 112 -168
 245 -167
 344 -166
 846 -165
 1569 -164
 2345 -163
 3445 -162
 3699 -161
 3908 -160
 3302 -159
 3176 -158
 3736 -157
 3487 -156
 3152 -155
 1788 -154
 898 -153
 369 -152
 84 -151
 7 -150
 3 -149
 0 -148
 1 -147
 1 -146
 1 -145
 0 -144
 0 -143
 0 -142
 0 -141
 0 -140


