# Created by Octave 3.8.2, Sat Jun 20 23:05:14 2020 CEST <damian@fptrucha.inv.usc.es>
# name: hd
# type: matrix
# rows: 41
# columns: 2
 0 -180
 0 -179
 0 -178
 1 -177
 0 -176
 0 -175
 0 -174
 2 -173
 2 -172
 7 -171
 22 -170
 50 -169
 115 -168
 172 -167
 223 -166
 573 -165
 1465 -164
 2038 -163
 3023 -162
 3549 -161
 3677 -160
 3615 -159
 3046 -158
 3292 -157
 3305 -156
 3027 -155
 2150 -154
 967 -153
 471 -152
 91 -151
 25 -150
 5 -149
 3 -148
 1 -147
 0 -146
 0 -145
 0 -144
 0 -143
 1 -142
 0 -141
 0 -140


