# Created by Octave 3.8.2, Sat Jun 20 17:36:06 2020 CEST <damian@fptrucha.inv.usc.es>
# name: hd
# type: matrix
# rows: 41
# columns: 2
 1 -180
 0 -179
 0 -178
 0 -177
 1 -176
 1 -175
 0 -174
 1 -173
 2 -172
 7 -171
 17 -170
 61 -169
 102 -168
 185 -167
 262 -166
 612 -165
 1478 -164
 2094 -163
 3229 -162
 3659 -161
 3785 -160
 3621 -159
 3057 -158
 3406 -157
 3392 -156
 3067 -155
 2219 -154
 971 -153
 459 -152
 107 -151
 25 -150
 6 -149
 0 -148
 0 -147
 0 -146
 0 -145
 1 -144
 0 -143
 0 -142
 0 -141
 0 -140


