# Created by Octave 3.8.2, Mon Jun 22 15:04:04 2020 CEST <damian@fptrucha.inv.usc.es>
# name: hd
# type: matrix
# rows: 41
# columns: 2
 0 -180
 1 -179
 0 -178
 0 -177
 2 -176
 2 -175
 0 -174
 2 -173
 3 -172
 8 -171
 29 -170
 48 -169
 118 -168
 216 -167
 307 -166
 782 -165
 1545 -164
 2302 -163
 3407 -162
 3822 -161
 3769 -160
 3412 -159
 3342 -158
 3544 -157
 3624 -156
 3109 -155
 1863 -154
 935 -153
 387 -152
 96 -151
 18 -150
 4 -149
 4 -148
 1 -147
 0 -146
 0 -145
 0 -144
 1 -143
 0 -142
 0 -141
 0 -140


