# Created by Octave 3.8.2, Mon Jun 22 16:55:16 2020 CEST <damian@fptrucha.inv.usc.es>
# name: hd
# type: matrix
# rows: 41
# columns: 2
 1 -180
 0 -179
 2 -178
 2 -177
 0 -176
 1 -175
 0 -174
 5 -173
 3 -172
 7 -171
 30 -170
 67 -169
 144 -168
 221 -167
 295 -166
 855 -165
 1550 -164
 2440 -163
 3447 -162
 3766 -161
 3854 -160
 3297 -159
 3243 -158
 3526 -157
 3538 -156
 2962 -155
 1796 -154
 951 -153
 373 -152
 84 -151
 19 -150
 3 -149
 2 -148
 1 -147
 1 -146
 0 -145
 1 -144
 0 -143
 0 -142
 0 -141
 0 -140


