# Created by Octave 3.8.2, Mon Jun 22 04:00:29 2020 CEST <damian@fptrucha.inv.usc.es>
# name: hd
# type: matrix
# rows: 41
# columns: 2
 2 -180
 2 -179
 0 -178
 2 -177
 4 -176
 0 -175
 0 -174
 1 -173
 3 -172
 5 -171
 14 -170
 50 -169
 102 -168
 175 -167
 265 -166
 636 -165
 1344 -164
 2080 -163
 2937 -162
 3363 -161
 3406 -160
 2927 -159
 2932 -158
 3123 -157
 3161 -156
 2817 -155
 1704 -154
 871 -153
 413 -152
 82 -151
 14 -150
 3 -149
 2 -148
 0 -147
 0 -146
 2 -145
 0 -144
 0 -143
 2 -142
 0 -141
 0 -140


