# Created by Octave 3.8.2, Sat Jun 20 16:04:33 2020 CEST <damian@fptrucha.inv.usc.es>
# name: hd
# type: matrix
# rows: 41
# columns: 2
 1 -180
 0 -179
 0 -178
 0 -177
 0 -176
 0 -175
 2 -174
 1 -173
 1 -172
 3 -171
 15 -170
 54 -169
 125 -168
 213 -167
 291 -166
 638 -165
 1544 -164
 2216 -163
 3233 -162
 3583 -161
 3800 -160
 3753 -159
 3132 -158
 3485 -157
 3509 -156
 3203 -155
 2207 -154
 982 -153
 468 -152
 101 -151
 36 -150
 4 -149
 0 -148
 0 -147
 0 -146
 0 -145
 0 -144
 0 -143
 0 -142
 0 -141
 0 -140


