# Created by Octave 3.8.2, Sat Jun 20 14:15:07 2020 CEST <damian@fptrucha.inv.usc.es>
# name: hd
# type: matrix
# rows: 41
# columns: 2
 0 -180
 0 -179
 0 -178
 0 -177
 0 -176
 1 -175
 0 -174
 3 -173
 5 -172
 5 -171
 14 -170
 48 -169
 113 -168
 194 -167
 342 -166
 650 -165
 1641 -164
 2183 -163
 3309 -162
 3793 -161
 3916 -160
 3819 -159
 3199 -158
 3651 -157
 3521 -156
 3228 -155
 2327 -154
 993 -153
 467 -152
 88 -151
 18 -150
 8 -149
 0 -148
 3 -147
 0 -146
 1 -145
 0 -144
 0 -143
 0 -142
 0 -141
 0 -140


