# Created by Octave 3.8.2, Mon Jun 22 18:40:44 2020 CEST <damian@fptrucha.inv.usc.es>
# name: hd
# type: matrix
# rows: 41
# columns: 2
 2 -180
 0 -179
 1 -178
 0 -177
 1 -176
 1 -175
 0 -174
 3 -173
 2 -172
 12 -171
 31 -170
 57 -169
 100 -168
 203 -167
 294 -166
 749 -165
 1533 -164
 2356 -163
 3499 -162
 3822 -161
 4011 -160
 3334 -159
 3127 -158
 3589 -157
 3625 -156
 3235 -155
 1912 -154
 983 -153
 401 -152
 76 -151
 11 -150
 4 -149
 2 -148
 2 -147
 0 -146
 0 -145
 0 -144
 0 -143
 0 -142
 0 -141
 0 -140


