# Created by Octave 3.8.2, Sun Jun 21 05:50:06 2020 CEST <damian@fptrucha.inv.usc.es>
# name: hd
# type: matrix
# rows: 41
# columns: 2
 2 -180
 1 -179
 0 -178
 2 -177
 1 -176
 0 -175
 1 -174
 1 -173
 2 -172
 7 -171
 13 -170
 46 -169
 95 -168
 170 -167
 307 -166
 579 -165
 1471 -164
 2091 -163
 3093 -162
 3433 -161
 3642 -160
 3498 -159
 2935 -158
 3306 -157
 3414 -156
 3006 -155
 2189 -154
 961 -153
 467 -152
 119 -151
 17 -150
 4 -149
 2 -148
 0 -147
 0 -146
 0 -145
 0 -144
 2 -143
 0 -142
 0 -141
 0 -140


