# Created by Octave 3.8.2, Mon Jun 22 08:38:40 2020 CEST <damian@fptrucha.inv.usc.es>
# name: hd
# type: matrix
# rows: 41
# columns: 2
 1 -180
 0 -179
 0 -178
 0 -177
 2 -176
 1 -175
 1 -174
 2 -173
 5 -172
 6 -171
 18 -170
 55 -169
 99 -168
 165 -167
 328 -166
 741 -165
 1510 -164
 2250 -163
 3206 -162
 3599 -161
 3603 -160
 3215 -159
 2966 -158
 3444 -157
 3290 -156
 2841 -155
 1738 -154
 856 -153
 322 -152
 71 -151
 16 -150
 5 -149
 0 -148
 1 -147
 2 -146
 1 -145
 0 -144
 0 -143
 1 -142
 2 -141
 0 -140


