# Created by Octave 3.8.2, Mon Jun 22 18:53:25 2020 CEST <damian@fptrucha.inv.usc.es>
# name: hd
# type: matrix
# rows: 41
# columns: 2
 1 -180
 3 -179
 1 -178
 0 -177
 3 -176
 0 -175
 1 -174
 0 -173
 3 -172
 7 -171
 25 -170
 57 -169
 119 -168
 222 -167
 302 -166
 717 -165
 1571 -164
 2483 -163
 3475 -162
 3813 -161
 3919 -160
 3457 -159
 3087 -158
 3647 -157
 3557 -156
 3076 -155
 1926 -154
 968 -153
 382 -152
 69 -151
 14 -150
 1 -149
 3 -148
 0 -147
 3 -146
 0 -145
 1 -144
 0 -143
 0 -142
 0 -141
 0 -140


