# Created by Octave 3.8.2, Sat Jun 20 02:51:07 2020 CEST <damian@fptrucha.inv.usc.es>
# name: hd
# type: matrix
# rows: 41
# columns: 2
 0 -180
 0 -179
 0 -178
 1 -177
 0 -176
 0 -175
 3 -174
 2 -173
 2 -172
 6 -171
 13 -170
 49 -169
 127 -168
 167 -167
 269 -166
 660 -165
 1659 -164
 2254 -163
 3394 -162
 3873 -161
 3929 -160
 3986 -159
 3355 -158
 3756 -157
 3856 -156
 3447 -155
 2332 -154
 1042 -153
 461 -152
 88 -151
 20 -150
 4 -149
 1 -148
 0 -147
 0 -146
 1 -145
 0 -144
 0 -143
 0 -142
 0 -141
 0 -140


