# Created by Octave 3.8.2, Sat Jun 20 18:01:08 2020 CEST <damian@fptrucha.inv.usc.es>
# name: hd
# type: matrix
# rows: 41
# columns: 2
 1 -180
 1 -179
 0 -178
 1 -177
 0 -176
 0 -175
 1 -174
 0 -173
 0 -172
 3 -171
 10 -170
 29 -169
 65 -168
 134 -167
 169 -166
 412 -165
 977 -164
 1434 -163
 2129 -162
 2307 -161
 2476 -160
 2347 -159
 2028 -158
 2214 -157
 2230 -156
 2156 -155
 1443 -154
 606 -153
 283 -152
 58 -151
 5 -150
 1 -149
 2 -148
 0 -147
 0 -146
 0 -145
 0 -144
 0 -143
 0 -142
 0 -141
 0 -140


