# Created by Octave 3.8.2, Mon Jun 22 15:24:43 2020 CEST <damian@fptrucha.inv.usc.es>
# name: hd
# type: matrix
# rows: 41
# columns: 2
 0 -180
 1 -179
 0 -178
 1 -177
 0 -176
 2 -175
 0 -174
 1 -173
 3 -172
 6 -171
 25 -170
 52 -169
 118 -168
 221 -167
 316 -166
 746 -165
 1556 -164
 2323 -163
 3459 -162
 3760 -161
 3805 -160
 3428 -159
 3151 -158
 3582 -157
 3561 -156
 3094 -155
 1939 -154
 898 -153
 399 -152
 74 -151
 20 -150
 1 -149
 1 -148
 1 -147
 1 -146
 0 -145
 0 -144
 0 -143
 0 -142
 0 -141
 0 -140


