# Created by Octave 3.8.2, Sun Jun 21 06:03:05 2020 CEST <damian@fptrucha.inv.usc.es>
# name: hd
# type: matrix
# rows: 41
# columns: 2
 1 -180
 1 -179
 1 -178
 1 -177
 1 -176
 0 -175
 3 -174
 1 -173
 4 -172
 7 -171
 17 -170
 36 -169
 82 -168
 173 -167
 234 -166
 556 -165
 1443 -164
 2057 -163
 3042 -162
 3520 -161
 3564 -160
 3566 -159
 3031 -158
 3373 -157
 3279 -156
 3108 -155
 2152 -154
 1019 -153
 492 -152
 96 -151
 25 -150
 7 -149
 2 -148
 0 -147
 0 -146
 0 -145
 0 -144
 0 -143
 0 -142
 0 -141
 0 -140


