# Created by Octave 3.8.2, Mon Jun 22 05:45:55 2020 CEST <damian@fptrucha.inv.usc.es>
# name: hd
# type: matrix
# rows: 41
# columns: 2
 0 -180
 2 -179
 3 -178
 2 -177
 0 -176
 2 -175
 0 -174
 1 -173
 3 -172
 6 -171
 23 -170
 54 -169
 120 -168
 203 -167
 283 -166
 788 -165
 1542 -164
 2094 -163
 3067 -162
 3403 -161
 3530 -160
 3044 -159
 2932 -158
 3299 -157
 3207 -156
 2832 -155
 1585 -154
 819 -153
 337 -152
 61 -151
 14 -150
 6 -149
 0 -148
 1 -147
 0 -146
 0 -145
 0 -144
 0 -143
 1 -142
 0 -141
 0 -140


