# Created by Octave 3.8.2, Sun Jun 21 06:07:32 2020 CEST <damian@fptrucha.inv.usc.es>
# name: hd
# type: matrix
# rows: 41
# columns: 2
 0 -180
 0 -179
 2 -178
 0 -177
 1 -176
 2 -175
 0 -174
 3 -173
 3 -172
 7 -171
 14 -170
 41 -169
 89 -168
 175 -167
 246 -166
 500 -165
 1441 -164
 2054 -163
 3002 -162
 3452 -161
 3555 -160
 3549 -159
 2900 -158
 3387 -157
 3379 -156
 3047 -155
 2198 -154
 1027 -153
 462 -152
 94 -151
 15 -150
 0 -149
 1 -148
 0 -147
 0 -146
 0 -145
 0 -144
 0 -143
 0 -142
 0 -141
 0 -140


