# Created by Octave 3.8.2, Sat Jun 20 09:46:14 2020 CEST <damian@fptrucha.inv.usc.es>
# name: hd
# type: matrix
# rows: 41
# columns: 2
 0 -180
 1 -179
 0 -178
 0 -177
 3 -176
 0 -175
 0 -174
 3 -173
 3 -172
 7 -171
 15 -170
 66 -169
 109 -168
 202 -167
 322 -166
 713 -165
 1695 -164
 2435 -163
 3519 -162
 4006 -161
 4218 -160
 4137 -159
 3425 -158
 3770 -157
 3924 -156
 3515 -155
 2436 -154
 1110 -153
 471 -152
 97 -151
 15 -150
 4 -149
 1 -148
 0 -147
 0 -146
 0 -145
 1 -144
 0 -143
 0 -142
 0 -141
 0 -140


