# Created by Octave 3.8.2, Mon Jun 22 17:38:28 2020 CEST <damian@fptrucha.inv.usc.es>
# name: hd
# type: matrix
# rows: 41
# columns: 2
 0 -180
 0 -179
 1 -178
 0 -177
 3 -176
 4 -175
 3 -174
 1 -173
 2 -172
 12 -171
 32 -170
 55 -169
 139 -168
 224 -167
 375 -166
 806 -165
 1623 -164
 2458 -163
 3488 -162
 3778 -161
 3846 -160
 3314 -159
 3173 -158
 3567 -157
 3465 -156
 3136 -155
 1802 -154
 957 -153
 402 -152
 87 -151
 17 -150
 3 -149
 0 -148
 0 -147
 0 -146
 1 -145
 0 -144
 1 -143
 0 -142
 0 -141
 0 -140


