# Created by Octave 3.8.2, Sat Jun 20 22:32:17 2020 CEST <damian@fptrucha.inv.usc.es>
# name: hd
# type: matrix
# rows: 41
# columns: 2
 1 -180
 0 -179
 0 -178
 2 -177
 0 -176
 1 -175
 1 -174
 2 -173
 5 -172
 5 -171
 20 -170
 38 -169
 93 -168
 156 -167
 231 -166
 603 -165
 1464 -164
 2096 -163
 3081 -162
 3618 -161
 3668 -160
 3624 -159
 2988 -158
 3272 -157
 3305 -156
 3093 -155
 2199 -154
 959 -153
 444 -152
 96 -151
 33 -150
 4 -149
 1 -148
 0 -147
 0 -146
 0 -145
 0 -144
 0 -143
 0 -142
 0 -141
 0 -140


