# Created by Octave 3.8.2, Sun Jun 21 06:56:26 2020 CEST <damian@fptrucha.inv.usc.es>
# name: hd
# type: matrix
# rows: 41
# columns: 2
 0 -180
 1 -179
 0 -178
 0 -177
 0 -176
 1 -175
 0 -174
 2 -173
 4 -172
 5 -171
 14 -170
 48 -169
 94 -168
 156 -167
 232 -166
 510 -165
 1364 -164
 1913 -163
 2896 -162
 3500 -161
 3483 -160
 3456 -159
 2965 -158
 3265 -157
 3232 -156
 3025 -155
 2256 -154
 961 -153
 500 -152
 108 -151
 17 -150
 0 -149
 5 -148
 0 -147
 1 -146
 0 -145
 0 -144
 0 -143
 0 -142
 0 -141
 0 -140


