# Created by Octave 3.8.2, Sun Jun 21 04:11:09 2020 CEST <damian@fptrucha.inv.usc.es>
# name: hd
# type: matrix
# rows: 41
# columns: 2
 0 -180
 0 -179
 0 -178
 0 -177
 0 -176
 0 -175
 2 -174
 2 -173
 2 -172
 5 -171
 12 -170
 33 -169
 85 -168
 157 -167
 243 -166
 583 -165
 1425 -164
 2053 -163
 2940 -162
 3530 -161
 3571 -160
 3634 -159
 2993 -158
 3314 -157
 3367 -156
 3192 -155
 2239 -154
 986 -153
 450 -152
 129 -151
 15 -150
 8 -149
 2 -148
 0 -147
 0 -146
 0 -145
 2 -144
 0 -143
 0 -142
 0 -141
 0 -140


