# Created by Octave 3.8.2, Mon Jun 22 09:07:51 2020 CEST <damian@fptrucha.inv.usc.es>
# name: hd
# type: matrix
# rows: 41
# columns: 2
 0 -180
 0 -179
 2 -178
 1 -177
 0 -176
 1 -175
 1 -174
 2 -173
 5 -172
 6 -171
 16 -170
 62 -169
 119 -168
 216 -167
 313 -166
 773 -165
 1540 -164
 2241 -163
 3187 -162
 3529 -161
 3620 -160
 3223 -159
 3077 -158
 3294 -157
 3221 -156
 2976 -155
 1755 -154
 820 -153
 350 -152
 70 -151
 13 -150
 5 -149
 1 -148
 2 -147
 2 -146
 0 -145
 1 -144
 0 -143
 1 -142
 0 -141
 0 -140


