# Created by Octave 3.8.2, Mon Jun 22 07:13:39 2020 CEST <damian@fptrucha.inv.usc.es>
# name: hd
# type: matrix
# rows: 41
# columns: 2
 0 -180
 1 -179
 0 -178
 2 -177
 0 -176
 2 -175
 3 -174
 4 -173
 4 -172
 14 -171
 17 -170
 62 -169
 101 -168
 213 -167
 293 -166
 711 -165
 1482 -164
 2269 -163
 3119 -162
 3452 -161
 3563 -160
 3063 -159
 2982 -158
 3280 -157
 3241 -156
 2941 -155
 1731 -154
 789 -153
 312 -152
 64 -151
 21 -150
 4 -149
 0 -148
 0 -147
 2 -146
 0 -145
 0 -144
 0 -143
 0 -142
 0 -141
 0 -140


