# Created by Octave 3.8.2, Sat Jun 20 20:08:44 2020 CEST <damian@fptrucha.inv.usc.es>
# name: hd
# type: matrix
# rows: 41
# columns: 2
 0 -180
 0 -179
 0 -178
 0 -177
 2 -176
 1 -175
 3 -174
 2 -173
 2 -172
 6 -171
 12 -170
 43 -169
 101 -168
 141 -167
 259 -166
 566 -165
 1460 -164
 2046 -163
 3082 -162
 3456 -161
 3854 -160
 3678 -159
 3069 -158
 3442 -157
 3334 -156
 3098 -155
 2187 -154
 981 -153
 461 -152
 102 -151
 22 -150
 8 -149
 2 -148
 0 -147
 1 -146
 1 -145
 0 -144
 1 -143
 0 -142
 0 -141
 0 -140


