# Created by Octave 3.8.2, Mon Jun 22 18:48:48 2020 CEST <damian@fptrucha.inv.usc.es>
# name: hd
# type: matrix
# rows: 41
# columns: 2
 0 -180
 0 -179
 2 -178
 1 -177
 2 -176
 1 -175
 1 -174
 1 -173
 8 -172
 12 -171
 18 -170
 71 -169
 126 -168
 205 -167
 329 -166
 759 -165
 1577 -164
 2450 -163
 3485 -162
 3887 -161
 3929 -160
 3539 -159
 3065 -158
 3658 -157
 3496 -156
 3166 -155
 1909 -154
 1016 -153
 394 -152
 81 -151
 18 -150
 4 -149
 0 -148
 1 -147
 0 -146
 1 -145
 0 -144
 0 -143
 0 -142
 0 -141
 0 -140


