# Created by Octave 3.8.2, Mon Jun 22 04:24:17 2020 CEST <damian@fptrucha.inv.usc.es>
# name: hd
# type: matrix
# rows: 41
# columns: 2
 0 -180
 3 -179
 0 -178
 2 -177
 0 -176
 1 -175
 1 -174
 3 -173
 4 -172
 11 -171
 13 -170
 53 -169
 88 -168
 143 -167
 266 -166
 662 -165
 1252 -164
 1971 -163
 3030 -162
 3273 -161
 3381 -160
 3073 -159
 2833 -158
 3263 -157
 3097 -156
 2807 -155
 1749 -154
 904 -153
 436 -152
 104 -151
 22 -150
 4 -149
 1 -148
 1 -147
 0 -146
 0 -145
 0 -144
 1 -143
 1 -142
 0 -141
 0 -140


