# Created by Octave 3.8.2, Sun Jun 21 06:13:11 2020 CEST <damian@fptrucha.inv.usc.es>
# name: hd
# type: matrix
# rows: 41
# columns: 2
 0 -180
 2 -179
 0 -178
 0 -177
 1 -176
 1 -175
 0 -174
 0 -173
 1 -172
 4 -171
 12 -170
 47 -169
 108 -168
 171 -167
 248 -166
 512 -165
 1425 -164
 2122 -163
 3050 -162
 3520 -161
 3645 -160
 3543 -159
 3038 -158
 3311 -157
 3352 -156
 3041 -155
 2274 -154
 1044 -153
 509 -152
 103 -151
 19 -150
 8 -149
 1 -148
 0 -147
 2 -146
 1 -145
 0 -144
 0 -143
 0 -142
 0 -141
 0 -140


