# Created by Octave 3.8.2, Mon Jun 22 02:06:10 2020 CEST <damian@fptrucha.inv.usc.es>
# name: hd
# type: matrix
# rows: 41
# columns: 2
 2 -180
 0 -179
 1 -178
 1 -177
 0 -176
 0 -175
 1 -174
 5 -173
 2 -172
 9 -171
 23 -170
 59 -169
 117 -168
 197 -167
 270 -166
 699 -165
 1556 -164
 2204 -163
 3250 -162
 3574 -161
 3738 -160
 3317 -159
 2971 -158
 3451 -157
 3533 -156
 2998 -155
 1891 -154
 899 -153
 390 -152
 94 -151
 15 -150
 3 -149
 1 -148
 1 -147
 0 -146
 0 -145
 0 -144
 0 -143
 0 -142
 0 -141
 0 -140


