# Created by Octave 3.8.2, Sat Jun 20 23:37:49 2020 CEST <damian@fptrucha.inv.usc.es>
# name: hd
# type: matrix
# rows: 41
# columns: 2
 0 -180
 0 -179
 0 -178
 0 -177
 0 -176
 0 -175
 0 -174
 0 -173
 4 -172
 7 -171
 9 -170
 53 -169
 93 -168
 181 -167
 259 -166
 585 -165
 1449 -164
 2059 -163
 3014 -162
 3565 -161
 3647 -160
 3514 -159
 2870 -158
 3399 -157
 3447 -156
 3054 -155
 2253 -154
 959 -153
 496 -152
 112 -151
 23 -150
 4 -149
 1 -148
 0 -147
 0 -146
 1 -145
 0 -144
 1 -143
 0 -142
 1 -141
 0 -140


