# Created by Octave 3.8.2, Sat Jun 20 19:34:15 2020 CEST <damian@fptrucha.inv.usc.es>
# name: hd
# type: matrix
# rows: 41
# columns: 2
 0 -180
 0 -179
 0 -178
 0 -177
 0 -176
 1 -175
 0 -174
 1 -173
 4 -172
 3 -171
 20 -170
 43 -169
 98 -168
 189 -167
 270 -166
 515 -165
 1478 -164
 2033 -163
 3176 -162
 3504 -161
 3623 -160
 3639 -159
 3037 -158
 3366 -157
 3362 -156
 2980 -155
 2160 -154
 947 -153
 471 -152
 124 -151
 28 -150
 6 -149
 0 -148
 0 -147
 1 -146
 0 -145
 1 -144
 0 -143
 0 -142
 0 -141
 0 -140


