# Created by Octave 3.8.2, Sat Jun 20 06:40:34 2020 CEST <damian@fptrucha.inv.usc.es>
# name: hd
# type: matrix
# rows: 41
# columns: 2
 0 -180
 0 -179
 0 -178
 1 -177
 0 -176
 0 -175
 1 -174
 0 -173
 1 -172
 4 -171
 24 -170
 43 -169
 116 -168
 188 -167
 286 -166
 655 -165
 1716 -164
 2429 -163
 3522 -162
 3913 -161
 4071 -160
 3884 -159
 3337 -158
 3883 -157
 3821 -156
 3505 -155
 2381 -154
 1060 -153
 532 -152
 96 -151
 22 -150
 4 -149
 2 -148
 1 -147
 1 -146
 0 -145
 0 -144
 0 -143
 0 -142
 0 -141
 0 -140


