# Created by Octave 3.8.2, Mon Jun 22 04:57:10 2020 CEST <damian@fptrucha.inv.usc.es>
# name: hd
# type: matrix
# rows: 41
# columns: 2
 1 -180
 1 -179
 1 -178
 1 -177
 1 -176
 1 -175
 1 -174
 1 -173
 5 -172
 3 -171
 19 -170
 47 -169
 94 -168
 187 -167
 245 -166
 581 -165
 1307 -164
 1979 -163
 2859 -162
 3336 -161
 3319 -160
 3059 -159
 2887 -158
 3023 -157
 3211 -156
 2705 -155
 1757 -154
 949 -153
 444 -152
 95 -151
 24 -150
 3 -149
 2 -148
 2 -147
 0 -146
 1 -145
 0 -144
 0 -143
 0 -142
 0 -141
 0 -140


