# Created by Octave 3.8.2, Mon Jun 22 16:28:51 2020 CEST <damian@fptrucha.inv.usc.es>
# name: hd
# type: matrix
# rows: 41
# columns: 2
 1 -180
 0 -179
 1 -178
 1 -177
 2 -176
 3 -175
 2 -174
 2 -173
 3 -172
 9 -171
 18 -170
 61 -169
 112 -168
 222 -167
 354 -166
 812 -165
 1558 -164
 2429 -163
 3466 -162
 3743 -161
 3895 -160
 3277 -159
 3277 -158
 3520 -157
 3445 -156
 3082 -155
 1775 -154
 938 -153
 379 -152
 76 -151
 25 -150
 6 -149
 2 -148
 0 -147
 0 -146
 0 -145
 0 -144
 0 -143
 0 -142
 1 -141
 0 -140


