# Created by Octave 3.8.2, Sat Jun 20 18:58:58 2020 CEST <damian@fptrucha.inv.usc.es>
# name: hd
# type: matrix
# rows: 41
# columns: 2
 0 -180
 0 -179
 1 -178
 0 -177
 0 -176
 1 -175
 0 -174
 0 -173
 2 -172
 6 -171
 16 -170
 47 -169
 112 -168
 183 -167
 275 -166
 556 -165
 1504 -164
 2121 -163
 3035 -162
 3557 -161
 3778 -160
 3561 -159
 3006 -158
 3429 -157
 3404 -156
 3114 -155
 2143 -154
 980 -153
 463 -152
 100 -151
 28 -150
 6 -149
 0 -148
 0 -147
 1 -146
 0 -145
 0 -144
 0 -143
 0 -142
 0 -141
 0 -140


