# Created by Octave 3.8.2, Sun Jun 21 04:49:36 2020 CEST <damian@fptrucha.inv.usc.es>
# name: hd
# type: matrix
# rows: 41
# columns: 2
 0 -180
 0 -179
 1 -178
 0 -177
 0 -176
 0 -175
 1 -174
 1 -173
 1 -172
 4 -171
 15 -170
 53 -169
 103 -168
 170 -167
 245 -166
 569 -165
 1457 -164
 2027 -163
 3243 -162
 3519 -161
 3571 -160
 3691 -159
 2979 -158
 3381 -157
 3435 -156
 3065 -155
 2115 -154
 1016 -153
 474 -152
 120 -151
 27 -150
 5 -149
 1 -148
 0 -147
 0 -146
 1 -145
 0 -144
 0 -143
 0 -142
 0 -141
 0 -140


