# Created by Octave 3.8.2, Sun Jun 21 01:16:29 2020 CEST <damian@fptrucha.inv.usc.es>
# name: hd
# type: matrix
# rows: 41
# columns: 2
 1 -180
 1 -179
 0 -178
 2 -177
 0 -176
 0 -175
 3 -174
 3 -173
 0 -172
 3 -171
 20 -170
 48 -169
 104 -168
 194 -167
 260 -166
 586 -165
 1444 -164
 2077 -163
 3080 -162
 3413 -161
 3552 -160
 3546 -159
 2948 -158
 3351 -157
 3388 -156
 3090 -155
 2173 -154
 921 -153
 433 -152
 89 -151
 20 -150
 4 -149
 2 -148
 0 -147
 0 -146
 1 -145
 0 -144
 0 -143
 0 -142
 0 -141
 0 -140


