# Created by Octave 3.8.2, Mon Jun 22 01:30:10 2020 CEST <damian@fptrucha.inv.usc.es>
# name: hd
# type: matrix
# rows: 41
# columns: 2
 0 -180
 2 -179
 1 -178
 0 -177
 0 -176
 0 -175
 0 -174
 1 -173
 0 -172
 1 -171
 20 -170
 54 -169
 98 -168
 191 -167
 276 -166
 554 -165
 1336 -164
 2129 -163
 3023 -162
 3467 -161
 3741 -160
 3554 -159
 3081 -158
 3407 -157
 3476 -156
 3225 -155
 2256 -154
 1078 -153
 519 -152
 109 -151
 15 -150
 4 -149
 2 -148
 0 -147
 2 -146
 1 -145
 0 -144
 0 -143
 0 -142
 0 -141
 0 -140


