# Created by Octave 3.8.2, Mon Jun 22 06:34:33 2020 CEST <damian@fptrucha.inv.usc.es>
# name: hd
# type: matrix
# rows: 41
# columns: 2
 2 -180
 1 -179
 2 -178
 0 -177
 2 -176
 1 -175
 2 -174
 1 -173
 1 -172
 4 -171
 23 -170
 54 -169
 135 -168
 213 -167
 349 -166
 802 -165
 1469 -164
 2301 -163
 3095 -162
 3501 -161
 3489 -160
 3037 -159
 2996 -158
 3344 -157
 3237 -156
 2777 -155
 1642 -154
 807 -153
 354 -152
 56 -151
 18 -150
 3 -149
 1 -148
 1 -147
 4 -146
 0 -145
 0 -144
 0 -143
 0 -142
 1 -141
 0 -140


