# Created by Octave 3.8.2, Mon Jun 22 15:50:50 2020 CEST <damian@fptrucha.inv.usc.es>
# name: hd
# type: matrix
# rows: 41
# columns: 2
 0 -180
 3 -179
 1 -178
 2 -177
 1 -176
 0 -175
 0 -174
 1 -173
 3 -172
 6 -171
 24 -170
 63 -169
 150 -168
 255 -167
 372 -166
 767 -165
 1685 -164
 2422 -163
 3537 -162
 3766 -161
 3911 -160
 3346 -159
 3310 -158
 3606 -157
 3518 -156
 3068 -155
 1910 -154
 835 -153
 382 -152
 65 -151
 17 -150
 6 -149
 1 -148
 2 -147
 1 -146
 1 -145
 0 -144
 0 -143
 0 -142
 1 -141
 0 -140


