# Created by Octave 3.8.2, Sat Jun 20 05:39:51 2020 CEST <damian@fptrucha.inv.usc.es>
# name: hd
# type: matrix
# rows: 41
# columns: 2
 2 -180
 0 -179
 0 -178
 3 -177
 0 -176
 4 -175
 0 -174
 2 -173
 2 -172
 4 -171
 17 -170
 65 -169
 138 -168
 205 -167
 312 -166
 704 -165
 1740 -164
 2429 -163
 3615 -162
 3999 -161
 4130 -160
 4100 -159
 3407 -158
 3727 -157
 3762 -156
 3345 -155
 2289 -154
 1022 -153
 470 -152
 114 -151
 19 -150
 4 -149
 0 -148
 0 -147
 0 -146
 1 -145
 0 -144
 0 -143
 0 -142
 0 -141
 0 -140


