# Created by Octave 3.8.2, Mon Jun 22 09:14:00 2020 CEST <damian@fptrucha.inv.usc.es>
# name: hd
# type: matrix
# rows: 41
# columns: 2
 0 -180
 0 -179
 2 -178
 0 -177
 1 -176
 2 -175
 1 -174
 3 -173
 5 -172
 6 -171
 21 -170
 51 -169
 122 -168
 200 -167
 327 -166
 726 -165
 1531 -164
 2215 -163
 3247 -162
 3636 -161
 3569 -160
 3229 -159
 3092 -158
 3408 -157
 3243 -156
 2902 -155
 1681 -154
 813 -153
 317 -152
 92 -151
 22 -150
 5 -149
 2 -148
 1 -147
 0 -146
 0 -145
 0 -144
 0 -143
 0 -142
 0 -141
 0 -140


