# Created by Octave 3.8.2, Mon Jun 22 07:33:02 2020 CEST <damian@fptrucha.inv.usc.es>
# name: hd
# type: matrix
# rows: 41
# columns: 2
 0 -180
 1 -179
 1 -178
 0 -177
 3 -176
 1 -175
 0 -174
 0 -173
 1 -172
 8 -171
 13 -170
 34 -169
 77 -168
 124 -167
 197 -166
 489 -165
 994 -164
 1442 -163
 2083 -162
 2305 -161
 2360 -160
 2033 -159
 1912 -158
 2126 -157
 2163 -156
 1897 -155
 1220 -154
 534 -153
 213 -152
 38 -151
 10 -150
 2 -149
 1 -148
 0 -147
 0 -146
 0 -145
 1 -144
 0 -143
 0 -142
 0 -141
 0 -140


