# Created by Octave 3.8.2, Sat Jun 20 08:26:44 2020 CEST <damian@fptrucha.inv.usc.es>
# name: hd
# type: matrix
# rows: 41
# columns: 2
 1 -180
 1 -179
 0 -178
 0 -177
 0 -176
 0 -175
 2 -174
 3 -173
 6 -172
 9 -171
 24 -170
 67 -169
 141 -168
 225 -167
 328 -166
 732 -165
 1797 -164
 2491 -163
 3637 -162
 4034 -161
 4201 -160
 4254 -159
 3511 -158
 3917 -157
 3862 -156
 3500 -155
 2471 -154
 1070 -153
 460 -152
 111 -151
 21 -150
 4 -149
 3 -148
 1 -147
 2 -146
 1 -145
 0 -144
 0 -143
 0 -142
 0 -141
 0 -140


