# Created by Octave 3.8.2, Sat Jun 20 17:45:56 2020 CEST <damian@fptrucha.inv.usc.es>
# name: hd
# type: matrix
# rows: 41
# columns: 2
 0 -180
 0 -179
 0 -178
 2 -177
 0 -176
 1 -175
 2 -174
 1 -173
 0 -172
 6 -171
 15 -170
 34 -169
 106 -168
 186 -167
 225 -166
 581 -165
 1471 -164
 2137 -163
 3236 -162
 3613 -161
 3662 -160
 3688 -159
 3006 -158
 3496 -157
 3459 -156
 3112 -155
 2258 -154
 953 -153
 464 -152
 103 -151
 25 -150
 5 -149
 1 -148
 1 -147
 1 -146
 0 -145
 0 -144
 0 -143
 1 -142
 0 -141
 0 -140


