# Created by Octave 3.8.2, Sat Jun 20 09:58:54 2020 CEST <damian@fptrucha.inv.usc.es>
# name: hd
# type: matrix
# rows: 41
# columns: 2
 0 -180
 0 -179
 0 -178
 0 -177
 0 -176
 0 -175
 1 -174
 3 -173
 2 -172
 2 -171
 14 -170
 51 -169
 67 -168
 124 -167
 228 -166
 482 -165
 1084 -164
 1555 -163
 2405 -162
 2736 -161
 2805 -160
 2770 -159
 2321 -158
 2522 -157
 2548 -156
 2310 -155
 1629 -154
 706 -153
 340 -152
 77 -151
 11 -150
 3 -149
 0 -148
 0 -147
 0 -146
 0 -145
 0 -144
 0 -143
 0 -142
 0 -141
 0 -140


