# Created by Octave 3.8.2, Mon Jun 22 08:32:28 2020 CEST <damian@fptrucha.inv.usc.es>
# name: hd
# type: matrix
# rows: 41
# columns: 2
 1 -180
 1 -179
 1 -178
 1 -177
 3 -176
 2 -175
 1 -174
 0 -173
 2 -172
 1 -171
 24 -170
 59 -169
 118 -168
 216 -167
 318 -166
 696 -165
 1565 -164
 2208 -163
 3238 -162
 3523 -161
 3670 -160
 3173 -159
 3094 -158
 3468 -157
 3288 -156
 2915 -155
 1756 -154
 807 -153
 356 -152
 77 -151
 14 -150
 5 -149
 1 -148
 0 -147
 1 -146
 1 -145
 0 -144
 0 -143
 0 -142
 0 -141
 0 -140


