# Created by Octave 3.8.2, Mon Jun 22 06:51:07 2020 CEST <damian@fptrucha.inv.usc.es>
# name: hd
# type: matrix
# rows: 41
# columns: 2
 1 -180
 2 -179
 2 -178
 3 -177
 1 -176
 3 -175
 1 -174
 1 -173
 5 -172
 10 -171
 33 -170
 69 -169
 109 -168
 192 -167
 324 -166
 756 -165
 1537 -164
 2130 -163
 3170 -162
 3451 -161
 3485 -160
 3064 -159
 2973 -158
 3256 -157
 3194 -156
 2732 -155
 1649 -154
 821 -153
 309 -152
 63 -151
 18 -150
 1 -149
 1 -148
 1 -147
 0 -146
 0 -145
 1 -144
 0 -143
 0 -142
 1 -141
 0 -140


