# Created by Octave 3.8.2, Sun Jun 21 03:58:20 2020 CEST <damian@fptrucha.inv.usc.es>
# name: hd
# type: matrix
# rows: 41
# columns: 2
 0 -180
 0 -179
 0 -178
 0 -177
 1 -176
 2 -175
 1 -174
 0 -173
 3 -172
 6 -171
 12 -170
 41 -169
 92 -168
 170 -167
 250 -166
 577 -165
 1433 -164
 1998 -163
 3110 -162
 3404 -161
 3616 -160
 3541 -159
 2881 -158
 3374 -157
 3400 -156
 3069 -155
 2170 -154
 939 -153
 481 -152
 98 -151
 22 -150
 5 -149
 1 -148
 1 -147
 0 -146
 0 -145
 0 -144
 0 -143
 0 -142
 0 -141
 0 -140


