# Created by Octave 3.8.2, Sat Jun 20 10:59:44 2020 CEST <damian@fptrucha.inv.usc.es>
# name: hd
# type: matrix
# rows: 41
# columns: 2
 1 -180
 2 -179
 0 -178
 2 -177
 0 -176
 1 -175
 0 -174
 1 -173
 3 -172
 3 -171
 19 -170
 70 -169
 128 -168
 216 -167
 297 -166
 684 -165
 1711 -164
 2335 -163
 3586 -162
 3952 -161
 3951 -160
 4084 -159
 3353 -158
 3851 -157
 3735 -156
 3493 -155
 2363 -154
 1108 -153
 490 -152
 129 -151
 28 -150
 1 -149
 1 -148
 0 -147
 1 -146
 0 -145
 0 -144
 0 -143
 0 -142
 2 -141
 0 -140


