# Created by Octave 3.8.2, Sat Jun 20 23:28:22 2020 CEST <damian@fptrucha.inv.usc.es>
# name: hd
# type: matrix
# rows: 41
# columns: 2
 0 -180
 0 -179
 1 -178
 0 -177
 0 -176
 0 -175
 1 -174
 1 -173
 1 -172
 3 -171
 8 -170
 38 -169
 88 -168
 172 -167
 281 -166
 569 -165
 1414 -164
 1982 -163
 3110 -162
 3433 -161
 3635 -160
 3534 -159
 3087 -158
 3313 -157
 3308 -156
 3147 -155
 2145 -154
 953 -153
 505 -152
 110 -151
 23 -150
 7 -149
 1 -148
 0 -147
 0 -146
 0 -145
 0 -144
 0 -143
 0 -142
 0 -141
 0 -140


