# Created by Octave 3.8.2, Mon Jun 22 00:47:08 2020 CEST <damian@fptrucha.inv.usc.es>
# name: hd
# type: matrix
# rows: 41
# columns: 2
 1 -180
 0 -179
 0 -178
 1 -177
 1 -176
 0 -175
 0 -174
 2 -173
 3 -172
 5 -171
 14 -170
 45 -169
 83 -168
 172 -167
 255 -166
 544 -165
 1413 -164
 2023 -163
 3112 -162
 3533 -161
 3610 -160
 3589 -159
 3077 -158
 3438 -157
 3377 -156
 3061 -155
 2177 -154
 965 -153
 486 -152
 109 -151
 28 -150
 2 -149
 1 -148
 0 -147
 0 -146
 0 -145
 0 -144
 0 -143
 1 -142
 0 -141
 0 -140


