# Created by Octave 3.8.2, Sun Jun 21 01:25:12 2020 CEST <damian@fptrucha.inv.usc.es>
# name: hd
# type: matrix
# rows: 41
# columns: 2
 1 -180
 1 -179
 0 -178
 1 -177
 0 -176
 1 -175
 1 -174
 2 -173
 2 -172
 2 -171
 10 -170
 39 -169
 105 -168
 167 -167
 236 -166
 517 -165
 1409 -164
 1934 -163
 3101 -162
 3404 -161
 3572 -160
 3514 -159
 2932 -158
 3306 -157
 3367 -156
 3092 -155
 2178 -154
 1008 -153
 483 -152
 83 -151
 33 -150
 6 -149
 1 -148
 2 -147
 1 -146
 0 -145
 0 -144
 0 -143
 0 -142
 0 -141
 0 -140


