# Created by Octave 3.8.2, Sun Jun 21 05:01:38 2020 CEST <damian@fptrucha.inv.usc.es>
# name: hd
# type: matrix
# rows: 41
# columns: 2
 0 -180
 3 -179
 0 -178
 0 -177
 0 -176
 0 -175
 2 -174
 1 -173
 2 -172
 6 -171
 9 -170
 50 -169
 97 -168
 180 -167
 262 -166
 550 -165
 1369 -164
 2037 -163
 3155 -162
 3558 -161
 3692 -160
 3534 -159
 3043 -158
 3341 -157
 3459 -156
 3199 -155
 2138 -154
 1018 -153
 480 -152
 103 -151
 30 -150
 7 -149
 2 -148
 0 -147
 0 -146
 2 -145
 0 -144
 0 -143
 0 -142
 0 -141
 0 -140


