# Created by Octave 3.8.2, Mon Jun 22 16:57:06 2020 CEST <damian@fptrucha.inv.usc.es>
# name: hd
# type: matrix
# rows: 41
# columns: 2
 0 -180
 0 -179
 1 -178
 0 -177
 0 -176
 1 -175
 1 -174
 1 -173
 6 -172
 5 -171
 14 -170
 43 -169
 90 -168
 139 -167
 252 -166
 541 -165
 1040 -164
 1610 -163
 2220 -162
 2495 -161
 2514 -160
 2196 -159
 2213 -158
 2414 -157
 2310 -156
 2039 -155
 1099 -154
 598 -153
 238 -152
 42 -151
 15 -150
 1 -149
 1 -148
 2 -147
 0 -146
 0 -145
 0 -144
 0 -143
 0 -142
 0 -141
 0 -140


