# Created by Octave 3.8.2, Mon Jun 22 02:13:48 2020 CEST <damian@fptrucha.inv.usc.es>
# name: hd
# type: matrix
# rows: 41
# columns: 2
 1 -180
 2 -179
 1 -178
 2 -177
 0 -176
 0 -175
 0 -174
 2 -173
 2 -172
 5 -171
 22 -170
 60 -169
 102 -168
 180 -167
 301 -166
 679 -165
 1538 -164
 2245 -163
 3237 -162
 3678 -161
 3499 -160
 3365 -159
 3105 -158
 3399 -157
 3397 -156
 2954 -155
 1934 -154
 877 -153
 376 -152
 83 -151
 14 -150
 4 -149
 2 -148
 1 -147
 0 -146
 0 -145
 0 -144
 0 -143
 0 -142
 0 -141
 0 -140


