# Created by Octave 3.8.2, Mon Jun 22 23:51:29 2020 CEST <damian@fptrucha.inv.usc.es>
# name: hd
# type: matrix
# rows: 41
# columns: 2
 0 -180
 0 -179
 0 -178
 1 -177
 1 -176
 1 -175
 1 -174
 1 -173
 4 -172
 5 -171
 13 -170
 62 -169
 142 -168
 179 -167
 287 -166
 653 -165
 1558 -164
 2365 -163
 3275 -162
 3877 -161
 3915 -160
 3757 -159
 3205 -158
 3690 -157
 3659 -156
 3185 -155
 2316 -154
 986 -153
 475 -152
 88 -151
 23 -150
 5 -149
 2 -148
 1 -147
 2 -146
 0 -145
 0 -144
 0 -143
 0 -142
 0 -141
 0 -140


