# Created by Octave 3.8.2, Sun Jun 21 07:42:14 2020 CEST <damian@fptrucha.inv.usc.es>
# name: hd
# type: matrix
# rows: 41
# columns: 2
 0 -180
 0 -179
 0 -178
 0 -177
 0 -176
 2 -175
 1 -174
 1 -173
 2 -172
 4 -171
 19 -170
 50 -169
 99 -168
 179 -167
 251 -166
 565 -165
 1476 -164
 2076 -163
 3062 -162
 3651 -161
 3804 -160
 3806 -159
 3114 -158
 3486 -157
 3508 -156
 3160 -155
 2282 -154
 1001 -153
 518 -152
 124 -151
 28 -150
 7 -149
 3 -148
 1 -147
 0 -146
 1 -145
 0 -144
 0 -143
 0 -142
 0 -141
 0 -140


