# Created by Octave 3.8.2, Mon Jun 22 02:15:49 2020 CEST <damian@fptrucha.inv.usc.es>
# name: hd
# type: matrix
# rows: 41
# columns: 2
 0 -180
 0 -179
 0 -178
 0 -177
 0 -176
 1 -175
 2 -174
 0 -173
 3 -172
 5 -171
 19 -170
 51 -169
 119 -168
 202 -167
 302 -166
 699 -165
 1588 -164
 2163 -163
 3263 -162
 3654 -161
 3640 -160
 3440 -159
 3073 -158
 3492 -157
 3497 -156
 2902 -155
 1931 -154
 878 -153
 377 -152
 81 -151
 29 -150
 7 -149
 0 -148
 2 -147
 1 -146
 1 -145
 0 -144
 0 -143
 0 -142
 0 -141
 0 -140


