# Created by Octave 3.8.2, Mon Jun 22 21:23:11 2020 CEST <damian@fptrucha.inv.usc.es>
# name: hd
# type: matrix
# rows: 41
# columns: 2
 1 -180
 1 -179
 2 -178
 0 -177
 1 -176
 1 -175
 2 -174
 4 -173
 5 -172
 9 -171
 24 -170
 66 -169
 105 -168
 187 -167
 300 -166
 696 -165
 1562 -164
 2517 -163
 3429 -162
 3925 -161
 3935 -160
 3439 -159
 3301 -158
 3764 -157
 3623 -156
 3172 -155
 1969 -154
 959 -153
 438 -152
 81 -151
 31 -150
 4 -149
 1 -148
 0 -147
 1 -146
 0 -145
 0 -144
 0 -143
 0 -142
 0 -141
 0 -140


