# Created by Octave 3.8.2, Sun Jun 21 06:34:10 2020 CEST <damian@fptrucha.inv.usc.es>
# name: hd
# type: matrix
# rows: 41
# columns: 2
 0 -180
 2 -179
 0 -178
 0 -177
 0 -176
 0 -175
 0 -174
 0 -173
 1 -172
 3 -171
 13 -170
 34 -169
 101 -168
 162 -167
 247 -166
 538 -165
 1390 -164
 2097 -163
 3187 -162
 3644 -161
 3794 -160
 3645 -159
 3116 -158
 3504 -157
 3386 -156
 3200 -155
 2241 -154
 973 -153
 516 -152
 105 -151
 17 -150
 2 -149
 2 -148
 0 -147
 0 -146
 0 -145
 0 -144
 0 -143
 0 -142
 0 -141
 0 -140


