# Created by Octave 3.8.2, Sat Jun 20 09:10:04 2020 CEST <damian@fptrucha.inv.usc.es>
# name: hd
# type: matrix
# rows: 41
# columns: 2
 0 -180
 1 -179
 1 -178
 0 -177
 0 -176
 0 -175
 4 -174
 2 -173
 2 -172
 6 -171
 16 -170
 76 -169
 121 -168
 236 -167
 339 -166
 813 -165
 1838 -164
 2465 -163
 3591 -162
 4070 -161
 4195 -160
 4217 -159
 3539 -158
 3867 -157
 3716 -156
 3577 -155
 2394 -154
 1055 -153
 444 -152
 106 -151
 21 -150
 5 -149
 0 -148
 0 -147
 1 -146
 0 -145
 0 -144
 2 -143
 0 -142
 0 -141
 0 -140


