# Created by Octave 3.8.2, Sat Jun 20 16:25:17 2020 CEST <damian@fptrucha.inv.usc.es>
# name: hd
# type: matrix
# rows: 41
# columns: 2
 1 -180
 1 -179
 0 -178
 1 -177
 1 -176
 4 -175
 0 -174
 1 -173
 4 -172
 5 -171
 17 -170
 57 -169
 91 -168
 199 -167
 297 -166
 599 -165
 1515 -164
 2218 -163
 3253 -162
 3715 -161
 3629 -160
 3660 -159
 3181 -158
 3492 -157
 3395 -156
 3169 -155
 2271 -154
 1006 -153
 465 -152
 115 -151
 13 -150
 5 -149
 2 -148
 1 -147
 0 -146
 0 -145
 0 -144
 0 -143
 1 -142
 0 -141
 0 -140


