# Created by Octave 3.8.2, Sat Jun 20 07:03:11 2020 CEST <damian@fptrucha.inv.usc.es>
# name: hd
# type: matrix
# rows: 41
# columns: 2
 0 -180
 0 -179
 1 -178
 2 -177
 0 -176
 0 -175
 3 -174
 2 -173
 4 -172
 4 -171
 16 -170
 68 -169
 120 -168
 189 -167
 308 -166
 700 -165
 1708 -164
 2384 -163
 3546 -162
 4027 -161
 4210 -160
 4093 -159
 3476 -158
 3862 -157
 3895 -156
 3521 -155
 2395 -154
 1078 -153
 485 -152
 125 -151
 25 -150
 7 -149
 1 -148
 0 -147
 0 -146
 0 -145
 1 -144
 1 -143
 0 -142
 0 -141
 0 -140


