# Created by Octave 3.8.2, Sat Jun 20 17:08:52 2020 CEST <damian@fptrucha.inv.usc.es>
# name: hd
# type: matrix
# rows: 41
# columns: 2
 0 -180
 0 -179
 0 -178
 1 -177
 0 -176
 1 -175
 2 -174
 1 -173
 1 -172
 5 -171
 15 -170
 55 -169
 92 -168
 177 -167
 281 -166
 643 -165
 1489 -164
 2110 -163
 3231 -162
 3633 -161
 3807 -160
 3694 -159
 3043 -158
 3539 -157
 3394 -156
 3140 -155
 2231 -154
 980 -153
 475 -152
 100 -151
 27 -150
 6 -149
 1 -148
 1 -147
 0 -146
 1 -145
 0 -144
 0 -143
 0 -142
 0 -141
 0 -140


