# Created by Octave 3.8.2, Tue Jun 23 00:15:50 2020 CEST <damian@fptrucha.inv.usc.es>
# name: hd
# type: matrix
# rows: 41
# columns: 2
 0 -180
 0 -179
 1 -178
 2 -177
 0 -176
 2 -175
 2 -174
 1 -173
 3 -172
 6 -171
 18 -170
 51 -169
 116 -168
 200 -167
 280 -166
 623 -165
 1633 -164
 2379 -163
 3312 -162
 3798 -161
 3861 -160
 3831 -159
 3081 -158
 3707 -157
 3789 -156
 3344 -155
 2388 -154
 1022 -153
 487 -152
 99 -151
 20 -150
 8 -149
 2 -148
 0 -147
 1 -146
 0 -145
 1 -144
 1 -143
 0 -142
 0 -141
 0 -140


