# Created by Octave 3.8.2, Mon Jun 22 11:03:56 2020 CEST <damian@fptrucha.inv.usc.es>
# name: hd
# type: matrix
# rows: 41
# columns: 2
 0 -180
 2 -179
 1 -178
 0 -177
 1 -176
 0 -175
 1 -174
 1 -173
 8 -172
 8 -171
 25 -170
 46 -169
 131 -168
 206 -167
 353 -166
 809 -165
 1513 -164
 2326 -163
 3311 -162
 3812 -161
 3714 -160
 3261 -159
 3065 -158
 3453 -157
 3438 -156
 3033 -155
 1740 -154
 849 -153
 356 -152
 86 -151
 26 -150
 4 -149
 3 -148
 1 -147
 0 -146
 1 -145
 1 -144
 0 -143
 0 -142
 0 -141
 0 -140


