# Created by Octave 3.8.2, Mon Jun 22 22:56:41 2020 CEST <damian@fptrucha.inv.usc.es>
# name: hd
# type: matrix
# rows: 41
# columns: 2
 1 -180
 3 -179
 0 -178
 2 -177
 0 -176
 0 -175
 3 -174
 1 -173
 4 -172
 6 -171
 18 -170
 73 -169
 123 -168
 225 -167
 346 -166
 738 -165
 1651 -164
 2456 -163
 3308 -162
 3927 -161
 3895 -160
 3938 -159
 3107 -158
 3692 -157
 3718 -156
 3341 -155
 2260 -154
 1013 -153
 429 -152
 107 -151
 19 -150
 7 -149
 2 -148
 2 -147
 0 -146
 0 -145
 0 -144
 0 -143
 0 -142
 0 -141
 0 -140


