# Created by Octave 3.8.2, Mon Jun 22 06:17:51 2020 CEST <damian@fptrucha.inv.usc.es>
# name: hd
# type: matrix
# rows: 41
# columns: 2
 2 -180
 0 -179
 1 -178
 0 -177
 3 -176
 1 -175
 0 -174
 1 -173
 2 -172
 4 -171
 14 -170
 55 -169
 137 -168
 217 -167
 331 -166
 751 -165
 1517 -164
 2241 -163
 3184 -162
 3445 -161
 3489 -160
 3050 -159
 2908 -158
 3255 -157
 3143 -156
 2734 -155
 1697 -154
 804 -153
 310 -152
 55 -151
 15 -150
 2 -149
 3 -148
 0 -147
 2 -146
 1 -145
 0 -144
 0 -143
 0 -142
 0 -141
 0 -140


