# Created by Octave 3.8.2, Mon Jun 22 09:05:41 2020 CEST <damian@fptrucha.inv.usc.es>
# name: hd
# type: matrix
# rows: 41
# columns: 2
 0 -180
 0 -179
 2 -178
 1 -177
 4 -176
 2 -175
 1 -174
 1 -173
 5 -172
 6 -171
 15 -170
 53 -169
 106 -168
 194 -167
 323 -166
 748 -165
 1575 -164
 2294 -163
 3327 -162
 3525 -161
 3670 -160
 3214 -159
 2955 -158
 3241 -157
 3248 -156
 2776 -155
 1654 -154
 824 -153
 337 -152
 93 -151
 13 -150
 4 -149
 1 -148
 2 -147
 1 -146
 0 -145
 1 -144
 0 -143
 0 -142
 0 -141
 0 -140


