# Created by Octave 3.8.2, Sat Jun 20 14:17:49 2020 CEST <damian@fptrucha.inv.usc.es>
# name: hd
# type: matrix
# rows: 41
# columns: 2
 0 -180
 0 -179
 0 -178
 1 -177
 0 -176
 1 -175
 0 -174
 2 -173
 3 -172
 5 -171
 14 -170
 46 -169
 121 -168
 197 -167
 294 -166
 626 -165
 1540 -164
 2174 -163
 3308 -162
 3879 -161
 3855 -160
 3880 -159
 3219 -158
 3687 -157
 3500 -156
 3285 -155
 2187 -154
 1061 -153
 488 -152
 95 -151
 26 -150
 4 -149
 3 -148
 1 -147
 0 -146
 0 -145
 0 -144
 0 -143
 0 -142
 0 -141
 0 -140


