# Created by Octave 3.8.2, Sun Jun 21 06:53:11 2020 CEST <damian@fptrucha.inv.usc.es>
# name: hd
# type: matrix
# rows: 41
# columns: 2
 0 -180
 1 -179
 0 -178
 0 -177
 1 -176
 0 -175
 0 -174
 1 -173
 4 -172
 4 -171
 10 -170
 34 -169
 107 -168
 169 -167
 221 -166
 546 -165
 1378 -164
 1936 -163
 3031 -162
 3524 -161
 3499 -160
 3465 -159
 3044 -158
 3323 -157
 3322 -156
 3054 -155
 2120 -154
 985 -153
 439 -152
 101 -151
 19 -150
 2 -149
 1 -148
 1 -147
 0 -146
 0 -145
 2 -144
 0 -143
 0 -142
 0 -141
 0 -140


