# Created by Octave 3.8.2, Mon Jun 22 04:43:32 2020 CEST <damian@fptrucha.inv.usc.es>
# name: hd
# type: matrix
# rows: 41
# columns: 2
 0 -180
 1 -179
 1 -178
 2 -177
 0 -176
 1 -175
 2 -174
 2 -173
 5 -172
 7 -171
 15 -170
 43 -169
 77 -168
 167 -167
 248 -166
 596 -165
 1238 -164
 1899 -163
 2839 -162
 3228 -161
 3300 -160
 2910 -159
 2825 -158
 3242 -157
 3089 -156
 2772 -155
 1727 -154
 934 -153
 391 -152
 107 -151
 28 -150
 6 -149
 1 -148
 2 -147
 2 -146
 0 -145
 0 -144
 0 -143
 0 -142
 0 -141
 0 -140


