# Created by Octave 3.8.2, Mon Jun 22 14:03:33 2020 CEST <damian@fptrucha.inv.usc.es>
# name: hd
# type: matrix
# rows: 41
# columns: 2
 1 -180
 1 -179
 1 -178
 0 -177
 1 -176
 1 -175
 2 -174
 0 -173
 5 -172
 7 -171
 27 -170
 58 -169
 140 -168
 207 -167
 350 -166
 831 -165
 1537 -164
 2480 -163
 3494 -162
 3751 -161
 3759 -160
 3213 -159
 3342 -158
 3580 -157
 3441 -156
 2916 -155
 1725 -154
 881 -153
 337 -152
 82 -151
 23 -150
 2 -149
 1 -148
 0 -147
 1 -146
 0 -145
 0 -144
 0 -143
 0 -142
 0 -141
 0 -140


