# Created by Octave 3.8.2, Mon Jun 22 11:00:41 2020 CEST <damian@fptrucha.inv.usc.es>
# name: hd
# type: matrix
# rows: 41
# columns: 2
 1 -180
 0 -179
 0 -178
 1 -177
 2 -176
 1 -175
 1 -174
 1 -173
 4 -172
 4 -171
 19 -170
 65 -169
 113 -168
 221 -167
 354 -166
 794 -165
 1552 -164
 2316 -163
 3378 -162
 3683 -161
 3749 -160
 3129 -159
 3098 -158
 3504 -157
 3471 -156
 2805 -155
 1793 -154
 839 -153
 349 -152
 78 -151
 20 -150
 2 -149
 2 -148
 2 -147
 0 -146
 0 -145
 0 -144
 0 -143
 1 -142
 0 -141
 0 -140


