# Created by Octave 3.8.2, Mon Jun 22 00:32:10 2020 CEST <damian@fptrucha.inv.usc.es>
# name: hd
# type: matrix
# rows: 41
# columns: 2
 0 -180
 0 -179
 0 -178
 0 -177
 0 -176
 0 -175
 1 -174
 1 -173
 0 -172
 2 -171
 14 -170
 37 -169
 100 -168
 168 -167
 260 -166
 559 -165
 1345 -164
 2107 -163
 3112 -162
 3552 -161
 3718 -160
 3535 -159
 3078 -158
 3535 -157
 3444 -156
 3173 -155
 2241 -154
 968 -153
 476 -152
 123 -151
 25 -150
 9 -149
 2 -148
 0 -147
 0 -146
 2 -145
 0 -144
 0 -143
 0 -142
 0 -141
 0 -140


