# Created by Octave 3.8.2, Mon Jun 22 15:09:32 2020 CEST <damian@fptrucha.inv.usc.es>
# name: hd
# type: matrix
# rows: 41
# columns: 2
 1 -180
 0 -179
 2 -178
 0 -177
 1 -176
 0 -175
 2 -174
 0 -173
 1 -172
 9 -171
 18 -170
 54 -169
 128 -168
 203 -167
 325 -166
 824 -165
 1560 -164
 2322 -163
 3468 -162
 3704 -161
 3672 -160
 3421 -159
 3197 -158
 3691 -157
 3493 -156
 3084 -155
 1795 -154
 947 -153
 382 -152
 73 -151
 18 -150
 5 -149
 1 -148
 1 -147
 1 -146
 0 -145
 1 -144
 1 -143
 0 -142
 1 -141
 0 -140


