# Created by Octave 3.8.2, Mon Jun 22 00:46:07 2020 CEST <damian@fptrucha.inv.usc.es>
# name: hd
# type: matrix
# rows: 41
# columns: 2
 1 -180
 1 -179
 0 -178
 0 -177
 0 -176
 0 -175
 0 -174
 1 -173
 6 -172
 5 -171
 19 -170
 48 -169
 78 -168
 174 -167
 234 -166
 525 -165
 1421 -164
 2086 -163
 3022 -162
 3490 -161
 3720 -160
 3615 -159
 3033 -158
 3440 -157
 3384 -156
 3170 -155
 2202 -154
 1022 -153
 499 -152
 110 -151
 23 -150
 7 -149
 2 -148
 0 -147
 0 -146
 0 -145
 0 -144
 0 -143
 1 -142
 1 -141
 0 -140


