# Created by Octave 3.8.2, Mon Jun 22 00:59:49 2020 CEST <damian@fptrucha.inv.usc.es>
# name: hd
# type: matrix
# rows: 41
# columns: 2
 0 -180
 1 -179
 0 -178
 0 -177
 1 -176
 0 -175
 2 -174
 0 -173
 1 -172
 3 -171
 17 -170
 58 -169
 101 -168
 173 -167
 274 -166
 599 -165
 1409 -164
 2149 -163
 3179 -162
 3687 -161
 3907 -160
 3804 -159
 3198 -158
 3502 -157
 3526 -156
 3225 -155
 2316 -154
 1059 -153
 470 -152
 120 -151
 19 -150
 8 -149
 1 -148
 0 -147
 0 -146
 0 -145
 1 -144
 0 -143
 0 -142
 0 -141
 0 -140


