# Created by Octave 3.8.2, Mon Jun 22 13:44:39 2020 CEST <damian@fptrucha.inv.usc.es>
# name: hd
# type: matrix
# rows: 41
# columns: 2
 2 -180
 1 -179
 0 -178
 1 -177
 1 -176
 0 -175
 1 -174
 4 -173
 4 -172
 5 -171
 27 -170
 70 -169
 130 -168
 214 -167
 300 -166
 754 -165
 1479 -164
 2418 -163
 3408 -162
 3719 -161
 3785 -160
 3262 -159
 3219 -158
 3607 -157
 3404 -156
 3000 -155
 1773 -154
 915 -153
 374 -152
 65 -151
 18 -150
 3 -149
 1 -148
 1 -147
 0 -146
 1 -145
 0 -144
 1 -143
 1 -142
 2 -141
 0 -140


