# Created by Octave 3.8.2, Sat Jun 20 14:48:31 2020 CEST <damian@fptrucha.inv.usc.es>
# name: hd
# type: matrix
# rows: 41
# columns: 2
 0 -180
 1 -179
 0 -178
 0 -177
 1 -176
 0 -175
 0 -174
 2 -173
 1 -172
 4 -171
 14 -170
 55 -169
 122 -168
 194 -167
 337 -166
 619 -165
 1680 -164
 2255 -163
 3433 -162
 3708 -161
 3958 -160
 3845 -159
 3266 -158
 3533 -157
 3543 -156
 3284 -155
 2225 -154
 935 -153
 462 -152
 112 -151
 16 -150
 1 -149
 1 -148
 0 -147
 0 -146
 0 -145
 0 -144
 0 -143
 0 -142
 0 -141
 0 -140


