# Created by Octave 3.8.2, Sat Jun 20 12:36:49 2020 CEST <damian@fptrucha.inv.usc.es>
# name: hd
# type: matrix
# rows: 41
# columns: 2
 1 -180
 1 -179
 0 -178
 1 -177
 0 -176
 1 -175
 0 -174
 3 -173
 1 -172
 4 -171
 24 -170
 52 -169
 119 -168
 211 -167
 336 -166
 658 -165
 1649 -164
 2393 -163
 3420 -162
 3959 -161
 4078 -160
 4022 -159
 3218 -158
 3746 -157
 3726 -156
 3267 -155
 2419 -154
 993 -153
 496 -152
 119 -151
 22 -150
 4 -149
 2 -148
 3 -147
 0 -146
 0 -145
 0 -144
 0 -143
 0 -142
 0 -141
 0 -140


