# Created by Octave 3.8.2, Sat Jun 20 21:06:56 2020 CEST <damian@fptrucha.inv.usc.es>
# name: hd
# type: matrix
# rows: 41
# columns: 2
 0 -180
 1 -179
 1 -178
 1 -177
 0 -176
 2 -175
 1 -174
 3 -173
 6 -172
 3 -171
 21 -170
 27 -169
 91 -168
 189 -167
 280 -166
 505 -165
 1512 -164
 2059 -163
 3108 -162
 3547 -161
 3676 -160
 3596 -159
 2865 -158
 3435 -157
 3393 -156
 3128 -155
 2097 -154
 949 -153
 474 -152
 114 -151
 22 -150
 6 -149
 2 -148
 0 -147
 0 -146
 0 -145
 0 -144
 0 -143
 0 -142
 0 -141
 0 -140


