# Created by Octave 3.8.2, Mon Jun 22 13:08:55 2020 CEST <damian@fptrucha.inv.usc.es>
# name: hd
# type: matrix
# rows: 41
# columns: 2
 0 -180
 0 -179
 1 -178
 1 -177
 1 -176
 1 -175
 1 -174
 4 -173
 5 -172
 11 -171
 25 -170
 48 -169
 132 -168
 199 -167
 328 -166
 755 -165
 1514 -164
 2377 -163
 3388 -162
 3707 -161
 3763 -160
 3299 -159
 3214 -158
 3689 -157
 3428 -156
 3086 -155
 1664 -154
 841 -153
 339 -152
 66 -151
 18 -150
 5 -149
 1 -148
 1 -147
 1 -146
 0 -145
 0 -144
 1 -143
 0 -142
 0 -141
 0 -140


