# Created by Octave 3.8.2, Mon Jun 22 05:59:17 2020 CEST <damian@fptrucha.inv.usc.es>
# name: hd
# type: matrix
# rows: 41
# columns: 2
 3 -180
 0 -179
 1 -178
 0 -177
 3 -176
 3 -175
 2 -174
 3 -173
 2 -172
 4 -171
 25 -170
 57 -169
 112 -168
 204 -167
 289 -166
 703 -165
 1501 -164
 2132 -163
 3250 -162
 3472 -161
 3577 -160
 3149 -159
 2961 -158
 3367 -157
 3178 -156
 2800 -155
 1627 -154
 829 -153
 330 -152
 77 -151
 13 -150
 3 -149
 2 -148
 0 -147
 3 -146
 0 -145
 2 -144
 0 -143
 0 -142
 0 -141
 0 -140


