# Created by Octave 3.8.2, Sat Jun 20 09:03:13 2020 CEST <damian@fptrucha.inv.usc.es>
# name: hd
# type: matrix
# rows: 41
# columns: 2
 0 -180
 2 -179
 0 -178
 1 -177
 2 -176
 0 -175
 0 -174
 1 -173
 1 -172
 11 -171
 23 -170
 66 -169
 148 -168
 221 -167
 334 -166
 809 -165
 1756 -164
 2498 -163
 3620 -162
 4136 -161
 4302 -160
 4239 -159
 3554 -158
 3907 -157
 3839 -156
 3414 -155
 2525 -154
 1078 -153
 549 -152
 114 -151
 21 -150
 5 -149
 1 -148
 0 -147
 0 -146
 0 -145
 0 -144
 0 -143
 0 -142
 0 -141
 0 -140


