# Created by Octave 3.8.2, Sat Jun 20 03:35:40 2020 CEST <damian@fptrucha.inv.usc.es>
# name: hd
# type: matrix
# rows: 41
# columns: 2
 1 -180
 0 -179
 0 -178
 0 -177
 0 -176
 1 -175
 1 -174
 0 -173
 2 -172
 3 -171
 11 -170
 29 -169
 57 -168
 134 -167
 180 -166
 446 -165
 1107 -164
 1446 -163
 2259 -162
 2565 -161
 2590 -160
 2608 -159
 2198 -158
 2466 -157
 2504 -156
 2297 -155
 1575 -154
 733 -153
 336 -152
 73 -151
 15 -150
 4 -149
 0 -148
 0 -147
 0 -146
 0 -145
 0 -144
 0 -143
 1 -142
 0 -141
 0 -140


