# Created by Octave 3.8.2, Mon Jun 22 09:32:20 2020 CEST <damian@fptrucha.inv.usc.es>
# name: hd
# type: matrix
# rows: 41
# columns: 2
 1 -180
 1 -179
 0 -178
 2 -177
 0 -176
 0 -175
 2 -174
 1 -173
 0 -172
 8 -171
 20 -170
 43 -169
 117 -168
 196 -167
 304 -166
 722 -165
 1532 -164
 2126 -163
 3133 -162
 3484 -161
 3513 -160
 3284 -159
 3064 -158
 3407 -157
 3353 -156
 2891 -155
 1731 -154
 831 -153
 339 -152
 67 -151
 16 -150
 4 -149
 2 -148
 0 -147
 0 -146
 0 -145
 0 -144
 1 -143
 0 -142
 0 -141
 0 -140


