# Created by Octave 3.8.2, Mon Jun 22 14:59:39 2020 CEST <damian@fptrucha.inv.usc.es>
# name: hd
# type: matrix
# rows: 41
# columns: 2
 0 -180
 1 -179
 0 -178
 0 -177
 0 -176
 1 -175
 3 -174
 1 -173
 3 -172
 2 -171
 17 -170
 39 -169
 83 -168
 140 -167
 229 -166
 535 -165
 1043 -164
 1563 -163
 2362 -162
 2459 -161
 2517 -160
 2148 -159
 2089 -158
 2316 -157
 2361 -156
 2032 -155
 1152 -154
 595 -153
 238 -152
 60 -151
 8 -150
 3 -149
 2 -148
 0 -147
 0 -146
 0 -145
 0 -144
 0 -143
 2 -142
 0 -141
 0 -140


