# Created by Octave 3.8.2, Sat Jun 20 12:14:42 2020 CEST <damian@fptrucha.inv.usc.es>
# name: hd
# type: matrix
# rows: 41
# columns: 2
 0 -180
 0 -179
 0 -178
 0 -177
 0 -176
 0 -175
 2 -174
 2 -173
 1 -172
 4 -171
 21 -170
 58 -169
 110 -168
 184 -167
 330 -166
 692 -165
 1579 -164
 2237 -163
 3391 -162
 3849 -161
 3876 -160
 3934 -159
 3295 -158
 3617 -157
 3712 -156
 3382 -155
 2273 -154
 991 -153
 513 -152
 90 -151
 27 -150
 6 -149
 1 -148
 2 -147
 1 -146
 0 -145
 0 -144
 0 -143
 0 -142
 1 -141
 0 -140


