# Created by Octave 3.8.2, Mon Jun 22 11:14:09 2020 CEST <damian@fptrucha.inv.usc.es>
# name: hd
# type: matrix
# rows: 41
# columns: 2
 0 -180
 1 -179
 0 -178
 1 -177
 1 -176
 2 -175
 0 -174
 1 -173
 4 -172
 6 -171
 12 -170
 29 -169
 80 -168
 132 -167
 229 -166
 487 -165
 999 -164
 1555 -163
 2240 -162
 2464 -161
 2455 -160
 2098 -159
 2087 -158
 2254 -157
 2241 -156
 1970 -155
 1144 -154
 546 -153
 231 -152
 47 -151
 9 -150
 3 -149
 2 -148
 0 -147
 0 -146
 0 -145
 0 -144
 1 -143
 0 -142
 0 -141
 0 -140


