# Created by Octave 3.8.2, Mon Jun 22 13:20:42 2020 CEST <damian@fptrucha.inv.usc.es>
# name: hd
# type: matrix
# rows: 41
# columns: 2
 0 -180
 3 -179
 1 -178
 0 -177
 1 -176
 1 -175
 0 -174
 4 -173
 3 -172
 5 -171
 23 -170
 54 -169
 112 -168
 222 -167
 299 -166
 843 -165
 1562 -164
 2406 -163
 3496 -162
 3787 -161
 3766 -160
 3294 -159
 3220 -158
 3503 -157
 3426 -156
 3098 -155
 1757 -154
 902 -153
 358 -152
 69 -151
 18 -150
 1 -149
 2 -148
 1 -147
 0 -146
 1 -145
 0 -144
 0 -143
 0 -142
 0 -141
 0 -140


