# Created by Octave 3.8.2, Sat Jun 20 18:37:13 2020 CEST <damian@fptrucha.inv.usc.es>
# name: hd
# type: matrix
# rows: 41
# columns: 2
 0 -180
 1 -179
 0 -178
 0 -177
 1 -176
 1 -175
 0 -174
 1 -173
 4 -172
 3 -171
 10 -170
 52 -169
 97 -168
 153 -167
 263 -166
 596 -165
 1520 -164
 2125 -163
 3168 -162
 3651 -161
 3682 -160
 3578 -159
 3039 -158
 3353 -157
 3515 -156
 3070 -155
 2244 -154
 936 -153
 466 -152
 97 -151
 19 -150
 6 -149
 2 -148
 0 -147
 0 -146
 0 -145
 0 -144
 0 -143
 0 -142
 0 -141
 0 -140


