# Created by Octave 3.8.2, Sat Jun 20 08:17:44 2020 CEST <damian@fptrucha.inv.usc.es>
# name: hd
# type: matrix
# rows: 41
# columns: 2
 1 -180
 0 -179
 0 -178
 0 -177
 1 -176
 0 -175
 1 -174
 3 -173
 2 -172
 2 -171
 19 -170
 69 -169
 138 -168
 212 -167
 324 -166
 695 -165
 1738 -164
 2450 -163
 3566 -162
 4221 -161
 4242 -160
 4132 -159
 3498 -158
 3823 -157
 4111 -156
 3534 -155
 2466 -154
 1143 -153
 488 -152
 103 -151
 33 -150
 6 -149
 1 -148
 2 -147
 1 -146
 0 -145
 0 -144
 0 -143
 1 -142
 2 -141
 0 -140


