# Created by Octave 3.8.2, Mon Jun 22 17:33:54 2020 CEST <damian@fptrucha.inv.usc.es>
# name: hd
# type: matrix
# rows: 41
# columns: 2
 2 -180
 1 -179
 0 -178
 0 -177
 0 -176
 1 -175
 2 -174
 1 -173
 5 -172
 9 -171
 25 -170
 53 -169
 129 -168
 231 -167
 355 -166
 863 -165
 1571 -164
 2328 -163
 3540 -162
 3824 -161
 3835 -160
 3321 -159
 3255 -158
 3671 -157
 3662 -156
 2999 -155
 1849 -154
 849 -153
 373 -152
 49 -151
 24 -150
 5 -149
 2 -148
 0 -147
 2 -146
 0 -145
 0 -144
 0 -143
 0 -142
 1 -141
 0 -140


