# Created by Octave 3.8.2, Sat Jun 20 10:01:50 2020 CEST <damian@fptrucha.inv.usc.es>
# name: hd
# type: matrix
# rows: 41
# columns: 2
 0 -180
 0 -179
 0 -178
 0 -177
 1 -176
 0 -175
 0 -174
 1 -173
 4 -172
 2 -171
 27 -170
 65 -169
 125 -168
 253 -167
 299 -166
 706 -165
 1736 -164
 2349 -163
 3639 -162
 3963 -161
 4200 -160
 4101 -159
 3370 -158
 3838 -157
 3815 -156
 3480 -155
 2300 -154
 1112 -153
 453 -152
 123 -151
 20 -150
 6 -149
 2 -148
 0 -147
 0 -146
 0 -145
 0 -144
 0 -143
 0 -142
 0 -141
 0 -140


