# Created by Octave 3.8.2, Mon Jun 22 17:50:59 2020 CEST <damian@fptrucha.inv.usc.es>
# name: hd
# type: matrix
# rows: 41
# columns: 2
 3 -180
 0 -179
 0 -178
 1 -177
 0 -176
 3 -175
 1 -174
 2 -173
 5 -172
 13 -171
 20 -170
 59 -169
 136 -168
 223 -167
 332 -166
 801 -165
 1633 -164
 2438 -163
 3506 -162
 3812 -161
 3901 -160
 3396 -159
 3197 -158
 3667 -157
 3483 -156
 3158 -155
 1860 -154
 948 -153
 334 -152
 87 -151
 17 -150
 2 -149
 1 -148
 0 -147
 2 -146
 0 -145
 0 -144
 0 -143
 0 -142
 0 -141
 0 -140


