# Created by Octave 3.8.2, Sat Jun 20 16:34:01 2020 CEST <damian@fptrucha.inv.usc.es>
# name: hd
# type: matrix
# rows: 41
# columns: 2
 0 -180
 0 -179
 2 -178
 0 -177
 0 -176
 0 -175
 2 -174
 2 -173
 1 -172
 3 -171
 13 -170
 44 -169
 107 -168
 179 -167
 288 -166
 622 -165
 1540 -164
 2157 -163
 3223 -162
 3728 -161
 3758 -160
 3707 -159
 3117 -158
 3474 -157
 3478 -156
 3139 -155
 2150 -154
 937 -153
 451 -152
 105 -151
 21 -150
 6 -149
 0 -148
 1 -147
 0 -146
 1 -145
 0 -144
 0 -143
 0 -142
 0 -141
 0 -140


