# Created by Octave 3.8.2, Mon Jun 22 00:23:58 2020 CEST <damian@fptrucha.inv.usc.es>
# name: hd
# type: matrix
# rows: 41
# columns: 2
 0 -180
 0 -179
 0 -178
 2 -177
 1 -176
 1 -175
 0 -174
 0 -173
 1 -172
 7 -171
 9 -170
 46 -169
 121 -168
 149 -167
 234 -166
 566 -165
 1438 -164
 2120 -163
 3103 -162
 3606 -161
 3741 -160
 3622 -159
 3114 -158
 3410 -157
 3384 -156
 3251 -155
 2324 -154
 1048 -153
 503 -152
 98 -151
 29 -150
 7 -149
 0 -148
 0 -147
 1 -146
 0 -145
 0 -144
 0 -143
 0 -142
 0 -141
 0 -140


