# Created by Octave 3.8.2, Sat Jun 20 18:47:11 2020 CEST <damian@fptrucha.inv.usc.es>
# name: hd
# type: matrix
# rows: 41
# columns: 2
 0 -180
 0 -179
 0 -178
 0 -177
 0 -176
 0 -175
 2 -174
 0 -173
 2 -172
 5 -171
 10 -170
 40 -169
 67 -168
 126 -167
 150 -166
 380 -165
 1003 -164
 1390 -163
 2051 -162
 2398 -161
 2409 -160
 2390 -159
 2050 -158
 2246 -157
 2275 -156
 2048 -155
 1411 -154
 604 -153
 256 -152
 62 -151
 13 -150
 2 -149
 0 -148
 0 -147
 0 -146
 1 -145
 0 -144
 0 -143
 0 -142
 0 -141
 0 -140


