# Created by Octave 3.8.2, Sat Jun 20 04:46:39 2020 CEST <damian@fptrucha.inv.usc.es>
# name: hd
# type: matrix
# rows: 41
# columns: 2
 0 -180
 1 -179
 0 -178
 1 -177
 0 -176
 2 -175
 0 -174
 4 -173
 0 -172
 4 -171
 11 -170
 44 -169
 107 -168
 204 -167
 281 -166
 669 -165
 1738 -164
 2313 -163
 3457 -162
 3866 -161
 4086 -160
 3953 -159
 3373 -158
 3690 -157
 3784 -156
 3307 -155
 2285 -154
 1003 -153
 470 -152
 124 -151
 23 -150
 3 -149
 3 -148
 0 -147
 0 -146
 0 -145
 0 -144
 0 -143
 0 -142
 1 -141
 0 -140


