# Created by Octave 3.8.2, Sat Jun 20 17:02:20 2020 CEST <damian@fptrucha.inv.usc.es>
# name: hd
# type: matrix
# rows: 41
# columns: 2
 0 -180
 0 -179
 0 -178
 1 -177
 0 -176
 0 -175
 1 -174
 0 -173
 2 -172
 6 -171
 21 -170
 56 -169
 100 -168
 199 -167
 244 -166
 558 -165
 1422 -164
 2139 -163
 3165 -162
 3534 -161
 3775 -160
 3585 -159
 2926 -158
 3410 -157
 3364 -156
 3158 -155
 2176 -154
 1027 -153
 512 -152
 100 -151
 22 -150
 6 -149
 3 -148
 0 -147
 0 -146
 0 -145
 0 -144
 0 -143
 0 -142
 0 -141
 0 -140


