# Created by Octave 3.8.2, Mon Jun 22 08:56:52 2020 CEST <damian@fptrucha.inv.usc.es>
# name: hd
# type: matrix
# rows: 41
# columns: 2
 1 -180
 0 -179
 2 -178
 2 -177
 2 -176
 2 -175
 2 -174
 1 -173
 5 -172
 9 -171
 22 -170
 44 -169
 111 -168
 196 -167
 288 -166
 752 -165
 1526 -164
 2220 -163
 3186 -162
 3537 -161
 3632 -160
 3287 -159
 3069 -158
 3278 -157
 3256 -156
 2793 -155
 1724 -154
 874 -153
 388 -152
 65 -151
 15 -150
 3 -149
 3 -148
 2 -147
 0 -146
 0 -145
 0 -144
 2 -143
 0 -142
 0 -141
 0 -140


