# Created by Octave 3.8.2, Mon Jun 22 20:39:25 2020 CEST <damian@fptrucha.inv.usc.es>
# name: hd
# type: matrix
# rows: 41
# columns: 2
 1 -180
 0 -179
 1 -178
 0 -177
 0 -176
 0 -175
 0 -174
 3 -173
 6 -172
 14 -171
 19 -170
 60 -169
 117 -168
 219 -167
 374 -166
 785 -165
 1610 -164
 2409 -163
 3560 -162
 3847 -161
 3893 -160
 3408 -159
 3109 -158
 3627 -157
 3560 -156
 3257 -155
 1931 -154
 918 -153
 422 -152
 86 -151
 16 -150
 1 -149
 1 -148
 0 -147
 0 -146
 0 -145
 0 -144
 1 -143
 0 -142
 0 -141
 0 -140


