# Created by Octave 3.8.2, Sat Jun 20 15:16:08 2020 CEST <damian@fptrucha.inv.usc.es>
# name: hd
# type: matrix
# rows: 41
# columns: 2
 0 -180
 1 -179
 0 -178
 0 -177
 2 -176
 1 -175
 0 -174
 0 -173
 3 -172
 5 -171
 22 -170
 51 -169
 97 -168
 193 -167
 268 -166
 588 -165
 1438 -164
 2134 -163
 3186 -162
 3662 -161
 3808 -160
 3669 -159
 3077 -158
 3543 -157
 3511 -156
 3126 -155
 2267 -154
 1046 -153
 531 -152
 117 -151
 22 -150
 7 -149
 1 -148
 0 -147
 1 -146
 0 -145
 2 -144
 0 -143
 0 -142
 0 -141
 0 -140


