# Created by Octave 3.8.2, Sat Jun 20 09:33:08 2020 CEST <damian@fptrucha.inv.usc.es>
# name: hd
# type: matrix
# rows: 41
# columns: 2
 0 -180
 0 -179
 1 -178
 0 -177
 0 -176
 1 -175
 1 -174
 0 -173
 3 -172
 4 -171
 7 -170
 45 -169
 78 -168
 150 -167
 226 -166
 490 -165
 1152 -164
 1605 -163
 2320 -162
 2654 -161
 2816 -160
 2687 -159
 2228 -158
 2606 -157
 2645 -156
 2413 -155
 1558 -154
 700 -153
 335 -152
 79 -151
 24 -150
 1 -149
 0 -148
 0 -147
 0 -146
 0 -145
 0 -144
 0 -143
 0 -142
 0 -141
 0 -140


