# Created by Octave 3.8.2, Mon Jun 22 03:18:55 2020 CEST <damian@fptrucha.inv.usc.es>
# name: hd
# type: matrix
# rows: 41
# columns: 2
 0 -180
 1 -179
 0 -178
 2 -177
 0 -176
 0 -175
 1 -174
 3 -173
 4 -172
 4 -171
 21 -170
 59 -169
 113 -168
 204 -167
 302 -166
 703 -165
 1453 -164
 2072 -163
 3042 -162
 3392 -161
 3418 -160
 3099 -159
 2925 -158
 3306 -157
 3276 -156
 2819 -155
 1717 -154
 792 -153
 336 -152
 77 -151
 16 -150
 2 -149
 0 -148
 1 -147
 0 -146
 2 -145
 0 -144
 0 -143
 2 -142
 0 -141
 0 -140


