# Created by Octave 3.8.2, Mon Jun 22 04:41:39 2020 CEST <damian@fptrucha.inv.usc.es>
# name: hd
# type: matrix
# rows: 41
# columns: 2
 4 -180
 3 -179
 2 -178
 0 -177
 3 -176
 1 -175
 2 -174
 2 -173
 8 -172
 5 -171
 14 -170
 28 -169
 85 -168
 152 -167
 244 -166
 540 -165
 1188 -164
 1934 -163
 2949 -162
 3211 -161
 3304 -160
 2987 -159
 2899 -158
 3156 -157
 3055 -156
 2702 -155
 1806 -154
 942 -153
 442 -152
 93 -151
 22 -150
 5 -149
 1 -148
 1 -147
 1 -146
 0 -145
 0 -144
 0 -143
 0 -142
 0 -141
 0 -140


