# Created by Octave 3.8.2, Sun Jun 21 05:09:32 2020 CEST <damian@fptrucha.inv.usc.es>
# name: hd
# type: matrix
# rows: 41
# columns: 2
 0 -180
 0 -179
 0 -178
 0 -177
 0 -176
 0 -175
 2 -174
 0 -173
 3 -172
 6 -171
 17 -170
 55 -169
 84 -168
 150 -167
 260 -166
 567 -165
 1350 -164
 2014 -163
 3058 -162
 3487 -161
 3500 -160
 3585 -159
 3084 -158
 3390 -157
 3324 -156
 3108 -155
 2162 -154
 952 -153
 469 -152
 102 -151
 16 -150
 5 -149
 1 -148
 0 -147
 1 -146
 0 -145
 0 -144
 0 -143
 0 -142
 0 -141
 0 -140


