# Created by Octave 3.8.2, Mon Jun 22 15:15:02 2020 CEST <damian@fptrucha.inv.usc.es>
# name: hd
# type: matrix
# rows: 41
# columns: 2
 1 -180
 0 -179
 0 -178
 0 -177
 0 -176
 2 -175
 2 -174
 2 -173
 4 -172
 9 -171
 25 -170
 48 -169
 118 -168
 228 -167
 339 -166
 771 -165
 1514 -164
 2353 -163
 3465 -162
 3765 -161
 3801 -160
 3382 -159
 3151 -158
 3478 -157
 3651 -156
 3116 -155
 1938 -154
 922 -153
 393 -152
 96 -151
 20 -150
 2 -149
 3 -148
 1 -147
 0 -146
 1 -145
 0 -144
 0 -143
 1 -142
 1 -141
 0 -140


