# Created by Octave 3.8.2, Sat Jun 20 02:17:55 2020 CEST <damian@fptrucha.inv.usc.es>
# name: hd
# type: matrix
# rows: 41
# columns: 2
 0 -180
 2 -179
 0 -178
 0 -177
 0 -176
 0 -175
 2 -174
 3 -173
 3 -172
 7 -171
 18 -170
 51 -169
 103 -168
 182 -167
 271 -166
 637 -165
 1570 -164
 2260 -163
 3404 -162
 3884 -161
 3996 -160
 3938 -159
 3400 -158
 3569 -157
 3724 -156
 3380 -155
 2266 -154
 1059 -153
 494 -152
 117 -151
 20 -150
 9 -149
 0 -148
 0 -147
 1 -146
 0 -145
 0 -144
 0 -143
 0 -142
 0 -141
 0 -140


