# Created by Octave 3.8.2, Mon Jun 22 04:54:47 2020 CEST <damian@fptrucha.inv.usc.es>
# name: hd
# type: matrix
# rows: 41
# columns: 2
 1 -180
 0 -179
 0 -178
 0 -177
 1 -176
 0 -175
 0 -174
 0 -173
 2 -172
 4 -171
 19 -170
 44 -169
 99 -168
 170 -167
 255 -166
 605 -165
 1278 -164
 1964 -163
 2861 -162
 3316 -161
 3398 -160
 2953 -159
 2782 -158
 3160 -157
 3129 -156
 2793 -155
 1808 -154
 931 -153
 467 -152
 106 -151
 20 -150
 8 -149
 1 -148
 1 -147
 0 -146
 0 -145
 0 -144
 0 -143
 0 -142
 0 -141
 0 -140


