# Created by Octave 3.8.2, Sat Jun 20 05:55:13 2020 CEST <damian@fptrucha.inv.usc.es>
# name: hd
# type: matrix
# rows: 41
# columns: 2
 0 -180
 0 -179
 0 -178
 1 -177
 0 -176
 1 -175
 2 -174
 1 -173
 3 -172
 7 -171
 25 -170
 51 -169
 118 -168
 211 -167
 317 -166
 723 -165
 1725 -164
 2409 -163
 3497 -162
 4002 -161
 4165 -160
 4110 -159
 3473 -158
 3946 -157
 3955 -156
 3438 -155
 2420 -154
 1049 -153
 499 -152
 106 -151
 22 -150
 3 -149
 1 -148
 1 -147
 1 -146
 1 -145
 0 -144
 0 -143
 0 -142
 0 -141
 0 -140


