# Created by Octave 3.8.2, Sat Jun 20 16:26:39 2020 CEST <damian@fptrucha.inv.usc.es>
# name: hd
# type: matrix
# rows: 41
# columns: 2
 0 -180
 1 -179
 0 -178
 2 -177
 0 -176
 1 -175
 2 -174
 0 -173
 3 -172
 4 -171
 14 -170
 55 -169
 99 -168
 184 -167
 269 -166
 627 -165
 1543 -164
 2121 -163
 3255 -162
 3637 -161
 3801 -160
 3700 -159
 3134 -158
 3453 -157
 3482 -156
 3285 -155
 2194 -154
 961 -153
 456 -152
 118 -151
 21 -150
 7 -149
 0 -148
 1 -147
 1 -146
 0 -145
 0 -144
 0 -143
 0 -142
 0 -141
 0 -140


