# Created by Octave 3.8.2, Sat Jun 20 07:57:39 2020 CEST <damian@fptrucha.inv.usc.es>
# name: hd
# type: matrix
# rows: 41
# columns: 2
 0 -180
 0 -179
 1 -178
 0 -177
 0 -176
 3 -175
 0 -174
 2 -173
 3 -172
 5 -171
 18 -170
 55 -169
 120 -168
 221 -167
 310 -166
 729 -165
 1776 -164
 2272 -163
 3531 -162
 4113 -161
 4275 -160
 4179 -159
 3398 -158
 3957 -157
 3927 -156
 3472 -155
 2393 -154
 1089 -153
 504 -152
 123 -151
 19 -150
 3 -149
 3 -148
 1 -147
 0 -146
 0 -145
 1 -144
 0 -143
 0 -142
 0 -141
 0 -140


