# Created by Octave 3.8.2, Sat Jun 20 14:40:16 2020 CEST <damian@fptrucha.inv.usc.es>
# name: hd
# type: matrix
# rows: 41
# columns: 2
 1 -180
 0 -179
 0 -178
 0 -177
 1 -176
 0 -175
 0 -174
 1 -173
 1 -172
 3 -171
 7 -170
 58 -169
 104 -168
 201 -167
 293 -166
 611 -165
 1552 -164
 2207 -163
 3197 -162
 3682 -161
 3782 -160
 3856 -159
 3141 -158
 3507 -157
 3443 -156
 3266 -155
 2239 -154
 976 -153
 484 -152
 99 -151
 14 -150
 9 -149
 1 -148
 1 -147
 0 -146
 1 -145
 0 -144
 0 -143
 0 -142
 0 -141
 0 -140


