# Created by Octave 3.8.2, Mon Jun 22 15:20:14 2020 CEST <damian@fptrucha.inv.usc.es>
# name: hd
# type: matrix
# rows: 41
# columns: 2
 1 -180
 1 -179
 0 -178
 0 -177
 0 -176
 1 -175
 1 -174
 1 -173
 0 -172
 4 -171
 24 -170
 48 -169
 118 -168
 208 -167
 344 -166
 781 -165
 1621 -164
 2393 -163
 3459 -162
 3749 -161
 3826 -160
 3423 -159
 3309 -158
 3720 -157
 3529 -156
 3148 -155
 1955 -154
 898 -153
 366 -152
 69 -151
 25 -150
 7 -149
 0 -148
 3 -147
 0 -146
 1 -145
 1 -144
 0 -143
 0 -142
 0 -141
 0 -140


