# Created by Octave 3.8.2, Sun Jun 21 05:46:42 2020 CEST <damian@fptrucha.inv.usc.es>
# name: hd
# type: matrix
# rows: 41
# columns: 2
 1 -180
 0 -179
 2 -178
 0 -177
 0 -176
 1 -175
 1 -174
 0 -173
 1 -172
 7 -171
 16 -170
 55 -169
 111 -168
 151 -167
 275 -166
 612 -165
 1468 -164
 2027 -163
 3092 -162
 3576 -161
 3727 -160
 3516 -159
 3023 -158
 3266 -157
 3303 -156
 3060 -155
 2090 -154
 885 -153
 444 -152
 105 -151
 18 -150
 5 -149
 2 -148
 1 -147
 0 -146
 0 -145
 0 -144
 0 -143
 0 -142
 0 -141
 0 -140


