# Created by Octave 3.8.2, Mon Jun 22 14:24:35 2020 CEST <damian@fptrucha.inv.usc.es>
# name: hd
# type: matrix
# rows: 41
# columns: 2
 2 -180
 1 -179
 1 -178
 1 -177
 1 -176
 1 -175
 3 -174
 3 -173
 5 -172
 12 -171
 28 -170
 71 -169
 120 -168
 225 -167
 295 -166
 751 -165
 1498 -164
 2419 -163
 3510 -162
 3741 -161
 3811 -160
 3175 -159
 3224 -158
 3492 -157
 3379 -156
 3019 -155
 1725 -154
 887 -153
 356 -152
 59 -151
 10 -150
 3 -149
 1 -148
 1 -147
 0 -146
 0 -145
 0 -144
 0 -143
 0 -142
 0 -141
 0 -140


