# Created by Octave 3.8.2, Mon Jun 22 23:11:34 2020 CEST <damian@fptrucha.inv.usc.es>
# name: hd
# type: matrix
# rows: 41
# columns: 2
 1 -180
 0 -179
 0 -178
 0 -177
 0 -176
 2 -175
 3 -174
 1 -173
 2 -172
 7 -171
 16 -170
 67 -169
 71 -168
 172 -167
 245 -166
 537 -165
 1310 -164
 1832 -163
 2674 -162
 3015 -161
 3121 -160
 3029 -159
 2459 -158
 2798 -157
 2790 -156
 2560 -155
 1717 -154
 737 -153
 362 -152
 70 -151
 22 -150
 4 -149
 1 -148
 0 -147
 0 -146
 0 -145
 0 -144
 0 -143
 1 -142
 0 -141
 0 -140


