# Created by Octave 3.8.2, Sat Jun 20 12:21:52 2020 CEST <damian@fptrucha.inv.usc.es>
# name: hd
# type: matrix
# rows: 41
# columns: 2
 1 -180
 1 -179
 0 -178
 0 -177
 0 -176
 0 -175
 3 -174
 0 -173
 6 -172
 7 -171
 18 -170
 44 -169
 116 -168
 209 -167
 328 -166
 679 -165
 1652 -164
 2243 -163
 3469 -162
 3927 -161
 3990 -160
 3976 -159
 3303 -158
 3823 -157
 3781 -156
 3344 -155
 2381 -154
 993 -153
 480 -152
 116 -151
 29 -150
 8 -149
 2 -148
 1 -147
 0 -146
 0 -145
 0 -144
 0 -143
 0 -142
 0 -141
 0 -140


