# Created by Octave 3.8.2, Mon Jun 22 09:19:15 2020 CEST <damian@fptrucha.inv.usc.es>
# name: hd
# type: matrix
# rows: 41
# columns: 2
 0 -180
 5 -179
 0 -178
 2 -177
 1 -176
 2 -175
 2 -174
 2 -173
 4 -172
 14 -171
 13 -170
 53 -169
 113 -168
 226 -167
 377 -166
 754 -165
 1533 -164
 2215 -163
 3277 -162
 3597 -161
 3710 -160
 3288 -159
 3044 -158
 3410 -157
 3320 -156
 2897 -155
 1789 -154
 796 -153
 327 -152
 69 -151
 7 -150
 1 -149
 1 -148
 0 -147
 1 -146
 0 -145
 0 -144
 0 -143
 0 -142
 0 -141
 0 -140


