# Created by Octave 3.8.2, Sat Jun 20 09:34:33 2020 CEST <damian@fptrucha.inv.usc.es>
# name: hd
# type: matrix
# rows: 41
# columns: 2
 1 -180
 0 -179
 0 -178
 2 -177
 0 -176
 1 -175
 0 -174
 4 -173
 2 -172
 8 -171
 23 -170
 56 -169
 148 -168
 234 -167
 338 -166
 721 -165
 1808 -164
 2494 -163
 3549 -162
 4097 -161
 4259 -160
 4094 -159
 3478 -158
 3963 -157
 3787 -156
 3471 -155
 2436 -154
 1073 -153
 468 -152
 121 -151
 29 -150
 1 -149
 0 -148
 1 -147
 0 -146
 0 -145
 0 -144
 1 -143
 0 -142
 0 -141
 0 -140


