# Created by Octave 3.8.2, Mon Jun 22 04:25:14 2020 CEST <damian@fptrucha.inv.usc.es>
# name: hd
# type: matrix
# rows: 41
# columns: 2
 2 -180
 2 -179
 1 -178
 2 -177
 0 -176
 2 -175
 3 -174
 1 -173
 5 -172
 12 -171
 12 -170
 32 -169
 86 -168
 164 -167
 268 -166
 604 -165
 1255 -164
 1895 -163
 2946 -162
 3184 -161
 3382 -160
 3041 -159
 2883 -158
 3219 -157
 3116 -156
 2861 -155
 1721 -154
 936 -153
 421 -152
 78 -151
 22 -150
 3 -149
 2 -148
 1 -147
 0 -146
 1 -145
 0 -144
 0 -143
 0 -142
 0 -141
 0 -140


