# Created by Octave 3.8.2, Sat Jun 20 18:07:43 2020 CEST <damian@fptrucha.inv.usc.es>
# name: hd
# type: matrix
# rows: 41
# columns: 2
 0 -180
 2 -179
 0 -178
 2 -177
 0 -176
 1 -175
 0 -174
 3 -173
 2 -172
 8 -171
 16 -170
 39 -169
 98 -168
 193 -167
 283 -166
 581 -165
 1532 -164
 2061 -163
 3121 -162
 3560 -161
 3693 -160
 3696 -159
 3055 -158
 3414 -157
 3440 -156
 3122 -155
 2076 -154
 959 -153
 442 -152
 99 -151
 18 -150
 4 -149
 1 -148
 1 -147
 1 -146
 0 -145
 0 -144
 0 -143
 0 -142
 0 -141
 0 -140


