# Created by Octave 3.8.2, Sun Jun 21 06:16:33 2020 CEST <damian@fptrucha.inv.usc.es>
# name: hd
# type: matrix
# rows: 41
# columns: 2
 2 -180
 0 -179
 0 -178
 0 -177
 0 -176
 0 -175
 0 -174
 1 -173
 2 -172
 7 -171
 17 -170
 45 -169
 90 -168
 177 -167
 249 -166
 507 -165
 1387 -164
 2069 -163
 3136 -162
 3445 -161
 3597 -160
 3549 -159
 2975 -158
 3416 -157
 3386 -156
 3025 -155
 2162 -154
 945 -153
 482 -152
 96 -151
 20 -150
 0 -149
 2 -148
 0 -147
 0 -146
 1 -145
 0 -144
 0 -143
 0 -142
 0 -141
 0 -140


