# Created by Octave 3.8.2, Sat Jun 20 17:48:30 2020 CEST <damian@fptrucha.inv.usc.es>
# name: hd
# type: matrix
# rows: 41
# columns: 2
 1 -180
 0 -179
 0 -178
 1 -177
 0 -176
 1 -175
 3 -174
 1 -173
 3 -172
 5 -171
 14 -170
 59 -169
 104 -168
 179 -167
 286 -166
 600 -165
 1518 -164
 2139 -163
 3106 -162
 3484 -161
 3811 -160
 3637 -159
 3093 -158
 3381 -157
 3469 -156
 3207 -155
 2162 -154
 958 -153
 514 -152
 96 -151
 19 -150
 6 -149
 2 -148
 2 -147
 0 -146
 0 -145
 0 -144
 1 -143
 0 -142
 0 -141
 0 -140


