# Created by Octave 3.8.2, Sat Jun 20 11:16:28 2020 CEST <damian@fptrucha.inv.usc.es>
# name: hd
# type: matrix
# rows: 41
# columns: 2
 2 -180
 1 -179
 1 -178
 0 -177
 0 -176
 1 -175
 2 -174
 4 -173
 3 -172
 7 -171
 16 -170
 56 -169
 118 -168
 257 -167
 306 -166
 762 -165
 1669 -164
 2404 -163
 3389 -162
 3938 -161
 4132 -160
 4017 -159
 3302 -158
 3772 -157
 3785 -156
 3375 -155
 2287 -154
 1005 -153
 506 -152
 109 -151
 23 -150
 9 -149
 0 -148
 0 -147
 2 -146
 0 -145
 0 -144
 0 -143
 0 -142
 0 -141
 0 -140


