# Created by Octave 3.8.2, Mon Jun 22 22:39:07 2020 CEST <damian@fptrucha.inv.usc.es>
# name: hd
# type: matrix
# rows: 41
# columns: 2
 2 -180
 0 -179
 0 -178
 0 -177
 0 -176
 0 -175
 1 -174
 1 -173
 5 -172
 3 -171
 21 -170
 63 -169
 102 -168
 215 -167
 295 -166
 681 -165
 1620 -164
 2298 -163
 3370 -162
 3788 -161
 4001 -160
 3894 -159
 3138 -158
 3739 -157
 3566 -156
 3376 -155
 2307 -154
 1034 -153
 472 -152
 90 -151
 21 -150
 1 -149
 3 -148
 3 -147
 2 -146
 1 -145
 0 -144
 1 -143
 0 -142
 0 -141
 0 -140


