# Created by Octave 3.8.2, Mon Jun 22 06:03:14 2020 CEST <damian@fptrucha.inv.usc.es>
# name: hd
# type: matrix
# rows: 41
# columns: 2
 1 -180
 0 -179
 2 -178
 1 -177
 1 -176
 3 -175
 1 -174
 0 -173
 1 -172
 5 -171
 24 -170
 68 -169
 113 -168
 215 -167
 305 -166
 759 -165
 1539 -164
 2199 -163
 3090 -162
 3449 -161
 3453 -160
 3110 -159
 2908 -158
 3255 -157
 3190 -156
 2814 -155
 1670 -154
 766 -153
 304 -152
 72 -151
 15 -150
 2 -149
 0 -148
 0 -147
 0 -146
 1 -145
 1 -144
 0 -143
 1 -142
 1 -141
 0 -140


