# Created by Octave 3.8.2, Sat Jun 20 03:03:24 2020 CEST <damian@fptrucha.inv.usc.es>
# name: hd
# type: matrix
# rows: 41
# columns: 2
 0 -180
 0 -179
 2 -178
 0 -177
 0 -176
 2 -175
 1 -174
 2 -173
 1 -172
 7 -171
 21 -170
 47 -169
 108 -168
 196 -167
 235 -166
 649 -165
 1653 -164
 2382 -163
 3350 -162
 3844 -161
 3953 -160
 3886 -159
 3345 -158
 3767 -157
 3751 -156
 3354 -155
 2306 -154
 1058 -153
 498 -152
 96 -151
 26 -150
 7 -149
 0 -148
 1 -147
 1 -146
 0 -145
 0 -144
 0 -143
 0 -142
 0 -141
 0 -140


