# Created by Octave 3.8.2, Mon Jun 22 17:39:40 2020 CEST <damian@fptrucha.inv.usc.es>
# name: hd
# type: matrix
# rows: 41
# columns: 2
 0 -180
 1 -179
 0 -178
 0 -177
 1 -176
 1 -175
 2 -174
 4 -173
 3 -172
 7 -171
 27 -170
 57 -169
 145 -168
 219 -167
 375 -166
 769 -165
 1568 -164
 2485 -163
 3549 -162
 3905 -161
 3907 -160
 3286 -159
 3254 -158
 3610 -157
 3641 -156
 3145 -155
 1850 -154
 998 -153
 350 -152
 78 -151
 14 -150
 4 -149
 2 -148
 1 -147
 1 -146
 0 -145
 0 -144
 0 -143
 0 -142
 0 -141
 0 -140


