# Created by Octave 3.8.2, Sat Jun 20 13:45:18 2020 CEST <damian@fptrucha.inv.usc.es>
# name: hd
# type: matrix
# rows: 41
# columns: 2
 1 -180
 0 -179
 0 -178
 0 -177
 1 -176
 4 -175
 2 -174
 1 -173
 3 -172
 7 -171
 14 -170
 62 -169
 101 -168
 199 -167
 268 -166
 689 -165
 1582 -164
 2230 -163
 3353 -162
 3864 -161
 3964 -160
 3807 -159
 3346 -158
 3579 -157
 3502 -156
 3341 -155
 2234 -154
 1007 -153
 516 -152
 89 -151
 28 -150
 6 -149
 2 -148
 0 -147
 0 -146
 0 -145
 0 -144
 0 -143
 0 -142
 0 -141
 0 -140


