# Created by Octave 3.8.2, Sun Jun 21 04:20:02 2020 CEST <damian@fptrucha.inv.usc.es>
# name: hd
# type: matrix
# rows: 41
# columns: 2
 0 -180
 0 -179
 0 -178
 2 -177
 0 -176
 0 -175
 1 -174
 1 -173
 3 -172
 4 -171
 8 -170
 53 -169
 91 -168
 172 -167
 256 -166
 562 -165
 1431 -164
 2047 -163
 3086 -162
 3451 -161
 3653 -160
 3539 -159
 2958 -158
 3352 -157
 3318 -156
 3007 -155
 2098 -154
 887 -153
 487 -152
 109 -151
 24 -150
 2 -149
 1 -148
 0 -147
 1 -146
 0 -145
 0 -144
 0 -143
 1 -142
 0 -141
 0 -140


