# Created by Octave 3.8.2, Sat Jun 20 15:01:25 2020 CEST <damian@fptrucha.inv.usc.es>
# name: hd
# type: matrix
# rows: 41
# columns: 2
 1 -180
 0 -179
 1 -178
 0 -177
 0 -176
 0 -175
 1 -174
 1 -173
 2 -172
 7 -171
 13 -170
 50 -169
 112 -168
 186 -167
 254 -166
 585 -165
 1517 -164
 2119 -163
 3274 -162
 3676 -161
 3762 -160
 3721 -159
 3149 -158
 3672 -157
 3544 -156
 3271 -155
 2360 -154
 959 -153
 504 -152
 120 -151
 22 -150
 4 -149
 1 -148
 1 -147
 0 -146
 0 -145
 0 -144
 0 -143
 0 -142
 0 -141
 0 -140


