# Created by Octave 3.8.2, Mon Jun 22 07:41:18 2020 CEST <damian@fptrucha.inv.usc.es>
# name: hd
# type: matrix
# rows: 41
# columns: 2
 0 -180
 0 -179
 0 -178
 1 -177
 4 -176
 1 -175
 1 -174
 1 -173
 6 -172
 7 -171
 18 -170
 48 -169
 119 -168
 200 -167
 299 -166
 766 -165
 1570 -164
 2233 -163
 3145 -162
 3504 -161
 3583 -160
 3159 -159
 3026 -158
 3342 -157
 3219 -156
 2778 -155
 1705 -154
 801 -153
 331 -152
 61 -151
 11 -150
 2 -149
 1 -148
 1 -147
 2 -146
 1 -145
 0 -144
 2 -143
 0 -142
 0 -141
 0 -140


