# Created by Octave 3.8.2, Mon Jun 22 22:31:56 2020 CEST <damian@fptrucha.inv.usc.es>
# name: hd
# type: matrix
# rows: 41
# columns: 2
 0 -180
 1 -179
 0 -178
 0 -177
 0 -176
 2 -175
 1 -174
 4 -173
 3 -172
 7 -171
 14 -170
 57 -169
 121 -168
 177 -167
 340 -166
 696 -165
 1585 -164
 2369 -163
 3411 -162
 3952 -161
 3908 -160
 3935 -159
 3307 -158
 3676 -157
 3613 -156
 3301 -155
 2362 -154
 1012 -153
 439 -152
 106 -151
 30 -150
 0 -149
 2 -148
 0 -147
 0 -146
 0 -145
 2 -144
 1 -143
 0 -142
 0 -141
 0 -140


