# Created by Octave 3.8.2, Mon Jun 22 18:57:33 2020 CEST <damian@fptrucha.inv.usc.es>
# name: hd
# type: matrix
# rows: 41
# columns: 2
 0 -180
 2 -179
 3 -178
 0 -177
 1 -176
 1 -175
 1 -174
 3 -173
 1 -172
 3 -171
 17 -170
 49 -169
 114 -168
 219 -167
 319 -166
 779 -165
 1534 -164
 2424 -163
 3418 -162
 3889 -161
 3910 -160
 3501 -159
 3164 -158
 3602 -157
 3685 -156
 3108 -155
 1904 -154
 958 -153
 364 -152
 71 -151
 19 -150
 6 -149
 0 -148
 0 -147
 0 -146
 1 -145
 0 -144
 1 -143
 0 -142
 0 -141
 0 -140


