# Created by Octave 3.8.2, Sat Jun 20 14:16:29 2020 CEST <damian@fptrucha.inv.usc.es>
# name: hd
# type: matrix
# rows: 41
# columns: 2
 1 -180
 0 -179
 0 -178
 3 -177
 1 -176
 0 -175
 1 -174
 2 -173
 3 -172
 4 -171
 18 -170
 59 -169
 112 -168
 228 -167
 308 -166
 726 -165
 1619 -164
 2191 -163
 3336 -162
 3739 -161
 3968 -160
 3846 -159
 3149 -158
 3554 -157
 3647 -156
 3236 -155
 2304 -154
 1016 -153
 479 -152
 125 -151
 23 -150
 9 -149
 1 -148
 1 -147
 0 -146
 0 -145
 0 -144
 0 -143
 0 -142
 0 -141
 0 -140


