# Created by Octave 3.8.2, Mon Jun 22 12:07:46 2020 CEST <damian@fptrucha.inv.usc.es>
# name: hd
# type: matrix
# rows: 41
# columns: 2
 0 -180
 1 -179
 2 -178
 2 -177
 1 -176
 2 -175
 1 -174
 3 -173
 2 -172
 6 -171
 16 -170
 48 -169
 104 -168
 204 -167
 296 -166
 734 -165
 1599 -164
 2329 -163
 3374 -162
 3546 -161
 3786 -160
 3250 -159
 3106 -158
 3585 -157
 3475 -156
 2988 -155
 1654 -154
 888 -153
 310 -152
 68 -151
 16 -150
 3 -149
 1 -148
 3 -147
 1 -146
 0 -145
 0 -144
 1 -143
 1 -142
 0 -141
 0 -140


