# Created by Octave 3.8.2, Sun Jun 21 05:51:12 2020 CEST <damian@fptrucha.inv.usc.es>
# name: hd
# type: matrix
# rows: 41
# columns: 2
 0 -180
 1 -179
 0 -178
 0 -177
 1 -176
 1 -175
 1 -174
 4 -173
 4 -172
 2 -171
 16 -170
 44 -169
 92 -168
 171 -167
 241 -166
 578 -165
 1449 -164
 2036 -163
 2970 -162
 3450 -161
 3677 -160
 3643 -159
 2965 -158
 3433 -157
 3424 -156
 3127 -155
 2126 -154
 967 -153
 446 -152
 101 -151
 15 -150
 9 -149
 1 -148
 1 -147
 0 -146
 0 -145
 0 -144
 0 -143
 0 -142
 0 -141
 0 -140


