# Created by Octave 3.8.2, Mon Jun 22 20:23:33 2020 CEST <damian@fptrucha.inv.usc.es>
# name: hd
# type: matrix
# rows: 41
# columns: 2
 1 -180
 1 -179
 0 -178
 0 -177
 2 -176
 4 -175
 0 -174
 2 -173
 5 -172
 8 -171
 18 -170
 54 -169
 134 -168
 225 -167
 298 -166
 747 -165
 1562 -164
 2537 -163
 3552 -162
 3786 -161
 3893 -160
 3652 -159
 3120 -158
 3708 -157
 3526 -156
 3223 -155
 1955 -154
 975 -153
 369 -152
 77 -151
 17 -150
 5 -149
 1 -148
 1 -147
 0 -146
 0 -145
 0 -144
 3 -143
 0 -142
 0 -141
 0 -140


