# Created by Octave 3.8.2, Mon Jun 22 00:57:37 2020 CEST <damian@fptrucha.inv.usc.es>
# name: hd
# type: matrix
# rows: 41
# columns: 2
 0 -180
 0 -179
 0 -178
 1 -177
 0 -176
 0 -175
 1 -174
 3 -173
 1 -172
 2 -171
 18 -170
 56 -169
 105 -168
 176 -167
 255 -166
 564 -165
 1491 -164
 2189 -163
 3198 -162
 3632 -161
 3741 -160
 3631 -159
 3179 -158
 3631 -157
 3503 -156
 3180 -155
 2304 -154
 1010 -153
 478 -152
 110 -151
 25 -150
 1 -149
 0 -148
 0 -147
 0 -146
 0 -145
 0 -144
 0 -143
 0 -142
 1 -141
 0 -140


