# Created by Octave 3.8.2, Sun Jun 21 01:50:29 2020 CEST <damian@fptrucha.inv.usc.es>
# name: hd
# type: matrix
# rows: 41
# columns: 2
 0 -180
 0 -179
 0 -178
 1 -177
 1 -176
 0 -175
 2 -174
 0 -173
 5 -172
 4 -171
 15 -170
 46 -169
 92 -168
 183 -167
 250 -166
 577 -165
 1433 -164
 2022 -163
 3151 -162
 3421 -161
 3560 -160
 3525 -159
 3036 -158
 3343 -157
 3313 -156
 3061 -155
 2112 -154
 900 -153
 494 -152
 101 -151
 21 -150
 7 -149
 0 -148
 1 -147
 1 -146
 0 -145
 0 -144
 0 -143
 0 -142
 0 -141
 0 -140


