# Created by Octave 3.8.2, Mon Jun 22 14:13:13 2020 CEST <damian@fptrucha.inv.usc.es>
# name: hd
# type: matrix
# rows: 41
# columns: 2
 0 -180
 0 -179
 1 -178
 1 -177
 0 -176
 3 -175
 0 -174
 3 -173
 3 -172
 7 -171
 22 -170
 60 -169
 129 -168
 199 -167
 343 -166
 814 -165
 1516 -164
 2542 -163
 3385 -162
 3692 -161
 3691 -160
 3176 -159
 3252 -158
 3527 -157
 3374 -156
 2849 -155
 1741 -154
 901 -153
 355 -152
 62 -151
 19 -150
 3 -149
 1 -148
 3 -147
 0 -146
 1 -145
 0 -144
 2 -143
 0 -142
 1 -141
 0 -140


