# Created by Octave 3.8.2, Sat Jun 20 21:39:56 2020 CEST <damian@fptrucha.inv.usc.es>
# name: hd
# type: matrix
# rows: 41
# columns: 2
 0 -180
 0 -179
 0 -178
 0 -177
 0 -176
 2 -175
 0 -174
 1 -173
 4 -172
 9 -171
 18 -170
 39 -169
 89 -168
 180 -167
 251 -166
 581 -165
 1397 -164
 2128 -163
 3031 -162
 3468 -161
 3531 -160
 3598 -159
 2937 -158
 3311 -157
 3430 -156
 3141 -155
 2173 -154
 968 -153
 518 -152
 107 -151
 22 -150
 6 -149
 0 -148
 1 -147
 0 -146
 1 -145
 0 -144
 0 -143
 1 -142
 0 -141
 0 -140


