# Created by Octave 3.8.2, Mon Jun 22 10:41:07 2020 CEST <damian@fptrucha.inv.usc.es>
# name: hd
# type: matrix
# rows: 41
# columns: 2
 1 -180
 2 -179
 2 -178
 3 -177
 0 -176
 2 -175
 1 -174
 3 -173
 3 -172
 7 -171
 21 -170
 55 -169
 124 -168
 202 -167
 317 -166
 722 -165
 1645 -164
 2317 -163
 3273 -162
 3608 -161
 3720 -160
 3485 -159
 3071 -158
 3492 -157
 3425 -156
 3000 -155
 1865 -154
 856 -153
 372 -152
 68 -151
 15 -150
 2 -149
 1 -148
 0 -147
 0 -146
 1 -145
 0 -144
 0 -143
 1 -142
 0 -141
 0 -140


