# Created by Octave 3.8.2, Mon Jun 22 23:50:20 2020 CEST <damian@fptrucha.inv.usc.es>
# name: hd
# type: matrix
# rows: 41
# columns: 2
 0 -180
 2 -179
 1 -178
 1 -177
 0 -176
 0 -175
 0 -174
 2 -173
 1 -172
 11 -171
 14 -170
 51 -169
 113 -168
 208 -167
 314 -166
 646 -165
 1728 -164
 2397 -163
 3390 -162
 3890 -161
 3970 -160
 3876 -159
 3125 -158
 3702 -157
 3766 -156
 3230 -155
 2338 -154
 988 -153
 435 -152
 91 -151
 15 -150
 2 -149
 1 -148
 0 -147
 1 -146
 0 -145
 0 -144
 0 -143
 1 -142
 0 -141
 0 -140


