# Created by Octave 3.8.2, Sat Jun 20 23:18:18 2020 CEST <damian@fptrucha.inv.usc.es>
# name: hd
# type: matrix
# rows: 41
# columns: 2
 1 -180
 1 -179
 1 -178
 0 -177
 1 -176
 0 -175
 3 -174
 1 -173
 1 -172
 3 -171
 17 -170
 47 -169
 100 -168
 173 -167
 254 -166
 526 -165
 1341 -164
 1929 -163
 3035 -162
 3468 -161
 3506 -160
 3535 -159
 3022 -158
 3336 -157
 3420 -156
 3064 -155
 2159 -154
 851 -153
 469 -152
 104 -151
 18 -150
 5 -149
 2 -148
 1 -147
 2 -146
 0 -145
 0 -144
 0 -143
 0 -142
 0 -141
 0 -140


