# Created by Octave 3.8.2, Mon Jun 22 19:41:31 2020 CEST <damian@fptrucha.inv.usc.es>
# name: hd
# type: matrix
# rows: 41
# columns: 2
 0 -180
 1 -179
 1 -178
 1 -177
 0 -176
 2 -175
 1 -174
 0 -173
 5 -172
 4 -171
 25 -170
 62 -169
 127 -168
 200 -167
 306 -166
 803 -165
 1538 -164
 2467 -163
 3564 -162
 3871 -161
 3967 -160
 3529 -159
 3178 -158
 3727 -157
 3661 -156
 3291 -155
 2004 -154
 980 -153
 398 -152
 88 -151
 13 -150
 4 -149
 2 -148
 0 -147
 1 -146
 0 -145
 1 -144
 0 -143
 0 -142
 0 -141
 0 -140


