# Created by Octave 3.8.2, Sun Jun 21 05:54:29 2020 CEST <damian@fptrucha.inv.usc.es>
# name: hd
# type: matrix
# rows: 41
# columns: 2
 0 -180
 0 -179
 0 -178
 0 -177
 1 -176
 1 -175
 2 -174
 0 -173
 3 -172
 3 -171
 16 -170
 64 -169
 94 -168
 176 -167
 266 -166
 570 -165
 1452 -164
 2086 -163
 3152 -162
 3533 -161
 3530 -160
 3546 -159
 3016 -158
 3401 -157
 3446 -156
 3092 -155
 2182 -154
 989 -153
 479 -152
 108 -151
 16 -150
 5 -149
 3 -148
 0 -147
 1 -146
 0 -145
 0 -144
 0 -143
 0 -142
 0 -141
 0 -140


