# Created by Octave 3.8.2, Mon Jun 22 02:55:40 2020 CEST <damian@fptrucha.inv.usc.es>
# name: hd
# type: matrix
# rows: 41
# columns: 2
 1 -180
 1 -179
 2 -178
 0 -177
 1 -176
 1 -175
 2 -174
 1 -173
 1 -172
 5 -171
 23 -170
 63 -169
 129 -168
 213 -167
 365 -166
 742 -165
 1453 -164
 2091 -163
 3038 -162
 3416 -161
 3379 -160
 3149 -159
 2932 -158
 3277 -157
 3175 -156
 2840 -155
 1704 -154
 756 -153
 346 -152
 58 -151
 21 -150
 6 -149
 2 -148
 2 -147
 0 -146
 1 -145
 0 -144
 1 -143
 0 -142
 0 -141
 0 -140


