# Created by Octave 3.8.2, Mon Jun 22 00:39:57 2020 CEST <damian@fptrucha.inv.usc.es>
# name: hd
# type: matrix
# rows: 41
# columns: 2
 0 -180
 0 -179
 4 -178
 0 -177
 1 -176
 0 -175
 1 -174
 0 -173
 1 -172
 9 -171
 12 -170
 41 -169
 87 -168
 184 -167
 254 -166
 547 -165
 1422 -164
 2067 -163
 3042 -162
 3537 -161
 3585 -160
 3623 -159
 2984 -158
 3492 -157
 3347 -156
 3168 -155
 2298 -154
 949 -153
 488 -152
 125 -151
 26 -150
 3 -149
 0 -148
 1 -147
 0 -146
 0 -145
 1 -144
 0 -143
 0 -142
 0 -141
 0 -140


