# Created by Octave 3.8.2, Mon Jun 22 04:22:48 2020 CEST <damian@fptrucha.inv.usc.es>
# name: hd
# type: matrix
# rows: 41
# columns: 2
 2 -180
 0 -179
 2 -178
 1 -177
 0 -176
 1 -175
 2 -174
 1 -173
 4 -172
 6 -171
 18 -170
 41 -169
 96 -168
 158 -167
 260 -166
 615 -165
 1324 -164
 1990 -163
 2936 -162
 3295 -161
 3291 -160
 3035 -159
 2869 -158
 3173 -157
 3122 -156
 2797 -155
 1824 -154
 884 -153
 416 -152
 77 -151
 17 -150
 4 -149
 0 -148
 0 -147
 0 -146
 0 -145
 0 -144
 0 -143
 0 -142
 0 -141
 0 -140


