# Created by Octave 3.8.2, Mon Jun 22 08:14:17 2020 CEST <damian@fptrucha.inv.usc.es>
# name: hd
# type: matrix
# rows: 41
# columns: 2
 1 -180
 1 -179
 0 -178
 0 -177
 0 -176
 0 -175
 1 -174
 2 -173
 5 -172
 11 -171
 22 -170
 53 -169
 116 -168
 201 -167
 347 -166
 752 -165
 1559 -164
 2318 -163
 3237 -162
 3536 -161
 3655 -160
 3253 -159
 3138 -158
 3318 -157
 3259 -156
 2914 -155
 1737 -154
 781 -153
 318 -152
 83 -151
 15 -150
 2 -149
 0 -148
 0 -147
 0 -146
 0 -145
 0 -144
 0 -143
 1 -142
 0 -141
 0 -140


