# Created by Octave 3.8.2, Sun Jun 21 05:14:03 2020 CEST <damian@fptrucha.inv.usc.es>
# name: hd
# type: matrix
# rows: 41
# columns: 2
 0 -180
 1 -179
 0 -178
 2 -177
 0 -176
 0 -175
 0 -174
 1 -173
 2 -172
 4 -171
 21 -170
 45 -169
 106 -168
 174 -167
 259 -166
 568 -165
 1464 -164
 2004 -163
 3156 -162
 3461 -161
 3634 -160
 3556 -159
 2981 -158
 3419 -157
 3329 -156
 3173 -155
 2140 -154
 938 -153
 457 -152
 100 -151
 23 -150
 2 -149
 3 -148
 1 -147
 3 -146
 0 -145
 0 -144
 0 -143
 0 -142
 1 -141
 0 -140


