# Created by Octave 3.8.2, Sat Jun 20 23:17:06 2020 CEST <damian@fptrucha.inv.usc.es>
# name: hd
# type: matrix
# rows: 41
# columns: 2
 1 -180
 0 -179
 1 -178
 0 -177
 0 -176
 0 -175
 1 -174
 2 -173
 2 -172
 5 -171
 17 -170
 38 -169
 99 -168
 188 -167
 263 -166
 586 -165
 1487 -164
 1980 -163
 3053 -162
 3439 -161
 3558 -160
 3590 -159
 2890 -158
 3365 -157
 3323 -156
 3097 -155
 2111 -154
 968 -153
 502 -152
 97 -151
 22 -150
 3 -149
 1 -148
 0 -147
 0 -146
 0 -145
 0 -144
 0 -143
 0 -142
 0 -141
 0 -140


