# Created by Octave 3.8.2, Mon Jun 22 05:21:48 2020 CEST <damian@fptrucha.inv.usc.es>
# name: hd
# type: matrix
# rows: 41
# columns: 2
 0 -180
 1 -179
 1 -178
 1 -177
 0 -176
 0 -175
 0 -174
 2 -173
 3 -172
 11 -171
 17 -170
 41 -169
 111 -168
 189 -167
 301 -166
 691 -165
 1358 -164
 2105 -163
 3009 -162
 3381 -161
 3526 -160
 3024 -159
 2873 -158
 3262 -157
 3183 -156
 2813 -155
 1742 -154
 880 -153
 382 -152
 91 -151
 26 -150
 7 -149
 0 -148
 1 -147
 1 -146
 0 -145
 1 -144
 1 -143
 0 -142
 0 -141
 0 -140


