# Created by Octave 3.8.2, Mon Jun 22 22:49:26 2020 CEST <damian@fptrucha.inv.usc.es>
# name: hd
# type: matrix
# rows: 41
# columns: 2
 1 -180
 1 -179
 0 -178
 0 -177
 0 -176
 0 -175
 2 -174
 2 -173
 4 -172
 5 -171
 23 -170
 62 -169
 98 -168
 257 -167
 285 -166
 739 -165
 1701 -164
 2365 -163
 3503 -162
 3783 -161
 4047 -160
 3862 -159
 3111 -158
 3739 -157
 3653 -156
 3346 -155
 2310 -154
 1008 -153
 455 -152
 101 -151
 20 -150
 7 -149
 0 -148
 0 -147
 0 -146
 0 -145
 0 -144
 0 -143
 0 -142
 0 -141
 0 -140


