# Created by Octave 3.8.2, Sun Jun 21 02:04:33 2020 CEST <damian@fptrucha.inv.usc.es>
# name: hd
# type: matrix
# rows: 41
# columns: 2
 2 -180
 1 -179
 0 -178
 0 -177
 1 -176
 0 -175
 2 -174
 0 -173
 2 -172
 1 -171
 15 -170
 44 -169
 80 -168
 152 -167
 252 -166
 551 -165
 1395 -164
 1975 -163
 3044 -162
 3462 -161
 3492 -160
 3532 -159
 2945 -158
 3332 -157
 3325 -156
 3151 -155
 2158 -154
 995 -153
 478 -152
 116 -151
 19 -150
 8 -149
 1 -148
 0 -147
 0 -146
 0 -145
 0 -144
 0 -143
 0 -142
 2 -141
 0 -140


