# Created by Octave 3.8.2, Mon Jun 22 14:46:52 2020 CEST <damian@fptrucha.inv.usc.es>
# name: hd
# type: matrix
# rows: 41
# columns: 2
 2 -180
 0 -179
 1 -178
 0 -177
 1 -176
 2 -175
 2 -174
 0 -173
 0 -172
 6 -171
 23 -170
 53 -169
 142 -168
 235 -167
 346 -166
 794 -165
 1554 -164
 2430 -163
 3521 -162
 3763 -161
 3755 -160
 3299 -159
 3238 -158
 3577 -157
 3495 -156
 3102 -155
 1890 -154
 882 -153
 368 -152
 73 -151
 13 -150
 2 -149
 0 -148
 2 -147
 0 -146
 0 -145
 0 -144
 0 -143
 0 -142
 0 -141
 0 -140


