# Created by Octave 3.8.2, Mon Jun 22 02:27:39 2020 CEST <damian@fptrucha.inv.usc.es>
# name: hd
# type: matrix
# rows: 41
# columns: 2
 0 -180
 0 -179
 0 -178
 1 -177
 0 -176
 0 -175
 0 -174
 0 -173
 0 -172
 0 -171
 0 -170
 1 -169
 2 -168
 2 -167
 1 -166
 2 -165
 9 -164
 29 -163
 46 -162
 40 -161
 47 -160
 53 -159
 42 -158
 48 -157
 44 -156
 46 -155
 31 -154
 23 -153
 10 -152
 5 -151
 1 -150
 0 -149
 0 -148
 0 -147
 0 -146
 1 -145
 0 -144
 0 -143
 0 -142
 0 -141
 0 -140


