# Created by Octave 3.8.2, Mon Jun 22 15:58:11 2020 CEST <damian@fptrucha.inv.usc.es>
# name: hd
# type: matrix
# rows: 41
# columns: 2
 0 -180
 0 -179
 0 -178
 1 -177
 1 -176
 2 -175
 0 -174
 1 -173
 7 -172
 6 -171
 18 -170
 42 -169
 96 -168
 142 -167
 181 -166
 551 -165
 998 -164
 1623 -163
 2303 -162
 2524 -161
 2488 -160
 2280 -159
 2083 -158
 2405 -157
 2375 -156
 2021 -155
 1230 -154
 603 -153
 249 -152
 57 -151
 11 -150
 1 -149
 1 -148
 0 -147
 0 -146
 0 -145
 0 -144
 0 -143
 1 -142
 0 -141
 0 -140


