# Created by Octave 3.8.2, Mon Jun 22 17:12:48 2020 CEST <damian@fptrucha.inv.usc.es>
# name: hd
# type: matrix
# rows: 41
# columns: 2
 0 -180
 0 -179
 2 -178
 0 -177
 0 -176
 1 -175
 0 -174
 2 -173
 4 -172
 11 -171
 30 -170
 53 -169
 114 -168
 225 -167
 367 -166
 838 -165
 1671 -164
 2410 -163
 3449 -162
 3906 -161
 3790 -160
 3323 -159
 3312 -158
 3666 -157
 3547 -156
 3053 -155
 1765 -154
 845 -153
 364 -152
 61 -151
 15 -150
 2 -149
 1 -148
 0 -147
 1 -146
 0 -145
 0 -144
 0 -143
 0 -142
 0 -141
 0 -140


