# Created by Octave 3.8.2, Mon Jun 22 07:57:09 2020 CEST <damian@fptrucha.inv.usc.es>
# name: hd
# type: matrix
# rows: 41
# columns: 2
 2 -180
 0 -179
 1 -178
 0 -177
 1 -176
 0 -175
 3 -174
 3 -173
 4 -172
 7 -171
 27 -170
 47 -169
 138 -168
 200 -167
 307 -166
 718 -165
 1467 -164
 2229 -163
 3246 -162
 3534 -161
 3579 -160
 3270 -159
 2960 -158
 3298 -157
 3229 -156
 2893 -155
 1791 -154
 792 -153
 325 -152
 62 -151
 20 -150
 5 -149
 0 -148
 0 -147
 2 -146
 1 -145
 0 -144
 1 -143
 0 -142
 0 -141
 0 -140


