# Created by Octave 3.8.2, Mon Jun 22 02:32:10 2020 CEST <damian@fptrucha.inv.usc.es>
# name: hd
# type: matrix
# rows: 41
# columns: 2
 2 -180
 0 -179
 0 -178
 0 -177
 2 -176
 1 -175
 3 -174
 1 -173
 1 -172
 8 -171
 30 -170
 52 -169
 101 -168
 202 -167
 302 -166
 739 -165
 1497 -164
 2083 -163
 3153 -162
 3461 -161
 3406 -160
 3189 -159
 2864 -158
 3201 -157
 3163 -156
 2763 -155
 1666 -154
 771 -153
 328 -152
 70 -151
 15 -150
 7 -149
 1 -148
 0 -147
 0 -146
 1 -145
 0 -144
 0 -143
 0 -142
 1 -141
 0 -140


