# Created by Octave 3.8.2, Mon Jun 22 07:42:17 2020 CEST <damian@fptrucha.inv.usc.es>
# name: hd
# type: matrix
# rows: 41
# columns: 2
 1 -180
 0 -179
 0 -178
 1 -177
 1 -176
 2 -175
 4 -174
 3 -173
 4 -172
 6 -171
 21 -170
 59 -169
 115 -168
 201 -167
 323 -166
 785 -165
 1473 -164
 2294 -163
 3078 -162
 3418 -161
 3561 -160
 3231 -159
 3069 -158
 3323 -157
 3387 -156
 2858 -155
 1672 -154
 757 -153
 337 -152
 59 -151
 13 -150
 3 -149
 0 -148
 2 -147
 0 -146
 0 -145
 0 -144
 1 -143
 0 -142
 0 -141
 0 -140


