# Created by Octave 3.8.2, Mon Jun 22 22:18:03 2020 CEST <damian@fptrucha.inv.usc.es>
# name: hd
# type: matrix
# rows: 41
# columns: 2
 0 -180
 2 -179
 1 -178
 0 -177
 2 -176
 3 -175
 1 -174
 1 -173
 3 -172
 6 -171
 18 -170
 57 -169
 127 -168
 191 -167
 316 -166
 634 -165
 1621 -164
 2411 -163
 3352 -162
 3793 -161
 4034 -160
 3770 -159
 3140 -158
 3705 -157
 3578 -156
 3283 -155
 2252 -154
 959 -153
 458 -152
 96 -151
 23 -150
 8 -149
 1 -148
 2 -147
 1 -146
 1 -145
 0 -144
 0 -143
 0 -142
 1 -141
 0 -140


