# Created by Octave 3.8.2, Mon Jun 22 10:35:06 2020 CEST <damian@fptrucha.inv.usc.es>
# name: hd
# type: matrix
# rows: 41
# columns: 2
 0 -180
 2 -179
 2 -178
 1 -177
 0 -176
 0 -175
 3 -174
 5 -173
 3 -172
 5 -171
 18 -170
 53 -169
 92 -168
 196 -167
 309 -166
 717 -165
 1565 -164
 2361 -163
 3315 -162
 3634 -161
 3751 -160
 3274 -159
 3144 -158
 3480 -157
 3364 -156
 2942 -155
 1916 -154
 867 -153
 334 -152
 75 -151
 17 -150
 7 -149
 3 -148
 2 -147
 2 -146
 1 -145
 0 -144
 0 -143
 0 -142
 1 -141
 0 -140


