# Created by Octave 3.8.2, Sat Jun 20 08:06:32 2020 CEST <damian@fptrucha.inv.usc.es>
# name: hd
# type: matrix
# rows: 41
# columns: 2
 0 -180
 0 -179
 0 -178
 0 -177
 0 -176
 0 -175
 0 -174
 3 -173
 4 -172
 5 -171
 20 -170
 54 -169
 110 -168
 196 -167
 286 -166
 691 -165
 1824 -164
 2359 -163
 3451 -162
 4043 -161
 4189 -160
 4193 -159
 3369 -158
 4043 -157
 3855 -156
 3531 -155
 2504 -154
 1086 -153
 506 -152
 124 -151
 18 -150
 3 -149
 0 -148
 0 -147
 0 -146
 0 -145
 0 -144
 0 -143
 0 -142
 0 -141
 0 -140


