# Created by Octave 3.8.2, Mon Jun 22 07:40:17 2020 CEST <damian@fptrucha.inv.usc.es>
# name: hd
# type: matrix
# rows: 41
# columns: 2
 0 -180
 0 -179
 2 -178
 1 -177
 3 -176
 1 -175
 0 -174
 4 -173
 6 -172
 14 -171
 26 -170
 58 -169
 133 -168
 192 -167
 327 -166
 695 -165
 1556 -164
 2203 -163
 3238 -162
 3529 -161
 3588 -160
 3077 -159
 2940 -158
 3297 -157
 3376 -156
 2857 -155
 1726 -154
 814 -153
 314 -152
 66 -151
 16 -150
 4 -149
 2 -148
 4 -147
 1 -146
 0 -145
 0 -144
 0 -143
 0 -142
 0 -141
 0 -140


