# Created by Octave 3.8.2, Sat Jun 20 17:17:32 2020 CEST <damian@fptrucha.inv.usc.es>
# name: hd
# type: matrix
# rows: 41
# columns: 2
 0 -180
 1 -179
 1 -178
 0 -177
 2 -176
 1 -175
 2 -174
 2 -173
 2 -172
 7 -171
 14 -170
 53 -169
 118 -168
 188 -167
 262 -166
 597 -165
 1412 -164
 2107 -163
 3125 -162
 3582 -161
 3776 -160
 3669 -159
 2969 -158
 3458 -157
 3431 -156
 3162 -155
 2244 -154
 960 -153
 448 -152
 102 -151
 24 -150
 6 -149
 1 -148
 0 -147
 0 -146
 2 -145
 0 -144
 1 -143
 0 -142
 0 -141
 0 -140


