# Created by Octave 3.8.2, Sat Jun 20 06:09:17 2020 CEST <damian@fptrucha.inv.usc.es>
# name: hd
# type: matrix
# rows: 41
# columns: 2
 0 -180
 1 -179
 1 -178
 0 -177
 1 -176
 1 -175
 2 -174
 0 -173
 4 -172
 7 -171
 18 -170
 55 -169
 121 -168
 203 -167
 311 -166
 710 -165
 1689 -164
 2349 -163
 3522 -162
 4006 -161
 4079 -160
 4096 -159
 3475 -158
 3983 -157
 3851 -156
 3458 -155
 2364 -154
 1058 -153
 502 -152
 134 -151
 23 -150
 6 -149
 2 -148
 0 -147
 1 -146
 0 -145
 0 -144
 0 -143
 0 -142
 0 -141
 0 -140


