# Created by Octave 3.8.2, Mon Jun 22 02:09:45 2020 CEST <damian@fptrucha.inv.usc.es>
# name: hd
# type: matrix
# rows: 41
# columns: 2
 0 -180
 1 -179
 2 -178
 1 -177
 2 -176
 0 -175
 1 -174
 3 -173
 4 -172
 6 -171
 16 -170
 46 -169
 100 -168
 177 -167
 290 -166
 769 -165
 1513 -164
 2159 -163
 3168 -162
 3587 -161
 3705 -160
 3385 -159
 3056 -158
 3368 -157
 3453 -156
 2979 -155
 1909 -154
 876 -153
 391 -152
 106 -151
 22 -150
 1 -149
 0 -148
 0 -147
 0 -146
 1 -145
 0 -144
 0 -143
 1 -142
 0 -141
 0 -140


