# Created by Octave 3.8.2, Mon Jun 22 12:39:50 2020 CEST <damian@fptrucha.inv.usc.es>
# name: hd
# type: matrix
# rows: 41
# columns: 2
 1 -180
 0 -179
 0 -178
 0 -177
 1 -176
 1 -175
 0 -174
 1 -173
 2 -172
 8 -171
 16 -170
 55 -169
 117 -168
 231 -167
 319 -166
 810 -165
 1481 -164
 2301 -163
 3328 -162
 3680 -161
 3753 -160
 3300 -159
 3120 -158
 3503 -157
 3519 -156
 3021 -155
 1851 -154
 866 -153
 368 -152
 63 -151
 11 -150
 6 -149
 3 -148
 0 -147
 0 -146
 0 -145
 0 -144
 0 -143
 0 -142
 0 -141
 0 -140


