# Created by Octave 3.8.2, Mon Jun 22 06:07:53 2020 CEST <damian@fptrucha.inv.usc.es>
# name: hd
# type: matrix
# rows: 41
# columns: 2
 2 -180
 1 -179
 0 -178
 2 -177
 1 -176
 0 -175
 1 -174
 1 -173
 3 -172
 7 -171
 18 -170
 46 -169
 123 -168
 207 -167
 300 -166
 793 -165
 1495 -164
 2206 -163
 3203 -162
 3467 -161
 3537 -160
 3172 -159
 2962 -158
 3244 -157
 3126 -156
 2742 -155
 1745 -154
 768 -153
 342 -152
 72 -151
 10 -150
 4 -149
 0 -148
 1 -147
 0 -146
 1 -145
 0 -144
 1 -143
 0 -142
 2 -141
 0 -140


