# Created by Octave 3.8.2, Mon Jun 22 14:23:30 2020 CEST <damian@fptrucha.inv.usc.es>
# name: hd
# type: matrix
# rows: 41
# columns: 2
 1 -180
 0 -179
 0 -178
 2 -177
 1 -176
 3 -175
 3 -174
 3 -173
 0 -172
 12 -171
 16 -170
 35 -169
 127 -168
 222 -167
 315 -166
 800 -165
 1520 -164
 2280 -163
 3295 -162
 3657 -161
 3726 -160
 3132 -159
 3179 -158
 3557 -157
 3333 -156
 2910 -155
 1715 -154
 889 -153
 350 -152
 70 -151
 15 -150
 5 -149
 1 -148
 0 -147
 0 -146
 0 -145
 0 -144
 0 -143
 0 -142
 0 -141
 0 -140


