# Created by Octave 3.8.2, Mon Jun 22 19:30:25 2020 CEST <damian@fptrucha.inv.usc.es>
# name: hd
# type: matrix
# rows: 41
# columns: 2
 0 -180
 0 -179
 0 -178
 2 -177
 1 -176
 0 -175
 2 -174
 0 -173
 3 -172
 6 -171
 24 -170
 61 -169
 125 -168
 202 -167
 312 -166
 744 -165
 1583 -164
 2506 -163
 3454 -162
 3959 -161
 3883 -160
 3393 -159
 3179 -158
 3640 -157
 3602 -156
 3129 -155
 1957 -154
 957 -153
 378 -152
 75 -151
 11 -150
 3 -149
 1 -148
 2 -147
 0 -146
 2 -145
 0 -144
 0 -143
 0 -142
 0 -141
 0 -140


