# Created by Octave 3.8.2, Sun Jun 21 06:08:41 2020 CEST <damian@fptrucha.inv.usc.es>
# name: hd
# type: matrix
# rows: 41
# columns: 2
 0 -180
 1 -179
 1 -178
 0 -177
 1 -176
 0 -175
 1 -174
 3 -173
 5 -172
 7 -171
 18 -170
 38 -169
 93 -168
 166 -167
 246 -166
 596 -165
 1387 -164
 2038 -163
 3078 -162
 3474 -161
 3794 -160
 3543 -159
 2965 -158
 3420 -157
 3313 -156
 3098 -155
 2137 -154
 989 -153
 491 -152
 86 -151
 19 -150
 3 -149
 0 -148
 0 -147
 1 -146
 0 -145
 0 -144
 0 -143
 0 -142
 0 -141
 0 -140


