# Created by Octave 3.8.2, Mon Jun 22 18:27:30 2020 CEST <damian@fptrucha.inv.usc.es>
# name: hd
# type: matrix
# rows: 41
# columns: 2
 0 -180
 1 -179
 0 -178
 0 -177
 2 -176
 1 -175
 2 -174
 3 -173
 1 -172
 7 -171
 19 -170
 64 -169
 111 -168
 200 -167
 308 -166
 769 -165
 1586 -164
 2474 -163
 3495 -162
 3732 -161
 3996 -160
 3437 -159
 3135 -158
 3530 -157
 3581 -156
 3062 -155
 1945 -154
 956 -153
 394 -152
 90 -151
 15 -150
 3 -149
 1 -148
 1 -147
 1 -146
 1 -145
 0 -144
 0 -143
 1 -142
 0 -141
 0 -140


