# Created by Octave 3.8.2, Mon Jun 22 09:15:02 2020 CEST <damian@fptrucha.inv.usc.es>
# name: hd
# type: matrix
# rows: 41
# columns: 2
 3 -180
 1 -179
 1 -178
 1 -177
 4 -176
 4 -175
 1 -174
 4 -173
 3 -172
 7 -171
 23 -170
 37 -169
 121 -168
 191 -167
 334 -166
 736 -165
 1434 -164
 2272 -163
 3230 -162
 3484 -161
 3500 -160
 3197 -159
 3100 -158
 3234 -157
 3281 -156
 2782 -155
 1704 -154
 871 -153
 323 -152
 74 -151
 15 -150
 2 -149
 2 -148
 0 -147
 1 -146
 1 -145
 0 -144
 1 -143
 0 -142
 2 -141
 0 -140


