# Created by Octave 3.8.2, Sun Jun 21 00:41:24 2020 CEST <damian@fptrucha.inv.usc.es>
# name: hd
# type: matrix
# rows: 41
# columns: 2
 1 -180
 1 -179
 0 -178
 2 -177
 0 -176
 1 -175
 2 -174
 1 -173
 2 -172
 5 -171
 12 -170
 47 -169
 76 -168
 179 -167
 248 -166
 566 -165
 1397 -164
 1991 -163
 3043 -162
 3399 -161
 3561 -160
 3492 -159
 2931 -158
 3395 -157
 3333 -156
 3052 -155
 2107 -154
 944 -153
 480 -152
 78 -151
 15 -150
 1 -149
 2 -148
 4 -147
 0 -146
 0 -145
 1 -144
 0 -143
 1 -142
 0 -141
 0 -140


