# Created by Octave 3.8.2, Sat Jun 20 09:52:03 2020 CEST <damian@fptrucha.inv.usc.es>
# name: hd
# type: matrix
# rows: 41
# columns: 2
 2 -180
 0 -179
 0 -178
 0 -177
 0 -176
 1 -175
 1 -174
 2 -173
 3 -172
 8 -171
 27 -170
 76 -169
 134 -168
 228 -167
 344 -166
 733 -165
 1719 -164
 2406 -163
 3522 -162
 3913 -161
 4133 -160
 4092 -159
 3501 -158
 3903 -157
 3838 -156
 3509 -155
 2379 -154
 1023 -153
 504 -152
 113 -151
 23 -150
 7 -149
 0 -148
 0 -147
 0 -146
 0 -145
 0 -144
 0 -143
 0 -142
 0 -141
 0 -140


