# Created by Octave 3.8.2, Mon Jun 22 19:44:59 2020 CEST <damian@fptrucha.inv.usc.es>
# name: hd
# type: matrix
# rows: 41
# columns: 2
 0 -180
 2 -179
 0 -178
 1 -177
 2 -176
 1 -175
 1 -174
 4 -173
 5 -172
 8 -171
 24 -170
 53 -169
 126 -168
 200 -167
 345 -166
 813 -165
 1604 -164
 2463 -163
 3468 -162
 3848 -161
 3995 -160
 3516 -159
 3181 -158
 3679 -157
 3564 -156
 3177 -155
 1930 -154
 958 -153
 369 -152
 76 -151
 22 -150
 2 -149
 1 -148
 1 -147
 0 -146
 0 -145
 0 -144
 0 -143
 0 -142
 0 -141
 0 -140


