# Created by Octave 3.8.2, Sat Jun 20 13:03:25 2020 CEST <damian@fptrucha.inv.usc.es>
# name: hd
# type: matrix
# rows: 41
# columns: 2
 0 -180
 0 -179
 0 -178
 1 -177
 0 -176
 2 -175
 0 -174
 1 -173
 4 -172
 4 -171
 21 -170
 51 -169
 88 -168
 189 -167
 258 -166
 691 -165
 1585 -164
 2336 -163
 3251 -162
 3688 -161
 3942 -160
 3902 -159
 3261 -158
 3693 -157
 3633 -156
 3287 -155
 2299 -154
 1049 -153
 501 -152
 93 -151
 27 -150
 4 -149
 0 -148
 1 -147
 0 -146
 0 -145
 1 -144
 0 -143
 0 -142
 0 -141
 0 -140


