# Created by Octave 3.8.2, Sat Jun 20 23:49:17 2020 CEST <damian@fptrucha.inv.usc.es>
# name: hd
# type: matrix
# rows: 41
# columns: 2
 0 -180
 0 -179
 0 -178
 0 -177
 1 -176
 1 -175
 2 -174
 1 -173
 1 -172
 3 -171
 16 -170
 38 -169
 107 -168
 168 -167
 245 -166
 548 -165
 1433 -164
 2014 -163
 3046 -162
 3520 -161
 3574 -160
 3586 -159
 2943 -158
 3355 -157
 3272 -156
 3076 -155
 2034 -154
 902 -153
 470 -152
 85 -151
 20 -150
 1 -149
 0 -148
 0 -147
 0 -146
 0 -145
 0 -144
 0 -143
 0 -142
 0 -141
 0 -140


