# Created by Octave 3.8.2, Tue Jun 23 00:25:07 2020 CEST <damian@fptrucha.inv.usc.es>
# name: hd
# type: matrix
# rows: 41
# columns: 2
 1 -180
 0 -179
 1 -178
 1 -177
 1 -176
 0 -175
 0 -174
 2 -173
 1 -172
 7 -171
 17 -170
 32 -169
 67 -168
 154 -167
 219 -166
 508 -165
 1169 -164
 1729 -163
 2433 -162
 2839 -161
 2905 -160
 2901 -159
 2298 -158
 2604 -157
 2611 -156
 2468 -155
 1679 -154
 766 -153
 334 -152
 79 -151
 19 -150
 7 -149
 3 -148
 1 -147
 0 -146
 0 -145
 0 -144
 0 -143
 0 -142
 0 -141
 0 -140


