# Created by Octave 3.8.2, Mon Jun 22 01:59:52 2020 CEST <damian@fptrucha.inv.usc.es>
# name: hd
# type: matrix
# rows: 41
# columns: 2
 2 -180
 1 -179
 0 -178
 1 -177
 2 -176
 1 -175
 0 -174
 2 -173
 1 -172
 12 -171
 14 -170
 39 -169
 110 -168
 172 -167
 302 -166
 711 -165
 1530 -164
 2244 -163
 3309 -162
 3656 -161
 3663 -160
 3370 -159
 3079 -158
 3555 -157
 3448 -156
 3012 -155
 1939 -154
 932 -153
 419 -152
 97 -151
 17 -150
 4 -149
 3 -148
 1 -147
 1 -146
 0 -145
 0 -144
 0 -143
 1 -142
 1 -141
 0 -140


