# Created by Octave 3.8.2, Tue Jun 23 00:24:15 2020 CEST <damian@fptrucha.inv.usc.es>
# name: hd
# type: matrix
# rows: 41
# columns: 2
 1 -180
 0 -179
 0 -178
 1 -177
 0 -176
 1 -175
 0 -174
 0 -173
 3 -172
 12 -171
 14 -170
 64 -169
 113 -168
 206 -167
 301 -166
 641 -165
 1635 -164
 2340 -163
 3341 -162
 3881 -161
 3874 -160
 3926 -159
 3219 -158
 3669 -157
 3549 -156
 3310 -155
 2323 -154
 1048 -153
 448 -152
 109 -151
 15 -150
 5 -149
 0 -148
 3 -147
 0 -146
 0 -145
 0 -144
 0 -143
 0 -142
 0 -141
 0 -140


