# Created by Octave 3.8.2, Sat Jun 20 05:18:21 2020 CEST <damian@fptrucha.inv.usc.es>
# name: hd
# type: matrix
# rows: 41
# columns: 2
 0 -180
 0 -179
 2 -178
 1 -177
 1 -176
 1 -175
 2 -174
 0 -173
 1 -172
 5 -171
 14 -170
 58 -169
 115 -168
 168 -167
 314 -166
 669 -165
 1691 -164
 2343 -163
 3531 -162
 3999 -161
 3988 -160
 4054 -159
 3352 -158
 3764 -157
 3839 -156
 3381 -155
 2354 -154
 1021 -153
 505 -152
 117 -151
 21 -150
 8 -149
 3 -148
 0 -147
 0 -146
 0 -145
 0 -144
 0 -143
 1 -142
 0 -141
 0 -140


