# Created by Octave 3.8.2, Mon Jun 22 08:33:31 2020 CEST <damian@fptrucha.inv.usc.es>
# name: hd
# type: matrix
# rows: 41
# columns: 2
 0 -180
 0 -179
 1 -178
 0 -177
 2 -176
 2 -175
 1 -174
 0 -173
 3 -172
 7 -171
 24 -170
 62 -169
 111 -168
 206 -167
 300 -166
 747 -165
 1516 -164
 2237 -163
 3150 -162
 3595 -161
 3560 -160
 3206 -159
 3077 -158
 3357 -157
 3321 -156
 3001 -155
 1742 -154
 866 -153
 347 -152
 62 -151
 17 -150
 4 -149
 0 -148
 1 -147
 0 -146
 0 -145
 2 -144
 0 -143
 0 -142
 0 -141
 0 -140


