# Created by Octave 3.8.2, Sat Jun 20 13:17:17 2020 CEST <damian@fptrucha.inv.usc.es>
# name: hd
# type: matrix
# rows: 41
# columns: 2
 0 -180
 0 -179
 0 -178
 0 -177
 0 -176
 1 -175
 1 -174
 1 -173
 4 -172
 7 -171
 21 -170
 55 -169
 131 -168
 242 -167
 311 -166
 659 -165
 1679 -164
 2245 -163
 3401 -162
 3856 -161
 3934 -160
 4003 -159
 3221 -158
 3675 -157
 3755 -156
 3332 -155
 2399 -154
 1039 -153
 473 -152
 97 -151
 21 -150
 7 -149
 3 -148
 0 -147
 0 -146
 0 -145
 0 -144
 0 -143
 0 -142
 0 -141
 0 -140


