# Created by Octave 3.8.2, Sun Jun 21 01:05:58 2020 CEST <damian@fptrucha.inv.usc.es>
# name: hd
# type: matrix
# rows: 41
# columns: 2
 1 -180
 0 -179
 0 -178
 1 -177
 0 -176
 1 -175
 2 -174
 2 -173
 3 -172
 5 -171
 6 -170
 59 -169
 85 -168
 180 -167
 243 -166
 535 -165
 1409 -164
 2031 -163
 2994 -162
 3463 -161
 3506 -160
 3453 -159
 3025 -158
 3409 -157
 3356 -156
 3044 -155
 2043 -154
 862 -153
 445 -152
 87 -151
 28 -150
 7 -149
 0 -148
 1 -147
 0 -146
 0 -145
 0 -144
 0 -143
 0 -142
 0 -141
 0 -140


