# Created by Octave 3.8.2, Mon Jun 22 11:06:01 2020 CEST <damian@fptrucha.inv.usc.es>
# name: hd
# type: matrix
# rows: 41
# columns: 2
 2 -180
 0 -179
 0 -178
 0 -177
 1 -176
 0 -175
 1 -174
 1 -173
 5 -172
 7 -171
 21 -170
 63 -169
 108 -168
 208 -167
 334 -166
 817 -165
 1567 -164
 2325 -163
 3388 -162
 3563 -161
 3610 -160
 3192 -159
 3134 -158
 3402 -157
 3485 -156
 2917 -155
 1754 -154
 867 -153
 348 -152
 72 -151
 9 -150
 3 -149
 1 -148
 0 -147
 0 -146
 1 -145
 0 -144
 1 -143
 0 -142
 1 -141
 0 -140


