# Created by Octave 3.8.2, Sat Jun 20 06:20:49 2020 CEST <damian@fptrucha.inv.usc.es>
# name: hd
# type: matrix
# rows: 41
# columns: 2
 0 -180
 1 -179
 1 -178
 0 -177
 0 -176
 1 -175
 1 -174
 1 -173
 3 -172
 9 -171
 11 -170
 57 -169
 111 -168
 179 -167
 301 -166
 687 -165
 1611 -164
 2398 -163
 3446 -162
 4128 -161
 4063 -160
 4060 -159
 3303 -158
 3736 -157
 3899 -156
 3369 -155
 2385 -154
 1043 -153
 516 -152
 100 -151
 17 -150
 10 -149
 0 -148
 2 -147
 1 -146
 0 -145
 0 -144
 0 -143
 0 -142
 1 -141
 0 -140


