# Created by Octave 3.8.2, Sun Jun 21 00:28:52 2020 CEST <damian@fptrucha.inv.usc.es>
# name: hd
# type: matrix
# rows: 41
# columns: 2
 0 -180
 0 -179
 1 -178
 0 -177
 0 -176
 0 -175
 1 -174
 3 -173
 4 -172
 8 -171
 18 -170
 59 -169
 102 -168
 180 -167
 253 -166
 596 -165
 1439 -164
 2035 -163
 2948 -162
 3385 -161
 3581 -160
 3462 -159
 2985 -158
 3413 -157
 3278 -156
 3084 -155
 2082 -154
 942 -153
 456 -152
 99 -151
 11 -150
 2 -149
 0 -148
 1 -147
 0 -146
 0 -145
 0 -144
 0 -143
 0 -142
 0 -141
 0 -140


