# Created by Octave 3.8.2, Mon Jun 22 01:12:23 2020 CEST <damian@fptrucha.inv.usc.es>
# name: hd
# type: matrix
# rows: 41
# columns: 2
 1 -180
 0 -179
 0 -178
 0 -177
 1 -176
 0 -175
 2 -174
 2 -173
 5 -172
 3 -171
 10 -170
 44 -169
 118 -168
 166 -167
 243 -166
 513 -165
 1383 -164
 2113 -163
 3029 -162
 3435 -161
 3633 -160
 3606 -159
 3127 -158
 3320 -157
 3409 -156
 3133 -155
 2260 -154
 1031 -153
 489 -152
 94 -151
 28 -150
 6 -149
 0 -148
 1 -147
 1 -146
 0 -145
 0 -144
 0 -143
 0 -142
 0 -141
 0 -140


