# Created by Octave 3.8.2, Sat Jun 20 05:06:00 2020 CEST <damian@fptrucha.inv.usc.es>
# name: hd
# type: matrix
# rows: 41
# columns: 2
 1 -180
 0 -179
 0 -178
 1 -177
 1 -176
 1 -175
 0 -174
 1 -173
 0 -172
 3 -171
 12 -170
 66 -169
 108 -168
 202 -167
 280 -166
 679 -165
 1639 -164
 2328 -163
 3552 -162
 3977 -161
 4121 -160
 4014 -159
 3332 -158
 3843 -157
 3784 -156
 3457 -155
 2363 -154
 1086 -153
 470 -152
 124 -151
 23 -150
 10 -149
 2 -148
 0 -147
 0 -146
 0 -145
 1 -144
 0 -143
 0 -142
 0 -141
 0 -140


