# Created by Octave 3.8.2, Sun Jun 21 00:20:14 2020 CEST <damian@fptrucha.inv.usc.es>
# name: hd
# type: matrix
# rows: 41
# columns: 2
 0 -180
 0 -179
 1 -178
 0 -177
 0 -176
 0 -175
 0 -174
 1 -173
 2 -172
 9 -171
 17 -170
 45 -169
 114 -168
 191 -167
 248 -166
 560 -165
 1380 -164
 1984 -163
 2959 -162
 3475 -161
 3553 -160
 3486 -159
 2994 -158
 3226 -157
 3307 -156
 3039 -155
 2171 -154
 922 -153
 451 -152
 103 -151
 13 -150
 6 -149
 1 -148
 1 -147
 0 -146
 0 -145
 0 -144
 0 -143
 1 -142
 0 -141
 0 -140


