# Created by Octave 3.8.2, Sun Jun 21 03:17:17 2020 CEST <damian@fptrucha.inv.usc.es>
# name: hd
# type: matrix
# rows: 41
# columns: 2
 0 -180
 0 -179
 0 -178
 0 -177
 2 -176
 0 -175
 3 -174
 1 -173
 4 -172
 5 -171
 15 -170
 48 -169
 85 -168
 180 -167
 238 -166
 588 -165
 1455 -164
 1970 -163
 2957 -162
 3574 -161
 3571 -160
 3508 -159
 3039 -158
 3430 -157
 3280 -156
 3133 -155
 2120 -154
 959 -153
 444 -152
 98 -151
 21 -150
 4 -149
 0 -148
 1 -147
 0 -146
 0 -145
 0 -144
 0 -143
 0 -142
 0 -141
 0 -140


