# Created by Octave 3.8.2, Mon Jun 22 20:34:04 2020 CEST <damian@fptrucha.inv.usc.es>
# name: hd
# type: matrix
# rows: 41
# columns: 2
 1 -180
 0 -179
 2 -178
 0 -177
 2 -176
 1 -175
 2 -174
 0 -173
 2 -172
 14 -171
 27 -170
 56 -169
 128 -168
 212 -167
 305 -166
 774 -165
 1626 -164
 2455 -163
 3491 -162
 3892 -161
 3953 -160
 3434 -159
 3288 -158
 3675 -157
 3612 -156
 3143 -155
 1946 -154
 993 -153
 383 -152
 80 -151
 15 -150
 2 -149
 4 -148
 1 -147
 0 -146
 1 -145
 0 -144
 0 -143
 0 -142
 1 -141
 0 -140


