# Created by Octave 3.8.2, Sun Jun 21 00:37:09 2020 CEST <damian@fptrucha.inv.usc.es>
# name: hd
# type: matrix
# rows: 41
# columns: 2
 0 -180
 1 -179
 0 -178
 1 -177
 1 -176
 1 -175
 0 -174
 4 -173
 1 -172
 4 -171
 11 -170
 36 -169
 91 -168
 178 -167
 232 -166
 585 -165
 1409 -164
 2051 -163
 3055 -162
 3411 -161
 3609 -160
 3556 -159
 2971 -158
 3376 -157
 3408 -156
 3025 -155
 2175 -154
 905 -153
 458 -152
 105 -151
 20 -150
 3 -149
 0 -148
 0 -147
 0 -146
 0 -145
 0 -144
 0 -143
 0 -142
 0 -141
 0 -140


