# Created by Octave 3.8.2, Mon Jun 22 10:49:35 2020 CEST <damian@fptrucha.inv.usc.es>
# name: hd
# type: matrix
# rows: 41
# columns: 2
 2 -180
 0 -179
 0 -178
 1 -177
 1 -176
 1 -175
 0 -174
 2 -173
 5 -172
 6 -171
 22 -170
 52 -169
 107 -168
 191 -167
 301 -166
 782 -165
 1562 -164
 2276 -163
 3464 -162
 3562 -161
 3672 -160
 3129 -159
 3089 -158
 3479 -157
 3412 -156
 2855 -155
 1789 -154
 929 -153
 364 -152
 73 -151
 13 -150
 7 -149
 1 -148
 2 -147
 1 -146
 0 -145
 1 -144
 0 -143
 0 -142
 1 -141
 0 -140


