# Created by Octave 3.8.2, Mon Jun 22 22:20:24 2020 CEST <damian@fptrucha.inv.usc.es>
# name: hd
# type: matrix
# rows: 41
# columns: 2
 1 -180
 3 -179
 0 -178
 0 -177
 0 -176
 0 -175
 2 -174
 4 -173
 2 -172
 6 -171
 25 -170
 66 -169
 100 -168
 220 -167
 286 -166
 642 -165
 1674 -164
 2424 -163
 3407 -162
 3744 -161
 4037 -160
 3693 -159
 3190 -158
 3632 -157
 3615 -156
 3261 -155
 2236 -154
 1021 -153
 446 -152
 106 -151
 14 -150
 3 -149
 2 -148
 2 -147
 0 -146
 0 -145
 0 -144
 0 -143
 0 -142
 0 -141
 0 -140


