# Created by Octave 3.8.2, Sat Jun 20 20:25:04 2020 CEST <damian@fptrucha.inv.usc.es>
# name: hd
# type: matrix
# rows: 41
# columns: 2
 2 -180
 0 -179
 0 -178
 1 -177
 0 -176
 1 -175
 1 -174
 2 -173
 3 -172
 5 -171
 12 -170
 50 -169
 110 -168
 178 -167
 260 -166
 588 -165
 1478 -164
 2147 -163
 3140 -162
 3653 -161
 3634 -160
 3676 -159
 3017 -158
 3432 -157
 3431 -156
 3200 -155
 2233 -154
 952 -153
 455 -152
 110 -151
 24 -150
 3 -149
 1 -148
 0 -147
 2 -146
 0 -145
 0 -144
 0 -143
 0 -142
 0 -141
 0 -140


