# Created by Octave 3.8.2, Mon Jun 22 05:14:05 2020 CEST <damian@fptrucha.inv.usc.es>
# name: hd
# type: matrix
# rows: 41
# columns: 2
 0 -180
 1 -179
 0 -178
 1 -177
 0 -176
 2 -175
 0 -174
 1 -173
 2 -172
 7 -171
 19 -170
 44 -169
 127 -168
 160 -167
 287 -166
 645 -165
 1370 -164
 2014 -163
 3061 -162
 3406 -161
 3467 -160
 3177 -159
 2977 -158
 3278 -157
 3203 -156
 2812 -155
 1803 -154
 866 -153
 426 -152
 88 -151
 16 -150
 3 -149
 2 -148
 2 -147
 0 -146
 0 -145
 1 -144
 0 -143
 1 -142
 1 -141
 0 -140


