# Created by Octave 3.8.2, Mon Jun 22 12:08:50 2020 CEST <damian@fptrucha.inv.usc.es>
# name: hd
# type: matrix
# rows: 41
# columns: 2
 1 -180
 0 -179
 1 -178
 0 -177
 1 -176
 0 -175
 2 -174
 4 -173
 3 -172
 7 -171
 24 -170
 60 -169
 113 -168
 214 -167
 357 -166
 708 -165
 1554 -164
 2253 -163
 3244 -162
 3709 -161
 3788 -160
 3271 -159
 3172 -158
 3511 -157
 3464 -156
 2899 -155
 1748 -154
 874 -153
 340 -152
 51 -151
 12 -150
 1 -149
 3 -148
 0 -147
 0 -146
 0 -145
 0 -144
 1 -143
 0 -142
 0 -141
 0 -140


