# Created by Octave 3.8.2, Mon Jun 22 13:53:16 2020 CEST <damian@fptrucha.inv.usc.es>
# name: hd
# type: matrix
# rows: 41
# columns: 2
 2 -180
 2 -179
 1 -178
 0 -177
 1 -176
 0 -175
 2 -174
 1 -173
 5 -172
 8 -171
 24 -170
 51 -169
 115 -168
 232 -167
 336 -166
 817 -165
 1534 -164
 2511 -163
 3430 -162
 3754 -161
 3845 -160
 3189 -159
 3261 -158
 3530 -157
 3498 -156
 2924 -155
 1732 -154
 832 -153
 325 -152
 68 -151
 14 -150
 1 -149
 0 -148
 0 -147
 1 -146
 1 -145
 2 -144
 1 -143
 0 -142
 0 -141
 0 -140


