# Created by Octave 3.8.2, Sat Jun 20 07:36:07 2020 CEST <damian@fptrucha.inv.usc.es>
# name: hd
# type: matrix
# rows: 41
# columns: 2
 0 -180
 0 -179
 1 -178
 2 -177
 0 -176
 0 -175
 1 -174
 3 -173
 3 -172
 5 -171
 21 -170
 61 -169
 133 -168
 219 -167
 300 -166
 698 -165
 1788 -164
 2520 -163
 3495 -162
 4139 -161
 4282 -160
 4156 -159
 3521 -158
 3818 -157
 3787 -156
 3543 -155
 2377 -154
 1011 -153
 525 -152
 92 -151
 28 -150
 2 -149
 1 -148
 0 -147
 0 -146
 0 -145
 0 -144
 0 -143
 0 -142
 1 -141
 0 -140


