# Created by Octave 3.8.2, Mon Jun 22 14:12:09 2020 CEST <damian@fptrucha.inv.usc.es>
# name: hd
# type: matrix
# rows: 41
# columns: 2
 2 -180
 1 -179
 0 -178
 1 -177
 2 -176
 1 -175
 2 -174
 1 -173
 4 -172
 10 -171
 20 -170
 65 -169
 121 -168
 222 -167
 350 -166
 808 -165
 1459 -164
 2467 -163
 3381 -162
 3722 -161
 3760 -160
 3127 -159
 3260 -158
 3445 -157
 3403 -156
 2979 -155
 1646 -154
 919 -153
 381 -152
 69 -151
 16 -150
 5 -149
 3 -148
 1 -147
 2 -146
 0 -145
 0 -144
 0 -143
 1 -142
 0 -141
 0 -140


