# Created by Octave 3.8.2, Sat Jun 20 06:50:44 2020 CEST <damian@fptrucha.inv.usc.es>
# name: hd
# type: matrix
# rows: 41
# columns: 2
 0 -180
 1 -179
 0 -178
 0 -177
 2 -176
 1 -175
 0 -174
 3 -173
 4 -172
 7 -171
 12 -170
 58 -169
 123 -168
 205 -167
 324 -166
 678 -165
 1662 -164
 2340 -163
 3535 -162
 4054 -161
 4165 -160
 4051 -159
 3615 -158
 3877 -157
 3823 -156
 3493 -155
 2423 -154
 1022 -153
 500 -152
 119 -151
 18 -150
 6 -149
 1 -148
 1 -147
 3 -146
 0 -145
 0 -144
 0 -143
 0 -142
 0 -141
 0 -140


