# Created by Octave 3.8.2, Mon Jun 22 02:21:50 2020 CEST <damian@fptrucha.inv.usc.es>
# name: hd
# type: matrix
# rows: 41
# columns: 2
 1 -180
 0 -179
 0 -178
 1 -177
 1 -176
 0 -175
 2 -174
 6 -173
 2 -172
 7 -171
 14 -170
 55 -169
 109 -168
 170 -167
 293 -166
 676 -165
 1454 -164
 2104 -163
 3208 -162
 3530 -161
 3680 -160
 3213 -159
 3072 -158
 3396 -157
 3247 -156
 3024 -155
 1835 -154
 847 -153
 409 -152
 105 -151
 23 -150
 8 -149
 0 -148
 2 -147
 0 -146
 0 -145
 0 -144
 1 -143
 0 -142
 0 -141
 0 -140


