# Created by Octave 3.8.2, Sun Jun 21 06:59:21 2020 CEST <damian@fptrucha.inv.usc.es>
# name: hd
# type: matrix
# rows: 41
# columns: 2
 0 -180
 0 -179
 0 -178
 0 -177
 0 -176
 1 -175
 1 -174
 1 -173
 0 -172
 2 -171
 6 -170
 20 -169
 66 -168
 108 -167
 145 -166
 337 -165
 869 -164
 1310 -163
 1832 -162
 2267 -161
 2354 -160
 2274 -159
 1980 -158
 2176 -157
 2199 -156
 2057 -155
 1407 -154
 616 -153
 296 -152
 67 -151
 20 -150
 4 -149
 0 -148
 1 -147
 0 -146
 0 -145
 0 -144
 0 -143
 0 -142
 0 -141
 0 -140


