# Created by Octave 3.8.2, Sun Jun 21 05:57:47 2020 CEST <damian@fptrucha.inv.usc.es>
# name: hd
# type: matrix
# rows: 41
# columns: 2
 0 -180
 0 -179
 1 -178
 1 -177
 0 -176
 0 -175
 1 -174
 0 -173
 2 -172
 2 -171
 16 -170
 34 -169
 94 -168
 174 -167
 217 -166
 509 -165
 1438 -164
 2003 -163
 2917 -162
 3380 -161
 3560 -160
 3558 -159
 2941 -158
 3191 -157
 3100 -156
 2986 -155
 2098 -154
 971 -153
 431 -152
 94 -151
 16 -150
 2 -149
 1 -148
 0 -147
 1 -146
 0 -145
 0 -144
 0 -143
 0 -142
 0 -141
 0 -140


