# Created by Octave 3.8.2, Sun Jun 21 00:47:55 2020 CEST <damian@fptrucha.inv.usc.es>
# name: hd
# type: matrix
# rows: 41
# columns: 2
 0 -180
 0 -179
 0 -178
 2 -177
 2 -176
 1 -175
 2 -174
 1 -173
 4 -172
 4 -171
 16 -170
 44 -169
 115 -168
 167 -167
 285 -166
 556 -165
 1413 -164
 2072 -163
 3112 -162
 3524 -161
 3661 -160
 3456 -159
 2986 -158
 3242 -157
 3348 -156
 3056 -155
 2159 -154
 969 -153
 436 -152
 84 -151
 19 -150
 4 -149
 1 -148
 0 -147
 0 -146
 0 -145
 0 -144
 0 -143
 0 -142
 0 -141
 0 -140


