# Created by Octave 3.8.2, Sun Jun 21 03:10:45 2020 CEST <damian@fptrucha.inv.usc.es>
# name: hd
# type: matrix
# rows: 41
# columns: 2
 0 -180
 1 -179
 0 -178
 0 -177
 0 -176
 0 -175
 3 -174
 0 -173
 1 -172
 6 -171
 12 -170
 27 -169
 87 -168
 163 -167
 217 -166
 516 -165
 1442 -164
 2018 -163
 3053 -162
 3494 -161
 3506 -160
 3549 -159
 2942 -158
 3316 -157
 3189 -156
 3025 -155
 2137 -154
 1025 -153
 492 -152
 94 -151
 26 -150
 7 -149
 1 -148
 1 -147
 0 -146
 0 -145
 0 -144
 1 -143
 0 -142
 0 -141
 0 -140


