# Created by Octave 3.8.2, Sat Jun 20 22:42:15 2020 CEST <damian@fptrucha.inv.usc.es>
# name: hd
# type: matrix
# rows: 41
# columns: 2
 0 -180
 2 -179
 1 -178
 1 -177
 0 -176
 0 -175
 2 -174
 3 -173
 4 -172
 8 -171
 16 -170
 44 -169
 110 -168
 171 -167
 254 -166
 534 -165
 1457 -164
 1982 -163
 2951 -162
 3478 -161
 3554 -160
 3513 -159
 2920 -158
 3345 -157
 3325 -156
 3058 -155
 2111 -154
 926 -153
 470 -152
 92 -151
 18 -150
 5 -149
 0 -148
 1 -147
 0 -146
 2 -145
 0 -144
 0 -143
 0 -142
 0 -141
 0 -140


