# Created by Octave 3.8.2, Sat Jun 20 11:47:11 2020 CEST <damian@fptrucha.inv.usc.es>
# name: hd
# type: matrix
# rows: 41
# columns: 2
 1 -180
 2 -179
 0 -178
 1 -177
 0 -176
 2 -175
 1 -174
 1 -173
 4 -172
 3 -171
 25 -170
 60 -169
 102 -168
 215 -167
 344 -166
 684 -165
 1649 -164
 2243 -163
 3364 -162
 3929 -161
 4027 -160
 3938 -159
 3368 -158
 3846 -157
 3711 -156
 3375 -155
 2285 -154
 1059 -153
 495 -152
 130 -151
 23 -150
 3 -149
 1 -148
 0 -147
 1 -146
 0 -145
 0 -144
 1 -143
 0 -142
 0 -141
 0 -140


