# Created by Octave 3.8.2, Mon Jun 22 12:10:31 2020 CEST <damian@fptrucha.inv.usc.es>
# name: hd
# type: matrix
# rows: 41
# columns: 2
 1 -180
 1 -179
 1 -178
 1 -177
 2 -176
 0 -175
 2 -174
 3 -173
 8 -172
 11 -171
 20 -170
 52 -169
 119 -168
 199 -167
 331 -166
 749 -165
 1531 -164
 2305 -163
 3247 -162
 3646 -161
 3700 -160
 3216 -159
 3044 -158
 3493 -157
 3551 -156
 3030 -155
 1779 -154
 789 -153
 337 -152
 74 -151
 20 -150
 2 -149
 1 -148
 1 -147
 2 -146
 1 -145
 0 -144
 2 -143
 0 -142
 1 -141
 0 -140


