# Created by Octave 3.8.2, Mon Jun 22 12:51:12 2020 CEST <damian@fptrucha.inv.usc.es>
# name: hd
# type: matrix
# rows: 41
# columns: 2
 1 -180
 1 -179
 1 -178
 1 -177
 3 -176
 0 -175
 0 -174
 2 -173
 5 -172
 8 -171
 29 -170
 54 -169
 101 -168
 188 -167
 306 -166
 757 -165
 1529 -164
 2323 -163
 3418 -162
 3750 -161
 3747 -160
 3275 -159
 3105 -158
 3548 -157
 3469 -156
 3137 -155
 1859 -154
 872 -153
 415 -152
 79 -151
 18 -150
 1 -149
 2 -148
 2 -147
 0 -146
 0 -145
 0 -144
 0 -143
 0 -142
 1 -141
 0 -140


