# Created by Octave 3.8.2, Mon Jun 22 19:14:45 2020 CEST <damian@fptrucha.inv.usc.es>
# name: hd
# type: matrix
# rows: 41
# columns: 2
 2 -180
 1 -179
 0 -178
 0 -177
 1 -176
 1 -175
 3 -174
 3 -173
 2 -172
 12 -171
 21 -170
 59 -169
 127 -168
 206 -167
 324 -166
 796 -165
 1583 -164
 2496 -163
 3559 -162
 3882 -161
 3894 -160
 3426 -159
 3237 -158
 3579 -157
 3621 -156
 3240 -155
 1926 -154
 969 -153
 370 -152
 91 -151
 17 -150
 1 -149
 1 -148
 1 -147
 1 -146
 1 -145
 0 -144
 0 -143
 0 -142
 0 -141
 0 -140


