# Created by Octave 3.8.2, Mon Jun 22 14:36:26 2020 CEST <damian@fptrucha.inv.usc.es>
# name: hd
# type: matrix
# rows: 41
# columns: 2
 0 -180
 0 -179
 1 -178
 0 -177
 0 -176
 0 -175
 1 -174
 2 -173
 3 -172
 5 -171
 24 -170
 50 -169
 121 -168
 203 -167
 362 -166
 761 -165
 1531 -164
 2328 -163
 3433 -162
 3604 -161
 3791 -160
 3235 -159
 3163 -158
 3526 -157
 3574 -156
 3024 -155
 1806 -154
 958 -153
 371 -152
 62 -151
 15 -150
 3 -149
 1 -148
 0 -147
 1 -146
 0 -145
 0 -144
 0 -143
 1 -142
 0 -141
 0 -140


