# Created by Octave 3.8.2, Mon Jun 22 19:27:02 2020 CEST <damian@fptrucha.inv.usc.es>
# name: hd
# type: matrix
# rows: 41
# columns: 2
 1 -180
 1 -179
 0 -178
 1 -177
 0 -176
 2 -175
 0 -174
 3 -173
 2 -172
 6 -171
 12 -170
 56 -169
 127 -168
 184 -167
 331 -166
 783 -165
 1587 -164
 2398 -163
 3461 -162
 3809 -161
 3964 -160
 3395 -159
 3270 -158
 3620 -157
 3639 -156
 3188 -155
 1939 -154
 926 -153
 380 -152
 62 -151
 20 -150
 6 -149
 0 -148
 1 -147
 0 -146
 0 -145
 0 -144
 0 -143
 0 -142
 0 -141
 0 -140


