# Created by Octave 3.8.2, Sun Jun 21 07:37:59 2020 CEST <damian@fptrucha.inv.usc.es>
# name: hd
# type: matrix
# rows: 41
# columns: 2
 0 -180
 1 -179
 1 -178
 0 -177
 0 -176
 0 -175
 0 -174
 1 -173
 4 -172
 6 -171
 14 -170
 46 -169
 96 -168
 193 -167
 251 -166
 598 -165
 1472 -164
 2135 -163
 3222 -162
 3683 -161
 3790 -160
 3732 -159
 3225 -158
 3544 -157
 3434 -156
 3370 -155
 2364 -154
 1044 -153
 494 -152
 114 -151
 21 -150
 1 -149
 1 -148
 0 -147
 0 -146
 0 -145
 0 -144
 1 -143
 0 -142
 0 -141
 0 -140


