# Created by Octave 3.8.2, Sun Jun 21 01:35:35 2020 CEST <damian@fptrucha.inv.usc.es>
# name: hd
# type: matrix
# rows: 41
# columns: 2
 0 -180
 1 -179
 1 -178
 1 -177
 0 -176
 1 -175
 1 -174
 3 -173
 0 -172
 5 -171
 13 -170
 48 -169
 95 -168
 164 -167
 229 -166
 555 -165
 1435 -164
 2059 -163
 3022 -162
 3563 -161
 3589 -160
 3369 -159
 2969 -158
 3376 -157
 3290 -156
 3026 -155
 2151 -154
 961 -153
 408 -152
 103 -151
 22 -150
 4 -149
 2 -148
 0 -147
 1 -146
 1 -145
 0 -144
 0 -143
 0 -142
 0 -141
 0 -140


