# Created by Octave 3.8.2, Sat Jun 20 19:24:28 2020 CEST <damian@fptrucha.inv.usc.es>
# name: hd
# type: matrix
# rows: 41
# columns: 2
 0 -180
 0 -179
 0 -178
 0 -177
 0 -176
 2 -175
 2 -174
 0 -173
 3 -172
 6 -171
 16 -170
 45 -169
 112 -168
 186 -167
 249 -166
 584 -165
 1478 -164
 2145 -163
 3237 -162
 3616 -161
 3711 -160
 3587 -159
 2991 -158
 3440 -157
 3297 -156
 3147 -155
 2246 -154
 980 -153
 454 -152
 102 -151
 15 -150
 5 -149
 1 -148
 0 -147
 0 -146
 0 -145
 0 -144
 0 -143
 0 -142
 0 -141
 0 -140


