# Created by Octave 3.8.2, Mon Jun 22 17:54:24 2020 CEST <damian@fptrucha.inv.usc.es>
# name: hd
# type: matrix
# rows: 41
# columns: 2
 1 -180
 0 -179
 1 -178
 1 -177
 2 -176
 1 -175
 1 -174
 1 -173
 4 -172
 7 -171
 18 -170
 61 -169
 119 -168
 204 -167
 307 -166
 808 -165
 1565 -164
 2420 -163
 3371 -162
 3808 -161
 3739 -160
 3386 -159
 3135 -158
 3633 -157
 3572 -156
 3133 -155
 1910 -154
 950 -153
 407 -152
 66 -151
 21 -150
 3 -149
 1 -148
 0 -147
 2 -146
 0 -145
 1 -144
 1 -143
 0 -142
 0 -141
 0 -140


