# Created by Octave 3.8.2, Mon Jun 22 23:12:44 2020 CEST <damian@fptrucha.inv.usc.es>
# name: hd
# type: matrix
# rows: 41
# columns: 2
 3 -180
 1 -179
 2 -178
 0 -177
 1 -176
 0 -175
 0 -174
 1 -173
 3 -172
 6 -171
 23 -170
 70 -169
 127 -168
 215 -167
 300 -166
 664 -165
 1597 -164
 2267 -163
 3364 -162
 3956 -161
 3966 -160
 3835 -159
 3207 -158
 3662 -157
 3587 -156
 3262 -155
 2335 -154
 983 -153
 439 -152
 95 -151
 23 -150
 10 -149
 1 -148
 1 -147
 0 -146
 0 -145
 0 -144
 0 -143
 0 -142
 0 -141
 0 -140


