# Created by Octave 3.8.2, Sat Jun 20 15:37:03 2020 CEST <damian@fptrucha.inv.usc.es>
# name: hd
# type: matrix
# rows: 41
# columns: 2
 1 -180
 0 -179
 0 -178
 0 -177
 0 -176
 0 -175
 0 -174
 0 -173
 2 -172
 2 -171
 13 -170
 45 -169
 118 -168
 170 -167
 291 -166
 595 -165
 1593 -164
 2215 -163
 3134 -162
 3671 -161
 3789 -160
 3727 -159
 3133 -158
 3537 -157
 3503 -156
 3259 -155
 2255 -154
 1023 -153
 534 -152
 102 -151
 24 -150
 5 -149
 0 -148
 0 -147
 1 -146
 0 -145
 0 -144
 0 -143
 0 -142
 0 -141
 0 -140


