# Created by Octave 3.8.2, Sat Jun 20 16:44:29 2020 CEST <damian@fptrucha.inv.usc.es>
# name: hd
# type: matrix
# rows: 41
# columns: 2
 0 -180
 1 -179
 1 -178
 0 -177
 0 -176
 1 -175
 3 -174
 3 -173
 0 -172
 5 -171
 16 -170
 56 -169
 98 -168
 183 -167
 251 -166
 597 -165
 1412 -164
 2069 -163
 3131 -162
 3544 -161
 3843 -160
 3626 -159
 3039 -158
 3397 -157
 3389 -156
 3160 -155
 2165 -154
 940 -153
 481 -152
 96 -151
 28 -150
 4 -149
 1 -148
 0 -147
 0 -146
 0 -145
 0 -144
 0 -143
 0 -142
 1 -141
 0 -140


