# Created by Octave 3.8.2, Mon Jun 22 17:04:58 2020 CEST <damian@fptrucha.inv.usc.es>
# name: hd
# type: matrix
# rows: 41
# columns: 2
 2 -180
 1 -179
 0 -178
 1 -177
 1 -176
 1 -175
 0 -174
 2 -173
 4 -172
 7 -171
 27 -170
 60 -169
 151 -168
 228 -167
 323 -166
 809 -165
 1489 -164
 2324 -163
 3490 -162
 3723 -161
 3824 -160
 3325 -159
 3375 -158
 3544 -157
 3499 -156
 3101 -155
 1832 -154
 879 -153
 351 -152
 86 -151
 14 -150
 3 -149
 1 -148
 0 -147
 0 -146
 0 -145
 2 -144
 0 -143
 0 -142
 0 -141
 0 -140


