# Created by Octave 3.8.2, Mon Jun 22 03:42:37 2020 CEST <damian@fptrucha.inv.usc.es>
# name: hd
# type: matrix
# rows: 41
# columns: 2
 0 -180
 1 -179
 1 -178
 0 -177
 1 -176
 0 -175
 1 -174
 3 -173
 6 -172
 5 -171
 35 -170
 50 -169
 115 -168
 180 -167
 292 -166
 732 -165
 1487 -164
 2215 -163
 3137 -162
 3395 -161
 3467 -160
 3105 -159
 2984 -158
 3251 -157
 3336 -156
 2684 -155
 1638 -154
 783 -153
 337 -152
 78 -151
 14 -150
 2 -149
 0 -148
 2 -147
 2 -146
 0 -145
 1 -144
 0 -143
 0 -142
 0 -141
 0 -140


