# Created by Octave 3.8.2, Mon Jun 22 17:43:07 2020 CEST <damian@fptrucha.inv.usc.es>
# name: hd
# type: matrix
# rows: 41
# columns: 2
 1 -180
 0 -179
 1 -178
 0 -177
 1 -176
 2 -175
 0 -174
 4 -173
 4 -172
 7 -171
 24 -170
 61 -169
 126 -168
 224 -167
 304 -166
 806 -165
 1580 -164
 2528 -163
 3520 -162
 3807 -161
 3977 -160
 3369 -159
 3257 -158
 3527 -157
 3552 -156
 3274 -155
 1837 -154
 948 -153
 350 -152
 71 -151
 11 -150
 6 -149
 1 -148
 1 -147
 1 -146
 0 -145
 3 -144
 0 -143
 0 -142
 0 -141
 0 -140


