# Created by Octave 3.8.2, Mon Jun 22 02:42:14 2020 CEST <damian@fptrucha.inv.usc.es>
# name: hd
# type: matrix
# rows: 41
# columns: 2
 1 -180
 1 -179
 2 -178
 0 -177
 3 -176
 1 -175
 0 -174
 2 -173
 4 -172
 7 -171
 12 -170
 28 -169
 72 -168
 109 -167
 194 -166
 479 -165
 955 -164
 1353 -163
 2074 -162
 2260 -161
 2363 -160
 2023 -159
 1980 -158
 2148 -157
 2073 -156
 1795 -155
 1153 -154
 523 -153
 242 -152
 52 -151
 12 -150
 1 -149
 1 -148
 0 -147
 2 -146
 1 -145
 0 -144
 0 -143
 0 -142
 0 -141
 0 -140


