# Created by Octave 3.8.2, Mon Jun 22 07:26:24 2020 CEST <damian@fptrucha.inv.usc.es>
# name: hd
# type: matrix
# rows: 41
# columns: 2
 1 -180
 1 -179
 0 -178
 1 -177
 1 -176
 0 -175
 3 -174
 0 -173
 5 -172
 5 -171
 27 -170
 49 -169
 111 -168
 211 -167
 315 -166
 701 -165
 1532 -164
 2201 -163
 3135 -162
 3424 -161
 3493 -160
 3279 -159
 2979 -158
 3269 -157
 3405 -156
 2867 -155
 1732 -154
 807 -153
 365 -152
 65 -151
 14 -150
 5 -149
 1 -148
 0 -147
 0 -146
 1 -145
 1 -144
 0 -143
 0 -142
 0 -141
 0 -140


