# Created by Octave 3.8.2, Sun Jun 21 08:00:13 2020 CEST <damian@fptrucha.inv.usc.es>
# name: hd
# type: matrix
# rows: 41
# columns: 2
 0 -180
 0 -179
 0 -178
 2 -177
 0 -176
 0 -175
 0 -174
 1 -173
 2 -172
 1 -171
 9 -170
 31 -169
 77 -168
 128 -167
 177 -166
 372 -165
 945 -164
 1379 -163
 2139 -162
 2336 -161
 2437 -160
 2303 -159
 2105 -158
 2228 -157
 2226 -156
 2133 -155
 1515 -154
 693 -153
 332 -152
 84 -151
 20 -150
 4 -149
 0 -148
 0 -147
 1 -146
 0 -145
 0 -144
 0 -143
 0 -142
 0 -141
 0 -140


