# Created by Octave 3.8.2, Mon Jun 22 16:29:58 2020 CEST <damian@fptrucha.inv.usc.es>
# name: hd
# type: matrix
# rows: 41
# columns: 2
 1 -180
 1 -179
 1 -178
 1 -177
 3 -176
 2 -175
 1 -174
 2 -173
 7 -172
 7 -171
 19 -170
 50 -169
 155 -168
 244 -167
 343 -166
 825 -165
 1633 -164
 2467 -163
 3433 -162
 3782 -161
 3821 -160
 3298 -159
 3279 -158
 3630 -157
 3555 -156
 3058 -155
 1803 -154
 957 -153
 345 -152
 73 -151
 21 -150
 3 -149
 2 -148
 0 -147
 0 -146
 0 -145
 0 -144
 0 -143
 0 -142
 0 -141
 0 -140


