# Created by Octave 3.8.2, Sat Jun 20 07:06:09 2020 CEST <damian@fptrucha.inv.usc.es>
# name: hd
# type: matrix
# rows: 41
# columns: 2
 1 -180
 0 -179
 0 -178
 1 -177
 0 -176
 1 -175
 1 -174
 1 -173
 3 -172
 5 -171
 20 -170
 59 -169
 127 -168
 226 -167
 313 -166
 690 -165
 1651 -164
 2393 -163
 3652 -162
 4003 -161
 4180 -160
 4174 -159
 3416 -158
 3933 -157
 3850 -156
 3603 -155
 2339 -154
 1051 -153
 515 -152
 102 -151
 31 -150
 2 -149
 2 -148
 2 -147
 1 -146
 1 -145
 0 -144
 0 -143
 1 -142
 0 -141
 0 -140


