# Created by Octave 3.8.2, Sat Jun 20 15:06:51 2020 CEST <damian@fptrucha.inv.usc.es>
# name: hd
# type: matrix
# rows: 41
# columns: 2
 0 -180
 0 -179
 0 -178
 0 -177
 0 -176
 1 -175
 1 -174
 5 -173
 2 -172
 2 -171
 12 -170
 61 -169
 92 -168
 184 -167
 276 -166
 578 -165
 1409 -164
 2169 -163
 3318 -162
 3722 -161
 3862 -160
 3808 -159
 3175 -158
 3478 -157
 3483 -156
 3189 -155
 2276 -154
 1005 -153
 498 -152
 103 -151
 30 -150
 2 -149
 2 -148
 0 -147
 0 -146
 0 -145
 0 -144
 1 -143
 0 -142
 0 -141
 0 -140


