# Created by Octave 3.8.2, Sat Jun 20 04:28:16 2020 CEST <damian@fptrucha.inv.usc.es>
# name: hd
# type: matrix
# rows: 41
# columns: 2
 0 -180
 1 -179
 0 -178
 0 -177
 1 -176
 1 -175
 2 -174
 2 -173
 4 -172
 7 -171
 9 -170
 44 -169
 112 -168
 198 -167
 283 -166
 689 -165
 1669 -164
 2380 -163
 3427 -162
 3965 -161
 4163 -160
 4127 -159
 3455 -158
 3809 -157
 3782 -156
 3417 -155
 2327 -154
 1022 -153
 516 -152
 102 -151
 23 -150
 8 -149
 3 -148
 0 -147
 0 -146
 1 -145
 0 -144
 0 -143
 0 -142
 0 -141
 0 -140


