# Created by Octave 3.8.2, Sat Jun 20 16:49:41 2020 CEST <damian@fptrucha.inv.usc.es>
# name: hd
# type: matrix
# rows: 41
# columns: 2
 0 -180
 0 -179
 0 -178
 0 -177
 0 -176
 0 -175
 0 -174
 0 -173
 1 -172
 5 -171
 11 -170
 61 -169
 104 -168
 179 -167
 239 -166
 542 -165
 1467 -164
 2165 -163
 3201 -162
 3639 -161
 3727 -160
 3645 -159
 3134 -158
 3311 -157
 3450 -156
 3155 -155
 2225 -154
 971 -153
 496 -152
 104 -151
 19 -150
 6 -149
 1 -148
 0 -147
 0 -146
 1 -145
 0 -144
 0 -143
 0 -142
 0 -141
 0 -140


