# Created by Octave 3.8.2, Sun Jun 21 00:34:55 2020 CEST <damian@fptrucha.inv.usc.es>
# name: hd
# type: matrix
# rows: 41
# columns: 2
 0 -180
 0 -179
 0 -178
 0 -177
 1 -176
 1 -175
 0 -174
 0 -173
 5 -172
 5 -171
 13 -170
 45 -169
 99 -168
 177 -167
 246 -166
 593 -165
 1393 -164
 1940 -163
 3068 -162
 3409 -161
 3704 -160
 3561 -159
 3044 -158
 3343 -157
 3254 -156
 3039 -155
 2174 -154
 954 -153
 470 -152
 94 -151
 25 -150
 6 -149
 1 -148
 1 -147
 0 -146
 0 -145
 0 -144
 0 -143
 0 -142
 0 -141
 0 -140


