# Created by Octave 3.8.2, Mon Jun 22 11:32:04 2020 CEST <damian@fptrucha.inv.usc.es>
# name: hd
# type: matrix
# rows: 41
# columns: 2
 2 -180
 0 -179
 0 -178
 3 -177
 1 -176
 1 -175
 0 -174
 3 -173
 2 -172
 8 -171
 22 -170
 50 -169
 127 -168
 205 -167
 342 -166
 738 -165
 1511 -164
 2338 -163
 3359 -162
 3562 -161
 3731 -160
 3164 -159
 3165 -158
 3479 -157
 3329 -156
 2877 -155
 1753 -154
 896 -153
 371 -152
 86 -151
 16 -150
 5 -149
 2 -148
 1 -147
 0 -146
 0 -145
 0 -144
 0 -143
 0 -142
 0 -141
 0 -140


