# Created by Octave 3.8.2, Sat Jun 20 08:09:26 2020 CEST <damian@fptrucha.inv.usc.es>
# name: hd
# type: matrix
# rows: 41
# columns: 2
 1 -180
 1 -179
 0 -178
 1 -177
 1 -176
 2 -175
 1 -174
 2 -173
 1 -172
 7 -171
 13 -170
 70 -169
 139 -168
 214 -167
 305 -166
 721 -165
 1735 -164
 2490 -163
 3599 -162
 4125 -161
 4226 -160
 4148 -159
 3448 -158
 3877 -157
 3923 -156
 3576 -155
 2521 -154
 1095 -153
 558 -152
 113 -151
 19 -150
 4 -149
 0 -148
 3 -147
 0 -146
 0 -145
 0 -144
 0 -143
 0 -142
 0 -141
 0 -140


