# Created by Octave 3.8.2, Mon Jun 22 22:35:33 2020 CEST <damian@fptrucha.inv.usc.es>
# name: hd
# type: matrix
# rows: 41
# columns: 2
 3 -180
 0 -179
 1 -178
 1 -177
 2 -176
 0 -175
 2 -174
 3 -173
 4 -172
 6 -171
 23 -170
 61 -169
 112 -168
 187 -167
 303 -166
 687 -165
 1661 -164
 2316 -163
 3321 -162
 3911 -161
 4030 -160
 3865 -159
 3186 -158
 3648 -157
 3653 -156
 3322 -155
 2288 -154
 990 -153
 452 -152
 117 -151
 26 -150
 4 -149
 2 -148
 0 -147
 1 -146
 1 -145
 0 -144
 0 -143
 0 -142
 0 -141
 0 -140


