# Created by Octave 3.8.2, Sat Jun 20 15:31:37 2020 CEST <damian@fptrucha.inv.usc.es>
# name: hd
# type: matrix
# rows: 41
# columns: 2
 1 -180
 1 -179
 0 -178
 1 -177
 1 -176
 1 -175
 1 -174
 2 -173
 2 -172
 7 -171
 19 -170
 51 -169
 115 -168
 199 -167
 267 -166
 632 -165
 1476 -164
 2140 -163
 3182 -162
 3669 -161
 3751 -160
 3717 -159
 3131 -158
 3485 -157
 3531 -156
 3160 -155
 2368 -154
 994 -153
 503 -152
 110 -151
 32 -150
 3 -149
 0 -148
 0 -147
 1 -146
 0 -145
 0 -144
 0 -143
 0 -142
 0 -141
 0 -140


