# Created by Octave 3.8.2, Mon Jun 22 21:41:46 2020 CEST <damian@fptrucha.inv.usc.es>
# name: hd
# type: matrix
# rows: 41
# columns: 2
 1 -180
 2 -179
 0 -178
 1 -177
 2 -176
 1 -175
 2 -174
 1 -173
 1 -172
 6 -171
 18 -170
 61 -169
 114 -168
 183 -167
 286 -166
 647 -165
 1524 -164
 2276 -163
 3387 -162
 3859 -161
 3877 -160
 3871 -159
 3249 -158
 3566 -157
 3533 -156
 3270 -155
 2330 -154
 960 -153
 447 -152
 105 -151
 24 -150
 5 -149
 1 -148
 0 -147
 1 -146
 1 -145
 1 -144
 0 -143
 0 -142
 0 -141
 0 -140


