# Created by Octave 3.8.2, Mon Jun 22 20:38:17 2020 CEST <damian@fptrucha.inv.usc.es>
# name: hd
# type: matrix
# rows: 41
# columns: 2
 0 -180
 1 -179
 0 -178
 1 -177
 0 -176
 0 -175
 1 -174
 1 -173
 1 -172
 5 -171
 16 -170
 40 -169
 88 -168
 162 -167
 217 -166
 504 -165
 1011 -164
 1632 -163
 2366 -162
 2530 -161
 2523 -160
 2306 -159
 2164 -158
 2446 -157
 2399 -156
 2136 -155
 1266 -154
 648 -153
 234 -152
 52 -151
 9 -150
 2 -149
 0 -148
 0 -147
 0 -146
 0 -145
 0 -144
 0 -143
 0 -142
 0 -141
 0 -140


