# Created by Octave 3.8.2, Mon Jun 22 21:30:20 2020 CEST <damian@fptrucha.inv.usc.es>
# name: hd
# type: matrix
# rows: 41
# columns: 2
 2 -180
 4 -179
 0 -178
 1 -177
 1 -176
 1 -175
 3 -174
 3 -173
 0 -172
 12 -171
 25 -170
 59 -169
 115 -168
 236 -167
 352 -166
 732 -165
 1608 -164
 2509 -163
 3550 -162
 3866 -161
 3959 -160
 3463 -159
 3269 -158
 3771 -157
 3640 -156
 3237 -155
 1826 -154
 958 -153
 387 -152
 79 -151
 14 -150
 3 -149
 1 -148
 0 -147
 1 -146
 0 -145
 0 -144
 0 -143
 0 -142
 0 -141
 0 -140


