# Created by Octave 3.8.2, Sat Jun 20 03:57:54 2020 CEST <damian@fptrucha.inv.usc.es>
# name: hd
# type: matrix
# rows: 41
# columns: 2
 1 -180
 1 -179
 0 -178
 0 -177
 0 -176
 1 -175
 1 -174
 1 -173
 6 -172
 5 -171
 18 -170
 61 -169
 84 -168
 174 -167
 265 -166
 635 -165
 1723 -164
 2350 -163
 3467 -162
 4012 -161
 4016 -160
 3959 -159
 3270 -158
 3883 -157
 3737 -156
 3510 -155
 2351 -154
 1037 -153
 513 -152
 112 -151
 27 -150
 5 -149
 1 -148
 0 -147
 1 -146
 0 -145
 0 -144
 0 -143
 1 -142
 0 -141
 0 -140


