# Created by Octave 3.8.2, Sat Jun 20 11:45:42 2020 CEST <damian@fptrucha.inv.usc.es>
# name: hd
# type: matrix
# rows: 41
# columns: 2
 1 -180
 1 -179
 0 -178
 1 -177
 0 -176
 1 -175
 2 -174
 2 -173
 5 -172
 3 -171
 18 -170
 56 -169
 116 -168
 192 -167
 307 -166
 687 -165
 1647 -164
 2314 -163
 3479 -162
 3768 -161
 3886 -160
 3912 -159
 3299 -158
 3720 -157
 3755 -156
 3436 -155
 2349 -154
 1066 -153
 527 -152
 126 -151
 26 -150
 7 -149
 0 -148
 1 -147
 1 -146
 2 -145
 0 -144
 0 -143
 0 -142
 1 -141
 0 -140


