# Created by Octave 3.8.2, Mon Jun 22 01:53:38 2020 CEST <damian@fptrucha.inv.usc.es>
# name: hd
# type: matrix
# rows: 41
# columns: 2
 1 -180
 0 -179
 1 -178
 0 -177
 1 -176
 2 -175
 2 -174
 2 -173
 4 -172
 10 -171
 30 -170
 63 -169
 108 -168
 207 -167
 296 -166
 723 -165
 1605 -164
 2296 -163
 3332 -162
 3526 -161
 3766 -160
 3490 -159
 3069 -158
 3579 -157
 3559 -156
 3106 -155
 1964 -154
 921 -153
 394 -152
 95 -151
 16 -150
 3 -149
 1 -148
 1 -147
 1 -146
 0 -145
 1 -144
 0 -143
 0 -142
 0 -141
 0 -140


