# Created by Octave 3.8.2, Mon Jun 22 08:13:13 2020 CEST <damian@fptrucha.inv.usc.es>
# name: hd
# type: matrix
# rows: 41
# columns: 2
 2 -180
 1 -179
 1 -178
 1 -177
 0 -176
 1 -175
 2 -174
 2 -173
 5 -172
 13 -171
 23 -170
 52 -169
 105 -168
 185 -167
 332 -166
 799 -165
 1564 -164
 2292 -163
 3369 -162
 3587 -161
 3568 -160
 3090 -159
 3155 -158
 3235 -157
 3348 -156
 2791 -155
 1664 -154
 815 -153
 335 -152
 57 -151
 15 -150
 2 -149
 3 -148
 2 -147
 0 -146
 2 -145
 0 -144
 2 -143
 0 -142
 0 -141
 0 -140


