# Created by Octave 3.8.2, Mon Jun 22 21:50:00 2020 CEST <damian@fptrucha.inv.usc.es>
# name: hd
# type: matrix
# rows: 41
# columns: 2
 1 -180
 0 -179
 1 -178
 0 -177
 0 -176
 2 -175
 1 -174
 2 -173
 4 -172
 7 -171
 23 -170
 69 -169
 110 -168
 187 -167
 318 -166
 663 -165
 1620 -164
 2313 -163
 3345 -162
 3739 -161
 3901 -160
 3884 -159
 3150 -158
 3655 -157
 3653 -156
 3348 -155
 2441 -154
 1022 -153
 467 -152
 115 -151
 30 -150
 9 -149
 0 -148
 0 -147
 0 -146
 0 -145
 1 -144
 1 -143
 2 -142
 1 -141
 0 -140


