# Created by Octave 3.8.2, Sat Jun 20 23:56:36 2020 CEST <damian@fptrucha.inv.usc.es>
# name: hd
# type: matrix
# rows: 41
# columns: 2
 0 -180
 1 -179
 0 -178
 0 -177
 0 -176
 2 -175
 2 -174
 0 -173
 1 -172
 11 -171
 11 -170
 61 -169
 91 -168
 162 -167
 243 -166
 552 -165
 1514 -164
 2015 -163
 3088 -162
 3440 -161
 3738 -160
 3599 -159
 2972 -158
 3377 -157
 3406 -156
 3032 -155
 2194 -154
 982 -153
 474 -152
 113 -151
 20 -150
 4 -149
 0 -148
 0 -147
 0 -146
 0 -145
 0 -144
 0 -143
 0 -142
 0 -141
 0 -140


