# Created by Octave 3.8.2, Sun Jun 21 03:31:10 2020 CEST <damian@fptrucha.inv.usc.es>
# name: hd
# type: matrix
# rows: 41
# columns: 2
 0 -180
 2 -179
 0 -178
 0 -177
 2 -176
 1 -175
 0 -174
 0 -173
 2 -172
 5 -171
 11 -170
 45 -169
 117 -168
 147 -167
 242 -166
 569 -165
 1477 -164
 2052 -163
 3068 -162
 3434 -161
 3502 -160
 3497 -159
 2907 -158
 3477 -157
 3344 -156
 2990 -155
 2203 -154
 977 -153
 437 -152
 106 -151
 17 -150
 4 -149
 3 -148
 0 -147
 1 -146
 0 -145
 0 -144
 0 -143
 0 -142
 0 -141
 0 -140


