# Created by Octave 3.8.2, Mon Jun 22 15:36:51 2020 CEST <damian@fptrucha.inv.usc.es>
# name: hd
# type: matrix
# rows: 41
# columns: 2
 0 -180
 2 -179
 2 -178
 1 -177
 1 -176
 1 -175
 1 -174
 0 -173
 4 -172
 9 -171
 18 -170
 57 -169
 145 -168
 240 -167
 365 -166
 780 -165
 1561 -164
 2392 -163
 3474 -162
 3740 -161
 3971 -160
 3287 -159
 3199 -158
 3599 -157
 3540 -156
 3020 -155
 1878 -154
 933 -153
 372 -152
 72 -151
 12 -150
 4 -149
 1 -148
 1 -147
 0 -146
 0 -145
 0 -144
 0 -143
 1 -142
 0 -141
 0 -140


