# Created by Octave 3.8.2, Mon Jun 22 04:48:15 2020 CEST <damian@fptrucha.inv.usc.es>
# name: hd
# type: matrix
# rows: 41
# columns: 2
 2 -180
 1 -179
 1 -178
 1 -177
 2 -176
 1 -175
 0 -174
 0 -173
 4 -172
 5 -171
 13 -170
 43 -169
 85 -168
 153 -167
 245 -166
 588 -165
 1238 -164
 1921 -163
 2903 -162
 3193 -161
 3397 -160
 3027 -159
 2862 -158
 3241 -157
 3079 -156
 2761 -155
 1785 -154
 934 -153
 403 -152
 140 -151
 16 -150
 5 -149
 0 -148
 2 -147
 3 -146
 0 -145
 1 -144
 0 -143
 0 -142
 0 -141
 0 -140


