# Created by Octave 3.8.2, Sat Jun 20 11:50:00 2020 CEST <damian@fptrucha.inv.usc.es>
# name: hd
# type: matrix
# rows: 41
# columns: 2
 0 -180
 2 -179
 0 -178
 0 -177
 0 -176
 1 -175
 1 -174
 2 -173
 2 -172
 4 -171
 28 -170
 57 -169
 133 -168
 237 -167
 294 -166
 719 -165
 1687 -164
 2305 -163
 3382 -162
 3825 -161
 4141 -160
 3882 -159
 3264 -158
 3634 -157
 3662 -156
 3513 -155
 2379 -154
 1084 -153
 455 -152
 100 -151
 23 -150
 9 -149
 0 -148
 1 -147
 0 -146
 2 -145
 1 -144
 0 -143
 0 -142
 0 -141
 0 -140


