# Created by Octave 3.8.2, Sat Jun 20 06:57:23 2020 CEST <damian@fptrucha.inv.usc.es>
# name: hd
# type: matrix
# rows: 41
# columns: 2
 0 -180
 1 -179
 0 -178
 2 -177
 0 -176
 0 -175
 0 -174
 1 -173
 2 -172
 5 -171
 8 -170
 39 -169
 89 -168
 139 -167
 185 -166
 448 -165
 1078 -164
 1486 -163
 2321 -162
 2618 -161
 2800 -160
 2689 -159
 2335 -158
 2520 -157
 2485 -156
 2384 -155
 1596 -154
 711 -153
 333 -152
 82 -151
 15 -150
 3 -149
 1 -148
 0 -147
 0 -146
 0 -145
 0 -144
 0 -143
 0 -142
 0 -141
 0 -140


