# Created by Octave 3.8.2, Mon Jun 22 17:53:18 2020 CEST <damian@fptrucha.inv.usc.es>
# name: hd
# type: matrix
# rows: 41
# columns: 2
 1 -180
 0 -179
 0 -178
 0 -177
 0 -176
 0 -175
 2 -174
 1 -173
 3 -172
 5 -171
 27 -170
 54 -169
 121 -168
 224 -167
 352 -166
 778 -165
 1579 -164
 2421 -163
 3486 -162
 3905 -161
 3898 -160
 3336 -159
 3162 -158
 3640 -157
 3606 -156
 3091 -155
 1916 -154
 959 -153
 389 -152
 76 -151
 16 -150
 6 -149
 3 -148
 1 -147
 0 -146
 0 -145
 0 -144
 0 -143
 0 -142
 0 -141
 0 -140


