# Created by Octave 3.8.2, Sun Jun 21 01:34:30 2020 CEST <damian@fptrucha.inv.usc.es>
# name: hd
# type: matrix
# rows: 41
# columns: 2
 0 -180
 0 -179
 0 -178
 2 -177
 0 -176
 2 -175
 1 -174
 2 -173
 2 -172
 5 -171
 17 -170
 46 -169
 112 -168
 163 -167
 253 -166
 550 -165
 1394 -164
 2004 -163
 2964 -162
 3450 -161
 3594 -160
 3531 -159
 3022 -158
 3430 -157
 3338 -156
 3156 -155
 2130 -154
 986 -153
 452 -152
 105 -151
 21 -150
 4 -149
 0 -148
 0 -147
 0 -146
 1 -145
 0 -144
 0 -143
 0 -142
 0 -141
 0 -140


