# Created by Octave 3.8.2, Sun Jun 21 07:04:00 2020 CEST <damian@fptrucha.inv.usc.es>
# name: hd
# type: matrix
# rows: 41
# columns: 2
 0 -180
 0 -179
 0 -178
 0 -177
 0 -176
 2 -175
 0 -174
 0 -173
 3 -172
 4 -171
 18 -170
 31 -169
 85 -168
 177 -167
 259 -166
 542 -165
 1474 -164
 2067 -163
 3200 -162
 3509 -161
 3823 -160
 3692 -159
 3173 -158
 3454 -157
 3499 -156
 3178 -155
 2103 -154
 938 -153
 487 -152
 97 -151
 21 -150
 8 -149
 1 -148
 0 -147
 0 -146
 1 -145
 1 -144
 0 -143
 0 -142
 0 -141
 0 -140


