# Created by Octave 3.8.2, Sat Jun 20 11:08:28 2020 CEST <damian@fptrucha.inv.usc.es>
# name: hd
# type: matrix
# rows: 41
# columns: 2
 3 -180
 2 -179
 0 -178
 0 -177
 1 -176
 2 -175
 0 -174
 1 -173
 4 -172
 5 -171
 11 -170
 54 -169
 136 -168
 218 -167
 317 -166
 739 -165
 1721 -164
 2293 -163
 3465 -162
 3901 -161
 3912 -160
 4005 -159
 3383 -158
 3774 -157
 3673 -156
 3449 -155
 2294 -154
 1028 -153
 503 -152
 115 -151
 23 -150
 11 -149
 1 -148
 0 -147
 1 -146
 0 -145
 0 -144
 0 -143
 0 -142
 0 -141
 0 -140


