# Created by Octave 3.8.2, Sat Jun 20 07:53:10 2020 CEST <damian@fptrucha.inv.usc.es>
# name: hd
# type: matrix
# rows: 41
# columns: 2
 1 -180
 0 -179
 0 -178
 2 -177
 2 -176
 1 -175
 1 -174
 1 -173
 1 -172
 15 -171
 19 -170
 52 -169
 122 -168
 214 -167
 325 -166
 675 -165
 1666 -164
 2446 -163
 3593 -162
 3973 -161
 4290 -160
 4094 -159
 3466 -158
 3967 -157
 3841 -156
 3514 -155
 2362 -154
 1053 -153
 468 -152
 94 -151
 26 -150
 3 -149
 1 -148
 0 -147
 0 -146
 1 -145
 0 -144
 0 -143
 2 -142
 1 -141
 0 -140


