# Created by Octave 3.8.2, Sat Jun 20 18:05:03 2020 CEST <damian@fptrucha.inv.usc.es>
# name: hd
# type: matrix
# rows: 41
# columns: 2
 0 -180
 1 -179
 2 -178
 0 -177
 1 -176
 0 -175
 1 -174
 2 -173
 2 -172
 4 -171
 19 -170
 40 -169
 107 -168
 184 -167
 292 -166
 615 -165
 1492 -164
 2091 -163
 3116 -162
 3492 -161
 3698 -160
 3623 -159
 3035 -158
 3335 -157
 3337 -156
 3161 -155
 2283 -154
 1001 -153
 460 -152
 105 -151
 24 -150
 5 -149
 2 -148
 0 -147
 0 -146
 0 -145
 0 -144
 0 -143
 0 -142
 0 -141
 0 -140


