# Created by Octave 3.8.2, Mon Jun 22 16:42:55 2020 CEST <damian@fptrucha.inv.usc.es>
# name: hd
# type: matrix
# rows: 41
# columns: 2
 3 -180
 2 -179
 0 -178
 1 -177
 2 -176
 3 -175
 0 -174
 2 -173
 2 -172
 5 -171
 11 -170
 55 -169
 131 -168
 208 -167
 348 -166
 795 -165
 1541 -164
 2397 -163
 3461 -162
 3829 -161
 3883 -160
 3227 -159
 3279 -158
 3627 -157
 3633 -156
 3137 -155
 1825 -154
 894 -153
 369 -152
 85 -151
 19 -150
 1 -149
 0 -148
 4 -147
 0 -146
 0 -145
 0 -144
 0 -143
 0 -142
 0 -141
 0 -140


