# Created by Octave 3.8.2, Mon Jun 22 11:25:47 2020 CEST <damian@fptrucha.inv.usc.es>
# name: hd
# type: matrix
# rows: 41
# columns: 2
 0 -180
 3 -179
 0 -178
 1 -177
 0 -176
 2 -175
 0 -174
 4 -173
 4 -172
 5 -171
 24 -170
 50 -169
 109 -168
 221 -167
 362 -166
 773 -165
 1430 -164
 2290 -163
 3242 -162
 3671 -161
 3678 -160
 3194 -159
 3156 -158
 3489 -157
 3371 -156
 2802 -155
 1681 -154
 857 -153
 361 -152
 87 -151
 13 -150
 7 -149
 1 -148
 0 -147
 1 -146
 1 -145
 0 -144
 0 -143
 0 -142
 0 -141
 0 -140


