# Created by Octave 3.8.2, Mon Jun 22 23:29:13 2020 CEST <damian@fptrucha.inv.usc.es>
# name: hd
# type: matrix
# rows: 41
# columns: 2
 0 -180
 0 -179
 1 -178
 1 -177
 1 -176
 0 -175
 0 -174
 2 -173
 5 -172
 7 -171
 26 -170
 64 -169
 116 -168
 207 -167
 294 -166
 715 -165
 1642 -164
 2434 -163
 3489 -162
 3790 -161
 4053 -160
 3958 -159
 3161 -158
 3666 -157
 3629 -156
 3300 -155
 2289 -154
 1017 -153
 447 -152
 99 -151
 18 -150
 3 -149
 1 -148
 1 -147
 0 -146
 1 -145
 0 -144
 0 -143
 0 -142
 0 -141
 0 -140


