# Created by Octave 3.8.2, Mon Jun 22 13:45:43 2020 CEST <damian@fptrucha.inv.usc.es>
# name: hd
# type: matrix
# rows: 41
# columns: 2
 1 -180
 1 -179
 0 -178
 1 -177
 3 -176
 1 -175
 1 -174
 0 -173
 6 -172
 7 -171
 25 -170
 61 -169
 147 -168
 230 -167
 360 -166
 840 -165
 1556 -164
 2335 -163
 3411 -162
 3653 -161
 3792 -160
 3236 -159
 3287 -158
 3515 -157
 3484 -156
 2927 -155
 1708 -154
 831 -153
 342 -152
 65 -151
 15 -150
 4 -149
 1 -148
 0 -147
 0 -146
 1 -145
 0 -144
 0 -143
 0 -142
 0 -141
 0 -140


