# Created by Octave 3.8.2, Mon Jun 22 23:46:44 2020 CEST <damian@fptrucha.inv.usc.es>
# name: hd
# type: matrix
# rows: 41
# columns: 2
 0 -180
 1 -179
 1 -178
 2 -177
 1 -176
 1 -175
 0 -174
 1 -173
 1 -172
 4 -171
 14 -170
 31 -169
 58 -168
 136 -167
 197 -166
 431 -165
 1108 -164
 1578 -163
 2258 -162
 2534 -161
 2603 -160
 2621 -159
 2073 -158
 2495 -157
 2400 -156
 2253 -155
 1548 -154
 636 -153
 257 -152
 80 -151
 9 -150
 2 -149
 0 -148
 0 -147
 0 -146
 1 -145
 1 -144
 0 -143
 0 -142
 0 -141
 0 -140


