# Created by Octave 3.8.2, Mon Jun 22 16:03:49 2020 CEST <damian@fptrucha.inv.usc.es>
# name: hd
# type: matrix
# rows: 41
# columns: 2
 1 -180
 2 -179
 0 -178
 1 -177
 0 -176
 0 -175
 1 -174
 4 -173
 3 -172
 6 -171
 23 -170
 60 -169
 146 -168
 222 -167
 337 -166
 836 -165
 1583 -164
 2393 -163
 3468 -162
 3747 -161
 3874 -160
 3348 -159
 3306 -158
 3597 -157
 3574 -156
 3183 -155
 1801 -154
 843 -153
 347 -152
 88 -151
 19 -150
 5 -149
 0 -148
 1 -147
 0 -146
 1 -145
 0 -144
 0 -143
 0 -142
 0 -141
 0 -140


