# Created by Octave 3.8.2, Mon Jun 22 12:06:43 2020 CEST <damian@fptrucha.inv.usc.es>
# name: hd
# type: matrix
# rows: 41
# columns: 2
 1 -180
 0 -179
 0 -178
 1 -177
 2 -176
 1 -175
 2 -174
 1 -173
 1 -172
 10 -171
 24 -170
 72 -169
 117 -168
 235 -167
 327 -166
 781 -165
 1507 -164
 2316 -163
 3253 -162
 3721 -161
 3756 -160
 3302 -159
 3090 -158
 3449 -157
 3447 -156
 3035 -155
 1743 -154
 847 -153
 347 -152
 65 -151
 17 -150
 4 -149
 3 -148
 1 -147
 1 -146
 0 -145
 0 -144
 0 -143
 1 -142
 0 -141
 0 -140


