# Created by Octave 3.8.2, Sat Jun 20 11:07:01 2020 CEST <damian@fptrucha.inv.usc.es>
# name: hd
# type: matrix
# rows: 41
# columns: 2
 0 -180
 1 -179
 1 -178
 0 -177
 0 -176
 1 -175
 2 -174
 4 -173
 1 -172
 7 -171
 13 -170
 62 -169
 146 -168
 234 -167
 300 -166
 718 -165
 1718 -164
 2392 -163
 3505 -162
 3935 -161
 3957 -160
 3943 -159
 3392 -158
 3733 -157
 3737 -156
 3566 -155
 2390 -154
 1017 -153
 470 -152
 117 -151
 32 -150
 4 -149
 1 -148
 0 -147
 0 -146
 0 -145
 0 -144
 0 -143
 0 -142
 0 -141
 0 -140


