# Created by Octave 3.8.2, Mon Jun 22 20:25:54 2020 CEST <damian@fptrucha.inv.usc.es>
# name: hd
# type: matrix
# rows: 41
# columns: 2
 2 -180
 1 -179
 1 -178
 2 -177
 1 -176
 4 -175
 0 -174
 1 -173
 5 -172
 7 -171
 20 -170
 56 -169
 118 -168
 198 -167
 341 -166
 776 -165
 1634 -164
 2419 -163
 3522 -162
 3759 -161
 3941 -160
 3387 -159
 3121 -158
 3642 -157
 3630 -156
 3085 -155
 1994 -154
 984 -153
 389 -152
 82 -151
 17 -150
 5 -149
 2 -148
 1 -147
 0 -146
 0 -145
 0 -144
 0 -143
 0 -142
 0 -141
 0 -140


