# Created by Octave 3.8.2, Sat Jun 20 19:44:34 2020 CEST <damian@fptrucha.inv.usc.es>
# name: hd
# type: matrix
# rows: 41
# columns: 2
 1 -180
 1 -179
 0 -178
 1 -177
 0 -176
 0 -175
 1 -174
 2 -173
 1 -172
 3 -171
 6 -170
 44 -169
 99 -168
 192 -167
 259 -166
 547 -165
 1387 -164
 2089 -163
 3084 -162
 3504 -161
 3578 -160
 3642 -159
 3018 -158
 3355 -157
 3374 -156
 3114 -155
 2171 -154
 893 -153
 483 -152
 112 -151
 28 -150
 3 -149
 1 -148
 1 -147
 1 -146
 1 -145
 1 -144
 0 -143
 0 -142
 0 -141
 0 -140


