# Created by Octave 3.8.2, Mon Jun 22 15:52:00 2020 CEST <damian@fptrucha.inv.usc.es>
# name: hd
# type: matrix
# rows: 41
# columns: 2
 2 -180
 1 -179
 2 -178
 3 -177
 0 -176
 1 -175
 2 -174
 2 -173
 4 -172
 6 -171
 26 -170
 57 -169
 125 -168
 229 -167
 343 -166
 853 -165
 1640 -164
 2427 -163
 3388 -162
 3815 -161
 3903 -160
 3313 -159
 3337 -158
 3607 -157
 3538 -156
 3137 -155
 1797 -154
 858 -153
 360 -152
 71 -151
 22 -150
 3 -149
 3 -148
 1 -147
 1 -146
 0 -145
 0 -144
 0 -143
 1 -142
 0 -141
 0 -140


