# Created by Octave 3.8.2, Mon Jun 22 21:11:55 2020 CEST <damian@fptrucha.inv.usc.es>
# name: hd
# type: matrix
# rows: 41
# columns: 2
 1 -180
 0 -179
 1 -178
 2 -177
 0 -176
 1 -175
 1 -174
 1 -173
 2 -172
 8 -171
 30 -170
 53 -169
 132 -168
 218 -167
 352 -166
 726 -165
 1539 -164
 2455 -163
 3545 -162
 3834 -161
 4047 -160
 3488 -159
 3246 -158
 3807 -157
 3600 -156
 3237 -155
 1958 -154
 943 -153
 384 -152
 79 -151
 18 -150
 4 -149
 1 -148
 0 -147
 1 -146
 1 -145
 0 -144
 0 -143
 0 -142
 0 -141
 0 -140


