# Created by Octave 3.8.2, Sat Jun 20 16:37:59 2020 CEST <damian@fptrucha.inv.usc.es>
# name: hd
# type: matrix
# rows: 41
# columns: 2
 0 -180
 1 -179
 0 -178
 0 -177
 3 -176
 1 -175
 0 -174
 2 -173
 6 -172
 5 -171
 21 -170
 41 -169
 84 -168
 172 -167
 277 -166
 599 -165
 1491 -164
 2142 -163
 3192 -162
 3558 -161
 3720 -160
 3607 -159
 3037 -158
 3442 -157
 3355 -156
 3123 -155
 2237 -154
 975 -153
 456 -152
 102 -151
 17 -150
 3 -149
 0 -148
 2 -147
 0 -146
 0 -145
 0 -144
 0 -143
 0 -142
 0 -141
 0 -140


