# Created by Octave 3.8.2, Mon Jun 22 22:53:05 2020 CEST <damian@fptrucha.inv.usc.es>
# name: hd
# type: matrix
# rows: 41
# columns: 2
 0 -180
 2 -179
 0 -178
 1 -177
 1 -176
 1 -175
 0 -174
 1 -173
 4 -172
 4 -171
 24 -170
 55 -169
 130 -168
 206 -167
 284 -166
 691 -165
 1700 -164
 2380 -163
 3471 -162
 3815 -161
 4089 -160
 3943 -159
 3130 -158
 3597 -157
 3622 -156
 3353 -155
 2284 -154
 1035 -153
 447 -152
 90 -151
 21 -150
 5 -149
 2 -148
 0 -147
 0 -146
 0 -145
 1 -144
 1 -143
 0 -142
 0 -141
 0 -140


