# Created by Octave 3.8.2, Sun Jun 21 03:26:42 2020 CEST <damian@fptrucha.inv.usc.es>
# name: hd
# type: matrix
# rows: 41
# columns: 2
 3 -180
 0 -179
 0 -178
 0 -177
 0 -176
 1 -175
 0 -174
 2 -173
 1 -172
 6 -171
 12 -170
 58 -169
 103 -168
 186 -167
 242 -166
 596 -165
 1394 -164
 2007 -163
 3066 -162
 3520 -161
 3633 -160
 3452 -159
 3026 -158
 3243 -157
 3224 -156
 3094 -155
 2098 -154
 927 -153
 486 -152
 100 -151
 26 -150
 8 -149
 1 -148
 0 -147
 1 -146
 0 -145
 0 -144
 0 -143
 0 -142
 1 -141
 0 -140


