# Created by Octave 3.8.2, Mon Jun 22 05:39:04 2020 CEST <damian@fptrucha.inv.usc.es>
# name: hd
# type: matrix
# rows: 41
# columns: 2
 2 -180
 2 -179
 2 -178
 1 -177
 0 -176
 1 -175
 1 -174
 0 -173
 4 -172
 8 -171
 19 -170
 45 -169
 109 -168
 208 -167
 308 -166
 734 -165
 1471 -164
 2181 -163
 3167 -162
 3433 -161
 3570 -160
 3113 -159
 2937 -158
 3293 -157
 3178 -156
 2800 -155
 1628 -154
 763 -153
 316 -152
 63 -151
 11 -150
 2 -149
 1 -148
 1 -147
 0 -146
 2 -145
 0 -144
 0 -143
 0 -142
 0 -141
 0 -140


