# Created by Octave 3.8.2, Sat Jun 20 13:32:00 2020 CEST <damian@fptrucha.inv.usc.es>
# name: hd
# type: matrix
# rows: 41
# columns: 2
 0 -180
 0 -179
 1 -178
 0 -177
 3 -176
 1 -175
 0 -174
 0 -173
 4 -172
 8 -171
 20 -170
 54 -169
 106 -168
 205 -167
 277 -166
 666 -165
 1585 -164
 2266 -163
 3290 -162
 3720 -161
 3946 -160
 3919 -159
 3281 -158
 3688 -157
 3638 -156
 3285 -155
 2239 -154
 1035 -153
 480 -152
 103 -151
 18 -150
 7 -149
 3 -148
 0 -147
 0 -146
 1 -145
 0 -144
 0 -143
 0 -142
 1 -141
 0 -140


