# Created by Octave 3.8.2, Mon Jun 22 03:02:02 2020 CEST <damian@fptrucha.inv.usc.es>
# name: hd
# type: matrix
# rows: 41
# columns: 2
 2 -180
 0 -179
 0 -178
 0 -177
 1 -176
 1 -175
 2 -174
 0 -173
 3 -172
 9 -171
 26 -170
 48 -169
 110 -168
 210 -167
 312 -166
 731 -165
 1478 -164
 2136 -163
 2997 -162
 3404 -161
 3487 -160
 3040 -159
 2925 -158
 3199 -157
 3183 -156
 2831 -155
 1613 -154
 778 -153
 331 -152
 64 -151
 16 -150
 2 -149
 1 -148
 1 -147
 2 -146
 0 -145
 1 -144
 2 -143
 0 -142
 0 -141
 0 -140


