# Created by Octave 3.8.2, Mon Jun 22 08:43:49 2020 CEST <damian@fptrucha.inv.usc.es>
# name: hd
# type: matrix
# rows: 41
# columns: 2
 0 -180
 1 -179
 3 -178
 0 -177
 1 -176
 0 -175
 0 -174
 4 -173
 5 -172
 6 -171
 18 -170
 44 -169
 102 -168
 175 -167
 334 -166
 703 -165
 1534 -164
 2219 -163
 3198 -162
 3519 -161
 3649 -160
 3253 -159
 3068 -158
 3380 -157
 3373 -156
 2934 -155
 1715 -154
 874 -153
 336 -152
 72 -151
 15 -150
 6 -149
 0 -148
 0 -147
 0 -146
 0 -145
 0 -144
 2 -143
 1 -142
 0 -141
 0 -140


