# Created by Octave 3.8.2, Sat Jun 20 02:37:55 2020 CEST <damian@fptrucha.inv.usc.es>
# name: hd
# type: matrix
# rows: 41
# columns: 2
 0 -180
 0 -179
 0 -178
 0 -177
 0 -176
 1 -175
 1 -174
 2 -173
 4 -172
 4 -171
 15 -170
 37 -169
 97 -168
 162 -167
 279 -166
 646 -165
 1584 -164
 2290 -163
 3433 -162
 3813 -161
 4019 -160
 3730 -159
 3273 -158
 3651 -157
 3752 -156
 3510 -155
 2369 -154
 986 -153
 494 -152
 110 -151
 23 -150
 7 -149
 3 -148
 0 -147
 0 -146
 0 -145
 0 -144
 1 -143
 0 -142
 0 -141
 0 -140


