# Created by Octave 3.8.2, Mon Jun 22 19:48:34 2020 CEST <damian@fptrucha.inv.usc.es>
# name: hd
# type: matrix
# rows: 41
# columns: 2
 1 -180
 0 -179
 0 -178
 0 -177
 0 -176
 0 -175
 2 -174
 2 -173
 6 -172
 4 -171
 31 -170
 60 -169
 117 -168
 261 -167
 341 -166
 766 -165
 1573 -164
 2503 -163
 3419 -162
 3881 -161
 3834 -160
 3373 -159
 3168 -158
 3645 -157
 3630 -156
 3199 -155
 1874 -154
 936 -153
 376 -152
 92 -151
 21 -150
 1 -149
 1 -148
 2 -147
 0 -146
 1 -145
 1 -144
 1 -143
 0 -142
 0 -141
 0 -140


