# Created by Octave 3.8.2, Sat Jun 20 04:08:43 2020 CEST <damian@fptrucha.inv.usc.es>
# name: hd
# type: matrix
# rows: 41
# columns: 2
 0 -180
 2 -179
 0 -178
 1 -177
 0 -176
 1 -175
 0 -174
 2 -173
 2 -172
 8 -171
 15 -170
 37 -169
 101 -168
 196 -167
 273 -166
 650 -165
 1627 -164
 2319 -163
 3441 -162
 3910 -161
 4044 -160
 3889 -159
 3402 -158
 3803 -157
 3751 -156
 3552 -155
 2371 -154
 1067 -153
 488 -152
 112 -151
 22 -150
 7 -149
 2 -148
 2 -147
 3 -146
 0 -145
 0 -144
 1 -143
 0 -142
 0 -141
 0 -140


