# Created by Octave 3.8.2, Mon Jun 22 02:56:38 2020 CEST <damian@fptrucha.inv.usc.es>
# name: hd
# type: matrix
# rows: 41
# columns: 2
 6 -180
 2 -179
 3 -178
 1 -177
 0 -176
 2 -175
 0 -174
 6 -173
 5 -172
 5 -171
 17 -170
 52 -169
 110 -168
 236 -167
 295 -166
 749 -165
 1493 -164
 2055 -163
 3057 -162
 3435 -161
 3537 -160
 3102 -159
 2842 -158
 3226 -157
 3249 -156
 2740 -155
 1603 -154
 800 -153
 321 -152
 83 -151
 19 -150
 5 -149
 3 -148
 3 -147
 0 -146
 0 -145
 2 -144
 2 -143
 1 -142
 0 -141
 0 -140


