# Created by Octave 3.8.2, Sat Jun 20 20:23:48 2020 CEST <damian@fptrucha.inv.usc.es>
# name: hd
# type: matrix
# rows: 41
# columns: 2
 1 -180
 0 -179
 0 -178
 0 -177
 1 -176
 1 -175
 3 -174
 0 -173
 2 -172
 3 -171
 15 -170
 50 -169
 87 -168
 171 -167
 281 -166
 591 -165
 1467 -164
 2105 -163
 3149 -162
 3516 -161
 3650 -160
 3635 -159
 3036 -158
 3378 -157
 3384 -156
 3126 -155
 2181 -154
 979 -153
 509 -152
 131 -151
 25 -150
 9 -149
 2 -148
 2 -147
 2 -146
 1 -145
 0 -144
 0 -143
 0 -142
 0 -141
 0 -140


