# Created by Octave 3.8.2, Sat Jun 20 12:52:53 2020 CEST <damian@fptrucha.inv.usc.es>
# name: hd
# type: matrix
# rows: 41
# columns: 2
 0 -180
 1 -179
 1 -178
 1 -177
 1 -176
 0 -175
 2 -174
 2 -173
 6 -172
 3 -171
 18 -170
 54 -169
 119 -168
 208 -167
 329 -166
 652 -165
 1642 -164
 2287 -163
 3380 -162
 3870 -161
 3962 -160
 4015 -159
 3340 -158
 3689 -157
 3732 -156
 3431 -155
 2366 -154
 984 -153
 472 -152
 111 -151
 12 -150
 3 -149
 2 -148
 0 -147
 1 -146
 0 -145
 0 -144
 0 -143
 0 -142
 0 -141
 0 -140


