# Created by Octave 3.8.2, Mon Jun 22 02:25:53 2020 CEST <damian@fptrucha.inv.usc.es>
# name: hd
# type: matrix
# rows: 41
# columns: 2
 2 -180
 0 -179
 0 -178
 0 -177
 0 -176
 1 -175
 0 -174
 0 -173
 0 -172
 1 -171
 3 -170
 7 -169
 15 -168
 35 -167
 57 -166
 167 -165
 330 -164
 621 -163
 970 -162
 1339 -161
 1457 -160
 1331 -159
 1329 -158
 1464 -157
 1391 -156
 1390 -155
 1036 -154
 642 -153
 470 -152
 180 -151
 51 -150
 10 -149
 1 -148
 3 -147
 1 -146
 1 -145
 0 -144
 1 -143
 0 -142
 0 -141
 0 -140


