# Created by Octave 3.8.2, Sat Jun 20 04:21:35 2020 CEST <damian@fptrucha.inv.usc.es>
# name: hd
# type: matrix
# rows: 41
# columns: 2
 1 -180
 0 -179
 1 -178
 1 -177
 2 -176
 2 -175
 0 -174
 2 -173
 2 -172
 5 -171
 14 -170
 59 -169
 107 -168
 182 -167
 286 -166
 682 -165
 1689 -164
 2277 -163
 3503 -162
 3890 -161
 4098 -160
 4069 -159
 3433 -158
 3995 -157
 3744 -156
 3464 -155
 2392 -154
 1037 -153
 492 -152
 116 -151
 25 -150
 10 -149
 0 -148
 2 -147
 0 -146
 0 -145
 1 -144
 1 -143
 0 -142
 0 -141
 0 -140


