# Created by Octave 3.8.2, Sat Jun 20 06:16:29 2020 CEST <damian@fptrucha.inv.usc.es>
# name: hd
# type: matrix
# rows: 41
# columns: 2
 1 -180
 0 -179
 0 -178
 4 -177
 1 -176
 0 -175
 0 -174
 3 -173
 4 -172
 2 -171
 15 -170
 60 -169
 135 -168
 215 -167
 312 -166
 710 -165
 1748 -164
 2512 -163
 3521 -162
 4048 -161
 4130 -160
 4057 -159
 3469 -158
 3889 -157
 3895 -156
 3524 -155
 2450 -154
 981 -153
 503 -152
 122 -151
 21 -150
 0 -149
 0 -148
 0 -147
 0 -146
 0 -145
 0 -144
 0 -143
 0 -142
 0 -141
 0 -140


