# Created by Octave 3.8.2, Mon Jun 22 03:00:05 2020 CEST <damian@fptrucha.inv.usc.es>
# name: hd
# type: matrix
# rows: 41
# columns: 2
 3 -180
 2 -179
 2 -178
 1 -177
 2 -176
 1 -175
 1 -174
 1 -173
 4 -172
 6 -171
 23 -170
 68 -169
 102 -168
 190 -167
 308 -166
 751 -165
 1471 -164
 2157 -163
 3051 -162
 3411 -161
 3449 -160
 3045 -159
 2965 -158
 3188 -157
 3148 -156
 2809 -155
 1604 -154
 779 -153
 314 -152
 72 -151
 10 -150
 4 -149
 2 -148
 2 -147
 2 -146
 0 -145
 0 -144
 0 -143
 0 -142
 0 -141
 0 -140


