# Created by Octave 3.8.2, Mon Jun 22 07:30:26 2020 CEST <damian@fptrucha.inv.usc.es>
# name: hd
# type: matrix
# rows: 41
# columns: 2
 0 -180
 1 -179
 0 -178
 0 -177
 2 -176
 1 -175
 0 -174
 5 -173
 4 -172
 15 -171
 17 -170
 71 -169
 123 -168
 212 -167
 330 -166
 754 -165
 1530 -164
 2223 -163
 3099 -162
 3573 -161
 3534 -160
 3219 -159
 2901 -158
 3412 -157
 3265 -156
 2859 -155
 1713 -154
 816 -153
 338 -152
 76 -151
 10 -150
 5 -149
 2 -148
 1 -147
 2 -146
 0 -145
 0 -144
 1 -143
 0 -142
 1 -141
 0 -140


