# Created by Octave 3.8.2, Sat Jun 20 23:43:09 2020 CEST <damian@fptrucha.inv.usc.es>
# name: hd
# type: matrix
# rows: 41
# columns: 2
 0 -180
 0 -179
 2 -178
 0 -177
 1 -176
 0 -175
 0 -174
 0 -173
 2 -172
 6 -171
 11 -170
 57 -169
 89 -168
 207 -167
 245 -166
 571 -165
 1406 -164
 2093 -163
 3017 -162
 3405 -161
 3523 -160
 3508 -159
 2932 -158
 3331 -157
 3404 -156
 3077 -155
 2145 -154
 926 -153
 429 -152
 96 -151
 17 -150
 6 -149
 2 -148
 1 -147
 1 -146
 0 -145
 0 -144
 0 -143
 0 -142
 1 -141
 0 -140


