# Created by Octave 3.8.2, Mon Jun 22 12:48:00 2020 CEST <damian@fptrucha.inv.usc.es>
# name: hd
# type: matrix
# rows: 41
# columns: 2
 0 -180
 0 -179
 0 -178
 2 -177
 1 -176
 5 -175
 0 -174
 3 -173
 3 -172
 8 -171
 20 -170
 52 -169
 96 -168
 202 -167
 334 -166
 732 -165
 1487 -164
 2368 -163
 3290 -162
 3808 -161
 3758 -160
 3314 -159
 3176 -158
 3521 -157
 3558 -156
 3100 -155
 1864 -154
 867 -153
 386 -152
 76 -151
 10 -150
 5 -149
 1 -148
 0 -147
 1 -146
 1 -145
 1 -144
 0 -143
 0 -142
 2 -141
 0 -140


