# Created by Octave 3.8.2, Sun Jun 21 00:32:43 2020 CEST <damian@fptrucha.inv.usc.es>
# name: hd
# type: matrix
# rows: 41
# columns: 2
 1 -180
 0 -179
 1 -178
 1 -177
 1 -176
 0 -175
 1 -174
 0 -173
 1 -172
 7 -171
 15 -170
 35 -169
 108 -168
 163 -167
 239 -166
 532 -165
 1325 -164
 1944 -163
 2936 -162
 3420 -161
 3470 -160
 3500 -159
 2973 -158
 3255 -157
 3337 -156
 2974 -155
 2161 -154
 953 -153
 442 -152
 110 -151
 26 -150
 3 -149
 2 -148
 0 -147
 0 -146
 0 -145
 1 -144
 0 -143
 0 -142
 0 -141
 0 -140


