# Created by Octave 3.8.2, Mon Jun 22 03:37:47 2020 CEST <damian@fptrucha.inv.usc.es>
# name: hd
# type: matrix
# rows: 41
# columns: 2
 2 -180
 2 -179
 1 -178
 2 -177
 1 -176
 2 -175
 5 -174
 1 -173
 2 -172
 8 -171
 33 -170
 62 -169
 119 -168
 193 -167
 276 -166
 760 -165
 1441 -164
 2099 -163
 3166 -162
 3363 -161
 3530 -160
 3106 -159
 3000 -158
 3246 -157
 3213 -156
 2748 -155
 1766 -154
 804 -153
 349 -152
 57 -151
 15 -150
 3 -149
 1 -148
 1 -147
 2 -146
 2 -145
 1 -144
 0 -143
 0 -142
 0 -141
 0 -140


