# Created by Octave 3.8.2, Mon Jun 22 06:35:33 2020 CEST <damian@fptrucha.inv.usc.es>
# name: hd
# type: matrix
# rows: 41
# columns: 2
 1 -180
 1 -179
 1 -178
 2 -177
 1 -176
 2 -175
 4 -174
 3 -173
 3 -172
 9 -171
 19 -170
 68 -169
 119 -168
 208 -167
 359 -166
 778 -165
 1495 -164
 2150 -163
 3152 -162
 3430 -161
 3524 -160
 2986 -159
 2972 -158
 3276 -157
 3291 -156
 2769 -155
 1591 -154
 818 -153
 351 -152
 69 -151
 21 -150
 0 -149
 1 -148
 2 -147
 1 -146
 0 -145
 0 -144
 1 -143
 1 -142
 0 -141
 0 -140


