# Created by Octave 3.8.2, Sat Jun 20 17:07:31 2020 CEST <damian@fptrucha.inv.usc.es>
# name: hd
# type: matrix
# rows: 41
# columns: 2
 0 -180
 0 -179
 1 -178
 2 -177
 0 -176
 1 -175
 0 -174
 1 -173
 4 -172
 9 -171
 13 -170
 34 -169
 83 -168
 192 -167
 247 -166
 596 -165
 1493 -164
 2035 -163
 3114 -162
 3561 -161
 3690 -160
 3707 -159
 3050 -158
 3445 -157
 3377 -156
 3216 -155
 2171 -154
 956 -153
 455 -152
 120 -151
 20 -150
 5 -149
 2 -148
 1 -147
 1 -146
 1 -145
 0 -144
 0 -143
 0 -142
 0 -141
 0 -140


