# Created by Octave 3.8.2, Mon Jun 22 01:04:08 2020 CEST <damian@fptrucha.inv.usc.es>
# name: hd
# type: matrix
# rows: 41
# columns: 2
 0 -180
 0 -179
 1 -178
 0 -177
 1 -176
 1 -175
 3 -174
 1 -173
 2 -172
 3 -171
 14 -170
 35 -169
 81 -168
 188 -167
 252 -166
 545 -165
 1429 -164
 2022 -163
 3201 -162
 3569 -161
 3850 -160
 3682 -159
 3170 -158
 3562 -157
 3421 -156
 3266 -155
 2225 -154
 951 -153
 481 -152
 131 -151
 15 -150
 6 -149
 1 -148
 0 -147
 0 -146
 1 -145
 0 -144
 0 -143
 0 -142
 0 -141
 0 -140


