# Created by Octave 3.8.2, Mon Jun 22 11:15:10 2020 CEST <damian@fptrucha.inv.usc.es>
# name: hd
# type: matrix
# rows: 41
# columns: 2
 0 -180
 0 -179
 0 -178
 0 -177
 1 -176
 2 -175
 1 -174
 0 -173
 2 -172
 8 -171
 23 -170
 46 -169
 125 -168
 200 -167
 338 -166
 752 -165
 1507 -164
 2296 -163
 3347 -162
 3677 -161
 3693 -160
 3133 -159
 3187 -158
 3413 -157
 3501 -156
 2915 -155
 1754 -154
 846 -153
 352 -152
 64 -151
 14 -150
 3 -149
 0 -148
 3 -147
 1 -146
 0 -145
 0 -144
 0 -143
 1 -142
 0 -141
 0 -140


