# Created by Octave 3.8.2, Sat Jun 20 07:13:23 2020 CEST <damian@fptrucha.inv.usc.es>
# name: hd
# type: matrix
# rows: 41
# columns: 2
 1 -180
 1 -179
 0 -178
 0 -177
 0 -176
 1 -175
 1 -174
 1 -173
 2 -172
 7 -171
 9 -170
 56 -169
 113 -168
 203 -167
 307 -166
 688 -165
 1691 -164
 2435 -163
 3510 -162
 4055 -161
 4095 -160
 4108 -159
 3424 -158
 4068 -157
 3954 -156
 3559 -155
 2447 -154
 1130 -153
 509 -152
 112 -151
 22 -150
 8 -149
 1 -148
 1 -147
 1 -146
 0 -145
 0 -144
 0 -143
 0 -142
 0 -141
 0 -140


