# Created by Octave 3.8.2, Sun Jun 21 07:07:29 2020 CEST <damian@fptrucha.inv.usc.es>
# name: hd
# type: matrix
# rows: 41
# columns: 2
 1 -180
 3 -179
 1 -178
 0 -177
 0 -176
 0 -175
 2 -174
 1 -173
 1 -172
 6 -171
 9 -170
 50 -169
 96 -168
 179 -167
 263 -166
 583 -165
 1481 -164
 2023 -163
 3079 -162
 3674 -161
 3776 -160
 3704 -159
 2949 -158
 3579 -157
 3504 -156
 3111 -155
 2284 -154
 1022 -153
 496 -152
 119 -151
 23 -150
 3 -149
 0 -148
 0 -147
 0 -146
 0 -145
 0 -144
 0 -143
 1 -142
 1 -141
 0 -140


