# Created by Octave 3.8.2, Mon Jun 22 03:55:40 2020 CEST <damian@fptrucha.inv.usc.es>
# name: hd
# type: matrix
# rows: 41
# columns: 2
 1 -180
 0 -179
 1 -178
 2 -177
 0 -176
 2 -175
 0 -174
 1 -173
 9 -172
 10 -171
 13 -170
 61 -169
 101 -168
 184 -167
 275 -166
 718 -165
 1358 -164
 2075 -163
 2951 -162
 3436 -161
 3436 -160
 3049 -159
 2836 -158
 3174 -157
 3173 -156
 2847 -155
 1794 -154
 834 -153
 382 -152
 84 -151
 21 -150
 2 -149
 0 -148
 0 -147
 0 -146
 1 -145
 1 -144
 1 -143
 0 -142
 0 -141
 0 -140


