# Created by Octave 3.8.2, Mon Jun 22 06:55:04 2020 CEST <damian@fptrucha.inv.usc.es>
# name: hd
# type: matrix
# rows: 41
# columns: 2
 2 -180
 0 -179
 1 -178
 1 -177
 3 -176
 1 -175
 0 -174
 1 -173
 5 -172
 6 -171
 27 -170
 53 -169
 102 -168
 198 -167
 305 -166
 703 -165
 1457 -164
 2194 -163
 3192 -162
 3405 -161
 3446 -160
 3124 -159
 3009 -158
 3390 -157
 3106 -156
 2845 -155
 1613 -154
 818 -153
 339 -152
 69 -151
 7 -150
 2 -149
 1 -148
 1 -147
 0 -146
 0 -145
 0 -144
 0 -143
 0 -142
 0 -141
 0 -140


