# Created by Octave 3.8.2, Mon Jun 22 20:47:35 2020 CEST <damian@fptrucha.inv.usc.es>
# name: hd
# type: matrix
# rows: 41
# columns: 2
 2 -180
 0 -179
 0 -178
 0 -177
 1 -176
 1 -175
 2 -174
 2 -173
 6 -172
 3 -171
 20 -170
 52 -169
 124 -168
 228 -167
 296 -166
 822 -165
 1640 -164
 2484 -163
 3589 -162
 3950 -161
 3965 -160
 3458 -159
 3111 -158
 3621 -157
 3698 -156
 3233 -155
 1937 -154
 955 -153
 415 -152
 83 -151
 15 -150
 2 -149
 0 -148
 0 -147
 0 -146
 0 -145
 1 -144
 0 -143
 0 -142
 0 -141
 0 -140


