# Created by Octave 3.8.2, Sat Jun 20 20:13:51 2020 CEST <damian@fptrucha.inv.usc.es>
# name: hd
# type: matrix
# rows: 41
# columns: 2
 2 -180
 0 -179
 1 -178
 0 -177
 1 -176
 0 -175
 0 -174
 1 -173
 1 -172
 3 -171
 7 -170
 54 -169
 122 -168
 171 -167
 239 -166
 581 -165
 1432 -164
 2019 -163
 3138 -162
 3612 -161
 3704 -160
 3619 -159
 3000 -158
 3403 -157
 3482 -156
 3227 -155
 2219 -154
 1017 -153
 487 -152
 117 -151
 29 -150
 10 -149
 2 -148
 0 -147
 0 -146
 0 -145
 0 -144
 0 -143
 0 -142
 0 -141
 0 -140


