# Created by Octave 3.8.2, Sat Jun 20 21:01:04 2020 CEST <damian@fptrucha.inv.usc.es>
# name: hd
# type: matrix
# rows: 41
# columns: 2
 0 -180
 0 -179
 0 -178
 0 -177
 0 -176
 1 -175
 0 -174
 0 -173
 2 -172
 8 -171
 12 -170
 47 -169
 121 -168
 163 -167
 249 -166
 576 -165
 1409 -164
 2010 -163
 2977 -162
 3547 -161
 3633 -160
 3604 -159
 2997 -158
 3357 -157
 3359 -156
 3023 -155
 2136 -154
 929 -153
 458 -152
 96 -151
 16 -150
 7 -149
 3 -148
 0 -147
 0 -146
 0 -145
 0 -144
 0 -143
 1 -142
 0 -141
 0 -140


