# Created by Octave 3.8.2, Mon Jun 22 10:58:37 2020 CEST <damian@fptrucha.inv.usc.es>
# name: hd
# type: matrix
# rows: 41
# columns: 2
 0 -180
 2 -179
 2 -178
 0 -177
 1 -176
 1 -175
 2 -174
 2 -173
 5 -172
 10 -171
 25 -170
 50 -169
 122 -168
 235 -167
 359 -166
 830 -165
 1500 -164
 2326 -163
 3381 -162
 3605 -161
 3809 -160
 3111 -159
 3199 -158
 3487 -157
 3427 -156
 3004 -155
 1744 -154
 874 -153
 354 -152
 63 -151
 8 -150
 1 -149
 1 -148
 0 -147
 2 -146
 1 -145
 2 -144
 1 -143
 0 -142
 1 -141
 0 -140


