# Created by Octave 3.8.2, Sun Jun 21 01:31:15 2020 CEST <damian@fptrucha.inv.usc.es>
# name: hd
# type: matrix
# rows: 41
# columns: 2
 0 -180
 0 -179
 1 -178
 0 -177
 1 -176
 2 -175
 1 -174
 0 -173
 1 -172
 10 -171
 14 -170
 43 -169
 82 -168
 179 -167
 265 -166
 568 -165
 1377 -164
 2070 -163
 3088 -162
 3452 -161
 3564 -160
 3550 -159
 3005 -158
 3295 -157
 3281 -156
 3018 -155
 2099 -154
 901 -153
 438 -152
 94 -151
 25 -150
 4 -149
 1 -148
 0 -147
 0 -146
 1 -145
 0 -144
 0 -143
 0 -142
 0 -141
 0 -140


