# Created by Octave 3.8.2, Mon Jun 22 07:46:22 2020 CEST <damian@fptrucha.inv.usc.es>
# name: hd
# type: matrix
# rows: 41
# columns: 2
 0 -180
 0 -179
 0 -178
 1 -177
 0 -176
 1 -175
 4 -174
 5 -173
 5 -172
 10 -171
 24 -170
 55 -169
 107 -168
 202 -167
 320 -166
 707 -165
 1570 -164
 2163 -163
 3205 -162
 3563 -161
 3583 -160
 3244 -159
 2986 -158
 3402 -157
 3310 -156
 2735 -155
 1591 -154
 794 -153
 315 -152
 61 -151
 12 -150
 4 -149
 2 -148
 0 -147
 0 -146
 1 -145
 0 -144
 0 -143
 0 -142
 0 -141
 0 -140


