# Created by Octave 3.8.2, Mon Jun 22 07:21:19 2020 CEST <damian@fptrucha.inv.usc.es>
# name: hd
# type: matrix
# rows: 41
# columns: 2
 0 -180
 2 -179
 1 -178
 0 -177
 0 -176
 1 -175
 2 -174
 2 -173
 4 -172
 5 -171
 29 -170
 52 -169
 112 -168
 192 -167
 363 -166
 733 -165
 1490 -164
 2277 -163
 3310 -162
 3558 -161
 3490 -160
 3225 -159
 3051 -158
 3290 -157
 3250 -156
 2791 -155
 1639 -154
 804 -153
 332 -152
 67 -151
 11 -150
 5 -149
 0 -148
 0 -147
 0 -146
 2 -145
 0 -144
 0 -143
 1 -142
 0 -141
 0 -140


