# Created by Octave 3.8.2, Sat Jun 20 07:40:29 2020 CEST <damian@fptrucha.inv.usc.es>
# name: hd
# type: matrix
# rows: 41
# columns: 2
 0 -180
 0 -179
 0 -178
 1 -177
 0 -176
 2 -175
 1 -174
 2 -173
 1 -172
 3 -171
 14 -170
 70 -169
 138 -168
 204 -167
 311 -166
 721 -165
 1740 -164
 2349 -163
 3518 -162
 3985 -161
 4264 -160
 4063 -159
 3556 -158
 3976 -157
 3928 -156
 3526 -155
 2533 -154
 1106 -153
 514 -152
 112 -151
 19 -150
 5 -149
 0 -148
 0 -147
 0 -146
 1 -145
 0 -144
 0 -143
 0 -142
 0 -141
 0 -140


