# Created by Octave 3.8.2, Sat Jun 20 21:32:14 2020 CEST <damian@fptrucha.inv.usc.es>
# name: hd
# type: matrix
# rows: 41
# columns: 2
 0 -180
 2 -179
 0 -178
 0 -177
 0 -176
 0 -175
 0 -174
 1 -173
 0 -172
 5 -171
 7 -170
 41 -169
 113 -168
 160 -167
 255 -166
 579 -165
 1466 -164
 2118 -163
 3044 -162
 3485 -161
 3610 -160
 3651 -159
 3045 -158
 3354 -157
 3357 -156
 3090 -155
 2124 -154
 970 -153
 444 -152
 104 -151
 19 -150
 2 -149
 3 -148
 0 -147
 0 -146
 1 -145
 0 -144
 0 -143
 0 -142
 0 -141
 0 -140


