# Created by Octave 3.8.2, Sat Jun 20 02:47:01 2020 CEST <damian@fptrucha.inv.usc.es>
# name: hd
# type: matrix
# rows: 41
# columns: 2
 0 -180
 1 -179
 0 -178
 0 -177
 1 -176
 1 -175
 1 -174
 1 -173
 1 -172
 3 -171
 8 -170
 43 -169
 77 -168
 127 -167
 186 -166
 448 -165
 1109 -164
 1531 -163
 2232 -162
 2536 -161
 2597 -160
 2614 -159
 2233 -158
 2477 -157
 2468 -156
 2213 -155
 1544 -154
 691 -153
 343 -152
 75 -151
 10 -150
 2 -149
 1 -148
 0 -147
 0 -146
 0 -145
 0 -144
 0 -143
 0 -142
 0 -141
 0 -140


