# Created by Octave 3.8.2, Mon Jun 22 15:05:10 2020 CEST <damian@fptrucha.inv.usc.es>
# name: hd
# type: matrix
# rows: 41
# columns: 2
 1 -180
 1 -179
 2 -178
 1 -177
 1 -176
 0 -175
 0 -174
 0 -173
 1 -172
 8 -171
 15 -170
 67 -169
 120 -168
 215 -167
 346 -166
 789 -165
 1628 -164
 2303 -163
 3475 -162
 3730 -161
 3938 -160
 3402 -159
 3217 -158
 3688 -157
 3525 -156
 3067 -155
 1848 -154
 944 -153
 360 -152
 85 -151
 19 -150
 4 -149
 0 -148
 0 -147
 0 -146
 0 -145
 0 -144
 0 -143
 0 -142
 0 -141
 0 -140


