# Created by Octave 3.8.2, Sun Jun 21 01:48:15 2020 CEST <damian@fptrucha.inv.usc.es>
# name: hd
# type: matrix
# rows: 41
# columns: 2
 0 -180
 1 -179
 0 -178
 1 -177
 0 -176
 1 -175
 0 -174
 0 -173
 5 -172
 2 -171
 13 -170
 40 -169
 82 -168
 172 -167
 256 -166
 533 -165
 1415 -164
 2054 -163
 2999 -162
 3534 -161
 3638 -160
 3597 -159
 2939 -158
 3342 -157
 3321 -156
 3069 -155
 2283 -154
 982 -153
 425 -152
 102 -151
 30 -150
 2 -149
 3 -148
 0 -147
 0 -146
 0 -145
 0 -144
 0 -143
 0 -142
 0 -141
 0 -140


