# Created by Octave 3.8.2, Mon Jun 22 10:08:05 2020 CEST <damian@fptrucha.inv.usc.es>
# name: hd
# type: matrix
# rows: 41
# columns: 2
 2 -180
 1 -179
 3 -178
 1 -177
 1 -176
 2 -175
 1 -174
 2 -173
 1 -172
 4 -171
 30 -170
 64 -169
 109 -168
 175 -167
 285 -166
 750 -165
 1514 -164
 2228 -163
 3264 -162
 3500 -161
 3566 -160
 3352 -159
 3000 -158
 3374 -157
 3275 -156
 3087 -155
 1858 -154
 807 -153
 325 -152
 80 -151
 13 -150
 5 -149
 1 -148
 0 -147
 0 -146
 0 -145
 1 -144
 0 -143
 0 -142
 0 -141
 0 -140


