# Created by Octave 3.8.2, Mon Jun 22 08:22:32 2020 CEST <damian@fptrucha.inv.usc.es>
# name: hd
# type: matrix
# rows: 41
# columns: 2
 4 -180
 0 -179
 0 -178
 1 -177
 0 -176
 0 -175
 2 -174
 0 -173
 3 -172
 4 -171
 22 -170
 52 -169
 117 -168
 201 -167
 319 -166
 691 -165
 1531 -164
 2182 -163
 3290 -162
 3524 -161
 3460 -160
 3328 -159
 3019 -158
 3416 -157
 3237 -156
 2924 -155
 1671 -154
 787 -153
 331 -152
 69 -151
 11 -150
 3 -149
 1 -148
 0 -147
 1 -146
 1 -145
 0 -144
 0 -143
 0 -142
 0 -141
 0 -140


