# Created by Octave 3.8.2, Sun Jun 21 07:44:34 2020 CEST <damian@fptrucha.inv.usc.es>
# name: hd
# type: matrix
# rows: 41
# columns: 2
 1 -180
 1 -179
 0 -178
 0 -177
 0 -176
 2 -175
 1 -174
 1 -173
 2 -172
 6 -171
 12 -170
 49 -169
 105 -168
 165 -167
 259 -166
 603 -165
 1502 -164
 2079 -163
 3084 -162
 3689 -161
 3734 -160
 3635 -159
 3100 -158
 3415 -157
 3442 -156
 3234 -155
 2285 -154
 1015 -153
 480 -152
 132 -151
 30 -150
 6 -149
 9 -148
 0 -147
 1 -146
 0 -145
 0 -144
 0 -143
 0 -142
 0 -141
 0 -140


