# Created by Octave 3.8.2, Mon Jun 22 06:31:37 2020 CEST <damian@fptrucha.inv.usc.es>
# name: hd
# type: matrix
# rows: 41
# columns: 2
 1 -180
 0 -179
 1 -178
 0 -177
 1 -176
 0 -175
 0 -174
 4 -173
 5 -172
 8 -171
 18 -170
 58 -169
 119 -168
 209 -167
 344 -166
 725 -165
 1531 -164
 2286 -163
 3044 -162
 3418 -161
 3464 -160
 3145 -159
 2995 -158
 3151 -157
 3365 -156
 2828 -155
 1683 -154
 790 -153
 306 -152
 60 -151
 16 -150
 5 -149
 0 -148
 0 -147
 0 -146
 1 -145
 1 -144
 2 -143
 0 -142
 0 -141
 0 -140


