# Created by Octave 3.8.2, Mon Jun 22 22:47:01 2020 CEST <damian@fptrucha.inv.usc.es>
# name: hd
# type: matrix
# rows: 41
# columns: 2
 0 -180
 1 -179
 0 -178
 1 -177
 1 -176
 2 -175
 1 -174
 1 -173
 3 -172
 4 -171
 26 -170
 58 -169
 117 -168
 219 -167
 327 -166
 694 -165
 1648 -164
 2364 -163
 3364 -162
 3797 -161
 4031 -160
 3851 -159
 3271 -158
 3641 -157
 3695 -156
 3329 -155
 2251 -154
 1020 -153
 450 -152
 117 -151
 20 -150
 8 -149
 1 -148
 0 -147
 0 -146
 0 -145
 0 -144
 0 -143
 1 -142
 0 -141
 0 -140


