# Created by Octave 3.8.2, Mon Jun 22 22:57:54 2020 CEST <damian@fptrucha.inv.usc.es>
# name: hd
# type: matrix
# rows: 41
# columns: 2
 0 -180
 0 -179
 1 -178
 0 -177
 1 -176
 0 -175
 1 -174
 3 -173
 4 -172
 5 -171
 24 -170
 58 -169
 127 -168
 225 -167
 323 -166
 720 -165
 1703 -164
 2383 -163
 3402 -162
 3828 -161
 3995 -160
 3900 -159
 3212 -158
 3631 -157
 3693 -156
 3245 -155
 2321 -154
 1013 -153
 463 -152
 96 -151
 32 -150
 3 -149
 1 -148
 1 -147
 1 -146
 0 -145
 0 -144
 0 -143
 0 -142
 0 -141
 0 -140


