# Created by Octave 3.8.2, Sat Jun 20 22:27:02 2020 CEST <damian@fptrucha.inv.usc.es>
# name: hd
# type: matrix
# rows: 41
# columns: 2
 1 -180
 0 -179
 1 -178
 0 -177
 1 -176
 1 -175
 2 -174
 2 -173
 2 -172
 6 -171
 10 -170
 39 -169
 98 -168
 166 -167
 255 -166
 553 -165
 1472 -164
 2040 -163
 3095 -162
 3467 -161
 3544 -160
 3594 -159
 2989 -158
 3424 -157
 3403 -156
 3040 -155
 2138 -154
 931 -153
 450 -152
 135 -151
 14 -150
 5 -149
 0 -148
 0 -147
 0 -146
 0 -145
 0 -144
 0 -143
 0 -142
 0 -141
 0 -140


