# Created by Octave 3.8.2, Sat Jun 20 15:35:37 2020 CEST <damian@fptrucha.inv.usc.es>
# name: hd
# type: matrix
# rows: 41
# columns: 2
 0 -180
 1 -179
 0 -178
 1 -177
 0 -176
 0 -175
 0 -174
 1 -173
 1 -172
 4 -171
 18 -170
 46 -169
 105 -168
 182 -167
 256 -166
 643 -165
 1488 -164
 2172 -163
 3109 -162
 3643 -161
 3715 -160
 3792 -159
 3025 -158
 3444 -157
 3481 -156
 3219 -155
 2208 -154
 1066 -153
 496 -152
 118 -151
 19 -150
 4 -149
 0 -148
 2 -147
 1 -146
 0 -145
 0 -144
 0 -143
 1 -142
 0 -141
 0 -140


