# Created by Octave 3.8.2, Mon Jun 22 19:17:46 2020 CEST <damian@fptrucha.inv.usc.es>
# name: hd
# type: matrix
# rows: 41
# columns: 2
 2 -180
 0 -179
 0 -178
 0 -177
 3 -176
 1 -175
 0 -174
 3 -173
 5 -172
 6 -171
 30 -170
 58 -169
 120 -168
 209 -167
 278 -166
 775 -165
 1475 -164
 2401 -163
 3385 -162
 3818 -161
 3804 -160
 3420 -159
 3205 -158
 3810 -157
 3504 -156
 3142 -155
 1900 -154
 991 -153
 417 -152
 85 -151
 18 -150
 7 -149
 3 -148
 2 -147
 1 -146
 0 -145
 1 -144
 0 -143
 1 -142
 0 -141
 0 -140


