# Created by Octave 3.8.2, Mon Jun 22 06:39:32 2020 CEST <damian@fptrucha.inv.usc.es>
# name: hd
# type: matrix
# rows: 41
# columns: 2
 0 -180
 1 -179
 1 -178
 1 -177
 1 -176
 1 -175
 2 -174
 1 -173
 1 -172
 9 -171
 20 -170
 47 -169
 136 -168
 213 -167
 317 -166
 755 -165
 1486 -164
 2241 -163
 3115 -162
 3525 -161
 3556 -160
 3080 -159
 2963 -158
 3303 -157
 3215 -156
 2734 -155
 1621 -154
 798 -153
 324 -152
 55 -151
 15 -150
 7 -149
 2 -148
 0 -147
 0 -146
 2 -145
 1 -144
 0 -143
 0 -142
 0 -141
 0 -140


