# Created by Octave 3.8.2, Sun Jun 21 03:19:27 2020 CEST <damian@fptrucha.inv.usc.es>
# name: hd
# type: matrix
# rows: 41
# columns: 2
 2 -180
 0 -179
 0 -178
 0 -177
 2 -176
 0 -175
 0 -174
 1 -173
 2 -172
 5 -171
 14 -170
 47 -169
 93 -168
 181 -167
 259 -166
 565 -165
 1435 -164
 2017 -163
 2989 -162
 3430 -161
 3577 -160
 3533 -159
 2888 -158
 3307 -157
 3445 -156
 2984 -155
 2059 -154
 934 -153
 459 -152
 112 -151
 21 -150
 6 -149
 0 -148
 0 -147
 0 -146
 2 -145
 0 -144
 0 -143
 1 -142
 0 -141
 0 -140


