# Created by Octave 3.8.2, Sat Jun 20 15:45:53 2020 CEST <damian@fptrucha.inv.usc.es>
# name: hd
# type: matrix
# rows: 41
# columns: 2
 0 -180
 0 -179
 0 -178
 0 -177
 0 -176
 0 -175
 2 -174
 0 -173
 5 -172
 8 -171
 18 -170
 46 -169
 106 -168
 190 -167
 256 -166
 617 -165
 1487 -164
 2209 -163
 3156 -162
 3632 -161
 3880 -160
 3672 -159
 3076 -158
 3480 -157
 3487 -156
 3226 -155
 2209 -154
 958 -153
 458 -152
 123 -151
 20 -150
 9 -149
 0 -148
 0 -147
 1 -146
 0 -145
 0 -144
 0 -143
 0 -142
 0 -141
 0 -140


