# Created by Octave 3.8.2, Sat Jun 20 06:15:01 2020 CEST <damian@fptrucha.inv.usc.es>
# name: hd
# type: matrix
# rows: 41
# columns: 2
 0 -180
 1 -179
 1 -178
 0 -177
 0 -176
 2 -175
 1 -174
 0 -173
 1 -172
 7 -171
 16 -170
 57 -169
 119 -168
 197 -167
 295 -166
 710 -165
 1742 -164
 2382 -163
 3612 -162
 4167 -161
 4166 -160
 3919 -159
 3345 -158
 3846 -157
 3860 -156
 3434 -155
 2401 -154
 1029 -153
 462 -152
 125 -151
 25 -150
 2 -149
 3 -148
 0 -147
 0 -146
 1 -145
 0 -144
 0 -143
 0 -142
 0 -141
 0 -140


