# Created by Octave 3.8.2, Mon Jun 22 04:14:17 2020 CEST <damian@fptrucha.inv.usc.es>
# name: hd
# type: matrix
# rows: 41
# columns: 2
 0 -180
 2 -179
 1 -178
 2 -177
 1 -176
 2 -175
 0 -174
 1 -173
 2 -172
 5 -171
 18 -170
 42 -169
 100 -168
 181 -167
 233 -166
 647 -165
 1286 -164
 1952 -163
 2965 -162
 3348 -161
 3381 -160
 2953 -159
 2840 -158
 3164 -157
 3165 -156
 2794 -155
 1798 -154
 878 -153
 408 -152
 89 -151
 18 -150
 5 -149
 3 -148
 1 -147
 0 -146
 0 -145
 0 -144
 0 -143
 0 -142
 0 -141
 0 -140


