# Created by Octave 3.8.2, Sat Jun 20 10:38:48 2020 CEST <damian@fptrucha.inv.usc.es>
# name: hd
# type: matrix
# rows: 41
# columns: 2
 0 -180
 1 -179
 0 -178
 0 -177
 0 -176
 1 -175
 1 -174
 1 -173
 7 -172
 6 -171
 19 -170
 52 -169
 104 -168
 224 -167
 345 -166
 694 -165
 1692 -164
 2335 -163
 3572 -162
 4079 -161
 4130 -160
 3976 -159
 3392 -158
 3703 -157
 3707 -156
 3469 -155
 2482 -154
 1073 -153
 483 -152
 112 -151
 21 -150
 6 -149
 1 -148
 0 -147
 0 -146
 0 -145
 0 -144
 0 -143
 1 -142
 0 -141
 0 -140


