# Created by Octave 3.8.2, Mon Jun 22 04:18:04 2020 CEST <damian@fptrucha.inv.usc.es>
# name: hd
# type: matrix
# rows: 41
# columns: 2
 2 -180
 0 -179
 1 -178
 3 -177
 1 -176
 0 -175
 2 -174
 0 -173
 5 -172
 2 -171
 19 -170
 60 -169
 113 -168
 153 -167
 254 -166
 643 -165
 1219 -164
 1913 -163
 2961 -162
 3283 -161
 3430 -160
 2980 -159
 2853 -158
 3167 -157
 3151 -156
 2799 -155
 1731 -154
 933 -153
 459 -152
 91 -151
 33 -150
 5 -149
 1 -148
 1 -147
 1 -146
 0 -145
 1 -144
 0 -143
 0 -142
 1 -141
 0 -140


