# Created by Octave 3.8.2, Sat Jun 20 02:15:07 2020 CEST <damian@fptrucha.inv.usc.es>
# name: hd
# type: matrix
# rows: 41
# columns: 2
 1 -180
 1 -179
 0 -178
 1 -177
 1 -176
 1 -175
 2 -174
 2 -173
 1 -172
 6 -171
 7 -170
 64 -169
 119 -168
 206 -167
 286 -166
 624 -165
 1672 -164
 2201 -163
 3459 -162
 3813 -161
 3991 -160
 4018 -159
 3252 -158
 3777 -157
 3705 -156
 3343 -155
 2302 -154
 1052 -153
 535 -152
 99 -151
 22 -150
 4 -149
 0 -148
 2 -147
 0 -146
 2 -145
 0 -144
 1 -143
 0 -142
 0 -141
 0 -140


