# Created by Octave 3.8.2, Sat Jun 20 07:07:35 2020 CEST <damian@fptrucha.inv.usc.es>
# name: hd
# type: matrix
# rows: 41
# columns: 2
 1 -180
 1 -179
 1 -178
 2 -177
 1 -176
 1 -175
 0 -174
 3 -173
 4 -172
 3 -171
 20 -170
 46 -169
 117 -168
 213 -167
 302 -166
 698 -165
 1712 -164
 2366 -163
 3567 -162
 3983 -161
 4196 -160
 4179 -159
 3475 -158
 3920 -157
 3838 -156
 3598 -155
 2298 -154
 1066 -153
 511 -152
 98 -151
 22 -150
 4 -149
 3 -148
 0 -147
 0 -146
 0 -145
 0 -144
 0 -143
 0 -142
 0 -141
 0 -140


