# Created by Octave 3.8.2, Sun Jun 21 05:20:28 2020 CEST <damian@fptrucha.inv.usc.es>
# name: hd
# type: matrix
# rows: 41
# columns: 2
 1 -180
 0 -179
 1 -178
 0 -177
 0 -176
 1 -175
 1 -174
 0 -173
 4 -172
 3 -171
 7 -170
 28 -169
 73 -168
 114 -167
 175 -166
 351 -165
 980 -164
 1350 -163
 2013 -162
 2401 -161
 2366 -160
 2304 -159
 1996 -158
 2221 -157
 2224 -156
 2005 -155
 1435 -154
 622 -153
 287 -152
 69 -151
 10 -150
 3 -149
 2 -148
 1 -147
 0 -146
 0 -145
 0 -144
 0 -143
 0 -142
 0 -141
 0 -140


