# Created by Octave 3.8.2, Mon Jun 22 19:03:16 2020 CEST <damian@fptrucha.inv.usc.es>
# name: hd
# type: matrix
# rows: 41
# columns: 2
 0 -180
 1 -179
 0 -178
 0 -177
 2 -176
 1 -175
 1 -174
 3 -173
 2 -172
 7 -171
 29 -170
 60 -169
 108 -168
 200 -167
 314 -166
 738 -165
 1558 -164
 2441 -163
 3401 -162
 3852 -161
 3800 -160
 3556 -159
 3242 -158
 3694 -157
 3518 -156
 3235 -155
 1951 -154
 916 -153
 373 -152
 73 -151
 12 -150
 3 -149
 1 -148
 1 -147
 0 -146
 0 -145
 0 -144
 1 -143
 1 -142
 0 -141
 0 -140


