# Created by Octave 3.8.2, Mon Jun 22 04:40:43 2020 CEST <damian@fptrucha.inv.usc.es>
# name: hd
# type: matrix
# rows: 41
# columns: 2
 0 -180
 1 -179
 1 -178
 4 -177
 3 -176
 0 -175
 1 -174
 4 -173
 5 -172
 6 -171
 14 -170
 43 -169
 82 -168
 159 -167
 295 -166
 554 -165
 1234 -164
 1931 -163
 2863 -162
 3316 -161
 3379 -160
 2894 -159
 2846 -158
 3166 -157
 2971 -156
 2776 -155
 1776 -154
 937 -153
 396 -152
 120 -151
 19 -150
 7 -149
 1 -148
 0 -147
 1 -146
 1 -145
 1 -144
 1 -143
 1 -142
 0 -141
 0 -140


