# Created by Octave 3.8.2, Sun Jun 21 00:24:32 2020 CEST <damian@fptrucha.inv.usc.es>
# name: hd
# type: matrix
# rows: 41
# columns: 2
 0 -180
 1 -179
 0 -178
 0 -177
 0 -176
 0 -175
 1 -174
 3 -173
 4 -172
 5 -171
 16 -170
 42 -169
 105 -168
 154 -167
 240 -166
 563 -165
 1434 -164
 2052 -163
 2993 -162
 3478 -161
 3572 -160
 3535 -159
 2984 -158
 3332 -157
 3343 -156
 3098 -155
 2066 -154
 862 -153
 433 -152
 92 -151
 34 -150
 9 -149
 1 -148
 0 -147
 0 -146
 0 -145
 0 -144
 0 -143
 0 -142
 0 -141
 0 -140


