# Created by Octave 3.8.2, Mon Jun 22 11:57:21 2020 CEST <damian@fptrucha.inv.usc.es>
# name: hd
# type: matrix
# rows: 41
# columns: 2
 2 -180
 0 -179
 1 -178
 2 -177
 1 -176
 2 -175
 2 -174
 0 -173
 8 -172
 3 -171
 21 -170
 52 -169
 121 -168
 226 -167
 299 -166
 702 -165
 1532 -164
 2335 -163
 3207 -162
 3704 -161
 3789 -160
 3204 -159
 3154 -158
 3454 -157
 3392 -156
 2951 -155
 1733 -154
 864 -153
 363 -152
 86 -151
 14 -150
 3 -149
 1 -148
 1 -147
 0 -146
 2 -145
 0 -144
 0 -143
 0 -142
 0 -141
 0 -140


