# Created by Octave 3.8.2, Sat Jun 20 07:24:29 2020 CEST <damian@fptrucha.inv.usc.es>
# name: hd
# type: matrix
# rows: 41
# columns: 2
 1 -180
 0 -179
 0 -178
 1 -177
 0 -176
 1 -175
 1 -174
 1 -173
 5 -172
 8 -171
 16 -170
 61 -169
 134 -168
 187 -167
 292 -166
 691 -165
 1774 -164
 2466 -163
 3556 -162
 4086 -161
 4127 -160
 4048 -159
 3395 -158
 3925 -157
 3819 -156
 3463 -155
 2348 -154
 1065 -153
 540 -152
 103 -151
 31 -150
 5 -149
 0 -148
 0 -147
 0 -146
 0 -145
 1 -144
 1 -143
 0 -142
 0 -141
 0 -140


