# Created by Octave 3.8.2, Mon Jun 22 02:40:41 2020 CEST <damian@fptrucha.inv.usc.es>
# name: hd
# type: matrix
# rows: 41
# columns: 2
 3 -180
 4 -179
 0 -178
 0 -177
 0 -176
 0 -175
 1 -174
 1 -173
 0 -172
 7 -171
 19 -170
 47 -169
 117 -168
 190 -167
 297 -166
 727 -165
 1470 -164
 2132 -163
 2967 -162
 3375 -161
 3487 -160
 3022 -159
 2907 -158
 3319 -157
 3138 -156
 2892 -155
 1691 -154
 775 -153
 365 -152
 72 -151
 19 -150
 3 -149
 1 -148
 0 -147
 0 -146
 1 -145
 1 -144
 0 -143
 1 -142
 1 -141
 0 -140


