# Created by Octave 3.8.2, Sat Jun 20 09:07:08 2020 CEST <damian@fptrucha.inv.usc.es>
# name: hd
# type: matrix
# rows: 41
# columns: 2
 0 -180
 2 -179
 0 -178
 0 -177
 1 -176
 1 -175
 0 -174
 1 -173
 0 -172
 4 -171
 19 -170
 35 -169
 95 -168
 151 -167
 237 -166
 481 -165
 1258 -164
 1619 -163
 2442 -162
 2776 -161
 2781 -160
 2577 -159
 2279 -158
 2545 -157
 2493 -156
 2364 -155
 1559 -154
 705 -153
 314 -152
 71 -151
 11 -150
 5 -149
 2 -148
 1 -147
 0 -146
 0 -145
 0 -144
 0 -143
 0 -142
 0 -141
 0 -140


