# Created by Octave 3.8.2, Mon Jun 22 05:28:38 2020 CEST <damian@fptrucha.inv.usc.es>
# name: hd
# type: matrix
# rows: 41
# columns: 2
 1 -180
 1 -179
 4 -178
 2 -177
 1 -176
 0 -175
 1 -174
 1 -173
 3 -172
 9 -171
 19 -170
 37 -169
 96 -168
 200 -167
 308 -166
 708 -165
 1447 -164
 2133 -163
 3083 -162
 3410 -161
 3471 -160
 3154 -159
 2924 -158
 3262 -157
 3244 -156
 2768 -155
 1752 -154
 842 -153
 386 -152
 84 -151
 21 -150
 8 -149
 1 -148
 0 -147
 1 -146
 0 -145
 0 -144
 2 -143
 0 -142
 0 -141
 0 -140


