# Created by Octave 3.8.2, Mon Jun 22 22:30:41 2020 CEST <damian@fptrucha.inv.usc.es>
# name: hd
# type: matrix
# rows: 41
# columns: 2
 0 -180
 1 -179
 0 -178
 0 -177
 4 -176
 1 -175
 1 -174
 3 -173
 2 -172
 4 -171
 11 -170
 57 -169
 127 -168
 240 -167
 279 -166
 668 -165
 1573 -164
 2438 -163
 3395 -162
 3841 -161
 3933 -160
 3840 -159
 3147 -158
 3656 -157
 3660 -156
 3340 -155
 2303 -154
 1004 -153
 448 -152
 109 -151
 23 -150
 3 -149
 0 -148
 1 -147
 0 -146
 0 -145
 0 -144
 0 -143
 1 -142
 0 -141
 0 -140


