# Created by Octave 3.8.2, Sat Jun 20 08:40:01 2020 CEST <damian@fptrucha.inv.usc.es>
# name: hd
# type: matrix
# rows: 41
# columns: 2
 1 -180
 1 -179
 0 -178
 1 -177
 0 -176
 0 -175
 1 -174
 1 -173
 2 -172
 10 -171
 19 -170
 71 -169
 148 -168
 250 -167
 380 -166
 707 -165
 1759 -164
 2559 -163
 3664 -162
 4043 -161
 4272 -160
 4216 -159
 3486 -158
 3999 -157
 3865 -156
 3471 -155
 2503 -154
 1044 -153
 514 -152
 134 -151
 22 -150
 5 -149
 2 -148
 1 -147
 0 -146
 0 -145
 0 -144
 0 -143
 0 -142
 0 -141
 0 -140


