# Created by Octave 3.8.2, Sun Jun 21 08:18:41 2020 CEST <damian@fptrucha.inv.usc.es>
# name: hd
# type: matrix
# rows: 41
# columns: 2
 0 -180
 0 -179
 0 -178
 1 -177
 1 -176
 1 -175
 3 -174
 1 -173
 6 -172
 8 -171
 12 -170
 32 -169
 99 -168
 141 -167
 196 -166
 534 -165
 1373 -164
 1942 -163
 2969 -162
 3490 -161
 3544 -160
 3503 -159
 2947 -158
 3252 -157
 3200 -156
 3133 -155
 2074 -154
 989 -153
 445 -152
 101 -151
 20 -150
 8 -149
 1 -148
 0 -147
 2 -146
 0 -145
 2 -144
 0 -143
 0 -142
 0 -141
 0 -140


