# Created by Octave 3.8.2, Mon Jun 22 11:24:42 2020 CEST <damian@fptrucha.inv.usc.es>
# name: hd
# type: matrix
# rows: 41
# columns: 2
 0 -180
 0 -179
 0 -178
 0 -177
 0 -176
 0 -175
 5 -174
 3 -173
 8 -172
 8 -171
 27 -170
 52 -169
 115 -168
 222 -167
 294 -166
 766 -165
 1479 -164
 2333 -163
 3433 -162
 3656 -161
 3547 -160
 3276 -159
 3137 -158
 3381 -157
 3489 -156
 2970 -155
 1706 -154
 839 -153
 370 -152
 62 -151
 8 -150
 2 -149
 1 -148
 1 -147
 1 -146
 0 -145
 0 -144
 1 -143
 1 -142
 0 -141
 0 -140


