# Created by Octave 3.8.2, Sat Jun 20 19:52:26 2020 CEST <damian@fptrucha.inv.usc.es>
# name: hd
# type: matrix
# rows: 41
# columns: 2
 0 -180
 0 -179
 0 -178
 0 -177
 1 -176
 0 -175
 0 -174
 3 -173
 4 -172
 10 -171
 20 -170
 58 -169
 96 -168
 175 -167
 258 -166
 625 -165
 1484 -164
 2145 -163
 3184 -162
 3582 -161
 3640 -160
 3621 -159
 3001 -158
 3527 -157
 3547 -156
 3145 -155
 2256 -154
 951 -153
 458 -152
 109 -151
 15 -150
 5 -149
 2 -148
 0 -147
 0 -146
 0 -145
 0 -144
 0 -143
 0 -142
 0 -141
 0 -140


