# Created by Octave 3.8.2, Mon Jun 22 20:28:17 2020 CEST <damian@fptrucha.inv.usc.es>
# name: hd
# type: matrix
# rows: 41
# columns: 2
 1 -180
 0 -179
 1 -178
 2 -177
 1 -176
 0 -175
 2 -174
 0 -173
 4 -172
 9 -171
 28 -170
 63 -169
 106 -168
 198 -167
 306 -166
 786 -165
 1550 -164
 2504 -163
 3531 -162
 4024 -161
 3937 -160
 3379 -159
 3195 -158
 3687 -157
 3553 -156
 3171 -155
 1946 -154
 955 -153
 418 -152
 89 -151
 17 -150
 2 -149
 0 -148
 0 -147
 1 -146
 0 -145
 0 -144
 0 -143
 0 -142
 0 -141
 0 -140


