# Created by Octave 3.8.2, Mon Jun 22 01:32:47 2020 CEST <damian@fptrucha.inv.usc.es>
# name: hd
# type: matrix
# rows: 41
# columns: 2
 0 -180
 0 -179
 0 -178
 1 -177
 0 -176
 0 -175
 0 -174
 0 -173
 4 -172
 4 -171
 9 -170
 52 -169
 103 -168
 203 -167
 245 -166
 583 -165
 1420 -164
 2057 -163
 3177 -162
 3504 -161
 3655 -160
 3642 -159
 3045 -158
 3432 -157
 3381 -156
 3051 -155
 2090 -154
 990 -153
 462 -152
 101 -151
 23 -150
 5 -149
 0 -148
 0 -147
 1 -146
 0 -145
 0 -144
 0 -143
 0 -142
 0 -141
 0 -140


