# Created by Octave 3.8.2, Sat Jun 20 12:27:34 2020 CEST <damian@fptrucha.inv.usc.es>
# name: hd
# type: matrix
# rows: 41
# columns: 2
 1 -180
 0 -179
 0 -178
 0 -177
 0 -176
 0 -175
 0 -174
 0 -173
 3 -172
 2 -171
 17 -170
 52 -169
 117 -168
 224 -167
 330 -166
 692 -165
 1571 -164
 2220 -163
 3327 -162
 3864 -161
 4018 -160
 4004 -159
 3319 -158
 3760 -157
 3674 -156
 3466 -155
 2348 -154
 998 -153
 449 -152
 116 -151
 18 -150
 5 -149
 2 -148
 0 -147
 1 -146
 0 -145
 2 -144
 0 -143
 2 -142
 0 -141
 0 -140


