# Created by Octave 3.8.2, Sat Jun 20 14:49:51 2020 CEST <damian@fptrucha.inv.usc.es>
# name: hd
# type: matrix
# rows: 41
# columns: 2
 0 -180
 0 -179
 0 -178
 1 -177
 0 -176
 0 -175
 0 -174
 2 -173
 0 -172
 6 -171
 15 -170
 48 -169
 98 -168
 172 -167
 290 -166
 641 -165
 1532 -164
 2247 -163
 3240 -162
 3742 -161
 3861 -160
 3606 -159
 3170 -158
 3624 -157
 3389 -156
 3284 -155
 2210 -154
 1058 -153
 483 -152
 99 -151
 22 -150
 8 -149
 0 -148
 1 -147
 0 -146
 1 -145
 0 -144
 0 -143
 0 -142
 0 -141
 0 -140


