# Created by Octave 3.8.2, Mon Jun 22 17:09:28 2020 CEST <damian@fptrucha.inv.usc.es>
# name: hd
# type: matrix
# rows: 41
# columns: 2
 0 -180
 1 -179
 1 -178
 1 -177
 1 -176
 3 -175
 0 -174
 4 -173
 2 -172
 9 -171
 20 -170
 48 -169
 149 -168
 225 -167
 375 -166
 850 -165
 1662 -164
 2439 -163
 3473 -162
 3771 -161
 3803 -160
 3385 -159
 3197 -158
 3530 -157
 3597 -156
 3086 -155
 1812 -154
 942 -153
 347 -152
 67 -151
 15 -150
 4 -149
 3 -148
 0 -147
 0 -146
 0 -145
 0 -144
 0 -143
 0 -142
 0 -141
 0 -140


