# Created by Octave 3.8.2, Mon Jun 22 16:34:29 2020 CEST <damian@fptrucha.inv.usc.es>
# name: hd
# type: matrix
# rows: 41
# columns: 2
 0 -180
 1 -179
 0 -178
 0 -177
 1 -176
 0 -175
 3 -174
 1 -173
 4 -172
 11 -171
 37 -170
 46 -169
 119 -168
 206 -167
 311 -166
 813 -165
 1552 -164
 2332 -163
 3321 -162
 3845 -161
 3860 -160
 3271 -159
 3276 -158
 3646 -157
 3450 -156
 3105 -155
 1799 -154
 924 -153
 367 -152
 84 -151
 20 -150
 5 -149
 0 -148
 1 -147
 0 -146
 0 -145
 0 -144
 0 -143
 0 -142
 0 -141
 0 -140


