# Created by Octave 3.8.2, Mon Jun 22 11:11:20 2020 CEST <damian@fptrucha.inv.usc.es>
# name: hd
# type: matrix
# rows: 41
# columns: 2
 3 -180
 2 -179
 1 -178
 2 -177
 0 -176
 0 -175
 1 -174
 5 -173
 8 -172
 10 -171
 29 -170
 51 -169
 127 -168
 190 -167
 347 -166
 814 -165
 1547 -164
 2287 -163
 3384 -162
 3733 -161
 3724 -160
 3127 -159
 3150 -158
 3442 -157
 3362 -156
 2941 -155
 1768 -154
 887 -153
 363 -152
 63 -151
 12 -150
 2 -149
 1 -148
 0 -147
 1 -146
 1 -145
 0 -144
 0 -143
 1 -142
 0 -141
 0 -140


