# Created by Octave 3.8.2, Sat Jun 20 16:14:40 2020 CEST <damian@fptrucha.inv.usc.es>
# name: hd
# type: matrix
# rows: 41
# columns: 2
 0 -180
 0 -179
 1 -178
 0 -177
 1 -176
 1 -175
 1 -174
 2 -173
 4 -172
 4 -171
 13 -170
 49 -169
 91 -168
 179 -167
 250 -166
 594 -165
 1468 -164
 2216 -163
 3234 -162
 3565 -161
 3668 -160
 3764 -159
 3077 -158
 3495 -157
 3528 -156
 3201 -155
 2233 -154
 968 -153
 492 -152
 103 -151
 23 -150
 5 -149
 1 -148
 2 -147
 1 -146
 0 -145
 1 -144
 0 -143
 0 -142
 0 -141
 0 -140


