# Created by Octave 3.8.2, Sat Jun 20 04:04:30 2020 CEST <damian@fptrucha.inv.usc.es>
# name: hd
# type: matrix
# rows: 41
# columns: 2
 0 -180
 0 -179
 0 -178
 0 -177
 0 -176
 3 -175
 3 -174
 1 -173
 0 -172
 8 -171
 15 -170
 35 -169
 102 -168
 183 -167
 305 -166
 696 -165
 1582 -164
 2265 -163
 3478 -162
 3951 -161
 4085 -160
 4020 -159
 3247 -158
 3805 -157
 3820 -156
 3442 -155
 2357 -154
 1026 -153
 490 -152
 121 -151
 26 -150
 3 -149
 2 -148
 1 -147
 0 -146
 0 -145
 1 -144
 0 -143
 0 -142
 0 -141
 0 -140


