# Created by Octave 3.8.2, Mon Jun 22 07:17:19 2020 CEST <damian@fptrucha.inv.usc.es>
# name: hd
# type: matrix
# rows: 41
# columns: 2
 1 -180
 0 -179
 3 -178
 0 -177
 0 -176
 3 -175
 1 -174
 1 -173
 7 -172
 6 -171
 20 -170
 63 -169
 115 -168
 207 -167
 331 -166
 756 -165
 1560 -164
 2286 -163
 3133 -162
 3525 -161
 3597 -160
 3169 -159
 2986 -158
 3359 -157
 3236 -156
 2840 -155
 1647 -154
 779 -153
 310 -152
 80 -151
 15 -150
 1 -149
 1 -148
 2 -147
 0 -146
 0 -145
 2 -144
 2 -143
 1 -142
 1 -141
 0 -140


