# Created by Octave 3.8.2, Sat Jun 20 21:22:20 2020 CEST <damian@fptrucha.inv.usc.es>
# name: hd
# type: matrix
# rows: 41
# columns: 2
 1 -180
 0 -179
 0 -178
 1 -177
 0 -176
 0 -175
 1 -174
 2 -173
 4 -172
 4 -171
 14 -170
 35 -169
 83 -168
 193 -167
 284 -166
 588 -165
 1441 -164
 2075 -163
 3153 -162
 3454 -161
 3776 -160
 3511 -159
 2986 -158
 3313 -157
 3339 -156
 3198 -155
 2117 -154
 993 -153
 439 -152
 109 -151
 18 -150
 6 -149
 1 -148
 0 -147
 0 -146
 0 -145
 0 -144
 0 -143
 0 -142
 0 -141
 0 -140


