# Created by Octave 3.8.2, Mon Jun 22 15:32:24 2020 CEST <damian@fptrucha.inv.usc.es>
# name: hd
# type: matrix
# rows: 41
# columns: 2
 0 -180
 2 -179
 0 -178
 0 -177
 4 -176
 0 -175
 0 -174
 1 -173
 5 -172
 7 -171
 20 -170
 67 -169
 130 -168
 237 -167
 311 -166
 783 -165
 1466 -164
 2344 -163
 3417 -162
 3859 -161
 3868 -160
 3434 -159
 3198 -158
 3552 -157
 3574 -156
 3110 -155
 1845 -154
 953 -153
 385 -152
 81 -151
 24 -150
 3 -149
 0 -148
 2 -147
 1 -146
 0 -145
 0 -144
 0 -143
 0 -142
 0 -141
 0 -140


