# Created by Octave 3.8.2, Sat Jun 20 19:57:11 2020 CEST <damian@fptrucha.inv.usc.es>
# name: hd
# type: matrix
# rows: 41
# columns: 2
 0 -180
 1 -179
 1 -178
 0 -177
 0 -176
 2 -175
 1 -174
 1 -173
 2 -172
 7 -171
 15 -170
 56 -169
 104 -168
 167 -167
 272 -166
 573 -165
 1498 -164
 2119 -163
 3210 -162
 3506 -161
 3711 -160
 3557 -159
 3103 -158
 3373 -157
 3372 -156
 3177 -155
 2117 -154
 951 -153
 454 -152
 96 -151
 15 -150
 5 -149
 0 -148
 0 -147
 0 -146
 0 -145
 1 -144
 1 -143
 0 -142
 1 -141
 0 -140


