# Created by Octave 3.8.2, Sun Jun 21 06:19:35 2020 CEST <damian@fptrucha.inv.usc.es>
# name: hd
# type: matrix
# rows: 41
# columns: 2
 0 -180
 0 -179
 0 -178
 1 -177
 0 -176
 0 -175
 0 -174
 4 -173
 0 -172
 2 -171
 11 -170
 35 -169
 44 -168
 94 -167
 154 -166
 347 -165
 915 -164
 1328 -163
 2040 -162
 2235 -161
 2291 -160
 2420 -159
 2021 -158
 2185 -157
 2222 -156
 2132 -155
 1503 -154
 608 -153
 318 -152
 74 -151
 14 -150
 2 -149
 0 -148
 1 -147
 1 -146
 0 -145
 0 -144
 0 -143
 0 -142
 0 -141
 0 -140


