# Created by Octave 3.8.2, Sat Jun 20 06:03:57 2020 CEST <damian@fptrucha.inv.usc.es>
# name: hd
# type: matrix
# rows: 41
# columns: 2
 2 -180
 1 -179
 0 -178
 0 -177
 0 -176
 1 -175
 2 -174
 1 -173
 1 -172
 10 -171
 24 -170
 52 -169
 103 -168
 209 -167
 290 -166
 659 -165
 1696 -164
 2339 -163
 3543 -162
 4037 -161
 4113 -160
 4149 -159
 3456 -158
 3736 -157
 3836 -156
 3545 -155
 2454 -154
 1057 -153
 521 -152
 107 -151
 17 -150
 7 -149
 2 -148
 1 -147
 0 -146
 0 -145
 0 -144
 0 -143
 1 -142
 0 -141
 0 -140


