# Created by Octave 3.8.2, Sat Jun 20 20:01:05 2020 CEST <damian@fptrucha.inv.usc.es>
# name: hd
# type: matrix
# rows: 41
# columns: 2
 1 -180
 1 -179
 1 -178
 1 -177
 1 -176
 0 -175
 0 -174
 1 -173
 2 -172
 10 -171
 14 -170
 47 -169
 93 -168
 199 -167
 249 -166
 574 -165
 1431 -164
 2048 -163
 3147 -162
 3617 -161
 3788 -160
 3716 -159
 3051 -158
 3368 -157
 3432 -156
 3079 -155
 2229 -154
 914 -153
 452 -152
 99 -151
 16 -150
 4 -149
 1 -148
 0 -147
 1 -146
 1 -145
 0 -144
 0 -143
 0 -142
 0 -141
 0 -140


