# Created by Octave 3.8.2, Sat Jun 20 23:53:28 2020 CEST <damian@fptrucha.inv.usc.es>
# name: hd
# type: matrix
# rows: 41
# columns: 2
 0 -180
 0 -179
 0 -178
 0 -177
 0 -176
 1 -175
 2 -174
 4 -173
 2 -172
 3 -171
 17 -170
 40 -169
 103 -168
 184 -167
 235 -166
 582 -165
 1511 -164
 2006 -163
 3070 -162
 3482 -161
 3513 -160
 3615 -159
 2993 -158
 3333 -157
 3429 -156
 3032 -155
 2173 -154
 913 -153
 471 -152
 108 -151
 19 -150
 7 -149
 2 -148
 2 -147
 0 -146
 0 -145
 0 -144
 0 -143
 0 -142
 0 -141
 0 -140


