# Created by Octave 3.8.2, Mon Jun 22 17:19:10 2020 CEST <damian@fptrucha.inv.usc.es>
# name: hd
# type: matrix
# rows: 41
# columns: 2
 0 -180
 0 -179
 0 -178
 4 -177
 1 -176
 0 -175
 1 -174
 1 -173
 5 -172
 4 -171
 21 -170
 51 -169
 135 -168
 235 -167
 335 -166
 828 -165
 1562 -164
 2439 -163
 3456 -162
 3726 -161
 3932 -160
 3426 -159
 3277 -158
 3627 -157
 3529 -156
 3060 -155
 1741 -154
 878 -153
 376 -152
 82 -151
 15 -150
 3 -149
 2 -148
 2 -147
 1 -146
 1 -145
 0 -144
 0 -143
 0 -142
 0 -141
 0 -140


