# Created by Octave 3.8.2, Mon Jun 22 07:12:40 2020 CEST <damian@fptrucha.inv.usc.es>
# name: hd
# type: matrix
# rows: 41
# columns: 2
 1 -180
 2 -179
 0 -178
 1 -177
 2 -176
 3 -175
 1 -174
 3 -173
 3 -172
 11 -171
 23 -170
 57 -169
 121 -168
 194 -167
 302 -166
 712 -165
 1543 -164
 2160 -163
 3154 -162
 3546 -161
 3465 -160
 3231 -159
 2929 -158
 3203 -157
 3166 -156
 2841 -155
 1637 -154
 769 -153
 334 -152
 79 -151
 19 -150
 0 -149
 2 -148
 1 -147
 0 -146
 1 -145
 1 -144
 1 -143
 0 -142
 0 -141
 0 -140


