# Created by Octave 3.8.2, Sun Jun 21 04:40:37 2020 CEST <damian@fptrucha.inv.usc.es>
# name: hd
# type: matrix
# rows: 41
# columns: 2
 0 -180
 0 -179
 0 -178
 0 -177
 0 -176
 0 -175
 1 -174
 2 -173
 1 -172
 1 -171
 8 -170
 39 -169
 67 -168
 124 -167
 162 -166
 414 -165
 1005 -164
 1432 -163
 2076 -162
 2278 -161
 2397 -160
 2324 -159
 1940 -158
 2299 -157
 2245 -156
 2110 -155
 1486 -154
 631 -153
 309 -152
 61 -151
 7 -150
 3 -149
 1 -148
 0 -147
 0 -146
 0 -145
 0 -144
 0 -143
 0 -142
 0 -141
 0 -140


