# Created by Octave 3.8.2, Mon Jun 22 08:45:32 2020 CEST <damian@fptrucha.inv.usc.es>
# name: hd
# type: matrix
# rows: 41
# columns: 2
 1 -180
 0 -179
 1 -178
 1 -177
 0 -176
 1 -175
 0 -174
 1 -173
 0 -172
 5 -171
 8 -170
 39 -169
 73 -168
 94 -167
 197 -166
 461 -165
 910 -164
 1482 -163
 2148 -162
 2360 -161
 2360 -160
 2018 -159
 2038 -158
 2259 -157
 2174 -156
 1951 -155
 1155 -154
 510 -153
 242 -152
 51 -151
 15 -150
 1 -149
 1 -148
 0 -147
 0 -146
 0 -145
 0 -144
 0 -143
 0 -142
 0 -141
 0 -140


