# Created by Octave 3.8.2, Sat Jun 20 20:32:55 2020 CEST <damian@fptrucha.inv.usc.es>
# name: hd
# type: matrix
# rows: 41
# columns: 2
 1 -180
 0 -179
 0 -178
 1 -177
 1 -176
 0 -175
 0 -174
 2 -173
 1 -172
 2 -171
 16 -170
 48 -169
 113 -168
 181 -167
 279 -166
 606 -165
 1406 -164
 2098 -163
 3125 -162
 3499 -161
 3676 -160
 3607 -159
 3019 -158
 3511 -157
 3456 -156
 3168 -155
 2236 -154
 1023 -153
 474 -152
 107 -151
 22 -150
 8 -149
 3 -148
 1 -147
 0 -146
 0 -145
 1 -144
 0 -143
 0 -142
 0 -141
 0 -140


