# Created by Octave 3.8.2, Mon Jun 22 04:21:53 2020 CEST <damian@fptrucha.inv.usc.es>
# name: hd
# type: matrix
# rows: 41
# columns: 2
 0 -180
 1 -179
 1 -178
 0 -177
 2 -176
 1 -175
 4 -174
 1 -173
 5 -172
 8 -171
 11 -170
 47 -169
 80 -168
 151 -167
 281 -166
 599 -165
 1271 -164
 1950 -163
 2927 -162
 3255 -161
 3386 -160
 3073 -159
 2860 -158
 3215 -157
 3122 -156
 2825 -155
 1818 -154
 890 -153
 427 -152
 104 -151
 20 -150
 2 -149
 1 -148
 3 -147
 1 -146
 1 -145
 0 -144
 0 -143
 0 -142
 1 -141
 0 -140


