# Created by Octave 3.8.2, Sun Jun 21 01:24:06 2020 CEST <damian@fptrucha.inv.usc.es>
# name: hd
# type: matrix
# rows: 41
# columns: 2
 0 -180
 0 -179
 0 -178
 0 -177
 3 -176
 0 -175
 1 -174
 0 -173
 1 -172
 4 -171
 14 -170
 41 -169
 103 -168
 168 -167
 244 -166
 582 -165
 1417 -164
 2039 -163
 3004 -162
 3490 -161
 3663 -160
 3505 -159
 2931 -158
 3421 -157
 3421 -156
 2954 -155
 2090 -154
 940 -153
 486 -152
 92 -151
 19 -150
 6 -149
 2 -148
 0 -147
 0 -146
 0 -145
 0 -144
 0 -143
 0 -142
 0 -141
 0 -140


