# Created by Octave 3.8.2, Sun Jun 21 04:26:14 2020 CEST <damian@fptrucha.inv.usc.es>
# name: hd
# type: matrix
# rows: 41
# columns: 2
 0 -180
 0 -179
 0 -178
 0 -177
 0 -176
 0 -175
 0 -174
 2 -173
 3 -172
 4 -171
 15 -170
 49 -169
 88 -168
 177 -167
 247 -166
 543 -165
 1453 -164
 2103 -163
 3039 -162
 3399 -161
 3611 -160
 3583 -159
 3108 -158
 3364 -157
 3390 -156
 3044 -155
 2113 -154
 913 -153
 452 -152
 92 -151
 28 -150
 6 -149
 3 -148
 0 -147
 2 -146
 2 -145
 0 -144
 1 -143
 0 -142
 0 -141
 0 -140


