# Created by Octave 3.8.2, Mon Jun 22 05:40:03 2020 CEST <damian@fptrucha.inv.usc.es>
# name: hd
# type: matrix
# rows: 41
# columns: 2
 0 -180
 0 -179
 1 -178
 1 -177
 2 -176
 2 -175
 3 -174
 2 -173
 3 -172
 9 -171
 29 -170
 67 -169
 113 -168
 196 -167
 307 -166
 692 -165
 1483 -164
 2202 -163
 3126 -162
 3376 -161
 3545 -160
 3058 -159
 2882 -158
 3309 -157
 3175 -156
 2740 -155
 1651 -154
 715 -153
 312 -152
 81 -151
 17 -150
 5 -149
 1 -148
 1 -147
 1 -146
 2 -145
 1 -144
 0 -143
 0 -142
 0 -141
 0 -140


