# Created by Octave 3.8.2, Mon Jun 22 18:29:47 2020 CEST <damian@fptrucha.inv.usc.es>
# name: hd
# type: matrix
# rows: 41
# columns: 2
 1 -180
 1 -179
 0 -178
 1 -177
 2 -176
 0 -175
 2 -174
 3 -173
 0 -172
 7 -171
 25 -170
 40 -169
 133 -168
 215 -167
 327 -166
 749 -165
 1587 -164
 2440 -163
 3456 -162
 3825 -161
 3887 -160
 3506 -159
 3278 -158
 3564 -157
 3597 -156
 3171 -155
 1989 -154
 949 -153
 378 -152
 77 -151
 15 -150
 1 -149
 0 -148
 1 -147
 0 -146
 1 -145
 0 -144
 0 -143
 1 -142
 0 -141
 0 -140


