# Created by Octave 3.8.2, Sat Jun 20 02:59:19 2020 CEST <damian@fptrucha.inv.usc.es>
# name: hd
# type: matrix
# rows: 41
# columns: 2
 1 -180
 0 -179
 0 -178
 0 -177
 1 -176
 0 -175
 1 -174
 2 -173
 2 -172
 5 -171
 19 -170
 51 -169
 124 -168
 165 -167
 251 -166
 651 -165
 1589 -164
 2320 -163
 3459 -162
 3908 -161
 3997 -160
 3868 -159
 3279 -158
 3777 -157
 3776 -156
 3343 -155
 2343 -154
 995 -153
 431 -152
 116 -151
 28 -150
 2 -149
 1 -148
 1 -147
 1 -146
 0 -145
 0 -144
 0 -143
 0 -142
 1 -141
 0 -140


