# Created by Octave 3.8.2, Mon Jun 22 18:59:46 2020 CEST <damian@fptrucha.inv.usc.es>
# name: hd
# type: matrix
# rows: 41
# columns: 2
 1 -180
 2 -179
 1 -178
 2 -177
 2 -176
 1 -175
 0 -174
 2 -173
 4 -172
 8 -171
 19 -170
 51 -169
 120 -168
 211 -167
 350 -166
 752 -165
 1657 -164
 2463 -163
 3410 -162
 3771 -161
 3885 -160
 3497 -159
 3188 -158
 3652 -157
 3557 -156
 3076 -155
 1974 -154
 940 -153
 385 -152
 93 -151
 22 -150
 4 -149
 0 -148
 2 -147
 1 -146
 2 -145
 0 -144
 0 -143
 0 -142
 0 -141
 0 -140


