# Created by Octave 3.8.2, Sat Jun 20 07:51:45 2020 CEST <damian@fptrucha.inv.usc.es>
# name: hd
# type: matrix
# rows: 41
# columns: 2
 0 -180
 1 -179
 0 -178
 0 -177
 1 -176
 1 -175
 2 -174
 0 -173
 2 -172
 5 -171
 19 -170
 57 -169
 132 -168
 203 -167
 283 -166
 698 -165
 1720 -164
 2384 -163
 3546 -162
 4096 -161
 4157 -160
 4105 -159
 3559 -158
 3791 -157
 3848 -156
 3490 -155
 2395 -154
 1103 -153
 529 -152
 109 -151
 14 -150
 2 -149
 0 -148
 0 -147
 0 -146
 1 -145
 0 -144
 0 -143
 0 -142
 0 -141
 0 -140


