# Created by Octave 3.8.2, Mon Jun 22 18:21:47 2020 CEST <damian@fptrucha.inv.usc.es>
# name: hd
# type: matrix
# rows: 41
# columns: 2
 1 -180
 2 -179
 1 -178
 1 -177
 1 -176
 1 -175
 1 -174
 2 -173
 4 -172
 6 -171
 22 -170
 46 -169
 119 -168
 231 -167
 325 -166
 784 -165
 1669 -164
 2457 -163
 3568 -162
 3849 -161
 3873 -160
 3483 -159
 3178 -158
 3603 -157
 3485 -156
 3183 -155
 1862 -154
 937 -153
 375 -152
 73 -151
 17 -150
 3 -149
 1 -148
 3 -147
 1 -146
 0 -145
 1 -144
 0 -143
 0 -142
 0 -141
 0 -140


