# Created by Octave 3.8.2, Sun Jun 21 00:04:29 2020 CEST <damian@fptrucha.inv.usc.es>
# name: hd
# type: matrix
# rows: 41
# columns: 2
 1 -180
 1 -179
 0 -178
 0 -177
 1 -176
 0 -175
 0 -174
 1 -173
 1 -172
 5 -171
 17 -170
 54 -169
 99 -168
 188 -167
 244 -166
 568 -165
 1517 -164
 2030 -163
 2977 -162
 3443 -161
 3581 -160
 3543 -159
 2956 -158
 3301 -157
 3224 -156
 3038 -155
 2057 -154
 937 -153
 448 -152
 108 -151
 21 -150
 6 -149
 3 -148
 0 -147
 1 -146
 1 -145
 0 -144
 0 -143
 0 -142
 0 -141
 0 -140


