# Created by Octave 3.8.2, Sat Jun 20 05:00:18 2020 CEST <damian@fptrucha.inv.usc.es>
# name: hd
# type: matrix
# rows: 41
# columns: 2
 1 -180
 0 -179
 0 -178
 0 -177
 0 -176
 0 -175
 0 -174
 1 -173
 2 -172
 5 -171
 21 -170
 43 -169
 96 -168
 159 -167
 284 -166
 605 -165
 1636 -164
 2303 -163
 3537 -162
 3896 -161
 3996 -160
 3869 -159
 3271 -158
 3754 -157
 3800 -156
 3427 -155
 2359 -154
 1017 -153
 514 -152
 124 -151
 15 -150
 5 -149
 0 -148
 1 -147
 0 -146
 1 -145
 0 -144
 0 -143
 0 -142
 1 -141
 0 -140


