# Created by Octave 3.8.2, Mon Jun 22 07:28:23 2020 CEST <damian@fptrucha.inv.usc.es>
# name: hd
# type: matrix
# rows: 41
# columns: 2
 1 -180
 1 -179
 0 -178
 0 -177
 1 -176
 3 -175
 0 -174
 3 -173
 5 -172
 6 -171
 26 -170
 60 -169
 100 -168
 203 -167
 314 -166
 809 -165
 1532 -164
 2260 -163
 3211 -162
 3473 -161
 3590 -160
 3216 -159
 2961 -158
 3233 -157
 3275 -156
 2815 -155
 1749 -154
 816 -153
 333 -152
 69 -151
 14 -150
 4 -149
 3 -148
 1 -147
 0 -146
 0 -145
 1 -144
 0 -143
 0 -142
 0 -141
 0 -140


