# Created by Octave 3.8.2, Sat Jun 20 18:25:28 2020 CEST <damian@fptrucha.inv.usc.es>
# name: hd
# type: matrix
# rows: 41
# columns: 2
 0 -180
 1 -179
 0 -178
 0 -177
 0 -176
 2 -175
 2 -174
 1 -173
 2 -172
 1 -171
 7 -170
 44 -169
 102 -168
 186 -167
 254 -166
 583 -165
 1487 -164
 2013 -163
 3041 -162
 3586 -161
 3718 -160
 3704 -159
 3010 -158
 3474 -157
 3360 -156
 2981 -155
 2174 -154
 974 -153
 469 -152
 119 -151
 20 -150
 7 -149
 2 -148
 0 -147
 0 -146
 0 -145
 0 -144
 0 -143
 0 -142
 0 -141
 0 -140


