# Created by Octave 3.8.2, Sun Jun 21 02:07:26 2020 CEST <damian@fptrucha.inv.usc.es>
# name: hd
# type: matrix
# rows: 41
# columns: 2
 2 -180
 0 -179
 0 -178
 0 -177
 0 -176
 0 -175
 1 -174
 1 -173
 4 -172
 3 -171
 14 -170
 40 -169
 95 -168
 199 -167
 255 -166
 541 -165
 1446 -164
 2020 -163
 3011 -162
 3427 -161
 3644 -160
 3499 -159
 2979 -158
 3314 -157
 3342 -156
 2998 -155
 2096 -154
 996 -153
 494 -152
 93 -151
 20 -150
 4 -149
 1 -148
 3 -147
 0 -146
 0 -145
 0 -144
 0 -143
 1 -142
 0 -141
 0 -140


