# Created by Octave 3.8.2, Sun Jun 21 02:24:42 2020 CEST <damian@fptrucha.inv.usc.es>
# name: hd
# type: matrix
# rows: 41
# columns: 2
 0 -180
 0 -179
 0 -178
 0 -177
 1 -176
 0 -175
 1 -174
 0 -173
 2 -172
 3 -171
 9 -170
 31 -169
 84 -168
 128 -167
 161 -166
 367 -165
 988 -164
 1345 -163
 2172 -162
 2317 -161
 2375 -160
 2380 -159
 2010 -158
 2222 -157
 2215 -156
 2014 -155
 1401 -154
 582 -153
 303 -152
 57 -151
 18 -150
 3 -149
 0 -148
 0 -147
 0 -146
 0 -145
 0 -144
 0 -143
 0 -142
 0 -141
 0 -140


