# Created by Octave 3.8.2, Mon Jun 22 05:16:57 2020 CEST <damian@fptrucha.inv.usc.es>
# name: hd
# type: matrix
# rows: 41
# columns: 2
 1 -180
 0 -179
 1 -178
 0 -177
 1 -176
 4 -175
 2 -174
 1 -173
 8 -172
 7 -171
 12 -170
 49 -169
 95 -168
 197 -167
 305 -166
 680 -165
 1385 -164
 2062 -163
 2971 -162
 3429 -161
 3399 -160
 3042 -159
 2860 -158
 3310 -157
 3122 -156
 2779 -155
 1753 -154
 838 -153
 379 -152
 83 -151
 18 -150
 6 -149
 1 -148
 2 -147
 1 -146
 0 -145
 0 -144
 0 -143
 0 -142
 0 -141
 0 -140


