# Created by Octave 3.8.2, Mon Jun 22 06:30:37 2020 CEST <damian@fptrucha.inv.usc.es>
# name: hd
# type: matrix
# rows: 41
# columns: 2
 0 -180
 0 -179
 0 -178
 2 -177
 1 -176
 0 -175
 1 -174
 1 -173
 3 -172
 9 -171
 22 -170
 72 -169
 106 -168
 203 -167
 322 -166
 743 -165
 1487 -164
 2216 -163
 3092 -162
 3570 -161
 3517 -160
 3120 -159
 3070 -158
 3290 -157
 3210 -156
 2841 -155
 1601 -154
 790 -153
 333 -152
 66 -151
 16 -150
 6 -149
 2 -148
 1 -147
 0 -146
 0 -145
 1 -144
 1 -143
 0 -142
 0 -141
 0 -140


