# Created by Octave 3.8.2, Mon Jun 22 18:39:33 2020 CEST <damian@fptrucha.inv.usc.es>
# name: hd
# type: matrix
# rows: 41
# columns: 2
 1 -180
 1 -179
 0 -178
 0 -177
 1 -176
 1 -175
 2 -174
 4 -173
 5 -172
 8 -171
 23 -170
 52 -169
 100 -168
 213 -167
 325 -166
 744 -165
 1598 -164
 2432 -163
 3413 -162
 3859 -161
 3899 -160
 3443 -159
 3272 -158
 3648 -157
 3645 -156
 3130 -155
 1920 -154
 945 -153
 413 -152
 68 -151
 26 -150
 2 -149
 0 -148
 0 -147
 0 -146
 0 -145
 1 -144
 0 -143
 0 -142
 1 -141
 0 -140


