# Created by Octave 3.8.2, Mon Jun 22 19:42:41 2020 CEST <damian@fptrucha.inv.usc.es>
# name: hd
# type: matrix
# rows: 41
# columns: 2
 0 -180
 2 -179
 0 -178
 1 -177
 1 -176
 1 -175
 0 -174
 1 -173
 1 -172
 3 -171
 19 -170
 66 -169
 123 -168
 212 -167
 305 -166
 813 -165
 1610 -164
 2530 -163
 3491 -162
 3968 -161
 3911 -160
 3395 -159
 3149 -158
 3626 -157
 3627 -156
 3210 -155
 1913 -154
 942 -153
 364 -152
 72 -151
 11 -150
 2 -149
 1 -148
 1 -147
 1 -146
 2 -145
 0 -144
 0 -143
 0 -142
 0 -141
 0 -140


