# Created by Octave 3.8.2, Mon Jun 22 18:28:39 2020 CEST <damian@fptrucha.inv.usc.es>
# name: hd
# type: matrix
# rows: 41
# columns: 2
 0 -180
 1 -179
 0 -178
 0 -177
 0 -176
 1 -175
 0 -174
 3 -173
 5 -172
 11 -171
 29 -170
 58 -169
 127 -168
 236 -167
 336 -166
 777 -165
 1604 -164
 2413 -163
 3482 -162
 3951 -161
 3854 -160
 3487 -159
 3170 -158
 3624 -157
 3631 -156
 3185 -155
 1986 -154
 925 -153
 364 -152
 74 -151
 21 -150
 5 -149
 1 -148
 1 -147
 1 -146
 0 -145
 0 -144
 0 -143
 0 -142
 2 -141
 0 -140


