# Created by Octave 3.8.2, Sat Jun 20 13:23:40 2020 CEST <damian@fptrucha.inv.usc.es>
# name: hd
# type: matrix
# rows: 41
# columns: 2
 0 -180
 1 -179
 1 -178
 0 -177
 1 -176
 0 -175
 0 -174
 0 -173
 3 -172
 6 -171
 19 -170
 76 -169
 125 -168
 250 -167
 326 -166
 651 -165
 1561 -164
 2286 -163
 3421 -162
 3670 -161
 3997 -160
 3819 -159
 3268 -158
 3742 -157
 3617 -156
 3354 -155
 2232 -154
 1037 -153
 424 -152
 102 -151
 28 -150
 2 -149
 4 -148
 0 -147
 0 -146
 0 -145
 0 -144
 1 -143
 0 -142
 0 -141
 0 -140


