# Created by Octave 3.8.2, Sun Jun 21 04:51:50 2020 CEST <damian@fptrucha.inv.usc.es>
# name: hd
# type: matrix
# rows: 41
# columns: 2
 0 -180
 0 -179
 0 -178
 0 -177
 2 -176
 0 -175
 3 -174
 3 -173
 3 -172
 11 -171
 21 -170
 47 -169
 103 -168
 184 -167
 234 -166
 608 -165
 1478 -164
 2084 -163
 3099 -162
 3514 -161
 3701 -160
 3650 -159
 3173 -158
 3514 -157
 3474 -156
 3102 -155
 2185 -154
 896 -153
 482 -152
 99 -151
 19 -150
 2 -149
 0 -148
 0 -147
 1 -146
 0 -145
 0 -144
 1 -143
 0 -142
 1 -141
 0 -140


