# Created by Octave 3.8.2, Mon Jun 22 07:05:39 2020 CEST <damian@fptrucha.inv.usc.es>
# name: hd
# type: matrix
# rows: 41
# columns: 2
 1 -180
 0 -179
 2 -178
 1 -177
 1 -176
 2 -175
 3 -174
 2 -173
 1 -172
 12 -171
 16 -170
 53 -169
 106 -168
 185 -167
 315 -166
 741 -165
 1473 -164
 2169 -163
 3197 -162
 3524 -161
 3422 -160
 3110 -159
 2945 -158
 3309 -157
 3156 -156
 2809 -155
 1738 -154
 821 -153
 307 -152
 62 -151
 16 -150
 1 -149
 0 -148
 0 -147
 0 -146
 0 -145
 0 -144
 1 -143
 0 -142
 0 -141
 0 -140


