# Created by Octave 3.8.2, Sun Jun 21 03:36:41 2020 CEST <damian@fptrucha.inv.usc.es>
# name: hd
# type: matrix
# rows: 41
# columns: 2
 0 -180
 0 -179
 0 -178
 0 -177
 0 -176
 2 -175
 0 -174
 3 -173
 3 -172
 3 -171
 14 -170
 39 -169
 94 -168
 171 -167
 281 -166
 607 -165
 1415 -164
 2056 -163
 3131 -162
 3580 -161
 3668 -160
 3598 -159
 3035 -158
 3258 -157
 3331 -156
 3176 -155
 2117 -154
 988 -153
 428 -152
 110 -151
 24 -150
 10 -149
 0 -148
 2 -147
 0 -146
 0 -145
 0 -144
 0 -143
 0 -142
 0 -141
 0 -140


