# Created by Octave 3.8.2, Sat Jun 20 06:36:15 2020 CEST <damian@fptrucha.inv.usc.es>
# name: hd
# type: matrix
# rows: 41
# columns: 2
 0 -180
 2 -179
 0 -178
 0 -177
 1 -176
 2 -175
 2 -174
 0 -173
 3 -172
 5 -171
 19 -170
 58 -169
 115 -168
 190 -167
 304 -166
 637 -165
 1727 -164
 2340 -163
 3475 -162
 3993 -161
 4183 -160
 4095 -159
 3386 -158
 3844 -157
 3929 -156
 3632 -155
 2428 -154
 1076 -153
 580 -152
 115 -151
 20 -150
 4 -149
 0 -148
 0 -147
 0 -146
 0 -145
 0 -144
 0 -143
 0 -142
 0 -141
 0 -140


