# Created by Octave 3.8.2, Mon Jun 22 08:03:25 2020 CEST <damian@fptrucha.inv.usc.es>
# name: hd
# type: matrix
# rows: 41
# columns: 2
 0 -180
 0 -179
 0 -178
 0 -177
 2 -176
 0 -175
 2 -174
 3 -173
 3 -172
 10 -171
 15 -170
 62 -169
 114 -168
 210 -167
 346 -166
 761 -165
 1552 -164
 2233 -163
 3145 -162
 3504 -161
 3611 -160
 3232 -159
 3012 -158
 3226 -157
 3382 -156
 2904 -155
 1712 -154
 817 -153
 301 -152
 75 -151
 18 -150
 4 -149
 0 -148
 0 -147
 1 -146
 0 -145
 0 -144
 0 -143
 0 -142
 0 -141
 0 -140


