# Created by Octave 3.8.2, Sat Jun 20 21:29:41 2020 CEST <damian@fptrucha.inv.usc.es>
# name: hd
# type: matrix
# rows: 41
# columns: 2
 0 -180
 1 -179
 0 -178
 0 -177
 1 -176
 1 -175
 0 -174
 3 -173
 3 -172
 3 -171
 14 -170
 38 -169
 81 -168
 171 -167
 269 -166
 523 -165
 1429 -164
 2089 -163
 3130 -162
 3482 -161
 3616 -160
 3490 -159
 3005 -158
 3250 -157
 3429 -156
 3115 -155
 2294 -154
 978 -153
 439 -152
 106 -151
 12 -150
 3 -149
 1 -148
 1 -147
 0 -146
 0 -145
 1 -144
 0 -143
 0 -142
 1 -141
 0 -140


