# Created by Octave 3.8.2, Sat Jun 20 23:07:57 2020 CEST <damian@fptrucha.inv.usc.es>
# name: hd
# type: matrix
# rows: 41
# columns: 2
 0 -180
 0 -179
 0 -178
 2 -177
 1 -176
 0 -175
 1 -174
 0 -173
 3 -172
 3 -171
 14 -170
 34 -169
 93 -168
 175 -167
 273 -166
 553 -165
 1442 -164
 2089 -163
 3002 -162
 3536 -161
 3614 -160
 3591 -159
 2936 -158
 3344 -157
 3349 -156
 3107 -155
 2054 -154
 946 -153
 475 -152
 82 -151
 19 -150
 7 -149
 1 -148
 1 -147
 1 -146
 1 -145
 1 -144
 0 -143
 0 -142
 0 -141
 0 -140


