# Created by Octave 3.8.2, Sat Jun 20 10:03:15 2020 CEST <damian@fptrucha.inv.usc.es>
# name: hd
# type: matrix
# rows: 41
# columns: 2
 1 -180
 0 -179
 1 -178
 0 -177
 2 -176
 0 -175
 1 -174
 0 -173
 4 -172
 4 -171
 27 -170
 65 -169
 137 -168
 206 -167
 313 -166
 741 -165
 1700 -164
 2417 -163
 3406 -162
 4043 -161
 4197 -160
 4101 -159
 3379 -158
 3918 -157
 3733 -156
 3457 -155
 2408 -154
 1036 -153
 462 -152
 90 -151
 15 -150
 5 -149
 1 -148
 0 -147
 1 -146
 1 -145
 0 -144
 1 -143
 1 -142
 0 -141
 0 -140


