# Created by Octave 3.8.2, Sat Jun 20 11:15:05 2020 CEST <damian@fptrucha.inv.usc.es>
# name: hd
# type: matrix
# rows: 41
# columns: 2
 0 -180
 0 -179
 0 -178
 2 -177
 0 -176
 1 -175
 0 -174
 2 -173
 4 -172
 2 -171
 13 -170
 44 -169
 61 -168
 147 -167
 208 -166
 455 -165
 1049 -164
 1549 -163
 2264 -162
 2570 -161
 2711 -160
 2692 -159
 2195 -158
 2549 -157
 2501 -156
 2326 -155
 1468 -154
 657 -153
 305 -152
 78 -151
 15 -150
 1 -149
 2 -148
 0 -147
 1 -146
 0 -145
 0 -144
 0 -143
 0 -142
 0 -141
 0 -140


