# Created by Octave 3.8.2, Mon Jun 22 01:47:45 2020 CEST <damian@fptrucha.inv.usc.es>
# name: hd
# type: matrix
# rows: 41
# columns: 2
 0 -180
 1 -179
 0 -178
 1 -177
 0 -176
 1 -175
 0 -174
 3 -173
 3 -172
 8 -171
 14 -170
 54 -169
 97 -168
 153 -167
 312 -166
 662 -165
 1498 -164
 2169 -163
 3373 -162
 3618 -161
 3732 -160
 3503 -159
 3169 -158
 3549 -157
 3538 -156
 3152 -155
 2059 -154
 905 -153
 454 -152
 101 -151
 19 -150
 7 -149
 0 -148
 0 -147
 0 -146
 0 -145
 0 -144
 0 -143
 0 -142
 0 -141
 0 -140


