# Created by Octave 3.8.2, Sat Jun 20 05:07:29 2020 CEST <damian@fptrucha.inv.usc.es>
# name: hd
# type: matrix
# rows: 41
# columns: 2
 1 -180
 1 -179
 1 -178
 1 -177
 1 -176
 1 -175
 1 -174
 2 -173
 2 -172
 5 -171
 14 -170
 42 -169
 88 -168
 205 -167
 324 -166
 691 -165
 1643 -164
 2323 -163
 3478 -162
 3963 -161
 4000 -160
 4007 -159
 3362 -158
 3787 -157
 3752 -156
 3498 -155
 2418 -154
 1028 -153
 502 -152
 121 -151
 27 -150
 4 -149
 1 -148
 1 -147
 1 -146
 1 -145
 0 -144
 0 -143
 0 -142
 1 -141
 0 -140


