# Created by Octave 3.8.2, Mon Jun 22 17:34:26 2020 CEST <damian@fptrucha.inv.usc.es>
# name: hd
# type: matrix
# rows: 41
# columns: 2
 1 -180
 0 -179
 0 -178
 0 -177
 0 -176
 0 -175
 0 -174
 1 -173
 2 -172
 5 -171
 12 -170
 22 -169
 45 -168
 109 -167
 170 -166
 390 -165
 746 -164
 1231 -163
 1699 -162
 1828 -161
 1971 -160
 1676 -159
 1653 -158
 1773 -157
 1691 -156
 1524 -155
 916 -154
 433 -153
 187 -152
 44 -151
 9 -150
 0 -149
 2 -148
 2 -147
 1 -146
 0 -145
 0 -144
 0 -143
 0 -142
 0 -141
 0 -140


