# Created by Octave 3.8.2, Mon Jun 22 19:04:24 2020 CEST <damian@fptrucha.inv.usc.es>
# name: hd
# type: matrix
# rows: 41
# columns: 2
 0 -180
 1 -179
 1 -178
 0 -177
 1 -176
 0 -175
 1 -174
 3 -173
 5 -172
 6 -171
 27 -170
 68 -169
 121 -168
 240 -167
 333 -166
 779 -165
 1581 -164
 2440 -163
 3388 -162
 3777 -161
 3848 -160
 3432 -159
 3214 -158
 3661 -157
 3596 -156
 3164 -155
 1865 -154
 976 -153
 348 -152
 83 -151
 18 -150
 1 -149
 0 -148
 1 -147
 0 -146
 0 -145
 0 -144
 0 -143
 0 -142
 0 -141
 0 -140


