# Created by Octave 3.8.2, Mon Jun 22 03:16:59 2020 CEST <damian@fptrucha.inv.usc.es>
# name: hd
# type: matrix
# rows: 41
# columns: 2
 1 -180
 3 -179
 1 -178
 1 -177
 0 -176
 2 -175
 2 -174
 3 -173
 3 -172
 4 -171
 25 -170
 60 -169
 128 -168
 225 -167
 320 -166
 785 -165
 1421 -164
 2096 -163
 3014 -162
 3524 -161
 3387 -160
 3081 -159
 2829 -158
 3255 -157
 3250 -156
 2836 -155
 1644 -154
 798 -153
 331 -152
 61 -151
 19 -150
 2 -149
 5 -148
 3 -147
 1 -146
 1 -145
 0 -144
 0 -143
 0 -142
 1 -141
 0 -140


