# Created by Octave 3.8.2, Sat Jun 20 15:41:54 2020 CEST <damian@fptrucha.inv.usc.es>
# name: hd
# type: matrix
# rows: 41
# columns: 2
 1 -180
 1 -179
 0 -178
 0 -177
 1 -176
 0 -175
 0 -174
 2 -173
 1 -172
 3 -171
 13 -170
 22 -169
 76 -168
 122 -167
 173 -166
 369 -165
 960 -164
 1364 -163
 2048 -162
 2470 -161
 2507 -160
 2428 -159
 2037 -158
 2313 -157
 2305 -156
 2089 -155
 1518 -154
 635 -153
 351 -152
 71 -151
 11 -150
 6 -149
 1 -148
 1 -147
 2 -146
 1 -145
 0 -144
 0 -143
 0 -142
 1 -141
 0 -140


