# Created by Octave 3.8.2, Mon Jun 22 03:56:41 2020 CEST <damian@fptrucha.inv.usc.es>
# name: hd
# type: matrix
# rows: 41
# columns: 2
 0 -180
 1 -179
 2 -178
 1 -177
 2 -176
 2 -175
 7 -174
 4 -173
 2 -172
 3 -171
 17 -170
 39 -169
 104 -168
 185 -167
 283 -166
 680 -165
 1376 -164
 2126 -163
 2972 -162
 3329 -161
 3388 -160
 3219 -159
 2912 -158
 3224 -157
 3250 -156
 2780 -155
 1787 -154
 798 -153
 396 -152
 80 -151
 19 -150
 2 -149
 0 -148
 0 -147
 0 -146
 0 -145
 0 -144
 0 -143
 1 -142
 0 -141
 0 -140


