# Created by Octave 3.8.2, Sat Jun 20 02:16:31 2020 CEST <damian@fptrucha.inv.usc.es>
# name: hd
# type: matrix
# rows: 41
# columns: 2
 0 -180
 1 -179
 1 -178
 0 -177
 0 -176
 1 -175
 2 -174
 0 -173
 3 -172
 4 -171
 15 -170
 46 -169
 112 -168
 194 -167
 236 -166
 653 -165
 1593 -164
 2293 -163
 3396 -162
 3886 -161
 3976 -160
 3852 -159
 3333 -158
 3785 -157
 3651 -156
 3303 -155
 2367 -154
 1117 -153
 485 -152
 113 -151
 33 -150
 7 -149
 0 -148
 0 -147
 0 -146
 1 -145
 0 -144
 0 -143
 0 -142
 1 -141
 0 -140


