# Created by Octave 3.8.2, Mon Jun 22 23:53:52 2020 CEST <damian@fptrucha.inv.usc.es>
# name: hd
# type: matrix
# rows: 41
# columns: 2
 0 -180
 1 -179
 0 -178
 1 -177
 0 -176
 0 -175
 2 -174
 1 -173
 5 -172
 8 -171
 13 -170
 66 -169
 104 -168
 175 -167
 312 -166
 652 -165
 1642 -164
 2416 -163
 3433 -162
 3726 -161
 3820 -160
 3993 -159
 3154 -158
 3749 -157
 3651 -156
 3254 -155
 2377 -154
 995 -153
 449 -152
 89 -151
 20 -150
 7 -149
 4 -148
 2 -147
 0 -146
 1 -145
 0 -144
 0 -143
 0 -142
 0 -141
 0 -140


