# Created by Octave 3.8.2, Sat Jun 20 16:30:02 2020 CEST <damian@fptrucha.inv.usc.es>
# name: hd
# type: matrix
# rows: 41
# columns: 2
 3 -180
 0 -179
 0 -178
 0 -177
 0 -176
 2 -175
 1 -174
 3 -173
 2 -172
 7 -171
 16 -170
 41 -169
 102 -168
 186 -167
 248 -166
 594 -165
 1502 -164
 2142 -163
 3362 -162
 3677 -161
 3832 -160
 3696 -159
 3144 -158
 3412 -157
 3470 -156
 3213 -155
 2284 -154
 933 -153
 457 -152
 110 -151
 28 -150
 3 -149
 0 -148
 1 -147
 1 -146
 1 -145
 0 -144
 1 -143
 0 -142
 1 -141
 0 -140


