# Created by Octave 3.8.2, Mon Jun 22 03:26:39 2020 CEST <damian@fptrucha.inv.usc.es>
# name: hd
# type: matrix
# rows: 41
# columns: 2
 4 -180
 0 -179
 1 -178
 1 -177
 0 -176
 3 -175
 0 -174
 2 -173
 1 -172
 5 -171
 26 -170
 55 -169
 125 -168
 186 -167
 317 -166
 745 -165
 1433 -164
 2144 -163
 3098 -162
 3561 -161
 3555 -160
 3130 -159
 2917 -158
 3197 -157
 3217 -156
 2793 -155
 1671 -154
 768 -153
 320 -152
 69 -151
 17 -150
 4 -149
 1 -148
 1 -147
 0 -146
 0 -145
 0 -144
 1 -143
 2 -142
 0 -141
 0 -140


