# Created by Octave 3.8.2, Sat Jun 20 23:46:33 2020 CEST <damian@fptrucha.inv.usc.es>
# name: hd
# type: matrix
# rows: 41
# columns: 2
 0 -180
 1 -179
 1 -178
 0 -177
 1 -176
 1 -175
 0 -174
 1 -173
 1 -172
 2 -171
 17 -170
 57 -169
 86 -168
 167 -167
 241 -166
 537 -165
 1394 -164
 2134 -163
 3167 -162
 3526 -161
 3458 -160
 3471 -159
 2973 -158
 3379 -157
 3359 -156
 3023 -155
 2279 -154
 977 -153
 472 -152
 134 -151
 19 -150
 3 -149
 3 -148
 2 -147
 0 -146
 0 -145
 0 -144
 0 -143
 0 -142
 1 -141
 0 -140


