# Created by Octave 3.8.2, Sat Jun 20 06:28:10 2020 CEST <damian@fptrucha.inv.usc.es>
# name: hd
# type: matrix
# rows: 41
# columns: 2
 0 -180
 1 -179
 1 -178
 0 -177
 0 -176
 0 -175
 2 -174
 1 -173
 0 -172
 7 -171
 15 -170
 69 -169
 106 -168
 193 -167
 260 -166
 686 -165
 1681 -164
 2386 -163
 3624 -162
 4009 -161
 4249 -160
 4123 -159
 3465 -158
 3906 -157
 3940 -156
 3486 -155
 2442 -154
 1031 -153
 552 -152
 115 -151
 27 -150
 5 -149
 2 -148
 2 -147
 0 -146
 0 -145
 0 -144
 0 -143
 0 -142
 0 -141
 0 -140


