# Created by Octave 3.8.2, Sun Jun 21 04:56:18 2020 CEST <damian@fptrucha.inv.usc.es>
# name: hd
# type: matrix
# rows: 41
# columns: 2
 0 -180
 0 -179
 0 -178
 0 -177
 1 -176
 0 -175
 0 -174
 1 -173
 3 -172
 9 -171
 11 -170
 41 -169
 88 -168
 157 -167
 260 -166
 608 -165
 1441 -164
 2061 -163
 3127 -162
 3516 -161
 3632 -160
 3566 -159
 2954 -158
 3359 -157
 3282 -156
 3043 -155
 2189 -154
 985 -153
 475 -152
 98 -151
 20 -150
 4 -149
 2 -148
 2 -147
 0 -146
 0 -145
 0 -144
 1 -143
 1 -142
 0 -141
 0 -140


