# Created by Octave 3.8.2, Sun Jun 21 04:35:16 2020 CEST <damian@fptrucha.inv.usc.es>
# name: hd
# type: matrix
# rows: 41
# columns: 2
 0 -180
 1 -179
 0 -178
 0 -177
 0 -176
 0 -175
 1 -174
 2 -173
 4 -172
 9 -171
 13 -170
 43 -169
 98 -168
 177 -167
 249 -166
 595 -165
 1434 -164
 2049 -163
 3119 -162
 3489 -161
 3653 -160
 3670 -159
 3020 -158
 3405 -157
 3349 -156
 3089 -155
 2160 -154
 980 -153
 459 -152
 93 -151
 24 -150
 8 -149
 2 -148
 0 -147
 0 -146
 0 -145
 0 -144
 0 -143
 0 -142
 0 -141
 0 -140


