# Created by Octave 3.8.2, Mon Jun 22 03:35:52 2020 CEST <damian@fptrucha.inv.usc.es>
# name: hd
# type: matrix
# rows: 41
# columns: 2
 2 -180
 0 -179
 2 -178
 2 -177
 0 -176
 0 -175
 0 -174
 1 -173
 4 -172
 6 -171
 21 -170
 51 -169
 115 -168
 215 -167
 314 -166
 707 -165
 1493 -164
 2152 -163
 3094 -162
 3455 -161
 3489 -160
 3075 -159
 2872 -158
 3218 -157
 3182 -156
 2694 -155
 1663 -154
 787 -153
 312 -152
 68 -151
 13 -150
 5 -149
 2 -148
 0 -147
 0 -146
 1 -145
 0 -144
 0 -143
 2 -142
 0 -141
 0 -140


