# Created by Octave 3.8.2, Sat Jun 20 18:00:17 2020 CEST <damian@fptrucha.inv.usc.es>
# name: hd
# type: matrix
# rows: 41
# columns: 2
 1 -180
 0 -179
 0 -178
 2 -177
 0 -176
 1 -175
 0 -174
 0 -173
 2 -172
 7 -171
 20 -170
 48 -169
 104 -168
 202 -167
 261 -166
 599 -165
 1518 -164
 2089 -163
 3213 -162
 3517 -161
 3772 -160
 3725 -159
 3026 -158
 3425 -157
 3305 -156
 3071 -155
 2208 -154
 976 -153
 461 -152
 95 -151
 19 -150
 6 -149
 1 -148
 0 -147
 1 -146
 0 -145
 0 -144
 0 -143
 1 -142
 0 -141
 0 -140


