# Created by Octave 3.8.2, Mon Jun 22 18:35:28 2020 CEST <damian@fptrucha.inv.usc.es>
# name: hd
# type: matrix
# rows: 41
# columns: 2
 1 -180
 1 -179
 2 -178
 0 -177
 1 -176
 0 -175
 0 -174
 5 -173
 4 -172
 9 -171
 17 -170
 51 -169
 114 -168
 222 -167
 322 -166
 786 -165
 1545 -164
 2515 -163
 3521 -162
 3834 -161
 3896 -160
 3411 -159
 3152 -158
 3617 -157
 3539 -156
 3214 -155
 1788 -154
 969 -153
 385 -152
 84 -151
 12 -150
 4 -149
 2 -148
 0 -147
 0 -146
 0 -145
 0 -144
 1 -143
 0 -142
 0 -141
 0 -140


