# Created by Octave 3.8.2, Mon Jun 22 09:49:43 2020 CEST <damian@fptrucha.inv.usc.es>
# name: hd
# type: matrix
# rows: 41
# columns: 2
 0 -180
 0 -179
 0 -178
 0 -177
 0 -176
 0 -175
 1 -174
 1 -173
 2 -172
 9 -171
 24 -170
 63 -169
 109 -168
 198 -167
 305 -166
 732 -165
 1591 -164
 2284 -163
 3202 -162
 3572 -161
 3650 -160
 3289 -159
 2987 -158
 3501 -157
 3330 -156
 2989 -155
 1834 -154
 840 -153
 345 -152
 78 -151
 12 -150
 4 -149
 0 -148
 2 -147
 0 -146
 1 -145
 1 -144
 0 -143
 0 -142
 0 -141
 0 -140


