# Created by Octave 3.8.2, Mon Jun 22 00:53:17 2020 CEST <damian@fptrucha.inv.usc.es>
# name: hd
# type: matrix
# rows: 41
# columns: 2
 0 -180
 1 -179
 1 -178
 0 -177
 1 -176
 0 -175
 1 -174
 1 -173
 3 -172
 5 -171
 19 -170
 44 -169
 108 -168
 157 -167
 247 -166
 583 -165
 1426 -164
 2164 -163
 3086 -162
 3544 -161
 3697 -160
 3718 -159
 3223 -158
 3472 -157
 3500 -156
 3141 -155
 2310 -154
 1004 -153
 442 -152
 111 -151
 26 -150
 8 -149
 3 -148
 2 -147
 1 -146
 0 -145
 0 -144
 0 -143
 0 -142
 0 -141
 0 -140


