# Created by Octave 3.8.2, Mon Jun 22 21:15:27 2020 CEST <damian@fptrucha.inv.usc.es>
# name: hd
# type: matrix
# rows: 41
# columns: 2
 0 -180
 0 -179
 0 -178
 1 -177
 2 -176
 0 -175
 2 -174
 4 -173
 1 -172
 7 -171
 20 -170
 62 -169
 119 -168
 200 -167
 312 -166
 748 -165
 1618 -164
 2433 -163
 3510 -162
 3923 -161
 3950 -160
 3455 -159
 3238 -158
 3689 -157
 3506 -156
 3213 -155
 1959 -154
 949 -153
 387 -152
 85 -151
 12 -150
 4 -149
 1 -148
 2 -147
 0 -146
 0 -145
 1 -144
 0 -143
 0 -142
 0 -141
 0 -140


