# Created by Octave 3.8.2, Sat Jun 20 18:43:45 2020 CEST <damian@fptrucha.inv.usc.es>
# name: hd
# type: matrix
# rows: 41
# columns: 2
 0 -180
 0 -179
 0 -178
 2 -177
 0 -176
 0 -175
 0 -174
 4 -173
 5 -172
 3 -171
 25 -170
 50 -169
 95 -168
 185 -167
 261 -166
 589 -165
 1511 -164
 2139 -163
 3141 -162
 3445 -161
 3751 -160
 3560 -159
 3042 -158
 3431 -157
 3419 -156
 3152 -155
 2193 -154
 950 -153
 459 -152
 98 -151
 15 -150
 3 -149
 2 -148
 0 -147
 0 -146
 0 -145
 0 -144
 0 -143
 0 -142
 0 -141
 0 -140


