# Created by Octave 3.8.2, Mon Jun 22 02:10:45 2020 CEST <damian@fptrucha.inv.usc.es>
# name: hd
# type: matrix
# rows: 41
# columns: 2
 1 -180
 2 -179
 2 -178
 0 -177
 1 -176
 2 -175
 2 -174
 3 -173
 0 -172
 7 -171
 17 -170
 52 -169
 121 -168
 192 -167
 295 -166
 570 -165
 1469 -164
 2039 -163
 3015 -162
 3504 -161
 3576 -160
 3376 -159
 2930 -158
 3301 -157
 3257 -156
 2931 -155
 1865 -154
 884 -153
 401 -152
 94 -151
 20 -150
 6 -149
 4 -148
 0 -147
 0 -146
 2 -145
 2 -144
 0 -143
 0 -142
 0 -141
 0 -140


