# Created by Octave 3.8.2, Sat Jun 20 19:19:10 2020 CEST <damian@fptrucha.inv.usc.es>
# name: hd
# type: matrix
# rows: 41
# columns: 2
 0 -180
 0 -179
 0 -178
 1 -177
 2 -176
 1 -175
 0 -174
 0 -173
 1 -172
 4 -171
 16 -170
 65 -169
 100 -168
 185 -167
 276 -166
 590 -165
 1555 -164
 2127 -163
 3142 -162
 3652 -161
 3779 -160
 3661 -159
 3144 -158
 3461 -157
 3423 -156
 3185 -155
 2196 -154
 960 -153
 508 -152
 112 -151
 21 -150
 3 -149
 1 -148
 0 -147
 0 -146
 0 -145
 0 -144
 0 -143
 0 -142
 1 -141
 0 -140


