# Created by Octave 3.8.2, Sat Jun 20 15:17:30 2020 CEST <damian@fptrucha.inv.usc.es>
# name: hd
# type: matrix
# rows: 41
# columns: 2
 1 -180
 0 -179
 2 -178
 0 -177
 1 -176
 0 -175
 2 -174
 3 -173
 3 -172
 6 -171
 13 -170
 51 -169
 103 -168
 188 -167
 284 -166
 577 -165
 1459 -164
 2134 -163
 3196 -162
 3710 -161
 3716 -160
 3838 -159
 3084 -158
 3521 -157
 3468 -156
 3162 -155
 2197 -154
 997 -153
 498 -152
 112 -151
 30 -150
 3 -149
 1 -148
 0 -147
 0 -146
 1 -145
 0 -144
 0 -143
 0 -142
 0 -141
 0 -140


