# Created by Octave 3.8.2, Sat Jun 20 04:50:16 2020 CEST <damian@fptrucha.inv.usc.es>
# name: hd
# type: matrix
# rows: 41
# columns: 2
 0 -180
 0 -179
 0 -178
 1 -177
 0 -176
 0 -175
 0 -174
 2 -173
 0 -172
 2 -171
 12 -170
 32 -169
 74 -168
 121 -167
 203 -166
 439 -165
 1093 -164
 1573 -163
 2275 -162
 2566 -161
 2714 -160
 2568 -159
 2193 -158
 2522 -157
 2488 -156
 2217 -155
 1562 -154
 686 -153
 334 -152
 77 -151
 16 -150
 2 -149
 1 -148
 2 -147
 0 -146
 1 -145
 0 -144
 0 -143
 0 -142
 0 -141
 0 -140


