# Created by Octave 3.8.2, Mon Jun 22 16:20:02 2020 CEST <damian@fptrucha.inv.usc.es>
# name: hd
# type: matrix
# rows: 41
# columns: 2
 1 -180
 1 -179
 1 -178
 2 -177
 1 -176
 1 -175
 1 -174
 2 -173
 2 -172
 6 -171
 24 -170
 50 -169
 116 -168
 219 -167
 332 -166
 755 -165
 1525 -164
 2417 -163
 3467 -162
 3755 -161
 3945 -160
 3270 -159
 3266 -158
 3526 -157
 3656 -156
 3165 -155
 1842 -154
 948 -153
 348 -152
 71 -151
 16 -150
 5 -149
 0 -148
 1 -147
 1 -146
 1 -145
 0 -144
 0 -143
 0 -142
 0 -141
 0 -140


