# Created by Octave 3.8.2, Sat Jun 20 23:11:47 2020 CEST <damian@fptrucha.inv.usc.es>
# name: hd
# type: matrix
# rows: 41
# columns: 2
 1 -180
 1 -179
 0 -178
 1 -177
 1 -176
 0 -175
 2 -174
 2 -173
 4 -172
 3 -171
 14 -170
 42 -169
 98 -168
 166 -167
 247 -166
 580 -165
 1457 -164
 2122 -163
 3067 -162
 3561 -161
 3600 -160
 3494 -159
 3053 -158
 3423 -157
 3383 -156
 3054 -155
 2234 -154
 998 -153
 487 -152
 127 -151
 24 -150
 7 -149
 2 -148
 0 -147
 1 -146
 0 -145
 1 -144
 0 -143
 0 -142
 0 -141
 0 -140


