# Created by Octave 3.8.2, Sun Jun 21 06:44:14 2020 CEST <damian@fptrucha.inv.usc.es>
# name: hd
# type: matrix
# rows: 41
# columns: 2
 0 -180
 1 -179
 0 -178
 0 -177
 0 -176
 1 -175
 0 -174
 0 -173
 1 -172
 6 -171
 11 -170
 46 -169
 86 -168
 178 -167
 233 -166
 544 -165
 1368 -164
 2005 -163
 3043 -162
 3510 -161
 3680 -160
 3516 -159
 3049 -158
 3442 -157
 3449 -156
 3174 -155
 2283 -154
 979 -153
 515 -152
 97 -151
 21 -150
 6 -149
 1 -148
 1 -147
 0 -146
 0 -145
 0 -144
 0 -143
 1 -142
 0 -141
 0 -140


