# Created by Octave 3.8.2, Sun Jun 21 05:43:26 2020 CEST <damian@fptrucha.inv.usc.es>
# name: hd
# type: matrix
# rows: 41
# columns: 2
 0 -180
 0 -179
 1 -178
 0 -177
 1 -176
 0 -175
 1 -174
 0 -173
 2 -172
 9 -171
 12 -170
 49 -169
 90 -168
 173 -167
 268 -166
 571 -165
 1431 -164
 2011 -163
 3112 -162
 3499 -161
 3534 -160
 3536 -159
 2978 -158
 3401 -157
 3358 -156
 3091 -155
 2059 -154
 952 -153
 479 -152
 83 -151
 20 -150
 4 -149
 2 -148
 1 -147
 0 -146
 0 -145
 0 -144
 0 -143
 0 -142
 0 -141
 0 -140


