# Created by Octave 3.8.2, Mon Jun 22 03:03:01 2020 CEST <damian@fptrucha.inv.usc.es>
# name: hd
# type: matrix
# rows: 41
# columns: 2
 1 -180
 3 -179
 0 -178
 1 -177
 1 -176
 0 -175
 1 -174
 3 -173
 3 -172
 4 -171
 19 -170
 50 -169
 97 -168
 190 -167
 283 -166
 701 -165
 1478 -164
 2179 -163
 3074 -162
 3358 -161
 3457 -160
 3100 -159
 2980 -158
 3314 -157
 3117 -156
 2884 -155
 1727 -154
 760 -153
 299 -152
 81 -151
 11 -150
 4 -149
 0 -148
 0 -147
 1 -146
 1 -145
 1 -144
 0 -143
 0 -142
 0 -141
 0 -140


