# Created by Octave 3.8.2, Sat Jun 20 17:18:55 2020 CEST <damian@fptrucha.inv.usc.es>
# name: hd
# type: matrix
# rows: 41
# columns: 2
 1 -180
 0 -179
 0 -178
 2 -177
 0 -176
 2 -175
 2 -174
 1 -173
 5 -172
 4 -171
 28 -170
 47 -169
 108 -168
 178 -167
 290 -166
 605 -165
 1478 -164
 2103 -163
 3196 -162
 3650 -161
 3611 -160
 3696 -159
 3039 -158
 3399 -157
 3399 -156
 3116 -155
 2119 -154
 1004 -153
 455 -152
 94 -151
 25 -150
 4 -149
 0 -148
 3 -147
 0 -146
 0 -145
 0 -144
 0 -143
 0 -142
 0 -141
 0 -140


