# Created by Octave 3.8.2, Sat Jun 20 19:59:45 2020 CEST <damian@fptrucha.inv.usc.es>
# name: hd
# type: matrix
# rows: 41
# columns: 2
 1 -180
 1 -179
 1 -178
 1 -177
 2 -176
 1 -175
 3 -174
 1 -173
 1 -172
 6 -171
 11 -170
 46 -169
 110 -168
 170 -167
 279 -166
 582 -165
 1468 -164
 2081 -163
 3207 -162
 3550 -161
 3634 -160
 3742 -159
 3022 -158
 3454 -157
 3328 -156
 3060 -155
 2154 -154
 920 -153
 432 -152
 97 -151
 30 -150
 7 -149
 1 -148
 2 -147
 0 -146
 0 -145
 0 -144
 0 -143
 0 -142
 0 -141
 0 -140


