# Created by Octave 3.8.2, Sat Jun 20 02:42:02 2020 CEST <damian@fptrucha.inv.usc.es>
# name: hd
# type: matrix
# rows: 41
# columns: 2
 1 -180
 1 -179
 0 -178
 1 -177
 0 -176
 1 -175
 2 -174
 0 -173
 2 -172
 6 -171
 18 -170
 57 -169
 115 -168
 207 -167
 269 -166
 670 -165
 1690 -164
 2309 -163
 3400 -162
 3898 -161
 4045 -160
 3961 -159
 3323 -158
 3705 -157
 3779 -156
 3424 -155
 2312 -154
 1033 -153
 496 -152
 101 -151
 31 -150
 5 -149
 3 -148
 1 -147
 0 -146
 0 -145
 0 -144
 0 -143
 1 -142
 0 -141
 0 -140


