# Created by Octave 3.8.2, Mon Jun 22 22:43:29 2020 CEST <damian@fptrucha.inv.usc.es>
# name: hd
# type: matrix
# rows: 41
# columns: 2
 0 -180
 0 -179
 1 -178
 2 -177
 0 -176
 0 -175
 1 -174
 1 -173
 2 -172
 5 -171
 9 -170
 36 -169
 80 -168
 135 -167
 171 -166
 476 -165
 1057 -164
 1552 -163
 2268 -162
 2522 -161
 2564 -160
 2616 -159
 2101 -158
 2407 -157
 2404 -156
 2136 -155
 1517 -154
 662 -153
 303 -152
 55 -151
 14 -150
 6 -149
 0 -148
 0 -147
 0 -146
 1 -145
 0 -144
 0 -143
 0 -142
 0 -141
 0 -140


