# Created by Octave 3.8.2, Sun Jun 21 06:31:54 2020 CEST <damian@fptrucha.inv.usc.es>
# name: hd
# type: matrix
# rows: 41
# columns: 2
 0 -180
 1 -179
 0 -178
 0 -177
 2 -176
 1 -175
 1 -174
 1 -173
 3 -172
 2 -171
 21 -170
 51 -169
 99 -168
 158 -167
 241 -166
 531 -165
 1395 -164
 2093 -163
 3068 -162
 3547 -161
 3672 -160
 3635 -159
 2987 -158
 3487 -157
 3392 -156
 3210 -155
 2236 -154
 908 -153
 490 -152
 119 -151
 26 -150
 6 -149
 2 -148
 2 -147
 0 -146
 0 -145
 0 -144
 0 -143
 1 -142
 0 -141
 0 -140


