# Created by Octave 3.8.2, Sat Jun 20 15:22:20 2020 CEST <damian@fptrucha.inv.usc.es>
# name: hd
# type: matrix
# rows: 41
# columns: 2
 1 -180
 0 -179
 0 -178
 0 -177
 2 -176
 2 -175
 0 -174
 3 -173
 3 -172
 3 -171
 18 -170
 41 -169
 104 -168
 203 -167
 261 -166
 601 -165
 1469 -164
 2276 -163
 3195 -162
 3566 -161
 3871 -160
 3753 -159
 3082 -158
 3421 -157
 3489 -156
 3264 -155
 2251 -154
 992 -153
 499 -152
 107 -151
 24 -150
 5 -149
 0 -148
 1 -147
 0 -146
 1 -145
 0 -144
 0 -143
 1 -142
 0 -141
 0 -140


