# Created by Octave 3.8.2, Mon Jun 22 21:14:15 2020 CEST <damian@fptrucha.inv.usc.es>
# name: hd
# type: matrix
# rows: 41
# columns: 2
 3 -180
 0 -179
 0 -178
 0 -177
 0 -176
 1 -175
 2 -174
 1 -173
 4 -172
 5 -171
 22 -170
 60 -169
 114 -168
 204 -167
 312 -166
 772 -165
 1639 -164
 2496 -163
 3431 -162
 3892 -161
 4121 -160
 3544 -159
 3214 -158
 3664 -157
 3756 -156
 3211 -155
 1925 -154
 941 -153
 373 -152
 90 -151
 20 -150
 3 -149
 1 -148
 2 -147
 1 -146
 1 -145
 0 -144
 0 -143
 0 -142
 0 -141
 0 -140


