# Created by Octave 3.8.2, Mon Jun 22 09:13:00 2020 CEST <damian@fptrucha.inv.usc.es>
# name: hd
# type: matrix
# rows: 41
# columns: 2
 0 -180
 1 -179
 0 -178
 0 -177
 3 -176
 1 -175
 3 -174
 2 -173
 6 -172
 11 -171
 23 -170
 54 -169
 114 -168
 206 -167
 352 -166
 697 -165
 1551 -164
 2282 -163
 3332 -162
 3675 -161
 3704 -160
 3218 -159
 2990 -158
 3314 -157
 3255 -156
 2896 -155
 1761 -154
 826 -153
 351 -152
 73 -151
 16 -150
 5 -149
 0 -148
 1 -147
 0 -146
 0 -145
 0 -144
 0 -143
 0 -142
 0 -141
 0 -140


