# Created by Octave 3.8.2, Sun Jun 21 07:36:49 2020 CEST <damian@fptrucha.inv.usc.es>
# name: hd
# type: matrix
# rows: 41
# columns: 2
 0 -180
 0 -179
 0 -178
 0 -177
 0 -176
 3 -175
 0 -174
 0 -173
 2 -172
 7 -171
 12 -170
 48 -169
 118 -168
 175 -167
 279 -166
 610 -165
 1466 -164
 2094 -163
 3251 -162
 3567 -161
 3754 -160
 3661 -159
 3205 -158
 3547 -157
 3510 -156
 3254 -155
 2210 -154
 1004 -153
 507 -152
 99 -151
 25 -150
 11 -149
 2 -148
 1 -147
 0 -146
 1 -145
 1 -144
 1 -143
 0 -142
 0 -141
 0 -140


