# Created by Octave 3.8.2, Sat Jun 20 04:57:27 2020 CEST <damian@fptrucha.inv.usc.es>
# name: hd
# type: matrix
# rows: 41
# columns: 2
 0 -180
 0 -179
 0 -178
 0 -177
 1 -176
 0 -175
 2 -174
 2 -173
 3 -172
 5 -171
 15 -170
 53 -169
 100 -168
 194 -167
 297 -166
 663 -165
 1593 -164
 2374 -163
 3431 -162
 3884 -161
 4007 -160
 3982 -159
 3343 -158
 3643 -157
 3847 -156
 3429 -155
 2433 -154
 1085 -153
 556 -152
 105 -151
 32 -150
 9 -149
 0 -148
 1 -147
 0 -146
 0 -145
 0 -144
 0 -143
 0 -142
 0 -141
 0 -140


