# Created by Octave 3.8.2, Tue Jun 23 00:33:00 2020 CEST <damian@fptrucha.inv.usc.es>
# name: hd
# type: matrix
# rows: 41
# columns: 2
 1 -180
 0 -179
 0 -178
 0 -177
 0 -176
 1 -175
 2 -174
 4 -173
 3 -172
 5 -171
 17 -170
 56 -169
 103 -168
 185 -167
 294 -166
 653 -165
 1564 -164
 2331 -163
 3375 -162
 3710 -161
 4003 -160
 3910 -159
 3212 -158
 3602 -157
 3578 -156
 3233 -155
 2379 -154
 1012 -153
 496 -152
 110 -151
 24 -150
 2 -149
 1 -148
 1 -147
 1 -146
 1 -145
 0 -144
 1 -143
 0 -142
 0 -141
 0 -140


