# Created by Octave 3.8.2, Sat Jun 20 13:13:04 2020 CEST <damian@fptrucha.inv.usc.es>
# name: hd
# type: matrix
# rows: 41
# columns: 2
 1 -180
 0 -179
 1 -178
 0 -177
 1 -176
 0 -175
 2 -174
 1 -173
 2 -172
 2 -171
 20 -170
 53 -169
 95 -168
 192 -167
 317 -166
 636 -165
 1637 -164
 2267 -163
 3425 -162
 3809 -161
 3925 -160
 3871 -159
 3304 -158
 3547 -157
 3667 -156
 3352 -155
 2281 -154
 1022 -153
 521 -152
 124 -151
 17 -150
 8 -149
 1 -148
 1 -147
 0 -146
 0 -145
 0 -144
 0 -143
 0 -142
 0 -141
 0 -140


