# Created by Octave 3.8.2, Sun Jun 21 01:12:07 2020 CEST <damian@fptrucha.inv.usc.es>
# name: hd
# type: matrix
# rows: 41
# columns: 2
 1 -180
 0 -179
 1 -178
 0 -177
 0 -176
 0 -175
 3 -174
 2 -173
 2 -172
 6 -171
 12 -170
 45 -169
 73 -168
 195 -167
 235 -166
 544 -165
 1416 -164
 1993 -163
 2994 -162
 3534 -161
 3565 -160
 3509 -159
 2995 -158
 3332 -157
 3235 -156
 3045 -155
 2157 -154
 954 -153
 463 -152
 106 -151
 21 -150
 10 -149
 2 -148
 0 -147
 0 -146
 1 -145
 0 -144
 0 -143
 0 -142
 0 -141
 0 -140


