# Created by Octave 3.8.2, Sat Jun 20 12:41:02 2020 CEST <damian@fptrucha.inv.usc.es>
# name: hd
# type: matrix
# rows: 41
# columns: 2
 0 -180
 0 -179
 1 -178
 0 -177
 3 -176
 0 -175
 1 -174
 1 -173
 1 -172
 9 -171
 18 -170
 51 -169
 117 -168
 186 -167
 314 -166
 670 -165
 1636 -164
 2237 -163
 3373 -162
 3874 -161
 4062 -160
 3884 -159
 3351 -158
 3648 -157
 3625 -156
 3321 -155
 2334 -154
 1011 -153
 539 -152
 118 -151
 23 -150
 3 -149
 1 -148
 0 -147
 0 -146
 0 -145
 0 -144
 0 -143
 0 -142
 0 -141
 0 -140


