# Created by Octave 3.8.2, Sat Jun 20 06:25:13 2020 CEST <damian@fptrucha.inv.usc.es>
# name: hd
# type: matrix
# rows: 41
# columns: 2
 1 -180
 1 -179
 1 -178
 0 -177
 0 -176
 1 -175
 0 -174
 1 -173
 2 -172
 4 -171
 12 -170
 54 -169
 113 -168
 202 -167
 315 -166
 647 -165
 1766 -164
 2351 -163
 3394 -162
 4007 -161
 4165 -160
 4083 -159
 3457 -158
 3766 -157
 3867 -156
 3517 -155
 2426 -154
 1054 -153
 545 -152
 108 -151
 19 -150
 4 -149
 1 -148
 0 -147
 0 -146
 0 -145
 0 -144
 0 -143
 0 -142
 0 -141
 0 -140


