# Created by Octave 3.8.2, Mon Jun 22 20:01:56 2020 CEST <damian@fptrucha.inv.usc.es>
# name: hd
# type: matrix
# rows: 41
# columns: 2
 1 -180
 0 -179
 0 -178
 1 -177
 1 -176
 2 -175
 0 -174
 0 -173
 5 -172
 11 -171
 24 -170
 67 -169
 127 -168
 204 -167
 342 -166
 811 -165
 1544 -164
 2401 -163
 3462 -162
 3853 -161
 3897 -160
 3521 -159
 3315 -158
 3600 -157
 3706 -156
 3122 -155
 1932 -154
 965 -153
 374 -152
 72 -151
 15 -150
 6 -149
 3 -148
 0 -147
 0 -146
 0 -145
 0 -144
 0 -143
 0 -142
 0 -141
 0 -140


