# Created by Octave 3.8.2, Sun Jun 21 07:53:47 2020 CEST <damian@fptrucha.inv.usc.es>
# name: hd
# type: matrix
# rows: 41
# columns: 2
 2 -180
 0 -179
 2 -178
 0 -177
 1 -176
 0 -175
 3 -174
 2 -173
 3 -172
 3 -171
 10 -170
 41 -169
 93 -168
 157 -167
 256 -166
 511 -165
 1346 -164
 1938 -163
 3075 -162
 3500 -161
 3568 -160
 3552 -159
 3015 -158
 3330 -157
 3398 -156
 3103 -155
 2202 -154
 1031 -153
 492 -152
 101 -151
 30 -150
 7 -149
 1 -148
 1 -147
 0 -146
 0 -145
 0 -144
 0 -143
 1 -142
 0 -141
 0 -140


