# Created by Octave 3.8.2, Sat Jun 20 17:34:46 2020 CEST <damian@fptrucha.inv.usc.es>
# name: hd
# type: matrix
# rows: 41
# columns: 2
 1 -180
 0 -179
 2 -178
 0 -177
 1 -176
 0 -175
 0 -174
 4 -173
 2 -172
 8 -171
 14 -170
 48 -169
 102 -168
 181 -167
 273 -166
 602 -165
 1449 -164
 2122 -163
 3219 -162
 3548 -161
 3663 -160
 3657 -159
 3101 -158
 3423 -157
 3405 -156
 3211 -155
 2298 -154
 968 -153
 551 -152
 101 -151
 26 -150
 3 -149
 1 -148
 1 -147
 0 -146
 0 -145
 1 -144
 0 -143
 1 -142
 0 -141
 0 -140


