# Created by Octave 3.8.2, Sat Jun 20 20:12:36 2020 CEST <damian@fptrucha.inv.usc.es>
# name: hd
# type: matrix
# rows: 41
# columns: 2
 0 -180
 1 -179
 2 -178
 2 -177
 0 -176
 0 -175
 1 -174
 2 -173
 4 -172
 3 -171
 10 -170
 43 -169
 117 -168
 161 -167
 245 -166
 557 -165
 1451 -164
 2086 -163
 3082 -162
 3441 -161
 3634 -160
 3609 -159
 3064 -158
 3456 -157
 3399 -156
 3089 -155
 2171 -154
 965 -153
 475 -152
 100 -151
 19 -150
 7 -149
 1 -148
 1 -147
 0 -146
 0 -145
 0 -144
 0 -143
 0 -142
 0 -141
 0 -140


