# Created by Octave 3.8.2, Sun Jun 21 02:43:25 2020 CEST <damian@fptrucha.inv.usc.es>
# name: hd
# type: matrix
# rows: 41
# columns: 2
 1 -180
 0 -179
 1 -178
 0 -177
 2 -176
 0 -175
 2 -174
 4 -173
 3 -172
 4 -171
 14 -170
 48 -169
 105 -168
 148 -167
 248 -166
 584 -165
 1421 -164
 1955 -163
 3038 -162
 3402 -161
 3593 -160
 3547 -159
 2995 -158
 3355 -157
 3319 -156
 3009 -155
 2095 -154
 926 -153
 494 -152
 120 -151
 19 -150
 3 -149
 1 -148
 0 -147
 0 -146
 0 -145
 0 -144
 0 -143
 1 -142
 0 -141
 0 -140


