# Created by Octave 3.8.2, Mon Jun 22 08:05:25 2020 CEST <damian@fptrucha.inv.usc.es>
# name: hd
# type: matrix
# rows: 41
# columns: 2
 2 -180
 1 -179
 0 -178
 0 -177
 4 -176
 3 -175
 1 -174
 0 -173
 5 -172
 10 -171
 14 -170
 61 -169
 104 -168
 203 -167
 325 -166
 773 -165
 1590 -164
 2209 -163
 3209 -162
 3549 -161
 3714 -160
 3258 -159
 3011 -158
 3339 -157
 3292 -156
 2927 -155
 1742 -154
 786 -153
 297 -152
 57 -151
 25 -150
 3 -149
 0 -148
 0 -147
 1 -146
 1 -145
 0 -144
 0 -143
 0 -142
 0 -141
 0 -140


