# Created by Octave 3.8.2, Sat Jun 20 12:32:30 2020 CEST <damian@fptrucha.inv.usc.es>
# name: hd
# type: matrix
# rows: 41
# columns: 2
 0 -180
 4 -179
 0 -178
 1 -177
 0 -176
 0 -175
 3 -174
 0 -173
 2 -172
 6 -171
 17 -170
 64 -169
 120 -168
 189 -167
 342 -166
 685 -165
 1706 -164
 2276 -163
 3352 -162
 3807 -161
 3966 -160
 3954 -159
 3324 -158
 3670 -157
 3625 -156
 3345 -155
 2274 -154
 1017 -153
 499 -152
 119 -151
 29 -150
 3 -149
 2 -148
 0 -147
 0 -146
 0 -145
 0 -144
 0 -143
 1 -142
 0 -141
 0 -140


