# Created by Octave 3.8.2, Mon Jun 22 02:26:37 2020 CEST <damian@fptrucha.inv.usc.es>
# name: hd
# type: matrix
# rows: 41
# columns: 2
 1 -180
 0 -179
 0 -178
 0 -177
 0 -176
 0 -175
 2 -174
 2 -173
 0 -172
 0 -171
 4 -170
 7 -169
 8 -168
 24 -167
 31 -166
 67 -165
 166 -164
 252 -163
 356 -162
 539 -161
 565 -160
 509 -159
 526 -158
 568 -157
 574 -156
 473 -155
 328 -154
 226 -153
 196 -152
 70 -151
 16 -150
 5 -149
 1 -148
 2 -147
 1 -146
 0 -145
 1 -144
 0 -143
 0 -142
 0 -141
 0 -140


