# Created by Octave 3.8.2, Mon Jun 22 23:17:38 2020 CEST <damian@fptrucha.inv.usc.es>
# name: hd
# type: matrix
# rows: 41
# columns: 2
 0 -180
 0 -179
 0 -178
 0 -177
 1 -176
 0 -175
 2 -174
 1 -173
 3 -172
 4 -171
 18 -170
 54 -169
 139 -168
 215 -167
 339 -166
 720 -165
 1684 -164
 2378 -163
 3433 -162
 3826 -161
 3933 -160
 3910 -159
 3316 -158
 3704 -157
 3656 -156
 3243 -155
 2260 -154
 999 -153
 430 -152
 112 -151
 23 -150
 5 -149
 0 -148
 0 -147
 1 -146
 0 -145
 0 -144
 0 -143
 1 -142
 0 -141
 0 -140


