# Created by Octave 3.8.2, Mon Jun 22 04:09:33 2020 CEST <damian@fptrucha.inv.usc.es>
# name: hd
# type: matrix
# rows: 41
# columns: 2
 0 -180
 0 -179
 1 -178
 0 -177
 1 -176
 3 -175
 2 -174
 3 -173
 2 -172
 8 -171
 17 -170
 45 -169
 108 -168
 191 -167
 306 -166
 650 -165
 1287 -164
 2048 -163
 2981 -162
 3330 -161
 3417 -160
 3117 -159
 2894 -158
 3259 -157
 3136 -156
 2793 -155
 1692 -154
 868 -153
 417 -152
 92 -151
 25 -150
 5 -149
 1 -148
 0 -147
 0 -146
 0 -145
 0 -144
 0 -143
 1 -142
 0 -141
 0 -140


