# Created by Octave 3.8.2, Mon Jun 22 02:59:11 2020 CEST <damian@fptrucha.inv.usc.es>
# name: hd
# type: matrix
# rows: 41
# columns: 2
 1 -180
 1 -179
 1 -178
 0 -177
 1 -176
 1 -175
 1 -174
 1 -173
 4 -172
 2 -171
 9 -170
 39 -169
 82 -168
 111 -167
 217 -166
 506 -165
 982 -164
 1383 -163
 2049 -162
 2307 -161
 2257 -160
 2044 -159
 1837 -158
 2135 -157
 2081 -156
 1855 -155
 1095 -154
 517 -153
 211 -152
 39 -151
 9 -150
 2 -149
 1 -148
 0 -147
 1 -146
 0 -145
 0 -144
 2 -143
 0 -142
 1 -141
 0 -140


