# Created by Octave 3.8.2, Mon Jun 22 10:57:34 2020 CEST <damian@fptrucha.inv.usc.es>
# name: hd
# type: matrix
# rows: 41
# columns: 2
 1 -180
 0 -179
 0 -178
 1 -177
 0 -176
 1 -175
 1 -174
 4 -173
 3 -172
 7 -171
 19 -170
 64 -169
 121 -168
 207 -167
 326 -166
 775 -165
 1591 -164
 2394 -163
 3326 -162
 3610 -161
 3747 -160
 3174 -159
 3139 -158
 3546 -157
 3442 -156
 2971 -155
 1855 -154
 887 -153
 352 -152
 61 -151
 14 -150
 6 -149
 0 -148
 0 -147
 0 -146
 1 -145
 0 -144
 1 -143
 0 -142
 1 -141
 0 -140


