# Created by Octave 3.8.2, Mon Jun 22 02:12:44 2020 CEST <damian@fptrucha.inv.usc.es>
# name: hd
# type: matrix
# rows: 41
# columns: 2
 1 -180
 1 -179
 0 -178
 0 -177
 1 -176
 0 -175
 1 -174
 2 -173
 3 -172
 7 -171
 14 -170
 74 -169
 109 -168
 203 -167
 295 -166
 695 -165
 1529 -164
 2091 -163
 3149 -162
 3563 -161
 3607 -160
 3383 -159
 3049 -158
 3399 -157
 3447 -156
 3044 -155
 1977 -154
 924 -153
 379 -152
 96 -151
 26 -150
 4 -149
 1 -148
 2 -147
 0 -146
 0 -145
 1 -144
 0 -143
 1 -142
 0 -141
 0 -140


