# Created by Octave 3.8.2, Mon Jun 22 06:59:38 2020 CEST <damian@fptrucha.inv.usc.es>
# name: hd
# type: matrix
# rows: 41
# columns: 2
 2 -180
 2 -179
 1 -178
 1 -177
 1 -176
 1 -175
 1 -174
 4 -173
 4 -172
 6 -171
 19 -170
 59 -169
 116 -168
 192 -167
 288 -166
 781 -165
 1500 -164
 2216 -163
 3115 -162
 3479 -161
 3442 -160
 3202 -159
 2977 -158
 3305 -157
 3198 -156
 2808 -155
 1671 -154
 767 -153
 317 -152
 69 -151
 17 -150
 4 -149
 2 -148
 0 -147
 0 -146
 0 -145
 0 -144
 0 -143
 0 -142
 1 -141
 0 -140


