# Created by Octave 3.8.2, Mon Jun 22 17:35:33 2020 CEST <damian@fptrucha.inv.usc.es>
# name: hd
# type: matrix
# rows: 41
# columns: 2
 0 -180
 0 -179
 0 -178
 2 -177
 1 -176
 0 -175
 2 -174
 3 -173
 4 -172
 9 -171
 30 -170
 68 -169
 119 -168
 226 -167
 323 -166
 757 -165
 1591 -164
 2341 -163
 3503 -162
 3766 -161
 3838 -160
 3361 -159
 3158 -158
 3630 -157
 3684 -156
 3191 -155
 1855 -154
 910 -153
 359 -152
 81 -151
 16 -150
 2 -149
 1 -148
 1 -147
 0 -146
 0 -145
 0 -144
 0 -143
 0 -142
 0 -141
 0 -140


