# Created by Octave 3.8.2, Sat Jun 20 21:17:14 2020 CEST <damian@fptrucha.inv.usc.es>
# name: hd
# type: matrix
# rows: 41
# columns: 2
 0 -180
 2 -179
 0 -178
 0 -177
 1 -176
 0 -175
 0 -174
 1 -173
 5 -172
 3 -171
 9 -170
 36 -169
 125 -168
 189 -167
 273 -166
 569 -165
 1410 -164
 2062 -163
 3117 -162
 3641 -161
 3656 -160
 3547 -159
 3014 -158
 3389 -157
 3364 -156
 3123 -155
 2111 -154
 881 -153
 460 -152
 97 -151
 21 -150
 6 -149
 0 -148
 0 -147
 0 -146
 1 -145
 0 -144
 0 -143
 0 -142
 1 -141
 0 -140


