# Created by Octave 3.8.2, Mon Jun 22 23:49:08 2020 CEST <damian@fptrucha.inv.usc.es>
# name: hd
# type: matrix
# rows: 41
# columns: 2
 0 -180
 0 -179
 0 -178
 2 -177
 1 -176
 2 -175
 2 -174
 3 -173
 3 -172
 8 -171
 18 -170
 57 -169
 111 -168
 203 -167
 323 -166
 702 -165
 1762 -164
 2392 -163
 3412 -162
 3753 -161
 3870 -160
 3817 -159
 3203 -158
 3728 -157
 3644 -156
 3229 -155
 2252 -154
 949 -153
 443 -152
 87 -151
 17 -150
 6 -149
 3 -148
 1 -147
 0 -146
 0 -145
 0 -144
 0 -143
 1 -142
 0 -141
 0 -140


