# Created by Octave 3.8.2, Sat Jun 20 02:04:22 2020 CEST <damian@fptrucha.inv.usc.es>
# name: hd
# type: matrix
# rows: 41
# columns: 2
 0 -180
 0 -179
 1 -178
 2 -177
 1 -176
 1 -175
 1 -174
 1 -173
 1 -172
 3 -171
 16 -170
 46 -169
 102 -168
 178 -167
 262 -166
 632 -165
 1537 -164
 2260 -163
 3352 -162
 3728 -161
 3941 -160
 4008 -159
 3237 -158
 3681 -157
 3716 -156
 3387 -155
 2329 -154
 1034 -153
 512 -152
 110 -151
 22 -150
 2 -149
 2 -148
 1 -147
 0 -146
 0 -145
 0 -144
 0 -143
 0 -142
 0 -141
 0 -140


