# Created by Octave 3.8.2, Sat Jun 20 22:37:07 2020 CEST <damian@fptrucha.inv.usc.es>
# name: hd
# type: matrix
# rows: 41
# columns: 2
 0 -180
 1 -179
 2 -178
 0 -177
 0 -176
 2 -175
 0 -174
 3 -173
 3 -172
 4 -171
 16 -170
 46 -169
 112 -168
 188 -167
 291 -166
 557 -165
 1417 -164
 1897 -163
 3121 -162
 3503 -161
 3747 -160
 3532 -159
 3007 -158
 3327 -157
 3239 -156
 3123 -155
 2133 -154
 988 -153
 490 -152
 115 -151
 16 -150
 4 -149
 1 -148
 1 -147
 1 -146
 0 -145
 1 -144
 0 -143
 0 -142
 0 -141
 0 -140


