# Created by Octave 3.8.2, Mon Jun 22 14:42:27 2020 CEST <damian@fptrucha.inv.usc.es>
# name: hd
# type: matrix
# rows: 41
# columns: 2
 1 -180
 3 -179
 0 -178
 1 -177
 1 -176
 1 -175
 2 -174
 5 -173
 5 -172
 8 -171
 21 -170
 51 -169
 136 -168
 196 -167
 325 -166
 789 -165
 1556 -164
 2386 -163
 3384 -162
 3818 -161
 3799 -160
 3343 -159
 3212 -158
 3597 -157
 3535 -156
 3040 -155
 1789 -154
 899 -153
 376 -152
 65 -151
 8 -150
 6 -149
 2 -148
 2 -147
 0 -146
 0 -145
 0 -144
 0 -143
 2 -142
 1 -141
 0 -140


