# Created by Octave 3.8.2, Mon Jun 22 09:21:15 2020 CEST <damian@fptrucha.inv.usc.es>
# name: hd
# type: matrix
# rows: 41
# columns: 2
 1 -180
 0 -179
 3 -178
 2 -177
 2 -176
 0 -175
 1 -174
 2 -173
 4 -172
 8 -171
 24 -170
 51 -169
 140 -168
 206 -167
 330 -166
 712 -165
 1549 -164
 2292 -163
 3321 -162
 3574 -161
 3519 -160
 3365 -159
 3050 -158
 3356 -157
 3344 -156
 2834 -155
 1743 -154
 849 -153
 326 -152
 60 -151
 18 -150
 5 -149
 4 -148
 0 -147
 0 -146
 1 -145
 1 -144
 0 -143
 0 -142
 0 -141
 0 -140


