# Created by Octave 3.8.2, Mon Jun 22 18:47:36 2020 CEST <damian@fptrucha.inv.usc.es>
# name: hd
# type: matrix
# rows: 41
# columns: 2
 1 -180
 0 -179
 0 -178
 1 -177
 3 -176
 1 -175
 0 -174
 2 -173
 2 -172
 7 -171
 23 -170
 67 -169
 124 -168
 212 -167
 326 -166
 724 -165
 1581 -164
 2395 -163
 3399 -162
 3789 -161
 3900 -160
 3403 -159
 3197 -158
 3592 -157
 3730 -156
 3167 -155
 1974 -154
 1012 -153
 408 -152
 71 -151
 19 -150
 7 -149
 1 -148
 0 -147
 1 -146
 0 -145
 0 -144
 0 -143
 0 -142
 1 -141
 0 -140


