# Created by Octave 3.8.2, Mon Jun 22 00:53:46 2020 CEST <damian@fptrucha.inv.usc.es>
# name: hd
# type: matrix
# rows: 41
# columns: 2
 0 -180
 0 -179
 0 -178
 1 -177
 0 -176
 0 -175
 1 -174
 1 -173
 1 -172
 2 -171
 9 -170
 23 -169
 60 -168
 109 -167
 110 -166
 259 -165
 671 -164
 1004 -163
 1485 -162
 1775 -161
 1876 -160
 1778 -159
 1542 -158
 1690 -157
 1639 -156
 1580 -155
 1120 -154
 517 -153
 272 -152
 60 -151
 9 -150
 3 -149
 1 -148
 1 -147
 0 -146
 1 -145
 0 -144
 0 -143
 0 -142
 1 -141
 0 -140


