# Created by Octave 3.8.2, Sat Jun 20 13:26:27 2020 CEST <damian@fptrucha.inv.usc.es>
# name: hd
# type: matrix
# rows: 41
# columns: 2
 1 -180
 1 -179
 1 -178
 0 -177
 1 -176
 0 -175
 2 -174
 1 -173
 5 -172
 5 -171
 17 -170
 62 -169
 110 -168
 210 -167
 318 -166
 623 -165
 1571 -164
 2289 -163
 3395 -162
 3749 -161
 3938 -160
 3872 -159
 3229 -158
 3632 -157
 3592 -156
 3400 -155
 2258 -154
 979 -153
 463 -152
 123 -151
 16 -150
 4 -149
 0 -148
 1 -147
 0 -146
 0 -145
 0 -144
 0 -143
 0 -142
 0 -141
 0 -140


