# Created by Octave 3.8.2, Sat Jun 20 10:47:25 2020 CEST <damian@fptrucha.inv.usc.es>
# name: hd
# type: matrix
# rows: 41
# columns: 2
 1 -180
 1 -179
 0 -178
 0 -177
 1 -176
 3 -175
 2 -174
 0 -173
 6 -172
 5 -171
 16 -170
 68 -169
 135 -168
 218 -167
 319 -166
 751 -165
 1660 -164
 2377 -163
 3568 -162
 3971 -161
 4050 -160
 4036 -159
 3422 -158
 3789 -157
 3726 -156
 3476 -155
 2330 -154
 1040 -153
 527 -152
 116 -151
 12 -150
 3 -149
 4 -148
 2 -147
 0 -146
 1 -145
 1 -144
 0 -143
 0 -142
 0 -141
 0 -140


