# Created by Octave 3.8.2, Mon Jun 22 23:55:01 2020 CEST <damian@fptrucha.inv.usc.es>
# name: hd
# type: matrix
# rows: 41
# columns: 2
 0 -180
 0 -179
 0 -178
 0 -177
 0 -176
 2 -175
 1 -174
 1 -173
 2 -172
 4 -171
 23 -170
 49 -169
 122 -168
 192 -167
 276 -166
 702 -165
 1630 -164
 2314 -163
 3453 -162
 3692 -161
 4003 -160
 3819 -159
 3192 -158
 3691 -157
 3631 -156
 3256 -155
 2314 -154
 1040 -153
 461 -152
 114 -151
 25 -150
 5 -149
 0 -148
 0 -147
 0 -146
 0 -145
 0 -144
 0 -143
 0 -142
 1 -141
 0 -140


