# Created by Octave 3.8.2, Mon Jun 22 23:13:55 2020 CEST <damian@fptrucha.inv.usc.es>
# name: hd
# type: matrix
# rows: 41
# columns: 2
 2 -180
 0 -179
 0 -178
 0 -177
 1 -176
 0 -175
 2 -174
 3 -173
 6 -172
 11 -171
 16 -170
 65 -169
 137 -168
 207 -167
 310 -166
 685 -165
 1799 -164
 2328 -163
 3420 -162
 3836 -161
 4026 -160
 3908 -159
 3271 -158
 3635 -157
 3532 -156
 3279 -155
 2256 -154
 999 -153
 419 -152
 98 -151
 18 -150
 7 -149
 0 -148
 0 -147
 0 -146
 0 -145
 0 -144
 0 -143
 0 -142
 0 -141
 0 -140


