# Created by Octave 3.8.2, Mon Jun 22 16:37:25 2020 CEST <damian@fptrucha.inv.usc.es>
# name: hd
# type: matrix
# rows: 41
# columns: 2
 1 -180
 0 -179
 2 -178
 0 -177
 1 -176
 2 -175
 1 -174
 2 -173
 3 -172
 7 -171
 15 -170
 36 -169
 80 -168
 130 -167
 223 -166
 554 -165
 1042 -164
 1600 -163
 2248 -162
 2420 -161
 2574 -160
 2219 -159
 2164 -158
 2335 -157
 2346 -156
 1997 -155
 1111 -154
 564 -153
 246 -152
 54 -151
 10 -150
 4 -149
 2 -148
 0 -147
 1 -146
 0 -145
 0 -144
 1 -143
 0 -142
 0 -141
 0 -140


