# Created by Octave 3.8.2, Mon Jun 22 13:17:31 2020 CEST <damian@fptrucha.inv.usc.es>
# name: hd
# type: matrix
# rows: 41
# columns: 2
 1 -180
 1 -179
 0 -178
 0 -177
 1 -176
 1 -175
 2 -174
 2 -173
 5 -172
 4 -171
 24 -170
 64 -169
 122 -168
 214 -167
 342 -166
 834 -165
 1591 -164
 2316 -163
 3361 -162
 3658 -161
 3806 -160
 3293 -159
 3214 -158
 3616 -157
 3364 -156
 3083 -155
 1854 -154
 909 -153
 359 -152
 71 -151
 14 -150
 2 -149
 0 -148
 0 -147
 0 -146
 0 -145
 1 -144
 1 -143
 0 -142
 0 -141
 0 -140


