# Created by Octave 3.8.2, Sun Jun 21 00:44:36 2020 CEST <damian@fptrucha.inv.usc.es>
# name: hd
# type: matrix
# rows: 41
# columns: 2
 1 -180
 3 -179
 1 -178
 0 -177
 2 -176
 1 -175
 2 -174
 0 -173
 6 -172
 4 -171
 14 -170
 45 -169
 93 -168
 160 -167
 250 -166
 547 -165
 1352 -164
 2036 -163
 2972 -162
 3393 -161
 3723 -160
 3383 -159
 3005 -158
 3353 -157
 3429 -156
 3025 -155
 2050 -154
 930 -153
 447 -152
 110 -151
 20 -150
 1 -149
 0 -148
 0 -147
 0 -146
 0 -145
 0 -144
 0 -143
 0 -142
 0 -141
 0 -140


