# Created by Octave 3.8.2, Sat Jun 20 04:29:40 2020 CEST <damian@fptrucha.inv.usc.es>
# name: hd
# type: matrix
# rows: 41
# columns: 2
 0 -180
 2 -179
 0 -178
 0 -177
 2 -176
 1 -175
 3 -174
 2 -173
 4 -172
 2 -171
 16 -170
 56 -169
 105 -168
 227 -167
 289 -166
 687 -165
 1767 -164
 2303 -163
 3485 -162
 3883 -161
 4117 -160
 3987 -159
 3408 -158
 3790 -157
 3815 -156
 3486 -155
 2371 -154
 1059 -153
 500 -152
 131 -151
 19 -150
 7 -149
 2 -148
 1 -147
 1 -146
 0 -145
 1 -144
 0 -143
 1 -142
 0 -141
 0 -140


