# Created by Octave 3.8.2, Mon Jun 22 10:10:12 2020 CEST <damian@fptrucha.inv.usc.es>
# name: hd
# type: matrix
# rows: 41
# columns: 2
 2 -180
 0 -179
 0 -178
 1 -177
 0 -176
 0 -175
 2 -174
 4 -173
 5 -172
 7 -171
 18 -170
 64 -169
 120 -168
 202 -167
 293 -166
 737 -165
 1474 -164
 2183 -163
 3280 -162
 3538 -161
 3648 -160
 3307 -159
 2976 -158
 3422 -157
 3401 -156
 3027 -155
 1826 -154
 847 -153
 340 -152
 70 -151
 13 -150
 3 -149
 1 -148
 1 -147
 0 -146
 1 -145
 0 -144
 1 -143
 0 -142
 0 -141
 0 -140


