# Created by Octave 3.8.2, Sat Jun 20 02:08:16 2020 CEST <damian@fptrucha.inv.usc.es>
# name: hd
# type: matrix
# rows: 41
# columns: 2
 1 -180
 2 -179
 1 -178
 1 -177
 2 -176
 0 -175
 2 -174
 0 -173
 1 -172
 2 -171
 23 -170
 51 -169
 114 -168
 171 -167
 308 -166
 652 -165
 1596 -164
 2331 -163
 3369 -162
 3812 -161
 3946 -160
 3906 -159
 3299 -158
 3686 -157
 3686 -156
 3413 -155
 2281 -154
 1008 -153
 496 -152
 107 -151
 16 -150
 7 -149
 2 -148
 1 -147
 1 -146
 0 -145
 0 -144
 0 -143
 0 -142
 0 -141
 0 -140


