# Created by Octave 3.8.2, Sat Jun 20 05:59:35 2020 CEST <damian@fptrucha.inv.usc.es>
# name: hd
# type: matrix
# rows: 41
# columns: 2
 0 -180
 0 -179
 0 -178
 0 -177
 0 -176
 2 -175
 4 -174
 4 -173
 2 -172
 9 -171
 9 -170
 56 -169
 118 -168
 227 -167
 331 -166
 683 -165
 1816 -164
 2395 -163
 3526 -162
 4124 -161
 4149 -160
 4091 -159
 3398 -158
 3799 -157
 3784 -156
 3438 -155
 2342 -154
 1048 -153
 465 -152
 98 -151
 22 -150
 5 -149
 0 -148
 2 -147
 0 -146
 0 -145
 0 -144
 0 -143
 0 -142
 0 -141
 0 -140


