# Created by Octave 3.8.2, Mon Jun 22 12:22:10 2020 CEST <damian@fptrucha.inv.usc.es>
# name: hd
# type: matrix
# rows: 41
# columns: 2
 0 -180
 1 -179
 0 -178
 0 -177
 2 -176
 4 -175
 0 -174
 3 -173
 2 -172
 11 -171
 19 -170
 45 -169
 131 -168
 217 -167
 322 -166
 765 -165
 1540 -164
 2254 -163
 3325 -162
 3673 -161
 3694 -160
 3236 -159
 3084 -158
 3462 -157
 3393 -156
 3023 -155
 1783 -154
 860 -153
 367 -152
 65 -151
 15 -150
 7 -149
 1 -148
 1 -147
 1 -146
 0 -145
 0 -144
 0 -143
 1 -142
 1 -141
 0 -140


