# Created by Octave 3.8.2, Sun Jun 21 07:28:46 2020 CEST <damian@fptrucha.inv.usc.es>
# name: hd
# type: matrix
# rows: 41
# columns: 2
 1 -180
 0 -179
 2 -178
 0 -177
 0 -176
 1 -175
 0 -174
 1 -173
 0 -172
 4 -171
 14 -170
 28 -169
 104 -168
 171 -167
 215 -166
 511 -165
 1297 -164
 1983 -163
 3007 -162
 3434 -161
 3628 -160
 3613 -159
 2968 -158
 3273 -157
 3389 -156
 3069 -155
 2254 -154
 1040 -153
 502 -152
 109 -151
 23 -150
 7 -149
 1 -148
 0 -147
 0 -146
 0 -145
 0 -144
 0 -143
 1 -142
 0 -141
 0 -140


