# Created by Octave 3.8.2, Sun Jun 21 03:35:36 2020 CEST <damian@fptrucha.inv.usc.es>
# name: hd
# type: matrix
# rows: 41
# columns: 2
 2 -180
 1 -179
 0 -178
 1 -177
 0 -176
 2 -175
 1 -174
 5 -173
 2 -172
 6 -171
 14 -170
 44 -169
 93 -168
 153 -167
 243 -166
 559 -165
 1482 -164
 1973 -163
 3089 -162
 3436 -161
 3601 -160
 3559 -159
 3117 -158
 3449 -157
 3365 -156
 3000 -155
 2050 -154
 944 -153
 434 -152
 106 -151
 21 -150
 6 -149
 0 -148
 0 -147
 0 -146
 1 -145
 1 -144
 0 -143
 1 -142
 0 -141
 0 -140


