# Created by Octave 3.8.2, Mon Jun 22 23:47:54 2020 CEST <damian@fptrucha.inv.usc.es>
# name: hd
# type: matrix
# rows: 41
# columns: 2
 0 -180
 0 -179
 0 -178
 1 -177
 1 -176
 2 -175
 1 -174
 4 -173
 1 -172
 7 -171
 17 -170
 67 -169
 126 -168
 219 -167
 290 -166
 650 -165
 1663 -164
 2380 -163
 3400 -162
 3777 -161
 3969 -160
 3966 -159
 3136 -158
 3649 -157
 3619 -156
 3280 -155
 2246 -154
 1039 -153
 447 -152
 97 -151
 23 -150
 5 -149
 5 -148
 0 -147
 1 -146
 1 -145
 1 -144
 0 -143
 1 -142
 0 -141
 0 -140


