# Created by Octave 3.8.2, Mon Jun 22 12:13:43 2020 CEST <damian@fptrucha.inv.usc.es>
# name: hd
# type: matrix
# rows: 41
# columns: 2
 2 -180
 2 -179
 0 -178
 1 -177
 0 -176
 1 -175
 1 -174
 5 -173
 1 -172
 5 -171
 23 -170
 45 -169
 131 -168
 194 -167
 304 -166
 832 -165
 1554 -164
 2372 -163
 3265 -162
 3614 -161
 3675 -160
 3310 -159
 3012 -158
 3549 -157
 3450 -156
 2931 -155
 1786 -154
 859 -153
 356 -152
 59 -151
 13 -150
 3 -149
 2 -148
 0 -147
 1 -146
 0 -145
 1 -144
 0 -143
 0 -142
 0 -141
 0 -140


