# Created by Octave 3.8.2, Sun Jun 21 02:45:12 2020 CEST <damian@fptrucha.inv.usc.es>
# name: hd
# type: matrix
# rows: 41
# columns: 2
 1 -180
 0 -179
 0 -178
 2 -177
 1 -176
 1 -175
 0 -174
 1 -173
 2 -172
 5 -171
 15 -170
 47 -169
 102 -168
 177 -167
 269 -166
 577 -165
 1416 -164
 2035 -163
 2992 -162
 3432 -161
 3583 -160
 3609 -159
 3104 -158
 3354 -157
 3328 -156
 3063 -155
 2108 -154
 891 -153
 503 -152
 77 -151
 25 -150
 3 -149
 0 -148
 0 -147
 0 -146
 0 -145
 0 -144
 0 -143
 0 -142
 0 -141
 0 -140


