# Created by Octave 3.8.2, Sat Jun 20 19:12:43 2020 CEST <damian@fptrucha.inv.usc.es>
# name: hd
# type: matrix
# rows: 41
# columns: 2
 0 -180
 0 -179
 1 -178
 0 -177
 2 -176
 0 -175
 2 -174
 2 -173
 2 -172
 4 -171
 14 -170
 47 -169
 98 -168
 191 -167
 282 -166
 589 -165
 1489 -164
 2035 -163
 3083 -162
 3523 -161
 3625 -160
 3630 -159
 3087 -158
 3535 -157
 3410 -156
 3169 -155
 2221 -154
 976 -153
 480 -152
 108 -151
 22 -150
 9 -149
 0 -148
 1 -147
 0 -146
 0 -145
 1 -144
 1 -143
 1 -142
 0 -141
 0 -140


