# Created by Octave 3.8.2, Mon Jun 22 04:16:12 2020 CEST <damian@fptrucha.inv.usc.es>
# name: hd
# type: matrix
# rows: 41
# columns: 2
 0 -180
 5 -179
 0 -178
 1 -177
 0 -176
 0 -175
 1 -174
 2 -173
 3 -172
 10 -171
 15 -170
 53 -169
 102 -168
 153 -167
 275 -166
 612 -165
 1273 -164
 2052 -163
 2956 -162
 3244 -161
 3420 -160
 2996 -159
 2941 -158
 3157 -157
 3139 -156
 2879 -155
 1773 -154
 868 -153
 412 -152
 110 -151
 27 -150
 7 -149
 3 -148
 1 -147
 1 -146
 0 -145
 1 -144
 0 -143
 0 -142
 0 -141
 0 -140


