# Created by Octave 3.8.2, Mon Jun 22 05:00:05 2020 CEST <damian@fptrucha.inv.usc.es>
# name: hd
# type: matrix
# rows: 41
# columns: 2
 1 -180
 1 -179
 1 -178
 1 -177
 1 -176
 0 -175
 2 -174
 1 -173
 1 -172
 4 -171
 15 -170
 38 -169
 90 -168
 152 -167
 274 -166
 623 -165
 1260 -164
 1994 -163
 2912 -162
 3295 -161
 3366 -160
 2985 -159
 2812 -158
 3150 -157
 3071 -156
 2811 -155
 1739 -154
 917 -153
 412 -152
 113 -151
 28 -150
 7 -149
 3 -148
 1 -147
 1 -146
 0 -145
 0 -144
 0 -143
 0 -142
 0 -141
 0 -140


