# Created by Octave 3.8.2, Sat Jun 20 08:13:49 2020 CEST <damian@fptrucha.inv.usc.es>
# name: hd
# type: matrix
# rows: 41
# columns: 2
 1 -180
 0 -179
 2 -178
 0 -177
 1 -176
 2 -175
 1 -174
 3 -173
 4 -172
 6 -171
 23 -170
 64 -169
 126 -168
 192 -167
 287 -166
 720 -165
 1724 -164
 2423 -163
 3583 -162
 4199 -161
 4223 -160
 4063 -159
 3464 -158
 3873 -157
 3890 -156
 3592 -155
 2408 -154
 1122 -153
 535 -152
 96 -151
 24 -150
 3 -149
 1 -148
 1 -147
 0 -146
 0 -145
 1 -144
 1 -143
 0 -142
 0 -141
 0 -140


