# Created by Octave 3.8.2, Sun Jun 21 08:15:23 2020 CEST <damian@fptrucha.inv.usc.es>
# name: hd
# type: matrix
# rows: 41
# columns: 2
 2 -180
 0 -179
 0 -178
 0 -177
 0 -176
 1 -175
 1 -174
 1 -173
 3 -172
 8 -171
 14 -170
 42 -169
 82 -168
 160 -167
 246 -166
 563 -165
 1425 -164
 2040 -163
 2986 -162
 3490 -161
 3620 -160
 3606 -159
 2947 -158
 3350 -157
 3423 -156
 3045 -155
 2205 -154
 989 -153
 493 -152
 99 -151
 23 -150
 8 -149
 0 -148
 1 -147
 0 -146
 1 -145
 0 -144
 0 -143
 0 -142
 0 -141
 0 -140


