# Created by Octave 3.8.2, Sun Jun 21 03:42:50 2020 CEST <damian@fptrucha.inv.usc.es>
# name: hd
# type: matrix
# rows: 41
# columns: 2
 0 -180
 1 -179
 0 -178
 1 -177
 1 -176
 1 -175
 1 -174
 1 -173
 2 -172
 7 -171
 15 -170
 48 -169
 89 -168
 145 -167
 239 -166
 532 -165
 1456 -164
 2020 -163
 3012 -162
 3359 -161
 3542 -160
 3503 -159
 2929 -158
 3332 -157
 3375 -156
 3137 -155
 2222 -154
 961 -153
 457 -152
 98 -151
 29 -150
 3 -149
 0 -148
 0 -147
 0 -146
 0 -145
 0 -144
 1 -143
 0 -142
 0 -141
 0 -140


