# Created by Octave 3.8.2, Sat Jun 20 12:28:54 2020 CEST <damian@fptrucha.inv.usc.es>
# name: hd
# type: matrix
# rows: 41
# columns: 2
 3 -180
 0 -179
 0 -178
 0 -177
 0 -176
 1 -175
 1 -174
 4 -173
 2 -172
 10 -171
 17 -170
 60 -169
 103 -168
 200 -167
 290 -166
 659 -165
 1583 -164
 2218 -163
 3432 -162
 3852 -161
 4049 -160
 3995 -159
 3308 -158
 3695 -157
 3667 -156
 3397 -155
 2283 -154
 1035 -153
 480 -152
 103 -151
 17 -150
 7 -149
 2 -148
 2 -147
 0 -146
 1 -145
 0 -144
 0 -143
 1 -142
 0 -141
 0 -140


