# Created by Octave 3.8.2, Mon Jun 22 08:25:35 2020 CEST <damian@fptrucha.inv.usc.es>
# name: hd
# type: matrix
# rows: 41
# columns: 2
 2 -180
 0 -179
 1 -178
 1 -177
 1 -176
 1 -175
 3 -174
 2 -173
 1 -172
 5 -171
 23 -170
 61 -169
 122 -168
 212 -167
 305 -166
 734 -165
 1541 -164
 2178 -163
 3280 -162
 3523 -161
 3638 -160
 3186 -159
 2939 -158
 3338 -157
 3366 -156
 2893 -155
 1789 -154
 817 -153
 349 -152
 72 -151
 14 -150
 5 -149
 2 -148
 1 -147
 0 -146
 1 -145
 0 -144
 1 -143
 0 -142
 3 -141
 0 -140


