# Created by Octave 3.8.2, Sat Jun 20 06:07:47 2020 CEST <damian@fptrucha.inv.usc.es>
# name: hd
# type: matrix
# rows: 41
# columns: 2
 0 -180
 0 -179
 0 -178
 1 -177
 0 -176
 0 -175
 1 -174
 0 -173
 4 -172
 4 -171
 19 -170
 64 -169
 101 -168
 186 -167
 291 -166
 745 -165
 1721 -164
 2386 -163
 3566 -162
 4081 -161
 4078 -160
 3964 -159
 3424 -158
 3926 -157
 3920 -156
 3526 -155
 2353 -154
 1018 -153
 493 -152
 100 -151
 16 -150
 7 -149
 3 -148
 1 -147
 0 -146
 1 -145
 0 -144
 0 -143
 0 -142
 0 -141
 0 -140


