# Created by Octave 3.8.2, Sun Jun 21 07:26:33 2020 CEST <damian@fptrucha.inv.usc.es>
# name: hd
# type: matrix
# rows: 41
# columns: 2
 1 -180
 0 -179
 1 -178
 1 -177
 0 -176
 2 -175
 0 -174
 2 -173
 7 -172
 9 -171
 16 -170
 31 -169
 86 -168
 165 -167
 233 -166
 500 -165
 1343 -164
 1997 -163
 3033 -162
 3497 -161
 3674 -160
 3435 -159
 2969 -158
 3399 -157
 3357 -156
 2947 -155
 2252 -154
 923 -153
 458 -152
 102 -151
 18 -150
 4 -149
 0 -148
 0 -147
 0 -146
 0 -145
 0 -144
 0 -143
 0 -142
 0 -141
 0 -140


