# Created by Octave 3.8.2, Sat Jun 20 03:37:06 2020 CEST <damian@fptrucha.inv.usc.es>
# name: hd
# type: matrix
# rows: 41
# columns: 2
 0 -180
 1 -179
 0 -178
 1 -177
 1 -176
 1 -175
 0 -174
 0 -173
 5 -172
 6 -171
 13 -170
 48 -169
 100 -168
 195 -167
 269 -166
 628 -165
 1612 -164
 2358 -163
 3409 -162
 4028 -161
 4044 -160
 3937 -159
 3311 -158
 3765 -157
 3778 -156
 3473 -155
 2384 -154
 1077 -153
 507 -152
 131 -151
 24 -150
 1 -149
 1 -148
 2 -147
 0 -146
 0 -145
 0 -144
 0 -143
 1 -142
 0 -141
 0 -140


