# Created by Octave 3.8.2, Mon Jun 22 23:30:24 2020 CEST <damian@fptrucha.inv.usc.es>
# name: hd
# type: matrix
# rows: 41
# columns: 2
 2 -180
 1 -179
 2 -178
 0 -177
 1 -176
 1 -175
 3 -174
 1 -173
 2 -172
 9 -171
 16 -170
 58 -169
 119 -168
 215 -167
 282 -166
 691 -165
 1596 -164
 2349 -163
 3388 -162
 3886 -161
 3963 -160
 3920 -159
 3169 -158
 3646 -157
 3621 -156
 3305 -155
 2330 -154
 1011 -153
 436 -152
 99 -151
 24 -150
 5 -149
 0 -148
 2 -147
 1 -146
 0 -145
 0 -144
 0 -143
 0 -142
 0 -141
 0 -140


