# Created by Octave 3.8.2, Sat Jun 20 11:58:25 2020 CEST <damian@fptrucha.inv.usc.es>
# name: hd
# type: matrix
# rows: 41
# columns: 2
 0 -180
 0 -179
 0 -178
 0 -177
 1 -176
 1 -175
 0 -174
 0 -173
 3 -172
 7 -171
 14 -170
 45 -169
 129 -168
 221 -167
 334 -166
 690 -165
 1716 -164
 2369 -163
 3365 -162
 3841 -161
 4033 -160
 4024 -159
 3366 -158
 3698 -157
 3836 -156
 3390 -155
 2394 -154
 1018 -153
 514 -152
 102 -151
 15 -150
 9 -149
 3 -148
 2 -147
 0 -146
 0 -145
 0 -144
 0 -143
 0 -142
 0 -141
 0 -140


