# Created by Octave 3.8.2, Mon Jun 22 17:11:41 2020 CEST <damian@fptrucha.inv.usc.es>
# name: hd
# type: matrix
# rows: 41
# columns: 2
 2 -180
 2 -179
 0 -178
 1 -177
 0 -176
 0 -175
 1 -174
 2 -173
 4 -172
 16 -171
 15 -170
 69 -169
 143 -168
 221 -167
 354 -166
 786 -165
 1623 -164
 2411 -163
 3460 -162
 3777 -161
 3825 -160
 3283 -159
 3336 -158
 3584 -157
 3546 -156
 3054 -155
 1765 -154
 900 -153
 318 -152
 79 -151
 15 -150
 5 -149
 1 -148
 3 -147
 1 -146
 0 -145
 0 -144
 0 -143
 0 -142
 0 -141
 0 -140


