# Created by Octave 3.8.2, Mon Jun 22 04:27:11 2020 CEST <damian@fptrucha.inv.usc.es>
# name: hd
# type: matrix
# rows: 41
# columns: 2
 2 -180
 0 -179
 0 -178
 2 -177
 2 -176
 0 -175
 0 -174
 0 -173
 3 -172
 6 -171
 15 -170
 46 -169
 60 -168
 159 -167
 257 -166
 585 -165
 1281 -164
 1931 -163
 2811 -162
 3229 -161
 3354 -160
 2932 -159
 2928 -158
 3158 -157
 3089 -156
 2686 -155
 1796 -154
 926 -153
 419 -152
 97 -151
 29 -150
 6 -149
 0 -148
 1 -147
 0 -146
 0 -145
 0 -144
 0 -143
 0 -142
 0 -141
 0 -140


