# Created by Octave 3.8.2, Sun Jun 21 04:20:45 2020 CEST <damian@fptrucha.inv.usc.es>
# name: hd
# type: matrix
# rows: 41
# columns: 2
 0 -180
 0 -179
 0 -178
 0 -177
 0 -176
 0 -175
 0 -174
 2 -173
 0 -172
 2 -171
 8 -170
 32 -169
 63 -168
 110 -167
 151 -166
 389 -165
 913 -164
 1375 -163
 2031 -162
 2309 -161
 2337 -160
 2263 -159
 1923 -158
 2225 -157
 2152 -156
 1938 -155
 1476 -154
 631 -153
 317 -152
 60 -151
 16 -150
 1 -149
 1 -148
 1 -147
 0 -146
 0 -145
 0 -144
 0 -143
 0 -142
 0 -141
 0 -140


