# Created by Octave 3.8.2, Sat Jun 20 18:15:38 2020 CEST <damian@fptrucha.inv.usc.es>
# name: hd
# type: matrix
# rows: 41
# columns: 2
 2 -180
 1 -179
 0 -178
 1 -177
 2 -176
 1 -175
 1 -174
 4 -173
 3 -172
 10 -171
 16 -170
 40 -169
 95 -168
 188 -167
 262 -166
 597 -165
 1495 -164
 2060 -163
 3222 -162
 3441 -161
 3786 -160
 3514 -159
 3058 -158
 3450 -157
 3438 -156
 3079 -155
 2230 -154
 938 -153
 461 -152
 94 -151
 14 -150
 8 -149
 2 -148
 1 -147
 1 -146
 1 -145
 0 -144
 0 -143
 1 -142
 1 -141
 0 -140


