# Created by Octave 3.8.2, Mon Jun 22 10:28:51 2020 CEST <damian@fptrucha.inv.usc.es>
# name: hd
# type: matrix
# rows: 41
# columns: 2
 2 -180
 0 -179
 1 -178
 0 -177
 1 -176
 0 -175
 0 -174
 5 -173
 5 -172
 2 -171
 20 -170
 67 -169
 112 -168
 201 -167
 327 -166
 714 -165
 1586 -164
 2279 -163
 3345 -162
 3672 -161
 3742 -160
 3352 -159
 3058 -158
 3448 -157
 3518 -156
 2855 -155
 1825 -154
 864 -153
 364 -152
 69 -151
 6 -150
 1 -149
 2 -148
 0 -147
 0 -146
 1 -145
 0 -144
 0 -143
 0 -142
 0 -141
 0 -140


