# Created by Octave 3.8.2, Mon Jun 22 14:07:50 2020 CEST <damian@fptrucha.inv.usc.es>
# name: hd
# type: matrix
# rows: 41
# columns: 2
 2 -180
 0 -179
 1 -178
 3 -177
 0 -176
 0 -175
 0 -174
 3 -173
 5 -172
 10 -171
 28 -170
 51 -169
 115 -168
 224 -167
 341 -166
 868 -165
 1484 -164
 2434 -163
 3354 -162
 3666 -161
 3774 -160
 3257 -159
 3324 -158
 3519 -157
 3491 -156
 3030 -155
 1664 -154
 868 -153
 352 -152
 75 -151
 14 -150
 7 -149
 1 -148
 1 -147
 1 -146
 1 -145
 1 -144
 0 -143
 1 -142
 0 -141
 0 -140


