# Created by Octave 3.8.2, Mon Jun 22 06:01:17 2020 CEST <damian@fptrucha.inv.usc.es>
# name: hd
# type: matrix
# rows: 41
# columns: 2
 2 -180
 2 -179
 0 -178
 0 -177
 2 -176
 3 -175
 0 -174
 0 -173
 2 -172
 9 -171
 18 -170
 53 -169
 120 -168
 198 -167
 296 -166
 742 -165
 1469 -164
 2183 -163
 3070 -162
 3377 -161
 3638 -160
 3207 -159
 2907 -158
 3265 -157
 3162 -156
 2783 -155
 1684 -154
 763 -153
 331 -152
 78 -151
 16 -150
 1 -149
 1 -148
 1 -147
 0 -146
 0 -145
 0 -144
 0 -143
 1 -142
 0 -141
 0 -140


