# Created by Octave 3.8.2, Sat Jun 20 05:13:10 2020 CEST <damian@fptrucha.inv.usc.es>
# name: hd
# type: matrix
# rows: 41
# columns: 2
 0 -180
 0 -179
 0 -178
 0 -177
 3 -176
 1 -175
 1 -174
 4 -173
 4 -172
 6 -171
 19 -170
 52 -169
 117 -168
 201 -167
 286 -166
 634 -165
 1677 -164
 2225 -163
 3496 -162
 3949 -161
 4037 -160
 3975 -159
 3314 -158
 3764 -157
 3810 -156
 3364 -155
 2363 -154
 1066 -153
 490 -152
 114 -151
 27 -150
 3 -149
 1 -148
 3 -147
 0 -146
 0 -145
 0 -144
 0 -143
 0 -142
 0 -141
 0 -140


