# Created by Octave 3.8.2, Sat Jun 20 15:26:27 2020 CEST <damian@fptrucha.inv.usc.es>
# name: hd
# type: matrix
# rows: 41
# columns: 2
 1 -180
 0 -179
 0 -178
 0 -177
 0 -176
 2 -175
 2 -174
 2 -173
 1 -172
 4 -171
 5 -170
 51 -169
 126 -168
 198 -167
 268 -166
 599 -165
 1514 -164
 2180 -163
 3272 -162
 3710 -161
 3799 -160
 3733 -159
 3281 -158
 3494 -157
 3413 -156
 3236 -155
 2207 -154
 951 -153
 469 -152
 103 -151
 17 -150
 8 -149
 1 -148
 1 -147
 0 -146
 0 -145
 0 -144
 0 -143
 1 -142
 0 -141
 0 -140


