# Created by Octave 3.8.2, Mon Jun 22 22:28:17 2020 CEST <damian@fptrucha.inv.usc.es>
# name: hd
# type: matrix
# rows: 41
# columns: 2
 0 -180
 0 -179
 0 -178
 2 -177
 2 -176
 1 -175
 2 -174
 0 -173
 1 -172
 5 -171
 16 -170
 56 -169
 103 -168
 194 -167
 309 -166
 692 -165
 1586 -164
 2351 -163
 3387 -162
 3926 -161
 4029 -160
 3893 -159
 3115 -158
 3666 -157
 3651 -156
 3328 -155
 2321 -154
 1003 -153
 440 -152
 75 -151
 27 -150
 4 -149
 4 -148
 4 -147
 1 -146
 0 -145
 0 -144
 0 -143
 0 -142
 0 -141
 0 -140


