# Created by Octave 3.8.2, Mon Jun 22 15:54:11 2020 CEST <damian@fptrucha.inv.usc.es>
# name: hd
# type: matrix
# rows: 41
# columns: 2
 2 -180
 0 -179
 1 -178
 2 -177
 0 -176
 1 -175
 0 -174
 1 -173
 5 -172
 10 -171
 23 -170
 64 -169
 128 -168
 252 -167
 335 -166
 847 -165
 1680 -164
 2474 -163
 3389 -162
 3814 -161
 3958 -160
 3436 -159
 3323 -158
 3658 -157
 3466 -156
 3091 -155
 1807 -154
 852 -153
 368 -152
 65 -151
 16 -150
 5 -149
 1 -148
 0 -147
 0 -146
 1 -145
 0 -144
 0 -143
 0 -142
 0 -141
 0 -140


