# Created by Octave 3.8.2, Sat Jun 20 23:41:51 2020 CEST <damian@fptrucha.inv.usc.es>
# name: hd
# type: matrix
# rows: 41
# columns: 2
 1 -180
 1 -179
 0 -178
 0 -177
 0 -176
 0 -175
 1 -174
 1 -173
 5 -172
 3 -171
 12 -170
 38 -169
 89 -168
 185 -167
 261 -166
 561 -165
 1461 -164
 1988 -163
 3027 -162
 3554 -161
 3606 -160
 3649 -159
 2992 -158
 3464 -157
 3278 -156
 3036 -155
 2111 -154
 948 -153
 451 -152
 100 -151
 27 -150
 5 -149
 2 -148
 0 -147
 0 -146
 2 -145
 0 -144
 0 -143
 0 -142
 0 -141
 0 -140


