# Created by Octave 3.8.2, Sat Jun 20 06:19:28 2020 CEST <damian@fptrucha.inv.usc.es>
# name: hd
# type: matrix
# rows: 41
# columns: 2
 2 -180
 0 -179
 0 -178
 0 -177
 0 -176
 0 -175
 1 -174
 0 -173
 3 -172
 3 -171
 25 -170
 52 -169
 138 -168
 203 -167
 346 -166
 726 -165
 1659 -164
 2319 -163
 3545 -162
 4049 -161
 4073 -160
 4118 -159
 3478 -158
 3813 -157
 3874 -156
 3532 -155
 2353 -154
 1022 -153
 475 -152
 106 -151
 27 -150
 5 -149
 0 -148
 2 -147
 0 -146
 0 -145
 1 -144
 0 -143
 0 -142
 0 -141
 0 -140


