# Created by Octave 3.8.2, Sat Jun 20 15:05:30 2020 CEST <damian@fptrucha.inv.usc.es>
# name: hd
# type: matrix
# rows: 41
# columns: 2
 1 -180
 0 -179
 0 -178
 0 -177
 1 -176
 1 -175
 2 -174
 1 -173
 5 -172
 6 -171
 25 -170
 51 -169
 106 -168
 199 -167
 281 -166
 626 -165
 1494 -164
 2162 -163
 3200 -162
 3718 -161
 3854 -160
 3760 -159
 3237 -158
 3717 -157
 3557 -156
 3272 -155
 2260 -154
 924 -153
 507 -152
 104 -151
 25 -150
 5 -149
 1 -148
 0 -147
 1 -146
 1 -145
 0 -144
 0 -143
 0 -142
 2 -141
 0 -140


