# Created by Octave 3.8.2, Tue Jun 23 00:28:17 2020 CEST <damian@fptrucha.inv.usc.es>
# name: hd
# type: matrix
# rows: 41
# columns: 2
 1 -180
 0 -179
 0 -178
 0 -177
 0 -176
 0 -175
 3 -174
 1 -173
 1 -172
 4 -171
 10 -170
 24 -169
 83 -168
 136 -167
 206 -166
 428 -165
 1109 -164
 1552 -163
 2193 -162
 2606 -161
 2645 -160
 2532 -159
 2099 -158
 2485 -157
 2307 -156
 2317 -155
 1532 -154
 699 -153
 315 -152
 77 -151
 12 -150
 3 -149
 2 -148
 0 -147
 0 -146
 1 -145
 0 -144
 2 -143
 0 -142
 1 -141
 0 -140


