# Created by Octave 3.8.2, Mon Jun 22 01:20:03 2020 CEST <damian@fptrucha.inv.usc.es>
# name: hd
# type: matrix
# rows: 41
# columns: 2
 0 -180
 1 -179
 1 -178
 0 -177
 2 -176
 1 -175
 2 -174
 0 -173
 2 -172
 5 -171
 17 -170
 43 -169
 88 -168
 166 -167
 227 -166
 488 -165
 1319 -164
 1915 -163
 3134 -162
 3338 -161
 3672 -160
 3581 -159
 3088 -158
 3272 -157
 3388 -156
 3166 -155
 2225 -154
 995 -153
 490 -152
 109 -151
 23 -150
 6 -149
 4 -148
 0 -147
 0 -146
 0 -145
 2 -144
 0 -143
 1 -142
 0 -141
 0 -140


