# Created by Octave 3.8.2, Sat Jun 20 18:10:16 2020 CEST <damian@fptrucha.inv.usc.es>
# name: hd
# type: matrix
# rows: 41
# columns: 2
 0 -180
 0 -179
 1 -178
 0 -177
 0 -176
 1 -175
 1 -174
 0 -173
 2 -172
 6 -171
 15 -170
 46 -169
 107 -168
 158 -167
 284 -166
 637 -165
 1506 -164
 2051 -163
 3102 -162
 3541 -161
 3686 -160
 3574 -159
 3088 -158
 3403 -157
 3349 -156
 3217 -155
 2167 -154
 924 -153
 471 -152
 100 -151
 23 -150
 9 -149
 0 -148
 1 -147
 1 -146
 0 -145
 0 -144
 0 -143
 0 -142
 0 -141
 0 -140


