# Created by Octave 3.8.2, Mon Jun 22 05:05:48 2020 CEST <damian@fptrucha.inv.usc.es>
# name: hd
# type: matrix
# rows: 41
# columns: 2
 0 -180
 0 -179
 3 -178
 1 -177
 0 -176
 2 -175
 1 -174
 0 -173
 5 -172
 3 -171
 13 -170
 52 -169
 108 -168
 178 -167
 268 -166
 660 -165
 1306 -164
 1966 -163
 2955 -162
 3314 -161
 3380 -160
 3053 -159
 2845 -158
 3244 -157
 3217 -156
 2790 -155
 1743 -154
 953 -153
 420 -152
 97 -151
 19 -150
 4 -149
 2 -148
 1 -147
 0 -146
 0 -145
 0 -144
 0 -143
 0 -142
 0 -141
 0 -140


