# Created by Octave 3.8.2, Sat Jun 20 10:24:25 2020 CEST <damian@fptrucha.inv.usc.es>
# name: hd
# type: matrix
# rows: 41
# columns: 2
 0 -180
 0 -179
 0 -178
 0 -177
 1 -176
 0 -175
 1 -174
 0 -173
 1 -172
 4 -171
 9 -170
 30 -169
 81 -168
 172 -167
 212 -166
 455 -165
 1109 -164
 1461 -163
 2318 -162
 2677 -161
 2772 -160
 2605 -159
 2166 -158
 2521 -157
 2512 -156
 2247 -155
 1504 -154
 653 -153
 308 -152
 69 -151
 21 -150
 8 -149
 3 -148
 0 -147
 2 -146
 0 -145
 1 -144
 0 -143
 0 -142
 0 -141
 0 -140


