# Created by Octave 3.8.2, Mon Jun 22 18:15:27 2020 CEST <damian@fptrucha.inv.usc.es>
# name: hd
# type: matrix
# rows: 41
# columns: 2
 2 -180
 0 -179
 1 -178
 1 -177
 0 -176
 1 -175
 4 -174
 1 -173
 4 -172
 7 -171
 21 -170
 56 -169
 122 -168
 218 -167
 336 -166
 768 -165
 1614 -164
 2418 -163
 3475 -162
 3869 -161
 3902 -160
 3410 -159
 3170 -158
 3631 -157
 3528 -156
 3107 -155
 1928 -154
 911 -153
 385 -152
 90 -151
 14 -150
 2 -149
 1 -148
 0 -147
 0 -146
 0 -145
 0 -144
 0 -143
 0 -142
 0 -141
 0 -140


