# Created by Octave 3.8.2, Mon Jun 22 11:26:51 2020 CEST <damian@fptrucha.inv.usc.es>
# name: hd
# type: matrix
# rows: 41
# columns: 2
 2 -180
 4 -179
 1 -178
 1 -177
 1 -176
 1 -175
 0 -174
 3 -173
 4 -172
 6 -171
 28 -170
 66 -169
 106 -168
 225 -167
 348 -166
 717 -165
 1482 -164
 2280 -163
 3174 -162
 3645 -161
 3622 -160
 3120 -159
 3166 -158
 3564 -157
 3537 -156
 3003 -155
 1677 -154
 905 -153
 344 -152
 58 -151
 11 -150
 4 -149
 1 -148
 2 -147
 1 -146
 0 -145
 1 -144
 0 -143
 0 -142
 1 -141
 0 -140


