# Created by Octave 3.8.2, Mon Jun 22 05:53:24 2020 CEST <damian@fptrucha.inv.usc.es>
# name: hd
# type: matrix
# rows: 41
# columns: 2
 0 -180
 0 -179
 1 -178
 2 -177
 1 -176
 0 -175
 3 -174
 1 -173
 4 -172
 7 -171
 24 -170
 51 -169
 94 -168
 191 -167
 273 -166
 755 -165
 1494 -164
 2191 -163
 3054 -162
 3514 -161
 3418 -160
 3104 -159
 2949 -158
 3376 -157
 3184 -156
 2739 -155
 1646 -154
 768 -153
 310 -152
 67 -151
 9 -150
 5 -149
 1 -148
 0 -147
 0 -146
 1 -145
 1 -144
 0 -143
 0 -142
 0 -141
 0 -140


