# Created by Octave 3.8.2, Sun Jun 21 03:21:37 2020 CEST <damian@fptrucha.inv.usc.es>
# name: hd
# type: matrix
# rows: 41
# columns: 2
 0 -180
 0 -179
 2 -178
 1 -177
 0 -176
 2 -175
 1 -174
 0 -173
 1 -172
 8 -171
 19 -170
 44 -169
 83 -168
 189 -167
 243 -166
 568 -165
 1421 -164
 2095 -163
 3118 -162
 3532 -161
 3563 -160
 3507 -159
 2931 -158
 3286 -157
 3305 -156
 2999 -155
 2187 -154
 941 -153
 424 -152
 85 -151
 16 -150
 3 -149
 1 -148
 1 -147
 0 -146
 0 -145
 0 -144
 0 -143
 0 -142
 0 -141
 0 -140


