# Created by Octave 3.8.2, Sun Jun 21 05:48:57 2020 CEST <damian@fptrucha.inv.usc.es>
# name: hd
# type: matrix
# rows: 41
# columns: 2
 1 -180
 0 -179
 0 -178
 0 -177
 2 -176
 0 -175
 0 -174
 5 -173
 4 -172
 3 -171
 16 -170
 33 -169
 89 -168
 198 -167
 253 -166
 583 -165
 1454 -164
 2052 -163
 3047 -162
 3570 -161
 3606 -160
 3581 -159
 2909 -158
 3370 -157
 3370 -156
 3036 -155
 2166 -154
 986 -153
 443 -152
 120 -151
 23 -150
 3 -149
 4 -148
 1 -147
 0 -146
 1 -145
 1 -144
 0 -143
 0 -142
 0 -141
 0 -140


