# Created by Octave 3.8.2, Mon Jun 22 20:42:57 2020 CEST <damian@fptrucha.inv.usc.es>
# name: hd
# type: matrix
# rows: 41
# columns: 2
 0 -180
 2 -179
 1 -178
 2 -177
 0 -176
 0 -175
 1 -174
 1 -173
 3 -172
 6 -171
 34 -170
 68 -169
 129 -168
 232 -167
 315 -166
 756 -165
 1500 -164
 2460 -163
 3464 -162
 3873 -161
 3927 -160
 3458 -159
 3231 -158
 3614 -157
 3510 -156
 3183 -155
 1952 -154
 1023 -153
 386 -152
 81 -151
 11 -150
 3 -149
 0 -148
 0 -147
 0 -146
 0 -145
 0 -144
 0 -143
 2 -142
 1 -141
 0 -140


