# Created by Octave 3.8.2, Sun Jun 21 02:42:17 2020 CEST <damian@fptrucha.inv.usc.es>
# name: hd
# type: matrix
# rows: 41
# columns: 2
 0 -180
 1 -179
 1 -178
 1 -177
 0 -176
 1 -175
 1 -174
 2 -173
 4 -172
 8 -171
 7 -170
 48 -169
 67 -168
 178 -167
 223 -166
 557 -165
 1431 -164
 2003 -163
 3034 -162
 3339 -161
 3533 -160
 3453 -159
 2876 -158
 3255 -157
 3311 -156
 3135 -155
 2169 -154
 965 -153
 454 -152
 119 -151
 26 -150
 6 -149
 4 -148
 0 -147
 1 -146
 0 -145
 0 -144
 1 -143
 0 -142
 0 -141
 0 -140


