# Created by Octave 3.8.2, Mon Jun 22 12:23:12 2020 CEST <damian@fptrucha.inv.usc.es>
# name: hd
# type: matrix
# rows: 41
# columns: 2
 1 -180
 1 -179
 0 -178
 3 -177
 5 -176
 3 -175
 2 -174
 2 -173
 1 -172
 8 -171
 15 -170
 48 -169
 117 -168
 213 -167
 347 -166
 842 -165
 1558 -164
 2309 -163
 3242 -162
 3720 -161
 3747 -160
 3377 -159
 3197 -158
 3478 -157
 3422 -156
 3002 -155
 1853 -154
 875 -153
 348 -152
 61 -151
 18 -150
 1 -149
 1 -148
 2 -147
 1 -146
 0 -145
 1 -144
 0 -143
 0 -142
 0 -141
 0 -140


