# Created by Octave 3.8.2, Sun Jun 21 01:30:12 2020 CEST <damian@fptrucha.inv.usc.es>
# name: hd
# type: matrix
# rows: 41
# columns: 2
 0 -180
 1 -179
 2 -178
 1 -177
 0 -176
 1 -175
 0 -174
 1 -173
 1 -172
 7 -171
 14 -170
 40 -169
 106 -168
 147 -167
 246 -166
 595 -165
 1481 -164
 2061 -163
 2928 -162
 3502 -161
 3495 -160
 3502 -159
 2967 -158
 3313 -157
 3377 -156
 3003 -155
 2112 -154
 921 -153
 451 -152
 104 -151
 18 -150
 4 -149
 2 -148
 0 -147
 0 -146
 0 -145
 1 -144
 0 -143
 1 -142
 0 -141
 0 -140


