# Created by Octave 3.8.2, Mon Jun 22 12:05:40 2020 CEST <damian@fptrucha.inv.usc.es>
# name: hd
# type: matrix
# rows: 41
# columns: 2
 0 -180
 1 -179
 0 -178
 1 -177
 1 -176
 1 -175
 1 -174
 0 -173
 5 -172
 6 -171
 14 -170
 49 -169
 112 -168
 222 -167
 311 -166
 747 -165
 1490 -164
 2277 -163
 3432 -162
 3728 -161
 3585 -160
 3305 -159
 3120 -158
 3437 -157
 3435 -156
 3038 -155
 1813 -154
 853 -153
 327 -152
 81 -151
 14 -150
 4 -149
 2 -148
 2 -147
 1 -146
 1 -145
 0 -144
 0 -143
 1 -142
 0 -141
 0 -140


