# Created by Octave 3.8.2, Sat Jun 20 03:09:00 2020 CEST <damian@fptrucha.inv.usc.es>
# name: hd
# type: matrix
# rows: 41
# columns: 2
 0 -180
 0 -179
 0 -178
 0 -177
 0 -176
 1 -175
 0 -174
 4 -173
 4 -172
 6 -171
 15 -170
 63 -169
 97 -168
 155 -167
 280 -166
 662 -165
 1655 -164
 2330 -163
 3528 -162
 4034 -161
 4053 -160
 3948 -159
 3432 -158
 3792 -157
 3821 -156
 3350 -155
 2367 -154
 1031 -153
 500 -152
 121 -151
 18 -150
 4 -149
 0 -148
 0 -147
 1 -146
 0 -145
 0 -144
 0 -143
 1 -142
 1 -141
 0 -140


