# Created by Octave 3.8.2, Mon Jun 22 17:06:04 2020 CEST <damian@fptrucha.inv.usc.es>
# name: hd
# type: matrix
# rows: 41
# columns: 2
 1 -180
 1 -179
 1 -178
 2 -177
 1 -176
 1 -175
 2 -174
 1 -173
 2 -172
 7 -171
 27 -170
 70 -169
 126 -168
 234 -167
 354 -166
 850 -165
 1507 -164
 2531 -163
 3465 -162
 3758 -161
 3902 -160
 3308 -159
 3318 -158
 3602 -157
 3485 -156
 3068 -155
 1771 -154
 884 -153
 348 -152
 77 -151
 16 -150
 5 -149
 0 -148
 2 -147
 0 -146
 0 -145
 0 -144
 0 -143
 0 -142
 1 -141
 0 -140


