# Created by Octave 3.8.2, Mon Jun 22 04:01:28 2020 CEST <damian@fptrucha.inv.usc.es>
# name: hd
# type: matrix
# rows: 41
# columns: 2
 0 -180
 1 -179
 0 -178
 0 -177
 3 -176
 1 -175
 1 -174
 0 -173
 2 -172
 9 -171
 18 -170
 37 -169
 88 -168
 170 -167
 243 -166
 663 -165
 1327 -164
 2046 -163
 2977 -162
 3358 -161
 3544 -160
 2945 -159
 2887 -158
 3336 -157
 3179 -156
 2836 -155
 1704 -154
 870 -153
 403 -152
 101 -151
 31 -150
 7 -149
 2 -148
 2 -147
 0 -146
 1 -145
 0 -144
 0 -143
 1 -142
 0 -141
 0 -140


