# Created by Octave 3.8.2, Sat Jun 20 16:27:57 2020 CEST <damian@fptrucha.inv.usc.es>
# name: hd
# type: matrix
# rows: 41
# columns: 2
 1 -180
 0 -179
 0 -178
 0 -177
 0 -176
 1 -175
 1 -174
 3 -173
 2 -172
 5 -171
 13 -170
 50 -169
 119 -168
 192 -167
 291 -166
 586 -165
 1488 -164
 2129 -163
 3213 -162
 3752 -161
 3786 -160
 3857 -159
 3232 -158
 3570 -157
 3461 -156
 3163 -155
 2181 -154
 931 -153
 465 -152
 101 -151
 19 -150
 7 -149
 2 -148
 1 -147
 0 -146
 1 -145
 0 -144
 0 -143
 0 -142
 0 -141
 0 -140


