# Created by Octave 3.8.2, Mon Jun 22 07:36:04 2020 CEST <damian@fptrucha.inv.usc.es>
# name: hd
# type: matrix
# rows: 41
# columns: 2
 1 -180
 1 -179
 0 -178
 2 -177
 0 -176
 0 -175
 0 -174
 4 -173
 3 -172
 9 -171
 18 -170
 60 -169
 117 -168
 199 -167
 286 -166
 676 -165
 1540 -164
 2266 -163
 3220 -162
 3491 -161
 3521 -160
 3190 -159
 2948 -158
 3314 -157
 3149 -156
 2852 -155
 1725 -154
 823 -153
 366 -152
 88 -151
 18 -150
 4 -149
 0 -148
 0 -147
 0 -146
 1 -145
 1 -144
 0 -143
 0 -142
 0 -141
 0 -140


