# Created by Octave 3.8.2, Mon Jun 22 02:20:52 2020 CEST <damian@fptrucha.inv.usc.es>
# name: hd
# type: matrix
# rows: 41
# columns: 2
 2 -180
 1 -179
 1 -178
 1 -177
 0 -176
 0 -175
 0 -174
 0 -173
 5 -172
 4 -171
 18 -170
 60 -169
 116 -168
 211 -167
 296 -166
 713 -165
 1523 -164
 2119 -163
 3177 -162
 3591 -161
 3657 -160
 3300 -159
 3013 -158
 3428 -157
 3470 -156
 2932 -155
 1838 -154
 888 -153
 425 -152
 95 -151
 14 -150
 3 -149
 2 -148
 2 -147
 2 -146
 2 -145
 0 -144
 0 -143
 0 -142
 1 -141
 0 -140


