# Created by Octave 3.8.2, Sun Jun 21 04:24:03 2020 CEST <damian@fptrucha.inv.usc.es>
# name: hd
# type: matrix
# rows: 41
# columns: 2
 1 -180
 2 -179
 0 -178
 0 -177
 0 -176
 1 -175
 2 -174
 2 -173
 3 -172
 6 -171
 13 -170
 40 -169
 111 -168
 163 -167
 271 -166
 566 -165
 1374 -164
 1958 -163
 3125 -162
 3539 -161
 3620 -160
 3518 -159
 3020 -158
 3279 -157
 3335 -156
 3115 -155
 2213 -154
 918 -153
 476 -152
 112 -151
 14 -150
 1 -149
 2 -148
 0 -147
 0 -146
 0 -145
 0 -144
 0 -143
 0 -142
 0 -141
 0 -140


