# Created by Octave 3.8.2, Mon Jun 22 08:26:39 2020 CEST <damian@fptrucha.inv.usc.es>
# name: hd
# type: matrix
# rows: 41
# columns: 2
 1 -180
 0 -179
 2 -178
 2 -177
 0 -176
 0 -175
 2 -174
 3 -173
 5 -172
 5 -171
 19 -170
 47 -169
 110 -168
 217 -167
 327 -166
 725 -165
 1527 -164
 2273 -163
 3219 -162
 3527 -161
 3561 -160
 3289 -159
 3120 -158
 3351 -157
 3285 -156
 2910 -155
 1780 -154
 825 -153
 336 -152
 71 -151
 18 -150
 4 -149
 0 -148
 0 -147
 1 -146
 1 -145
 0 -144
 0 -143
 0 -142
 1 -141
 0 -140


