# Created by Octave 3.8.2, Sat Jun 20 07:54:40 2020 CEST <damian@fptrucha.inv.usc.es>
# name: hd
# type: matrix
# rows: 41
# columns: 2
 0 -180
 1 -179
 0 -178
 2 -177
 0 -176
 0 -175
 2 -174
 1 -173
 4 -172
 8 -171
 12 -170
 61 -169
 100 -168
 208 -167
 303 -166
 696 -165
 1666 -164
 2505 -163
 3543 -162
 3954 -161
 4252 -160
 4123 -159
 3495 -158
 3848 -157
 3886 -156
 3530 -155
 2373 -154
 1075 -153
 558 -152
 113 -151
 30 -150
 7 -149
 3 -148
 0 -147
 0 -146
 0 -145
 0 -144
 0 -143
 0 -142
 0 -141
 0 -140


