# Created by Octave 3.8.2, Mon Jun 22 07:48:21 2020 CEST <damian@fptrucha.inv.usc.es>
# name: hd
# type: matrix
# rows: 41
# columns: 2
 1 -180
 0 -179
 1 -178
 1 -177
 2 -176
 0 -175
 0 -174
 3 -173
 2 -172
 6 -171
 28 -170
 58 -169
 126 -168
 225 -167
 296 -166
 743 -165
 1547 -164
 2197 -163
 3258 -162
 3508 -161
 3508 -160
 3286 -159
 3077 -158
 3287 -157
 3235 -156
 2896 -155
 1743 -154
 812 -153
 346 -152
 56 -151
 15 -150
 4 -149
 1 -148
 0 -147
 1 -146
 1 -145
 1 -144
 0 -143
 0 -142
 0 -141
 0 -140


