# Created by Octave 3.8.2, Sat Jun 20 15:30:18 2020 CEST <damian@fptrucha.inv.usc.es>
# name: hd
# type: matrix
# rows: 41
# columns: 2
 0 -180
 1 -179
 1 -178
 1 -177
 1 -176
 0 -175
 5 -174
 1 -173
 1 -172
 7 -171
 14 -170
 47 -169
 88 -168
 177 -167
 265 -166
 581 -165
 1504 -164
 2072 -163
 3329 -162
 3618 -161
 3731 -160
 3756 -159
 3215 -158
 3531 -157
 3621 -156
 3310 -155
 2293 -154
 989 -153
 437 -152
 120 -151
 26 -150
 8 -149
 1 -148
 1 -147
 1 -146
 0 -145
 0 -144
 0 -143
 0 -142
 0 -141
 0 -140


