# Created by Octave 3.8.2, Mon Jun 22 15:49:42 2020 CEST <damian@fptrucha.inv.usc.es>
# name: hd
# type: matrix
# rows: 41
# columns: 2
 1 -180
 1 -179
 2 -178
 2 -177
 0 -176
 1 -175
 1 -174
 1 -173
 5 -172
 10 -171
 30 -170
 70 -169
 122 -168
 235 -167
 374 -166
 863 -165
 1585 -164
 2426 -163
 3527 -162
 4041 -161
 3823 -160
 3480 -159
 3259 -158
 3651 -157
 3573 -156
 3044 -155
 1772 -154
 862 -153
 380 -152
 83 -151
 17 -150
 5 -149
 1 -148
 1 -147
 1 -146
 0 -145
 1 -144
 0 -143
 1 -142
 0 -141
 0 -140


