# Created by Octave 3.8.2, Mon Jun 22 04:50:59 2020 CEST <damian@fptrucha.inv.usc.es>
# name: hd
# type: matrix
# rows: 41
# columns: 2
 1 -180
 0 -179
 0 -178
 1 -177
 0 -176
 0 -175
 0 -174
 2 -173
 3 -172
 2 -171
 21 -170
 38 -169
 83 -168
 180 -167
 235 -166
 606 -165
 1241 -164
 1959 -163
 2907 -162
 3260 -161
 3340 -160
 2989 -159
 2814 -158
 3109 -157
 3147 -156
 2790 -155
 1820 -154
 907 -153
 464 -152
 110 -151
 22 -150
 6 -149
 0 -148
 0 -147
 1 -146
 0 -145
 1 -144
 0 -143
 0 -142
 0 -141
 0 -140


