# Created by Octave 3.8.2, Tue Jun 23 00:44:56 2020 CEST <damian@fptrucha.inv.usc.es>
# name: hd
# type: matrix
# rows: 41
# columns: 2
 1 -180
 1 -179
 1 -178
 0 -177
 0 -176
 0 -175
 0 -174
 1 -173
 2 -172
 7 -171
 16 -170
 47 -169
 111 -168
 197 -167
 272 -166
 629 -165
 1641 -164
 2396 -163
 3428 -162
 3838 -161
 3929 -160
 3904 -159
 3247 -158
 3736 -157
 3691 -156
 3323 -155
 2282 -154
 1019 -153
 462 -152
 106 -151
 30 -150
 5 -149
 0 -148
 4 -147
 0 -146
 0 -145
 0 -144
 0 -143
 0 -142
 0 -141
 0 -140


