# Created by Octave 3.8.2, Sat Jun 20 08:02:05 2020 CEST <damian@fptrucha.inv.usc.es>
# name: hd
# type: matrix
# rows: 41
# columns: 2
 0 -180
 0 -179
 1 -178
 1 -177
 1 -176
 2 -175
 2 -174
 1 -173
 3 -172
 7 -171
 19 -170
 41 -169
 124 -168
 209 -167
 283 -166
 680 -165
 1756 -164
 2392 -163
 3479 -162
 4021 -161
 4149 -160
 4016 -159
 3416 -158
 3884 -157
 3903 -156
 3493 -155
 2384 -154
 1095 -153
 536 -152
 118 -151
 30 -150
 3 -149
 4 -148
 1 -147
 0 -146
 1 -145
 1 -144
 1 -143
 0 -142
 1 -141
 0 -140


