# Created by Octave 3.8.2, Sat Jun 20 11:42:58 2020 CEST <damian@fptrucha.inv.usc.es>
# name: hd
# type: matrix
# rows: 41
# columns: 2
 1 -180
 0 -179
 0 -178
 0 -177
 0 -176
 0 -175
 0 -174
 0 -173
 1 -172
 4 -171
 20 -170
 54 -169
 123 -168
 193 -167
 333 -166
 677 -165
 1595 -164
 2278 -163
 3462 -162
 3866 -161
 3964 -160
 3978 -159
 3355 -158
 3616 -157
 3800 -156
 3381 -155
 2393 -154
 1043 -153
 526 -152
 115 -151
 25 -150
 7 -149
 1 -148
 0 -147
 2 -146
 0 -145
 1 -144
 0 -143
 0 -142
 0 -141
 0 -140


