# Created by Octave 3.8.2, Sat Jun 20 14:47:05 2020 CEST <damian@fptrucha.inv.usc.es>
# name: hd
# type: matrix
# rows: 41
# columns: 2
 0 -180
 0 -179
 1 -178
 0 -177
 0 -176
 0 -175
 2 -174
 1 -173
 4 -172
 7 -171
 15 -170
 67 -169
 125 -168
 223 -167
 298 -166
 663 -165
 1535 -164
 2232 -163
 3286 -162
 3831 -161
 3839 -160
 3783 -159
 3055 -158
 3582 -157
 3551 -156
 3323 -155
 2340 -154
 962 -153
 433 -152
 92 -151
 14 -150
 5 -149
 3 -148
 0 -147
 0 -146
 0 -145
 0 -144
 0 -143
 0 -142
 0 -141
 0 -140


