# Created by Octave 3.8.2, Sun Jun 21 07:33:13 2020 CEST <damian@fptrucha.inv.usc.es>
# name: hd
# type: matrix
# rows: 41
# columns: 2
 0 -180
 0 -179
 0 -178
 1 -177
 0 -176
 1 -175
 1 -174
 1 -173
 1 -172
 5 -171
 13 -170
 44 -169
 88 -168
 179 -167
 253 -166
 528 -165
 1381 -164
 2026 -163
 3066 -162
 3408 -161
 3731 -160
 3549 -159
 2948 -158
 3373 -157
 3299 -156
 3060 -155
 2177 -154
 1034 -153
 495 -152
 114 -151
 27 -150
 1 -149
 3 -148
 0 -147
 1 -146
 2 -145
 0 -144
 0 -143
 0 -142
 0 -141
 0 -140


