# Created by Octave 3.8.2, Sat Jun 20 15:34:17 2020 CEST <damian@fptrucha.inv.usc.es>
# name: hd
# type: matrix
# rows: 41
# columns: 2
 0 -180
 0 -179
 2 -178
 0 -177
 0 -176
 2 -175
 1 -174
 1 -173
 4 -172
 3 -171
 24 -170
 52 -169
 114 -168
 187 -167
 257 -166
 605 -165
 1528 -164
 2166 -163
 3170 -162
 3730 -161
 3846 -160
 3699 -159
 3198 -158
 3641 -157
 3478 -156
 3232 -155
 2293 -154
 994 -153
 509 -152
 116 -151
 27 -150
 2 -149
 0 -148
 0 -147
 0 -146
 0 -145
 0 -144
 0 -143
 0 -142
 0 -141
 0 -140


