# Created by Octave 3.8.2, Sun Jun 21 07:13:13 2020 CEST <damian@fptrucha.inv.usc.es>
# name: hd
# type: matrix
# rows: 41
# columns: 2
 2 -180
 0 -179
 0 -178
 0 -177
 0 -176
 1 -175
 1 -174
 2 -173
 1 -172
 4 -171
 16 -170
 51 -169
 93 -168
 167 -167
 229 -166
 548 -165
 1449 -164
 2143 -163
 3163 -162
 3577 -161
 3636 -160
 3633 -159
 3026 -158
 3607 -157
 3363 -156
 3243 -155
 2284 -154
 1009 -153
 515 -152
 102 -151
 21 -150
 6 -149
 1 -148
 1 -147
 0 -146
 0 -145
 0 -144
 0 -143
 0 -142
 0 -141
 0 -140


