# Created by Octave 3.8.2, Sat Jun 20 14:01:50 2020 CEST <damian@fptrucha.inv.usc.es>
# name: hd
# type: matrix
# rows: 41
# columns: 2
 0 -180
 1 -179
 0 -178
 0 -177
 0 -176
 2 -175
 0 -174
 1 -173
 4 -172
 4 -171
 18 -170
 45 -169
 136 -168
 194 -167
 290 -166
 686 -165
 1669 -164
 2173 -163
 3351 -162
 3891 -161
 3934 -160
 3846 -159
 3249 -158
 3597 -157
 3641 -156
 3262 -155
 2255 -154
 1005 -153
 482 -152
 109 -151
 24 -150
 4 -149
 3 -148
 1 -147
 0 -146
 0 -145
 1 -144
 0 -143
 0 -142
 0 -141
 0 -140


