# Created by Octave 3.8.2, Mon Jun 22 14:05:43 2020 CEST <damian@fptrucha.inv.usc.es>
# name: hd
# type: matrix
# rows: 41
# columns: 2
 1 -180
 1 -179
 2 -178
 4 -177
 2 -176
 0 -175
 0 -174
 3 -173
 4 -172
 8 -171
 18 -170
 52 -169
 101 -168
 231 -167
 315 -166
 838 -165
 1496 -164
 2393 -163
 3390 -162
 3630 -161
 3746 -160
 3127 -159
 3186 -158
 3528 -157
 3442 -156
 2882 -155
 1686 -154
 835 -153
 326 -152
 75 -151
 24 -150
 1 -149
 1 -148
 1 -147
 0 -146
 0 -145
 0 -144
 0 -143
 0 -142
 0 -141
 0 -140


