# Created by Octave 3.8.2, Sat Jun 20 10:20:37 2020 CEST <damian@fptrucha.inv.usc.es>
# name: hd
# type: matrix
# rows: 41
# columns: 2
 1 -180
 0 -179
 1 -178
 0 -177
 0 -176
 2 -175
 1 -174
 0 -173
 6 -172
 5 -171
 25 -170
 56 -169
 121 -168
 237 -167
 331 -166
 754 -165
 1753 -164
 2361 -163
 3597 -162
 4050 -161
 4235 -160
 4087 -159
 3362 -158
 3777 -157
 3802 -156
 3526 -155
 2356 -154
 1045 -153
 484 -152
 109 -151
 28 -150
 4 -149
 1 -148
 1 -147
 0 -146
 0 -145
 0 -144
 0 -143
 0 -142
 1 -141
 0 -140


