# Created by Octave 3.8.2, Sat Jun 20 09:17:26 2020 CEST <damian@fptrucha.inv.usc.es>
# name: hd
# type: matrix
# rows: 41
# columns: 2
 0 -180
 1 -179
 1 -178
 1 -177
 1 -176
 2 -175
 0 -174
 2 -173
 0 -172
 5 -171
 15 -170
 66 -169
 128 -168
 263 -167
 363 -166
 680 -165
 1804 -164
 2410 -163
 3571 -162
 4098 -161
 4338 -160
 4178 -159
 3444 -158
 3967 -157
 3849 -156
 3512 -155
 2512 -154
 1064 -153
 534 -152
 125 -151
 21 -150
 5 -149
 0 -148
 1 -147
 0 -146
 0 -145
 0 -144
 0 -143
 0 -142
 0 -141
 0 -140


