# Created by Octave 3.8.2, Sat Jun 20 23:33:50 2020 CEST <damian@fptrucha.inv.usc.es>
# name: hd
# type: matrix
# rows: 41
# columns: 2
 1 -180
 1 -179
 0 -178
 0 -177
 1 -176
 0 -175
 2 -174
 2 -173
 1 -172
 7 -171
 9 -170
 44 -169
 94 -168
 168 -167
 252 -166
 566 -165
 1410 -164
 2022 -163
 3103 -162
 3465 -161
 3633 -160
 3525 -159
 3034 -158
 3426 -157
 3343 -156
 3093 -155
 2249 -154
 957 -153
 458 -152
 105 -151
 19 -150
 4 -149
 3 -148
 0 -147
 1 -146
 0 -145
 0 -144
 0 -143
 0 -142
 0 -141
 0 -140


