# Created by Octave 3.8.2, Mon Jun 22 03:44:32 2020 CEST <damian@fptrucha.inv.usc.es>
# name: hd
# type: matrix
# rows: 41
# columns: 2
 1 -180
 0 -179
 0 -178
 1 -177
 0 -176
 2 -175
 0 -174
 3 -173
 5 -172
 6 -171
 25 -170
 53 -169
 126 -168
 193 -167
 319 -166
 698 -165
 1427 -164
 2071 -163
 3047 -162
 3420 -161
 3476 -160
 3152 -159
 2917 -158
 3262 -157
 3212 -156
 2710 -155
 1626 -154
 830 -153
 358 -152
 69 -151
 16 -150
 1 -149
 1 -148
 3 -147
 0 -146
 1 -145
 0 -144
 0 -143
 1 -142
 0 -141
 0 -140


