# Created by Octave 3.8.2, Sat Jun 20 14:19:10 2020 CEST <damian@fptrucha.inv.usc.es>
# name: hd
# type: matrix
# rows: 41
# columns: 2
 1 -180
 0 -179
 1 -178
 0 -177
 1 -176
 2 -175
 2 -174
 0 -173
 3 -172
 6 -171
 16 -170
 41 -169
 105 -168
 192 -167
 294 -166
 636 -165
 1512 -164
 2168 -163
 3213 -162
 3656 -161
 3852 -160
 3769 -159
 3176 -158
 3510 -157
 3683 -156
 3275 -155
 2272 -154
 1042 -153
 465 -152
 124 -151
 32 -150
 5 -149
 0 -148
 0 -147
 0 -146
 0 -145
 0 -144
 0 -143
 0 -142
 0 -141
 0 -140


