# Created by Octave 3.8.2, Sat Jun 20 23:50:42 2020 CEST <damian@fptrucha.inv.usc.es>
# name: hd
# type: matrix
# rows: 41
# columns: 2
 0 -180
 0 -179
 0 -178
 0 -177
 0 -176
 2 -175
 3 -174
 0 -173
 1 -172
 6 -171
 17 -170
 37 -169
 96 -168
 176 -167
 281 -166
 558 -165
 1476 -164
 2031 -163
 3128 -162
 3568 -161
 3533 -160
 3539 -159
 3041 -158
 3364 -157
 3361 -156
 2981 -155
 2063 -154
 959 -153
 461 -152
 94 -151
 17 -150
 6 -149
 1 -148
 0 -147
 0 -146
 1 -145
 0 -144
 0 -143
 0 -142
 0 -141
 0 -140


