# Created by Octave 3.8.2, Sat Jun 20 12:35:17 2020 CEST <damian@fptrucha.inv.usc.es>
# name: hd
# type: matrix
# rows: 41
# columns: 2
 0 -180
 1 -179
 0 -178
 2 -177
 0 -176
 0 -175
 1 -174
 1 -173
 4 -172
 3 -171
 21 -170
 54 -169
 128 -168
 186 -167
 273 -166
 646 -165
 1644 -164
 2248 -163
 3394 -162
 3980 -161
 4029 -160
 3982 -159
 3309 -158
 3683 -157
 3599 -156
 3329 -155
 2321 -154
 978 -153
 486 -152
 112 -151
 22 -150
 3 -149
 2 -148
 2 -147
 0 -146
 1 -145
 0 -144
 1 -143
 0 -142
 0 -141
 0 -140


