# Created by Octave 3.8.2, Mon Jun 22 09:26:05 2020 CEST <damian@fptrucha.inv.usc.es>
# name: hd
# type: matrix
# rows: 41
# columns: 2
 4 -180
 2 -179
 1 -178
 0 -177
 2 -176
 2 -175
 0 -174
 1 -173
 0 -172
 8 -171
 21 -170
 45 -169
 120 -168
 171 -167
 305 -166
 724 -165
 1500 -164
 2194 -163
 3327 -162
 3633 -161
 3600 -160
 3257 -159
 3030 -158
 3392 -157
 3282 -156
 2861 -155
 1768 -154
 780 -153
 354 -152
 74 -151
 12 -150
 6 -149
 0 -148
 0 -147
 0 -146
 0 -145
 0 -144
 1 -143
 0 -142
 0 -141
 0 -140


