# Created by Octave 3.8.2, Sat Jun 20 08:52:46 2020 CEST <damian@fptrucha.inv.usc.es>
# name: hd
# type: matrix
# rows: 41
# columns: 2
 1 -180
 0 -179
 1 -178
 1 -177
 0 -176
 0 -175
 0 -174
 4 -173
 4 -172
 3 -171
 13 -170
 60 -169
 147 -168
 228 -167
 369 -166
 741 -165
 1757 -164
 2442 -163
 3564 -162
 4063 -161
 4228 -160
 4150 -159
 3469 -158
 3974 -157
 3948 -156
 3573 -155
 2435 -154
 1014 -153
 554 -152
 111 -151
 25 -150
 3 -149
 0 -148
 0 -147
 1 -146
 1 -145
 1 -144
 0 -143
 0 -142
 0 -141
 0 -140


