# Created by Octave 3.8.2, Sat Jun 20 11:51:26 2020 CEST <damian@fptrucha.inv.usc.es>
# name: hd
# type: matrix
# rows: 41
# columns: 2
 1 -180
 0 -179
 0 -178
 0 -177
 0 -176
 0 -175
 1 -174
 2 -173
 2 -172
 5 -171
 10 -170
 58 -169
 106 -168
 193 -167
 301 -166
 712 -165
 1679 -164
 2331 -163
 3475 -162
 3865 -161
 4006 -160
 3976 -159
 3290 -158
 3819 -157
 3714 -156
 3460 -155
 2325 -154
 1043 -153
 479 -152
 115 -151
 20 -150
 2 -149
 1 -148
 1 -147
 2 -146
 0 -145
 0 -144
 0 -143
 0 -142
 0 -141
 0 -140


