# Created by Octave 3.8.2, Mon Jun 22 08:23:34 2020 CEST <damian@fptrucha.inv.usc.es>
# name: hd
# type: matrix
# rows: 41
# columns: 2
 0 -180
 1 -179
 1 -178
 1 -177
 1 -176
 2 -175
 0 -174
 4 -173
 7 -172
 9 -171
 18 -170
 63 -169
 123 -168
 203 -167
 318 -166
 789 -165
 1618 -164
 2217 -163
 3312 -162
 3610 -161
 3643 -160
 3211 -159
 3053 -158
 3302 -157
 3363 -156
 2954 -155
 1705 -154
 783 -153
 342 -152
 61 -151
 18 -150
 3 -149
 2 -148
 0 -147
 1 -146
 0 -145
 1 -144
 0 -143
 0 -142
 0 -141
 0 -140


