# Created by Octave 3.8.2, Mon Jun 22 12:50:08 2020 CEST <damian@fptrucha.inv.usc.es>
# name: hd
# type: matrix
# rows: 41
# columns: 2
 1 -180
 0 -179
 1 -178
 1 -177
 0 -176
 1 -175
 2 -174
 3 -173
 4 -172
 11 -171
 17 -170
 47 -169
 140 -168
 220 -167
 333 -166
 789 -165
 1543 -164
 2413 -163
 3376 -162
 3649 -161
 3867 -160
 3328 -159
 3097 -158
 3540 -157
 3376 -156
 3075 -155
 1758 -154
 872 -153
 363 -152
 83 -151
 14 -150
 3 -149
 0 -148
 1 -147
 0 -146
 3 -145
 1 -144
 0 -143
 1 -142
 1 -141
 0 -140


