# Created by Octave 3.8.2, Sat Jun 20 20:09:59 2020 CEST <damian@fptrucha.inv.usc.es>
# name: hd
# type: matrix
# rows: 41
# columns: 2
 0 -180
 0 -179
 0 -178
 0 -177
 1 -176
 1 -175
 1 -174
 1 -173
 0 -172
 2 -171
 11 -170
 45 -169
 100 -168
 161 -167
 271 -166
 581 -165
 1433 -164
 1985 -163
 3148 -162
 3602 -161
 3657 -160
 3567 -159
 3087 -158
 3424 -157
 3397 -156
 3088 -155
 2242 -154
 973 -153
 468 -152
 91 -151
 20 -150
 5 -149
 0 -148
 1 -147
 0 -146
 0 -145
 0 -144
 0 -143
 0 -142
 0 -141
 0 -140


