# Created by Octave 3.8.2, Sat Jun 20 18:18:11 2020 CEST <damian@fptrucha.inv.usc.es>
# name: hd
# type: matrix
# rows: 41
# columns: 2
 1 -180
 0 -179
 1 -178
 2 -177
 0 -176
 0 -175
 1 -174
 0 -173
 2 -172
 6 -171
 17 -170
 47 -169
 94 -168
 188 -167
 261 -166
 608 -165
 1535 -164
 2187 -163
 3065 -162
 3512 -161
 3518 -160
 3701 -159
 3036 -158
 3427 -157
 3430 -156
 3126 -155
 2205 -154
 928 -153
 491 -152
 99 -151
 14 -150
 6 -149
 1 -148
 2 -147
 0 -146
 0 -145
 0 -144
 0 -143
 0 -142
 0 -141
 0 -140


