# Created by Octave 3.8.2, Sat Jun 20 10:58:18 2020 CEST <damian@fptrucha.inv.usc.es>
# name: hd
# type: matrix
# rows: 41
# columns: 2
 0 -180
 2 -179
 0 -178
 1 -177
 1 -176
 3 -175
 2 -174
 3 -173
 0 -172
 7 -171
 18 -170
 64 -169
 120 -168
 202 -167
 300 -166
 720 -165
 1694 -164
 2384 -163
 3538 -162
 4018 -161
 4048 -160
 4104 -159
 3376 -158
 3717 -157
 3766 -156
 3383 -155
 2431 -154
 1083 -153
 549 -152
 118 -151
 25 -150
 4 -149
 3 -148
 1 -147
 0 -146
 1 -145
 0 -144
 0 -143
 0 -142
 0 -141
 0 -140


