# Created by Octave 3.8.2, Mon Jun 22 12:58:41 2020 CEST <damian@fptrucha.inv.usc.es>
# name: hd
# type: matrix
# rows: 41
# columns: 2
 1 -180
 1 -179
 1 -178
 1 -177
 0 -176
 3 -175
 1 -174
 2 -173
 2 -172
 2 -171
 22 -170
 66 -169
 132 -168
 240 -167
 311 -166
 769 -165
 1584 -164
 2341 -163
 3250 -162
 3730 -161
 3729 -160
 3345 -159
 3169 -158
 3478 -157
 3476 -156
 3038 -155
 1824 -154
 923 -153
 349 -152
 70 -151
 17 -150
 5 -149
 1 -148
 1 -147
 1 -146
 1 -145
 1 -144
 1 -143
 1 -142
 0 -141
 0 -140


