# Created by Octave 3.8.2, Sat Jun 20 20:15:08 2020 CEST <damian@fptrucha.inv.usc.es>
# name: hd
# type: matrix
# rows: 41
# columns: 2
 0 -180
 1 -179
 0 -178
 1 -177
 0 -176
 1 -175
 0 -174
 1 -173
 2 -172
 0 -171
 14 -170
 51 -169
 99 -168
 164 -167
 256 -166
 577 -165
 1426 -164
 2014 -163
 3137 -162
 3465 -161
 3739 -160
 3686 -159
 3093 -158
 3420 -157
 3408 -156
 3167 -155
 2253 -154
 1004 -153
 488 -152
 101 -151
 23 -150
 1 -149
 1 -148
 0 -147
 1 -146
 1 -145
 0 -144
 0 -143
 0 -142
 0 -141
 0 -140


