# Created by Octave 3.8.2, Sat Jun 20 13:19:27 2020 CEST <damian@fptrucha.inv.usc.es>
# name: hd
# type: matrix
# rows: 41
# columns: 2
 0 -180
 1 -179
 1 -178
 0 -177
 0 -176
 2 -175
 1 -174
 4 -173
 3 -172
 3 -171
 20 -170
 51 -169
 109 -168
 207 -167
 290 -166
 667 -165
 1726 -164
 2355 -163
 3401 -162
 3910 -161
 3872 -160
 3923 -159
 3250 -158
 3630 -157
 3583 -156
 3218 -155
 2262 -154
 1039 -153
 471 -152
 111 -151
 19 -150
 0 -149
 3 -148
 0 -147
 0 -146
 0 -145
 0 -144
 0 -143
 1 -142
 0 -141
 0 -140


