# Created by Octave 3.8.2, Mon Jun 22 03:53:46 2020 CEST <damian@fptrucha.inv.usc.es>
# name: hd
# type: matrix
# rows: 41
# columns: 2
 0 -180
 0 -179
 0 -178
 0 -177
 0 -176
 0 -175
 2 -174
 3 -173
 1 -172
 11 -171
 21 -170
 38 -169
 114 -168
 165 -167
 269 -166
 725 -165
 1373 -164
 2106 -163
 3041 -162
 3410 -161
 3489 -160
 3074 -159
 2953 -158
 3226 -157
 3228 -156
 2787 -155
 1701 -154
 820 -153
 345 -152
 89 -151
 8 -150
 7 -149
 3 -148
 0 -147
 0 -146
 0 -145
 0 -144
 1 -143
 2 -142
 1 -141
 0 -140


