# Created by Octave 3.8.2, Mon Jun 22 14:19:43 2020 CEST <damian@fptrucha.inv.usc.es>
# name: hd
# type: matrix
# rows: 41
# columns: 2
 0 -180
 1 -179
 3 -178
 1 -177
 0 -176
 4 -175
 0 -174
 0 -173
 3 -172
 9 -171
 20 -170
 55 -169
 127 -168
 189 -167
 323 -166
 779 -165
 1491 -164
 2377 -163
 3367 -162
 3690 -161
 3700 -160
 3200 -159
 3214 -158
 3522 -157
 3498 -156
 3035 -155
 1689 -154
 839 -153
 375 -152
 74 -151
 16 -150
 2 -149
 1 -148
 3 -147
 2 -146
 1 -145
 0 -144
 0 -143
 0 -142
 0 -141
 0 -140


