# Created by Octave 3.8.2, Sat Jun 20 09:08:35 2020 CEST <damian@fptrucha.inv.usc.es>
# name: hd
# type: matrix
# rows: 41
# columns: 2
 0 -180
 0 -179
 1 -178
 0 -177
 0 -176
 0 -175
 1 -174
 1 -173
 2 -172
 5 -171
 22 -170
 57 -169
 143 -168
 226 -167
 332 -166
 743 -165
 1755 -164
 2521 -163
 3631 -162
 4023 -161
 4139 -160
 4196 -159
 3429 -158
 3876 -157
 3765 -156
 3474 -155
 2368 -154
 997 -153
 481 -152
 126 -151
 18 -150
 5 -149
 0 -148
 0 -147
 0 -146
 0 -145
 0 -144
 0 -143
 0 -142
 0 -141
 0 -140


