# Created by Octave 3.8.2, Mon Jun 22 03:46:24 2020 CEST <damian@fptrucha.inv.usc.es>
# name: hd
# type: matrix
# rows: 41
# columns: 2
 1 -180
 1 -179
 0 -178
 1 -177
 0 -176
 2 -175
 3 -174
 2 -173
 1 -172
 5 -171
 18 -170
 64 -169
 110 -168
 209 -167
 270 -166
 728 -165
 1451 -164
 2081 -163
 3143 -162
 3314 -161
 3471 -160
 3018 -159
 2922 -158
 3275 -157
 3278 -156
 2776 -155
 1729 -154
 844 -153
 354 -152
 66 -151
 15 -150
 5 -149
 1 -148
 0 -147
 0 -146
 0 -145
 0 -144
 0 -143
 1 -142
 0 -141
 0 -140


