# Created by Octave 3.8.2, Mon Jun 22 11:51:07 2020 CEST <damian@fptrucha.inv.usc.es>
# name: hd
# type: matrix
# rows: 41
# columns: 2
 1 -180
 0 -179
 2 -178
 0 -177
 0 -176
 0 -175
 1 -174
 1 -173
 3 -172
 2 -171
 22 -170
 31 -169
 98 -168
 131 -167
 238 -166
 491 -165
 946 -164
 1510 -163
 2243 -162
 2395 -161
 2410 -160
 2173 -159
 2071 -158
 2208 -157
 2262 -156
 1954 -155
 1138 -154
 571 -153
 229 -152
 30 -151
 14 -150
 3 -149
 0 -148
 0 -147
 0 -146
 1 -145
 0 -144
 0 -143
 0 -142
 1 -141
 0 -140


