# Created by Octave 3.8.2, Sat Jun 20 11:41:38 2020 CEST <damian@fptrucha.inv.usc.es>
# name: hd
# type: matrix
# rows: 41
# columns: 2
 0 -180
 2 -179
 0 -178
 3 -177
 1 -176
 0 -175
 3 -174
 2 -173
 4 -172
 8 -171
 17 -170
 60 -169
 141 -168
 230 -167
 325 -166
 726 -165
 1618 -164
 2338 -163
 3516 -162
 3975 -161
 4007 -160
 4017 -159
 3416 -158
 3722 -157
 3737 -156
 3259 -155
 2362 -154
 1128 -153
 491 -152
 100 -151
 26 -150
 5 -149
 0 -148
 0 -147
 1 -146
 0 -145
 0 -144
 0 -143
 0 -142
 1 -141
 0 -140


