# Created by Octave 3.8.2, Sat Jun 20 11:09:55 2020 CEST <damian@fptrucha.inv.usc.es>
# name: hd
# type: matrix
# rows: 41
# columns: 2
 1 -180
 0 -179
 1 -178
 0 -177
 0 -176
 0 -175
 2 -174
 2 -173
 1 -172
 10 -171
 22 -170
 52 -169
 132 -168
 203 -167
 334 -166
 676 -165
 1631 -164
 2335 -163
 3422 -162
 3934 -161
 4003 -160
 3987 -159
 3357 -158
 3790 -157
 3780 -156
 3370 -155
 2366 -154
 1041 -153
 508 -152
 105 -151
 30 -150
 4 -149
 3 -148
 1 -147
 0 -146
 0 -145
 1 -144
 1 -143
 0 -142
 0 -141
 0 -140


