# Created by Octave 3.8.2, Sat Jun 20 14:04:36 2020 CEST <damian@fptrucha.inv.usc.es>
# name: hd
# type: matrix
# rows: 41
# columns: 2
 1 -180
 0 -179
 0 -178
 1 -177
 1 -176
 2 -175
 1 -174
 2 -173
 1 -172
 4 -171
 17 -170
 64 -169
 114 -168
 202 -167
 292 -166
 686 -165
 1541 -164
 2289 -163
 3316 -162
 3840 -161
 3868 -160
 3833 -159
 3382 -158
 3595 -157
 3679 -156
 3231 -155
 2219 -154
 995 -153
 474 -152
 90 -151
 36 -150
 3 -149
 2 -148
 0 -147
 2 -146
 0 -145
 0 -144
 0 -143
 1 -142
 0 -141
 0 -140


