# Created by Octave 3.8.2, Mon Jun 22 01:52:37 2020 CEST <damian@fptrucha.inv.usc.es>
# name: hd
# type: matrix
# rows: 41
# columns: 2
 3 -180
 0 -179
 0 -178
 0 -177
 0 -176
 0 -175
 0 -174
 0 -173
 3 -172
 11 -171
 17 -170
 51 -169
 101 -168
 199 -167
 313 -166
 708 -165
 1669 -164
 2174 -163
 3315 -162
 3664 -161
 3855 -160
 3462 -159
 3096 -158
 3466 -157
 3532 -156
 3049 -155
 2012 -154
 936 -153
 420 -152
 102 -151
 15 -150
 2 -149
 1 -148
 0 -147
 0 -146
 0 -145
 1 -144
 0 -143
 0 -142
 1 -141
 0 -140


