# Created by Octave 3.8.2, Sat Jun 20 22:55:13 2020 CEST <damian@fptrucha.inv.usc.es>
# name: hd
# type: matrix
# rows: 41
# columns: 2
 0 -180
 0 -179
 0 -178
 0 -177
 1 -176
 0 -175
 0 -174
 2 -173
 3 -172
 7 -171
 15 -170
 53 -169
 87 -168
 198 -167
 259 -166
 607 -165
 1447 -164
 2081 -163
 3098 -162
 3504 -161
 3664 -160
 3571 -159
 2918 -158
 3373 -157
 3272 -156
 3078 -155
 2151 -154
 897 -153
 443 -152
 91 -151
 15 -150
 3 -149
 1 -148
 0 -147
 0 -146
 1 -145
 0 -144
 0 -143
 0 -142
 0 -141
 0 -140


