# Created by Octave 3.8.2, Mon Jun 22 07:01:38 2020 CEST <damian@fptrucha.inv.usc.es>
# name: hd
# type: matrix
# rows: 41
# columns: 2
 0 -180
 0 -179
 0 -178
 0 -177
 0 -176
 1 -175
 1 -174
 2 -173
 5 -172
 7 -171
 22 -170
 56 -169
 119 -168
 208 -167
 316 -166
 727 -165
 1466 -164
 2241 -163
 3146 -162
 3452 -161
 3512 -160
 3114 -159
 2878 -158
 3225 -157
 3156 -156
 2891 -155
 1672 -154
 760 -153
 311 -152
 58 -151
 12 -150
 1 -149
 0 -148
 0 -147
 1 -146
 1 -145
 0 -144
 1 -143
 0 -142
 0 -141
 0 -140


