# Created by Octave 3.8.2, Mon Jun 22 20:10:02 2020 CEST <damian@fptrucha.inv.usc.es>
# name: hd
# type: matrix
# rows: 41
# columns: 2
 1 -180
 0 -179
 1 -178
 0 -177
 0 -176
 1 -175
 2 -174
 3 -173
 3 -172
 4 -171
 20 -170
 67 -169
 107 -168
 218 -167
 337 -166
 794 -165
 1618 -164
 2457 -163
 3529 -162
 3898 -161
 3901 -160
 3503 -159
 3207 -158
 3672 -157
 3605 -156
 3190 -155
 1929 -154
 991 -153
 359 -152
 87 -151
 18 -150
 3 -149
 0 -148
 0 -147
 1 -146
 0 -145
 0 -144
 0 -143
 0 -142
 1 -141
 0 -140


