# Created by Octave 3.8.2, Mon Jun 22 09:21:54 2020 CEST <damian@fptrucha.inv.usc.es>
# name: hd
# type: matrix
# rows: 41
# columns: 2
 0 -180
 0 -179
 2 -178
 0 -177
 0 -176
 0 -175
 1 -174
 1 -173
 1 -172
 5 -171
 18 -170
 35 -169
 78 -168
 127 -167
 220 -166
 464 -165
 979 -164
 1518 -163
 2115 -162
 2384 -161
 2425 -160
 2147 -159
 2009 -158
 2166 -157
 2136 -156
 1952 -155
 1132 -154
 527 -153
 214 -152
 57 -151
 13 -150
 1 -149
 2 -148
 0 -147
 0 -146
 0 -145
 0 -144
 0 -143
 0 -142
 0 -141
 0 -140


