# Created by Octave 3.8.2, Sat Jun 20 19:01:33 2020 CEST <damian@fptrucha.inv.usc.es>
# name: hd
# type: matrix
# rows: 41
# columns: 2
 0 -180
 0 -179
 0 -178
 0 -177
 0 -176
 0 -175
 0 -174
 3 -173
 4 -172
 2 -171
 15 -170
 57 -169
 99 -168
 194 -167
 260 -166
 601 -165
 1499 -164
 2106 -163
 3120 -162
 3613 -161
 3651 -160
 3595 -159
 2994 -158
 3280 -157
 3412 -156
 3068 -155
 2251 -154
 1022 -153
 463 -152
 84 -151
 17 -150
 5 -149
 2 -148
 1 -147
 0 -146
 1 -145
 0 -144
 0 -143
 0 -142
 0 -141
 0 -140


