# Created by Octave 3.8.2, Sat Jun 20 21:56:13 2020 CEST <damian@fptrucha.inv.usc.es>
# name: hd
# type: matrix
# rows: 41
# columns: 2
 1 -180
 0 -179
 0 -178
 0 -177
 0 -176
 1 -175
 2 -174
 1 -173
 1 -172
 7 -171
 7 -170
 52 -169
 114 -168
 199 -167
 286 -166
 580 -165
 1482 -164
 2084 -163
 2976 -162
 3540 -161
 3658 -160
 3629 -159
 3018 -158
 3449 -157
 3377 -156
 3133 -155
 2198 -154
 957 -153
 456 -152
 98 -151
 21 -150
 6 -149
 0 -148
 1 -147
 0 -146
 0 -145
 0 -144
 0 -143
 0 -142
 0 -141
 0 -140


