# Created by Octave 3.8.2, Mon Jun 22 04:45:22 2020 CEST <damian@fptrucha.inv.usc.es>
# name: hd
# type: matrix
# rows: 41
# columns: 2
 0 -180
 0 -179
 0 -178
 2 -177
 0 -176
 1 -175
 1 -174
 4 -173
 2 -172
 7 -171
 20 -170
 36 -169
 100 -168
 158 -167
 268 -166
 597 -165
 1242 -164
 1948 -163
 2904 -162
 3340 -161
 3389 -160
 3031 -159
 2881 -158
 3209 -157
 3062 -156
 2874 -155
 1850 -154
 849 -153
 426 -152
 93 -151
 25 -150
 3 -149
 1 -148
 0 -147
 0 -146
 0 -145
 0 -144
 1 -143
 0 -142
 0 -141
 0 -140


