# Created by Octave 3.8.2, Mon Jun 22 10:27:50 2020 CEST <damian@fptrucha.inv.usc.es>
# name: hd
# type: matrix
# rows: 41
# columns: 2
 2 -180
 1 -179
 1 -178
 2 -177
 2 -176
 0 -175
 2 -174
 0 -173
 3 -172
 7 -171
 21 -170
 55 -169
 134 -168
 214 -167
 306 -166
 799 -165
 1599 -164
 2296 -163
 3353 -162
 3636 -161
 3587 -160
 3280 -159
 3040 -158
 3452 -157
 3314 -156
 3051 -155
 1796 -154
 823 -153
 386 -152
 81 -151
 11 -150
 3 -149
 1 -148
 1 -147
 0 -146
 0 -145
 0 -144
 1 -143
 1 -142
 0 -141
 0 -140


