# Created by Octave 3.8.2, Mon Jun 22 18:55:43 2020 CEST <damian@fptrucha.inv.usc.es>
# name: hd
# type: matrix
# rows: 41
# columns: 2
 1 -180
 1 -179
 0 -178
 0 -177
 0 -176
 0 -175
 2 -174
 0 -173
 1 -172
 4 -171
 19 -170
 52 -169
 129 -168
 200 -167
 319 -166
 746 -165
 1647 -164
 2492 -163
 3461 -162
 3879 -161
 3871 -160
 3412 -159
 3300 -158
 3591 -157
 3536 -156
 3221 -155
 1888 -154
 925 -153
 387 -152
 75 -151
 20 -150
 3 -149
 0 -148
 2 -147
 1 -146
 0 -145
 1 -144
 1 -143
 0 -142
 0 -141
 0 -140


