# Created by Octave 3.8.2, Sat Jun 20 08:40:55 2020 CEST <damian@fptrucha.inv.usc.es>
# name: hd
# type: matrix
# rows: 41
# columns: 2
 0 -180
 1 -179
 1 -178
 0 -177
 1 -176
 0 -175
 1 -174
 2 -173
 2 -172
 6 -171
 12 -170
 50 -169
 97 -168
 158 -167
 224 -166
 478 -165
 1107 -164
 1672 -163
 2352 -162
 2727 -161
 2705 -160
 2777 -159
 2296 -158
 2559 -157
 2485 -156
 2288 -155
 1628 -154
 679 -153
 349 -152
 80 -151
 13 -150
 2 -149
 1 -148
 2 -147
 1 -146
 1 -145
 0 -144
 0 -143
 0 -142
 1 -141
 0 -140


