# Created by Octave 3.8.2, Mon Jun 22 12:37:41 2020 CEST <damian@fptrucha.inv.usc.es>
# name: hd
# type: matrix
# rows: 41
# columns: 2
 0 -180
 1 -179
 4 -178
 2 -177
 0 -176
 1 -175
 1 -174
 1 -173
 2 -172
 5 -171
 21 -170
 50 -169
 115 -168
 213 -167
 356 -166
 773 -165
 1488 -164
 2252 -163
 3322 -162
 3707 -161
 3760 -160
 3322 -159
 3134 -158
 3622 -157
 3399 -156
 2928 -155
 1775 -154
 890 -153
 353 -152
 96 -151
 12 -150
 2 -149
 2 -148
 4 -147
 0 -146
 0 -145
 1 -144
 0 -143
 0 -142
 0 -141
 0 -140


