# Created by Octave 3.8.2, Mon Jun 22 12:16:54 2020 CEST <damian@fptrucha.inv.usc.es>
# name: hd
# type: matrix
# rows: 41
# columns: 2
 1 -180
 1 -179
 1 -178
 2 -177
 0 -176
 2 -175
 1 -174
 2 -173
 5 -172
 10 -171
 23 -170
 54 -169
 101 -168
 217 -167
 349 -166
 762 -165
 1521 -164
 2301 -163
 3328 -162
 3712 -161
 3805 -160
 3241 -159
 3179 -158
 3454 -157
 3471 -156
 2968 -155
 1714 -154
 854 -153
 344 -152
 73 -151
 13 -150
 8 -149
 1 -148
 0 -147
 1 -146
 0 -145
 0 -144
 0 -143
 0 -142
 1 -141
 0 -140


