# Created by Octave 3.8.2, Mon Jun 22 22:54:14 2020 CEST <damian@fptrucha.inv.usc.es>
# name: hd
# type: matrix
# rows: 41
# columns: 2
 0 -180
 1 -179
 1 -178
 0 -177
 1 -176
 1 -175
 2 -174
 4 -173
 2 -172
 7 -171
 25 -170
 72 -169
 109 -168
 192 -167
 305 -166
 668 -165
 1667 -164
 2374 -163
 3473 -162
 3901 -161
 3949 -160
 3788 -159
 3193 -158
 3662 -157
 3723 -156
 3227 -155
 2270 -154
 987 -153
 465 -152
 104 -151
 18 -150
 6 -149
 1 -148
 2 -147
 1 -146
 0 -145
 0 -144
 0 -143
 1 -142
 0 -141
 0 -140


