# Created by Octave 3.8.2, Sun Jun 21 02:16:15 2020 CEST <damian@fptrucha.inv.usc.es>
# name: hd
# type: matrix
# rows: 41
# columns: 2
 0 -180
 0 -179
 1 -178
 1 -177
 0 -176
 1 -175
 3 -174
 2 -173
 4 -172
 5 -171
 13 -170
 38 -169
 83 -168
 172 -167
 271 -166
 579 -165
 1410 -164
 1989 -163
 3031 -162
 3597 -161
 3615 -160
 3526 -159
 3009 -158
 3420 -157
 3364 -156
 3101 -155
 2092 -154
 960 -153
 468 -152
 78 -151
 19 -150
 4 -149
 4 -148
 0 -147
 0 -146
 0 -145
 0 -144
 1 -143
 0 -142
 0 -141
 0 -140


