# Created by Octave 3.8.2, Sat Jun 20 08:42:22 2020 CEST <damian@fptrucha.inv.usc.es>
# name: hd
# type: matrix
# rows: 41
# columns: 2
 0 -180
 0 -179
 1 -178
 0 -177
 1 -176
 0 -175
 1 -174
 2 -173
 2 -172
 3 -171
 13 -170
 77 -169
 126 -168
 230 -167
 332 -166
 717 -165
 1777 -164
 2490 -163
 3584 -162
 4144 -161
 4275 -160
 4178 -159
 3504 -158
 3846 -157
 3946 -156
 3606 -155
 2477 -154
 1035 -153
 522 -152
 111 -151
 15 -150
 10 -149
 1 -148
 1 -147
 0 -146
 1 -145
 0 -144
 0 -143
 0 -142
 0 -141
 0 -140


