# Created by Octave 3.8.2, Sat Jun 20 05:58:05 2020 CEST <damian@fptrucha.inv.usc.es>
# name: hd
# type: matrix
# rows: 41
# columns: 2
 0 -180
 0 -179
 0 -178
 1 -177
 0 -176
 0 -175
 1 -174
 2 -173
 5 -172
 5 -171
 19 -170
 53 -169
 112 -168
 218 -167
 298 -166
 733 -165
 1776 -164
 2393 -163
 3445 -162
 4036 -161
 4156 -160
 4032 -159
 3296 -158
 3891 -157
 3776 -156
 3450 -155
 2379 -154
 1009 -153
 510 -152
 125 -151
 20 -150
 9 -149
 1 -148
 0 -147
 0 -146
 0 -145
 0 -144
 0 -143
 1 -142
 0 -141
 0 -140


