# Created by Octave 3.8.2, Sat Jun 20 09:38:55 2020 CEST <damian@fptrucha.inv.usc.es>
# name: hd
# type: matrix
# rows: 41
# columns: 2
 0 -180
 1 -179
 2 -178
 0 -177
 0 -176
 1 -175
 2 -174
 2 -173
 6 -172
 5 -171
 22 -170
 69 -169
 125 -168
 234 -167
 328 -166
 714 -165
 1773 -164
 2470 -163
 3596 -162
 4065 -161
 4218 -160
 4174 -159
 3547 -158
 3956 -157
 3973 -156
 3475 -155
 2353 -154
 1059 -153
 488 -152
 111 -151
 23 -150
 2 -149
 1 -148
 2 -147
 1 -146
 1 -145
 0 -144
 0 -143
 2 -142
 0 -141
 0 -140


