# Created by Octave 3.8.2, Mon Jun 22 04:49:09 2020 CEST <damian@fptrucha.inv.usc.es>
# name: hd
# type: matrix
# rows: 41
# columns: 2
 0 -180
 1 -179
 1 -178
 0 -177
 1 -176
 2 -175
 3 -174
 0 -173
 3 -172
 5 -171
 25 -170
 37 -169
 79 -168
 177 -167
 252 -166
 634 -165
 1253 -164
 1938 -163
 2907 -162
 3219 -161
 3315 -160
 3045 -159
 2926 -158
 3134 -157
 3079 -156
 2875 -155
 1764 -154
 912 -153
 415 -152
 101 -151
 17 -150
 8 -149
 1 -148
 2 -147
 0 -146
 0 -145
 1 -144
 0 -143
 0 -142
 0 -141
 0 -140


