# Created by Octave 3.8.2, Sat Jun 20 03:02:05 2020 CEST <damian@fptrucha.inv.usc.es>
# name: hd
# type: matrix
# rows: 41
# columns: 2
 0 -180
 0 -179
 0 -178
 0 -177
 0 -176
 0 -175
 1 -174
 1 -173
 4 -172
 6 -171
 23 -170
 60 -169
 111 -168
 198 -167
 253 -166
 619 -165
 1617 -164
 2249 -163
 3313 -162
 3904 -161
 3962 -160
 3999 -159
 3290 -158
 3697 -157
 3713 -156
 3341 -155
 2311 -154
 1055 -153
 512 -152
 115 -151
 35 -150
 4 -149
 1 -148
 0 -147
 0 -146
 1 -145
 0 -144
 0 -143
 1 -142
 0 -141
 0 -140


