# Created by Octave 3.8.2, Sat Jun 20 22:38:27 2020 CEST <damian@fptrucha.inv.usc.es>
# name: hd
# type: matrix
# rows: 41
# columns: 2
 1 -180
 0 -179
 0 -178
 1 -177
 1 -176
 0 -175
 2 -174
 2 -173
 2 -172
 2 -171
 17 -170
 34 -169
 99 -168
 181 -167
 267 -166
 589 -165
 1413 -164
 2138 -163
 3121 -162
 3528 -161
 3571 -160
 3683 -159
 3010 -158
 3409 -157
 3427 -156
 3072 -155
 2233 -154
 946 -153
 462 -152
 100 -151
 20 -150
 5 -149
 3 -148
 0 -147
 0 -146
 0 -145
 0 -144
 0 -143
 1 -142
 0 -141
 0 -140


