# Created by Octave 3.8.2, Sun Jun 21 08:08:31 2020 CEST <damian@fptrucha.inv.usc.es>
# name: hd
# type: matrix
# rows: 41
# columns: 2
 0 -180
 2 -179
 2 -178
 0 -177
 1 -176
 1 -175
 2 -174
 1 -173
 0 -172
 2 -171
 15 -170
 40 -169
 112 -168
 179 -167
 247 -166
 537 -165
 1409 -164
 2090 -163
 3100 -162
 3545 -161
 3597 -160
 3683 -159
 3056 -158
 3468 -157
 3494 -156
 3195 -155
 2287 -154
 1040 -153
 510 -152
 111 -151
 24 -150
 3 -149
 4 -148
 0 -147
 0 -146
 0 -145
 0 -144
 0 -143
 0 -142
 0 -141
 0 -140


