# Created by Octave 3.8.2, Mon Jun 22 14:47:58 2020 CEST <damian@fptrucha.inv.usc.es>
# name: hd
# type: matrix
# rows: 41
# columns: 2
 0 -180
 0 -179
 1 -178
 0 -177
 2 -176
 2 -175
 0 -174
 1 -173
 3 -172
 13 -171
 23 -170
 55 -169
 125 -168
 201 -167
 351 -166
 835 -165
 1588 -164
 2358 -163
 3539 -162
 3807 -161
 3814 -160
 3349 -159
 3243 -158
 3549 -157
 3537 -156
 3020 -155
 1891 -154
 929 -153
 359 -152
 78 -151
 18 -150
 4 -149
 1 -148
 0 -147
 0 -146
 0 -145
 1 -144
 0 -143
 0 -142
 2 -141
 0 -140


