# Created by Octave 3.8.2, Mon Jun 22 22:55:28 2020 CEST <damian@fptrucha.inv.usc.es>
# name: hd
# type: matrix
# rows: 41
# columns: 2
 2 -180
 1 -179
 0 -178
 0 -177
 1 -176
 1 -175
 2 -174
 4 -173
 1 -172
 14 -171
 14 -170
 57 -169
 103 -168
 221 -167
 285 -166
 734 -165
 1676 -164
 2321 -163
 3424 -162
 3901 -161
 3867 -160
 3859 -159
 3153 -158
 3640 -157
 3776 -156
 3267 -155
 2280 -154
 975 -153
 463 -152
 105 -151
 17 -150
 6 -149
 3 -148
 0 -147
 0 -146
 0 -145
 0 -144
 0 -143
 0 -142
 0 -141
 0 -140


