# Created by Octave 3.8.2, Mon Jun 22 16:39:36 2020 CEST <damian@fptrucha.inv.usc.es>
# name: hd
# type: matrix
# rows: 41
# columns: 2
 0 -180
 0 -179
 1 -178
 1 -177
 0 -176
 1 -175
 1 -174
 2 -173
 4 -172
 4 -171
 31 -170
 43 -169
 130 -168
 229 -167
 323 -166
 767 -165
 1631 -164
 2427 -163
 3481 -162
 3839 -161
 3771 -160
 3335 -159
 3406 -158
 3570 -157
 3507 -156
 3105 -155
 1806 -154
 924 -153
 366 -152
 79 -151
 24 -150
 4 -149
 1 -148
 2 -147
 0 -146
 2 -145
 0 -144
 1 -143
 0 -142
 0 -141
 0 -140


