# Created by Octave 3.8.2, Sat Jun 20 05:19:51 2020 CEST <damian@fptrucha.inv.usc.es>
# name: hd
# type: matrix
# rows: 41
# columns: 2
 1 -180
 0 -179
 0 -178
 1 -177
 0 -176
 2 -175
 0 -174
 1 -173
 0 -172
 6 -171
 19 -170
 50 -169
 118 -168
 185 -167
 279 -166
 670 -165
 1718 -164
 2357 -163
 3533 -162
 4001 -161
 4094 -160
 3958 -159
 3334 -158
 3735 -157
 3889 -156
 3501 -155
 2422 -154
 1067 -153
 515 -152
 131 -151
 21 -150
 3 -149
 1 -148
 0 -147
 1 -146
 2 -145
 0 -144
 0 -143
 1 -142
 0 -141
 0 -140


