# Created by Octave 3.8.2, Sat Jun 20 14:05:57 2020 CEST <damian@fptrucha.inv.usc.es>
# name: hd
# type: matrix
# rows: 41
# columns: 2
 0 -180
 0 -179
 0 -178
 0 -177
 0 -176
 1 -175
 0 -174
 1 -173
 4 -172
 9 -171
 20 -170
 64 -169
 94 -168
 214 -167
 279 -166
 623 -165
 1621 -164
 2305 -163
 3270 -162
 3841 -161
 3973 -160
 3889 -159
 3130 -158
 3657 -157
 3598 -156
 3316 -155
 2209 -154
 962 -153
 450 -152
 104 -151
 22 -150
 5 -149
 0 -148
 2 -147
 0 -146
 0 -145
 0 -144
 0 -143
 1 -142
 0 -141
 0 -140


