# Created by Octave 3.8.2, Sat Jun 20 12:09:04 2020 CEST <damian@fptrucha.inv.usc.es>
# name: hd
# type: matrix
# rows: 41
# columns: 2
 0 -180
 0 -179
 1 -178
 0 -177
 0 -176
 1 -175
 0 -174
 3 -173
 2 -172
 8 -171
 16 -170
 72 -169
 109 -168
 226 -167
 321 -166
 706 -165
 1613 -164
 2339 -163
 3327 -162
 3914 -161
 4009 -160
 3895 -159
 3316 -158
 3721 -157
 3690 -156
 3356 -155
 2373 -154
 1031 -153
 514 -152
 104 -151
 30 -150
 6 -149
 0 -148
 0 -147
 1 -146
 1 -145
 1 -144
 0 -143
 0 -142
 0 -141
 0 -140


