# Created by Octave 3.8.2, Sat Jun 20 03:59:19 2020 CEST <damian@fptrucha.inv.usc.es>
# name: hd
# type: matrix
# rows: 41
# columns: 2
 1 -180
 0 -179
 0 -178
 2 -177
 2 -176
 1 -175
 0 -174
 1 -173
 1 -172
 1 -171
 13 -170
 52 -169
 115 -168
 194 -167
 314 -166
 696 -165
 1594 -164
 2357 -163
 3500 -162
 3955 -161
 4103 -160
 4031 -159
 3472 -158
 3833 -157
 3841 -156
 3541 -155
 2403 -154
 1037 -153
 519 -152
 132 -151
 28 -150
 4 -149
 2 -148
 0 -147
 0 -146
 0 -145
 0 -144
 0 -143
 1 -142
 0 -141
 0 -140


