# Created by Octave 3.8.2, Mon Jun 22 23:05:54 2020 CEST <damian@fptrucha.inv.usc.es>
# name: hd
# type: matrix
# rows: 41
# columns: 2
 1 -180
 0 -179
 0 -178
 1 -177
 1 -176
 1 -175
 2 -174
 1 -173
 3 -172
 9 -171
 26 -170
 65 -169
 120 -168
 207 -167
 316 -166
 709 -165
 1642 -164
 2405 -163
 3482 -162
 3827 -161
 4051 -160
 3958 -159
 3161 -158
 3688 -157
 3569 -156
 3339 -155
 2301 -154
 962 -153
 430 -152
 96 -151
 21 -150
 6 -149
 0 -148
 2 -147
 0 -146
 0 -145
 0 -144
 1 -143
 0 -142
 0 -141
 0 -140


