# Created by Octave 3.8.2, Sat Jun 20 22:59:54 2020 CEST <damian@fptrucha.inv.usc.es>
# name: hd
# type: matrix
# rows: 41
# columns: 2
 1 -180
 2 -179
 1 -178
 0 -177
 0 -176
 0 -175
 1 -174
 0 -173
 2 -172
 3 -171
 14 -170
 45 -169
 102 -168
 200 -167
 275 -166
 567 -165
 1483 -164
 2117 -163
 3039 -162
 3545 -161
 3581 -160
 3506 -159
 3064 -158
 3315 -157
 3393 -156
 3098 -155
 2122 -154
 955 -153
 445 -152
 89 -151
 16 -150
 3 -149
 2 -148
 3 -147
 0 -146
 0 -145
 0 -144
 0 -143
 0 -142
 0 -141
 0 -140


