# Created by Octave 3.8.2, Sat Jun 20 06:22:16 2020 CEST <damian@fptrucha.inv.usc.es>
# name: hd
# type: matrix
# rows: 41
# columns: 2
 0 -180
 0 -179
 0 -178
 1 -177
 1 -176
 1 -175
 1 -174
 0 -173
 1 -172
 5 -171
 16 -170
 60 -169
 148 -168
 173 -167
 300 -166
 714 -165
 1762 -164
 2390 -163
 3625 -162
 4044 -161
 4136 -160
 4066 -159
 3411 -158
 3919 -157
 3783 -156
 3509 -155
 2368 -154
 1111 -153
 536 -152
 105 -151
 14 -150
 6 -149
 0 -148
 1 -147
 0 -146
 0 -145
 0 -144
 0 -143
 0 -142
 1 -141
 0 -140


