# Created by Octave 3.8.2, Mon Jun 22 09:46:27 2020 CEST <damian@fptrucha.inv.usc.es>
# name: hd
# type: matrix
# rows: 41
# columns: 2
 2 -180
 0 -179
 0 -178
 0 -177
 2 -176
 0 -175
 1 -174
 2 -173
 6 -172
 16 -171
 18 -170
 54 -169
 117 -168
 196 -167
 304 -166
 749 -165
 1488 -164
 2242 -163
 3335 -162
 3659 -161
 3671 -160
 3258 -159
 3014 -158
 3312 -157
 3332 -156
 2888 -155
 1880 -154
 847 -153
 342 -152
 71 -151
 17 -150
 1 -149
 0 -148
 0 -147
 0 -146
 0 -145
 0 -144
 1 -143
 0 -142
 1 -141
 0 -140


