# Created by Octave 3.8.2, Sat Jun 20 15:10:49 2020 CEST <damian@fptrucha.inv.usc.es>
# name: hd
# type: matrix
# rows: 41
# columns: 2
 3 -180
 1 -179
 0 -178
 0 -177
 0 -176
 1 -175
 1 -174
 1 -173
 5 -172
 4 -171
 14 -170
 43 -169
 117 -168
 188 -167
 287 -166
 637 -165
 1520 -164
 2167 -163
 3228 -162
 3703 -161
 3685 -160
 3692 -159
 3125 -158
 3562 -157
 3583 -156
 3280 -155
 2321 -154
 997 -153
 505 -152
 117 -151
 31 -150
 7 -149
 2 -148
 0 -147
 2 -146
 0 -145
 0 -144
 0 -143
 0 -142
 0 -141
 0 -140


