# Created by Octave 3.8.2, Sun Jun 21 00:59:26 2020 CEST <damian@fptrucha.inv.usc.es>
# name: hd
# type: matrix
# rows: 41
# columns: 2
 0 -180
 0 -179
 1 -178
 0 -177
 0 -176
 0 -175
 1 -174
 1 -173
 1 -172
 2 -171
 19 -170
 47 -169
 81 -168
 166 -167
 274 -166
 540 -165
 1347 -164
 2022 -163
 3123 -162
 3488 -161
 3725 -160
 3473 -159
 3019 -158
 3394 -157
 3310 -156
 2973 -155
 2237 -154
 960 -153
 469 -152
 112 -151
 26 -150
 7 -149
 1 -148
 0 -147
 0 -146
 0 -145
 0 -144
 0 -143
 0 -142
 0 -141
 0 -140


