# Created by Octave 3.8.2, Mon Jun 22 06:44:06 2020 CEST <damian@fptrucha.inv.usc.es>
# name: hd
# type: matrix
# rows: 41
# columns: 2
 0 -180
 0 -179
 1 -178
 2 -177
 1 -176
 3 -175
 3 -174
 0 -173
 4 -172
 4 -171
 24 -170
 50 -169
 126 -168
 192 -167
 320 -166
 715 -165
 1521 -164
 2159 -163
 3190 -162
 3509 -161
 3367 -160
 3148 -159
 2937 -158
 3185 -157
 3233 -156
 2786 -155
 1714 -154
 736 -153
 319 -152
 57 -151
 10 -150
 3 -149
 2 -148
 1 -147
 0 -146
 0 -145
 0 -144
 1 -143
 0 -142
 0 -141
 0 -140


