# Created by Octave 3.8.2, Sat Jun 20 17:33:27 2020 CEST <damian@fptrucha.inv.usc.es>
# name: hd
# type: matrix
# rows: 41
# columns: 2
 0 -180
 0 -179
 1 -178
 1 -177
 0 -176
 2 -175
 1 -174
 2 -173
 3 -172
 8 -171
 11 -170
 48 -169
 112 -168
 180 -167
 256 -166
 580 -165
 1512 -164
 2125 -163
 3189 -162
 3618 -161
 3731 -160
 3770 -159
 3060 -158
 3461 -157
 3469 -156
 3102 -155
 2275 -154
 905 -153
 463 -152
 105 -151
 14 -150
 7 -149
 2 -148
 1 -147
 0 -146
 0 -145
 0 -144
 1 -143
 1 -142
 0 -141
 0 -140


