# Created by Octave 3.8.2, Mon Jun 22 19:13:33 2020 CEST <damian@fptrucha.inv.usc.es>
# name: hd
# type: matrix
# rows: 41
# columns: 2
 1 -180
 0 -179
 0 -178
 0 -177
 0 -176
 3 -175
 0 -174
 1 -173
 4 -172
 4 -171
 17 -170
 49 -169
 125 -168
 199 -167
 350 -166
 855 -165
 1620 -164
 2440 -163
 3557 -162
 3902 -161
 3951 -160
 3412 -159
 3264 -158
 3627 -157
 3546 -156
 3150 -155
 1843 -154
 894 -153
 405 -152
 87 -151
 20 -150
 2 -149
 3 -148
 2 -147
 1 -146
 0 -145
 0 -144
 0 -143
 0 -142
 0 -141
 0 -140


