# Created by Octave 3.8.2, Sat Jun 20 14:34:49 2020 CEST <damian@fptrucha.inv.usc.es>
# name: hd
# type: matrix
# rows: 41
# columns: 2
 0 -180
 1 -179
 0 -178
 1 -177
 0 -176
 2 -175
 1 -174
 0 -173
 5 -172
 2 -171
 10 -170
 62 -169
 114 -168
 190 -167
 304 -166
 632 -165
 1529 -164
 2277 -163
 3281 -162
 3730 -161
 3824 -160
 3801 -159
 3176 -158
 3659 -157
 3548 -156
 3222 -155
 2308 -154
 981 -153
 469 -152
 83 -151
 21 -150
 8 -149
 1 -148
 0 -147
 0 -146
 0 -145
 0 -144
 0 -143
 0 -142
 0 -141
 0 -140


