# Created by Octave 3.8.2, Mon Jun 22 19:15:52 2020 CEST <damian@fptrucha.inv.usc.es>
# name: hd
# type: matrix
# rows: 41
# columns: 2
 2 -180
 0 -179
 0 -178
 0 -177
 3 -176
 1 -175
 2 -174
 3 -173
 1 -172
 4 -171
 26 -170
 61 -169
 118 -168
 214 -167
 367 -166
 767 -165
 1613 -164
 2470 -163
 3508 -162
 3896 -161
 4035 -160
 3405 -159
 3193 -158
 3523 -157
 3530 -156
 3102 -155
 1946 -154
 917 -153
 333 -152
 68 -151
 11 -150
 8 -149
 4 -148
 1 -147
 0 -146
 0 -145
 0 -144
 0 -143
 0 -142
 0 -141
 0 -140


