# Created by Octave 3.8.2, Sat Jun 20 05:10:21 2020 CEST <damian@fptrucha.inv.usc.es>
# name: hd
# type: matrix
# rows: 41
# columns: 2
 0 -180
 0 -179
 1 -178
 1 -177
 2 -176
 0 -175
 0 -174
 1 -173
 2 -172
 5 -171
 8 -170
 57 -169
 106 -168
 217 -167
 286 -166
 686 -165
 1671 -164
 2287 -163
 3470 -162
 3988 -161
 4063 -160
 4102 -159
 3329 -158
 3712 -157
 3674 -156
 3405 -155
 2326 -154
 1021 -153
 543 -152
 129 -151
 25 -150
 5 -149
 0 -148
 0 -147
 1 -146
 1 -145
 0 -144
 0 -143
 0 -142
 0 -141
 0 -140


