# Created by Octave 3.8.2, Sun Jun 21 06:05:18 2020 CEST <damian@fptrucha.inv.usc.es>
# name: hd
# type: matrix
# rows: 41
# columns: 2
 0 -180
 0 -179
 0 -178
 0 -177
 1 -176
 1 -175
 0 -174
 2 -173
 2 -172
 0 -171
 11 -170
 45 -169
 91 -168
 174 -167
 254 -166
 595 -165
 1361 -164
 2064 -163
 3012 -162
 3456 -161
 3739 -160
 3611 -159
 3010 -158
 3419 -157
 3433 -156
 3047 -155
 2238 -154
 903 -153
 488 -152
 80 -151
 26 -150
 7 -149
 0 -148
 1 -147
 0 -146
 0 -145
 0 -144
 0 -143
 0 -142
 0 -141
 0 -140


