# Created by Octave 3.8.2, Sat Jun 20 04:47:58 2020 CEST <damian@fptrucha.inv.usc.es>
# name: hd
# type: matrix
# rows: 41
# columns: 2
 0 -180
 0 -179
 0 -178
 1 -177
 0 -176
 2 -175
 1 -174
 3 -173
 5 -172
 7 -171
 15 -170
 58 -169
 110 -168
 206 -167
 272 -166
 694 -165
 1705 -164
 2343 -163
 3431 -162
 3942 -161
 4055 -160
 3885 -159
 3376 -158
 3801 -157
 3640 -156
 3436 -155
 2265 -154
 1050 -153
 521 -152
 95 -151
 18 -150
 4 -149
 2 -148
 1 -147
 0 -146
 0 -145
 1 -144
 0 -143
 0 -142
 1 -141
 0 -140


