# Created by Octave 3.8.2, Sat Jun 20 14:03:10 2020 CEST <damian@fptrucha.inv.usc.es>
# name: hd
# type: matrix
# rows: 41
# columns: 2
 0 -180
 0 -179
 1 -178
 1 -177
 1 -176
 0 -175
 3 -174
 0 -173
 1 -172
 7 -171
 24 -170
 51 -169
 88 -168
 207 -167
 317 -166
 657 -165
 1577 -164
 2269 -163
 3409 -162
 3736 -161
 3796 -160
 3886 -159
 3155 -158
 3734 -157
 3606 -156
 3203 -155
 2234 -154
 970 -153
 478 -152
 115 -151
 23 -150
 5 -149
 0 -148
 2 -147
 1 -146
 0 -145
 0 -144
 0 -143
 0 -142
 0 -141
 0 -140


