# Created by Octave 3.8.2, Mon Jun 22 01:55:42 2020 CEST <damian@fptrucha.inv.usc.es>
# name: hd
# type: matrix
# rows: 41
# columns: 2
 1 -180
 0 -179
 0 -178
 2 -177
 4 -176
 1 -175
 1 -174
 2 -173
 3 -172
 10 -171
 29 -170
 57 -169
 98 -168
 185 -167
 296 -166
 710 -165
 1522 -164
 2202 -163
 3162 -162
 3727 -161
 3784 -160
 3514 -159
 3095 -158
 3457 -157
 3525 -156
 3195 -155
 1991 -154
 871 -153
 418 -152
 96 -151
 25 -150
 4 -149
 0 -148
 0 -147
 0 -146
 0 -145
 0 -144
 0 -143
 0 -142
 0 -141
 0 -140


