# Created by Octave 3.8.2, Mon Jun 22 02:44:12 2020 CEST <damian@fptrucha.inv.usc.es>
# name: hd
# type: matrix
# rows: 41
# columns: 2
 2 -180
 2 -179
 2 -178
 1 -177
 1 -176
 1 -175
 2 -174
 2 -173
 8 -172
 5 -171
 20 -170
 43 -169
 107 -168
 206 -167
 346 -166
 719 -165
 1499 -164
 2148 -163
 3075 -162
 3429 -161
 3386 -160
 3217 -159
 2880 -158
 3137 -157
 3134 -156
 2777 -155
 1720 -154
 769 -153
 323 -152
 69 -151
 11 -150
 6 -149
 0 -148
 3 -147
 2 -146
 1 -145
 0 -144
 0 -143
 1 -142
 1 -141
 0 -140


