# Created by Octave 3.8.2, Sat Jun 20 21:33:29 2020 CEST <damian@fptrucha.inv.usc.es>
# name: hd
# type: matrix
# rows: 41
# columns: 2
 1 -180
 0 -179
 0 -178
 0 -177
 0 -176
 0 -175
 3 -174
 2 -173
 4 -172
 4 -171
 12 -170
 44 -169
 88 -168
 182 -167
 261 -166
 533 -165
 1439 -164
 2114 -163
 3186 -162
 3547 -161
 3719 -160
 3628 -159
 2999 -158
 3353 -157
 3365 -156
 3026 -155
 2158 -154
 937 -153
 446 -152
 115 -151
 18 -150
 1 -149
 3 -148
 1 -147
 1 -146
 0 -145
 0 -144
 0 -143
 0 -142
 0 -141
 0 -140


