# Created by Octave 3.8.2, Sat Jun 20 13:46:41 2020 CEST <damian@fptrucha.inv.usc.es>
# name: hd
# type: matrix
# rows: 41
# columns: 2
 2 -180
 1 -179
 2 -178
 1 -177
 1 -176
 0 -175
 2 -174
 1 -173
 4 -172
 3 -171
 15 -170
 53 -169
 114 -168
 190 -167
 304 -166
 620 -165
 1611 -164
 2220 -163
 3376 -162
 3712 -161
 3899 -160
 3826 -159
 3264 -158
 3614 -157
 3569 -156
 3368 -155
 2333 -154
 1055 -153
 494 -152
 109 -151
 19 -150
 9 -149
 1 -148
 1 -147
 0 -146
 0 -145
 0 -144
 0 -143
 0 -142
 0 -141
 0 -140


