# Created by Octave 3.8.2, Mon Jun 22 13:28:58 2020 CEST <damian@fptrucha.inv.usc.es>
# name: hd
# type: matrix
# rows: 41
# columns: 2
 1 -180
 1 -179
 0 -178
 0 -177
 1 -176
 0 -175
 2 -174
 2 -173
 5 -172
 10 -171
 15 -170
 64 -169
 120 -168
 204 -167
 341 -166
 823 -165
 1584 -164
 2466 -163
 3377 -162
 3792 -161
 3714 -160
 3326 -159
 3176 -158
 3547 -157
 3444 -156
 3061 -155
 1813 -154
 848 -153
 335 -152
 80 -151
 12 -150
 2 -149
 0 -148
 1 -147
 1 -146
 0 -145
 2 -144
 0 -143
 0 -142
 0 -141
 0 -140


