# Created by Octave 3.8.2, Sat Jun 20 10:10:26 2020 CEST <damian@fptrucha.inv.usc.es>
# name: hd
# type: matrix
# rows: 41
# columns: 2
 1 -180
 1 -179
 0 -178
 3 -177
 2 -176
 1 -175
 0 -174
 2 -173
 3 -172
 6 -171
 18 -170
 56 -169
 114 -168
 207 -167
 330 -166
 686 -165
 1745 -164
 2284 -163
 3461 -162
 3997 -161
 4021 -160
 3994 -159
 3365 -158
 3823 -157
 3833 -156
 3480 -155
 2347 -154
 1076 -153
 494 -152
 97 -151
 25 -150
 3 -149
 0 -148
 1 -147
 1 -146
 1 -145
 0 -144
 0 -143
 2 -142
 0 -141
 0 -140


