# Created by Octave 3.8.2, Mon Jun 22 21:46:26 2020 CEST <damian@fptrucha.inv.usc.es>
# name: hd
# type: matrix
# rows: 41
# columns: 2
 2 -180
 1 -179
 1 -178
 1 -177
 0 -176
 1 -175
 1 -174
 1 -173
 3 -172
 2 -171
 20 -170
 51 -169
 98 -168
 204 -167
 321 -166
 695 -165
 1608 -164
 2370 -163
 3318 -162
 3768 -161
 3907 -160
 3757 -159
 3166 -158
 3614 -157
 3708 -156
 3307 -155
 2376 -154
 1065 -153
 494 -152
 93 -151
 28 -150
 6 -149
 0 -148
 1 -147
 0 -146
 1 -145
 2 -144
 1 -143
 0 -142
 1 -141
 0 -140


