# Created by Octave 3.8.2, Mon Jun 22 18:18:22 2020 CEST <damian@fptrucha.inv.usc.es>
# name: hd
# type: matrix
# rows: 41
# columns: 2
 0 -180
 0 -179
 2 -178
 0 -177
 1 -176
 1 -175
 0 -174
 4 -173
 5 -172
 4 -171
 21 -170
 61 -169
 110 -168
 232 -167
 349 -166
 739 -165
 1569 -164
 2421 -163
 3473 -162
 3849 -161
 3814 -160
 3438 -159
 3193 -158
 3631 -157
 3541 -156
 3157 -155
 1897 -154
 984 -153
 406 -152
 94 -151
 19 -150
 3 -149
 2 -148
 0 -147
 2 -146
 0 -145
 0 -144
 1 -143
 0 -142
 0 -141
 0 -140


