# Created by Octave 3.8.2, Mon Jun 22 21:19:45 2020 CEST <damian@fptrucha.inv.usc.es>
# name: hd
# type: matrix
# rows: 41
# columns: 2
 0 -180
 0 -179
 0 -178
 0 -177
 0 -176
 3 -175
 2 -174
 2 -173
 4 -172
 4 -171
 13 -170
 43 -169
 56 -168
 158 -167
 223 -166
 517 -165
 1048 -164
 1662 -163
 2434 -162
 2550 -161
 2686 -160
 2243 -159
 2153 -158
 2464 -157
 2464 -156
 2075 -155
 1316 -154
 637 -153
 254 -152
 49 -151
 9 -150
 6 -149
 1 -148
 1 -147
 1 -146
 0 -145
 0 -144
 0 -143
 0 -142
 0 -141
 0 -140


