# Created by Octave 3.8.2, Sun Jun 21 04:06:46 2020 CEST <damian@fptrucha.inv.usc.es>
# name: hd
# type: matrix
# rows: 41
# columns: 2
 0 -180
 0 -179
 0 -178
 0 -177
 0 -176
 2 -175
 0 -174
 2 -173
 2 -172
 3 -171
 10 -170
 56 -169
 107 -168
 184 -167
 254 -166
 575 -165
 1371 -164
 2020 -163
 3042 -162
 3485 -161
 3594 -160
 3548 -159
 2963 -158
 3367 -157
 3319 -156
 3066 -155
 2152 -154
 965 -153
 489 -152
 105 -151
 27 -150
 5 -149
 1 -148
 0 -147
 0 -146
 2 -145
 0 -144
 0 -143
 1 -142
 0 -141
 0 -140


