# Created by Octave 3.8.2, Sun Jun 21 03:05:22 2020 CEST <damian@fptrucha.inv.usc.es>
# name: hd
# type: matrix
# rows: 41
# columns: 2
 0 -180
 0 -179
 0 -178
 0 -177
 0 -176
 2 -175
 0 -174
 0 -173
 4 -172
 2 -171
 12 -170
 42 -169
 86 -168
 169 -167
 235 -166
 556 -165
 1386 -164
 2036 -163
 3056 -162
 3401 -161
 3438 -160
 3474 -159
 2927 -158
 3270 -157
 3377 -156
 3094 -155
 2142 -154
 979 -153
 500 -152
 118 -151
 21 -150
 3 -149
 0 -148
 0 -147
 1 -146
 0 -145
 0 -144
 0 -143
 0 -142
 0 -141
 0 -140


