# Created by Octave 3.8.2, Mon Jun 22 05:42:03 2020 CEST <damian@fptrucha.inv.usc.es>
# name: hd
# type: matrix
# rows: 41
# columns: 2
 3 -180
 2 -179
 2 -178
 4 -177
 1 -176
 1 -175
 2 -174
 4 -173
 5 -172
 12 -171
 12 -170
 44 -169
 102 -168
 187 -167
 286 -166
 754 -165
 1508 -164
 2193 -163
 3170 -162
 3425 -161
 3610 -160
 3055 -159
 2867 -158
 3366 -157
 3201 -156
 2811 -155
 1681 -154
 804 -153
 303 -152
 54 -151
 17 -150
 1 -149
 1 -148
 0 -147
 1 -146
 0 -145
 0 -144
 0 -143
 0 -142
 1 -141
 0 -140


