# Created by Octave 3.8.2, Mon Jun 22 08:08:33 2020 CEST <damian@fptrucha.inv.usc.es>
# name: hd
# type: matrix
# rows: 41
# columns: 2
 2 -180
 0 -179
 0 -178
 1 -177
 3 -176
 2 -175
 1 -174
 3 -173
 4 -172
 2 -171
 26 -170
 54 -169
 138 -168
 187 -167
 329 -166
 801 -165
 1492 -164
 2195 -163
 3248 -162
 3596 -161
 3623 -160
 3284 -159
 2903 -158
 3368 -157
 3309 -156
 2722 -155
 1751 -154
 765 -153
 329 -152
 61 -151
 10 -150
 6 -149
 2 -148
 2 -147
 0 -146
 0 -145
 0 -144
 0 -143
 0 -142
 0 -141
 0 -140


