# Created by Octave 3.8.2, Mon Jun 22 16:59:23 2020 CEST <damian@fptrucha.inv.usc.es>
# name: hd
# type: matrix
# rows: 41
# columns: 2
 1 -180
 2 -179
 0 -178
 1 -177
 1 -176
 5 -175
 1 -174
 2 -173
 4 -172
 10 -171
 29 -170
 61 -169
 114 -168
 238 -167
 379 -166
 809 -165
 1635 -164
 2371 -163
 3516 -162
 3928 -161
 3947 -160
 3277 -159
 3240 -158
 3610 -157
 3549 -156
 3123 -155
 1744 -154
 883 -153
 378 -152
 75 -151
 17 -150
 9 -149
 3 -148
 2 -147
 0 -146
 0 -145
 0 -144
 0 -143
 0 -142
 0 -141
 0 -140


