# Created by Octave 3.8.2, Sun Jun 21 07:50:24 2020 CEST <damian@fptrucha.inv.usc.es>
# name: hd
# type: matrix
# rows: 41
# columns: 2
 0 -180
 1 -179
 0 -178
 1 -177
 0 -176
 0 -175
 1 -174
 1 -173
 2 -172
 1 -171
 14 -170
 42 -169
 105 -168
 165 -167
 222 -166
 558 -165
 1349 -164
 2093 -163
 3035 -162
 3379 -161
 3669 -160
 3573 -159
 3063 -158
 3431 -157
 3319 -156
 3136 -155
 2227 -154
 1015 -153
 486 -152
 115 -151
 23 -150
 4 -149
 0 -148
 0 -147
 0 -146
 0 -145
 2 -144
 0 -143
 0 -142
 0 -141
 0 -140


