# Created by Octave 3.8.2, Mon Jun 22 03:20:49 2020 CEST <damian@fptrucha.inv.usc.es>
# name: hd
# type: matrix
# rows: 41
# columns: 2
 2 -180
 0 -179
 1 -178
 1 -177
 1 -176
 1 -175
 2 -174
 3 -173
 1 -172
 5 -171
 20 -170
 56 -169
 119 -168
 211 -167
 313 -166
 756 -165
 1454 -164
 2130 -163
 3021 -162
 3420 -161
 3524 -160
 3158 -159
 2856 -158
 3310 -157
 3253 -156
 2828 -155
 1614 -154
 790 -153
 342 -152
 72 -151
 19 -150
 5 -149
 0 -148
 0 -147
 4 -146
 0 -145
 0 -144
 0 -143
 1 -142
 1 -141
 0 -140


