# Created by Octave 3.8.2, Mon Jun 22 10:00:28 2020 CEST <damian@fptrucha.inv.usc.es>
# name: hd
# type: matrix
# rows: 41
# columns: 2
 1 -180
 2 -179
 1 -178
 1 -177
 1 -176
 0 -175
 2 -174
 8 -173
 3 -172
 8 -171
 28 -170
 59 -169
 95 -168
 219 -167
 314 -166
 799 -165
 1556 -164
 2269 -163
 3273 -162
 3553 -161
 3658 -160
 3369 -159
 3054 -158
 3467 -157
 3312 -156
 2874 -155
 1816 -154
 829 -153
 361 -152
 59 -151
 16 -150
 2 -149
 1 -148
 2 -147
 2 -146
 0 -145
 1 -144
 1 -143
 1 -142
 0 -141
 0 -140


