# Created by Octave 3.8.2, Sun Jun 21 07:57:12 2020 CEST <damian@fptrucha.inv.usc.es>
# name: hd
# type: matrix
# rows: 41
# columns: 2
 2 -180
 0 -179
 0 -178
 1 -177
 0 -176
 0 -175
 0 -174
 1 -173
 1 -172
 2 -171
 15 -170
 39 -169
 73 -168
 153 -167
 263 -166
 554 -165
 1383 -164
 2003 -163
 2944 -162
 3419 -161
 3655 -160
 3408 -159
 2954 -158
 3354 -157
 3330 -156
 3119 -155
 2185 -154
 914 -153
 484 -152
 102 -151
 22 -150
 8 -149
 0 -148
 0 -147
 0 -146
 0 -145
 0 -144
 0 -143
 0 -142
 0 -141
 0 -140


