# Created by Octave 3.8.2, Mon Jun 22 03:45:28 2020 CEST <damian@fptrucha.inv.usc.es>
# name: hd
# type: matrix
# rows: 41
# columns: 2
 2 -180
 2 -179
 0 -178
 0 -177
 1 -176
 1 -175
 0 -174
 3 -173
 5 -172
 5 -171
 19 -170
 52 -169
 97 -168
 180 -167
 321 -166
 733 -165
 1429 -164
 2168 -163
 3076 -162
 3411 -161
 3398 -160
 3124 -159
 2841 -158
 3310 -157
 3266 -156
 2787 -155
 1632 -154
 798 -153
 355 -152
 91 -151
 18 -150
 6 -149
 0 -148
 1 -147
 1 -146
 1 -145
 0 -144
 0 -143
 1 -142
 0 -141
 0 -140


