# Created by Octave 3.8.2, Mon Jun 22 03:04:55 2020 CEST <damian@fptrucha.inv.usc.es>
# name: hd
# type: matrix
# rows: 41
# columns: 2
 0 -180
 0 -179
 0 -178
 0 -177
 1 -176
 1 -175
 2 -174
 2 -173
 3 -172
 7 -171
 16 -170
 75 -169
 109 -168
 198 -167
 311 -166
 740 -165
 1447 -164
 2147 -163
 3082 -162
 3376 -161
 3365 -160
 2989 -159
 2972 -158
 3271 -157
 3193 -156
 2828 -155
 1683 -154
 809 -153
 343 -152
 99 -151
 11 -150
 5 -149
 1 -148
 2 -147
 2 -146
 0 -145
 0 -144
 0 -143
 0 -142
 0 -141
 0 -140


