# Created by Octave 3.8.2, Sat Jun 20 15:57:57 2020 CEST <damian@fptrucha.inv.usc.es>
# name: hd
# type: matrix
# rows: 41
# columns: 2
 1 -180
 0 -179
 1 -178
 0 -177
 0 -176
 0 -175
 1 -174
 1 -173
 3 -172
 5 -171
 14 -170
 57 -169
 115 -168
 194 -167
 262 -166
 573 -165
 1476 -164
 2199 -163
 3238 -162
 3573 -161
 3736 -160
 3729 -159
 3084 -158
 3526 -157
 3491 -156
 3204 -155
 2222 -154
 1006 -153
 503 -152
 96 -151
 23 -150
 8 -149
 0 -148
 0 -147
 0 -146
 0 -145
 0 -144
 0 -143
 0 -142
 0 -141
 0 -140


