# Created by Octave 3.8.2, Mon Jun 22 23:24:51 2020 CEST <damian@fptrucha.inv.usc.es>
# name: hd
# type: matrix
# rows: 41
# columns: 2
 1 -180
 1 -179
 1 -178
 1 -177
 2 -176
 2 -175
 1 -174
 1 -173
 7 -172
 11 -171
 16 -170
 60 -169
 116 -168
 217 -167
 294 -166
 719 -165
 1654 -164
 2465 -163
 3387 -162
 3918 -161
 3921 -160
 3790 -159
 3171 -158
 3652 -157
 3691 -156
 3240 -155
 2279 -154
 1027 -153
 414 -152
 96 -151
 28 -150
 1 -149
 2 -148
 0 -147
 0 -146
 0 -145
 1 -144
 2 -143
 0 -142
 0 -141
 0 -140


