# Created by Octave 3.8.2, Sat Jun 20 09:41:53 2020 CEST <damian@fptrucha.inv.usc.es>
# name: hd
# type: matrix
# rows: 41
# columns: 2
 0 -180
 1 -179
 0 -178
 2 -177
 1 -176
 2 -175
 2 -174
 2 -173
 3 -172
 8 -171
 19 -170
 61 -169
 139 -168
 224 -167
 327 -166
 696 -165
 1666 -164
 2417 -163
 3484 -162
 4078 -161
 4191 -160
 4161 -159
 3350 -158
 3873 -157
 3788 -156
 3456 -155
 2402 -154
 1039 -153
 532 -152
 140 -151
 21 -150
 3 -149
 1 -148
 1 -147
 1 -146
 2 -145
 0 -144
 0 -143
 0 -142
 0 -141
 0 -140


