# Created by Octave 3.8.2, Sat Jun 20 22:35:46 2020 CEST <damian@fptrucha.inv.usc.es>
# name: hd
# type: matrix
# rows: 41
# columns: 2
 0 -180
 0 -179
 0 -178
 2 -177
 0 -176
 0 -175
 2 -174
 0 -173
 2 -172
 4 -171
 7 -170
 27 -169
 76 -168
 129 -167
 138 -166
 375 -165
 926 -164
 1302 -163
 2129 -162
 2280 -161
 2422 -160
 2453 -159
 1921 -158
 2120 -157
 2234 -156
 2064 -155
 1435 -154
 567 -153
 298 -152
 68 -151
 22 -150
 0 -149
 1 -148
 0 -147
 0 -146
 0 -145
 1 -144
 0 -143
 0 -142
 0 -141
 0 -140


