# Created by Octave 3.8.2, Sat Jun 20 19:23:09 2020 CEST <damian@fptrucha.inv.usc.es>
# name: hd
# type: matrix
# rows: 41
# columns: 2
 1 -180
 1 -179
 1 -178
 0 -177
 0 -176
 0 -175
 1 -174
 3 -173
 2 -172
 2 -171
 14 -170
 54 -169
 101 -168
 195 -167
 253 -166
 612 -165
 1497 -164
 2104 -163
 3058 -162
 3583 -161
 3674 -160
 3642 -159
 3127 -158
 3438 -157
 3464 -156
 3013 -155
 2215 -154
 992 -153
 490 -152
 93 -151
 20 -150
 4 -149
 1 -148
 0 -147
 0 -146
 0 -145
 0 -144
 0 -143
 1 -142
 0 -141
 0 -140


