# Created by Octave 3.8.2, Mon Jun 22 16:56:25 2020 CEST <damian@fptrucha.inv.usc.es>
# name: hd
# type: matrix
# rows: 41
# columns: 2
 0 -180
 0 -179
 0 -178
 0 -177
 0 -176
 0 -175
 1 -174
 3 -173
 5 -172
 7 -171
 23 -170
 63 -169
 139 -168
 224 -167
 336 -166
 805 -165
 1608 -164
 2463 -163
 3472 -162
 3932 -161
 3924 -160
 3275 -159
 3341 -158
 3573 -157
 3584 -156
 3090 -155
 1823 -154
 867 -153
 357 -152
 65 -151
 17 -150
 2 -149
 3 -148
 0 -147
 1 -146
 0 -145
 0 -144
 0 -143
 0 -142
 0 -141
 0 -140


