# Created by Octave 3.8.2, Mon Jun 22 18:25:13 2020 CEST <damian@fptrucha.inv.usc.es>
# name: hd
# type: matrix
# rows: 41
# columns: 2
 0 -180
 1 -179
 0 -178
 0 -177
 1 -176
 0 -175
 2 -174
 1 -173
 3 -172
 8 -171
 26 -170
 57 -169
 109 -168
 204 -167
 332 -166
 728 -165
 1548 -164
 2430 -163
 3362 -162
 3671 -161
 3831 -160
 3337 -159
 3241 -158
 3668 -157
 3578 -156
 3203 -155
 1888 -154
 916 -153
 378 -152
 73 -151
 16 -150
 2 -149
 2 -148
 0 -147
 1 -146
 0 -145
 0 -144
 0 -143
 0 -142
 0 -141
 0 -140


