# Created by Octave 3.8.2, Mon Jun 22 13:22:50 2020 CEST <damian@fptrucha.inv.usc.es>
# name: hd
# type: matrix
# rows: 41
# columns: 2
 0 -180
 1 -179
 3 -178
 0 -177
 1 -176
 3 -175
 3 -174
 1 -173
 6 -172
 6 -171
 24 -170
 46 -169
 107 -168
 234 -167
 342 -166
 861 -165
 1553 -164
 2320 -163
 3506 -162
 3687 -161
 3774 -160
 3282 -159
 3224 -158
 3437 -157
 3415 -156
 2957 -155
 1769 -154
 877 -153
 395 -152
 60 -151
 17 -150
 7 -149
 0 -148
 0 -147
 0 -146
 2 -145
 0 -144
 0 -143
 0 -142
 0 -141
 0 -140


