# Created by Octave 3.8.2, Sat Jun 20 14:23:11 2020 CEST <damian@fptrucha.inv.usc.es>
# name: hd
# type: matrix
# rows: 41
# columns: 2
 0 -180
 1 -179
 0 -178
 0 -177
 0 -176
 1 -175
 1 -174
 1 -173
 2 -172
 10 -171
 13 -170
 51 -169
 98 -168
 185 -167
 265 -166
 642 -165
 1547 -164
 2167 -163
 3288 -162
 3762 -161
 3902 -160
 3736 -159
 3180 -158
 3489 -157
 3560 -156
 3241 -155
 2169 -154
 1021 -153
 478 -152
 93 -151
 19 -150
 6 -149
 2 -148
 1 -147
 0 -146
 1 -145
 0 -144
 0 -143
 0 -142
 0 -141
 0 -140


