# Created by Octave 3.8.2, Sat Jun 20 06:46:21 2020 CEST <damian@fptrucha.inv.usc.es>
# name: hd
# type: matrix
# rows: 41
# columns: 2
 2 -180
 1 -179
 2 -178
 0 -177
 0 -176
 1 -175
 1 -174
 2 -173
 6 -172
 3 -171
 27 -170
 53 -169
 117 -168
 192 -167
 306 -166
 693 -165
 1630 -164
 2402 -163
 3630 -162
 4033 -161
 4164 -160
 4122 -159
 3479 -158
 3818 -157
 3826 -156
 3527 -155
 2451 -154
 1038 -153
 512 -152
 123 -151
 35 -150
 2 -149
 0 -148
 0 -147
 0 -146
 1 -145
 0 -144
 0 -143
 0 -142
 0 -141
 0 -140


