# Created by Octave 3.8.2, Sat Jun 20 10:22:05 2020 CEST <damian@fptrucha.inv.usc.es>
# name: hd
# type: matrix
# rows: 41
# columns: 2
 0 -180
 0 -179
 0 -178
 0 -177
 2 -176
 2 -175
 1 -174
 2 -173
 7 -172
 7 -171
 22 -170
 73 -169
 129 -168
 211 -167
 319 -166
 700 -165
 1678 -164
 2314 -163
 3540 -162
 4071 -161
 4084 -160
 4027 -159
 3418 -158
 3816 -157
 3861 -156
 3537 -155
 2431 -154
 1005 -153
 528 -152
 129 -151
 25 -150
 11 -149
 2 -148
 1 -147
 0 -146
 1 -145
 0 -144
 0 -143
 0 -142
 0 -141
 0 -140


