# Created by Octave 3.8.2, Sat Jun 20 21:37:22 2020 CEST <damian@fptrucha.inv.usc.es>
# name: hd
# type: matrix
# rows: 41
# columns: 2
 0 -180
 0 -179
 0 -178
 0 -177
 0 -176
 1 -175
 1 -174
 1 -173
 1 -172
 4 -171
 17 -170
 61 -169
 111 -168
 162 -167
 278 -166
 550 -165
 1465 -164
 2110 -163
 3085 -162
 3437 -161
 3619 -160
 3613 -159
 3022 -158
 3275 -157
 3243 -156
 3156 -155
 2145 -154
 944 -153
 410 -152
 94 -151
 23 -150
 6 -149
 1 -148
 2 -147
 2 -146
 0 -145
 1 -144
 0 -143
 1 -142
 0 -141
 0 -140


