# Created by Octave 3.8.2, Sun Jun 21 04:55:12 2020 CEST <damian@fptrucha.inv.usc.es>
# name: hd
# type: matrix
# rows: 41
# columns: 2
 1 -180
 1 -179
 0 -178
 1 -177
 0 -176
 1 -175
 2 -174
 2 -173
 1 -172
 1 -171
 15 -170
 55 -169
 95 -168
 141 -167
 242 -166
 568 -165
 1451 -164
 2067 -163
 3106 -162
 3487 -161
 3753 -160
 3599 -159
 3124 -158
 3407 -157
 3467 -156
 3086 -155
 2080 -154
 995 -153
 480 -152
 88 -151
 28 -150
 6 -149
 3 -148
 0 -147
 0 -146
 1 -145
 0 -144
 0 -143
 0 -142
 1 -141
 0 -140


