# Created by Octave 3.8.2, Mon Jun 22 12:31:18 2020 CEST <damian@fptrucha.inv.usc.es>
# name: hd
# type: matrix
# rows: 41
# columns: 2
 1 -180
 1 -179
 2 -178
 1 -177
 1 -176
 0 -175
 2 -174
 1 -173
 5 -172
 11 -171
 21 -170
 59 -169
 147 -168
 217 -167
 335 -166
 750 -165
 1529 -164
 2284 -163
 3324 -162
 3692 -161
 3776 -160
 3268 -159
 3181 -158
 3522 -157
 3471 -156
 3018 -155
 1796 -154
 815 -153
 354 -152
 69 -151
 16 -150
 5 -149
 1 -148
 2 -147
 0 -146
 0 -145
 0 -144
 0 -143
 1 -142
 1 -141
 0 -140


