# Created by Octave 3.8.2, Sat Jun 20 15:00:06 2020 CEST <damian@fptrucha.inv.usc.es>
# name: hd
# type: matrix
# rows: 41
# columns: 2
 0 -180
 1 -179
 0 -178
 1 -177
 0 -176
 1 -175
 5 -174
 2 -173
 4 -172
 7 -171
 11 -170
 51 -169
 121 -168
 183 -167
 291 -166
 616 -165
 1549 -164
 2182 -163
 3232 -162
 3665 -161
 3827 -160
 3730 -159
 3147 -158
 3569 -157
 3446 -156
 3247 -155
 2252 -154
 1061 -153
 500 -152
 96 -151
 29 -150
 4 -149
 0 -148
 0 -147
 1 -146
 0 -145
 0 -144
 0 -143
 0 -142
 0 -141
 0 -140


