# Created by Octave 3.8.2, Sun Jun 21 05:33:47 2020 CEST <damian@fptrucha.inv.usc.es>
# name: hd
# type: matrix
# rows: 41
# columns: 2
 2 -180
 0 -179
 1 -178
 0 -177
 0 -176
 0 -175
 1 -174
 1 -173
 2 -172
 9 -171
 12 -170
 50 -169
 106 -168
 174 -167
 239 -166
 555 -165
 1400 -164
 1991 -163
 3110 -162
 3511 -161
 3574 -160
 3641 -159
 2976 -158
 3233 -157
 3404 -156
 3104 -155
 2186 -154
 927 -153
 500 -152
 107 -151
 25 -150
 5 -149
 1 -148
 0 -147
 1 -146
 0 -145
 0 -144
 0 -143
 0 -142
 0 -141
 0 -140


