# Created by Octave 3.8.2, Mon Jun 22 21:19:01 2020 CEST <damian@fptrucha.inv.usc.es>
# name: hd
# type: matrix
# rows: 41
# columns: 2
 0 -180
 2 -179
 0 -178
 0 -177
 0 -176
 1 -175
 4 -174
 5 -173
 4 -172
 6 -171
 17 -170
 70 -169
 111 -168
 211 -167
 348 -166
 815 -165
 1643 -164
 2497 -163
 3588 -162
 3941 -161
 3992 -160
 3445 -159
 3381 -158
 3709 -157
 3541 -156
 3206 -155
 1974 -154
 942 -153
 400 -152
 78 -151
 18 -150
 3 -149
 1 -148
 0 -147
 2 -146
 0 -145
 0 -144
 0 -143
 0 -142
 0 -141
 0 -140


