# Created by Octave 3.8.2, Sat Jun 20 22:33:38 2020 CEST <damian@fptrucha.inv.usc.es>
# name: hd
# type: matrix
# rows: 41
# columns: 2
 0 -180
 0 -179
 0 -178
 1 -177
 0 -176
 0 -175
 0 -174
 0 -173
 2 -172
 5 -171
 21 -170
 37 -169
 101 -168
 162 -167
 261 -166
 584 -165
 1540 -164
 2032 -163
 3146 -162
 3633 -161
 3606 -160
 3640 -159
 2920 -158
 3421 -157
 3476 -156
 3041 -155
 2130 -154
 926 -153
 410 -152
 106 -151
 15 -150
 3 -149
 1 -148
 0 -147
 0 -146
 0 -145
 0 -144
 1 -143
 0 -142
 1 -141
 0 -140


