# Created by Octave 3.8.2, Mon Jun 22 07:04:38 2020 CEST <damian@fptrucha.inv.usc.es>
# name: hd
# type: matrix
# rows: 41
# columns: 2
 1 -180
 0 -179
 1 -178
 2 -177
 0 -176
 0 -175
 3 -174
 0 -173
 2 -172
 3 -171
 26 -170
 57 -169
 117 -168
 198 -167
 327 -166
 722 -165
 1498 -164
 2173 -163
 3181 -162
 3491 -161
 3620 -160
 3201 -159
 2904 -158
 3282 -157
 3219 -156
 2871 -155
 1717 -154
 791 -153
 317 -152
 56 -151
 19 -150
 8 -149
 0 -148
 0 -147
 1 -146
 0 -145
 0 -144
 0 -143
 0 -142
 0 -141
 0 -140


