# Created by Octave 3.8.2, Mon Jun 22 12:46:14 2020 CEST <damian@fptrucha.inv.usc.es>
# name: hd
# type: matrix
# rows: 41
# columns: 2
 2 -180
 1 -179
 0 -178
 0 -177
 3 -176
 1 -175
 1 -174
 5 -173
 4 -172
 11 -171
 17 -170
 55 -169
 117 -168
 209 -167
 319 -166
 795 -165
 1474 -164
 2438 -163
 3394 -162
 3732 -161
 3828 -160
 3212 -159
 3202 -158
 3582 -157
 3487 -156
 2965 -155
 1802 -154
 866 -153
 408 -152
 82 -151
 24 -150
 1 -149
 0 -148
 1 -147
 0 -146
 0 -145
 0 -144
 0 -143
 0 -142
 0 -141
 0 -140


