# Created by Octave 3.8.2, Sat Jun 20 17:37:21 2020 CEST <damian@fptrucha.inv.usc.es>
# name: hd
# type: matrix
# rows: 41
# columns: 2
 0 -180
 0 -179
 0 -178
 0 -177
 0 -176
 1 -175
 2 -174
 1 -173
 1 -172
 8 -171
 11 -170
 54 -169
 99 -168
 180 -167
 284 -166
 574 -165
 1484 -164
 2122 -163
 3165 -162
 3539 -161
 3701 -160
 3559 -159
 3050 -158
 3476 -157
 3425 -156
 3217 -155
 2146 -154
 975 -153
 456 -152
 100 -151
 25 -150
 6 -149
 1 -148
 0 -147
 0 -146
 0 -145
 0 -144
 0 -143
 1 -142
 0 -141
 0 -140


