# Created by Octave 3.8.2, Mon Jun 22 23:02:43 2020 CEST <damian@fptrucha.inv.usc.es>
# name: hd
# type: matrix
# rows: 41
# columns: 2
 0 -180
 0 -179
 0 -178
 0 -177
 2 -176
 3 -175
 0 -174
 3 -173
 5 -172
 13 -171
 16 -170
 54 -169
 112 -168
 234 -167
 315 -166
 749 -165
 1659 -164
 2315 -163
 3453 -162
 3807 -161
 3904 -160
 3863 -159
 3293 -158
 3703 -157
 3720 -156
 3309 -155
 2355 -154
 1007 -153
 457 -152
 98 -151
 20 -150
 5 -149
 3 -148
 0 -147
 1 -146
 0 -145
 0 -144
 0 -143
 0 -142
 0 -141
 0 -140


