# Created by Octave 3.8.2, Sat Jun 20 21:12:04 2020 CEST <damian@fptrucha.inv.usc.es>
# name: hd
# type: matrix
# rows: 41
# columns: 2
 1 -180
 0 -179
 1 -178
 0 -177
 0 -176
 0 -175
 1 -174
 0 -173
 2 -172
 3 -171
 20 -170
 49 -169
 79 -168
 183 -167
 258 -166
 564 -165
 1460 -164
 2068 -163
 3145 -162
 3480 -161
 3671 -160
 3603 -159
 3026 -158
 3385 -157
 3277 -156
 3102 -155
 2097 -154
 925 -153
 426 -152
 95 -151
 27 -150
 7 -149
 1 -148
 0 -147
 1 -146
 1 -145
 0 -144
 0 -143
 0 -142
 1 -141
 0 -140


