# Created by Octave 3.8.2, Mon Jun 22 20:30:37 2020 CEST <damian@fptrucha.inv.usc.es>
# name: hd
# type: matrix
# rows: 41
# columns: 2
 0 -180
 0 -179
 3 -178
 1 -177
 1 -176
 5 -175
 1 -174
 3 -173
 3 -172
 5 -171
 23 -170
 54 -169
 123 -168
 223 -167
 310 -166
 767 -165
 1615 -164
 2435 -163
 3522 -162
 3803 -161
 3951 -160
 3460 -159
 3225 -158
 3808 -157
 3611 -156
 3172 -155
 1930 -154
 965 -153
 390 -152
 62 -151
 21 -150
 3 -149
 0 -148
 0 -147
 0 -146
 0 -145
 0 -144
 0 -143
 0 -142
 0 -141
 0 -140


