# Created by Octave 3.8.2, Mon Jun 22 09:53:10 2020 CEST <damian@fptrucha.inv.usc.es>
# name: hd
# type: matrix
# rows: 41
# columns: 2
 1 -180
 0 -179
 3 -178
 0 -177
 1 -176
 0 -175
 0 -174
 2 -173
 3 -172
 10 -171
 27 -170
 44 -169
 121 -168
 203 -167
 319 -166
 755 -165
 1646 -164
 2248 -163
 3321 -162
 3666 -161
 3647 -160
 3354 -159
 3071 -158
 3396 -157
 3371 -156
 3021 -155
 1781 -154
 833 -153
 340 -152
 63 -151
 20 -150
 5 -149
 0 -148
 0 -147
 1 -146
 1 -145
 1 -144
 0 -143
 0 -142
 0 -141
 0 -140


