# Created by Octave 3.8.2, Sat Jun 20 04:32:18 2020 CEST <damian@fptrucha.inv.usc.es>
# name: hd
# type: matrix
# rows: 41
# columns: 2
 1 -180
 0 -179
 1 -178
 2 -177
 2 -176
 0 -175
 1 -174
 2 -173
 3 -172
 5 -171
 20 -170
 60 -169
 107 -168
 194 -167
 294 -166
 669 -165
 1727 -164
 2301 -163
 3401 -162
 3907 -161
 4076 -160
 3958 -159
 3480 -158
 3835 -157
 3837 -156
 3503 -155
 2415 -154
 1025 -153
 491 -152
 115 -151
 18 -150
 3 -149
 2 -148
 0 -147
 0 -146
 1 -145
 0 -144
 0 -143
 0 -142
 0 -141
 0 -140


