# Created by Octave 3.8.2, Sat Jun 20 22:58:36 2020 CEST <damian@fptrucha.inv.usc.es>
# name: hd
# type: matrix
# rows: 41
# columns: 2
 0 -180
 1 -179
 0 -178
 0 -177
 0 -176
 1 -175
 0 -174
 0 -173
 0 -172
 2 -171
 7 -170
 41 -169
 73 -168
 96 -167
 177 -166
 387 -165
 999 -164
 1414 -163
 1987 -162
 2357 -161
 2294 -160
 2335 -159
 1951 -158
 2300 -157
 2189 -156
 2074 -155
 1430 -154
 594 -153
 265 -152
 68 -151
 10 -150
 0 -149
 0 -148
 0 -147
 0 -146
 0 -145
 0 -144
 0 -143
 0 -142
 0 -141
 0 -140


