# Created by Octave 3.8.2, Mon Jun 22 15:28:06 2020 CEST <damian@fptrucha.inv.usc.es>
# name: hd
# type: matrix
# rows: 41
# columns: 2
 0 -180
 1 -179
 2 -178
 2 -177
 1 -176
 0 -175
 2 -174
 3 -173
 4 -172
 5 -171
 26 -170
 58 -169
 132 -168
 220 -167
 356 -166
 804 -165
 1609 -164
 2413 -163
 3427 -162
 3780 -161
 3899 -160
 3431 -159
 3206 -158
 3703 -157
 3596 -156
 2999 -155
 1858 -154
 902 -153
 406 -152
 76 -151
 15 -150
 6 -149
 1 -148
 1 -147
 0 -146
 0 -145
 0 -144
 0 -143
 0 -142
 0 -141
 0 -140


