# Created by Octave 3.8.2, Sun Jun 21 04:30:53 2020 CEST <damian@fptrucha.inv.usc.es>
# name: hd
# type: matrix
# rows: 41
# columns: 2
 1 -180
 1 -179
 0 -178
 1 -177
 1 -176
 1 -175
 2 -174
 2 -173
 3 -172
 5 -171
 15 -170
 59 -169
 106 -168
 173 -167
 271 -166
 585 -165
 1494 -164
 2131 -163
 3176 -162
 3533 -161
 3656 -160
 3464 -159
 3007 -158
 3366 -157
 3397 -156
 3036 -155
 2142 -154
 986 -153
 490 -152
 108 -151
 21 -150
 5 -149
 0 -148
 1 -147
 0 -146
 0 -145
 0 -144
 0 -143
 0 -142
 0 -141
 0 -140


