# Created by Octave 3.8.2, Sat Jun 20 02:35:11 2020 CEST <damian@fptrucha.inv.usc.es>
# name: hd
# type: matrix
# rows: 41
# columns: 2
 0 -180
 0 -179
 1 -178
 0 -177
 0 -176
 2 -175
 0 -174
 0 -173
 5 -172
 7 -171
 14 -170
 57 -169
 103 -168
 193 -167
 284 -166
 680 -165
 1714 -164
 2282 -163
 3473 -162
 3982 -161
 4071 -160
 3977 -159
 3259 -158
 3704 -157
 3729 -156
 3448 -155
 2364 -154
 1041 -153
 502 -152
 107 -151
 22 -150
 4 -149
 2 -148
 1 -147
 1 -146
 2 -145
 0 -144
 0 -143
 0 -142
 0 -141
 0 -140


