# Created by Octave 3.8.2, Mon Jun 22 14:44:39 2020 CEST <damian@fptrucha.inv.usc.es>
# name: hd
# type: matrix
# rows: 41
# columns: 2
 0 -180
 1 -179
 2 -178
 1 -177
 1 -176
 2 -175
 1 -174
 1 -173
 1 -172
 6 -171
 20 -170
 44 -169
 113 -168
 217 -167
 317 -166
 746 -165
 1579 -164
 2389 -163
 3329 -162
 3668 -161
 3708 -160
 3202 -159
 3215 -158
 3503 -157
 3473 -156
 3022 -155
 1848 -154
 862 -153
 392 -152
 72 -151
 18 -150
 2 -149
 1 -148
 1 -147
 0 -146
 1 -145
 0 -144
 0 -143
 0 -142
 0 -141
 0 -140


