# Created by Octave 3.8.2, Sun Jun 21 03:25:36 2020 CEST <damian@fptrucha.inv.usc.es>
# name: hd
# type: matrix
# rows: 41
# columns: 2
 0 -180
 2 -179
 1 -178
 1 -177
 0 -176
 2 -175
 1 -174
 2 -173
 1 -172
 7 -171
 11 -170
 45 -169
 97 -168
 167 -167
 262 -166
 537 -165
 1386 -164
 2035 -163
 2962 -162
 3447 -161
 3560 -160
 3547 -159
 3009 -158
 3428 -157
 3326 -156
 3077 -155
 2211 -154
 915 -153
 476 -152
 89 -151
 23 -150
 5 -149
 1 -148
 0 -147
 2 -146
 1 -145
 0 -144
 0 -143
 0 -142
 0 -141
 0 -140


