# Created by Octave 3.8.2, Mon Jun 22 21:45:15 2020 CEST <damian@fptrucha.inv.usc.es>
# name: hd
# type: matrix
# rows: 41
# columns: 2
 1 -180
 0 -179
 2 -178
 0 -177
 0 -176
 1 -175
 0 -174
 4 -173
 3 -172
 4 -171
 27 -170
 51 -169
 109 -168
 201 -167
 280 -166
 629 -165
 1647 -164
 2337 -163
 3470 -162
 3909 -161
 3963 -160
 3816 -159
 3074 -158
 3688 -157
 3650 -156
 3281 -155
 2269 -154
 1042 -153
 455 -152
 112 -151
 22 -150
 4 -149
 1 -148
 2 -147
 0 -146
 0 -145
 0 -144
 0 -143
 0 -142
 1 -141
 0 -140


