# Created by Octave 3.8.2, Sun Jun 21 04:21:49 2020 CEST <damian@fptrucha.inv.usc.es>
# name: hd
# type: matrix
# rows: 41
# columns: 2
 1 -180
 1 -179
 1 -178
 0 -177
 1 -176
 0 -175
 0 -174
 1 -173
 4 -172
 1 -171
 11 -170
 43 -169
 97 -168
 164 -167
 260 -166
 623 -165
 1438 -164
 2076 -163
 3140 -162
 3417 -161
 3560 -160
 3674 -159
 2929 -158
 3368 -157
 3294 -156
 3054 -155
 2167 -154
 938 -153
 461 -152
 100 -151
 24 -150
 8 -149
 1 -148
 1 -147
 0 -146
 0 -145
 0 -144
 0 -143
 0 -142
 0 -141
 0 -140


