# Created by Octave 3.8.2, Mon Jun 22 21:55:56 2020 CEST <damian@fptrucha.inv.usc.es>
# name: hd
# type: matrix
# rows: 41
# columns: 2
 0 -180
 0 -179
 0 -178
 0 -177
 2 -176
 1 -175
 2 -174
 1 -173
 3 -172
 3 -171
 19 -170
 72 -169
 128 -168
 193 -167
 290 -166
 662 -165
 1596 -164
 2320 -163
 3472 -162
 3820 -161
 3944 -160
 3861 -159
 3206 -158
 3723 -157
 3625 -156
 3331 -155
 2270 -154
 959 -153
 463 -152
 114 -151
 28 -150
 1 -149
 0 -148
 0 -147
 0 -146
 0 -145
 0 -144
 0 -143
 0 -142
 0 -141
 0 -140


