# Created by Octave 3.8.2, Sat Jun 20 07:59:09 2020 CEST <damian@fptrucha.inv.usc.es>
# name: hd
# type: matrix
# rows: 41
# columns: 2
 1 -180
 1 -179
 0 -178
 1 -177
 0 -176
 0 -175
 0 -174
 3 -173
 4 -172
 9 -171
 15 -170
 76 -169
 119 -168
 216 -167
 316 -166
 767 -165
 1744 -164
 2372 -163
 3684 -162
 4107 -161
 4013 -160
 4164 -159
 3428 -158
 3974 -157
 3845 -156
 3549 -155
 2394 -154
 1017 -153
 546 -152
 127 -151
 29 -150
 4 -149
 3 -148
 1 -147
 1 -146
 0 -145
 0 -144
 0 -143
 0 -142
 0 -141
 0 -140


