# Created by Octave 3.8.2, Mon Jun 22 03:28:37 2020 CEST <damian@fptrucha.inv.usc.es>
# name: hd
# type: matrix
# rows: 41
# columns: 2
 1 -180
 2 -179
 4 -178
 2 -177
 2 -176
 0 -175
 2 -174
 0 -173
 7 -172
 7 -171
 20 -170
 62 -169
 125 -168
 185 -167
 301 -166
 763 -165
 1494 -164
 2212 -163
 3082 -162
 3496 -161
 3391 -160
 3205 -159
 2960 -158
 3268 -157
 3107 -156
 2742 -155
 1642 -154
 776 -153
 324 -152
 69 -151
 19 -150
 4 -149
 1 -148
 0 -147
 0 -146
 0 -145
 0 -144
 1 -143
 0 -142
 0 -141
 0 -140


