# Created by Octave 3.8.2, Sun Jun 21 02:39:00 2020 CEST <damian@fptrucha.inv.usc.es>
# name: hd
# type: matrix
# rows: 41
# columns: 2
 1 -180
 0 -179
 0 -178
 0 -177
 0 -176
 0 -175
 0 -174
 2 -173
 2 -172
 6 -171
 14 -170
 43 -169
 112 -168
 158 -167
 220 -166
 536 -165
 1379 -164
 2023 -163
 3005 -162
 3553 -161
 3646 -160
 3456 -159
 2962 -158
 3332 -157
 3252 -156
 3033 -155
 2112 -154
 922 -153
 476 -152
 84 -151
 20 -150
 3 -149
 2 -148
 1 -147
 0 -146
 1 -145
 1 -144
 0 -143
 0 -142
 0 -141
 0 -140


