# Created by Octave 3.8.2, Mon Jun 22 05:51:28 2020 CEST <damian@fptrucha.inv.usc.es>
# name: hd
# type: matrix
# rows: 41
# columns: 2
 1 -180
 1 -179
 1 -178
 1 -177
 3 -176
 0 -175
 0 -174
 1 -173
 5 -172
 6 -171
 28 -170
 64 -169
 113 -168
 208 -167
 281 -166
 768 -165
 1535 -164
 2154 -163
 3101 -162
 3392 -161
 3424 -160
 3140 -159
 2907 -158
 3217 -157
 3176 -156
 2848 -155
 1613 -154
 744 -153
 330 -152
 76 -151
 14 -150
 6 -149
 1 -148
 1 -147
 0 -146
 0 -145
 0 -144
 0 -143
 0 -142
 0 -141
 0 -140


