# Created by Octave 3.8.2, Mon Jun 22 06:09:54 2020 CEST <damian@fptrucha.inv.usc.es>
# name: hd
# type: matrix
# rows: 41
# columns: 2
 3 -180
 2 -179
 3 -178
 2 -177
 2 -176
 1 -175
 1 -174
 1 -173
 1 -172
 8 -171
 24 -170
 57 -169
 103 -168
 204 -167
 329 -166
 800 -165
 1620 -164
 2214 -163
 3287 -162
 3402 -161
 3447 -160
 3104 -159
 2940 -158
 3242 -157
 3306 -156
 2802 -155
 1569 -154
 777 -153
 324 -152
 66 -151
 13 -150
 0 -149
 1 -148
 2 -147
 1 -146
 0 -145
 0 -144
 0 -143
 0 -142
 0 -141
 0 -140


