# Created by Octave 3.8.2, Mon Jun 22 08:21:31 2020 CEST <damian@fptrucha.inv.usc.es>
# name: hd
# type: matrix
# rows: 41
# columns: 2
 1 -180
 1 -179
 1 -178
 0 -177
 0 -176
 4 -175
 0 -174
 2 -173
 2 -172
 9 -171
 25 -170
 58 -169
 115 -168
 192 -167
 331 -166
 740 -165
 1570 -164
 2266 -163
 3342 -162
 3507 -161
 3595 -160
 3250 -159
 3003 -158
 3322 -157
 3244 -156
 2905 -155
 1740 -154
 811 -153
 307 -152
 81 -151
 14 -150
 4 -149
 1 -148
 0 -147
 0 -146
 0 -145
 0 -144
 0 -143
 0 -142
 1 -141
 0 -140


