# Created by Octave 3.8.2, Mon Jun 22 21:31:30 2020 CEST <damian@fptrucha.inv.usc.es>
# name: hd
# type: matrix
# rows: 41
# columns: 2
 0 -180
 0 -179
 3 -178
 0 -177
 1 -176
 1 -175
 2 -174
 0 -173
 4 -172
 6 -171
 16 -170
 78 -169
 136 -168
 216 -167
 289 -166
 744 -165
 1595 -164
 2337 -163
 3493 -162
 3873 -161
 3940 -160
 3840 -159
 3217 -158
 3688 -157
 3548 -156
 3286 -155
 2292 -154
 1051 -153
 405 -152
 85 -151
 14 -150
 5 -149
 2 -148
 1 -147
 1 -146
 0 -145
 0 -144
 0 -143
 0 -142
 2 -141
 0 -140


