# Created by Octave 3.8.2, Sun Jun 21 00:40:22 2020 CEST <damian@fptrucha.inv.usc.es>
# name: hd
# type: matrix
# rows: 41
# columns: 2
 2 -180
 2 -179
 0 -178
 0 -177
 1 -176
 0 -175
 0 -174
 1 -173
 1 -172
 4 -171
 11 -170
 47 -169
 96 -168
 176 -167
 207 -166
 568 -165
 1408 -164
 2087 -163
 2962 -162
 3457 -161
 3538 -160
 3525 -159
 2951 -158
 3326 -157
 3330 -156
 3150 -155
 2168 -154
 917 -153
 459 -152
 100 -151
 26 -150
 6 -149
 1 -148
 1 -147
 0 -146
 1 -145
 0 -144
 0 -143
 1 -142
 0 -141
 0 -140


