# Created by Octave 3.8.2, Sat Jun 20 22:24:23 2020 CEST <damian@fptrucha.inv.usc.es>
# name: hd
# type: matrix
# rows: 41
# columns: 2
 0 -180
 0 -179
 0 -178
 1 -177
 0 -176
 1 -175
 3 -174
 2 -173
 2 -172
 4 -171
 10 -170
 57 -169
 88 -168
 197 -167
 259 -166
 557 -165
 1522 -164
 1978 -163
 3031 -162
 3583 -161
 3575 -160
 3636 -159
 2909 -158
 3284 -157
 3367 -156
 3028 -155
 2178 -154
 944 -153
 465 -152
 117 -151
 22 -150
 5 -149
 0 -148
 1 -147
 1 -146
 0 -145
 1 -144
 0 -143
 0 -142
 0 -141
 0 -140


