# Created by Octave 3.8.2, Sun Jun 21 02:25:48 2020 CEST <damian@fptrucha.inv.usc.es>
# name: hd
# type: matrix
# rows: 41
# columns: 2
 1 -180
 0 -179
 0 -178
 0 -177
 0 -176
 1 -175
 2 -174
 0 -173
 2 -172
 3 -171
 22 -170
 35 -169
 98 -168
 166 -167
 249 -166
 533 -165
 1500 -164
 2046 -163
 3082 -162
 3404 -161
 3560 -160
 3438 -159
 2980 -158
 3298 -157
 3258 -156
 3131 -155
 2239 -154
 1031 -153
 486 -152
 104 -151
 28 -150
 2 -149
 0 -148
 1 -147
 0 -146
 1 -145
 0 -144
 0 -143
 0 -142
 0 -141
 0 -140


