# Created by Octave 3.8.2, Tue Jun 23 00:07:36 2020 CEST <damian@fptrucha.inv.usc.es>
# name: hd
# type: matrix
# rows: 41
# columns: 2
 0 -180
 0 -179
 1 -178
 0 -177
 0 -176
 0 -175
 2 -174
 1 -173
 6 -172
 2 -171
 14 -170
 36 -169
 68 -168
 135 -167
 223 -166
 456 -165
 1032 -164
 1607 -163
 2217 -162
 2443 -161
 2612 -160
 2533 -159
 2148 -158
 2492 -157
 2400 -156
 2245 -155
 1554 -154
 700 -153
 303 -152
 71 -151
 15 -150
 3 -149
 1 -148
 0 -147
 0 -146
 0 -145
 0 -144
 0 -143
 0 -142
 0 -141
 0 -140


