# Created by Octave 3.8.2, Mon Jun 22 00:51:10 2020 CEST <damian@fptrucha.inv.usc.es>
# name: hd
# type: matrix
# rows: 41
# columns: 2
 1 -180
 0 -179
 1 -178
 1 -177
 1 -176
 2 -175
 0 -174
 4 -173
 1 -172
 6 -171
 12 -170
 42 -169
 105 -168
 158 -167
 230 -166
 540 -165
 1394 -164
 2024 -163
 3056 -162
 3472 -161
 3647 -160
 3551 -159
 3057 -158
 3374 -157
 3519 -156
 3131 -155
 2258 -154
 1080 -153
 501 -152
 115 -151
 25 -150
 4 -149
 0 -148
 1 -147
 0 -146
 0 -145
 0 -144
 0 -143
 0 -142
 0 -141
 0 -140


