# Created by Octave 3.8.2, Sat Jun 20 05:25:34 2020 CEST <damian@fptrucha.inv.usc.es>
# name: hd
# type: matrix
# rows: 41
# columns: 2
 0 -180
 0 -179
 0 -178
 1 -177
 0 -176
 0 -175
 2 -174
 2 -173
 3 -172
 6 -171
 17 -170
 66 -169
 115 -168
 211 -167
 327 -166
 710 -165
 1659 -164
 2350 -163
 3551 -162
 3936 -161
 4099 -160
 4067 -159
 3439 -158
 3794 -157
 3880 -156
 3500 -155
 2379 -154
 1081 -153
 483 -152
 97 -151
 29 -150
 7 -149
 2 -148
 2 -147
 1 -146
 1 -145
 0 -144
 0 -143
 0 -142
 0 -141
 0 -140


