# Created by Octave 3.8.2, Sun Jun 21 04:25:08 2020 CEST <damian@fptrucha.inv.usc.es>
# name: hd
# type: matrix
# rows: 41
# columns: 2
 0 -180
 1 -179
 1 -178
 1 -177
 0 -176
 3 -175
 1 -174
 1 -173
 1 -172
 3 -171
 21 -170
 48 -169
 101 -168
 179 -167
 243 -166
 553 -165
 1394 -164
 1926 -163
 2994 -162
 3416 -161
 3530 -160
 3510 -159
 2992 -158
 3269 -157
 3328 -156
 3147 -155
 2132 -154
 942 -153
 445 -152
 96 -151
 25 -150
 3 -149
 4 -148
 0 -147
 0 -146
 0 -145
 0 -144
 0 -143
 0 -142
 0 -141
 0 -140


