# Created by Octave 3.8.2, Sat Jun 20 05:53:44 2020 CEST <damian@fptrucha.inv.usc.es>
# name: hd
# type: matrix
# rows: 41
# columns: 2
 2 -180
 0 -179
 0 -178
 2 -177
 0 -176
 1 -175
 1 -174
 4 -173
 3 -172
 8 -171
 15 -170
 60 -169
 123 -168
 209 -167
 290 -166
 660 -165
 1676 -164
 2428 -163
 3619 -162
 3969 -161
 4147 -160
 4155 -159
 3351 -158
 3848 -157
 3796 -156
 3573 -155
 2407 -154
 990 -153
 497 -152
 115 -151
 25 -150
 7 -149
 4 -148
 2 -147
 1 -146
 0 -145
 0 -144
 0 -143
 0 -142
 0 -141
 0 -140


