# Created by Octave 3.8.2, Mon Jun 22 01:49:49 2020 CEST <damian@fptrucha.inv.usc.es>
# name: hd
# type: matrix
# rows: 41
# columns: 2
 1 -180
 0 -179
 1 -178
 0 -177
 3 -176
 2 -175
 1 -174
 5 -173
 1 -172
 7 -171
 23 -170
 62 -169
 109 -168
 187 -167
 273 -166
 691 -165
 1573 -164
 2176 -163
 3354 -162
 3740 -161
 3782 -160
 3650 -159
 3212 -158
 3517 -157
 3463 -156
 3000 -155
 2034 -154
 963 -153
 447 -152
 83 -151
 22 -150
 5 -149
 1 -148
 1 -147
 1 -146
 0 -145
 0 -144
 1 -143
 0 -142
 0 -141
 0 -140


