# Created by Octave 3.8.2, Mon Jun 22 01:19:02 2020 CEST <damian@fptrucha.inv.usc.es>
# name: hd
# type: matrix
# rows: 41
# columns: 2
 0 -180
 1 -179
 0 -178
 0 -177
 3 -176
 0 -175
 1 -174
 1 -173
 4 -172
 8 -171
 17 -170
 40 -169
 104 -168
 173 -167
 247 -166
 549 -165
 1468 -164
 2026 -163
 3019 -162
 3401 -161
 3581 -160
 3536 -159
 3090 -158
 3375 -157
 3398 -156
 3074 -155
 2243 -154
 1008 -153
 512 -152
 92 -151
 23 -150
 5 -149
 2 -148
 1 -147
 0 -146
 0 -145
 0 -144
 0 -143
 1 -142
 0 -141
 0 -140


