# Created by Octave 3.8.2, Sat Jun 20 18:02:26 2020 CEST <damian@fptrucha.inv.usc.es>
# name: hd
# type: matrix
# rows: 41
# columns: 2
 0 -180
 1 -179
 0 -178
 0 -177
 0 -176
 0 -175
 1 -174
 1 -173
 3 -172
 6 -171
 11 -170
 38 -169
 98 -168
 163 -167
 252 -166
 606 -165
 1475 -164
 2124 -163
 3138 -162
 3541 -161
 3764 -160
 3603 -159
 3082 -158
 3350 -157
 3379 -156
 3130 -155
 2151 -154
 1027 -153
 475 -152
 102 -151
 20 -150
 4 -149
 0 -148
 2 -147
 0 -146
 0 -145
 0 -144
 0 -143
 0 -142
 0 -141
 0 -140


