# Created by Octave 3.8.2, Mon Jun 22 07:10:41 2020 CEST <damian@fptrucha.inv.usc.es>
# name: hd
# type: matrix
# rows: 41
# columns: 2
 3 -180
 1 -179
 0 -178
 3 -177
 1 -176
 3 -175
 1 -174
 4 -173
 1 -172
 7 -171
 20 -170
 61 -169
 114 -168
 195 -167
 303 -166
 764 -165
 1487 -164
 2177 -163
 3210 -162
 3421 -161
 3492 -160
 3215 -159
 2962 -158
 3397 -157
 3254 -156
 2859 -155
 1712 -154
 780 -153
 358 -152
 70 -151
 17 -150
 3 -149
 2 -148
 0 -147
 0 -146
 2 -145
 0 -144
 0 -143
 1 -142
 0 -141
 0 -140


