# Created by Octave 3.8.2, Mon Jun 22 13:34:18 2020 CEST <damian@fptrucha.inv.usc.es>
# name: hd
# type: matrix
# rows: 41
# columns: 2
 2 -180
 0 -179
 1 -178
 3 -177
 1 -176
 2 -175
 2 -174
 1 -173
 5 -172
 5 -171
 14 -170
 53 -169
 132 -168
 194 -167
 345 -166
 742 -165
 1564 -164
 2408 -163
 3466 -162
 3607 -161
 3731 -160
 3226 -159
 3246 -158
 3582 -157
 3354 -156
 2952 -155
 1707 -154
 827 -153
 349 -152
 73 -151
 9 -150
 5 -149
 1 -148
 0 -147
 0 -146
 2 -145
 0 -144
 0 -143
 0 -142
 1 -141
 0 -140


