# Created by Octave 3.8.2, Mon Jun 22 14:17:34 2020 CEST <damian@fptrucha.inv.usc.es>
# name: hd
# type: matrix
# rows: 41
# columns: 2
 2 -180
 2 -179
 0 -178
 0 -177
 3 -176
 0 -175
 0 -174
 0 -173
 1 -172
 4 -171
 22 -170
 51 -169
 130 -168
 228 -167
 324 -166
 744 -165
 1419 -164
 2277 -163
 3352 -162
 3716 -161
 3824 -160
 3141 -159
 3167 -158
 3425 -157
 3483 -156
 3035 -155
 1741 -154
 969 -153
 358 -152
 70 -151
 13 -150
 5 -149
 1 -148
 0 -147
 0 -146
 0 -145
 0 -144
 0 -143
 0 -142
 0 -141
 0 -140


