# Created by Octave 3.8.2, Mon Jun 22 16:06:02 2020 CEST <damian@fptrucha.inv.usc.es>
# name: hd
# type: matrix
# rows: 41
# columns: 2
 1 -180
 0 -179
 1 -178
 1 -177
 0 -176
 1 -175
 2 -174
 1 -173
 1 -172
 7 -171
 25 -170
 61 -169
 128 -168
 223 -167
 317 -166
 824 -165
 1537 -164
 2368 -163
 3448 -162
 3843 -161
 3926 -160
 3255 -159
 3350 -158
 3639 -157
 3663 -156
 3083 -155
 1873 -154
 899 -153
 382 -152
 87 -151
 18 -150
 4 -149
 1 -148
 1 -147
 1 -146
 0 -145
 0 -144
 0 -143
 0 -142
 1 -141
 0 -140


