# Created by Octave 3.8.2, Sun Jun 21 04:36:23 2020 CEST <damian@fptrucha.inv.usc.es>
# name: hd
# type: matrix
# rows: 41
# columns: 2
 0 -180
 0 -179
 0 -178
 0 -177
 0 -176
 1 -175
 4 -174
 2 -173
 1 -172
 10 -171
 13 -170
 46 -169
 102 -168
 179 -167
 232 -166
 596 -165
 1407 -164
 2041 -163
 3157 -162
 3461 -161
 3652 -160
 3644 -159
 3043 -158
 3404 -157
 3326 -156
 3053 -155
 2177 -154
 905 -153
 478 -152
 98 -151
 25 -150
 3 -149
 2 -148
 0 -147
 0 -146
 0 -145
 0 -144
 0 -143
 0 -142
 0 -141
 0 -140


