# Created by Octave 3.8.2, Sun Jun 21 06:37:39 2020 CEST <damian@fptrucha.inv.usc.es>
# name: hd
# type: matrix
# rows: 41
# columns: 2
 1 -180
 0 -179
 0 -178
 2 -177
 0 -176
 0 -175
 2 -174
 0 -173
 1 -172
 3 -171
 17 -170
 51 -169
 101 -168
 165 -167
 265 -166
 596 -165
 1432 -164
 2148 -163
 3220 -162
 3593 -161
 3711 -160
 3682 -159
 3211 -158
 3566 -157
 3459 -156
 3146 -155
 2335 -154
 1004 -153
 478 -152
 120 -151
 25 -150
 6 -149
 0 -148
 0 -147
 1 -146
 1 -145
 0 -144
 0 -143
 0 -142
 0 -141
 0 -140


