# Created by Octave 3.8.2, Mon Jun 22 20:06:34 2020 CEST <damian@fptrucha.inv.usc.es>
# name: hd
# type: matrix
# rows: 41
# columns: 2
 1 -180
 1 -179
 1 -178
 0 -177
 0 -176
 1 -175
 0 -174
 1 -173
 2 -172
 8 -171
 25 -170
 64 -169
 124 -168
 220 -167
 333 -166
 773 -165
 1648 -164
 2454 -163
 3368 -162
 3968 -161
 4025 -160
 3504 -159
 3231 -158
 3727 -157
 3714 -156
 3259 -155
 1916 -154
 945 -153
 358 -152
 79 -151
 17 -150
 3 -149
 0 -148
 1 -147
 1 -146
 0 -145
 0 -144
 0 -143
 1 -142
 0 -141
 0 -140


