# Created by Octave 3.8.2, Sat Jun 20 03:07:35 2020 CEST <damian@fptrucha.inv.usc.es>
# name: hd
# type: matrix
# rows: 41
# columns: 2
 0 -180
 0 -179
 0 -178
 1 -177
 0 -176
 2 -175
 1 -174
 1 -173
 1 -172
 3 -171
 15 -170
 42 -169
 96 -168
 177 -167
 290 -166
 671 -165
 1657 -164
 2267 -163
 3400 -162
 3851 -161
 4212 -160
 3892 -159
 3370 -158
 3693 -157
 3729 -156
 3362 -155
 2333 -154
 1061 -153
 528 -152
 112 -151
 26 -150
 2 -149
 1 -148
 0 -147
 1 -146
 0 -145
 0 -144
 0 -143
 1 -142
 0 -141
 0 -140


