# Created by Octave 3.8.2, Mon Jun 22 14:31:02 2020 CEST <damian@fptrucha.inv.usc.es>
# name: hd
# type: matrix
# rows: 41
# columns: 2
 0 -180
 1 -179
 0 -178
 0 -177
 1 -176
 2 -175
 0 -174
 0 -173
 4 -172
 4 -171
 27 -170
 46 -169
 117 -168
 233 -167
 352 -166
 830 -165
 1538 -164
 2267 -163
 3395 -162
 3675 -161
 3782 -160
 3381 -159
 3192 -158
 3589 -157
 3481 -156
 2983 -155
 1666 -154
 841 -153
 346 -152
 74 -151
 20 -150
 4 -149
 3 -148
 2 -147
 1 -146
 0 -145
 0 -144
 0 -143
 0 -142
 0 -141
 0 -140


