# Created by Octave 3.8.2, Mon Jun 22 19:09:01 2020 CEST <damian@fptrucha.inv.usc.es>
# name: hd
# type: matrix
# rows: 41
# columns: 2
 1 -180
 0 -179
 0 -178
 0 -177
 1 -176
 0 -175
 0 -174
 0 -173
 3 -172
 9 -171
 25 -170
 45 -169
 108 -168
 227 -167
 338 -166
 773 -165
 1622 -164
 2409 -163
 3511 -162
 3859 -161
 3955 -160
 3445 -159
 3129 -158
 3619 -157
 3719 -156
 3088 -155
 1911 -154
 902 -153
 377 -152
 84 -151
 13 -150
 5 -149
 0 -148
 1 -147
 0 -146
 0 -145
 0 -144
 0 -143
 1 -142
 0 -141
 0 -140


