# Created by Octave 3.8.2, Sun Jun 21 03:57:13 2020 CEST <damian@fptrucha.inv.usc.es>
# name: hd
# type: matrix
# rows: 41
# columns: 2
 0 -180
 0 -179
 0 -178
 0 -177
 2 -176
 1 -175
 0 -174
 0 -173
 4 -172
 7 -171
 16 -170
 38 -169
 107 -168
 171 -167
 237 -166
 586 -165
 1507 -164
 1968 -163
 3083 -162
 3478 -161
 3638 -160
 3544 -159
 3055 -158
 3206 -157
 3344 -156
 3103 -155
 2132 -154
 916 -153
 458 -152
 104 -151
 15 -150
 7 -149
 1 -148
 0 -147
 0 -146
 0 -145
 1 -144
 0 -143
 0 -142
 0 -141
 0 -140


