# Created by Octave 3.8.2, Sat Jun 20 14:41:37 2020 CEST <damian@fptrucha.inv.usc.es>
# name: hd
# type: matrix
# rows: 41
# columns: 2
 1 -180
 0 -179
 0 -178
 1 -177
 2 -176
 0 -175
 0 -174
 2 -173
 4 -172
 3 -171
 25 -170
 42 -169
 103 -168
 215 -167
 267 -166
 643 -165
 1508 -164
 2255 -163
 3251 -162
 3715 -161
 3819 -160
 3786 -159
 3198 -158
 3587 -157
 3524 -156
 3167 -155
 2230 -154
 1000 -153
 456 -152
 94 -151
 20 -150
 2 -149
 3 -148
 0 -147
 1 -146
 0 -145
 0 -144
 0 -143
 0 -142
 0 -141
 0 -140


