# Created by Octave 3.8.2, Mon Jun 22 07:06:41 2020 CEST <damian@fptrucha.inv.usc.es>
# name: hd
# type: matrix
# rows: 41
# columns: 2
 0 -180
 1 -179
 2 -178
 2 -177
 0 -176
 0 -175
 0 -174
 3 -173
 4 -172
 6 -171
 19 -170
 67 -169
 84 -168
 187 -167
 321 -166
 721 -165
 1483 -164
 2236 -163
 3243 -162
 3407 -161
 3520 -160
 2979 -159
 3008 -158
 3305 -157
 3183 -156
 2847 -155
 1813 -154
 791 -153
 344 -152
 64 -151
 17 -150
 7 -149
 0 -148
 1 -147
 0 -146
 0 -145
 0 -144
 1 -143
 0 -142
 0 -141
 0 -140


