# Created by Octave 3.8.2, Mon Jun 22 04:56:15 2020 CEST <damian@fptrucha.inv.usc.es>
# name: hd
# type: matrix
# rows: 41
# columns: 2
 0 -180
 1 -179
 0 -178
 2 -177
 0 -176
 1 -175
 1 -174
 1 -173
 2 -172
 2 -171
 10 -170
 31 -169
 61 -168
 104 -167
 165 -166
 414 -165
 843 -164
 1365 -163
 1827 -162
 2044 -161
 2236 -160
 2055 -159
 1838 -158
 2055 -157
 2090 -156
 1836 -155
 1201 -154
 643 -153
 261 -152
 72 -151
 16 -150
 2 -149
 3 -148
 0 -147
 0 -146
 1 -145
 0 -144
 0 -143
 0 -142
 2 -141
 0 -140


