# Created by Octave 3.8.2, Sat Jun 20 16:17:20 2020 CEST <damian@fptrucha.inv.usc.es>
# name: hd
# type: matrix
# rows: 41
# columns: 2
 0 -180
 0 -179
 0 -178
 0 -177
 0 -176
 0 -175
 1 -174
 2 -173
 3 -172
 4 -171
 14 -170
 63 -169
 112 -168
 162 -167
 243 -166
 584 -165
 1518 -164
 2131 -163
 3173 -162
 3645 -161
 3707 -160
 3740 -159
 3186 -158
 3373 -157
 3518 -156
 3255 -155
 2236 -154
 972 -153
 456 -152
 95 -151
 21 -150
 6 -149
 0 -148
 2 -147
 0 -146
 0 -145
 0 -144
 0 -143
 0 -142
 0 -141
 0 -140


