# Created by Octave 3.8.2, Mon Jun 22 18:19:31 2020 CEST <damian@fptrucha.inv.usc.es>
# name: hd
# type: matrix
# rows: 41
# columns: 2
 0 -180
 2 -179
 0 -178
 1 -177
 2 -176
 0 -175
 2 -174
 2 -173
 6 -172
 9 -171
 23 -170
 64 -169
 116 -168
 211 -167
 320 -166
 722 -165
 1544 -164
 2466 -163
 3524 -162
 3764 -161
 3779 -160
 3410 -159
 3250 -158
 3559 -157
 3647 -156
 3183 -155
 1906 -154
 970 -153
 362 -152
 65 -151
 20 -150
 4 -149
 0 -148
 1 -147
 2 -146
 0 -145
 0 -144
 0 -143
 0 -142
 0 -141
 0 -140


