# Created by Octave 3.8.2, Sat Jun 20 09:30:40 2020 CEST <damian@fptrucha.inv.usc.es>
# name: hd
# type: matrix
# rows: 41
# columns: 2
 1 -180
 0 -179
 0 -178
 0 -177
 0 -176
 1 -175
 0 -174
 1 -173
 4 -172
 4 -171
 18 -170
 68 -169
 140 -168
 228 -167
 350 -166
 754 -165
 1785 -164
 2441 -163
 3618 -162
 4058 -161
 4245 -160
 4099 -159
 3456 -158
 3798 -157
 3799 -156
 3627 -155
 2401 -154
 1072 -153
 521 -152
 137 -151
 23 -150
 4 -149
 0 -148
 1 -147
 2 -146
 0 -145
 0 -144
 0 -143
 0 -142
 0 -141
 0 -140


