# Created by Octave 3.8.2, Mon Jun 22 16:18:54 2020 CEST <damian@fptrucha.inv.usc.es>
# name: hd
# type: matrix
# rows: 41
# columns: 2
 2 -180
 1 -179
 2 -178
 2 -177
 0 -176
 0 -175
 0 -174
 2 -173
 4 -172
 4 -171
 22 -170
 56 -169
 160 -168
 223 -167
 343 -166
 853 -165
 1628 -164
 2364 -163
 3407 -162
 3732 -161
 3957 -160
 3318 -159
 3287 -158
 3521 -157
 3556 -156
 3091 -155
 1792 -154
 926 -153
 409 -152
 82 -151
 15 -150
 4 -149
 1 -148
 0 -147
 0 -146
 1 -145
 1 -144
 0 -143
 0 -142
 0 -141
 0 -140


