# Created by Octave 3.8.2, Mon Jun 22 22:08:31 2020 CEST <damian@fptrucha.inv.usc.es>
# name: hd
# type: matrix
# rows: 41
# columns: 2
 0 -180
 2 -179
 0 -178
 0 -177
 3 -176
 0 -175
 0 -174
 5 -173
 1 -172
 10 -171
 21 -170
 67 -169
 129 -168
 207 -167
 308 -166
 691 -165
 1699 -164
 2393 -163
 3424 -162
 3857 -161
 3901 -160
 3782 -159
 3131 -158
 3589 -157
 3576 -156
 3214 -155
 2281 -154
 1005 -153
 400 -152
 96 -151
 16 -150
 2 -149
 2 -148
 0 -147
 0 -146
 0 -145
 0 -144
 0 -143
 0 -142
 0 -141
 0 -140


