# Created by Octave 3.8.2, Sat Jun 20 17:11:31 2020 CEST <damian@fptrucha.inv.usc.es>
# name: hd
# type: matrix
# rows: 41
# columns: 2
 0 -180
 0 -179
 0 -178
 0 -177
 1 -176
 0 -175
 0 -174
 0 -173
 3 -172
 4 -171
 16 -170
 55 -169
 108 -168
 199 -167
 305 -166
 658 -165
 1493 -164
 2073 -163
 3247 -162
 3541 -161
 3745 -160
 3669 -159
 3094 -158
 3594 -157
 3492 -156
 3214 -155
 2156 -154
 954 -153
 474 -152
 91 -151
 29 -150
 5 -149
 2 -148
 0 -147
 0 -146
 1 -145
 0 -144
 0 -143
 0 -142
 0 -141
 0 -140


