# Created by Octave 3.8.2, Sun Jun 21 01:26:16 2020 CEST <damian@fptrucha.inv.usc.es>
# name: hd
# type: matrix
# rows: 41
# columns: 2
 1 -180
 0 -179
 1 -178
 1 -177
 1 -176
 1 -175
 0 -174
 1 -173
 0 -172
 1 -171
 18 -170
 37 -169
 93 -168
 162 -167
 244 -166
 605 -165
 1408 -164
 2059 -163
 3111 -162
 3384 -161
 3577 -160
 3448 -159
 2994 -158
 3252 -157
 3350 -156
 2913 -155
 2115 -154
 941 -153
 452 -152
 88 -151
 25 -150
 6 -149
 3 -148
 0 -147
 0 -146
 0 -145
 0 -144
 0 -143
 0 -142
 0 -141
 0 -140


