# Created by Octave 3.8.2, Sat Jun 20 05:46:31 2020 CEST <damian@fptrucha.inv.usc.es>
# name: hd
# type: matrix
# rows: 41
# columns: 2
 0 -180
 0 -179
 0 -178
 1 -177
 2 -176
 0 -175
 0 -174
 1 -173
 3 -172
 8 -171
 26 -170
 55 -169
 124 -168
 225 -167
 298 -166
 706 -165
 1758 -164
 2316 -163
 3494 -162
 4032 -161
 4028 -160
 4123 -159
 3362 -158
 3853 -157
 3817 -156
 3463 -155
 2362 -154
 1000 -153
 496 -152
 103 -151
 31 -150
 1 -149
 1 -148
 5 -147
 0 -146
 3 -145
 0 -144
 0 -143
 1 -142
 0 -141
 0 -140


