# Created by Octave 3.8.2, Sat Jun 20 06:10:46 2020 CEST <damian@fptrucha.inv.usc.es>
# name: hd
# type: matrix
# rows: 41
# columns: 2
 0 -180
 1 -179
 0 -178
 0 -177
 1 -176
 1 -175
 1 -174
 2 -173
 1 -172
 7 -171
 18 -170
 55 -169
 118 -168
 191 -167
 316 -166
 699 -165
 1635 -164
 2384 -163
 3471 -162
 4090 -161
 4166 -160
 4140 -159
 3467 -158
 3717 -157
 3865 -156
 3528 -155
 2408 -154
 1044 -153
 476 -152
 123 -151
 31 -150
 10 -149
 2 -148
 0 -147
 1 -146
 1 -145
 0 -144
 1 -143
 0 -142
 0 -141
 0 -140


