# Created by Octave 3.8.2, Mon Jun 22 05:36:06 2020 CEST <damian@fptrucha.inv.usc.es>
# name: hd
# type: matrix
# rows: 41
# columns: 2
 3 -180
 0 -179
 2 -178
 0 -177
 0 -176
 1 -175
 3 -174
 1 -173
 1 -172
 3 -171
 13 -170
 61 -169
 126 -168
 204 -167
 320 -166
 749 -165
 1500 -164
 2186 -163
 3121 -162
 3404 -161
 3501 -160
 3168 -159
 2897 -158
 3169 -157
 3081 -156
 2701 -155
 1636 -154
 763 -153
 307 -152
 72 -151
 23 -150
 3 -149
 3 -148
 3 -147
 0 -146
 0 -145
 0 -144
 1 -143
 0 -142
 1 -141
 0 -140


