# Created by Octave 3.8.2, Tue Jun 23 00:08:47 2020 CEST <damian@fptrucha.inv.usc.es>
# name: hd
# type: matrix
# rows: 41
# columns: 2
 1 -180
 0 -179
 1 -178
 2 -177
 0 -176
 0 -175
 1 -174
 4 -173
 3 -172
 5 -171
 18 -170
 47 -169
 116 -168
 206 -167
 306 -166
 677 -165
 1587 -164
 2438 -163
 3369 -162
 3722 -161
 3931 -160
 3887 -159
 3149 -158
 3644 -157
 3738 -156
 3305 -155
 2359 -154
 979 -153
 439 -152
 106 -151
 19 -150
 6 -149
 0 -148
 2 -147
 1 -146
 2 -145
 3 -144
 0 -143
 0 -142
 0 -141
 0 -140


