# Created by Octave 3.8.2, Sat Jun 20 09:49:11 2020 CEST <damian@fptrucha.inv.usc.es>
# name: hd
# type: matrix
# rows: 41
# columns: 2
 0 -180
 0 -179
 1 -178
 0 -177
 0 -176
 2 -175
 0 -174
 2 -173
 1 -172
 4 -171
 16 -170
 51 -169
 126 -168
 244 -167
 338 -166
 668 -165
 1785 -164
 2466 -163
 3530 -162
 4017 -161
 4162 -160
 4036 -159
 3474 -158
 3924 -157
 3765 -156
 3499 -155
 2482 -154
 1082 -153
 523 -152
 88 -151
 25 -150
 7 -149
 0 -148
 0 -147
 0 -146
 0 -145
 0 -144
 0 -143
 0 -142
 0 -141
 0 -140


