# Created by Octave 3.8.2, Mon Jun 22 10:16:33 2020 CEST <damian@fptrucha.inv.usc.es>
# name: hd
# type: matrix
# rows: 41
# columns: 2
 1 -180
 0 -179
 1 -178
 2 -177
 2 -176
 0 -175
 0 -174
 0 -173
 4 -172
 10 -171
 17 -170
 44 -169
 100 -168
 201 -167
 306 -166
 709 -165
 1570 -164
 2274 -163
 3224 -162
 3624 -161
 3718 -160
 3389 -159
 3177 -158
 3438 -157
 3293 -156
 3032 -155
 1842 -154
 796 -153
 360 -152
 82 -151
 17 -150
 4 -149
 3 -148
 2 -147
 0 -146
 0 -145
 0 -144
 1 -143
 0 -142
 0 -141
 0 -140


