# Created by Octave 3.8.2, Mon Jun 22 04:29:56 2020 CEST <damian@fptrucha.inv.usc.es>
# name: hd
# type: matrix
# rows: 41
# columns: 2
 3 -180
 1 -179
 0 -178
 1 -177
 3 -176
 2 -175
 1 -174
 2 -173
 4 -172
 5 -171
 11 -170
 38 -169
 86 -168
 157 -167
 257 -166
 607 -165
 1249 -164
 1989 -163
 2867 -162
 3252 -161
 3325 -160
 3123 -159
 2796 -158
 3193 -157
 3172 -156
 2827 -155
 1736 -154
 900 -153
 438 -152
 105 -151
 20 -150
 8 -149
 1 -148
 1 -147
 0 -146
 0 -145
 0 -144
 0 -143
 0 -142
 0 -141
 0 -140


