# Created by Octave 3.8.2, Mon Jun 22 14:54:31 2020 CEST <damian@fptrucha.inv.usc.es>
# name: hd
# type: matrix
# rows: 41
# columns: 2
 2 -180
 1 -179
 0 -178
 1 -177
 1 -176
 0 -175
 2 -174
 4 -173
 2 -172
 9 -171
 24 -170
 56 -169
 121 -168
 241 -167
 311 -166
 805 -165
 1594 -164
 2270 -163
 3463 -162
 3536 -161
 3820 -160
 3298 -159
 3188 -158
 3426 -157
 3599 -156
 3203 -155
 1879 -154
 886 -153
 375 -152
 71 -151
 16 -150
 6 -149
 3 -148
 0 -147
 0 -146
 0 -145
 0 -144
 0 -143
 1 -142
 0 -141
 0 -140


