# Created by Octave 3.8.2, Sun Jun 21 03:13:58 2020 CEST <damian@fptrucha.inv.usc.es>
# name: hd
# type: matrix
# rows: 41
# columns: 2
 2 -180
 1 -179
 0 -178
 0 -177
 1 -176
 0 -175
 2 -174
 2 -173
 2 -172
 1 -171
 14 -170
 52 -169
 101 -168
 162 -167
 241 -166
 562 -165
 1408 -164
 1935 -163
 3096 -162
 3427 -161
 3764 -160
 3496 -159
 2911 -158
 3392 -157
 3294 -156
 3070 -155
 2165 -154
 973 -153
 425 -152
 101 -151
 24 -150
 9 -149
 2 -148
 0 -147
 0 -146
 0 -145
 0 -144
 0 -143
 0 -142
 1 -141
 0 -140


