# Created by Octave 3.8.2, Sat Jun 20 11:24:57 2020 CEST <damian@fptrucha.inv.usc.es>
# name: hd
# type: matrix
# rows: 41
# columns: 2
 0 -180
 0 -179
 1 -178
 0 -177
 0 -176
 0 -175
 2 -174
 0 -173
 3 -172
 5 -171
 15 -170
 55 -169
 131 -168
 201 -167
 273 -166
 690 -165
 1616 -164
 2354 -163
 3384 -162
 3771 -161
 3959 -160
 4033 -159
 3318 -158
 3792 -157
 3696 -156
 3388 -155
 2376 -154
 1059 -153
 500 -152
 112 -151
 18 -150
 3 -149
 1 -148
 1 -147
 0 -146
 0 -145
 0 -144
 0 -143
 0 -142
 1 -141
 0 -140


