# Created by Octave 3.8.2, Sun Jun 21 01:41:01 2020 CEST <damian@fptrucha.inv.usc.es>
# name: hd
# type: matrix
# rows: 41
# columns: 2
 0 -180
 4 -179
 1 -178
 4 -177
 0 -176
 0 -175
 2 -174
 0 -173
 2 -172
 6 -171
 13 -170
 49 -169
 88 -168
 166 -167
 253 -166
 570 -165
 1360 -164
 2017 -163
 3053 -162
 3445 -161
 3603 -160
 3419 -159
 2975 -158
 3302 -157
 3251 -156
 3118 -155
 2147 -154
 923 -153
 442 -152
 106 -151
 32 -150
 5 -149
 0 -148
 1 -147
 0 -146
 1 -145
 0 -144
 0 -143
 0 -142
 1 -141
 0 -140


