# Created by Octave 3.8.2, Sat Jun 20 14:12:26 2020 CEST <damian@fptrucha.inv.usc.es>
# name: hd
# type: matrix
# rows: 41
# columns: 2
 0 -180
 1 -179
 2 -178
 0 -177
 2 -176
 0 -175
 3 -174
 1 -173
 2 -172
 5 -171
 24 -170
 61 -169
 119 -168
 192 -167
 277 -166
 661 -165
 1597 -164
 2221 -163
 3279 -162
 3792 -161
 4019 -160
 3876 -159
 3266 -158
 3521 -157
 3695 -156
 3250 -155
 2243 -154
 965 -153
 470 -152
 119 -151
 18 -150
 2 -149
 3 -148
 1 -147
 0 -146
 0 -145
 0 -144
 0 -143
 0 -142
 1 -141
 0 -140


