# Created by Octave 3.8.2, Sat Jun 20 16:01:54 2020 CEST <damian@fptrucha.inv.usc.es>
# name: hd
# type: matrix
# rows: 41
# columns: 2
 1 -180
 0 -179
 3 -178
 1 -177
 2 -176
 0 -175
 0 -174
 1 -173
 2 -172
 7 -171
 19 -170
 50 -169
 100 -168
 190 -167
 272 -166
 596 -165
 1543 -164
 2200 -163
 3165 -162
 3625 -161
 3777 -160
 3563 -159
 3105 -158
 3542 -157
 3530 -156
 3144 -155
 2193 -154
 1019 -153
 489 -152
 103 -151
 24 -150
 5 -149
 4 -148
 1 -147
 0 -146
 0 -145
 0 -144
 0 -143
 0 -142
 1 -141
 0 -140


