# Created by Octave 3.8.2, Mon Jun 22 09:56:29 2020 CEST <damian@fptrucha.inv.usc.es>
# name: hd
# type: matrix
# rows: 41
# columns: 2
 2 -180
 1 -179
 0 -178
 0 -177
 1 -176
 1 -175
 3 -174
 2 -173
 8 -172
 7 -171
 18 -170
 70 -169
 133 -168
 217 -167
 304 -166
 716 -165
 1598 -164
 2223 -163
 3224 -162
 3678 -161
 3586 -160
 3393 -159
 3070 -158
 3482 -157
 3444 -156
 2891 -155
 1831 -154
 791 -153
 346 -152
 75 -151
 26 -150
 6 -149
 1 -148
 2 -147
 1 -146
 1 -145
 0 -144
 0 -143
 0 -142
 0 -141
 0 -140


