# Created by Octave 3.8.2, Sat Jun 20 17:38:09 2020 CEST <damian@fptrucha.inv.usc.es>
# name: hd
# type: matrix
# rows: 41
# columns: 2
 0 -180
 0 -179
 2 -178
 0 -177
 1 -176
 0 -175
 1 -174
 0 -173
 1 -172
 2 -171
 12 -170
 23 -169
 70 -168
 118 -167
 180 -166
 372 -165
 1026 -164
 1367 -163
 2071 -162
 2345 -161
 2516 -160
 2441 -159
 2029 -158
 2236 -157
 2250 -156
 2078 -155
 1501 -154
 668 -153
 341 -152
 60 -151
 13 -150
 7 -149
 1 -148
 0 -147
 0 -146
 1 -145
 0 -144
 0 -143
 0 -142
 0 -141
 0 -140


