# Created by Octave 3.8.2, Mon Jun 22 03:51:50 2020 CEST <damian@fptrucha.inv.usc.es>
# name: hd
# type: matrix
# rows: 41
# columns: 2
 0 -180
 0 -179
 0 -178
 1 -177
 1 -176
 0 -175
 3 -174
 2 -173
 6 -172
 10 -171
 27 -170
 59 -169
 111 -168
 202 -167
 262 -166
 657 -165
 1452 -164
 2140 -163
 3135 -162
 3384 -161
 3391 -160
 3000 -159
 3022 -158
 3310 -157
 3235 -156
 2861 -155
 1757 -154
 801 -153
 380 -152
 89 -151
 18 -150
 4 -149
 2 -148
 1 -147
 0 -146
 0 -145
 1 -144
 1 -143
 0 -142
 0 -141
 0 -140


