# Created by Octave 3.8.2, Mon Jun 22 11:10:17 2020 CEST <damian@fptrucha.inv.usc.es>
# name: hd
# type: matrix
# rows: 41
# columns: 2
 2 -180
 1 -179
 2 -178
 1 -177
 1 -176
 0 -175
 4 -174
 4 -173
 2 -172
 6 -171
 18 -170
 61 -169
 132 -168
 208 -167
 338 -166
 825 -165
 1566 -164
 2372 -163
 3346 -162
 3686 -161
 3689 -160
 3215 -159
 3158 -158
 3606 -157
 3433 -156
 2892 -155
 1729 -154
 874 -153
 360 -152
 78 -151
 18 -150
 6 -149
 2 -148
 0 -147
 0 -146
 1 -145
 0 -144
 1 -143
 0 -142
 0 -141
 0 -140


