# Created by Octave 3.8.2, Mon Jun 22 21:51:11 2020 CEST <damian@fptrucha.inv.usc.es>
# name: hd
# type: matrix
# rows: 41
# columns: 2
 2 -180
 0 -179
 1 -178
 2 -177
 1 -176
 1 -175
 1 -174
 5 -173
 3 -172
 6 -171
 18 -170
 49 -169
 125 -168
 207 -167
 320 -166
 695 -165
 1645 -164
 2394 -163
 3353 -162
 3716 -161
 3880 -160
 3783 -159
 3132 -158
 3575 -157
 3642 -156
 3373 -155
 2347 -154
 1014 -153
 455 -152
 95 -151
 23 -150
 6 -149
 1 -148
 2 -147
 0 -146
 2 -145
 0 -144
 0 -143
 0 -142
 0 -141
 0 -140


