# Created by Octave 3.8.2, Mon Jun 22 06:46:10 2020 CEST <damian@fptrucha.inv.usc.es>
# name: hd
# type: matrix
# rows: 41
# columns: 2
 3 -180
 0 -179
 3 -178
 0 -177
 0 -176
 4 -175
 4 -174
 4 -173
 4 -172
 10 -171
 22 -170
 54 -169
 119 -168
 190 -167
 307 -166
 749 -165
 1521 -164
 2200 -163
 3211 -162
 3385 -161
 3536 -160
 3112 -159
 2946 -158
 3266 -157
 3184 -156
 2768 -155
 1632 -154
 795 -153
 316 -152
 74 -151
 17 -150
 5 -149
 3 -148
 0 -147
 0 -146
 0 -145
 0 -144
 0 -143
 1 -142
 0 -141
 0 -140


