# Created by Octave 3.8.2, Mon Jun 22 10:20:21 2020 CEST <damian@fptrucha.inv.usc.es>
# name: hd
# type: matrix
# rows: 41
# columns: 2
 1 -180
 0 -179
 1 -178
 1 -177
 2 -176
 0 -175
 6 -174
 2 -173
 1 -172
 5 -171
 27 -170
 57 -169
 126 -168
 214 -167
 294 -166
 760 -165
 1566 -164
 2252 -163
 3221 -162
 3646 -161
 3666 -160
 3377 -159
 3059 -158
 3556 -157
 3429 -156
 2941 -155
 1874 -154
 811 -153
 356 -152
 79 -151
 13 -150
 4 -149
 1 -148
 0 -147
 0 -146
 1 -145
 0 -144
 0 -143
 0 -142
 0 -141
 0 -140


