# Created by Octave 3.8.2, Mon Jun 22 17:01:35 2020 CEST <damian@fptrucha.inv.usc.es>
# name: hd
# type: matrix
# rows: 41
# columns: 2
 0 -180
 1 -179
 1 -178
 3 -177
 0 -176
 1 -175
 2 -174
 0 -173
 4 -172
 7 -171
 20 -170
 56 -169
 156 -168
 206 -167
 342 -166
 841 -165
 1533 -164
 2303 -163
 3511 -162
 3756 -161
 3798 -160
 3339 -159
 3205 -158
 3656 -157
 3548 -156
 3022 -155
 1767 -154
 866 -153
 389 -152
 73 -151
 17 -150
 4 -149
 1 -148
 0 -147
 0 -146
 0 -145
 0 -144
 0 -143
 1 -142
 0 -141
 0 -140


