# Created by Octave 3.8.2, Sun Jun 21 00:50:47 2020 CEST <damian@fptrucha.inv.usc.es>
# name: hd
# type: matrix
# rows: 41
# columns: 2
 3 -180
 0 -179
 0 -178
 0 -177
 0 -176
 0 -175
 2 -174
 3 -173
 2 -172
 4 -171
 17 -170
 43 -169
 92 -168
 175 -167
 279 -166
 584 -165
 1434 -164
 2080 -163
 3130 -162
 3409 -161
 3614 -160
 3561 -159
 2977 -158
 3252 -157
 3292 -156
 3057 -155
 2089 -154
 911 -153
 488 -152
 120 -151
 18 -150
 4 -149
 0 -148
 1 -147
 1 -146
 0 -145
 0 -144
 0 -143
 0 -142
 0 -141
 0 -140


