# Created by Octave 3.8.2, Sat Jun 20 03:38:27 2020 CEST <damian@fptrucha.inv.usc.es>
# name: hd
# type: matrix
# rows: 41
# columns: 2
 1 -180
 1 -179
 1 -178
 0 -177
 0 -176
 0 -175
 0 -174
 1 -173
 3 -172
 6 -171
 12 -170
 45 -169
 119 -168
 188 -167
 252 -166
 654 -165
 1547 -164
 2245 -163
 3396 -162
 3877 -161
 4010 -160
 3881 -159
 3285 -158
 3698 -157
 3685 -156
 3480 -155
 2313 -154
 1022 -153
 528 -152
 113 -151
 19 -150
 8 -149
 0 -148
 0 -147
 0 -146
 0 -145
 0 -144
 0 -143
 0 -142
 0 -141
 0 -140


