# Created by Octave 3.8.2, Mon Jun 22 04:03:18 2020 CEST <damian@fptrucha.inv.usc.es>
# name: hd
# type: matrix
# rows: 41
# columns: 2
 1 -180
 1 -179
 0 -178
 3 -177
 1 -176
 1 -175
 3 -174
 3 -173
 4 -172
 7 -171
 15 -170
 46 -169
 107 -168
 180 -167
 301 -166
 646 -165
 1292 -164
 2114 -163
 3094 -162
 3444 -161
 3465 -160
 3111 -159
 2953 -158
 3219 -157
 3294 -156
 2867 -155
 1743 -154
 913 -153
 413 -152
 93 -151
 14 -150
 2 -149
 1 -148
 1 -147
 0 -146
 0 -145
 0 -144
 0 -143
 1 -142
 0 -141
 0 -140


