# Created by Octave 3.8.2, Sat Jun 20 03:04:46 2020 CEST <damian@fptrucha.inv.usc.es>
# name: hd
# type: matrix
# rows: 41
# columns: 2
 0 -180
 0 -179
 0 -178
 0 -177
 0 -176
 0 -175
 0 -174
 0 -173
 7 -172
 6 -171
 18 -170
 42 -169
 103 -168
 191 -167
 281 -166
 684 -165
 1607 -164
 2282 -163
 3426 -162
 3901 -161
 3909 -160
 3910 -159
 3372 -158
 3876 -157
 3783 -156
 3445 -155
 2378 -154
 985 -153
 506 -152
 104 -151
 23 -150
 6 -149
 2 -148
 1 -147
 0 -146
 0 -145
 0 -144
 0 -143
 0 -142
 0 -141
 0 -140


