# Created by Octave 3.8.2, Sat Jun 20 19:40:48 2020 CEST <damian@fptrucha.inv.usc.es>
# name: hd
# type: matrix
# rows: 41
# columns: 2
 0 -180
 1 -179
 1 -178
 0 -177
 0 -176
 2 -175
 3 -174
 0 -173
 3 -172
 3 -171
 13 -170
 48 -169
 101 -168
 181 -167
 289 -166
 595 -165
 1508 -164
 2073 -163
 3100 -162
 3528 -161
 3755 -160
 3666 -159
 2967 -158
 3390 -157
 3502 -156
 3109 -155
 2128 -154
 949 -153
 499 -152
 94 -151
 19 -150
 5 -149
 0 -148
 0 -147
 0 -146
 0 -145
 0 -144
 0 -143
 0 -142
 0 -141
 0 -140


