# Created by Octave 3.8.2, Sun Jun 21 01:55:51 2020 CEST <damian@fptrucha.inv.usc.es>
# name: hd
# type: matrix
# rows: 41
# columns: 2
 2 -180
 0 -179
 0 -178
 0 -177
 0 -176
 2 -175
 1 -174
 2 -173
 2 -172
 6 -171
 22 -170
 37 -169
 94 -168
 160 -167
 246 -166
 556 -165
 1423 -164
 1940 -163
 2942 -162
 3441 -161
 3523 -160
 3545 -159
 2938 -158
 3243 -157
 3280 -156
 2956 -155
 2141 -154
 931 -153
 470 -152
 97 -151
 24 -150
 7 -149
 1 -148
 1 -147
 0 -146
 0 -145
 0 -144
 0 -143
 2 -142
 0 -141
 0 -140


