# Created by Octave 3.8.2, Sun Jun 21 01:20:53 2020 CEST <damian@fptrucha.inv.usc.es>
# name: hd
# type: matrix
# rows: 41
# columns: 2
 1 -180
 1 -179
 1 -178
 0 -177
 0 -176
 0 -175
 1 -174
 0 -173
 3 -172
 2 -171
 15 -170
 54 -169
 75 -168
 168 -167
 263 -166
 600 -165
 1421 -164
 2088 -163
 3040 -162
 3523 -161
 3594 -160
 3460 -159
 3028 -158
 3346 -157
 3477 -156
 3003 -155
 2209 -154
 958 -153
 457 -152
 108 -151
 17 -150
 1 -149
 0 -148
 0 -147
 0 -146
 1 -145
 0 -144
 0 -143
 0 -142
 0 -141
 0 -140


