# Created by Octave 3.8.2, Sat Jun 20 05:01:42 2020 CEST <damian@fptrucha.inv.usc.es>
# name: hd
# type: matrix
# rows: 41
# columns: 2
 1 -180
 0 -179
 0 -178
 2 -177
 1 -176
 1 -175
 1 -174
 0 -173
 6 -172
 5 -171
 12 -170
 53 -169
 114 -168
 194 -167
 325 -166
 697 -165
 1695 -164
 2328 -163
 3471 -162
 3972 -161
 3979 -160
 3863 -159
 3394 -158
 3824 -157
 3727 -156
 3417 -155
 2298 -154
 1051 -153
 499 -152
 130 -151
 18 -150
 8 -149
 2 -148
 0 -147
 2 -146
 0 -145
 2 -144
 0 -143
 0 -142
 1 -141
 0 -140


