# Created by Octave 3.8.2, Mon Jun 22 04:42:36 2020 CEST <damian@fptrucha.inv.usc.es>
# name: hd
# type: matrix
# rows: 41
# columns: 2
 3 -180
 1 -179
 1 -178
 1 -177
 0 -176
 0 -175
 2 -174
 3 -173
 4 -172
 6 -171
 13 -170
 48 -169
 82 -168
 154 -167
 222 -166
 594 -165
 1217 -164
 1932 -163
 2945 -162
 3156 -161
 3268 -160
 2993 -159
 2894 -158
 3106 -157
 3095 -156
 2794 -155
 1813 -154
 951 -153
 436 -152
 98 -151
 21 -150
 5 -149
 1 -148
 1 -147
 0 -146
 0 -145
 0 -144
 0 -143
 0 -142
 2 -141
 0 -140


