# Created by Octave 3.8.2, Mon Jun 22 08:02:23 2020 CEST <damian@fptrucha.inv.usc.es>
# name: hd
# type: matrix
# rows: 41
# columns: 2
 1 -180
 2 -179
 1 -178
 0 -177
 1 -176
 2 -175
 1 -174
 1 -173
 2 -172
 8 -171
 30 -170
 49 -169
 123 -168
 203 -167
 329 -166
 823 -165
 1482 -164
 2231 -163
 3289 -162
 3443 -161
 3593 -160
 3155 -159
 2957 -158
 3342 -157
 3260 -156
 2763 -155
 1764 -154
 773 -153
 310 -152
 70 -151
 21 -150
 4 -149
 1 -148
 1 -147
 1 -146
 0 -145
 0 -144
 0 -143
 0 -142
 0 -141
 0 -140


