# Created by Octave 3.8.2, Mon Jun 22 08:54:50 2020 CEST <damian@fptrucha.inv.usc.es>
# name: hd
# type: matrix
# rows: 41
# columns: 2
 2 -180
 1 -179
 3 -178
 0 -177
 2 -176
 3 -175
 1 -174
 3 -173
 7 -172
 7 -171
 34 -170
 58 -169
 119 -168
 221 -167
 315 -166
 744 -165
 1507 -164
 2284 -163
 3205 -162
 3552 -161
 3450 -160
 3361 -159
 3044 -158
 3349 -157
 3415 -156
 2870 -155
 1751 -154
 834 -153
 326 -152
 70 -151
 14 -150
 3 -149
 1 -148
 0 -147
 0 -146
 0 -145
 1 -144
 0 -143
 0 -142
 0 -141
 0 -140


