# Created by Octave 3.8.2, Mon Jun 22 04:39:13 2020 CEST <damian@fptrucha.inv.usc.es>
# name: hd
# type: matrix
# rows: 41
# columns: 2
 1 -180
 1 -179
 0 -178
 0 -177
 1 -176
 0 -175
 1 -174
 5 -173
 2 -172
 6 -171
 18 -170
 41 -169
 77 -168
 156 -167
 242 -166
 617 -165
 1287 -164
 2013 -163
 2798 -162
 3274 -161
 3346 -160
 3010 -159
 2828 -158
 3211 -157
 3241 -156
 2730 -155
 1781 -154
 937 -153
 432 -152
 100 -151
 24 -150
 9 -149
 2 -148
 2 -147
 1 -146
 0 -145
 0 -144
 0 -143
 0 -142
 1 -141
 0 -140


