# Created by Octave 3.8.2, Sat Jun 20 23:20:49 2020 CEST <damian@fptrucha.inv.usc.es>
# name: hd
# type: matrix
# rows: 41
# columns: 2
 1 -180
 3 -179
 1 -178
 0 -177
 0 -176
 0 -175
 2 -174
 4 -173
 2 -172
 5 -171
 14 -170
 35 -169
 93 -168
 141 -167
 242 -166
 552 -165
 1514 -164
 2046 -163
 3168 -162
 3418 -161
 3704 -160
 3615 -159
 2927 -158
 3333 -157
 3286 -156
 3070 -155
 2143 -154
 941 -153
 422 -152
 109 -151
 24 -150
 3 -149
 0 -148
 0 -147
 0 -146
 1 -145
 0 -144
 0 -143
 0 -142
 0 -141
 0 -140


