# Created by Octave 3.8.2, Sun Jun 21 06:24:03 2020 CEST <damian@fptrucha.inv.usc.es>
# name: hd
# type: matrix
# rows: 41
# columns: 2
 2 -180
 0 -179
 2 -178
 0 -177
 1 -176
 1 -175
 3 -174
 0 -173
 0 -172
 2 -171
 11 -170
 42 -169
 105 -168
 165 -167
 247 -166
 509 -165
 1286 -164
 1980 -163
 2996 -162
 3304 -161
 3561 -160
 3492 -159
 2953 -158
 3260 -157
 3304 -156
 3094 -155
 2201 -154
 980 -153
 479 -152
 101 -151
 23 -150
 6 -149
 3 -148
 1 -147
 0 -146
 0 -145
 0 -144
 0 -143
 0 -142
 0 -141
 0 -140


