# Created by Octave 3.8.2, Sat Jun 20 07:50:19 2020 CEST <damian@fptrucha.inv.usc.es>
# name: hd
# type: matrix
# rows: 41
# columns: 2
 1 -180
 0 -179
 0 -178
 0 -177
 0 -176
 0 -175
 0 -174
 1 -173
 4 -172
 12 -171
 15 -170
 49 -169
 126 -168
 182 -167
 322 -166
 634 -165
 1746 -164
 2432 -163
 3648 -162
 4137 -161
 4224 -160
 4181 -159
 3471 -158
 3784 -157
 3879 -156
 3507 -155
 2407 -154
 1080 -153
 524 -152
 122 -151
 26 -150
 5 -149
 0 -148
 0 -147
 1 -146
 2 -145
 1 -144
 0 -143
 0 -142
 1 -141
 0 -140


