# Created by Octave 3.8.2, Mon Jun 22 10:17:35 2020 CEST <damian@fptrucha.inv.usc.es>
# name: hd
# type: matrix
# rows: 41
# columns: 2
 2 -180
 0 -179
 1 -178
 0 -177
 1 -176
 0 -175
 2 -174
 4 -173
 1 -172
 7 -171
 11 -170
 60 -169
 118 -168
 202 -167
 298 -166
 756 -165
 1609 -164
 2160 -163
 3199 -162
 3509 -161
 3655 -160
 3415 -159
 3055 -158
 3581 -157
 3399 -156
 2990 -155
 1816 -154
 843 -153
 344 -152
 61 -151
 13 -150
 7 -149
 0 -148
 0 -147
 1 -146
 0 -145
 0 -144
 0 -143
 0 -142
 0 -141
 0 -140


