# Created by Octave 3.8.2, Sat Jun 20 11:26:28 2020 CEST <damian@fptrucha.inv.usc.es>
# name: hd
# type: matrix
# rows: 41
# columns: 2
 0 -180
 0 -179
 0 -178
 0 -177
 1 -176
 2 -175
 2 -174
 3 -173
 1 -172
 5 -171
 16 -170
 49 -169
 118 -168
 203 -167
 324 -166
 689 -165
 1674 -164
 2360 -163
 3533 -162
 3904 -161
 3991 -160
 4014 -159
 3471 -158
 3803 -157
 3776 -156
 3323 -155
 2311 -154
 1015 -153
 453 -152
 129 -151
 20 -150
 8 -149
 4 -148
 1 -147
 1 -146
 0 -145
 0 -144
 1 -143
 1 -142
 1 -141
 0 -140


