# Created by Octave 3.8.2, Mon Jun 22 00:36:13 2020 CEST <damian@fptrucha.inv.usc.es>
# name: hd
# type: matrix
# rows: 41
# columns: 2
 1 -180
 0 -179
 1 -178
 0 -177
 0 -176
 1 -175
 2 -174
 0 -173
 3 -172
 6 -171
 12 -170
 37 -169
 86 -168
 172 -167
 255 -166
 505 -165
 1387 -164
 1921 -163
 3041 -162
 3468 -161
 3619 -160
 3553 -159
 2995 -158
 3407 -157
 3363 -156
 3130 -155
 2280 -154
 993 -153
 528 -152
 95 -151
 20 -150
 6 -149
 2 -148
 1 -147
 0 -146
 1 -145
 0 -144
 0 -143
 0 -142
 0 -141
 0 -140


