# Created by Octave 3.8.2, Mon Jun 22 01:26:03 2020 CEST <damian@fptrucha.inv.usc.es>
# name: hd
# type: matrix
# rows: 41
# columns: 2
 0 -180
 0 -179
 0 -178
 0 -177
 1 -176
 0 -175
 0 -174
 1 -173
 2 -172
 5 -171
 10 -170
 47 -169
 95 -168
 183 -167
 258 -166
 551 -165
 1355 -164
 1997 -163
 3026 -162
 3462 -161
 3639 -160
 3643 -159
 3013 -158
 3322 -157
 3292 -156
 3179 -155
 2197 -154
 1041 -153
 481 -152
 113 -151
 21 -150
 6 -149
 2 -148
 0 -147
 0 -146
 0 -145
 0 -144
 0 -143
 0 -142
 0 -141
 0 -140


