# Created by Octave 3.8.2, Sat Jun 20 04:38:02 2020 CEST <damian@fptrucha.inv.usc.es>
# name: hd
# type: matrix
# rows: 41
# columns: 2
 0 -180
 0 -179
 1 -178
 1 -177
 0 -176
 0 -175
 2 -174
 2 -173
 2 -172
 2 -171
 14 -170
 55 -169
 121 -168
 218 -167
 300 -166
 661 -165
 1679 -164
 2357 -163
 3519 -162
 3978 -161
 4066 -160
 3998 -159
 3394 -158
 3748 -157
 3822 -156
 3422 -155
 2424 -154
 1047 -153
 495 -152
 121 -151
 24 -150
 4 -149
 2 -148
 0 -147
 0 -146
 0 -145
 1 -144
 0 -143
 0 -142
 0 -141
 0 -140


