# Created by Octave 3.8.2, Sat Jun 20 03:27:55 2020 CEST <damian@fptrucha.inv.usc.es>
# name: hd
# type: matrix
# rows: 41
# columns: 2
 0 -180
 1 -179
 1 -178
 1 -177
 0 -176
 0 -175
 1 -174
 2 -173
 2 -172
 3 -171
 16 -170
 63 -169
 105 -168
 200 -167
 281 -166
 658 -165
 1643 -164
 2218 -163
 3498 -162
 3991 -161
 3828 -160
 3926 -159
 3313 -158
 3810 -157
 3730 -156
 3334 -155
 2323 -154
 1064 -153
 510 -152
 103 -151
 31 -150
 7 -149
 1 -148
 2 -147
 0 -146
 0 -145
 1 -144
 0 -143
 0 -142
 0 -141
 0 -140


