# Created by Octave 3.8.2, Mon Jun 22 11:50:27 2020 CEST <damian@fptrucha.inv.usc.es>
# name: hd
# type: matrix
# rows: 41
# columns: 2
 0 -180
 1 -179
 0 -178
 1 -177
 1 -176
 1 -175
 0 -174
 3 -173
 2 -172
 5 -171
 16 -170
 55 -169
 128 -168
 210 -167
 302 -166
 759 -165
 1470 -164
 2294 -163
 3264 -162
 3514 -161
 3564 -160
 3204 -159
 3146 -158
 3442 -157
 3457 -156
 2960 -155
 1710 -154
 862 -153
 355 -152
 69 -151
 20 -150
 4 -149
 0 -148
 1 -147
 0 -146
 0 -145
 0 -144
 0 -143
 0 -142
 0 -141
 0 -140


