# Created by Octave 3.8.2, Mon Jun 22 18:05:20 2020 CEST <damian@fptrucha.inv.usc.es>
# name: hd
# type: matrix
# rows: 41
# columns: 2
 2 -180
 2 -179
 0 -178
 0 -177
 0 -176
 1 -175
 1 -174
 2 -173
 4 -172
 0 -171
 1 -170
 4 -169
 2 -168
 8 -167
 10 -166
 118 -165
 477 -164
 1301 -163
 1768 -162
 3113 -161
 3806 -160
 3984 -159
 3853 -158
 2725 -157
 3874 -156
 3811 -155
 3546 -154
 2472 -153
 1030 -152
 702 -151
 141 -150
 1 -149
 0 -148
 0 -147
 0 -146
 0 -145
 0 -144
 0 -143
 0 -142
 0 -141
 0 -140


