# Created by Octave 3.8.2, Sun Jun 21 03:14:00 2020 CEST <damian@fptrucha.inv.usc.es>
# name: hd
# type: matrix
# rows: 41
# columns: 2
 2 -180
 0 -179
 0 -178
 1 -177
 0 -176
 2 -175
 1 -174
 0 -173
 0 -172
 1 -171
 2 -170
 1 -169
 3 -168
 4 -167
 9 -166
 58 -165
 354 -164
 1036 -163
 1624 -162
 2714 -161
 3454 -160
 3695 -159
 3705 -158
 2777 -157
 3596 -156
 3541 -155
 3315 -154
 2643 -153
 1138 -152
 819 -151
 204 -150
 16 -149
 0 -148
 0 -147
 0 -146
 0 -145
 0 -144
 0 -143
 0 -142
 0 -141
 0 -140


