# Created by Octave 3.8.2, Sun Jun 21 00:08:46 2020 CEST <damian@fptrucha.inv.usc.es>
# name: hd
# type: matrix
# rows: 41
# columns: 2
 0 -180
 0 -179
 0 -178
 0 -177
 0 -176
 1 -175
 0 -174
 1 -173
 2 -172
 0 -171
 0 -170
 1 -169
 3 -168
 2 -167
 11 -166
 49 -165
 325 -164
 1099 -163
 1567 -162
 2743 -161
 3334 -160
 3635 -159
 3617 -158
 2953 -157
 3675 -156
 3556 -155
 3349 -154
 2563 -153
 1201 -152
 803 -151
 223 -150
 15 -149
 0 -148
 0 -147
 0 -146
 0 -145
 0 -144
 0 -143
 0 -142
 0 -141
 0 -140


