# Created by Octave 3.8.2, Mon Jun 22 03:54:45 2020 CEST <damian@fptrucha.inv.usc.es>
# name: hd
# type: matrix
# rows: 41
# columns: 2
 2 -180
 3 -179
 3 -178
 0 -177
 4 -176
 2 -175
 4 -174
 2 -173
 0 -172
 5 -171
 4 -170
 6 -169
 6 -168
 4 -167
 13 -166
 95 -165
 444 -164
 1218 -163
 1601 -162
 2950 -161
 3334 -160
 3655 -159
 3551 -158
 2623 -157
 3463 -156
 3548 -155
 3226 -154
 2290 -153
 888 -152
 649 -151
 145 -150
 5 -149
 0 -148
 0 -147
 0 -146
 0 -145
 0 -144
 0 -143
 0 -142
 0 -141
 0 -140


