# Created by Octave 3.8.2, Sat Jun 20 11:27:58 2020 CEST <damian@fptrucha.inv.usc.es>
# name: hd
# type: matrix
# rows: 41
# columns: 2
 0 -180
 0 -179
 1 -178
 0 -177
 0 -176
 0 -175
 3 -174
 0 -173
 1 -172
 0 -171
 2 -170
 3 -169
 0 -168
 1 -167
 13 -166
 65 -165
 378 -164
 1177 -163
 1776 -162
 3142 -161
 3826 -160
 4123 -159
 4210 -158
 3273 -157
 4014 -156
 4048 -155
 3887 -154
 2965 -153
 1317 -152
 895 -151
 258 -150
 16 -149
 0 -148
 0 -147
 0 -146
 0 -145
 0 -144
 0 -143
 0 -142
 0 -141
 0 -140


