# Created by Octave 3.8.2, Mon Jun 22 15:17:17 2020 CEST <damian@fptrucha.inv.usc.es>
# name: hd
# type: matrix
# rows: 41
# columns: 2
 1 -180
 1 -179
 4 -178
 1 -177
 2 -176
 0 -175
 3 -174
 1 -173
 3 -172
 1 -171
 1 -170
 3 -169
 7 -168
 4 -167
 15 -166
 94 -165
 503 -164
 1269 -163
 1675 -162
 3221 -161
 3682 -160
 3958 -159
 3777 -158
 2828 -157
 3916 -156
 3789 -155
 3518 -154
 2627 -153
 1071 -152
 788 -151
 179 -150
 8 -149
 0 -148
 0 -147
 0 -146
 0 -145
 0 -144
 0 -143
 0 -142
 0 -141
 0 -140


