# Created by Octave 3.8.2, Sat Jun 20 16:32:44 2020 CEST <damian@fptrucha.inv.usc.es>
# name: hd
# type: matrix
# rows: 41
# columns: 2
 0 -180
 1 -179
 0 -178
 0 -177
 0 -176
 1 -175
 0 -174
 2 -173
 0 -172
 0 -171
 1 -170
 0 -169
 3 -168
 4 -167
 5 -166
 72 -165
 333 -164
 1096 -163
 1593 -162
 2919 -161
 3507 -160
 3874 -159
 3778 -158
 2986 -157
 3690 -156
 3775 -155
 3424 -154
 2626 -153
 1320 -152
 823 -151
 230 -150
 17 -149
 0 -148
 0 -147
 0 -146
 0 -145
 0 -144
 0 -143
 0 -142
 0 -141
 0 -140


