# Created by Octave 3.8.2, Sat Jun 20 12:33:53 2020 CEST <damian@fptrucha.inv.usc.es>
# name: hd
# type: matrix
# rows: 41
# columns: 2
 1 -180
 1 -179
 0 -178
 1 -177
 0 -176
 0 -175
 0 -174
 0 -173
 2 -172
 0 -171
 2 -170
 3 -169
 5 -168
 9 -167
 11 -166
 68 -165
 355 -164
 1192 -163
 1733 -162
 3059 -161
 3797 -160
 4178 -159
 3992 -158
 3190 -157
 4056 -156
 4045 -155
 3677 -154
 2857 -153
 1375 -152
 849 -151
 248 -150
 12 -149
 0 -148
 0 -147
 0 -146
 0 -145
 0 -144
 0 -143
 0 -142
 0 -141
 0 -140


