# Created by Octave 3.8.2, Mon Jun 22 09:29:13 2020 CEST <damian@fptrucha.inv.usc.es>
# name: hd
# type: matrix
# rows: 41
# columns: 2
 2 -180
 3 -179
 4 -178
 0 -177
 1 -176
 3 -175
 1 -174
 5 -173
 2 -172
 3 -171
 5 -170
 6 -169
 8 -168
 9 -167
 8 -166
 89 -165
 476 -164
 1190 -163
 1644 -162
 2906 -161
 3586 -160
 3714 -159
 3577 -158
 2569 -157
 3560 -156
 3654 -155
 3222 -154
 2403 -153
 1046 -152
 644 -151
 164 -150
 6 -149
 0 -148
 0 -147
 0 -146
 0 -145
 0 -144
 0 -143
 0 -142
 0 -141
 0 -140


