# Created by Octave 3.8.2, Mon Jun 22 11:31:03 2020 CEST <damian@fptrucha.inv.usc.es>
# name: hd
# type: matrix
# rows: 41
# columns: 2
 4 -180
 1 -179
 3 -178
 3 -177
 5 -176
 3 -175
 1 -174
 0 -173
 3 -172
 4 -171
 3 -170
 10 -169
 6 -168
 7 -167
 6 -166
 99 -165
 473 -164
 1319 -163
 1640 -162
 3054 -161
 3622 -160
 3823 -159
 3815 -158
 2676 -157
 3679 -156
 3626 -155
 3393 -154
 2356 -153
 983 -152
 699 -151
 153 -150
 9 -149
 0 -148
 0 -147
 0 -146
 0 -145
 0 -144
 0 -143
 0 -142
 0 -141
 0 -140


