# Created by Octave 3.8.2, Sat Jun 20 16:28:46 2020 CEST <damian@fptrucha.inv.usc.es>
# name: hd
# type: matrix
# rows: 41
# columns: 2
 1 -180
 0 -179
 0 -178
 0 -177
 0 -176
 0 -175
 0 -174
 0 -173
 0 -172
 0 -171
 2 -170
 2 -169
 2 -168
 1 -167
 3 -166
 45 -165
 226 -164
 748 -163
 1097 -162
 1967 -161
 2241 -160
 2457 -159
 2482 -158
 1944 -157
 2524 -156
 2395 -155
 2313 -154
 1775 -153
 846 -152
 561 -151
 136 -150
 8 -149
 0 -148
 0 -147
 0 -146
 0 -145
 0 -144
 0 -143
 0 -142
 0 -141
 0 -140


