# Created by Octave 3.8.2, Sun Jun 21 07:06:22 2020 CEST <damian@fptrucha.inv.usc.es>
# name: hd
# type: matrix
# rows: 41
# columns: 2
 1 -180
 2 -179
 2 -178
 0 -177
 1 -176
 1 -175
 0 -174
 2 -173
 0 -172
 1 -171
 0 -170
 4 -169
 1 -168
 7 -167
 5 -166
 58 -165
 332 -164
 1070 -163
 1592 -162
 2814 -161
 3567 -160
 3718 -159
 3698 -158
 2927 -157
 3702 -156
 3699 -155
 3416 -154
 2686 -153
 1271 -152
 841 -151
 221 -150
 13 -149
 0 -148
 0 -147
 0 -146
 0 -145
 0 -144
 0 -143
 0 -142
 0 -141
 0 -140


