# Created by Octave 3.8.2, Mon Jun 22 15:29:11 2020 CEST <damian@fptrucha.inv.usc.es>
# name: hd
# type: matrix
# rows: 41
# columns: 2
 0 -180
 0 -179
 0 -178
 2 -177
 0 -176
 3 -175
 0 -174
 2 -173
 0 -172
 3 -171
 1 -170
 5 -169
 5 -168
 2 -167
 13 -166
 116 -165
 444 -164
 1411 -163
 1738 -162
 3128 -161
 3818 -160
 4027 -159
 3825 -158
 2888 -157
 3678 -156
 3911 -155
 3526 -154
 2682 -153
 1048 -152
 752 -151
 170 -150
 10 -149
 0 -148
 0 -147
 0 -146
 0 -145
 0 -144
 0 -143
 0 -142
 0 -141
 0 -140


