# Created by Octave 3.8.2, Sat Jun 20 02:47:02 2020 CEST <damian@fptrucha.inv.usc.es>
# name: hd
# type: matrix
# rows: 41
# columns: 2
 0 -180
 0 -179
 0 -178
 0 -177
 1 -176
 0 -175
 1 -174
 1 -173
 0 -172
 0 -171
 1 -170
 3 -169
 0 -168
 1 -167
 9 -166
 47 -165
 260 -164
 799 -163
 1224 -162
 2019 -161
 2513 -160
 2651 -159
 2689 -158
 2138 -157
 2694 -156
 2633 -155
 2410 -154
 1903 -153
 888 -152
 579 -151
 148 -150
 5 -149
 0 -148
 0 -147
 0 -146
 0 -145
 0 -144
 0 -143
 0 -142
 0 -141
 0 -140


