# Created by Octave 3.8.2, Mon Jun 22 16:26:40 2020 CEST <damian@fptrucha.inv.usc.es>
# name: hd
# type: matrix
# rows: 41
# columns: 2
 3 -180
 1 -179
 2 -178
 0 -177
 3 -176
 1 -175
 2 -174
 2 -173
 1 -172
 0 -171
 4 -170
 2 -169
 13 -168
 2 -167
 20 -166
 98 -165
 489 -164
 1366 -163
 1641 -162
 3046 -161
 3698 -160
 3931 -159
 3961 -158
 2774 -157
 3859 -156
 3907 -155
 3488 -154
 2485 -153
 985 -152
 752 -151
 147 -150
 4 -149
 0 -148
 0 -147
 0 -146
 0 -145
 0 -144
 0 -143
 0 -142
 0 -141
 0 -140


