# Created by Octave 3.8.2, Mon Jun 22 23:25:35 2020 CEST <damian@fptrucha.inv.usc.es>
# name: hd
# type: matrix
# rows: 41
# columns: 2
 0 -180
 1 -179
 0 -178
 2 -177
 1 -176
 0 -175
 0 -174
 3 -173
 0 -172
 2 -171
 0 -170
 1 -169
 4 -168
 3 -167
 3 -166
 49 -165
 278 -164
 858 -163
 1170 -162
 2053 -161
 2456 -160
 2675 -159
 2619 -158
 2062 -157
 2561 -156
 2599 -155
 2314 -154
 1895 -153
 871 -152
 544 -151
 150 -150
 8 -149
 0 -148
 0 -147
 0 -146
 0 -145
 0 -144
 0 -143
 0 -142
 0 -141
 0 -140


