# Created by Octave 3.8.2, Mon Jun 22 11:53:13 2020 CEST <damian@fptrucha.inv.usc.es>
# name: hd
# type: matrix
# rows: 41
# columns: 2
 2 -180
 1 -179
 0 -178
 3 -177
 3 -176
 2 -175
 5 -174
 2 -173
 0 -172
 0 -171
 4 -170
 6 -169
 5 -168
 7 -167
 10 -166
 103 -165
 445 -164
 1344 -163
 1541 -162
 3004 -161
 3640 -160
 3861 -159
 3696 -158
 2710 -157
 3585 -156
 3671 -155
 3281 -154
 2483 -153
 1029 -152
 722 -151
 145 -150
 2 -149
 0 -148
 0 -147
 0 -146
 0 -145
 0 -144
 0 -143
 0 -142
 0 -141
 0 -140


