# Created by Octave 3.8.2, Mon Jun 22 06:44:07 2020 CEST <damian@fptrucha.inv.usc.es>
# name: hd
# type: matrix
# rows: 41
# columns: 2
 3 -180
 1 -179
 5 -178
 1 -177
 6 -176
 1 -175
 4 -174
 3 -173
 2 -172
 5 -171
 1 -170
 1 -169
 4 -168
 6 -167
 12 -166
 115 -165
 481 -164
 1237 -163
 1615 -162
 2945 -161
 3317 -160
 3550 -159
 3536 -158
 2634 -157
 3489 -156
 3410 -155
 3204 -154
 2225 -153
 938 -152
 648 -151
 150 -150
 2 -149
 0 -148
 0 -147
 0 -146
 0 -145
 0 -144
 0 -143
 0 -142
 0 -141
 0 -140


