# Created by Octave 3.8.2, Sat Jun 20 22:53:57 2020 CEST <damian@fptrucha.inv.usc.es>
# name: hd
# type: matrix
# rows: 41
# columns: 2
 1 -180
 1 -179
 1 -178
 0 -177
 0 -176
 2 -175
 0 -174
 0 -173
 0 -172
 0 -171
 1 -170
 4 -169
 1 -168
 2 -167
 1 -166
 54 -165
 337 -164
 1037 -163
 1603 -162
 2719 -161
 3457 -160
 3594 -159
 3603 -158
 2902 -157
 3538 -156
 3588 -155
 3314 -154
 2690 -153
 1175 -152
 806 -151
 205 -150
 13 -149
 0 -148
 0 -147
 1 -146
 0 -145
 0 -144
 0 -143
 0 -142
 0 -141
 0 -140


