# Created by Octave 3.8.2, Mon Jun 22 19:54:18 2020 CEST <damian@fptrucha.inv.usc.es>
# name: hd
# type: matrix
# rows: 41
# columns: 2
 0 -180
 0 -179
 2 -178
 1 -177
 2 -176
 2 -175
 0 -174
 2 -173
 2 -172
 2 -171
 4 -170
 5 -169
 7 -168
 10 -167
 15 -166
 112 -165
 497 -164
 1364 -163
 1786 -162
 3072 -161
 3881 -160
 3916 -159
 3840 -158
 2958 -157
 4047 -156
 3966 -155
 3617 -154
 2503 -153
 1037 -152
 713 -151
 163 -150
 6 -149
 0 -148
 0 -147
 0 -146
 0 -145
 0 -144
 0 -143
 0 -142
 0 -141
 0 -140


