# Created by Octave 3.8.2, Mon Jun 22 13:26:46 2020 CEST <damian@fptrucha.inv.usc.es>
# name: hd
# type: matrix
# rows: 41
# columns: 2
 4 -180
 4 -179
 2 -178
 1 -177
 1 -176
 1 -175
 0 -174
 1 -173
 2 -172
 3 -171
 3 -170
 6 -169
 6 -168
 7 -167
 14 -166
 100 -165
 453 -164
 1391 -163
 1679 -162
 3007 -161
 3790 -160
 3909 -159
 3886 -158
 2673 -157
 3771 -156
 3817 -155
 3351 -154
 2442 -153
 989 -152
 678 -151
 167 -150
 7 -149
 0 -148
 0 -147
 0 -146
 0 -145
 0 -144
 0 -143
 0 -142
 0 -141
 0 -140


