# Created by Octave 3.8.2, Mon Jun 22 18:16:10 2020 CEST <damian@fptrucha.inv.usc.es>
# name: hd
# type: matrix
# rows: 41
# columns: 2
 1 -180
 0 -179
 0 -178
 1 -177
 4 -176
 1 -175
 0 -174
 2 -173
 2 -172
 3 -171
 2 -170
 6 -169
 5 -168
 3 -167
 8 -166
 62 -165
 329 -164
 934 -163
 1167 -162
 2015 -161
 2575 -160
 2759 -159
 2555 -158
 1844 -157
 2604 -156
 2613 -155
 2328 -154
 1661 -153
 674 -152
 493 -151
 127 -150
 1 -149
 0 -148
 0 -147
 0 -146
 0 -145
 0 -144
 0 -143
 0 -142
 0 -141
 0 -140


