# Created by Octave 3.8.2, Sun Jun 21 01:06:00 2020 CEST <damian@fptrucha.inv.usc.es>
# name: hd
# type: matrix
# rows: 41
# columns: 2
 1 -180
 0 -179
 0 -178
 0 -177
 0 -176
 0 -175
 2 -174
 0 -173
 2 -172
 0 -171
 2 -170
 2 -169
 7 -168
 5 -167
 5 -166
 59 -165
 344 -164
 1021 -163
 1581 -162
 2805 -161
 3403 -160
 3656 -159
 3614 -158
 2759 -157
 3580 -156
 3595 -155
 3313 -154
 2491 -153
 1131 -152
 767 -151
 188 -150
 18 -149
 0 -148
 0 -147
 0 -146
 0 -145
 0 -144
 0 -143
 0 -142
 0 -141
 0 -140


