# Created by Octave 3.8.2, Mon Jun 22 04:57:10 2020 CEST <damian@fptrucha.inv.usc.es>
# name: hd
# type: matrix
# rows: 41
# columns: 2
 3 -180
 1 -179
 1 -178
 1 -177
 0 -176
 4 -175
 0 -174
 1 -173
 0 -172
 0 -171
 2 -170
 6 -169
 4 -168
 4 -167
 11 -166
 99 -165
 440 -164
 1239 -163
 1562 -162
 2762 -161
 3426 -160
 3494 -159
 3338 -158
 2491 -157
 3401 -156
 3395 -155
 2927 -154
 2119 -153
 868 -152
 587 -151
 132 -150
 2 -149
 0 -148
 0 -147
 0 -146
 0 -145
 0 -144
 0 -143
 0 -142
 0 -141
 0 -140


