# Created by Octave 3.8.2, Sat Jun 20 04:10:11 2020 CEST <damian@fptrucha.inv.usc.es>
# name: hd
# type: matrix
# rows: 41
# columns: 2
 0 -180
 0 -179
 0 -178
 0 -177
 1 -176
 1 -175
 0 -174
 1 -173
 1 -172
 0 -171
 2 -170
 6 -169
 3 -168
 2 -167
 15 -166
 87 -165
 381 -164
 1271 -163
 1852 -162
 3166 -161
 3959 -160
 4200 -159
 4175 -158
 3210 -157
 4145 -156
 4112 -155
 3811 -154
 2973 -153
 1376 -152
 921 -151
 231 -150
 16 -149
 0 -148
 0 -147
 0 -146
 0 -145
 0 -144
 0 -143
 0 -142
 0 -141
 0 -140


