# Created by Octave 3.8.2, Sat Jun 20 17:22:56 2020 CEST <damian@fptrucha.inv.usc.es>
# name: hd
# type: matrix
# rows: 41
# columns: 2
 1 -180
 0 -179
 1 -178
 0 -177
 0 -176
 0 -175
 0 -174
 0 -173
 1 -172
 1 -171
 2 -170
 0 -169
 2 -168
 3 -167
 7 -166
 72 -165
 309 -164
 1097 -163
 1584 -162
 2874 -161
 3608 -160
 3811 -159
 3811 -158
 2960 -157
 3640 -156
 3737 -155
 3477 -154
 2626 -153
 1199 -152
 842 -151
 201 -150
 17 -149
 0 -148
 0 -147
 0 -146
 0 -145
 0 -144
 0 -143
 0 -142
 0 -141
 0 -140


