# Created by Octave 3.8.2, Sun Jun 21 05:41:15 2020 CEST <damian@fptrucha.inv.usc.es>
# name: hd
# type: matrix
# rows: 41
# columns: 2
 1 -180
 0 -179
 0 -178
 2 -177
 1 -176
 0 -175
 0 -174
 3 -173
 2 -172
 0 -171
 5 -170
 0 -169
 3 -168
 3 -167
 11 -166
 50 -165
 297 -164
 1042 -163
 1566 -162
 2764 -161
 3420 -160
 3624 -159
 3510 -158
 2838 -157
 3658 -156
 3617 -155
 3312 -154
 2629 -153
 1206 -152
 812 -151
 202 -150
 15 -149
 0 -148
 0 -147
 0 -146
 0 -145
 0 -144
 0 -143
 0 -142
 0 -141
 0 -140


