# Created by Octave 3.8.2, Sat Jun 20 21:10:52 2020 CEST <damian@fptrucha.inv.usc.es>
# name: hd
# type: matrix
# rows: 41
# columns: 2
 1 -180
 0 -179
 0 -178
 1 -177
 3 -176
 0 -175
 0 -174
 2 -173
 0 -172
 1 -171
 1 -170
 4 -169
 1 -168
 3 -167
 7 -166
 50 -165
 311 -164
 1030 -163
 1671 -162
 2850 -161
 3465 -160
 3751 -159
 3676 -158
 2908 -157
 3708 -156
 3691 -155
 3366 -154
 2687 -153
 1225 -152
 781 -151
 206 -150
 14 -149
 0 -148
 0 -147
 0 -146
 0 -145
 0 -144
 0 -143
 0 -142
 0 -141
 0 -140


