# Created by Octave 3.8.2, Mon Jun 22 16:10:27 2020 CEST <damian@fptrucha.inv.usc.es>
# name: hd
# type: matrix
# rows: 41
# columns: 2
 2 -180
 4 -179
 2 -178
 0 -177
 2 -176
 0 -175
 1 -174
 1 -173
 1 -172
 3 -171
 3 -170
 4 -169
 2 -168
 3 -167
 15 -166
 106 -165
 484 -164
 1404 -163
 1698 -162
 3163 -161
 3775 -160
 4035 -159
 3826 -158
 2780 -157
 4000 -156
 3859 -155
 3591 -154
 2577 -153
 980 -152
 781 -151
 157 -150
 6 -149
 0 -148
 0 -147
 0 -146
 0 -145
 0 -144
 0 -143
 0 -142
 0 -141
 0 -140


