# Created by Octave 3.8.2, Sat Jun 20 20:08:46 2020 CEST <damian@fptrucha.inv.usc.es>
# name: hd
# type: matrix
# rows: 41
# columns: 2
 1 -180
 1 -179
 1 -178
 0 -177
 1 -176
 0 -175
 0 -174
 1 -173
 0 -172
 5 -171
 1 -170
 0 -169
 0 -168
 4 -167
 8 -166
 46 -165
 333 -164
 1082 -163
 1542 -162
 2780 -161
 3510 -160
 3796 -159
 3833 -158
 2960 -157
 3667 -156
 3585 -155
 3434 -154
 2623 -153
 1247 -152
 819 -151
 190 -150
 17 -149
 0 -148
 0 -147
 0 -146
 0 -145
 0 -144
 0 -143
 0 -142
 0 -141
 0 -140


