# Created by Octave 3.8.2, Sat Jun 20 20:49:24 2020 CEST <damian@fptrucha.inv.usc.es>
# name: hd
# type: matrix
# rows: 41
# columns: 2
 0 -180
 1 -179
 1 -178
 2 -177
 0 -176
 0 -175
 1 -174
 1 -173
 2 -172
 2 -171
 3 -170
 2 -169
 2 -168
 3 -167
 5 -166
 49 -165
 297 -164
 1088 -163
 1552 -162
 2678 -161
 3385 -160
 3681 -159
 3652 -158
 2974 -157
 3594 -156
 3623 -155
 3426 -154
 2547 -153
 1210 -152
 867 -151
 207 -150
 17 -149
 0 -148
 0 -147
 0 -146
 0 -145
 0 -144
 0 -143
 0 -142
 0 -141
 0 -140


