# Created by Octave 3.8.2, Mon Jun 22 03:52:47 2020 CEST <damian@fptrucha.inv.usc.es>
# name: hd
# type: matrix
# rows: 41
# columns: 2
 2 -180
 1 -179
 1 -178
 3 -177
 1 -176
 1 -175
 1 -174
 4 -173
 2 -172
 7 -171
 4 -170
 5 -169
 8 -168
 7 -167
 16 -166
 127 -165
 477 -164
 1266 -163
 1612 -162
 2783 -161
 3382 -160
 3575 -159
 3482 -158
 2585 -157
 3424 -156
 3499 -155
 3165 -154
 2324 -153
 878 -152
 660 -151
 139 -150
 4 -149
 0 -148
 0 -147
 0 -146
 0 -145
 0 -144
 0 -143
 0 -142
 0 -141
 0 -140


