# Created by Octave 3.8.2, Sat Jun 20 18:52:29 2020 CEST <damian@fptrucha.inv.usc.es>
# name: hd
# type: matrix
# rows: 41
# columns: 2
 0 -180
 0 -179
 1 -178
 1 -177
 1 -176
 1 -175
 1 -174
 1 -173
 1 -172
 1 -171
 1 -170
 1 -169
 2 -168
 6 -167
 10 -166
 68 -165
 336 -164
 1107 -163
 1663 -162
 2980 -161
 3386 -160
 3746 -159
 3682 -158
 2853 -157
 3754 -156
 3649 -155
 3501 -154
 2804 -153
 1269 -152
 829 -151
 219 -150
 25 -149
 0 -148
 0 -147
 0 -146
 0 -145
 0 -144
 1 -143
 0 -142
 0 -141
 0 -140


