# Created by Octave 3.8.2, Mon Jun 22 20:41:50 2020 CEST <damian@fptrucha.inv.usc.es>
# name: hd
# type: matrix
# rows: 41
# columns: 2
 3 -180
 2 -179
 1 -178
 1 -177
 1 -176
 1 -175
 5 -174
 1 -173
 1 -172
 1 -171
 4 -170
 7 -169
 2 -168
 5 -167
 13 -166
 97 -165
 492 -164
 1365 -163
 1789 -162
 3158 -161
 3898 -160
 3974 -159
 3868 -158
 2875 -157
 4023 -156
 3916 -155
 3565 -154
 2575 -153
 1115 -152
 720 -151
 160 -150
 3 -149
 0 -148
 0 -147
 0 -146
 0 -145
 0 -144
 0 -143
 0 -142
 0 -141
 0 -140


