# Created by Octave 3.8.2, Sat Jun 20 17:20:18 2020 CEST <damian@fptrucha.inv.usc.es>
# name: hd
# type: matrix
# rows: 41
# columns: 2
 1 -180
 0 -179
 0 -178
 1 -177
 0 -176
 0 -175
 0 -174
 2 -173
 0 -172
 1 -171
 2 -170
 2 -169
 8 -168
 4 -167
 6 -166
 53 -165
 343 -164
 1117 -163
 1678 -162
 2939 -161
 3548 -160
 3719 -159
 3739 -158
 2870 -157
 3751 -156
 3720 -155
 3519 -154
 2694 -153
 1234 -152
 803 -151
 239 -150
 12 -149
 0 -148
 0 -147
 0 -146
 0 -145
 0 -144
 0 -143
 0 -142
 0 -141
 0 -140


