# Created by Octave 3.8.2, Sat Jun 20 10:38:49 2020 CEST <damian@fptrucha.inv.usc.es>
# name: hd
# type: matrix
# rows: 41
# columns: 2
 0 -180
 0 -179
 0 -178
 0 -177
 1 -176
 1 -175
 0 -174
 1 -173
 1 -172
 4 -171
 1 -170
 2 -169
 3 -168
 5 -167
 9 -166
 61 -165
 384 -164
 1215 -163
 1806 -162
 3184 -161
 3952 -160
 4315 -159
 4144 -158
 3205 -157
 4062 -156
 4085 -155
 3822 -154
 2823 -153
 1478 -152
 944 -151
 230 -150
 18 -149
 0 -148
 0 -147
 0 -146
 0 -145
 0 -144
 0 -143
 0 -142
 0 -141
 0 -140


