# Created by Octave 3.8.2, Sun Jun 21 00:15:58 2020 CEST <damian@fptrucha.inv.usc.es>
# name: hd
# type: matrix
# rows: 41
# columns: 2
 0 -180
 0 -179
 1 -178
 0 -177
 1 -176
 1 -175
 0 -174
 0 -173
 1 -172
 1 -171
 3 -170
 2 -169
 2 -168
 4 -167
 4 -166
 53 -165
 338 -164
 1021 -163
 1518 -162
 2786 -161
 3374 -160
 3703 -159
 3658 -158
 2850 -157
 3631 -156
 3659 -155
 3266 -154
 2609 -153
 1286 -152
 783 -151
 217 -150
 11 -149
 0 -148
 0 -147
 0 -146
 0 -145
 0 -144
 0 -143
 0 -142
 0 -141
 0 -140


