# Created by Octave 3.8.2, Sat Jun 20 23:11:49 2020 CEST <damian@fptrucha.inv.usc.es>
# name: hd
# type: matrix
# rows: 41
# columns: 2
 1 -180
 0 -179
 0 -178
 0 -177
 0 -176
 1 -175
 0 -174
 0 -173
 0 -172
 1 -171
 1 -170
 5 -169
 2 -168
 1 -167
 8 -166
 67 -165
 382 -164
 1103 -163
 1625 -162
 2782 -161
 3502 -160
 3682 -159
 3686 -158
 2900 -157
 3653 -156
 3703 -155
 3363 -154
 2596 -153
 1197 -152
 810 -151
 229 -150
 10 -149
 0 -148
 0 -147
 0 -146
 0 -145
 0 -144
 0 -143
 0 -142
 0 -141
 0 -140


