# Created by Octave 3.8.2, Sun Jun 21 00:49:43 2020 CEST <damian@fptrucha.inv.usc.es>
# name: hd
# type: matrix
# rows: 41
# columns: 2
 0 -180
 0 -179
 0 -178
 1 -177
 0 -176
 2 -175
 0 -174
 0 -173
 0 -172
 2 -171
 3 -170
 6 -169
 3 -168
 7 -167
 5 -166
 61 -165
 347 -164
 1108 -163
 1588 -162
 2790 -161
 3449 -160
 3641 -159
 3582 -158
 2900 -157
 3562 -156
 3587 -155
 3319 -154
 2605 -153
 1276 -152
 800 -151
 248 -150
 16 -149
 0 -148
 0 -147
 0 -146
 0 -145
 0 -144
 0 -143
 0 -142
 0 -141
 0 -140


