# Created by Octave 3.8.2, Mon Jun 22 22:13:14 2020 CEST <damian@fptrucha.inv.usc.es>
# name: hd
# type: matrix
# rows: 41
# columns: 2
 1 -180
 0 -179
 1 -178
 3 -177
 2 -176
 5 -175
 1 -174
 1 -173
 1 -172
 2 -171
 3 -170
 4 -169
 6 -168
 6 -167
 13 -166
 81 -165
 408 -164
 1165 -163
 1794 -162
 3140 -161
 3803 -160
 3995 -159
 4031 -158
 3158 -157
 3926 -156
 3936 -155
 3518 -154
 2742 -153
 1233 -152
 836 -151
 218 -150
 12 -149
 0 -148
 0 -147
 0 -146
 0 -145
 0 -144
 0 -143
 0 -142
 0 -141
 0 -140


