# Created by Octave 3.8.2, Mon Jun 22 21:26:44 2020 CEST <damian@fptrucha.inv.usc.es>
# name: hd
# type: matrix
# rows: 41
# columns: 2
 2 -180
 2 -179
 1 -178
 2 -177
 0 -176
 0 -175
 1 -174
 0 -173
 1 -172
 2 -171
 0 -170
 3 -169
 6 -168
 5 -167
 23 -166
 105 -165
 524 -164
 1386 -163
 1801 -162
 3177 -161
 3914 -160
 4086 -159
 3947 -158
 2928 -157
 3826 -156
 3993 -155
 3545 -154
 2507 -153
 1016 -152
 733 -151
 168 -150
 4 -149
 0 -148
 0 -147
 0 -146
 0 -145
 0 -144
 0 -143
 0 -142
 0 -141
 0 -140


