# Created by Octave 3.8.2, Mon Jun 22 17:16:12 2020 CEST <damian@fptrucha.inv.usc.es>
# name: hd
# type: matrix
# rows: 41
# columns: 2
 2 -180
 2 -179
 2 -178
 0 -177
 1 -176
 0 -175
 1 -174
 0 -173
 3 -172
 6 -171
 3 -170
 1 -169
 4 -168
 9 -167
 9 -166
 112 -165
 476 -164
 1416 -163
 1789 -162
 3138 -161
 3764 -160
 4140 -159
 3986 -158
 2826 -157
 3810 -156
 3933 -155
 3453 -154
 2437 -153
 1045 -152
 670 -151
 189 -150
 8 -149
 0 -148
 0 -147
 0 -146
 0 -145
 0 -144
 0 -143
 0 -142
 0 -141
 0 -140


