# Created by Octave 3.8.2, Sat Jun 20 08:37:04 2020 CEST <damian@fptrucha.inv.usc.es>
# name: hd
# type: matrix
# rows: 41
# columns: 2
 0 -180
 0 -179
 0 -178
 0 -177
 0 -176
 0 -175
 0 -174
 0 -173
 1 -172
 1 -171
 1 -170
 3 -169
 8 -168
 7 -167
 5 -166
 81 -165
 407 -164
 1257 -163
 1867 -162
 3230 -161
 4154 -160
 4331 -159
 4248 -158
 3297 -157
 4218 -156
 4216 -155
 3937 -154
 3017 -153
 1411 -152
 941 -151
 242 -150
 16 -149
 0 -148
 0 -147
 0 -146
 0 -145
 0 -144
 0 -143
 0 -142
 0 -141
 0 -140


