# Created by Octave 3.8.2, Mon Jun 22 20:29:28 2020 CEST <damian@fptrucha.inv.usc.es>
# name: hd
# type: matrix
# rows: 41
# columns: 2
 0 -180
 0 -179
 0 -178
 3 -177
 1 -176
 2 -175
 2 -174
 1 -173
 2 -172
 2 -171
 2 -170
 5 -169
 6 -168
 3 -167
 10 -166
 100 -165
 467 -164
 1425 -163
 1723 -162
 3071 -161
 3797 -160
 4010 -159
 3913 -158
 2984 -157
 3922 -156
 4061 -155
 3687 -154
 2662 -153
 1079 -152
 768 -151
 182 -150
 12 -149
 0 -148
 0 -147
 0 -146
 0 -145
 0 -144
 0 -143
 0 -142
 0 -141
 0 -140


