# Created by Octave 3.8.2, Sat Jun 20 09:03:14 2020 CEST <damian@fptrucha.inv.usc.es>
# name: hd
# type: matrix
# rows: 41
# columns: 2
 0 -180
 1 -179
 0 -178
 1 -177
 0 -176
 0 -175
 0 -174
 0 -173
 1 -172
 2 -171
 4 -170
 1 -169
 4 -168
 9 -167
 17 -166
 65 -165
 399 -164
 1277 -163
 1871 -162
 3297 -161
 4075 -160
 4409 -159
 4326 -158
 3388 -157
 4189 -156
 4307 -155
 3876 -154
 3119 -153
 1381 -152
 965 -151
 250 -150
 15 -149
 0 -148
 0 -147
 0 -146
 0 -145
 0 -144
 0 -143
 0 -142
 0 -141
 0 -140


