# Created by Octave 3.8.2, Mon Jun 22 19:46:12 2020 CEST <damian@fptrucha.inv.usc.es>
# name: hd
# type: matrix
# rows: 41
# columns: 2
 4 -180
 1 -179
 3 -178
 0 -177
 3 -176
 1 -175
 0 -174
 1 -173
 1 -172
 3 -171
 5 -170
 2 -169
 7 -168
 3 -167
 13 -166
 97 -165
 517 -164
 1382 -163
 1769 -162
 3196 -161
 3782 -160
 4057 -159
 4082 -158
 2979 -157
 3846 -156
 3951 -155
 3575 -154
 2557 -153
 1037 -152
 785 -151
 172 -150
 2 -149
 0 -148
 0 -147
 0 -146
 0 -145
 0 -144
 0 -143
 0 -142
 0 -141
 0 -140


