# Created by Octave 3.8.2, Sun Jun 21 06:37:41 2020 CEST <damian@fptrucha.inv.usc.es>
# name: hd
# type: matrix
# rows: 41
# columns: 2
 1 -180
 0 -179
 0 -178
 1 -177
 0 -176
 0 -175
 0 -174
 1 -173
 0 -172
 1 -171
 1 -170
 2 -169
 3 -168
 2 -167
 8 -166
 68 -165
 356 -164
 1127 -163
 1676 -162
 2914 -161
 3595 -160
 3953 -159
 3636 -158
 2985 -157
 3765 -156
 3771 -155
 3431 -154
 2698 -153
 1280 -152
 856 -151
 251 -150
 13 -149
 0 -148
 0 -147
 0 -146
 0 -145
 0 -144
 0 -143
 0 -142
 0 -141
 0 -140


