# Created by Octave 3.8.2, Sun Jun 21 04:13:20 2020 CEST <damian@fptrucha.inv.usc.es>
# name: hd
# type: matrix
# rows: 41
# columns: 2
 1 -180
 0 -179
 1 -178
 0 -177
 0 -176
 0 -175
 1 -174
 0 -173
 1 -172
 3 -171
 5 -170
 0 -169
 2 -168
 5 -167
 5 -166
 58 -165
 345 -164
 1095 -163
 1590 -162
 2714 -161
 3426 -160
 3591 -159
 3713 -158
 2858 -157
 3536 -156
 3625 -155
 3340 -154
 2473 -153
 1156 -152
 818 -151
 219 -150
 21 -149
 0 -148
 0 -147
 0 -146
 0 -145
 0 -144
 0 -143
 0 -142
 0 -141
 0 -140


