# Created by Octave 3.8.2, Mon Jun 22 05:56:22 2020 CEST <damian@fptrucha.inv.usc.es>
# name: hd
# type: matrix
# rows: 41
# columns: 2
 2 -180
 6 -179
 4 -178
 1 -177
 2 -176
 4 -175
 1 -174
 0 -173
 1 -172
 3 -171
 2 -170
 4 -169
 4 -168
 6 -167
 11 -166
 93 -165
 466 -164
 1243 -163
 1566 -162
 2811 -161
 3297 -160
 3585 -159
 3508 -158
 2601 -157
 3476 -156
 3563 -155
 3159 -154
 2273 -153
 957 -152
 621 -151
 160 -150
 4 -149
 0 -148
 0 -147
 0 -146
 0 -145
 0 -144
 0 -143
 0 -142
 0 -141
 0 -140


