# Created by Octave 3.8.2, Mon Jun 22 07:55:06 2020 CEST <damian@fptrucha.inv.usc.es>
# name: hd
# type: matrix
# rows: 41
# columns: 2
 2 -180
 4 -179
 0 -178
 1 -177
 5 -176
 0 -175
 2 -174
 1 -173
 2 -172
 3 -171
 6 -170
 10 -169
 4 -168
 3 -167
 12 -166
 84 -165
 414 -164
 1255 -163
 1641 -162
 2954 -161
 3580 -160
 3708 -159
 3598 -158
 2685 -157
 3716 -156
 3504 -155
 3203 -154
 2340 -153
 948 -152
 698 -151
 167 -150
 8 -149
 0 -148
 0 -147
 0 -146
 0 -145
 0 -144
 0 -143
 0 -142
 0 -141
 0 -140


