# Created by Octave 3.8.2, Sat Jun 20 17:38:10 2020 CEST <damian@fptrucha.inv.usc.es>
# name: hd
# type: matrix
# rows: 41
# columns: 2
 0 -180
 2 -179
 2 -178
 0 -177
 1 -176
 0 -175
 0 -174
 0 -173
 0 -172
 1 -171
 1 -170
 1 -169
 3 -168
 4 -167
 8 -166
 38 -165
 226 -164
 717 -163
 1074 -162
 1855 -161
 2374 -160
 2508 -159
 2479 -158
 1972 -157
 2411 -156
 2420 -155
 2272 -154
 1830 -153
 850 -152
 579 -151
 138 -150
 5 -149
 0 -148
 0 -147
 0 -146
 0 -145
 0 -144
 0 -143
 0 -142
 0 -141
 0 -140


