# Created by Octave 3.8.2, Mon Jun 22 08:20:29 2020 CEST <damian@fptrucha.inv.usc.es>
# name: hd
# type: matrix
# rows: 41
# columns: 2
 2 -180
 2 -179
 0 -178
 2 -177
 2 -176
 2 -175
 1 -174
 5 -173
 2 -172
 3 -171
 3 -170
 4 -169
 3 -168
 4 -167
 15 -166
 98 -165
 496 -164
 1213 -163
 1666 -162
 3014 -161
 3466 -160
 3754 -159
 3658 -158
 2685 -157
 3525 -156
 3443 -155
 3234 -154
 2359 -153
 1007 -152
 692 -151
 153 -150
 8 -149
 0 -148
 0 -147
 0 -146
 0 -145
 0 -144
 0 -143
 0 -142
 0 -141
 0 -140


