# Created by Octave 3.8.2, Mon Jun 22 16:53:03 2020 CEST <damian@fptrucha.inv.usc.es>
# name: hd
# type: matrix
# rows: 41
# columns: 2
 1 -180
 0 -179
 1 -178
 1 -177
 0 -176
 2 -175
 2 -174
 1 -173
 4 -172
 1 -171
 0 -170
 5 -169
 7 -168
 3 -167
 16 -166
 110 -165
 486 -164
 1468 -163
 1679 -162
 3135 -161
 3890 -160
 4088 -159
 3954 -158
 2788 -157
 3877 -156
 3786 -155
 3505 -154
 2434 -153
 1018 -152
 718 -151
 161 -150
 8 -149
 0 -148
 0 -147
 0 -146
 0 -145
 0 -144
 0 -143
 0 -142
 0 -141
 0 -140


