# Created by Octave 3.8.2, Sat Jun 20 16:00:36 2020 CEST <damian@fptrucha.inv.usc.es>
# name: hd
# type: matrix
# rows: 41
# columns: 2
 0 -180
 0 -179
 0 -178
 0 -177
 0 -176
 0 -175
 0 -174
 1 -173
 0 -172
 2 -171
 3 -170
 2 -169
 3 -168
 4 -167
 4 -166
 67 -165
 333 -164
 1084 -163
 1683 -162
 2928 -161
 3560 -160
 3984 -159
 3819 -158
 3108 -157
 3755 -156
 3834 -155
 3471 -154
 2721 -153
 1325 -152
 823 -151
 217 -150
 26 -149
 0 -148
 0 -147
 0 -146
 0 -145
 0 -144
 0 -143
 0 -142
 0 -141
 0 -140


