# Created by Octave 3.8.2, Mon Jun 22 09:40:10 2020 CEST <damian@fptrucha.inv.usc.es>
# name: hd
# type: matrix
# rows: 41
# columns: 2
 2 -180
 2 -179
 3 -178
 0 -177
 1 -176
 2 -175
 3 -174
 3 -173
 1 -172
 1 -171
 1 -170
 4 -169
 5 -168
 2 -167
 2 -166
 63 -165
 284 -164
 833 -163
 1047 -162
 1964 -161
 2270 -160
 2465 -159
 2367 -158
 1750 -157
 2435 -156
 2362 -155
 2090 -154
 1579 -153
 659 -152
 495 -151
 110 -150
 5 -149
 0 -148
 0 -147
 0 -146
 0 -145
 0 -144
 0 -143
 0 -142
 0 -141
 0 -140


