# Created by Octave 3.8.2, Mon Jun 22 01:19:02 2020 CEST <damian@fptrucha.inv.usc.es>
# name: hd
# type: matrix
# rows: 41
# columns: 2
 0 -180
 0 -179
 2 -178
 0 -177
 1 -176
 0 -175
 0 -174
 3 -173
 4 -172
 1 -171
 2 -170
 4 -169
 0 -168
 5 -167
 12 -166
 63 -165
 342 -164
 1059 -163
 1620 -162
 2755 -161
 3427 -160
 3500 -159
 3741 -158
 2958 -157
 3619 -156
 3680 -155
 3405 -154
 2573 -153
 1234 -152
 812 -151
 219 -150
 16 -149
 1 -148
 0 -147
 0 -146
 0 -145
 0 -144
 0 -143
 0 -142
 0 -141
 0 -140


