# Created by Octave 3.8.2, Mon Jun 22 17:02:45 2020 CEST <damian@fptrucha.inv.usc.es>
# name: hd
# type: matrix
# rows: 41
# columns: 2
 0 -180
 2 -179
 1 -178
 4 -177
 2 -176
 2 -175
 3 -174
 4 -173
 2 -172
 6 -171
 4 -170
 2 -169
 3 -168
 9 -167
 18 -166
 123 -165
 482 -164
 1395 -163
 1692 -162
 3157 -161
 3768 -160
 3999 -159
 3879 -158
 2736 -157
 3818 -156
 3782 -155
 3498 -154
 2455 -153
 1013 -152
 720 -151
 174 -150
 3 -149
 0 -148
 0 -147
 0 -146
 0 -145
 0 -144
 0 -143
 0 -142
 0 -141
 0 -140


