# Created by Octave 3.8.2, Sat Jun 20 17:10:12 2020 CEST <damian@fptrucha.inv.usc.es>
# name: hd
# type: matrix
# rows: 41
# columns: 2
 0 -180
 0 -179
 0 -178
 1 -177
 3 -176
 2 -175
 0 -174
 2 -173
 0 -172
 1 -171
 1 -170
 3 -169
 6 -168
 2 -167
 14 -166
 64 -165
 357 -164
 1050 -163
 1675 -162
 2922 -161
 3585 -160
 3792 -159
 3896 -158
 3082 -157
 3753 -156
 3773 -155
 3520 -154
 2730 -153
 1262 -152
 873 -151
 222 -150
 16 -149
 0 -148
 0 -147
 0 -146
 0 -145
 0 -144
 0 -143
 0 -142
 0 -141
 0 -140


