# Created by Octave 3.8.2, Mon Jun 22 03:34:55 2020 CEST <damian@fptrucha.inv.usc.es>
# name: hd
# type: matrix
# rows: 41
# columns: 2
 1 -180
 1 -179
 4 -178
 1 -177
 9 -176
 2 -175
 2 -174
 2 -173
 3 -172
 0 -171
 4 -170
 4 -169
 3 -168
 6 -167
 12 -166
 75 -165
 430 -164
 1182 -163
 1506 -162
 2820 -161
 3388 -160
 3515 -159
 3421 -158
 2589 -157
 3429 -156
 3525 -155
 3113 -154
 2279 -153
 923 -152
 665 -151
 149 -150
 6 -149
 0 -148
 0 -147
 0 -146
 0 -145
 0 -144
 0 -143
 0 -142
 0 -141
 0 -140


