# Created by Octave 3.8.2, Sat Jun 20 21:56:15 2020 CEST <damian@fptrucha.inv.usc.es>
# name: hd
# type: matrix
# rows: 41
# columns: 2
 0 -180
 1 -179
 0 -178
 0 -177
 0 -176
 0 -175
 0 -174
 0 -173
 0 -172
 0 -171
 1 -170
 3 -169
 3 -168
 0 -167
 14 -166
 72 -165
 319 -164
 1039 -163
 1621 -162
 2837 -161
 3422 -160
 3682 -159
 3705 -158
 3013 -157
 3726 -156
 3628 -155
 3390 -154
 2673 -153
 1209 -152
 801 -151
 220 -150
 11 -149
 0 -148
 0 -147
 0 -146
 0 -145
 0 -144
 0 -143
 0 -142
 0 -141
 0 -140


