# Created by Octave 3.8.2, Mon Jun 22 18:10:59 2020 CEST <damian@fptrucha.inv.usc.es>
# name: hd
# type: matrix
# rows: 41
# columns: 2
 2 -180
 3 -179
 1 -178
 1 -177
 1 -176
 2 -175
 3 -174
 0 -173
 3 -172
 1 -171
 4 -170
 5 -169
 11 -168
 6 -167
 23 -166
 93 -165
 490 -164
 1382 -163
 1728 -162
 3128 -161
 3784 -160
 4026 -159
 3856 -158
 2784 -157
 3841 -156
 3856 -155
 3487 -154
 2657 -153
 1029 -152
 766 -151
 180 -150
 4 -149
 0 -148
 0 -147
 0 -146
 0 -145
 0 -144
 0 -143
 0 -142
 0 -141
 0 -140


