# Created by Octave 3.8.2, Mon Jun 22 02:26:37 2020 CEST <damian@fptrucha.inv.usc.es>
# name: hd
# type: matrix
# rows: 41
# columns: 2
 0 -180
 1 -179
 0 -178
 0 -177
 0 -176
 2 -175
 0 -174
 1 -173
 0 -172
 0 -171
 0 -170
 1 -169
 0 -168
 4 -167
 4 -166
 40 -165
 141 -164
 267 -163
 286 -162
 506 -161
 608 -160
 604 -159
 570 -158
 446 -157
 586 -156
 552 -155
 491 -154
 332 -153
 117 -152
 71 -151
 9 -150
 0 -149
 0 -148
 0 -147
 0 -146
 0 -145
 0 -144
 0 -143
 0 -142
 0 -141
 0 -140


