# Created by Octave 3.8.2, Mon Jun 22 23:55:02 2020 CEST <damian@fptrucha.inv.usc.es>
# name: hd
# type: matrix
# rows: 41
# columns: 2
 2 -180
 0 -179
 0 -178
 0 -177
 1 -176
 0 -175
 2 -174
 2 -173
 0 -172
 1 -171
 3 -170
 3 -169
 4 -168
 4 -167
 5 -166
 78 -165
 395 -164
 1199 -163
 1762 -162
 3114 -161
 3840 -160
 4041 -159
 3932 -158
 3148 -157
 3940 -156
 3900 -155
 3661 -154
 2815 -153
 1254 -152
 835 -151
 232 -150
 9 -149
 0 -148
 0 -147
 0 -146
 0 -145
 0 -144
 0 -143
 0 -142
 0 -141
 0 -140


