# Created by Octave 3.8.2, Sat Jun 20 15:29:02 2020 CEST <damian@fptrucha.inv.usc.es>
# name: hd
# type: matrix
# rows: 41
# columns: 2
 1 -180
 0 -179
 0 -178
 0 -177
 1 -176
 0 -175
 2 -174
 1 -173
 2 -172
 1 -171
 4 -170
 6 -169
 5 -168
 3 -167
 14 -166
 51 -165
 353 -164
 1051 -163
 1638 -162
 2946 -161
 3611 -160
 3842 -159
 3863 -158
 3027 -157
 3771 -156
 3727 -155
 3540 -154
 2767 -153
 1321 -152
 808 -151
 259 -150
 20 -149
 0 -148
 0 -147
 0 -146
 0 -145
 0 -144
 0 -143
 0 -142
 0 -141
 0 -140


