# Created by Octave 3.8.2, Tue Jun 23 00:42:34 2020 CEST <damian@fptrucha.inv.usc.es>
# name: hd
# type: matrix
# rows: 41
# columns: 2
 0 -180
 1 -179
 1 -178
 2 -177
 1 -176
 1 -175
 0 -174
 1 -173
 2 -172
 1 -171
 4 -170
 4 -169
 4 -168
 4 -167
 11 -166
 85 -165
 433 -164
 1214 -163
 1792 -162
 3190 -161
 3751 -160
 4106 -159
 4087 -158
 3157 -157
 4035 -156
 3969 -155
 3620 -154
 2789 -153
 1232 -152
 869 -151
 199 -150
 8 -149
 0 -148
 0 -147
 0 -146
 0 -145
 0 -144
 0 -143
 0 -142
 0 -141
 0 -140


