# Created by Octave 3.8.2, Mon Jun 22 13:56:29 2020 CEST <damian@fptrucha.inv.usc.es>
# name: hd
# type: matrix
# rows: 41
# columns: 2
 4 -180
 6 -179
 0 -178
 1 -177
 1 -176
 4 -175
 2 -174
 1 -173
 5 -172
 4 -171
 4 -170
 3 -169
 5 -168
 7 -167
 16 -166
 110 -165
 473 -164
 1305 -163
 1667 -162
 3053 -161
 3762 -160
 4005 -159
 3810 -158
 2719 -157
 3869 -156
 3704 -155
 3353 -154
 2419 -153
 980 -152
 694 -151
 150 -150
 10 -149
 0 -148
 0 -147
 0 -146
 0 -145
 0 -144
 0 -143
 0 -142
 0 -141
 0 -140


