# Created by Octave 3.8.2, Sat Jun 20 19:14:00 2020 CEST <damian@fptrucha.inv.usc.es>
# name: hd
# type: matrix
# rows: 41
# columns: 2
 0 -180
 0 -179
 1 -178
 1 -177
 0 -176
 0 -175
 1 -174
 0 -173
 0 -172
 3 -171
 3 -170
 3 -169
 3 -168
 3 -167
 7 -166
 57 -165
 342 -164
 1085 -163
 1644 -162
 2829 -161
 3519 -160
 3820 -159
 3787 -158
 2904 -157
 3748 -156
 3593 -155
 3501 -154
 2683 -153
 1198 -152
 869 -151
 228 -150
 16 -149
 0 -148
 0 -147
 0 -146
 0 -145
 0 -144
 0 -143
 0 -142
 0 -141
 0 -140


