# Created by Octave 3.8.2, Mon Jun 22 06:06:56 2020 CEST <damian@fptrucha.inv.usc.es>
# name: hd
# type: matrix
# rows: 41
# columns: 2
 3 -180
 3 -179
 2 -178
 3 -177
 4 -176
 3 -175
 2 -174
 6 -173
 2 -172
 6 -171
 4 -170
 4 -169
 7 -168
 5 -167
 8 -166
 92 -165
 469 -164
 1201 -163
 1559 -162
 2783 -161
 3463 -160
 3587 -159
 3608 -158
 2617 -157
 3519 -156
 3476 -155
 3198 -154
 2311 -153
 983 -152
 672 -151
 140 -150
 9 -149
 0 -148
 0 -147
 0 -146
 0 -145
 0 -144
 0 -143
 0 -142
 0 -141
 0 -140


