# Created by Octave 3.8.2, Mon Jun 22 06:30:37 2020 CEST <damian@fptrucha.inv.usc.es>
# name: hd
# type: matrix
# rows: 41
# columns: 2
 3 -180
 1 -179
 3 -178
 0 -177
 1 -176
 2 -175
 4 -174
 1 -173
 3 -172
 8 -171
 4 -170
 7 -169
 1 -168
 10 -167
 15 -166
 100 -165
 417 -164
 1214 -163
 1609 -162
 2846 -161
 3424 -160
 3712 -159
 3616 -158
 2529 -157
 3647 -156
 3459 -155
 3194 -154
 2336 -153
 1010 -152
 648 -151
 147 -150
 4 -149
 0 -148
 0 -147
 0 -146
 0 -145
 0 -144
 0 -143
 0 -142
 0 -141
 0 -140


