# Created by Octave 3.8.2, Sun Jun 21 05:02:46 2020 CEST <damian@fptrucha.inv.usc.es>
# name: hd
# type: matrix
# rows: 41
# columns: 2
 1 -180
 1 -179
 2 -178
 0 -177
 0 -176
 0 -175
 0 -174
 1 -173
 1 -172
 1 -171
 3 -170
 3 -169
 4 -168
 0 -167
 13 -166
 71 -165
 319 -164
 1089 -163
 1641 -162
 2762 -161
 3579 -160
 3675 -159
 3688 -158
 2934 -157
 3510 -156
 3550 -155
 3352 -154
 2667 -153
 1216 -152
 787 -151
 212 -150
 14 -149
 0 -148
 0 -147
 0 -146
 0 -145
 0 -144
 0 -143
 0 -142
 0 -141
 0 -140


