# Created by Octave 3.8.2, Mon Jun 22 21:02:27 2020 CEST <damian@fptrucha.inv.usc.es>
# name: hd
# type: matrix
# rows: 41
# columns: 2
 3 -180
 1 -179
 4 -178
 0 -177
 3 -176
 1 -175
 0 -174
 0 -173
 1 -172
 1 -171
 3 -170
 5 -169
 5 -168
 5 -167
 12 -166
 100 -165
 478 -164
 1419 -163
 1806 -162
 3308 -161
 3897 -160
 3937 -159
 4001 -158
 2902 -157
 3930 -156
 3909 -155
 3502 -154
 2586 -153
 1034 -152
 751 -151
 165 -150
 5 -149
 0 -148
 0 -147
 0 -146
 0 -145
 0 -144
 0 -143
 0 -142
 0 -141
 0 -140


