# Created by Octave 3.8.2, Sun Jun 21 02:21:48 2020 CEST <damian@fptrucha.inv.usc.es>
# name: hd
# type: matrix
# rows: 41
# columns: 2
 0 -180
 0 -179
 0 -178
 0 -177
 0 -176
 0 -175
 0 -174
 1 -173
 0 -172
 0 -171
 2 -170
 3 -169
 2 -168
 8 -167
 5 -166
 55 -165
 320 -164
 1084 -163
 1550 -162
 2841 -161
 3599 -160
 3610 -159
 3655 -158
 2866 -157
 3666 -156
 3556 -155
 3411 -154
 2599 -153
 1180 -152
 825 -151
 217 -150
 13 -149
 0 -148
 0 -147
 0 -146
 0 -145
 0 -144
 0 -143
 0 -142
 0 -141
 0 -140


