# Created by Octave 3.8.2, Mon Jun 22 12:45:10 2020 CEST <damian@fptrucha.inv.usc.es>
# name: hd
# type: matrix
# rows: 41
# columns: 2
 6 -180
 2 -179
 4 -178
 1 -177
 3 -176
 1 -175
 6 -174
 0 -173
 1 -172
 1 -171
 1 -170
 5 -169
 8 -168
 8 -167
 7 -166
 105 -165
 477 -164
 1357 -163
 1657 -162
 3058 -161
 3645 -160
 3793 -159
 3848 -158
 2782 -157
 3716 -156
 3660 -155
 3354 -154
 2375 -153
 981 -152
 707 -151
 172 -150
 5 -149
 0 -148
 0 -147
 0 -146
 0 -145
 0 -144
 0 -143
 0 -142
 0 -141
 0 -140


