# Created by Octave 3.8.2, Sat Jun 20 14:36:13 2020 CEST <damian@fptrucha.inv.usc.es>
# name: hd
# type: matrix
# rows: 41
# columns: 2
 0 -180
 0 -179
 0 -178
 0 -177
 2 -176
 0 -175
 0 -174
 0 -173
 3 -172
 4 -171
 0 -170
 2 -169
 8 -168
 5 -167
 7 -166
 58 -165
 390 -164
 1115 -163
 1647 -162
 2979 -161
 3727 -160
 3992 -159
 3950 -158
 3063 -157
 3898 -156
 3759 -155
 3657 -154
 2764 -153
 1382 -152
 901 -151
 264 -150
 13 -149
 0 -148
 0 -147
 0 -146
 0 -145
 0 -144
 0 -143
 0 -142
 0 -141
 0 -140


