# Created by Octave 3.8.2, Mon Jun 22 13:23:55 2020 CEST <damian@fptrucha.inv.usc.es>
# name: hd
# type: matrix
# rows: 41
# columns: 2
 1 -180
 1 -179
 6 -178
 2 -177
 5 -176
 2 -175
 3 -174
 1 -173
 2 -172
 4 -171
 2 -170
 2 -169
 10 -168
 4 -167
 10 -166
 109 -165
 497 -164
 1364 -163
 1656 -162
 3075 -161
 3788 -160
 3896 -159
 3804 -158
 2785 -157
 3778 -156
 3803 -155
 3416 -154
 2558 -153
 961 -152
 646 -151
 147 -150
 4 -149
 0 -148
 0 -147
 0 -146
 0 -145
 0 -144
 0 -143
 0 -142
 0 -141
 0 -140


