# Created by Octave 3.8.2, Sat Jun 20 15:02:47 2020 CEST <damian@fptrucha.inv.usc.es>
# name: hd
# type: matrix
# rows: 41
# columns: 2
 0 -180
 2 -179
 1 -178
 0 -177
 0 -176
 1 -175
 1 -174
 0 -173
 0 -172
 2 -171
 4 -170
 3 -169
 3 -168
 2 -167
 10 -166
 80 -165
 340 -164
 1084 -163
 1710 -162
 3058 -161
 3660 -160
 3932 -159
 3832 -158
 3116 -157
 3812 -156
 3855 -155
 3600 -154
 2752 -153
 1227 -152
 858 -151
 221 -150
 15 -149
 0 -148
 0 -147
 0 -146
 0 -145
 0 -144
 0 -143
 0 -142
 0 -141
 0 -140


