# Created by Octave 3.8.2, Sat Jun 20 02:00:32 2020 CEST <damian@fptrucha.inv.usc.es>
# name: hd
# type: matrix
# rows: 41
# columns: 2
 1 -180
 1 -179
 1 -178
 0 -177
 0 -176
 2 -175
 0 -174
 0 -173
 3 -172
 1 -171
 0 -170
 3 -169
 1 -168
 2 -167
 13 -166
 64 -165
 334 -164
 1148 -163
 1722 -162
 3052 -161
 3775 -160
 4022 -159
 3999 -158
 3154 -157
 3878 -156
 3944 -155
 3651 -154
 2914 -153
 1299 -152
 824 -151
 220 -150
 17 -149
 0 -148
 0 -147
 0 -146
 0 -145
 0 -144
 0 -143
 0 -142
 0 -141
 0 -140


