# Created by Octave 3.8.2, Sun Jun 21 06:10:58 2020 CEST <damian@fptrucha.inv.usc.es>
# name: hd
# type: matrix
# rows: 41
# columns: 2
 0 -180
 1 -179
 0 -178
 0 -177
 0 -176
 0 -175
 1 -174
 1 -173
 2 -172
 1 -171
 2 -170
 3 -169
 6 -168
 3 -167
 5 -166
 66 -165
 331 -164
 1037 -163
 1612 -162
 2759 -161
 3424 -160
 3697 -159
 3625 -158
 2834 -157
 3634 -156
 3614 -155
 3368 -154
 2590 -153
 1190 -152
 831 -151
 213 -150
 14 -149
 0 -148
 0 -147
 0 -146
 0 -145
 0 -144
 0 -143
 0 -142
 0 -141
 0 -140


