# Created by Octave 3.8.2, Mon Jun 22 20:39:26 2020 CEST <damian@fptrucha.inv.usc.es>
# name: hd
# type: matrix
# rows: 41
# columns: 2
 3 -180
 5 -179
 1 -178
 1 -177
 2 -176
 0 -175
 1 -174
 2 -173
 4 -172
 3 -171
 5 -170
 4 -169
 5 -168
 5 -167
 12 -166
 101 -165
 467 -164
 1358 -163
 1809 -162
 3157 -161
 3883 -160
 4054 -159
 3912 -158
 2776 -157
 3851 -156
 3971 -155
 3472 -154
 2614 -153
 1032 -152
 766 -151
 165 -150
 7 -149
 0 -148
 0 -147
 0 -146
 0 -145
 0 -144
 0 -143
 0 -142
 0 -141
 0 -140


