# Created by Octave 3.8.2, Sat Jun 20 20:22:30 2020 CEST <damian@fptrucha.inv.usc.es>
# name: hd
# type: matrix
# rows: 41
# columns: 2
 0 -180
 1 -179
 0 -178
 0 -177
 1 -176
 1 -175
 0 -174
 1 -173
 1 -172
 0 -171
 0 -170
 1 -169
 6 -168
 3 -167
 7 -166
 57 -165
 335 -164
 1072 -163
 1583 -162
 2899 -161
 3482 -160
 3731 -159
 3794 -158
 2912 -157
 3706 -156
 3608 -155
 3434 -154
 2697 -153
 1249 -152
 826 -151
 226 -150
 10 -149
 0 -148
 0 -147
 0 -146
 0 -145
 0 -144
 0 -143
 0 -142
 0 -141
 0 -140


