# Created by Octave 3.8.2, Sun Jun 21 02:56:02 2020 CEST <damian@fptrucha.inv.usc.es>
# name: hd
# type: matrix
# rows: 41
# columns: 2
 1 -180
 0 -179
 2 -178
 0 -177
 1 -176
 0 -175
 1 -174
 0 -173
 1 -172
 1 -171
 3 -170
 1 -169
 4 -168
 2 -167
 16 -166
 62 -165
 315 -164
 1048 -163
 1597 -162
 2713 -161
 3384 -160
 3653 -159
 3577 -158
 2824 -157
 3538 -156
 3574 -155
 3273 -154
 2448 -153
 1175 -152
 796 -151
 194 -150
 11 -149
 1 -148
 0 -147
 0 -146
 0 -145
 0 -144
 0 -143
 0 -142
 0 -141
 0 -140


