# Created by Octave 3.8.2, Sun Jun 21 05:16:18 2020 CEST <damian@fptrucha.inv.usc.es>
# name: hd
# type: matrix
# rows: 41
# columns: 2
 0 -180
 0 -179
 0 -178
 1 -177
 0 -176
 0 -175
 0 -174
 0 -173
 0 -172
 1 -171
 1 -170
 2 -169
 1 -168
 3 -167
 7 -166
 57 -165
 366 -164
 1053 -163
 1601 -162
 2860 -161
 3424 -160
 3686 -159
 3622 -158
 2880 -157
 3602 -156
 3666 -155
 3489 -154
 2576 -153
 1177 -152
 828 -151
 225 -150
 16 -149
 0 -148
 0 -147
 0 -146
 0 -145
 0 -144
 0 -143
 0 -142
 0 -141
 0 -140


