# Created by Octave 3.8.2, Mon Jun 22 14:34:17 2020 CEST <damian@fptrucha.inv.usc.es>
# name: hd
# type: matrix
# rows: 41
# columns: 2
 1 -180
 3 -179
 0 -178
 2 -177
 3 -176
 5 -175
 1 -174
 0 -173
 0 -172
 3 -171
 5 -170
 2 -169
 2 -168
 2 -167
 8 -166
 97 -165
 484 -164
 1266 -163
 1701 -162
 3012 -161
 3688 -160
 3870 -159
 3854 -158
 2817 -157
 3840 -156
 3770 -155
 3402 -154
 2483 -153
 1093 -152
 670 -151
 170 -150
 4 -149
 0 -148
 0 -147
 0 -146
 0 -145
 0 -144
 0 -143
 0 -142
 0 -141
 0 -140


