# Created by Octave 3.8.2, Mon Jun 22 06:56:03 2020 CEST <damian@fptrucha.inv.usc.es>
# name: hd
# type: matrix
# rows: 41
# columns: 2
 4 -180
 2 -179
 2 -178
 2 -177
 0 -176
 1 -175
 2 -174
 1 -173
 0 -172
 1 -171
 4 -170
 6 -169
 7 -168
 6 -167
 13 -166
 87 -165
 469 -164
 1282 -163
 1589 -162
 2890 -161
 3479 -160
 3610 -159
 3536 -158
 2598 -157
 3415 -156
 3500 -155
 3202 -154
 2299 -153
 979 -152
 633 -151
 139 -150
 8 -149
 0 -148
 0 -147
 0 -146
 0 -145
 0 -144
 0 -143
 0 -142
 0 -141
 0 -140


