# Created by Octave 3.8.2, Mon Jun 22 12:46:14 2020 CEST <damian@fptrucha.inv.usc.es>
# name: hd
# type: matrix
# rows: 41
# columns: 2
 3 -180
 3 -179
 1 -178
 3 -177
 0 -176
 0 -175
 2 -174
 0 -173
 1 -172
 1 -171
 4 -170
 4 -169
 4 -168
 6 -167
 9 -166
 85 -165
 490 -164
 1370 -163
 1727 -162
 3080 -161
 3679 -160
 3861 -159
 3825 -158
 2818 -157
 3737 -156
 3793 -155
 3400 -154
 2433 -153
 964 -152
 715 -151
 178 -150
 8 -149
 0 -148
 0 -147
 0 -146
 0 -145
 0 -144
 0 -143
 0 -142
 0 -141
 0 -140


