# Created by Octave 3.8.2, Mon Jun 22 21:01:15 2020 CEST <damian@fptrucha.inv.usc.es>
# name: hd
# type: matrix
# rows: 41
# columns: 2
 1 -180
 0 -179
 5 -178
 3 -177
 1 -176
 2 -175
 0 -174
 1 -173
 1 -172
 1 -171
 1 -170
 6 -169
 6 -168
 5 -167
 6 -166
 117 -165
 499 -164
 1373 -163
 1805 -162
 3108 -161
 3828 -160
 3994 -159
 3960 -158
 2933 -157
 3881 -156
 3982 -155
 3542 -154
 2647 -153
 1040 -152
 776 -151
 161 -150
 8 -149
 0 -148
 0 -147
 0 -146
 0 -145
 0 -144
 0 -143
 0 -142
 0 -141
 0 -140


