# Created by Octave 3.8.2, Sat Jun 20 13:00:40 2020 CEST <damian@fptrucha.inv.usc.es>
# name: hd
# type: matrix
# rows: 41
# columns: 2
 1 -180
 0 -179
 0 -178
 1 -177
 0 -176
 1 -175
 0 -174
 0 -173
 0 -172
 0 -171
 1 -170
 4 -169
 2 -168
 1 -167
 4 -166
 88 -165
 387 -164
 1156 -163
 1716 -162
 3118 -161
 3740 -160
 4054 -159
 3920 -158
 3127 -157
 3976 -156
 3978 -155
 3680 -154
 2882 -153
 1323 -152
 869 -151
 255 -150
 8 -149
 0 -148
 0 -147
 0 -146
 0 -145
 0 -144
 0 -143
 0 -142
 0 -141
 0 -140


