# Created by Octave 3.8.2, Sun Jun 21 01:35:36 2020 CEST <damian@fptrucha.inv.usc.es>
# name: hd
# type: matrix
# rows: 41
# columns: 2
 0 -180
 2 -179
 0 -178
 1 -177
 0 -176
 0 -175
 1 -174
 0 -173
 0 -172
 2 -171
 3 -170
 5 -169
 5 -168
 4 -167
 8 -166
 71 -165
 322 -164
 1045 -163
 1546 -162
 2797 -161
 3522 -160
 3559 -159
 3502 -158
 2796 -157
 3653 -156
 3580 -155
 3337 -154
 2571 -153
 1152 -152
 819 -151
 207 -150
 10 -149
 0 -148
 0 -147
 0 -146
 0 -145
 0 -144
 0 -143
 0 -142
 0 -141
 0 -140


