# Created by Octave 3.8.2, Sat Jun 20 15:14:51 2020 CEST <damian@fptrucha.inv.usc.es>
# name: hd
# type: matrix
# rows: 41
# columns: 2
 1 -180
 0 -179
 0 -178
 2 -177
 0 -176
 1 -175
 2 -174
 1 -173
 0 -172
 1 -171
 1 -170
 6 -169
 3 -168
 0 -167
 5 -166
 49 -165
 368 -164
 1087 -163
 1642 -162
 2964 -161
 3682 -160
 3728 -159
 3852 -158
 2912 -157
 3697 -156
 3824 -155
 3531 -154
 2791 -153
 1336 -152
 849 -151
 238 -150
 10 -149
 0 -148
 0 -147
 0 -146
 0 -145
 0 -144
 0 -143
 0 -142
 0 -141
 0 -140


