# Created by Octave 3.8.2, Sat Jun 20 13:40:18 2020 CEST <damian@fptrucha.inv.usc.es>
# name: hd
# type: matrix
# rows: 41
# columns: 2
 1 -180
 0 -179
 1 -178
 0 -177
 1 -176
 0 -175
 0 -174
 1 -173
 0 -172
 0 -171
 1 -170
 2 -169
 3 -168
 2 -167
 7 -166
 52 -165
 382 -164
 1178 -163
 1714 -162
 3013 -161
 3820 -160
 4001 -159
 3908 -158
 3241 -157
 3924 -156
 3848 -155
 3618 -154
 2817 -153
 1307 -152
 900 -151
 247 -150
 9 -149
 0 -148
 0 -147
 0 -146
 0 -145
 0 -144
 0 -143
 0 -142
 0 -141
 0 -140


