# Created by Octave 3.8.2, Sun Jun 21 00:48:39 2020 CEST <damian@fptrucha.inv.usc.es>
# name: hd
# type: matrix
# rows: 41
# columns: 2
 0 -180
 1 -179
 1 -178
 0 -177
 0 -176
 0 -175
 0 -174
 0 -173
 0 -172
 0 -171
 3 -170
 2 -169
 1 -168
 2 -167
 2 -166
 48 -165
 213 -164
 682 -163
 994 -162
 1932 -161
 2250 -160
 2480 -159
 2372 -158
 1974 -157
 2331 -156
 2433 -155
 2148 -154
 1642 -153
 791 -152
 521 -151
 123 -150
 8 -149
 0 -148
 0 -147
 0 -146
 0 -145
 0 -144
 0 -143
 0 -142
 0 -141
 0 -140


