# Created by Octave 3.8.2, Sun Jun 21 02:12:58 2020 CEST <damian@fptrucha.inv.usc.es>
# name: hd
# type: matrix
# rows: 41
# columns: 2
 1 -180
 2 -179
 0 -178
 0 -177
 1 -176
 0 -175
 2 -174
 0 -173
 1 -172
 0 -171
 1 -170
 7 -169
 5 -168
 3 -167
 6 -166
 60 -165
 328 -164
 1034 -163
 1605 -162
 2864 -161
 3406 -160
 3729 -159
 3647 -158
 2895 -157
 3605 -156
 3579 -155
 3378 -154
 2582 -153
 1231 -152
 817 -151
 215 -150
 17 -149
 0 -148
 0 -147
 0 -146
 0 -145
 0 -144
 0 -143
 0 -142
 0 -141
 0 -140


