# Created by Octave 3.8.2, Sat Jun 20 19:55:55 2020 CEST <damian@fptrucha.inv.usc.es>
# name: hd
# type: matrix
# rows: 41
# columns: 2
 0 -180
 0 -179
 0 -178
 1 -177
 1 -176
 0 -175
 0 -174
 0 -173
 0 -172
 2 -171
 0 -170
 0 -169
 1 -168
 2 -167
 6 -166
 45 -165
 245 -164
 707 -163
 1043 -162
 1811 -161
 2401 -160
 2491 -159
 2361 -158
 2014 -157
 2396 -156
 2406 -155
 2269 -154
 1771 -153
 757 -152
 558 -151
 166 -150
 8 -149
 0 -148
 0 -147
 0 -146
 0 -145
 0 -144
 0 -143
 0 -142
 0 -141
 0 -140


