# Created by Octave 3.8.2, Sat Jun 20 10:19:12 2020 CEST <damian@fptrucha.inv.usc.es>
# name: hd
# type: matrix
# rows: 41
# columns: 2
 1 -180
 0 -179
 2 -178
 0 -177
 1 -176
 0 -175
 1 -174
 0 -173
 1 -172
 2 -171
 2 -170
 4 -169
 3 -168
 3 -167
 13 -166
 79 -165
 403 -164
 1190 -163
 1824 -162
 3243 -161
 3972 -160
 4156 -159
 4197 -158
 3268 -157
 4176 -156
 4143 -155
 3898 -154
 3056 -153
 1372 -152
 939 -151
 211 -150
 10 -149
 0 -148
 0 -147
 0 -146
 0 -145
 0 -144
 0 -143
 0 -142
 0 -141
 0 -140


