# Created by Octave 3.8.2, Mon Jun 22 08:31:25 2020 CEST <damian@fptrucha.inv.usc.es>
# name: hd
# type: matrix
# rows: 41
# columns: 2
 2 -180
 2 -179
 3 -178
 1 -177
 3 -176
 2 -175
 1 -174
 3 -173
 0 -172
 5 -171
 6 -170
 2 -169
 3 -168
 5 -167
 6 -166
 94 -165
 450 -164
 1271 -163
 1659 -162
 2957 -161
 3566 -160
 3666 -159
 3599 -158
 2645 -157
 3648 -156
 3561 -155
 3321 -154
 2371 -153
 1027 -152
 681 -151
 150 -150
 5 -149
 0 -148
 0 -147
 0 -146
 0 -145
 0 -144
 0 -143
 0 -142
 0 -141
 0 -140


