# Created by Octave 3.8.2, Mon Jun 22 10:19:18 2020 CEST <damian@fptrucha.inv.usc.es>
# name: hd
# type: matrix
# rows: 41
# columns: 2
 2 -180
 3 -179
 2 -178
 1 -177
 2 -176
 2 -175
 3 -174
 2 -173
 1 -172
 2 -171
 4 -170
 6 -169
 8 -168
 3 -167
 13 -166
 88 -165
 465 -164
 1267 -163
 1611 -162
 3007 -161
 3665 -160
 3751 -159
 3705 -158
 2833 -157
 3768 -156
 3654 -155
 3394 -154
 2411 -153
 1067 -152
 684 -151
 182 -150
 6 -149
 0 -148
 0 -147
 0 -146
 0 -145
 0 -144
 0 -143
 0 -142
 0 -141
 0 -140


