# Created by Octave 3.8.2, Sat Jun 20 02:28:17 2020 CEST <damian@fptrucha.inv.usc.es>
# name: hd
# type: matrix
# rows: 41
# columns: 2
 1 -180
 1 -179
 0 -178
 0 -177
 0 -176
 0 -175
 0 -174
 1 -173
 1 -172
 1 -171
 2 -170
 4 -169
 3 -168
 4 -167
 8 -166
 56 -165
 338 -164
 1225 -163
 1759 -162
 3105 -161
 3685 -160
 4133 -159
 4079 -158
 3189 -157
 4025 -156
 4066 -155
 3656 -154
 2884 -153
 1297 -152
 880 -151
 239 -150
 17 -149
 0 -148
 0 -147
 0 -146
 0 -145
 0 -144
 0 -143
 0 -142
 0 -141
 0 -140


