# Created by Octave 3.8.2, Mon Jun 22 14:44:39 2020 CEST <damian@fptrucha.inv.usc.es>
# name: hd
# type: matrix
# rows: 41
# columns: 2
 1 -180
 1 -179
 1 -178
 2 -177
 0 -176
 2 -175
 0 -174
 4 -173
 2 -172
 2 -171
 1 -170
 6 -169
 3 -168
 4 -167
 17 -166
 74 -165
 492 -164
 1359 -163
 1702 -162
 2923 -161
 3746 -160
 3799 -159
 3761 -158
 2727 -157
 3747 -156
 3735 -155
 3475 -154
 2463 -153
 986 -152
 724 -151
 155 -150
 2 -149
 0 -148
 0 -147
 0 -146
 0 -145
 0 -144
 0 -143
 0 -142
 0 -141
 0 -140


