# Created by Octave 3.8.2, Mon Jun 22 17:16:53 2020 CEST <damian@fptrucha.inv.usc.es>
# name: hd
# type: matrix
# rows: 41
# columns: 2
 1 -180
 3 -179
 0 -178
 0 -177
 2 -176
 1 -175
 3 -174
 2 -173
 2 -172
 1 -171
 0 -170
 3 -169
 2 -168
 0 -167
 12 -166
 72 -165
 333 -164
 857 -163
 1117 -162
 2051 -161
 2529 -160
 2555 -159
 2515 -158
 1853 -157
 2498 -156
 2504 -155
 2316 -154
 1652 -153
 683 -152
 450 -151
 84 -150
 1 -149
 0 -148
 0 -147
 0 -146
 0 -145
 0 -144
 0 -143
 0 -142
 0 -141
 0 -140


