# Created by Octave 3.8.2, Sun Jun 21 03:31:12 2020 CEST <damian@fptrucha.inv.usc.es>
# name: hd
# type: matrix
# rows: 41
# columns: 2
 0 -180
 2 -179
 0 -178
 2 -177
 0 -176
 1 -175
 3 -174
 1 -173
 0 -172
 2 -171
 0 -170
 1 -169
 3 -168
 3 -167
 7 -166
 68 -165
 372 -164
 1051 -163
 1574 -162
 2841 -161
 3405 -160
 3618 -159
 3595 -158
 2775 -157
 3707 -156
 3676 -155
 3280 -154
 2562 -153
 1122 -152
 806 -151
 225 -150
 11 -149
 0 -148
 0 -147
 0 -146
 0 -145
 0 -144
 0 -143
 0 -142
 0 -141
 0 -140


