# Created by Octave 3.8.2, Sun Jun 21 03:18:24 2020 CEST <damian@fptrucha.inv.usc.es>
# name: hd
# type: matrix
# rows: 41
# columns: 2
 0 -180
 0 -179
 0 -178
 2 -177
 0 -176
 1 -175
 0 -174
 0 -173
 1 -172
 0 -171
 1 -170
 0 -169
 1 -168
 2 -167
 8 -166
 62 -165
 361 -164
 1034 -163
 1595 -162
 2750 -161
 3431 -160
 3600 -159
 3695 -158
 2861 -157
 3633 -156
 3619 -155
 3223 -154
 2571 -153
 1139 -152
 771 -151
 186 -150
 17 -149
 0 -148
 0 -147
 0 -146
 0 -145
 0 -144
 0 -143
 0 -142
 0 -141
 0 -140


