# Created by Octave 3.8.2, Sat Jun 20 14:25:53 2020 CEST <damian@fptrucha.inv.usc.es>
# name: hd
# type: matrix
# rows: 41
# columns: 2
 0 -180
 0 -179
 1 -178
 0 -177
 0 -176
 1 -175
 1 -174
 0 -173
 0 -172
 0 -171
 2 -170
 0 -169
 7 -168
 3 -167
 5 -166
 52 -165
 332 -164
 1128 -163
 1653 -162
 3008 -161
 3611 -160
 4006 -159
 3906 -158
 3092 -157
 3940 -156
 3822 -155
 3650 -154
 3000 -153
 1354 -152
 947 -151
 254 -150
 12 -149
 0 -148
 0 -147
 0 -146
 0 -145
 0 -144
 0 -143
 0 -142
 0 -141
 0 -140


