# Created by Octave 3.8.2, Sun Jun 21 07:42:16 2020 CEST <damian@fptrucha.inv.usc.es>
# name: hd
# type: matrix
# rows: 41
# columns: 2
 0 -180
 0 -179
 0 -178
 0 -177
 0 -176
 0 -175
 0 -174
 0 -173
 0 -172
 0 -171
 2 -170
 2 -169
 6 -168
 3 -167
 10 -166
 53 -165
 342 -164
 1090 -163
 1599 -162
 2845 -161
 3536 -160
 3873 -159
 3828 -158
 3079 -157
 3676 -156
 3810 -155
 3478 -154
 2805 -153
 1214 -152
 844 -151
 222 -150
 18 -149
 0 -148
 0 -147
 0 -146
 0 -145
 0 -144
 0 -143
 0 -142
 0 -141
 0 -140


