# Created by Octave 3.8.2, Sun Jun 21 03:56:10 2020 CEST <damian@fptrucha.inv.usc.es>
# name: hd
# type: matrix
# rows: 41
# columns: 2
 0 -180
 1 -179
 4 -178
 1 -177
 1 -176
 0 -175
 0 -174
 1 -173
 0 -172
 0 -171
 1 -170
 4 -169
 3 -168
 6 -167
 8 -166
 63 -165
 338 -164
 1068 -163
 1596 -162
 2766 -161
 3455 -160
 3716 -159
 3651 -158
 2845 -157
 3651 -156
 3625 -155
 3341 -154
 2574 -153
 1253 -152
 837 -151
 221 -150
 14 -149
 0 -148
 0 -147
 0 -146
 0 -145
 0 -144
 0 -143
 0 -142
 0 -141
 0 -140


