# Created by Octave 3.8.2, Mon Jun 22 21:38:39 2020 CEST <damian@fptrucha.inv.usc.es>
# name: hd
# type: matrix
# rows: 41
# columns: 2
 1 -180
 3 -179
 0 -178
 0 -177
 1 -176
 1 -175
 4 -174
 4 -173
 0 -172
 1 -171
 2 -170
 3 -169
 9 -168
 7 -167
 14 -166
 87 -165
 368 -164
 1193 -163
 1821 -162
 3171 -161
 3737 -160
 4031 -159
 3940 -158
 3008 -157
 3919 -156
 3988 -155
 3670 -154
 2719 -153
 1229 -152
 793 -151
 190 -150
 16 -149
 0 -148
 0 -147
 0 -146
 0 -145
 0 -144
 0 -143
 0 -142
 0 -141
 0 -140


