# Created by Octave 3.8.2, Sat Jun 20 16:35:20 2020 CEST <damian@fptrucha.inv.usc.es>
# name: hd
# type: matrix
# rows: 41
# columns: 2
 0 -180
 1 -179
 1 -178
 2 -177
 0 -176
 0 -175
 1 -174
 1 -173
 1 -172
 1 -171
 0 -170
 2 -169
 2 -168
 2 -167
 8 -166
 62 -165
 330 -164
 1048 -163
 1637 -162
 2961 -161
 3579 -160
 3827 -159
 3869 -158
 2981 -157
 3800 -156
 3648 -155
 3485 -154
 2739 -153
 1248 -152
 834 -151
 238 -150
 19 -149
 0 -148
 0 -147
 0 -146
 0 -145
 0 -144
 0 -143
 0 -142
 0 -141
 0 -140


