# Created by Octave 3.8.2, Mon Jun 22 03:28:37 2020 CEST <damian@fptrucha.inv.usc.es>
# name: hd
# type: matrix
# rows: 41
# columns: 2
 1 -180
 4 -179
 1 -178
 5 -177
 1 -176
 0 -175
 1 -174
 4 -173
 2 -172
 3 -171
 5 -170
 6 -169
 9 -168
 2 -167
 10 -166
 108 -165
 476 -164
 1215 -163
 1528 -162
 2843 -161
 3405 -160
 3651 -159
 3494 -158
 2624 -157
 3548 -156
 3454 -155
 3081 -154
 2279 -153
 926 -152
 677 -151
 160 -150
 9 -149
 0 -148
 0 -147
 0 -146
 0 -145
 0 -144
 0 -143
 0 -142
 0 -141
 0 -140


