# Created by Octave 3.8.2, Mon Jun 22 13:59:46 2020 CEST <damian@fptrucha.inv.usc.es>
# name: hd
# type: matrix
# rows: 41
# columns: 2
 3 -180
 6 -179
 1 -178
 1 -177
 1 -176
 2 -175
 3 -174
 2 -173
 2 -172
 4 -171
 6 -170
 6 -169
 8 -168
 5 -167
 15 -166
 119 -165
 512 -164
 1310 -163
 1665 -162
 3109 -161
 3671 -160
 4039 -159
 3839 -158
 2775 -157
 3782 -156
 3745 -155
 3442 -154
 2485 -153
 960 -152
 666 -151
 160 -150
 3 -149
 0 -148
 0 -147
 0 -146
 0 -145
 0 -144
 0 -143
 0 -142
 0 -141
 0 -140


