# Created by Octave 3.8.2, Sat Jun 20 09:30:41 2020 CEST <damian@fptrucha.inv.usc.es>
# name: hd
# type: matrix
# rows: 41
# columns: 2
 0 -180
 0 -179
 1 -178
 0 -177
 0 -176
 0 -175
 0 -174
 1 -173
 1 -172
 1 -171
 1 -170
 3 -169
 3 -168
 6 -167
 5 -166
 76 -165
 438 -164
 1271 -163
 1901 -162
 3280 -161
 3994 -160
 4272 -159
 4215 -158
 3299 -157
 4159 -156
 4137 -155
 3997 -154
 3005 -153
 1428 -152
 972 -151
 249 -150
 18 -149
 0 -148
 0 -147
 0 -146
 0 -145
 0 -144
 0 -143
 0 -142
 0 -141
 0 -140


