# Created by Octave 3.8.2, Mon Jun 22 16:31:05 2020 CEST <damian@fptrucha.inv.usc.es>
# name: hd
# type: matrix
# rows: 41
# columns: 2
 1 -180
 0 -179
 1 -178
 3 -177
 2 -176
 4 -175
 1 -174
 1 -173
 0 -172
 5 -171
 1 -170
 3 -169
 4 -168
 8 -167
 11 -166
 96 -165
 487 -164
 1346 -163
 1754 -162
 3201 -161
 3768 -160
 4000 -159
 3941 -158
 2791 -157
 3811 -156
 3853 -155
 3480 -154
 2528 -153
 1020 -152
 705 -151
 139 -150
 9 -149
 0 -148
 0 -147
 0 -146
 0 -145
 0 -144
 0 -143
 0 -142
 0 -141
 0 -140


