# Created by Octave 3.8.2, Mon Jun 22 21:19:02 2020 CEST <damian@fptrucha.inv.usc.es>
# name: hd
# type: matrix
# rows: 41
# columns: 2
 0 -180
 0 -179
 1 -178
 1 -177
 2 -176
 2 -175
 1 -174
 1 -173
 0 -172
 4 -171
 3 -170
 3 -169
 4 -168
 2 -167
 23 -166
 92 -165
 486 -164
 1461 -163
 1798 -162
 3277 -161
 3893 -160
 4113 -159
 4060 -158
 2914 -157
 3964 -156
 3953 -155
 3582 -154
 2581 -153
 1031 -152
 728 -151
 150 -150
 10 -149
 0 -148
 0 -147
 0 -146
 0 -145
 0 -144
 0 -143
 0 -142
 0 -141
 0 -140


