# Created by Octave 3.8.2, Sat Jun 20 06:58:53 2020 CEST <damian@fptrucha.inv.usc.es>
# name: hd
# type: matrix
# rows: 41
# columns: 2
 0 -180
 1 -179
 0 -178
 2 -177
 0 -176
 2 -175
 1 -174
 1 -173
 1 -172
 0 -171
 0 -170
 5 -169
 4 -168
 6 -167
 8 -166
 75 -165
 401 -164
 1241 -163
 1702 -162
 3086 -161
 4037 -160
 4278 -159
 4305 -158
 3385 -157
 4293 -156
 4063 -155
 3810 -154
 2931 -153
 1348 -152
 946 -151
 255 -150
 14 -149
 0 -148
 0 -147
 0 -146
 0 -145
 0 -144
 0 -143
 0 -142
 0 -141
 0 -140


