# Created by Octave 3.8.2, Mon Jun 22 15:39:46 2020 CEST <damian@fptrucha.inv.usc.es>
# name: hd
# type: matrix
# rows: 41
# columns: 2
 0 -180
 0 -179
 0 -178
 0 -177
 1 -176
 0 -175
 0 -174
 3 -173
 0 -172
 2 -171
 2 -170
 7 -169
 5 -168
 5 -167
 17 -166
 99 -165
 489 -164
 1366 -163
 1661 -162
 3143 -161
 3700 -160
 3960 -159
 3838 -158
 2858 -157
 3918 -156
 3911 -155
 3487 -154
 2622 -153
 1029 -152
 754 -151
 152 -150
 2 -149
 0 -148
 0 -147
 0 -146
 0 -145
 0 -144
 0 -143
 0 -142
 0 -141
 0 -140


