# Created by Octave 3.8.2, Mon Jun 22 17:29:22 2020 CEST <damian@fptrucha.inv.usc.es>
# name: hd
# type: matrix
# rows: 41
# columns: 2
 2 -180
 2 -179
 2 -178
 1 -177
 1 -176
 3 -175
 3 -174
 1 -173
 0 -172
 2 -171
 3 -170
 3 -169
 6 -168
 1 -167
 14 -166
 94 -165
 487 -164
 1322 -163
 1771 -162
 3142 -161
 3803 -160
 3976 -159
 3849 -158
 2836 -157
 3934 -156
 3768 -155
 3423 -154
 2499 -153
 1030 -152
 711 -151
 163 -150
 4 -149
 0 -148
 0 -147
 0 -146
 0 -145
 0 -144
 0 -143
 0 -142
 0 -141
 0 -140


