# Created by Octave 3.8.2, Sun Jun 21 00:26:42 2020 CEST <damian@fptrucha.inv.usc.es>
# name: hd
# type: matrix
# rows: 41
# columns: 2
 0 -180
 0 -179
 1 -178
 2 -177
 1 -176
 0 -175
 2 -174
 0 -173
 0 -172
 1 -171
 1 -170
 1 -169
 3 -168
 2 -167
 9 -166
 76 -165
 339 -164
 971 -163
 1547 -162
 2826 -161
 3321 -160
 3713 -159
 3561 -158
 2797 -157
 3527 -156
 3589 -155
 3295 -154
 2588 -153
 1154 -152
 780 -151
 209 -150
 11 -149
 0 -148
 0 -147
 0 -146
 0 -145
 0 -144
 0 -143
 0 -142
 0 -141
 0 -140


