# Created by Octave 3.8.2, Mon Jun 22 02:03:03 2020 CEST <damian@fptrucha.inv.usc.es>
# name: hd
# type: matrix
# rows: 41
# columns: 2
 0 -180
 0 -179
 1 -178
 1 -177
 1 -176
 2 -175
 1 -174
 2 -173
 1 -172
 2 -171
 1 -170
 3 -169
 5 -168
 10 -167
 8 -166
 102 -165
 486 -164
 1316 -163
 1708 -162
 3065 -161
 3803 -160
 4014 -159
 3700 -158
 2744 -157
 3766 -156
 3797 -155
 3288 -154
 2389 -153
 995 -152
 775 -151
 166 -150
 7 -149
 0 -148
 0 -147
 0 -146
 0 -145
 0 -144
 0 -143
 0 -142
 0 -141
 0 -140


