# Created by Octave 3.8.2, Mon Jun 22 20:28:17 2020 CEST <damian@fptrucha.inv.usc.es>
# name: hd
# type: matrix
# rows: 41
# columns: 2
 4 -180
 1 -179
 1 -178
 1 -177
 2 -176
 3 -175
 0 -174
 4 -173
 1 -172
 3 -171
 3 -170
 5 -169
 4 -168
 9 -167
 12 -166
 109 -165
 450 -164
 1308 -163
 1791 -162
 3221 -161
 3862 -160
 4072 -159
 3932 -158
 2937 -157
 3952 -156
 3839 -155
 3460 -154
 2676 -153
 1097 -152
 760 -151
 151 -150
 4 -149
 0 -148
 0 -147
 0 -146
 0 -145
 0 -144
 0 -143
 0 -142
 0 -141
 0 -140


