# Created by Octave 3.8.2, Sat Jun 20 08:58:48 2020 CEST <damian@fptrucha.inv.usc.es>
# name: hd
# type: matrix
# rows: 41
# columns: 2
 1 -180
 0 -179
 0 -178
 0 -177
 0 -176
 1 -175
 0 -174
 0 -173
 1 -172
 0 -171
 5 -170
 5 -169
 0 -168
 4 -167
 8 -166
 94 -165
 408 -164
 1290 -163
 1817 -162
 3257 -161
 3948 -160
 4277 -159
 4391 -158
 3359 -157
 4204 -156
 4283 -155
 3949 -154
 2999 -153
 1474 -152
 942 -151
 261 -150
 13 -149
 0 -148
 0 -147
 0 -146
 0 -145
 0 -144
 0 -143
 0 -142
 0 -141
 0 -140


