# Created by Octave 3.8.2, Mon Jun 22 15:03:01 2020 CEST <damian@fptrucha.inv.usc.es>
# name: hd
# type: matrix
# rows: 41
# columns: 2
 0 -180
 2 -179
 1 -178
 0 -177
 1 -176
 0 -175
 0 -174
 3 -173
 2 -172
 3 -171
 2 -170
 2 -169
 3 -168
 3 -167
 19 -166
 85 -165
 547 -164
 1331 -163
 1662 -162
 3047 -161
 3816 -160
 3915 -159
 3859 -158
 2823 -157
 3802 -156
 3751 -155
 3494 -154
 2549 -153
 1060 -152
 744 -151
 143 -150
 8 -149
 0 -148
 0 -147
 0 -146
 0 -145
 0 -144
 0 -143
 0 -142
 0 -141
 0 -140


