# Created by Octave 3.8.2, Tue Jun 23 00:44:57 2020 CEST <damian@fptrucha.inv.usc.es>
# name: hd
# type: matrix
# rows: 41
# columns: 2
 1 -180
 2 -179
 0 -178
 0 -177
 1 -176
 4 -175
 2 -174
 2 -173
 0 -172
 0 -171
 2 -170
 6 -169
 5 -168
 2 -167
 8 -166
 84 -165
 422 -164
 1261 -163
 1819 -162
 3166 -161
 3819 -160
 4076 -159
 3985 -158
 3246 -157
 3955 -156
 3969 -155
 3653 -154
 2762 -153
 1236 -152
 826 -151
 175 -150
 15 -149
 0 -148
 0 -147
 0 -146
 0 -145
 0 -144
 0 -143
 0 -142
 0 -141
 0 -140


