# Created by Octave 3.8.2, Mon Jun 22 03:16:59 2020 CEST <damian@fptrucha.inv.usc.es>
# name: hd
# type: matrix
# rows: 41
# columns: 2
 2 -180
 4 -179
 3 -178
 0 -177
 2 -176
 3 -175
 4 -174
 8 -173
 3 -172
 6 -171
 7 -170
 7 -169
 1 -168
 4 -167
 10 -166
 87 -165
 396 -164
 1195 -163
 1526 -162
 2791 -161
 3376 -160
 3532 -159
 3473 -158
 2586 -157
 3584 -156
 3456 -155
 3212 -154
 2330 -153
 963 -152
 675 -151
 136 -150
 3 -149
 0 -148
 0 -147
 0 -146
 0 -145
 0 -144
 0 -143
 0 -142
 0 -141
 0 -140


