# Created by Octave 3.8.2, Mon Jun 22 14:06:47 2020 CEST <damian@fptrucha.inv.usc.es>
# name: hd
# type: matrix
# rows: 41
# columns: 2
 0 -180
 0 -179
 4 -178
 1 -177
 2 -176
 4 -175
 1 -174
 2 -173
 0 -172
 2 -171
 5 -170
 3 -169
 5 -168
 11 -167
 13 -166
 103 -165
 479 -164
 1358 -163
 1593 -162
 3104 -161
 3698 -160
 3844 -159
 3754 -158
 2777 -157
 3762 -156
 3766 -155
 3495 -154
 2502 -153
 936 -152
 702 -151
 145 -150
 3 -149
 0 -148
 0 -147
 0 -146
 0 -145
 0 -144
 0 -143
 0 -142
 0 -141
 0 -140


