# Created by Octave 3.8.2, Mon Jun 22 11:32:04 2020 CEST <damian@fptrucha.inv.usc.es>
# name: hd
# type: matrix
# rows: 41
# columns: 2
 2 -180
 3 -179
 4 -178
 1 -177
 3 -176
 0 -175
 2 -174
 4 -173
 1 -172
 3 -171
 1 -170
 5 -169
 1 -168
 6 -167
 13 -166
 101 -165
 447 -164
 1283 -163
 1616 -162
 3078 -161
 3607 -160
 3764 -159
 3698 -158
 2673 -157
 3679 -156
 3736 -155
 3292 -154
 2419 -153
 1032 -152
 706 -151
 181 -150
 8 -149
 0 -148
 0 -147
 0 -146
 0 -145
 0 -144
 0 -143
 0 -142
 0 -141
 0 -140


