# Created by Octave 3.8.2, Mon Jun 22 17:08:18 2020 CEST <damian@fptrucha.inv.usc.es>
# name: hd
# type: matrix
# rows: 41
# columns: 2
 1 -180
 2 -179
 1 -178
 2 -177
 0 -176
 2 -175
 2 -174
 3 -173
 1 -172
 3 -171
 1 -170
 4 -169
 8 -168
 3 -167
 15 -166
 105 -165
 532 -164
 1395 -163
 1713 -162
 3181 -161
 3799 -160
 3944 -159
 3886 -158
 2854 -157
 3935 -156
 3901 -155
 3478 -154
 2503 -153
 1074 -152
 710 -151
 158 -150
 4 -149
 0 -148
 0 -147
 0 -146
 0 -145
 0 -144
 0 -143
 0 -142
 0 -141
 0 -140


