# Created by Octave 3.8.2, Mon Jun 22 18:33:12 2020 CEST <damian@fptrucha.inv.usc.es>
# name: hd
# type: matrix
# rows: 41
# columns: 2
 3 -180
 1 -179
 2 -178
 2 -177
 0 -176
 2 -175
 0 -174
 2 -173
 2 -172
 0 -171
 4 -170
 9 -169
 8 -168
 7 -167
 17 -166
 89 -165
 474 -164
 1405 -163
 1672 -162
 3136 -161
 3906 -160
 3951 -159
 3867 -158
 2878 -157
 3787 -156
 3873 -155
 3567 -154
 2594 -153
 1119 -152
 734 -151
 178 -150
 10 -149
 0 -148
 0 -147
 0 -146
 0 -145
 0 -144
 0 -143
 0 -142
 0 -141
 0 -140


