# Created by Octave 3.8.2, Mon Jun 22 07:49:24 2020 CEST <damian@fptrucha.inv.usc.es>
# name: hd
# type: matrix
# rows: 41
# columns: 2
 5 -180
 3 -179
 3 -178
 0 -177
 2 -176
 2 -175
 0 -174
 1 -173
 1 -172
 1 -171
 6 -170
 3 -169
 6 -168
 6 -167
 10 -166
 90 -165
 427 -164
 1229 -163
 1600 -162
 2902 -161
 3593 -160
 3614 -159
 3553 -158
 2662 -157
 3601 -156
 3609 -155
 3253 -154
 2396 -153
 1003 -152
 694 -151
 152 -150
 8 -149
 0 -148
 0 -147
 0 -146
 0 -145
 0 -144
 0 -143
 0 -142
 0 -141
 0 -140


