# Created by Octave 3.8.2, Sun Jun 21 03:17:18 2020 CEST <damian@fptrucha.inv.usc.es>
# name: hd
# type: matrix
# rows: 41
# columns: 2
 0 -180
 1 -179
 0 -178
 0 -177
 0 -176
 1 -175
 1 -174
 1 -173
 0 -172
 1 -171
 0 -170
 2 -169
 4 -168
 1 -167
 3 -166
 67 -165
 332 -164
 1029 -163
 1583 -162
 2832 -161
 3493 -160
 3614 -159
 3574 -158
 2798 -157
 3613 -156
 3642 -155
 3412 -154
 2557 -153
 1217 -152
 788 -151
 228 -150
 17 -149
 0 -148
 0 -147
 0 -146
 0 -145
 0 -144
 0 -143
 0 -142
 0 -141
 0 -140


