# Created by Octave 3.8.2, Sat Jun 20 02:48:24 2020 CEST <damian@fptrucha.inv.usc.es>
# name: hd
# type: matrix
# rows: 41
# columns: 2
 1 -180
 0 -179
 2 -178
 0 -177
 0 -176
 0 -175
 2 -174
 1 -173
 1 -172
 3 -171
 6 -170
 2 -169
 2 -168
 5 -167
 8 -166
 64 -165
 398 -164
 1149 -163
 1739 -162
 3114 -161
 3855 -160
 3955 -159
 4072 -158
 3231 -157
 3959 -156
 3964 -155
 3629 -154
 2775 -153
 1282 -152
 877 -151
 241 -150
 17 -149
 0 -148
 0 -147
 0 -146
 0 -145
 0 -144
 0 -143
 0 -142
 0 -141
 0 -140


