# Created by Octave 3.8.2, Sat Jun 20 08:13:50 2020 CEST <damian@fptrucha.inv.usc.es>
# name: hd
# type: matrix
# rows: 41
# columns: 2
 1 -180
 1 -179
 0 -178
 0 -177
 0 -176
 1 -175
 0 -174
 2 -173
 0 -172
 1 -171
 3 -170
 6 -169
 4 -168
 6 -167
 11 -166
 68 -165
 375 -164
 1259 -163
 1930 -162
 3239 -161
 4099 -160
 4341 -159
 4206 -158
 3249 -157
 4131 -156
 4258 -155
 3853 -154
 3079 -153
 1374 -152
 982 -151
 229 -150
 20 -149
 0 -148
 0 -147
 0 -146
 0 -145
 0 -144
 0 -143
 0 -142
 0 -141
 0 -140


