# Created by Octave 3.8.2, Sun Jun 21 00:57:23 2020 CEST <damian@fptrucha.inv.usc.es>
# name: hd
# type: matrix
# rows: 41
# columns: 2
 0 -180
 1 -179
 0 -178
 0 -177
 1 -176
 1 -175
 0 -174
 2 -173
 1 -172
 0 -171
 1 -170
 3 -169
 4 -168
 3 -167
 6 -166
 72 -165
 353 -164
 1030 -163
 1664 -162
 2808 -161
 3444 -160
 3601 -159
 3554 -158
 2885 -157
 3522 -156
 3578 -155
 3331 -154
 2603 -153
 1183 -152
 820 -151
 207 -150
 14 -149
 0 -148
 0 -147
 0 -146
 0 -145
 0 -144
 0 -143
 0 -142
 0 -141
 0 -140


