# Created by Octave 3.8.2, Sun Jun 21 03:19:29 2020 CEST <damian@fptrucha.inv.usc.es>
# name: hd
# type: matrix
# rows: 41
# columns: 2
 1 -180
 1 -179
 1 -178
 0 -177
 0 -176
 2 -175
 0 -174
 0 -173
 0 -172
 1 -171
 1 -170
 1 -169
 1 -168
 5 -167
 4 -166
 62 -165
 347 -164
 1083 -163
 1605 -162
 2743 -161
 3389 -160
 3689 -159
 3572 -158
 2866 -157
 3520 -156
 3588 -155
 3274 -154
 2477 -153
 1179 -152
 801 -151
 208 -150
 13 -149
 0 -148
 0 -147
 0 -146
 0 -145
 0 -144
 0 -143
 0 -142
 0 -141
 0 -140


