# Created by Octave 3.8.2, Sat Jun 20 02:21:56 2020 CEST <damian@fptrucha.inv.usc.es>
# name: hd
# type: matrix
# rows: 41
# columns: 2
 0 -180
 1 -179
 0 -178
 0 -177
 1 -176
 3 -175
 0 -174
 0 -173
 1 -172
 0 -171
 0 -170
 4 -169
 2 -168
 2 -167
 13 -166
 78 -165
 397 -164
 1181 -163
 1736 -162
 3026 -161
 3817 -160
 4093 -159
 4026 -158
 3266 -157
 3926 -156
 3944 -155
 3619 -154
 2756 -153
 1245 -152
 862 -151
 255 -150
 9 -149
 0 -148
 0 -147
 0 -146
 0 -145
 0 -144
 0 -143
 0 -142
 0 -141
 0 -140


