# Created by Octave 3.8.2, Sat Jun 20 06:28:11 2020 CEST <damian@fptrucha.inv.usc.es>
# name: hd
# type: matrix
# rows: 41
# columns: 2
 0 -180
 0 -179
 1 -178
 0 -177
 0 -176
 0 -175
 0 -174
 1 -173
 1 -172
 1 -171
 4 -170
 3 -169
 2 -168
 5 -167
 4 -166
 70 -165
 427 -164
 1178 -163
 1957 -162
 3256 -161
 4005 -160
 4275 -159
 4288 -158
 3301 -157
 4103 -156
 4116 -155
 3983 -154
 2967 -153
 1379 -152
 911 -151
 217 -150
 13 -149
 0 -148
 0 -147
 0 -146
 0 -145
 0 -144
 0 -143
 0 -142
 0 -141
 0 -140


