# Created by Octave 3.8.2, Mon Jun 22 23:29:14 2020 CEST <damian@fptrucha.inv.usc.es>
# name: hd
# type: matrix
# rows: 41
# columns: 2
 2 -180
 0 -179
 0 -178
 0 -177
 1 -176
 0 -175
 4 -174
 1 -173
 2 -172
 2 -171
 4 -170
 4 -169
 5 -168
 7 -167
 9 -166
 78 -165
 417 -164
 1252 -163
 1801 -162
 3140 -161
 3911 -160
 4007 -159
 4032 -158
 3185 -157
 3975 -156
 3992 -155
 3679 -154
 2732 -153
 1300 -152
 832 -151
 225 -150
 12 -149
 0 -148
 0 -147
 0 -146
 0 -145
 0 -144
 0 -143
 0 -142
 0 -141
 0 -140


