# Created by Octave 3.8.2, Sat Jun 20 13:25:05 2020 CEST <damian@fptrucha.inv.usc.es>
# name: hd
# type: matrix
# rows: 41
# columns: 2
 1 -180
 2 -179
 0 -178
 0 -177
 1 -176
 0 -175
 0 -174
 1 -173
 1 -172
 0 -171
 1 -170
 2 -169
 5 -168
 6 -167
 8 -166
 75 -165
 395 -164
 1125 -163
 1727 -162
 3104 -161
 3816 -160
 4029 -159
 4144 -158
 3217 -157
 3880 -156
 4087 -155
 3599 -154
 2867 -153
 1260 -152
 925 -151
 241 -150
 12 -149
 0 -148
 0 -147
 0 -146
 0 -145
 0 -144
 0 -143
 0 -142
 0 -141
 0 -140


