# Created by Octave 3.8.2, Sat Jun 20 19:33:04 2020 CEST <damian@fptrucha.inv.usc.es>
# name: hd
# type: matrix
# rows: 41
# columns: 2
 0 -180
 1 -179
 0 -178
 0 -177
 0 -176
 2 -175
 1 -174
 2 -173
 0 -172
 0 -171
 0 -170
 2 -169
 3 -168
 0 -167
 4 -166
 45 -165
 225 -164
 720 -163
 1046 -162
 1878 -161
 2297 -160
 2318 -159
 2399 -158
 1896 -157
 2427 -156
 2335 -155
 2197 -154
 1663 -153
 835 -152
 529 -151
 153 -150
 8 -149
 0 -148
 0 -147
 0 -146
 0 -145
 0 -144
 0 -143
 0 -142
 0 -141
 0 -140


