# Created by Octave 3.8.2, Sat Jun 20 06:47:50 2020 CEST <damian@fptrucha.inv.usc.es>
# name: hd
# type: matrix
# rows: 41
# columns: 2
 1 -180
 0 -179
 1 -178
 0 -177
 3 -176
 1 -175
 0 -174
 0 -173
 0 -172
 1 -171
 4 -170
 6 -169
 6 -168
 7 -167
 9 -166
 67 -165
 378 -164
 1212 -163
 1898 -162
 3286 -161
 3938 -160
 4300 -159
 4218 -158
 3252 -157
 4175 -156
 4088 -155
 3924 -154
 2904 -153
 1300 -152
 947 -151
 244 -150
 18 -149
 0 -148
 0 -147
 0 -146
 0 -145
 0 -144
 0 -143
 0 -142
 0 -141
 0 -140


