# Created by Octave 3.8.2, Mon Jun 22 22:30:42 2020 CEST <damian@fptrucha.inv.usc.es>
# name: hd
# type: matrix
# rows: 41
# columns: 2
 2 -180
 0 -179
 1 -178
 2 -177
 0 -176
 2 -175
 0 -174
 2 -173
 0 -172
 2 -171
 3 -170
 7 -169
 4 -168
 7 -167
 11 -166
 74 -165
 440 -164
 1249 -163
 1723 -162
 3119 -161
 3761 -160
 3993 -159
 4092 -158
 3145 -157
 3911 -156
 3963 -155
 3571 -154
 2827 -153
 1277 -152
 864 -151
 229 -150
 13 -149
 0 -148
 0 -147
 0 -146
 0 -145
 0 -144
 0 -143
 0 -142
 0 -141
 0 -140


