# Created by Octave 3.8.2, Sat Jun 20 23:01:23 2020 CEST <damian@fptrucha.inv.usc.es>
# name: hd
# type: matrix
# rows: 41
# columns: 2
 0 -180
 1 -179
 0 -178
 0 -177
 0 -176
 0 -175
 0 -174
 0 -173
 0 -172
 1 -171
 4 -170
 2 -169
 2 -168
 1 -167
 12 -166
 61 -165
 346 -164
 1087 -163
 1604 -162
 2770 -161
 3474 -160
 3661 -159
 3722 -158
 2951 -157
 3679 -156
 3595 -155
 3277 -154
 2612 -153
 1279 -152
 809 -151
 220 -150
 19 -149
 0 -148
 0 -147
 0 -146
 0 -145
 0 -144
 0 -143
 0 -142
 0 -141
 0 -140


