# Created by Octave 3.8.2, Mon Jun 22 04:19:00 2020 CEST <damian@fptrucha.inv.usc.es>
# name: hd
# type: matrix
# rows: 41
# columns: 2
 2 -180
 7 -179
 3 -178
 1 -177
 3 -176
 2 -175
 1 -174
 3 -173
 5 -172
 5 -171
 5 -170
 7 -169
 4 -168
 5 -167
 9 -166
 112 -165
 442 -164
 1247 -163
 1527 -162
 2717 -161
 3381 -160
 3458 -159
 3453 -158
 2549 -157
 3443 -156
 3348 -155
 3037 -154
 2089 -153
 895 -152
 582 -151
 132 -150
 2 -149
 0 -148
 0 -147
 0 -146
 0 -145
 0 -144
 0 -143
 0 -142
 0 -141
 0 -140


