# Created by Octave 3.8.2, Mon Jun 22 01:18:02 2020 CEST <damian@fptrucha.inv.usc.es>
# name: hd
# type: matrix
# rows: 41
# columns: 2
 0 -180
 1 -179
 1 -178
 0 -177
 2 -176
 1 -175
 2 -174
 1 -173
 0 -172
 0 -171
 1 -170
 5 -169
 3 -168
 4 -167
 9 -166
 51 -165
 341 -164
 1060 -163
 1597 -162
 2588 -161
 3529 -160
 3731 -159
 3731 -158
 3025 -157
 3539 -156
 3665 -155
 3359 -154
 2718 -153
 1223 -152
 861 -151
 222 -150
 12 -149
 0 -148
 0 -147
 0 -146
 0 -145
 0 -144
 0 -143
 0 -142
 0 -141
 0 -140


