# Created by Octave 3.8.2, Sat Jun 20 06:57:23 2020 CEST <damian@fptrucha.inv.usc.es>
# name: hd
# type: matrix
# rows: 41
# columns: 2
 0 -180
 1 -179
 0 -178
 0 -177
 0 -176
 0 -175
 0 -174
 0 -173
 2 -172
 0 -171
 2 -170
 3 -169
 1 -168
 3 -167
 4 -166
 46 -165
 277 -164
 844 -163
 1179 -162
 2108 -161
 2595 -160
 2743 -159
 2808 -158
 2144 -157
 2719 -156
 2701 -155
 2563 -154
 1980 -153
 893 -152
 630 -151
 158 -150
 16 -149
 0 -148
 0 -147
 0 -146
 0 -145
 0 -144
 0 -143
 0 -142
 0 -141
 0 -140


