# Created by Octave 3.8.2, Mon Jun 22 10:21:26 2020 CEST <damian@fptrucha.inv.usc.es>
# name: hd
# type: matrix
# rows: 41
# columns: 2
 1 -180
 4 -179
 4 -178
 4 -177
 2 -176
 5 -175
 3 -174
 6 -173
 1 -172
 1 -171
 2 -170
 4 -169
 6 -168
 5 -167
 12 -166
 84 -165
 412 -164
 1216 -163
 1642 -162
 3200 -161
 3636 -160
 3655 -159
 3755 -158
 2765 -157
 3659 -156
 3686 -155
 3434 -154
 2465 -153
 1010 -152
 671 -151
 169 -150
 5 -149
 0 -148
 0 -147
 0 -146
 0 -145
 0 -144
 0 -143
 0 -142
 0 -141
 0 -140


