# Created by Octave 3.8.2, Sun Jun 21 03:47:23 2020 CEST <damian@fptrucha.inv.usc.es>
# name: hd
# type: matrix
# rows: 41
# columns: 2
 1 -180
 1 -179
 0 -178
 0 -177
 1 -176
 0 -175
 0 -174
 0 -173
 0 -172
 1 -171
 3 -170
 4 -169
 5 -168
 3 -167
 6 -166
 74 -165
 354 -164
 1036 -163
 1621 -162
 2795 -161
 3533 -160
 3699 -159
 3661 -158
 2951 -157
 3541 -156
 3555 -155
 3305 -154
 2590 -153
 1209 -152
 822 -151
 225 -150
 16 -149
 0 -148
 0 -147
 0 -146
 0 -145
 0 -144
 0 -143
 0 -142
 0 -141
 0 -140


