# Created by Octave 3.8.2, Mon Jun 22 03:55:41 2020 CEST <damian@fptrucha.inv.usc.es>
# name: hd
# type: matrix
# rows: 41
# columns: 2
 2 -180
 2 -179
 2 -178
 1 -177
 2 -176
 2 -175
 2 -174
 2 -173
 0 -172
 1 -171
 3 -170
 4 -169
 7 -168
 7 -167
 12 -166
 102 -165
 446 -164
 1233 -163
 1546 -162
 2792 -161
 3314 -160
 3584 -159
 3505 -158
 2572 -157
 3450 -156
 3399 -155
 3167 -154
 2294 -153
 857 -152
 592 -151
 138 -150
 2 -149
 0 -148
 0 -147
 0 -146
 0 -145
 0 -144
 0 -143
 0 -142
 0 -141
 0 -140


