# Created by Octave 3.8.2, Sat Jun 20 15:04:09 2020 CEST <damian@fptrucha.inv.usc.es>
# name: hd
# type: matrix
# rows: 41
# columns: 2
 1 -180
 0 -179
 1 -178
 0 -177
 0 -176
 0 -175
 0 -174
 0 -173
 1 -172
 0 -171
 1 -170
 4 -169
 1 -168
 3 -167
 6 -166
 59 -165
 357 -164
 1072 -163
 1636 -162
 2944 -161
 3590 -160
 3924 -159
 3836 -158
 3034 -157
 3809 -156
 3810 -155
 3422 -154
 2768 -153
 1349 -152
 846 -151
 238 -150
 12 -149
 0 -148
 0 -147
 0 -146
 0 -145
 0 -144
 0 -143
 0 -142
 0 -141
 0 -140


