# Created by Octave 3.8.2, Sun Jun 21 04:31:59 2020 CEST <damian@fptrucha.inv.usc.es>
# name: hd
# type: matrix
# rows: 41
# columns: 2
 0 -180
 0 -179
 0 -178
 0 -177
 0 -176
 0 -175
 0 -174
 1 -173
 2 -172
 1 -171
 0 -170
 1 -169
 1 -168
 1 -167
 6 -166
 65 -165
 325 -164
 1073 -163
 1568 -162
 2735 -161
 3363 -160
 3558 -159
 3793 -158
 2860 -157
 3520 -156
 3582 -155
 3296 -154
 2573 -153
 1201 -152
 779 -151
 222 -150
 14 -149
 0 -148
 0 -147
 0 -146
 0 -145
 0 -144
 0 -143
 0 -142
 0 -141
 0 -140


