# Created by Octave 3.8.2, Sat Jun 20 20:41:33 2020 CEST <damian@fptrucha.inv.usc.es>
# name: hd
# type: matrix
# rows: 41
# columns: 2
 2 -180
 1 -179
 0 -178
 0 -177
 1 -176
 0 -175
 0 -174
 0 -173
 0 -172
 1 -171
 1 -170
 1 -169
 1 -168
 3 -167
 3 -166
 35 -165
 230 -164
 687 -163
 1104 -162
 1843 -161
 2361 -160
 2384 -159
 2430 -158
 1857 -157
 2411 -156
 2470 -155
 2282 -154
 1847 -153
 833 -152
 540 -151
 171 -150
 8 -149
 0 -148
 0 -147
 0 -146
 0 -145
 0 -144
 0 -143
 0 -142
 0 -141
 0 -140


