# Created by Octave 3.8.2, Mon Jun 22 16:17:09 2020 CEST <damian@fptrucha.inv.usc.es>
# name: hd
# type: matrix
# rows: 41
# columns: 2
 1 -180
 0 -179
 3 -178
 0 -177
 1 -176
 0 -175
 2 -174
 1 -173
 3 -172
 4 -171
 3 -170
 3 -169
 3 -168
 9 -167
 11 -166
 106 -165
 512 -164
 1419 -163
 1777 -162
 3166 -161
 3817 -160
 4000 -159
 3879 -158
 2805 -157
 3850 -156
 3843 -155
 3388 -154
 2535 -153
 956 -152
 685 -151
 166 -150
 2 -149
 0 -148
 0 -147
 0 -146
 0 -145
 0 -144
 0 -143
 0 -142
 0 -141
 0 -140


