# Created by Octave 3.8.2, Sun Jun 21 00:44:37 2020 CEST <damian@fptrucha.inv.usc.es>
# name: hd
# type: matrix
# rows: 41
# columns: 2
 0 -180
 1 -179
 2 -178
 0 -177
 2 -176
 1 -175
 1 -174
 0 -173
 0 -172
 4 -171
 3 -170
 0 -169
 1 -168
 3 -167
 11 -166
 56 -165
 312 -164
 1029 -163
 1526 -162
 2779 -161
 3371 -160
 3565 -159
 3590 -158
 2961 -157
 3531 -156
 3645 -155
 3273 -154
 2569 -153
 1147 -152
 828 -151
 200 -150
 9 -149
 0 -148
 0 -147
 0 -146
 0 -145
 0 -144
 0 -143
 0 -142
 0 -141
 0 -140


