# Created by Octave 3.8.2, Mon Jun 22 21:15:28 2020 CEST <damian@fptrucha.inv.usc.es>
# name: hd
# type: matrix
# rows: 41
# columns: 2
 2 -180
 0 -179
 0 -178
 1 -177
 1 -176
 2 -175
 0 -174
 0 -173
 0 -172
 1 -171
 3 -170
 7 -169
 4 -168
 4 -167
 4 -166
 98 -165
 496 -164
 1427 -163
 1805 -162
 3223 -161
 3787 -160
 4095 -159
 3961 -158
 2943 -157
 3957 -156
 3829 -155
 3567 -154
 2476 -153
 1011 -152
 711 -151
 162 -150
 6 -149
 0 -148
 0 -147
 0 -146
 0 -145
 0 -144
 0 -143
 0 -142
 0 -141
 0 -140


