# Created by Octave 3.8.2, Tue Jun 23 00:18:19 2020 CEST <damian@fptrucha.inv.usc.es>
# name: hd
# type: matrix
# rows: 41
# columns: 2
 1 -180
 0 -179
 1 -178
 0 -177
 1 -176
 0 -175
 0 -174
 1 -173
 0 -172
 1 -171
 2 -170
 6 -169
 3 -168
 5 -167
 15 -166
 82 -165
 449 -164
 1269 -163
 1898 -162
 3145 -161
 3982 -160
 4032 -159
 4132 -158
 3243 -157
 3940 -156
 3950 -155
 3660 -154
 2871 -153
 1331 -152
 832 -151
 208 -150
 10 -149
 0 -148
 0 -147
 0 -146
 0 -145
 0 -144
 0 -143
 0 -142
 0 -141
 0 -140


