# Created by Octave 3.8.2, Mon Jun 22 14:58:56 2020 CEST <damian@fptrucha.inv.usc.es>
# name: hd
# type: matrix
# rows: 41
# columns: 2
 1 -180
 4 -179
 1 -178
 3 -177
 1 -176
 2 -175
 0 -174
 2 -173
 2 -172
 4 -171
 4 -170
 4 -169
 2 -168
 5 -167
 13 -166
 106 -165
 492 -164
 1248 -163
 1731 -162
 3128 -161
 3708 -160
 3878 -159
 3929 -158
 2862 -157
 3699 -156
 3864 -155
 3449 -154
 2547 -153
 1074 -152
 706 -151
 179 -150
 4 -149
 0 -148
 0 -147
 0 -146
 0 -145
 0 -144
 0 -143
 0 -142
 0 -141
 0 -140


