# Created by Octave 3.8.2, Mon Jun 22 03:45:29 2020 CEST <damian@fptrucha.inv.usc.es>
# name: hd
# type: matrix
# rows: 41
# columns: 2
 4 -180
 1 -179
 1 -178
 4 -177
 0 -176
 3 -175
 2 -174
 3 -173
 0 -172
 3 -171
 1 -170
 4 -169
 2 -168
 6 -167
 10 -166
 100 -165
 483 -164
 1243 -163
 1521 -162
 2824 -161
 3455 -160
 3566 -159
 3468 -158
 2547 -157
 3500 -156
 3445 -155
 3171 -154
 2234 -153
 956 -152
 672 -151
 147 -150
 5 -149
 0 -148
 0 -147
 0 -146
 0 -145
 0 -144
 0 -143
 0 -142
 0 -141
 0 -140


