# Created by Octave 3.8.2, Sun Jun 21 07:28:48 2020 CEST <damian@fptrucha.inv.usc.es>
# name: hd
# type: matrix
# rows: 41
# columns: 2
 1 -180
 0 -179
 1 -178
 0 -177
 1 -176
 0 -175
 0 -174
 1 -173
 0 -172
 2 -171
 0 -170
 0 -169
 3 -168
 2 -167
 10 -166
 47 -165
 306 -164
 1043 -163
 1611 -162
 2804 -161
 3365 -160
 3610 -159
 3672 -158
 2936 -157
 3562 -156
 3570 -155
 3306 -154
 2557 -153
 1261 -152
 805 -151
 212 -150
 14 -149
 0 -148
 0 -147
 0 -146
 0 -145
 0 -144
 0 -143
 0 -142
 0 -141
 0 -140


