# Created by Octave 3.8.2, Mon Jun 22 18:53:26 2020 CEST <damian@fptrucha.inv.usc.es>
# name: hd
# type: matrix
# rows: 41
# columns: 2
 1 -180
 1 -179
 3 -178
 2 -177
 0 -176
 2 -175
 2 -174
 1 -173
 1 -172
 1 -171
 4 -170
 3 -169
 9 -168
 10 -167
 11 -166
 91 -165
 450 -164
 1360 -163
 1691 -162
 3059 -161
 3803 -160
 3963 -159
 3934 -158
 2914 -157
 3866 -156
 3923 -155
 3433 -154
 2573 -153
 1069 -152
 726 -151
 191 -150
 3 -149
 0 -148
 0 -147
 0 -146
 0 -145
 0 -144
 0 -143
 0 -142
 0 -141
 0 -140


