# Created by Octave 3.8.2, Sat Jun 20 23:28:24 2020 CEST <damian@fptrucha.inv.usc.es>
# name: hd
# type: matrix
# rows: 41
# columns: 2
 0 -180
 0 -179
 0 -178
 0 -177
 1 -176
 1 -175
 0 -174
 0 -173
 0 -172
 0 -171
 3 -170
 1 -169
 4 -168
 3 -167
 7 -166
 61 -165
 350 -164
 1068 -163
 1638 -162
 2788 -161
 3431 -160
 3655 -159
 3659 -158
 2861 -157
 3565 -156
 3681 -155
 3365 -154
 2524 -153
 1197 -152
 835 -151
 216 -150
 15 -149
 0 -148
 0 -147
 0 -146
 0 -145
 0 -144
 0 -143
 0 -142
 0 -141
 0 -140


