# Created by Octave 3.8.2, Sun Jun 21 05:03:53 2020 CEST <damian@fptrucha.inv.usc.es>
# name: hd
# type: matrix
# rows: 41
# columns: 2
 1 -180
 0 -179
 0 -178
 0 -177
 1 -176
 1 -175
 1 -174
 1 -173
 0 -172
 1 -171
 2 -170
 2 -169
 5 -168
 3 -167
 6 -166
 69 -165
 326 -164
 1110 -163
 1611 -162
 2916 -161
 3601 -160
 3711 -159
 3656 -158
 2891 -157
 3587 -156
 3718 -155
 3465 -154
 2585 -153
 1265 -152
 811 -151
 211 -150
 13 -149
 0 -148
 0 -147
 0 -146
 0 -145
 0 -144
 0 -143
 0 -142
 0 -141
 0 -140


