# Created by Octave 3.8.2, Mon Jun 22 08:37:38 2020 CEST <damian@fptrucha.inv.usc.es>
# name: hd
# type: matrix
# rows: 41
# columns: 2
 2 -180
 4 -179
 3 -178
 3 -177
 2 -176
 3 -175
 5 -174
 2 -173
 3 -172
 5 -171
 3 -170
 7 -169
 2 -168
 8 -167
 15 -166
 92 -165
 449 -164
 1313 -163
 1616 -162
 3059 -161
 3514 -160
 3718 -159
 3627 -158
 2754 -157
 3547 -156
 3511 -155
 3273 -154
 2398 -153
 991 -152
 644 -151
 154 -150
 4 -149
 0 -148
 0 -147
 0 -146
 0 -145
 0 -144
 0 -143
 0 -142
 0 -141
 0 -140


