# Created by Octave 3.8.2, Mon Jun 22 12:18:59 2020 CEST <damian@fptrucha.inv.usc.es>
# name: hd
# type: matrix
# rows: 41
# columns: 2
 1 -180
 0 -179
 0 -178
 2 -177
 3 -176
 2 -175
 1 -174
 2 -173
 1 -172
 5 -171
 4 -170
 5 -169
 7 -168
 5 -167
 9 -166
 100 -165
 461 -164
 1199 -163
 1697 -162
 3121 -161
 3607 -160
 3899 -159
 3580 -158
 2795 -157
 3696 -156
 3639 -155
 3447 -154
 2538 -153
 987 -152
 707 -151
 169 -150
 7 -149
 0 -148
 0 -147
 0 -146
 0 -145
 0 -144
 0 -143
 0 -142
 0 -141
 0 -140


