# Created by Octave 3.8.2, Mon Jun 22 03:11:39 2020 CEST <damian@fptrucha.inv.usc.es>
# name: hd
# type: matrix
# rows: 41
# columns: 2
 4 -180
 2 -179
 3 -178
 3 -177
 1 -176
 4 -175
 5 -174
 4 -173
 2 -172
 7 -171
 11 -170
 8 -169
 9 -168
 11 -167
 20 -166
 84 -165
 437 -164
 1226 -163
 1496 -162
 2822 -161
 3426 -160
 3553 -159
 3453 -158
 2555 -157
 3417 -156
 3440 -155
 3177 -154
 2315 -153
 959 -152
 643 -151
 165 -150
 6 -149
 0 -148
 0 -147
 0 -146
 0 -145
 0 -144
 0 -143
 0 -142
 0 -141
 0 -140


