# Created by Octave 3.8.2, Mon Jun 22 19:44:59 2020 CEST <damian@fptrucha.inv.usc.es>
# name: hd
# type: matrix
# rows: 41
# columns: 2
 1 -180
 0 -179
 3 -178
 2 -177
 1 -176
 5 -175
 2 -174
 0 -173
 2 -172
 3 -171
 3 -170
 3 -169
 9 -168
 6 -167
 9 -166
 77 -165
 501 -164
 1365 -163
 1755 -162
 3232 -161
 3772 -160
 4035 -159
 4006 -158
 2893 -157
 3889 -156
 3900 -155
 3578 -154
 2639 -153
 1063 -152
 720 -151
 183 -150
 5 -149
 0 -148
 0 -147
 0 -146
 0 -145
 0 -144
 0 -143
 0 -142
 0 -141
 0 -140


