# Created by Octave 3.8.2, Sat Jun 20 13:20:52 2020 CEST <damian@fptrucha.inv.usc.es>
# name: hd
# type: matrix
# rows: 41
# columns: 2
 1 -180
 0 -179
 0 -178
 0 -177
 1 -176
 0 -175
 1 -174
 1 -173
 2 -172
 1 -171
 1 -170
 2 -169
 3 -168
 1 -167
 7 -166
 69 -165
 384 -164
 1198 -163
 1743 -162
 3103 -161
 3849 -160
 4009 -159
 4005 -158
 3087 -157
 4029 -156
 3997 -155
 3626 -154
 2809 -153
 1329 -152
 947 -151
 218 -150
 23 -149
 0 -148
 0 -147
 0 -146
 0 -145
 0 -144
 0 -143
 0 -142
 0 -141
 0 -140


