# Created by Octave 3.8.2, Sun Jun 21 00:10:35 2020 CEST <damian@fptrucha.inv.usc.es>
# name: hd
# type: matrix
# rows: 41
# columns: 2
 1 -180
 0 -179
 0 -178
 0 -177
 2 -176
 0 -175
 2 -174
 0 -173
 0 -172
 0 -171
 1 -170
 3 -169
 2 -168
 3 -167
 5 -166
 43 -165
 233 -164
 692 -163
 1005 -162
 1826 -161
 2175 -160
 2409 -159
 2371 -158
 1945 -157
 2350 -156
 2300 -155
 2219 -154
 1707 -153
 808 -152
 544 -151
 153 -150
 11 -149
 1 -148
 0 -147
 0 -146
 0 -145
 0 -144
 0 -143
 0 -142
 0 -141
 0 -140


