# Created by Octave 3.8.2, Mon Jun 22 18:48:49 2020 CEST <damian@fptrucha.inv.usc.es>
# name: hd
# type: matrix
# rows: 41
# columns: 2
 1 -180
 2 -179
 0 -178
 1 -177
 0 -176
 1 -175
 1 -174
 5 -173
 2 -172
 3 -171
 2 -170
 3 -169
 7 -168
 5 -167
 9 -166
 108 -165
 477 -164
 1392 -163
 1785 -162
 3176 -161
 3824 -160
 4015 -159
 4025 -158
 2912 -157
 3725 -156
 3716 -155
 3567 -154
 2599 -153
 1121 -152
 754 -151
 159 -150
 1 -149
 0 -148
 0 -147
 0 -146
 0 -145
 0 -144
 0 -143
 0 -142
 0 -141
 0 -140


