# Created by Octave 3.8.2, Sat Jun 20 17:07:32 2020 CEST <damian@fptrucha.inv.usc.es>
# name: hd
# type: matrix
# rows: 41
# columns: 2
 0 -180
 1 -179
 1 -178
 0 -177
 1 -176
 0 -175
 0 -174
 0 -173
 0 -172
 3 -171
 3 -170
 1 -169
 3 -168
 5 -167
 9 -166
 55 -165
 366 -164
 1021 -163
 1654 -162
 2854 -161
 3567 -160
 3686 -159
 3758 -158
 2915 -157
 3691 -156
 3646 -155
 3513 -154
 2722 -153
 1153 -152
 804 -151
 227 -150
 13 -149
 0 -148
 0 -147
 0 -146
 0 -145
 0 -144
 0 -143
 0 -142
 0 -141
 0 -140


