# Created by Octave 3.8.2, Mon Jun 22 21:29:11 2020 CEST <damian@fptrucha.inv.usc.es>
# name: hd
# type: matrix
# rows: 41
# columns: 2
 2 -180
 1 -179
 2 -178
 0 -177
 3 -176
 1 -175
 2 -174
 0 -173
 0 -172
 0 -171
 6 -170
 3 -169
 5 -168
 8 -167
 8 -166
 94 -165
 494 -164
 1370 -163
 1871 -162
 3295 -161
 3895 -160
 4166 -159
 4038 -158
 2972 -157
 4015 -156
 4003 -155
 3515 -154
 2652 -153
 1041 -152
 773 -151
 161 -150
 2 -149
 0 -148
 0 -147
 0 -146
 0 -145
 0 -144
 0 -143
 0 -142
 0 -141
 0 -140


