# Created by Octave 3.8.2, Sat Jun 20 06:36:16 2020 CEST <damian@fptrucha.inv.usc.es>
# name: hd
# type: matrix
# rows: 41
# columns: 2
 0 -180
 4 -179
 0 -178
 0 -177
 0 -176
 1 -175
 1 -174
 1 -173
 0 -172
 2 -171
 1 -170
 6 -169
 6 -168
 3 -167
 8 -166
 68 -165
 411 -164
 1246 -163
 1892 -162
 3198 -161
 3868 -160
 4246 -159
 4256 -158
 3330 -157
 4197 -156
 4163 -155
 3823 -154
 3036 -153
 1331 -152
 889 -151
 231 -150
 13 -149
 0 -148
 0 -147
 0 -146
 0 -145
 0 -144
 0 -143
 0 -142
 0 -141
 0 -140


