# Created by Octave 3.8.2, Sun Jun 21 06:29:35 2020 CEST <damian@fptrucha.inv.usc.es>
# name: hd
# type: matrix
# rows: 41
# columns: 2
 0 -180
 1 -179
 2 -178
 0 -177
 0 -176
 0 -175
 0 -174
 0 -173
 1 -172
 0 -171
 1 -170
 2 -169
 4 -168
 4 -167
 5 -166
 51 -165
 313 -164
 1088 -163
 1543 -162
 2708 -161
 3353 -160
 3646 -159
 3665 -158
 2929 -157
 3508 -156
 3622 -155
 3303 -154
 2683 -153
 1232 -152
 756 -151
 215 -150
 18 -149
 0 -148
 0 -147
 0 -146
 0 -145
 0 -144
 0 -143
 0 -142
 0 -141
 0 -140


