# Created by Octave 3.8.2, Sat Jun 20 04:03:07 2020 CEST <damian@fptrucha.inv.usc.es>
# name: hd
# type: matrix
# rows: 41
# columns: 2
 0 -180
 1 -179
 0 -178
 0 -177
 0 -176
 1 -175
 1 -174
 0 -173
 1 -172
 3 -171
 0 -170
 1 -169
 6 -168
 2 -167
 10 -166
 75 -165
 412 -164
 1272 -163
 1846 -162
 3261 -161
 3893 -160
 4237 -159
 4128 -158
 3084 -157
 4063 -156
 3994 -155
 3847 -154
 2941 -153
 1416 -152
 848 -151
 235 -150
 15 -149
 0 -148
 0 -147
 0 -146
 0 -145
 0 -144
 0 -143
 0 -142
 0 -141
 0 -140


