# Created by Octave 3.8.2, Sat Jun 20 18:53:49 2020 CEST <damian@fptrucha.inv.usc.es>
# name: hd
# type: matrix
# rows: 41
# columns: 2
 2 -180
 0 -179
 0 -178
 0 -177
 0 -176
 0 -175
 1 -174
 0 -173
 0 -172
 0 -171
 2 -170
 3 -169
 9 -168
 3 -167
 10 -166
 68 -165
 352 -164
 1088 -163
 1630 -162
 2816 -161
 3685 -160
 3632 -159
 3708 -158
 3027 -157
 3747 -156
 3698 -155
 3403 -154
 2650 -153
 1236 -152
 854 -151
 252 -150
 16 -149
 0 -148
 0 -147
 0 -146
 0 -145
 0 -144
 0 -143
 0 -142
 0 -141
 0 -140


