# Created by Octave 3.8.2, Sat Jun 20 06:22:16 2020 CEST <damian@fptrucha.inv.usc.es>
# name: hd
# type: matrix
# rows: 41
# columns: 2
 0 -180
 1 -179
 0 -178
 0 -177
 0 -176
 0 -175
 0 -174
 0 -173
 0 -172
 0 -171
 2 -170
 5 -169
 6 -168
 4 -167
 8 -166
 89 -165
 401 -164
 1251 -163
 1902 -162
 3279 -161
 4074 -160
 4260 -159
 4084 -158
 3292 -157
 4242 -156
 4131 -155
 3837 -154
 2875 -153
 1356 -152
 946 -151
 221 -150
 16 -149
 0 -148
 0 -147
 0 -146
 0 -145
 0 -144
 0 -143
 0 -142
 0 -141
 0 -140


