# Created by Octave 3.8.2, Tue Jun 23 00:26:18 2020 CEST <damian@fptrucha.inv.usc.es>
# name: hd
# type: matrix
# rows: 41
# columns: 2
 2 -180
 3 -179
 1 -178
 0 -177
 2 -176
 1 -175
 0 -174
 4 -173
 2 -172
 2 -171
 4 -170
 7 -169
 1 -168
 5 -167
 11 -166
 82 -165
 399 -164
 1180 -163
 1829 -162
 3137 -161
 3748 -160
 4018 -159
 4064 -158
 3138 -157
 4047 -156
 3822 -155
 3744 -154
 2774 -153
 1286 -152
 855 -151
 236 -150
 10 -149
 0 -148
 0 -147
 0 -146
 0 -145
 0 -144
 0 -143
 0 -142
 0 -141
 0 -140


