# Created by Octave 3.8.2, Mon Jun 22 16:38:30 2020 CEST <damian@fptrucha.inv.usc.es>
# name: hd
# type: matrix
# rows: 41
# columns: 2
 0 -180
 0 -179
 2 -178
 3 -177
 2 -176
 1 -175
 1 -174
 2 -173
 2 -172
 5 -171
 3 -170
 6 -169
 9 -168
 3 -167
 14 -166
 111 -165
 547 -164
 1406 -163
 1708 -162
 3098 -161
 3762 -160
 3922 -159
 4005 -158
 2747 -157
 3862 -156
 3826 -155
 3413 -154
 2461 -153
 1016 -152
 733 -151
 163 -150
 5 -149
 0 -148
 0 -147
 0 -146
 0 -145
 0 -144
 0 -143
 0 -142
 0 -141
 0 -140


