# Created by Octave 3.8.2, Mon Jun 22 06:00:18 2020 CEST <damian@fptrucha.inv.usc.es>
# name: hd
# type: matrix
# rows: 41
# columns: 2
 0 -180
 3 -179
 2 -178
 1 -177
 2 -176
 7 -175
 2 -174
 7 -173
 1 -172
 2 -171
 4 -170
 7 -169
 8 -168
 6 -167
 8 -166
 86 -165
 433 -164
 1230 -163
 1582 -162
 2903 -161
 3469 -160
 3513 -159
 3462 -158
 2595 -157
 3489 -156
 3545 -155
 3185 -154
 2315 -153
 948 -152
 658 -151
 106 -150
 9 -149
 0 -148
 0 -147
 0 -146
 0 -145
 0 -144
 0 -143
 0 -142
 0 -141
 0 -140


