# Created by Octave 3.8.2, Sat Jun 20 15:09:29 2020 CEST <damian@fptrucha.inv.usc.es>
# name: hd
# type: matrix
# rows: 41
# columns: 2
 0 -180
 0 -179
 0 -178
 0 -177
 1 -176
 0 -175
 0 -174
 1 -173
 2 -172
 2 -171
 1 -170
 1 -169
 5 -168
 2 -167
 9 -166
 65 -165
 339 -164
 1145 -163
 1668 -162
 2922 -161
 3721 -160
 3886 -159
 4012 -158
 3069 -157
 3687 -156
 3832 -155
 3518 -154
 2723 -153
 1304 -152
 841 -151
 219 -150
 13 -149
 0 -148
 0 -147
 0 -146
 0 -145
 0 -144
 0 -143
 0 -142
 0 -141
 0 -140


