# Created by Octave 3.8.2, Mon Jun 22 05:13:08 2020 CEST <damian@fptrucha.inv.usc.es>
# name: hd
# type: matrix
# rows: 41
# columns: 2
 0 -180
 1 -179
 1 -178
 0 -177
 1 -176
 0 -175
 1 -174
 1 -173
 2 -172
 1 -171
 2 -170
 3 -169
 3 -168
 2 -167
 3 -166
 52 -165
 327 -164
 817 -163
 1066 -162
 1792 -161
 2304 -160
 2301 -159
 2274 -158
 1701 -157
 2259 -156
 2258 -155
 2033 -154
 1519 -153
 599 -152
 419 -151
 98 -150
 3 -149
 0 -148
 0 -147
 0 -146
 0 -145
 0 -144
 0 -143
 0 -142
 0 -141
 0 -140


