# Created by Octave 3.8.2, Sat Jun 20 05:45:01 2020 CEST <damian@fptrucha.inv.usc.es>
# name: hd
# type: matrix
# rows: 41
# columns: 2
 1 -180
 0 -179
 0 -178
 0 -177
 0 -176
 1 -175
 1 -174
 0 -173
 1 -172
 2 -171
 1 -170
 4 -169
 5 -168
 5 -167
 12 -166
 92 -165
 416 -164
 1165 -163
 1845 -162
 3237 -161
 3932 -160
 4251 -159
 4096 -158
 3183 -157
 4153 -156
 4116 -155
 3810 -154
 2971 -153
 1346 -152
 927 -151
 270 -150
 16 -149
 0 -148
 0 -147
 0 -146
 0 -145
 0 -144
 0 -143
 0 -142
 0 -141
 0 -140


