# Created by Octave 3.8.2, Sat Jun 20 08:38:36 2020 CEST <damian@fptrucha.inv.usc.es>
# name: hd
# type: matrix
# rows: 41
# columns: 2
 0 -180
 1 -179
 0 -178
 1 -177
 1 -176
 1 -175
 0 -174
 0 -173
 0 -172
 0 -171
 0 -170
 4 -169
 4 -168
 5 -167
 9 -166
 80 -165
 423 -164
 1234 -163
 1862 -162
 3353 -161
 4071 -160
 4234 -159
 4364 -158
 3400 -157
 4170 -156
 4225 -155
 3870 -154
 3067 -153
 1408 -152
 929 -151
 230 -150
 14 -149
 0 -148
 0 -147
 0 -146
 0 -145
 0 -144
 0 -143
 0 -142
 0 -141
 0 -140


