# Created by Octave 3.8.2, Mon Jun 22 19:29:17 2020 CEST <damian@fptrucha.inv.usc.es>
# name: hd
# type: matrix
# rows: 41
# columns: 2
 0 -180
 0 -179
 2 -178
 1 -177
 5 -176
 2 -175
 1 -174
 1 -173
 1 -172
 3 -171
 4 -170
 1 -169
 6 -168
 4 -167
 11 -166
 94 -165
 529 -164
 1316 -163
 1758 -162
 3102 -161
 3863 -160
 3913 -159
 3919 -158
 2935 -157
 3886 -156
 3807 -155
 3589 -154
 2525 -153
 1066 -152
 739 -151
 178 -150
 7 -149
 0 -148
 0 -147
 0 -146
 0 -145
 0 -144
 0 -143
 0 -142
 0 -141
 0 -140


