# Created by Octave 3.8.2, Sat Jun 20 19:01:35 2020 CEST <damian@fptrucha.inv.usc.es>
# name: hd
# type: matrix
# rows: 41
# columns: 2
 1 -180
 1 -179
 0 -178
 0 -177
 0 -176
 2 -175
 2 -174
 0 -173
 1 -172
 2 -171
 0 -170
 2 -169
 3 -168
 2 -167
 2 -166
 67 -165
 330 -164
 1077 -163
 1571 -162
 2934 -161
 3581 -160
 3745 -159
 3649 -158
 2918 -157
 3563 -156
 3695 -155
 3398 -154
 2614 -153
 1277 -152
 812 -151
 213 -150
 14 -149
 0 -148
 1 -147
 0 -146
 0 -145
 0 -144
 0 -143
 0 -142
 0 -141
 0 -140


