# Created by Octave 3.8.2, Sun Jun 21 05:56:45 2020 CEST <damian@fptrucha.inv.usc.es>
# name: hd
# type: matrix
# rows: 41
# columns: 2
 1 -180
 0 -179
 0 -178
 0 -177
 0 -176
 0 -175
 0 -174
 3 -173
 2 -172
 0 -171
 5 -170
 1 -169
 3 -168
 3 -167
 7 -166
 61 -165
 311 -164
 986 -163
 1610 -162
 2834 -161
 3560 -160
 3717 -159
 3563 -158
 2910 -157
 3619 -156
 3653 -155
 3397 -154
 2594 -153
 1231 -152
 854 -151
 235 -150
 16 -149
 0 -148
 0 -147
 0 -146
 0 -145
 0 -144
 0 -143
 0 -142
 0 -141
 0 -140


