# Created by Octave 3.8.2, Sun Jun 21 00:21:19 2020 CEST <damian@fptrucha.inv.usc.es>
# name: hd
# type: matrix
# rows: 41
# columns: 2
 0 -180
 1 -179
 2 -178
 1 -177
 0 -176
 0 -175
 0 -174
 1 -173
 2 -172
 1 -171
 2 -170
 2 -169
 3 -168
 2 -167
 9 -166
 70 -165
 375 -164
 1012 -163
 1511 -162
 2845 -161
 3368 -160
 3599 -159
 3579 -158
 2890 -157
 3570 -156
 3624 -155
 3400 -154
 2526 -153
 1194 -152
 873 -151
 218 -150
 14 -149
 0 -148
 0 -147
 0 -146
 0 -145
 0 -144
 0 -143
 0 -142
 0 -141
 0 -140


