# Created by Octave 3.8.2, Mon Jun 22 20:23:34 2020 CEST <damian@fptrucha.inv.usc.es>
# name: hd
# type: matrix
# rows: 41
# columns: 2
 1 -180
 1 -179
 3 -178
 0 -177
 1 -176
 2 -175
 0 -174
 5 -173
 2 -172
 0 -171
 5 -170
 2 -169
 4 -168
 5 -167
 10 -166
 91 -165
 483 -164
 1359 -163
 1802 -162
 3176 -161
 3866 -160
 4029 -159
 3962 -158
 2961 -157
 3876 -156
 4002 -155
 3509 -154
 2594 -153
 1062 -152
 714 -151
 162 -150
 9 -149
 0 -148
 0 -147
 0 -146
 0 -145
 0 -144
 0 -143
 0 -142
 0 -141
 0 -140


