# Created by Octave 3.8.2, Mon Jun 22 14:37:29 2020 CEST <damian@fptrucha.inv.usc.es>
# name: hd
# type: matrix
# rows: 41
# columns: 2
 2 -180
 3 -179
 2 -178
 1 -177
 5 -176
 3 -175
 3 -174
 3 -173
 2 -172
 3 -171
 8 -170
 5 -169
 1 -168
 5 -167
 13 -166
 113 -165
 467 -164
 1261 -163
 1663 -162
 3094 -161
 3523 -160
 3912 -159
 3764 -158
 2701 -157
 3776 -156
 3591 -155
 3377 -154
 2450 -153
 1046 -152
 720 -151
 153 -150
 7 -149
 0 -148
 0 -147
 0 -146
 0 -145
 0 -144
 0 -143
 0 -142
 0 -141
 0 -140


