# Created by Octave 3.8.2, Mon Jun 22 08:07:34 2020 CEST <damian@fptrucha.inv.usc.es>
# name: hd
# type: matrix
# rows: 41
# columns: 2
 1 -180
 3 -179
 4 -178
 2 -177
 1 -176
 0 -175
 1 -174
 3 -173
 2 -172
 2 -171
 4 -170
 4 -169
 7 -168
 1 -167
 14 -166
 110 -165
 413 -164
 1257 -163
 1584 -162
 2890 -161
 3526 -160
 3745 -159
 3657 -158
 2603 -157
 3456 -156
 3665 -155
 3261 -154
 2280 -153
 956 -152
 685 -151
 166 -150
 6 -149
 0 -148
 0 -147
 0 -146
 0 -145
 0 -144
 0 -143
 0 -142
 0 -141
 0 -140


