# Created by Octave 3.8.2, Sat Jun 20 23:25:49 2020 CEST <damian@fptrucha.inv.usc.es>
# name: hd
# type: matrix
# rows: 41
# columns: 2
 0 -180
 1 -179
 1 -178
 0 -177
 0 -176
 2 -175
 0 -174
 0 -173
 0 -172
 1 -171
 2 -170
 3 -169
 5 -168
 3 -167
 3 -166
 65 -165
 313 -164
 1018 -163
 1555 -162
 2736 -161
 3344 -160
 3785 -159
 3656 -158
 2915 -157
 3570 -156
 3769 -155
 3298 -154
 2600 -153
 1179 -152
 820 -151
 219 -150
 18 -149
 0 -148
 0 -147
 0 -146
 0 -145
 0 -144
 0 -143
 0 -142
 0 -141
 0 -140


