# Created by Octave 3.8.2, Sat Jun 20 04:11:32 2020 CEST <damian@fptrucha.inv.usc.es>
# name: hd
# type: matrix
# rows: 41
# columns: 2
 1 -180
 1 -179
 0 -178
 1 -177
 0 -176
 1 -175
 1 -174
 0 -173
 1 -172
 1 -171
 2 -170
 7 -169
 4 -168
 2 -167
 12 -166
 67 -165
 399 -164
 1273 -163
 1879 -162
 3148 -161
 3826 -160
 4170 -159
 4148 -158
 3256 -157
 4105 -156
 4045 -155
 3724 -154
 2782 -153
 1317 -152
 825 -151
 224 -150
 8 -149
 0 -148
 0 -147
 0 -146
 0 -145
 0 -144
 0 -143
 0 -142
 0 -141
 0 -140


