# Created by Octave 3.8.2, Mon Jun 22 07:01:38 2020 CEST <damian@fptrucha.inv.usc.es>
# name: hd
# type: matrix
# rows: 41
# columns: 2
 2 -180
 4 -179
 0 -178
 1 -177
 1 -176
 0 -175
 3 -174
 3 -173
 3 -172
 2 -171
 3 -170
 6 -169
 5 -168
 4 -167
 10 -166
 122 -165
 460 -164
 1244 -163
 1566 -162
 2877 -161
 3432 -160
 3605 -159
 3564 -158
 2627 -157
 3488 -156
 3404 -155
 3107 -154
 2302 -153
 910 -152
 648 -151
 174 -150
 4 -149
 0 -148
 0 -147
 0 -146
 0 -145
 0 -144
 0 -143
 0 -142
 0 -141
 0 -140


