# Created by Octave 3.8.2, Sat Jun 20 12:23:15 2020 CEST <damian@fptrucha.inv.usc.es>
# name: hd
# type: matrix
# rows: 41
# columns: 2
 0 -180
 0 -179
 0 -178
 1 -177
 1 -176
 0 -175
 0 -174
 0 -173
 0 -172
 2 -171
 3 -170
 2 -169
 3 -168
 3 -167
 6 -166
 69 -165
 396 -164
 1193 -163
 1824 -162
 3150 -161
 3869 -160
 4066 -159
 4180 -158
 3099 -157
 4078 -156
 4066 -155
 3833 -154
 2784 -153
 1327 -152
 875 -151
 215 -150
 20 -149
 0 -148
 0 -147
 0 -146
 0 -145
 0 -144
 0 -143
 0 -142
 0 -141
 0 -140


