# Created by Octave 3.8.2, Mon Jun 22 22:25:55 2020 CEST <damian@fptrucha.inv.usc.es>
# name: hd
# type: matrix
# rows: 41
# columns: 2
 1 -180
 0 -179
 0 -178
 2 -177
 1 -176
 1 -175
 2 -174
 0 -173
 3 -172
 4 -171
 3 -170
 3 -169
 5 -168
 4 -167
 5 -166
 90 -165
 404 -164
 1186 -163
 1740 -162
 3102 -161
 3887 -160
 4046 -159
 4026 -158
 3034 -157
 3899 -156
 3957 -155
 3560 -154
 2728 -153
 1303 -152
 817 -151
 220 -150
 11 -149
 0 -148
 0 -147
 0 -146
 0 -145
 0 -144
 0 -143
 0 -142
 0 -141
 0 -140


