# Created by Octave 3.8.2, Sat Jun 20 22:16:41 2020 CEST <damian@fptrucha.inv.usc.es>
# name: hd
# type: matrix
# rows: 41
# columns: 2
 0 -180
 1 -179
 2 -178
 0 -177
 0 -176
 0 -175
 1 -174
 1 -173
 0 -172
 0 -171
 0 -170
 3 -169
 3 -168
 2 -167
 8 -166
 78 -165
 332 -164
 1002 -163
 1680 -162
 2838 -161
 3470 -160
 3710 -159
 3768 -158
 2964 -157
 3594 -156
 3579 -155
 3404 -154
 2682 -153
 1264 -152
 804 -151
 213 -150
 15 -149
 0 -148
 0 -147
 0 -146
 0 -145
 0 -144
 0 -143
 0 -142
 0 -141
 0 -140


