# Created by Octave 3.8.2, Mon Jun 22 02:35:02 2020 CEST <damian@fptrucha.inv.usc.es>
# name: hd
# type: matrix
# rows: 41
# columns: 2
 1 -180
 4 -179
 2 -178
 1 -177
 3 -176
 4 -175
 4 -174
 3 -173
 6 -172
 5 -171
 9 -170
 9 -169
 6 -168
 6 -167
 8 -166
 78 -165
 461 -164
 1244 -163
 1579 -162
 2721 -161
 3322 -160
 3601 -159
 3524 -158
 2556 -157
 3537 -156
 3470 -155
 3095 -154
 2291 -153
 983 -152
 661 -151
 149 -150
 4 -149
 0 -148
 0 -147
 0 -146
 0 -145
 0 -144
 0 -143
 0 -142
 0 -141
 0 -140


