# Created by Octave 3.8.2, Sat Jun 20 05:59:36 2020 CEST <damian@fptrucha.inv.usc.es>
# name: hd
# type: matrix
# rows: 41
# columns: 2
 2 -180
 0 -179
 0 -178
 0 -177
 2 -176
 0 -175
 0 -174
 1 -173
 0 -172
 3 -171
 3 -170
 3 -169
 3 -168
 7 -167
 8 -166
 85 -165
 378 -164
 1264 -163
 1809 -162
 3121 -161
 4035 -160
 4159 -159
 4261 -158
 3259 -157
 4156 -156
 4105 -155
 3813 -154
 3012 -153
 1378 -152
 862 -151
 284 -150
 12 -149
 0 -148
 0 -147
 0 -146
 0 -145
 0 -144
 0 -143
 0 -142
 0 -141
 0 -140


