# Created by Octave 3.8.2, Sat Jun 20 08:52:47 2020 CEST <damian@fptrucha.inv.usc.es>
# name: hd
# type: matrix
# rows: 41
# columns: 2
 2 -180
 0 -179
 0 -178
 0 -177
 1 -176
 0 -175
 1 -174
 1 -173
 1 -172
 1 -171
 4 -170
 4 -169
 3 -168
 1 -167
 9 -166
 82 -165
 384 -164
 1267 -163
 1855 -162
 3280 -161
 4008 -160
 4322 -159
 4282 -158
 3335 -157
 4192 -156
 4306 -155
 3963 -154
 2973 -153
 1446 -152
 926 -151
 285 -150
 19 -149
 0 -148
 0 -147
 0 -146
 0 -145
 0 -144
 0 -143
 0 -142
 0 -141
 0 -140


