# Created by Octave 3.8.2, Sat Jun 20 10:25:54 2020 CEST <damian@fptrucha.inv.usc.es>
# name: hd
# type: matrix
# rows: 41
# columns: 2
 0 -180
 0 -179
 0 -178
 0 -177
 2 -176
 1 -175
 0 -174
 2 -173
 0 -172
 0 -171
 1 -170
 1 -169
 4 -168
 8 -167
 9 -166
 69 -165
 399 -164
 1256 -163
 1807 -162
 3185 -161
 3868 -160
 4153 -159
 4257 -158
 3198 -157
 4162 -156
 4036 -155
 3799 -154
 2935 -153
 1341 -152
 912 -151
 260 -150
 16 -149
 0 -148
 0 -147
 0 -146
 0 -145
 0 -144
 0 -143
 0 -142
 0 -141
 0 -140


