# Created by Octave 3.8.2, Mon Jun 22 06:02:15 2020 CEST <damian@fptrucha.inv.usc.es>
# name: hd
# type: matrix
# rows: 41
# columns: 2
 2 -180
 2 -179
 5 -178
 1 -177
 1 -176
 3 -175
 5 -174
 4 -173
 2 -172
 4 -171
 3 -170
 6 -169
 7 -168
 10 -167
 24 -166
 100 -165
 473 -164
 1262 -163
 1530 -162
 2774 -161
 3438 -160
 3602 -159
 3650 -158
 2533 -157
 3465 -156
 3491 -155
 3148 -154
 2279 -153
 902 -152
 646 -151
 157 -150
 3 -149
 0 -148
 0 -147
 0 -146
 0 -145
 0 -144
 0 -143
 0 -142
 0 -141
 0 -140


