# Created by Octave 3.8.2, Mon Jun 22 16:01:31 2020 CEST <damian@fptrucha.inv.usc.es>
# name: hd
# type: matrix
# rows: 41
# columns: 2
 1 -180
 1 -179
 3 -178
 0 -177
 0 -176
 0 -175
 0 -174
 0 -173
 3 -172
 0 -171
 6 -170
 3 -169
 4 -168
 7 -167
 8 -166
 102 -165
 495 -164
 1425 -163
 1730 -162
 3115 -161
 3757 -160
 3995 -159
 3926 -158
 2865 -157
 3837 -156
 3789 -155
 3486 -154
 2486 -153
 1046 -152
 788 -151
 164 -150
 3 -149
 0 -148
 0 -147
 0 -146
 0 -145
 0 -144
 0 -143
 0 -142
 0 -141
 0 -140


