# Created by Octave 3.8.2, Sat Jun 20 21:21:01 2020 CEST <damian@fptrucha.inv.usc.es>
# name: hd
# type: matrix
# rows: 41
# columns: 2
 1 -180
 0 -179
 0 -178
 2 -177
 0 -176
 0 -175
 1 -174
 0 -173
 0 -172
 1 -171
 2 -170
 1 -169
 3 -168
 7 -167
 6 -166
 59 -165
 337 -164
 1074 -163
 1556 -162
 2754 -161
 3466 -160
 3811 -159
 3657 -158
 2951 -157
 3499 -156
 3635 -155
 3367 -154
 2603 -153
 1202 -152
 767 -151
 208 -150
 8 -149
 0 -148
 0 -147
 0 -146
 0 -145
 0 -144
 0 -143
 0 -142
 0 -141
 0 -140


