# Created by Octave 3.8.2, Sun Jun 21 06:58:39 2020 CEST <damian@fptrucha.inv.usc.es>
# name: hd
# type: matrix
# rows: 41
# columns: 2
 0 -180
 0 -179
 0 -178
 1 -177
 0 -176
 0 -175
 0 -174
 1 -173
 0 -172
 1 -171
 2 -170
 1 -169
 4 -168
 4 -167
 6 -166
 58 -165
 329 -164
 986 -163
 1605 -162
 2706 -161
 3260 -160
 3522 -159
 3514 -158
 2858 -157
 3570 -156
 3452 -155
 3378 -154
 2569 -153
 1231 -152
 838 -151
 228 -150
 14 -149
 0 -148
 0 -147
 0 -146
 0 -145
 0 -144
 0 -143
 0 -142
 0 -141
 0 -140


