# Created by Octave 3.8.2, Sun Jun 21 07:31:01 2020 CEST <damian@fptrucha.inv.usc.es>
# name: hd
# type: matrix
# rows: 41
# columns: 2
 0 -180
 1 -179
 0 -178
 0 -177
 0 -176
 1 -175
 1 -174
 0 -173
 0 -172
 0 -171
 2 -170
 2 -169
 2 -168
 3 -167
 8 -166
 59 -165
 303 -164
 1030 -163
 1587 -162
 2720 -161
 3368 -160
 3676 -159
 3613 -158
 2803 -157
 3566 -156
 3511 -155
 3318 -154
 2685 -153
 1249 -152
 847 -151
 203 -150
 12 -149
 0 -148
 0 -147
 0 -146
 0 -145
 0 -144
 0 -143
 0 -142
 0 -141
 0 -140


