# Created by Octave 3.8.2, Sat Jun 20 22:31:05 2020 CEST <damian@fptrucha.inv.usc.es>
# name: hd
# type: matrix
# rows: 41
# columns: 2
 0 -180
 0 -179
 0 -178
 0 -177
 0 -176
 0 -175
 0 -174
 1 -173
 0 -172
 0 -171
 1 -170
 1 -169
 7 -168
 2 -167
 7 -166
 57 -165
 335 -164
 1071 -163
 1564 -162
 2780 -161
 3480 -160
 3692 -159
 3843 -158
 2881 -157
 3610 -156
 3630 -155
 3438 -154
 2645 -153
 1246 -152
 717 -151
 216 -150
 10 -149
 0 -148
 0 -147
 0 -146
 0 -145
 0 -144
 0 -143
 0 -142
 0 -141
 0 -140


