# Created by Octave 3.8.2, Mon Jun 22 10:11:18 2020 CEST <damian@fptrucha.inv.usc.es>
# name: hd
# type: matrix
# rows: 41
# columns: 2
 0 -180
 4 -179
 1 -178
 2 -177
 1 -176
 5 -175
 0 -174
 6 -173
 2 -172
 5 -171
 0 -170
 2 -169
 4 -168
 6 -167
 8 -166
 95 -165
 435 -164
 1238 -163
 1631 -162
 3000 -161
 3639 -160
 3741 -159
 3717 -158
 2768 -157
 3650 -156
 3765 -155
 3326 -154
 2493 -153
 1070 -152
 673 -151
 158 -150
 3 -149
 0 -148
 0 -147
 0 -146
 0 -145
 0 -144
 0 -143
 0 -142
 0 -141
 0 -140


