# Created by Octave 3.8.2, Mon Jun 22 12:51:12 2020 CEST <damian@fptrucha.inv.usc.es>
# name: hd
# type: matrix
# rows: 41
# columns: 2
 2 -180
 2 -179
 0 -178
 2 -177
 7 -176
 2 -175
 0 -174
 1 -173
 1 -172
 3 -171
 2 -170
 9 -169
 1 -168
 6 -167
 7 -166
 93 -165
 458 -164
 1331 -163
 1759 -162
 3097 -161
 3721 -160
 3856 -159
 3784 -158
 2737 -157
 3688 -156
 3801 -155
 3455 -154
 2524 -153
 999 -152
 674 -151
 163 -150
 7 -149
 0 -148
 0 -147
 0 -146
 0 -145
 0 -144
 0 -143
 0 -142
 0 -141
 0 -140


