# Created by Octave 3.8.2, Mon Jun 22 06:33:34 2020 CEST <damian@fptrucha.inv.usc.es>
# name: hd
# type: matrix
# rows: 41
# columns: 2
 0 -180
 6 -179
 4 -178
 4 -177
 4 -176
 9 -175
 4 -174
 4 -173
 2 -172
 1 -171
 7 -170
 9 -169
 7 -168
 4 -167
 16 -166
 105 -165
 434 -164
 1237 -163
 1608 -162
 2809 -161
 3492 -160
 3739 -159
 3414 -158
 2661 -157
 3511 -156
 3513 -155
 3171 -154
 2281 -153
 999 -152
 626 -151
 143 -150
 5 -149
 0 -148
 0 -147
 0 -146
 0 -145
 0 -144
 0 -143
 0 -142
 0 -141
 0 -140


