# Created by Octave 3.8.2, Mon Jun 22 17:04:58 2020 CEST <damian@fptrucha.inv.usc.es>
# name: hd
# type: matrix
# rows: 41
# columns: 2
 3 -180
 2 -179
 3 -178
 0 -177
 4 -176
 2 -175
 0 -174
 1 -173
 1 -172
 2 -171
 2 -170
 3 -169
 7 -168
 4 -167
 25 -166
 97 -165
 517 -164
 1338 -163
 1688 -162
 3010 -161
 3739 -160
 4037 -159
 3781 -158
 2822 -157
 3864 -156
 3802 -155
 3524 -154
 2492 -153
 1047 -152
 702 -151
 157 -150
 6 -149
 0 -148
 0 -147
 0 -146
 0 -145
 0 -144
 0 -143
 0 -142
 0 -141
 0 -140


