# Created by Octave 3.8.2, Mon Jun 22 17:58:31 2020 CEST <damian@fptrucha.inv.usc.es>
# name: hd
# type: matrix
# rows: 41
# columns: 2
 1 -180
 2 -179
 4 -178
 1 -177
 2 -176
 1 -175
 2 -174
 0 -173
 2 -172
 1 -171
 3 -170
 4 -169
 5 -168
 8 -167
 15 -166
 83 -165
 481 -164
 1326 -163
 1783 -162
 3212 -161
 3814 -160
 4074 -159
 3961 -158
 2851 -157
 3931 -156
 3829 -155
 3580 -154
 2529 -153
 1076 -152
 717 -151
 178 -150
 7 -149
 0 -148
 0 -147
 0 -146
 0 -145
 0 -144
 0 -143
 0 -142
 0 -141
 0 -140


