# Created by Octave 3.8.2, Mon Jun 22 14:13:14 2020 CEST <damian@fptrucha.inv.usc.es>
# name: hd
# type: matrix
# rows: 41
# columns: 2
 2 -180
 2 -179
 1 -178
 2 -177
 2 -176
 2 -175
 2 -174
 2 -173
 1 -172
 2 -171
 6 -170
 6 -169
 1 -168
 4 -167
 14 -166
 97 -165
 498 -164
 1299 -163
 1724 -162
 3091 -161
 3688 -160
 3832 -159
 3861 -158
 2671 -157
 3780 -156
 3733 -155
 3308 -154
 2437 -153
 960 -152
 712 -151
 163 -150
 5 -149
 0 -148
 0 -147
 0 -146
 0 -145
 0 -144
 0 -143
 0 -142
 0 -141
 0 -140


