# Created by Octave 3.8.2, Mon Jun 22 22:51:51 2020 CEST <damian@fptrucha.inv.usc.es>
# name: hd
# type: matrix
# rows: 41
# columns: 2
 2 -180
 1 -179
 0 -178
 3 -177
 3 -176
 0 -175
 2 -174
 3 -173
 0 -172
 1 -171
 4 -170
 4 -169
 1 -168
 4 -167
 12 -166
 69 -165
 407 -164
 1174 -163
 1778 -162
 3183 -161
 3803 -160
 3954 -159
 4074 -158
 3071 -157
 3995 -156
 3962 -155
 3614 -154
 2691 -153
 1302 -152
 789 -151
 220 -150
 8 -149
 0 -148
 0 -147
 0 -146
 0 -145
 0 -144
 0 -143
 0 -142
 0 -141
 0 -140


