# Created by Octave 3.8.2, Sat Jun 20 11:08:29 2020 CEST <damian@fptrucha.inv.usc.es>
# name: hd
# type: matrix
# rows: 41
# columns: 2
 1 -180
 1 -179
 1 -178
 2 -177
 1 -176
 0 -175
 1 -174
 1 -173
 0 -172
 2 -171
 2 -170
 2 -169
 6 -168
 4 -167
 10 -166
 76 -165
 390 -164
 1200 -163
 1795 -162
 3134 -161
 3929 -160
 4093 -159
 3957 -158
 3267 -157
 4161 -156
 3961 -155
 3690 -154
 2952 -153
 1353 -152
 895 -151
 225 -150
 19 -149
 0 -148
 0 -147
 0 -146
 0 -145
 0 -144
 0 -143
 0 -142
 0 -141
 0 -140


