# Created by Octave 3.8.2, Sun Jun 21 03:57:14 2020 CEST <damian@fptrucha.inv.usc.es>
# name: hd
# type: matrix
# rows: 41
# columns: 2
 1 -180
 0 -179
 0 -178
 1 -177
 0 -176
 2 -175
 1 -174
 1 -173
 0 -172
 0 -171
 6 -170
 7 -169
 3 -168
 6 -167
 9 -166
 79 -165
 357 -164
 1091 -163
 1583 -162
 2819 -161
 3434 -160
 3654 -159
 3638 -158
 2842 -157
 3592 -156
 3531 -155
 3418 -154
 2539 -153
 1125 -152
 844 -151
 198 -150
 8 -149
 0 -148
 0 -147
 0 -146
 0 -145
 0 -144
 0 -143
 0 -142
 0 -141
 0 -140


