# Created by Octave 3.8.2, Sat Jun 20 23:31:09 2020 CEST <damian@fptrucha.inv.usc.es>
# name: hd
# type: matrix
# rows: 41
# columns: 2
 1 -180
 0 -179
 0 -178
 1 -177
 2 -176
 1 -175
 2 -174
 0 -173
 0 -172
 1 -171
 1 -170
 3 -169
 3 -168
 3 -167
 7 -166
 59 -165
 319 -164
 1031 -163
 1599 -162
 2826 -161
 3421 -160
 3803 -159
 3689 -158
 2826 -157
 3738 -156
 3686 -155
 3458 -154
 2737 -153
 1241 -152
 856 -151
 215 -150
 20 -149
 0 -148
 0 -147
 0 -146
 1 -145
 0 -144
 0 -143
 0 -142
 0 -141
 0 -140


