# Created by Octave 3.8.2, Sat Jun 20 03:16:46 2020 CEST <damian@fptrucha.inv.usc.es>
# name: hd
# type: matrix
# rows: 41
# columns: 2
 1 -180
 3 -179
 0 -178
 2 -177
 1 -176
 1 -175
 1 -174
 0 -173
 0 -172
 1 -171
 0 -170
 2 -169
 1 -168
 6 -167
 7 -166
 67 -165
 424 -164
 1204 -163
 1758 -162
 3182 -161
 3938 -160
 4101 -159
 4098 -158
 3185 -157
 4060 -156
 3937 -155
 3733 -154
 2893 -153
 1352 -152
 873 -151
 207 -150
 17 -149
 0 -148
 0 -147
 0 -146
 0 -145
 0 -144
 0 -143
 0 -142
 0 -141
 0 -140


