# Created by Octave 3.8.2, Sat Jun 20 22:24:24 2020 CEST <damian@fptrucha.inv.usc.es>
# name: hd
# type: matrix
# rows: 41
# columns: 2
 1 -180
 1 -179
 0 -178
 0 -177
 1 -176
 0 -175
 1 -174
 1 -173
 0 -172
 0 -171
 3 -170
 2 -169
 4 -168
 1 -167
 7 -166
 51 -165
 354 -164
 1047 -163
 1557 -162
 2781 -161
 3435 -160
 3645 -159
 3688 -158
 2890 -157
 3582 -156
 3664 -155
 3285 -154
 2628 -153
 1183 -152
 865 -151
 218 -150
 13 -149
 0 -148
 0 -147
 0 -146
 0 -145
 0 -144
 0 -143
 0 -142
 0 -141
 0 -140


