# Created by Octave 3.8.2, Sun Jun 21 00:03:28 2020 CEST <damian@fptrucha.inv.usc.es>
# name: hd
# type: matrix
# rows: 41
# columns: 2
 0 -180
 1 -179
 0 -178
 0 -177
 0 -176
 1 -175
 2 -174
 2 -173
 0 -172
 1 -171
 1 -170
 2 -169
 2 -168
 4 -167
 10 -166
 56 -165
 357 -164
 1038 -163
 1609 -162
 2784 -161
 3348 -160
 3702 -159
 3690 -158
 2895 -157
 3681 -156
 3651 -155
 3331 -154
 2571 -153
 1214 -152
 818 -151
 216 -150
 21 -149
 0 -148
 0 -147
 0 -146
 0 -145
 0 -144
 0 -143
 0 -142
 0 -141
 0 -140


