# Created by Octave 3.8.2, Sat Jun 20 23:58:25 2020 CEST <damian@fptrucha.inv.usc.es>
# name: hd
# type: matrix
# rows: 41
# columns: 2
 1 -180
 1 -179
 1 -178
 0 -177
 0 -176
 0 -175
 0 -174
 0 -173
 0 -172
 0 -171
 6 -170
 0 -169
 3 -168
 2 -167
 4 -166
 65 -165
 338 -164
 1069 -163
 1528 -162
 2741 -161
 3454 -160
 3586 -159
 3630 -158
 2946 -157
 3487 -156
 3526 -155
 3247 -154
 2517 -153
 1213 -152
 781 -151
 222 -150
 6 -149
 0 -148
 0 -147
 0 -146
 0 -145
 0 -144
 0 -143
 0 -142
 0 -141
 0 -140


