# Created by Octave 3.8.2, Sat Jun 20 17:47:16 2020 CEST <damian@fptrucha.inv.usc.es>
# name: hd
# type: matrix
# rows: 41
# columns: 2
 0 -180
 0 -179
 1 -178
 0 -177
 0 -176
 2 -175
 0 -174
 1 -173
 2 -172
 0 -171
 2 -170
 3 -169
 5 -168
 4 -167
 9 -166
 74 -165
 342 -164
 1071 -163
 1657 -162
 2864 -161
 3565 -160
 3851 -159
 3770 -158
 2899 -157
 3653 -156
 3726 -155
 3463 -154
 2641 -153
 1308 -152
 823 -151
 213 -150
 13 -149
 0 -148
 0 -147
 0 -146
 0 -145
 0 -144
 0 -143
 0 -142
 0 -141
 0 -140


