# Created by Octave 3.8.2, Mon Jun 22 12:32:21 2020 CEST <damian@fptrucha.inv.usc.es>
# name: hd
# type: matrix
# rows: 41
# columns: 2
 4 -180
 0 -179
 2 -178
 1 -177
 0 -176
 2 -175
 2 -174
 1 -173
 1 -172
 4 -171
 2 -170
 3 -169
 3 -168
 6 -167
 8 -166
 75 -165
 456 -164
 1206 -163
 1656 -162
 3036 -161
 3621 -160
 3734 -159
 3671 -158
 2797 -157
 3742 -156
 3857 -155
 3398 -154
 2474 -153
 1058 -152
 693 -151
 142 -150
 14 -149
 0 -148
 0 -147
 0 -146
 0 -145
 0 -144
 0 -143
 0 -142
 0 -141
 0 -140


