# Created by Octave 3.8.2, Sun Jun 21 02:58:14 2020 CEST <damian@fptrucha.inv.usc.es>
# name: hd
# type: matrix
# rows: 41
# columns: 2
 0 -180
 0 -179
 1 -178
 0 -177
 0 -176
 0 -175
 1 -174
 1 -173
 0 -172
 0 -171
 2 -170
 4 -169
 4 -168
 5 -167
 6 -166
 61 -165
 350 -164
 1032 -163
 1573 -162
 2873 -161
 3486 -160
 3648 -159
 3707 -158
 2772 -157
 3523 -156
 3411 -155
 3330 -154
 2563 -153
 1209 -152
 787 -151
 216 -150
 25 -149
 0 -148
 0 -147
 0 -146
 0 -145
 0 -144
 0 -143
 0 -142
 0 -141
 0 -140


