# Created by Octave 3.8.2, Mon Jun 22 09:38:30 2020 CEST <damian@fptrucha.inv.usc.es>
# name: hd
# type: matrix
# rows: 41
# columns: 2
 1 -180
 2 -179
 2 -178
 1 -177
 2 -176
 6 -175
 3 -174
 1 -173
 1 -172
 3 -171
 5 -170
 5 -169
 4 -168
 2 -167
 14 -166
 86 -165
 471 -164
 1292 -163
 1721 -162
 2950 -161
 3552 -160
 3592 -159
 3713 -158
 2760 -157
 3568 -156
 3693 -155
 3248 -154
 2451 -153
 935 -152
 696 -151
 150 -150
 5 -149
 0 -148
 0 -147
 0 -146
 0 -145
 0 -144
 0 -143
 0 -142
 0 -141
 0 -140


