# Created by Octave 3.8.2, Sat Jun 20 12:01:12 2020 CEST <damian@fptrucha.inv.usc.es>
# name: hd
# type: matrix
# rows: 41
# columns: 2
 1 -180
 1 -179
 0 -178
 1 -177
 1 -176
 0 -175
 0 -174
 0 -173
 0 -172
 0 -171
 1 -170
 1 -169
 2 -168
 7 -167
 5 -166
 80 -165
 387 -164
 1185 -163
 1802 -162
 3199 -161
 3866 -160
 4126 -159
 4048 -158
 3199 -157
 3968 -156
 4078 -155
 3649 -154
 2832 -153
 1365 -152
 943 -151
 230 -150
 14 -149
 0 -148
 0 -147
 0 -146
 0 -145
 0 -144
 0 -143
 0 -142
 0 -141
 0 -140


