# Created by Octave 3.8.2, Sun Jun 21 07:19:49 2020 CEST <damian@fptrucha.inv.usc.es>
# name: hd
# type: matrix
# rows: 41
# columns: 2
 0 -180
 0 -179
 1 -178
 0 -177
 1 -176
 0 -175
 0 -174
 0 -173
 2 -172
 0 -171
 0 -170
 1 -169
 3 -168
 1 -167
 11 -166
 36 -165
 219 -164
 696 -163
 1007 -162
 1845 -161
 2228 -160
 2364 -159
 2380 -158
 1940 -157
 2438 -156
 2263 -155
 2136 -154
 1767 -153
 759 -152
 542 -151
 133 -150
 10 -149
 0 -148
 0 -147
 0 -146
 0 -145
 0 -144
 0 -143
 0 -142
 0 -141
 0 -140


