# Created by Octave 3.8.2, Mon Jun 22 07:57:10 2020 CEST <damian@fptrucha.inv.usc.es>
# name: hd
# type: matrix
# rows: 41
# columns: 2
 2 -180
 1 -179
 4 -178
 0 -177
 0 -176
 4 -175
 4 -174
 4 -173
 1 -172
 4 -171
 8 -170
 9 -169
 5 -168
 5 -167
 12 -166
 96 -165
 414 -164
 1247 -163
 1611 -162
 2894 -161
 3563 -160
 3694 -159
 3602 -158
 2625 -157
 3578 -156
 3480 -155
 3263 -154
 2411 -153
 1036 -152
 611 -151
 152 -150
 2 -149
 0 -148
 0 -147
 0 -146
 0 -145
 0 -144
 0 -143
 0 -142
 0 -141
 0 -140


