# Created by Octave 3.8.2, Mon Jun 22 12:27:26 2020 CEST <damian@fptrucha.inv.usc.es>
# name: hd
# type: matrix
# rows: 41
# columns: 2
 1 -180
 3 -179
 1 -178
 1 -177
 0 -176
 1 -175
 0 -174
 3 -173
 0 -172
 1 -171
 4 -170
 8 -169
 1 -168
 7 -167
 13 -166
 107 -165
 444 -164
 1333 -163
 1679 -162
 3027 -161
 3733 -160
 3800 -159
 3818 -158
 2764 -157
 3741 -156
 3758 -155
 3478 -154
 2394 -153
 1020 -152
 713 -151
 180 -150
 4 -149
 0 -148
 0 -147
 0 -146
 0 -145
 0 -144
 0 -143
 0 -142
 0 -141
 0 -140


