# Created by Octave 3.8.2, Sat Jun 20 15:44:35 2020 CEST <damian@fptrucha.inv.usc.es>
# name: hd
# type: matrix
# rows: 41
# columns: 2
 1 -180
 1 -179
 0 -178
 0 -177
 1 -176
 0 -175
 0 -174
 2 -173
 1 -172
 0 -171
 2 -170
 3 -169
 6 -168
 5 -167
 6 -166
 58 -165
 341 -164
 1092 -163
 1655 -162
 2880 -161
 3513 -160
 3774 -159
 3695 -158
 3033 -157
 3782 -156
 3795 -155
 3565 -154
 2680 -153
 1208 -152
 892 -151
 224 -150
 10 -149
 0 -148
 0 -147
 0 -146
 0 -145
 0 -144
 0 -143
 0 -142
 0 -141
 0 -140


