# Created by Octave 3.8.2, Mon Jun 22 17:00:29 2020 CEST <damian@fptrucha.inv.usc.es>
# name: hd
# type: matrix
# rows: 41
# columns: 2
 2 -180
 6 -179
 1 -178
 1 -177
 4 -176
 3 -175
 0 -174
 1 -173
 2 -172
 3 -171
 3 -170
 6 -169
 5 -168
 3 -167
 13 -166
 99 -165
 507 -164
 1304 -163
 1690 -162
 3172 -161
 3865 -160
 3884 -159
 3851 -158
 2864 -157
 3852 -156
 3913 -155
 3450 -154
 2459 -153
 940 -152
 742 -151
 164 -150
 5 -149
 0 -148
 0 -147
 0 -146
 0 -145
 0 -144
 0 -143
 0 -142
 0 -141
 0 -140


