# Created by Octave 3.8.2, Sat Jun 20 19:19:11 2020 CEST <damian@fptrucha.inv.usc.es>
# name: hd
# type: matrix
# rows: 41
# columns: 2
 0 -180
 1 -179
 0 -178
 0 -177
 0 -176
 0 -175
 1 -174
 1 -173
 0 -172
 3 -171
 1 -170
 1 -169
 3 -168
 1 -167
 4 -166
 66 -165
 338 -164
 1127 -163
 1765 -162
 2810 -161
 3661 -160
 3741 -159
 3788 -158
 2937 -157
 3706 -156
 3730 -155
 3509 -154
 2627 -153
 1295 -152
 895 -151
 212 -150
 16 -149
 0 -148
 0 -147
 0 -146
 0 -145
 0 -144
 0 -143
 0 -142
 0 -141
 0 -140


