# Created by Octave 3.8.2, Sat Jun 20 10:27:19 2020 CEST <damian@fptrucha.inv.usc.es>
# name: hd
# type: matrix
# rows: 41
# columns: 2
 0 -180
 1 -179
 0 -178
 0 -177
 0 -176
 0 -175
 0 -174
 2 -173
 1 -172
 1 -171
 2 -170
 3 -169
 3 -168
 6 -167
 7 -166
 70 -165
 395 -164
 1153 -163
 1857 -162
 3217 -161
 4016 -160
 4183 -159
 4133 -158
 3182 -157
 4098 -156
 4155 -155
 3843 -154
 2968 -153
 1350 -152
 967 -151
 264 -150
 19 -149
 1 -148
 0 -147
 0 -146
 0 -145
 0 -144
 0 -143
 0 -142
 0 -141
 0 -140


