# Created by Octave 3.8.2, Mon Jun 22 05:36:07 2020 CEST <damian@fptrucha.inv.usc.es>
# name: hd
# type: matrix
# rows: 41
# columns: 2
 5 -180
 4 -179
 5 -178
 4 -177
 4 -176
 3 -175
 4 -174
 6 -173
 2 -172
 5 -171
 1 -170
 8 -169
 4 -168
 3 -167
 13 -166
 78 -165
 456 -164
 1249 -163
 1596 -162
 2896 -161
 3265 -160
 3627 -159
 3499 -158
 2580 -157
 3494 -156
 3398 -155
 3105 -154
 2228 -153
 948 -152
 621 -151
 142 -150
 9 -149
 0 -148
 0 -147
 0 -146
 0 -145
 0 -144
 0 -143
 0 -142
 0 -141
 0 -140


