# Created by Octave 3.8.2, Mon Jun 22 22:54:15 2020 CEST <damian@fptrucha.inv.usc.es>
# name: hd
# type: matrix
# rows: 41
# columns: 2
 0 -180
 2 -179
 1 -178
 1 -177
 1 -176
 1 -175
 1 -174
 3 -173
 0 -172
 4 -171
 3 -170
 3 -169
 6 -168
 5 -167
 7 -166
 77 -165
 410 -164
 1253 -163
 1765 -162
 3266 -161
 3813 -160
 4075 -159
 3931 -158
 3058 -157
 4051 -156
 3956 -155
 3648 -154
 2723 -153
 1276 -152
 827 -151
 200 -150
 8 -149
 0 -148
 0 -147
 0 -146
 0 -145
 0 -144
 0 -143
 0 -142
 0 -141
 0 -140


