# Created by Octave 3.8.2, Mon Jun 22 16:32:12 2020 CEST <damian@fptrucha.inv.usc.es>
# name: hd
# type: matrix
# rows: 41
# columns: 2
 2 -180
 1 -179
 2 -178
 4 -177
 2 -176
 1 -175
 2 -174
 0 -173
 0 -172
 2 -171
 2 -170
 6 -169
 7 -168
 2 -167
 14 -166
 91 -165
 484 -164
 1375 -163
 1658 -162
 3247 -161
 3763 -160
 3921 -159
 3935 -158
 2864 -157
 3902 -156
 3750 -155
 3498 -154
 2492 -153
 1017 -152
 693 -151
 148 -150
 4 -149
 0 -148
 0 -147
 0 -146
 0 -145
 0 -144
 0 -143
 0 -142
 0 -141
 0 -140


