# Created by Octave 3.8.2, Mon Jun 22 12:50:09 2020 CEST <damian@fptrucha.inv.usc.es>
# name: hd
# type: matrix
# rows: 41
# columns: 2
 1 -180
 2 -179
 3 -178
 2 -177
 1 -176
 2 -175
 2 -174
 3 -173
 1 -172
 4 -171
 5 -170
 5 -169
 10 -168
 6 -167
 18 -166
 108 -165
 445 -164
 1417 -163
 1663 -162
 3160 -161
 3683 -160
 3899 -159
 3799 -158
 2711 -157
 3736 -156
 3751 -155
 3358 -154
 2453 -153
 1023 -152
 707 -151
 144 -150
 3 -149
 0 -148
 0 -147
 0 -146
 0 -145
 0 -144
 0 -143
 0 -142
 0 -141
 0 -140


