# Created by Octave 3.8.2, Mon Jun 22 16:07:08 2020 CEST <damian@fptrucha.inv.usc.es>
# name: hd
# type: matrix
# rows: 41
# columns: 2
 0 -180
 2 -179
 2 -178
 1 -177
 0 -176
 2 -175
 2 -174
 3 -173
 1 -172
 1 -171
 2 -170
 5 -169
 10 -168
 11 -167
 13 -166
 95 -165
 510 -164
 1383 -163
 1741 -162
 3097 -161
 3774 -160
 3951 -159
 3816 -158
 2889 -157
 3950 -156
 3872 -155
 3516 -154
 2472 -153
 1047 -152
 734 -151
 163 -150
 10 -149
 0 -148
 0 -147
 0 -146
 0 -145
 0 -144
 0 -143
 0 -142
 0 -141
 0 -140


