# Created by Octave 3.8.2, Sun Jun 21 06:14:21 2020 CEST <damian@fptrucha.inv.usc.es>
# name: hd
# type: matrix
# rows: 41
# columns: 2
 0 -180
 0 -179
 0 -178
 0 -177
 0 -176
 0 -175
 1 -174
 1 -173
 2 -172
 2 -171
 5 -170
 5 -169
 7 -168
 6 -167
 8 -166
 70 -165
 283 -164
 1044 -163
 1670 -162
 2773 -161
 3430 -160
 3620 -159
 3622 -158
 2860 -157
 3636 -156
 3569 -155
 3280 -154
 2615 -153
 1209 -152
 777 -151
 197 -150
 11 -149
 0 -148
 0 -147
 0 -146
 0 -145
 0 -144
 0 -143
 0 -142
 0 -141
 0 -140


