# Created by Octave 3.8.2, Sat Jun 20 15:26:28 2020 CEST <damian@fptrucha.inv.usc.es>
# name: hd
# type: matrix
# rows: 41
# columns: 2
 0 -180
 1 -179
 0 -178
 0 -177
 0 -176
 0 -175
 1 -174
 1 -173
 1 -172
 1 -171
 1 -170
 3 -169
 2 -168
 4 -167
 6 -166
 62 -165
 324 -164
 1168 -163
 1684 -162
 2982 -161
 3516 -160
 3942 -159
 3788 -158
 3145 -157
 3800 -156
 3735 -155
 3460 -154
 2776 -153
 1226 -152
 825 -151
 242 -150
 12 -149
 0 -148
 0 -147
 0 -146
 0 -145
 0 -144
 0 -143
 0 -142
 0 -141
 0 -140


