# Created by Octave 3.8.2, Sat Jun 20 15:25:08 2020 CEST <damian@fptrucha.inv.usc.es>
# name: hd
# type: matrix
# rows: 41
# columns: 2
 2 -180
 0 -179
 1 -178
 0 -177
 2 -176
 0 -175
 0 -174
 0 -173
 0 -172
 1 -171
 3 -170
 2 -169
 4 -168
 6 -167
 6 -166
 72 -165
 314 -164
 1079 -163
 1647 -162
 2858 -161
 3590 -160
 3883 -159
 3684 -158
 2967 -157
 3803 -156
 3941 -155
 3520 -154
 2738 -153
 1310 -152
 844 -151
 224 -150
 11 -149
 0 -148
 0 -147
 0 -146
 0 -145
 0 -144
 0 -143
 0 -142
 0 -141
 0 -140


