# Created by Octave 3.8.2, Mon Jun 22 21:44:06 2020 CEST <damian@fptrucha.inv.usc.es>
# name: hd
# type: matrix
# rows: 41
# columns: 2
 2 -180
 1 -179
 1 -178
 1 -177
 1 -176
 1 -175
 0 -174
 1 -173
 0 -172
 0 -171
 0 -170
 1 -169
 7 -168
 2 -167
 9 -166
 95 -165
 388 -164
 1210 -163
 1817 -162
 3060 -161
 3906 -160
 3942 -159
 3914 -158
 3154 -157
 3973 -156
 3985 -155
 3665 -154
 2736 -153
 1204 -152
 861 -151
 195 -150
 17 -149
 0 -148
 0 -147
 0 -146
 0 -145
 0 -144
 0 -143
 0 -142
 0 -141
 0 -140


