# Created by Octave 3.8.2, Mon Jun 22 08:39:41 2020 CEST <damian@fptrucha.inv.usc.es>
# name: hd
# type: matrix
# rows: 41
# columns: 2
 5 -180
 3 -179
 0 -178
 2 -177
 1 -176
 1 -175
 6 -174
 3 -173
 4 -172
 3 -171
 4 -170
 5 -169
 5 -168
 9 -167
 13 -166
 102 -165
 463 -164
 1262 -163
 1612 -162
 2978 -161
 3635 -160
 3721 -159
 3679 -158
 2629 -157
 3610 -156
 3665 -155
 3331 -154
 2346 -153
 940 -152
 681 -151
 136 -150
 3 -149
 0 -148
 0 -147
 0 -146
 0 -145
 0 -144
 0 -143
 0 -142
 0 -141
 0 -140


