# Created by Octave 3.8.2, Mon Jun 22 21:19:46 2020 CEST <damian@fptrucha.inv.usc.es>
# name: hd
# type: matrix
# rows: 41
# columns: 2
 1 -180
 0 -179
 0 -178
 1 -177
 2 -176
 1 -175
 1 -174
 0 -173
 1 -172
 2 -171
 1 -170
 3 -169
 2 -168
 5 -167
 8 -166
 72 -165
 351 -164
 883 -163
 1213 -162
 2101 -161
 2642 -160
 2676 -159
 2699 -158
 1949 -157
 2580 -156
 2615 -155
 2432 -154
 1604 -153
 713 -152
 519 -151
 113 -150
 2 -149
 0 -148
 0 -147
 0 -146
 0 -145
 0 -144
 0 -143
 0 -142
 0 -141
 0 -140


