# Created by Octave 3.8.2, Mon Jun 22 01:53:39 2020 CEST <damian@fptrucha.inv.usc.es>
# name: hd
# type: matrix
# rows: 41
# columns: 2
 0 -180
 2 -179
 0 -178
 0 -177
 1 -176
 2 -175
 1 -174
 2 -173
 2 -172
 1 -171
 3 -170
 3 -169
 3 -168
 8 -167
 11 -166
 95 -165
 459 -164
 1353 -163
 1665 -162
 3085 -161
 3737 -160
 3801 -159
 3791 -158
 2876 -157
 3784 -156
 3713 -155
 3458 -154
 2452 -153
 1049 -152
 712 -151
 187 -150
 12 -149
 0 -148
 0 -147
 0 -146
 0 -145
 0 -144
 0 -143
 0 -142
 0 -141
 0 -140


