# Created by Octave 3.8.2, Sat Jun 20 14:40:18 2020 CEST <damian@fptrucha.inv.usc.es>
# name: hd
# type: matrix
# rows: 41
# columns: 2
 0 -180
 0 -179
 0 -178
 0 -177
 0 -176
 0 -175
 0 -174
 0 -173
 1 -172
 1 -171
 2 -170
 4 -169
 7 -168
 5 -167
 8 -166
 59 -165
 328 -164
 1054 -163
 1674 -162
 2971 -161
 3647 -160
 3936 -159
 3852 -158
 3048 -157
 3797 -156
 3825 -155
 3458 -154
 2659 -153
 1352 -152
 869 -151
 232 -150
 19 -149
 0 -148
 0 -147
 0 -146
 0 -145
 0 -144
 0 -143
 0 -142
 0 -141
 0 -140


