# Created by Octave 3.8.2, Sun Jun 21 01:38:51 2020 CEST <damian@fptrucha.inv.usc.es>
# name: hd
# type: matrix
# rows: 41
# columns: 2
 1 -180
 0 -179
 0 -178
 0 -177
 2 -176
 2 -175
 1 -174
 1 -173
 2 -172
 2 -171
 0 -170
 4 -169
 4 -168
 3 -167
 4 -166
 60 -165
 345 -164
 1078 -163
 1574 -162
 2741 -161
 3363 -160
 3585 -159
 3622 -158
 2842 -157
 3553 -156
 3502 -155
 3345 -154
 2494 -153
 1172 -152
 781 -151
 219 -150
 16 -149
 0 -148
 0 -147
 0 -146
 0 -145
 0 -144
 0 -143
 0 -142
 0 -141
 0 -140


