# Created by Octave 3.8.2, Sat Jun 20 15:56:37 2020 CEST <damian@fptrucha.inv.usc.es>
# name: hd
# type: matrix
# rows: 41
# columns: 2
 0 -180
 0 -179
 0 -178
 0 -177
 1 -176
 1 -175
 1 -174
 0 -173
 0 -172
 0 -171
 2 -170
 2 -169
 7 -168
 4 -167
 10 -166
 70 -165
 347 -164
 1071 -163
 1691 -162
 2984 -161
 3645 -160
 3874 -159
 3744 -158
 3034 -157
 3713 -156
 3760 -155
 3535 -154
 2765 -153
 1315 -152
 787 -151
 265 -150
 13 -149
 0 -148
 0 -147
 0 -146
 0 -145
 0 -144
 0 -143
 0 -142
 0 -141
 0 -140


