# Created by Octave 3.8.2, Mon Jun 22 03:44:32 2020 CEST <damian@fptrucha.inv.usc.es>
# name: hd
# type: matrix
# rows: 41
# columns: 2
 3 -180
 3 -179
 2 -178
 1 -177
 5 -176
 4 -175
 3 -174
 3 -173
 1 -172
 2 -171
 2 -170
 8 -169
 7 -168
 4 -167
 19 -166
 106 -165
 464 -164
 1222 -163
 1530 -162
 2846 -161
 3334 -160
 3689 -159
 3520 -158
 2643 -157
 3414 -156
 3398 -155
 3061 -154
 2267 -153
 939 -152
 621 -151
 150 -150
 7 -149
 0 -148
 0 -147
 0 -146
 0 -145
 0 -144
 0 -143
 0 -142
 0 -141
 0 -140


