# Created by Octave 3.8.2, Sat Jun 20 19:08:02 2020 CEST <damian@fptrucha.inv.usc.es>
# name: hd
# type: matrix
# rows: 41
# columns: 2
 1 -180
 2 -179
 1 -178
 1 -177
 0 -176
 0 -175
 0 -174
 0 -173
 0 -172
 2 -171
 2 -170
 2 -169
 5 -168
 2 -167
 6 -166
 70 -165
 329 -164
 1005 -163
 1651 -162
 2947 -161
 3611 -160
 3835 -159
 3706 -158
 2792 -157
 3809 -156
 3665 -155
 3472 -154
 2652 -153
 1169 -152
 761 -151
 237 -150
 12 -149
 0 -148
 0 -147
 0 -146
 0 -145
 0 -144
 0 -143
 0 -142
 0 -141
 0 -140


