# Created by Octave 3.8.2, Mon Jun 22 00:37:13 2020 CEST <damian@fptrucha.inv.usc.es>
# name: hd
# type: matrix
# rows: 41
# columns: 2
 0 -180
 0 -179
 1 -178
 0 -177
 0 -176
 1 -175
 0 -174
 0 -173
 2 -172
 0 -171
 1 -170
 0 -169
 4 -168
 3 -167
 3 -166
 71 -165
 335 -164
 1091 -163
 1549 -162
 2786 -161
 3401 -160
 3690 -159
 3796 -158
 2984 -157
 3656 -156
 3572 -155
 3476 -154
 2720 -153
 1247 -152
 834 -151
 236 -150
 17 -149
 0 -148
 0 -147
 0 -146
 0 -145
 0 -144
 0 -143
 0 -142
 0 -141
 0 -140


