# Created by Octave 3.8.2, Mon Jun 22 10:43:16 2020 CEST <damian@fptrucha.inv.usc.es>
# name: hd
# type: matrix
# rows: 41
# columns: 2
 0 -180
 1 -179
 0 -178
 0 -177
 2 -176
 1 -175
 3 -174
 1 -173
 2 -172
 5 -171
 6 -170
 1 -169
 2 -168
 3 -167
 14 -166
 105 -165
 498 -164
 1244 -163
 1674 -162
 3016 -161
 3632 -160
 3755 -159
 3674 -158
 2703 -157
 3636 -156
 3677 -155
 3288 -154
 2413 -153
 982 -152
 739 -151
 167 -150
 5 -149
 0 -148
 0 -147
 0 -146
 0 -145
 0 -144
 0 -143
 0 -142
 0 -141
 0 -140


