# Created by Octave 3.8.2, Sun Jun 21 05:43:28 2020 CEST <damian@fptrucha.inv.usc.es>
# name: hd
# type: matrix
# rows: 41
# columns: 2
 0 -180
 0 -179
 0 -178
 0 -177
 1 -176
 1 -175
 0 -174
 0 -173
 1 -172
 1 -171
 1 -170
 2 -169
 1 -168
 2 -167
 9 -166
 60 -165
 355 -164
 1077 -163
 1551 -162
 2763 -161
 3375 -160
 3653 -159
 3666 -158
 2878 -157
 3564 -156
 3687 -155
 3319 -154
 2573 -153
 1222 -152
 810 -151
 213 -150
 8 -149
 0 -148
 0 -147
 0 -146
 0 -145
 0 -144
 0 -143
 0 -142
 0 -141
 0 -140


