# Created by Octave 3.8.2, Mon Jun 22 08:12:13 2020 CEST <damian@fptrucha.inv.usc.es>
# name: hd
# type: matrix
# rows: 41
# columns: 2
 2 -180
 4 -179
 5 -178
 1 -177
 5 -176
 2 -175
 2 -174
 3 -173
 3 -172
 3 -171
 4 -170
 6 -169
 7 -168
 7 -167
 11 -166
 90 -165
 453 -164
 1253 -163
 1659 -162
 2909 -161
 3528 -160
 3680 -159
 3476 -158
 2618 -157
 3562 -156
 3559 -155
 3268 -154
 2330 -153
 971 -152
 710 -151
 162 -150
 7 -149
 0 -148
 0 -147
 0 -146
 0 -145
 0 -144
 0 -143
 0 -142
 0 -141
 0 -140


