# Created by Octave 3.8.2, Mon Jun 22 12:05:41 2020 CEST <damian@fptrucha.inv.usc.es>
# name: hd
# type: matrix
# rows: 41
# columns: 2
 3 -180
 1 -179
 3 -178
 2 -177
 5 -176
 3 -175
 4 -174
 4 -173
 0 -172
 2 -171
 3 -170
 4 -169
 5 -168
 0 -167
 17 -166
 88 -165
 448 -164
 1258 -163
 1667 -162
 2994 -161
 3769 -160
 3826 -159
 3693 -158
 2707 -157
 3707 -156
 3670 -155
 3430 -154
 2383 -153
 1023 -152
 722 -151
 172 -150
 6 -149
 0 -148
 0 -147
 0 -146
 0 -145
 0 -144
 0 -143
 0 -142
 0 -141
 0 -140


