# Created by Octave 3.8.2, Mon Jun 22 18:38:25 2020 CEST <damian@fptrucha.inv.usc.es>
# name: hd
# type: matrix
# rows: 41
# columns: 2
 2 -180
 2 -179
 1 -178
 1 -177
 0 -176
 1 -175
 0 -174
 4 -173
 0 -172
 2 -171
 2 -170
 6 -169
 6 -168
 3 -167
 9 -166
 97 -165
 482 -164
 1323 -163
 1712 -162
 3171 -161
 3766 -160
 4026 -159
 3879 -158
 2874 -157
 3877 -156
 3877 -155
 3466 -154
 2513 -153
 1063 -152
 718 -151
 171 -150
 3 -149
 0 -148
 0 -147
 0 -146
 0 -145
 0 -144
 0 -143
 0 -142
 0 -141
 0 -140


