# Created by Octave 3.8.2, Mon Jun 22 16:54:12 2020 CEST <damian@fptrucha.inv.usc.es>
# name: hd
# type: matrix
# rows: 41
# columns: 2
 2 -180
 2 -179
 4 -178
 1 -177
 1 -176
 4 -175
 0 -174
 2 -173
 3 -172
 1 -171
 2 -170
 3 -169
 7 -168
 4 -167
 14 -166
 112 -165
 526 -164
 1420 -163
 1702 -162
 3137 -161
 3819 -160
 4067 -159
 3827 -158
 2786 -157
 3713 -156
 3663 -155
 3526 -154
 2477 -153
 1078 -152
 709 -151
 166 -150
 7 -149
 0 -148
 0 -147
 0 -146
 0 -145
 0 -144
 0 -143
 0 -142
 0 -141
 0 -140


