# Created by Octave 3.8.2, Sat Jun 20 02:36:34 2020 CEST <damian@fptrucha.inv.usc.es>
# name: hd
# type: matrix
# rows: 41
# columns: 2
 0 -180
 1 -179
 0 -178
 0 -177
 0 -176
 0 -175
 1 -174
 4 -173
 1 -172
 2 -171
 3 -170
 2 -169
 1 -168
 6 -167
 6 -166
 52 -165
 359 -164
 1163 -163
 1812 -162
 3145 -161
 3830 -160
 4098 -159
 4122 -158
 3220 -157
 3997 -156
 4064 -155
 3646 -154
 2791 -153
 1293 -152
 848 -151
 230 -150
 11 -149
 0 -148
 0 -147
 0 -146
 0 -145
 0 -144
 0 -143
 0 -142
 0 -141
 0 -140


