# Created by Octave 3.8.2, Sun Jun 21 02:03:28 2020 CEST <damian@fptrucha.inv.usc.es>
# name: hd
# type: matrix
# rows: 41
# columns: 2
 0 -180
 2 -179
 1 -178
 0 -177
 0 -176
 0 -175
 1 -174
 0 -173
 1 -172
 0 -171
 1 -170
 3 -169
 4 -168
 2 -167
 5 -166
 52 -165
 342 -164
 1082 -163
 1585 -162
 2869 -161
 3460 -160
 3683 -159
 3624 -158
 2817 -157
 3602 -156
 3586 -155
 3222 -154
 2551 -153
 1257 -152
 790 -151
 224 -150
 12 -149
 1 -148
 0 -147
 0 -146
 0 -145
 0 -144
 0 -143
 0 -142
 0 -141
 0 -140


