# Created by Octave 3.8.2, Mon Jun 22 22:20:25 2020 CEST <damian@fptrucha.inv.usc.es>
# name: hd
# type: matrix
# rows: 41
# columns: 2
 5 -180
 0 -179
 3 -178
 3 -177
 0 -176
 0 -175
 3 -174
 1 -173
 5 -172
 2 -171
 3 -170
 3 -169
 7 -168
 6 -167
 7 -166
 67 -165
 415 -164
 1222 -163
 1728 -162
 3182 -161
 3778 -160
 3995 -159
 3954 -158
 3186 -157
 3966 -156
 3945 -155
 3540 -154
 2797 -153
 1171 -152
 820 -151
 220 -150
 13 -149
 0 -148
 0 -147
 0 -146
 0 -145
 0 -144
 0 -143
 0 -142
 0 -141
 0 -140


