# Created by Octave 3.8.2, Mon Jun 22 07:08:41 2020 CEST <damian@fptrucha.inv.usc.es>
# name: hd
# type: matrix
# rows: 41
# columns: 2
 2 -180
 4 -179
 2 -178
 1 -177
 4 -176
 6 -175
 2 -174
 1 -173
 5 -172
 4 -171
 4 -170
 5 -169
 7 -168
 6 -167
 12 -166
 106 -165
 478 -164
 1239 -163
 1606 -162
 2844 -161
 3453 -160
 3623 -159
 3521 -158
 2538 -157
 3607 -156
 3507 -155
 3189 -154
 2208 -153
 980 -152
 651 -151
 145 -150
 6 -149
 0 -148
 0 -147
 0 -146
 0 -145
 0 -144
 0 -143
 0 -142
 0 -141
 0 -140


