# Created by Octave 3.8.2, Sat Jun 20 03:45:17 2020 CEST <damian@fptrucha.inv.usc.es>
# name: hd
# type: matrix
# rows: 41
# columns: 2
 1 -180
 0 -179
 1 -178
 1 -177
 2 -176
 1 -175
 0 -174
 1 -173
 2 -172
 1 -171
 1 -170
 2 -169
 2 -168
 4 -167
 10 -166
 74 -165
 392 -164
 1224 -163
 1769 -162
 3207 -161
 3865 -160
 4133 -159
 4115 -158
 3232 -157
 4019 -156
 4088 -155
 3735 -154
 2853 -153
 1289 -152
 866 -151
 237 -150
 9 -149
 0 -148
 0 -147
 0 -146
 0 -145
 0 -144
 0 -143
 0 -142
 0 -141
 0 -140


