# Created by Octave 3.8.2, Sat Jun 20 23:27:04 2020 CEST <damian@fptrucha.inv.usc.es>
# name: hd
# type: matrix
# rows: 41
# columns: 2
 0 -180
 0 -179
 1 -178
 0 -177
 2 -176
 1 -175
 2 -174
 1 -173
 0 -172
 2 -171
 4 -170
 0 -169
 4 -168
 6 -167
 8 -166
 57 -165
 348 -164
 1035 -163
 1662 -162
 2759 -161
 3335 -160
 3711 -159
 3566 -158
 2914 -157
 3502 -156
 3637 -155
 3266 -154
 2616 -153
 1171 -152
 880 -151
 199 -150
 6 -149
 0 -148
 0 -147
 0 -146
 0 -145
 0 -144
 0 -143
 0 -142
 0 -141
 0 -140


