# Created by Octave 3.8.2, Sat Jun 20 17:08:54 2020 CEST <damian@fptrucha.inv.usc.es>
# name: hd
# type: matrix
# rows: 41
# columns: 2
 0 -180
 1 -179
 1 -178
 1 -177
 0 -176
 1 -175
 0 -174
 0 -173
 1 -172
 0 -171
 3 -170
 3 -169
 4 -168
 2 -167
 5 -166
 64 -165
 356 -164
 1073 -163
 1636 -162
 2918 -161
 3629 -160
 3949 -159
 3821 -158
 2947 -157
 3645 -156
 3685 -155
 3462 -154
 2650 -153
 1297 -152
 854 -151
 208 -150
 15 -149
 0 -148
 0 -147
 0 -146
 0 -145
 0 -144
 0 -143
 0 -142
 0 -141
 0 -140


