# Created by Octave 3.8.2, Mon Jun 22 17:40:48 2020 CEST <damian@fptrucha.inv.usc.es>
# name: hd
# type: matrix
# rows: 41
# columns: 2
 1 -180
 0 -179
 2 -178
 0 -177
 2 -176
 2 -175
 4 -174
 2 -173
 3 -172
 3 -171
 6 -170
 5 -169
 6 -168
 7 -167
 15 -166
 109 -165
 486 -164
 1435 -163
 1722 -162
 3093 -161
 3805 -160
 4082 -159
 3899 -158
 2904 -157
 3877 -156
 3915 -155
 3487 -154
 2612 -153
 1023 -152
 687 -151
 182 -150
 5 -149
 0 -148
 0 -147
 0 -146
 0 -145
 0 -144
 0 -143
 0 -142
 0 -141
 0 -140


