# Created by Octave 3.8.2, Sun Jun 21 01:54:49 2020 CEST <damian@fptrucha.inv.usc.es>
# name: hd
# type: matrix
# rows: 41
# columns: 2
 0 -180
 0 -179
 0 -178
 0 -177
 0 -176
 0 -175
 0 -174
 0 -173
 0 -172
 0 -171
 3 -170
 4 -169
 7 -168
 5 -167
 10 -166
 64 -165
 339 -164
 1049 -163
 1486 -162
 2811 -161
 3393 -160
 3517 -159
 3596 -158
 2854 -157
 3460 -156
 3568 -155
 3335 -154
 2532 -153
 1236 -152
 823 -151
 228 -150
 15 -149
 0 -148
 0 -147
 0 -146
 0 -145
 0 -144
 0 -143
 0 -142
 0 -141
 0 -140


