# Created by Octave 3.8.2, Sat Jun 20 12:48:05 2020 CEST <damian@fptrucha.inv.usc.es>
# name: hd
# type: matrix
# rows: 41
# columns: 2
 1 -180
 1 -179
 1 -178
 1 -177
 1 -176
 1 -175
 0 -174
 1 -173
 0 -172
 1 -171
 2 -170
 3 -169
 0 -168
 8 -167
 1 -166
 76 -165
 385 -164
 1173 -163
 1736 -162
 2972 -161
 3838 -160
 4120 -159
 4024 -158
 3208 -157
 4034 -156
 4061 -155
 3746 -154
 2792 -153
 1359 -152
 860 -151
 235 -150
 11 -149
 0 -148
 0 -147
 0 -146
 0 -145
 0 -144
 0 -143
 0 -142
 0 -141
 0 -140


