# Created by Octave 3.8.2, Sat Jun 20 06:31:57 2020 CEST <damian@fptrucha.inv.usc.es>
# name: hd
# type: matrix
# rows: 41
# columns: 2
 0 -180
 0 -179
 0 -178
 2 -177
 1 -176
 0 -175
 1 -174
 0 -173
 0 -172
 3 -171
 0 -170
 1 -169
 1 -168
 2 -167
 3 -166
 40 -165
 259 -164
 883 -163
 1218 -162
 2198 -161
 2745 -160
 2854 -159
 2734 -158
 2272 -157
 2723 -156
 2794 -155
 2501 -154
 1924 -153
 951 -152
 598 -151
 140 -150
 12 -149
 0 -148
 0 -147
 0 -146
 0 -145
 0 -144
 0 -143
 0 -142
 0 -141
 0 -140


