# Created by Octave 3.8.2, Mon Jun 22 01:13:25 2020 CEST <damian@fptrucha.inv.usc.es>
# name: hd
# type: matrix
# rows: 41
# columns: 2
 0 -180
 0 -179
 0 -178
 0 -177
 1 -176
 0 -175
 0 -174
 0 -173
 1 -172
 0 -171
 3 -170
 5 -169
 3 -168
 2 -167
 11 -166
 70 -165
 376 -164
 1001 -163
 1595 -162
 2719 -161
 3529 -160
 3656 -159
 3675 -158
 2961 -157
 3677 -156
 3579 -155
 3438 -154
 2580 -153
 1287 -152
 831 -151
 209 -150
 13 -149
 0 -148
 0 -147
 0 -146
 0 -145
 0 -144
 0 -143
 0 -142
 0 -141
 0 -140


