# Created by Octave 3.8.2, Mon Jun 22 09:00:56 2020 CEST <damian@fptrucha.inv.usc.es>
# name: hd
# type: matrix
# rows: 41
# columns: 2
 6 -180
 1 -179
 1 -178
 1 -177
 2 -176
 1 -175
 0 -174
 6 -173
 1 -172
 6 -171
 4 -170
 3 -169
 4 -168
 4 -167
 11 -166
 77 -165
 449 -164
 1268 -163
 1637 -162
 3041 -161
 3477 -160
 3690 -159
 3624 -158
 2612 -157
 3595 -156
 3624 -155
 3159 -154
 2372 -153
 994 -152
 655 -151
 157 -150
 10 -149
 0 -148
 0 -147
 0 -146
 0 -145
 0 -144
 0 -143
 0 -142
 0 -141
 0 -140


