# Created by Octave 3.8.2, Mon Jun 22 06:24:33 2020 CEST <damian@fptrucha.inv.usc.es>
# name: hd
# type: matrix
# rows: 41
# columns: 2
 1 -180
 3 -179
 4 -178
 2 -177
 6 -176
 0 -175
 6 -174
 2 -173
 0 -172
 3 -171
 5 -170
 5 -169
 8 -168
 10 -167
 19 -166
 89 -165
 445 -164
 1220 -163
 1640 -162
 2901 -161
 3477 -160
 3557 -159
 3486 -158
 2600 -157
 3504 -156
 3544 -155
 3169 -154
 2326 -153
 946 -152
 629 -151
 137 -150
 5 -149
 0 -148
 0 -147
 0 -146
 0 -145
 0 -144
 0 -143
 0 -142
 0 -141
 0 -140


