# Created by Octave 3.8.2, Mon Jun 22 12:37:42 2020 CEST <damian@fptrucha.inv.usc.es>
# name: hd
# type: matrix
# rows: 41
# columns: 2
 2 -180
 2 -179
 0 -178
 2 -177
 3 -176
 1 -175
 2 -174
 2 -173
 0 -172
 1 -171
 5 -170
 6 -169
 7 -168
 2 -167
 11 -166
 89 -165
 479 -164
 1298 -163
 1690 -162
 3023 -161
 3662 -160
 3840 -159
 3748 -158
 2760 -157
 3776 -156
 3719 -155
 3301 -154
 2377 -153
 1070 -152
 734 -151
 147 -150
 8 -149
 1 -148
 0 -147
 0 -146
 0 -145
 0 -144
 0 -143
 0 -142
 0 -141
 0 -140


