# Created by Octave 3.8.2, Sat Jun 20 21:17:15 2020 CEST <damian@fptrucha.inv.usc.es>
# name: hd
# type: matrix
# rows: 41
# columns: 2
 0 -180
 2 -179
 1 -178
 0 -177
 1 -176
 0 -175
 0 -174
 2 -173
 0 -172
 1 -171
 1 -170
 1 -169
 2 -168
 3 -167
 7 -166
 61 -165
 344 -164
 1046 -163
 1544 -162
 2847 -161
 3515 -160
 3759 -159
 3583 -158
 2899 -157
 3727 -156
 3689 -155
 3367 -154
 2546 -153
 1215 -152
 781 -151
 224 -150
 7 -149
 0 -148
 0 -147
 0 -146
 0 -145
 0 -144
 0 -143
 0 -142
 0 -141
 0 -140


