# Created by Octave 3.8.2, Sat Jun 20 23:45:15 2020 CEST <damian@fptrucha.inv.usc.es>
# name: hd
# type: matrix
# rows: 41
# columns: 2
 0 -180
 1 -179
 0 -178
 1 -177
 0 -176
 0 -175
 0 -174
 0 -173
 0 -172
 0 -171
 3 -170
 1 -169
 1 -168
 5 -167
 7 -166
 54 -165
 218 -164
 788 -163
 1039 -162
 1850 -161
 2286 -160
 2397 -159
 2354 -158
 1976 -157
 2434 -156
 2397 -155
 2196 -154
 1797 -153
 843 -152
 527 -151
 133 -150
 13 -149
 0 -148
 0 -147
 0 -146
 0 -145
 0 -144
 0 -143
 0 -142
 0 -141
 0 -140


