# Created by Octave 3.8.2, Sat Jun 20 08:10:57 2020 CEST <damian@fptrucha.inv.usc.es>
# name: hd
# type: matrix
# rows: 41
# columns: 2
 1 -180
 0 -179
 0 -178
 2 -177
 0 -176
 1 -175
 0 -174
 0 -173
 1 -172
 2 -171
 2 -170
 6 -169
 6 -168
 6 -167
 7 -166
 91 -165
 447 -164
 1331 -163
 1895 -162
 3288 -161
 4035 -160
 4184 -159
 4298 -158
 3255 -157
 4247 -156
 4328 -155
 3900 -154
 2986 -153
 1395 -152
 941 -151
 239 -150
 11 -149
 0 -148
 0 -147
 0 -146
 0 -145
 0 -144
 0 -143
 0 -142
 0 -141
 0 -140


