# Created by Octave 3.8.2, Sat Jun 20 22:42:17 2020 CEST <damian@fptrucha.inv.usc.es>
# name: hd
# type: matrix
# rows: 41
# columns: 2
 0 -180
 1 -179
 0 -178
 1 -177
 2 -176
 1 -175
 0 -174
 0 -173
 0 -172
 1 -171
 2 -170
 3 -169
 6 -168
 4 -167
 7 -166
 60 -165
 337 -164
 992 -163
 1484 -162
 2772 -161
 3342 -160
 3644 -159
 3607 -158
 2905 -157
 3541 -156
 3602 -155
 3342 -154
 2555 -153
 1169 -152
 789 -151
 231 -150
 9 -149
 0 -148
 0 -147
 0 -146
 0 -145
 0 -144
 0 -143
 0 -142
 0 -141
 0 -140


