# Created by Octave 3.8.2, Sat Jun 20 18:15:39 2020 CEST <damian@fptrucha.inv.usc.es>
# name: hd
# type: matrix
# rows: 41
# columns: 2
 0 -180
 0 -179
 0 -178
 1 -177
 1 -176
 0 -175
 0 -174
 1 -173
 0 -172
 4 -171
 1 -170
 2 -169
 4 -168
 4 -167
 8 -166
 65 -165
 325 -164
 1091 -163
 1583 -162
 2883 -161
 3552 -160
 3755 -159
 3681 -158
 2959 -157
 3537 -156
 3732 -155
 3443 -154
 2641 -153
 1237 -152
 849 -151
 215 -150
 14 -149
 0 -148
 0 -147
 0 -146
 0 -145
 0 -144
 0 -143
 0 -142
 0 -141
 0 -140


