# Created by Octave 3.8.2, Sat Jun 20 23:37:51 2020 CEST <damian@fptrucha.inv.usc.es>
# name: hd
# type: matrix
# rows: 41
# columns: 2
 0 -180
 1 -179
 0 -178
 1 -177
 0 -176
 0 -175
 0 -174
 0 -173
 0 -172
 0 -171
 2 -170
 3 -169
 3 -168
 4 -167
 9 -166
 63 -165
 346 -164
 1088 -163
 1642 -162
 2779 -161
 3378 -160
 3746 -159
 3632 -158
 2854 -157
 3673 -156
 3651 -155
 3399 -154
 2568 -153
 1264 -152
 812 -151
 211 -150
 8 -149
 1 -148
 0 -147
 0 -146
 0 -145
 0 -144
 0 -143
 0 -142
 0 -141
 0 -140


