# Created by Octave 3.8.2, Mon Jun 22 19:39:15 2020 CEST <damian@fptrucha.inv.usc.es>
# name: hd
# type: matrix
# rows: 41
# columns: 2
 1 -180
 2 -179
 1 -178
 2 -177
 0 -176
 4 -175
 1 -174
 0 -173
 0 -172
 3 -171
 5 -170
 4 -169
 2 -168
 5 -167
 12 -166
 100 -165
 516 -164
 1374 -163
 1721 -162
 3177 -161
 3819 -160
 4138 -159
 4033 -158
 2819 -157
 3918 -156
 3885 -155
 3598 -154
 2674 -153
 1108 -152
 703 -151
 169 -150
 6 -149
 0 -148
 0 -147
 0 -146
 0 -145
 0 -144
 0 -143
 0 -142
 0 -141
 0 -140


