# Created by Octave 3.8.2, Sun Jun 21 02:40:09 2020 CEST <damian@fptrucha.inv.usc.es>
# name: hd
# type: matrix
# rows: 41
# columns: 2
 3 -180
 0 -179
 1 -178
 0 -177
 0 -176
 0 -175
 1 -174
 1 -173
 0 -172
 2 -171
 1 -170
 3 -169
 3 -168
 2 -167
 3 -166
 67 -165
 320 -164
 1040 -163
 1598 -162
 2842 -161
 3376 -160
 3659 -159
 3565 -158
 2861 -157
 3567 -156
 3570 -155
 3247 -154
 2551 -153
 1218 -152
 788 -151
 228 -150
 5 -149
 0 -148
 0 -147
 0 -146
 0 -145
 0 -144
 0 -143
 0 -142
 0 -141
 0 -140


