# Created by Octave 3.8.2, Mon Jun 22 11:10:17 2020 CEST <damian@fptrucha.inv.usc.es>
# name: hd
# type: matrix
# rows: 41
# columns: 2
 2 -180
 1 -179
 5 -178
 3 -177
 1 -176
 2 -175
 1 -174
 4 -173
 0 -172
 5 -171
 2 -170
 3 -169
 4 -168
 7 -167
 15 -166
 90 -165
 495 -164
 1299 -163
 1670 -162
 3034 -161
 3674 -160
 3844 -159
 3782 -158
 2717 -157
 3730 -156
 3743 -155
 3440 -154
 2396 -153
 1015 -152
 722 -151
 159 -150
 5 -149
 1 -148
 0 -147
 0 -146
 0 -145
 0 -144
 0 -143
 0 -142
 0 -141
 0 -140


