# Created by Octave 3.8.2, Mon Jun 22 05:16:57 2020 CEST <damian@fptrucha.inv.usc.es>
# name: hd
# type: matrix
# rows: 41
# columns: 2
 0 -180
 2 -179
 3 -178
 1 -177
 1 -176
 4 -175
 3 -174
 2 -173
 2 -172
 2 -171
 2 -170
 11 -169
 6 -168
 5 -167
 12 -166
 86 -165
 453 -164
 1323 -163
 1627 -162
 2780 -161
 3356 -160
 3528 -159
 3481 -158
 2494 -157
 3458 -156
 3483 -155
 3123 -154
 2162 -153
 874 -152
 573 -151
 114 -150
 3 -149
 0 -148
 0 -147
 0 -146
 0 -145
 0 -144
 0 -143
 0 -142
 0 -141
 0 -140


