# Created by Octave 3.8.2, Sat Jun 20 09:56:32 2020 CEST <damian@fptrucha.inv.usc.es>
# name: hd
# type: matrix
# rows: 41
# columns: 2
 1 -180
 0 -179
 1 -178
 0 -177
 0 -176
 1 -175
 0 -174
 0 -173
 0 -172
 0 -171
 2 -170
 4 -169
 6 -168
 2 -167
 10 -166
 78 -165
 412 -164
 1305 -163
 1810 -162
 3305 -161
 4002 -160
 4306 -159
 4391 -158
 3323 -157
 4179 -156
 4219 -155
 3828 -154
 2981 -153
 1404 -152
 897 -151
 257 -150
 8 -149
 0 -148
 0 -147
 0 -146
 0 -145
 0 -144
 0 -143
 0 -142
 0 -141
 0 -140


