# Created by Octave 3.8.2, Mon Jun 22 07:52:03 2020 CEST <damian@fptrucha.inv.usc.es>
# name: hd
# type: matrix
# rows: 41
# columns: 2
 2 -180
 2 -179
 2 -178
 1 -177
 2 -176
 4 -175
 2 -174
 2 -173
 4 -172
 4 -171
 4 -170
 4 -169
 2 -168
 5 -167
 11 -166
 83 -165
 479 -164
 1298 -163
 1604 -162
 2941 -161
 3436 -160
 3738 -159
 3556 -158
 2638 -157
 3612 -156
 3638 -155
 3258 -154
 2361 -153
 925 -152
 630 -151
 139 -150
 2 -149
 0 -148
 0 -147
 0 -146
 0 -145
 0 -144
 0 -143
 0 -142
 0 -141
 0 -140


