# Created by Octave 3.8.2, Sun Jun 21 03:04:18 2020 CEST <damian@fptrucha.inv.usc.es>
# name: hd
# type: matrix
# rows: 41
# columns: 2
 1 -180
 1 -179
 1 -178
 0 -177
 3 -176
 0 -175
 1 -174
 1 -173
 2 -172
 2 -171
 2 -170
 2 -169
 2 -168
 7 -167
 9 -166
 59 -165
 346 -164
 1085 -163
 1566 -162
 2820 -161
 3398 -160
 3659 -159
 3482 -158
 2897 -157
 3576 -156
 3564 -155
 3292 -154
 2587 -153
 1142 -152
 802 -151
 188 -150
 8 -149
 0 -148
 0 -147
 0 -146
 0 -145
 0 -144
 0 -143
 0 -142
 0 -141
 0 -140


