# Created by Octave 3.8.2, Sat Jun 20 23:44:25 2020 CEST <damian@fptrucha.inv.usc.es>
# name: hd
# type: matrix
# rows: 41
# columns: 2
 0 -180
 0 -179
 1 -178
 0 -177
 0 -176
 0 -175
 0 -174
 1 -173
 0 -172
 2 -171
 0 -170
 3 -169
 3 -168
 2 -167
 10 -166
 54 -165
 329 -164
 1028 -163
 1578 -162
 2758 -161
 3509 -160
 3723 -159
 3635 -158
 2956 -157
 3570 -156
 3602 -155
 3398 -154
 2500 -153
 1218 -152
 788 -151
 212 -150
 9 -149
 0 -148
 0 -147
 0 -146
 0 -145
 0 -144
 0 -143
 0 -142
 0 -141
 0 -140


