# Created by Octave 3.8.2, Sun Jun 21 08:17:36 2020 CEST <damian@fptrucha.inv.usc.es>
# name: hd
# type: matrix
# rows: 41
# columns: 2
 0 -180
 0 -179
 1 -178
 0 -177
 0 -176
 0 -175
 0 -174
 0 -173
 0 -172
 2 -171
 3 -170
 1 -169
 2 -168
 2 -167
 8 -166
 78 -165
 335 -164
 1046 -163
 1569 -162
 2848 -161
 3467 -160
 3615 -159
 3551 -158
 2827 -157
 3489 -156
 3593 -155
 3317 -154
 2568 -153
 1208 -152
 808 -151
 198 -150
 21 -149
 0 -148
 0 -147
 0 -146
 0 -145
 0 -144
 0 -143
 0 -142
 0 -141
 0 -140


