# Created by Octave 3.8.2, Sun Jun 21 03:21:38 2020 CEST <damian@fptrucha.inv.usc.es>
# name: hd
# type: matrix
# rows: 41
# columns: 2
 0 -180
 0 -179
 0 -178
 1 -177
 1 -176
 2 -175
 2 -174
 0 -173
 0 -172
 2 -171
 2 -170
 1 -169
 4 -168
 6 -167
 7 -166
 59 -165
 336 -164
 1104 -163
 1632 -162
 2749 -161
 3492 -160
 3678 -159
 3659 -158
 2820 -157
 3622 -156
 3554 -155
 3237 -154
 2456 -153
 1180 -152
 822 -151
 214 -150
 5 -149
 0 -148
 0 -147
 0 -146
 0 -145
 0 -144
 0 -143
 0 -142
 0 -141
 0 -140


