# Created by Octave 3.8.2, Mon Jun 22 00:40:57 2020 CEST <damian@fptrucha.inv.usc.es>
# name: hd
# type: matrix
# rows: 41
# columns: 2
 0 -180
 0 -179
 0 -178
 0 -177
 1 -176
 1 -175
 1 -174
 0 -173
 1 -172
 1 -171
 0 -170
 1 -169
 3 -168
 5 -167
 12 -166
 61 -165
 335 -164
 1036 -163
 1591 -162
 2878 -161
 3341 -160
 3625 -159
 3638 -158
 2939 -157
 3598 -156
 3643 -155
 3473 -154
 2659 -153
 1241 -152
 811 -151
 227 -150
 10 -149
 0 -148
 0 -147
 0 -146
 0 -145
 0 -144
 0 -143
 0 -142
 0 -141
 0 -140


