# Created by Octave 3.8.2, Sat Jun 20 22:29:44 2020 CEST <damian@fptrucha.inv.usc.es>
# name: hd
# type: matrix
# rows: 41
# columns: 2
 1 -180
 0 -179
 0 -178
 0 -177
 1 -176
 0 -175
 0 -174
 0 -173
 0 -172
 0 -171
 2 -170
 1 -169
 4 -168
 1 -167
 4 -166
 65 -165
 345 -164
 1102 -163
 1556 -162
 2807 -161
 3511 -160
 3695 -159
 3660 -158
 2890 -157
 3578 -156
 3656 -155
 3363 -154
 2574 -153
 1206 -152
 805 -151
 199 -150
 19 -149
 0 -148
 0 -147
 0 -146
 0 -145
 0 -144
 0 -143
 0 -142
 0 -141
 0 -140


