# Created by Octave 3.8.2, Sat Jun 20 16:21:19 2020 CEST <damian@fptrucha.inv.usc.es>
# name: hd
# type: matrix
# rows: 41
# columns: 2
 0 -180
 1 -179
 0 -178
 1 -177
 1 -176
 1 -175
 0 -174
 1 -173
 0 -172
 2 -171
 0 -170
 3 -169
 6 -168
 2 -167
 9 -166
 59 -165
 343 -164
 1081 -163
 1678 -162
 2887 -161
 3624 -160
 3771 -159
 3902 -158
 2978 -157
 3720 -156
 3719 -155
 3517 -154
 2572 -153
 1329 -152
 841 -151
 233 -150
 18 -149
 0 -148
 0 -147
 0 -146
 0 -145
 0 -144
 0 -143
 0 -142
 0 -141
 0 -140


