# Created by Octave 3.8.2, Mon Jun 22 23:47:56 2020 CEST <damian@fptrucha.inv.usc.es>
# name: hd
# type: matrix
# rows: 41
# columns: 2
 2 -180
 1 -179
 1 -178
 0 -177
 2 -176
 0 -175
 0 -174
 5 -173
 0 -172
 2 -171
 2 -170
 5 -169
 1 -168
 3 -167
 13 -166
 76 -165
 401 -164
 1256 -163
 1794 -162
 3021 -161
 3811 -160
 4093 -159
 3990 -158
 3149 -157
 4010 -156
 3905 -155
 3625 -154
 2737 -153
 1295 -152
 826 -151
 208 -150
 15 -149
 0 -148
 0 -147
 0 -146
 0 -145
 0 -144
 0 -143
 0 -142
 0 -141
 0 -140


