# Created by Octave 3.8.2, Mon Jun 22 18:04:10 2020 CEST <damian@fptrucha.inv.usc.es>
# name: hd
# type: matrix
# rows: 41
# columns: 2
 0 -180
 0 -179
 2 -178
 0 -177
 1 -176
 4 -175
 2 -174
 3 -173
 5 -172
 1 -171
 1 -170
 1 -169
 8 -168
 4 -167
 10 -166
 114 -165
 493 -164
 1347 -163
 1697 -162
 3052 -161
 3838 -160
 3983 -159
 3925 -158
 2884 -157
 3811 -156
 3912 -155
 3436 -154
 2535 -153
 1017 -152
 738 -151
 154 -150
 8 -149
 0 -148
 0 -147
 0 -146
 0 -145
 0 -144
 0 -143
 0 -142
 0 -141
 0 -140


