# Created by Octave 3.8.2, Sat Jun 20 04:58:53 2020 CEST <damian@fptrucha.inv.usc.es>
# name: hd
# type: matrix
# rows: 41
# columns: 2
 2 -180
 0 -179
 0 -178
 1 -177
 1 -176
 0 -175
 0 -174
 2 -173
 0 -172
 1 -171
 1 -170
 3 -169
 5 -168
 0 -167
 7 -166
 64 -165
 392 -164
 1197 -163
 1803 -162
 3163 -161
 4061 -160
 4056 -159
 4172 -158
 3255 -157
 4054 -156
 4020 -155
 3764 -154
 2775 -153
 1373 -152
 902 -151
 201 -150
 12 -149
 0 -148
 0 -147
 0 -146
 0 -145
 0 -144
 0 -143
 0 -142
 0 -141
 0 -140


