# Created by Octave 3.8.2, Mon Jun 22 13:22:50 2020 CEST <damian@fptrucha.inv.usc.es>
# name: hd
# type: matrix
# rows: 41
# columns: 2
 2 -180
 2 -179
 2 -178
 1 -177
 3 -176
 0 -175
 3 -174
 2 -173
 0 -172
 1 -171
 2 -170
 10 -169
 3 -168
 6 -167
 17 -166
 115 -165
 468 -164
 1350 -163
 1709 -162
 3080 -161
 3670 -160
 3911 -159
 3755 -158
 2767 -157
 3762 -156
 3786 -155
 3396 -154
 2431 -153
 1020 -152
 665 -151
 177 -150
 4 -149
 0 -148
 0 -147
 0 -146
 0 -145
 0 -144
 0 -143
 0 -142
 0 -141
 0 -140


