# Created by Octave 3.8.2, Sat Jun 20 07:31:44 2020 CEST <damian@fptrucha.inv.usc.es>
# name: hd
# type: matrix
# rows: 41
# columns: 2
 0 -180
 0 -179
 0 -178
 0 -177
 1 -176
 2 -175
 1 -174
 0 -173
 0 -172
 3 -171
 1 -170
 0 -169
 5 -168
 3 -167
 6 -166
 72 -165
 406 -164
 1285 -163
 1832 -162
 3173 -161
 4022 -160
 4211 -159
 4199 -158
 3356 -157
 4172 -156
 4143 -155
 3884 -154
 2967 -153
 1406 -152
 952 -151
 234 -150
 17 -149
 0 -148
 0 -147
 0 -146
 0 -145
 0 -144
 0 -143
 0 -142
 0 -141
 0 -140


