# Created by Octave 3.8.2, Mon Jun 22 00:27:07 2020 CEST <damian@fptrucha.inv.usc.es>
# name: hd
# type: matrix
# rows: 41
# columns: 2
 0 -180
 0 -179
 0 -178
 0 -177
 1 -176
 1 -175
 0 -174
 0 -173
 2 -172
 0 -171
 3 -170
 1 -169
 7 -168
 4 -167
 10 -166
 57 -165
 351 -164
 1103 -163
 1651 -162
 2915 -161
 3507 -160
 3912 -159
 3921 -158
 3065 -157
 3840 -156
 3751 -155
 3554 -154
 2678 -153
 1274 -152
 836 -151
 246 -150
 19 -149
 0 -148
 0 -147
 0 -146
 0 -145
 0 -144
 0 -143
 0 -142
 0 -141
 0 -140


