# Created by Octave 3.8.2, Sun Jun 21 02:45:14 2020 CEST <damian@fptrucha.inv.usc.es>
# name: hd
# type: matrix
# rows: 41
# columns: 2
 0 -180
 2 -179
 1 -178
 0 -177
 2 -176
 0 -175
 1 -174
 0 -173
 0 -172
 1 -171
 2 -170
 1 -169
 2 -168
 1 -167
 9 -166
 64 -165
 310 -164
 977 -163
 1583 -162
 2838 -161
 3343 -160
 3607 -159
 3726 -158
 2896 -157
 3700 -156
 3574 -155
 3365 -154
 2574 -153
 1214 -152
 782 -151
 225 -150
 10 -149
 0 -148
 0 -147
 1 -146
 0 -145
 0 -144
 0 -143
 0 -142
 0 -141
 0 -140


