# Created by Octave 3.8.2, Mon Jun 22 03:07:46 2020 CEST <damian@fptrucha.inv.usc.es>
# name: hd
# type: matrix
# rows: 41
# columns: 2
 2 -180
 4 -179
 3 -178
 3 -177
 2 -176
 3 -175
 0 -174
 6 -173
 4 -172
 3 -171
 2 -170
 5 -169
 4 -168
 4 -167
 13 -166
 87 -165
 419 -164
 1228 -163
 1635 -162
 2826 -161
 3322 -160
 3580 -159
 3508 -158
 2502 -157
 3439 -156
 3392 -155
 3230 -154
 2425 -153
 904 -152
 702 -151
 134 -150
 5 -149
 0 -148
 0 -147
 0 -146
 0 -145
 0 -144
 0 -143
 0 -142
 0 -141
 0 -140


