# Created by Octave 3.8.2, Mon Jun 22 17:55:32 2020 CEST <damian@fptrucha.inv.usc.es>
# name: hd
# type: matrix
# rows: 41
# columns: 2
 1 -180
 2 -179
 1 -178
 2 -177
 2 -176
 1 -175
 1 -174
 1 -173
 1 -172
 5 -171
 3 -170
 7 -169
 5 -168
 7 -167
 20 -166
 118 -165
 484 -164
 1426 -163
 1688 -162
 3116 -161
 3890 -160
 4016 -159
 3904 -158
 2800 -157
 3929 -156
 3972 -155
 3516 -154
 2521 -153
 1026 -152
 696 -151
 189 -150
 4 -149
 0 -148
 0 -147
 0 -146
 0 -145
 0 -144
 0 -143
 0 -142
 0 -141
 0 -140


