# Created by Octave 3.8.2, Sat Jun 20 13:52:08 2020 CEST <damian@fptrucha.inv.usc.es>
# name: hd
# type: matrix
# rows: 41
# columns: 2
 1 -180
 0 -179
 0 -178
 0 -177
 0 -176
 0 -175
 0 -174
 2 -173
 1 -172
 1 -171
 2 -170
 1 -169
 2 -168
 9 -167
 6 -166
 77 -165
 380 -164
 1163 -163
 1749 -162
 3092 -161
 3687 -160
 3906 -159
 4038 -158
 3198 -157
 3800 -156
 3966 -155
 3660 -154
 2838 -153
 1277 -152
 897 -151
 245 -150
 21 -149
 0 -148
 0 -147
 0 -146
 0 -145
 0 -144
 0 -143
 0 -142
 0 -141
 0 -140


