# Created by Octave 3.8.2, Mon Jun 22 22:00:42 2020 CEST <damian@fptrucha.inv.usc.es>
# name: hd
# type: matrix
# rows: 41
# columns: 2
 0 -180
 1 -179
 2 -178
 3 -177
 3 -176
 2 -175
 1 -174
 2 -173
 1 -172
 1 -171
 2 -170
 3 -169
 4 -168
 6 -167
 16 -166
 89 -165
 415 -164
 1216 -163
 1747 -162
 3099 -161
 3824 -160
 4055 -159
 4077 -158
 3106 -157
 3796 -156
 4033 -155
 3645 -154
 2767 -153
 1233 -152
 806 -151
 224 -150
 13 -149
 0 -148
 0 -147
 0 -146
 0 -145
 0 -144
 0 -143
 0 -142
 0 -141
 0 -140


