# Created by Octave 3.8.2, Sat Jun 20 09:52:04 2020 CEST <damian@fptrucha.inv.usc.es>
# name: hd
# type: matrix
# rows: 41
# columns: 2
 0 -180
 0 -179
 0 -178
 3 -177
 0 -176
 0 -175
 0 -174
 1 -173
 1 -172
 1 -171
 8 -170
 4 -169
 8 -168
 5 -167
 5 -166
 60 -165
 432 -164
 1223 -163
 1786 -162
 3180 -161
 4041 -160
 4148 -159
 4236 -158
 3319 -157
 4087 -156
 4238 -155
 3824 -154
 2988 -153
 1450 -152
 905 -151
 235 -150
 17 -149
 0 -148
 0 -147
 0 -146
 0 -145
 0 -144
 0 -143
 0 -142
 0 -141
 0 -140


