# Created by Octave 3.8.2, Sat Jun 20 22:47:28 2020 CEST <damian@fptrucha.inv.usc.es>
# name: hd
# type: matrix
# rows: 41
# columns: 2
 1 -180
 1 -179
 0 -178
 0 -177
 0 -176
 1 -175
 1 -174
 2 -173
 0 -172
 0 -171
 0 -170
 1 -169
 6 -168
 5 -167
 6 -166
 56 -165
 295 -164
 963 -163
 1615 -162
 2791 -161
 3467 -160
 3812 -159
 3708 -158
 2944 -157
 3607 -156
 3729 -155
 3345 -154
 2505 -153
 1249 -152
 789 -151
 198 -150
 16 -149
 0 -148
 0 -147
 0 -146
 0 -145
 0 -144
 0 -143
 0 -142
 0 -141
 0 -140


