# Created by Octave 3.8.2, Mon Jun 22 09:07:51 2020 CEST <damian@fptrucha.inv.usc.es>
# name: hd
# type: matrix
# rows: 41
# columns: 2
 2 -180
 3 -179
 3 -178
 2 -177
 1 -176
 1 -175
 2 -174
 3 -173
 1 -172
 3 -171
 5 -170
 4 -169
 7 -168
 6 -167
 15 -166
 80 -165
 445 -164
 1269 -163
 1620 -162
 2940 -161
 3551 -160
 3673 -159
 3538 -158
 2750 -157
 3704 -156
 3564 -155
 3233 -154
 2359 -153
 945 -152
 765 -151
 177 -150
 4 -149
 0 -148
 0 -147
 0 -146
 0 -145
 0 -144
 0 -143
 0 -142
 0 -141
 0 -140


