# Created by Octave 3.8.2, Sat Jun 20 21:42:29 2020 CEST <damian@fptrucha.inv.usc.es>
# name: hd
# type: matrix
# rows: 41
# columns: 2
 0 -180
 0 -179
 0 -178
 0 -177
 0 -176
 0 -175
 1 -174
 1 -173
 1 -172
 1 -171
 3 -170
 1 -169
 2 -168
 3 -167
 6 -166
 65 -165
 369 -164
 1065 -163
 1632 -162
 2777 -161
 3521 -160
 3689 -159
 3684 -158
 2866 -157
 3635 -156
 3585 -155
 3370 -154
 2602 -153
 1153 -152
 834 -151
 230 -150
 21 -149
 0 -148
 0 -147
 0 -146
 0 -145
 0 -144
 0 -143
 0 -142
 0 -141
 0 -140


