# Created by Octave 3.8.2, Mon Jun 22 07:16:17 2020 CEST <damian@fptrucha.inv.usc.es>
# name: hd
# type: matrix
# rows: 41
# columns: 2
 3 -180
 2 -179
 2 -178
 6 -177
 4 -176
 1 -175
 3 -174
 1 -173
 2 -172
 1 -171
 5 -170
 5 -169
 5 -168
 9 -167
 7 -166
 109 -165
 451 -164
 1264 -163
 1582 -162
 2949 -161
 3516 -160
 3625 -159
 3651 -158
 2703 -157
 3535 -156
 3623 -155
 3266 -154
 2323 -153
 956 -152
 631 -151
 155 -150
 9 -149
 0 -148
 0 -147
 0 -146
 0 -145
 0 -144
 0 -143
 0 -142
 0 -141
 0 -140


