# Created by Octave 3.8.2, Sun Jun 21 06:39:36 2020 CEST <damian@fptrucha.inv.usc.es>
# name: hd
# type: matrix
# rows: 41
# columns: 2
 0 -180
 0 -179
 1 -178
 0 -177
 1 -176
 1 -175
 0 -174
 1 -173
 1 -172
 1 -171
 1 -170
 2 -169
 3 -168
 6 -167
 4 -166
 45 -165
 223 -164
 689 -163
 1152 -162
 1881 -161
 2313 -160
 2502 -159
 2491 -158
 1929 -157
 2448 -156
 2398 -155
 2350 -154
 1838 -153
 836 -152
 528 -151
 139 -150
 12 -149
 0 -148
 0 -147
 0 -146
 0 -145
 0 -144
 0 -143
 0 -142
 0 -141
 0 -140


