# Created by Octave 3.8.2, Mon Jun 22 06:07:53 2020 CEST <damian@fptrucha.inv.usc.es>
# name: hd
# type: matrix
# rows: 41
# columns: 2
 3 -180
 1 -179
 3 -178
 0 -177
 2 -176
 1 -175
 1 -174
 6 -173
 1 -172
 3 -171
 1 -170
 5 -169
 12 -168
 6 -167
 13 -166
 81 -165
 448 -164
 1242 -163
 1564 -162
 2940 -161
 3600 -160
 3610 -159
 3524 -158
 2615 -157
 3495 -156
 3452 -155
 3285 -154
 2192 -153
 938 -152
 645 -151
 166 -150
 6 -149
 0 -148
 0 -147
 0 -146
 0 -145
 0 -144
 0 -143
 0 -142
 0 -141
 0 -140


