# Created by Octave 3.8.2, Sun Jun 21 06:57:33 2020 CEST <damian@fptrucha.inv.usc.es>
# name: hd
# type: matrix
# rows: 41
# columns: 2
 0 -180
 0 -179
 3 -178
 0 -177
 1 -176
 1 -175
 1 -174
 0 -173
 1 -172
 2 -171
 3 -170
 3 -169
 3 -168
 1 -167
 6 -166
 65 -165
 305 -164
 1005 -163
 1567 -162
 2750 -161
 3332 -160
 3529 -159
 3468 -158
 2846 -157
 3524 -156
 3502 -155
 3338 -154
 2631 -153
 1170 -152
 818 -151
 202 -150
 16 -149
 1 -148
 0 -147
 0 -146
 0 -145
 0 -144
 0 -143
 0 -142
 0 -141
 0 -140


