# Created by Octave 3.8.2, Mon Jun 22 05:19:58 2020 CEST <damian@fptrucha.inv.usc.es>
# name: hd
# type: matrix
# rows: 41
# columns: 2
 1 -180
 3 -179
 1 -178
 2 -177
 0 -176
 3 -175
 1 -174
 1 -173
 0 -172
 3 -171
 4 -170
 2 -169
 5 -168
 2 -167
 13 -166
 106 -165
 481 -164
 1241 -163
 1513 -162
 2841 -161
 3363 -160
 3541 -159
 3440 -158
 2639 -157
 3493 -156
 3517 -155
 3112 -154
 2227 -153
 925 -152
 611 -151
 129 -150
 6 -149
 1 -148
 0 -147
 0 -146
 0 -145
 0 -144
 0 -143
 0 -142
 0 -141
 0 -140


