# Created by Octave 3.8.2, Mon Jun 22 02:49:04 2020 CEST <damian@fptrucha.inv.usc.es>
# name: hd
# type: matrix
# rows: 41
# columns: 2
 2 -180
 1 -179
 2 -178
 3 -177
 4 -176
 2 -175
 1 -174
 3 -173
 1 -172
 3 -171
 9 -170
 7 -169
 5 -168
 8 -167
 12 -166
 91 -165
 447 -164
 1188 -163
 1571 -162
 2797 -161
 3392 -160
 3660 -159
 3563 -158
 2584 -157
 3488 -156
 3524 -155
 3145 -154
 2254 -153
 893 -152
 652 -151
 154 -150
 5 -149
 0 -148
 0 -147
 0 -146
 0 -145
 0 -144
 0 -143
 0 -142
 0 -141
 0 -140


