# Created by Octave 3.8.2, Mon Jun 22 10:45:21 2020 CEST <damian@fptrucha.inv.usc.es>
# name: hd
# type: matrix
# rows: 41
# columns: 2
 2 -180
 2 -179
 6 -178
 1 -177
 3 -176
 2 -175
 6 -174
 1 -173
 2 -172
 2 -171
 4 -170
 4 -169
 8 -168
 5 -167
 10 -166
 100 -165
 424 -164
 1300 -163
 1629 -162
 2987 -161
 3683 -160
 3809 -159
 3738 -158
 2676 -157
 3638 -156
 3725 -155
 3318 -154
 2411 -153
 946 -152
 698 -151
 176 -150
 8 -149
 0 -148
 0 -147
 0 -146
 0 -145
 0 -144
 0 -143
 0 -142
 0 -141
 0 -140


