# Created by Octave 3.8.2, Sat Jun 20 04:01:42 2020 CEST <damian@fptrucha.inv.usc.es>
# name: hd
# type: matrix
# rows: 41
# columns: 2
 0 -180
 1 -179
 0 -178
 1 -177
 1 -176
 0 -175
 0 -174
 3 -173
 0 -172
 0 -171
 5 -170
 2 -169
 4 -168
 9 -167
 8 -166
 68 -165
 424 -164
 1258 -163
 1855 -162
 3315 -161
 4014 -160
 4192 -159
 4202 -158
 3364 -157
 4160 -156
 4153 -155
 3706 -154
 2963 -153
 1376 -152
 878 -151
 241 -150
 15 -149
 0 -148
 0 -147
 0 -146
 0 -145
 0 -144
 0 -143
 0 -142
 0 -141
 0 -140


