# Created by Octave 3.8.2, Sun Jun 21 04:46:14 2020 CEST <damian@fptrucha.inv.usc.es>
# name: hd
# type: matrix
# rows: 41
# columns: 2
 1 -180
 0 -179
 0 -178
 1 -177
 1 -176
 0 -175
 1 -174
 0 -173
 1 -172
 1 -171
 2 -170
 2 -169
 3 -168
 4 -167
 4 -166
 61 -165
 362 -164
 1056 -163
 1670 -162
 2849 -161
 3541 -160
 3767 -159
 3708 -158
 3019 -157
 3530 -156
 3659 -155
 3417 -154
 2665 -153
 1164 -152
 811 -151
 184 -150
 10 -149
 0 -148
 0 -147
 0 -146
 0 -145
 0 -144
 0 -143
 0 -142
 0 -141
 0 -140


