# Created by Octave 3.8.2, Sun Jun 21 01:28:03 2020 CEST <damian@fptrucha.inv.usc.es>
# name: hd
# type: matrix
# rows: 41
# columns: 2
 1 -180
 1 -179
 0 -178
 0 -177
 0 -176
 0 -175
 0 -174
 0 -173
 0 -172
 0 -171
 2 -170
 3 -169
 5 -168
 5 -167
 7 -166
 64 -165
 331 -164
 1005 -163
 1567 -162
 2731 -161
 3485 -160
 3689 -159
 3548 -158
 2945 -157
 3572 -156
 3556 -155
 3306 -154
 2601 -153
 1243 -152
 851 -151
 208 -150
 14 -149
 0 -148
 0 -147
 0 -146
 0 -145
 0 -144
 0 -143
 0 -142
 0 -141
 0 -140


