# Created by Octave 3.8.2, Mon Jun 22 20:01:57 2020 CEST <damian@fptrucha.inv.usc.es>
# name: hd
# type: matrix
# rows: 41
# columns: 2
 1 -180
 1 -179
 2 -178
 1 -177
 0 -176
 2 -175
 1 -174
 2 -173
 2 -172
 2 -171
 8 -170
 5 -169
 6 -168
 9 -167
 17 -166
 113 -165
 499 -164
 1380 -163
 1761 -162
 3170 -161
 3814 -160
 4016 -159
 3918 -158
 2909 -157
 3973 -156
 3947 -155
 3541 -154
 2504 -153
 1030 -152
 766 -151
 170 -150
 4 -149
 0 -148
 0 -147
 0 -146
 0 -145
 0 -144
 0 -143
 0 -142
 0 -141
 0 -140


