# Created by Octave 3.8.2, Mon Jun 22 05:25:41 2020 CEST <damian@fptrucha.inv.usc.es>
# name: hd
# type: matrix
# rows: 41
# columns: 2
 3 -180
 1 -179
 1 -178
 1 -177
 1 -176
 3 -175
 4 -174
 0 -173
 0 -172
 3 -171
 6 -170
 5 -169
 6 -168
 1 -167
 11 -166
 106 -165
 461 -164
 1273 -163
 1568 -162
 2889 -161
 3359 -160
 3571 -159
 3422 -158
 2703 -157
 3445 -156
 3430 -155
 3193 -154
 2183 -153
 907 -152
 628 -151
 142 -150
 4 -149
 0 -148
 0 -147
 0 -146
 0 -145
 0 -144
 0 -143
 0 -142
 0 -141
 0 -140


