# Created by Octave 3.8.2, Mon Jun 22 09:35:24 2020 CEST <damian@fptrucha.inv.usc.es>
# name: hd
# type: matrix
# rows: 41
# columns: 2
 2 -180
 3 -179
 3 -178
 2 -177
 2 -176
 5 -175
 1 -174
 2 -173
 0 -172
 2 -171
 3 -170
 3 -169
 7 -168
 3 -167
 14 -166
 97 -165
 437 -164
 1252 -163
 1678 -162
 2924 -161
 3426 -160
 3667 -159
 3632 -158
 2774 -157
 3567 -156
 3696 -155
 3351 -154
 2396 -153
 962 -152
 652 -151
 160 -150
 8 -149
 0 -148
 0 -147
 0 -146
 0 -145
 0 -144
 0 -143
 0 -142
 0 -141
 0 -140


