# Created by Octave 3.8.2, Mon Jun 22 15:43:03 2020 CEST <damian@fptrucha.inv.usc.es>
# name: hd
# type: matrix
# rows: 41
# columns: 2
 2 -180
 2 -179
 2 -178
 1 -177
 1 -176
 2 -175
 1 -174
 2 -173
 1 -172
 5 -171
 2 -170
 4 -169
 5 -168
 4 -167
 13 -166
 111 -165
 500 -164
 1353 -163
 1731 -162
 3187 -161
 3795 -160
 3959 -159
 3905 -158
 2902 -157
 3939 -156
 3847 -155
 3468 -154
 2549 -153
 1049 -152
 727 -151
 159 -150
 7 -149
 0 -148
 0 -147
 0 -146
 0 -145
 0 -144
 0 -143
 0 -142
 0 -141
 0 -140


