# Created by Octave 3.8.2, Sun Jun 21 02:35:43 2020 CEST <damian@fptrucha.inv.usc.es>
# name: hd
# type: matrix
# rows: 41
# columns: 2
 0 -180
 1 -179
 0 -178
 0 -177
 0 -176
 0 -175
 1 -174
 0 -173
 1 -172
 1 -171
 0 -170
 2 -169
 3 -168
 3 -167
 6 -166
 62 -165
 348 -164
 1041 -163
 1557 -162
 2735 -161
 3443 -160
 3630 -159
 3578 -158
 2909 -157
 3557 -156
 3587 -155
 3282 -154
 2541 -153
 1194 -152
 819 -151
 204 -150
 10 -149
 0 -148
 0 -147
 0 -146
 0 -145
 0 -144
 0 -143
 0 -142
 0 -141
 0 -140


