# Created by Octave 3.8.2, Mon Jun 22 10:18:16 2020 CEST <damian@fptrucha.inv.usc.es>
# name: hd
# type: matrix
# rows: 41
# columns: 2
 1 -180
 0 -179
 0 -178
 2 -177
 0 -176
 0 -175
 1 -174
 2 -173
 0 -172
 3 -171
 0 -170
 2 -169
 7 -168
 0 -167
 7 -166
 73 -165
 305 -164
 893 -163
 1135 -162
 1985 -161
 2420 -160
 2453 -159
 2435 -158
 1783 -157
 2434 -156
 2344 -155
 2171 -154
 1702 -153
 662 -152
 422 -151
 105 -150
 3 -149
 0 -148
 0 -147
 0 -146
 0 -145
 0 -144
 0 -143
 0 -142
 0 -141
 0 -140


