# Created by Octave 3.8.2, Mon Jun 22 21:10:44 2020 CEST <damian@fptrucha.inv.usc.es>
# name: hd
# type: matrix
# rows: 41
# columns: 2
 0 -180
 1 -179
 1 -178
 2 -177
 3 -176
 1 -175
 2 -174
 0 -173
 1 -172
 3 -171
 1 -170
 4 -169
 4 -168
 4 -167
 20 -166
 109 -165
 542 -164
 1423 -163
 1815 -162
 3227 -161
 3837 -160
 3924 -159
 4021 -158
 2974 -157
 3936 -156
 3958 -155
 3607 -154
 2656 -153
 1074 -152
 753 -151
 173 -150
 8 -149
 0 -148
 0 -147
 0 -146
 0 -145
 0 -144
 0 -143
 0 -142
 0 -141
 0 -140


