# Created by Octave 3.8.2, Sat Jun 20 03:12:43 2020 CEST <damian@fptrucha.inv.usc.es>
# name: hd
# type: matrix
# rows: 41
# columns: 2
 0 -180
 0 -179
 1 -178
 0 -177
 1 -176
 0 -175
 1 -174
 0 -173
 0 -172
 2 -171
 1 -170
 3 -169
 2 -168
 2 -167
 7 -166
 68 -165
 367 -164
 1224 -163
 1876 -162
 3170 -161
 3884 -160
 4112 -159
 4031 -158
 3140 -157
 4051 -156
 3891 -155
 3780 -154
 2826 -153
 1339 -152
 843 -151
 225 -150
 16 -149
 0 -148
 0 -147
 0 -146
 0 -145
 0 -144
 0 -143
 0 -142
 0 -141
 0 -140


