# Created by Octave 3.8.2, Mon Jun 22 20:22:24 2020 CEST <damian@fptrucha.inv.usc.es>
# name: hd
# type: matrix
# rows: 41
# columns: 2
 2 -180
 3 -179
 1 -178
 1 -177
 1 -176
 0 -175
 1 -174
 5 -173
 2 -172
 2 -171
 5 -170
 6 -169
 0 -168
 6 -167
 15 -166
 95 -165
 438 -164
 1360 -163
 1791 -162
 3115 -161
 3767 -160
 4005 -159
 3992 -158
 2920 -157
 4001 -156
 3925 -155
 3512 -154
 2496 -153
 1095 -152
 747 -151
 157 -150
 4 -149
 0 -148
 0 -147
 0 -146
 0 -145
 0 -144
 0 -143
 0 -142
 0 -141
 0 -140


