# Created by Octave 3.8.2, Mon Jun 22 20:53:22 2020 CEST <damian@fptrucha.inv.usc.es>
# name: hd
# type: matrix
# rows: 41
# columns: 2
 2 -180
 1 -179
 1 -178
 2 -177
 2 -176
 1 -175
 1 -174
 0 -173
 3 -172
 0 -171
 2 -170
 5 -169
 0 -168
 6 -167
 11 -166
 77 -165
 410 -164
 1345 -163
 1833 -162
 3054 -161
 3779 -160
 3999 -159
 3945 -158
 3043 -157
 3873 -156
 3856 -155
 3568 -154
 2670 -153
 1234 -152
 781 -151
 175 -150
 11 -149
 0 -148
 0 -147
 0 -146
 0 -145
 0 -144
 0 -143
 0 -142
 0 -141
 0 -140


