# Created by Octave 3.8.2, Sun Jun 21 01:26:18 2020 CEST <damian@fptrucha.inv.usc.es>
# name: hd
# type: matrix
# rows: 41
# columns: 2
 0 -180
 1 -179
 1 -178
 1 -177
 0 -176
 1 -175
 1 -174
 0 -173
 2 -172
 1 -171
 1 -170
 3 -169
 3 -168
 8 -167
 9 -166
 68 -165
 351 -164
 1066 -163
 1588 -162
 2869 -161
 3461 -160
 3533 -159
 3518 -158
 2870 -157
 3482 -156
 3497 -155
 3288 -154
 2505 -153
 1198 -152
 806 -151
 216 -150
 9 -149
 0 -148
 0 -147
 0 -146
 0 -145
 0 -144
 0 -143
 0 -142
 0 -141
 0 -140


