# Created by Octave 3.8.2, Sat Jun 20 18:01:10 2020 CEST <damian@fptrucha.inv.usc.es>
# name: hd
# type: matrix
# rows: 41
# columns: 2
 0 -180
 0 -179
 0 -178
 1 -177
 0 -176
 0 -175
 0 -174
 0 -173
 0 -172
 0 -171
 1 -170
 0 -169
 2 -168
 3 -167
 6 -166
 42 -165
 233 -164
 723 -163
 1099 -162
 1875 -161
 2324 -160
 2456 -159
 2435 -158
 2026 -157
 2388 -156
 2465 -155
 2187 -154
 1776 -153
 848 -152
 515 -151
 151 -150
 11 -149
 0 -148
 0 -147
 0 -146
 0 -145
 0 -144
 0 -143
 0 -142
 0 -141
 0 -140


