# Created by Octave 3.8.2, Sun Jun 21 05:48:59 2020 CEST <damian@fptrucha.inv.usc.es>
# name: hd
# type: matrix
# rows: 41
# columns: 2
 1 -180
 1 -179
 1 -178
 0 -177
 2 -176
 0 -175
 0 -174
 0 -173
 0 -172
 0 -171
 3 -170
 1 -169
 3 -168
 4 -167
 6 -166
 65 -165
 319 -164
 994 -163
 1694 -162
 2804 -161
 3498 -160
 3694 -159
 3660 -158
 2872 -157
 3583 -156
 3627 -155
 3291 -154
 2614 -153
 1202 -152
 834 -151
 203 -150
 14 -149
 0 -148
 0 -147
 0 -146
 0 -145
 0 -144
 0 -143
 0 -142
 0 -141
 0 -140


