# Created by Octave 3.8.2, Sat Jun 20 05:18:22 2020 CEST <damian@fptrucha.inv.usc.es>
# name: hd
# type: matrix
# rows: 41
# columns: 2
 0 -180
 0 -179
 0 -178
 2 -177
 0 -176
 0 -175
 1 -174
 1 -173
 2 -172
 1 -171
 1 -170
 2 -169
 3 -168
 3 -167
 4 -166
 54 -165
 376 -164
 1235 -163
 1798 -162
 3258 -161
 3897 -160
 4154 -159
 4204 -158
 3212 -157
 3953 -156
 4032 -155
 3799 -154
 2917 -153
 1362 -152
 886 -151
 226 -150
 15 -149
 0 -148
 0 -147
 0 -146
 0 -145
 0 -144
 0 -143
 0 -142
 0 -141
 0 -140


