# Created by Octave 3.8.2, Sat Jun 20 22:21:53 2020 CEST <damian@fptrucha.inv.usc.es>
# name: hd
# type: matrix
# rows: 41
# columns: 2
 0 -180
 0 -179
 0 -178
 1 -177
 1 -176
 0 -175
 0 -174
 2 -173
 1 -172
 0 -171
 0 -170
 2 -169
 5 -168
 3 -167
 5 -166
 67 -165
 285 -164
 1039 -163
 1640 -162
 2782 -161
 3558 -160
 3636 -159
 3697 -158
 2996 -157
 3637 -156
 3738 -155
 3357 -154
 2626 -153
 1239 -152
 858 -151
 222 -150
 18 -149
 0 -148
 0 -147
 0 -146
 0 -145
 0 -144
 0 -143
 0 -142
 0 -141
 0 -140


