# Created by Octave 3.8.2, Sun Jun 21 00:51:54 2020 CEST <damian@fptrucha.inv.usc.es>
# name: hd
# type: matrix
# rows: 41
# columns: 2
 0 -180
 1 -179
 0 -178
 1 -177
 2 -176
 3 -175
 1 -174
 0 -173
 0 -172
 1 -171
 1 -170
 5 -169
 5 -168
 2 -167
 6 -166
 67 -165
 323 -164
 1082 -163
 1522 -162
 2872 -161
 3464 -160
 3583 -159
 3679 -158
 2954 -157
 3655 -156
 3553 -155
 3282 -154
 2641 -153
 1218 -152
 836 -151
 185 -150
 8 -149
 0 -148
 0 -147
 0 -146
 0 -145
 0 -144
 0 -143
 0 -142
 0 -141
 0 -140


