# Created by Octave 3.8.2, Mon Jun 22 07:41:18 2020 CEST <damian@fptrucha.inv.usc.es>
# name: hd
# type: matrix
# rows: 41
# columns: 2
 2 -180
 3 -179
 0 -178
 5 -177
 1 -176
 1 -175
 2 -174
 2 -173
 2 -172
 6 -171
 7 -170
 3 -169
 4 -168
 7 -167
 17 -166
 94 -165
 436 -164
 1238 -163
 1617 -162
 2911 -161
 3474 -160
 3557 -159
 3700 -158
 2668 -157
 3608 -156
 3567 -155
 3156 -154
 2350 -153
 944 -152
 635 -151
 157 -150
 3 -149
 0 -148
 0 -147
 0 -146
 0 -145
 0 -144
 0 -143
 0 -142
 0 -141
 0 -140


