# Created by Octave 3.8.2, Sat Jun 20 11:12:46 2020 CEST <damian@fptrucha.inv.usc.es>
# name: hd
# type: matrix
# rows: 41
# columns: 2
 1 -180
 1 -179
 2 -178
 1 -177
 1 -176
 2 -175
 0 -174
 0 -173
 1 -172
 2 -171
 2 -170
 5 -169
 5 -168
 2 -167
 6 -166
 78 -165
 395 -164
 1203 -163
 1819 -162
 3130 -161
 3968 -160
 4138 -159
 4202 -158
 3138 -157
 4210 -156
 4080 -155
 3847 -154
 2990 -153
 1369 -152
 882 -151
 272 -150
 14 -149
 0 -148
 0 -147
 0 -146
 0 -145
 0 -144
 0 -143
 0 -142
 0 -141
 0 -140


