# Created by Octave 3.8.2, Mon Jun 22 02:00:54 2020 CEST <damian@fptrucha.inv.usc.es>
# name: hd
# type: matrix
# rows: 41
# columns: 2
 1 -180
 3 -179
 3 -178
 0 -177
 2 -176
 0 -175
 3 -174
 2 -173
 1 -172
 3 -171
 3 -170
 4 -169
 7 -168
 3 -167
 18 -166
 120 -165
 493 -164
 1320 -163
 1732 -162
 3004 -161
 3642 -160
 3854 -159
 3739 -158
 2823 -157
 3859 -156
 3739 -155
 3380 -154
 2488 -153
 1022 -152
 654 -151
 148 -150
 5 -149
 0 -148
 0 -147
 0 -146
 0 -145
 0 -144
 0 -143
 0 -142
 0 -141
 0 -140


