# Created by Octave 3.8.2, Mon Jun 22 21:37:26 2020 CEST <damian@fptrucha.inv.usc.es>
# name: hd
# type: matrix
# rows: 41
# columns: 2
 1 -180
 1 -179
 0 -178
 3 -177
 0 -176
 3 -175
 3 -174
 0 -173
 1 -172
 3 -171
 0 -170
 3 -169
 2 -168
 4 -167
 12 -166
 66 -165
 372 -164
 1184 -163
 1759 -162
 3118 -161
 3810 -160
 3986 -159
 3968 -158
 3129 -157
 3815 -156
 3964 -155
 3566 -154
 2749 -153
 1249 -152
 851 -151
 205 -150
 14 -149
 0 -148
 0 -147
 0 -146
 0 -145
 0 -144
 0 -143
 0 -142
 0 -141
 0 -140


