# Created by Octave 3.8.2, Mon Jun 22 21:42:56 2020 CEST <damian@fptrucha.inv.usc.es>
# name: hd
# type: matrix
# rows: 41
# columns: 2
 0 -180
 0 -179
 3 -178
 1 -177
 2 -176
 0 -175
 0 -174
 2 -173
 0 -172
 1 -171
 3 -170
 2 -169
 1 -168
 3 -167
 10 -166
 74 -165
 401 -164
 1211 -163
 1846 -162
 3095 -161
 3602 -160
 3967 -159
 3933 -158
 3073 -157
 3869 -156
 3867 -155
 3628 -154
 2776 -153
 1302 -152
 806 -151
 214 -150
 6 -149
 0 -148
 0 -147
 0 -146
 0 -145
 0 -144
 0 -143
 0 -142
 0 -141
 0 -140


