# Created by Octave 3.8.2, Mon Jun 22 23:38:47 2020 CEST <damian@fptrucha.inv.usc.es>
# name: hd
# type: matrix
# rows: 41
# columns: 2
 0 -180
 1 -179
 2 -178
 2 -177
 1 -176
 0 -175
 0 -174
 1 -173
 1 -172
 3 -171
 4 -170
 3 -169
 5 -168
 2 -167
 10 -166
 69 -165
 363 -164
 1162 -163
 1743 -162
 3194 -161
 3707 -160
 3986 -159
 4015 -158
 3195 -157
 3835 -156
 4001 -155
 3640 -154
 2840 -153
 1270 -152
 838 -151
 223 -150
 16 -149
 0 -148
 0 -147
 0 -146
 0 -145
 0 -144
 0 -143
 0 -142
 0 -141
 0 -140


