# Created by Octave 3.8.2, Mon Jun 22 16:47:26 2020 CEST <damian@fptrucha.inv.usc.es>
# name: hd
# type: matrix
# rows: 41
# columns: 2
 0 -180
 3 -179
 1 -178
 1 -177
 3 -176
 4 -175
 1 -174
 3 -173
 0 -172
 3 -171
 3 -170
 2 -169
 5 -168
 6 -167
 18 -166
 98 -165
 485 -164
 1385 -163
 1730 -162
 3115 -161
 3823 -160
 3997 -159
 3954 -158
 2752 -157
 3834 -156
 3828 -155
 3442 -154
 2500 -153
 984 -152
 668 -151
 172 -150
 6 -149
 0 -148
 0 -147
 0 -146
 0 -145
 0 -144
 0 -143
 0 -142
 0 -141
 0 -140


