# Created by Octave 3.8.2, Mon Jun 22 15:45:16 2020 CEST <damian@fptrucha.inv.usc.es>
# name: hd
# type: matrix
# rows: 41
# columns: 2
 2 -180
 1 -179
 2 -178
 1 -177
 1 -176
 1 -175
 2 -174
 1 -173
 1 -172
 2 -171
 2 -170
 0 -169
 6 -168
 3 -167
 12 -166
 117 -165
 485 -164
 1376 -163
 1720 -162
 3084 -161
 3781 -160
 4000 -159
 3988 -158
 2758 -157
 3799 -156
 3892 -155
 3534 -154
 2550 -153
 1068 -152
 700 -151
 155 -150
 6 -149
 0 -148
 0 -147
 0 -146
 0 -145
 0 -144
 0 -143
 0 -142
 0 -141
 0 -140


