# Created by Octave 3.8.2, Mon Jun 22 17:37:22 2020 CEST <damian@fptrucha.inv.usc.es>
# name: hd
# type: matrix
# rows: 41
# columns: 2
 1 -180
 1 -179
 2 -178
 1 -177
 4 -176
 0 -175
 2 -174
 2 -173
 0 -172
 3 -171
 2 -170
 2 -169
 4 -168
 7 -167
 17 -166
 88 -165
 514 -164
 1335 -163
 1638 -162
 3157 -161
 3597 -160
 3975 -159
 3992 -158
 2800 -157
 3839 -156
 3903 -155
 3535 -154
 2446 -153
 1107 -152
 741 -151
 154 -150
 6 -149
 0 -148
 0 -147
 0 -146
 0 -145
 0 -144
 0 -143
 0 -142
 0 -141
 0 -140


