# Created by Octave 3.8.2, Sat Jun 20 20:21:11 2020 CEST <damian@fptrucha.inv.usc.es>
# name: hd
# type: matrix
# rows: 41
# columns: 2
 0 -180
 1 -179
 0 -178
 0 -177
 0 -176
 0 -175
 0 -174
 1 -173
 0 -172
 1 -171
 1 -170
 4 -169
 5 -168
 6 -167
 7 -166
 67 -165
 338 -164
 1074 -163
 1613 -162
 2912 -161
 3433 -160
 3702 -159
 3690 -158
 2929 -157
 3775 -156
 3743 -155
 3377 -154
 2746 -153
 1259 -152
 790 -151
 230 -150
 13 -149
 0 -148
 0 -147
 0 -146
 0 -145
 0 -144
 0 -143
 0 -142
 0 -141
 0 -140


