# Created by Octave 3.8.2, Sun Jun 21 05:27:08 2020 CEST <damian@fptrucha.inv.usc.es>
# name: hd
# type: matrix
# rows: 41
# columns: 2
 1 -180
 1 -179
 0 -178
 0 -177
 0 -176
 2 -175
 1 -174
 1 -173
 0 -172
 3 -171
 3 -170
 4 -169
 3 -168
 5 -167
 5 -166
 65 -165
 348 -164
 1038 -163
 1555 -162
 2762 -161
 3504 -160
 3744 -159
 3657 -158
 2875 -157
 3535 -156
 3541 -155
 3370 -154
 2609 -153
 1176 -152
 770 -151
 203 -150
 18 -149
 0 -148
 0 -147
 0 -146
 0 -145
 0 -144
 0 -143
 0 -142
 0 -141
 0 -140


