# Created by Octave 3.8.2, Sat Jun 20 23:23:01 2020 CEST <damian@fptrucha.inv.usc.es>
# name: hd
# type: matrix
# rows: 41
# columns: 2
 1 -180
 0 -179
 1 -178
 0 -177
 1 -176
 1 -175
 1 -174
 1 -173
 1 -172
 2 -171
 3 -170
 7 -169
 2 -168
 4 -167
 17 -166
 61 -165
 324 -164
 1105 -163
 1575 -162
 2892 -161
 3464 -160
 3672 -159
 3737 -158
 2934 -157
 3665 -156
 3611 -155
 3365 -154
 2729 -153
 1289 -152
 832 -151
 217 -150
 13 -149
 0 -148
 0 -147
 0 -146
 0 -145
 0 -144
 0 -143
 0 -142
 0 -141
 0 -140


