# Created by Octave 3.8.2, Mon Jun 22 02:34:03 2020 CEST <damian@fptrucha.inv.usc.es>
# name: hd
# type: matrix
# rows: 41
# columns: 2
 3 -180
 4 -179
 3 -178
 1 -177
 0 -176
 4 -175
 3 -174
 2 -173
 4 -172
 4 -171
 5 -170
 3 -169
 6 -168
 1 -167
 5 -166
 98 -165
 411 -164
 1249 -163
 1530 -162
 2807 -161
 3424 -160
 3580 -159
 3516 -158
 2531 -157
 3527 -156
 3412 -155
 3180 -154
 2214 -153
 977 -152
 644 -151
 166 -150
 7 -149
 0 -148
 0 -147
 0 -146
 0 -145
 0 -144
 0 -143
 0 -142
 0 -141
 0 -140


