# Created by Octave 3.8.2, Mon Jun 22 23:22:30 2020 CEST <damian@fptrucha.inv.usc.es>
# name: hd
# type: matrix
# rows: 41
# columns: 2
 0 -180
 1 -179
 2 -178
 4 -177
 3 -176
 1 -175
 4 -174
 1 -173
 0 -172
 1 -171
 2 -170
 4 -169
 4 -168
 5 -167
 12 -166
 83 -165
 402 -164
 1272 -163
 1765 -162
 3109 -161
 3818 -160
 4033 -159
 4062 -158
 3150 -157
 3958 -156
 3963 -155
 3678 -154
 2860 -153
 1303 -152
 807 -151
 209 -150
 12 -149
 0 -148
 0 -147
 0 -146
 0 -145
 0 -144
 0 -143
 0 -142
 0 -141
 0 -140


