# Created by Octave 3.8.2, Mon Jun 22 11:37:55 2020 CEST <damian@fptrucha.inv.usc.es>
# name: hd
# type: matrix
# rows: 41
# columns: 2
 1 -180
 7 -179
 6 -178
 0 -177
 4 -176
 0 -175
 2 -174
 3 -173
 3 -172
 3 -171
 2 -170
 4 -169
 3 -168
 11 -167
 16 -166
 82 -165
 498 -164
 1293 -163
 1612 -162
 2893 -161
 3622 -160
 3758 -159
 3718 -158
 2827 -157
 3720 -156
 3698 -155
 3396 -154
 2446 -153
 983 -152
 696 -151
 170 -150
 10 -149
 0 -148
 0 -147
 0 -146
 0 -145
 0 -144
 0 -143
 0 -142
 0 -141
 0 -140


