# Created by Octave 3.8.2, Mon Jun 22 23:41:11 2020 CEST <damian@fptrucha.inv.usc.es>
# name: hd
# type: matrix
# rows: 41
# columns: 2
 0 -180
 0 -179
 0 -178
 2 -177
 2 -176
 2 -175
 0 -174
 2 -173
 0 -172
 1 -171
 5 -170
 5 -169
 5 -168
 4 -167
 9 -166
 85 -165
 378 -164
 1163 -163
 1855 -162
 3088 -161
 3681 -160
 4056 -159
 4008 -158
 3214 -157
 3984 -156
 3999 -155
 3659 -154
 2813 -153
 1325 -152
 876 -151
 204 -150
 15 -149
 0 -148
 0 -147
 0 -146
 0 -145
 0 -144
 0 -143
 0 -142
 0 -141
 0 -140


