# Created by Octave 3.8.2, Sat Jun 20 10:06:07 2020 CEST <damian@fptrucha.inv.usc.es>
# name: hd
# type: matrix
# rows: 41
# columns: 2
 1 -180
 0 -179
 0 -178
 0 -177
 0 -176
 1 -175
 0 -174
 0 -173
 1 -172
 1 -171
 2 -170
 3 -169
 2 -168
 4 -167
 6 -166
 64 -165
 381 -164
 1241 -163
 1822 -162
 3237 -161
 3864 -160
 4314 -159
 4149 -158
 3377 -157
 4011 -156
 4075 -155
 3877 -154
 2901 -153
 1341 -152
 941 -151
 248 -150
 7 -149
 0 -148
 0 -147
 0 -146
 0 -145
 0 -144
 0 -143
 0 -142
 0 -141
 0 -140


