# Created by Octave 3.8.2, Sat Jun 20 17:32:07 2020 CEST <damian@fptrucha.inv.usc.es>
# name: hd
# type: matrix
# rows: 41
# columns: 2
 0 -180
 0 -179
 0 -178
 0 -177
 0 -176
 0 -175
 0 -174
 1 -173
 1 -172
 3 -171
 4 -170
 1 -169
 1 -168
 2 -167
 8 -166
 50 -165
 366 -164
 1069 -163
 1667 -162
 2878 -161
 3501 -160
 3785 -159
 3727 -158
 2932 -157
 3797 -156
 3672 -155
 3508 -154
 2620 -153
 1217 -152
 815 -151
 233 -150
 7 -149
 1 -148
 0 -147
 0 -146
 0 -145
 0 -144
 0 -143
 0 -142
 0 -141
 0 -140


