# Created by Octave 3.8.2, Sat Jun 20 03:15:25 2020 CEST <damian@fptrucha.inv.usc.es>
# name: hd
# type: matrix
# rows: 41
# columns: 2
 0 -180
 2 -179
 0 -178
 0 -177
 2 -176
 2 -175
 1 -174
 0 -173
 1 -172
 1 -171
 1 -170
 2 -169
 5 -168
 2 -167
 9 -166
 65 -165
 401 -164
 1165 -163
 1773 -162
 3159 -161
 3787 -160
 4066 -159
 4060 -158
 3159 -157
 3982 -156
 3964 -155
 3626 -154
 2876 -153
 1321 -152
 843 -151
 230 -150
 22 -149
 0 -148
 0 -147
 0 -146
 0 -145
 0 -144
 0 -143
 0 -142
 0 -141
 0 -140


