# Created by Octave 3.8.2, Sun Jun 21 04:20:46 2020 CEST <damian@fptrucha.inv.usc.es>
# name: hd
# type: matrix
# rows: 41
# columns: 2
 1 -180
 1 -179
 0 -178
 0 -177
 0 -176
 0 -175
 2 -174
 0 -173
 0 -172
 0 -171
 1 -170
 3 -169
 2 -168
 3 -167
 6 -166
 46 -165
 205 -164
 691 -163
 1043 -162
 1846 -161
 2336 -160
 2427 -159
 2310 -158
 1797 -157
 2330 -156
 2322 -155
 2237 -154
 1701 -153
 792 -152
 518 -151
 141 -150
 10 -149
 0 -148
 0 -147
 0 -146
 0 -145
 0 -144
 0 -143
 0 -142
 0 -141
 0 -140


