# Created by Octave 3.8.2, Mon Jun 22 10:04:52 2020 CEST <damian@fptrucha.inv.usc.es>
# name: hd
# type: matrix
# rows: 41
# columns: 2
 5 -180
 3 -179
 2 -178
 4 -177
 1 -176
 0 -175
 3 -174
 2 -173
 3 -172
 6 -171
 6 -170
 0 -169
 5 -168
 3 -167
 20 -166
 96 -165
 437 -164
 1207 -163
 1683 -162
 2980 -161
 3602 -160
 3785 -159
 3815 -158
 2806 -157
 3726 -156
 3679 -155
 3340 -154
 2418 -153
 991 -152
 743 -151
 171 -150
 9 -149
 0 -148
 0 -147
 0 -146
 0 -145
 0 -144
 0 -143
 0 -142
 0 -141
 0 -140


