# Created by Octave 3.8.2, Sun Jun 21 01:46:05 2020 CEST <damian@fptrucha.inv.usc.es>
# name: hd
# type: matrix
# rows: 41
# columns: 2
 0 -180
 0 -179
 1 -178
 0 -177
 1 -176
 0 -175
 0 -174
 0 -173
 1 -172
 0 -171
 1 -170
 4 -169
 1 -168
 0 -167
 5 -166
 38 -165
 181 -164
 677 -163
 986 -162
 1825 -161
 2311 -160
 2326 -159
 2314 -158
 1746 -157
 2345 -156
 2267 -155
 2250 -154
 1682 -153
 822 -152
 527 -151
 147 -150
 7 -149
 0 -148
 0 -147
 0 -146
 0 -145
 0 -144
 0 -143
 0 -142
 0 -141
 0 -140


