# Created by Octave 3.8.2, Sun Jun 21 01:18:44 2020 CEST <damian@fptrucha.inv.usc.es>
# name: hd
# type: matrix
# rows: 41
# columns: 2
 0 -180
 1 -179
 0 -178
 0 -177
 0 -176
 2 -175
 0 -174
 1 -173
 1 -172
 0 -171
 0 -170
 1 -169
 1 -168
 3 -167
 4 -166
 65 -165
 324 -164
 1082 -163
 1636 -162
 2655 -161
 3321 -160
 3724 -159
 3565 -158
 2871 -157
 3466 -156
 3660 -155
 3393 -154
 2540 -153
 1227 -152
 827 -151
 217 -150
 12 -149
 0 -148
 0 -147
 0 -146
 0 -145
 0 -144
 0 -143
 0 -142
 0 -141
 0 -140


