# Created by Octave 3.8.2, Sat Jun 20 18:39:51 2020 CEST <damian@fptrucha.inv.usc.es>
# name: hd
# type: matrix
# rows: 41
# columns: 2
 0 -180
 2 -179
 0 -178
 0 -177
 1 -176
 0 -175
 0 -174
 0 -173
 0 -172
 0 -171
 1 -170
 3 -169
 4 -168
 2 -167
 3 -166
 68 -165
 336 -164
 1015 -163
 1633 -162
 2862 -161
 3404 -160
 3764 -159
 3762 -158
 2962 -157
 3664 -156
 3687 -155
 3379 -154
 2648 -153
 1215 -152
 880 -151
 224 -150
 20 -149
 0 -148
 0 -147
 0 -146
 0 -145
 0 -144
 0 -143
 0 -142
 0 -141
 0 -140


