# Created by Octave 3.8.2, Mon Jun 22 10:24:34 2020 CEST <damian@fptrucha.inv.usc.es>
# name: hd
# type: matrix
# rows: 41
# columns: 2
 1 -180
 4 -179
 1 -178
 1 -177
 2 -176
 0 -175
 3 -174
 1 -173
 0 -172
 1 -171
 2 -170
 0 -169
 6 -168
 9 -167
 11 -166
 103 -165
 490 -164
 1257 -163
 1656 -162
 2984 -161
 3635 -160
 3787 -159
 3761 -158
 2798 -157
 3672 -156
 3598 -155
 3331 -154
 2470 -153
 954 -152
 722 -151
 160 -150
 9 -149
 0 -148
 0 -147
 0 -146
 0 -145
 0 -144
 0 -143
 0 -142
 0 -141
 0 -140


