# Created by Octave 3.8.2, Mon Jun 22 03:46:24 2020 CEST <damian@fptrucha.inv.usc.es>
# name: hd
# type: matrix
# rows: 41
# columns: 2
 3 -180
 1 -179
 1 -178
 2 -177
 1 -176
 4 -175
 3 -174
 0 -173
 1 -172
 5 -171
 4 -170
 4 -169
 5 -168
 8 -167
 18 -166
 86 -165
 446 -164
 1276 -163
 1582 -162
 2870 -161
 3343 -160
 3566 -159
 3477 -158
 2547 -157
 3509 -156
 3448 -155
 3244 -154
 2274 -153
 886 -152
 628 -151
 159 -150
 3 -149
 0 -148
 0 -147
 0 -146
 0 -145
 0 -144
 0 -143
 0 -142
 0 -141
 0 -140


