# Created by Octave 3.8.2, Sun Jun 21 03:11:51 2020 CEST <damian@fptrucha.inv.usc.es>
# name: hd
# type: matrix
# rows: 41
# columns: 2
 0 -180
 1 -179
 0 -178
 1 -177
 1 -176
 0 -175
 1 -174
 0 -173
 2 -172
 0 -171
 7 -170
 1 -169
 2 -168
 4 -167
 8 -166
 62 -165
 338 -164
 1025 -163
 1635 -162
 2717 -161
 3457 -160
 3579 -159
 3668 -158
 2843 -157
 3483 -156
 3564 -155
 3213 -154
 2515 -153
 1152 -152
 779 -151
 189 -150
 10 -149
 0 -148
 0 -147
 0 -146
 0 -145
 0 -144
 0 -143
 0 -142
 0 -141
 0 -140


