# Created by Octave 3.8.2, Sat Jun 20 06:06:19 2020 CEST <damian@fptrucha.inv.usc.es>
# name: hd
# type: matrix
# rows: 41
# columns: 2
 1 -180
 0 -179
 1 -178
 1 -177
 2 -176
 0 -175
 0 -174
 0 -173
 2 -172
 3 -171
 0 -170
 1 -169
 0 -168
 5 -167
 5 -166
 56 -165
 248 -164
 845 -163
 1178 -162
 2243 -161
 2639 -160
 2708 -159
 2847 -158
 2156 -157
 2745 -156
 2784 -155
 2535 -154
 1951 -153
 901 -152
 563 -151
 153 -150
 13 -149
 0 -148
 0 -147
 0 -146
 0 -145
 0 -144
 0 -143
 0 -142
 0 -141
 0 -140


