# Created by Octave 3.8.2, Sat Jun 20 03:59:19 2020 CEST <damian@fptrucha.inv.usc.es>
# name: hd
# type: matrix
# rows: 41
# columns: 2
 0 -180
 2 -179
 1 -178
 0 -177
 1 -176
 0 -175
 0 -174
 0 -173
 1 -172
 1 -171
 1 -170
 2 -169
 4 -168
 2 -167
 7 -166
 66 -165
 447 -164
 1288 -163
 1775 -162
 3233 -161
 3892 -160
 4176 -159
 4101 -158
 3323 -157
 4106 -156
 4175 -155
 3754 -154
 2890 -153
 1442 -152
 903 -151
 219 -150
 13 -149
 0 -148
 0 -147
 0 -146
 0 -145
 0 -144
 0 -143
 0 -142
 0 -141
 0 -140


