# Created by Octave 3.8.2, Mon Jun 22 01:52:37 2020 CEST <damian@fptrucha.inv.usc.es>
# name: hd
# type: matrix
# rows: 41
# columns: 2
 3 -180
 1 -179
 0 -178
 2 -177
 1 -176
 1 -175
 0 -174
 0 -173
 0 -172
 0 -171
 2 -170
 5 -169
 8 -168
 7 -167
 17 -166
 71 -165
 474 -164
 1371 -163
 1694 -162
 3031 -161
 3687 -160
 3848 -159
 3775 -158
 2894 -157
 3797 -156
 3718 -155
 3494 -154
 2462 -153
 1020 -152
 703 -151
 174 -150
 9 -149
 0 -148
 0 -147
 0 -146
 0 -145
 0 -144
 0 -143
 0 -142
 0 -141
 0 -140


