# Created by Octave 3.8.2, Sun Jun 21 02:09:41 2020 CEST <damian@fptrucha.inv.usc.es>
# name: hd
# type: matrix
# rows: 41
# columns: 2
 0 -180
 0 -179
 0 -178
 2 -177
 0 -176
 0 -175
 0 -174
 0 -173
 2 -172
 1 -171
 2 -170
 3 -169
 2 -168
 3 -167
 1 -166
 48 -165
 350 -164
 1064 -163
 1473 -162
 2759 -161
 3535 -160
 3573 -159
 3548 -158
 2827 -157
 3652 -156
 3607 -155
 3306 -154
 2597 -153
 1202 -152
 817 -151
 203 -150
 14 -149
 0 -148
 0 -147
 0 -146
 0 -145
 0 -144
 0 -143
 0 -142
 0 -141
 0 -140


