# Created by Octave 3.8.2, Mon Jun 22 01:24:06 2020 CEST <damian@fptrucha.inv.usc.es>
# name: hd
# type: matrix
# rows: 41
# columns: 2
 0 -180
 0 -179
 0 -178
 0 -177
 0 -176
 1 -175
 0 -174
 1 -173
 0 -172
 2 -171
 1 -170
 7 -169
 3 -168
 4 -167
 8 -166
 53 -165
 295 -164
 1025 -163
 1569 -162
 2789 -161
 3356 -160
 3660 -159
 3706 -158
 2849 -157
 3480 -156
 3734 -155
 3309 -154
 2651 -153
 1199 -152
 813 -151
 211 -150
 17 -149
 0 -148
 0 -147
 0 -146
 0 -145
 0 -144
 0 -143
 0 -142
 0 -141
 0 -140


