# Created by Octave 3.8.2, Mon Jun 22 04:14:17 2020 CEST <damian@fptrucha.inv.usc.es>
# name: hd
# type: matrix
# rows: 41
# columns: 2
 3 -180
 2 -179
 3 -178
 2 -177
 3 -176
 2 -175
 2 -174
 2 -173
 2 -172
 7 -171
 3 -170
 6 -169
 5 -168
 5 -167
 16 -166
 92 -165
 463 -164
 1238 -163
 1571 -162
 2870 -161
 3287 -160
 3435 -159
 3329 -158
 2539 -157
 3505 -156
 3322 -155
 3004 -154
 2126 -153
 927 -152
 577 -151
 150 -150
 6 -149
 0 -148
 0 -147
 0 -146
 0 -145
 0 -144
 0 -143
 0 -142
 0 -141
 0 -140


