# Created by Octave 3.8.2, Sat Jun 20 02:29:38 2020 CEST <damian@fptrucha.inv.usc.es>
# name: hd
# type: matrix
# rows: 41
# columns: 2
 2 -180
 2 -179
 0 -178
 1 -177
 0 -176
 1 -175
 0 -174
 0 -173
 0 -172
 2 -171
 4 -170
 1 -169
 3 -168
 3 -167
 7 -166
 56 -165
 420 -164
 1177 -163
 1688 -162
 3138 -161
 3794 -160
 4066 -159
 4059 -158
 3112 -157
 3961 -156
 4045 -155
 3665 -154
 2909 -153
 1285 -152
 920 -151
 236 -150
 15 -149
 0 -148
 0 -147
 0 -146
 0 -145
 0 -144
 0 -143
 0 -142
 0 -141
 0 -140


