# Created by Octave 3.8.2, Sat Jun 20 20:59:48 2020 CEST <damian@fptrucha.inv.usc.es>
# name: hd
# type: matrix
# rows: 41
# columns: 2
 1 -180
 1 -179
 3 -178
 0 -177
 0 -176
 0 -175
 0 -174
 1 -173
 0 -172
 1 -171
 3 -170
 0 -169
 3 -168
 1 -167
 7 -166
 60 -165
 308 -164
 1037 -163
 1588 -162
 2746 -161
 3408 -160
 3731 -159
 3761 -158
 2851 -157
 3610 -156
 3763 -155
 3394 -154
 2621 -153
 1205 -152
 854 -151
 222 -150
 19 -149
 0 -148
 0 -147
 0 -146
 0 -145
 0 -144
 0 -143
 0 -142
 0 -141
 0 -140


