# Created by Octave 3.8.2, Sun Jun 21 01:37:47 2020 CEST <damian@fptrucha.inv.usc.es>
# name: hd
# type: matrix
# rows: 41
# columns: 2
 0 -180
 0 -179
 0 -178
 1 -177
 0 -176
 0 -175
 2 -174
 0 -173
 0 -172
 2 -171
 1 -170
 1 -169
 8 -168
 4 -167
 9 -166
 68 -165
 342 -164
 1058 -163
 1602 -162
 2809 -161
 3407 -160
 3560 -159
 3540 -158
 2959 -157
 3667 -156
 3637 -155
 3452 -154
 2559 -153
 1238 -152
 786 -151
 226 -150
 10 -149
 0 -148
 0 -147
 0 -146
 0 -145
 0 -144
 0 -143
 0 -142
 0 -141
 0 -140


