# Created by Octave 3.8.2, Mon Jun 22 19:13:34 2020 CEST <damian@fptrucha.inv.usc.es>
# name: hd
# type: matrix
# rows: 41
# columns: 2
 0 -180
 1 -179
 2 -178
 0 -177
 1 -176
 0 -175
 2 -174
 4 -173
 2 -172
 4 -171
 1 -170
 6 -169
 7 -168
 7 -167
 15 -166
 109 -165
 499 -164
 1413 -163
 1784 -162
 3210 -161
 3857 -160
 3978 -159
 3893 -158
 2928 -157
 3829 -156
 3875 -155
 3625 -154
 2552 -153
 1095 -152
 701 -151
 151 -150
 6 -149
 0 -148
 0 -147
 0 -146
 0 -145
 0 -144
 0 -143
 0 -142
 0 -141
 0 -140


