# Created by Octave 3.8.2, Mon Jun 22 08:11:13 2020 CEST <damian@fptrucha.inv.usc.es>
# name: hd
# type: matrix
# rows: 41
# columns: 2
 4 -180
 3 -179
 3 -178
 0 -177
 3 -176
 5 -175
 6 -174
 1 -173
 2 -172
 1 -171
 4 -170
 9 -169
 8 -168
 5 -167
 9 -166
 91 -165
 434 -164
 1261 -163
 1647 -162
 2951 -161
 3471 -160
 3712 -159
 3586 -158
 2705 -157
 3610 -156
 3720 -155
 3216 -154
 2305 -153
 986 -152
 635 -151
 153 -150
 5 -149
 0 -148
 0 -147
 0 -146
 0 -145
 0 -144
 0 -143
 0 -142
 0 -141
 0 -140


