# Created by Octave 3.8.2, Mon Jun 22 02:59:11 2020 CEST <damian@fptrucha.inv.usc.es>
# name: hd
# type: matrix
# rows: 41
# columns: 2
 0 -180
 3 -179
 4 -178
 3 -177
 2 -176
 1 -175
 3 -174
 0 -173
 4 -172
 2 -171
 3 -170
 2 -169
 4 -168
 3 -167
 8 -166
 53 -165
 277 -164
 766 -163
 971 -162
 1861 -161
 2236 -160
 2355 -159
 2305 -158
 1679 -157
 2291 -156
 2343 -155
 2135 -154
 1514 -153
 625 -152
 419 -151
 89 -150
 2 -149
 0 -148
 0 -147
 0 -146
 0 -145
 0 -144
 0 -143
 0 -142
 0 -141
 0 -140


