# Created by Octave 3.8.2, Mon Jun 22 06:31:37 2020 CEST <damian@fptrucha.inv.usc.es>
# name: hd
# type: matrix
# rows: 41
# columns: 2
 5 -180
 1 -179
 1 -178
 2 -177
 4 -176
 1 -175
 0 -174
 4 -173
 2 -172
 7 -171
 6 -170
 6 -169
 3 -168
 6 -167
 11 -166
 95 -165
 448 -164
 1278 -163
 1498 -162
 2941 -161
 3407 -160
 3617 -159
 3604 -158
 2541 -157
 3518 -156
 3541 -155
 3142 -154
 2340 -153
 955 -152
 682 -151
 155 -150
 4 -149
 0 -148
 0 -147
 0 -146
 0 -145
 0 -144
 0 -143
 0 -142
 0 -141
 0 -140


