# Created by Octave 3.8.2, Mon Jun 22 00:48:09 2020 CEST <damian@fptrucha.inv.usc.es>
# name: hd
# type: matrix
# rows: 41
# columns: 2
 1 -180
 0 -179
 0 -178
 0 -177
 2 -176
 1 -175
 1 -174
 2 -173
 0 -172
 1 -171
 1 -170
 1 -169
 1 -168
 5 -167
 6 -166
 51 -165
 302 -164
 1001 -163
 1619 -162
 2840 -161
 3348 -160
 3646 -159
 3602 -158
 2972 -157
 3602 -156
 3579 -155
 3370 -154
 2668 -153
 1207 -152
 825 -151
 247 -150
 13 -149
 0 -148
 0 -147
 0 -146
 0 -145
 0 -144
 0 -143
 0 -142
 0 -141
 0 -140


