# Created by Octave 3.8.2, Sat Jun 20 03:18:14 2020 CEST <damian@fptrucha.inv.usc.es>
# name: hd
# type: matrix
# rows: 41
# columns: 2
 1 -180
 0 -179
 1 -178
 1 -177
 0 -176
 0 -175
 0 -174
 0 -173
 0 -172
 5 -171
 4 -170
 2 -169
 1 -168
 4 -167
 7 -166
 71 -165
 369 -164
 1218 -163
 1814 -162
 3180 -161
 3931 -160
 4158 -159
 4037 -158
 3134 -157
 4108 -156
 4107 -155
 3787 -154
 2882 -153
 1339 -152
 892 -151
 232 -150
 18 -149
 0 -148
 0 -147
 0 -146
 0 -145
 0 -144
 0 -143
 0 -142
 0 -141
 0 -140


