# Created by Octave 3.8.2, Mon Jun 22 03:18:56 2020 CEST <damian@fptrucha.inv.usc.es>
# name: hd
# type: matrix
# rows: 41
# columns: 2
 3 -180
 4 -179
 4 -178
 3 -177
 5 -176
 2 -175
 2 -174
 3 -173
 2 -172
 2 -171
 6 -170
 6 -169
 9 -168
 6 -167
 15 -166
 87 -165
 435 -164
 1216 -163
 1511 -162
 2742 -161
 3256 -160
 3629 -159
 3512 -158
 2525 -157
 3470 -156
 3520 -155
 3246 -154
 2405 -153
 995 -152
 667 -151
 160 -150
 6 -149
 0 -148
 0 -147
 0 -146
 0 -145
 0 -144
 0 -143
 0 -142
 0 -141
 0 -140


