# Created by Octave 3.8.2, Mon Jun 22 16:20:03 2020 CEST <damian@fptrucha.inv.usc.es>
# name: hd
# type: matrix
# rows: 41
# columns: 2
 0 -180
 0 -179
 2 -178
 1 -177
 1 -176
 4 -175
 1 -174
 0 -173
 1 -172
 3 -171
 3 -170
 7 -169
 4 -168
 2 -167
 19 -166
 130 -165
 486 -164
 1378 -163
 1668 -162
 3185 -161
 3692 -160
 3947 -159
 3888 -158
 2724 -157
 3876 -156
 3903 -155
 3480 -154
 2576 -153
 1026 -152
 708 -151
 181 -150
 6 -149
 0 -148
 0 -147
 0 -146
 0 -145
 0 -144
 0 -143
 0 -142
 0 -141
 0 -140


