# Created by Octave 3.8.2, Mon Jun 22 15:23:40 2020 CEST <damian@fptrucha.inv.usc.es>
# name: hd
# type: matrix
# rows: 41
# columns: 2
 0 -180
 3 -179
 2 -178
 2 -177
 0 -176
 2 -175
 2 -174
 3 -173
 2 -172
 2 -171
 4 -170
 4 -169
 4 -168
 4 -167
 7 -166
 99 -165
 465 -164
 1301 -163
 1565 -162
 3152 -161
 3867 -160
 3886 -159
 3890 -158
 2846 -157
 3829 -156
 3836 -155
 3501 -154
 2579 -153
 1063 -152
 727 -151
 194 -150
 4 -149
 0 -148
 0 -147
 0 -146
 0 -145
 0 -144
 0 -143
 0 -142
 0 -141
 0 -140


