# Created by Octave 3.8.2, Sat Jun 20 02:33:44 2020 CEST <damian@fptrucha.inv.usc.es>
# name: hd
# type: matrix
# rows: 41
# columns: 2
 0 -180
 1 -179
 0 -178
 1 -177
 1 -176
 0 -175
 1 -174
 1 -173
 0 -172
 1 -171
 1 -170
 2 -169
 5 -168
 2 -167
 11 -166
 65 -165
 393 -164
 1173 -163
 1688 -162
 3089 -161
 3764 -160
 4067 -159
 4074 -158
 3149 -157
 3936 -156
 4025 -155
 3709 -154
 2852 -153
 1312 -152
 823 -151
 252 -150
 19 -149
 0 -148
 0 -147
 0 -146
 0 -145
 0 -144
 0 -143
 0 -142
 0 -141
 0 -140


