# Created by Octave 3.8.2, Sun Jun 21 02:17:21 2020 CEST <damian@fptrucha.inv.usc.es>
# name: hd
# type: matrix
# rows: 41
# columns: 2
 0 -180
 1 -179
 0 -178
 1 -177
 1 -176
 1 -175
 1 -174
 1 -173
 0 -172
 2 -171
 1 -170
 2 -169
 4 -168
 0 -167
 8 -166
 59 -165
 323 -164
 1034 -163
 1525 -162
 2903 -161
 3381 -160
 3676 -159
 3744 -158
 2862 -157
 3589 -156
 3567 -155
 3238 -154
 2684 -153
 1206 -152
 800 -151
 213 -150
 7 -149
 0 -148
 0 -147
 0 -146
 0 -145
 0 -144
 0 -143
 0 -142
 0 -141
 0 -140


