# Created by Octave 3.8.2, Sat Jun 20 17:26:51 2020 CEST <damian@fptrucha.inv.usc.es>
# name: hd
# type: matrix
# rows: 41
# columns: 2
 2 -180
 0 -179
 0 -178
 1 -177
 1 -176
 0 -175
 1 -174
 1 -173
 0 -172
 0 -171
 0 -170
 4 -169
 4 -168
 6 -167
 2 -166
 64 -165
 356 -164
 1133 -163
 1639 -162
 2831 -161
 3509 -160
 3758 -159
 3789 -158
 2951 -157
 3745 -156
 3683 -155
 3363 -154
 2684 -153
 1239 -152
 841 -151
 210 -150
 16 -149
 0 -148
 0 -147
 0 -146
 0 -145
 0 -144
 0 -143
 0 -142
 0 -141
 0 -140


