# Created by Octave 3.8.2, Sat Jun 20 02:13:47 2020 CEST <damian@fptrucha.inv.usc.es>
# name: hd
# type: matrix
# rows: 41
# columns: 2
 0 -180
 2 -179
 3 -178
 1 -177
 2 -176
 3 -175
 0 -174
 0 -173
 0 -172
 2 -171
 2 -170
 2 -169
 2 -168
 3 -167
 17 -166
 70 -165
 374 -164
 1201 -163
 1734 -162
 3179 -161
 3777 -160
 4161 -159
 3979 -158
 3124 -157
 4015 -156
 3970 -155
 3690 -154
 2910 -153
 1300 -152
 876 -151
 227 -150
 15 -149
 0 -148
 0 -147
 0 -146
 0 -145
 0 -144
 0 -143
 0 -142
 0 -141
 0 -140


