# Created by Octave 3.8.2, Mon Jun 22 19:40:22 2020 CEST <damian@fptrucha.inv.usc.es>
# name: hd
# type: matrix
# rows: 41
# columns: 2
 1 -180
 2 -179
 3 -178
 2 -177
 1 -176
 2 -175
 2 -174
 0 -173
 0 -172
 2 -171
 3 -170
 1 -169
 4 -168
 8 -167
 8 -166
 105 -165
 492 -164
 1263 -163
 1794 -162
 3159 -161
 3826 -160
 4036 -159
 3886 -158
 2882 -157
 3915 -156
 3844 -155
 3606 -154
 2568 -153
 1111 -152
 753 -151
 173 -150
 5 -149
 0 -148
 0 -147
 0 -146
 0 -145
 0 -144
 0 -143
 0 -142
 0 -141
 0 -140


