# Created by Octave 3.8.2, Sat Jun 20 17:14:57 2020 CEST <damian@fptrucha.inv.usc.es>
# name: hd
# type: matrix
# rows: 41
# columns: 2
 0 -180
 1 -179
 1 -178
 0 -177
 1 -176
 0 -175
 0 -174
 0 -173
 0 -172
 2 -171
 3 -170
 2 -169
 4 -168
 4 -167
 7 -166
 29 -165
 237 -164
 728 -163
 1062 -162
 1823 -161
 2314 -160
 2422 -159
 2460 -158
 1927 -157
 2349 -156
 2445 -155
 2227 -154
 1842 -153
 812 -152
 563 -151
 146 -150
 13 -149
 0 -148
 0 -147
 0 -146
 0 -145
 0 -144
 0 -143
 0 -142
 0 -141
 0 -140


