# Created by Octave 3.8.2, Sun Jun 21 07:12:06 2020 CEST <damian@fptrucha.inv.usc.es>
# name: hd
# type: matrix
# rows: 41
# columns: 2
 0 -180
 0 -179
 0 -178
 0 -177
 0 -176
 2 -175
 1 -174
 1 -173
 2 -172
 1 -171
 3 -170
 3 -169
 5 -168
 3 -167
 5 -166
 64 -165
 377 -164
 1119 -163
 1609 -162
 2937 -161
 3487 -160
 3812 -159
 3698 -158
 2948 -157
 3668 -156
 3682 -155
 3424 -154
 2579 -153
 1287 -152
 851 -151
 204 -150
 16 -149
 0 -148
 0 -147
 0 -146
 0 -145
 0 -144
 0 -143
 0 -142
 0 -141
 0 -140


