# Created by Octave 3.8.2, Sat Jun 20 06:13:36 2020 CEST <damian@fptrucha.inv.usc.es>
# name: hd
# type: matrix
# rows: 41
# columns: 2
 1 -180
 1 -179
 1 -178
 0 -177
 0 -176
 1 -175
 1 -174
 0 -173
 0 -172
 2 -171
 1 -170
 4 -169
 3 -168
 0 -167
 12 -166
 80 -165
 413 -164
 1203 -163
 1821 -162
 3142 -161
 3989 -160
 4188 -159
 4259 -158
 3287 -157
 4114 -156
 4037 -155
 3783 -154
 2943 -153
 1304 -152
 860 -151
 233 -150
 15 -149
 0 -148
 0 -147
 0 -146
 0 -145
 0 -144
 0 -143
 0 -142
 0 -141
 0 -140


