# Created by Octave 3.8.2, Mon Jun 22 18:46:29 2020 CEST <damian@fptrucha.inv.usc.es>
# name: hd
# type: matrix
# rows: 41
# columns: 2
 1 -180
 2 -179
 2 -178
 1 -177
 2 -176
 1 -175
 0 -174
 2 -173
 3 -172
 1 -171
 1 -170
 2 -169
 8 -168
 6 -167
 9 -166
 110 -165
 475 -164
 1307 -163
 1713 -162
 3273 -161
 3744 -160
 4042 -159
 3934 -158
 2950 -157
 3800 -156
 3927 -155
 3518 -154
 2663 -153
 1125 -152
 756 -151
 153 -150
 8 -149
 0 -148
 0 -147
 0 -146
 0 -145
 0 -144
 0 -143
 0 -142
 0 -141
 0 -140


