# Created by Octave 3.8.2, Sat Jun 20 18:45:05 2020 CEST <damian@fptrucha.inv.usc.es>
# name: hd
# type: matrix
# rows: 41
# columns: 2
 0 -180
 1 -179
 1 -178
 0 -177
 2 -176
 0 -175
 0 -174
 0 -173
 2 -172
 2 -171
 2 -170
 5 -169
 2 -168
 5 -167
 7 -166
 68 -165
 335 -164
 1081 -163
 1605 -162
 2819 -161
 3463 -160
 3576 -159
 3738 -158
 3005 -157
 3795 -156
 3690 -155
 3416 -154
 2653 -153
 1296 -152
 814 -151
 223 -150
 14 -149
 0 -148
 0 -147
 0 -146
 0 -145
 0 -144
 0 -143
 0 -142
 0 -141
 0 -140


