# Created by Octave 3.8.2, Mon Jun 22 13:44:40 2020 CEST <damian@fptrucha.inv.usc.es>
# name: hd
# type: matrix
# rows: 41
# columns: 2
 3 -180
 5 -179
 4 -178
 2 -177
 1 -176
 3 -175
 1 -174
 2 -173
 0 -172
 3 -171
 7 -170
 6 -169
 4 -168
 5 -167
 7 -166
 100 -165
 487 -164
 1388 -163
 1720 -162
 3038 -161
 3721 -160
 3972 -159
 3743 -158
 2744 -157
 3712 -156
 3765 -155
 3423 -154
 2444 -153
 978 -152
 736 -151
 163 -150
 3 -149
 0 -148
 0 -147
 0 -146
 0 -145
 0 -144
 0 -143
 0 -142
 0 -141
 0 -140


