# Created by Octave 3.8.2, Mon Jun 22 07:50:26 2020 CEST <damian@fptrucha.inv.usc.es>
# name: hd
# type: matrix
# rows: 41
# columns: 2
 2 -180
 3 -179
 1 -178
 4 -177
 4 -176
 4 -175
 3 -174
 3 -173
 1 -172
 4 -171
 3 -170
 4 -169
 4 -168
 7 -167
 14 -166
 87 -165
 428 -164
 1232 -163
 1596 -162
 2977 -161
 3545 -160
 3698 -159
 3674 -158
 2594 -157
 3666 -156
 3461 -155
 3280 -154
 2333 -153
 998 -152
 677 -151
 126 -150
 10 -149
 0 -148
 0 -147
 0 -146
 0 -145
 0 -144
 0 -143
 0 -142
 0 -141
 0 -140


