# Created by Octave 3.8.2, Sat Jun 20 22:51:19 2020 CEST <damian@fptrucha.inv.usc.es>
# name: hd
# type: matrix
# rows: 41
# columns: 2
 1 -180
 1 -179
 0 -178
 2 -177
 0 -176
 1 -175
 0 -174
 0 -173
 0 -172
 2 -171
 2 -170
 1 -169
 4 -168
 2 -167
 10 -166
 50 -165
 326 -164
 1089 -163
 1585 -162
 2796 -161
 3282 -160
 3536 -159
 3620 -158
 2852 -157
 3441 -156
 3755 -155
 3350 -154
 2573 -153
 1175 -152
 888 -151
 213 -150
 12 -149
 0 -148
 0 -147
 0 -146
 0 -145
 0 -144
 0 -143
 0 -142
 0 -141
 0 -140


