# Created by Octave 3.8.2, Sat Jun 20 23:29:46 2020 CEST <damian@fptrucha.inv.usc.es>
# name: hd
# type: matrix
# rows: 41
# columns: 2
 0 -180
 0 -179
 0 -178
 0 -177
 0 -176
 0 -175
 1 -174
 0 -173
 1 -172
 2 -171
 1 -170
 4 -169
 2 -168
 5 -167
 8 -166
 57 -165
 353 -164
 1092 -163
 1562 -162
 2811 -161
 3404 -160
 3629 -159
 3649 -158
 2894 -157
 3664 -156
 3576 -155
 3302 -154
 2557 -153
 1204 -152
 796 -151
 206 -150
 18 -149
 0 -148
 0 -147
 0 -146
 0 -145
 0 -144
 0 -143
 0 -142
 0 -141
 0 -140


