# Created by Octave 3.8.2, Sat Jun 20 14:11:03 2020 CEST <damian@fptrucha.inv.usc.es>
# name: hd
# type: matrix
# rows: 41
# columns: 2
 1 -180
 0 -179
 0 -178
 0 -177
 0 -176
 0 -175
 1 -174
 1 -173
 2 -172
 2 -171
 0 -170
 4 -169
 2 -168
 4 -167
 5 -166
 48 -165
 354 -164
 1143 -163
 1703 -162
 2966 -161
 3701 -160
 3879 -159
 3922 -158
 3187 -157
 3951 -156
 3850 -155
 3607 -154
 2818 -153
 1273 -152
 869 -151
 235 -150
 10 -149
 0 -148
 0 -147
 0 -146
 0 -145
 0 -144
 0 -143
 0 -142
 0 -141
 0 -140


