# Created by Octave 3.8.2, Sat Jun 20 15:53:57 2020 CEST <damian@fptrucha.inv.usc.es>
# name: hd
# type: matrix
# rows: 41
# columns: 2
 0 -180
 0 -179
 0 -178
 0 -177
 0 -176
 0 -175
 0 -174
 0 -173
 0 -172
 0 -171
 2 -170
 2 -169
 4 -168
 5 -167
 7 -166
 53 -165
 325 -164
 1109 -163
 1631 -162
 2971 -161
 3610 -160
 3802 -159
 3853 -158
 3064 -157
 3708 -156
 3687 -155
 3530 -154
 2675 -153
 1287 -152
 861 -151
 215 -150
 22 -149
 0 -148
 0 -147
 0 -146
 0 -145
 0 -144
 0 -143
 0 -142
 0 -141
 0 -140


