# Created by Octave 3.8.2, Mon Jun 22 06:17:52 2020 CEST <damian@fptrucha.inv.usc.es>
# name: hd
# type: matrix
# rows: 41
# columns: 2
 0 -180
 2 -179
 3 -178
 0 -177
 3 -176
 2 -175
 0 -174
 2 -173
 0 -172
 3 -171
 0 -170
 7 -169
 5 -168
 4 -167
 11 -166
 95 -165
 494 -164
 1257 -163
 1584 -162
 2910 -161
 3440 -160
 3550 -159
 3594 -158
 2546 -157
 3511 -156
 3432 -155
 3170 -154
 2209 -153
 947 -152
 673 -151
 144 -150
 8 -149
 0 -148
 0 -147
 0 -146
 0 -145
 0 -144
 0 -143
 0 -142
 0 -141
 0 -140


