# Created by Octave 3.8.2, Mon Jun 22 04:15:16 2020 CEST <damian@fptrucha.inv.usc.es>
# name: hd
# type: matrix
# rows: 41
# columns: 2
 2 -180
 3 -179
 1 -178
 2 -177
 3 -176
 5 -175
 1 -174
 1 -173
 1 -172
 5 -171
 2 -170
 2 -169
 7 -168
 4 -167
 11 -166
 96 -165
 420 -164
 1266 -163
 1497 -162
 2778 -161
 3318 -160
 3468 -159
 3470 -158
 2552 -157
 3419 -156
 3251 -155
 3094 -154
 2228 -153
 915 -152
 625 -151
 115 -150
 5 -149
 0 -148
 0 -147
 0 -146
 0 -145
 0 -144
 0 -143
 0 -142
 0 -141
 0 -140


