# Created by Octave 3.8.2, Tue Jun 23 00:01:00 2020 CEST <damian@fptrucha.inv.usc.es>
# name: hd
# type: matrix
# rows: 41
# columns: 2
 1 -180
 4 -179
 2 -178
 0 -177
 1 -176
 1 -175
 3 -174
 3 -173
 0 -172
 1 -171
 3 -170
 4 -169
 3 -168
 6 -167
 9 -166
 80 -165
 451 -164
 1165 -163
 1829 -162
 3187 -161
 3826 -160
 3936 -159
 3918 -158
 3184 -157
 3813 -156
 3846 -155
 3695 -154
 2759 -153
 1218 -152
 858 -151
 214 -150
 14 -149
 0 -148
 0 -147
 0 -146
 0 -145
 0 -144
 0 -143
 0 -142
 0 -141
 0 -140


