# Created by Octave 3.8.2, Mon Jun 22 01:49:50 2020 CEST <damian@fptrucha.inv.usc.es>
# name: hd
# type: matrix
# rows: 41
# columns: 2
 1 -180
 3 -179
 3 -178
 2 -177
 1 -176
 1 -175
 0 -174
 2 -173
 0 -172
 3 -171
 3 -170
 4 -169
 2 -168
 1 -167
 11 -166
 104 -165
 459 -164
 1300 -163
 1760 -162
 2975 -161
 3717 -160
 3854 -159
 3886 -158
 2943 -157
 3884 -156
 3808 -155
 3350 -154
 2497 -153
 1045 -152
 690 -151
 175 -150
 6 -149
 0 -148
 0 -147
 0 -146
 0 -145
 0 -144
 0 -143
 0 -142
 0 -141
 0 -140


