# Created by Octave 3.8.2, Mon Jun 22 04:28:08 2020 CEST <damian@fptrucha.inv.usc.es>
# name: hd
# type: matrix
# rows: 41
# columns: 2
 1 -180
 2 -179
 4 -178
 1 -177
 1 -176
 5 -175
 5 -174
 5 -173
 0 -172
 0 -171
 4 -170
 5 -169
 4 -168
 3 -167
 14 -166
 104 -165
 492 -164
 1262 -163
 1603 -162
 2802 -161
 3264 -160
 3434 -159
 3387 -158
 2507 -157
 3304 -156
 3301 -155
 3004 -154
 2142 -153
 867 -152
 590 -151
 122 -150
 3 -149
 0 -148
 0 -147
 0 -146
 0 -145
 0 -144
 0 -143
 0 -142
 0 -141
 0 -140


