# Created by Octave 3.8.2, Mon Jun 22 16:34:30 2020 CEST <damian@fptrucha.inv.usc.es>
# name: hd
# type: matrix
# rows: 41
# columns: 2
 3 -180
 1 -179
 2 -178
 2 -177
 3 -176
 0 -175
 1 -174
 2 -173
 3 -172
 3 -171
 2 -170
 0 -169
 4 -168
 8 -167
 13 -166
 104 -165
 510 -164
 1321 -163
 1674 -162
 3039 -161
 3822 -160
 4040 -159
 3821 -158
 2768 -157
 3760 -156
 3783 -155
 3514 -154
 2537 -153
 983 -152
 694 -151
 156 -150
 4 -149
 0 -148
 0 -147
 0 -146
 0 -145
 0 -144
 0 -143
 0 -142
 0 -141
 0 -140


