# Created by Octave 3.8.2, Sat Jun 20 17:21:37 2020 CEST <damian@fptrucha.inv.usc.es>
# name: hd
# type: matrix
# rows: 41
# columns: 2
 0 -180
 0 -179
 1 -178
 0 -177
 1 -176
 0 -175
 0 -174
 1 -173
 0 -172
 2 -171
 3 -170
 1 -169
 4 -168
 6 -167
 3 -166
 60 -165
 318 -164
 1071 -163
 1631 -162
 2898 -161
 3575 -160
 3761 -159
 3826 -158
 3051 -157
 3704 -156
 3667 -155
 3536 -154
 2633 -153
 1172 -152
 880 -151
 191 -150
 11 -149
 0 -148
 0 -147
 0 -146
 0 -145
 0 -144
 0 -143
 0 -142
 0 -141
 0 -140


