# Created by Octave 3.8.2, Sat Jun 20 03:46:39 2020 CEST <damian@fptrucha.inv.usc.es>
# name: hd
# type: matrix
# rows: 41
# columns: 2
 1 -180
 0 -179
 0 -178
 0 -177
 0 -176
 0 -175
 1 -174
 2 -173
 0 -172
 4 -171
 2 -170
 5 -169
 3 -168
 1 -167
 5 -166
 68 -165
 366 -164
 1237 -163
 1764 -162
 3082 -161
 3792 -160
 4259 -159
 4011 -158
 3149 -157
 3996 -156
 4100 -155
 3724 -154
 2855 -153
 1290 -152
 844 -151
 225 -150
 12 -149
 0 -148
 0 -147
 0 -146
 0 -145
 0 -144
 0 -143
 0 -142
 0 -141
 0 -140


