# Created by Octave 3.8.2, Mon Jun 22 22:49:27 2020 CEST <damian@fptrucha.inv.usc.es>
# name: hd
# type: matrix
# rows: 41
# columns: 2
 1 -180
 3 -179
 0 -178
 0 -177
 0 -176
 2 -175
 4 -174
 2 -173
 1 -172
 2 -171
 2 -170
 1 -169
 8 -168
 5 -167
 13 -166
 86 -165
 454 -164
 1237 -163
 1824 -162
 3055 -161
 3800 -160
 4249 -159
 3948 -158
 3140 -157
 3992 -156
 3997 -155
 3658 -154
 2863 -153
 1232 -152
 840 -151
 235 -150
 10 -149
 0 -148
 0 -147
 0 -146
 0 -145
 0 -144
 0 -143
 0 -142
 0 -141
 0 -140


