# Created by Octave 3.8.2, Mon Jun 22 01:34:55 2020 CEST <damian@fptrucha.inv.usc.es>
# name: hd
# type: matrix
# rows: 41
# columns: 2
 0 -180
 2 -179
 1 -178
 0 -177
 1 -176
 1 -175
 2 -174
 1 -173
 0 -172
 0 -171
 1 -170
 4 -169
 1 -168
 3 -167
 10 -166
 79 -165
 387 -164
 1186 -163
 1644 -162
 2847 -161
 3490 -160
 3742 -159
 3844 -158
 3007 -157
 3633 -156
 3703 -155
 3369 -154
 2631 -153
 1288 -152
 805 -151
 194 -150
 9 -149
 0 -148
 0 -147
 0 -146
 0 -145
 0 -144
 0 -143
 0 -142
 0 -141
 0 -140


