# Created by Octave 3.8.2, Sun Jun 21 03:55:03 2020 CEST <damian@fptrucha.inv.usc.es>
# name: hd
# type: matrix
# rows: 41
# columns: 2
 0 -180
 1 -179
 0 -178
 0 -177
 1 -176
 1 -175
 0 -174
 0 -173
 0 -172
 0 -171
 3 -170
 0 -169
 1 -168
 1 -167
 9 -166
 46 -165
 336 -164
 1001 -163
 1545 -162
 2808 -161
 3601 -160
 3571 -159
 3650 -158
 2780 -157
 3563 -156
 3692 -155
 3274 -154
 2551 -153
 1193 -152
 810 -151
 217 -150
 11 -149
 0 -148
 0 -147
 0 -146
 0 -145
 0 -144
 0 -143
 0 -142
 0 -141
 0 -140


