# Created by Octave 3.8.2, Sun Jun 21 03:24:31 2020 CEST <damian@fptrucha.inv.usc.es>
# name: hd
# type: matrix
# rows: 41
# columns: 2
 0 -180
 1 -179
 0 -178
 0 -177
 0 -176
 2 -175
 0 -174
 0 -173
 0 -172
 2 -171
 2 -170
 3 -169
 4 -168
 2 -167
 9 -166
 55 -165
 337 -164
 1072 -163
 1627 -162
 2818 -161
 3482 -160
 3540 -159
 3658 -158
 2821 -157
 3704 -156
 3655 -155
 3259 -154
 2633 -153
 1161 -152
 759 -151
 213 -150
 11 -149
 0 -148
 0 -147
 0 -146
 0 -145
 0 -144
 0 -143
 0 -142
 0 -141
 0 -140


