# Created by Octave 3.8.2, Sun Jun 21 05:00:34 2020 CEST <damian@fptrucha.inv.usc.es>
# name: hd
# type: matrix
# rows: 41
# columns: 2
 1 -180
 0 -179
 0 -178
 0 -177
 1 -176
 0 -175
 0 -174
 0 -173
 0 -172
 0 -171
 1 -170
 1 -169
 4 -168
 2 -167
 5 -166
 51 -165
 238 -164
 741 -163
 1075 -162
 1821 -161
 2271 -160
 2352 -159
 2435 -158
 1941 -157
 2350 -156
 2369 -155
 2240 -154
 1698 -153
 770 -152
 528 -151
 123 -150
 10 -149
 0 -148
 0 -147
 0 -146
 0 -145
 0 -144
 0 -143
 0 -142
 0 -141
 0 -140


