# Created by Octave 3.8.2, Mon Jun 22 13:05:04 2020 CEST <damian@fptrucha.inv.usc.es>
# name: hd
# type: matrix
# rows: 41
# columns: 2
 2 -180
 1 -179
 2 -178
 0 -177
 0 -176
 2 -175
 2 -174
 4 -173
 2 -172
 1 -171
 5 -170
 4 -169
 9 -168
 3 -167
 14 -166
 117 -165
 452 -164
 1274 -163
 1702 -162
 3172 -161
 3586 -160
 3944 -159
 3730 -158
 2775 -157
 3661 -156
 3812 -155
 3389 -154
 2495 -153
 1053 -152
 686 -151
 147 -150
 4 -149
 0 -148
 0 -147
 0 -146
 0 -145
 0 -144
 0 -143
 0 -142
 0 -141
 0 -140


