# Created by Octave 3.8.2, Sat Jun 20 20:10:01 2020 CEST <damian@fptrucha.inv.usc.es>
# name: hd
# type: matrix
# rows: 41
# columns: 2
 0 -180
 0 -179
 0 -178
 0 -177
 0 -176
 0 -175
 2 -174
 0 -173
 1 -172
 1 -171
 1 -170
 0 -169
 8 -168
 2 -167
 7 -166
 62 -165
 344 -164
 1006 -163
 1606 -162
 2776 -161
 3560 -160
 3682 -159
 3738 -158
 2890 -157
 3702 -156
 3724 -155
 3437 -154
 2590 -153
 1224 -152
 790 -151
 246 -150
 12 -149
 0 -148
 0 -147
 0 -146
 0 -145
 0 -144
 0 -143
 0 -142
 0 -141
 0 -140


