# Created by Octave 3.8.2, Mon Jun 22 22:12:04 2020 CEST <damian@fptrucha.inv.usc.es>
# name: hd
# type: matrix
# rows: 41
# columns: 2
 2 -180
 0 -179
 3 -178
 0 -177
 1 -176
 1 -175
 1 -174
 0 -173
 0 -172
 2 -171
 3 -170
 5 -169
 4 -168
 4 -167
 9 -166
 78 -165
 386 -164
 1297 -163
 1838 -162
 3242 -161
 3766 -160
 3978 -159
 3970 -158
 3078 -157
 3971 -156
 3911 -155
 3542 -154
 2807 -153
 1244 -152
 842 -151
 241 -150
 12 -149
 0 -148
 0 -147
 0 -146
 0 -145
 0 -144
 0 -143
 0 -142
 0 -141
 0 -140


