# Created by Octave 3.8.2, Mon Jun 22 00:57:37 2020 CEST <damian@fptrucha.inv.usc.es>
# name: hd
# type: matrix
# rows: 41
# columns: 2
 1 -180
 0 -179
 1 -178
 0 -177
 0 -176
 0 -175
 0 -174
 1 -173
 0 -172
 2 -171
 0 -170
 2 -169
 1 -168
 3 -167
 14 -166
 63 -165
 350 -164
 1151 -163
 1719 -162
 2874 -161
 3605 -160
 3853 -159
 3751 -158
 3022 -157
 3712 -156
 3751 -155
 3447 -154
 2689 -153
 1406 -152
 878 -151
 229 -150
 15 -149
 0 -148
 0 -147
 0 -146
 0 -145
 0 -144
 0 -143
 0 -142
 0 -141
 0 -140


