# Created by Octave 3.8.2, Mon Jun 22 13:50:03 2020 CEST <damian@fptrucha.inv.usc.es>
# name: hd
# type: matrix
# rows: 41
# columns: 2
 4 -180
 1 -179
 1 -178
 1 -177
 0 -176
 5 -175
 2 -174
 2 -173
 1 -172
 5 -171
 3 -170
 4 -169
 5 -168
 5 -167
 16 -166
 113 -165
 499 -164
 1348 -163
 1676 -162
 3130 -161
 3670 -160
 3936 -159
 3813 -158
 2663 -157
 3852 -156
 3719 -155
 3313 -154
 2441 -153
 1058 -152
 644 -151
 140 -150
 10 -149
 0 -148
 0 -147
 0 -146
 0 -145
 0 -144
 0 -143
 0 -142
 0 -141
 0 -140


