# Created by Octave 3.8.2, Sun Jun 21 06:03:06 2020 CEST <damian@fptrucha.inv.usc.es>
# name: hd
# type: matrix
# rows: 41
# columns: 2
 2 -180
 1 -179
 1 -178
 0 -177
 2 -176
 0 -175
 0 -174
 0 -173
 1 -172
 1 -171
 1 -170
 3 -169
 2 -168
 5 -167
 11 -166
 56 -165
 317 -164
 1067 -163
 1610 -162
 2725 -161
 3444 -160
 3712 -159
 3586 -158
 2863 -157
 3657 -156
 3623 -155
 3387 -154
 2545 -153
 1243 -152
 839 -151
 230 -150
 20 -149
 0 -148
 0 -147
 0 -146
 0 -145
 0 -144
 0 -143
 0 -142
 0 -141
 0 -140


