# Created by Octave 3.8.2, Mon Jun 22 06:01:17 2020 CEST <damian@fptrucha.inv.usc.es>
# name: hd
# type: matrix
# rows: 41
# columns: 2
 4 -180
 4 -179
 1 -178
 0 -177
 4 -176
 2 -175
 2 -174
 4 -173
 1 -172
 1 -171
 1 -170
 3 -169
 9 -168
 6 -167
 12 -166
 89 -165
 432 -164
 1248 -163
 1577 -162
 2886 -161
 3346 -160
 3648 -159
 3451 -158
 2704 -157
 3500 -156
 3508 -155
 3085 -154
 2308 -153
 962 -152
 640 -151
 151 -150
 4 -149
 0 -148
 0 -147
 0 -146
 0 -145
 0 -144
 0 -143
 0 -142
 0 -141
 0 -140


