# Created by Octave 3.8.2, Sun Jun 21 02:41:13 2020 CEST <damian@fptrucha.inv.usc.es>
# name: hd
# type: matrix
# rows: 41
# columns: 2
 0 -180
 3 -179
 0 -178
 0 -177
 0 -176
 0 -175
 0 -174
 0 -173
 0 -172
 1 -171
 3 -170
 1 -169
 5 -168
 3 -167
 4 -166
 60 -165
 369 -164
 1068 -163
 1628 -162
 2831 -161
 3543 -160
 3615 -159
 3545 -158
 2738 -157
 3632 -156
 3580 -155
 3327 -154
 2610 -153
 1164 -152
 765 -151
 213 -150
 11 -149
 0 -148
 0 -147
 0 -146
 0 -145
 0 -144
 0 -143
 0 -142
 0 -141
 0 -140


