# Created by Octave 3.8.2, Sat Jun 20 05:52:19 2020 CEST <damian@fptrucha.inv.usc.es>
# name: hd
# type: matrix
# rows: 41
# columns: 2
 2 -180
 1 -179
 2 -178
 0 -177
 1 -176
 2 -175
 1 -174
 0 -173
 1 -172
 3 -171
 0 -170
 1 -169
 5 -168
 2 -167
 4 -166
 68 -165
 438 -164
 1245 -163
 1859 -162
 3216 -161
 3988 -160
 4228 -159
 4241 -158
 3358 -157
 4224 -156
 4031 -155
 3893 -154
 2936 -153
 1364 -152
 867 -151
 254 -150
 17 -149
 0 -148
 0 -147
 0 -146
 0 -145
 0 -144
 0 -143
 0 -142
 0 -141
 0 -140


