# Created by Octave 3.8.2, Sat Jun 20 21:13:21 2020 CEST <damian@fptrucha.inv.usc.es>
# name: hd
# type: matrix
# rows: 41
# columns: 2
 0 -180
 1 -179
 0 -178
 0 -177
 0 -176
 0 -175
 1 -174
 1 -173
 1 -172
 1 -171
 3 -170
 4 -169
 4 -168
 4 -167
 8 -166
 70 -165
 338 -164
 1059 -163
 1572 -162
 2841 -161
 3561 -160
 3648 -159
 3610 -158
 2884 -157
 3593 -156
 3578 -155
 3452 -154
 2558 -153
 1224 -152
 873 -151
 223 -150
 21 -149
 0 -148
 0 -147
 0 -146
 0 -145
 0 -144
 0 -143
 0 -142
 0 -141
 0 -140


