# Created by Octave 3.8.2, Sat Jun 20 07:56:09 2020 CEST <damian@fptrucha.inv.usc.es>
# name: hd
# type: matrix
# rows: 41
# columns: 2
 0 -180
 1 -179
 0 -178
 0 -177
 0 -176
 0 -175
 0 -174
 0 -173
 1 -172
 1 -171
 0 -170
 3 -169
 3 -168
 3 -167
 11 -166
 82 -165
 390 -164
 1177 -163
 1807 -162
 3270 -161
 4056 -160
 4283 -159
 4383 -158
 3301 -157
 4179 -156
 4209 -155
 3812 -154
 3021 -153
 1345 -152
 968 -151
 246 -150
 16 -149
 0 -148
 0 -147
 0 -146
 0 -145
 0 -144
 0 -143
 0 -142
 0 -141
 0 -140


