# Created by Octave 3.8.2, Mon Jun 22 17:21:27 2020 CEST <damian@fptrucha.inv.usc.es>
# name: hd
# type: matrix
# rows: 41
# columns: 2
 2 -180
 1 -179
 2 -178
 0 -177
 0 -176
 4 -175
 2 -174
 0 -173
 2 -172
 3 -171
 3 -170
 4 -169
 7 -168
 5 -167
 16 -166
 99 -165
 504 -164
 1376 -163
 1754 -162
 3202 -161
 3824 -160
 3965 -159
 3855 -158
 2780 -157
 4028 -156
 3825 -155
 3480 -154
 2449 -153
 994 -152
 775 -151
 176 -150
 5 -149
 0 -148
 0 -147
 0 -146
 0 -145
 0 -144
 0 -143
 0 -142
 0 -141
 0 -140


