# Created by Octave 3.8.2, Sat Jun 20 11:37:56 2020 CEST <damian@fptrucha.inv.usc.es>
# name: hd
# type: matrix
# rows: 41
# columns: 2
 0 -180
 0 -179
 0 -178
 0 -177
 1 -176
 2 -175
 0 -174
 0 -173
 0 -172
 2 -171
 0 -170
 5 -169
 5 -168
 5 -167
 3 -166
 61 -165
 408 -164
 1182 -163
 1758 -162
 3095 -161
 3845 -160
 4135 -159
 4133 -158
 3141 -157
 4020 -156
 4064 -155
 3769 -154
 2868 -153
 1309 -152
 885 -151
 246 -150
 12 -149
 0 -148
 0 -147
 0 -146
 0 -145
 0 -144
 0 -143
 0 -142
 0 -141
 0 -140


