# Created by Octave 3.8.2, Sat Jun 20 23:49:22 2020 CEST <damian@fptrucha.inv.usc.es>
# name: hd
# type: matrix
# rows: 41
# columns: 2
 0 -180
 2 -179
 0 -178
 0 -177
 0 -176
 0 -175
 0 -174
 1 -173
 1 -172
 1 -171
 0 -170
 2 -169
 2 -168
 2 -167
 8 -166
 62 -165
 325 -164
 997 -163
 1553 -162
 2846 -161
 3428 -160
 3712 -159
 3670 -158
 2820 -157
 3530 -156
 3558 -155
 3391 -154
 2500 -153
 1151 -152
 754 -151
 194 -150
 8 -149
 0 -148
 0 -147
 0 -146
 0 -145
 0 -144
 0 -143
 0 -142
 0 -141
 0 -140


