# Created by Octave 3.8.2, Sat Jun 20 07:44:57 2020 CEST <damian@fptrucha.inv.usc.es>
# name: hd
# type: matrix
# rows: 41
# columns: 2
 0 -180
 0 -179
 0 -178
 1 -177
 0 -176
 2 -175
 1 -174
 1 -173
 1 -172
 0 -171
 3 -170
 1 -169
 3 -168
 7 -167
 8 -166
 96 -165
 405 -164
 1242 -163
 1885 -162
 3274 -161
 4062 -160
 4281 -159
 4206 -158
 3306 -157
 4228 -156
 4283 -155
 3873 -154
 2962 -153
 1334 -152
 920 -151
 231 -150
 15 -149
 0 -148
 0 -147
 0 -146
 0 -145
 0 -144
 0 -143
 0 -142
 0 -141
 0 -140


