# Created by Octave 3.8.2, Sat Jun 20 02:04:22 2020 CEST <damian@fptrucha.inv.usc.es>
# name: hd
# type: matrix
# rows: 41
# columns: 2
 1 -180
 0 -179
 1 -178
 2 -177
 0 -176
 0 -175
 2 -174
 1 -173
 0 -172
 1 -171
 2 -170
 2 -169
 1 -168
 1 -167
 7 -166
 50 -165
 344 -164
 1137 -163
 1702 -162
 3061 -161
 3843 -160
 4020 -159
 3915 -158
 3194 -157
 4009 -156
 3984 -155
 3601 -154
 2822 -153
 1320 -152
 893 -151
 240 -150
 13 -149
 0 -148
 0 -147
 0 -146
 0 -145
 0 -144
 0 -143
 0 -142
 0 -141
 0 -140


