# Created by Octave 3.8.2, Sat Jun 20 19:29:45 2020 CEST <damian@fptrucha.inv.usc.es>
# name: hd
# type: matrix
# rows: 41
# columns: 2
 1 -180
 1 -179
 0 -178
 1 -177
 1 -176
 1 -175
 2 -174
 1 -173
 0 -172
 1 -171
 2 -170
 1 -169
 6 -168
 2 -167
 7 -166
 61 -165
 319 -164
 1048 -163
 1643 -162
 2758 -161
 3617 -160
 3679 -159
 3741 -158
 2933 -157
 3631 -156
 3670 -155
 3346 -154
 2611 -153
 1233 -152
 843 -151
 230 -150
 20 -149
 0 -148
 0 -147
 0 -146
 0 -145
 0 -144
 0 -143
 0 -142
 0 -141
 0 -140


