# Created by Octave 3.8.2, Mon Jun 22 15:50:50 2020 CEST <damian@fptrucha.inv.usc.es>
# name: hd
# type: matrix
# rows: 41
# columns: 2
 4 -180
 0 -179
 2 -178
 1 -177
 0 -176
 6 -175
 2 -174
 3 -173
 1 -172
 6 -171
 5 -170
 3 -169
 8 -168
 10 -167
 14 -166
 110 -165
 490 -164
 1451 -163
 1715 -162
 3153 -161
 3669 -160
 3982 -159
 3957 -158
 2861 -157
 3872 -156
 3903 -155
 3475 -154
 2623 -153
 998 -152
 699 -151
 169 -150
 4 -149
 0 -148
 0 -147
 0 -146
 0 -145
 0 -144
 0 -143
 0 -142
 0 -141
 0 -140


