# Created by Octave 3.8.2, Sat Jun 20 11:44:21 2020 CEST <damian@fptrucha.inv.usc.es>
# name: hd
# type: matrix
# rows: 41
# columns: 2
 1 -180
 1 -179
 0 -178
 0 -177
 0 -176
 1 -175
 2 -174
 1 -173
 3 -172
 0 -171
 2 -170
 2 -169
 4 -168
 1 -167
 9 -166
 73 -165
 402 -164
 1166 -163
 1758 -162
 3155 -161
 3838 -160
 4062 -159
 4098 -158
 3220 -157
 4073 -156
 4127 -155
 3835 -154
 2890 -153
 1340 -152
 924 -151
 235 -150
 15 -149
 0 -148
 0 -147
 0 -146
 0 -145
 0 -144
 0 -143
 0 -142
 0 -141
 0 -140


