# Created by Octave 3.8.2, Sat Jun 20 09:10:05 2020 CEST <damian@fptrucha.inv.usc.es>
# name: hd
# type: matrix
# rows: 41
# columns: 2
 0 -180
 0 -179
 0 -178
 2 -177
 0 -176
 0 -175
 2 -174
 1 -173
 0 -172
 0 -171
 5 -170
 1 -169
 3 -168
 3 -167
 11 -166
 79 -165
 427 -164
 1269 -163
 1911 -162
 3313 -161
 4070 -160
 4190 -159
 4226 -158
 3368 -157
 4202 -156
 4242 -155
 3879 -154
 2981 -153
 1409 -152
 932 -151
 240 -150
 19 -149
 0 -148
 0 -147
 0 -146
 0 -145
 0 -144
 0 -143
 0 -142
 0 -141
 0 -140


