# Created by Octave 3.8.2, Mon Jun 22 12:06:43 2020 CEST <damian@fptrucha.inv.usc.es>
# name: hd
# type: matrix
# rows: 41
# columns: 2
 2 -180
 5 -179
 1 -178
 0 -177
 3 -176
 4 -175
 0 -174
 2 -173
 1 -172
 2 -171
 0 -170
 6 -169
 5 -168
 4 -167
 18 -166
 98 -165
 482 -164
 1327 -163
 1586 -162
 3000 -161
 3605 -160
 3873 -159
 3741 -158
 2793 -157
 3808 -156
 3674 -155
 3288 -154
 2442 -153
 1006 -152
 718 -151
 169 -150
 3 -149
 0 -148
 0 -147
 0 -146
 0 -145
 0 -144
 0 -143
 0 -142
 0 -141
 0 -140


