# Created by Octave 3.8.2, Sat Jun 20 03:37:06 2020 CEST <damian@fptrucha.inv.usc.es>
# name: hd
# type: matrix
# rows: 41
# columns: 2
 0 -180
 0 -179
 1 -178
 0 -177
 0 -176
 2 -175
 1 -174
 1 -173
 0 -172
 1 -171
 3 -170
 5 -169
 3 -168
 2 -167
 7 -166
 74 -165
 386 -164
 1183 -163
 1797 -162
 3169 -161
 3944 -160
 4101 -159
 4081 -158
 3168 -157
 4009 -156
 3949 -155
 3727 -154
 3043 -153
 1381 -152
 911 -151
 219 -150
 16 -149
 0 -148
 0 -147
 0 -146
 0 -145
 0 -144
 0 -143
 0 -142
 0 -141
 0 -140


