# Created by Octave 3.8.2, Mon Jun 22 13:36:26 2020 CEST <damian@fptrucha.inv.usc.es>
# name: hd
# type: matrix
# rows: 41
# columns: 2
 1 -180
 1 -179
 1 -178
 2 -177
 1 -176
 3 -175
 2 -174
 5 -173
 1 -172
 1 -171
 5 -170
 6 -169
 7 -168
 6 -167
 16 -166
 113 -165
 510 -164
 1446 -163
 1639 -162
 3118 -161
 3746 -160
 3778 -159
 3856 -158
 2804 -157
 3839 -156
 3689 -155
 3399 -154
 2464 -153
 979 -152
 679 -151
 158 -150
 5 -149
 0 -148
 0 -147
 0 -146
 0 -145
 0 -144
 0 -143
 0 -142
 0 -141
 0 -140


