# Created by Octave 3.8.2, Mon Jun 22 07:21:20 2020 CEST <damian@fptrucha.inv.usc.es>
# name: hd
# type: matrix
# rows: 41
# columns: 2
 1 -180
 3 -179
 6 -178
 3 -177
 2 -176
 4 -175
 4 -174
 3 -173
 3 -172
 3 -171
 5 -170
 3 -169
 7 -168
 5 -167
 17 -166
 105 -165
 438 -164
 1267 -163
 1617 -162
 2929 -161
 3601 -160
 3720 -159
 3628 -158
 2660 -157
 3558 -156
 3633 -155
 3124 -154
 2226 -153
 959 -152
 660 -151
 149 -150
 4 -149
 0 -148
 0 -147
 0 -146
 0 -145
 0 -144
 0 -143
 0 -142
 0 -141
 0 -140


