# Created by Octave 3.8.2, Mon Jun 22 10:42:14 2020 CEST <damian@fptrucha.inv.usc.es>
# name: hd
# type: matrix
# rows: 41
# columns: 2
 6 -180
 1 -179
 2 -178
 1 -177
 4 -176
 1 -175
 2 -174
 3 -173
 4 -172
 2 -171
 2 -170
 3 -169
 7 -168
 4 -167
 4 -166
 96 -165
 447 -164
 1310 -163
 1637 -162
 2938 -161
 3770 -160
 3850 -159
 3709 -158
 2612 -157
 3711 -156
 3804 -155
 3333 -154
 2439 -153
 1066 -152
 739 -151
 163 -150
 9 -149
 0 -148
 0 -147
 0 -146
 0 -145
 0 -144
 0 -143
 0 -142
 0 -141
 0 -140


