# Created by Octave 3.8.2, Sat Jun 20 13:49:25 2020 CEST <damian@fptrucha.inv.usc.es>
# name: hd
# type: matrix
# rows: 41
# columns: 2
 1 -180
 2 -179
 0 -178
 0 -177
 1 -176
 1 -175
 0 -174
 1 -173
 1 -172
 1 -171
 2 -170
 2 -169
 6 -168
 2 -167
 6 -166
 79 -165
 360 -164
 1118 -163
 1728 -162
 2986 -161
 3698 -160
 3858 -159
 3867 -158
 3119 -157
 3990 -156
 3848 -155
 3652 -154
 2853 -153
 1283 -152
 865 -151
 228 -150
 8 -149
 0 -148
 0 -147
 0 -146
 0 -145
 0 -144
 0 -143
 0 -142
 0 -141
 0 -140


