# Created by Octave 3.8.2, Mon Jun 22 22:43:30 2020 CEST <damian@fptrucha.inv.usc.es>
# name: hd
# type: matrix
# rows: 41
# columns: 2
 1 -180
 1 -179
 0 -178
 1 -177
 0 -176
 2 -175
 0 -174
 1 -173
 1 -172
 1 -171
 0 -170
 2 -169
 1 -168
 3 -167
 5 -166
 59 -165
 290 -164
 883 -163
 1166 -162
 2017 -161
 2468 -160
 2651 -159
 2671 -158
 2088 -157
 2649 -156
 2605 -155
 2400 -154
 1788 -153
 808 -152
 538 -151
 129 -150
 6 -149
 0 -148
 0 -147
 0 -146
 0 -145
 0 -144
 0 -143
 0 -142
 0 -141
 0 -140


