# Created by Octave 3.8.2, Sun Jun 21 06:45:22 2020 CEST <damian@fptrucha.inv.usc.es>
# name: hd
# type: matrix
# rows: 41
# columns: 2
 0 -180
 0 -179
 0 -178
 0 -177
 0 -176
 0 -175
 1 -174
 1 -173
 0 -172
 0 -171
 1 -170
 1 -169
 3 -168
 3 -167
 8 -166
 70 -165
 328 -164
 1027 -163
 1615 -162
 2768 -161
 3381 -160
 3833 -159
 3669 -158
 2826 -157
 3559 -156
 3612 -155
 3336 -154
 2664 -153
 1267 -152
 846 -151
 197 -150
 23 -149
 0 -148
 0 -147
 0 -146
 0 -145
 0 -144
 0 -143
 0 -142
 0 -141
 0 -140


