# Created by Octave 3.8.2, Sat Jun 20 08:20:46 2020 CEST <damian@fptrucha.inv.usc.es>
# name: hd
# type: matrix
# rows: 41
# columns: 2
 0 -180
 1 -179
 0 -178
 2 -177
 0 -176
 1 -175
 1 -174
 0 -173
 1 -172
 2 -171
 1 -170
 3 -169
 5 -168
 6 -167
 11 -166
 94 -165
 379 -164
 1261 -163
 1776 -162
 3250 -161
 4045 -160
 4369 -159
 4378 -158
 3353 -157
 4272 -156
 4305 -155
 3969 -154
 3031 -153
 1356 -152
 955 -151
 251 -150
 13 -149
 0 -148
 0 -147
 0 -146
 0 -145
 0 -144
 0 -143
 0 -142
 0 -141
 0 -140


