# Created by Octave 3.8.2, Mon Jun 22 05:37:07 2020 CEST <damian@fptrucha.inv.usc.es>
# name: hd
# type: matrix
# rows: 41
# columns: 2
 1 -180
 2 -179
 0 -178
 3 -177
 3 -176
 4 -175
 1 -174
 1 -173
 1 -172
 2 -171
 6 -170
 5 -169
 3 -168
 5 -167
 12 -166
 106 -165
 438 -164
 1200 -163
 1551 -162
 2776 -161
 3478 -160
 3646 -159
 3367 -158
 2614 -157
 3438 -156
 3454 -155
 3146 -154
 2301 -153
 929 -152
 609 -151
 161 -150
 2 -149
 0 -148
 0 -147
 0 -146
 0 -145
 0 -144
 0 -143
 0 -142
 0 -141
 0 -140


