# Created by Octave 3.8.2, Mon Jun 22 00:37:52 2020 CEST <damian@fptrucha.inv.usc.es>
# name: hd
# type: matrix
# rows: 41
# columns: 2
 0 -180
 0 -179
 0 -178
 0 -177
 0 -176
 0 -175
 0 -174
 0 -173
 2 -172
 1 -171
 1 -170
 2 -169
 0 -168
 1 -167
 3 -166
 37 -165
 242 -164
 714 -163
 1056 -162
 1879 -161
 2322 -160
 2507 -159
 2407 -158
 2035 -157
 2417 -156
 2400 -155
 2234 -154
 1806 -153
 851 -152
 542 -151
 126 -150
 15 -149
 0 -148
 0 -147
 0 -146
 0 -145
 0 -144
 0 -143
 0 -142
 0 -141
 0 -140


