# Created by Octave 3.8.2, Mon Jun 22 02:09:46 2020 CEST <damian@fptrucha.inv.usc.es>
# name: hd
# type: matrix
# rows: 41
# columns: 2
 1 -180
 0 -179
 4 -178
 4 -177
 1 -176
 3 -175
 3 -174
 4 -173
 2 -172
 4 -171
 5 -170
 1 -169
 5 -168
 8 -167
 14 -166
 98 -165
 441 -164
 1196 -163
 1673 -162
 2987 -161
 3595 -160
 3794 -159
 3693 -158
 2853 -157
 3635 -156
 3636 -155
 3294 -154
 2475 -153
 964 -152
 725 -151
 173 -150
 5 -149
 0 -148
 0 -147
 0 -146
 0 -145
 0 -144
 0 -143
 0 -142
 0 -141
 0 -140


