# Created by Octave 3.8.2, Mon Jun 22 22:23:33 2020 CEST <damian@fptrucha.inv.usc.es>
# name: hd
# type: matrix
# rows: 41
# columns: 2
 1 -180
 3 -179
 1 -178
 1 -177
 3 -176
 1 -175
 2 -174
 1 -173
 0 -172
 3 -171
 4 -170
 4 -169
 4 -168
 2 -167
 13 -166
 94 -165
 389 -164
 1210 -163
 1782 -162
 3074 -161
 3807 -160
 4075 -159
 4165 -158
 3154 -157
 3969 -156
 4017 -155
 3610 -154
 2796 -153
 1236 -152
 818 -151
 210 -150
 17 -149
 0 -148
 0 -147
 0 -146
 0 -145
 0 -144
 0 -143
 0 -142
 0 -141
 0 -140


