# Created by Octave 3.8.2, Sat Jun 20 10:00:25 2020 CEST <damian@fptrucha.inv.usc.es>
# name: hd
# type: matrix
# rows: 41
# columns: 2
 1 -180
 2 -179
 0 -178
 0 -177
 1 -176
 1 -175
 0 -174
 0 -173
 1 -172
 1 -171
 2 -170
 1 -169
 6 -168
 2 -167
 5 -166
 71 -165
 409 -164
 1262 -163
 1781 -162
 3225 -161
 4045 -160
 4195 -159
 4241 -158
 3309 -157
 4130 -156
 4232 -155
 3922 -154
 2987 -153
 1425 -152
 971 -151
 236 -150
 12 -149
 0 -148
 0 -147
 0 -146
 0 -145
 0 -144
 0 -143
 0 -142
 0 -141
 0 -140


