# Created by Octave 3.8.2, Sat Jun 20 05:35:30 2020 CEST <damian@fptrucha.inv.usc.es>
# name: hd
# type: matrix
# rows: 41
# columns: 2
 0 -180
 0 -179
 0 -178
 0 -177
 2 -176
 1 -175
 0 -174
 1 -173
 1 -172
 2 -171
 0 -170
 3 -169
 2 -168
 5 -167
 8 -166
 85 -165
 413 -164
 1299 -163
 1802 -162
 3184 -161
 4026 -160
 4139 -159
 4175 -158
 3091 -157
 4276 -156
 4121 -155
 3801 -154
 2901 -153
 1400 -152
 898 -151
 259 -150
 12 -149
 0 -148
 0 -147
 0 -146
 0 -145
 0 -144
 0 -143
 0 -142
 0 -141
 0 -140


