# Created by Octave 3.8.2, Mon Jun 22 17:27:10 2020 CEST <damian@fptrucha.inv.usc.es>
# name: hd
# type: matrix
# rows: 41
# columns: 2
 2 -180
 3 -179
 5 -178
 1 -177
 1 -176
 2 -175
 2 -174
 1 -173
 4 -172
 1 -171
 8 -170
 2 -169
 3 -168
 4 -167
 10 -166
 91 -165
 553 -164
 1412 -163
 1772 -162
 3057 -161
 3806 -160
 3961 -159
 3906 -158
 2844 -157
 3786 -156
 3906 -155
 3543 -154
 2479 -153
 1066 -152
 716 -151
 165 -150
 7 -149
 0 -148
 0 -147
 0 -146
 0 -145
 0 -144
 0 -143
 0 -142
 0 -141
 0 -140


