# Created by Octave 3.8.2, Sun Jun 21 04:38:45 2020 CEST <damian@fptrucha.inv.usc.es>
# name: hd
# type: matrix
# rows: 41
# columns: 2
 1 -180
 0 -179
 0 -178
 0 -177
 0 -176
 1 -175
 2 -174
 1 -173
 0 -172
 2 -171
 0 -170
 1 -169
 5 -168
 4 -167
 8 -166
 65 -165
 348 -164
 1081 -163
 1632 -162
 2881 -161
 3448 -160
 3701 -159
 3698 -158
 2841 -157
 3693 -156
 3750 -155
 3290 -154
 2734 -153
 1180 -152
 781 -151
 203 -150
 12 -149
 0 -148
 0 -147
 0 -146
 0 -145
 0 -144
 0 -143
 0 -142
 0 -141
 0 -140


