# Created by Octave 3.8.2, Sat Jun 20 07:37:35 2020 CEST <damian@fptrucha.inv.usc.es>
# name: hd
# type: matrix
# rows: 41
# columns: 2
 0 -180
 0 -179
 0 -178
 0 -177
 3 -176
 1 -175
 0 -174
 1 -173
 0 -172
 2 -171
 3 -170
 3 -169
 2 -168
 3 -167
 10 -166
 71 -165
 406 -164
 1289 -163
 1797 -162
 3343 -161
 3969 -160
 4126 -159
 4206 -158
 3243 -157
 4241 -156
 4189 -155
 3810 -154
 2867 -153
 1346 -152
 980 -151
 236 -150
 15 -149
 0 -148
 0 -147
 0 -146
 0 -145
 0 -144
 0 -143
 0 -142
 0 -141
 0 -140


