# Created by Octave 3.8.2, Sat Jun 20 09:12:59 2020 CEST <damian@fptrucha.inv.usc.es>
# name: hd
# type: matrix
# rows: 41
# columns: 2
 2 -180
 0 -179
 0 -178
 0 -177
 0 -176
 0 -175
 0 -174
 0 -173
 0 -172
 0 -171
 1 -170
 5 -169
 8 -168
 1 -167
 9 -166
 71 -165
 396 -164
 1247 -163
 1842 -162
 3314 -161
 4063 -160
 4282 -159
 4304 -158
 3358 -157
 4118 -156
 4232 -155
 3902 -154
 2921 -153
 1476 -152
 885 -151
 273 -150
 7 -149
 0 -148
 0 -147
 0 -146
 0 -145
 0 -144
 0 -143
 0 -142
 0 -141
 0 -140


