# Created by Octave 3.8.2, Sat Jun 20 06:55:06 2020 CEST <damian@fptrucha.inv.usc.es>
# name: hd
# type: matrix
# rows: 41
# columns: 2
 0 -180
 0 -179
 1 -178
 0 -177
 0 -176
 1 -175
 0 -174
 1 -173
 0 -172
 1 -171
 3 -170
 1 -169
 3 -168
 7 -167
 11 -166
 72 -165
 431 -164
 1282 -163
 1786 -162
 3282 -161
 4012 -160
 4228 -159
 4188 -158
 3349 -157
 4128 -156
 4090 -155
 3838 -154
 2914 -153
 1372 -152
 876 -151
 248 -150
 16 -149
 0 -148
 0 -147
 0 -146
 0 -145
 0 -144
 0 -143
 0 -142
 0 -141
 0 -140


