# Created by Octave 3.8.2, Sat Jun 20 06:37:44 2020 CEST <damian@fptrucha.inv.usc.es>
# name: hd
# type: matrix
# rows: 41
# columns: 2
 0 -180
 0 -179
 0 -178
 0 -177
 1 -176
 1 -175
 2 -174
 0 -173
 0 -172
 0 -171
 1 -170
 4 -169
 3 -168
 2 -167
 7 -166
 68 -165
 434 -164
 1230 -163
 1799 -162
 3278 -161
 3964 -160
 4327 -159
 4297 -158
 3381 -157
 4127 -156
 4111 -155
 3799 -154
 2981 -153
 1320 -152
 905 -151
 222 -150
 14 -149
 0 -148
 0 -147
 0 -146
 0 -145
 0 -144
 0 -143
 0 -142
 0 -141
 0 -140


