# Created by Octave 3.8.2, Mon Jun 22 03:00:05 2020 CEST <damian@fptrucha.inv.usc.es>
# name: hd
# type: matrix
# rows: 41
# columns: 2
 4 -180
 5 -179
 4 -178
 1 -177
 4 -176
 3 -175
 3 -174
 3 -173
 3 -172
 3 -171
 1 -170
 7 -169
 6 -168
 0 -167
 14 -166
 88 -165
 475 -164
 1263 -163
 1522 -162
 2767 -161
 3426 -160
 3559 -159
 3483 -158
 2634 -157
 3434 -156
 3446 -155
 3045 -154
 2290 -153
 952 -152
 644 -151
 161 -150
 3 -149
 0 -148
 0 -147
 0 -146
 0 -145
 0 -144
 0 -143
 0 -142
 0 -141
 0 -140


