# Created by Octave 3.8.2, Mon Jun 22 18:44:12 2020 CEST <damian@fptrucha.inv.usc.es>
# name: hd
# type: matrix
# rows: 41
# columns: 2
 2 -180
 1 -179
 0 -178
 2 -177
 4 -176
 1 -175
 3 -174
 3 -173
 1 -172
 2 -171
 3 -170
 6 -169
 3 -168
 1 -167
 10 -166
 100 -165
 472 -164
 1363 -163
 1824 -162
 3133 -161
 3770 -160
 3969 -159
 3871 -158
 2887 -157
 3913 -156
 3896 -155
 3487 -154
 2544 -153
 1080 -152
 788 -151
 168 -150
 7 -149
 0 -148
 0 -147
 0 -146
 0 -145
 0 -144
 0 -143
 0 -142
 0 -141
 0 -140


