# Created by Octave 3.8.2, Mon Jun 22 15:33:33 2020 CEST <damian@fptrucha.inv.usc.es>
# name: hd
# type: matrix
# rows: 41
# columns: 2
 3 -180
 1 -179
 2 -178
 1 -177
 0 -176
 1 -175
 2 -174
 2 -173
 2 -172
 3 -171
 7 -170
 5 -169
 8 -168
 3 -167
 15 -166
 108 -165
 479 -164
 1359 -163
 1732 -162
 3173 -161
 3815 -160
 3992 -159
 3807 -158
 2905 -157
 3750 -156
 3842 -155
 3473 -154
 2535 -153
 1056 -152
 693 -151
 176 -150
 9 -149
 0 -148
 0 -147
 0 -146
 0 -145
 0 -144
 0 -143
 0 -142
 0 -141
 0 -140


