# Created by Octave 3.8.2, Mon Jun 22 01:06:15 2020 CEST <damian@fptrucha.inv.usc.es>
# name: hd
# type: matrix
# rows: 41
# columns: 2
 1 -180
 0 -179
 0 -178
 0 -177
 0 -176
 1 -175
 0 -174
 0 -173
 0 -172
 1 -171
 1 -170
 1 -169
 8 -168
 1 -167
 8 -166
 61 -165
 350 -164
 1052 -163
 1655 -162
 2775 -161
 3610 -160
 3719 -159
 3742 -158
 2974 -157
 3797 -156
 3710 -155
 3439 -154
 2661 -153
 1338 -152
 867 -151
 233 -150
 17 -149
 0 -148
 0 -147
 0 -146
 0 -145
 0 -144
 0 -143
 0 -142
 0 -141
 0 -140


