# Created by Octave 3.8.2, Mon Jun 22 17:10:36 2020 CEST <damian@fptrucha.inv.usc.es>
# name: hd
# type: matrix
# rows: 41
# columns: 2
 2 -180
 3 -179
 2 -178
 1 -177
 5 -176
 3 -175
 0 -174
 1 -173
 0 -172
 5 -171
 6 -170
 2 -169
 5 -168
 2 -167
 14 -166
 97 -165
 466 -164
 1490 -163
 1695 -162
 3118 -161
 3717 -160
 3974 -159
 3807 -158
 2837 -157
 3865 -156
 3879 -155
 3491 -154
 2574 -153
 997 -152
 672 -151
 177 -150
 6 -149
 0 -148
 0 -147
 0 -146
 0 -145
 0 -144
 0 -143
 0 -142
 0 -141
 0 -140


