# Created by Octave 3.8.2, Mon Jun 22 11:02:53 2020 CEST <damian@fptrucha.inv.usc.es>
# name: hd
# type: matrix
# rows: 41
# columns: 2
 3 -180
 1 -179
 2 -178
 0 -177
 1 -176
 3 -175
 1 -174
 4 -173
 0 -172
 1 -171
 9 -170
 5 -169
 5 -168
 3 -167
 14 -166
 80 -165
 413 -164
 1294 -163
 1709 -162
 3100 -161
 3651 -160
 3835 -159
 3885 -158
 2795 -157
 3733 -156
 3791 -155
 3428 -154
 2380 -153
 1017 -152
 685 -151
 143 -150
 7 -149
 0 -148
 0 -147
 0 -146
 0 -145
 0 -144
 0 -143
 0 -142
 0 -141
 0 -140


