# Created by Octave 3.8.2, Sat Jun 20 04:12:56 2020 CEST <damian@fptrucha.inv.usc.es>
# name: hd
# type: matrix
# rows: 41
# columns: 2
 0 -180
 0 -179
 1 -178
 1 -177
 0 -176
 1 -175
 1 -174
 0 -173
 1 -172
 1 -171
 2 -170
 2 -169
 0 -168
 1 -167
 7 -166
 93 -165
 390 -164
 1285 -163
 1834 -162
 3209 -161
 3937 -160
 4355 -159
 4126 -158
 3220 -157
 4069 -156
 4012 -155
 3813 -154
 2929 -153
 1267 -152
 867 -151
 255 -150
 8 -149
 0 -148
 0 -147
 0 -146
 0 -145
 0 -144
 0 -143
 0 -142
 0 -141
 0 -140


