# Created by Octave 3.8.2, Mon Jun 22 06:50:09 2020 CEST <damian@fptrucha.inv.usc.es>
# name: hd
# type: matrix
# rows: 41
# columns: 2
 1 -180
 5 -179
 0 -178
 2 -177
 4 -176
 1 -175
 3 -174
 3 -173
 3 -172
 0 -171
 5 -170
 9 -169
 3 -168
 7 -167
 15 -166
 89 -165
 426 -164
 1261 -163
 1552 -162
 2913 -161
 3454 -160
 3659 -159
 3660 -158
 2524 -157
 3472 -156
 3532 -155
 3124 -154
 2279 -153
 969 -152
 633 -151
 133 -150
 2 -149
 0 -148
 0 -147
 0 -146
 0 -145
 0 -144
 0 -143
 0 -142
 0 -141
 0 -140


