# Created by Octave 3.8.2, Sun Jun 21 06:50:55 2020 CEST <damian@fptrucha.inv.usc.es>
# name: hd
# type: matrix
# rows: 41
# columns: 2
 0 -180
 1 -179
 0 -178
 0 -177
 0 -176
 0 -175
 1 -174
 1 -173
 1 -172
 0 -171
 2 -170
 2 -169
 7 -168
 3 -167
 4 -166
 54 -165
 319 -164
 999 -163
 1571 -162
 2743 -161
 3365 -160
 3612 -159
 3586 -158
 2810 -157
 3495 -156
 3504 -155
 3226 -154
 2425 -153
 1220 -152
 852 -151
 198 -150
 11 -149
 0 -148
 0 -147
 0 -146
 0 -145
 0 -144
 0 -143
 0 -142
 0 -141
 0 -140


