# Created by Octave 3.8.2, Sat Jun 20 21:53:43 2020 CEST <damian@fptrucha.inv.usc.es>
# name: hd
# type: matrix
# rows: 41
# columns: 2
 1 -180
 0 -179
 0 -178
 0 -177
 0 -176
 1 -175
 1 -174
 1 -173
 0 -172
 2 -171
 2 -170
 2 -169
 5 -168
 5 -167
 6 -166
 56 -165
 310 -164
 1055 -163
 1617 -162
 2746 -161
 3406 -160
 3684 -159
 3720 -158
 2846 -157
 3654 -156
 3614 -155
 3432 -154
 2669 -153
 1190 -152
 810 -151
 240 -150
 14 -149
 0 -148
 0 -147
 0 -146
 0 -145
 0 -144
 0 -143
 0 -142
 0 -141
 0 -140


