# Created by Octave 3.8.2, Mon Jun 22 13:13:14 2020 CEST <damian@fptrucha.inv.usc.es>
# name: hd
# type: matrix
# rows: 41
# columns: 2
 3 -180
 0 -179
 2 -178
 1 -177
 1 -176
 0 -175
 0 -174
 5 -173
 1 -172
 3 -171
 6 -170
 6 -169
 8 -168
 2 -167
 17 -166
 95 -165
 457 -164
 1313 -163
 1699 -162
 3093 -161
 3739 -160
 3831 -159
 3766 -158
 2810 -157
 3763 -156
 3798 -155
 3370 -154
 2411 -153
 1010 -152
 696 -151
 170 -150
 4 -149
 0 -148
 0 -147
 0 -146
 0 -145
 0 -144
 0 -143
 0 -142
 0 -141
 0 -140


