# Created by Octave 3.8.2, Mon Jun 22 06:25:35 2020 CEST <damian@fptrucha.inv.usc.es>
# name: hd
# type: matrix
# rows: 41
# columns: 2
 1 -180
 3 -179
 3 -178
 3 -177
 2 -176
 2 -175
 1 -174
 3 -173
 1 -172
 2 -171
 2 -170
 9 -169
 5 -168
 10 -167
 16 -166
 105 -165
 448 -164
 1281 -163
 1509 -162
 2933 -161
 3477 -160
 3710 -159
 3544 -158
 2589 -157
 3355 -156
 3549 -155
 3118 -154
 2281 -153
 940 -152
 655 -151
 153 -150
 9 -149
 0 -148
 0 -147
 0 -146
 0 -145
 0 -144
 0 -143
 0 -142
 0 -141
 0 -140


