# Created by Octave 3.8.2, Sat Jun 20 14:23:12 2020 CEST <damian@fptrucha.inv.usc.es>
# name: hd
# type: matrix
# rows: 41
# columns: 2
 0 -180
 0 -179
 0 -178
 0 -177
 1 -176
 0 -175
 0 -174
 3 -173
 0 -172
 0 -171
 1 -170
 2 -169
 1 -168
 5 -167
 4 -166
 50 -165
 375 -164
 1115 -163
 1734 -162
 2812 -161
 3735 -160
 3868 -159
 3964 -158
 3046 -157
 3735 -156
 3819 -155
 3561 -154
 2793 -153
 1266 -152
 865 -151
 215 -150
 16 -149
 0 -148
 0 -147
 0 -146
 0 -145
 0 -144
 0 -143
 0 -142
 0 -141
 0 -140


