# Created by Octave 3.8.2, Mon Jun 22 20:17:02 2020 CEST <damian@fptrucha.inv.usc.es>
# name: hd
# type: matrix
# rows: 41
# columns: 2
 2 -180
 0 -179
 0 -178
 0 -177
 4 -176
 3 -175
 1 -174
 0 -173
 1 -172
 1 -171
 2 -170
 4 -169
 6 -168
 5 -167
 7 -166
 96 -165
 467 -164
 1427 -163
 1699 -162
 3145 -161
 3689 -160
 4033 -159
 3974 -158
 2949 -157
 3809 -156
 3878 -155
 3585 -154
 2627 -153
 1083 -152
 742 -151
 166 -150
 4 -149
 0 -148
 0 -147
 0 -146
 0 -145
 0 -144
 0 -143
 0 -142
 0 -141
 0 -140


