# Created by Octave 3.8.2, Mon Jun 22 01:59:53 2020 CEST <damian@fptrucha.inv.usc.es>
# name: hd
# type: matrix
# rows: 41
# columns: 2
 1 -180
 4 -179
 4 -178
 1 -177
 4 -176
 0 -175
 4 -174
 2 -173
 1 -172
 1 -171
 6 -170
 1 -169
 1 -168
 4 -167
 13 -166
 109 -165
 479 -164
 1284 -163
 1734 -162
 2986 -161
 3621 -160
 3851 -159
 3749 -158
 2822 -157
 3634 -156
 3753 -155
 3341 -154
 2477 -153
 1053 -152
 683 -151
 144 -150
 7 -149
 0 -148
 0 -147
 0 -146
 0 -145
 0 -144
 0 -143
 0 -142
 0 -141
 0 -140


