# Created by Octave 3.8.2, Mon Jun 22 04:06:12 2020 CEST <damian@fptrucha.inv.usc.es>
# name: hd
# type: matrix
# rows: 41
# columns: 2
 4 -180
 3 -179
 2 -178
 3 -177
 3 -176
 2 -175
 3 -174
 5 -173
 1 -172
 5 -171
 6 -170
 6 -169
 11 -168
 6 -167
 20 -166
 91 -165
 433 -164
 1256 -163
 1524 -162
 2908 -161
 3379 -160
 3501 -159
 3478 -158
 2677 -157
 3382 -156
 3418 -155
 3014 -154
 2214 -153
 873 -152
 589 -151
 145 -150
 3 -149
 0 -148
 0 -147
 0 -146
 0 -145
 0 -144
 0 -143
 0 -142
 0 -141
 0 -140


