# Created by Octave 3.8.2, Mon Jun 22 12:35:34 2020 CEST <damian@fptrucha.inv.usc.es>
# name: hd
# type: matrix
# rows: 41
# columns: 2
 6 -180
 0 -179
 2 -178
 1 -177
 0 -176
 1 -175
 0 -174
 2 -173
 1 -172
 2 -171
 1 -170
 2 -169
 4 -168
 4 -167
 9 -166
 93 -165
 491 -164
 1295 -163
 1693 -162
 3101 -161
 3667 -160
 3830 -159
 3841 -158
 2736 -157
 3721 -156
 3670 -155
 3289 -154
 2494 -153
 1048 -152
 718 -151
 146 -150
 2 -149
 0 -148
 0 -147
 0 -146
 0 -145
 0 -144
 0 -143
 0 -142
 0 -141
 0 -140


