# Created by Octave 3.8.2, Sun Jun 21 01:48:17 2020 CEST <damian@fptrucha.inv.usc.es>
# name: hd
# type: matrix
# rows: 41
# columns: 2
 0 -180
 0 -179
 0 -178
 0 -177
 0 -176
 0 -175
 0 -174
 1 -173
 0 -172
 0 -171
 1 -170
 3 -169
 4 -168
 3 -167
 10 -166
 74 -165
 331 -164
 1016 -163
 1525 -162
 2783 -161
 3501 -160
 3684 -159
 3693 -158
 2826 -157
 3620 -156
 3563 -155
 3373 -154
 2599 -153
 1223 -152
 816 -151
 230 -150
 18 -149
 0 -148
 1 -147
 0 -146
 0 -145
 0 -144
 0 -143
 0 -142
 0 -141
 0 -140


