# Created by Octave 3.8.2, Mon Jun 22 19:38:07 2020 CEST <damian@fptrucha.inv.usc.es>
# name: hd
# type: matrix
# rows: 41
# columns: 2
 1 -180
 4 -179
 0 -178
 1 -177
 1 -176
 2 -175
 0 -174
 1 -173
 2 -172
 2 -171
 3 -170
 5 -169
 5 -168
 4 -167
 10 -166
 90 -165
 496 -164
 1381 -163
 1739 -162
 3115 -161
 3869 -160
 4022 -159
 3893 -158
 2961 -157
 3913 -156
 3884 -155
 3581 -154
 2594 -153
 999 -152
 678 -151
 172 -150
 3 -149
 0 -148
 0 -147
 0 -146
 0 -145
 0 -144
 0 -143
 0 -142
 0 -141
 0 -140


