# Created by Octave 3.8.2, Sun Jun 21 00:55:12 2020 CEST <damian@fptrucha.inv.usc.es>
# name: hd
# type: matrix
# rows: 41
# columns: 2
 0 -180
 1 -179
 1 -178
 0 -177
 1 -176
 1 -175
 1 -174
 1 -173
 1 -172
 1 -171
 1 -170
 2 -169
 1 -168
 5 -167
 7 -166
 51 -165
 310 -164
 1093 -163
 1579 -162
 2812 -161
 3429 -160
 3659 -159
 3565 -158
 2833 -157
 3585 -156
 3568 -155
 3347 -154
 2565 -153
 1246 -152
 798 -151
 214 -150
 8 -149
 0 -148
 0 -147
 0 -146
 0 -145
 0 -144
 0 -143
 0 -142
 0 -141
 0 -140


