# Created by Octave 3.8.2, Mon Jun 22 04:46:18 2020 CEST <damian@fptrucha.inv.usc.es>
# name: hd
# type: matrix
# rows: 41
# columns: 2
 0 -180
 4 -179
 2 -178
 1 -177
 6 -176
 3 -175
 1 -174
 2 -173
 0 -172
 2 -171
 4 -170
 5 -169
 5 -168
 3 -167
 10 -166
 97 -165
 414 -164
 1185 -163
 1604 -162
 2804 -161
 3262 -160
 3502 -159
 3518 -158
 2534 -157
 3399 -156
 3401 -155
 3024 -154
 2160 -153
 817 -152
 561 -151
 107 -150
 6 -149
 0 -148
 0 -147
 0 -146
 0 -145
 0 -144
 0 -143
 0 -142
 0 -141
 0 -140


