# Created by Octave 3.8.2, Mon Jun 22 02:18:53 2020 CEST <damian@fptrucha.inv.usc.es>
# name: hd
# type: matrix
# rows: 41
# columns: 2
 3 -180
 3 -179
 2 -178
 1 -177
 3 -176
 1 -175
 3 -174
 4 -173
 2 -172
 2 -171
 4 -170
 6 -169
 6 -168
 3 -167
 15 -166
 93 -165
 481 -164
 1267 -163
 1618 -162
 2853 -161
 3578 -160
 3706 -159
 3582 -158
 2673 -157
 3595 -156
 3602 -155
 3369 -154
 2416 -153
 1031 -152
 644 -151
 163 -150
 7 -149
 0 -148
 0 -147
 0 -146
 0 -145
 0 -144
 0 -143
 0 -142
 0 -141
 0 -140


