# Created by Octave 3.8.2, Mon Jun 22 23:08:19 2020 CEST <damian@fptrucha.inv.usc.es>
# name: hd
# type: matrix
# rows: 41
# columns: 2
 2 -180
 4 -179
 1 -178
 1 -177
 2 -176
 0 -175
 0 -174
 2 -173
 1 -172
 4 -171
 4 -170
 2 -169
 5 -168
 4 -167
 8 -166
 75 -165
 395 -164
 1271 -163
 1815 -162
 3165 -161
 3887 -160
 4055 -159
 4008 -158
 3098 -157
 3949 -156
 4002 -155
 3602 -154
 2824 -153
 1301 -152
 844 -151
 225 -150
 17 -149
 0 -148
 0 -147
 0 -146
 0 -145
 0 -144
 0 -143
 0 -142
 0 -141
 0 -140


