# Created by Octave 3.8.2, Mon Jun 22 04:12:26 2020 CEST <damian@fptrucha.inv.usc.es>
# name: hd
# type: matrix
# rows: 41
# columns: 2
 0 -180
 2 -179
 1 -178
 3 -177
 2 -176
 2 -175
 2 -174
 3 -173
 0 -172
 6 -171
 3 -170
 5 -169
 4 -168
 4 -167
 4 -166
 109 -165
 447 -164
 1307 -163
 1504 -162
 2823 -161
 3347 -160
 3502 -159
 3481 -158
 2497 -157
 3369 -156
 3367 -155
 3034 -154
 2195 -153
 915 -152
 573 -151
 139 -150
 4 -149
 0 -148
 0 -147
 0 -146
 0 -145
 0 -144
 0 -143
 0 -142
 0 -141
 0 -140


