# Created by Octave 3.8.2, Mon Jun 22 18:08:43 2020 CEST <damian@fptrucha.inv.usc.es>
# name: hd
# type: matrix
# rows: 41
# columns: 2
 0 -180
 0 -179
 1 -178
 2 -177
 0 -176
 0 -175
 3 -174
 1 -173
 1 -172
 2 -171
 3 -170
 2 -169
 7 -168
 6 -167
 15 -166
 89 -165
 476 -164
 1400 -163
 1768 -162
 3148 -161
 3686 -160
 3904 -159
 3884 -158
 2907 -157
 3816 -156
 3922 -155
 3525 -154
 2552 -153
 997 -152
 730 -151
 178 -150
 7 -149
 0 -148
 0 -147
 0 -146
 0 -145
 0 -144
 0 -143
 0 -142
 0 -141
 0 -140


