# Created by Octave 3.8.2, Sat Jun 20 05:16:52 2020 CEST <damian@fptrucha.inv.usc.es>
# name: hd
# type: matrix
# rows: 41
# columns: 2
 1 -180
 0 -179
 0 -178
 1 -177
 0 -176
 2 -175
 0 -174
 0 -173
 1 -172
 1 -171
 0 -170
 1 -169
 7 -168
 0 -167
 10 -166
 73 -165
 409 -164
 1254 -163
 1747 -162
 3223 -161
 3824 -160
 4140 -159
 4209 -158
 3266 -157
 4021 -156
 4006 -155
 3788 -154
 2902 -153
 1315 -152
 909 -151
 224 -150
 13 -149
 0 -148
 0 -147
 0 -146
 0 -145
 0 -144
 0 -143
 0 -142
 0 -141
 0 -140


