# Created by Octave 3.8.2, Sat Jun 20 18:06:23 2020 CEST <damian@fptrucha.inv.usc.es>
# name: hd
# type: matrix
# rows: 41
# columns: 2
 1 -180
 1 -179
 0 -178
 2 -177
 0 -176
 0 -175
 0 -174
 1 -173
 1 -172
 0 -171
 1 -170
 4 -169
 2 -168
 10 -167
 7 -166
 66 -165
 326 -164
 1106 -163
 1628 -162
 2857 -161
 3496 -160
 3668 -159
 3744 -158
 2934 -157
 3666 -156
 3760 -155
 3409 -154
 2645 -153
 1241 -152
 874 -151
 240 -150
 17 -149
 0 -148
 0 -147
 0 -146
 0 -145
 0 -144
 0 -143
 0 -142
 0 -141
 0 -140


