# Created by Octave 3.8.2, Tue Jun 23 00:35:23 2020 CEST <damian@fptrucha.inv.usc.es>
# name: hd
# type: matrix
# rows: 41
# columns: 2
 0 -180
 0 -179
 0 -178
 0 -177
 2 -176
 1 -175
 1 -174
 1 -173
 0 -172
 6 -171
 3 -170
 1 -169
 6 -168
 6 -167
 13 -166
 77 -165
 405 -164
 1254 -163
 1766 -162
 3053 -161
 3974 -160
 4045 -159
 3952 -158
 3139 -157
 3905 -156
 3945 -155
 3625 -154
 2773 -153
 1338 -152
 869 -151
 233 -150
 10 -149
 0 -148
 0 -147
 0 -146
 0 -145
 0 -144
 0 -143
 0 -142
 0 -141
 0 -140


