# Created by Octave 3.8.2, Sat Jun 20 23:18:20 2020 CEST <damian@fptrucha.inv.usc.es>
# name: hd
# type: matrix
# rows: 41
# columns: 2
 1 -180
 1 -179
 0 -178
 0 -177
 0 -176
 1 -175
 1 -174
 1 -173
 1 -172
 2 -171
 0 -170
 1 -169
 1 -168
 2 -167
 6 -166
 59 -165
 343 -164
 1059 -163
 1524 -162
 2724 -161
 3350 -160
 3517 -159
 3599 -158
 2861 -157
 3533 -156
 3632 -155
 3360 -154
 2667 -153
 1204 -152
 782 -151
 219 -150
 17 -149
 0 -148
 0 -147
 0 -146
 0 -145
 0 -144
 0 -143
 0 -142
 0 -141
 0 -140


