# Created by Octave 3.8.2, Mon Jun 22 03:41:40 2020 CEST <damian@fptrucha.inv.usc.es>
# name: hd
# type: matrix
# rows: 41
# columns: 2
 1 -180
 4 -179
 5 -178
 4 -177
 1 -176
 4 -175
 3 -174
 1 -173
 0 -172
 5 -171
 5 -170
 7 -169
 4 -168
 6 -167
 12 -166
 86 -165
 408 -164
 1235 -163
 1626 -162
 2999 -161
 3375 -160
 3683 -159
 3529 -158
 2703 -157
 3396 -156
 3394 -155
 3173 -154
 2271 -153
 891 -152
 647 -151
 168 -150
 7 -149
 0 -148
 0 -147
 0 -146
 0 -145
 0 -144
 0 -143
 0 -142
 0 -141
 0 -140


