# Created by Octave 3.8.2, Sat Jun 20 18:20:48 2020 CEST <damian@fptrucha.inv.usc.es>
# name: hd
# type: matrix
# rows: 41
# columns: 2
 0 -180
 0 -179
 1 -178
 0 -177
 1 -176
 0 -175
 1 -174
 1 -173
 0 -172
 3 -171
 0 -170
 4 -169
 3 -168
 2 -167
 10 -166
 68 -165
 342 -164
 1056 -163
 1609 -162
 2904 -161
 3490 -160
 3665 -159
 3769 -158
 2824 -157
 3746 -156
 3702 -155
 3475 -154
 2683 -153
 1253 -152
 832 -151
 225 -150
 15 -149
 0 -148
 0 -147
 0 -146
 0 -145
 0 -144
 0 -143
 0 -142
 0 -141
 0 -140


