# Created by Octave 3.8.2, Mon Jun 22 20:27:05 2020 CEST <damian@fptrucha.inv.usc.es>
# name: hd
# type: matrix
# rows: 41
# columns: 2
 0 -180
 3 -179
 1 -178
 2 -177
 0 -176
 1 -175
 1 -174
 0 -173
 2 -172
 1 -171
 5 -170
 7 -169
 12 -168
 7 -167
 8 -166
 102 -165
 472 -164
 1373 -163
 1801 -162
 3248 -161
 3900 -160
 4097 -159
 3928 -158
 2968 -157
 3940 -156
 3846 -155
 3611 -154
 2679 -153
 1079 -152
 754 -151
 170 -150
 9 -149
 0 -148
 0 -147
 0 -146
 0 -145
 0 -144
 0 -143
 0 -142
 0 -141
 0 -140


