# Created by Octave 3.8.2, Mon Jun 22 13:43:35 2020 CEST <damian@fptrucha.inv.usc.es>
# name: hd
# type: matrix
# rows: 41
# columns: 2
 2 -180
 0 -179
 1 -178
 1 -177
 0 -176
 0 -175
 4 -174
 2 -173
 1 -172
 2 -171
 4 -170
 8 -169
 5 -168
 1 -167
 9 -166
 54 -165
 323 -164
 853 -163
 1153 -162
 2103 -161
 2505 -160
 2463 -159
 2397 -158
 1819 -157
 2523 -156
 2497 -155
 2326 -154
 1598 -153
 637 -152
 437 -151
 109 -150
 5 -149
 0 -148
 0 -147
 0 -146
 0 -145
 0 -144
 0 -143
 0 -142
 0 -141
 0 -140


