# Created by Octave 3.8.2, Mon Jun 22 06:14:53 2020 CEST <damian@fptrucha.inv.usc.es>
# name: hd
# type: matrix
# rows: 41
# columns: 2
 1 -180
 1 -179
 3 -178
 3 -177
 3 -176
 3 -175
 2 -174
 3 -173
 4 -172
 5 -171
 5 -170
 3 -169
 6 -168
 7 -167
 12 -166
 102 -165
 428 -164
 1251 -163
 1569 -162
 2923 -161
 3463 -160
 3558 -159
 3467 -158
 2557 -157
 3538 -156
 3446 -155
 3236 -154
 2331 -153
 911 -152
 635 -151
 164 -150
 3 -149
 0 -148
 0 -147
 0 -146
 0 -145
 0 -144
 0 -143
 0 -142
 0 -141
 0 -140


