# Created by Octave 3.8.2, Mon Jun 22 11:41:06 2020 CEST <damian@fptrucha.inv.usc.es>
# name: hd
# type: matrix
# rows: 41
# columns: 2
 1 -180
 10 -179
 3 -178
 1 -177
 1 -176
 2 -175
 3 -174
 2 -173
 4 -172
 4 -171
 5 -170
 6 -169
 3 -168
 4 -167
 13 -166
 93 -165
 502 -164
 1289 -163
 1583 -162
 3040 -161
 3522 -160
 3781 -159
 3747 -158
 2683 -157
 3662 -156
 3726 -155
 3446 -154
 2403 -153
 982 -152
 702 -151
 159 -150
 8 -149
 0 -148
 0 -147
 0 -146
 0 -145
 0 -144
 0 -143
 0 -142
 0 -141
 0 -140


