# Created by Octave 3.8.2, Sat Jun 20 21:46:24 2020 CEST <damian@fptrucha.inv.usc.es>
# name: hd
# type: matrix
# rows: 41
# columns: 2
 2 -180
 0 -179
 0 -178
 0 -177
 0 -176
 0 -175
 0 -174
 1 -173
 0 -172
 3 -171
 1 -170
 2 -169
 2 -168
 2 -167
 8 -166
 54 -165
 334 -164
 1068 -163
 1517 -162
 2762 -161
 3367 -160
 3740 -159
 3648 -158
 2979 -157
 3677 -156
 3673 -155
 3280 -154
 2611 -153
 1309 -152
 793 -151
 226 -150
 11 -149
 0 -148
 0 -147
 0 -146
 0 -145
 0 -144
 0 -143
 0 -142
 0 -141
 0 -140


