# Created by Octave 3.8.2, Mon Jun 22 04:20:00 2020 CEST <damian@fptrucha.inv.usc.es>
# name: hd
# type: matrix
# rows: 41
# columns: 2
 4 -180
 1 -179
 5 -178
 1 -177
 1 -176
 4 -175
 1 -174
 2 -173
 1 -172
 4 -171
 1 -170
 8 -169
 5 -168
 5 -167
 12 -166
 101 -165
 449 -164
 1221 -163
 1539 -162
 2847 -161
 3380 -160
 3528 -159
 3415 -158
 2549 -157
 3421 -156
 3479 -155
 3042 -154
 2190 -153
 882 -152
 612 -151
 137 -150
 2 -149
 0 -148
 0 -147
 0 -146
 0 -145
 0 -144
 0 -143
 0 -142
 0 -141
 0 -140


