# Created by Octave 3.8.2, Sat Jun 20 16:09:23 2020 CEST <damian@fptrucha.inv.usc.es>
# name: hd
# type: matrix
# rows: 41
# columns: 2
 0 -180
 0 -179
 0 -178
 0 -177
 0 -176
 2 -175
 0 -174
 1 -173
 0 -172
 3 -171
 2 -170
 2 -169
 2 -168
 5 -167
 7 -166
 60 -165
 344 -164
 1090 -163
 1567 -162
 2945 -161
 3523 -160
 3841 -159
 3757 -158
 3046 -157
 3794 -156
 3869 -155
 3524 -154
 2788 -153
 1252 -152
 867 -151
 225 -150
 14 -149
 0 -148
 0 -147
 0 -146
 0 -145
 0 -144
 0 -143
 0 -142
 0 -141
 0 -140


