# Created by Octave 3.8.2, Sat Jun 20 18:03:42 2020 CEST <damian@fptrucha.inv.usc.es>
# name: hd
# type: matrix
# rows: 41
# columns: 2
 1 -180
 0 -179
 0 -178
 1 -177
 0 -176
 0 -175
 2 -174
 0 -173
 0 -172
 0 -171
 2 -170
 4 -169
 5 -168
 2 -167
 5 -166
 60 -165
 331 -164
 1068 -163
 1637 -162
 2825 -161
 3500 -160
 3835 -159
 3720 -158
 2961 -157
 3645 -156
 3733 -155
 3388 -154
 2646 -153
 1194 -152
 875 -151
 225 -150
 21 -149
 0 -148
 0 -147
 0 -146
 0 -145
 0 -144
 0 -143
 0 -142
 0 -141
 0 -140


