# Created by Octave 3.8.2, Sat Jun 20 20:38:10 2020 CEST <damian@fptrucha.inv.usc.es>
# name: hd
# type: matrix
# rows: 41
# columns: 2
 1 -180
 0 -179
 0 -178
 0 -177
 1 -176
 0 -175
 0 -174
 0 -173
 1 -172
 1 -171
 1 -170
 2 -169
 3 -168
 4 -167
 5 -166
 56 -165
 331 -164
 1073 -163
 1658 -162
 2804 -161
 3609 -160
 3693 -159
 3729 -158
 2896 -157
 3637 -156
 3673 -155
 3472 -154
 2739 -153
 1235 -152
 858 -151
 230 -150
 13 -149
 0 -148
 0 -147
 0 -146
 0 -145
 0 -144
 0 -143
 0 -142
 0 -141
 0 -140


