# Created by Octave 3.8.2, Mon Jun 22 14:35:23 2020 CEST <damian@fptrucha.inv.usc.es>
# name: hd
# type: matrix
# rows: 41
# columns: 2
 2 -180
 0 -179
 2 -178
 4 -177
 1 -176
 3 -175
 1 -174
 1 -173
 4 -172
 3 -171
 4 -170
 3 -169
 4 -168
 1 -167
 13 -166
 95 -165
 502 -164
 1290 -163
 1672 -162
 3058 -161
 3665 -160
 4002 -159
 3882 -158
 2791 -157
 3715 -156
 3855 -155
 3453 -154
 2551 -153
 957 -152
 726 -151
 161 -150
 1 -149
 0 -148
 0 -147
 0 -146
 0 -145
 0 -144
 0 -143
 0 -142
 0 -141
 0 -140


