# Created by Octave 3.8.2, Sat Jun 20 15:06:52 2020 CEST <damian@fptrucha.inv.usc.es>
# name: hd
# type: matrix
# rows: 41
# columns: 2
 0 -180
 0 -179
 0 -178
 0 -177
 0 -176
 0 -175
 0 -174
 1 -173
 1 -172
 2 -171
 2 -170
 1 -169
 4 -168
 5 -167
 11 -166
 70 -165
 333 -164
 1043 -163
 1614 -162
 2977 -161
 3633 -160
 3881 -159
 3957 -158
 3060 -157
 3876 -156
 3709 -155
 3529 -154
 2691 -153
 1305 -152
 851 -151
 240 -150
 12 -149
 0 -148
 0 -147
 0 -146
 0 -145
 0 -144
 0 -143
 0 -142
 0 -141
 0 -140


