# Created by Octave 3.8.2, Mon Jun 22 08:24:33 2020 CEST <damian@fptrucha.inv.usc.es>
# name: hd
# type: matrix
# rows: 41
# columns: 2
 3 -180
 3 -179
 4 -178
 0 -177
 1 -176
 3 -175
 2 -174
 2 -173
 1 -172
 3 -171
 3 -170
 3 -169
 9 -168
 3 -167
 8 -166
 90 -165
 469 -164
 1291 -163
 1592 -162
 3019 -161
 3541 -160
 3676 -159
 3504 -158
 2721 -157
 3500 -156
 3424 -155
 3279 -154
 2342 -153
 1023 -152
 685 -151
 160 -150
 11 -149
 0 -148
 0 -147
 0 -146
 0 -145
 0 -144
 0 -143
 0 -142
 0 -141
 0 -140


