# Created by Octave 3.8.2, Mon Jun 22 20:55:43 2020 CEST <damian@fptrucha.inv.usc.es>
# name: hd
# type: matrix
# rows: 41
# columns: 2
 0 -180
 2 -179
 0 -178
 0 -177
 1 -176
 2 -175
 0 -174
 2 -173
 0 -172
 7 -171
 5 -170
 3 -169
 4 -168
 6 -167
 14 -166
 106 -165
 481 -164
 1422 -163
 1735 -162
 3274 -161
 3915 -160
 4063 -159
 4003 -158
 2974 -157
 3839 -156
 3945 -155
 3588 -154
 2558 -153
 1112 -152
 734 -151
 183 -150
 3 -149
 0 -148
 0 -147
 0 -146
 0 -145
 0 -144
 0 -143
 0 -142
 0 -141
 0 -140


