# Created by Octave 3.8.2, Mon Jun 22 06:47:09 2020 CEST <damian@fptrucha.inv.usc.es>
# name: hd
# type: matrix
# rows: 41
# columns: 2
 2 -180
 5 -179
 5 -178
 1 -177
 2 -176
 3 -175
 2 -174
 4 -173
 0 -172
 2 -171
 5 -170
 9 -169
 10 -168
 8 -167
 17 -166
 92 -165
 440 -164
 1281 -163
 1566 -162
 2911 -161
 3458 -160
 3693 -159
 3482 -158
 2674 -157
 3486 -156
 3487 -155
 3103 -154
 2300 -153
 897 -152
 649 -151
 145 -150
 5 -149
 0 -148
 0 -147
 0 -146
 0 -145
 0 -144
 0 -143
 0 -142
 0 -141
 0 -140


