# Created by Octave 3.8.2, Sat Jun 20 21:32:16 2020 CEST <damian@fptrucha.inv.usc.es>
# name: hd
# type: matrix
# rows: 41
# columns: 2
 0 -180
 0 -179
 0 -178
 0 -177
 0 -176
 0 -175
 0 -174
 1 -173
 0 -172
 3 -171
 1 -170
 2 -169
 2 -168
 5 -167
 3 -166
 62 -165
 314 -164
 1109 -163
 1611 -162
 2831 -161
 3526 -160
 3617 -159
 3719 -158
 2882 -157
 3598 -156
 3506 -155
 3464 -154
 2616 -153
 1224 -152
 781 -151
 222 -150
 14 -149
 0 -148
 0 -147
 0 -146
 0 -145
 0 -144
 0 -143
 0 -142
 0 -141
 0 -140


