# Created by Octave 3.8.2, Mon Jun 22 03:09:45 2020 CEST <damian@fptrucha.inv.usc.es>
# name: hd
# type: matrix
# rows: 41
# columns: 2
 1 -180
 3 -179
 7 -178
 4 -177
 5 -176
 0 -175
 7 -174
 4 -173
 5 -172
 5 -171
 4 -170
 6 -169
 7 -168
 7 -167
 18 -166
 111 -165
 465 -164
 1293 -163
 1531 -162
 2795 -161
 3485 -160
 3638 -159
 3486 -158
 2593 -157
 3518 -156
 3523 -155
 3185 -154
 2306 -153
 958 -152
 682 -151
 135 -150
 4 -149
 0 -148
 0 -147
 0 -146
 0 -145
 0 -144
 0 -143
 0 -142
 0 -141
 0 -140


