# Created by Octave 3.8.2, Sun Jun 21 03:09:41 2020 CEST <damian@fptrucha.inv.usc.es>
# name: hd
# type: matrix
# rows: 41
# columns: 2
 1 -180
 0 -179
 0 -178
 0 -177
 1 -176
 1 -175
 0 -174
 0 -173
 1 -172
 0 -171
 1 -170
 4 -169
 4 -168
 4 -167
 8 -166
 65 -165
 337 -164
 1118 -163
 1599 -162
 2648 -161
 3482 -160
 3636 -159
 3484 -158
 2850 -157
 3520 -156
 3546 -155
 3265 -154
 2566 -153
 1116 -152
 818 -151
 211 -150
 19 -149
 0 -148
 0 -147
 0 -146
 0 -145
 0 -144
 0 -143
 0 -142
 0 -141
 0 -140


