# Created by Octave 3.8.2, Mon Jun 22 02:27:03 2020 CEST <damian@fptrucha.inv.usc.es>
# name: hd
# type: matrix
# rows: 41
# columns: 2
 1 -180
 0 -179
 0 -178
 0 -177
 0 -176
 0 -175
 0 -174
 0 -173
 0 -172
 0 -171
 2 -170
 0 -169
 4 -168
 1 -167
 4 -166
 18 -165
 63 -164
 127 -163
 144 -162
 259 -161
 286 -160
 304 -159
 266 -158
 213 -157
 289 -156
 277 -155
 216 -154
 133 -153
 66 -152
 34 -151
 6 -150
 0 -149
 0 -148
 0 -147
 0 -146
 0 -145
 0 -144
 0 -143
 0 -142
 0 -141
 0 -140


