# Created by Octave 3.8.2, Mon Jun 22 04:23:22 2020 CEST <damian@fptrucha.inv.usc.es>
# name: hd
# type: matrix
# rows: 41
# columns: 2
 1 -180
 3 -179
 2 -178
 1 -177
 0 -176
 1 -175
 2 -174
 3 -173
 1 -172
 1 -171
 1 -170
 5 -169
 2 -168
 0 -167
 6 -166
 83 -165
 299 -164
 777 -163
 998 -162
 1759 -161
 2154 -160
 2174 -159
 2274 -158
 1635 -157
 2188 -156
 2266 -155
 2008 -154
 1418 -153
 567 -152
 388 -151
 81 -150
 0 -149
 0 -148
 0 -147
 0 -146
 0 -145
 0 -144
 0 -143
 0 -142
 0 -141
 0 -140


