# Created by Octave 3.8.2, Sat Jun 20 22:05:21 2020 CEST <damian@fptrucha.inv.usc.es>
# name: hd
# type: matrix
# rows: 41
# columns: 2
 0 -180
 0 -179
 0 -178
 1 -177
 0 -176
 0 -175
 1 -174
 0 -173
 2 -172
 1 -171
 1 -170
 0 -169
 4 -168
 6 -167
 5 -166
 57 -165
 331 -164
 1074 -163
 1632 -162
 2849 -161
 3467 -160
 3751 -159
 3739 -158
 2921 -157
 3648 -156
 3639 -155
 3388 -154
 2615 -153
 1213 -152
 828 -151
 217 -150
 16 -149
 0 -148
 0 -147
 0 -146
 0 -145
 0 -144
 0 -143
 0 -142
 0 -141
 0 -140


