# Created by Octave 3.8.2, Mon Jun 22 08:13:14 2020 CEST <damian@fptrucha.inv.usc.es>
# name: hd
# type: matrix
# rows: 41
# columns: 2
 3 -180
 4 -179
 3 -178
 3 -177
 2 -176
 4 -175
 4 -174
 5 -173
 4 -172
 2 -171
 2 -170
 8 -169
 3 -168
 5 -167
 19 -166
 93 -165
 490 -164
 1275 -163
 1692 -162
 3055 -161
 3566 -160
 3686 -159
 3584 -158
 2614 -157
 3558 -156
 3608 -155
 3206 -154
 2352 -153
 982 -152
 671 -151
 158 -150
 7 -149
 0 -148
 0 -147
 0 -146
 0 -145
 0 -144
 0 -143
 0 -142
 0 -141
 0 -140


