# Created by Octave 3.8.2, Mon Jun 22 06:39:33 2020 CEST <damian@fptrucha.inv.usc.es>
# name: hd
# type: matrix
# rows: 41
# columns: 2
 4 -180
 2 -179
 4 -178
 2 -177
 4 -176
 3 -175
 1 -174
 4 -173
 2 -172
 2 -171
 7 -170
 5 -169
 2 -168
 4 -167
 15 -166
 98 -165
 445 -164
 1305 -163
 1603 -162
 2862 -161
 3444 -160
 3658 -159
 3602 -158
 2548 -157
 3482 -156
 3488 -155
 3175 -154
 2312 -153
 906 -152
 646 -151
 146 -150
 7 -149
 0 -148
 0 -147
 0 -146
 0 -145
 0 -144
 0 -143
 0 -142
 0 -141
 0 -140


