# Created by Octave 3.8.2, Sat Jun 20 11:41:39 2020 CEST <damian@fptrucha.inv.usc.es>
# name: hd
# type: matrix
# rows: 41
# columns: 2
 0 -180
 0 -179
 0 -178
 2 -177
 0 -176
 0 -175
 1 -174
 1 -173
 3 -172
 1 -171
 3 -170
 3 -169
 9 -168
 2 -167
 6 -166
 74 -165
 373 -164
 1218 -163
 1775 -162
 3148 -161
 3952 -160
 4098 -159
 4140 -158
 3281 -157
 4026 -156
 3936 -155
 3734 -154
 2925 -153
 1377 -152
 944 -151
 260 -150
 14 -149
 0 -148
 0 -147
 0 -146
 0 -145
 0 -144
 0 -143
 0 -142
 0 -141
 0 -140


