# Created by Octave 3.8.2, Sat Jun 20 22:52:39 2020 CEST <damian@fptrucha.inv.usc.es>
# name: hd
# type: matrix
# rows: 41
# columns: 2
 0 -180
 0 -179
 1 -178
 0 -177
 0 -176
 0 -175
 1 -174
 1 -173
 0 -172
 1 -171
 0 -170
 2 -169
 6 -168
 3 -167
 6 -166
 55 -165
 319 -164
 1044 -163
 1656 -162
 2780 -161
 3506 -160
 3599 -159
 3621 -158
 2970 -157
 3563 -156
 3587 -155
 3336 -154
 2589 -153
 1175 -152
 830 -151
 221 -150
 13 -149
 0 -148
 0 -147
 0 -146
 0 -145
 0 -144
 0 -143
 0 -142
 0 -141
 0 -140


