# Created by Octave 3.8.2, Sat Jun 20 07:41:58 2020 CEST <damian@fptrucha.inv.usc.es>
# name: hd
# type: matrix
# rows: 41
# columns: 2
 0 -180
 0 -179
 0 -178
 0 -177
 1 -176
 0 -175
 0 -174
 0 -173
 3 -172
 2 -171
 1 -170
 1 -169
 1 -168
 6 -167
 3 -166
 75 -165
 403 -164
 1300 -163
 1909 -162
 3241 -161
 3920 -160
 4290 -159
 4127 -158
 3391 -157
 4281 -156
 4132 -155
 3805 -154
 2955 -153
 1365 -152
 984 -151
 228 -150
 11 -149
 0 -148
 0 -147
 0 -146
 0 -145
 0 -144
 0 -143
 0 -142
 0 -141
 0 -140


