# Created by Octave 3.8.2, Sat Jun 20 03:49:30 2020 CEST <damian@fptrucha.inv.usc.es>
# name: hd
# type: matrix
# rows: 41
# columns: 2
 2 -180
 0 -179
 1 -178
 0 -177
 1 -176
 0 -175
 1 -174
 1 -173
 0 -172
 2 -171
 5 -170
 0 -169
 2 -168
 2 -167
 9 -166
 68 -165
 421 -164
 1205 -163
 1710 -162
 3149 -161
 3823 -160
 4112 -159
 4107 -158
 3238 -157
 4043 -156
 4003 -155
 3841 -154
 2938 -153
 1342 -152
 871 -151
 230 -150
 18 -149
 0 -148
 0 -147
 0 -146
 0 -145
 0 -144
 0 -143
 0 -142
 0 -141
 0 -140


