# Created by Octave 3.8.2, Sun Jun 21 01:27:00 2020 CEST <damian@fptrucha.inv.usc.es>
# name: hd
# type: matrix
# rows: 41
# columns: 2
 0 -180
 0 -179
 0 -178
 0 -177
 0 -176
 0 -175
 0 -174
 0 -173
 1 -172
 0 -171
 1 -170
 1 -169
 2 -168
 3 -167
 4 -166
 45 -165
 228 -164
 762 -163
 1024 -162
 1790 -161
 2252 -160
 2427 -159
 2287 -158
 1876 -157
 2375 -156
 2411 -155
 2137 -154
 1720 -153
 780 -152
 521 -151
 125 -150
 11 -149
 0 -148
 0 -147
 0 -146
 0 -145
 0 -144
 0 -143
 0 -142
 0 -141
 0 -140


