# Created by Octave 3.8.2, Sat Jun 20 14:21:51 2020 CEST <damian@fptrucha.inv.usc.es>
# name: hd
# type: matrix
# rows: 41
# columns: 2
 0 -180
 0 -179
 1 -178
 0 -177
 2 -176
 1 -175
 1 -174
 0 -173
 0 -172
 3 -171
 0 -170
 3 -169
 4 -168
 3 -167
 7 -166
 60 -165
 347 -164
 1081 -163
 1741 -162
 2921 -161
 3593 -160
 3864 -159
 3895 -158
 2994 -157
 3790 -156
 3832 -155
 3561 -154
 2724 -153
 1327 -152
 849 -151
 250 -150
 11 -149
 0 -148
 1 -147
 0 -146
 0 -145
 0 -144
 0 -143
 0 -142
 0 -141
 0 -140


