# Created by Octave 3.8.2, Mon Jun 22 15:55:18 2020 CEST <damian@fptrucha.inv.usc.es>
# name: hd
# type: matrix
# rows: 41
# columns: 2
 1 -180
 0 -179
 2 -178
 0 -177
 1 -176
 0 -175
 2 -174
 2 -173
 1 -172
 3 -171
 3 -170
 4 -169
 4 -168
 5 -167
 14 -166
 98 -165
 531 -164
 1373 -163
 1781 -162
 3147 -161
 3764 -160
 3999 -159
 3953 -158
 2872 -157
 3887 -156
 3924 -155
 3530 -154
 2556 -153
 993 -152
 723 -151
 151 -150
 4 -149
 0 -148
 0 -147
 0 -146
 0 -145
 0 -144
 0 -143
 0 -142
 0 -141
 0 -140


