# Created by Octave 3.8.2, Sun Jun 21 04:29:47 2020 CEST <damian@fptrucha.inv.usc.es>
# name: hd
# type: matrix
# rows: 41
# columns: 2
 1 -180
 1 -179
 0 -178
 0 -177
 0 -176
 0 -175
 0 -174
 0 -173
 0 -172
 4 -171
 0 -170
 2 -169
 5 -168
 5 -167
 13 -166
 60 -165
 331 -164
 1053 -163
 1603 -162
 2779 -161
 3537 -160
 3753 -159
 3723 -158
 2821 -157
 3597 -156
 3714 -155
 3451 -154
 2592 -153
 1187 -152
 779 -151
 194 -150
 16 -149
 0 -148
 0 -147
 0 -146
 0 -145
 0 -144
 0 -143
 0 -142
 0 -141
 0 -140


