# Created by Octave 3.8.2, Sat Jun 20 15:43:14 2020 CEST <damian@fptrucha.inv.usc.es>
# name: hd
# type: matrix
# rows: 41
# columns: 2
 1 -180
 1 -179
 1 -178
 1 -177
 1 -176
 0 -175
 0 -174
 1 -173
 0 -172
 0 -171
 3 -170
 4 -169
 2 -168
 2 -167
 7 -166
 60 -165
 337 -164
 1014 -163
 1606 -162
 2965 -161
 3574 -160
 3834 -159
 3881 -158
 3035 -157
 3795 -156
 3821 -155
 3474 -154
 2772 -153
 1260 -152
 843 -151
 212 -150
 13 -149
 0 -148
 0 -147
 0 -146
 0 -145
 0 -144
 0 -143
 0 -142
 0 -141
 0 -140


