# Created by Octave 3.8.2, Mon Jun 22 20:44:08 2020 CEST <damian@fptrucha.inv.usc.es>
# name: hd
# type: matrix
# rows: 41
# columns: 2
 3 -180
 2 -179
 0 -178
 1 -177
 2 -176
 0 -175
 4 -174
 1 -173
 2 -172
 3 -171
 4 -170
 1 -169
 3 -168
 3 -167
 17 -166
 78 -165
 542 -164
 1322 -163
 1712 -162
 3129 -161
 3771 -160
 3967 -159
 3943 -158
 2896 -157
 3900 -156
 3810 -155
 3607 -154
 2664 -153
 1111 -152
 755 -151
 170 -150
 8 -149
 0 -148
 0 -147
 0 -146
 0 -145
 0 -144
 0 -143
 0 -142
 0 -141
 0 -140


