# Created by Octave 3.8.2, Mon Jun 22 10:17:35 2020 CEST <damian@fptrucha.inv.usc.es>
# name: hd
# type: matrix
# rows: 41
# columns: 2
 3 -180
 3 -179
 1 -178
 1 -177
 0 -176
 0 -175
 0 -174
 1 -173
 4 -172
 0 -171
 3 -170
 2 -169
 6 -168
 6 -167
 14 -166
 97 -165
 513 -164
 1262 -163
 1652 -162
 2898 -161
 3456 -160
 3831 -159
 3737 -158
 2744 -157
 3749 -156
 3629 -155
 3345 -154
 2411 -153
 1059 -152
 673 -151
 173 -150
 10 -149
 0 -148
 0 -147
 0 -146
 0 -145
 0 -144
 0 -143
 0 -142
 0 -141
 0 -140


