# Created by Octave 3.8.2, Sun Jun 21 08:08:33 2020 CEST <damian@fptrucha.inv.usc.es>
# name: hd
# type: matrix
# rows: 41
# columns: 2
 1 -180
 0 -179
 2 -178
 0 -177
 0 -176
 1 -175
 1 -174
 1 -173
 1 -172
 1 -171
 0 -170
 3 -169
 4 -168
 2 -167
 6 -166
 72 -165
 326 -164
 1056 -163
 1729 -162
 2880 -161
 3464 -160
 3647 -159
 3755 -158
 2967 -157
 3596 -156
 3712 -155
 3441 -154
 2779 -153
 1294 -152
 838 -151
 213 -150
 17 -149
 0 -148
 0 -147
 0 -146
 0 -145
 0 -144
 0 -143
 0 -142
 0 -141
 0 -140


