# Created by Octave 3.8.2, Mon Jun 22 21:11:56 2020 CEST <damian@fptrucha.inv.usc.es>
# name: hd
# type: matrix
# rows: 41
# columns: 2
 0 -180
 2 -179
 2 -178
 0 -177
 2 -176
 3 -175
 1 -174
 1 -173
 0 -172
 2 -171
 5 -170
 5 -169
 3 -168
 5 -167
 9 -166
 97 -165
 470 -164
 1344 -163
 1725 -162
 3229 -161
 3880 -160
 4110 -159
 3914 -158
 3055 -157
 3953 -156
 3953 -155
 3612 -154
 2520 -153
 1102 -152
 736 -151
 167 -150
 11 -149
 0 -148
 0 -147
 0 -146
 0 -145
 0 -144
 0 -143
 0 -142
 0 -141
 0 -140


