# Created by Octave 3.8.2, Sun Jun 21 02:04:35 2020 CEST <damian@fptrucha.inv.usc.es>
# name: hd
# type: matrix
# rows: 41
# columns: 2
 2 -180
 1 -179
 0 -178
 1 -177
 0 -176
 1 -175
 0 -174
 0 -173
 1 -172
 0 -171
 3 -170
 1 -169
 4 -168
 2 -167
 8 -166
 42 -165
 337 -164
 1046 -163
 1560 -162
 2725 -161
 3366 -160
 3675 -159
 3662 -158
 2863 -157
 3584 -156
 3527 -155
 3327 -154
 2631 -153
 1170 -152
 841 -151
 213 -150
 16 -149
 0 -148
 0 -147
 0 -146
 0 -145
 0 -144
 0 -143
 0 -142
 0 -141
 0 -140


