# Created by Octave 3.8.2, Mon Jun 22 04:53:53 2020 CEST <damian@fptrucha.inv.usc.es>
# name: hd
# type: matrix
# rows: 41
# columns: 2
 0 -180
 3 -179
 5 -178
 0 -177
 1 -176
 0 -175
 4 -174
 0 -173
 3 -172
 1 -171
 2 -170
 5 -169
 6 -168
 3 -167
 13 -166
 99 -165
 451 -164
 1251 -163
 1509 -162
 2849 -161
 3322 -160
 3439 -159
 3407 -158
 2420 -157
 3410 -156
 3459 -155
 3014 -154
 2241 -153
 893 -152
 602 -151
 113 -150
 6 -149
 0 -148
 0 -147
 0 -146
 0 -145
 0 -144
 0 -143
 0 -142
 0 -141
 0 -140


