# Created by Octave 3.8.2, Mon Jun 22 04:41:39 2020 CEST <damian@fptrucha.inv.usc.es>
# name: hd
# type: matrix
# rows: 41
# columns: 2
 1 -180
 2 -179
 5 -178
 4 -177
 4 -176
 1 -175
 3 -174
 2 -173
 1 -172
 1 -171
 5 -170
 9 -169
 4 -168
 4 -167
 11 -166
 69 -165
 430 -164
 1229 -163
 1523 -162
 2732 -161
 3439 -160
 3334 -159
 3315 -158
 2579 -157
 3366 -156
 3338 -155
 2934 -154
 2111 -153
 818 -152
 564 -151
 125 -150
 2 -149
 0 -148
 0 -147
 0 -146
 0 -145
 0 -144
 0 -143
 0 -142
 0 -141
 0 -140


