# Created by Octave 3.8.2, Sat Jun 20 14:30:46 2020 CEST <damian@fptrucha.inv.usc.es>
# name: hd
# type: matrix
# rows: 41
# columns: 2
 2 -180
 0 -179
 0 -178
 1 -177
 0 -176
 0 -175
 0 -174
 1 -173
 0 -172
 1 -171
 1 -170
 2 -169
 2 -168
 2 -167
 4 -166
 47 -165
 227 -164
 759 -163
 1127 -162
 2004 -161
 2536 -160
 2705 -159
 2575 -158
 2058 -157
 2593 -156
 2597 -155
 2384 -154
 1834 -153
 816 -152
 559 -151
 152 -150
 7 -149
 0 -148
 0 -147
 0 -146
 0 -145
 0 -144
 0 -143
 0 -142
 0 -141
 0 -140


