# Created by Octave 3.8.2, Mon Jun 22 04:40:43 2020 CEST <damian@fptrucha.inv.usc.es>
# name: hd
# type: matrix
# rows: 41
# columns: 2
 1 -180
 1 -179
 4 -178
 2 -177
 2 -176
 4 -175
 2 -174
 0 -173
 3 -172
 2 -171
 5 -170
 2 -169
 8 -168
 3 -167
 14 -166
 80 -165
 445 -164
 1199 -163
 1597 -162
 2748 -161
 3312 -160
 3505 -159
 3256 -158
 2536 -157
 3351 -156
 3260 -155
 2997 -154
 2129 -153
 803 -152
 590 -151
 120 -150
 9 -149
 0 -148
 0 -147
 0 -146
 0 -145
 0 -144
 0 -143
 0 -142
 0 -141
 0 -140


