# Created by Octave 3.8.2, Mon Jun 22 08:09:11 2020 CEST <damian@fptrucha.inv.usc.es>
# name: hd
# type: matrix
# rows: 41
# columns: 2
 1 -180
 1 -179
 2 -178
 2 -177
 1 -176
 1 -175
 2 -174
 3 -173
 1 -172
 2 -171
 3 -170
 2 -169
 2 -168
 4 -167
 9 -166
 35 -165
 273 -164
 803 -163
 1037 -162
 1966 -161
 2422 -160
 2413 -159
 2389 -158
 1735 -157
 2430 -156
 2355 -155
 2163 -154
 1574 -153
 662 -152
 459 -151
 108 -150
 3 -149
 0 -148
 0 -147
 0 -146
 0 -145
 0 -144
 0 -143
 0 -142
 0 -141
 0 -140


