# Created by Octave 3.8.2, Mon Jun 22 04:01:28 2020 CEST <damian@fptrucha.inv.usc.es>
# name: hd
# type: matrix
# rows: 41
# columns: 2
 1 -180
 1 -179
 1 -178
 0 -177
 1 -176
 2 -175
 4 -174
 4 -173
 2 -172
 1 -171
 2 -170
 5 -169
 0 -168
 4 -167
 12 -166
 94 -165
 430 -164
 1245 -163
 1554 -162
 2836 -161
 3375 -160
 3559 -159
 3476 -158
 2544 -157
 3388 -156
 3478 -155
 3028 -154
 2295 -153
 883 -152
 644 -151
 113 -150
 5 -149
 0 -148
 0 -147
 0 -146
 0 -145
 0 -144
 0 -143
 0 -142
 0 -141
 0 -140


