# Created by Octave 3.8.2, Sun Jun 21 07:16:50 2020 CEST <damian@fptrucha.inv.usc.es>
# name: hd
# type: matrix
# rows: 41
# columns: 2
 0 -180
 0 -179
 1 -178
 1 -177
 0 -176
 0 -175
 1 -174
 0 -173
 1 -172
 5 -171
 0 -170
 1 -169
 3 -168
 1 -167
 8 -166
 53 -165
 312 -164
 1074 -163
 1639 -162
 2850 -161
 3601 -160
 3753 -159
 3663 -158
 2974 -157
 3631 -156
 3545 -155
 3339 -154
 2745 -153
 1255 -152
 852 -151
 228 -150
 11 -149
 0 -148
 0 -147
 0 -146
 0 -145
 0 -144
 0 -143
 0 -142
 0 -141
 0 -140


