# Created by Octave 3.8.2, Mon Jun 22 08:22:33 2020 CEST <damian@fptrucha.inv.usc.es>
# name: hd
# type: matrix
# rows: 41
# columns: 2
 1 -180
 2 -179
 5 -178
 3 -177
 1 -176
 3 -175
 1 -174
 1 -173
 2 -172
 1 -171
 2 -170
 6 -169
 5 -168
 8 -167
 16 -166
 84 -165
 424 -164
 1215 -163
 1586 -162
 2918 -161
 3592 -160
 3612 -159
 3689 -158
 2666 -157
 3528 -156
 3544 -155
 3270 -154
 2365 -153
 980 -152
 713 -151
 154 -150
 9 -149
 0 -148
 0 -147
 0 -146
 0 -145
 0 -144
 0 -143
 0 -142
 0 -141
 0 -140


