# Created by Octave 3.8.2, Sun Jun 21 02:22:53 2020 CEST <damian@fptrucha.inv.usc.es>
# name: hd
# type: matrix
# rows: 41
# columns: 2
 0 -180
 0 -179
 0 -178
 1 -177
 2 -176
 1 -175
 0 -174
 0 -173
 1 -172
 0 -171
 0 -170
 4 -169
 2 -168
 2 -167
 3 -166
 60 -165
 339 -164
 1102 -163
 1628 -162
 2897 -161
 3418 -160
 3816 -159
 3664 -158
 2920 -157
 3615 -156
 3645 -155
 3371 -154
 2644 -153
 1149 -152
 816 -151
 217 -150
 13 -149
 0 -148
 0 -147
 0 -146
 0 -145
 0 -144
 0 -143
 0 -142
 0 -141
 0 -140


