# Created by Octave 3.8.2, Mon Jun 22 10:12:21 2020 CEST <damian@fptrucha.inv.usc.es>
# name: hd
# type: matrix
# rows: 41
# columns: 2
 1 -180
 0 -179
 2 -178
 1 -177
 2 -176
 1 -175
 1 -174
 2 -173
 2 -172
 4 -171
 2 -170
 1 -169
 5 -168
 2 -167
 17 -166
 96 -165
 440 -164
 1279 -163
 1723 -162
 2993 -161
 3663 -160
 3807 -159
 3751 -158
 2805 -157
 3709 -156
 3536 -155
 3332 -154
 2469 -153
 1031 -152
 739 -151
 165 -150
 8 -149
 0 -148
 0 -147
 0 -146
 0 -145
 0 -144
 0 -143
 0 -142
 0 -141
 0 -140


