# Created by Octave 3.8.2, Sat Jun 20 16:27:59 2020 CEST <damian@fptrucha.inv.usc.es>
# name: hd
# type: matrix
# rows: 41
# columns: 2
 0 -180
 1 -179
 0 -178
 0 -177
 0 -176
 0 -175
 1 -174
 1 -173
 0 -172
 0 -171
 0 -170
 4 -169
 0 -168
 3 -167
 11 -166
 66 -165
 334 -164
 1014 -163
 1683 -162
 3002 -161
 3524 -160
 3935 -159
 3888 -158
 3018 -157
 3760 -156
 3937 -155
 3437 -154
 2720 -153
 1257 -152
 876 -151
 217 -150
 8 -149
 0 -148
 0 -147
 0 -146
 0 -145
 0 -144
 0 -143
 0 -142
 0 -141
 0 -140


