# Created by Octave 3.8.2, Mon Jun 22 21:07:13 2020 CEST <damian@fptrucha.inv.usc.es>
# name: hd
# type: matrix
# rows: 41
# columns: 2
 1 -180
 0 -179
 0 -178
 3 -177
 3 -176
 0 -175
 0 -174
 1 -173
 0 -172
 3 -171
 3 -170
 4 -169
 3 -168
 6 -167
 18 -166
 116 -165
 554 -164
 1400 -163
 1808 -162
 3224 -161
 3884 -160
 4054 -159
 3985 -158
 2905 -157
 3970 -156
 4068 -155
 3511 -154
 2626 -153
 1070 -152
 723 -151
 171 -150
 7 -149
 0 -148
 0 -147
 0 -146
 0 -145
 0 -144
 0 -143
 0 -142
 0 -141
 0 -140


