# Created by Octave 3.8.2, Sat Jun 20 23:33:52 2020 CEST <damian@fptrucha.inv.usc.es>
# name: hd
# type: matrix
# rows: 41
# columns: 2
 0 -180
 1 -179
 0 -178
 0 -177
 1 -176
 1 -175
 0 -174
 1 -173
 1 -172
 0 -171
 2 -170
 0 -169
 1 -168
 4 -167
 9 -166
 63 -165
 342 -164
 1039 -163
 1544 -162
 2762 -161
 3513 -160
 3616 -159
 3753 -158
 2880 -157
 3617 -156
 3618 -155
 3438 -154
 2586 -153
 1165 -152
 845 -151
 234 -150
 19 -149
 0 -148
 0 -147
 0 -146
 0 -145
 0 -144
 0 -143
 0 -142
 0 -141
 0 -140


