# Created by Octave 3.8.2, Mon Jun 22 19:32:44 2020 CEST <damian@fptrucha.inv.usc.es>
# name: hd
# type: matrix
# rows: 41
# columns: 2
 1 -180
 2 -179
 0 -178
 0 -177
 1 -176
 2 -175
 0 -174
 3 -173
 0 -172
 2 -171
 4 -170
 5 -169
 3 -168
 11 -167
 14 -166
 94 -165
 471 -164
 1302 -163
 1744 -162
 3131 -161
 3786 -160
 4015 -159
 3895 -158
 2872 -157
 3899 -156
 3826 -155
 3535 -154
 2628 -153
 1061 -152
 765 -151
 178 -150
 3 -149
 1 -148
 0 -147
 0 -146
 0 -145
 0 -144
 0 -143
 0 -142
 0 -141
 0 -140


