# Created by Octave 3.8.2, Sat Jun 20 04:07:15 2020 CEST <damian@fptrucha.inv.usc.es>
# name: hd
# type: matrix
# rows: 41
# columns: 2
 0 -180
 1 -179
 0 -178
 1 -177
 2 -176
 0 -175
 0 -174
 0 -173
 0 -172
 1 -171
 0 -170
 7 -169
 2 -168
 7 -167
 8 -166
 68 -165
 418 -164
 1197 -163
 1870 -162
 3110 -161
 3820 -160
 4253 -159
 4126 -158
 3165 -157
 4030 -156
 4018 -155
 3644 -154
 2898 -153
 1328 -152
 900 -151
 223 -150
 13 -149
 0 -148
 0 -147
 0 -146
 0 -145
 0 -144
 0 -143
 0 -142
 0 -141
 0 -140


