# Created by Octave 3.8.2, Sat Jun 20 05:53:45 2020 CEST <damian@fptrucha.inv.usc.es>
# name: hd
# type: matrix
# rows: 41
# columns: 2
 0 -180
 0 -179
 0 -178
 0 -177
 0 -176
 0 -175
 0 -174
 1 -173
 1 -172
 1 -171
 1 -170
 3 -169
 3 -168
 4 -167
 8 -166
 69 -165
 366 -164
 1187 -163
 1808 -162
 3176 -161
 4060 -160
 4360 -159
 4105 -158
 3242 -157
 4176 -156
 4116 -155
 3838 -154
 2954 -153
 1426 -152
 882 -151
 230 -150
 17 -149
 0 -148
 0 -147
 0 -146
 0 -145
 0 -144
 0 -143
 0 -142
 0 -141
 0 -140


