# Created by Octave 3.8.2, Sat Jun 20 20:48:06 2020 CEST <damian@fptrucha.inv.usc.es>
# name: hd
# type: matrix
# rows: 41
# columns: 2
 1 -180
 0 -179
 1 -178
 0 -177
 0 -176
 0 -175
 1 -174
 1 -173
 0 -172
 0 -171
 2 -170
 5 -169
 2 -168
 2 -167
 8 -166
 60 -165
 355 -164
 1031 -163
 1629 -162
 2847 -161
 3461 -160
 3675 -159
 3641 -158
 2882 -157
 3718 -156
 3634 -155
 3394 -154
 2642 -153
 1181 -152
 858 -151
 203 -150
 14 -149
 0 -148
 0 -147
 0 -146
 0 -145
 0 -144
 0 -143
 0 -142
 0 -141
 0 -140


