# Created by Octave 3.8.2, Sat Jun 20 04:23:00 2020 CEST <damian@fptrucha.inv.usc.es>
# name: hd
# type: matrix
# rows: 41
# columns: 2
 2 -180
 0 -179
 0 -178
 2 -177
 1 -176
 0 -175
 1 -174
 1 -173
 1 -172
 0 -171
 2 -170
 6 -169
 3 -168
 2 -167
 9 -166
 67 -165
 386 -164
 1206 -163
 1813 -162
 3150 -161
 3778 -160
 4013 -159
 4135 -158
 3298 -157
 4095 -156
 4096 -155
 3722 -154
 2853 -153
 1356 -152
 850 -151
 222 -150
 18 -149
 0 -148
 0 -147
 0 -146
 0 -145
 0 -144
 0 -143
 0 -142
 0 -141
 0 -140


