# Created by Octave 3.8.2, Mon Jun 22 13:51:08 2020 CEST <damian@fptrucha.inv.usc.es>
# name: hd
# type: matrix
# rows: 41
# columns: 2
 5 -180
 6 -179
 1 -178
 0 -177
 2 -176
 2 -175
 2 -174
 3 -173
 2 -172
 5 -171
 3 -170
 5 -169
 2 -168
 10 -167
 6 -166
 107 -165
 544 -164
 1290 -163
 1676 -162
 3115 -161
 3589 -160
 3911 -159
 3793 -158
 2735 -157
 3889 -156
 3702 -155
 3390 -154
 2330 -153
 979 -152
 696 -151
 144 -150
 6 -149
 0 -148
 0 -147
 0 -146
 1 -145
 0 -144
 0 -143
 0 -142
 0 -141
 0 -140


