# Created by Octave 3.8.2, Sat Jun 20 13:36:09 2020 CEST <damian@fptrucha.inv.usc.es>
# name: hd
# type: matrix
# rows: 41
# columns: 2
 0 -180
 0 -179
 1 -178
 1 -177
 1 -176
 2 -175
 1 -174
 3 -173
 0 -172
 1 -171
 2 -170
 4 -169
 3 -168
 3 -167
 12 -166
 75 -165
 360 -164
 1158 -163
 1734 -162
 3042 -161
 3799 -160
 3914 -159
 4012 -158
 3079 -157
 3961 -156
 3965 -155
 3588 -154
 2878 -153
 1275 -152
 879 -151
 211 -150
 13 -149
 0 -148
 0 -147
 0 -146
 0 -145
 0 -144
 0 -143
 0 -142
 0 -141
 0 -140


