# Created by Octave 3.8.2, Mon Jun 22 02:40:41 2020 CEST <damian@fptrucha.inv.usc.es>
# name: hd
# type: matrix
# rows: 41
# columns: 2
 1 -180
 0 -179
 5 -178
 3 -177
 1 -176
 4 -175
 5 -174
 5 -173
 6 -172
 5 -171
 11 -170
 7 -169
 7 -168
 2 -167
 10 -166
 74 -165
 419 -164
 1176 -163
 1604 -162
 2774 -161
 3309 -160
 3589 -159
 3386 -158
 2618 -157
 3567 -156
 3412 -155
 3162 -154
 2384 -153
 983 -152
 663 -151
 165 -150
 8 -149
 0 -148
 0 -147
 0 -146
 0 -145
 0 -144
 0 -143
 0 -142
 0 -141
 0 -140


