# Created by Octave 3.8.2, Sat Jun 20 04:32:18 2020 CEST <damian@fptrucha.inv.usc.es>
# name: hd
# type: matrix
# rows: 41
# columns: 2
 3 -180
 0 -179
 2 -178
 0 -177
 2 -176
 0 -175
 0 -174
 2 -173
 1 -172
 3 -171
 1 -170
 1 -169
 6 -168
 2 -167
 11 -166
 59 -165
 400 -164
 1158 -163
 1767 -162
 3175 -161
 3916 -160
 4130 -159
 4191 -158
 3197 -157
 4073 -156
 4054 -155
 3843 -154
 2982 -153
 1407 -152
 909 -151
 220 -150
 7 -149
 0 -148
 0 -147
 0 -146
 0 -145
 0 -144
 0 -143
 0 -142
 0 -141
 0 -140


