# Created by Octave 3.8.2, Sat Jun 20 18:16:55 2020 CEST <damian@fptrucha.inv.usc.es>
# name: hd
# type: matrix
# rows: 41
# columns: 2
 1 -180
 0 -179
 1 -178
 1 -177
 0 -176
 0 -175
 0 -174
 0 -173
 3 -172
 1 -171
 2 -170
 3 -169
 10 -168
 1 -167
 8 -166
 67 -165
 311 -164
 1056 -163
 1617 -162
 2951 -161
 3505 -160
 3700 -159
 3699 -158
 2946 -157
 3580 -156
 3714 -155
 3279 -154
 2626 -153
 1240 -152
 796 -151
 224 -150
 15 -149
 0 -148
 0 -147
 0 -146
 0 -145
 0 -144
 0 -143
 0 -142
 0 -141
 0 -140


