# Created by Octave 3.8.2, Sat Jun 20 13:07:35 2020 CEST <damian@fptrucha.inv.usc.es>
# name: hd
# type: matrix
# rows: 41
# columns: 2
 0 -180
 2 -179
 0 -178
 0 -177
 0 -176
 0 -175
 0 -174
 0 -173
 0 -172
 1 -171
 0 -170
 1 -169
 5 -168
 3 -167
 11 -166
 84 -165
 368 -164
 1198 -163
 1752 -162
 3147 -161
 3799 -160
 4087 -159
 3968 -158
 3064 -157
 3887 -156
 3879 -155
 3675 -154
 2779 -153
 1346 -152
 892 -151
 233 -150
 14 -149
 0 -148
 0 -147
 0 -146
 0 -145
 0 -144
 0 -143
 0 -142
 0 -141
 0 -140


