# Created by Octave 3.8.2, Sun Jun 21 03:32:18 2020 CEST <damian@fptrucha.inv.usc.es>
# name: hd
# type: matrix
# rows: 41
# columns: 2
 0 -180
 0 -179
 0 -178
 0 -177
 0 -176
 2 -175
 1 -174
 1 -173
 1 -172
 1 -171
 0 -170
 2 -169
 0 -168
 4 -167
 5 -166
 55 -165
 364 -164
 1092 -163
 1580 -162
 2789 -161
 3415 -160
 3769 -159
 3598 -158
 2803 -157
 3569 -156
 3651 -155
 3451 -154
 2603 -153
 1208 -152
 779 -151
 216 -150
 10 -149
 0 -148
 0 -147
 0 -146
 0 -145
 0 -144
 0 -143
 0 -142
 0 -141
 0 -140


