# Created by Octave 3.8.2, Mon Jun 22 15:59:17 2020 CEST <damian@fptrucha.inv.usc.es>
# name: hd
# type: matrix
# rows: 41
# columns: 2
 0 -180
 2 -179
 3 -178
 1 -177
 2 -176
 0 -175
 2 -174
 1 -173
 3 -172
 1 -171
 5 -170
 3 -169
 9 -168
 4 -167
 13 -166
 96 -165
 497 -164
 1418 -163
 1641 -162
 3174 -161
 3792 -160
 4058 -159
 3902 -158
 2850 -157
 3857 -156
 3862 -155
 3519 -154
 2516 -153
 993 -152
 722 -151
 156 -150
 5 -149
 0 -148
 0 -147
 0 -146
 0 -145
 0 -144
 0 -143
 0 -142
 0 -141
 0 -140


