# Created by Octave 3.8.2, Mon Jun 22 06:58:38 2020 CEST <damian@fptrucha.inv.usc.es>
# name: hd
# type: matrix
# rows: 41
# columns: 2
 5 -180
 5 -179
 1 -178
 1 -177
 3 -176
 1 -175
 2 -174
 1 -173
 9 -172
 4 -171
 2 -170
 6 -169
 9 -168
 4 -167
 8 -166
 84 -165
 456 -164
 1209 -163
 1547 -162
 2835 -161
 3481 -160
 3611 -159
 3642 -158
 2597 -157
 3495 -156
 3417 -155
 3197 -154
 2377 -153
 909 -152
 606 -151
 160 -150
 6 -149
 0 -148
 0 -147
 0 -146
 0 -145
 0 -144
 0 -143
 0 -142
 0 -141
 0 -140


