# Created by Octave 3.8.2, Sat Jun 20 03:42:30 2020 CEST <damian@fptrucha.inv.usc.es>
# name: hd
# type: matrix
# rows: 41
# columns: 2
 0 -180
 0 -179
 1 -178
 3 -177
 0 -176
 0 -175
 2 -174
 0 -173
 0 -172
 2 -171
 1 -170
 1 -169
 2 -168
 5 -167
 8 -166
 76 -165
 392 -164
 1173 -163
 1744 -162
 3110 -161
 3842 -160
 4043 -159
 4095 -158
 3146 -157
 3995 -156
 4078 -155
 3744 -154
 2780 -153
 1294 -152
 877 -151
 239 -150
 17 -149
 0 -148
 0 -147
 0 -146
 0 -145
 0 -144
 0 -143
 0 -142
 0 -141
 0 -140


