# Created by Octave 3.8.2, Mon Jun 22 06:54:05 2020 CEST <damian@fptrucha.inv.usc.es>
# name: hd
# type: matrix
# rows: 41
# columns: 2
 4 -180
 5 -179
 2 -178
 5 -177
 3 -176
 3 -175
 3 -174
 2 -173
 0 -172
 2 -171
 8 -170
 3 -169
 9 -168
 6 -167
 15 -166
 91 -165
 468 -164
 1282 -163
 1614 -162
 2897 -161
 3448 -160
 3649 -159
 3593 -158
 2655 -157
 3509 -156
 3546 -155
 3099 -154
 2185 -153
 930 -152
 676 -151
 141 -150
 6 -149
 0 -148
 0 -147
 0 -146
 0 -145
 0 -144
 0 -143
 0 -142
 0 -141
 0 -140


