# Created by Octave 3.8.2, Mon Jun 22 08:01:22 2020 CEST <damian@fptrucha.inv.usc.es>
# name: hd
# type: matrix
# rows: 41
# columns: 2
 2 -180
 3 -179
 3 -178
 1 -177
 4 -176
 3 -175
 6 -174
 2 -173
 3 -172
 5 -171
 0 -170
 4 -169
 4 -168
 4 -167
 12 -166
 92 -165
 453 -164
 1196 -163
 1663 -162
 2995 -161
 3590 -160
 3684 -159
 3663 -158
 2704 -157
 3611 -156
 3613 -155
 3236 -154
 2340 -153
 952 -152
 681 -151
 174 -150
 6 -149
 0 -148
 0 -147
 0 -146
 0 -145
 0 -144
 0 -143
 0 -142
 0 -141
 0 -140


