# Created by Octave 3.8.2, Mon Jun 22 22:24:44 2020 CEST <damian@fptrucha.inv.usc.es>
# name: hd
# type: matrix
# rows: 41
# columns: 2
 1 -180
 3 -179
 1 -178
 0 -177
 2 -176
 1 -175
 1 -174
 1 -173
 1 -172
 1 -171
 5 -170
 5 -169
 8 -168
 7 -167
 15 -166
 66 -165
 417 -164
 1274 -163
 1829 -162
 3091 -161
 3939 -160
 3960 -159
 4024 -158
 3218 -157
 3964 -156
 3976 -155
 3584 -154
 2719 -153
 1296 -152
 863 -151
 239 -150
 9 -149
 0 -148
 0 -147
 0 -146
 0 -145
 0 -144
 0 -143
 0 -142
 0 -141
 0 -140


