# Created by Octave 3.8.2, Sun Jun 21 02:54:58 2020 CEST <damian@fptrucha.inv.usc.es>
# name: hd
# type: matrix
# rows: 41
# columns: 2
 1 -180
 0 -179
 1 -178
 0 -177
 0 -176
 1 -175
 0 -174
 0 -173
 1 -172
 0 -171
 0 -170
 5 -169
 1 -168
 5 -167
 13 -166
 62 -165
 384 -164
 1006 -163
 1613 -162
 2792 -161
 3497 -160
 3716 -159
 3540 -158
 2746 -157
 3620 -156
 3483 -155
 3277 -154
 2495 -153
 1194 -152
 816 -151
 211 -150
 15 -149
 0 -148
 0 -147
 0 -146
 0 -145
 0 -144
 0 -143
 0 -142
 0 -141
 0 -140


