# Created by Octave 3.8.2, Sat Jun 20 17:28:11 2020 CEST <damian@fptrucha.inv.usc.es>
# name: hd
# type: matrix
# rows: 41
# columns: 2
 0 -180
 0 -179
 1 -178
 0 -177
 0 -176
 0 -175
 0 -174
 0 -173
 0 -172
 1 -171
 4 -170
 3 -169
 5 -168
 2 -167
 7 -166
 58 -165
 325 -164
 1046 -163
 1638 -162
 2894 -161
 3623 -160
 3761 -159
 3771 -158
 2943 -157
 3681 -156
 3629 -155
 3322 -154
 2716 -153
 1303 -152
 836 -151
 241 -150
 17 -149
 0 -148
 0 -147
 0 -146
 0 -145
 0 -144
 0 -143
 0 -142
 0 -141
 0 -140


