# Created by Octave 3.8.2, Sat Jun 20 04:51:42 2020 CEST <damian@fptrucha.inv.usc.es>
# name: hd
# type: matrix
# rows: 41
# columns: 2
 1 -180
 0 -179
 0 -178
 1 -177
 1 -176
 0 -175
 2 -174
 0 -173
 0 -172
 0 -171
 1 -170
 5 -169
 3 -168
 3 -167
 10 -166
 75 -165
 390 -164
 1210 -163
 1854 -162
 3233 -161
 3872 -160
 4121 -159
 3986 -158
 3194 -157
 4034 -156
 4107 -155
 3718 -154
 2886 -153
 1395 -152
 928 -151
 226 -150
 14 -149
 1 -148
 0 -147
 0 -146
 0 -145
 0 -144
 0 -143
 0 -142
 0 -141
 0 -140


