# Created by Octave 3.8.2, Mon Jun 22 08:06:31 2020 CEST <damian@fptrucha.inv.usc.es>
# name: hd
# type: matrix
# rows: 41
# columns: 2
 1 -180
 2 -179
 1 -178
 2 -177
 4 -176
 1 -175
 2 -174
 1 -173
 1 -172
 1 -171
 2 -170
 2 -169
 12 -168
 4 -167
 18 -166
 108 -165
 475 -164
 1290 -163
 1562 -162
 2892 -161
 3495 -160
 3644 -159
 3699 -158
 2657 -157
 3609 -156
 3656 -155
 3296 -154
 2354 -153
 947 -152
 703 -151
 165 -150
 7 -149
 0 -148
 0 -147
 0 -146
 0 -145
 0 -144
 0 -143
 0 -142
 0 -141
 0 -140


