# Created by Octave 3.8.2, Sun Jun 21 03:41:49 2020 CEST <damian@fptrucha.inv.usc.es>
# name: hd
# type: matrix
# rows: 41
# columns: 2
 3 -180
 0 -179
 1 -178
 0 -177
 1 -176
 0 -175
 1 -174
 1 -173
 0 -172
 2 -171
 1 -170
 0 -169
 2 -168
 4 -167
 6 -166
 39 -165
 228 -164
 711 -163
 1032 -162
 1827 -161
 2326 -160
 2481 -159
 2420 -158
 1882 -157
 2435 -156
 2339 -155
 2173 -154
 1764 -153
 741 -152
 541 -151
 139 -150
 4 -149
 0 -148
 0 -147
 0 -146
 0 -145
 0 -144
 0 -143
 0 -142
 0 -141
 0 -140


