# Created by Octave 3.8.2, Mon Jun 22 18:13:14 2020 CEST <damian@fptrucha.inv.usc.es>
# name: hd
# type: matrix
# rows: 41
# columns: 2
 1 -180
 0 -179
 1 -178
 1 -177
 1 -176
 3 -175
 2 -174
 2 -173
 1 -172
 1 -171
 7 -170
 5 -169
 7 -168
 4 -167
 9 -166
 89 -165
 465 -164
 1346 -163
 1704 -162
 3178 -161
 3869 -160
 3998 -159
 3908 -158
 2878 -157
 3820 -156
 3838 -155
 3513 -154
 2513 -153
 1026 -152
 738 -151
 185 -150
 9 -149
 1 -148
 0 -147
 0 -146
 0 -145
 0 -144
 0 -143
 0 -142
 0 -141
 0 -140


