# Created by Octave 3.8.2, Mon Jun 22 23:05:55 2020 CEST <damian@fptrucha.inv.usc.es>
# name: hd
# type: matrix
# rows: 41
# columns: 2
 0 -180
 1 -179
 1 -178
 0 -177
 1 -176
 2 -175
 1 -174
 1 -173
 2 -172
 0 -171
 3 -170
 5 -169
 4 -168
 5 -167
 10 -166
 80 -165
 405 -164
 1329 -163
 1801 -162
 3163 -161
 3868 -160
 4113 -159
 4068 -158
 3172 -157
 4057 -156
 3812 -155
 3620 -154
 2756 -153
 1274 -152
 789 -151
 216 -150
 13 -149
 0 -148
 0 -147
 0 -146
 0 -145
 0 -144
 0 -143
 0 -142
 0 -141
 0 -140


