# Created by Octave 3.8.2, Mon Jun 22 16:14:54 2020 CEST <damian@fptrucha.inv.usc.es>
# name: hd
# type: matrix
# rows: 41
# columns: 2
 1 -180
 0 -179
 0 -178
 1 -177
 0 -176
 4 -175
 2 -174
 0 -173
 1 -172
 1 -171
 3 -170
 1 -169
 4 -168
 3 -167
 20 -166
 111 -165
 526 -164
 1423 -163
 1714 -162
 3209 -161
 3675 -160
 4038 -159
 3956 -158
 2908 -157
 3885 -156
 3830 -155
 3504 -154
 2568 -153
 995 -152
 772 -151
 152 -150
 6 -149
 0 -148
 0 -147
 0 -146
 0 -145
 0 -144
 0 -143
 0 -142
 0 -141
 0 -140


