# Created by Octave 3.8.2, Tue Jun 23 00:20:43 2020 CEST <damian@fptrucha.inv.usc.es>
# name: hd
# type: matrix
# rows: 41
# columns: 2
 2 -180
 1 -179
 1 -178
 0 -177
 0 -176
 1 -175
 1 -174
 1 -173
 1 -172
 1 -171
 2 -170
 2 -169
 5 -168
 7 -167
 10 -166
 77 -165
 394 -164
 1253 -163
 1855 -162
 3096 -161
 3846 -160
 4012 -159
 3985 -158
 3165 -157
 4062 -156
 4038 -155
 3516 -154
 2773 -153
 1255 -152
 818 -151
 206 -150
 9 -149
 0 -148
 0 -147
 0 -146
 0 -145
 0 -144
 0 -143
 0 -142
 0 -141
 0 -140


