# Created by Octave 3.8.2, Mon Jun 22 07:53:03 2020 CEST <damian@fptrucha.inv.usc.es>
# name: hd
# type: matrix
# rows: 41
# columns: 2
 2 -180
 0 -179
 2 -178
 2 -177
 1 -176
 3 -175
 3 -174
 3 -173
 3 -172
 6 -171
 6 -170
 3 -169
 7 -168
 7 -167
 9 -166
 96 -165
 463 -164
 1274 -163
 1602 -162
 2980 -161
 3425 -160
 3730 -159
 3587 -158
 2659 -157
 3560 -156
 3503 -155
 3289 -154
 2442 -153
 1028 -152
 682 -151
 154 -150
 12 -149
 1 -148
 0 -147
 0 -146
 0 -145
 0 -144
 0 -143
 0 -142
 0 -141
 0 -140


