# Created by Octave 3.8.2, Mon Jun 22 01:00:54 2020 CEST <damian@fptrucha.inv.usc.es>
# name: hd
# type: matrix
# rows: 41
# columns: 2
 0 -180
 1 -179
 1 -178
 0 -177
 2 -176
 0 -175
 0 -174
 2 -173
 2 -172
 0 -171
 1 -170
 0 -169
 1 -168
 4 -167
 7 -166
 57 -165
 364 -164
 1147 -163
 1678 -162
 2923 -161
 3600 -160
 3844 -159
 3846 -158
 3103 -157
 3703 -156
 3709 -155
 3426 -154
 2757 -153
 1292 -152
 805 -151
 231 -150
 12 -149
 0 -148
 0 -147
 0 -146
 0 -145
 0 -144
 0 -143
 0 -142
 0 -141
 0 -140


