# Created by Octave 3.8.2, Sat Jun 20 03:19:33 2020 CEST <damian@fptrucha.inv.usc.es>
# name: hd
# type: matrix
# rows: 41
# columns: 2
 0 -180
 2 -179
 1 -178
 1 -177
 1 -176
 0 -175
 1 -174
 1 -173
 0 -172
 1 -171
 1 -170
 4 -169
 7 -168
 6 -167
 9 -166
 73 -165
 411 -164
 1163 -163
 1756 -162
 3084 -161
 3844 -160
 4102 -159
 4054 -158
 3078 -157
 3949 -156
 3957 -155
 3683 -154
 2866 -153
 1348 -152
 850 -151
 226 -150
 24 -149
 0 -148
 0 -147
 0 -146
 0 -145
 0 -144
 0 -143
 0 -142
 0 -141
 0 -140


