# Created by Octave 3.8.2, Mon Jun 22 12:39:51 2020 CEST <damian@fptrucha.inv.usc.es>
# name: hd
# type: matrix
# rows: 41
# columns: 2
 1 -180
 0 -179
 2 -178
 0 -177
 0 -176
 5 -175
 2 -174
 4 -173
 2 -172
 1 -171
 4 -170
 9 -169
 2 -168
 7 -167
 15 -166
 97 -165
 492 -164
 1321 -163
 1659 -162
 3137 -161
 3555 -160
 3851 -159
 3694 -158
 2755 -157
 3819 -156
 3796 -155
 3389 -154
 2432 -153
 1018 -152
 695 -151
 163 -150
 6 -149
 0 -148
 0 -147
 0 -146
 0 -145
 0 -144
 0 -143
 0 -142
 0 -141
 0 -140


