# Created by Octave 3.8.2, Mon Jun 22 08:34:35 2020 CEST <damian@fptrucha.inv.usc.es>
# name: hd
# type: matrix
# rows: 41
# columns: 2
 2 -180
 2 -179
 0 -178
 0 -177
 2 -176
 3 -175
 0 -174
 1 -173
 3 -172
 3 -171
 3 -170
 5 -169
 7 -168
 5 -167
 10 -166
 97 -165
 468 -164
 1223 -163
 1650 -162
 2940 -161
 3597 -160
 3639 -159
 3568 -158
 2736 -157
 3546 -156
 3516 -155
 3276 -154
 2342 -153
 992 -152
 680 -151
 133 -150
 4 -149
 0 -148
 0 -147
 0 -146
 0 -145
 0 -144
 0 -143
 0 -142
 0 -141
 0 -140


