# Created by Octave 3.8.2, Sat Jun 20 03:03:24 2020 CEST <damian@fptrucha.inv.usc.es>
# name: hd
# type: matrix
# rows: 41
# columns: 2
 0 -180
 0 -179
 0 -178
 0 -177
 1 -176
 0 -175
 1 -174
 2 -173
 0 -172
 0 -171
 1 -170
 3 -169
 5 -168
 3 -167
 7 -166
 60 -165
 402 -164
 1219 -163
 1805 -162
 3111 -161
 3785 -160
 4000 -159
 4027 -158
 3168 -157
 3941 -156
 4050 -155
 3669 -154
 2927 -153
 1346 -152
 855 -151
 216 -150
 13 -149
 0 -148
 0 -147
 0 -146
 0 -145
 0 -144
 0 -143
 0 -142
 0 -141
 0 -140


