# Created by Octave 3.8.2, Sat Jun 20 16:26:40 2020 CEST <damian@fptrucha.inv.usc.es>
# name: hd
# type: matrix
# rows: 41
# columns: 2
 0 -180
 1 -179
 0 -178
 1 -177
 1 -176
 0 -175
 1 -174
 0 -173
 0 -172
 3 -171
 0 -170
 4 -169
 5 -168
 2 -167
 7 -166
 65 -165
 320 -164
 1106 -163
 1701 -162
 2931 -161
 3582 -160
 3866 -159
 3897 -158
 2972 -157
 3662 -156
 3789 -155
 3477 -154
 2720 -153
 1319 -152
 823 -151
 228 -150
 13 -149
 0 -148
 0 -147
 0 -146
 0 -145
 0 -144
 0 -143
 0 -142
 0 -141
 0 -140


