# Created by Octave 3.8.2, Sat Jun 20 16:51:56 2020 CEST <damian@fptrucha.inv.usc.es>
# name: hd
# type: matrix
# rows: 41
# columns: 2
 1 -180
 0 -179
 0 -178
 1 -177
 0 -176
 2 -175
 0 -174
 0 -173
 0 -172
 0 -171
 1 -170
 1 -169
 3 -168
 2 -167
 4 -166
 35 -165
 216 -164
 726 -163
 1037 -162
 1869 -161
 2382 -160
 2591 -159
 2414 -158
 1937 -157
 2434 -156
 2471 -155
 2269 -154
 1733 -153
 793 -152
 609 -151
 136 -150
 10 -149
 0 -148
 0 -147
 0 -146
 0 -145
 0 -144
 0 -143
 0 -142
 0 -141
 0 -140


