# Created by Octave 3.8.2, Sat Jun 20 18:43:46 2020 CEST <damian@fptrucha.inv.usc.es>
# name: hd
# type: matrix
# rows: 41
# columns: 2
 0 -180
 0 -179
 0 -178
 0 -177
 2 -176
 0 -175
 1 -174
 0 -173
 1 -172
 1 -171
 3 -170
 5 -169
 6 -168
 5 -167
 7 -166
 61 -165
 331 -164
 1089 -163
 1673 -162
 2867 -161
 3367 -160
 3710 -159
 3772 -158
 2776 -157
 3752 -156
 3663 -155
 3436 -154
 2764 -153
 1264 -152
 802 -151
 228 -150
 18 -149
 0 -148
 0 -147
 0 -146
 0 -145
 0 -144
 0 -143
 0 -142
 0 -141
 0 -140


