# Created by Octave 3.8.2, Mon Jun 22 22:16:50 2020 CEST <damian@fptrucha.inv.usc.es>
# name: hd
# type: matrix
# rows: 41
# columns: 2
 1 -180
 3 -179
 2 -178
 1 -177
 2 -176
 0 -175
 3 -174
 2 -173
 1 -172
 0 -171
 5 -170
 3 -169
 6 -168
 6 -167
 8 -166
 77 -165
 448 -164
 1247 -163
 1760 -162
 3163 -161
 3857 -160
 4071 -159
 4020 -158
 3100 -157
 3863 -156
 3946 -155
 3616 -154
 2693 -153
 1236 -152
 880 -151
 191 -150
 8 -149
 0 -148
 0 -147
 0 -146
 0 -145
 0 -144
 0 -143
 0 -142
 0 -141
 0 -140


