# Created by Octave 3.8.2, Mon Jun 22 07:32:26 2020 CEST <damian@fptrucha.inv.usc.es>
# name: hd
# type: matrix
# rows: 41
# columns: 2
 3 -180
 1 -179
 1 -178
 2 -177
 1 -176
 5 -175
 3 -174
 4 -173
 3 -172
 1 -171
 1 -170
 7 -169
 2 -168
 6 -167
 16 -166
 89 -165
 413 -164
 1238 -163
 1661 -162
 2949 -161
 3506 -160
 3789 -159
 3525 -158
 2645 -157
 3608 -156
 3508 -155
 3149 -154
 2328 -153
 924 -152
 637 -151
 157 -150
 4 -149
 0 -148
 0 -147
 0 -146
 0 -145
 0 -144
 0 -143
 0 -142
 0 -141
 0 -140


