# Created by Octave 3.8.2, Sat Jun 20 11:30:46 2020 CEST <damian@fptrucha.inv.usc.es>
# name: hd
# type: matrix
# rows: 41
# columns: 2
 1 -180
 1 -179
 0 -178
 0 -177
 0 -176
 0 -175
 1 -174
 0 -173
 0 -172
 1 -171
 4 -170
 3 -169
 4 -168
 6 -167
 5 -166
 72 -165
 359 -164
 1225 -163
 1776 -162
 3184 -161
 3808 -160
 4114 -159
 3988 -158
 3233 -157
 4042 -156
 4032 -155
 3732 -154
 2853 -153
 1335 -152
 891 -151
 264 -150
 17 -149
 0 -148
 0 -147
 0 -146
 0 -145
 0 -144
 0 -143
 0 -142
 0 -141
 0 -140


