# Created by Octave 3.8.2, Sun Jun 21 07:32:09 2020 CEST <damian@fptrucha.inv.usc.es>
# name: hd
# type: matrix
# rows: 41
# columns: 2
 0 -180
 1 -179
 0 -178
 0 -177
 0 -176
 0 -175
 0 -174
 0 -173
 2 -172
 0 -171
 2 -170
 3 -169
 4 -168
 3 -167
 7 -166
 50 -165
 307 -164
 1027 -163
 1605 -162
 2813 -161
 3391 -160
 3628 -159
 3588 -158
 2871 -157
 3544 -156
 3571 -155
 3392 -154
 2550 -153
 1293 -152
 821 -151
 212 -150
 18 -149
 0 -148
 0 -147
 0 -146
 0 -145
 0 -144
 0 -143
 0 -142
 0 -141
 0 -140


