# Created by Octave 3.8.2, Mon Jun 22 02:56:39 2020 CEST <damian@fptrucha.inv.usc.es>
# name: hd
# type: matrix
# rows: 41
# columns: 2
 6 -180
 3 -179
 9 -178
 3 -177
 4 -176
 1 -175
 6 -174
 3 -173
 1 -172
 4 -171
 5 -170
 5 -169
 4 -168
 7 -167
 13 -166
 80 -165
 438 -164
 1236 -163
 1522 -162
 2802 -161
 3353 -160
 3678 -159
 3412 -158
 2610 -157
 3464 -156
 3505 -155
 3194 -154
 2240 -153
 945 -152
 635 -151
 145 -150
 4 -149
 0 -148
 0 -147
 0 -146
 0 -145
 0 -144
 0 -143
 0 -142
 0 -141
 0 -140


