# Created by Octave 3.8.2, Mon Jun 22 12:59:46 2020 CEST <damian@fptrucha.inv.usc.es>
# name: hd
# type: matrix
# rows: 41
# columns: 2
 2 -180
 1 -179
 1 -178
 0 -177
 0 -176
 4 -175
 1 -174
 2 -173
 3 -172
 2 -171
 5 -170
 12 -169
 6 -168
 2 -167
 15 -166
 91 -165
 458 -164
 1336 -163
 1656 -162
 2979 -161
 3686 -160
 3937 -159
 3793 -158
 2827 -157
 3758 -156
 3755 -155
 3339 -154
 2553 -153
 995 -152
 783 -151
 158 -150
 7 -149
 0 -148
 0 -147
 0 -146
 0 -145
 0 -144
 0 -143
 0 -142
 0 -141
 0 -140


