# Created by Octave 3.8.2, Mon Jun 22 23:26:46 2020 CEST <damian@fptrucha.inv.usc.es>
# name: hd
# type: matrix
# rows: 41
# columns: 2
 1 -180
 2 -179
 2 -178
 1 -177
 1 -176
 0 -175
 0 -174
 2 -173
 2 -172
 3 -171
 4 -170
 4 -169
 6 -168
 10 -167
 5 -166
 96 -165
 434 -164
 1285 -163
 1819 -162
 3056 -161
 3738 -160
 4139 -159
 4118 -158
 3144 -157
 3975 -156
 3902 -155
 3639 -154
 2729 -153
 1310 -152
 856 -151
 197 -150
 4 -149
 0 -148
 0 -147
 0 -146
 0 -145
 0 -144
 0 -143
 0 -142
 0 -141
 0 -140


