# Created by Octave 3.8.2, Mon Jun 22 10:15:30 2020 CEST <damian@fptrucha.inv.usc.es>
# name: hd
# type: matrix
# rows: 41
# columns: 2
 2 -180
 1 -179
 6 -178
 2 -177
 0 -176
 0 -175
 2 -174
 5 -173
 0 -172
 2 -171
 4 -170
 8 -169
 5 -168
 5 -167
 7 -166
 115 -165
 441 -164
 1221 -163
 1611 -162
 3006 -161
 3576 -160
 3731 -159
 3723 -158
 2764 -157
 3648 -156
 3658 -155
 3378 -154
 2454 -153
 1001 -152
 675 -151
 157 -150
 3 -149
 0 -148
 0 -147
 0 -146
 0 -145
 0 -144
 0 -143
 0 -142
 0 -141
 0 -140


