# Created by Octave 3.8.2, Sun Jun 21 08:04:56 2020 CEST <damian@fptrucha.inv.usc.es>
# name: hd
# type: matrix
# rows: 41
# columns: 2
 0 -180
 1 -179
 0 -178
 0 -177
 4 -176
 0 -175
 0 -174
 1 -173
 3 -172
 1 -171
 1 -170
 2 -169
 1 -168
 4 -167
 8 -166
 59 -165
 339 -164
 1106 -163
 1642 -162
 2860 -161
 3667 -160
 3886 -159
 3715 -158
 2933 -157
 3825 -156
 3700 -155
 3479 -154
 2713 -153
 1281 -152
 849 -151
 245 -150
 13 -149
 0 -148
 0 -147
 0 -146
 0 -145
 0 -144
 0 -143
 0 -142
 0 -141
 0 -140


