# Created by Octave 3.8.2, Mon Jun 22 02:26:55 2020 CEST <damian@fptrucha.inv.usc.es>
# name: hd
# type: matrix
# rows: 41
# columns: 2
 0 -180
 0 -179
 0 -178
 0 -177
 0 -176
 0 -175
 1 -174
 1 -173
 1 -172
 0 -171
 1 -170
 1 -169
 2 -168
 0 -167
 2 -166
 29 -165
 75 -164
 164 -163
 180 -162
 293 -161
 336 -160
 362 -159
 393 -158
 271 -157
 359 -156
 360 -155
 263 -154
 176 -153
 72 -152
 41 -151
 6 -150
 0 -149
 0 -148
 0 -147
 0 -146
 0 -145
 0 -144
 0 -143
 0 -142
 0 -141
 0 -140


