# Created by Octave 3.8.2, Mon Jun 22 11:17:16 2020 CEST <damian@fptrucha.inv.usc.es>
# name: hd
# type: matrix
# rows: 41
# columns: 2
 1 -180
 3 -179
 1 -178
 3 -177
 3 -176
 3 -175
 2 -174
 5 -173
 2 -172
 3 -171
 2 -170
 6 -169
 5 -168
 2 -167
 11 -166
 86 -165
 501 -164
 1364 -163
 1600 -162
 2947 -161
 3649 -160
 3932 -159
 3746 -158
 2644 -157
 3696 -156
 3606 -155
 3411 -154
 2411 -153
 987 -152
 655 -151
 152 -150
 6 -149
 0 -148
 0 -147
 0 -146
 0 -145
 0 -144
 0 -143
 0 -142
 0 -141
 0 -140


