# Created by Octave 3.8.2, Sat Jun 20 03:09:00 2020 CEST <damian@fptrucha.inv.usc.es>
# name: hd
# type: matrix
# rows: 41
# columns: 2
 0 -180
 0 -179
 1 -178
 0 -177
 0 -176
 2 -175
 0 -174
 0 -173
 0 -172
 1 -171
 1 -170
 2 -169
 8 -168
 4 -167
 8 -166
 72 -165
 432 -164
 1210 -163
 1786 -162
 3189 -161
 3895 -160
 4168 -159
 4159 -158
 3220 -157
 4054 -156
 4044 -155
 3714 -154
 2895 -153
 1354 -152
 884 -151
 225 -150
 11 -149
 0 -148
 0 -147
 0 -146
 0 -145
 0 -144
 0 -143
 0 -142
 0 -141
 0 -140


