# Created by Octave 3.8.2, Sat Jun 20 09:37:26 2020 CEST <damian@fptrucha.inv.usc.es>
# name: hd
# type: matrix
# rows: 41
# columns: 2
 0 -180
 0 -179
 0 -178
 1 -177
 1 -176
 0 -175
 0 -174
 0 -173
 0 -172
 0 -171
 1 -170
 6 -169
 11 -168
 4 -167
 8 -166
 82 -165
 388 -164
 1223 -163
 1850 -162
 3252 -161
 3956 -160
 4297 -159
 4197 -158
 3243 -157
 4331 -156
 4103 -155
 3903 -154
 3058 -153
 1399 -152
 979 -151
 239 -150
 14 -149
 0 -148
 0 -147
 0 -146
 0 -145
 0 -144
 0 -143
 0 -142
 0 -141
 0 -140


