# Created by Octave 3.8.2, Sat Jun 20 06:16:30 2020 CEST <damian@fptrucha.inv.usc.es>
# name: hd
# type: matrix
# rows: 41
# columns: 2
 1 -180
 0 -179
 0 -178
 0 -177
 1 -176
 5 -175
 0 -174
 0 -173
 1 -172
 1 -171
 3 -170
 2 -169
 5 -168
 5 -167
 9 -166
 79 -165
 416 -164
 1268 -163
 1880 -162
 3204 -161
 4047 -160
 4166 -159
 4295 -158
 3247 -157
 4175 -156
 4120 -155
 3879 -154
 2962 -153
 1418 -152
 927 -151
 282 -150
 15 -149
 0 -148
 0 -147
 0 -146
 0 -145
 0 -144
 0 -143
 0 -142
 0 -141
 0 -140


