# Created by Octave 3.8.2, Mon Jun 22 11:50:28 2020 CEST <damian@fptrucha.inv.usc.es>
# name: hd
# type: matrix
# rows: 41
# columns: 2
 1 -180
 0 -179
 1 -178
 2 -177
 3 -176
 1 -175
 1 -174
 2 -173
 1 -172
 3 -171
 3 -170
 7 -169
 5 -168
 4 -167
 9 -166
 88 -165
 476 -164
 1304 -163
 1608 -162
 2986 -161
 3528 -160
 3715 -159
 3681 -158
 2742 -157
 3642 -156
 3664 -155
 3326 -154
 2417 -153
 948 -152
 705 -151
 163 -150
 2 -149
 0 -148
 0 -147
 0 -146
 0 -145
 0 -144
 0 -143
 0 -142
 0 -141
 0 -140


