# Created by Octave 3.8.2, Sat Jun 20 12:26:10 2020 CEST <damian@fptrucha.inv.usc.es>
# name: hd
# type: matrix
# rows: 41
# columns: 2
 0 -180
 0 -179
 1 -178
 0 -177
 1 -176
 0 -175
 0 -174
 0 -173
 1 -172
 2 -171
 1 -170
 3 -169
 1 -168
 3 -167
 0 -166
 76 -165
 378 -164
 1177 -163
 1750 -162
 3110 -161
 3889 -160
 4088 -159
 4081 -158
 3097 -157
 4075 -156
 4112 -155
 3716 -154
 2880 -153
 1342 -152
 860 -151
 230 -150
 16 -149
 0 -148
 0 -147
 0 -146
 0 -145
 0 -144
 0 -143
 0 -142
 0 -141
 0 -140


