# Created by Octave 3.8.2, Sat Jun 20 15:49:58 2020 CEST <damian@fptrucha.inv.usc.es>
# name: hd
# type: matrix
# rows: 41
# columns: 2
 1 -180
 2 -179
 1 -178
 0 -177
 0 -176
 0 -175
 1 -174
 0 -173
 0 -172
 2 -171
 1 -170
 2 -169
 6 -168
 4 -167
 4 -166
 52 -165
 326 -164
 1073 -163
 1628 -162
 2959 -161
 3680 -160
 3905 -159
 3771 -158
 3050 -157
 3803 -156
 3709 -155
 3487 -154
 2688 -153
 1368 -152
 876 -151
 194 -150
 20 -149
 0 -148
 0 -147
 0 -146
 0 -145
 0 -144
 0 -143
 0 -142
 0 -141
 0 -140


