# Created by Octave 3.8.2, Sat Jun 20 02:08:16 2020 CEST <damian@fptrucha.inv.usc.es>
# name: hd
# type: matrix
# rows: 41
# columns: 2
 0 -180
 1 -179
 3 -178
 2 -177
 1 -176
 0 -175
 2 -174
 0 -173
 0 -172
 2 -171
 2 -170
 1 -169
 4 -168
 2 -167
 8 -166
 73 -165
 346 -164
 1215 -163
 1775 -162
 3097 -161
 3729 -160
 3947 -159
 4002 -158
 3154 -157
 4032 -156
 3905 -155
 3709 -154
 2864 -153
 1356 -152
 906 -151
 213 -150
 19 -149
 0 -148
 0 -147
 0 -146
 0 -145
 0 -144
 0 -143
 0 -142
 0 -141
 0 -140


