# Created by Octave 3.8.2, Mon Jun 22 17:15:05 2020 CEST <damian@fptrucha.inv.usc.es>
# name: hd
# type: matrix
# rows: 41
# columns: 2
 0 -180
 2 -179
 5 -178
 0 -177
 0 -176
 2 -175
 2 -174
 3 -173
 2 -172
 0 -171
 2 -170
 2 -169
 4 -168
 4 -167
 11 -166
 109 -165
 517 -164
 1409 -163
 1761 -162
 3133 -161
 3781 -160
 4074 -159
 3875 -158
 2834 -157
 3871 -156
 3978 -155
 3473 -154
 2503 -153
 1032 -152
 732 -151
 155 -150
 4 -149
 0 -148
 0 -147
 0 -146
 0 -145
 0 -144
 0 -143
 0 -142
 0 -141
 0 -140


