# Created by Octave 3.8.2, Sat Jun 20 08:25:15 2020 CEST <damian@fptrucha.inv.usc.es>
# name: hd
# type: matrix
# rows: 41
# columns: 2
 0 -180
 1 -179
 0 -178
 0 -177
 0 -176
 0 -175
 1 -174
 0 -173
 2 -172
 1 -171
 2 -170
 7 -169
 1 -168
 3 -167
 13 -166
 70 -165
 400 -164
 1311 -163
 1837 -162
 3354 -161
 4109 -160
 4332 -159
 4305 -158
 3363 -157
 4235 -156
 4158 -155
 3944 -154
 2991 -153
 1456 -152
 951 -151
 248 -150
 11 -149
 0 -148
 0 -147
 0 -146
 0 -145
 0 -144
 0 -143
 0 -142
 0 -141
 0 -140


