# Created by Octave 3.8.2, Sun Jun 21 04:59:49 2020 CEST <damian@fptrucha.inv.usc.es>
# name: hd
# type: matrix
# rows: 41
# columns: 2
 2 -180
 0 -179
 0 -178
 1 -177
 1 -176
 1 -175
 1 -174
 0 -173
 1 -172
 1 -171
 1 -170
 0 -169
 5 -168
 5 -167
 4 -166
 66 -165
 352 -164
 1099 -163
 1540 -162
 2864 -161
 3400 -160
 3628 -159
 3711 -158
 2896 -157
 3643 -156
 3840 -155
 3450 -154
 2622 -153
 1259 -152
 820 -151
 225 -150
 20 -149
 0 -148
 0 -147
 0 -146
 0 -145
 0 -144
 0 -143
 0 -142
 0 -141
 0 -140


