# Created by Octave 3.8.2, Sun Jun 21 01:15:25 2020 CEST <damian@fptrucha.inv.usc.es>
# name: hd
# type: matrix
# rows: 41
# columns: 2
 0 -180
 0 -179
 2 -178
 0 -177
 1 -176
 0 -175
 0 -174
 1 -173
 0 -172
 2 -171
 1 -170
 4 -169
 2 -168
 8 -167
 5 -166
 57 -165
 324 -164
 1101 -163
 1644 -162
 2726 -161
 3471 -160
 3543 -159
 3653 -158
 2967 -157
 3634 -156
 3541 -155
 3279 -154
 2565 -153
 1179 -152
 747 -151
 200 -150
 7 -149
 0 -148
 1 -147
 0 -146
 0 -145
 0 -144
 0 -143
 0 -142
 0 -141
 0 -140


