# Created by Octave 3.8.2, Sat Jun 20 02:20:36 2020 CEST <damian@fptrucha.inv.usc.es>
# name: hd
# type: matrix
# rows: 41
# columns: 2
 1 -180
 2 -179
 0 -178
 0 -177
 1 -176
 0 -175
 1 -174
 0 -173
 1 -172
 1 -171
 1 -170
 3 -169
 4 -168
 2 -167
 6 -166
 74 -165
 378 -164
 1183 -163
 1741 -162
 3119 -161
 3752 -160
 4025 -159
 4021 -158
 3132 -157
 3932 -156
 3910 -155
 3596 -154
 2788 -153
 1339 -152
 897 -151
 225 -150
 16 -149
 0 -148
 0 -147
 0 -146
 0 -145
 0 -144
 0 -143
 0 -142
 0 -141
 0 -140


