# Created by Octave 3.8.2, Sat Jun 20 16:31:25 2020 CEST <damian@fptrucha.inv.usc.es>
# name: hd
# type: matrix
# rows: 41
# columns: 2
 2 -180
 0 -179
 1 -178
 1 -177
 0 -176
 0 -175
 0 -174
 1 -173
 0 -172
 2 -171
 2 -170
 3 -169
 1 -168
 3 -167
 8 -166
 61 -165
 336 -164
 1059 -163
 1728 -162
 2827 -161
 3648 -160
 3935 -159
 3837 -158
 3067 -157
 3675 -156
 3812 -155
 3372 -154
 2724 -153
 1270 -152
 869 -151
 221 -150
 23 -149
 0 -148
 0 -147
 0 -146
 0 -145
 0 -144
 0 -143
 0 -142
 0 -141
 0 -140


