# Created by Octave 3.8.2, Sat Jun 20 10:51:11 2020 CEST <damian@fptrucha.inv.usc.es>
# name: hd
# type: matrix
# rows: 41
# columns: 2
 0 -180
 0 -179
 1 -178
 1 -177
 0 -176
 1 -175
 0 -174
 0 -173
 1 -172
 2 -171
 1 -170
 3 -169
 3 -168
 1 -167
 8 -166
 76 -165
 357 -164
 1253 -163
 1840 -162
 3171 -161
 3979 -160
 4255 -159
 4235 -158
 3162 -157
 4069 -156
 3954 -155
 3696 -154
 2865 -153
 1311 -152
 909 -151
 278 -150
 16 -149
 0 -148
 0 -147
 0 -146
 0 -145
 0 -144
 0 -143
 0 -142
 0 -141
 0 -140


