# Created by Octave 3.8.2, Sat Jun 20 20:03:37 2020 CEST <damian@fptrucha.inv.usc.es>
# name: hd
# type: matrix
# rows: 41
# columns: 2
 0 -180
 1 -179
 0 -178
 2 -177
 0 -176
 1 -175
 0 -174
 2 -173
 1 -172
 0 -171
 1 -170
 2 -169
 1 -168
 2 -167
 9 -166
 66 -165
 368 -164
 1100 -163
 1691 -162
 2790 -161
 3473 -160
 3817 -159
 3648 -158
 2906 -157
 3793 -156
 3659 -155
 3439 -154
 2661 -153
 1161 -152
 856 -151
 242 -150
 18 -149
 1 -148
 0 -147
 0 -146
 0 -145
 0 -144
 0 -143
 0 -142
 0 -141
 0 -140


