# Created by Octave 3.8.2, Mon Jun 22 14:33:11 2020 CEST <damian@fptrucha.inv.usc.es>
# name: hd
# type: matrix
# rows: 41
# columns: 2
 0 -180
 2 -179
 0 -178
 0 -177
 1 -176
 2 -175
 2 -174
 2 -173
 0 -172
 2 -171
 4 -170
 2 -169
 9 -168
 5 -167
 6 -166
 98 -165
 457 -164
 1332 -163
 1687 -162
 3048 -161
 3703 -160
 3853 -159
 3698 -158
 2768 -157
 3795 -156
 3802 -155
 3440 -154
 2461 -153
 987 -152
 723 -151
 151 -150
 7 -149
 0 -148
 0 -147
 0 -146
 0 -145
 0 -144
 0 -143
 0 -142
 0 -141
 0 -140


