# Created by Octave 3.8.2, Mon Jun 22 14:51:17 2020 CEST <damian@fptrucha.inv.usc.es>
# name: hd
# type: matrix
# rows: 41
# columns: 2
 1 -180
 1 -179
 1 -178
 0 -177
 2 -176
 3 -175
 1 -174
 0 -173
 1 -172
 3 -171
 0 -170
 4 -169
 6 -168
 3 -167
 10 -166
 93 -165
 443 -164
 1369 -163
 1730 -162
 3159 -161
 3796 -160
 4020 -159
 3799 -158
 2788 -157
 3807 -156
 3830 -155
 3462 -154
 2644 -153
 1028 -152
 734 -151
 151 -150
 10 -149
 0 -148
 0 -147
 0 -146
 0 -145
 0 -144
 0 -143
 0 -142
 0 -141
 0 -140


