# Created by Octave 3.8.2, Sat Jun 20 07:53:10 2020 CEST <damian@fptrucha.inv.usc.es>
# name: hd
# type: matrix
# rows: 41
# columns: 2
 0 -180
 1 -179
 0 -178
 0 -177
 0 -176
 0 -175
 0 -174
 1 -173
 0 -172
 2 -171
 5 -170
 2 -169
 7 -168
 3 -167
 18 -166
 64 -165
 410 -164
 1220 -163
 1859 -162
 3354 -161
 4056 -160
 4202 -159
 4225 -158
 3230 -157
 4199 -156
 4239 -155
 3882 -154
 2921 -153
 1307 -152
 907 -151
 231 -150
 23 -149
 0 -148
 0 -147
 0 -146
 0 -145
 0 -144
 0 -143
 0 -142
 0 -141
 0 -140


