# Created by Octave 3.8.2, Mon Jun 22 05:23:46 2020 CEST <damian@fptrucha.inv.usc.es>
# name: hd
# type: matrix
# rows: 41
# columns: 2
 3 -180
 1 -179
 0 -178
 0 -177
 2 -176
 3 -175
 3 -174
 1 -173
 2 -172
 1 -171
 1 -170
 4 -169
 10 -168
 10 -167
 18 -166
 87 -165
 471 -164
 1324 -163
 1672 -162
 2825 -161
 3484 -160
 3416 -159
 3558 -158
 2663 -157
 3592 -156
 3382 -155
 3190 -154
 2182 -153
 885 -152
 645 -151
 115 -150
 5 -149
 0 -148
 0 -147
 0 -146
 0 -145
 0 -144
 0 -143
 0 -142
 0 -141
 0 -140


