# Created by Octave 3.8.2, Sat Jun 20 16:48:28 2020 CEST <damian@fptrucha.inv.usc.es>
# name: hd
# type: matrix
# rows: 41
# columns: 2
 0 -180
 0 -179
 2 -178
 0 -177
 1 -176
 1 -175
 0 -174
 1 -173
 0 -172
 1 -171
 0 -170
 3 -169
 1 -168
 2 -167
 9 -166
 72 -165
 324 -164
 1082 -163
 1583 -162
 2779 -161
 3610 -160
 3790 -159
 3855 -158
 3006 -157
 3678 -156
 3703 -155
 3363 -154
 2648 -153
 1291 -152
 870 -151
 224 -150
 10 -149
 0 -148
 0 -147
 0 -146
 0 -145
 0 -144
 0 -143
 0 -142
 0 -141
 0 -140


