# Created by Octave 3.8.2, Sat Jun 20 04:39:29 2020 CEST <damian@fptrucha.inv.usc.es>
# name: hd
# type: matrix
# rows: 41
# columns: 2
 1 -180
 0 -179
 1 -178
 1 -177
 1 -176
 0 -175
 1 -174
 0 -173
 1 -172
 2 -171
 1 -170
 3 -169
 8 -168
 4 -167
 8 -166
 76 -165
 362 -164
 1235 -163
 1808 -162
 3183 -161
 3853 -160
 4129 -159
 4056 -158
 3231 -157
 4009 -156
 4114 -155
 3739 -154
 2879 -153
 1314 -152
 904 -151
 237 -150
 12 -149
 0 -148
 0 -147
 0 -146
 0 -145
 0 -144
 0 -143
 0 -142
 0 -141
 0 -140


