# Created by Octave 3.8.2, Mon Jun 22 04:10:30 2020 CEST <damian@fptrucha.inv.usc.es>
# name: hd
# type: matrix
# rows: 41
# columns: 2
 2 -180
 2 -179
 1 -178
 3 -177
 3 -176
 4 -175
 4 -174
 2 -173
 3 -172
 4 -171
 3 -170
 4 -169
 8 -168
 4 -167
 18 -166
 97 -165
 445 -164
 1282 -163
 1591 -162
 2885 -161
 3436 -160
 3498 -159
 3422 -158
 2624 -157
 3469 -156
 3406 -155
 3011 -154
 2204 -153
 886 -152
 600 -151
 118 -150
 5 -149
 0 -148
 0 -147
 0 -146
 0 -145
 0 -144
 0 -143
 0 -142
 0 -141
 0 -140


