# Created by Octave 3.8.2, Mon Jun 22 17:59:42 2020 CEST <damian@fptrucha.inv.usc.es>
# name: hd
# type: matrix
# rows: 41
# columns: 2
 1 -180
 1 -179
 0 -178
 0 -177
 0 -176
 1 -175
 2 -174
 5 -173
 1 -172
 3 -171
 10 -170
 7 -169
 6 -168
 3 -167
 15 -166
 100 -165
 490 -164
 1344 -163
 1749 -162
 3135 -161
 3753 -160
 3968 -159
 3821 -158
 2809 -157
 3855 -156
 3845 -155
 3411 -154
 2569 -153
 1069 -152
 733 -151
 160 -150
 7 -149
 0 -148
 0 -147
 0 -146
 0 -145
 0 -144
 0 -143
 0 -142
 0 -141
 0 -140


