# Created by Octave 3.8.2, Sat Jun 20 19:59:46 2020 CEST <damian@fptrucha.inv.usc.es>
# name: hd
# type: matrix
# rows: 41
# columns: 2
 1 -180
 0 -179
 1 -178
 0 -177
 0 -176
 1 -175
 1 -174
 1 -173
 0 -172
 4 -171
 0 -170
 4 -169
 3 -168
 2 -167
 8 -166
 62 -165
 303 -164
 1052 -163
 1679 -162
 2883 -161
 3457 -160
 3742 -159
 3778 -158
 2911 -157
 3668 -156
 3647 -155
 3374 -154
 2573 -153
 1266 -152
 810 -151
 226 -150
 14 -149
 0 -148
 0 -147
 0 -146
 0 -145
 0 -144
 0 -143
 0 -142
 0 -141
 0 -140


