# Created by Octave 3.8.2, Sun Jun 21 02:32:28 2020 CEST <damian@fptrucha.inv.usc.es>
# name: hd
# type: matrix
# rows: 41
# columns: 2
 0 -180
 0 -179
 0 -178
 0 -177
 1 -176
 0 -175
 0 -174
 1 -173
 0 -172
 0 -171
 3 -170
 4 -169
 1 -168
 2 -167
 15 -166
 54 -165
 370 -164
 1082 -163
 1522 -162
 2697 -161
 3415 -160
 3549 -159
 3524 -158
 2810 -157
 3585 -156
 3580 -155
 3307 -154
 2526 -153
 1210 -152
 830 -151
 220 -150
 8 -149
 0 -148
 0 -147
 0 -146
 0 -145
 0 -144
 0 -143
 0 -142
 0 -141
 0 -140


