# Created by Octave 3.8.2, Sat Jun 20 12:19:05 2020 CEST <damian@fptrucha.inv.usc.es>
# name: hd
# type: matrix
# rows: 41
# columns: 2
 0 -180
 0 -179
 1 -178
 0 -177
 0 -176
 1 -175
 0 -174
 1 -173
 0 -172
 1 -171
 2 -170
 2 -169
 4 -168
 3 -167
 9 -166
 75 -165
 382 -164
 1198 -163
 1782 -162
 3149 -161
 3833 -160
 4094 -159
 4044 -158
 3201 -157
 3971 -156
 4074 -155
 3750 -154
 2791 -153
 1349 -152
 906 -151
 244 -150
 20 -149
 0 -148
 0 -147
 0 -146
 0 -145
 0 -144
 0 -143
 0 -142
 0 -141
 0 -140


