# Created by Octave 3.8.2, Mon Jun 22 03:10:43 2020 CEST <damian@fptrucha.inv.usc.es>
# name: hd
# type: matrix
# rows: 41
# columns: 2
 3 -180
 6 -179
 0 -178
 2 -177
 4 -176
 2 -175
 4 -174
 3 -173
 3 -172
 5 -171
 10 -170
 3 -169
 12 -168
 12 -167
 23 -166
 100 -165
 460 -164
 1252 -163
 1508 -162
 2875 -161
 3406 -160
 3662 -159
 3580 -158
 2577 -157
 3532 -156
 3446 -155
 3111 -154
 2238 -153
 982 -152
 674 -151
 149 -150
 8 -149
 0 -148
 0 -147
 0 -146
 0 -145
 0 -144
 0 -143
 0 -142
 0 -141
 0 -140


