# Created by Octave 3.8.2, Mon Jun 22 07:07:42 2020 CEST <damian@fptrucha.inv.usc.es>
# name: hd
# type: matrix
# rows: 41
# columns: 2
 2 -180
 3 -179
 4 -178
 1 -177
 1 -176
 4 -175
 2 -174
 2 -173
 2 -172
 4 -171
 2 -170
 6 -169
 2 -168
 9 -167
 12 -166
 88 -165
 461 -164
 1186 -163
 1600 -162
 2932 -161
 3484 -160
 3542 -159
 3519 -158
 2636 -157
 3604 -156
 3543 -155
 3201 -154
 2264 -153
 972 -152
 647 -151
 160 -150
 7 -149
 0 -148
 0 -147
 0 -146
 0 -145
 0 -144
 0 -143
 0 -142
 0 -141
 0 -140


