# Created by Octave 3.8.2, Sat Jun 20 23:40:33 2020 CEST <damian@fptrucha.inv.usc.es>
# name: hd
# type: matrix
# rows: 41
# columns: 2
 1 -180
 0 -179
 1 -178
 0 -177
 1 -176
 0 -175
 0 -174
 0 -173
 2 -172
 0 -171
 2 -170
 2 -169
 7 -168
 7 -167
 6 -166
 56 -165
 363 -164
 1063 -163
 1526 -162
 2739 -161
 3424 -160
 3636 -159
 3649 -158
 2802 -157
 3731 -156
 3568 -155
 3276 -154
 2582 -153
 1203 -152
 736 -151
 217 -150
 16 -149
 0 -148
 0 -147
 0 -146
 0 -145
 0 -144
 0 -143
 0 -142
 0 -141
 0 -140


