# Created by Octave 3.8.2, Mon Jun 22 01:56:44 2020 CEST <damian@fptrucha.inv.usc.es>
# name: hd
# type: matrix
# rows: 41
# columns: 2
 1 -180
 0 -179
 3 -178
 0 -177
 0 -176
 1 -175
 1 -174
 0 -173
 1 -172
 1 -171
 3 -170
 3 -169
 8 -168
 2 -167
 11 -166
 115 -165
 459 -164
 1321 -163
 1673 -162
 3039 -161
 3714 -160
 3912 -159
 3693 -158
 2795 -157
 3651 -156
 3747 -155
 3351 -154
 2535 -153
 1028 -152
 679 -151
 139 -150
 8 -149
 0 -148
 0 -147
 0 -146
 0 -145
 0 -144
 0 -143
 0 -142
 0 -141
 0 -140


