# Created by Octave 3.8.2, Mon Jun 22 09:31:19 2020 CEST <damian@fptrucha.inv.usc.es>
# name: hd
# type: matrix
# rows: 41
# columns: 2
 3 -180
 2 -179
 3 -178
 1 -177
 2 -176
 1 -175
 5 -174
 8 -173
 3 -172
 4 -171
 3 -170
 4 -169
 4 -168
 4 -167
 12 -166
 91 -165
 427 -164
 1301 -163
 1642 -162
 2838 -161
 3478 -160
 3626 -159
 3644 -158
 2670 -157
 3590 -156
 3679 -155
 3331 -154
 2426 -153
 993 -152
 669 -151
 170 -150
 6 -149
 0 -148
 0 -147
 0 -146
 0 -145
 0 -144
 0 -143
 0 -142
 0 -141
 0 -140


