# Created by Octave 3.8.2, Mon Jun 22 16:23:22 2020 CEST <damian@fptrucha.inv.usc.es>
# name: hd
# type: matrix
# rows: 41
# columns: 2
 3 -180
 4 -179
 3 -178
 0 -177
 1 -176
 0 -175
 1 -174
 1 -173
 1 -172
 5 -171
 4 -170
 5 -169
 6 -168
 5 -167
 15 -166
 108 -165
 502 -164
 1452 -163
 1698 -162
 3173 -161
 3718 -160
 3987 -159
 3836 -158
 2789 -157
 3849 -156
 3938 -155
 3415 -154
 2508 -153
 993 -152
 722 -151
 161 -150
 2 -149
 0 -148
 0 -147
 0 -146
 0 -145
 0 -144
 0 -143
 0 -142
 0 -141
 0 -140


