# Created by Octave 3.8.2, Mon Jun 22 17:12:49 2020 CEST <damian@fptrucha.inv.usc.es>
# name: hd
# type: matrix
# rows: 41
# columns: 2
 0 -180
 0 -179
 5 -178
 1 -177
 1 -176
 1 -175
 1 -174
 3 -173
 0 -172
 0 -171
 1 -170
 5 -169
 9 -168
 3 -167
 15 -166
 94 -165
 512 -164
 1403 -163
 1787 -162
 3163 -161
 3723 -160
 3977 -159
 3858 -158
 2829 -157
 3843 -156
 3900 -155
 3454 -154
 2545 -153
 1045 -152
 671 -151
 159 -150
 4 -149
 0 -148
 0 -147
 0 -146
 0 -145
 0 -144
 0 -143
 0 -142
 0 -141
 0 -140


