# Created by Octave 3.8.2, Sun Jun 21 02:31:22 2020 CEST <damian@fptrucha.inv.usc.es>
# name: hd
# type: matrix
# rows: 41
# columns: 2
 0 -180
 0 -179
 0 -178
 0 -177
 0 -176
 0 -175
 0 -174
 2 -173
 1 -172
 2 -171
 1 -170
 3 -169
 4 -168
 6 -167
 6 -166
 64 -165
 311 -164
 1077 -163
 1550 -162
 2796 -161
 3463 -160
 3786 -159
 3687 -158
 2903 -157
 3664 -156
 3664 -155
 3386 -154
 2675 -153
 1245 -152
 769 -151
 186 -150
 13 -149
 0 -148
 0 -147
 0 -146
 0 -145
 0 -144
 0 -143
 0 -142
 0 -141
 0 -140


