# Created by Octave 3.8.2, Mon Jun 22 12:17:56 2020 CEST <damian@fptrucha.inv.usc.es>
# name: hd
# type: matrix
# rows: 41
# columns: 2
 1 -180
 0 -179
 1 -178
 0 -177
 2 -176
 2 -175
 4 -174
 1 -173
 3 -172
 2 -171
 7 -170
 8 -169
 9 -168
 6 -167
 10 -166
 93 -165
 489 -164
 1215 -163
 1601 -162
 3072 -161
 3660 -160
 3831 -159
 3692 -158
 2735 -157
 3802 -156
 3719 -155
 3358 -154
 2478 -153
 962 -152
 689 -151
 170 -150
 4 -149
 1 -148
 0 -147
 0 -146
 0 -145
 0 -144
 0 -143
 0 -142
 0 -141
 0 -140


