# Created by Octave 3.8.2, Mon Jun 22 17:09:29 2020 CEST <damian@fptrucha.inv.usc.es>
# name: hd
# type: matrix
# rows: 41
# columns: 2
 1 -180
 0 -179
 2 -178
 0 -177
 2 -176
 2 -175
 2 -174
 0 -173
 0 -172
 3 -171
 3 -170
 4 -169
 12 -168
 4 -167
 16 -166
 93 -165
 545 -164
 1404 -163
 1693 -162
 3198 -161
 3587 -160
 4058 -159
 3849 -158
 2807 -157
 3820 -156
 3828 -155
 3509 -154
 2560 -153
 1073 -152
 726 -151
 200 -150
 3 -149
 0 -148
 0 -147
 0 -146
 0 -145
 0 -144
 0 -143
 0 -142
 0 -141
 0 -140


