# Created by Octave 3.8.2, Sun Jun 21 01:01:40 2020 CEST <damian@fptrucha.inv.usc.es>
# name: hd
# type: matrix
# rows: 41
# columns: 2
 0 -180
 0 -179
 0 -178
 1 -177
 1 -176
 2 -175
 0 -174
 1 -173
 1 -172
 1 -171
 0 -170
 3 -169
 4 -168
 1 -167
 8 -166
 55 -165
 328 -164
 1059 -163
 1573 -162
 2739 -161
 3334 -160
 3658 -159
 3595 -158
 2853 -157
 3691 -156
 3539 -155
 3251 -154
 2595 -153
 1179 -152
 797 -151
 229 -150
 17 -149
 0 -148
 0 -147
 0 -146
 0 -145
 0 -144
 0 -143
 0 -142
 0 -141
 0 -140


