# Created by Octave 3.8.2, Sat Jun 20 09:01:47 2020 CEST <damian@fptrucha.inv.usc.es>
# name: hd
# type: matrix
# rows: 41
# columns: 2
 0 -180
 1 -179
 0 -178
 0 -177
 1 -176
 0 -175
 1 -174
 0 -173
 1 -172
 0 -171
 2 -170
 3 -169
 2 -168
 1 -167
 10 -166
 63 -165
 408 -164
 1281 -163
 1841 -162
 3331 -161
 4168 -160
 4226 -159
 4236 -158
 3435 -157
 4202 -156
 4270 -155
 3898 -154
 2982 -153
 1457 -152
 980 -151
 217 -150
 14 -149
 0 -148
 0 -147
 0 -146
 0 -145
 0 -144
 0 -143
 0 -142
 0 -141
 0 -140


