# Created by Octave 3.8.2, Mon Jun 22 06:38:32 2020 CEST <damian@fptrucha.inv.usc.es>
# name: hd
# type: matrix
# rows: 41
# columns: 2
 1 -180
 0 -179
 2 -178
 2 -177
 4 -176
 1 -175
 0 -174
 2 -173
 2 -172
 6 -171
 4 -170
 7 -169
 9 -168
 5 -167
 12 -166
 91 -165
 462 -164
 1283 -163
 1563 -162
 2937 -161
 3519 -160
 3598 -159
 3614 -158
 2671 -157
 3575 -156
 3513 -155
 3200 -154
 2343 -153
 922 -152
 641 -151
 146 -150
 5 -149
 0 -148
 0 -147
 0 -146
 0 -145
 0 -144
 0 -143
 0 -142
 0 -141
 0 -140


