# Created by Octave 3.8.2, Mon Jun 22 02:50:01 2020 CEST <damian@fptrucha.inv.usc.es>
# name: hd
# type: matrix
# rows: 41
# columns: 2
 5 -180
 7 -179
 8 -178
 4 -177
 3 -176
 2 -175
 2 -174
 2 -173
 3 -172
 7 -171
 5 -170
 8 -169
 10 -168
 3 -167
 23 -166
 89 -165
 410 -164
 1202 -163
 1522 -162
 2856 -161
 3382 -160
 3693 -159
 3527 -158
 2582 -157
 3626 -156
 3447 -155
 3131 -154
 2305 -153
 923 -152
 666 -151
 131 -150
 3 -149
 0 -148
 0 -147
 0 -146
 0 -145
 0 -144
 0 -143
 0 -142
 0 -141
 0 -140


