# Created by Octave 3.8.2, Sat Jun 20 16:06:42 2020 CEST <damian@fptrucha.inv.usc.es>
# name: hd
# type: matrix
# rows: 41
# columns: 2
 0 -180
 0 -179
 0 -178
 1 -177
 1 -176
 0 -175
 0 -174
 2 -173
 0 -172
 1 -171
 3 -170
 2 -169
 7 -168
 3 -167
 8 -166
 61 -165
 364 -164
 1050 -163
 1609 -162
 2929 -161
 3675 -160
 3785 -159
 3880 -158
 2989 -157
 3788 -156
 3752 -155
 3559 -154
 2732 -153
 1292 -152
 840 -151
 205 -150
 14 -149
 0 -148
 0 -147
 0 -146
 0 -145
 0 -144
 0 -143
 0 -142
 0 -141
 0 -140


