# Created by Octave 3.8.2, Sat Jun 20 16:16:03 2020 CEST <damian@fptrucha.inv.usc.es>
# name: hd
# type: matrix
# rows: 41
# columns: 2
 0 -180
 0 -179
 0 -178
 1 -177
 1 -176
 0 -175
 0 -174
 0 -173
 0 -172
 1 -171
 0 -170
 3 -169
 2 -168
 1 -167
 8 -166
 57 -165
 327 -164
 1073 -163
 1597 -162
 2892 -161
 3602 -160
 3863 -159
 3750 -158
 3047 -157
 3717 -156
 3797 -155
 3393 -154
 2749 -153
 1297 -152
 897 -151
 248 -150
 13 -149
 0 -148
 0 -147
 0 -146
 0 -145
 0 -144
 0 -143
 0 -142
 0 -141
 0 -140


