# Created by Octave 3.8.2, Sat Jun 20 07:28:50 2020 CEST <damian@fptrucha.inv.usc.es>
# name: hd
# type: matrix
# rows: 41
# columns: 2
 0 -180
 0 -179
 1 -178
 0 -177
 0 -176
 1 -175
 1 -174
 1 -173
 0 -172
 2 -171
 3 -170
 8 -169
 3 -168
 1 -167
 10 -166
 63 -165
 395 -164
 1305 -163
 1831 -162
 3313 -161
 3953 -160
 4179 -159
 4203 -158
 3309 -157
 4247 -156
 4203 -155
 3900 -154
 2958 -153
 1410 -152
 975 -151
 230 -150
 18 -149
 0 -148
 0 -147
 0 -146
 0 -145
 0 -144
 0 -143
 0 -142
 0 -141
 0 -140


