# Created by Octave 3.8.2, Sat Jun 20 18:49:51 2020 CEST <damian@fptrucha.inv.usc.es>
# name: hd
# type: matrix
# rows: 41
# columns: 2
 1 -180
 2 -179
 1 -178
 0 -177
 0 -176
 0 -175
 1 -174
 1 -173
 2 -172
 2 -171
 0 -170
 3 -169
 5 -168
 1 -167
 7 -166
 59 -165
 337 -164
 1095 -163
 1596 -162
 2885 -161
 3619 -160
 3706 -159
 3757 -158
 2888 -157
 3734 -156
 3543 -155
 3464 -154
 2692 -153
 1287 -152
 839 -151
 236 -150
 13 -149
 0 -148
 0 -147
 0 -146
 0 -145
 0 -144
 0 -143
 0 -142
 0 -141
 0 -140


