# Created by Octave 3.8.2, Mon Jun 22 18:06:29 2020 CEST <damian@fptrucha.inv.usc.es>
# name: hd
# type: matrix
# rows: 41
# columns: 2
 3 -180
 4 -179
 1 -178
 0 -177
 1 -176
 2 -175
 1 -174
 3 -173
 0 -172
 1 -171
 3 -170
 5 -169
 8 -168
 7 -167
 3 -166
 98 -165
 468 -164
 1360 -163
 1742 -162
 3151 -161
 3759 -160
 3959 -159
 3905 -158
 2862 -157
 3868 -156
 3862 -155
 3607 -154
 2541 -153
 1045 -152
 735 -151
 158 -150
 6 -149
 0 -148
 0 -147
 0 -146
 0 -145
 0 -144
 0 -143
 0 -142
 0 -141
 0 -140


