# Created by Octave 3.8.2, Sun Jun 21 06:53:13 2020 CEST <damian@fptrucha.inv.usc.es>
# name: hd
# type: matrix
# rows: 41
# columns: 2
 0 -180
 0 -179
 3 -178
 0 -177
 0 -176
 1 -175
 1 -174
 0 -173
 2 -172
 0 -171
 2 -170
 1 -169
 2 -168
 1 -167
 4 -166
 65 -165
 323 -164
 1023 -163
 1569 -162
 2705 -161
 3368 -160
 3597 -159
 3578 -158
 2909 -157
 3619 -156
 3628 -155
 3239 -154
 2513 -153
 1224 -152
 782 -151
 225 -150
 15 -149
 0 -148
 0 -147
 0 -146
 0 -145
 0 -144
 0 -143
 0 -142
 0 -141
 0 -140


