# Created by Octave 3.8.2, Mon Jun 22 12:44:06 2020 CEST <damian@fptrucha.inv.usc.es>
# name: hd
# type: matrix
# rows: 41
# columns: 2
 1 -180
 2 -179
 0 -178
 2 -177
 1 -176
 2 -175
 2 -174
 1 -173
 1 -172
 2 -171
 0 -170
 6 -169
 9 -168
 2 -167
 15 -166
 94 -165
 463 -164
 1346 -163
 1672 -162
 3045 -161
 3629 -160
 3839 -159
 3646 -158
 2833 -157
 3866 -156
 3695 -155
 3441 -154
 2473 -153
 1028 -152
 692 -151
 168 -150
 7 -149
 0 -148
 0 -147
 0 -146
 0 -145
 0 -144
 0 -143
 0 -142
 0 -141
 0 -140


