# Created by Octave 3.8.2, Mon Jun 22 05:22:47 2020 CEST <damian@fptrucha.inv.usc.es>
# name: hd
# type: matrix
# rows: 41
# columns: 2
 3 -180
 2 -179
 1 -178
 2 -177
 1 -176
 3 -175
 5 -174
 1 -173
 0 -172
 2 -171
 4 -170
 6 -169
 7 -168
 2 -167
 13 -166
 100 -165
 453 -164
 1311 -163
 1633 -162
 2878 -161
 3347 -160
 3516 -159
 3471 -158
 2594 -157
 3510 -156
 3511 -155
 3103 -154
 2206 -153
 922 -152
 611 -151
 141 -150
 4 -149
 0 -148
 0 -147
 0 -146
 0 -145
 0 -144
 0 -143
 0 -142
 0 -141
 0 -140


