# Created by Octave 3.8.2, Sat Jun 20 14:05:58 2020 CEST <damian@fptrucha.inv.usc.es>
# name: hd
# type: matrix
# rows: 41
# columns: 2
 1 -180
 0 -179
 0 -178
 1 -177
 0 -176
 0 -175
 0 -174
 0 -173
 2 -172
 3 -171
 1 -170
 5 -169
 5 -168
 2 -167
 11 -166
 62 -165
 416 -164
 1116 -163
 1742 -162
 3059 -161
 3695 -160
 3905 -159
 3933 -158
 3159 -157
 3988 -156
 3789 -155
 3680 -154
 2832 -153
 1228 -152
 835 -151
 237 -150
 15 -149
 0 -148
 0 -147
 0 -146
 0 -145
 0 -144
 0 -143
 0 -142
 0 -141
 0 -140


