# Created by Octave 3.8.2, Mon Jun 22 19:06:44 2020 CEST <damian@fptrucha.inv.usc.es>
# name: hd
# type: matrix
# rows: 41
# columns: 2
 1 -180
 1 -179
 5 -178
 1 -177
 1 -176
 1 -175
 1 -174
 1 -173
 0 -172
 5 -171
 2 -170
 2 -169
 7 -168
 4 -167
 13 -166
 87 -165
 452 -164
 1315 -163
 1663 -162
 3122 -161
 3885 -160
 4023 -159
 3965 -158
 2920 -157
 3849 -156
 3956 -155
 3536 -154
 2516 -153
 1076 -152
 730 -151
 162 -150
 8 -149
 0 -148
 0 -147
 0 -146
 0 -145
 0 -144
 0 -143
 0 -142
 0 -141
 0 -140


