# Created by Octave 3.8.2, Sat Jun 20 03:53:41 2020 CEST <damian@fptrucha.inv.usc.es>
# name: hd
# type: matrix
# rows: 41
# columns: 2
 1 -180
 0 -179
 1 -178
 2 -177
 0 -176
 1 -175
 1 -174
 0 -173
 0 -172
 3 -171
 1 -170
 4 -169
 4 -168
 3 -167
 9 -166
 66 -165
 351 -164
 1215 -163
 1745 -162
 3179 -161
 3846 -160
 4061 -159
 4152 -158
 3214 -157
 4102 -156
 4101 -155
 3839 -154
 2941 -153
 1329 -152
 901 -151
 263 -150
 20 -149
 0 -148
 0 -147
 0 -146
 0 -145
 0 -144
 0 -143
 0 -142
 0 -141
 0 -140


