# Created by Octave 3.8.2, Mon Jun 22 23:56:13 2020 CEST <damian@fptrucha.inv.usc.es>
# name: hd
# type: matrix
# rows: 41
# columns: 2
 0 -180
 0 -179
 2 -178
 1 -177
 3 -176
 0 -175
 2 -174
 0 -173
 0 -172
 1 -171
 1 -170
 4 -169
 3 -168
 6 -167
 8 -166
 58 -165
 425 -164
 1172 -163
 1792 -162
 3199 -161
 3867 -160
 4001 -159
 4154 -158
 3134 -157
 3886 -156
 3939 -155
 3640 -154
 2785 -153
 1300 -152
 857 -151
 219 -150
 12 -149
 0 -148
 0 -147
 0 -146
 0 -145
 0 -144
 0 -143
 0 -142
 0 -141
 0 -140


