# Created by Octave 3.8.2, Sat Jun 20 21:14:40 2020 CEST <damian@fptrucha.inv.usc.es>
# name: hd
# type: matrix
# rows: 41
# columns: 2
 1 -180
 0 -179
 0 -178
 0 -177
 0 -176
 0 -175
 1 -174
 0 -173
 2 -172
 2 -171
 1 -170
 2 -169
 5 -168
 2 -167
 8 -166
 57 -165
 313 -164
 1008 -163
 1523 -162
 2893 -161
 3505 -160
 3652 -159
 3612 -158
 2827 -157
 3587 -156
 3754 -155
 3404 -154
 2561 -153
 1176 -152
 871 -151
 237 -150
 11 -149
 0 -148
 0 -147
 0 -146
 0 -145
 0 -144
 0 -143
 0 -142
 0 -141
 0 -140


