# Created by Octave 3.8.2, Mon Jun 22 16:06:02 2020 CEST <damian@fptrucha.inv.usc.es>
# name: hd
# type: matrix
# rows: 41
# columns: 2
 2 -180
 0 -179
 0 -178
 0 -177
 1 -176
 2 -175
 3 -174
 1 -173
 0 -172
 2 -171
 0 -170
 1 -169
 5 -168
 5 -167
 14 -166
 110 -165
 504 -164
 1340 -163
 1797 -162
 3119 -161
 3796 -160
 3913 -159
 3784 -158
 2815 -157
 3916 -156
 3944 -155
 3644 -154
 2498 -153
 1018 -152
 713 -151
 177 -150
 4 -149
 0 -148
 0 -147
 0 -146
 0 -145
 0 -144
 0 -143
 0 -142
 0 -141
 0 -140


