# Created by Octave 3.8.2, Mon Jun 22 05:28:39 2020 CEST <damian@fptrucha.inv.usc.es>
# name: hd
# type: matrix
# rows: 41
# columns: 2
 5 -180
 3 -179
 2 -178
 0 -177
 4 -176
 6 -175
 2 -174
 3 -173
 2 -172
 3 -171
 3 -170
 2 -169
 4 -168
 3 -167
 5 -166
 105 -165
 457 -164
 1282 -163
 1568 -162
 2922 -161
 3397 -160
 3700 -159
 3491 -158
 2546 -157
 3518 -156
 3536 -155
 3117 -154
 2191 -153
 930 -152
 657 -151
 119 -150
 4 -149
 0 -148
 0 -147
 0 -146
 0 -145
 0 -144
 0 -143
 0 -142
 0 -141
 0 -140


