# Created by Octave 3.8.2, Sat Jun 20 23:32:29 2020 CEST <damian@fptrucha.inv.usc.es>
# name: hd
# type: matrix
# rows: 41
# columns: 2
 2 -180
 1 -179
 2 -178
 2 -177
 0 -176
 0 -175
 0 -174
 0 -173
 1 -172
 1 -171
 0 -170
 2 -169
 3 -168
 2 -167
 6 -166
 48 -165
 296 -164
 1069 -163
 1549 -162
 2753 -161
 3606 -160
 3606 -159
 3678 -158
 2913 -157
 3713 -156
 3578 -155
 3373 -154
 2665 -153
 1275 -152
 841 -151
 210 -150
 10 -149
 0 -148
 0 -147
 0 -146
 0 -145
 0 -144
 0 -143
 0 -142
 0 -141
 0 -140


