# Created by Octave 3.8.2, Sat Jun 20 09:27:46 2020 CEST <damian@fptrucha.inv.usc.es>
# name: hd
# type: matrix
# rows: 41
# columns: 2
 0 -180
 0 -179
 3 -178
 1 -177
 0 -176
 0 -175
 0 -174
 0 -173
 3 -172
 2 -171
 4 -170
 1 -169
 3 -168
 6 -167
 7 -166
 66 -165
 382 -164
 1176 -163
 1895 -162
 3271 -161
 3943 -160
 4313 -159
 4252 -158
 3323 -157
 4186 -156
 4203 -155
 3979 -154
 3029 -153
 1388 -152
 939 -151
 248 -150
 19 -149
 0 -148
 0 -147
 0 -146
 0 -145
 0 -144
 0 -143
 0 -142
 0 -141
 0 -140


