# Created by Octave 3.8.2, Mon Jun 22 23:42:25 2020 CEST <damian@fptrucha.inv.usc.es>
# name: hd
# type: matrix
# rows: 41
# columns: 2
 0 -180
 3 -179
 2 -178
 1 -177
 0 -176
 2 -175
 3 -174
 2 -173
 0 -172
 3 -171
 3 -170
 4 -169
 2 -168
 5 -167
 8 -166
 67 -165
 387 -164
 1291 -163
 1749 -162
 3162 -161
 3855 -160
 3989 -159
 4049 -158
 3050 -157
 4022 -156
 3881 -155
 3772 -154
 2717 -153
 1296 -152
 815 -151
 248 -150
 11 -149
 0 -148
 0 -147
 0 -146
 0 -145
 0 -144
 0 -143
 0 -142
 0 -141
 0 -140


