# Created by Octave 3.8.2, Mon Jun 22 00:49:09 2020 CEST <damian@fptrucha.inv.usc.es>
# name: hd
# type: matrix
# rows: 41
# columns: 2
 0 -180
 1 -179
 0 -178
 0 -177
 1 -176
 0 -175
 1 -174
 0 -173
 1 -172
 0 -171
 0 -170
 2 -169
 4 -168
 1 -167
 1 -166
 60 -165
 336 -164
 1000 -163
 1611 -162
 2875 -161
 3437 -160
 3727 -159
 3712 -158
 2855 -157
 3602 -156
 3536 -155
 3495 -154
 2631 -153
 1273 -152
 809 -151
 243 -150
 16 -149
 0 -148
 0 -147
 0 -146
 0 -145
 0 -144
 0 -143
 0 -142
 0 -141
 0 -140


