# Created by Octave 3.8.2, Sun Jun 21 04:30:54 2020 CEST <damian@fptrucha.inv.usc.es>
# name: hd
# type: matrix
# rows: 41
# columns: 2
 0 -180
 1 -179
 0 -178
 1 -177
 1 -176
 3 -175
 0 -174
 1 -173
 2 -172
 1 -171
 4 -170
 4 -169
 3 -168
 5 -167
 9 -166
 63 -165
 391 -164
 1105 -163
 1633 -162
 2832 -161
 3525 -160
 3715 -159
 3681 -158
 2833 -157
 3654 -156
 3592 -155
 3399 -154
 2599 -153
 1236 -152
 773 -151
 220 -150
 14 -149
 0 -148
 0 -147
 0 -146
 0 -145
 0 -144
 0 -143
 0 -142
 0 -141
 0 -140


