# Created by Octave 3.8.2, Sat Jun 20 22:20:33 2020 CEST <damian@fptrucha.inv.usc.es>
# name: hd
# type: matrix
# rows: 41
# columns: 2
 0 -180
 1 -179
 0 -178
 0 -177
 0 -176
 0 -175
 0 -174
 0 -173
 0 -172
 0 -171
 1 -170
 2 -169
 8 -168
 3 -167
 7 -166
 59 -165
 343 -164
 1087 -163
 1607 -162
 2880 -161
 3549 -160
 3721 -159
 3645 -158
 2954 -157
 3635 -156
 3576 -155
 3554 -154
 2608 -153
 1272 -152
 847 -151
 241 -150
 9 -149
 0 -148
 0 -147
 0 -146
 0 -145
 0 -144
 0 -143
 0 -142
 0 -141
 0 -140


