# Created by Octave 3.8.2, Mon Jun 22 14:23:31 2020 CEST <damian@fptrucha.inv.usc.es>
# name: hd
# type: matrix
# rows: 41
# columns: 2
 2 -180
 1 -179
 0 -178
 0 -177
 3 -176
 3 -175
 0 -174
 2 -173
 0 -172
 4 -171
 3 -170
 4 -169
 2 -168
 6 -167
 11 -166
 110 -165
 463 -164
 1295 -163
 1686 -162
 2905 -161
 3661 -160
 3762 -159
 3760 -158
 2682 -157
 3719 -156
 3711 -155
 3387 -154
 2377 -153
 964 -152
 689 -151
 170 -150
 3 -149
 0 -148
 0 -147
 0 -146
 0 -145
 0 -144
 0 -143
 0 -142
 0 -141
 0 -140


