# Created by Octave 3.8.2, Mon Jun 22 02:27:31 2020 CEST <damian@fptrucha.inv.usc.es>
# name: hd
# type: matrix
# rows: 41
# columns: 2
 1 -180
 0 -179
 0 -178
 1 -177
 1 -176
 0 -175
 0 -174
 0 -173
 0 -172
 0 -171
 0 -170
 0 -169
 0 -168
 0 -167
 1 -166
 9 -165
 23 -164
 43 -163
 54 -162
 89 -161
 90 -160
 79 -159
 83 -158
 71 -157
 91 -156
 78 -155
 67 -154
 47 -153
 10 -152
 11 -151
 0 -150
 0 -149
 0 -148
 0 -147
 0 -146
 0 -145
 0 -144
 0 -143
 0 -142
 0 -141
 0 -140


