# Created by Octave 3.8.2, Sat Jun 20 07:24:30 2020 CEST <damian@fptrucha.inv.usc.es>
# name: hd
# type: matrix
# rows: 41
# columns: 2
 0 -180
 1 -179
 2 -178
 0 -177
 1 -176
 3 -175
 0 -174
 0 -173
 1 -172
 1 -171
 3 -170
 3 -169
 4 -168
 7 -167
 11 -166
 75 -165
 418 -164
 1266 -163
 1909 -162
 3187 -161
 4036 -160
 4156 -159
 4237 -158
 3382 -157
 4260 -156
 4115 -155
 3747 -154
 2892 -153
 1332 -152
 935 -151
 233 -150
 11 -149
 0 -148
 0 -147
 0 -146
 0 -145
 0 -144
 0 -143
 0 -142
 0 -141
 0 -140


