# Created by Octave 3.8.2, Sat Jun 20 21:57:31 2020 CEST <damian@fptrucha.inv.usc.es>
# name: hd
# type: matrix
# rows: 41
# columns: 2
 1 -180
 0 -179
 0 -178
 0 -177
 0 -176
 2 -175
 0 -174
 0 -173
 0 -172
 1 -171
 2 -170
 2 -169
 5 -168
 2 -167
 6 -166
 70 -165
 298 -164
 1017 -163
 1548 -162
 2833 -161
 3532 -160
 3792 -159
 3681 -158
 2865 -157
 3636 -156
 3710 -155
 3407 -154
 2646 -153
 1215 -152
 779 -151
 219 -150
 14 -149
 0 -148
 0 -147
 0 -146
 0 -145
 0 -144
 0 -143
 0 -142
 0 -141
 0 -140


