# Created by Octave 3.8.2, Mon Jun 22 10:48:33 2020 CEST <damian@fptrucha.inv.usc.es>
# name: hd
# type: matrix
# rows: 41
# columns: 2
 2 -180
 1 -179
 3 -178
 3 -177
 5 -176
 4 -175
 2 -174
 3 -173
 0 -172
 1 -171
 5 -170
 8 -169
 8 -168
 2 -167
 10 -166
 83 -165
 496 -164
 1327 -163
 1659 -162
 3022 -161
 3607 -160
 3866 -159
 3631 -158
 2597 -157
 3745 -156
 3700 -155
 3393 -154
 2514 -153
 978 -152
 682 -151
 181 -150
 6 -149
 0 -148
 0 -147
 0 -146
 0 -145
 0 -144
 0 -143
 0 -142
 0 -141
 0 -140


