# Created by Octave 3.8.2, Mon Jun 22 23:16:25 2020 CEST <damian@fptrucha.inv.usc.es>
# name: hd
# type: matrix
# rows: 41
# columns: 2
 0 -180
 0 -179
 0 -178
 1 -177
 0 -176
 1 -175
 5 -174
 1 -173
 0 -172
 4 -171
 2 -170
 3 -169
 4 -168
 5 -167
 9 -166
 89 -165
 419 -164
 1226 -163
 1832 -162
 3181 -161
 3833 -160
 4070 -159
 4138 -158
 3166 -157
 4038 -156
 3953 -155
 3677 -154
 2971 -153
 1261 -152
 861 -151
 223 -150
 15 -149
 0 -148
 0 -147
 0 -146
 0 -145
 0 -144
 0 -143
 0 -142
 0 -141
 0 -140


