# Created by Octave 3.8.2, Mon Jun 22 15:25:52 2020 CEST <damian@fptrucha.inv.usc.es>
# name: hd
# type: matrix
# rows: 41
# columns: 2
 0 -180
 1 -179
 1 -178
 1 -177
 0 -176
 3 -175
 3 -174
 2 -173
 0 -172
 2 -171
 3 -170
 6 -169
 5 -168
 6 -167
 16 -166
 107 -165
 464 -164
 1332 -163
 1666 -162
 3186 -161
 3868 -160
 3854 -159
 3955 -158
 2788 -157
 3810 -156
 3856 -155
 3494 -154
 2467 -153
 1039 -152
 755 -151
 153 -150
 5 -149
 0 -148
 0 -147
 0 -146
 0 -145
 0 -144
 0 -143
 0 -142
 0 -141
 0 -140


