# Created by Octave 3.8.2, Sun Jun 21 03:27:49 2020 CEST <damian@fptrucha.inv.usc.es>
# name: hd
# type: matrix
# rows: 41
# columns: 2
 0 -180
 0 -179
 1 -178
 0 -177
 0 -176
 1 -175
 1 -174
 0 -173
 2 -172
 1 -171
 0 -170
 1 -169
 2 -168
 4 -167
 12 -166
 61 -165
 332 -164
 1083 -163
 1632 -162
 2770 -161
 3429 -160
 3788 -159
 3682 -158
 2948 -157
 3726 -156
 3694 -155
 3407 -154
 2503 -153
 1167 -152
 788 -151
 202 -150
 14 -149
 0 -148
 0 -147
 0 -146
 0 -145
 0 -144
 0 -143
 0 -142
 0 -141
 0 -140


