# Created by Octave 3.8.2, Sat Jun 20 18:33:25 2020 CEST <damian@fptrucha.inv.usc.es>
# name: hd
# type: matrix
# rows: 41
# columns: 2
 0 -180
 0 -179
 3 -178
 1 -177
 0 -176
 0 -175
 0 -174
 1 -173
 1 -172
 1 -171
 3 -170
 1 -169
 1 -168
 7 -167
 7 -166
 54 -165
 301 -164
 1037 -163
 1648 -162
 2759 -161
 3441 -160
 3779 -159
 3723 -158
 2931 -157
 3652 -156
 3619 -155
 3362 -154
 2628 -153
 1280 -152
 807 -151
 193 -150
 17 -149
 0 -148
 0 -147
 0 -146
 0 -145
 0 -144
 0 -143
 0 -142
 0 -141
 0 -140


