# Created by Octave 3.8.2, Mon Jun 22 14:43:34 2020 CEST <damian@fptrucha.inv.usc.es>
# name: hd
# type: matrix
# rows: 41
# columns: 2
 4 -180
 4 -179
 2 -178
 0 -177
 1 -176
 2 -175
 0 -174
 2 -173
 3 -172
 4 -171
 1 -170
 13 -169
 3 -168
 8 -167
 12 -166
 101 -165
 498 -164
 1423 -163
 1695 -162
 3066 -161
 3746 -160
 3888 -159
 3751 -158
 2732 -157
 3709 -156
 3823 -155
 3520 -154
 2578 -153
 1040 -152
 762 -151
 166 -150
 12 -149
 0 -148
 0 -147
 0 -146
 0 -145
 0 -144
 0 -143
 0 -142
 0 -141
 0 -140


