# Created by Octave 3.8.2, Sat Jun 20 07:27:25 2020 CEST <damian@fptrucha.inv.usc.es>
# name: hd
# type: matrix
# rows: 41
# columns: 2
 1 -180
 0 -179
 0 -178
 0 -177
 1 -176
 1 -175
 1 -174
 2 -173
 0 -172
 1 -171
 2 -170
 2 -169
 10 -168
 6 -167
 15 -166
 69 -165
 387 -164
 1287 -163
 1878 -162
 3265 -161
 4122 -160
 4307 -159
 4129 -158
 3404 -157
 4293 -156
 4183 -155
 3832 -154
 3073 -153
 1414 -152
 879 -151
 241 -150
 18 -149
 0 -148
 0 -147
 0 -146
 0 -145
 0 -144
 0 -143
 0 -142
 0 -141
 0 -140


