# Created by Octave 3.8.2, Mon Jun 22 19:58:31 2020 CEST <damian@fptrucha.inv.usc.es>
# name: hd
# type: matrix
# rows: 41
# columns: 2
 2 -180
 0 -179
 5 -178
 1 -177
 2 -176
 2 -175
 3 -174
 1 -173
 2 -172
 4 -171
 3 -170
 3 -169
 8 -168
 2 -167
 11 -166
 70 -165
 475 -164
 1372 -163
 1746 -162
 3283 -161
 3687 -160
 4084 -159
 3973 -158
 2815 -157
 3919 -156
 3826 -155
 3557 -154
 2650 -153
 1024 -152
 744 -151
 177 -150
 4 -149
 0 -148
 0 -147
 0 -146
 0 -145
 0 -144
 0 -143
 0 -142
 0 -141
 0 -140


