# Created by Octave 3.8.2, Sun Jun 21 05:37:08 2020 CEST <damian@fptrucha.inv.usc.es>
# name: hd
# type: matrix
# rows: 41
# columns: 2
 3 -180
 4 -179
 1 -178
 1 -177
 1 -176
 0 -175
 1 -174
 0 -173
 1 -172
 0 -171
 1 -170
 2 -169
 2 -168
 4 -167
 9 -166
 54 -165
 327 -164
 1051 -163
 1605 -162
 2815 -161
 3453 -160
 3645 -159
 3717 -158
 2875 -157
 3595 -156
 3653 -155
 3393 -154
 2565 -153
 1193 -152
 845 -151
 224 -150
 18 -149
 0 -148
 0 -147
 0 -146
 0 -145
 0 -144
 0 -143
 0 -142
 0 -141
 0 -140


