# Created by Octave 3.8.2, Sat Jun 20 11:07:02 2020 CEST <damian@fptrucha.inv.usc.es>
# name: hd
# type: matrix
# rows: 41
# columns: 2
 0 -180
 0 -179
 0 -178
 0 -177
 0 -176
 0 -175
 1 -174
 0 -173
 0 -172
 1 -171
 1 -170
 3 -169
 9 -168
 5 -167
 10 -166
 65 -165
 372 -164
 1218 -163
 1721 -162
 3206 -161
 3881 -160
 4190 -159
 4133 -158
 3149 -157
 4088 -156
 4014 -155
 3782 -154
 3020 -153
 1394 -152
 946 -151
 251 -150
 13 -149
 0 -148
 0 -147
 0 -146
 0 -145
 0 -144
 0 -143
 0 -142
 0 -141
 0 -140


