# Created by Octave 3.8.2, Mon Jun 22 13:06:46 2020 CEST <damian@fptrucha.inv.usc.es>
# name: hd
# type: matrix
# rows: 41
# columns: 2
 3 -180
 1 -179
 3 -178
 0 -177
 3 -176
 6 -175
 0 -174
 0 -173
 2 -172
 3 -171
 3 -170
 2 -169
 5 -168
 5 -167
 9 -166
 89 -165
 439 -164
 1392 -163
 1637 -162
 3029 -161
 3725 -160
 3869 -159
 3779 -158
 2717 -157
 3838 -156
 3715 -155
 3526 -154
 2364 -153
 989 -152
 776 -151
 169 -150
 5 -149
 0 -148
 0 -147
 0 -146
 0 -145
 0 -144
 0 -143
 0 -142
 0 -141
 0 -140


