# Created by Octave 3.8.2, Sun Jun 21 07:36:51 2020 CEST <damian@fptrucha.inv.usc.es>
# name: hd
# type: matrix
# rows: 41
# columns: 2
 0 -180
 0 -179
 0 -178
 0 -177
 0 -176
 0 -175
 1 -174
 1 -173
 0 -172
 0 -171
 2 -170
 4 -169
 4 -168
 4 -167
 14 -166
 52 -165
 359 -164
 1052 -163
 1735 -162
 2893 -161
 3599 -160
 3862 -159
 3770 -158
 3110 -157
 3720 -156
 3750 -155
 3448 -154
 2804 -153
 1237 -152
 791 -151
 240 -150
 20 -149
 0 -148
 0 -147
 0 -146
 0 -145
 0 -144
 0 -143
 0 -142
 0 -141
 0 -140


