# Created by Octave 3.8.2, Sat Jun 20 10:54:04 2020 CEST <damian@fptrucha.inv.usc.es>
# name: hd
# type: matrix
# rows: 41
# columns: 2
 0 -180
 1 -179
 0 -178
 1 -177
 0 -176
 0 -175
 0 -174
 1 -173
 2 -172
 1 -171
 0 -170
 2 -169
 1 -168
 5 -167
 12 -166
 83 -165
 381 -164
 1172 -163
 1815 -162
 3150 -161
 3999 -160
 4116 -159
 4125 -158
 3204 -157
 4075 -156
 4030 -155
 3878 -154
 2921 -153
 1424 -152
 905 -151
 233 -150
 18 -149
 0 -148
 0 -147
 0 -146
 0 -145
 0 -144
 0 -143
 0 -142
 0 -141
 0 -140


