# Created by Octave 3.8.2, Sat Jun 20 07:07:36 2020 CEST <damian@fptrucha.inv.usc.es>
# name: hd
# type: matrix
# rows: 41
# columns: 2
 1 -180
 0 -179
 0 -178
 0 -177
 0 -176
 0 -175
 0 -174
 2 -173
 1 -172
 0 -171
 2 -170
 2 -169
 3 -168
 3 -167
 6 -166
 86 -165
 444 -164
 1316 -163
 1902 -162
 3217 -161
 3929 -160
 4313 -159
 4199 -158
 3319 -157
 4137 -156
 4076 -155
 3826 -154
 3035 -153
 1369 -152
 900 -151
 209 -150
 16 -149
 0 -148
 0 -147
 0 -146
 0 -145
 0 -144
 0 -143
 0 -142
 0 -141
 0 -140


