# Created by Octave 3.8.2, Sat Jun 20 12:55:09 2020 CEST <damian@fptrucha.inv.usc.es>
# name: hd
# type: matrix
# rows: 41
# columns: 2
 1 -180
 0 -179
 0 -178
 0 -177
 1 -176
 0 -175
 0 -174
 1 -173
 1 -172
 3 -171
 3 -170
 3 -169
 6 -168
 4 -167
 10 -166
 86 -165
 398 -164
 1178 -163
 1732 -162
 3061 -161
 3814 -160
 4115 -159
 4207 -158
 3176 -157
 3996 -156
 3950 -155
 3702 -154
 2840 -153
 1318 -152
 850 -151
 224 -150
 15 -149
 0 -148
 0 -147
 0 -146
 0 -145
 0 -144
 0 -143
 0 -142
 0 -141
 0 -140


