# Created by Octave 3.8.2, Mon Jun 22 09:46:28 2020 CEST <damian@fptrucha.inv.usc.es>
# name: hd
# type: matrix
# rows: 41
# columns: 2
 2 -180
 2 -179
 4 -178
 1 -177
 2 -176
 0 -175
 2 -174
 3 -173
 1 -172
 2 -171
 3 -170
 4 -169
 7 -168
 7 -167
 12 -166
 98 -165
 409 -164
 1270 -163
 1671 -162
 2985 -161
 3619 -160
 3747 -159
 3547 -158
 2727 -157
 3587 -156
 3757 -155
 3298 -154
 2420 -153
 949 -152
 721 -151
 160 -150
 7 -149
 0 -148
 0 -147
 0 -146
 0 -145
 0 -144
 0 -143
 0 -142
 0 -141
 0 -140


