# Created by Octave 3.8.2, Mon Jun 22 21:58:19 2020 CEST <damian@fptrucha.inv.usc.es>
# name: hd
# type: matrix
# rows: 41
# columns: 2
 2 -180
 1 -179
 1 -178
 2 -177
 1 -176
 1 -175
 1 -174
 1 -173
 0 -172
 1 -171
 2 -170
 3 -169
 5 -168
 1 -167
 8 -166
 80 -165
 409 -164
 1226 -163
 1774 -162
 3130 -161
 3769 -160
 4113 -159
 3972 -158
 3147 -157
 3979 -156
 3967 -155
 3581 -154
 2890 -153
 1270 -152
 765 -151
 203 -150
 14 -149
 0 -148
 0 -147
 0 -146
 0 -145
 0 -144
 0 -143
 0 -142
 0 -141
 0 -140


