# Created by Octave 3.8.2, Mon Jun 22 05:43:58 2020 CEST <damian@fptrucha.inv.usc.es>
# name: hd
# type: matrix
# rows: 41
# columns: 2
 1 -180
 2 -179
 5 -178
 2 -177
 2 -176
 4 -175
 1 -174
 2 -173
 1 -172
 2 -171
 0 -170
 8 -169
 5 -168
 4 -167
 22 -166
 83 -165
 438 -164
 1254 -163
 1524 -162
 2919 -161
 3378 -160
 3616 -159
 3490 -158
 2579 -157
 3440 -156
 3389 -155
 3122 -154
 2307 -153
 943 -152
 665 -151
 131 -150
 4 -149
 0 -148
 0 -147
 0 -146
 0 -145
 0 -144
 0 -143
 0 -142
 0 -141
 0 -140


