# Created by Octave 3.8.2, Sat Jun 20 11:42:59 2020 CEST <damian@fptrucha.inv.usc.es>
# name: hd
# type: matrix
# rows: 41
# columns: 2
 0 -180
 0 -179
 0 -178
 1 -177
 0 -176
 1 -175
 0 -174
 0 -173
 0 -172
 1 -171
 2 -170
 3 -169
 3 -168
 3 -167
 11 -166
 75 -165
 379 -164
 1208 -163
 1804 -162
 3183 -161
 3950 -160
 3954 -159
 3884 -158
 3174 -157
 4030 -156
 4081 -155
 3713 -154
 2865 -153
 1374 -152
 898 -151
 253 -150
 22 -149
 0 -148
 0 -147
 0 -146
 0 -145
 0 -144
 0 -143
 0 -142
 0 -141
 0 -140


