# Created by Octave 3.8.2, Mon Jun 22 05:59:18 2020 CEST <damian@fptrucha.inv.usc.es>
# name: hd
# type: matrix
# rows: 41
# columns: 2
 4 -180
 6 -179
 2 -178
 3 -177
 1 -176
 2 -175
 5 -174
 5 -173
 2 -172
 6 -171
 5 -170
 6 -169
 5 -168
 4 -167
 11 -166
 105 -165
 427 -164
 1271 -163
 1646 -162
 2874 -161
 3363 -160
 3644 -159
 3641 -158
 2655 -157
 3553 -156
 3486 -155
 3078 -154
 2283 -153
 964 -152
 662 -151
 170 -150
 11 -149
 0 -148
 0 -147
 0 -146
 0 -145
 0 -144
 0 -143
 0 -142
 0 -141
 0 -140


