# Created by Octave 3.8.2, Sun Jun 21 03:01:29 2020 CEST <damian@fptrucha.inv.usc.es>
# name: hd
# type: matrix
# rows: 41
# columns: 2
 1 -180
 0 -179
 0 -178
 1 -177
 1 -176
 0 -175
 1 -174
 0 -173
 0 -172
 1 -171
 3 -170
 3 -169
 5 -168
 4 -167
 4 -166
 61 -165
 350 -164
 1065 -163
 1549 -162
 2799 -161
 3404 -160
 3565 -159
 3553 -158
 2837 -157
 3470 -156
 3498 -155
 3246 -154
 2467 -153
 1166 -152
 728 -151
 192 -150
 9 -149
 0 -148
 0 -147
 0 -146
 0 -145
 0 -144
 0 -143
 0 -142
 0 -141
 0 -140


