# Created by Octave 3.8.2, Sat Jun 20 17:30:49 2020 CEST <damian@fptrucha.inv.usc.es>
# name: hd
# type: matrix
# rows: 41
# columns: 2
 0 -180
 1 -179
 0 -178
 0 -177
 1 -176
 2 -175
 0 -174
 1 -173
 0 -172
 0 -171
 2 -170
 2 -169
 4 -168
 5 -167
 9 -166
 69 -165
 347 -164
 1072 -163
 1669 -162
 2886 -161
 3509 -160
 3788 -159
 3800 -158
 2969 -157
 3563 -156
 3648 -155
 3470 -154
 2729 -153
 1291 -152
 831 -151
 222 -150
 13 -149
 0 -148
 0 -147
 0 -146
 0 -145
 0 -144
 0 -143
 0 -142
 0 -141
 0 -140


