# Created by Octave 3.8.2, Mon Jun 22 14:22:30 2020 CEST <damian@fptrucha.inv.usc.es>
# name: hd
# type: matrix
# rows: 41
# columns: 2
 4 -180
 1 -179
 2 -178
 2 -177
 1 -176
 1 -175
 5 -174
 0 -173
 0 -172
 1 -171
 5 -170
 6 -169
 6 -168
 5 -167
 13 -166
 110 -165
 504 -164
 1372 -163
 1627 -162
 3157 -161
 3740 -160
 4031 -159
 3774 -158
 2681 -157
 3773 -156
 3671 -155
 3336 -154
 2406 -153
 1019 -152
 642 -151
 132 -150
 6 -149
 0 -148
 0 -147
 0 -146
 0 -145
 0 -144
 0 -143
 0 -142
 0 -141
 0 -140


