# Created by Octave 3.8.2, Mon Jun 22 14:21:27 2020 CEST <damian@fptrucha.inv.usc.es>
# name: hd
# type: matrix
# rows: 41
# columns: 2
 2 -180
 3 -179
 0 -178
 1 -177
 3 -176
 1 -175
 1 -174
 1 -173
 1 -172
 0 -171
 1 -170
 3 -169
 5 -168
 2 -167
 5 -166
 72 -165
 322 -164
 921 -163
 1072 -162
 2004 -161
 2400 -160
 2454 -159
 2518 -158
 1857 -157
 2486 -156
 2341 -155
 2176 -154
 1607 -153
 649 -152
 456 -151
 112 -150
 0 -149
 0 -148
 0 -147
 0 -146
 0 -145
 0 -144
 0 -143
 0 -142
 0 -141
 0 -140


