# Created by Octave 3.8.2, Mon Jun 22 21:33:53 2020 CEST <damian@fptrucha.inv.usc.es>
# name: hd
# type: matrix
# rows: 41
# columns: 2
 2 -180
 0 -179
 1 -178
 2 -177
 1 -176
 1 -175
 1 -174
 3 -173
 2 -172
 2 -171
 3 -170
 2 -169
 4 -168
 3 -167
 10 -166
 90 -165
 388 -164
 1243 -163
 1793 -162
 3070 -161
 3791 -160
 3965 -159
 4010 -158
 3136 -157
 3974 -156
 3828 -155
 3514 -154
 2774 -153
 1212 -152
 786 -151
 182 -150
 14 -149
 0 -148
 0 -147
 0 -146
 0 -145
 0 -144
 0 -143
 0 -142
 0 -141
 0 -140


