# Created by Octave 3.8.2, Sun Jun 21 00:56:18 2020 CEST <damian@fptrucha.inv.usc.es>
# name: hd
# type: matrix
# rows: 41
# columns: 2
 1 -180
 0 -179
 0 -178
 1 -177
 2 -176
 0 -175
 1 -174
 1 -173
 1 -172
 1 -171
 1 -170
 1 -169
 3 -168
 2 -167
 5 -166
 71 -165
 341 -164
 1048 -163
 1649 -162
 2784 -161
 3522 -160
 3667 -159
 3694 -158
 2875 -157
 3661 -156
 3580 -155
 3205 -154
 2661 -153
 1204 -152
 806 -151
 233 -150
 21 -149
 0 -148
 0 -147
 0 -146
 0 -145
 0 -144
 0 -143
 0 -142
 0 -141
 0 -140


