# Created by Octave 3.8.2, Sat Jun 20 13:53:32 2020 CEST <damian@fptrucha.inv.usc.es>
# name: hd
# type: matrix
# rows: 41
# columns: 2
 1 -180
 0 -179
 0 -178
 0 -177
 1 -176
 0 -175
 0 -174
 0 -173
 0 -172
 1 -171
 2 -170
 4 -169
 5 -168
 5 -167
 10 -166
 71 -165
 371 -164
 1173 -163
 1685 -162
 3150 -161
 3780 -160
 3936 -159
 3975 -158
 3160 -157
 3742 -156
 3901 -155
 3600 -154
 2887 -153
 1279 -152
 834 -151
 232 -150
 8 -149
 0 -148
 0 -147
 0 -146
 0 -145
 0 -144
 0 -143
 0 -142
 0 -141
 0 -140


