# Created by Octave 3.8.2, Mon Jun 22 08:27:18 2020 CEST <damian@fptrucha.inv.usc.es>
# name: hd
# type: matrix
# rows: 41
# columns: 2
 1 -180
 1 -179
 2 -178
 0 -177
 1 -176
 0 -175
 3 -174
 1 -173
 1 -172
 2 -171
 1 -170
 1 -169
 2 -168
 4 -167
 10 -166
 55 -165
 325 -164
 815 -163
 1049 -162
 1975 -161
 2325 -160
 2402 -159
 2331 -158
 1849 -157
 2330 -156
 2425 -155
 2141 -154
 1626 -153
 643 -152
 405 -151
 105 -150
 4 -149
 0 -148
 0 -147
 0 -146
 0 -145
 0 -144
 0 -143
 0 -142
 0 -141
 0 -140


