# Created by Octave 3.8.2, Mon Jun 22 05:02:56 2020 CEST <damian@fptrucha.inv.usc.es>
# name: hd
# type: matrix
# rows: 41
# columns: 2
 3 -180
 2 -179
 3 -178
 2 -177
 1 -176
 0 -175
 2 -174
 2 -173
 2 -172
 1 -171
 5 -170
 5 -169
 6 -168
 6 -167
 23 -166
 93 -165
 406 -164
 1224 -163
 1560 -162
 2815 -161
 3397 -160
 3564 -159
 3405 -158
 2442 -157
 3399 -156
 3460 -155
 3043 -154
 2187 -153
 875 -152
 600 -151
 121 -150
 5 -149
 0 -148
 0 -147
 0 -146
 0 -145
 0 -144
 0 -143
 0 -142
 0 -141
 0 -140


