# Created by Octave 3.8.2, Sat Jun 20 03:30:44 2020 CEST <damian@fptrucha.inv.usc.es>
# name: hd
# type: matrix
# rows: 41
# columns: 2
 6 -180
 1 -179
 0 -178
 1 -177
 3 -176
 1 -175
 2 -174
 0 -173
 0 -172
 2 -171
 0 -170
 1 -169
 3 -168
 5 -167
 8 -166
 66 -165
 388 -164
 1183 -163
 1762 -162
 3093 -161
 3952 -160
 4182 -159
 4041 -158
 3161 -157
 4091 -156
 4059 -155
 3799 -154
 2948 -153
 1380 -152
 842 -151
 240 -150
 17 -149
 0 -148
 0 -147
 0 -146
 0 -145
 0 -144
 0 -143
 0 -142
 0 -141
 0 -140


