# Created by Octave 3.8.2, Mon Jun 22 13:57:35 2020 CEST <damian@fptrucha.inv.usc.es>
# name: hd
# type: matrix
# rows: 41
# columns: 2
 2 -180
 1 -179
 2 -178
 1 -177
 3 -176
 2 -175
 1 -174
 2 -173
 0 -172
 3 -171
 5 -170
 4 -169
 5 -168
 5 -167
 14 -166
 101 -165
 536 -164
 1334 -163
 1602 -162
 3000 -161
 3680 -160
 3753 -159
 3816 -158
 2740 -157
 3800 -156
 3664 -155
 3423 -154
 2347 -153
 967 -152
 701 -151
 140 -150
 4 -149
 0 -148
 0 -147
 0 -146
 0 -145
 0 -144
 0 -143
 0 -142
 0 -141
 0 -140


