# Created by Octave 3.8.2, Sat Jun 20 05:56:35 2020 CEST <damian@fptrucha.inv.usc.es>
# name: hd
# type: matrix
# rows: 41
# columns: 2
 0 -180
 1 -179
 0 -178
 0 -177
 1 -176
 0 -175
 1 -174
 3 -173
 1 -172
 2 -171
 3 -170
 1 -169
 2 -168
 2 -167
 14 -166
 67 -165
 425 -164
 1231 -163
 1808 -162
 3241 -161
 3895 -160
 4253 -159
 4236 -158
 3271 -157
 4197 -156
 4086 -155
 3692 -154
 2907 -153
 1327 -152
 890 -151
 238 -150
 15 -149
 0 -148
 0 -147
 0 -146
 0 -145
 0 -144
 0 -143
 0 -142
 0 -141
 0 -140


