# Created by Octave 3.8.2, Sun Jun 21 07:33:15 2020 CEST <damian@fptrucha.inv.usc.es>
# name: hd
# type: matrix
# rows: 41
# columns: 2
 0 -180
 1 -179
 0 -178
 0 -177
 0 -176
 0 -175
 0 -174
 1 -173
 0 -172
 1 -171
 1 -170
 3 -169
 2 -168
 4 -167
 6 -166
 66 -165
 327 -164
 1076 -163
 1600 -162
 2812 -161
 3491 -160
 3601 -159
 3722 -158
 2861 -157
 3614 -156
 3500 -155
 3337 -154
 2596 -153
 1199 -152
 812 -151
 216 -150
 11 -149
 0 -148
 0 -147
 0 -146
 0 -145
 0 -144
 0 -143
 0 -142
 0 -141
 0 -140


