# Created by Octave 3.8.2, Mon Jun 22 07:38:13 2020 CEST <damian@fptrucha.inv.usc.es>
# name: hd
# type: matrix
# rows: 41
# columns: 2
 2 -180
 0 -179
 3 -178
 1 -177
 1 -176
 5 -175
 1 -174
 4 -173
 1 -172
 2 -171
 3 -170
 2 -169
 2 -168
 2 -167
 11 -166
 92 -165
 430 -164
 1249 -163
 1616 -162
 2984 -161
 3519 -160
 3713 -159
 3606 -158
 2794 -157
 3544 -156
 3608 -155
 3181 -154
 2502 -153
 970 -152
 676 -151
 168 -150
 9 -149
 0 -148
 0 -147
 0 -146
 0 -145
 0 -144
 0 -143
 0 -142
 0 -141
 0 -140


