# Created by Octave 3.8.2, Mon Jun 22 01:54:42 2020 CEST <damian@fptrucha.inv.usc.es>
# name: hd
# type: matrix
# rows: 41
# columns: 2
 2 -180
 1 -179
 2 -178
 2 -177
 2 -176
 1 -175
 0 -174
 2 -173
 0 -172
 1 -171
 4 -170
 3 -169
 3 -168
 4 -167
 9 -166
 100 -165
 458 -164
 1330 -163
 1707 -162
 2997 -161
 3753 -160
 3986 -159
 3819 -158
 2826 -157
 3700 -156
 3677 -155
 3447 -154
 2460 -153
 1061 -152
 696 -151
 154 -150
 1 -149
 1 -148
 0 -147
 0 -146
 0 -145
 0 -144
 0 -143
 0 -142
 0 -141
 0 -140


