# Created by Octave 3.8.2, Sat Jun 20 15:08:12 2020 CEST <damian@fptrucha.inv.usc.es>
# name: hd
# type: matrix
# rows: 41
# columns: 2
 0 -180
 1 -179
 1 -178
 0 -177
 0 -176
 0 -175
 0 -174
 0 -173
 2 -172
 1 -171
 2 -170
 1 -169
 5 -168
 2 -167
 10 -166
 55 -165
 327 -164
 1089 -163
 1724 -162
 2908 -161
 3618 -160
 3775 -159
 3785 -158
 3011 -157
 3811 -156
 3856 -155
 3493 -154
 2788 -153
 1280 -152
 853 -151
 228 -150
 18 -149
 0 -148
 0 -147
 0 -146
 0 -145
 0 -144
 0 -143
 0 -142
 0 -141
 0 -140


