# Created by Octave 3.8.2, Mon Jun 22 22:35:34 2020 CEST <damian@fptrucha.inv.usc.es>
# name: hd
# type: matrix
# rows: 41
# columns: 2
 3 -180
 1 -179
 0 -178
 1 -177
 1 -176
 3 -175
 0 -174
 2 -173
 0 -172
 2 -171
 2 -170
 6 -169
 5 -168
 5 -167
 11 -166
 100 -165
 477 -164
 1248 -163
 1796 -162
 3038 -161
 3851 -160
 4062 -159
 4031 -158
 3131 -157
 3961 -156
 3909 -155
 3620 -154
 2768 -153
 1286 -152
 831 -151
 202 -150
 16 -149
 0 -148
 0 -147
 0 -146
 0 -145
 0 -144
 0 -143
 0 -142
 0 -141
 0 -140


