# Created by Octave 3.8.2, Sat Jun 20 10:24:26 2020 CEST <damian@fptrucha.inv.usc.es>
# name: hd
# type: matrix
# rows: 41
# columns: 2
 0 -180
 0 -179
 0 -178
 0 -177
 0 -176
 1 -175
 0 -174
 0 -173
 0 -172
 0 -171
 1 -170
 1 -169
 2 -168
 3 -167
 5 -166
 46 -165
 245 -164
 814 -163
 1131 -162
 2084 -161
 2603 -160
 2801 -159
 2676 -158
 2161 -157
 2660 -156
 2651 -155
 2473 -154
 1937 -153
 858 -152
 630 -151
 169 -150
 8 -149
 0 -148
 0 -147
 0 -146
 0 -145
 0 -144
 0 -143
 0 -142
 0 -141
 0 -140


