# Created by Octave 3.8.2, Mon Jun 22 16:03:49 2020 CEST <damian@fptrucha.inv.usc.es>
# name: hd
# type: matrix
# rows: 41
# columns: 2
 2 -180
 0 -179
 1 -178
 2 -177
 0 -176
 0 -175
 3 -174
 3 -173
 1 -172
 1 -171
 5 -170
 4 -169
 3 -168
 7 -167
 15 -166
 92 -165
 463 -164
 1351 -163
 1680 -162
 3170 -161
 3770 -160
 3980 -159
 3925 -158
 2814 -157
 3849 -156
 3869 -155
 3615 -154
 2435 -153
 1055 -152
 684 -151
 171 -150
 8 -149
 0 -148
 0 -147
 0 -146
 0 -145
 0 -144
 0 -143
 0 -142
 0 -141
 0 -140


