# Created by Octave 3.8.2, Sat Jun 20 02:56:33 2020 CEST <damian@fptrucha.inv.usc.es>
# name: hd
# type: matrix
# rows: 41
# columns: 2
 0 -180
 1 -179
 1 -178
 1 -177
 1 -176
 1 -175
 1 -174
 0 -173
 0 -172
 3 -171
 2 -170
 2 -169
 2 -168
 4 -167
 4 -166
 73 -165
 374 -164
 1219 -163
 1723 -162
 3042 -161
 3853 -160
 4018 -159
 4072 -158
 3120 -157
 3992 -156
 3979 -155
 3653 -154
 2900 -153
 1283 -152
 847 -151
 209 -150
 20 -149
 0 -148
 0 -147
 0 -146
 0 -145
 0 -144
 0 -143
 0 -142
 0 -141
 0 -140


