# Created by Octave 3.8.2, Mon Jun 22 04:48:15 2020 CEST <damian@fptrucha.inv.usc.es>
# name: hd
# type: matrix
# rows: 41
# columns: 2
 2 -180
 3 -179
 0 -178
 1 -177
 2 -176
 4 -175
 2 -174
 3 -173
 3 -172
 2 -171
 4 -170
 3 -169
 5 -168
 4 -167
 9 -166
 97 -165
 445 -164
 1206 -163
 1584 -162
 2757 -161
 3317 -160
 3399 -159
 3417 -158
 2461 -157
 3394 -156
 3398 -155
 3009 -154
 2124 -153
 859 -152
 556 -151
 130 -150
 2 -149
 0 -148
 0 -147
 0 -146
 0 -145
 0 -144
 0 -143
 0 -142
 0 -141
 0 -140


