# Created by Octave 3.8.2, Sat Jun 20 15:51:18 2020 CEST <damian@fptrucha.inv.usc.es>
# name: hd
# type: matrix
# rows: 41
# columns: 2
 1 -180
 0 -179
 2 -178
 1 -177
 0 -176
 0 -175
 1 -174
 0 -173
 0 -172
 1 -171
 1 -170
 4 -169
 4 -168
 3 -167
 8 -166
 53 -165
 338 -164
 1074 -163
 1652 -162
 2981 -161
 3620 -160
 3811 -159
 3731 -158
 3079 -157
 3847 -156
 3854 -155
 3543 -154
 2736 -153
 1324 -152
 908 -151
 205 -150
 14 -149
 0 -148
 0 -147
 0 -146
 0 -145
 0 -144
 0 -143
 0 -142
 0 -141
 0 -140


