# Created by Octave 3.8.2, Mon Jun 22 07:29:25 2020 CEST <damian@fptrucha.inv.usc.es>
# name: hd
# type: matrix
# rows: 41
# columns: 2
 0 -180
 1 -179
 4 -178
 2 -177
 2 -176
 2 -175
 2 -174
 4 -173
 1 -172
 4 -171
 5 -170
 5 -169
 9 -168
 4 -167
 9 -166
 104 -165
 444 -164
 1214 -163
 1599 -162
 2898 -161
 3462 -160
 3745 -159
 3636 -158
 2630 -157
 3651 -156
 3554 -155
 3286 -154
 2294 -153
 951 -152
 636 -151
 153 -150
 6 -149
 0 -148
 0 -147
 0 -146
 0 -145
 0 -144
 0 -143
 0 -142
 0 -141
 0 -140


