# Created by Octave 3.8.2, Sun Jun 21 05:12:58 2020 CEST <damian@fptrucha.inv.usc.es>
# name: hd
# type: matrix
# rows: 41
# columns: 2
 0 -180
 0 -179
 0 -178
 0 -177
 0 -176
 1 -175
 0 -174
 0 -173
 1 -172
 1 -171
 0 -170
 2 -169
 0 -168
 3 -167
 3 -166
 62 -165
 308 -164
 1099 -163
 1600 -162
 2808 -161
 3351 -160
 3630 -159
 3638 -158
 2929 -157
 3729 -156
 3604 -155
 3471 -154
 2496 -153
 1199 -152
 874 -151
 224 -150
 14 -149
 0 -148
 0 -147
 0 -146
 0 -145
 0 -144
 0 -143
 0 -142
 0 -141
 0 -140


