# Created by Octave 3.8.2, Sat Jun 20 14:47:06 2020 CEST <damian@fptrucha.inv.usc.es>
# name: hd
# type: matrix
# rows: 41
# columns: 2
 0 -180
 0 -179
 2 -178
 0 -177
 1 -176
 0 -175
 1 -174
 0 -173
 0 -172
 2 -171
 2 -170
 4 -169
 4 -168
 7 -167
 7 -166
 66 -165
 352 -164
 1111 -163
 1670 -162
 2841 -161
 3682 -160
 4012 -159
 3878 -158
 3067 -157
 3841 -156
 3886 -155
 3590 -154
 2854 -153
 1312 -152
 883 -151
 239 -150
 19 -149
 0 -148
 0 -147
 0 -146
 0 -145
 0 -144
 0 -143
 0 -142
 0 -141
 0 -140


