# Created by Octave 3.8.2, Sun Jun 21 01:03:50 2020 CEST <damian@fptrucha.inv.usc.es>
# name: hd
# type: matrix
# rows: 41
# columns: 2
 1 -180
 0 -179
 1 -178
 1 -177
 1 -176
 0 -175
 1 -174
 0 -173
 2 -172
 0 -171
 0 -170
 1 -169
 3 -168
 1 -167
 9 -166
 72 -165
 329 -164
 1087 -163
 1621 -162
 2693 -161
 3583 -160
 3652 -159
 3581 -158
 2727 -157
 3491 -156
 3577 -155
 3296 -154
 2549 -153
 1258 -152
 819 -151
 212 -150
 9 -149
 0 -148
 0 -147
 0 -146
 0 -145
 0 -144
 0 -143
 0 -142
 0 -141
 0 -140


