# Created by Octave 3.8.2, Mon Jun 22 06:11:51 2020 CEST <damian@fptrucha.inv.usc.es>
# name: hd
# type: matrix
# rows: 41
# columns: 2
 2 -180
 3 -179
 3 -178
 2 -177
 4 -176
 3 -175
 3 -174
 6 -173
 1 -172
 4 -171
 5 -170
 5 -169
 7 -168
 2 -167
 10 -166
 100 -165
 498 -164
 1236 -163
 1609 -162
 2797 -161
 3410 -160
 3496 -159
 3525 -158
 2557 -157
 3565 -156
 3508 -155
 3241 -154
 2262 -153
 954 -152
 646 -151
 140 -150
 5 -149
 0 -148
 0 -147
 0 -146
 0 -145
 0 -144
 0 -143
 0 -142
 0 -141
 0 -140


