# Created by Octave 3.8.2, Mon Jun 22 08:21:31 2020 CEST <damian@fptrucha.inv.usc.es>
# name: hd
# type: matrix
# rows: 41
# columns: 2
 5 -180
 3 -179
 1 -178
 3 -177
 1 -176
 3 -175
 1 -174
 1 -173
 1 -172
 2 -171
 5 -170
 5 -169
 8 -168
 6 -167
 17 -166
 97 -165
 470 -164
 1299 -163
 1620 -162
 2899 -161
 3577 -160
 3695 -159
 3670 -158
 2645 -157
 3597 -156
 3597 -155
 3275 -154
 2350 -153
 1016 -152
 662 -151
 142 -150
 3 -149
 0 -148
 0 -147
 0 -146
 0 -145
 0 -144
 0 -143
 0 -142
 0 -141
 0 -140


