# Created by Octave 3.8.2, Sat Jun 20 09:58:00 2020 CEST <damian@fptrucha.inv.usc.es>
# name: hd
# type: matrix
# rows: 41
# columns: 2
 0 -180
 1 -179
 0 -178
 0 -177
 1 -176
 0 -175
 1 -174
 1 -173
 1 -172
 2 -171
 0 -170
 4 -169
 9 -168
 6 -167
 7 -166
 70 -165
 405 -164
 1231 -163
 1793 -162
 3161 -161
 4079 -160
 4120 -159
 4250 -158
 3306 -157
 4098 -156
 4191 -155
 3858 -154
 2946 -153
 1379 -152
 902 -151
 265 -150
 18 -149
 0 -148
 0 -147
 0 -146
 0 -145
 0 -144
 0 -143
 0 -142
 0 -141
 0 -140


