# Created by Octave 3.8.2, Sat Jun 20 14:17:50 2020 CEST <damian@fptrucha.inv.usc.es>
# name: hd
# type: matrix
# rows: 41
# columns: 2
 0 -180
 1 -179
 0 -178
 0 -177
 0 -176
 0 -175
 2 -174
 0 -173
 0 -172
 0 -171
 1 -170
 4 -169
 4 -168
 3 -167
 5 -166
 67 -165
 357 -164
 1084 -163
 1716 -162
 3043 -161
 3741 -160
 4083 -159
 3954 -158
 3018 -157
 3910 -156
 3855 -155
 3562 -154
 2736 -153
 1321 -152
 885 -151
 219 -150
 13 -149
 0 -148
 0 -147
 0 -146
 0 -145
 0 -144
 0 -143
 0 -142
 0 -141
 0 -140


