# Created by Octave 3.8.2, Mon Jun 22 01:41:24 2020 CEST <damian@fptrucha.inv.usc.es>
# name: hd
# type: matrix
# rows: 41
# columns: 2
 2 -180
 0 -179
 0 -178
 0 -177
 1 -176
 1 -175
 0 -174
 1 -173
 1 -172
 1 -171
 2 -170
 3 -169
 7 -168
 3 -167
 11 -166
 95 -165
 473 -164
 1273 -163
 1726 -162
 3106 -161
 3676 -160
 3839 -159
 3895 -158
 3018 -157
 3830 -156
 3881 -155
 3500 -154
 2621 -153
 1172 -152
 759 -151
 167 -150
 8 -149
 0 -148
 0 -147
 0 -146
 0 -145
 0 -144
 0 -143
 0 -142
 0 -141
 0 -140


