# Created by Octave 3.8.2, Sat Jun 20 10:45:58 2020 CEST <damian@fptrucha.inv.usc.es>
# name: hd
# type: matrix
# rows: 41
# columns: 2
 2 -180
 0 -179
 0 -178
 0 -177
 0 -176
 0 -175
 0 -174
 0 -173
 2 -172
 1 -171
 1 -170
 3 -169
 5 -168
 3 -167
 11 -166
 78 -165
 387 -164
 1268 -163
 1778 -162
 3214 -161
 3957 -160
 4101 -159
 4123 -158
 3251 -157
 4006 -156
 4137 -155
 3827 -154
 2956 -153
 1289 -152
 942 -151
 246 -150
 10 -149
 0 -148
 0 -147
 0 -146
 0 -145
 0 -144
 0 -143
 0 -142
 0 -141
 0 -140


