# Created by Octave 3.8.2, Sun Jun 21 00:12:41 2020 CEST <damian@fptrucha.inv.usc.es>
# name: hd
# type: matrix
# rows: 41
# columns: 2
 1 -180
 1 -179
 5 -178
 1 -177
 0 -176
 0 -175
 2 -174
 0 -173
 2 -172
 0 -171
 1 -170
 1 -169
 3 -168
 3 -167
 5 -166
 51 -165
 332 -164
 1105 -163
 1566 -162
 2809 -161
 3372 -160
 3596 -159
 3601 -158
 2898 -157
 3547 -156
 3434 -155
 3428 -154
 2524 -153
 1181 -152
 841 -151
 194 -150
 12 -149
 0 -148
 0 -147
 0 -146
 0 -145
 0 -144
 0 -143
 0 -142
 0 -141
 0 -140


