# Created by Octave 3.8.2, Mon Jun 22 06:43:05 2020 CEST <damian@fptrucha.inv.usc.es>
# name: hd
# type: matrix
# rows: 41
# columns: 2
 4 -180
 7 -179
 3 -178
 4 -177
 2 -176
 6 -175
 3 -174
 0 -173
 2 -172
 3 -171
 3 -170
 4 -169
 3 -168
 5 -167
 20 -166
 111 -165
 415 -164
 1298 -163
 1558 -162
 2741 -161
 3482 -160
 3529 -159
 3535 -158
 2623 -157
 3368 -156
 3525 -155
 3196 -154
 2251 -153
 930 -152
 651 -151
 131 -150
 2 -149
 0 -148
 0 -147
 0 -146
 0 -145
 0 -144
 0 -143
 0 -142
 0 -141
 0 -140


