# Created by Octave 3.8.2, Mon Jun 22 20:45:17 2020 CEST <damian@fptrucha.inv.usc.es>
# name: hd
# type: matrix
# rows: 41
# columns: 2
 3 -180
 0 -179
 0 -178
 2 -177
 1 -176
 1 -175
 0 -174
 1 -173
 1 -172
 1 -171
 2 -170
 6 -169
 8 -168
 9 -167
 12 -166
 101 -165
 488 -164
 1332 -163
 1758 -162
 3257 -161
 3900 -160
 4129 -159
 3938 -158
 2884 -157
 3967 -156
 3947 -155
 3572 -154
 2616 -153
 1060 -152
 764 -151
 178 -150
 11 -149
 0 -148
 0 -147
 0 -146
 0 -145
 0 -144
 0 -143
 0 -142
 0 -141
 0 -140


