# Created by Octave 3.8.2, Mon Jun 22 06:41:08 2020 CEST <damian@fptrucha.inv.usc.es>
# name: hd
# type: matrix
# rows: 41
# columns: 2
 0 -180
 3 -179
 2 -178
 3 -177
 3 -176
 1 -175
 2 -174
 2 -173
 5 -172
 0 -171
 5 -170
 6 -169
 8 -168
 5 -167
 11 -166
 107 -165
 418 -164
 1241 -163
 1577 -162
 2881 -161
 3485 -160
 3617 -159
 3469 -158
 2609 -157
 3565 -156
 3502 -155
 3170 -154
 2321 -153
 998 -152
 682 -151
 145 -150
 5 -149
 0 -148
 0 -147
 0 -146
 0 -145
 0 -144
 0 -143
 0 -142
 0 -141
 0 -140


