# Created by Octave 3.8.2, Mon Jun 22 20:08:54 2020 CEST <damian@fptrucha.inv.usc.es>
# name: hd
# type: matrix
# rows: 41
# columns: 2
 3 -180
 2 -179
 4 -178
 0 -177
 1 -176
 0 -175
 2 -174
 1 -173
 1 -172
 1 -171
 8 -170
 2 -169
 5 -168
 1 -167
 10 -166
 97 -165
 476 -164
 1351 -163
 1712 -162
 3151 -161
 3729 -160
 4012 -159
 3988 -158
 2828 -157
 3918 -156
 3815 -155
 3508 -154
 2521 -153
 1078 -152
 728 -151
 170 -150
 12 -149
 0 -148
 0 -147
 0 -146
 0 -145
 0 -144
 0 -143
 0 -142
 0 -141
 0 -140


