# Created by Octave 3.8.2, Mon Jun 22 13:46:48 2020 CEST <damian@fptrucha.inv.usc.es>
# name: hd
# type: matrix
# rows: 41
# columns: 2
 3 -180
 4 -179
 4 -178
 2 -177
 2 -176
 2 -175
 3 -174
 3 -173
 2 -172
 2 -171
 4 -170
 6 -169
 3 -168
 5 -167
 8 -166
 95 -165
 499 -164
 1289 -163
 1661 -162
 3120 -161
 3735 -160
 3832 -159
 3900 -158
 2696 -157
 3826 -156
 3667 -155
 3347 -154
 2418 -153
 966 -152
 706 -151
 146 -150
 9 -149
 0 -148
 0 -147
 0 -146
 0 -145
 0 -144
 0 -143
 0 -142
 0 -141
 0 -140


