# Created by Octave 3.8.2, Mon Jun 22 00:53:46 2020 CEST <damian@fptrucha.inv.usc.es>
# name: hd
# type: matrix
# rows: 41
# columns: 2
 0 -180
 0 -179
 0 -178
 0 -177
 0 -176
 0 -175
 0 -174
 1 -173
 0 -172
 0 -171
 1 -170
 2 -169
 0 -168
 1 -167
 2 -166
 27 -165
 139 -164
 503 -163
 795 -162
 1359 -161
 1755 -160
 1771 -159
 1895 -158
 1419 -157
 1846 -156
 1793 -155
 1739 -154
 1364 -153
 650 -152
 408 -151
 147 -150
 9 -149
 0 -148
 0 -147
 0 -146
 0 -145
 0 -144
 0 -143
 0 -142
 0 -141
 0 -140


