# Created by Octave 3.8.2, Sat Jun 20 03:10:25 2020 CEST <damian@fptrucha.inv.usc.es>
# name: hd
# type: matrix
# rows: 41
# columns: 2
 0 -180
 1 -179
 0 -178
 0 -177
 0 -176
 0 -175
 0 -174
 0 -173
 0 -172
 1 -171
 1 -170
 0 -169
 4 -168
 2 -167
 7 -166
 71 -165
 383 -164
 1237 -163
 1687 -162
 3127 -161
 3858 -160
 4081 -159
 4079 -158
 3224 -157
 3952 -156
 3964 -155
 3650 -154
 2780 -153
 1316 -152
 942 -151
 224 -150
 10 -149
 0 -148
 0 -147
 0 -146
 0 -145
 0 -144
 0 -143
 0 -142
 0 -141
 0 -140


