# Created by Octave 3.8.2, Mon Jun 22 21:23:12 2020 CEST <damian@fptrucha.inv.usc.es>
# name: hd
# type: matrix
# rows: 41
# columns: 2
 0 -180
 1 -179
 2 -178
 2 -177
 2 -176
 0 -175
 0 -174
 1 -173
 1 -172
 4 -171
 7 -170
 7 -169
 3 -168
 3 -167
 12 -166
 101 -165
 476 -164
 1336 -163
 1760 -162
 3209 -161
 3920 -160
 4059 -159
 3893 -158
 2920 -157
 4030 -156
 4006 -155
 3515 -154
 2511 -153
 1061 -152
 731 -151
 156 -150
 5 -149
 0 -148
 0 -147
 0 -146
 0 -145
 0 -144
 0 -143
 0 -142
 0 -141
 0 -140


