# Created by Octave 3.8.2, Mon Jun 22 06:23:32 2020 CEST <damian@fptrucha.inv.usc.es>
# name: hd
# type: matrix
# rows: 41
# columns: 2
 1 -180
 5 -179
 2 -178
 1 -177
 3 -176
 1 -175
 3 -174
 1 -173
 0 -172
 2 -171
 3 -170
 3 -169
 7 -168
 2 -167
 17 -166
 99 -165
 457 -164
 1277 -163
 1607 -162
 2885 -161
 3365 -160
 3544 -159
 3572 -158
 2691 -157
 3387 -156
 3524 -155
 3202 -154
 2328 -153
 1030 -152
 656 -151
 157 -150
 4 -149
 0 -148
 0 -147
 0 -146
 0 -145
 0 -144
 0 -143
 0 -142
 0 -141
 0 -140


