# Created by Octave 3.8.2, Sat Jun 20 09:06:11 2020 CEST <damian@fptrucha.inv.usc.es>
# name: hd
# type: matrix
# rows: 41
# columns: 2
 0 -180
 0 -179
 0 -178
 0 -177
 0 -176
 0 -175
 1 -174
 1 -173
 0 -172
 3 -171
 2 -170
 3 -169
 5 -168
 1 -167
 10 -166
 94 -165
 408 -164
 1225 -163
 1879 -162
 3352 -161
 4088 -160
 4398 -159
 4229 -158
 3322 -157
 4077 -156
 4280 -155
 3918 -154
 2959 -153
 1470 -152
 938 -151
 275 -150
 18 -149
 0 -148
 0 -147
 0 -146
 0 -145
 0 -144
 0 -143
 0 -142
 0 -141
 0 -140


