# Created by Octave 3.8.2, Mon Jun 22 00:35:13 2020 CEST <damian@fptrucha.inv.usc.es>
# name: hd
# type: matrix
# rows: 41
# columns: 2
 0 -180
 2 -179
 0 -178
 0 -177
 0 -176
 1 -175
 2 -174
 0 -173
 0 -172
 0 -171
 2 -170
 4 -169
 3 -168
 3 -167
 3 -166
 59 -165
 321 -164
 1008 -163
 1530 -162
 2862 -161
 3453 -160
 3670 -159
 3685 -158
 2999 -157
 3679 -156
 3530 -155
 3344 -154
 2650 -153
 1279 -152
 815 -151
 217 -150
 14 -149
 0 -148
 0 -147
 0 -146
 0 -145
 0 -144
 0 -143
 0 -142
 0 -141
 0 -140


