# Created by Octave 3.8.2, Sun Jun 21 05:52:19 2020 CEST <damian@fptrucha.inv.usc.es>
# name: hd
# type: matrix
# rows: 41
# columns: 2
 2 -180
 1 -179
 1 -178
 0 -177
 0 -176
 1 -175
 0 -174
 1 -173
 0 -172
 1 -171
 2 -170
 1 -169
 6 -168
 4 -167
 14 -166
 60 -165
 319 -164
 1112 -163
 1625 -162
 2833 -161
 3391 -160
 3494 -159
 3618 -158
 2870 -157
 3649 -156
 3618 -155
 3366 -154
 2629 -153
 1131 -152
 811 -151
 210 -150
 19 -149
 0 -148
 0 -147
 0 -146
 0 -145
 0 -144
 0 -143
 0 -142
 0 -141
 0 -140


