# Created by Octave 3.8.2, Sat Jun 20 06:07:47 2020 CEST <damian@fptrucha.inv.usc.es>
# name: hd
# type: matrix
# rows: 41
# columns: 2
 0 -180
 1 -179
 1 -178
 0 -177
 1 -176
 0 -175
 1 -174
 0 -173
 0 -172
 2 -171
 2 -170
 4 -169
 2 -168
 6 -167
 7 -166
 90 -165
 399 -164
 1294 -163
 1852 -162
 3251 -161
 3993 -160
 4130 -159
 4174 -158
 3306 -157
 4187 -156
 4176 -155
 3807 -154
 3004 -153
 1245 -152
 876 -151
 230 -150
 14 -149
 0 -148
 0 -147
 0 -146
 0 -145
 0 -144
 0 -143
 0 -142
 0 -141
 0 -140


