# Created by Octave 3.8.2, Sun Jun 21 07:22:00 2020 CEST <damian@fptrucha.inv.usc.es>
# name: hd
# type: matrix
# rows: 41
# columns: 2
 0 -180
 0 -179
 0 -178
 1 -177
 0 -176
 0 -175
 0 -174
 2 -173
 0 -172
 0 -171
 1 -170
 4 -169
 4 -168
 1 -167
 9 -166
 54 -165
 324 -164
 1055 -163
 1600 -162
 2751 -161
 3393 -160
 3727 -159
 3703 -158
 2874 -157
 3572 -156
 3599 -155
 3379 -154
 2687 -153
 1186 -152
 790 -151
 224 -150
 16 -149
 0 -148
 0 -147
 0 -146
 0 -145
 0 -144
 0 -143
 0 -142
 0 -141
 0 -140


