# Created by Octave 3.8.2, Mon Jun 22 19:12:24 2020 CEST <damian@fptrucha.inv.usc.es>
# name: hd
# type: matrix
# rows: 41
# columns: 2
 0 -180
 3 -179
 3 -178
 1 -177
 0 -176
 2 -175
 2 -174
 0 -173
 1 -172
 4 -171
 2 -170
 3 -169
 3 -168
 4 -167
 12 -166
 95 -165
 453 -164
 1410 -163
 1773 -162
 3195 -161
 3877 -160
 4003 -159
 3957 -158
 2854 -157
 3802 -156
 3995 -155
 3489 -154
 2530 -153
 1079 -152
 781 -151
 148 -150
 8 -149
 0 -148
 0 -147
 0 -146
 0 -145
 0 -144
 0 -143
 0 -142
 0 -141
 0 -140


