# Created by Octave 3.8.2, Mon Jun 22 05:18:00 2020 CEST <damian@fptrucha.inv.usc.es>
# name: hd
# type: matrix
# rows: 41
# columns: 2
 2 -180
 1 -179
 0 -178
 0 -177
 4 -176
 4 -175
 2 -174
 1 -173
 2 -172
 2 -171
 6 -170
 5 -169
 8 -168
 4 -167
 19 -166
 98 -165
 453 -164
 1206 -163
 1650 -162
 2922 -161
 3289 -160
 3506 -159
 3535 -158
 2658 -157
 3486 -156
 3358 -155
 3145 -154
 2257 -153
 906 -152
 574 -151
 131 -150
 6 -149
 0 -148
 0 -147
 0 -146
 0 -145
 0 -144
 0 -143
 0 -142
 0 -141
 0 -140


