# Created by Octave 3.8.2, Mon Jun 22 03:17:58 2020 CEST <damian@fptrucha.inv.usc.es>
# name: hd
# type: matrix
# rows: 41
# columns: 2
 3 -180
 3 -179
 0 -178
 3 -177
 6 -176
 1 -175
 6 -174
 2 -173
 2 -172
 4 -171
 2 -170
 6 -169
 11 -168
 5 -167
 17 -166
 80 -165
 440 -164
 1197 -163
 1572 -162
 2800 -161
 3295 -160
 3609 -159
 3454 -158
 2460 -157
 3527 -156
 3524 -155
 3104 -154
 2282 -153
 925 -152
 648 -151
 174 -150
 8 -149
 0 -148
 0 -147
 0 -146
 0 -145
 0 -144
 0 -143
 0 -142
 0 -141
 0 -140


