# Created by Octave 3.8.2, Sat Jun 20 21:06:58 2020 CEST <damian@fptrucha.inv.usc.es>
# name: hd
# type: matrix
# rows: 41
# columns: 2
 2 -180
 1 -179
 0 -178
 2 -177
 0 -176
 1 -175
 0 -174
 1 -173
 1 -172
 3 -171
 2 -170
 2 -169
 6 -168
 2 -167
 5 -166
 52 -165
 336 -164
 1053 -163
 1572 -162
 2872 -161
 3466 -160
 3755 -159
 3614 -158
 2870 -157
 3631 -156
 3565 -155
 3287 -154
 2641 -153
 1356 -152
 818 -151
 249 -150
 20 -149
 0 -148
 0 -147
 0 -146
 0 -145
 0 -144
 0 -143
 0 -142
 1 -141
 0 -140


