# Created by Octave 3.8.2, Sun Jun 21 07:10:57 2020 CEST <damian@fptrucha.inv.usc.es>
# name: hd
# type: matrix
# rows: 41
# columns: 2
 1 -180
 0 -179
 1 -178
 1 -177
 0 -176
 2 -175
 0 -174
 0 -173
 0 -172
 1 -171
 0 -170
 3 -169
 4 -168
 5 -167
 12 -166
 62 -165
 341 -164
 1073 -163
 1631 -162
 2797 -161
 3646 -160
 3745 -159
 3791 -158
 2972 -157
 3694 -156
 3718 -155
 3501 -154
 2621 -153
 1231 -152
 869 -151
 223 -150
 18 -149
 0 -148
 0 -147
 0 -146
 0 -145
 0 -144
 0 -143
 0 -142
 0 -141
 0 -140


