# Created by Octave 3.8.2, Sat Jun 20 04:53:11 2020 CEST <damian@fptrucha.inv.usc.es>
# name: hd
# type: matrix
# rows: 41
# columns: 2
 0 -180
 1 -179
 1 -178
 0 -177
 2 -176
 0 -175
 1 -174
 0 -173
 1 -172
 0 -171
 4 -170
 3 -169
 7 -168
 2 -167
 13 -166
 81 -165
 361 -164
 1220 -163
 1758 -162
 3236 -161
 3860 -160
 4161 -159
 4190 -158
 3285 -157
 3960 -156
 4103 -155
 3673 -154
 2966 -153
 1305 -152
 952 -151
 249 -150
 9 -149
 0 -148
 0 -147
 0 -146
 0 -145
 0 -144
 1 -143
 0 -142
 0 -141
 0 -140


