# Created by Octave 3.8.2, Sat Jun 20 02:22:47 2020 CEST <damian@fptrucha.inv.usc.es>
# name: hd
# type: matrix
# rows: 41
# columns: 2
 2 -180
 0 -179
 1 -178
 1 -177
 0 -176
 0 -175
 1 -174
 0 -173
 1 -172
 0 -171
 0 -170
 3 -169
 4 -168
 2 -167
 8 -166
 53 -165
 238 -164
 811 -163
 1241 -162
 2031 -161
 2520 -160
 2610 -159
 2644 -158
 2097 -157
 2674 -156
 2526 -155
 2382 -154
 1799 -153
 834 -152
 609 -151
 128 -150
 9 -149
 0 -148
 0 -147
 0 -146
 0 -145
 0 -144
 0 -143
 0 -142
 0 -141
 0 -140


