# Created by Octave 3.8.2, Mon Jun 22 10:55:29 2020 CEST <damian@fptrucha.inv.usc.es>
# name: hd
# type: matrix
# rows: 41
# columns: 2
 1 -180
 0 -179
 4 -178
 0 -177
 0 -176
 2 -175
 3 -174
 2 -173
 2 -172
 1 -171
 3 -170
 2 -169
 4 -168
 4 -167
 7 -166
 56 -165
 295 -164
 863 -163
 1054 -162
 2026 -161
 2492 -160
 2554 -159
 2511 -158
 1785 -157
 2524 -156
 2389 -155
 2176 -154
 1613 -153
 701 -152
 486 -151
 106 -150
 4 -149
 0 -148
 0 -147
 0 -146
 0 -145
 0 -144
 0 -143
 0 -142
 0 -141
 0 -140


