# Created by Octave 3.8.2, Mon Jun 22 14:52:20 2020 CEST <damian@fptrucha.inv.usc.es>
# name: hd
# type: matrix
# rows: 41
# columns: 2
 1 -180
 1 -179
 2 -178
 1 -177
 5 -176
 3 -175
 1 -174
 2 -173
 4 -172
 0 -171
 1 -170
 10 -169
 3 -168
 9 -167
 7 -166
 89 -165
 496 -164
 1260 -163
 1692 -162
 3106 -161
 3803 -160
 3918 -159
 3818 -158
 2781 -157
 3771 -156
 3838 -155
 3417 -154
 2387 -153
 1069 -152
 701 -151
 160 -150
 7 -149
 0 -148
 0 -147
 0 -146
 0 -145
 0 -144
 0 -143
 0 -142
 0 -141
 0 -140


