# Created by Octave 3.8.2, Sat Jun 20 17:06:14 2020 CEST <damian@fptrucha.inv.usc.es>
# name: hd
# type: matrix
# rows: 41
# columns: 2
 1 -180
 0 -179
 0 -178
 0 -177
 0 -176
 0 -175
 0 -174
 2 -173
 0 -172
 0 -171
 0 -170
 6 -169
 6 -168
 1 -167
 12 -166
 48 -165
 313 -164
 1107 -163
 1676 -162
 2804 -161
 3639 -160
 3779 -159
 3898 -158
 2817 -157
 3698 -156
 3728 -155
 3479 -154
 2692 -153
 1289 -152
 824 -151
 263 -150
 18 -149
 0 -148
 0 -147
 0 -146
 0 -145
 0 -144
 0 -143
 0 -142
 0 -141
 0 -140


