# Created by Octave 3.8.2, Sat Jun 20 09:50:40 2020 CEST <damian@fptrucha.inv.usc.es>
# name: hd
# type: matrix
# rows: 41
# columns: 2
 0 -180
 0 -179
 1 -178
 1 -177
 0 -176
 0 -175
 1 -174
 0 -173
 0 -172
 2 -171
 1 -170
 1 -169
 6 -168
 5 -167
 6 -166
 79 -165
 394 -164
 1284 -163
 1809 -162
 3223 -161
 3937 -160
 4171 -159
 4232 -158
 3230 -157
 4103 -156
 4334 -155
 3863 -154
 3006 -153
 1365 -152
 950 -151
 251 -150
 8 -149
 0 -148
 0 -147
 0 -146
 0 -145
 0 -144
 0 -143
 0 -142
 0 -141
 0 -140


