# Created by Octave 3.8.2, Mon Jun 22 08:02:24 2020 CEST <damian@fptrucha.inv.usc.es>
# name: hd
# type: matrix
# rows: 41
# columns: 2
 4 -180
 4 -179
 3 -178
 1 -177
 1 -176
 1 -175
 1 -174
 1 -173
 6 -172
 2 -171
 1 -170
 4 -169
 8 -168
 9 -167
 13 -166
 94 -165
 455 -164
 1299 -163
 1609 -162
 2864 -161
 3512 -160
 3734 -159
 3618 -158
 2574 -157
 3494 -156
 3492 -155
 3246 -154
 2382 -153
 1001 -152
 636 -151
 183 -150
 5 -149
 0 -148
 0 -147
 0 -146
 0 -145
 0 -144
 0 -143
 0 -142
 0 -141
 0 -140


