# Created by Octave 3.8.2, Mon Jun 22 11:25:47 2020 CEST <damian@fptrucha.inv.usc.es>
# name: hd
# type: matrix
# rows: 41
# columns: 2
 3 -180
 0 -179
 2 -178
 0 -177
 2 -176
 0 -175
 3 -174
 2 -173
 0 -172
 0 -171
 5 -170
 5 -169
 6 -168
 2 -167
 14 -166
 89 -165
 478 -164
 1262 -163
 1645 -162
 2946 -161
 3615 -160
 3798 -159
 3728 -158
 2667 -157
 3731 -156
 3687 -155
 3224 -154
 2412 -153
 939 -152
 680 -151
 150 -150
 7 -149
 0 -148
 0 -147
 0 -146
 0 -145
 0 -144
 0 -143
 0 -142
 0 -141
 0 -140


