# Created by Octave 3.8.2, Sun Jun 21 00:19:10 2020 CEST <damian@fptrucha.inv.usc.es>
# name: hd
# type: matrix
# rows: 41
# columns: 2
 2 -180
 0 -179
 0 -178
 1 -177
 1 -176
 0 -175
 1 -174
 0 -173
 0 -172
 0 -171
 3 -170
 5 -169
 1 -168
 2 -167
 7 -166
 59 -165
 329 -164
 997 -163
 1542 -162
 2682 -161
 3432 -160
 3615 -159
 3618 -158
 2891 -157
 3522 -156
 3434 -155
 3366 -154
 2550 -153
 1221 -152
 811 -151
 222 -150
 15 -149
 0 -148
 0 -147
 0 -146
 0 -145
 0 -144
 0 -143
 0 -142
 0 -141
 0 -140


