# Created by Octave 3.8.2, Sun Jun 21 04:50:45 2020 CEST <damian@fptrucha.inv.usc.es>
# name: hd
# type: matrix
# rows: 41
# columns: 2
 1 -180
 0 -179
 1 -178
 0 -177
 1 -176
 0 -175
 1 -174
 0 -173
 1 -172
 0 -171
 1 -170
 2 -169
 5 -168
 5 -167
 9 -166
 61 -165
 354 -164
 1128 -163
 1647 -162
 2815 -161
 3544 -160
 3784 -159
 3800 -158
 2798 -157
 3670 -156
 3614 -155
 3485 -154
 2502 -153
 1207 -152
 823 -151
 210 -150
 20 -149
 0 -148
 0 -147
 0 -146
 0 -145
 0 -144
 0 -143
 0 -142
 0 -141
 0 -140


