# Created by Octave 3.8.2, Mon Jun 22 05:07:41 2020 CEST <damian@fptrucha.inv.usc.es>
# name: hd
# type: matrix
# rows: 41
# columns: 2
 0 -180
 2 -179
 2 -178
 1 -177
 3 -176
 1 -175
 1 -174
 1 -173
 1 -172
 3 -171
 0 -170
 6 -169
 6 -168
 6 -167
 12 -166
 112 -165
 459 -164
 1229 -163
 1582 -162
 2797 -161
 3288 -160
 3453 -159
 3424 -158
 2574 -157
 3450 -156
 3363 -155
 3070 -154
 2140 -153
 878 -152
 592 -151
 113 -150
 3 -149
 0 -148
 0 -147
 0 -146
 0 -145
 0 -144
 0 -143
 0 -142
 0 -141
 0 -140


