# Created by Octave 3.8.2, Sat Jun 20 02:39:16 2020 CEST <damian@fptrucha.inv.usc.es>
# name: hd
# type: matrix
# rows: 41
# columns: 2
 1 -180
 0 -179
 2 -178
 0 -177
 0 -176
 0 -175
 0 -174
 1 -173
 1 -172
 2 -171
 1 -170
 4 -169
 4 -168
 6 -167
 10 -166
 53 -165
 370 -164
 1201 -163
 1813 -162
 3152 -161
 3771 -160
 4060 -159
 3975 -158
 3174 -157
 4069 -156
 3966 -155
 3676 -154
 2883 -153
 1263 -152
 864 -151
 211 -150
 12 -149
 0 -148
 0 -147
 0 -146
 0 -145
 0 -144
 0 -143
 0 -142
 0 -141
 0 -140


