# Created by Octave 3.8.2, Mon Jun 22 11:18:21 2020 CEST <damian@fptrucha.inv.usc.es>
# name: hd
# type: matrix
# rows: 41
# columns: 2
 1 -180
 0 -179
 0 -178
 5 -177
 2 -176
 5 -175
 1 -174
 0 -173
 1 -172
 3 -171
 2 -170
 4 -169
 3 -168
 6 -167
 11 -166
 97 -165
 504 -164
 1368 -163
 1697 -162
 3041 -161
 3748 -160
 3871 -159
 3678 -158
 2707 -157
 3735 -156
 3763 -155
 3390 -154
 2367 -153
 935 -152
 650 -151
 124 -150
 1 -149
 0 -148
 0 -147
 0 -146
 0 -145
 0 -144
 0 -143
 0 -142
 0 -141
 0 -140


