# Created by Octave 3.8.2, Mon Jun 22 00:51:10 2020 CEST <damian@fptrucha.inv.usc.es>
# name: hd
# type: matrix
# rows: 41
# columns: 2
 0 -180
 0 -179
 1 -178
 2 -177
 1 -176
 1 -175
 0 -174
 0 -173
 0 -172
 2 -171
 4 -170
 1 -169
 2 -168
 2 -167
 8 -166
 61 -165
 313 -164
 1092 -163
 1614 -162
 2849 -161
 3402 -160
 3701 -159
 3648 -158
 2921 -157
 3580 -156
 3696 -155
 3379 -154
 2774 -153
 1228 -152
 828 -151
 242 -150
 11 -149
 0 -148
 0 -147
 0 -146
 0 -145
 0 -144
 0 -143
 0 -142
 0 -141
 0 -140


