# Created by Octave 3.8.2, Mon Jun 22 01:03:04 2020 CEST <damian@fptrucha.inv.usc.es>
# name: hd
# type: matrix
# rows: 41
# columns: 2
 1 -180
 0 -179
 0 -178
 2 -177
 1 -176
 0 -175
 1 -174
 0 -173
 1 -172
 1 -171
 3 -170
 3 -169
 4 -168
 4 -167
 8 -166
 69 -165
 324 -164
 1084 -163
 1712 -162
 2953 -161
 3560 -160
 3784 -159
 3837 -158
 2911 -157
 3865 -156
 3733 -155
 3511 -154
 2682 -153
 1300 -152
 916 -151
 213 -150
 20 -149
 0 -148
 0 -147
 0 -146
 0 -145
 0 -144
 0 -143
 0 -142
 0 -141
 0 -140


