# Created by Octave 3.8.2, Mon Jun 22 16:25:34 2020 CEST <damian@fptrucha.inv.usc.es>
# name: hd
# type: matrix
# rows: 41
# columns: 2
 2 -180
 3 -179
 2 -178
 2 -177
 2 -176
 3 -175
 2 -174
 2 -173
 1 -172
 3 -171
 3 -170
 3 -169
 9 -168
 2 -167
 13 -166
 106 -165
 523 -164
 1367 -163
 1741 -162
 3180 -161
 3732 -160
 3910 -159
 3816 -158
 2867 -157
 3863 -156
 3877 -155
 3521 -154
 2486 -153
 967 -152
 690 -151
 167 -150
 6 -149
 0 -148
 0 -147
 0 -146
 0 -145
 0 -144
 0 -143
 0 -142
 0 -141
 0 -140


