# Created by Octave 3.8.2, Sun Jun 21 00:29:35 2020 CEST <damian@fptrucha.inv.usc.es>
# name: hd
# type: matrix
# rows: 41
# columns: 2
 0 -180
 0 -179
 0 -178
 0 -177
 0 -176
 1 -175
 0 -174
 2 -173
 1 -172
 0 -171
 2 -170
 2 -169
 0 -168
 0 -167
 4 -166
 41 -165
 230 -164
 725 -163
 1033 -162
 1815 -161
 2250 -160
 2308 -159
 2395 -158
 1850 -157
 2422 -156
 2371 -155
 2176 -154
 1701 -153
 803 -152
 521 -151
 150 -150
 11 -149
 0 -148
 0 -147
 0 -146
 0 -145
 0 -144
 0 -143
 0 -142
 0 -141
 0 -140


