# Created by Octave 3.8.2, Mon Jun 22 23:02:44 2020 CEST <damian@fptrucha.inv.usc.es>
# name: hd
# type: matrix
# rows: 41
# columns: 2
 2 -180
 3 -179
 1 -178
 1 -177
 1 -176
 1 -175
 1 -174
 0 -173
 2 -172
 1 -171
 2 -170
 6 -169
 8 -168
 9 -167
 13 -166
 72 -165
 471 -164
 1224 -163
 1797 -162
 3146 -161
 3758 -160
 4020 -159
 4080 -158
 3231 -157
 4030 -156
 3973 -155
 3722 -154
 2788 -153
 1266 -152
 803 -151
 233 -150
 7 -149
 0 -148
 0 -147
 0 -146
 0 -145
 0 -144
 0 -143
 0 -142
 0 -141
 0 -140


