# Created by Octave 3.8.2, Sat Jun 20 12:56:29 2020 CEST <damian@fptrucha.inv.usc.es>
# name: hd
# type: matrix
# rows: 41
# columns: 2
 0 -180
 1 -179
 1 -178
 2 -177
 0 -176
 1 -175
 0 -174
 0 -173
 1 -172
 1 -171
 4 -170
 2 -169
 2 -168
 5 -167
 6 -166
 52 -165
 390 -164
 1242 -163
 1836 -162
 3060 -161
 3708 -160
 4047 -159
 4147 -158
 3132 -157
 4018 -156
 4049 -155
 3639 -154
 2818 -153
 1331 -152
 886 -151
 206 -150
 9 -149
 0 -148
 0 -147
 0 -146
 0 -145
 0 -144
 0 -143
 0 -142
 0 -141
 0 -140


