# Created by Octave 3.8.2, Sat Jun 20 10:48:53 2020 CEST <damian@fptrucha.inv.usc.es>
# name: hd
# type: matrix
# rows: 41
# columns: 2
 0 -180
 0 -179
 0 -178
 0 -177
 1 -176
 0 -175
 0 -174
 1 -173
 1 -172
 1 -171
 0 -170
 1 -169
 4 -168
 5 -167
 13 -166
 70 -165
 356 -164
 1170 -163
 1862 -162
 3141 -161
 3883 -160
 4169 -159
 4260 -158
 3267 -157
 3942 -156
 4110 -155
 3858 -154
 2934 -153
 1391 -152
 890 -151
 269 -150
 16 -149
 0 -148
 0 -147
 0 -146
 0 -145
 0 -144
 0 -143
 0 -142
 0 -141
 0 -140


