# Created by Octave 3.8.2, Mon Jun 22 13:27:52 2020 CEST <damian@fptrucha.inv.usc.es>
# name: hd
# type: matrix
# rows: 41
# columns: 2
 2 -180
 5 -179
 2 -178
 2 -177
 2 -176
 1 -175
 2 -174
 1 -173
 0 -172
 1 -171
 2 -170
 6 -169
 1 -168
 5 -167
 15 -166
 108 -165
 484 -164
 1333 -163
 1735 -162
 3005 -161
 3817 -160
 3900 -159
 3835 -158
 2743 -157
 3664 -156
 3674 -155
 3359 -154
 2398 -153
 1008 -152
 698 -151
 165 -150
 8 -149
 0 -148
 0 -147
 0 -146
 0 -145
 0 -144
 0 -143
 0 -142
 0 -141
 0 -140


