# Created by Octave 3.8.2, Mon Jun 22 06:28:38 2020 CEST <damian@fptrucha.inv.usc.es>
# name: hd
# type: matrix
# rows: 41
# columns: 2
 5 -180
 1 -179
 6 -178
 2 -177
 3 -176
 3 -175
 3 -174
 2 -173
 1 -172
 1 -171
 5 -170
 7 -169
 7 -168
 4 -167
 13 -166
 92 -165
 471 -164
 1203 -163
 1674 -162
 2827 -161
 3430 -160
 3681 -159
 3582 -158
 2577 -157
 3507 -156
 3553 -155
 3179 -154
 2325 -153
 951 -152
 655 -151
 136 -150
 7 -149
 0 -148
 0 -147
 0 -146
 0 -145
 0 -144
 0 -143
 0 -142
 0 -141
 0 -140


