# Created by Octave 3.8.2, Sat Jun 20 19:09:23 2020 CEST <damian@fptrucha.inv.usc.es>
# name: hd
# type: matrix
# rows: 41
# columns: 2
 2 -180
 0 -179
 0 -178
 0 -177
 0 -176
 0 -175
 0 -174
 1 -173
 1 -172
 2 -171
 0 -170
 1 -169
 6 -168
 2 -167
 11 -166
 62 -165
 357 -164
 1067 -163
 1599 -162
 2907 -161
 3436 -160
 3768 -159
 3597 -158
 2966 -157
 3753 -156
 3760 -155
 3422 -154
 2692 -153
 1221 -152
 812 -151
 223 -150
 16 -149
 0 -148
 0 -147
 0 -146
 0 -145
 0 -144
 0 -143
 0 -142
 0 -141
 0 -140


