# Created by Octave 3.8.2, Sat Jun 20 04:28:16 2020 CEST <damian@fptrucha.inv.usc.es>
# name: hd
# type: matrix
# rows: 41
# columns: 2
 1 -180
 0 -179
 0 -178
 1 -177
 0 -176
 0 -175
 2 -174
 3 -173
 0 -172
 2 -171
 0 -170
 1 -169
 3 -168
 2 -167
 10 -166
 82 -165
 418 -164
 1203 -163
 1831 -162
 3234 -161
 3934 -160
 4088 -159
 4240 -158
 3263 -157
 4085 -156
 4079 -155
 3773 -154
 2890 -153
 1370 -152
 871 -151
 220 -150
 9 -149
 0 -148
 0 -147
 0 -146
 0 -145
 0 -144
 0 -143
 0 -142
 0 -141
 0 -140


