# Created by Octave 3.8.2, Mon Jun 22 13:20:43 2020 CEST <damian@fptrucha.inv.usc.es>
# name: hd
# type: matrix
# rows: 41
# columns: 2
 2 -180
 2 -179
 3 -178
 1 -177
 4 -176
 1 -175
 3 -174
 2 -173
 0 -172
 5 -171
 6 -170
 4 -169
 8 -168
 2 -167
 14 -166
 100 -165
 480 -164
 1384 -163
 1720 -162
 3148 -161
 3695 -160
 3961 -159
 3799 -158
 2838 -157
 3715 -156
 3681 -155
 3433 -154
 2529 -153
 1057 -152
 674 -151
 178 -150
 5 -149
 0 -148
 0 -147
 0 -146
 0 -145
 0 -144
 0 -143
 0 -142
 0 -141
 0 -140


