# Created by Octave 3.8.2, Mon Jun 22 11:30:00 2020 CEST <damian@fptrucha.inv.usc.es>
# name: hd
# type: matrix
# rows: 41
# columns: 2
 5 -180
 1 -179
 1 -178
 3 -177
 3 -176
 2 -175
 1 -174
 2 -173
 1 -172
 3 -171
 7 -170
 7 -169
 3 -168
 9 -167
 17 -166
 97 -165
 484 -164
 1316 -163
 1644 -162
 3036 -161
 3587 -160
 3766 -159
 3667 -158
 2669 -157
 3671 -156
 3752 -155
 3340 -154
 2381 -153
 958 -152
 672 -151
 161 -150
 3 -149
 0 -148
 0 -147
 0 -146
 0 -145
 0 -144
 0 -143
 0 -142
 0 -141
 0 -140


