# Created by Octave 3.8.2, Sat Jun 20 10:14:49 2020 CEST <damian@fptrucha.inv.usc.es>
# name: hd
# type: matrix
# rows: 41
# columns: 2
 0 -180
 1 -179
 1 -178
 0 -177
 1 -176
 1 -175
 1 -174
 0 -173
 1 -172
 0 -171
 0 -170
 4 -169
 2 -168
 2 -167
 10 -166
 77 -165
 428 -164
 1232 -163
 1751 -162
 3183 -161
 4024 -160
 4213 -159
 4080 -158
 3306 -157
 4147 -156
 4056 -155
 3799 -154
 2814 -153
 1380 -152
 908 -151
 264 -150
 16 -149
 0 -148
 0 -147
 0 -146
 0 -145
 0 -144
 0 -143
 0 -142
 0 -141
 0 -140


