# Created by Octave 3.8.2, Mon Jun 22 04:37:23 2020 CEST <damian@fptrucha.inv.usc.es>
# name: hd
# type: matrix
# rows: 41
# columns: 2
 6 -180
 3 -179
 1 -178
 1 -177
 5 -176
 3 -175
 1 -174
 3 -173
 2 -172
 2 -171
 4 -170
 7 -169
 4 -168
 2 -167
 13 -166
 117 -165
 459 -164
 1212 -163
 1565 -162
 2777 -161
 3338 -160
 3506 -159
 3439 -158
 2467 -157
 3352 -156
 3363 -155
 3016 -154
 2193 -153
 891 -152
 602 -151
 126 -150
 5 -149
 0 -148
 0 -147
 0 -146
 0 -145
 0 -144
 0 -143
 0 -142
 0 -141
 0 -140


