# Created by Octave 3.8.2, Sun Jun 21 01:09:58 2020 CEST <damian@fptrucha.inv.usc.es>
# name: hd
# type: matrix
# rows: 41
# columns: 2
 1 -180
 0 -179
 0 -178
 0 -177
 0 -176
 3 -175
 0 -174
 1 -173
 0 -172
 0 -171
 3 -170
 1 -169
 1 -168
 5 -167
 10 -166
 60 -165
 326 -164
 1105 -163
 1554 -162
 2790 -161
 3310 -160
 3658 -159
 3583 -158
 2860 -157
 3614 -156
 3570 -155
 3430 -154
 2630 -153
 1208 -152
 789 -151
 207 -150
 13 -149
 0 -148
 0 -147
 0 -146
 0 -145
 0 -144
 0 -143
 0 -142
 0 -141
 0 -140


