# Created by Octave 3.8.2, Sat Jun 20 06:23:44 2020 CEST <damian@fptrucha.inv.usc.es>
# name: hd
# type: matrix
# rows: 41
# columns: 2
 0 -180
 1 -179
 0 -178
 0 -177
 0 -176
 0 -175
 1 -174
 1 -173
 1 -172
 1 -171
 2 -170
 5 -169
 3 -168
 5 -167
 8 -166
 86 -165
 477 -164
 1257 -163
 1872 -162
 3244 -161
 4012 -160
 4323 -159
 4154 -158
 3242 -157
 4228 -156
 4159 -155
 3818 -154
 2890 -153
 1344 -152
 918 -151
 243 -150
 16 -149
 0 -148
 0 -147
 0 -146
 0 -145
 0 -144
 0 -143
 0 -142
 0 -141
 0 -140


