# Created by Octave 3.8.2, Mon Jun 22 04:50:59 2020 CEST <damian@fptrucha.inv.usc.es>
# name: hd
# type: matrix
# rows: 41
# columns: 2
 3 -180
 2 -179
 2 -178
 2 -177
 1 -176
 3 -175
 2 -174
 1 -173
 0 -172
 0 -171
 9 -170
 7 -169
 4 -168
 1 -167
 16 -166
 82 -165
 440 -164
 1271 -163
 1573 -162
 2804 -161
 3277 -160
 3426 -159
 3296 -158
 2448 -157
 3400 -156
 3262 -155
 3037 -154
 2192 -153
 936 -152
 605 -151
 125 -150
 3 -149
 0 -148
 0 -147
 0 -146
 0 -145
 0 -144
 0 -143
 0 -142
 0 -141
 0 -140


