# Created by Octave 3.8.2, Mon Jun 22 16:41:49 2020 CEST <damian@fptrucha.inv.usc.es>
# name: hd
# type: matrix
# rows: 41
# columns: 2
 4 -180
 1 -179
 0 -178
 1 -177
 0 -176
 4 -175
 1 -174
 5 -173
 1 -172
 1 -171
 4 -170
 9 -169
 7 -168
 4 -167
 10 -166
 95 -165
 499 -164
 1360 -163
 1726 -162
 3171 -161
 3820 -160
 4079 -159
 3900 -158
 2785 -157
 3766 -156
 3920 -155
 3490 -154
 2429 -153
 959 -152
 709 -151
 150 -150
 5 -149
 0 -148
 0 -147
 0 -146
 0 -145
 0 -144
 0 -143
 0 -142
 0 -141
 0 -140


