# Created by Octave 3.8.2, Mon Jun 22 03:53:47 2020 CEST <damian@fptrucha.inv.usc.es>
# name: hd
# type: matrix
# rows: 41
# columns: 2
 3 -180
 1 -179
 3 -178
 2 -177
 4 -176
 1 -175
 3 -174
 2 -173
 1 -172
 6 -171
 4 -170
 6 -169
 6 -168
 6 -167
 13 -166
 88 -165
 459 -164
 1246 -163
 1570 -162
 2850 -161
 3377 -160
 3592 -159
 3594 -158
 2582 -157
 3451 -156
 3417 -155
 3050 -154
 2241 -153
 910 -152
 617 -151
 119 -150
 7 -149
 0 -148
 0 -147
 0 -146
 0 -145
 0 -144
 0 -143
 0 -142
 0 -141
 0 -140


