# Created by Octave 3.8.2, Mon Jun 22 11:45:16 2020 CEST <damian@fptrucha.inv.usc.es>
# name: hd
# type: matrix
# rows: 41
# columns: 2
 2 -180
 1 -179
 1 -178
 2 -177
 2 -176
 0 -175
 4 -174
 3 -173
 1 -172
 2 -171
 4 -170
 3 -169
 8 -168
 4 -167
 10 -166
 107 -165
 474 -164
 1301 -163
 1663 -162
 3165 -161
 3702 -160
 3906 -159
 3700 -158
 2615 -157
 3706 -156
 3586 -155
 3250 -154
 2416 -153
 965 -152
 716 -151
 144 -150
 7 -149
 0 -148
 0 -147
 0 -146
 0 -145
 0 -144
 0 -143
 0 -142
 0 -141
 0 -140


