# Created by Octave 3.8.2, Sun Jun 21 03:49:37 2020 CEST <damian@fptrucha.inv.usc.es>
# name: hd
# type: matrix
# rows: 41
# columns: 2
 2 -180
 0 -179
 0 -178
 1 -177
 0 -176
 2 -175
 0 -174
 2 -173
 1 -172
 0 -171
 1 -170
 3 -169
 3 -168
 2 -167
 6 -166
 57 -165
 324 -164
 996 -163
 1616 -162
 2766 -161
 3305 -160
 3726 -159
 3721 -158
 2845 -157
 3542 -156
 3617 -155
 3229 -154
 2565 -153
 1205 -152
 832 -151
 204 -150
 14 -149
 0 -148
 0 -147
 0 -146
 0 -145
 0 -144
 0 -143
 0 -142
 0 -141
 0 -140


