# Created by Octave 3.8.2, Sat Jun 20 12:04:02 2020 CEST <damian@fptrucha.inv.usc.es>
# name: hd
# type: matrix
# rows: 41
# columns: 2
 0 -180
 1 -179
 0 -178
 0 -177
 1 -176
 0 -175
 1 -174
 0 -173
 1 -172
 2 -171
 0 -170
 3 -169
 5 -168
 4 -167
 6 -166
 74 -165
 365 -164
 1235 -163
 1753 -162
 3138 -161
 3878 -160
 4139 -159
 4071 -158
 3154 -157
 4055 -156
 3900 -155
 3678 -154
 2956 -153
 1286 -152
 852 -151
 240 -150
 13 -149
 0 -148
 0 -147
 0 -146
 0 -145
 0 -144
 0 -143
 0 -142
 0 -141
 0 -140


