# Created by Octave 3.8.2, Mon Jun 22 08:32:28 2020 CEST <damian@fptrucha.inv.usc.es>
# name: hd
# type: matrix
# rows: 41
# columns: 2
 5 -180
 5 -179
 2 -178
 1 -177
 3 -176
 4 -175
 1 -174
 3 -173
 3 -172
 3 -171
 4 -170
 5 -169
 5 -168
 8 -167
 17 -166
 95 -165
 495 -164
 1327 -163
 1607 -162
 2984 -161
 3476 -160
 3737 -159
 3668 -158
 2824 -157
 3578 -156
 3527 -155
 3303 -154
 2375 -153
 957 -152
 645 -151
 157 -150
 9 -149
 0 -148
 0 -147
 0 -146
 0 -145
 0 -144
 0 -143
 0 -142
 0 -141
 0 -140


