# Created by Octave 3.8.2, Sat Jun 20 13:03:26 2020 CEST <damian@fptrucha.inv.usc.es>
# name: hd
# type: matrix
# rows: 41
# columns: 2
 0 -180
 0 -179
 1 -178
 0 -177
 2 -176
 0 -175
 1 -174
 0 -173
 2 -172
 3 -171
 3 -170
 2 -169
 4 -168
 2 -167
 4 -166
 57 -165
 384 -164
 1205 -163
 1744 -162
 3003 -161
 3687 -160
 3882 -159
 4007 -158
 3090 -157
 3929 -156
 3852 -155
 3619 -154
 3074 -153
 1259 -152
 854 -151
 236 -150
 16 -149
 0 -148
 0 -147
 1 -146
 0 -145
 0 -144
 0 -143
 0 -142
 0 -141
 0 -140


