# Created by Octave 3.8.2, Mon Jun 22 20:36:25 2020 CEST <damian@fptrucha.inv.usc.es>
# name: hd
# type: matrix
# rows: 41
# columns: 2
 2 -180
 4 -179
 1 -178
 1 -177
 1 -176
 2 -175
 0 -174
 2 -173
 0 -172
 1 -171
 1 -170
 3 -169
 5 -168
 5 -167
 15 -166
 87 -165
 481 -164
 1393 -163
 1736 -162
 3235 -161
 3894 -160
 4087 -159
 3953 -158
 2916 -157
 3881 -156
 3843 -155
 3623 -154
 2632 -153
 1084 -152
 775 -151
 170 -150
 11 -149
 0 -148
 0 -147
 0 -146
 0 -145
 0 -144
 0 -143
 0 -142
 0 -141
 0 -140


