# Created by Octave 3.8.2, Mon Jun 22 05:08:41 2020 CEST <damian@fptrucha.inv.usc.es>
# name: hd
# type: matrix
# rows: 41
# columns: 2
 3 -180
 3 -179
 5 -178
 0 -177
 1 -176
 1 -175
 3 -174
 1 -173
 2 -172
 4 -171
 6 -170
 4 -169
 6 -168
 6 -167
 14 -166
 94 -165
 469 -164
 1246 -163
 1631 -162
 2805 -161
 3365 -160
 3529 -159
 3384 -158
 2537 -157
 3405 -156
 3348 -155
 3062 -154
 2299 -153
 899 -152
 615 -151
 122 -150
 8 -149
 0 -148
 0 -147
 0 -146
 0 -145
 0 -144
 0 -143
 0 -142
 0 -141
 0 -140


