# Created by Octave 3.8.2, Sun Jun 21 02:01:15 2020 CEST <damian@fptrucha.inv.usc.es>
# name: hd
# type: matrix
# rows: 41
# columns: 2
 0 -180
 0 -179
 1 -178
 3 -177
 0 -176
 1 -175
 1 -174
 1 -173
 0 -172
 1 -171
 2 -170
 1 -169
 3 -168
 1 -167
 3 -166
 63 -165
 343 -164
 1101 -163
 1593 -162
 2832 -161
 3484 -160
 3758 -159
 3642 -158
 2932 -157
 3621 -156
 3677 -155
 3309 -154
 2524 -153
 1179 -152
 794 -151
 210 -150
 18 -149
 0 -148
 0 -147
 0 -146
 0 -145
 0 -144
 0 -143
 0 -142
 0 -141
 0 -140


