# Created by Octave 3.8.2, Mon Jun 22 11:46:19 2020 CEST <damian@fptrucha.inv.usc.es>
# name: hd
# type: matrix
# rows: 41
# columns: 2
 4 -180
 1 -179
 1 -178
 0 -177
 0 -176
 3 -175
 3 -174
 0 -173
 1 -172
 4 -171
 1 -170
 3 -169
 4 -168
 5 -167
 9 -166
 101 -165
 439 -164
 1340 -163
 1624 -162
 2952 -161
 3608 -160
 3771 -159
 3665 -158
 2745 -157
 3579 -156
 3670 -155
 3363 -154
 2412 -153
 1022 -152
 693 -151
 149 -150
 2 -149
 0 -148
 0 -147
 0 -146
 0 -145
 0 -144
 0 -143
 0 -142
 0 -141
 0 -140


