# Created by Octave 3.8.2, Mon Jun 22 23:53:53 2020 CEST <damian@fptrucha.inv.usc.es>
# name: hd
# type: matrix
# rows: 41
# columns: 2
 1 -180
 1 -179
 1 -178
 1 -177
 2 -176
 3 -175
 1 -174
 0 -173
 0 -172
 3 -171
 2 -170
 6 -169
 4 -168
 4 -167
 10 -166
 73 -165
 413 -164
 1188 -163
 1757 -162
 3172 -161
 3835 -160
 4013 -159
 3945 -158
 3111 -157
 4017 -156
 3924 -155
 3650 -154
 2801 -153
 1327 -152
 807 -151
 211 -150
 8 -149
 0 -148
 0 -147
 0 -146
 0 -145
 0 -144
 0 -143
 0 -142
 0 -141
 0 -140


