# Created by Octave 3.8.2, Sat Jun 20 14:01:51 2020 CEST <damian@fptrucha.inv.usc.es>
# name: hd
# type: matrix
# rows: 41
# columns: 2
 1 -180
 0 -179
 1 -178
 1 -177
 0 -176
 1 -175
 0 -174
 2 -173
 3 -172
 1 -171
 3 -170
 1 -169
 2 -168
 10 -167
 5 -166
 58 -165
 401 -164
 1198 -163
 1709 -162
 3020 -161
 3810 -160
 3861 -159
 4010 -158
 3240 -157
 3872 -156
 4029 -155
 3512 -154
 2850 -153
 1247 -152
 855 -151
 224 -150
 19 -149
 0 -148
 0 -147
 0 -146
 0 -145
 0 -144
 0 -143
 0 -142
 0 -141
 0 -140


