# Created by Octave 3.8.2, Mon Jun 22 21:55:57 2020 CEST <damian@fptrucha.inv.usc.es>
# name: hd
# type: matrix
# rows: 41
# columns: 2
 1 -180
 2 -179
 2 -178
 0 -177
 1 -176
 0 -175
 1 -174
 0 -173
 1 -172
 0 -171
 3 -170
 6 -169
 4 -168
 6 -167
 7 -166
 69 -165
 430 -164
 1219 -163
 1788 -162
 3214 -161
 3825 -160
 4016 -159
 3884 -158
 3134 -157
 3919 -156
 3995 -155
 3579 -154
 2854 -153
 1250 -152
 853 -151
 209 -150
 17 -149
 0 -148
 0 -147
 0 -146
 0 -145
 0 -144
 0 -143
 0 -142
 0 -141
 0 -140


