# Created by Octave 3.8.2, Sat Jun 20 13:23:41 2020 CEST <damian@fptrucha.inv.usc.es>
# name: hd
# type: matrix
# rows: 41
# columns: 2
 1 -180
 0 -179
 0 -178
 0 -177
 0 -176
 1 -175
 2 -174
 0 -173
 0 -172
 1 -171
 3 -170
 5 -169
 6 -168
 3 -167
 10 -166
 72 -165
 399 -164
 1198 -163
 1679 -162
 3027 -161
 3726 -160
 3975 -159
 3937 -158
 3173 -157
 4034 -156
 3941 -155
 3652 -154
 2778 -153
 1270 -152
 931 -151
 246 -150
 17 -149
 0 -148
 0 -147
 0 -146
 0 -145
 0 -144
 0 -143
 0 -142
 0 -141
 0 -140


