# Created by Octave 3.8.2, Sat Jun 20 22:27:03 2020 CEST <damian@fptrucha.inv.usc.es>
# name: hd
# type: matrix
# rows: 41
# columns: 2
 0 -180
 1 -179
 1 -178
 1 -177
 1 -176
 0 -175
 0 -174
 0 -173
 0 -172
 1 -171
 1 -170
 1 -169
 5 -168
 6 -167
 2 -166
 55 -165
 305 -164
 1016 -163
 1618 -162
 2744 -161
 3498 -160
 3561 -159
 3814 -158
 2830 -157
 3624 -156
 3651 -155
 3346 -154
 2654 -153
 1211 -152
 798 -151
 191 -150
 11 -149
 0 -148
 0 -147
 0 -146
 0 -145
 0 -144
 0 -143
 0 -142
 0 -141
 0 -140


