# Created by Octave 3.8.2, Mon Jun 22 23:46:45 2020 CEST <damian@fptrucha.inv.usc.es>
# name: hd
# type: matrix
# rows: 41
# columns: 2
 0 -180
 2 -179
 0 -178
 0 -177
 0 -176
 3 -175
 2 -174
 0 -173
 0 -172
 1 -171
 0 -170
 2 -169
 9 -168
 4 -167
 1 -166
 49 -165
 248 -164
 803 -163
 1230 -162
 2067 -161
 2519 -160
 2680 -159
 2616 -158
 2046 -157
 2611 -156
 2673 -155
 2546 -154
 1837 -153
 834 -152
 529 -151
 143 -150
 3 -149
 0 -148
 0 -147
 0 -146
 0 -145
 0 -144
 0 -143
 0 -142
 0 -141
 0 -140


