# Created by Octave 3.8.2, Mon Jun 22 07:10:42 2020 CEST <damian@fptrucha.inv.usc.es>
# name: hd
# type: matrix
# rows: 41
# columns: 2
 2 -180
 3 -179
 3 -178
 3 -177
 4 -176
 2 -175
 1 -174
 3 -173
 6 -172
 3 -171
 3 -170
 4 -169
 7 -168
 8 -167
 14 -166
 101 -165
 464 -164
 1255 -163
 1538 -162
 2881 -161
 3428 -160
 3604 -159
 3655 -158
 2756 -157
 3534 -156
 3543 -155
 3175 -154
 2367 -153
 982 -152
 657 -151
 146 -150
 4 -149
 0 -148
 0 -147
 0 -146
 0 -145
 0 -144
 0 -143
 0 -142
 0 -141
 0 -140


