# Created by Octave 3.8.2, Mon Jun 22 00:21:00 2020 CEST <damian@fptrucha.inv.usc.es>
# name: hd
# type: matrix
# rows: 41
# columns: 2
 0 -180
 1 -179
 0 -178
 1 -177
 0 -176
 1 -175
 1 -174
 0 -173
 0 -172
 0 -171
 1 -170
 5 -169
 4 -168
 2 -167
 7 -166
 56 -165
 329 -164
 959 -163
 1575 -162
 2778 -161
 3449 -160
 3630 -159
 3644 -158
 2934 -157
 3717 -156
 3580 -155
 3294 -154
 2585 -153
 1253 -152
 790 -151
 204 -150
 7 -149
 0 -148
 0 -147
 0 -146
 0 -145
 0 -144
 0 -143
 0 -142
 0 -141
 0 -140


