# Created by Octave 3.8.2, Mon Jun 22 11:44:14 2020 CEST <damian@fptrucha.inv.usc.es>
# name: hd
# type: matrix
# rows: 41
# columns: 2
 4 -180
 1 -179
 3 -178
 3 -177
 5 -176
 2 -175
 2 -174
 0 -173
 1 -172
 5 -171
 2 -170
 5 -169
 5 -168
 5 -167
 9 -166
 81 -165
 469 -164
 1326 -163
 1638 -162
 3017 -161
 3534 -160
 3801 -159
 3654 -158
 2757 -157
 3679 -156
 3621 -155
 3308 -154
 2393 -153
 1040 -152
 663 -151
 171 -150
 2 -149
 0 -148
 0 -147
 0 -146
 0 -145
 0 -144
 0 -143
 0 -142
 0 -141
 0 -140


