# Created by Octave 3.8.2, Sun Jun 21 06:15:28 2020 CEST <damian@fptrucha.inv.usc.es>
# name: hd
# type: matrix
# rows: 41
# columns: 2
 0 -180
 1 -179
 0 -178
 0 -177
 0 -176
 3 -175
 0 -174
 2 -173
 1 -172
 3 -171
 1 -170
 3 -169
 4 -168
 2 -167
 8 -166
 46 -165
 330 -164
 1037 -163
 1572 -162
 2728 -161
 3509 -160
 3641 -159
 3544 -158
 2862 -157
 3484 -156
 3609 -155
 3238 -154
 2706 -153
 1262 -152
 787 -151
 221 -150
 11 -149
 0 -148
 0 -147
 0 -146
 0 -145
 0 -144
 0 -143
 0 -142
 0 -141
 0 -140


