# Created by Octave 3.8.2, Mon Jun 22 16:49:42 2020 CEST <damian@fptrucha.inv.usc.es>
# name: hd
# type: matrix
# rows: 41
# columns: 2
 2 -180
 1 -179
 3 -178
 1 -177
 3 -176
 2 -175
 3 -174
 2 -173
 3 -172
 2 -171
 4 -170
 4 -169
 4 -168
 6 -167
 9 -166
 113 -165
 482 -164
 1409 -163
 1699 -162
 3136 -161
 3729 -160
 3996 -159
 3862 -158
 2764 -157
 3841 -156
 3925 -155
 3476 -154
 2502 -153
 1019 -152
 674 -151
 162 -150
 2 -149
 0 -148
 0 -147
 0 -146
 0 -145
 0 -144
 0 -143
 0 -142
 0 -141
 0 -140


