# Created by Octave 3.8.2, Sun Jun 21 04:26:16 2020 CEST <damian@fptrucha.inv.usc.es>
# name: hd
# type: matrix
# rows: 41
# columns: 2
 0 -180
 0 -179
 1 -178
 0 -177
 0 -176
 0 -175
 0 -174
 1 -173
 3 -172
 3 -171
 4 -170
 3 -169
 3 -168
 2 -167
 7 -166
 72 -165
 329 -164
 1028 -163
 1583 -162
 2773 -161
 3459 -160
 3703 -159
 3658 -158
 2848 -157
 3754 -156
 3523 -155
 3362 -154
 2568 -153
 1178 -152
 807 -151
 220 -150
 10 -149
 0 -148
 0 -147
 0 -146
 0 -145
 0 -144
 0 -143
 0 -142
 0 -141
 0 -140


