# Created by Octave 3.8.2, Sat Jun 20 08:57:15 2020 CEST <damian@fptrucha.inv.usc.es>
# name: hd
# type: matrix
# rows: 41
# columns: 2
 0 -180
 1 -179
 0 -178
 0 -177
 0 -176
 1 -175
 1 -174
 2 -173
 0 -172
 2 -171
 2 -170
 2 -169
 2 -168
 1 -167
 6 -166
 69 -165
 422 -164
 1282 -163
 1829 -162
 3262 -161
 4030 -160
 4353 -159
 4242 -158
 3337 -157
 4236 -156
 4324 -155
 3863 -154
 2954 -153
 1407 -152
 853 -151
 249 -150
 20 -149
 0 -148
 0 -147
 0 -146
 0 -145
 0 -144
 0 -143
 0 -142
 0 -141
 0 -140


