# Created by Octave 3.8.2, Mon Jun 22 01:22:06 2020 CEST <damian@fptrucha.inv.usc.es>
# name: hd
# type: matrix
# rows: 41
# columns: 2
 0 -180
 0 -179
 0 -178
 0 -177
 0 -176
 0 -175
 3 -174
 0 -173
 0 -172
 0 -171
 0 -170
 2 -169
 0 -168
 2 -167
 8 -166
 56 -165
 306 -164
 1054 -163
 1595 -162
 2848 -161
 3447 -160
 3645 -159
 3689 -158
 2905 -157
 3518 -156
 3619 -155
 3318 -154
 2560 -153
 1244 -152
 853 -151
 201 -150
 17 -149
 0 -148
 0 -147
 0 -146
 0 -145
 0 -144
 0 -143
 0 -142
 0 -141
 0 -140


