# Created by Octave 3.8.2, Mon Jun 22 09:23:58 2020 CEST <damian@fptrucha.inv.usc.es>
# name: hd
# type: matrix
# rows: 41
# columns: 2
 1 -180
 3 -179
 0 -178
 1 -177
 1 -176
 1 -175
 1 -174
 4 -173
 1 -172
 2 -171
 5 -170
 7 -169
 2 -168
 8 -167
 18 -166
 91 -165
 448 -164
 1304 -163
 1696 -162
 2914 -161
 3564 -160
 3756 -159
 3610 -158
 2596 -157
 3663 -156
 3696 -155
 3279 -154
 2311 -153
 1010 -152
 651 -151
 144 -150
 9 -149
 0 -148
 0 -147
 0 -146
 0 -145
 0 -144
 0 -143
 0 -142
 0 -141
 0 -140


