# Created by Octave 3.8.2, Mon Jun 22 18:18:23 2020 CEST <damian@fptrucha.inv.usc.es>
# name: hd
# type: matrix
# rows: 41
# columns: 2
 2 -180
 2 -179
 2 -178
 2 -177
 0 -176
 2 -175
 3 -174
 2 -173
 0 -172
 3 -171
 1 -170
 9 -169
 9 -168
 7 -167
 6 -166
 99 -165
 481 -164
 1318 -163
 1746 -162
 3196 -161
 3704 -160
 4012 -159
 3865 -158
 2892 -157
 3879 -156
 3972 -155
 3501 -154
 2534 -153
 1057 -152
 748 -151
 173 -150
 3 -149
 0 -148
 0 -147
 0 -146
 0 -145
 0 -144
 0 -143
 0 -142
 0 -141
 0 -140


