# Created by Octave 3.8.2, Sun Jun 21 05:07:15 2020 CEST <damian@fptrucha.inv.usc.es>
# name: hd
# type: matrix
# rows: 41
# columns: 2
 0 -180
 0 -179
 0 -178
 2 -177
 1 -176
 1 -175
 0 -174
 0 -173
 0 -172
 0 -171
 1 -170
 2 -169
 2 -168
 5 -167
 14 -166
 55 -165
 353 -164
 1080 -163
 1618 -162
 2896 -161
 3544 -160
 3747 -159
 3887 -158
 2869 -157
 3625 -156
 3695 -155
 3310 -154
 2624 -153
 1160 -152
 818 -151
 213 -150
 14 -149
 0 -148
 0 -147
 0 -146
 0 -145
 0 -144
 0 -143
 0 -142
 0 -141
 0 -140


