# Created by Octave 3.8.2, Sun Jun 21 07:27:41 2020 CEST <damian@fptrucha.inv.usc.es>
# name: hd
# type: matrix
# rows: 41
# columns: 2
 0 -180
 0 -179
 0 -178
 0 -177
 0 -176
 0 -175
 0 -174
 0 -173
 0 -172
 1 -171
 1 -170
 4 -169
 1 -168
 1 -167
 12 -166
 56 -165
 319 -164
 976 -163
 1596 -162
 2661 -161
 3508 -160
 3626 -159
 3527 -158
 2984 -157
 3571 -156
 3587 -155
 3361 -154
 2546 -153
 1226 -152
 799 -151
 233 -150
 16 -149
 0 -148
 0 -147
 0 -146
 0 -145
 0 -144
 0 -143
 0 -142
 0 -141
 0 -140


