# Created by Octave 3.8.2, Sat Jun 20 08:03:36 2020 CEST <damian@fptrucha.inv.usc.es>
# name: hd
# type: matrix
# rows: 41
# columns: 2
 0 -180
 0 -179
 1 -178
 0 -177
 0 -176
 0 -175
 0 -174
 0 -173
 0 -172
 2 -171
 2 -170
 5 -169
 2 -168
 5 -167
 6 -166
 72 -165
 407 -164
 1263 -163
 1802 -162
 3311 -161
 3915 -160
 4226 -159
 4226 -158
 3233 -157
 4113 -156
 4228 -155
 3862 -154
 2911 -153
 1329 -152
 917 -151
 278 -150
 9 -149
 0 -148
 0 -147
 0 -146
 0 -145
 0 -144
 0 -143
 0 -142
 0 -141
 0 -140


