# Created by Octave 3.8.2, Mon Jun 22 08:05:25 2020 CEST <damian@fptrucha.inv.usc.es>
# name: hd
# type: matrix
# rows: 41
# columns: 2
 3 -180
 3 -179
 2 -178
 4 -177
 2 -176
 0 -175
 1 -174
 3 -173
 3 -172
 3 -171
 3 -170
 9 -169
 5 -168
 3 -167
 5 -166
 90 -165
 479 -164
 1238 -163
 1657 -162
 2933 -161
 3571 -160
 3684 -159
 3641 -158
 2683 -157
 3540 -156
 3687 -155
 3204 -154
 2473 -153
 958 -152
 694 -151
 144 -150
 5 -149
 0 -148
 0 -147
 0 -146
 0 -145
 0 -144
 0 -143
 0 -142
 0 -141
 0 -140


