# Created by Octave 3.8.2, Mon Jun 22 23:18:52 2020 CEST <damian@fptrucha.inv.usc.es>
# name: hd
# type: matrix
# rows: 41
# columns: 2
 1 -180
 1 -179
 0 -178
 0 -177
 1 -176
 3 -175
 0 -174
 2 -173
 0 -172
 2 -171
 3 -170
 6 -169
 6 -168
 3 -167
 13 -166
 80 -165
 423 -164
 1235 -163
 1762 -162
 3113 -161
 3841 -160
 4111 -159
 4118 -158
 3117 -157
 3945 -156
 3987 -155
 3765 -154
 2813 -153
 1221 -152
 832 -151
 221 -150
 10 -149
 0 -148
 0 -147
 0 -146
 0 -145
 0 -144
 0 -143
 0 -142
 0 -141
 0 -140


