# Created by Octave 3.8.2, Mon Jun 22 12:26:22 2020 CEST <damian@fptrucha.inv.usc.es>
# name: hd
# type: matrix
# rows: 41
# columns: 2
 5 -180
 3 -179
 0 -178
 2 -177
 3 -176
 3 -175
 2 -174
 1 -173
 1 -172
 2 -171
 5 -170
 3 -169
 5 -168
 5 -167
 12 -166
 97 -165
 460 -164
 1237 -163
 1649 -162
 3099 -161
 3643 -160
 3824 -159
 3799 -158
 2762 -157
 3704 -156
 3849 -155
 3405 -154
 2461 -153
 1060 -152
 701 -151
 156 -150
 10 -149
 0 -148
 0 -147
 0 -146
 0 -145
 0 -144
 0 -143
 0 -142
 0 -141
 0 -140


