# Created by Octave 3.8.2, Mon Jun 22 19:24:43 2020 CEST <damian@fptrucha.inv.usc.es>
# name: hd
# type: matrix
# rows: 41
# columns: 2
 1 -180
 2 -179
 1 -178
 1 -177
 5 -176
 6 -175
 1 -174
 3 -173
 1 -172
 1 -171
 4 -170
 4 -169
 2 -168
 3 -167
 8 -166
 96 -165
 493 -164
 1381 -163
 1742 -162
 3249 -161
 3921 -160
 3993 -159
 3833 -158
 2792 -157
 4062 -156
 3984 -155
 3553 -154
 2486 -153
 1059 -152
 770 -151
 143 -150
 12 -149
 0 -148
 0 -147
 0 -146
 0 -145
 0 -144
 0 -143
 0 -142
 0 -141
 0 -140


