# Created by Octave 3.8.2, Mon Jun 22 13:45:43 2020 CEST <damian@fptrucha.inv.usc.es>
# name: hd
# type: matrix
# rows: 41
# columns: 2
 3 -180
 3 -179
 2 -178
 0 -177
 4 -176
 0 -175
 1 -174
 2 -173
 0 -172
 1 -171
 5 -170
 5 -169
 2 -168
 6 -167
 8 -166
 121 -165
 485 -164
 1340 -163
 1647 -162
 3049 -161
 3758 -160
 3971 -159
 3820 -158
 2730 -157
 3814 -156
 3621 -155
 3454 -154
 2420 -153
 972 -152
 675 -151
 134 -150
 3 -149
 1 -148
 0 -147
 0 -146
 0 -145
 0 -144
 0 -143
 0 -142
 0 -141
 0 -140


