# Created by Octave 3.8.2, Mon Jun 22 06:29:38 2020 CEST <damian@fptrucha.inv.usc.es>
# name: hd
# type: matrix
# rows: 41
# columns: 2
 1 -180
 4 -179
 1 -178
 3 -177
 3 -176
 6 -175
 4 -174
 2 -173
 2 -172
 6 -171
 5 -170
 6 -169
 4 -168
 9 -167
 6 -166
 87 -165
 454 -164
 1238 -163
 1561 -162
 2827 -161
 3435 -160
 3680 -159
 3454 -158
 2548 -157
 3459 -156
 3579 -155
 3238 -154
 2259 -153
 934 -152
 666 -151
 146 -150
 6 -149
 0 -148
 0 -147
 0 -146
 0 -145
 0 -144
 0 -143
 0 -142
 0 -141
 0 -140


