# Created by Octave 3.8.2, Mon Jun 22 11:01:46 2020 CEST <damian@fptrucha.inv.usc.es>
# name: hd
# type: matrix
# rows: 41
# columns: 2
 4 -180
 2 -179
 0 -178
 3 -177
 1 -176
 4 -175
 1 -174
 3 -173
 1 -172
 1 -171
 4 -170
 9 -169
 5 -168
 1 -167
 5 -166
 90 -165
 483 -164
 1356 -163
 1621 -162
 3043 -161
 3686 -160
 3893 -159
 3737 -158
 2758 -157
 3787 -156
 3788 -155
 3402 -154
 2425 -153
 1044 -152
 682 -151
 174 -150
 8 -149
 0 -148
 0 -147
 0 -146
 0 -145
 0 -144
 0 -143
 0 -142
 0 -141
 0 -140


