# Created by Octave 3.8.2, Mon Jun 22 11:39:01 2020 CEST <damian@fptrucha.inv.usc.es>
# name: hd
# type: matrix
# rows: 41
# columns: 2
 4 -180
 1 -179
 2 -178
 1 -177
 6 -176
 4 -175
 0 -174
 1 -173
 1 -172
 1 -171
 2 -170
 6 -169
 9 -168
 5 -167
 10 -166
 91 -165
 513 -164
 1338 -163
 1583 -162
 3068 -161
 3774 -160
 3888 -159
 3854 -158
 2652 -157
 3692 -156
 3687 -155
 3341 -154
 2361 -153
 996 -152
 744 -151
 150 -150
 8 -149
 0 -148
 0 -147
 0 -146
 0 -145
 0 -144
 0 -143
 0 -142
 0 -141
 0 -140


