# Created by Octave 3.8.2, Mon Jun 22 22:42:45 2020 CEST <damian@fptrucha.inv.usc.es>
# name: hd
# type: matrix
# rows: 41
# columns: 2
 0 -180
 3 -179
 1 -178
 0 -177
 1 -176
 1 -175
 2 -174
 1 -173
 2 -172
 2 -171
 6 -170
 6 -169
 5 -168
 7 -167
 6 -166
 96 -165
 429 -164
 1283 -163
 1831 -162
 3125 -161
 3789 -160
 3891 -159
 3992 -158
 3135 -157
 3919 -156
 3951 -155
 3582 -154
 2832 -153
 1217 -152
 809 -151
 209 -150
 16 -149
 0 -148
 0 -147
 0 -146
 0 -145
 0 -144
 0 -143
 0 -142
 0 -141
 0 -140


