# Created by Octave 3.8.2, Mon Jun 22 15:01:54 2020 CEST <damian@fptrucha.inv.usc.es>
# name: hd
# type: matrix
# rows: 41
# columns: 2
 0 -180
 0 -179
 1 -178
 1 -177
 0 -176
 1 -175
 1 -174
 0 -173
 0 -172
 4 -171
 2 -170
 4 -169
 4 -168
 4 -167
 25 -166
 114 -165
 501 -164
 1324 -163
 1740 -162
 3058 -161
 3718 -160
 3999 -159
 3853 -158
 2767 -157
 3760 -156
 3857 -155
 3423 -154
 2452 -153
 1059 -152
 733 -151
 188 -150
 7 -149
 0 -148
 0 -147
 0 -146
 0 -145
 0 -144
 0 -143
 0 -142
 0 -141
 0 -140


