# Created by Octave 3.8.2, Sat Jun 20 06:33:26 2020 CEST <damian@fptrucha.inv.usc.es>
# name: hd
# type: matrix
# rows: 41
# columns: 2
 2 -180
 0 -179
 0 -178
 0 -177
 0 -176
 0 -175
 0 -174
 0 -173
 0 -172
 3 -171
 0 -170
 2 -169
 3 -168
 3 -167
 10 -166
 83 -165
 423 -164
 1223 -163
 1839 -162
 3214 -161
 3950 -160
 4170 -159
 4248 -158
 3326 -157
 4104 -156
 4009 -155
 3722 -154
 3006 -153
 1389 -152
 895 -151
 246 -150
 27 -149
 0 -148
 0 -147
 0 -146
 0 -145
 0 -144
 0 -143
 0 -142
 0 -141
 0 -140


