# Created by Octave 3.8.2, Mon Jun 22 09:06:44 2020 CEST <damian@fptrucha.inv.usc.es>
# name: hd
# type: matrix
# rows: 41
# columns: 2
 2 -180
 4 -179
 5 -178
 2 -177
 2 -176
 0 -175
 1 -174
 1 -173
 1 -172
 3 -171
 8 -170
 6 -169
 8 -168
 4 -167
 15 -166
 87 -165
 456 -164
 1259 -163
 1650 -162
 2920 -161
 3600 -160
 3577 -159
 3641 -158
 2659 -157
 3607 -156
 3551 -155
 3364 -154
 2429 -153
 1002 -152
 666 -151
 145 -150
 8 -149
 0 -148
 0 -147
 0 -146
 0 -145
 0 -144
 0 -143
 0 -142
 0 -141
 0 -140


