# Created by Octave 3.8.2, Sat Jun 20 04:56:01 2020 CEST <damian@fptrucha.inv.usc.es>
# name: hd
# type: matrix
# rows: 41
# columns: 2
 0 -180
 1 -179
 1 -178
 0 -177
 1 -176
 1 -175
 2 -174
 0 -173
 1 -172
 0 -171
 3 -170
 3 -169
 3 -168
 5 -167
 6 -166
 70 -165
 384 -164
 1233 -163
 1866 -162
 3269 -161
 3946 -160
 4127 -159
 4244 -158
 3237 -157
 4116 -156
 4052 -155
 3788 -154
 2923 -153
 1344 -152
 906 -151
 195 -150
 14 -149
 0 -148
 0 -147
 0 -146
 0 -145
 0 -144
 0 -143
 0 -142
 0 -141
 0 -140


