# Created by Octave 3.8.2, Sat Jun 20 21:54:57 2020 CEST <damian@fptrucha.inv.usc.es>
# name: hd
# type: matrix
# rows: 41
# columns: 2
 0 -180
 0 -179
 0 -178
 1 -177
 1 -176
 1 -175
 0 -174
 0 -173
 0 -172
 0 -171
 2 -170
 2 -169
 3 -168
 4 -167
 4 -166
 50 -165
 292 -164
 1089 -163
 1591 -162
 2822 -161
 3453 -160
 3700 -159
 3690 -158
 2953 -157
 3596 -156
 3581 -155
 3373 -154
 2628 -153
 1227 -152
 860 -151
 241 -150
 12 -149
 0 -148
 0 -147
 0 -146
 0 -145
 0 -144
 0 -143
 0 -142
 0 -141
 0 -140


