# Created by Octave 3.8.2, Mon Jun 22 03:48:19 2020 CEST <damian@fptrucha.inv.usc.es>
# name: hd
# type: matrix
# rows: 41
# columns: 2
 2 -180
 1 -179
 0 -178
 1 -177
 4 -176
 5 -175
 1 -174
 4 -173
 4 -172
 1 -171
 1 -170
 6 -169
 9 -168
 3 -167
 15 -166
 121 -165
 450 -164
 1251 -163
 1652 -162
 2954 -161
 3493 -160
 3552 -159
 3570 -158
 2591 -157
 3527 -156
 3462 -155
 3208 -154
 2327 -153
 1047 -152
 624 -151
 142 -150
 6 -149
 0 -148
 0 -147
 0 -146
 0 -145
 0 -144
 0 -143
 0 -142
 0 -141
 0 -140


