# Created by Octave 3.8.2, Mon Jun 22 20:14:41 2020 CEST <damian@fptrucha.inv.usc.es>
# name: hd
# type: matrix
# rows: 41
# columns: 2
 0 -180
 3 -179
 1 -178
 0 -177
 0 -176
 2 -175
 1 -174
 2 -173
 1 -172
 3 -171
 3 -170
 9 -169
 7 -168
 3 -167
 16 -166
 101 -165
 486 -164
 1417 -163
 1725 -162
 3190 -161
 3771 -160
 3969 -159
 3899 -158
 2913 -157
 3980 -156
 3946 -155
 3657 -154
 2499 -153
 1036 -152
 757 -151
 176 -150
 6 -149
 0 -148
 0 -147
 0 -146
 0 -145
 0 -144
 0 -143
 0 -142
 0 -141
 0 -140


