# Created by Octave 3.8.2, Mon Jun 22 18:34:21 2020 CEST <damian@fptrucha.inv.usc.es>
# name: hd
# type: matrix
# rows: 41
# columns: 2
 0 -180
 1 -179
 7 -178
 2 -177
 1 -176
 0 -175
 1 -174
 1 -173
 2 -172
 1 -171
 3 -170
 2 -169
 2 -168
 4 -167
 12 -166
 92 -165
 445 -164
 1390 -163
 1739 -162
 3203 -161
 3759 -160
 3920 -159
 3952 -158
 2927 -157
 3802 -156
 3783 -155
 3500 -154
 2618 -153
 1068 -152
 726 -151
 181 -150
 7 -149
 0 -148
 0 -147
 0 -146
 0 -145
 0 -144
 0 -143
 0 -142
 0 -141
 0 -140


