# Created by Octave 3.8.2, Mon Jun 22 13:16:26 2020 CEST <damian@fptrucha.inv.usc.es>
# name: hd
# type: matrix
# rows: 41
# columns: 2
 1 -180
 4 -179
 1 -178
 0 -177
 2 -176
 1 -175
 4 -174
 4 -173
 1 -172
 0 -171
 2 -170
 3 -169
 4 -168
 3 -167
 15 -166
 119 -165
 482 -164
 1357 -163
 1683 -162
 3133 -161
 3623 -160
 3879 -159
 3748 -158
 2797 -157
 3925 -156
 3727 -155
 3507 -154
 2503 -153
 986 -152
 674 -151
 138 -150
 9 -149
 0 -148
 0 -147
 0 -146
 0 -145
 0 -144
 0 -143
 0 -142
 0 -141
 0 -140


