# Created by Octave 3.8.2, Mon Jun 22 04:54:47 2020 CEST <damian@fptrucha.inv.usc.es>
# name: hd
# type: matrix
# rows: 41
# columns: 2
 3 -180
 2 -179
 4 -178
 1 -177
 3 -176
 2 -175
 0 -174
 2 -173
 1 -172
 1 -171
 1 -170
 3 -169
 4 -168
 3 -167
 15 -166
 93 -165
 448 -164
 1230 -163
 1543 -162
 2785 -161
 3428 -160
 3431 -159
 3402 -158
 2526 -157
 3328 -156
 3289 -155
 3045 -154
 2193 -153
 896 -152
 561 -151
 128 -150
 2 -149
 0 -148
 0 -147
 0 -146
 0 -145
 0 -144
 0 -143
 0 -142
 0 -141
 0 -140


