# Created by Octave 3.8.2, Sun Jun 21 03:58:22 2020 CEST <damian@fptrucha.inv.usc.es>
# name: hd
# type: matrix
# rows: 41
# columns: 2
 0 -180
 0 -179
 0 -178
 0 -177
 2 -176
 0 -175
 2 -174
 1 -173
 1 -172
 0 -171
 2 -170
 7 -169
 3 -168
 0 -167
 5 -166
 60 -165
 300 -164
 1041 -163
 1549 -162
 2803 -161
 3489 -160
 3617 -159
 3662 -158
 2840 -157
 3593 -156
 3602 -155
 3415 -154
 2618 -153
 1150 -152
 776 -151
 217 -150
 7 -149
 0 -148
 0 -147
 0 -146
 0 -145
 0 -144
 0 -143
 0 -142
 0 -141
 0 -140


