# Created by Octave 3.8.2, Sat Jun 20 23:02:44 2020 CEST <damian@fptrucha.inv.usc.es>
# name: hd
# type: matrix
# rows: 41
# columns: 2
 1 -180
 0 -179
 1 -178
 0 -177
 1 -176
 0 -175
 0 -174
 2 -173
 0 -172
 1 -171
 0 -170
 3 -169
 2 -168
 6 -167
 8 -166
 72 -165
 335 -164
 1092 -163
 1607 -162
 2719 -161
 3445 -160
 3662 -159
 3630 -158
 2908 -157
 3737 -156
 3632 -155
 3267 -154
 2572 -153
 1214 -152
 792 -151
 231 -150
 12 -149
 0 -148
 0 -147
 0 -146
 0 -145
 0 -144
 0 -143
 0 -142
 0 -141
 0 -140


