# Created by Octave 3.8.2, Sat Jun 20 04:08:43 2020 CEST <damian@fptrucha.inv.usc.es>
# name: hd
# type: matrix
# rows: 41
# columns: 2
 0 -180
 0 -179
 1 -178
 0 -177
 0 -176
 0 -175
 1 -174
 3 -173
 0 -172
 0 -171
 4 -170
 1 -169
 3 -168
 2 -167
 4 -166
 87 -165
 390 -164
 1243 -163
 1757 -162
 3133 -161
 3848 -160
 4050 -159
 4140 -158
 3158 -157
 4116 -156
 3992 -155
 3778 -154
 2966 -153
 1356 -152
 894 -151
 221 -150
 19 -149
 0 -148
 0 -147
 0 -146
 0 -145
 0 -144
 0 -143
 0 -142
 0 -141
 0 -140


