# Created by Octave 3.8.2, Sat Jun 20 21:43:48 2020 CEST <damian@fptrucha.inv.usc.es>
# name: hd
# type: matrix
# rows: 41
# columns: 2
 1 -180
 1 -179
 0 -178
 0 -177
 1 -176
 0 -175
 0 -174
 0 -173
 2 -172
 0 -171
 1 -170
 2 -169
 5 -168
 5 -167
 1 -166
 65 -165
 323 -164
 1030 -163
 1606 -162
 2761 -161
 3377 -160
 3544 -159
 3592 -158
 3005 -157
 3650 -156
 3641 -155
 3185 -154
 2563 -153
 1208 -152
 773 -151
 241 -150
 12 -149
 0 -148
 0 -147
 0 -146
 0 -145
 0 -144
 0 -143
 0 -142
 0 -141
 0 -140


