# Created by Octave 3.8.2, Mon Jun 22 19:30:26 2020 CEST <damian@fptrucha.inv.usc.es>
# name: hd
# type: matrix
# rows: 41
# columns: 2
 1 -180
 2 -179
 4 -178
 1 -177
 2 -176
 2 -175
 3 -174
 2 -173
 1 -172
 0 -171
 4 -170
 5 -169
 6 -168
 6 -167
 15 -166
 83 -165
 458 -164
 1325 -163
 1717 -162
 3144 -161
 3885 -160
 4117 -159
 3811 -158
 2842 -157
 4021 -156
 3877 -155
 3581 -154
 2539 -153
 1057 -152
 750 -151
 157 -150
 2 -149
 0 -148
 0 -147
 0 -146
 0 -145
 0 -144
 0 -143
 0 -142
 0 -141
 0 -140


