# Created by Octave 3.8.2, Sun Jun 21 04:22:57 2020 CEST <damian@fptrucha.inv.usc.es>
# name: hd
# type: matrix
# rows: 41
# columns: 2
 3 -180
 1 -179
 1 -178
 0 -177
 1 -176
 0 -175
 0 -174
 2 -173
 0 -172
 1 -171
 2 -170
 0 -169
 2 -168
 4 -167
 6 -166
 49 -165
 305 -164
 1067 -163
 1683 -162
 2785 -161
 3368 -160
 3707 -159
 3694 -158
 2857 -157
 3651 -156
 3586 -155
 3357 -154
 2648 -153
 1292 -152
 812 -151
 247 -150
 14 -149
 1 -148
 0 -147
 0 -146
 0 -145
 0 -144
 0 -143
 0 -142
 0 -141
 0 -140


