# Created by Octave 3.8.2, Mon Jun 22 04:49:09 2020 CEST <damian@fptrucha.inv.usc.es>
# name: hd
# type: matrix
# rows: 41
# columns: 2
 1 -180
 3 -179
 1 -178
 2 -177
 2 -176
 3 -175
 3 -174
 0 -173
 1 -172
 5 -171
 6 -170
 5 -169
 6 -168
 2 -167
 13 -166
 89 -165
 443 -164
 1315 -163
 1559 -162
 2776 -161
 3385 -160
 3543 -159
 3323 -158
 2435 -157
 3317 -156
 3359 -155
 2994 -154
 2139 -153
 823 -152
 604 -151
 128 -150
 8 -149
 0 -148
 0 -147
 0 -146
 0 -145
 0 -144
 0 -143
 0 -142
 0 -141
 0 -140


