# Created by Octave 3.8.2, Sun Jun 21 05:39:22 2020 CEST <damian@fptrucha.inv.usc.es>
# name: hd
# type: matrix
# rows: 41
# columns: 2
 0 -180
 1 -179
 1 -178
 0 -177
 0 -176
 0 -175
 2 -174
 1 -173
 0 -172
 2 -171
 0 -170
 2 -169
 5 -168
 1 -167
 13 -166
 57 -165
 340 -164
 1033 -163
 1590 -162
 2736 -161
 3500 -160
 3719 -159
 3600 -158
 2835 -157
 3540 -156
 3673 -155
 3377 -154
 2576 -153
 1141 -152
 777 -151
 205 -150
 16 -149
 0 -148
 0 -147
 0 -146
 0 -145
 0 -144
 0 -143
 0 -142
 0 -141
 0 -140


