# Created by Octave 3.8.2, Sat Jun 20 11:26:29 2020 CEST <damian@fptrucha.inv.usc.es>
# name: hd
# type: matrix
# rows: 41
# columns: 2
 0 -180
 0 -179
 0 -178
 0 -177
 0 -176
 0 -175
 0 -174
 2 -173
 0 -172
 1 -171
 2 -170
 1 -169
 4 -168
 6 -167
 9 -166
 70 -165
 386 -164
 1212 -163
 1789 -162
 3198 -161
 3874 -160
 4118 -159
 4200 -158
 3189 -157
 4097 -156
 4021 -155
 3664 -154
 2893 -153
 1312 -152
 951 -151
 252 -150
 14 -149
 0 -148
 0 -147
 0 -146
 0 -145
 0 -144
 0 -143
 0 -142
 0 -141
 0 -140


