# Created by Octave 3.8.2, Sat Jun 20 04:21:35 2020 CEST <damian@fptrucha.inv.usc.es>
# name: hd
# type: matrix
# rows: 41
# columns: 2
 3 -180
 2 -179
 0 -178
 0 -177
 1 -176
 3 -175
 1 -174
 1 -173
 0 -172
 1 -171
 1 -170
 1 -169
 1 -168
 8 -167
 9 -166
 70 -165
 430 -164
 1310 -163
 1825 -162
 3149 -161
 3895 -160
 4040 -159
 4218 -158
 3262 -157
 4191 -156
 4083 -155
 3787 -154
 2916 -153
 1300 -152
 937 -151
 208 -150
 13 -149
 0 -148
 0 -147
 0 -146
 0 -145
 0 -144
 0 -143
 0 -142
 0 -141
 0 -140


