# Created by Octave 3.8.2, Mon Jun 22 15:38:41 2020 CEST <damian@fptrucha.inv.usc.es>
# name: hd
# type: matrix
# rows: 41
# columns: 2
 1 -180
 0 -179
 0 -178
 1 -177
 0 -176
 0 -175
 1 -174
 1 -173
 1 -172
 0 -171
 0 -170
 3 -169
 5 -168
 1 -167
 6 -166
 76 -165
 305 -164
 887 -163
 1092 -162
 2117 -161
 2492 -160
 2546 -159
 2548 -158
 1903 -157
 2582 -156
 2534 -155
 2269 -154
 1650 -153
 681 -152
 467 -151
 128 -150
 4 -149
 0 -148
 0 -147
 0 -146
 0 -145
 0 -144
 0 -143
 0 -142
 0 -141
 0 -140


