# Created by Octave 3.8.2, Sun Jun 21 05:17:26 2020 CEST <damian@fptrucha.inv.usc.es>
# name: hd
# type: matrix
# rows: 41
# columns: 2
 0 -180
 0 -179
 0 -178
 0 -177
 1 -176
 0 -175
 1 -174
 0 -173
 0 -172
 1 -171
 2 -170
 0 -169
 2 -168
 5 -167
 7 -166
 51 -165
 306 -164
 1078 -163
 1649 -162
 2841 -161
 3575 -160
 3755 -159
 3656 -158
 2897 -157
 3642 -156
 3612 -155
 3500 -154
 2625 -153
 1180 -152
 781 -151
 216 -150
 14 -149
 0 -148
 0 -147
 0 -146
 0 -145
 0 -144
 0 -143
 0 -142
 0 -141
 0 -140


