# Created by Octave 3.8.2, Sat Jun 20 21:33:31 2020 CEST <damian@fptrucha.inv.usc.es>
# name: hd
# type: matrix
# rows: 41
# columns: 2
 0 -180
 0 -179
 0 -178
 0 -177
 1 -176
 2 -175
 1 -174
 1 -173
 0 -172
 0 -171
 2 -170
 1 -169
 3 -168
 6 -167
 6 -166
 54 -165
 339 -164
 1089 -163
 1559 -162
 2760 -161
 3468 -160
 3750 -159
 3727 -158
 3034 -157
 3568 -156
 3662 -155
 3341 -154
 2653 -153
 1191 -152
 827 -151
 209 -150
 8 -149
 0 -148
 0 -147
 0 -146
 0 -145
 0 -144
 0 -143
 0 -142
 0 -141
 0 -140


