# Created by Octave 3.8.2, Sat Jun 20 03:50:53 2020 CEST <damian@fptrucha.inv.usc.es>
# name: hd
# type: matrix
# rows: 41
# columns: 2
 0 -180
 0 -179
 0 -178
 0 -177
 0 -176
 1 -175
 2 -174
 0 -173
 1 -172
 2 -171
 4 -170
 1 -169
 4 -168
 7 -167
 11 -166
 71 -165
 354 -164
 1201 -163
 1825 -162
 3127 -161
 3839 -160
 4089 -159
 4146 -158
 3081 -157
 3987 -156
 4066 -155
 3757 -154
 2922 -153
 1388 -152
 926 -151
 262 -150
 26 -149
 0 -148
 0 -147
 0 -146
 0 -145
 0 -144
 0 -143
 0 -142
 0 -141
 0 -140


