# Created by Octave 3.8.2, Sat Jun 20 19:12:44 2020 CEST <damian@fptrucha.inv.usc.es>
# name: hd
# type: matrix
# rows: 41
# columns: 2
 0 -180
 0 -179
 1 -178
 0 -177
 0 -176
 0 -175
 0 -174
 0 -173
 0 -172
 1 -171
 0 -170
 3 -169
 2 -168
 3 -167
 5 -166
 68 -165
 346 -164
 1106 -163
 1601 -162
 2816 -161
 3386 -160
 3755 -159
 3717 -158
 2966 -157
 3787 -156
 3768 -155
 3356 -154
 2675 -153
 1249 -152
 836 -151
 239 -150
 15 -149
 0 -148
 0 -147
 0 -146
 0 -145
 0 -144
 0 -143
 0 -142
 0 -141
 0 -140


