# Created by Octave 3.8.2, Mon Jun 22 17:56:14 2020 CEST <damian@fptrucha.inv.usc.es>
# name: hd
# type: matrix
# rows: 41
# columns: 2
 0 -180
 4 -179
 0 -178
 0 -177
 0 -176
 1 -175
 0 -174
 2 -173
 1 -172
 1 -171
 2 -170
 4 -169
 5 -168
 2 -167
 10 -166
 76 -165
 336 -164
 931 -163
 1095 -162
 2050 -161
 2478 -160
 2619 -159
 2592 -158
 1833 -157
 2572 -156
 2604 -155
 2328 -154
 1746 -153
 707 -152
 483 -151
 125 -150
 6 -149
 0 -148
 0 -147
 0 -146
 0 -145
 0 -144
 0 -143
 0 -142
 0 -141
 0 -140


