# Created by Octave 3.8.2, Tue Jun 23 00:23:07 2020 CEST <damian@fptrucha.inv.usc.es>
# name: hd
# type: matrix
# rows: 41
# columns: 2
 2 -180
 0 -179
 1 -178
 0 -177
 1 -176
 0 -175
 1 -174
 3 -173
 0 -172
 2 -171
 4 -170
 6 -169
 8 -168
 4 -167
 11 -166
 78 -165
 434 -164
 1174 -163
 1748 -162
 3226 -161
 3840 -160
 3838 -159
 4062 -158
 3175 -157
 3949 -156
 3919 -155
 3732 -154
 2722 -153
 1280 -152
 833 -151
 235 -150
 14 -149
 0 -148
 0 -147
 0 -146
 0 -145
 0 -144
 0 -143
 0 -142
 0 -141
 0 -140


