# Created by Octave 3.8.2, Mon Jun 22 03:04:56 2020 CEST <damian@fptrucha.inv.usc.es>
# name: hd
# type: matrix
# rows: 41
# columns: 2
 1 -180
 1 -179
 2 -178
 4 -177
 2 -176
 6 -175
 6 -174
 2 -173
 1 -172
 4 -171
 7 -170
 6 -169
 7 -168
 6 -167
 14 -166
 87 -165
 466 -164
 1186 -163
 1551 -162
 2822 -161
 3345 -160
 3597 -159
 3440 -158
 2573 -157
 3546 -156
 3514 -155
 3181 -154
 2260 -153
 921 -152
 663 -151
 145 -150
 5 -149
 1 -148
 1 -147
 0 -146
 0 -145
 0 -144
 0 -143
 0 -142
 0 -141
 0 -140


