# Created by Octave 3.8.2, Sat Jun 20 08:06:33 2020 CEST <damian@fptrucha.inv.usc.es>
# name: hd
# type: matrix
# rows: 41
# columns: 2
 1 -180
 0 -179
 1 -178
 0 -177
 0 -176
 1 -175
 2 -174
 0 -173
 0 -172
 1 -171
 2 -170
 3 -169
 2 -168
 7 -167
 8 -166
 83 -165
 431 -164
 1271 -163
 1869 -162
 3229 -161
 3995 -160
 4235 -159
 4300 -158
 3342 -157
 4221 -156
 4192 -155
 3847 -154
 2925 -153
 1390 -152
 914 -151
 251 -150
 14 -149
 0 -148
 0 -147
 0 -146
 0 -145
 0 -144
 0 -143
 0 -142
 0 -141
 0 -140


