# Created by Octave 3.8.2, Sat Jun 20 03:22:22 2020 CEST <damian@fptrucha.inv.usc.es>
# name: hd
# type: matrix
# rows: 41
# columns: 2
 0 -180
 2 -179
 0 -178
 0 -177
 1 -176
 0 -175
 0 -174
 0 -173
 0 -172
 1 -171
 1 -170
 6 -169
 5 -168
 3 -167
 9 -166
 87 -165
 388 -164
 1200 -163
 1758 -162
 3214 -161
 3964 -160
 4156 -159
 4082 -158
 3204 -157
 4031 -156
 4070 -155
 3638 -154
 2951 -153
 1308 -152
 896 -151
 228 -150
 12 -149
 0 -148
 0 -147
 0 -146
 0 -145
 0 -144
 0 -143
 0 -142
 0 -141
 0 -140


