# Created by Octave 3.8.2, Sat Jun 20 17:48:31 2020 CEST <damian@fptrucha.inv.usc.es>
# name: hd
# type: matrix
# rows: 41
# columns: 2
 0 -180
 0 -179
 0 -178
 0 -177
 0 -176
 1 -175
 1 -174
 0 -173
 0 -172
 0 -171
 2 -170
 2 -169
 3 -168
 4 -167
 12 -166
 65 -165
 341 -164
 1050 -163
 1594 -162
 2932 -161
 3506 -160
 3763 -159
 3768 -158
 2954 -157
 3690 -156
 3683 -155
 3483 -154
 2722 -153
 1286 -152
 840 -151
 222 -150
 13 -149
 0 -148
 0 -147
 0 -146
 0 -145
 0 -144
 0 -143
 0 -142
 0 -141
 0 -140


