# Created by Octave 3.8.2, Sat Jun 20 05:29:48 2020 CEST <damian@fptrucha.inv.usc.es>
# name: hd
# type: matrix
# rows: 41
# columns: 2
 1 -180
 0 -179
 1 -178
 0 -177
 0 -176
 0 -175
 0 -174
 0 -173
 0 -172
 0 -171
 2 -170
 5 -169
 5 -168
 3 -167
 8 -166
 78 -165
 393 -164
 1222 -163
 1847 -162
 3234 -161
 3908 -160
 4203 -159
 4184 -158
 3132 -157
 4097 -156
 4252 -155
 3762 -154
 2949 -153
 1277 -152
 935 -151
 223 -150
 14 -149
 0 -148
 0 -147
 0 -146
 0 -145
 0 -144
 0 -143
 0 -142
 0 -141
 0 -140


