# Created by Octave 3.8.2, Sat Jun 20 19:23:11 2020 CEST <damian@fptrucha.inv.usc.es>
# name: hd
# type: matrix
# rows: 41
# columns: 2
 1 -180
 1 -179
 0 -178
 0 -177
 0 -176
 1 -175
 0 -174
 0 -173
 0 -172
 4 -171
 1 -170
 4 -169
 4 -168
 4 -167
 8 -166
 61 -165
 324 -164
 1073 -163
 1629 -162
 2783 -161
 3528 -160
 3706 -159
 3743 -158
 3022 -157
 3733 -156
 3643 -155
 3343 -154
 2648 -153
 1300 -152
 905 -151
 237 -150
 11 -149
 0 -148
 0 -147
 0 -146
 0 -145
 0 -144
 0 -143
 0 -142
 0 -141
 0 -140


