# Created by Octave 3.8.2, Sat Jun 20 03:02:06 2020 CEST <damian@fptrucha.inv.usc.es>
# name: hd
# type: matrix
# rows: 41
# columns: 2
 3 -180
 0 -179
 0 -178
 0 -177
 0 -176
 2 -175
 0 -174
 2 -173
 2 -172
 0 -171
 2 -170
 5 -169
 8 -168
 4 -167
 8 -166
 68 -165
 406 -164
 1179 -163
 1713 -162
 3125 -161
 3781 -160
 3894 -159
 4132 -158
 3189 -157
 3995 -156
 4025 -155
 3696 -154
 2809 -153
 1301 -152
 879 -151
 213 -150
 16 -149
 0 -148
 0 -147
 0 -146
 0 -145
 0 -144
 0 -143
 0 -142
 0 -141
 0 -140


