# Created by Octave 3.8.2, Mon Jun 22 10:32:00 2020 CEST <damian@fptrucha.inv.usc.es>
# name: hd
# type: matrix
# rows: 41
# columns: 2
 3 -180
 2 -179
 4 -178
 1 -177
 0 -176
 3 -175
 2 -174
 4 -173
 2 -172
 2 -171
 3 -170
 4 -169
 9 -168
 6 -167
 14 -166
 81 -165
 430 -164
 1246 -163
 1652 -162
 3060 -161
 3503 -160
 3831 -159
 3704 -158
 2728 -157
 3631 -156
 3790 -155
 3327 -154
 2350 -153
 1044 -152
 721 -151
 170 -150
 9 -149
 0 -148
 0 -147
 0 -146
 0 -145
 0 -144
 0 -143
 0 -142
 0 -141
 0 -140


