# Created by Octave 3.8.2, Sat Jun 20 02:09:40 2020 CEST <damian@fptrucha.inv.usc.es>
# name: hd
# type: matrix
# rows: 41
# columns: 2
 0 -180
 0 -179
 0 -178
 0 -177
 2 -176
 0 -175
 1 -174
 0 -173
 0 -172
 1 -171
 3 -170
 3 -169
 1 -168
 9 -167
 9 -166
 63 -165
 417 -164
 1141 -163
 1745 -162
 3044 -161
 3745 -160
 3952 -159
 4000 -158
 3178 -157
 3871 -156
 3857 -155
 3718 -154
 2758 -153
 1281 -152
 852 -151
 262 -150
 19 -149
 0 -148
 0 -147
 0 -146
 0 -145
 0 -144
 0 -143
 0 -142
 0 -141
 0 -140


