# Created by Octave 3.8.2, Mon Jun 22 21:45:16 2020 CEST <damian@fptrucha.inv.usc.es>
# name: hd
# type: matrix
# rows: 41
# columns: 2
 1 -180
 1 -179
 0 -178
 0 -177
 2 -176
 1 -175
 1 -174
 2 -173
 1 -172
 1 -171
 3 -170
 4 -169
 2 -168
 8 -167
 7 -166
 101 -165
 429 -164
 1237 -163
 1853 -162
 3168 -161
 3802 -160
 4039 -159
 3958 -158
 3095 -157
 3961 -156
 3988 -155
 3560 -154
 2715 -153
 1256 -152
 805 -151
 211 -150
 6 -149
 0 -148
 0 -147
 0 -146
 0 -145
 0 -144
 0 -143
 0 -142
 0 -141
 0 -140


