# Created by Octave 3.8.2, Mon Jun 22 19:17:47 2020 CEST <damian@fptrucha.inv.usc.es>
# name: hd
# type: matrix
# rows: 41
# columns: 2
 0 -180
 0 -179
 0 -178
 0 -177
 3 -176
 1 -175
 0 -174
 2 -173
 0 -172
 3 -171
 2 -170
 4 -169
 5 -168
 3 -167
 12 -166
 103 -165
 511 -164
 1388 -163
 1738 -162
 3143 -161
 3584 -160
 4030 -159
 3848 -158
 2898 -157
 3983 -156
 3934 -155
 3463 -154
 2486 -153
 1034 -152
 727 -151
 165 -150
 8 -149
 0 -148
 0 -147
 0 -146
 0 -145
 0 -144
 0 -143
 0 -142
 0 -141
 0 -140


