# Created by Octave 3.8.2, Mon Jun 22 09:32:21 2020 CEST <damian@fptrucha.inv.usc.es>
# name: hd
# type: matrix
# rows: 41
# columns: 2
 3 -180
 5 -179
 3 -178
 1 -177
 1 -176
 0 -175
 5 -174
 3 -173
 0 -172
 2 -171
 2 -170
 3 -169
 3 -168
 6 -167
 9 -166
 95 -165
 452 -164
 1227 -163
 1588 -162
 2860 -161
 3509 -160
 3702 -159
 3529 -158
 2774 -157
 3591 -156
 3636 -155
 3246 -154
 2326 -153
 993 -152
 661 -151
 164 -150
 7 -149
 0 -148
 0 -147
 0 -146
 0 -145
 0 -144
 1 -143
 0 -142
 0 -141
 0 -140


