# Created by Octave 3.8.2, Mon Jun 22 16:58:14 2020 CEST <damian@fptrucha.inv.usc.es>
# name: hd
# type: matrix
# rows: 41
# columns: 2
 0 -180
 1 -179
 3 -178
 1 -177
 1 -176
 0 -175
 1 -174
 4 -173
 2 -172
 3 -171
 6 -170
 6 -169
 3 -168
 2 -167
 12 -166
 112 -165
 529 -164
 1450 -163
 1699 -162
 3150 -161
 3815 -160
 3943 -159
 3768 -158
 2782 -157
 3805 -156
 3767 -155
 3416 -154
 2548 -153
 919 -152
 673 -151
 142 -150
 3 -149
 0 -148
 0 -147
 0 -146
 0 -145
 0 -144
 0 -143
 0 -142
 0 -141
 0 -140


