# Created by Octave 3.8.2, Mon Jun 22 02:42:14 2020 CEST <damian@fptrucha.inv.usc.es>
# name: hd
# type: matrix
# rows: 41
# columns: 2
 4 -180
 1 -179
 4 -178
 2 -177
 1 -176
 2 -175
 1 -174
 2 -173
 1 -172
 2 -171
 5 -170
 5 -169
 4 -168
 4 -167
 10 -166
 45 -165
 261 -164
 763 -163
 1042 -162
 1868 -161
 2335 -160
 2413 -159
 2274 -158
 1701 -157
 2296 -156
 2306 -155
 2076 -154
 1528 -153
 618 -152
 427 -151
 106 -150
 4 -149
 0 -148
 0 -147
 0 -146
 0 -145
 0 -144
 0 -143
 0 -142
 0 -141
 0 -140


