# Created by Octave 3.8.2, Mon Jun 22 09:08:54 2020 CEST <damian@fptrucha.inv.usc.es>
# name: hd
# type: matrix
# rows: 41
# columns: 2
 4 -180
 6 -179
 1 -178
 2 -177
 4 -176
 2 -175
 5 -174
 2 -173
 4 -172
 4 -171
 5 -170
 6 -169
 4 -168
 4 -167
 15 -166
 84 -165
 454 -164
 1210 -163
 1629 -162
 2907 -161
 3495 -160
 3624 -159
 3689 -158
 2789 -157
 3588 -156
 3645 -155
 3347 -154
 2327 -153
 948 -152
 687 -151
 151 -150
 5 -149
 0 -148
 0 -147
 0 -146
 0 -145
 0 -144
 0 -143
 0 -142
 0 -141
 0 -140


