# Created by Octave 3.8.2, Mon Jun 22 11:19:25 2020 CEST <damian@fptrucha.inv.usc.es>
# name: hd
# type: matrix
# rows: 41
# columns: 2
 0 -180
 2 -179
 4 -178
 1 -177
 2 -176
 3 -175
 5 -174
 3 -173
 2 -172
 3 -171
 3 -170
 8 -169
 6 -168
 2 -167
 13 -166
 101 -165
 467 -164
 1273 -163
 1638 -162
 3069 -161
 3632 -160
 3789 -159
 3753 -158
 2655 -157
 3800 -156
 3723 -155
 3395 -154
 2331 -153
 988 -152
 662 -151
 147 -150
 3 -149
 0 -148
 0 -147
 0 -146
 0 -145
 0 -144
 0 -143
 0 -142
 0 -141
 0 -140


