# Created by Octave 3.8.2, Mon Jun 22 07:40:17 2020 CEST <damian@fptrucha.inv.usc.es>
# name: hd
# type: matrix
# rows: 41
# columns: 2
 3 -180
 3 -179
 2 -178
 1 -177
 4 -176
 2 -175
 2 -174
 3 -173
 1 -172
 5 -171
 3 -170
 8 -169
 6 -168
 9 -167
 10 -166
 103 -165
 469 -164
 1282 -163
 1596 -162
 2967 -161
 3556 -160
 3547 -159
 3578 -158
 2691 -157
 3603 -156
 3627 -155
 3147 -154
 2308 -153
 925 -152
 706 -151
 159 -150
 6 -149
 0 -148
 0 -147
 0 -146
 0 -145
 0 -144
 0 -143
 0 -142
 0 -141
 0 -140


