# Created by Octave 3.8.2, Mon Jun 22 15:44:11 2020 CEST <damian@fptrucha.inv.usc.es>
# name: hd
# type: matrix
# rows: 41
# columns: 2
 2 -180
 0 -179
 1 -178
 1 -177
 1 -176
 1 -175
 2 -174
 0 -173
 0 -172
 3 -171
 3 -170
 2 -169
 7 -168
 3 -167
 18 -166
 88 -165
 474 -164
 1358 -163
 1729 -162
 3167 -161
 3694 -160
 3910 -159
 3930 -158
 2894 -157
 3880 -156
 3895 -155
 3415 -154
 2402 -153
 1016 -152
 750 -151
 166 -150
 9 -149
 0 -148
 0 -147
 0 -146
 0 -145
 0 -144
 0 -143
 0 -142
 0 -141
 0 -140


