# Created by Octave 3.8.2, Mon Jun 22 18:39:33 2020 CEST <damian@fptrucha.inv.usc.es>
# name: hd
# type: matrix
# rows: 41
# columns: 2
 1 -180
 0 -179
 0 -178
 1 -177
 0 -176
 1 -175
 3 -174
 4 -173
 0 -172
 2 -171
 3 -170
 2 -169
 4 -168
 2 -167
 10 -166
 89 -165
 507 -164
 1306 -163
 1819 -162
 3139 -161
 3767 -160
 4015 -159
 3893 -158
 2918 -157
 3920 -156
 3996 -155
 3558 -154
 2528 -153
 1035 -152
 693 -151
 162 -150
 6 -149
 0 -148
 0 -147
 0 -146
 0 -145
 0 -144
 0 -143
 0 -142
 0 -141
 0 -140


