# Created by Octave 3.8.2, Sun Jun 21 08:09:42 2020 CEST <damian@fptrucha.inv.usc.es>
# name: hd
# type: matrix
# rows: 41
# columns: 2
 0 -180
 0 -179
 2 -178
 0 -177
 0 -176
 0 -175
 1 -174
 0 -173
 0 -172
 1 -171
 2 -170
 3 -169
 5 -168
 6 -167
 4 -166
 57 -165
 331 -164
 1063 -163
 1651 -162
 2783 -161
 3604 -160
 3740 -159
 3722 -158
 2951 -157
 3641 -156
 3707 -155
 3436 -154
 2701 -153
 1219 -152
 801 -151
 208 -150
 16 -149
 0 -148
 0 -147
 0 -146
 0 -145
 0 -144
 0 -143
 0 -142
 0 -141
 0 -140


