# Created by Octave 3.8.2, Mon Jun 22 16:45:12 2020 CEST <damian@fptrucha.inv.usc.es>
# name: hd
# type: matrix
# rows: 41
# columns: 2
 3 -180
 1 -179
 1 -178
 0 -177
 2 -176
 2 -175
 1 -174
 1 -173
 2 -172
 2 -171
 3 -170
 6 -169
 6 -168
 9 -167
 13 -166
 100 -165
 497 -164
 1349 -163
 1691 -162
 3118 -161
 3809 -160
 3977 -159
 3851 -158
 2766 -157
 3908 -156
 3952 -155
 3399 -154
 2532 -153
 1041 -152
 704 -151
 184 -150
 6 -149
 0 -148
 0 -147
 0 -146
 0 -145
 0 -144
 0 -143
 0 -142
 0 -141
 0 -140


