# Created by Octave 3.8.2, Sat Jun 20 05:10:22 2020 CEST <damian@fptrucha.inv.usc.es>
# name: hd
# type: matrix
# rows: 41
# columns: 2
 0 -180
 1 -179
 0 -178
 1 -177
 0 -176
 0 -175
 0 -174
 0 -173
 0 -172
 0 -171
 4 -170
 1 -169
 1 -168
 3 -167
 8 -166
 71 -165
 406 -164
 1240 -163
 1823 -162
 3136 -161
 3971 -160
 4054 -159
 4133 -158
 3184 -157
 4044 -156
 4022 -155
 3697 -154
 2860 -153
 1361 -152
 948 -151
 202 -150
 11 -149
 0 -148
 0 -147
 0 -146
 0 -145
 0 -144
 0 -143
 0 -142
 0 -141
 0 -140


