# Created by Octave 3.8.2, Mon Jun 22 03:35:52 2020 CEST <damian@fptrucha.inv.usc.es>
# name: hd
# type: matrix
# rows: 41
# columns: 2
 1 -180
 1 -179
 4 -178
 4 -177
 8 -176
 4 -175
 1 -174
 3 -173
 2 -172
 5 -171
 3 -170
 4 -169
 9 -168
 4 -167
 18 -166
 93 -165
 437 -164
 1242 -163
 1576 -162
 2779 -161
 3404 -160
 3564 -159
 3616 -158
 2517 -157
 3430 -156
 3549 -155
 3062 -154
 2239 -153
 925 -152
 634 -151
 152 -150
 7 -149
 0 -148
 0 -147
 0 -146
 0 -145
 0 -144
 0 -143
 0 -142
 0 -141
 0 -140


