# Created by Octave 3.8.2, Sat Jun 20 16:25:18 2020 CEST <damian@fptrucha.inv.usc.es>
# name: hd
# type: matrix
# rows: 41
# columns: 2
 0 -180
 0 -179
 1 -178
 1 -177
 1 -176
 0 -175
 1 -174
 1 -173
 0 -172
 1 -171
 3 -170
 1 -169
 3 -168
 2 -167
 13 -166
 44 -165
 343 -164
 1047 -163
 1739 -162
 3028 -161
 3549 -160
 3792 -159
 3820 -158
 2934 -157
 3785 -156
 3709 -155
 3404 -154
 2793 -153
 1346 -152
 866 -151
 201 -150
 12 -149
 1 -148
 0 -147
 0 -146
 0 -145
 0 -144
 0 -143
 0 -142
 0 -141
 0 -140


