# Created by Octave 3.8.2, Sat Jun 20 03:38:27 2020 CEST <damian@fptrucha.inv.usc.es>
# name: hd
# type: matrix
# rows: 41
# columns: 2
 0 -180
 0 -179
 0 -178
 1 -177
 2 -176
 0 -175
 0 -174
 1 -173
 1 -172
 0 -171
 5 -170
 1 -169
 4 -168
 4 -167
 8 -166
 77 -165
 420 -164
 1155 -163
 1699 -162
 3210 -161
 3840 -160
 4055 -159
 3965 -158
 3133 -157
 4015 -156
 3937 -155
 3678 -154
 2892 -153
 1261 -152
 868 -151
 227 -150
 14 -149
 0 -148
 0 -147
 0 -146
 0 -145
 0 -144
 0 -143
 0 -142
 0 -141
 0 -140


