# Created by Octave 3.8.2, Sat Jun 20 23:47:51 2020 CEST <damian@fptrucha.inv.usc.es>
# name: hd
# type: matrix
# rows: 41
# columns: 2
 0 -180
 1 -179
 0 -178
 0 -177
 1 -176
 0 -175
 1 -174
 0 -173
 1 -172
 0 -171
 2 -170
 4 -169
 1 -168
 3 -167
 8 -166
 60 -165
 326 -164
 1067 -163
 1601 -162
 2827 -161
 3452 -160
 3657 -159
 3713 -158
 2847 -157
 3591 -156
 3664 -155
 3405 -154
 2726 -153
 1213 -152
 799 -151
 223 -150
 14 -149
 0 -148
 0 -147
 0 -146
 0 -145
 0 -144
 0 -143
 0 -142
 0 -141
 0 -140


