# Created by Octave 3.8.2, Sat Jun 20 18:00:18 2020 CEST <damian@fptrucha.inv.usc.es>
# name: hd
# type: matrix
# rows: 41
# columns: 2
 0 -180
 0 -179
 2 -178
 0 -177
 0 -176
 0 -175
 0 -174
 0 -173
 0 -172
 0 -171
 3 -170
 1 -169
 1 -168
 2 -167
 11 -166
 54 -165
 364 -164
 1047 -163
 1655 -162
 2814 -161
 3581 -160
 3790 -159
 3734 -158
 2868 -157
 3699 -156
 3695 -155
 3370 -154
 2741 -153
 1246 -152
 818 -151
 218 -150
 18 -149
 0 -148
 0 -147
 0 -146
 0 -145
 0 -144
 0 -143
 0 -142
 0 -141
 0 -140


