# Created by Octave 3.8.2, Mon Jun 22 22:06:10 2020 CEST <damian@fptrucha.inv.usc.es>
# name: hd
# type: matrix
# rows: 41
# columns: 2
 3 -180
 2 -179
 3 -178
 2 -177
 0 -176
 2 -175
 3 -174
 1 -173
 1 -172
 2 -171
 3 -170
 1 -169
 4 -168
 5 -167
 12 -166
 78 -165
 396 -164
 1220 -163
 1732 -162
 3193 -161
 3781 -160
 3964 -159
 3959 -158
 3147 -157
 3949 -156
 3970 -155
 3644 -154
 2755 -153
 1283 -152
 842 -151
 228 -150
 16 -149
 0 -148
 0 -147
 0 -146
 0 -145
 0 -144
 0 -143
 0 -142
 0 -141
 0 -140


