# Created by Octave 3.8.2, Sat Jun 20 14:37:38 2020 CEST <damian@fptrucha.inv.usc.es>
# name: hd
# type: matrix
# rows: 41
# columns: 2
 0 -180
 0 -179
 0 -178
 0 -177
 1 -176
 0 -175
 0 -174
 0 -173
 2 -172
 1 -171
 2 -170
 2 -169
 0 -168
 6 -167
 2 -166
 72 -165
 333 -164
 1089 -163
 1671 -162
 2960 -161
 3761 -160
 3837 -159
 3922 -158
 3114 -157
 3877 -156
 3952 -155
 3632 -154
 2845 -153
 1369 -152
 918 -151
 237 -150
 19 -149
 0 -148
 0 -147
 0 -146
 0 -145
 0 -144
 0 -143
 0 -142
 0 -141
 0 -140


