# Created by Octave 3.8.2, Mon Jun 22 16:00:24 2020 CEST <damian@fptrucha.inv.usc.es>
# name: hd
# type: matrix
# rows: 41
# columns: 2
 3 -180
 3 -179
 2 -178
 1 -177
 1 -176
 1 -175
 3 -174
 3 -173
 0 -172
 2 -171
 6 -170
 5 -169
 7 -168
 4 -167
 16 -166
 117 -165
 497 -164
 1371 -163
 1731 -162
 3069 -161
 3847 -160
 3977 -159
 3897 -158
 2810 -157
 3889 -156
 3839 -155
 3555 -154
 2523 -153
 1019 -152
 742 -151
 187 -150
 6 -149
 0 -148
 0 -147
 0 -146
 0 -145
 0 -144
 0 -143
 0 -142
 0 -141
 0 -140


