# Created by Octave 3.8.2, Sat Jun 20 21:48:58 2020 CEST <damian@fptrucha.inv.usc.es>
# name: hd
# type: matrix
# rows: 41
# columns: 2
 0 -180
 0 -179
 0 -178
 0 -177
 0 -176
 0 -175
 1 -174
 0 -173
 0 -172
 0 -171
 3 -170
 2 -169
 3 -168
 3 -167
 6 -166
 60 -165
 337 -164
 1039 -163
 1502 -162
 2724 -161
 3485 -160
 3719 -159
 3678 -158
 2931 -157
 3647 -156
 3639 -155
 3322 -154
 2596 -153
 1288 -152
 818 -151
 233 -150
 14 -149
 0 -148
 0 -147
 0 -146
 0 -145
 0 -144
 0 -143
 0 -142
 0 -141
 0 -140


