# Created by Octave 3.8.2, Mon Jun 22 10:41:08 2020 CEST <damian@fptrucha.inv.usc.es>
# name: hd
# type: matrix
# rows: 41
# columns: 2
 2 -180
 3 -179
 1 -178
 2 -177
 4 -176
 3 -175
 5 -174
 1 -173
 2 -172
 3 -171
 4 -170
 4 -169
 2 -168
 5 -167
 12 -166
 91 -165
 414 -164
 1300 -163
 1659 -162
 3034 -161
 3650 -160
 3860 -159
 3741 -158
 2728 -157
 3747 -156
 3688 -155
 3465 -154
 2571 -153
 998 -152
 693 -151
 160 -150
 6 -149
 2 -148
 0 -147
 0 -146
 0 -145
 0 -144
 0 -143
 0 -142
 0 -141
 0 -140


