# Created by Octave 3.8.2, Mon Jun 22 18:40:44 2020 CEST <damian@fptrucha.inv.usc.es>
# name: hd
# type: matrix
# rows: 41
# columns: 2
 1 -180
 3 -179
 0 -178
 2 -177
 1 -176
 4 -175
 2 -174
 1 -173
 1 -172
 3 -171
 1 -170
 5 -169
 9 -168
 5 -167
 13 -166
 86 -165
 472 -164
 1359 -163
 1702 -162
 3218 -161
 3830 -160
 3936 -159
 3798 -158
 2797 -157
 3925 -156
 3850 -155
 3597 -154
 2571 -153
 1082 -152
 693 -151
 197 -150
 6 -149
 0 -148
 0 -147
 0 -146
 0 -145
 0 -144
 0 -143
 0 -142
 0 -141
 0 -140


