# Created by Octave 3.8.2, Mon Jun 22 13:47:55 2020 CEST <damian@fptrucha.inv.usc.es>
# name: hd
# type: matrix
# rows: 41
# columns: 2
 3 -180
 3 -179
 1 -178
 0 -177
 0 -176
 2 -175
 3 -174
 2 -173
 4 -172
 4 -171
 2 -170
 4 -169
 9 -168
 6 -167
 9 -166
 101 -165
 496 -164
 1340 -163
 1735 -162
 3183 -161
 3680 -160
 3971 -159
 3812 -158
 2707 -157
 3850 -156
 3741 -155
 3437 -154
 2434 -153
 943 -152
 737 -151
 188 -150
 5 -149
 0 -148
 0 -147
 0 -146
 0 -145
 0 -144
 0 -143
 0 -142
 0 -141
 0 -140


