# Created by Octave 3.8.2, Mon Jun 22 13:07:52 2020 CEST <damian@fptrucha.inv.usc.es>
# name: hd
# type: matrix
# rows: 41
# columns: 2
 2 -180
 2 -179
 1 -178
 1 -177
 2 -176
 2 -175
 3 -174
 2 -173
 2 -172
 3 -171
 4 -170
 5 -169
 6 -168
 5 -167
 9 -166
 84 -165
 463 -164
 1298 -163
 1656 -162
 3091 -161
 3809 -160
 3906 -159
 3790 -158
 2744 -157
 3750 -156
 3910 -155
 3457 -154
 2469 -153
 961 -152
 666 -151
 164 -150
 4 -149
 0 -148
 0 -147
 0 -146
 0 -145
 0 -144
 0 -143
 0 -142
 0 -141
 0 -140


