# Created by Octave 3.8.2, Sun Jun 21 00:43:32 2020 CEST <damian@fptrucha.inv.usc.es>
# name: hd
# type: matrix
# rows: 41
# columns: 2
 1 -180
 1 -179
 0 -178
 0 -177
 0 -176
 0 -175
 2 -174
 1 -173
 2 -172
 1 -171
 1 -170
 4 -169
 6 -168
 6 -167
 2 -166
 45 -165
 311 -164
 998 -163
 1526 -162
 2843 -161
 3494 -160
 3603 -159
 3549 -158
 2911 -157
 3506 -156
 3585 -155
 3297 -154
 2553 -153
 1144 -152
 804 -151
 208 -150
 13 -149
 0 -148
 0 -147
 0 -146
 0 -145
 0 -144
 0 -143
 0 -142
 0 -141
 0 -140


