# Created by Octave 3.8.2, Mon Jun 22 02:23:42 2020 CEST <damian@fptrucha.inv.usc.es>
# name: hd
# type: matrix
# rows: 41
# columns: 2
 3 -180
 3 -179
 2 -178
 1 -177
 4 -176
 1 -175
 1 -174
 5 -173
 0 -172
 4 -171
 3 -170
 5 -169
 3 -168
 2 -167
 14 -166
 104 -165
 406 -164
 1243 -163
 1516 -162
 2740 -161
 3327 -160
 3337 -159
 3459 -158
 2393 -157
 3338 -156
 3379 -155
 3077 -154
 2126 -153
 826 -152
 580 -151
 96 -150
 0 -149
 0 -148
 0 -147
 0 -146
 0 -145
 0 -144
 0 -143
 0 -142
 0 -141
 0 -140


