# Created by Octave 3.8.2, Mon Jun 22 05:26:39 2020 CEST <damian@fptrucha.inv.usc.es>
# name: hd
# type: matrix
# rows: 41
# columns: 2
 1 -180
 5 -179
 4 -178
 3 -177
 4 -176
 0 -175
 0 -174
 1 -173
 1 -172
 2 -171
 4 -170
 3 -169
 10 -168
 5 -167
 13 -166
 77 -165
 452 -164
 1285 -163
 1671 -162
 2812 -161
 3431 -160
 3516 -159
 3410 -158
 2513 -157
 3568 -156
 3589 -155
 3199 -154
 2259 -153
 902 -152
 619 -151
 137 -150
 7 -149
 0 -148
 0 -147
 0 -146
 0 -145
 0 -144
 0 -143
 0 -142
 0 -141
 0 -140


