# Created by Octave 3.8.2, Mon Jun 22 22:44:41 2020 CEST <damian@fptrucha.inv.usc.es>
# name: hd
# type: matrix
# rows: 41
# columns: 2
 0 -180
 0 -179
 3 -178
 1 -177
 1 -176
 0 -175
 3 -174
 4 -173
 2 -172
 2 -171
 2 -170
 3 -169
 7 -168
 3 -167
 15 -166
 75 -165
 397 -164
 1265 -163
 1799 -162
 3131 -161
 3717 -160
 3979 -159
 3936 -158
 3158 -157
 3948 -156
 3937 -155
 3509 -154
 2762 -153
 1238 -152
 783 -151
 188 -150
 11 -149
 0 -148
 0 -147
 0 -146
 0 -145
 0 -144
 0 -143
 0 -142
 0 -141
 0 -140


