# Created by Octave 3.8.2, Mon Jun 22 04:33:37 2020 CEST <damian@fptrucha.inv.usc.es>
# name: hd
# type: matrix
# rows: 41
# columns: 2
 3 -180
 1 -179
 4 -178
 2 -177
 3 -176
 1 -175
 0 -174
 1 -173
 1 -172
 5 -171
 2 -170
 5 -169
 5 -168
 2 -167
 13 -166
 93 -165
 438 -164
 1220 -163
 1585 -162
 2721 -161
 3212 -160
 3353 -159
 3352 -158
 2430 -157
 3340 -156
 3198 -155
 2956 -154
 2055 -153
 840 -152
 580 -151
 126 -150
 2 -149
 0 -148
 0 -147
 0 -146
 0 -145
 0 -144
 0 -143
 0 -142
 0 -141
 0 -140


