# Created by Octave 3.8.2, Mon Jun 22 03:40:41 2020 CEST <damian@fptrucha.inv.usc.es>
# name: hd
# type: matrix
# rows: 41
# columns: 2
 7 -180
 3 -179
 3 -178
 5 -177
 2 -176
 2 -175
 3 -174
 2 -173
 4 -172
 5 -171
 4 -170
 3 -169
 8 -168
 7 -167
 14 -166
 95 -165
 441 -164
 1285 -163
 1568 -162
 2792 -161
 3316 -160
 3528 -159
 3562 -158
 2626 -157
 3484 -156
 3549 -155
 3069 -154
 2263 -153
 950 -152
 624 -151
 132 -150
 8 -149
 0 -148
 0 -147
 0 -146
 0 -145
 0 -144
 0 -143
 0 -142
 0 -141
 0 -140


