# Created by Octave 3.8.2, Mon Jun 22 01:08:17 2020 CEST <damian@fptrucha.inv.usc.es>
# name: hd
# type: matrix
# rows: 41
# columns: 2
 0 -180
 0 -179
 1 -178
 1 -177
 2 -176
 0 -175
 0 -174
 0 -173
 1 -172
 2 -171
 1 -170
 5 -169
 6 -168
 2 -167
 6 -166
 61 -165
 348 -164
 1028 -163
 1612 -162
 2741 -161
 3535 -160
 3768 -159
 3698 -158
 2957 -157
 3714 -156
 3667 -155
 3482 -154
 2648 -153
 1242 -152
 824 -151
 267 -150
 13 -149
 0 -148
 0 -147
 0 -146
 0 -145
 0 -144
 0 -143
 0 -142
 0 -141
 0 -140


