# Created by Octave 3.8.2, Sat Jun 20 02:32:21 2020 CEST <damian@fptrucha.inv.usc.es>
# name: hd
# type: matrix
# rows: 41
# columns: 2
 1 -180
 0 -179
 1 -178
 0 -177
 0 -176
 0 -175
 0 -174
 1 -173
 1 -172
 1 -171
 1 -170
 3 -169
 3 -168
 3 -167
 11 -166
 69 -165
 398 -164
 1204 -163
 1757 -162
 3215 -161
 3676 -160
 4090 -159
 4038 -158
 3141 -157
 3901 -156
 4073 -155
 3665 -154
 2772 -153
 1277 -152
 919 -151
 228 -150
 9 -149
 0 -148
 0 -147
 0 -146
 0 -145
 0 -144
 0 -143
 0 -142
 0 -141
 0 -140


