# Created by Octave 3.8.2, Mon Jun 22 10:57:34 2020 CEST <damian@fptrucha.inv.usc.es>
# name: hd
# type: matrix
# rows: 41
# columns: 2
 0 -180
 1 -179
 2 -178
 1 -177
 2 -176
 2 -175
 4 -174
 0 -173
 1 -172
 4 -171
 3 -170
 3 -169
 7 -168
 5 -167
 11 -166
 95 -165
 499 -164
 1367 -163
 1653 -162
 3068 -161
 3802 -160
 3763 -159
 3720 -158
 2685 -157
 3692 -156
 3708 -155
 3353 -154
 2507 -153
 1024 -152
 708 -151
 154 -150
 5 -149
 0 -148
 0 -147
 0 -146
 0 -145
 0 -144
 0 -143
 0 -142
 0 -141
 0 -140


