# Created by Octave 3.8.2, Sun Jun 21 00:46:48 2020 CEST <damian@fptrucha.inv.usc.es>
# name: hd
# type: matrix
# rows: 41
# columns: 2
 3 -180
 1 -179
 0 -178
 2 -177
 1 -176
 2 -175
 0 -174
 0 -173
 1 -172
 1 -171
 1 -170
 3 -169
 1 -168
 3 -167
 15 -166
 61 -165
 338 -164
 1062 -163
 1618 -162
 2745 -161
 3383 -160
 3520 -159
 3528 -158
 2896 -157
 3678 -156
 3669 -155
 3379 -154
 2658 -153
 1191 -152
 808 -151
 219 -150
 14 -149
 0 -148
 0 -147
 0 -146
 0 -145
 0 -144
 0 -143
 0 -142
 0 -141
 0 -140


