# Created by Octave 3.8.2, Sat Jun 20 13:11:45 2020 CEST <damian@fptrucha.inv.usc.es>
# name: hd
# type: matrix
# rows: 41
# columns: 2
 0 -180
 0 -179
 2 -178
 0 -177
 0 -176
 0 -175
 0 -174
 1 -173
 0 -172
 1 -171
 2 -170
 1 -169
 2 -168
 4 -167
 10 -166
 76 -165
 372 -164
 1179 -163
 1770 -162
 3081 -161
 3729 -160
 3980 -159
 3969 -158
 3061 -157
 3891 -156
 3817 -155
 3645 -154
 2784 -153
 1316 -152
 905 -151
 223 -150
 14 -149
 0 -148
 0 -147
 0 -146
 0 -145
 0 -144
 0 -143
 0 -142
 0 -141
 0 -140


