# Created by Octave 3.8.2, Mon Jun 22 02:35:59 2020 CEST <damian@fptrucha.inv.usc.es>
# name: hd
# type: matrix
# rows: 41
# columns: 2
 3 -180
 6 -179
 2 -178
 4 -177
 2 -176
 8 -175
 1 -174
 4 -173
 5 -172
 5 -171
 4 -170
 6 -169
 3 -168
 5 -167
 14 -166
 99 -165
 403 -164
 1173 -163
 1581 -162
 2786 -161
 3280 -160
 3522 -159
 3516 -158
 2674 -157
 3436 -156
 3511 -155
 3168 -154
 2345 -153
 965 -152
 640 -151
 171 -150
 7 -149
 0 -148
 0 -147
 0 -146
 0 -145
 0 -144
 0 -143
 0 -142
 0 -141
 0 -140


