# Created by Octave 3.8.2, Sat Jun 20 03:06:10 2020 CEST <damian@fptrucha.inv.usc.es>
# name: hd
# type: matrix
# rows: 41
# columns: 2
 1 -180
 1 -179
 0 -178
 1 -177
 2 -176
 1 -175
 0 -174
 4 -173
 0 -172
 0 -171
 1 -170
 1 -169
 3 -168
 2 -167
 5 -166
 68 -165
 334 -164
 1151 -163
 1776 -162
 3217 -161
 3836 -160
 4042 -159
 4099 -158
 3228 -157
 4034 -156
 4011 -155
 3660 -154
 2857 -153
 1376 -152
 818 -151
 205 -150
 15 -149
 0 -148
 0 -147
 0 -146
 0 -145
 0 -144
 0 -143
 0 -142
 0 -141
 0 -140


