# Created by Octave 3.8.2, Mon Jun 22 09:51:59 2020 CEST <damian@fptrucha.inv.usc.es>
# name: hd
# type: matrix
# rows: 41
# columns: 2
 1 -180
 4 -179
 2 -178
 3 -177
 3 -176
 2 -175
 1 -174
 3 -173
 1 -172
 0 -171
 2 -170
 5 -169
 1 -168
 5 -167
 8 -166
 80 -165
 441 -164
 1252 -163
 1594 -162
 2952 -161
 3600 -160
 3746 -159
 3769 -158
 2692 -157
 3562 -156
 3704 -155
 3304 -154
 2497 -153
 1066 -152
 718 -151
 166 -150
 4 -149
 0 -148
 0 -147
 0 -146
 0 -145
 0 -144
 0 -143
 0 -142
 0 -141
 0 -140


