# Created by Octave 3.8.2, Sun Jun 21 06:20:47 2020 CEST <damian@fptrucha.inv.usc.es>
# name: hd
# type: matrix
# rows: 41
# columns: 2
 1 -180
 0 -179
 1 -178
 0 -177
 0 -176
 0 -175
 0 -174
 0 -173
 1 -172
 2 -171
 0 -170
 1 -169
 5 -168
 3 -167
 2 -166
 49 -165
 337 -164
 1032 -163
 1598 -162
 2749 -161
 3431 -160
 3646 -159
 3560 -158
 2879 -157
 3521 -156
 3642 -155
 3353 -154
 2656 -153
 1271 -152
 793 -151
 230 -150
 13 -149
 0 -148
 0 -147
 0 -146
 0 -145
 0 -144
 0 -143
 0 -142
 0 -141
 0 -140


