# Created by Octave 3.8.2, Sat Jun 20 19:57:12 2020 CEST <damian@fptrucha.inv.usc.es>
# name: hd
# type: matrix
# rows: 41
# columns: 2
 0 -180
 1 -179
 0 -178
 1 -177
 1 -176
 0 -175
 2 -174
 0 -173
 0 -172
 1 -171
 6 -170
 4 -169
 3 -168
 6 -167
 6 -166
 55 -165
 337 -164
 1052 -163
 1639 -162
 2797 -161
 3593 -160
 3747 -159
 3673 -158
 2906 -157
 3587 -156
 3709 -155
 3488 -154
 2604 -153
 1246 -152
 839 -151
 222 -150
 11 -149
 0 -148
 0 -147
 0 -146
 0 -145
 0 -144
 0 -143
 0 -142
 0 -141
 0 -140


