# Created by Octave 3.8.2, Mon Jun 22 02:11:42 2020 CEST <damian@fptrucha.inv.usc.es>
# name: hd
# type: matrix
# rows: 41
# columns: 2
 1 -180
 4 -179
 3 -178
 4 -177
 7 -176
 4 -175
 1 -174
 2 -173
 3 -172
 3 -171
 4 -170
 10 -169
 4 -168
 7 -167
 12 -166
 75 -165
 411 -164
 1207 -163
 1651 -162
 2831 -161
 3398 -160
 3605 -159
 3516 -158
 2710 -157
 3581 -156
 3622 -155
 3224 -154
 2366 -153
 1056 -152
 680 -151
 156 -150
 4 -149
 0 -148
 0 -147
 0 -146
 0 -145
 0 -144
 0 -143
 0 -142
 0 -141
 0 -140


