# Created by Octave 3.8.2, Mon Jun 22 11:42:09 2020 CEST <damian@fptrucha.inv.usc.es>
# name: hd
# type: matrix
# rows: 41
# columns: 2
 2 -180
 1 -179
 4 -178
 2 -177
 3 -176
 1 -175
 3 -174
 1 -173
 0 -172
 3 -171
 3 -170
 3 -169
 3 -168
 4 -167
 14 -166
 86 -165
 488 -164
 1316 -163
 1668 -162
 2936 -161
 3558 -160
 3815 -159
 3755 -158
 2704 -157
 3672 -156
 3673 -155
 3367 -154
 2383 -153
 1005 -152
 683 -151
 171 -150
 4 -149
 0 -148
 0 -147
 0 -146
 0 -145
 0 -144
 0 -143
 0 -142
 0 -141
 0 -140


