# Created by Octave 3.8.2, Mon Jun 22 02:14:48 2020 CEST <damian@fptrucha.inv.usc.es>
# name: hd
# type: matrix
# rows: 41
# columns: 2
 1 -180
 0 -179
 3 -178
 2 -177
 2 -176
 2 -175
 2 -174
 1 -173
 0 -172
 3 -171
 2 -170
 4 -169
 1 -168
 5 -167
 12 -166
 88 -165
 453 -164
 1212 -163
 1678 -162
 3009 -161
 3454 -160
 3663 -159
 3796 -158
 2777 -157
 3656 -156
 3763 -155
 3336 -154
 2494 -153
 979 -152
 717 -151
 176 -150
 9 -149
 0 -148
 0 -147
 0 -146
 0 -145
 0 -144
 0 -143
 0 -142
 0 -141
 0 -140


