# Created by Octave 3.8.2, Sat Jun 20 19:38:14 2020 CEST <damian@fptrucha.inv.usc.es>
# name: hd
# type: matrix
# rows: 41
# columns: 2
 0 -180
 0 -179
 0 -178
 4 -177
 3 -176
 0 -175
 0 -174
 1 -173
 1 -172
 2 -171
 1 -170
 1 -169
 2 -168
 9 -167
 8 -166
 55 -165
 346 -164
 1092 -163
 1562 -162
 2935 -161
 3526 -160
 3817 -159
 3766 -158
 2928 -157
 3731 -156
 3740 -155
 3444 -154
 2641 -153
 1216 -152
 856 -151
 251 -150
 15 -149
 0 -148
 0 -147
 0 -146
 0 -145
 0 -144
 0 -143
 0 -142
 0 -141
 0 -140


