# Created by Octave 3.8.2, Sat Jun 20 15:37:04 2020 CEST <damian@fptrucha.inv.usc.es>
# name: hd
# type: matrix
# rows: 41
# columns: 2
 0 -180
 1 -179
 2 -178
 0 -177
 1 -176
 0 -175
 0 -174
 0 -173
 1 -172
 0 -171
 2 -170
 2 -169
 6 -168
 5 -167
 8 -166
 72 -165
 339 -164
 1134 -163
 1634 -162
 2978 -161
 3611 -160
 3836 -159
 3809 -158
 3044 -157
 3666 -156
 3883 -155
 3595 -154
 2745 -153
 1333 -152
 845 -151
 232 -150
 14 -149
 0 -148
 0 -147
 0 -146
 0 -145
 0 -144
 0 -143
 0 -142
 0 -141
 0 -140


