# Created by Octave 3.8.2, Sun Jun 21 03:48:29 2020 CEST <damian@fptrucha.inv.usc.es>
# name: hd
# type: matrix
# rows: 41
# columns: 2
 0 -180
 1 -179
 1 -178
 0 -177
 3 -176
 0 -175
 0 -174
 0 -173
 0 -172
 1 -171
 3 -170
 0 -169
 1 -168
 1 -167
 3 -166
 60 -165
 351 -164
 1117 -163
 1551 -162
 2815 -161
 3527 -160
 3731 -159
 3633 -158
 2889 -157
 3568 -156
 3540 -155
 3358 -154
 2576 -153
 1203 -152
 843 -151
 189 -150
 14 -149
 0 -148
 0 -147
 0 -146
 0 -145
 0 -144
 0 -143
 0 -142
 0 -141
 0 -140


