# Created by Octave 3.8.2, Sat Jun 20 02:25:33 2020 CEST <damian@fptrucha.inv.usc.es>
# name: hd
# type: matrix
# rows: 41
# columns: 2
 0 -180
 0 -179
 0 -178
 0 -177
 0 -176
 0 -175
 1 -174
 0 -173
 0 -172
 0 -171
 1 -170
 1 -169
 5 -168
 3 -167
 7 -166
 68 -165
 375 -164
 1194 -163
 1802 -162
 3119 -161
 3822 -160
 3990 -159
 4094 -158
 3206 -157
 3935 -156
 3923 -155
 3701 -154
 2871 -153
 1278 -152
 851 -151
 227 -150
 14 -149
 0 -148
 0 -147
 0 -146
 0 -145
 0 -144
 0 -143
 0 -142
 0 -141
 0 -140


