# Created by Octave 3.8.2, Mon Jun 22 12:28:06 2020 CEST <damian@fptrucha.inv.usc.es>
# name: hd
# type: matrix
# rows: 41
# columns: 2
 2 -180
 2 -179
 4 -178
 0 -177
 0 -176
 1 -175
 1 -174
 1 -173
 1 -172
 5 -171
 1 -170
 1 -169
 1 -168
 4 -167
 6 -166
 65 -165
 329 -164
 890 -163
 1127 -162
 2069 -161
 2409 -160
 2474 -159
 2531 -158
 1829 -157
 2517 -156
 2444 -155
 2302 -154
 1639 -153
 633 -152
 478 -151
 127 -150
 1 -149
 0 -148
 0 -147
 0 -146
 0 -145
 0 -144
 0 -143
 0 -142
 0 -141
 0 -140


