# Created by Octave 3.8.2, Mon Jun 22 11:54:17 2020 CEST <damian@fptrucha.inv.usc.es>
# name: hd
# type: matrix
# rows: 41
# columns: 2
 1 -180
 2 -179
 3 -178
 2 -177
 4 -176
 0 -175
 1 -174
 2 -173
 1 -172
 3 -171
 2 -170
 6 -169
 6 -168
 5 -167
 8 -166
 92 -165
 487 -164
 1259 -163
 1705 -162
 2977 -161
 3548 -160
 3758 -159
 3641 -158
 2757 -157
 3620 -156
 3657 -155
 3215 -154
 2370 -153
 934 -152
 711 -151
 147 -150
 11 -149
 0 -148
 0 -147
 0 -146
 0 -145
 0 -144
 0 -143
 0 -142
 0 -141
 0 -140


