# Created by Octave 3.8.2, Mon Jun 22 22:15:39 2020 CEST <damian@fptrucha.inv.usc.es>
# name: hd
# type: matrix
# rows: 41
# columns: 2
 1 -180
 2 -179
 2 -178
 0 -177
 0 -176
 1 -175
 3 -174
 1 -173
 1 -172
 3 -171
 6 -170
 1 -169
 6 -168
 2 -167
 8 -166
 84 -165
 402 -164
 1193 -163
 1815 -162
 3220 -161
 3777 -160
 3987 -159
 3942 -158
 3135 -157
 4019 -156
 3845 -155
 3654 -154
 2797 -153
 1276 -152
 765 -151
 218 -150
 10 -149
 1 -148
 0 -147
 0 -146
 0 -145
 0 -144
 0 -143
 0 -142
 0 -141
 0 -140


