# Created by Octave 3.8.2, Sun Jun 21 02:42:18 2020 CEST <damian@fptrucha.inv.usc.es>
# name: hd
# type: matrix
# rows: 41
# columns: 2
 1 -180
 1 -179
 1 -178
 0 -177
 0 -176
 0 -175
 0 -174
 0 -173
 0 -172
 2 -171
 1 -170
 3 -169
 7 -168
 5 -167
 10 -166
 57 -165
 340 -164
 1061 -163
 1587 -162
 2808 -161
 3298 -160
 3515 -159
 3655 -158
 2839 -157
 3557 -156
 3480 -155
 3352 -154
 2553 -153
 1164 -152
 755 -151
 203 -150
 16 -149
 0 -148
 0 -147
 0 -146
 0 -145
 0 -144
 0 -143
 0 -142
 0 -141
 0 -140


