# Created by Octave 3.8.2, Mon Jun 22 20:37:34 2020 CEST <damian@fptrucha.inv.usc.es>
# name: hd
# type: matrix
# rows: 41
# columns: 2
 1 -180
 2 -179
 2 -178
 0 -177
 1 -176
 1 -175
 2 -174
 2 -173
 0 -172
 4 -171
 3 -170
 1 -169
 6 -168
 6 -167
 22 -166
 94 -165
 476 -164
 1358 -163
 1794 -162
 3218 -161
 3916 -160
 4133 -159
 3968 -158
 2855 -157
 3842 -156
 3844 -155
 3499 -154
 2543 -153
 1070 -152
 772 -151
 178 -150
 6 -149
 0 -148
 0 -147
 0 -146
 0 -145
 0 -144
 0 -143
 0 -142
 0 -141
 0 -140


