# Created by Octave 3.8.2, Sat Jun 20 22:38:29 2020 CEST <damian@fptrucha.inv.usc.es>
# name: hd
# type: matrix
# rows: 41
# columns: 2
 0 -180
 1 -179
 0 -178
 2 -177
 2 -176
 1 -175
 2 -174
 0 -173
 0 -172
 0 -171
 1 -170
 3 -169
 3 -168
 4 -167
 5 -166
 60 -165
 343 -164
 1068 -163
 1700 -162
 2807 -161
 3472 -160
 3738 -159
 3709 -158
 2872 -157
 3652 -156
 3645 -155
 3442 -154
 2626 -153
 1239 -152
 788 -151
 206 -150
 13 -149
 0 -148
 1 -147
 0 -146
 0 -145
 0 -144
 0 -143
 0 -142
 0 -141
 0 -140


