# Created by Octave 3.8.2, Mon Jun 22 18:22:55 2020 CEST <damian@fptrucha.inv.usc.es>
# name: hd
# type: matrix
# rows: 41
# columns: 2
 3 -180
 1 -179
 1 -178
 1 -177
 0 -176
 0 -175
 2 -174
 2 -173
 2 -172
 3 -171
 3 -170
 1 -169
 3 -168
 6 -167
 12 -166
 75 -165
 462 -164
 1325 -163
 1733 -162
 3142 -161
 3713 -160
 3988 -159
 3991 -158
 2804 -157
 3857 -156
 3934 -155
 3490 -154
 2486 -153
 1027 -152
 695 -151
 143 -150
 6 -149
 0 -148
 0 -147
 0 -146
 0 -145
 0 -144
 0 -143
 0 -142
 0 -141
 0 -140


