# Created by Octave 3.8.2, Sun Jun 21 02:48:26 2020 CEST <damian@fptrucha.inv.usc.es>
# name: hd
# type: matrix
# rows: 41
# columns: 2
 0 -180
 0 -179
 0 -178
 1 -177
 2 -176
 0 -175
 0 -174
 3 -173
 2 -172
 1 -171
 0 -170
 1 -169
 1 -168
 7 -167
 7 -166
 64 -165
 320 -164
 1051 -163
 1647 -162
 2742 -161
 3420 -160
 3501 -159
 3495 -158
 2787 -157
 3503 -156
 3486 -155
 3271 -154
 2507 -153
 1171 -152
 773 -151
 201 -150
 17 -149
 0 -148
 0 -147
 0 -146
 0 -145
 0 -144
 0 -143
 0 -142
 0 -141
 0 -140


