# Created by Octave 3.8.2, Sun Jun 21 01:02:46 2020 CEST <damian@fptrucha.inv.usc.es>
# name: hd
# type: matrix
# rows: 41
# columns: 2
 3 -180
 1 -179
 0 -178
 0 -177
 0 -176
 2 -175
 0 -174
 0 -173
 1 -172
 1 -171
 2 -170
 0 -169
 3 -168
 1 -167
 6 -166
 49 -165
 361 -164
 987 -163
 1603 -162
 2811 -161
 3470 -160
 3671 -159
 3571 -158
 2786 -157
 3640 -156
 3650 -155
 3292 -154
 2539 -153
 1169 -152
 790 -151
 211 -150
 13 -149
 0 -148
 0 -147
 0 -146
 0 -145
 0 -144
 0 -143
 0 -142
 0 -141
 0 -140


