# Created by Octave 3.8.2, Sun Jun 21 07:35:38 2020 CEST <damian@fptrucha.inv.usc.es>
# name: hd
# type: matrix
# rows: 41
# columns: 2
 0 -180
 2 -179
 0 -178
 0 -177
 0 -176
 1 -175
 1 -174
 1 -173
 2 -172
 2 -171
 2 -170
 2 -169
 5 -168
 3 -167
 4 -166
 69 -165
 353 -164
 1097 -163
 1634 -162
 2933 -161
 3684 -160
 3879 -159
 3766 -158
 2957 -157
 3817 -156
 3745 -155
 3509 -154
 2674 -153
 1264 -152
 881 -151
 227 -150
 12 -149
 0 -148
 0 -147
 0 -146
 0 -145
 0 -144
 0 -143
 0 -142
 0 -141
 0 -140


