# Created by Octave 3.8.2, Sat Jun 20 21:29:43 2020 CEST <damian@fptrucha.inv.usc.es>
# name: hd
# type: matrix
# rows: 41
# columns: 2
 0 -180
 2 -179
 1 -178
 1 -177
 0 -176
 2 -175
 0 -174
 2 -173
 0 -172
 1 -171
 1 -170
 3 -169
 5 -168
 2 -167
 5 -166
 68 -165
 281 -164
 1051 -163
 1616 -162
 2841 -161
 3419 -160
 3502 -159
 3677 -158
 2904 -157
 3596 -156
 3622 -155
 3488 -154
 2628 -153
 1247 -152
 839 -151
 223 -150
 19 -149
 0 -148
 0 -147
 0 -146
 0 -145
 0 -144
 0 -143
 0 -142
 0 -141
 0 -140


