# Created by Octave 3.8.2, Sat Jun 20 07:33:10 2020 CEST <damian@fptrucha.inv.usc.es>
# name: hd
# type: matrix
# rows: 41
# columns: 2
 1 -180
 0 -179
 0 -178
 0 -177
 1 -176
 0 -175
 2 -174
 0 -173
 0 -172
 1 -171
 4 -170
 4 -169
 9 -168
 4 -167
 7 -166
 87 -165
 408 -164
 1261 -163
 1802 -162
 3216 -161
 3906 -160
 4294 -159
 4320 -158
 3345 -157
 4029 -156
 4145 -155
 3835 -154
 2864 -153
 1317 -152
 920 -151
 247 -150
 12 -149
 0 -148
 0 -147
 0 -146
 0 -145
 0 -144
 0 -143
 0 -142
 0 -141
 0 -140


