# Created by Octave 3.8.2, Mon Jun 22 03:14:31 2020 CEST <damian@fptrucha.inv.usc.es>
# name: hd
# type: matrix
# rows: 41
# columns: 2
 2 -180
 5 -179
 5 -178
 2 -177
 3 -176
 4 -175
 3 -174
 3 -173
 1 -172
 1 -171
 3 -170
 5 -169
 3 -168
 3 -167
 13 -166
 87 -165
 425 -164
 1247 -163
 1651 -162
 2914 -161
 3365 -160
 3595 -159
 3497 -158
 2635 -157
 3613 -156
 3515 -155
 3141 -154
 2276 -153
 940 -152
 710 -151
 167 -150
 5 -149
 0 -148
 0 -147
 0 -146
 0 -145
 0 -144
 0 -143
 0 -142
 0 -141
 0 -140


