# Created by Octave 3.8.2, Sat Jun 20 08:51:16 2020 CEST <damian@fptrucha.inv.usc.es>
# name: hd
# type: matrix
# rows: 41
# columns: 2
 0 -180
 0 -179
 0 -178
 1 -177
 1 -176
 1 -175
 0 -174
 0 -173
 0 -172
 1 -171
 3 -170
 3 -169
 2 -168
 3 -167
 10 -166
 73 -165
 388 -164
 1200 -163
 1816 -162
 3304 -161
 4092 -160
 4311 -159
 4302 -158
 3275 -157
 4260 -156
 4182 -155
 3872 -154
 3048 -153
 1383 -152
 928 -151
 256 -150
 19 -149
 0 -148
 0 -147
 0 -146
 0 -145
 0 -144
 0 -143
 0 -142
 0 -141
 0 -140


