# Created by Octave 3.8.2, Mon Jun 22 04:59:10 2020 CEST <damian@fptrucha.inv.usc.es>
# name: hd
# type: matrix
# rows: 41
# columns: 2
 2 -180
 3 -179
 2 -178
 0 -177
 1 -176
 0 -175
 2 -174
 2 -173
 0 -172
 2 -171
 3 -170
 3 -169
 3 -168
 2 -167
 14 -166
 113 -165
 464 -164
 1254 -163
 1530 -162
 2804 -161
 3311 -160
 3455 -159
 3360 -158
 2459 -157
 3436 -156
 3406 -155
 3029 -154
 2138 -153
 889 -152
 591 -151
 142 -150
 4 -149
 0 -148
 0 -147
 0 -146
 0 -145
 0 -144
 0 -143
 0 -142
 0 -141
 0 -140


