# Created by Octave 3.8.2, Sat Jun 20 23:36:30 2020 CEST <damian@fptrucha.inv.usc.es>
# name: hd
# type: matrix
# rows: 41
# columns: 2
 0 -180
 0 -179
 1 -178
 0 -177
 2 -176
 0 -175
 3 -174
 0 -173
 0 -172
 1 -171
 1 -170
 3 -169
 1 -168
 2 -167
 10 -166
 70 -165
 344 -164
 1006 -163
 1609 -162
 2828 -161
 3510 -160
 3665 -159
 3675 -158
 2902 -157
 3684 -156
 3654 -155
 3377 -154
 2583 -153
 1240 -152
 797 -151
 222 -150
 11 -149
 0 -148
 0 -147
 0 -146
 0 -145
 0 -144
 0 -143
 0 -142
 0 -141
 0 -140


