# Created by Octave 3.8.2, Sat Jun 20 08:14:48 2020 CEST <damian@fptrucha.inv.usc.es>
# name: hd
# type: matrix
# rows: 41
# columns: 2
 0 -180
 0 -179
 0 -178
 0 -177
 0 -176
 0 -175
 0 -174
 0 -173
 0 -172
 0 -171
 0 -170
 5 -169
 2 -168
 2 -167
 1 -166
 71 -165
 275 -164
 807 -163
 1190 -162
 2067 -161
 2594 -160
 2868 -159
 2769 -158
 2166 -157
 2737 -156
 2839 -155
 2528 -154
 2040 -153
 932 -152
 566 -151
 164 -150
 7 -149
 0 -148
 0 -147
 0 -146
 0 -145
 0 -144
 0 -143
 0 -142
 0 -141
 0 -140


