# Created by Octave 3.8.2, Sun Jun 21 05:54:31 2020 CEST <damian@fptrucha.inv.usc.es>
# name: hd
# type: matrix
# rows: 41
# columns: 2
 0 -180
 0 -179
 1 -178
 0 -177
 1 -176
 0 -175
 1 -174
 0 -173
 0 -172
 0 -171
 4 -170
 3 -169
 3 -168
 1 -167
 8 -166
 63 -165
 344 -164
 1103 -163
 1605 -162
 2973 -161
 3491 -160
 3622 -159
 3638 -158
 2856 -157
 3635 -156
 3659 -155
 3376 -154
 2602 -153
 1279 -152
 843 -151
 187 -150
 13 -149
 0 -148
 0 -147
 0 -146
 0 -145
 0 -144
 0 -143
 0 -142
 0 -141
 0 -140


