# Created by Octave 3.8.2, Mon Jun 22 08:18:29 2020 CEST <damian@fptrucha.inv.usc.es>
# name: hd
# type: matrix
# rows: 41
# columns: 2
 4 -180
 3 -179
 3 -178
 2 -177
 3 -176
 1 -175
 3 -174
 4 -173
 4 -172
 3 -171
 3 -170
 3 -169
 5 -168
 2 -167
 14 -166
 91 -165
 459 -164
 1307 -163
 1619 -162
 2922 -161
 3499 -160
 3646 -159
 3611 -158
 2704 -157
 3571 -156
 3543 -155
 3310 -154
 2407 -153
 967 -152
 617 -151
 142 -150
 7 -149
 0 -148
 1 -147
 0 -146
 0 -145
 0 -144
 0 -143
 0 -142
 0 -141
 0 -140


