# Created by Octave 3.8.2, Mon Jun 22 21:35:04 2020 CEST <damian@fptrucha.inv.usc.es>
# name: hd
# type: matrix
# rows: 41
# columns: 2
 0 -180
 1 -179
 3 -178
 2 -177
 4 -176
 0 -175
 0 -174
 3 -173
 0 -172
 2 -171
 1 -170
 3 -169
 7 -168
 7 -167
 5 -166
 93 -165
 403 -164
 1194 -163
 1754 -162
 3050 -161
 3802 -160
 4188 -159
 3961 -158
 3128 -157
 3980 -156
 3902 -155
 3677 -154
 2720 -153
 1237 -152
 850 -151
 217 -150
 15 -149
 0 -148
 0 -147
 0 -146
 0 -145
 0 -144
 0 -143
 0 -142
 0 -141
 0 -140


