# Created by Octave 3.8.2, Mon Jun 22 01:07:16 2020 CEST <damian@fptrucha.inv.usc.es>
# name: hd
# type: matrix
# rows: 41
# columns: 2
 0 -180
 0 -179
 1 -178
 0 -177
 0 -176
 1 -175
 0 -174
 0 -173
 0 -172
 0 -171
 0 -170
 3 -169
 5 -168
 5 -167
 7 -166
 73 -165
 299 -164
 1018 -163
 1651 -162
 2919 -161
 3480 -160
 3815 -159
 3785 -158
 2995 -157
 3788 -156
 3706 -155
 3464 -154
 2679 -153
 1263 -152
 840 -151
 243 -150
 20 -149
 0 -148
 0 -147
 0 -146
 0 -145
 0 -144
 0 -143
 0 -142
 0 -141
 0 -140


