# Created by Octave 3.8.2, Mon Jun 22 20:51:04 2020 CEST <damian@fptrucha.inv.usc.es>
# name: hd
# type: matrix
# rows: 41
# columns: 2
 1 -180
 3 -179
 0 -178
 0 -177
 2 -176
 2 -175
 2 -174
 1 -173
 3 -172
 1 -171
 3 -170
 6 -169
 4 -168
 4 -167
 13 -166
 97 -165
 469 -164
 1373 -163
 1759 -162
 3146 -161
 3815 -160
 3968 -159
 3878 -158
 2950 -157
 3875 -156
 3944 -155
 3626 -154
 2611 -153
 1066 -152
 779 -151
 171 -150
 11 -149
 0 -148
 0 -147
 0 -146
 0 -145
 0 -144
 0 -143
 0 -142
 0 -141
 0 -140


