# Created by Octave 3.8.2, Sat Jun 20 21:22:21 2020 CEST <damian@fptrucha.inv.usc.es>
# name: hd
# type: matrix
# rows: 41
# columns: 2
 0 -180
 0 -179
 0 -178
 1 -177
 1 -176
 1 -175
 1 -174
 0 -173
 1 -172
 3 -171
 3 -170
 3 -169
 3 -168
 1 -167
 3 -166
 49 -165
 320 -164
 1008 -163
 1628 -162
 2839 -161
 3545 -160
 3771 -159
 3662 -158
 2856 -157
 3569 -156
 3624 -155
 3328 -154
 2714 -153
 1235 -152
 785 -151
 224 -150
 17 -149
 0 -148
 0 -147
 0 -146
 0 -145
 0 -144
 0 -143
 0 -142
 0 -141
 0 -140


