# Created by Octave 3.8.2, Mon Jun 22 19:27:02 2020 CEST <damian@fptrucha.inv.usc.es>
# name: hd
# type: matrix
# rows: 41
# columns: 2
 0 -180
 4 -179
 1 -178
 1 -177
 0 -176
 3 -175
 3 -174
 1 -173
 1 -172
 2 -171
 1 -170
 1 -169
 6 -168
 1 -167
 6 -166
 97 -165
 456 -164
 1368 -163
 1745 -162
 3083 -161
 3845 -160
 4022 -159
 3833 -158
 2883 -157
 3887 -156
 4032 -155
 3567 -154
 2580 -153
 1058 -152
 700 -151
 173 -150
 10 -149
 0 -148
 0 -147
 0 -146
 0 -145
 0 -144
 0 -143
 0 -142
 0 -141
 0 -140


