# Created by Octave 3.8.2, Mon Jun 22 14:31:03 2020 CEST <damian@fptrucha.inv.usc.es>
# name: hd
# type: matrix
# rows: 41
# columns: 2
 5 -180
 2 -179
 3 -178
 1 -177
 1 -176
 1 -175
 2 -174
 1 -173
 0 -172
 8 -171
 5 -170
 1 -169
 5 -168
 6 -167
 10 -166
 97 -165
 442 -164
 1408 -163
 1613 -162
 3030 -161
 3766 -160
 3831 -159
 3810 -158
 2809 -157
 3756 -156
 3802 -155
 3370 -154
 2397 -153
 1023 -152
 696 -151
 152 -150
 6 -149
 0 -148
 0 -147
 0 -146
 0 -145
 0 -144
 0 -143
 0 -142
 0 -141
 0 -140


