# Created by Octave 3.8.2, Sat Jun 20 23:53:33 2020 CEST <damian@fptrucha.inv.usc.es>
# name: hd
# type: matrix
# rows: 41
# columns: 2
 0 -180
 1 -179
 1 -178
 1 -177
 1 -176
 0 -175
 0 -174
 0 -173
 0 -172
 0 -171
 4 -170
 2 -169
 6 -168
 5 -167
 12 -166
 76 -165
 353 -164
 1031 -163
 1586 -162
 2893 -161
 3413 -160
 3718 -159
 3567 -158
 2813 -157
 3618 -156
 3694 -155
 3346 -154
 2585 -153
 1181 -152
 789 -151
 206 -150
 16 -149
 0 -148
 0 -147
 0 -146
 0 -145
 0 -144
 0 -143
 0 -142
 0 -141
 0 -140


