# Created by Octave 3.8.2, Mon Jun 22 06:35:33 2020 CEST <damian@fptrucha.inv.usc.es>
# name: hd
# type: matrix
# rows: 41
# columns: 2
 2 -180
 4 -179
 0 -178
 4 -177
 0 -176
 2 -175
 4 -174
 4 -173
 2 -172
 2 -171
 8 -170
 9 -169
 5 -168
 5 -167
 11 -166
 106 -165
 500 -164
 1208 -163
 1571 -162
 2834 -161
 3476 -160
 3571 -159
 3545 -158
 2636 -157
 3406 -156
 3564 -155
 3254 -154
 2316 -153
 897 -152
 614 -151
 175 -150
 3 -149
 0 -148
 0 -147
 0 -146
 0 -145
 0 -144
 0 -143
 0 -142
 0 -141
 0 -140


