# Created by Octave 3.8.2, Sat Jun 20 16:59:44 2020 CEST <damian@fptrucha.inv.usc.es>
# name: hd
# type: matrix
# rows: 41
# columns: 2
 1 -180
 0 -179
 0 -178
 0 -177
 1 -176
 0 -175
 0 -174
 1 -173
 0 -172
 1 -171
 1 -170
 0 -169
 1 -168
 3 -167
 7 -166
 65 -165
 350 -164
 1086 -163
 1630 -162
 2918 -161
 3567 -160
 3752 -159
 3850 -158
 3058 -157
 3650 -156
 3751 -155
 3512 -154
 2558 -153
 1292 -152
 846 -151
 220 -150
 17 -149
 0 -148
 0 -147
 0 -146
 0 -145
 0 -144
 0 -143
 0 -142
 0 -141
 0 -140


