# Created by Octave 3.8.2, Sun Jun 21 03:51:46 2020 CEST <damian@fptrucha.inv.usc.es>
# name: hd
# type: matrix
# rows: 41
# columns: 2
 1 -180
 0 -179
 0 -178
 0 -177
 1 -176
 1 -175
 2 -174
 2 -173
 3 -172
 2 -171
 0 -170
 0 -169
 2 -168
 5 -167
 4 -166
 69 -165
 361 -164
 1116 -163
 1556 -162
 2724 -161
 3369 -160
 3566 -159
 3631 -158
 2852 -157
 3589 -156
 3515 -155
 3362 -154
 2585 -153
 1202 -152
 802 -151
 227 -150
 20 -149
 0 -148
 0 -147
 0 -146
 0 -145
 0 -144
 0 -143
 0 -142
 0 -141
 0 -140


