# Created by Octave 3.8.2, Sat Jun 20 02:55:14 2020 CEST <damian@fptrucha.inv.usc.es>
# name: hd
# type: matrix
# rows: 41
# columns: 2
 0 -180
 1 -179
 0 -178
 1 -177
 0 -176
 1 -175
 0 -174
 1 -173
 4 -172
 1 -171
 1 -170
 3 -169
 3 -168
 4 -167
 6 -166
 70 -165
 407 -164
 1185 -163
 1788 -162
 3194 -161
 3757 -160
 3996 -159
 4067 -158
 3156 -157
 3923 -156
 3978 -155
 3655 -154
 2807 -153
 1250 -152
 862 -151
 226 -150
 18 -149
 0 -148
 0 -147
 0 -146
 0 -145
 0 -144
 0 -143
 0 -142
 0 -141
 0 -140


