# Created by Octave 3.8.2, Mon Jun 22 04:03:19 2020 CEST <damian@fptrucha.inv.usc.es>
# name: hd
# type: matrix
# rows: 41
# columns: 2
 4 -180
 2 -179
 6 -178
 3 -177
 2 -176
 3 -175
 7 -174
 2 -173
 2 -172
 1 -171
 5 -170
 6 -169
 8 -168
 4 -167
 9 -166
 89 -165
 458 -164
 1234 -163
 1634 -162
 2973 -161
 3509 -160
 3612 -159
 3476 -158
 2572 -157
 3467 -156
 3428 -155
 3126 -154
 2261 -153
 936 -152
 598 -151
 137 -150
 4 -149
 0 -148
 0 -147
 0 -146
 0 -145
 0 -144
 0 -143
 0 -142
 0 -141
 0 -140


