# Created by Octave 3.8.2, Sun Jun 21 00:58:26 2020 CEST <damian@fptrucha.inv.usc.es>
# name: hd
# type: matrix
# rows: 41
# columns: 2
 0 -180
 1 -179
 0 -178
 1 -177
 0 -176
 0 -175
 0 -174
 1 -173
 0 -172
 1 -171
 2 -170
 2 -169
 4 -168
 10 -167
 8 -166
 68 -165
 340 -164
 1106 -163
 1628 -162
 2698 -161
 3386 -160
 3544 -159
 3533 -158
 2790 -157
 3687 -156
 3531 -155
 3317 -154
 2596 -153
 1232 -152
 841 -151
 217 -150
 10 -149
 0 -148
 0 -147
 0 -146
 0 -145
 0 -144
 0 -143
 0 -142
 0 -141
 0 -140


