# Created by Octave 3.8.2, Mon Jun 22 17:32:45 2020 CEST <damian@fptrucha.inv.usc.es>
# name: hd
# type: matrix
# rows: 41
# columns: 2
 1 -180
 1 -179
 2 -178
 0 -177
 5 -176
 2 -175
 1 -174
 2 -173
 2 -172
 4 -171
 4 -170
 4 -169
 5 -168
 8 -167
 8 -166
 93 -165
 474 -164
 1394 -163
 1747 -162
 3043 -161
 3726 -160
 4020 -159
 3943 -158
 2857 -157
 3868 -156
 3781 -155
 3611 -154
 2483 -153
 1030 -152
 708 -151
 158 -150
 6 -149
 0 -148
 0 -147
 0 -146
 0 -145
 0 -144
 0 -143
 0 -142
 0 -141
 0 -140


