# Created by Octave 3.8.2, Mon Jun 22 03:01:02 2020 CEST <damian@fptrucha.inv.usc.es>
# name: hd
# type: matrix
# rows: 41
# columns: 2
 5 -180
 2 -179
 4 -178
 3 -177
 5 -176
 4 -175
 2 -174
 3 -173
 2 -172
 5 -171
 3 -170
 5 -169
 6 -168
 5 -167
 11 -166
 105 -165
 455 -164
 1198 -163
 1542 -162
 2905 -161
 3368 -160
 3585 -159
 3449 -158
 2509 -157
 3485 -156
 3487 -155
 3150 -154
 2235 -153
 948 -152
 649 -151
 157 -150
 3 -149
 0 -148
 0 -147
 0 -146
 0 -145
 0 -144
 0 -143
 0 -142
 0 -141
 0 -140


