# Created by Octave 3.8.2, Sat Jun 20 08:09:26 2020 CEST <damian@fptrucha.inv.usc.es>
# name: hd
# type: matrix
# rows: 41
# columns: 2
 1 -180
 0 -179
 0 -178
 2 -177
 0 -176
 1 -175
 1 -174
 1 -173
 0 -172
 1 -171
 2 -170
 1 -169
 3 -168
 3 -167
 8 -166
 81 -165
 432 -164
 1256 -163
 1979 -162
 3381 -161
 3972 -160
 4243 -159
 4223 -158
 3430 -157
 4148 -156
 4288 -155
 3917 -154
 3035 -153
 1376 -152
 952 -151
 253 -150
 11 -149
 0 -148
 0 -147
 0 -146
 0 -145
 0 -144
 0 -143
 0 -142
 0 -141
 0 -140


