# Created by Octave 3.8.2, Mon Jun 22 13:54:19 2020 CEST <damian@fptrucha.inv.usc.es>
# name: hd
# type: matrix
# rows: 41
# columns: 2
 3 -180
 8 -179
 1 -178
 3 -177
 3 -176
 2 -175
 2 -174
 2 -173
 0 -172
 2 -171
 5 -170
 6 -169
 5 -168
 5 -167
 11 -166
 102 -165
 529 -164
 1419 -163
 1692 -162
 3151 -161
 3721 -160
 3874 -159
 3741 -158
 2735 -157
 3796 -156
 3763 -155
 3454 -154
 2415 -153
 959 -152
 666 -151
 166 -150
 1 -149
 0 -148
 0 -147
 0 -146
 0 -145
 0 -144
 0 -143
 0 -142
 0 -141
 0 -140


