# Created by Octave 3.8.2, Mon Jun 22 02:16:50 2020 CEST <damian@fptrucha.inv.usc.es>
# name: hd
# type: matrix
# rows: 41
# columns: 2
 1 -180
 2 -179
 2 -178
 0 -177
 3 -176
 2 -175
 4 -174
 3 -173
 2 -172
 5 -171
 5 -170
 2 -169
 8 -168
 5 -167
 13 -166
 95 -165
 442 -164
 1254 -163
 1640 -162
 3108 -161
 3678 -160
 3829 -159
 3724 -158
 2890 -157
 3724 -156
 3761 -155
 3328 -154
 2527 -153
 1014 -152
 754 -151
 209 -150
 5 -149
 0 -148
 0 -147
 0 -146
 0 -145
 0 -144
 0 -143
 0 -142
 0 -141
 0 -140


