# Created by Octave 3.8.2, Mon Jun 22 01:35:59 2020 CEST <damian@fptrucha.inv.usc.es>
# name: hd
# type: matrix
# rows: 41
# columns: 2
 2 -180
 2 -179
 0 -178
 0 -177
 0 -176
 0 -175
 1 -174
 0 -173
 0 -172
 1 -171
 1 -170
 2 -169
 2 -168
 1 -167
 8 -166
 77 -165
 430 -164
 1214 -163
 1679 -162
 2993 -161
 3650 -160
 3884 -159
 3792 -158
 2959 -157
 3844 -156
 3768 -155
 3584 -154
 2512 -153
 1104 -152
 765 -151
 229 -150
 12 -149
 0 -148
 0 -147
 0 -146
 0 -145
 0 -144
 0 -143
 0 -142
 0 -141
 0 -140


