# Created by Octave 3.8.2, Mon Jun 22 22:27:06 2020 CEST <damian@fptrucha.inv.usc.es>
# name: hd
# type: matrix
# rows: 41
# columns: 2
 3 -180
 1 -179
 1 -178
 0 -177
 0 -176
 3 -175
 0 -174
 2 -173
 2 -172
 0 -171
 3 -170
 2 -169
 3 -168
 1 -167
 9 -166
 77 -165
 414 -164
 1243 -163
 1721 -162
 3225 -161
 3877 -160
 4079 -159
 3977 -158
 3200 -157
 3976 -156
 3963 -155
 3544 -154
 2697 -153
 1247 -152
 807 -151
 212 -150
 10 -149
 0 -148
 0 -147
 0 -146
 0 -145
 0 -144
 0 -143
 0 -142
 0 -141
 0 -140


