# Created by Octave 3.8.2, Sat Jun 20 12:35:18 2020 CEST <damian@fptrucha.inv.usc.es>
# name: hd
# type: matrix
# rows: 41
# columns: 2
 0 -180
 0 -179
 0 -178
 0 -177
 1 -176
 0 -175
 1 -174
 0 -173
 1 -172
 1 -171
 3 -170
 2 -169
 3 -168
 3 -167
 6 -166
 68 -165
 368 -164
 1134 -163
 1722 -162
 3101 -161
 3884 -160
 4082 -159
 4129 -158
 3221 -157
 3953 -156
 3974 -155
 3556 -154
 2854 -153
 1347 -152
 864 -151
 232 -150
 15 -149
 0 -148
 0 -147
 0 -146
 0 -145
 0 -144
 0 -143
 0 -142
 0 -141
 0 -140


