# Created by Octave 3.8.2, Mon Jun 22 15:09:33 2020 CEST <damian@fptrucha.inv.usc.es>
# name: hd
# type: matrix
# rows: 41
# columns: 2
 1 -180
 2 -179
 2 -178
 0 -177
 0 -176
 1 -175
 0 -174
 0 -173
 0 -172
 2 -171
 0 -170
 4 -169
 7 -168
 4 -167
 12 -166
 112 -165
 473 -164
 1309 -163
 1754 -162
 3044 -161
 3694 -160
 3891 -159
 3784 -158
 2777 -157
 3809 -156
 3901 -155
 3459 -154
 2519 -153
 1011 -152
 749 -151
 211 -150
 10 -149
 0 -148
 0 -147
 0 -146
 0 -145
 0 -144
 0 -143
 0 -142
 0 -141
 0 -140


