# Created by Octave 3.8.2, Sat Jun 20 23:39:14 2020 CEST <damian@fptrucha.inv.usc.es>
# name: hd
# type: matrix
# rows: 41
# columns: 2
 1 -180
 1 -179
 1 -178
 0 -177
 0 -176
 1 -175
 0 -174
 2 -173
 1 -172
 0 -171
 5 -170
 5 -169
 4 -168
 1 -167
 2 -166
 63 -165
 334 -164
 1007 -163
 1572 -162
 2876 -161
 3469 -160
 3746 -159
 3580 -158
 2923 -157
 3520 -156
 3516 -155
 3388 -154
 2595 -153
 1291 -152
 832 -151
 211 -150
 18 -149
 0 -148
 0 -147
 0 -146
 0 -145
 0 -144
 0 -143
 0 -142
 0 -141
 0 -140


