# Created by Octave 3.8.2, Mon Jun 22 10:52:42 2020 CEST <damian@fptrucha.inv.usc.es>
# name: hd
# type: matrix
# rows: 41
# columns: 2
 0 -180
 3 -179
 1 -178
 0 -177
 0 -176
 3 -175
 1 -174
 2 -173
 4 -172
 4 -171
 2 -170
 7 -169
 9 -168
 6 -167
 13 -166
 93 -165
 510 -164
 1317 -163
 1665 -162
 3031 -161
 3581 -160
 3842 -159
 3707 -158
 2843 -157
 3790 -156
 3736 -155
 3280 -154
 2368 -153
 966 -152
 673 -151
 176 -150
 10 -149
 0 -148
 0 -147
 0 -146
 0 -145
 0 -144
 0 -143
 0 -142
 0 -141
 0 -140


