# Created by Octave 3.8.2, Sat Jun 20 17:59:01 2020 CEST <damian@fptrucha.inv.usc.es>
# name: hd
# type: matrix
# rows: 41
# columns: 2
 0 -180
 0 -179
 0 -178
 0 -177
 0 -176
 0 -175
 2 -174
 0 -173
 0 -172
 0 -171
 0 -170
 5 -169
 2 -168
 0 -167
 10 -166
 60 -165
 306 -164
 1062 -163
 1684 -162
 2830 -161
 3477 -160
 3833 -159
 3650 -158
 2918 -157
 3595 -156
 3618 -155
 3382 -154
 2726 -153
 1216 -152
 860 -151
 208 -150
 10 -149
 0 -148
 0 -147
 0 -146
 0 -145
 0 -144
 0 -143
 0 -142
 0 -141
 0 -140


