# Created by Octave 3.8.2, Sat Jun 20 07:17:52 2020 CEST <damian@fptrucha.inv.usc.es>
# name: hd
# type: matrix
# rows: 41
# columns: 2
 0 -180
 0 -179
 1 -178
 0 -177
 2 -176
 1 -175
 0 -174
 1 -173
 1 -172
 2 -171
 4 -170
 2 -169
 5 -168
 6 -167
 13 -166
 69 -165
 376 -164
 1232 -163
 1826 -162
 3275 -161
 3956 -160
 4188 -159
 4173 -158
 3276 -157
 4173 -156
 4116 -155
 3797 -154
 2867 -153
 1424 -152
 923 -151
 224 -150
 14 -149
 0 -148
 0 -147
 0 -146
 0 -145
 0 -144
 0 -143
 0 -142
 0 -141
 0 -140


