# Created by Octave 3.8.2, Sat Jun 20 23:56:41 2020 CEST <damian@fptrucha.inv.usc.es>
# name: hd
# type: matrix
# rows: 41
# columns: 2
 0 -180
 0 -179
 1 -178
 0 -177
 1 -176
 0 -175
 1 -174
 1 -173
 1 -172
 1 -171
 1 -170
 0 -169
 6 -168
 9 -167
 6 -166
 54 -165
 329 -164
 1059 -163
 1610 -162
 2774 -161
 3390 -160
 3820 -159
 3729 -158
 2860 -157
 3595 -156
 3612 -155
 3409 -154
 2648 -153
 1205 -152
 792 -151
 233 -150
 7 -149
 0 -148
 0 -147
 0 -146
 0 -145
 0 -144
 0 -143
 0 -142
 0 -141
 0 -140


