# Created by Octave 3.8.2, Mon Jun 22 20:10:03 2020 CEST <damian@fptrucha.inv.usc.es>
# name: hd
# type: matrix
# rows: 41
# columns: 2
 4 -180
 2 -179
 1 -178
 1 -177
 2 -176
 0 -175
 1 -174
 4 -173
 0 -172
 2 -171
 4 -170
 1 -169
 8 -168
 4 -167
 12 -166
 92 -165
 482 -164
 1341 -163
 1786 -162
 3168 -161
 3832 -160
 4081 -159
 4008 -158
 2879 -157
 3868 -156
 3995 -155
 3544 -154
 2639 -153
 1023 -152
 756 -151
 171 -150
 5 -149
 0 -148
 0 -147
 0 -146
 0 -145
 0 -144
 0 -143
 0 -142
 0 -141
 0 -140


