# Created by Octave 3.8.2, Sat Jun 20 19:39:32 2020 CEST <damian@fptrucha.inv.usc.es>
# name: hd
# type: matrix
# rows: 41
# columns: 2
 2 -180
 3 -179
 1 -178
 0 -177
 0 -176
 1 -175
 1 -174
 1 -173
 0 -172
 1 -171
 1 -170
 3 -169
 5 -168
 1 -167
 4 -166
 51 -165
 335 -164
 1046 -163
 1616 -162
 2746 -161
 3537 -160
 3775 -159
 3648 -158
 2922 -157
 3718 -156
 3757 -155
 3457 -154
 2667 -153
 1226 -152
 806 -151
 239 -150
 13 -149
 0 -148
 0 -147
 0 -146
 0 -145
 0 -144
 0 -143
 0 -142
 0 -141
 0 -140


