# Created by Octave 3.8.2, Mon Jun 22 20:24:45 2020 CEST <damian@fptrucha.inv.usc.es>
# name: hd
# type: matrix
# rows: 41
# columns: 2
 1 -180
 2 -179
 1 -178
 1 -177
 2 -176
 3 -175
 2 -174
 3 -173
 4 -172
 1 -171
 5 -170
 4 -169
 4 -168
 8 -167
 6 -166
 94 -165
 480 -164
 1306 -163
 1713 -162
 3022 -161
 3882 -160
 3962 -159
 3978 -158
 2961 -157
 3965 -156
 3963 -155
 3417 -154
 2628 -153
 1102 -152
 768 -151
 178 -150
 6 -149
 0 -148
 0 -147
 0 -146
 0 -145
 0 -144
 0 -143
 0 -142
 0 -141
 0 -140


