# Created by Octave 3.8.2, Sun Jun 21 08:10:52 2020 CEST <damian@fptrucha.inv.usc.es>
# name: hd
# type: matrix
# rows: 41
# columns: 2
 0 -180
 0 -179
 2 -178
 0 -177
 0 -176
 0 -175
 2 -174
 0 -173
 0 -172
 0 -171
 0 -170
 4 -169
 6 -168
 4 -167
 5 -166
 67 -165
 326 -164
 1068 -163
 1655 -162
 2838 -161
 3453 -160
 3815 -159
 3665 -158
 2926 -157
 3675 -156
 3719 -155
 3462 -154
 2660 -153
 1266 -152
 849 -151
 195 -150
 17 -149
 0 -148
 0 -147
 0 -146
 0 -145
 0 -144
 0 -143
 0 -142
 0 -141
 0 -140


