# Created by Octave 3.8.2, Mon Jun 22 06:21:53 2020 CEST <damian@fptrucha.inv.usc.es>
# name: hd
# type: matrix
# rows: 41
# columns: 2
 1 -180
 6 -179
 2 -178
 2 -177
 1 -176
 4 -175
 2 -174
 1 -173
 2 -172
 3 -171
 3 -170
 4 -169
 10 -168
 2 -167
 12 -166
 102 -165
 455 -164
 1195 -163
 1610 -162
 2827 -161
 3450 -160
 3656 -159
 3546 -158
 2651 -157
 3531 -156
 3554 -155
 3188 -154
 2316 -153
 976 -152
 621 -151
 148 -150
 7 -149
 0 -148
 0 -147
 0 -146
 0 -145
 0 -144
 0 -143
 0 -142
 0 -141
 0 -140


