# Created by Octave 3.8.2, Mon Jun 22 10:05:56 2020 CEST <damian@fptrucha.inv.usc.es>
# name: hd
# type: matrix
# rows: 41
# columns: 2
 1 -180
 0 -179
 0 -178
 3 -177
 2 -176
 0 -175
 2 -174
 5 -173
 1 -172
 3 -171
 3 -170
 3 -169
 7 -168
 3 -167
 10 -166
 102 -165
 459 -164
 1294 -163
 1756 -162
 3096 -161
 3503 -160
 3695 -159
 3667 -158
 2707 -157
 3698 -156
 3667 -155
 3313 -154
 2396 -153
 1057 -152
 685 -151
 164 -150
 7 -149
 0 -148
 0 -147
 0 -146
 0 -145
 0 -144
 0 -143
 0 -142
 0 -141
 0 -140


