# Created by Octave 3.8.2, Mon Jun 22 19:31:35 2020 CEST <damian@fptrucha.inv.usc.es>
# name: hd
# type: matrix
# rows: 41
# columns: 2
 4 -180
 0 -179
 1 -178
 2 -177
 0 -176
 1 -175
 0 -174
 3 -173
 2 -172
 2 -171
 3 -170
 4 -169
 6 -168
 2 -167
 11 -166
 101 -165
 459 -164
 1307 -163
 1708 -162
 3175 -161
 3870 -160
 4058 -159
 3846 -158
 2868 -157
 3880 -156
 3849 -155
 3619 -154
 2525 -153
 1084 -152
 801 -151
 178 -150
 11 -149
 0 -148
 0 -147
 0 -146
 0 -145
 0 -144
 0 -143
 0 -142
 0 -141
 0 -140


