# Created by Octave 3.8.2, Mon Jun 22 07:47:23 2020 CEST <damian@fptrucha.inv.usc.es>
# name: hd
# type: matrix
# rows: 41
# columns: 2
 2 -180
 1 -179
 1 -178
 0 -177
 3 -176
 2 -175
 3 -174
 2 -173
 1 -172
 3 -171
 6 -170
 4 -169
 7 -168
 6 -167
 18 -166
 95 -165
 460 -164
 1210 -163
 1567 -162
 2818 -161
 3460 -160
 3592 -159
 3613 -158
 2630 -157
 3587 -156
 3578 -155
 3293 -154
 2381 -153
 1004 -152
 630 -151
 145 -150
 13 -149
 0 -148
 0 -147
 0 -146
 0 -145
 0 -144
 0 -143
 0 -142
 0 -141
 0 -140


