# Created by Octave 3.8.2, Sat Jun 20 22:07:59 2020 CEST <damian@fptrucha.inv.usc.es>
# name: hd
# type: matrix
# rows: 41
# columns: 2
 0 -180
 0 -179
 0 -178
 1 -177
 0 -176
 0 -175
 2 -174
 0 -173
 1 -172
 1 -171
 2 -170
 2 -169
 4 -168
 1 -167
 8 -166
 69 -165
 319 -164
 1069 -163
 1677 -162
 2862 -161
 3452 -160
 3725 -159
 3676 -158
 2987 -157
 3625 -156
 3684 -155
 3323 -154
 2728 -153
 1182 -152
 841 -151
 220 -150
 16 -149
 0 -148
 0 -147
 0 -146
 0 -145
 0 -144
 0 -143
 0 -142
 0 -141
 0 -140


