# Created by Octave 3.8.2, Mon Jun 22 04:55:41 2020 CEST <damian@fptrucha.inv.usc.es>
# name: hd
# type: matrix
# rows: 41
# columns: 2
 2 -180
 0 -179
 0 -178
 1 -177
 3 -176
 4 -175
 0 -174
 2 -173
 1 -172
 3 -171
 1 -170
 6 -169
 3 -168
 3 -167
 15 -166
 114 -165
 423 -164
 1226 -163
 1581 -162
 2708 -161
 3297 -160
 3473 -159
 3340 -158
 2561 -157
 3279 -156
 3323 -155
 2953 -154
 2109 -153
 886 -152
 586 -151
 128 -150
 4 -149
 0 -148
 0 -147
 0 -146
 0 -145
 0 -144
 0 -143
 0 -142
 0 -141
 0 -140


