# Created by Octave 3.8.2, Sun Jun 21 07:47:01 2020 CEST <damian@fptrucha.inv.usc.es>
# name: hd
# type: matrix
# rows: 41
# columns: 2
 0 -180
 0 -179
 1 -178
 0 -177
 0 -176
 0 -175
 1 -174
 1 -173
 0 -172
 0 -171
 2 -170
 1 -169
 4 -168
 4 -167
 5 -166
 52 -165
 355 -164
 1085 -163
 1688 -162
 2864 -161
 3592 -160
 3809 -159
 3822 -158
 3034 -157
 3773 -156
 3717 -155
 3423 -154
 2721 -153
 1170 -152
 855 -151
 226 -150
 22 -149
 0 -148
 0 -147
 0 -146
 0 -145
 0 -144
 0 -143
 0 -142
 0 -141
 0 -140


