# Created by Octave 3.8.2, Sun Jun 21 00:54:03 2020 CEST <damian@fptrucha.inv.usc.es>
# name: hd
# type: matrix
# rows: 41
# columns: 2
 0 -180
 0 -179
 0 -178
 1 -177
 2 -176
 0 -175
 0 -174
 0 -173
 1 -172
 1 -171
 0 -170
 2 -169
 6 -168
 3 -167
 7 -166
 58 -165
 337 -164
 1140 -163
 1562 -162
 2730 -161
 3409 -160
 3668 -159
 3611 -158
 2951 -157
 3400 -156
 3562 -155
 3282 -154
 2644 -153
 1160 -152
 818 -151
 221 -150
 17 -149
 0 -148
 0 -147
 0 -146
 0 -145
 0 -144
 0 -143
 0 -142
 0 -141
 0 -140


