# Created by Octave 3.8.2, Sat Jun 20 14:03:11 2020 CEST <damian@fptrucha.inv.usc.es>
# name: hd
# type: matrix
# rows: 41
# columns: 2
 0 -180
 0 -179
 1 -178
 1 -177
 0 -176
 0 -175
 1 -174
 0 -173
 0 -172
 3 -171
 2 -170
 2 -169
 3 -168
 4 -167
 12 -166
 70 -165
 350 -164
 1147 -163
 1702 -162
 2986 -161
 3738 -160
 3933 -159
 3984 -158
 3056 -157
 3921 -156
 3928 -155
 3624 -154
 2730 -153
 1272 -152
 886 -151
 237 -150
 14 -149
 0 -148
 0 -147
 0 -146
 0 -145
 0 -144
 0 -143
 0 -142
 0 -141
 0 -140


