# Created by Octave 3.8.2, Sun Jun 21 06:36:31 2020 CEST <damian@fptrucha.inv.usc.es>
# name: hd
# type: matrix
# rows: 41
# columns: 2
 1 -180
 1 -179
 0 -178
 0 -177
 1 -176
 0 -175
 2 -174
 2 -173
 0 -172
 1 -171
 1 -170
 4 -169
 2 -168
 4 -167
 4 -166
 61 -165
 344 -164
 1063 -163
 1647 -162
 2893 -161
 3556 -160
 3749 -159
 3918 -158
 3045 -157
 3660 -156
 3627 -155
 3454 -154
 2631 -153
 1276 -152
 788 -151
 242 -150
 14 -149
 0 -148
 0 -147
 0 -146
 0 -145
 0 -144
 0 -143
 0 -142
 0 -141
 0 -140


