# Created by Octave 3.8.2, Sat Jun 20 14:33:28 2020 CEST <damian@fptrucha.inv.usc.es>
# name: hd
# type: matrix
# rows: 41
# columns: 2
 1 -180
 0 -179
 0 -178
 1 -177
 0 -176
 0 -175
 0 -174
 0 -173
 0 -172
 1 -171
 2 -170
 2 -169
 6 -168
 3 -167
 10 -166
 52 -165
 335 -164
 1065 -163
 1726 -162
 3059 -161
 3609 -160
 4009 -159
 3898 -158
 3041 -157
 3872 -156
 3724 -155
 3570 -154
 2831 -153
 1301 -152
 904 -151
 257 -150
 24 -149
 0 -148
 0 -147
 0 -146
 0 -145
 0 -144
 0 -143
 0 -142
 0 -141
 0 -140


