# Created by Octave 3.8.2, Mon Jun 22 05:45:56 2020 CEST <damian@fptrucha.inv.usc.es>
# name: hd
# type: matrix
# rows: 41
# columns: 2
 1 -180
 2 -179
 2 -178
 4 -177
 2 -176
 2 -175
 3 -174
 5 -173
 1 -172
 4 -171
 5 -170
 4 -169
 5 -168
 5 -167
 19 -166
 97 -165
 459 -164
 1310 -163
 1604 -162
 2850 -161
 3325 -160
 3569 -159
 3517 -158
 2589 -157
 3445 -156
 3458 -155
 3253 -154
 2246 -153
 931 -152
 641 -151
 153 -150
 5 -149
 0 -148
 0 -147
 0 -146
 0 -145
 0 -144
 0 -143
 0 -142
 0 -141
 0 -140


