# Created by Octave 3.8.2, Sat Jun 20 19:06:44 2020 CEST <damian@fptrucha.inv.usc.es>
# name: hd
# type: matrix
# rows: 41
# columns: 2
 0 -180
 1 -179
 0 -178
 1 -177
 0 -176
 1 -175
 0 -174
 0 -173
 2 -172
 0 -171
 0 -170
 3 -169
 4 -168
 1 -167
 11 -166
 76 -165
 343 -164
 1038 -163
 1612 -162
 2841 -161
 3599 -160
 3823 -159
 3614 -158
 3066 -157
 3651 -156
 3640 -155
 3361 -154
 2575 -153
 1233 -152
 859 -151
 215 -150
 9 -149
 0 -148
 0 -147
 0 -146
 0 -145
 0 -144
 0 -143
 0 -142
 0 -141
 0 -140


