# Created by Octave 3.8.2, Sun Jun 21 02:14:03 2020 CEST <damian@fptrucha.inv.usc.es>
# name: hd
# type: matrix
# rows: 41
# columns: 2
 0 -180
 0 -179
 0 -178
 1 -177
 0 -176
 0 -175
 0 -174
 2 -173
 1 -172
 4 -171
 3 -170
 3 -169
 3 -168
 5 -167
 7 -166
 67 -165
 333 -164
 1044 -163
 1600 -162
 2840 -161
 3488 -160
 3700 -159
 3664 -158
 2807 -157
 3691 -156
 3598 -155
 3272 -154
 2580 -153
 1197 -152
 829 -151
 222 -150
 9 -149
 0 -148
 0 -147
 0 -146
 0 -145
 0 -144
 0 -143
 0 -142
 0 -141
 0 -140


