# Created by Octave 3.8.2, Mon Jun 22 04:24:18 2020 CEST <damian@fptrucha.inv.usc.es>
# name: hd
# type: matrix
# rows: 41
# columns: 2
 2 -180
 5 -179
 2 -178
 2 -177
 4 -176
 7 -175
 2 -174
 4 -173
 1 -172
 3 -171
 4 -170
 6 -169
 6 -168
 10 -167
 10 -166
 101 -165
 459 -164
 1263 -163
 1605 -162
 2730 -161
 3314 -160
 3605 -159
 3400 -158
 2575 -157
 3398 -156
 3387 -155
 3040 -154
 2109 -153
 906 -152
 590 -151
 119 -150
 5 -149
 0 -148
 0 -147
 0 -146
 0 -145
 0 -144
 0 -143
 0 -142
 0 -141
 0 -140


