# Created by Octave 3.8.2, Sun Jun 21 03:22:22 2020 CEST <damian@fptrucha.inv.usc.es>
# name: hd
# type: matrix
# rows: 41
# columns: 2
 0 -180
 0 -179
 2 -178
 0 -177
 0 -176
 1 -175
 1 -174
 2 -173
 0 -172
 2 -171
 2 -170
 1 -169
 3 -168
 1 -167
 6 -166
 52 -165
 214 -164
 658 -163
 1032 -162
 1787 -161
 2293 -160
 2454 -159
 2477 -158
 1842 -157
 2377 -156
 2262 -155
 2270 -154
 1741 -153
 798 -152
 519 -151
 146 -150
 7 -149
 0 -148
 0 -147
 0 -146
 0 -145
 0 -144
 0 -143
 0 -142
 0 -141
 0 -140


