# Created by Octave 3.8.2, Sat Jun 20 21:12:05 2020 CEST <damian@fptrucha.inv.usc.es>
# name: hd
# type: matrix
# rows: 41
# columns: 2
 1 -180
 0 -179
 0 -178
 0 -177
 0 -176
 0 -175
 0 -174
 0 -173
 1 -172
 1 -171
 1 -170
 4 -169
 5 -168
 2 -167
 4 -166
 66 -165
 332 -164
 1127 -163
 1506 -162
 2893 -161
 3419 -160
 3832 -159
 3691 -158
 2898 -157
 3540 -156
 3667 -155
 3339 -154
 2523 -153
 1195 -152
 753 -151
 204 -150
 10 -149
 0 -148
 0 -147
 0 -146
 0 -145
 0 -144
 0 -143
 0 -142
 0 -141
 0 -140


