# Created by Octave 3.8.2, Mon Jun 22 18:59:47 2020 CEST <damian@fptrucha.inv.usc.es>
# name: hd
# type: matrix
# rows: 41
# columns: 2
 1 -180
 4 -179
 2 -178
 0 -177
 1 -176
 0 -175
 2 -174
 2 -173
 1 -172
 4 -171
 7 -170
 4 -169
 1 -168
 7 -167
 7 -166
 115 -165
 486 -164
 1279 -163
 1741 -162
 3093 -161
 3735 -160
 4042 -159
 3974 -158
 2859 -157
 3876 -156
 3923 -155
 3520 -154
 2545 -153
 1128 -152
 768 -151
 172 -150
 4 -149
 0 -148
 0 -147
 0 -146
 0 -145
 0 -144
 0 -143
 0 -142
 0 -141
 0 -140


