# Created by Octave 3.8.2, Mon Jun 22 07:11:41 2020 CEST <damian@fptrucha.inv.usc.es>
# name: hd
# type: matrix
# rows: 41
# columns: 2
 1 -180
 4 -179
 5 -178
 0 -177
 4 -176
 3 -175
 3 -174
 3 -173
 1 -172
 3 -171
 7 -170
 8 -169
 8 -168
 7 -167
 15 -166
 88 -165
 464 -164
 1211 -163
 1574 -162
 2844 -161
 3482 -160
 3573 -159
 3550 -158
 2702 -157
 3582 -156
 3498 -155
 3116 -154
 2291 -153
 939 -152
 652 -151
 144 -150
 7 -149
 0 -148
 0 -147
 0 -146
 0 -145
 0 -144
 0 -143
 0 -142
 0 -141
 0 -140


