# Created by Octave 3.8.2, Sat Jun 20 18:57:41 2020 CEST <damian@fptrucha.inv.usc.es>
# name: hd
# type: matrix
# rows: 41
# columns: 2
 0 -180
 0 -179
 0 -178
 0 -177
 0 -176
 0 -175
 1 -174
 0 -173
 0 -172
 1 -171
 3 -170
 3 -169
 5 -168
 4 -167
 5 -166
 74 -165
 336 -164
 1067 -163
 1645 -162
 2859 -161
 3547 -160
 3754 -159
 3695 -158
 2938 -157
 3725 -156
 3647 -155
 3454 -154
 2703 -153
 1225 -152
 811 -151
 214 -150
 13 -149
 0 -148
 0 -147
 0 -146
 0 -145
 0 -144
 0 -143
 0 -142
 0 -141
 0 -140


