# Created by Octave 3.8.2, Mon Jun 22 16:22:14 2020 CEST <damian@fptrucha.inv.usc.es>
# name: hd
# type: matrix
# rows: 41
# columns: 2
 1 -180
 1 -179
 3 -178
 0 -177
 1 -176
 1 -175
 3 -174
 2 -173
 3 -172
 4 -171
 4 -170
 3 -169
 7 -168
 4 -167
 16 -166
 112 -165
 545 -164
 1356 -163
 1724 -162
 3179 -161
 3635 -160
 3988 -159
 4009 -158
 2759 -157
 3790 -156
 3780 -155
 3462 -154
 2485 -153
 978 -152
 712 -151
 162 -150
 6 -149
 0 -148
 0 -147
 0 -146
 0 -145
 0 -144
 0 -143
 0 -142
 0 -141
 0 -140


