# Created by Octave 3.8.2, Mon Jun 22 14:42:28 2020 CEST <damian@fptrucha.inv.usc.es>
# name: hd
# type: matrix
# rows: 41
# columns: 2
 2 -180
 3 -179
 2 -178
 1 -177
 0 -176
 0 -175
 0 -174
 8 -173
 1 -172
 3 -171
 5 -170
 5 -169
 6 -168
 1 -167
 9 -166
 101 -165
 480 -164
 1348 -163
 1659 -162
 3052 -161
 3846 -160
 3956 -159
 3846 -158
 2791 -157
 3815 -156
 3847 -155
 3393 -154
 2442 -153
 1042 -152
 710 -151
 163 -150
 3 -149
 0 -148
 0 -147
 0 -146
 0 -145
 0 -144
 0 -143
 0 -142
 0 -141
 0 -140


