# Created by Octave 3.8.2, Mon Jun 22 20:00:48 2020 CEST <damian@fptrucha.inv.usc.es>
# name: hd
# type: matrix
# rows: 41
# columns: 2
 2 -180
 1 -179
 2 -178
 1 -177
 1 -176
 1 -175
 1 -174
 2 -173
 2 -172
 3 -171
 4 -170
 8 -169
 1 -168
 3 -167
 11 -166
 97 -165
 469 -164
 1318 -163
 1719 -162
 3154 -161
 3745 -160
 4133 -159
 3912 -158
 2931 -157
 3924 -156
 3824 -155
 3555 -154
 2567 -153
 1104 -152
 781 -151
 175 -150
 6 -149
 0 -148
 0 -147
 0 -146
 0 -145
 0 -144
 0 -143
 0 -142
 0 -141
 0 -140


