# Created by Octave 3.8.2, Sun Jun 21 00:24:34 2020 CEST <damian@fptrucha.inv.usc.es>
# name: hd
# type: matrix
# rows: 41
# columns: 2
 1 -180
 0 -179
 0 -178
 0 -177
 1 -176
 0 -175
 1 -174
 0 -173
 1 -172
 2 -171
 4 -170
 2 -169
 2 -168
 6 -167
 5 -166
 44 -165
 344 -164
 1006 -163
 1592 -162
 2641 -161
 3444 -160
 3694 -159
 3613 -158
 2821 -157
 3638 -156
 3665 -155
 3310 -154
 2557 -153
 1165 -152
 759 -151
 188 -150
 11 -149
 0 -148
 0 -147
 0 -146
 0 -145
 0 -144
 0 -143
 0 -142
 0 -141
 0 -140


