# Created by Octave 3.8.2, Mon Jun 22 15:16:09 2020 CEST <damian@fptrucha.inv.usc.es>
# name: hd
# type: matrix
# rows: 41
# columns: 2
 3 -180
 0 -179
 2 -178
 2 -177
 3 -176
 2 -175
 1 -174
 0 -173
 1 -172
 2 -171
 3 -170
 6 -169
 6 -168
 4 -167
 11 -166
 106 -165
 504 -164
 1379 -163
 1680 -162
 3132 -161
 3716 -160
 3970 -159
 3994 -158
 2856 -157
 3836 -156
 3845 -155
 3616 -154
 2606 -153
 1063 -152
 744 -151
 154 -150
 9 -149
 0 -148
 0 -147
 0 -146
 0 -145
 0 -144
 0 -143
 0 -142
 0 -141
 0 -140


