# Created by Octave 3.8.2, Sun Jun 21 06:02:01 2020 CEST <damian@fptrucha.inv.usc.es>
# name: hd
# type: matrix
# rows: 41
# columns: 2
 0 -180
 1 -179
 0 -178
 0 -177
 2 -176
 1 -175
 0 -174
 1 -173
 0 -172
 1 -171
 1 -170
 2 -169
 0 -168
 2 -167
 5 -166
 65 -165
 314 -164
 1051 -163
 1545 -162
 2717 -161
 3403 -160
 3603 -159
 3622 -158
 2916 -157
 3649 -156
 3450 -155
 3520 -154
 2611 -153
 1237 -152
 851 -151
 204 -150
 10 -149
 1 -148
 0 -147
 0 -146
 0 -145
 0 -144
 0 -143
 0 -142
 0 -141
 0 -140


