# Created by Octave 3.8.2, Mon Jun 22 04:44:27 2020 CEST <damian@fptrucha.inv.usc.es>
# name: hd
# type: matrix
# rows: 41
# columns: 2
 5 -180
 2 -179
 2 -178
 1 -177
 0 -176
 1 -175
 1 -174
 6 -173
 5 -172
 2 -171
 5 -170
 6 -169
 10 -168
 6 -167
 8 -166
 108 -165
 422 -164
 1193 -163
 1524 -162
 2725 -161
 3347 -160
 3393 -159
 3361 -158
 2461 -157
 3362 -156
 3320 -155
 3127 -154
 2118 -153
 882 -152
 571 -151
 132 -150
 1 -149
 0 -148
 1 -147
 0 -146
 0 -145
 0 -144
 0 -143
 0 -142
 0 -141
 0 -140


