# Created by Octave 3.8.2, Sun Jun 21 04:49:38 2020 CEST <damian@fptrucha.inv.usc.es>
# name: hd
# type: matrix
# rows: 41
# columns: 2
 2 -180
 0 -179
 1 -178
 0 -177
 0 -176
 2 -175
 0 -174
 1 -173
 0 -172
 2 -171
 2 -170
 3 -169
 1 -168
 4 -167
 5 -166
 72 -165
 326 -164
 1102 -163
 1638 -162
 2920 -161
 3622 -160
 3668 -159
 3636 -158
 2902 -157
 3640 -156
 3672 -155
 3304 -154
 2632 -153
 1221 -152
 795 -151
 184 -150
 7 -149
 0 -148
 0 -147
 0 -146
 0 -145
 0 -144
 0 -143
 0 -142
 1 -141
 0 -140


