# Created by Octave 3.8.2, Mon Jun 22 16:17:51 2020 CEST <damian@fptrucha.inv.usc.es>
# name: hd
# type: matrix
# rows: 41
# columns: 2
 1 -180
 1 -179
 0 -178
 1 -177
 0 -176
 3 -175
 2 -174
 2 -173
 1 -172
 2 -171
 1 -170
 2 -169
 5 -168
 3 -167
 12 -166
 78 -165
 314 -164
 983 -163
 1103 -162
 2108 -161
 2544 -160
 2643 -159
 2570 -158
 1834 -157
 2645 -156
 2478 -155
 2297 -154
 1634 -153
 675 -152
 461 -151
 84 -150
 5 -149
 0 -148
 0 -147
 0 -146
 0 -145
 0 -144
 0 -143
 0 -142
 0 -141
 0 -140


