# Created by Octave 3.8.2, Mon Jun 22 03:38:45 2020 CEST <damian@fptrucha.inv.usc.es>
# name: hd
# type: matrix
# rows: 41
# columns: 2
 2 -180
 2 -179
 4 -178
 1 -177
 4 -176
 3 -175
 8 -174
 3 -173
 1 -172
 4 -171
 9 -170
 4 -169
 10 -168
 5 -167
 13 -166
 99 -165
 409 -164
 1175 -163
 1526 -162
 2947 -161
 3466 -160
 3565 -159
 3460 -158
 2619 -157
 3462 -156
 3477 -155
 3146 -154
 2317 -153
 957 -152
 650 -151
 148 -150
 9 -149
 0 -148
 0 -147
 0 -146
 0 -145
 0 -144
 0 -143
 0 -142
 0 -141
 0 -140


