# Created by Octave 3.8.2, Sat Jun 20 23:03:58 2020 CEST <damian@fptrucha.inv.usc.es>
# name: hd
# type: matrix
# rows: 41
# columns: 2
 0 -180
 2 -179
 0 -178
 0 -177
 0 -176
 1 -175
 0 -174
 0 -173
 1 -172
 0 -171
 2 -170
 1 -169
 2 -168
 5 -167
 10 -166
 55 -165
 321 -164
 1050 -163
 1580 -162
 2727 -161
 3463 -160
 3757 -159
 3599 -158
 2865 -157
 3604 -156
 3621 -155
 3254 -154
 2571 -153
 1196 -152
 817 -151
 252 -150
 14 -149
 0 -148
 0 -147
 0 -146
 0 -145
 0 -144
 0 -143
 0 -142
 0 -141
 0 -140


