# Created by Octave 3.8.2, Sun Jun 21 00:32:44 2020 CEST <damian@fptrucha.inv.usc.es>
# name: hd
# type: matrix
# rows: 41
# columns: 2
 0 -180
 2 -179
 1 -178
 1 -177
 0 -176
 1 -175
 0 -174
 2 -173
 0 -172
 0 -171
 2 -170
 4 -169
 1 -168
 3 -167
 6 -166
 56 -165
 311 -164
 1015 -163
 1612 -162
 2692 -161
 3301 -160
 3520 -159
 3511 -158
 2786 -157
 3564 -156
 3530 -155
 3355 -154
 2525 -153
 1214 -152
 796 -151
 183 -150
 15 -149
 1 -148
 0 -147
 0 -146
 0 -145
 0 -144
 0 -143
 0 -142
 0 -141
 0 -140


