# Created by Octave 3.8.2, Sun Jun 21 04:21:51 2020 CEST <damian@fptrucha.inv.usc.es>
# name: hd
# type: matrix
# rows: 41
# columns: 2
 2 -180
 1 -179
 2 -178
 0 -177
 0 -176
 0 -175
 0 -174
 0 -173
 1 -172
 0 -171
 3 -170
 1 -169
 2 -168
 2 -167
 11 -166
 63 -165
 332 -164
 1025 -163
 1667 -162
 2797 -161
 3404 -160
 3610 -159
 3710 -158
 2898 -157
 3606 -156
 3693 -155
 3265 -154
 2618 -153
 1175 -152
 810 -151
 219 -150
 17 -149
 0 -148
 0 -147
 0 -146
 0 -145
 0 -144
 0 -143
 0 -142
 0 -141
 0 -140


