# Created by Octave 3.8.2, Mon Jun 22 12:49:06 2020 CEST <damian@fptrucha.inv.usc.es>
# name: hd
# type: matrix
# rows: 41
# columns: 2
 4 -180
 1 -179
 2 -178
 2 -177
 1 -176
 1 -175
 1 -174
 1 -173
 0 -172
 4 -171
 1 -170
 6 -169
 8 -168
 5 -167
 13 -166
 96 -165
 489 -164
 1283 -163
 1690 -162
 3092 -161
 3654 -160
 3785 -159
 3735 -158
 2768 -157
 3711 -156
 3756 -155
 3520 -154
 2462 -153
 1045 -152
 693 -151
 161 -150
 1 -149
 0 -148
 0 -147
 0 -146
 0 -145
 0 -144
 0 -143
 0 -142
 0 -141
 0 -140


