# Created by Octave 3.8.2, Sat Jun 20 06:15:01 2020 CEST <damian@fptrucha.inv.usc.es>
# name: hd
# type: matrix
# rows: 41
# columns: 2
 0 -180
 0 -179
 0 -178
 1 -177
 1 -176
 0 -175
 2 -174
 2 -173
 0 -172
 0 -171
 1 -170
 3 -169
 4 -168
 4 -167
 3 -166
 86 -165
 403 -164
 1279 -163
 1787 -162
 3278 -161
 4005 -160
 4365 -159
 4197 -158
 3127 -157
 4081 -156
 4056 -155
 3842 -154
 2969 -153
 1352 -152
 901 -151
 244 -150
 12 -149
 0 -148
 0 -147
 0 -146
 0 -145
 0 -144
 0 -143
 0 -142
 0 -141
 0 -140


