# Created by Octave 3.8.2, Sat Jun 20 08:00:38 2020 CEST <damian@fptrucha.inv.usc.es>
# name: hd
# type: matrix
# rows: 41
# columns: 2
 0 -180
 0 -179
 0 -178
 0 -177
 3 -176
 0 -175
 1 -174
 1 -173
 1 -172
 0 -171
 4 -170
 5 -169
 4 -168
 1 -167
 5 -166
 72 -165
 438 -164
 1272 -163
 1844 -162
 3211 -161
 4119 -160
 4318 -159
 4246 -158
 3376 -157
 4231 -156
 4195 -155
 3834 -154
 3001 -153
 1407 -152
 929 -151
 214 -150
 13 -149
 0 -148
 0 -147
 0 -146
 0 -145
 0 -144
 0 -143
 0 -142
 0 -141
 0 -140


