# Created by Octave 3.8.2, Sat Jun 20 20:27:44 2020 CEST <damian@fptrucha.inv.usc.es>
# name: hd
# type: matrix
# rows: 41
# columns: 2
 0 -180
 0 -179
 0 -178
 0 -177
 1 -176
 0 -175
 1 -174
 0 -173
 0 -172
 1 -171
 1 -170
 2 -169
 7 -168
 1 -167
 6 -166
 61 -165
 308 -164
 1086 -163
 1619 -162
 2822 -161
 3542 -160
 3779 -159
 3788 -158
 2970 -157
 3687 -156
 3531 -155
 3336 -154
 2746 -153
 1195 -152
 884 -151
 220 -150
 11 -149
 1 -148
 0 -147
 0 -146
 0 -145
 0 -144
 0 -143
 0 -142
 0 -141
 0 -140


