# Created by Octave 3.8.2, Mon Jun 22 06:05:55 2020 CEST <damian@fptrucha.inv.usc.es>
# name: hd
# type: matrix
# rows: 41
# columns: 2
 4 -180
 1 -179
 6 -178
 1 -177
 7 -176
 4 -175
 5 -174
 3 -173
 2 -172
 4 -171
 4 -170
 5 -169
 11 -168
 8 -167
 15 -166
 109 -165
 492 -164
 1259 -163
 1684 -162
 2917 -161
 3442 -160
 3657 -159
 3571 -158
 2638 -157
 3473 -156
 3546 -155
 3106 -154
 2316 -153
 937 -152
 665 -151
 150 -150
 4 -149
 0 -148
 0 -147
 0 -146
 0 -145
 0 -144
 0 -143
 0 -142
 0 -141
 0 -140


