# Created by Octave 3.8.2, Mon Jun 22 11:26:51 2020 CEST <damian@fptrucha.inv.usc.es>
# name: hd
# type: matrix
# rows: 41
# columns: 2
 3 -180
 2 -179
 3 -178
 2 -177
 1 -176
 1 -175
 3 -174
 3 -173
 2 -172
 3 -171
 4 -170
 6 -169
 4 -168
 1 -167
 14 -166
 76 -165
 443 -164
 1279 -163
 1587 -162
 2948 -161
 3548 -160
 3880 -159
 3713 -158
 2700 -157
 3647 -156
 3716 -155
 3361 -154
 2576 -153
 995 -152
 672 -151
 130 -150
 7 -149
 0 -148
 0 -147
 0 -146
 0 -145
 0 -144
 0 -143
 0 -142
 0 -141
 0 -140


