# Created by Octave 3.8.2, Mon Jun 22 23:31:38 2020 CEST <damian@fptrucha.inv.usc.es>
# name: hd
# type: matrix
# rows: 41
# columns: 2
 1 -180
 0 -179
 0 -178
 2 -177
 2 -176
 0 -175
 1 -174
 1 -173
 0 -172
 3 -171
 4 -170
 2 -169
 3 -168
 4 -167
 18 -166
 81 -165
 397 -164
 1222 -163
 1775 -162
 3084 -161
 3907 -160
 3991 -159
 3982 -158
 3112 -157
 3954 -156
 3947 -155
 3706 -154
 2764 -153
 1280 -152
 821 -151
 185 -150
 15 -149
 0 -148
 0 -147
 0 -146
 0 -145
 0 -144
 0 -143
 0 -142
 0 -141
 0 -140


