# Created by Octave 3.8.2, Sat Jun 20 23:13:09 2020 CEST <damian@fptrucha.inv.usc.es>
# name: hd
# type: matrix
# rows: 41
# columns: 2
 0 -180
 0 -179
 0 -178
 0 -177
 2 -176
 1 -175
 1 -174
 0 -173
 2 -172
 0 -171
 3 -170
 6 -169
 2 -168
 0 -167
 6 -166
 55 -165
 337 -164
 1090 -163
 1655 -162
 2876 -161
 3365 -160
 3740 -159
 3634 -158
 2911 -157
 3625 -156
 3514 -155
 3391 -154
 2520 -153
 1139 -152
 813 -151
 220 -150
 17 -149
 0 -148
 0 -147
 0 -146
 0 -145
 0 -144
 0 -143
 0 -142
 0 -141
 0 -140


