# Created by Octave 3.8.2, Sat Jun 20 05:13:11 2020 CEST <damian@fptrucha.inv.usc.es>
# name: hd
# type: matrix
# rows: 41
# columns: 2
 1 -180
 0 -179
 2 -178
 0 -177
 0 -176
 0 -175
 0 -174
 1 -173
 1 -172
 0 -171
 2 -170
 2 -169
 2 -168
 4 -167
 9 -166
 87 -165
 414 -164
 1181 -163
 1797 -162
 3151 -161
 3944 -160
 4129 -159
 4040 -158
 3291 -157
 4015 -156
 4007 -155
 3743 -154
 2822 -153
 1318 -152
 847 -151
 248 -150
 17 -149
 0 -148
 0 -147
 0 -146
 0 -145
 0 -144
 0 -143
 0 -142
 0 -141
 0 -140


