# Created by Octave 3.8.2, Sun Jun 21 03:02:32 2020 CEST <damian@fptrucha.inv.usc.es>
# name: hd
# type: matrix
# rows: 41
# columns: 2
 2 -180
 0 -179
 0 -178
 2 -177
 2 -176
 0 -175
 0 -174
 0 -173
 1 -172
 0 -171
 0 -170
 4 -169
 5 -168
 3 -167
 8 -166
 77 -165
 350 -164
 1062 -163
 1575 -162
 2843 -161
 3390 -160
 3563 -159
 3502 -158
 2829 -157
 3537 -156
 3601 -155
 3186 -154
 2455 -153
 1113 -152
 740 -151
 207 -150
 11 -149
 0 -148
 0 -147
 0 -146
 0 -145
 0 -144
 0 -143
 0 -142
 0 -141
 0 -140


