# Created by Octave 3.8.2, Mon Jun 22 00:46:07 2020 CEST <damian@fptrucha.inv.usc.es>
# name: hd
# type: matrix
# rows: 41
# columns: 2
 0 -180
 1 -179
 0 -178
 0 -177
 1 -176
 1 -175
 0 -174
 0 -173
 1 -172
 0 -171
 4 -170
 2 -169
 3 -168
 1 -167
 2 -166
 48 -165
 331 -164
 1051 -163
 1554 -162
 2771 -161
 3616 -160
 3683 -159
 3734 -158
 2924 -157
 3632 -156
 3705 -155
 3391 -154
 2606 -153
 1250 -152
 845 -151
 206 -150
 17 -149
 0 -148
 0 -147
 0 -146
 0 -145
 0 -144
 0 -143
 0 -142
 0 -141
 0 -140


