# Created by Octave 3.8.2, Mon Jun 22 22:06:11 2020 CEST <damian@fptrucha.inv.usc.es>
# name: hd
# type: matrix
# rows: 45
# columns: 2
 9 0
 2510 2.045454545454545
 2 4.090909090909091
 9 6.136363636363637
 2393 8.181818181818182
 317 10.22727272727273
 282 12.27272727272727
 825 14.31818181818182
 2604 16.36363636363636
 308 18.40909090909091
 894 20.45454545454545
 3794 22.5
 2200 24.54545454545455
 4087 26.59090909090909
 1436 28.63636363636364
 1443 30.68181818181818
 1429 32.72727272727273
 1730 34.77272727272727
 1160 36.81818181818182
 2375 38.86363636363636
 2313 40.90909090909091
 888 42.95454545454545
 818 45
 1487 47.04545454545455
 687 49.09090909090909
 603 51.13636363636363
 544 53.18181818181818
 373 55.22727272727273
 314 57.27272727272727
 143 59.31818181818182
 123 61.36363636363636
 68 63.40909090909091
 22 65.45454545454545
 23 67.5
 5 69.54545454545455
 1 71.59090909090909
 0 73.63636363636364
 0 75.68181818181819
 0 77.72727272727272
 0 79.77272727272727
 0 81.81818181818181
 0 83.86363636363636
 0 85.90909090909091
 0 87.95454545454545
 0 90


