# Created by Octave 3.8.2, Sat Jun 20 13:54:54 2020 CEST <damian@fptrucha.inv.usc.es>
# name: hd
# type: matrix
# rows: 45
# columns: 2
 2 0
 2493 2.045454545454545
 0 4.090909090909091
 7 6.136363636363637
 2411 8.181818181818182
 342 10.22727272727273
 266 12.27272727272727
 845 14.31818181818182
 2825 16.36363636363636
 361 18.40909090909091
 859 20.45454545454545
 3921 22.5
 2369 24.54545454545455
 4090 26.59090909090909
 1378 28.63636363636364
 1413 30.68181818181818
 1350 32.72727272727273
 1757 34.77272727272727
 1194 36.81818181818182
 2327 38.86363636363636
 2212 40.90909090909091
 821 42.95454545454545
 824 45
 1369 47.04545454545455
 624 49.09090909090909
 543 51.13636363636363
 425 53.18181818181818
 333 55.22727272727273
 280 57.27272727272727
 138 59.31818181818182
 104 61.36363636363636
 67 63.40909090909091
 12 65.45454545454545
 9 67.5
 0 69.54545454545455
 0 71.59090909090909
 0 73.63636363636364
 0 75.68181818181819
 0 77.72727272727272
 0 79.77272727272727
 0 81.81818181818181
 0 83.86363636363636
 0 85.90909090909091
 0 87.95454545454545
 0 90


