# Created by Octave 3.8.2, Mon Jun 22 10:46:26 2020 CEST <damian@fptrucha.inv.usc.es>
# name: hd
# type: matrix
# rows: 45
# columns: 2
 5 0
 2299 2.045454545454545
 5 4.090909090909091
 16 6.136363636363637
 2246 8.181818181818182
 295 10.22727272727273
 240 12.27272727272727
 736 14.31818181818182
 2470 16.36363636363636
 305 18.40909090909091
 804 20.45454545454545
 3642 22.5
 2119 24.54545454545455
 3811 26.59090909090909
 1365 28.63636363636364
 1270 30.68181818181818
 1292 32.72727272727273
 1575 34.77272727272727
 1099 36.81818181818182
 2113 38.86363636363636
 2168 40.90909090909091
 846 42.95454545454545
 781 45
 1367 47.04545454545455
 657 49.09090909090909
 569 51.13636363636363
 496 53.18181818181818
 343 55.22727272727273
 328 57.27272727272727
 146 59.31818181818182
 147 61.36363636363636
 85 63.40909090909091
 32 65.45454545454545
 17 67.5
 5 69.54545454545455
 0 71.59090909090909
 0 73.63636363636364
 0 75.68181818181819
 0 77.72727272727272
 0 79.77272727272727
 0 81.81818181818181
 0 83.86363636363636
 0 85.90909090909091
 0 87.95454545454545
 0 90


