# Created by Octave 3.8.2, Mon Jun 22 20:06:36 2020 CEST <damian@fptrucha.inv.usc.es>
# name: hd
# type: matrix
# rows: 45
# columns: 2
 5 0
 2464 2.045454545454545
 2 4.090909090909091
 15 6.136363636363637
 2309 8.181818181818182
 304 10.22727272727273
 269 12.27272727272727
 783 14.31818181818182
 2721 16.36363636363636
 322 18.40909090909091
 828 20.45454545454545
 3786 22.5
 2183 24.54545454545455
 4139 26.59090909090909
 1470 28.63636363636364
 1423 30.68181818181818
 1377 32.72727272727273
 1831 34.77272727272727
 1161 36.81818181818182
 2178 38.86363636363636
 2327 40.90909090909091
 869 42.95454545454545
 852 45
 1455 47.04545454545455
 686 49.09090909090909
 619 51.13636363636363
 540 53.18181818181818
 338 55.22727272727273
 327 57.27272727272727
 147 59.31818181818182
 139 61.36363636363636
 98 63.40909090909091
 31 65.45454545454545
 11 67.5
 1 69.54545454545455
 0 71.59090909090909
 0 73.63636363636364
 0 75.68181818181819
 0 77.72727272727272
 0 79.77272727272727
 0 81.81818181818181
 0 83.86363636363636
 0 85.90909090909091
 0 87.95454545454545
 0 90


