# Created by Octave 3.8.2, Sat Jun 20 07:47:58 2020 CEST <damian@fptrucha.inv.usc.es>
# name: hd
# type: matrix
# rows: 45
# columns: 2
 4 0
 2717 2.045454545454545
 3 4.090909090909091
 9 6.136363636363637
 2617 8.181818181818182
 321 10.22727272727273
 279 12.27272727272727
 935 14.31818181818182
 2999 16.36363636363636
 368 18.40909090909091
 886 20.45454545454545
 4098 22.5
 2358 24.54545454545455
 4410 26.59090909090909
 1521 28.63636363636364
 1427 30.68181818181818
 1453 32.72727272727273
 1956 34.77272727272727
 1236 36.81818181818182
 2415 38.86363636363636
 2306 40.90909090909091
 893 42.95454545454545
 800 45
 1558 47.04545454545455
 689 49.09090909090909
 545 51.13636363636363
 503 53.18181818181818
 359 55.22727272727273
 337 57.27272727272727
 123 59.31818181818182
 106 61.36363636363636
 58 63.40909090909091
 24 65.45454545454545
 9 67.5
 1 69.54545454545455
 0 71.59090909090909
 0 73.63636363636364
 0 75.68181818181819
 0 77.72727272727272
 0 79.77272727272727
 0 81.81818181818181
 0 83.86363636363636
 0 85.90909090909091
 0 87.95454545454545
 0 90


