# Created by Octave 3.8.2, Sat Jun 20 12:02:39 2020 CEST <damian@fptrucha.inv.usc.es>
# name: hd
# type: matrix
# rows: 45
# columns: 2
 6 0
 2648 2.045454545454545
 7 4.090909090909091
 11 6.136363636363637
 2526 8.181818181818182
 390 10.22727272727273
 264 12.27272727272727
 801 14.31818181818182
 2878 16.36363636363636
 373 18.40909090909091
 833 20.45454545454545
 3872 22.5
 2345 24.54545454545455
 4269 26.59090909090909
 1497 28.63636363636364
 1394 30.68181818181818
 1414 32.72727272727273
 1872 34.77272727272727
 1211 36.81818181818182
 2317 38.86363636363636
 2245 40.90909090909091
 827 42.95454545454545
 900 45
 1460 47.04545454545455
 648 49.09090909090909
 548 51.13636363636363
 488 53.18181818181818
 344 55.22727272727273
 323 57.27272727272727
 148 59.31818181818182
 103 61.36363636363636
 65 63.40909090909091
 25 65.45454545454545
 12 67.5
 4 69.54545454545455
 0 71.59090909090909
 0 73.63636363636364
 0 75.68181818181819
 0 77.72727272727272
 0 79.77272727272727
 0 81.81818181818181
 0 83.86363636363636
 0 85.90909090909091
 0 87.95454545454545
 0 90


