# Created by Octave 3.8.2, Sat Jun 20 17:21:39 2020 CEST <damian@fptrucha.inv.usc.es>
# name: hd
# type: matrix
# rows: 45
# columns: 2
 3 0
 2505 2.045454545454545
 1 4.090909090909091
 7 6.136363636363637
 2362 8.181818181818182
 303 10.22727272727273
 227 12.27272727272727
 801 14.31818181818182
 2659 16.36363636363636
 339 18.40909090909091
 805 20.45454545454545
 3710 22.5
 2199 24.54545454545455
 3960 26.59090909090909
 1349 28.63636363636364
 1295 30.68181818181818
 1284 32.72727272727273
 1702 34.77272727272727
 1116 36.81818181818182
 2131 38.86363636363636
 2005 40.90909090909091
 767 42.95454545454545
 783 45
 1359 47.04545454545455
 566 49.09090909090909
 479 51.13636363636363
 428 53.18181818181818
 269 55.22727272727273
 301 57.27272727272727
 104 59.31818181818182
 107 61.36363636363636
 60 63.40909090909091
 15 65.45454545454545
 12 67.5
 0 69.54545454545455
 0 71.59090909090909
 0 73.63636363636364
 0 75.68181818181819
 0 77.72727272727272
 0 79.77272727272727
 0 81.81818181818181
 0 83.86363636363636
 0 85.90909090909091
 0 87.95454545454545
 0 90


