# Created by Octave 3.8.2, Mon Jun 22 08:10:13 2020 CEST <damian@fptrucha.inv.usc.es>
# name: hd
# type: matrix
# rows: 45
# columns: 2
 5 0
 2305 2.045454545454545
 4 4.090909090909091
 10 6.136363636363637
 2142 8.181818181818182
 251 10.22727272727273
 255 12.27272727272727
 707 14.31818181818182
 2364 16.36363636363636
 294 18.40909090909091
 791 20.45454545454545
 3450 22.5
 1989 24.54545454545455
 3635 26.59090909090909
 1283 28.63636363636364
 1248 30.68181818181818
 1230 32.72727272727273
 1601 34.77272727272727
 1052 36.81818181818182
 2096 38.86363636363636
 2072 40.90909090909091
 819 42.95454545454545
 778 45
 1306 47.04545454545455
 605 49.09090909090909
 552 51.13636363636363
 487 53.18181818181818
 304 55.22727272727273
 342 57.27272727272727
 144 59.31818181818182
 140 61.36363636363636
 90 63.40909090909091
 33 65.45454545454545
 19 67.5
 4 69.54545454545455
 0 71.59090909090909
 0 73.63636363636364
 0 75.68181818181819
 0 77.72727272727272
 0 79.77272727272727
 0 81.81818181818181
 0 83.86363636363636
 0 85.90909090909091
 0 87.95454545454545
 0 90


