# Created by Octave 3.8.2, Mon Jun 22 11:06:03 2020 CEST <damian@fptrucha.inv.usc.es>
# name: hd
# type: matrix
# rows: 45
# columns: 2
 6 0
 2337 2.045454545454545
 4 4.090909090909091
 5 6.136363636363637
 2152 8.181818181818182
 289 10.22727272727273
 275 12.27272727272727
 748 14.31818181818182
 2441 16.36363636363636
 322 18.40909090909091
 787 20.45454545454545
 3550 22.5
 2011 24.54545454545455
 3689 26.59090909090909
 1423 28.63636363636364
 1357 30.68181818181818
 1258 32.72727272727273
 1655 34.77272727272727
 1080 36.81818181818182
 2081 38.86363636363636
 2122 40.90909090909091
 829 42.95454545454545
 833 45
 1425 47.04545454545455
 617 49.09090909090909
 581 51.13636363636363
 486 53.18181818181818
 328 55.22727272727273
 330 57.27272727272727
 132 59.31818181818182
 118 61.36363636363636
 100 63.40909090909091
 33 65.45454545454545
 15 67.5
 4 69.54545454545455
 0 71.59090909090909
 0 73.63636363636364
 0 75.68181818181819
 0 77.72727272727272
 0 79.77272727272727
 0 81.81818181818181
 0 83.86363636363636
 0 85.90909090909091
 0 87.95454545454545
 0 90


