# Created by Octave 3.8.2, Sat Jun 20 08:43:52 2020 CEST <damian@fptrucha.inv.usc.es>
# name: hd
# type: matrix
# rows: 45
# columns: 2
 2 0
 2609 2.045454545454545
 3 4.090909090909091
 11 6.136363636363637
 2608 8.181818181818182
 356 10.22727272727273
 291 12.27272727272727
 881 14.31818181818182
 2922 16.36363636363636
 346 18.40909090909091
 852 20.45454545454545
 4213 22.5
 2367 24.54545454545455
 4412 26.59090909090909
 1446 28.63636363636364
 1473 30.68181818181818
 1529 32.72727272727273
 1950 34.77272727272727
 1333 36.81818181818182
 2401 38.86363636363636
 2352 40.90909090909091
 912 42.95454545454545
 861 45
 1589 47.04545454545455
 712 49.09090909090909
 619 51.13636363636363
 519 53.18181818181818
 354 55.22727272727273
 349 57.27272727272727
 154 59.31818181818182
 136 61.36363636363636
 87 63.40909090909091
 23 65.45454545454545
 20 67.5
 7 69.54545454545455
 0 71.59090909090909
 0 73.63636363636364
 0 75.68181818181819
 0 77.72727272727272
 0 79.77272727272727
 0 81.81818181818181
 0 83.86363636363636
 0 85.90909090909091
 0 87.95454545454545
 0 90


