# Created by Octave 3.8.2, Mon Jun 22 02:27:22 2020 CEST <damian@fptrucha.inv.usc.es>
# name: hd
# type: matrix
# rows: 45
# columns: 2
 3 0
 99 2.045454545454545
 0 4.090909090909091
 7 6.136363636363637
 29 8.181818181818182
 11 10.22727272727273
 1 12.27272727272727
 3 14.31818181818182
 58 16.36363636363636
 7 18.40909090909091
 53 20.45454545454545
 137 22.5
 32 24.54545454545455
 85 26.59090909090909
 86 28.63636363636364
 20 30.68181818181818
 15 32.72727272727273
 87 34.77272727272727
 15 36.81818181818182
 93 38.86363636363636
 100 40.90909090909091
 26 42.95454545454545
 60 45
 69 47.04545454545455
 25 49.09090909090909
 44 51.13636363636363
 50 53.18181818181818
 21 55.22727272727273
 21 57.27272727272727
 13 59.31818181818182
 10 61.36363636363636
 20 63.40909090909091
 7 65.45454545454545
 1 67.5
 1 69.54545454545455
 0 71.59090909090909
 0 73.63636363636364
 0 75.68181818181819
 0 77.72727272727272
 0 79.77272727272727
 0 81.81818181818181
 0 83.86363636363636
 0 85.90909090909091
 0 87.95454545454545
 0 90


