# Created by Octave 3.8.2, Mon Jun 22 07:26:25 2020 CEST <damian@fptrucha.inv.usc.es>
# name: hd
# type: matrix
# rows: 45
# columns: 2
 9 0
 2229 2.045454545454545
 4 4.090909090909091
 12 6.136363636363637
 2136 8.181818181818182
 252 10.22727272727273
 242 12.27272727272727
 720 14.31818181818182
 2364 16.36363636363636
 253 18.40909090909091
 785 20.45454545454545
 3397 22.5
 2052 24.54545454545455
 3677 26.59090909090909
 1305 28.63636363636364
 1255 30.68181818181818
 1244 32.72727272727273
 1596 34.77272727272727
 1103 36.81818181818182
 2079 38.86363636363636
 1982 40.90909090909091
 797 42.95454545454545
 762 45
 1326 47.04545454545455
 589 49.09090909090909
 552 51.13636363636363
 447 53.18181818181818
 341 55.22727272727273
 291 57.27272727272727
 167 59.31818181818182
 133 61.36363636363636
 88 63.40909090909091
 42 65.45454545454545
 17 67.5
 2 69.54545454545455
 0 71.59090909090909
 0 73.63636363636364
 0 75.68181818181819
 0 77.72727272727272
 0 79.77272727272727
 0 81.81818181818181
 0 83.86363636363636
 0 85.90909090909091
 0 87.95454545454545
 0 90


