# Created by Octave 3.8.2, Mon Jun 22 01:29:07 2020 CEST <damian@fptrucha.inv.usc.es>
# name: hd
# type: matrix
# rows: 45
# columns: 2
 5 0
 2291 2.045454545454545
 1 4.090909090909091
 3 6.136363636363637
 2347 8.181818181818182
 295 10.22727272727273
 246 12.27272727272727
 771 14.31818181818182
 2561 16.36363636363636
 323 18.40909090909091
 740 20.45454545454545
 3592 22.5
 2091 24.54545454545455
 3904 26.59090909090909
 1377 28.63636363636364
 1294 30.68181818181818
 1332 32.72727272727273
 1615 34.77272727272727
 1057 36.81818181818182
 2132 38.86363636363636
 2074 40.90909090909091
 800 42.95454545454545
 756 45
 1339 47.04545454545455
 587 49.09090909090909
 493 51.13636363636363
 451 53.18181818181818
 295 55.22727272727273
 287 57.27272727272727
 84 59.31818181818182
 99 61.36363636363636
 64 63.40909090909091
 21 65.45454545454545
 15 67.5
 2 69.54545454545455
 0 71.59090909090909
 0 73.63636363636364
 0 75.68181818181819
 0 77.72727272727272
 0 79.77272727272727
 0 81.81818181818181
 0 83.86363636363636
 0 85.90909090909091
 0 87.95454545454545
 0 90


