# Created by Octave 3.8.2, Sat Jun 20 05:11:48 2020 CEST <damian@fptrucha.inv.usc.es>
# name: hd
# type: matrix
# rows: 45
# columns: 2
 5 0
 2641 2.045454545454545
 5 4.090909090909091
 5 6.136363636363637
 2511 8.181818181818182
 319 10.22727272727273
 276 12.27272727272727
 862 14.31818181818182
 2881 16.36363636363636
 357 18.40909090909091
 871 20.45454545454545
 3984 22.5
 2322 24.54545454545455
 4288 26.59090909090909
 1444 28.63636363636364
 1474 30.68181818181818
 1449 32.72727272727273
 1841 34.77272727272727
 1235 36.81818181818182
 2439 38.86363636363636
 2239 40.90909090909091
 814 42.95454545454545
 933 45
 1466 47.04545454545455
 631 49.09090909090909
 535 51.13636363636363
 460 53.18181818181818
 309 55.22727272727273
 295 57.27272727272727
 109 59.31818181818182
 102 61.36363636363636
 81 63.40909090909091
 25 65.45454545454545
 15 67.5
 1 69.54545454545455
 1 71.59090909090909
 0 73.63636363636364
 0 75.68181818181819
 0 77.72727272727272
 0 79.77272727272727
 0 81.81818181818181
 0 83.86363636363636
 0 85.90909090909091
 0 87.95454545454545
 0 90


