# Created by Octave 3.8.2, Mon Jun 22 01:48:48 2020 CEST <damian@fptrucha.inv.usc.es>
# name: hd
# type: matrix
# rows: 45
# columns: 2
 2 0
 2266 2.045454545454545
 6 4.090909090909091
 4 6.136363636363637
 2266 8.181818181818182
 314 10.22727272727273
 257 12.27272727272727
 802 14.31818181818182
 2592 16.36363636363636
 318 18.40909090909091
 789 20.45454545454545
 3618 22.5
 2119 24.54545454545455
 4057 26.59090909090909
 1298 28.63636363636364
 1306 30.68181818181818
 1361 32.72727272727273
 1694 34.77272727272727
 1129 36.81818181818182
 2184 38.86363636363636
 2181 40.90909090909091
 899 42.95454545454545
 796 45
 1383 47.04545454545455
 646 49.09090909090909
 555 51.13636363636363
 534 53.18181818181818
 329 55.22727272727273
 341 57.27272727272727
 134 59.31818181818182
 123 61.36363636363636
 61 63.40909090909091
 25 65.45454545454545
 10 67.5
 2 69.54545454545455
 2 71.59090909090909
 0 73.63636363636364
 0 75.68181818181819
 0 77.72727272727272
 0 79.77272727272727
 0 81.81818181818181
 0 83.86363636363636
 0 85.90909090909091
 0 87.95454545454545
 0 90


