# Created by Octave 3.8.2, Mon Jun 22 23:38:49 2020 CEST <damian@fptrucha.inv.usc.es>
# name: hd
# type: matrix
# rows: 45
# columns: 2
 6 0
 2434 2.045454545454545
 3 4.090909090909091
 14 6.136363636363637
 2385 8.181818181818182
 320 10.22727272727273
 268 12.27272727272727
 822 14.31818181818182
 2675 16.36363636363636
 316 18.40909090909091
 912 20.45454545454545
 3809 22.5
 2154 24.54545454545455
 4197 26.59090909090909
 1432 28.63636363636364
 1393 30.68181818181818
 1356 32.72727272727273
 1807 34.77272727272727
 1224 36.81818181818182
 2242 38.86363636363636
 2258 40.90909090909091
 879 42.95454545454545
 851 45
 1461 47.04545454545455
 670 49.09090909090909
 588 51.13636363636363
 547 53.18181818181818
 369 55.22727272727273
 312 57.27272727272727
 147 59.31818181818182
 133 61.36363636363636
 96 63.40909090909091
 36 65.45454545454545
 23 67.5
 3 69.54545454545455
 0 71.59090909090909
 0 73.63636363636364
 0 75.68181818181819
 0 77.72727272727272
 0 79.77272727272727
 0 81.81818181818181
 0 83.86363636363636
 0 85.90909090909091
 0 87.95454545454545
 0 90


