# Created by Octave 3.8.2, Tue Jun 23 00:46:44 2020 CEST <damian@fptrucha.inv.usc.es>
# name: hd
# type: matrix
# rows: 45
# columns: 2
 2 0
 1224 2.045454545454545
 3 4.090909090909091
 3 6.136363636363637
 1238 8.181818181818182
 137 10.22727272727273
 118 12.27272727272727
 409 14.31818181818182
 1356 16.36363636363636
 154 18.40909090909091
 430 20.45454545454545
 1835 22.5
 1092 24.54545454545455
 2030 26.59090909090909
 688 28.63636363636364
 702 30.68181818181818
 674 32.72727272727273
 825 34.77272727272727
 543 36.81818181818182
 1142 38.86363636363636
 1063 40.90909090909091
 407 42.95454545454545
 391 45
 716 47.04545454545455
 345 49.09090909090909
 285 51.13636363636363
 229 53.18181818181818
 183 55.22727272727273
 149 57.27272727272727
 80 59.31818181818182
 62 61.36363636363636
 41 63.40909090909091
 10 65.45454545454545
 6 67.5
 0 69.54545454545455
 0 71.59090909090909
 0 73.63636363636364
 0 75.68181818181819
 0 77.72727272727272
 0 79.77272727272727
 0 81.81818181818181
 0 83.86363636363636
 0 85.90909090909091
 0 87.95454545454545
 0 90


