# Created by Octave 3.8.2, Sun Jun 21 05:11:54 2020 CEST <damian@fptrucha.inv.usc.es>
# name: hd
# type: matrix
# rows: 45
# columns: 2
 4 0
 2396 2.045454545454545
 4 4.090909090909091
 4 6.136363636363637
 2251 8.181818181818182
 282 10.22727272727273
 229 12.27272727272727
 823 14.31818181818182
 2605 16.36363636363636
 347 18.40909090909091
 747 20.45454545454545
 3537 22.5
 2081 24.54545454545455
 3832 26.59090909090909
 1293 28.63636363636364
 1275 30.68181818181818
 1235 32.72727272727273
 1680 34.77272727272727
 1056 36.81818181818182
 2234 38.86363636363636
 1970 40.90909090909091
 778 42.95454545454545
 738 45
 1325 47.04545454545455
 593 49.09090909090909
 482 51.13636363636363
 409 53.18181818181818
 329 55.22727272727273
 278 57.27272727272727
 108 59.31818181818182
 95 61.36363636363636
 68 63.40909090909091
 23 65.45454545454545
 8 67.5
 1 69.54545454545455
 0 71.59090909090909
 0 73.63636363636364
 0 75.68181818181819
 0 77.72727272727272
 0 79.77272727272727
 0 81.81818181818181
 0 83.86363636363636
 0 85.90909090909091
 0 87.95454545454545
 0 90


