# Created by Octave 3.8.2, Mon Jun 22 21:29:13 2020 CEST <damian@fptrucha.inv.usc.es>
# name: hd
# type: matrix
# rows: 45
# columns: 2
 5 0
 2577 2.045454545454545
 5 4.090909090909091
 10 6.136363636363637
 2457 8.181818181818182
 333 10.22727272727273
 251 12.27272727272727
 866 14.31818181818182
 2746 16.36363636363636
 296 18.40909090909091
 891 20.45454545454545
 3764 22.5
 2177 24.54545454545455
 4193 26.59090909090909
 1454 28.63636363636364
 1396 30.68181818181818
 1392 32.72727272727273
 1843 34.77272727272727
 1184 36.81818181818182
 2274 38.86363636363636
 2167 40.90909090909091
 876 42.95454545454545
 841 45
 1508 47.04545454545455
 697 49.09090909090909
 572 51.13636363636363
 509 53.18181818181818
 368 55.22727272727273
 332 57.27272727272727
 169 59.31818181818182
 124 61.36363636363636
 98 63.40909090909091
 25 65.45454545454545
 18 67.5
 3 69.54545454545455
 0 71.59090909090909
 0 73.63636363636364
 0 75.68181818181819
 0 77.72727272727272
 0 79.77272727272727
 0 81.81818181818181
 0 83.86363636363636
 0 85.90909090909091
 0 87.95454545454545
 0 90


