# Created by Octave 3.8.2, Sat Jun 20 15:41:08 2020 CEST <damian@fptrucha.inv.usc.es>
# name: hd
# type: matrix
# rows: 45
# columns: 2
 1 0
 2482 2.045454545454545
 0 4.090909090909091
 7 6.136363636363637
 2428 8.181818181818182
 378 10.22727272727273
 264 12.27272727272727
 826 14.31818181818182
 2632 16.36363636363636
 359 18.40909090909091
 772 20.45454545454545
 3590 22.5
 2149 24.54545454545455
 4071 26.59090909090909
 1374 28.63636363636364
 1344 30.68181818181818
 1291 32.72727272727273
 1673 34.77272727272727
 1119 36.81818181818182
 2141 38.86363636363636
 2114 40.90909090909091
 761 42.95454545454545
 785 45
 1443 47.04545454545455
 619 49.09090909090909
 506 51.13636363636363
 454 53.18181818181818
 285 55.22727272727273
 307 57.27272727272727
 103 59.31818181818182
 111 61.36363636363636
 68 63.40909090909091
 14 65.45454545454545
 7 67.5
 3 69.54545454545455
 0 71.59090909090909
 0 73.63636363636364
 0 75.68181818181819
 0 77.72727272727272
 0 79.77272727272727
 0 81.81818181818181
 0 83.86363636363636
 0 85.90909090909091
 0 87.95454545454545
 0 90


