# Created by Octave 3.8.2, Mon Jun 22 07:17:20 2020 CEST <damian@fptrucha.inv.usc.es>
# name: hd
# type: matrix
# rows: 45
# columns: 2
 4 0
 2278 2.045454545454545
 4 4.090909090909091
 13 6.136363636363637
 2114 8.181818181818182
 259 10.22727272727273
 256 12.27272727272727
 751 14.31818181818182
 2466 16.36363636363636
 288 18.40909090909091
 758 20.45454545454545
 3396 22.5
 1904 24.54545454545455
 3652 26.59090909090909
 1280 28.63636363636364
 1237 30.68181818181818
 1285 32.72727272727273
 1588 34.77272727272727
 991 36.81818181818182
 2057 38.86363636363636
 2113 40.90909090909091
 820 42.95454545454545
 776 45
 1348 47.04545454545455
 590 49.09090909090909
 536 51.13636363636363
 496 53.18181818181818
 380 55.22727272727273
 301 57.27272727272727
 136 59.31818181818182
 130 61.36363636363636
 91 63.40909090909091
 30 65.45454545454545
 20 67.5
 4 69.54545454545455
 0 71.59090909090909
 0 73.63636363636364
 0 75.68181818181819
 0 77.72727272727272
 0 79.77272727272727
 0 81.81818181818181
 0 83.86363636363636
 0 85.90909090909091
 0 87.95454545454545
 0 90


