# Created by Octave 3.8.2, Mon Jun 22 10:11:18 2020 CEST <damian@fptrucha.inv.usc.es>
# name: hd
# type: matrix
# rows: 45
# columns: 2
 6 0
 2352 2.045454545454545
 7 4.090909090909091
 12 6.136363636363637
 2254 8.181818181818182
 288 10.22727272727273
 266 12.27272727272727
 795 14.31818181818182
 2512 16.36363636363636
 279 18.40909090909091
 811 20.45454545454545
 3533 22.5
 1974 24.54545454545455
 3885 26.59090909090909
 1312 28.63636363636364
 1313 30.68181818181818
 1303 32.72727272727273
 1618 34.77272727272727
 1093 36.81818181818182
 2021 38.86363636363636
 2197 40.90909090909091
 827 42.95454545454545
 785 45
 1364 47.04545454545455
 594 49.09090909090909
 545 51.13636363636363
 492 53.18181818181818
 336 55.22727272727273
 305 57.27272727272727
 127 59.31818181818182
 124 61.36363636363636
 92 63.40909090909091
 26 65.45454545454545
 16 67.5
 2 69.54545454545455
 0 71.59090909090909
 0 73.63636363636364
 0 75.68181818181819
 0 77.72727272727272
 0 79.77272727272727
 0 81.81818181818181
 0 83.86363636363636
 0 85.90909090909091
 0 87.95454545454545
 0 90


