# Created by Octave 3.8.2, Mon Jun 22 20:53:24 2020 CEST <damian@fptrucha.inv.usc.es>
# name: hd
# type: matrix
# rows: 45
# columns: 2
 8 0
 2453 2.045454545454545
 4 4.090909090909091
 10 6.136363636363637
 2354 8.181818181818182
 289 10.22727272727273
 264 12.27272727272727
 798 14.31818181818182
 2711 16.36363636363636
 306 18.40909090909091
 827 20.45454545454545
 3806 22.5
 2220 24.54545454545455
 4121 26.59090909090909
 1444 28.63636363636364
 1314 30.68181818181818
 1342 32.72727272727273
 1732 34.77272727272727
 1133 36.81818181818182
 2241 38.86363636363636
 2252 40.90909090909091
 877 42.95454545454545
 851 45
 1446 47.04545454545455
 680 49.09090909090909
 582 51.13636363636363
 550 53.18181818181818
 349 55.22727272727273
 320 57.27272727272727
 145 59.31818181818182
 140 61.36363636363636
 87 63.40909090909091
 23 65.45454545454545
 25 67.5
 1 69.54545454545455
 0 71.59090909090909
 0 73.63636363636364
 0 75.68181818181819
 0 77.72727272727272
 0 79.77272727272727
 0 81.81818181818181
 0 83.86363636363636
 0 85.90909090909091
 0 87.95454545454545
 0 90


