# Created by Octave 3.8.2, Mon Jun 22 13:35:22 2020 CEST <damian@fptrucha.inv.usc.es>
# name: hd
# type: matrix
# rows: 45
# columns: 2
 4 0
 2369 2.045454545454545
 2 4.090909090909091
 10 6.136363636363637
 2308 8.181818181818182
 288 10.22727272727273
 221 12.27272727272727
 750 14.31818181818182
 2469 16.36363636363636
 294 18.40909090909091
 778 20.45454545454545
 3605 22.5
 2112 24.54545454545455
 3944 26.59090909090909
 1394 28.63636363636364
 1305 30.68181818181818
 1315 32.72727272727273
 1617 34.77272727272727
 1112 36.81818181818182
 2090 38.86363636363636
 2188 40.90909090909091
 879 42.95454545454545
 803 45
 1368 47.04545454545455
 628 49.09090909090909
 522 51.13636363636363
 498 53.18181818181818
 344 55.22727272727273
 300 57.27272727272727
 153 59.31818181818182
 144 61.36363636363636
 87 63.40909090909091
 33 65.45454545454545
 17 67.5
 4 69.54545454545455
 0 71.59090909090909
 0 73.63636363636364
 0 75.68181818181819
 0 77.72727272727272
 0 79.77272727272727
 0 81.81818181818181
 0 83.86363636363636
 0 85.90909090909091
 0 87.95454545454545
 0 90


