# Created by Octave 3.8.2, Sat Jun 20 10:23:33 2020 CEST <damian@fptrucha.inv.usc.es>
# name: hd
# type: matrix
# rows: 45
# columns: 2
 9 0
 2593 2.045454545454545
 5 4.090909090909091
 13 6.136363636363637
 2552 8.181818181818182
 387 10.22727272727273
 239 12.27272727272727
 855 14.31818181818182
 2952 16.36363636363636
 370 18.40909090909091
 857 20.45454545454545
 4067 22.5
 2343 24.54545454545455
 4402 26.59090909090909
 1476 28.63636363636364
 1488 30.68181818181818
 1505 32.72727272727273
 1875 34.77272727272727
 1209 36.81818181818182
 2375 38.86363636363636
 2270 40.90909090909091
 874 42.95454545454545
 887 45
 1530 47.04545454545455
 709 49.09090909090909
 581 51.13636363636363
 496 53.18181818181818
 355 55.22727272727273
 327 57.27272727272727
 147 59.31818181818182
 123 61.36363636363636
 76 63.40909090909091
 21 65.45454545454545
 12 67.5
 0 69.54545454545455
 0 71.59090909090909
 0 73.63636363636364
 0 75.68181818181819
 0 77.72727272727272
 0 79.77272727272727
 0 81.81818181818181
 0 83.86363636363636
 0 85.90909090909091
 0 87.95454545454545
 0 90


