# Created by Octave 3.8.2, Mon Jun 22 07:36:06 2020 CEST <damian@fptrucha.inv.usc.es>
# name: hd
# type: matrix
# rows: 45
# columns: 2
 11 0
 2237 2.045454545454545
 3 4.090909090909091
 9 6.136363636363637
 2057 8.181818181818182
 259 10.22727272727273
 242 12.27272727272727
 719 14.31818181818182
 2394 16.36363636363636
 267 18.40909090909091
 790 20.45454545454545
 3467 22.5
 1922 24.54545454545455
 3730 26.59090909090909
 1293 28.63636363636364
 1219 30.68181818181818
 1249 32.72727272727273
 1530 34.77272727272727
 1051 36.81818181818182
 2027 38.86363636363636
 2090 40.90909090909091
 824 42.95454545454545
 762 45
 1295 47.04545454545455
 595 49.09090909090909
 554 51.13636363636363
 445 53.18181818181818
 353 55.22727272727273
 338 57.27272727272727
 154 59.31818181818182
 129 61.36363636363636
 74 63.40909090909091
 26 65.45454545454545
 21 67.5
 5 69.54545454545455
 0 71.59090909090909
 0 73.63636363636364
 0 75.68181818181819
 0 77.72727272727272
 0 79.77272727272727
 0 81.81818181818181
 0 83.86363636363636
 0 85.90909090909091
 0 87.95454545454545
 0 90


