# Created by Octave 3.8.2, Mon Jun 22 04:03:19 2020 CEST <damian@fptrucha.inv.usc.es>
# name: hd
# type: matrix
# rows: 45
# columns: 2
 3 0
 2158 2.045454545454545
 5 4.090909090909091
 11 6.136363636363637
 1992 8.181818181818182
 266 10.22727272727273
 239 12.27272727272727
 703 14.31818181818182
 2252 16.36363636363636
 251 18.40909090909091
 737 20.45454545454545
 3366 22.5
 2005 24.54545454545455
 3491 26.59090909090909
 1287 28.63636363636364
 1234 30.68181818181818
 1273 32.72727272727273
 1440 34.77272727272727
 1073 36.81818181818182
 1944 38.86363636363636
 2101 40.90909090909091
 859 42.95454545454545
 763 45
 1363 47.04545454545455
 604 49.09090909090909
 530 51.13636363636363
 491 53.18181818181818
 375 55.22727272727273
 327 57.27272727272727
 166 59.31818181818182
 155 61.36363636363636
 84 63.40909090909091
 30 65.45454545454545
 22 67.5
 8 69.54545454545455
 1 71.59090909090909
 0 73.63636363636364
 0 75.68181818181819
 0 77.72727272727272
 0 79.77272727272727
 0 81.81818181818181
 0 83.86363636363636
 0 85.90909090909091
 0 87.95454545454545
 0 90


