# Created by Octave 3.8.2, Sun Jun 21 02:46:20 2020 CEST <damian@fptrucha.inv.usc.es>
# name: hd
# type: matrix
# rows: 45
# columns: 2
 8 0
 2380 2.045454545454545
 4 4.090909090909091
 6 6.136363636363637
 2325 8.181818181818182
 324 10.22727272727273
 247 12.27272727272727
 766 14.31818181818182
 2533 16.36363636363636
 290 18.40909090909091
 813 20.45454545454545
 3532 22.5
 2106 24.54545454545455
 3662 26.59090909090909
 1297 28.63636363636364
 1296 30.68181818181818
 1231 32.72727272727273
 1518 34.77272727272727
 1075 36.81818181818182
 2050 38.86363636363636
 2032 40.90909090909091
 758 42.95454545454545
 778 45
 1302 47.04545454545455
 574 49.09090909090909
 476 51.13636363636363
 443 53.18181818181818
 273 55.22727272727273
 268 57.27272727272727
 106 59.31818181818182
 108 61.36363636363636
 42 63.40909090909091
 14 65.45454545454545
 12 67.5
 0 69.54545454545455
 0 71.59090909090909
 0 73.63636363636364
 0 75.68181818181819
 0 77.72727272727272
 0 79.77272727272727
 0 81.81818181818181
 0 83.86363636363636
 0 85.90909090909091
 0 87.95454545454545
 0 90


