# Created by Octave 3.8.2, Sat Jun 20 02:32:22 2020 CEST <damian@fptrucha.inv.usc.es>
# name: hd
# type: matrix
# rows: 45
# columns: 2
 2 0
 2626 2.045454545454545
 6 4.090909090909091
 13 6.136363636363637
 2630 8.181818181818182
 344 10.22727272727273
 286 12.27272727272727
 877 14.31818181818182
 2821 16.36363636363636
 318 18.40909090909091
 785 20.45454545454545
 3886 22.5
 2354 24.54545454545455
 4260 26.59090909090909
 1397 28.63636363636364
 1391 30.68181818181818
 1505 32.72727272727273
 1901 34.77272727272727
 1183 36.81818181818182
 2211 38.86363636363636
 2114 40.90909090909091
 778 42.95454545454545
 849 45
 1461 47.04545454545455
 632 49.09090909090909
 493 51.13636363636363
 483 53.18181818181818
 299 55.22727272727273
 285 57.27272727272727
 119 59.31818181818182
 96 61.36363636363636
 45 63.40909090909091
 9 65.45454545454545
 8 67.5
 1 69.54545454545455
 0 71.59090909090909
 0 73.63636363636364
 0 75.68181818181819
 0 77.72727272727272
 0 79.77272727272727
 0 81.81818181818181
 0 83.86363636363636
 0 85.90909090909091
 0 87.95454545454545
 0 90


