# Created by Octave 3.8.2, Mon Jun 22 19:04:26 2020 CEST <damian@fptrucha.inv.usc.es>
# name: hd
# type: matrix
# rows: 45
# columns: 2
 5 0
 2402 2.045454545454545
 4 4.090909090909091
 7 6.136363636363637
 2325 8.181818181818182
 283 10.22727272727273
 274 12.27272727272727
 801 14.31818181818182
 2684 16.36363636363636
 288 18.40909090909091
 771 20.45454545454545
 3710 22.5
 2148 24.54545454545455
 4011 26.59090909090909
 1390 28.63636363636364
 1361 30.68181818181818
 1424 32.72727272727273
 1686 34.77272727272727
 1135 36.81818181818182
 2195 38.86363636363636
 2223 40.90909090909091
 859 42.95454545454545
 846 45
 1492 47.04545454545455
 686 49.09090909090909
 583 51.13636363636363
 529 53.18181818181818
 374 55.22727272727273
 300 57.27272727272727
 146 59.31818181818182
 117 61.36363636363636
 96 63.40909090909091
 23 65.45454545454545
 18 67.5
 4 69.54545454545455
 0 71.59090909090909
 0 73.63636363636364
 0 75.68181818181819
 0 77.72727272727272
 0 79.77272727272727
 0 81.81818181818181
 0 83.86363636363636
 0 85.90909090909091
 0 87.95454545454545
 0 90


