# Created by Octave 3.8.2, Sat Jun 20 19:27:10 2020 CEST <damian@fptrucha.inv.usc.es>
# name: hd
# type: matrix
# rows: 45
# columns: 2
 2 0
 2356 2.045454545454545
 1 4.090909090909091
 4 6.136363636363637
 2383 8.181818181818182
 295 10.22727272727273
 261 12.27272727272727
 753 14.31818181818182
 2608 16.36363636363636
 370 18.40909090909091
 768 20.45454545454545
 3728 22.5
 2102 24.54545454545455
 4049 26.59090909090909
 1295 28.63636363636364
 1328 30.68181818181818
 1273 32.72727272727273
 1636 34.77272727272727
 1135 36.81818181818182
 2137 38.86363636363636
 2037 40.90909090909091
 878 42.95454545454545
 816 45
 1328 47.04545454545455
 616 49.09090909090909
 486 51.13636363636363
 465 53.18181818181818
 291 55.22727272727273
 245 57.27272727272727
 104 59.31818181818182
 91 61.36363636363636
 61 63.40909090909091
 19 65.45454545454545
 16 67.5
 1 69.54545454545455
 0 71.59090909090909
 0 73.63636363636364
 0 75.68181818181819
 0 77.72727272727272
 0 79.77272727272727
 0 81.81818181818181
 0 83.86363636363636
 0 85.90909090909091
 0 87.95454545454545
 0 90


