# Created by Octave 3.8.2, Sat Jun 20 22:42:19 2020 CEST <damian@fptrucha.inv.usc.es>
# name: hd
# type: matrix
# rows: 45
# columns: 2
 2 0
 2330 2.045454545454545
 1 4.090909090909091
 5 6.136363636363637
 2248 8.181818181818182
 325 10.22727272727273
 255 12.27272727272727
 773 14.31818181818182
 2500 16.36363636363636
 309 18.40909090909091
 740 20.45454545454545
 3454 22.5
 2126 24.54545454545455
 3803 26.59090909090909
 1268 28.63636363636364
 1289 30.68181818181818
 1300 32.72727272727273
 1601 34.77272727272727
 1056 36.81818181818182
 2059 38.86363636363636
 1984 40.90909090909091
 739 42.95454545454545
 763 45
 1278 47.04545454545455
 594 49.09090909090909
 456 51.13636363636363
 363 53.18181818181818
 266 55.22727272727273
 244 57.27272727272727
 110 59.31818181818182
 81 61.36363636363636
 62 63.40909090909091
 13 65.45454545454545
 9 67.5
 6 69.54545454545455
 0 71.59090909090909
 0 73.63636363636364
 0 75.68181818181819
 0 77.72727272727272
 0 79.77272727272727
 0 81.81818181818181
 0 83.86363636363636
 0 85.90909090909091
 0 87.95454545454545
 0 90


