# Created by Octave 3.8.2, Mon Jun 22 17:30:30 2020 CEST <damian@fptrucha.inv.usc.es>
# name: hd
# type: matrix
# rows: 45
# columns: 2
 15 0
 2413 2.045454545454545
 4 4.090909090909091
 13 6.136363636363637
 2303 8.181818181818182
 279 10.22727272727273
 254 12.27272727272727
 772 14.31818181818182
 2646 16.36363636363636
 292 18.40909090909091
 806 20.45454545454545
 3704 22.5
 2179 24.54545454545455
 4006 26.59090909090909
 1401 28.63636363636364
 1376 30.68181818181818
 1373 32.72727272727273
 1717 34.77272727272727
 1152 36.81818181818182
 2246 38.86363636363636
 2222 40.90909090909091
 925 42.95454545454545
 843 45
 1423 47.04545454545455
 673 49.09090909090909
 613 51.13636363636363
 527 53.18181818181818
 362 55.22727272727273
 327 57.27272727272727
 179 59.31818181818182
 156 61.36363636363636
 89 63.40909090909091
 40 65.45454545454545
 19 67.5
 2 69.54545454545455
 1 71.59090909090909
 0 73.63636363636364
 0 75.68181818181819
 0 77.72727272727272
 0 79.77272727272727
 0 81.81818181818181
 0 83.86363636363636
 0 85.90909090909091
 0 87.95454545454545
 0 90


