# Created by Octave 3.8.2, Mon Jun 22 17:16:54 2020 CEST <damian@fptrucha.inv.usc.es>
# name: hd
# type: matrix
# rows: 45
# columns: 2
 1 0
 1527 2.045454545454545
 3 4.090909090909091
 6 6.136363636363637
 1446 8.181818181818182
 195 10.22727272727273
 179 12.27272727272727
 513 14.31818181818182
 1750 16.36363636363636
 191 18.40909090909091
 535 20.45454545454545
 2415 22.5
 1346 24.54545454545455
 2614 26.59090909090909
 934 28.63636363636364
 884 30.68181818181818
 935 32.72727272727273
 1133 34.77272727272727
 704 36.81818181818182
 1466 38.86363636363636
 1354 40.90909090909091
 547 42.95454545454545
 537 45
 953 47.04545454545455
 455 49.09090909090909
 389 51.13636363636363
 357 53.18181818181818
 225 55.22727272727273
 221 57.27272727272727
 90 59.31818181818182
 107 61.36363636363636
 69 63.40909090909091
 20 65.45454545454545
 12 67.5
 3 69.54545454545455
 0 71.59090909090909
 0 73.63636363636364
 0 75.68181818181819
 0 77.72727272727272
 0 79.77272727272727
 0 81.81818181818181
 0 83.86363636363636
 0 85.90909090909091
 0 87.95454545454545
 0 90


