# Created by Octave 3.8.2, Mon Jun 22 21:11:58 2020 CEST <damian@fptrucha.inv.usc.es>
# name: hd
# type: matrix
# rows: 45
# columns: 2
 5 0
 2483 2.045454545454545
 2 4.090909090909091
 11 6.136363636363637
 2413 8.181818181818182
 283 10.22727272727273
 293 12.27272727272727
 751 14.31818181818182
 2675 16.36363636363636
 308 18.40909090909091
 862 20.45454545454545
 3847 22.5
 2226 24.54545454545455
 4089 26.59090909090909
 1403 28.63636363636364
 1433 30.68181818181818
 1424 32.72727272727273
 1740 34.77272727272727
 1113 36.81818181818182
 2275 38.86363636363636
 2202 40.90909090909091
 910 42.95454545454545
 846 45
 1442 47.04545454545455
 681 49.09090909090909
 593 51.13636363636363
 509 53.18181818181818
 373 55.22727272727273
 337 57.27272727272727
 151 59.31818181818182
 142 61.36363636363636
 76 63.40909090909091
 20 65.45454545454545
 14 67.5
 3 69.54545454545455
 0 71.59090909090909
 0 73.63636363636364
 0 75.68181818181819
 0 77.72727272727272
 0 79.77272727272727
 0 81.81818181818181
 0 83.86363636363636
 0 85.90909090909091
 0 87.95454545454545
 0 90


