# Created by Octave 3.8.2, Sun Jun 21 04:40:42 2020 CEST <damian@fptrucha.inv.usc.es>
# name: hd
# type: matrix
# rows: 45
# columns: 2
 3 0
 1513 2.045454545454545
 1 4.090909090909091
 7 6.136363636363637
 1505 8.181818181818182
 204 10.22727272727273
 149 12.27272727272727
 573 14.31818181818182
 1782 16.36363636363636
 202 18.40909090909091
 513 20.45454545454545
 2308 22.5
 1412 24.54545454545455
 2596 26.59090909090909
 837 28.63636363636364
 867 30.68181818181818
 846 32.72727272727273
 1136 34.77272727272727
 689 36.81818181818182
 1412 38.86363636363636
 1326 40.90909090909091
 490 42.95454545454545
 503 45
 931 47.04545454545455
 398 49.09090909090909
 349 51.13636363636363
 318 53.18181818181818
 215 55.22727272727273
 195 57.27272727272727
 74 59.31818181818182
 55 61.36363636363636
 40 63.40909090909091
 11 65.45454545454545
 6 67.5
 1 69.54545454545455
 0 71.59090909090909
 0 73.63636363636364
 0 75.68181818181819
 0 77.72727272727272
 0 79.77272727272727
 0 81.81818181818181
 0 83.86363636363636
 0 85.90909090909091
 0 87.95454545454545
 0 90


