# Created by Octave 3.8.2, Sun Jun 21 04:02:24 2020 CEST <damian@fptrucha.inv.usc.es>
# name: hd
# type: matrix
# rows: 45
# columns: 2
 3 0
 2376 2.045454545454545
 1 4.090909090909091
 9 6.136363636363637
 2265 8.181818181818182
 293 10.22727272727273
 251 12.27272727272727
 797 14.31818181818182
 2518 16.36363636363636
 319 18.40909090909091
 766 20.45454545454545
 3491 22.5
 2085 24.54545454545455
 3958 26.59090909090909
 1312 28.63636363636364
 1355 30.68181818181818
 1312 32.72727272727273
 1672 34.77272727272727
 1088 36.81818181818182
 2126 38.86363636363636
 2099 40.90909090909091
 773 42.95454545454545
 711 45
 1307 47.04545454545455
 565 49.09090909090909
 524 51.13636363636363
 414 53.18181818181818
 276 55.22727272727273
 239 57.27272727272727
 111 59.31818181818182
 82 61.36363636363636
 39 63.40909090909091
 19 65.45454545454545
 8 67.5
 1 69.54545454545455
 1 71.59090909090909
 0 73.63636363636364
 0 75.68181818181819
 0 77.72727272727272
 0 79.77272727272727
 0 81.81818181818181
 0 83.86363636363636
 0 85.90909090909091
 0 87.95454545454545
 0 90


