# Created by Octave 3.8.2, Mon Jun 22 13:45:44 2020 CEST <damian@fptrucha.inv.usc.es>
# name: hd
# type: matrix
# rows: 45
# columns: 2
 12 0
 2355 2.045454545454545
 1 4.090909090909091
 13 6.136363636363637
 2216 8.181818181818182
 304 10.22727272727273
 232 12.27272727272727
 761 14.31818181818182
 2396 16.36363636363636
 300 18.40909090909091
 808 20.45454545454545
 3628 22.5
 2048 24.54545454545455
 3836 26.59090909090909
 1374 28.63636363636364
 1361 30.68181818181818
 1319 32.72727272727273
 1670 34.77272727272727
 1023 36.81818181818182
 2201 38.86363636363636
 2232 40.90909090909091
 874 42.95454545454545
 779 45
 1383 47.04545454545455
 673 49.09090909090909
 617 51.13636363636363
 544 53.18181818181818
 358 55.22727272727273
 312 57.27272727272727
 155 59.31818181818182
 152 61.36363636363636
 94 63.40909090909091
 28 65.45454545454545
 23 67.5
 3 69.54545454545455
 0 71.59090909090909
 0 73.63636363636364
 0 75.68181818181819
 0 77.72727272727272
 0 79.77272727272727
 0 81.81818181818181
 0 83.86363636363636
 0 85.90909090909091
 0 87.95454545454545
 0 90


