# Created by Octave 3.8.2, Sun Jun 21 02:05:21 2020 CEST <damian@fptrucha.inv.usc.es>
# name: hd
# type: matrix
# rows: 45
# columns: 2
 1 0
 1557 2.045454545454545
 0 4.090909090909091
 4 6.136363636363637
 1465 8.181818181818182
 205 10.22727272727273
 169 12.27272727272727
 527 14.31818181818182
 1614 16.36363636363636
 225 18.40909090909091
 498 20.45454545454545
 2275 22.5
 1341 24.54545454545455
 2441 26.59090909090909
 872 28.63636363636364
 866 30.68181818181818
 868 32.72727272727273
 1049 34.77272727272727
 705 36.81818181818182
 1362 38.86363636363636
 1343 40.90909090909091
 464 42.95454545454545
 510 45
 812 47.04545454545455
 352 49.09090909090909
 318 51.13636363636363
 277 53.18181818181818
 166 55.22727272727273
 173 57.27272727272727
 72 59.31818181818182
 86 61.36363636363636
 41 63.40909090909091
 10 65.45454545454545
 5 67.5
 0 69.54545454545455
 0 71.59090909090909
 0 73.63636363636364
 0 75.68181818181819
 0 77.72727272727272
 0 79.77272727272727
 0 81.81818181818181
 0 83.86363636363636
 0 85.90909090909091
 0 87.95454545454545
 0 90


