# Created by Octave 3.8.2, Sat Jun 20 02:26:55 2020 CEST <damian@fptrucha.inv.usc.es>
# name: hd
# type: matrix
# rows: 45
# columns: 2
 3 0
 2679 2.045454545454545
 1 4.090909090909091
 6 6.136363636363637
 2598 8.181818181818182
 340 10.22727272727273
 251 12.27272727272727
 832 14.31818181818182
 2839 16.36363636363636
 334 18.40909090909091
 789 20.45454545454545
 3892 22.5
 2223 24.54545454545455
 4171 26.59090909090909
 1398 28.63636363636364
 1454 30.68181818181818
 1395 32.72727272727273
 1752 34.77272727272727
 1160 36.81818181818182
 2258 38.86363636363636
 2138 40.90909090909091
 783 42.95454545454545
 847 45
 1432 47.04545454545455
 641 49.09090909090909
 516 51.13636363636363
 453 53.18181818181818
 331 55.22727272727273
 290 57.27272727272727
 116 59.31818181818182
 89 61.36363636363636
 63 63.40909090909091
 21 65.45454545454545
 7 67.5
 2 69.54545454545455
 0 71.59090909090909
 0 73.63636363636364
 0 75.68181818181819
 0 77.72727272727272
 0 79.77272727272727
 0 81.81818181818181
 0 83.86363636363636
 0 85.90909090909091
 0 87.95454545454545
 0 90


