# Created by Octave 3.8.2, Sun Jun 21 04:46:16 2020 CEST <damian@fptrucha.inv.usc.es>
# name: hd
# type: matrix
# rows: 45
# columns: 2
 0 0
 2434 2.045454545454545
 4 4.090909090909091
 11 6.136363636363637
 2296 8.181818181818182
 313 10.22727272727273
 241 12.27272727272727
 785 14.31818181818182
 2627 16.36363636363636
 320 18.40909090909091
 828 20.45454545454545
 3524 22.5
 2130 24.54545454545455
 3780 26.59090909090909
 1352 28.63636363636364
 1305 30.68181818181818
 1283 32.72727272727273
 1691 34.77272727272727
 1084 36.81818181818182
 2124 38.86363636363636
 2023 40.90909090909091
 808 42.95454545454545
 764 45
 1290 47.04545454545455
 623 49.09090909090909
 492 51.13636363636363
 453 53.18181818181818
 288 55.22727272727273
 304 57.27272727272727
 136 59.31818181818182
 89 61.36363636363636
 67 63.40909090909091
 25 65.45454545454545
 5 67.5
 2 69.54545454545455
 0 71.59090909090909
 0 73.63636363636364
 0 75.68181818181819
 0 77.72727272727272
 0 79.77272727272727
 0 81.81818181818181
 0 83.86363636363636
 0 85.90909090909091
 0 87.95454545454545
 0 90


