# Created by Octave 3.8.2, Sun Jun 21 01:43:14 2020 CEST <damian@fptrucha.inv.usc.es>
# name: hd
# type: matrix
# rows: 45
# columns: 2
 7 0
 2227 2.045454545454545
 1 4.090909090909091
 3 6.136363636363637
 2290 8.181818181818182
 279 10.22727272727273
 239 12.27272727272727
 815 14.31818181818182
 2536 16.36363636363636
 306 18.40909090909091
 778 20.45454545454545
 3573 22.5
 1994 24.54545454545455
 3897 26.59090909090909
 1263 28.63636363636364
 1286 30.68181818181818
 1297 32.72727272727273
 1653 34.77272727272727
 1041 36.81818181818182
 2110 38.86363636363636
 1919 40.90909090909091
 739 42.95454545454545
 774 45
 1390 47.04545454545455
 627 49.09090909090909
 456 51.13636363636363
 407 53.18181818181818
 284 55.22727272727273
 279 57.27272727272727
 109 59.31818181818182
 93 61.36363636363636
 46 63.40909090909091
 18 65.45454545454545
 15 67.5
 2 69.54545454545455
 0 71.59090909090909
 0 73.63636363636364
 0 75.68181818181819
 0 77.72727272727272
 0 79.77272727272727
 0 81.81818181818181
 0 83.86363636363636
 0 85.90909090909091
 0 87.95454545454545
 0 90


