# Created by Octave 3.8.2, Sun Jun 21 04:44:02 2020 CEST <damian@fptrucha.inv.usc.es>
# name: hd
# type: matrix
# rows: 45
# columns: 2
 1 0
 2339 2.045454545454545
 2 4.090909090909091
 0 6.136363636363637
 2314 8.181818181818182
 320 10.22727272727273
 237 12.27272727272727
 836 14.31818181818182
 2651 16.36363636363636
 299 18.40909090909091
 783 20.45454545454545
 3662 22.5
 2073 24.54545454545455
 3758 26.59090909090909
 1272 28.63636363636364
 1323 30.68181818181818
 1242 32.72727272727273
 1707 34.77272727272727
 1054 36.81818181818182
 2016 38.86363636363636
 1932 40.90909090909091
 774 42.95454545454545
 833 45
 1346 47.04545454545455
 568 49.09090909090909
 508 51.13636363636363
 443 53.18181818181818
 294 55.22727272727273
 266 57.27272727272727
 103 59.31818181818182
 81 61.36363636363636
 59 63.40909090909091
 18 65.45454545454545
 9 67.5
 0 69.54545454545455
 0 71.59090909090909
 0 73.63636363636364
 0 75.68181818181819
 0 77.72727272727272
 0 79.77272727272727
 0 81.81818181818181
 0 83.86363636363636
 0 85.90909090909091
 0 87.95454545454545
 0 90


