# Created by Octave 3.8.2, Mon Jun 22 17:00:30 2020 CEST <damian@fptrucha.inv.usc.es>
# name: hd
# type: matrix
# rows: 45
# columns: 2
 5 0
 2427 2.045454545454545
 4 4.090909090909091
 13 6.136363636363637
 2245 8.181818181818182
 290 10.22727272727273
 237 12.27272727272727
 830 14.31818181818182
 2577 16.36363636363636
 319 18.40909090909091
 821 20.45454545454545
 3699 22.5
 2149 24.54545454545455
 3881 26.59090909090909
 1404 28.63636363636364
 1347 30.68181818181818
 1377 32.72727272727273
 1722 34.77272727272727
 1139 36.81818181818182
 2158 38.86363636363636
 2216 40.90909090909091
 846 42.95454545454545
 850 45
 1384 47.04545454545455
 658 49.09090909090909
 617 51.13636363636363
 499 53.18181818181818
 373 55.22727272727273
 314 57.27272727272727
 159 59.31818181818182
 139 61.36363636363636
 83 63.40909090909091
 35 65.45454545454545
 18 67.5
 2 69.54545454545455
 0 71.59090909090909
 0 73.63636363636364
 0 75.68181818181819
 0 77.72727272727272
 0 79.77272727272727
 0 81.81818181818181
 0 83.86363636363636
 0 85.90909090909091
 0 87.95454545454545
 0 90


