# Created by Octave 3.8.2, Mon Jun 22 23:56:14 2020 CEST <damian@fptrucha.inv.usc.es>
# name: hd
# type: matrix
# rows: 45
# columns: 2
 5 0
 2489 2.045454545454545
 6 4.090909090909091
 10 6.136363636363637
 2364 8.181818181818182
 304 10.22727272727273
 273 12.27272727272727
 819 14.31818181818182
 2738 16.36363636363636
 316 18.40909090909091
 851 20.45454545454545
 3867 22.5
 2258 24.54545454545455
 4252 26.59090909090909
 1504 28.63636363636364
 1441 30.68181818181818
 1376 32.72727272727273
 1781 34.77272727272727
 1210 36.81818181818182
 2254 38.86363636363636
 2252 40.90909090909091
 881 42.95454545454545
 913 45
 1490 47.04545454545455
 675 49.09090909090909
 587 51.13636363636363
 490 53.18181818181818
 343 55.22727272727273
 327 57.27272727272727
 166 59.31818181818182
 116 61.36363636363636
 80 63.40909090909091
 26 65.45454545454545
 16 67.5
 2 69.54545454545455
 0 71.59090909090909
 0 73.63636363636364
 0 75.68181818181819
 0 77.72727272727272
 0 79.77272727272727
 0 81.81818181818181
 0 83.86363636363636
 0 85.90909090909091
 0 87.95454545454545
 0 90


