# Created by Octave 3.8.2, Mon Jun 22 05:01:59 2020 CEST <damian@fptrucha.inv.usc.es>
# name: hd
# type: matrix
# rows: 45
# columns: 2
 7 0
 2046 2.045454545454545
 6 4.090909090909091
 11 6.136363636363637
 1912 8.181818181818182
 265 10.22727272727273
 218 12.27272727272727
 721 14.31818181818182
 2239 16.36363636363636
 271 18.40909090909091
 706 20.45454545454545
 3332 22.5
 1838 24.54545454545455
 3314 26.59090909090909
 1182 28.63636363636364
 1188 30.68181818181818
 1178 32.72727272727273
 1481 34.77272727272727
 998 36.81818181818182
 2009 38.86363636363636
 1954 40.90909090909091
 766 42.95454545454545
 747 45
 1284 47.04545454545455
 573 49.09090909090909
 555 51.13636363636363
 514 53.18181818181818
 357 55.22727272727273
 300 57.27272727272727
 152 59.31818181818182
 139 61.36363636363636
 83 63.40909090909091
 40 65.45454545454545
 20 67.5
 5 69.54545454545455
 0 71.59090909090909
 0 73.63636363636364
 0 75.68181818181819
 0 77.72727272727272
 0 79.77272727272727
 0 81.81818181818181
 0 83.86363636363636
 0 85.90909090909091
 0 87.95454545454545
 0 90


