# Created by Octave 3.8.2, Sat Jun 20 11:52:52 2020 CEST <damian@fptrucha.inv.usc.es>
# name: hd
# type: matrix
# rows: 45
# columns: 2
 1 0
 2548 2.045454545454545
 2 4.090909090909091
 12 6.136363636363637
 2472 8.181818181818182
 393 10.22727272727273
 275 12.27272727272727
 798 14.31818181818182
 2768 16.36363636363636
 347 18.40909090909091
 832 20.45454545454545
 4016 22.5
 2304 24.54545454545455
 4431 26.59090909090909
 1495 28.63636363636364
 1474 30.68181818181818
 1384 32.72727272727273
 1757 34.77272727272727
 1183 36.81818181818182
 2313 38.86363636363636
 2302 40.90909090909091
 864 42.95454545454545
 878 45
 1553 47.04545454545455
 646 49.09090909090909
 550 51.13636363636363
 486 53.18181818181818
 316 55.22727272727273
 311 57.27272727272727
 143 59.31818181818182
 105 61.36363636363636
 83 63.40909090909091
 29 65.45454545454545
 19 67.5
 0 69.54545454545455
 0 71.59090909090909
 0 73.63636363636364
 0 75.68181818181819
 0 77.72727272727272
 0 79.77272727272727
 0 81.81818181818181
 0 83.86363636363636
 0 85.90909090909091
 0 87.95454545454545
 0 90


