# Created by Octave 3.8.2, Sat Jun 20 10:16:13 2020 CEST <damian@fptrucha.inv.usc.es>
# name: hd
# type: matrix
# rows: 45
# columns: 2
 7 0
 2541 2.045454545454545
 1 4.090909090909091
 7 6.136363636363637
 2523 8.181818181818182
 357 10.22727272727273
 250 12.27272727272727
 859 14.31818181818182
 2781 16.36363636363636
 363 18.40909090909091
 921 20.45454545454545
 4036 22.5
 2405 24.54545454545455
 4397 26.59090909090909
 1470 28.63636363636364
 1467 30.68181818181818
 1452 32.72727272727273
 1775 34.77272727272727
 1194 36.81818181818182
 2416 38.86363636363636
 2295 40.90909090909091
 889 42.95454545454545
 898 45
 1552 47.04545454545455
 671 49.09090909090909
 533 51.13636363636363
 498 53.18181818181818
 327 55.22727272727273
 329 57.27272727272727
 124 59.31818181818182
 133 61.36363636363636
 70 63.40909090909091
 29 65.45454545454545
 12 67.5
 1 69.54545454545455
 0 71.59090909090909
 0 73.63636363636364
 0 75.68181818181819
 0 77.72727272727272
 0 79.77272727272727
 0 81.81818181818181
 0 83.86363636363636
 0 85.90909090909091
 0 87.95454545454545
 0 90


