# Created by Octave 3.8.2, Mon Jun 22 23:11:37 2020 CEST <damian@fptrucha.inv.usc.es>
# name: hd
# type: matrix
# rows: 45
# columns: 2
 1 0
 1976 2.045454545454545
 1 4.090909090909091
 15 6.136363636363637
 1868 8.181818181818182
 239 10.22727272727273
 199 12.27272727272727
 607 14.31818181818182
 2002 16.36363636363636
 284 18.40909090909091
 655 20.45454545454545
 2938 22.5
 1772 24.54545454545455
 3236 26.59090909090909
 1171 28.63636363636364
 1111 30.68181818181818
 1061 32.72727272727273
 1350 34.77272727272727
 884 36.81818181818182
 1850 38.86363636363636
 1726 40.90909090909091
 672 42.95454545454545
 641 45
 1195 47.04545454545455
 536 49.09090909090909
 490 51.13636363636363
 414 53.18181818181818
 288 55.22727272727273
 279 57.27272727272727
 116 59.31818181818182
 98 61.36363636363636
 55 63.40909090909091
 16 65.45454545454545
 13 67.5
 2 69.54545454545455
 0 71.59090909090909
 0 73.63636363636364
 0 75.68181818181819
 0 77.72727272727272
 0 79.77272727272727
 0 81.81818181818181
 0 83.86363636363636
 0 85.90909090909091
 0 87.95454545454545
 0 90


