# Created by Octave 3.8.2, Sun Jun 21 02:40:11 2020 CEST <damian@fptrucha.inv.usc.es>
# name: hd
# type: matrix
# rows: 45
# columns: 2
 1 0
 2366 2.045454545454545
 2 4.090909090909091
 4 6.136363636363637
 2250 8.181818181818182
 325 10.22727272727273
 233 12.27272727272727
 755 14.31818181818182
 2529 16.36363636363636
 295 18.40909090909091
 780 20.45454545454545
 3428 22.5
 2047 24.54545454545455
 3770 26.59090909090909
 1250 28.63636363636364
 1287 30.68181818181818
 1279 32.72727272727273
 1679 34.77272727272727
 1027 36.81818181818182
 2097 38.86363636363636
 2060 40.90909090909091
 745 42.95454545454545
 731 45
 1294 47.04545454545455
 599 49.09090909090909
 461 51.13636363636363
 425 53.18181818181818
 280 55.22727272727273
 266 57.27272727272727
 92 59.31818181818182
 101 61.36363636363636
 43 63.40909090909091
 25 65.45454545454545
 5 67.5
 0 69.54545454545455
 0 71.59090909090909
 0 73.63636363636364
 0 75.68181818181819
 0 77.72727272727272
 0 79.77272727272727
 0 81.81818181818181
 0 83.86363636363636
 0 85.90909090909091
 0 87.95454545454545
 0 90


