# Created by Octave 3.8.2, Mon Jun 22 14:45:47 2020 CEST <damian@fptrucha.inv.usc.es>
# name: hd
# type: matrix
# rows: 45
# columns: 2
 4 0
 2484 2.045454545454545
 6 4.090909090909091
 11 6.136363636363637
 2235 8.181818181818182
 287 10.22727272727273
 256 12.27272727272727
 778 14.31818181818182
 2459 16.36363636363636
 299 18.40909090909091
 803 20.45454545454545
 3772 22.5
 2030 24.54545454545455
 4080 26.59090909090909
 1339 28.63636363636364
 1365 30.68181818181818
 1386 32.72727272727273
 1678 34.77272727272727
 1095 36.81818181818182
 2162 38.86363636363636
 2109 40.90909090909091
 847 42.95454545454545
 825 45
 1396 47.04545454545455
 629 49.09090909090909
 577 51.13636363636363
 508 53.18181818181818
 356 55.22727272727273
 357 57.27272727272727
 138 59.31818181818182
 129 61.36363636363636
 90 63.40909090909091
 24 65.45454545454545
 22 67.5
 3 69.54545454545455
 0 71.59090909090909
 0 73.63636363636364
 0 75.68181818181819
 0 77.72727272727272
 0 79.77272727272727
 0 81.81818181818181
 0 83.86363636363636
 0 85.90909090909091
 0 87.95454545454545
 0 90


