# Created by Octave 3.8.2, Mon Jun 22 10:18:17 2020 CEST <damian@fptrucha.inv.usc.es>
# name: hd
# type: matrix
# rows: 45
# columns: 2
 6 0
 1524 2.045454545454545
 4 4.090909090909091
 8 6.136363636363637
 1496 8.181818181818182
 171 10.22727272727273
 178 12.27272727272727
 460 14.31818181818182
 1652 16.36363636363636
 175 18.40909090909091
 566 20.45454545454545
 2363 22.5
 1316 24.54545454545455
 2450 26.59090909090909
 882 28.63636363636364
 879 30.68181818181818
 874 32.72727272727273
 1017 34.77272727272727
 757 36.81818181818182
 1395 38.86363636363636
 1398 40.90909090909091
 540 42.95454545454545
 512 45
 912 47.04545454545455
 403 49.09090909090909
 402 51.13636363636363
 334 53.18181818181818
 237 55.22727272727273
 196 57.27272727272727
 106 59.31818181818182
 95 61.36363636363636
 44 63.40909090909091
 12 65.45454545454545
 9 67.5
 2 69.54545454545455
 0 71.59090909090909
 0 73.63636363636364
 0 75.68181818181819
 0 77.72727272727272
 0 79.77272727272727
 0 81.81818181818181
 0 83.86363636363636
 0 85.90909090909091
 0 87.95454545454545
 0 90


