# Created by Octave 3.8.2, Sat Jun 20 02:49:46 2020 CEST <damian@fptrucha.inv.usc.es>
# name: hd
# type: matrix
# rows: 45
# columns: 2
 8 0
 2666 2.045454545454545
 1 4.090909090909091
 6 6.136363636363637
 2593 8.181818181818182
 339 10.22727272727273
 283 12.27272727272727
 880 14.31818181818182
 2849 16.36363636363636
 305 18.40909090909091
 823 20.45454545454545
 3959 22.5
 2284 24.54545454545455
 4365 26.59090909090909
 1418 28.63636363636364
 1442 30.68181818181818
 1438 32.72727272727273
 1823 34.77272727272727
 1133 36.81818181818182
 2287 38.86363636363636
 2193 40.90909090909091
 777 42.95454545454545
 838 45
 1382 47.04545454545455
 615 49.09090909090909
 507 51.13636363636363
 449 53.18181818181818
 291 55.22727272727273
 294 57.27272727272727
 131 59.31818181818182
 105 61.36363636363636
 62 63.40909090909091
 25 65.45454545454545
 12 67.5
 0 69.54545454545455
 0 71.59090909090909
 0 73.63636363636364
 0 75.68181818181819
 0 77.72727272727272
 0 79.77272727272727
 0 81.81818181818181
 0 83.86363636363636
 0 85.90909090909091
 0 87.95454545454545
 0 90


