# Created by Octave 3.8.2, Sat Jun 20 09:18:59 2020 CEST <damian@fptrucha.inv.usc.es>
# name: hd
# type: matrix
# rows: 45
# columns: 2
 4 0
 2668 2.045454545454545
 3 4.090909090909091
 9 6.136363636363637
 2535 8.181818181818182
 338 10.22727272727273
 270 12.27272727272727
 951 14.31818181818182
 2960 16.36363636363636
 348 18.40909090909091
 889 20.45454545454545
 4102 22.5
 2470 24.54545454545455
 4462 26.59090909090909
 1504 28.63636363636364
 1578 30.68181818181818
 1468 32.72727272727273
 1910 34.77272727272727
 1261 36.81818181818182
 2510 38.86363636363636
 2308 40.90909090909091
 941 42.95454545454545
 925 45
 1553 47.04545454545455
 678 49.09090909090909
 573 51.13636363636363
 531 53.18181818181818
 359 55.22727272727273
 340 57.27272727272727
 118 59.31818181818182
 127 61.36363636363636
 75 63.40909090909091
 19 65.45454545454545
 14 67.5
 1 69.54545454545455
 0 71.59090909090909
 0 73.63636363636364
 0 75.68181818181819
 0 77.72727272727272
 0 79.77272727272727
 0 81.81818181818181
 0 83.86363636363636
 0 85.90909090909091
 0 87.95454545454545
 0 90


