# Created by Octave 3.8.2, Mon Jun 22 04:52:54 2020 CEST <damian@fptrucha.inv.usc.es>
# name: hd
# type: matrix
# rows: 45
# columns: 2
 9 0
 1981 2.045454545454545
 10 4.090909090909091
 7 6.136363636363637
 1856 8.181818181818182
 278 10.22727272727273
 221 12.27272727272727
 665 14.31818181818182
 2119 16.36363636363636
 238 18.40909090909091
 693 20.45454545454545
 3297 22.5
 1850 24.54545454545455
 3443 26.59090909090909
 1219 28.63636363636364
 1197 30.68181818181818
 1183 32.72727272727273
 1381 34.77272727272727
 958 36.81818181818182
 1908 38.86363636363636
 1924 40.90909090909091
 783 42.95454545454545
 766 45
 1279 47.04545454545455
 625 49.09090909090909
 549 51.13636363636363
 516 53.18181818181818
 352 55.22727272727273
 332 57.27272727272727
 141 59.31818181818182
 152 61.36363636363636
 87 63.40909090909091
 43 65.45454545454545
 19 67.5
 6 69.54545454545455
 0 71.59090909090909
 0 73.63636363636364
 0 75.68181818181819
 0 77.72727272727272
 0 79.77272727272727
 0 81.81818181818181
 0 83.86363636363636
 0 85.90909090909091
 0 87.95454545454545
 0 90


