# Created by Octave 3.8.2, Mon Jun 22 02:10:45 2020 CEST <damian@fptrucha.inv.usc.es>
# name: hd
# type: matrix
# rows: 45
# columns: 2
 4 0
 2198 2.045454545454545
 5 4.090909090909091
 8 6.136363636363637
 2141 8.181818181818182
 305 10.22727272727273
 206 12.27272727272727
 783 14.31818181818182
 2443 16.36363636363636
 328 18.40909090909091
 729 20.45454545454545
 3384 22.5
 2024 24.54545454545455
 3791 26.59090909090909
 1215 28.63636363636364
 1244 30.68181818181818
 1232 32.72727272727273
 1585 34.77272727272727
 1068 36.81818181818182
 1959 38.86363636363636
 2037 40.90909090909091
 827 42.95454545454545
 759 45
 1354 47.04545454545455
 574 49.09090909090909
 508 51.13636363636363
 465 53.18181818181818
 319 55.22727272727273
 297 57.27272727272727
 140 59.31818181818182
 109 61.36363636363636
 74 63.40909090909091
 16 65.45454545454545
 10 67.5
 3 69.54545454545455
 1 71.59090909090909
 0 73.63636363636364
 0 75.68181818181819
 0 77.72727272727272
 0 79.77272727272727
 0 81.81818181818181
 0 83.86363636363636
 0 85.90909090909091
 0 87.95454545454545
 0 90


