# Created by Octave 3.8.2, Mon Jun 22 15:01:55 2020 CEST <damian@fptrucha.inv.usc.es>
# name: hd
# type: matrix
# rows: 45
# columns: 2
 5 0
 2470 2.045454545454545
 1 4.090909090909091
 20 6.136363636363637
 2304 8.181818181818182
 320 10.22727272727273
 267 12.27272727272727
 726 14.31818181818182
 2546 16.36363636363636
 314 18.40909090909091
 772 20.45454545454545
 3648 22.5
 2112 24.54545454545455
 3978 26.59090909090909
 1328 28.63636363636364
 1341 30.68181818181818
 1353 32.72727272727273
 1685 34.77272727272727
 1158 36.81818181818182
 2151 38.86363636363636
 2190 40.90909090909091
 888 42.95454545454545
 799 45
 1472 47.04545454545455
 658 49.09090909090909
 542 51.13636363636363
 501 53.18181818181818
 355 55.22727272727273
 320 57.27272727272727
 140 59.31818181818182
 120 61.36363636363636
 91 63.40909090909091
 25 65.45454545454545
 17 67.5
 3 69.54545454545455
 0 71.59090909090909
 0 73.63636363636364
 0 75.68181818181819
 0 77.72727272727272
 0 79.77272727272727
 0 81.81818181818181
 0 83.86363636363636
 0 85.90909090909091
 0 87.95454545454545
 0 90


