# Created by Octave 3.8.2, Mon Jun 22 05:09:41 2020 CEST <damian@fptrucha.inv.usc.es>
# name: hd
# type: matrix
# rows: 45
# columns: 2
 13 0
 2110 2.045454545454545
 3 4.090909090909091
 10 6.136363636363637
 2000 8.181818181818182
 254 10.22727272727273
 239 12.27272727272727
 688 14.31818181818182
 2308 16.36363636363636
 263 18.40909090909091
 744 20.45454545454545
 3212 22.5
 1940 24.54545454545455
 3420 26.59090909090909
 1127 28.63636363636364
 1238 30.68181818181818
 1260 32.72727272727273
 1483 34.77272727272727
 1047 36.81818181818182
 1970 38.86363636363636
 2024 40.90909090909091
 825 42.95454545454545
 765 45
 1304 47.04545454545455
 631 49.09090909090909
 545 51.13636363636363
 460 53.18181818181818
 337 55.22727272727273
 281 57.27272727272727
 155 59.31818181818182
 128 61.36363636363636
 84 63.40909090909091
 25 65.45454545454545
 19 67.5
 2 69.54545454545455
 1 71.59090909090909
 0 73.63636363636364
 0 75.68181818181819
 0 77.72727272727272
 0 79.77272727272727
 0 81.81818181818181
 0 83.86363636363636
 0 85.90909090909091
 0 87.95454545454545
 0 90


