# Created by Octave 3.8.2, Mon Jun 22 07:52:04 2020 CEST <damian@fptrucha.inv.usc.es>
# name: hd
# type: matrix
# rows: 45
# columns: 2
 3 0
 2217 2.045454545454545
 6 4.090909090909091
 16 6.136363636363637
 2074 8.181818181818182
 240 10.22727272727273
 222 12.27272727272727
 750 14.31818181818182
 2528 16.36363636363636
 267 18.40909090909091
 772 20.45454545454545
 3480 22.5
 2001 24.54545454545455
 3721 26.59090909090909
 1324 28.63636363636364
 1244 30.68181818181818
 1284 32.72727272727273
 1561 34.77272727272727
 1107 36.81818181818182
 2111 38.86363636363636
 1983 40.90909090909091
 811 42.95454545454545
 768 45
 1288 47.04545454545455
 570 49.09090909090909
 576 51.13636363636363
 499 53.18181818181818
 315 55.22727272727273
 292 57.27272727272727
 141 59.31818181818182
 116 61.36363636363636
 84 63.40909090909091
 25 65.45454545454545
 21 67.5
 4 69.54545454545455
 0 71.59090909090909
 0 73.63636363636364
 0 75.68181818181819
 0 77.72727272727272
 0 79.77272727272727
 0 81.81818181818181
 0 83.86363636363636
 0 85.90909090909091
 0 87.95454545454545
 0 90


