# Created by Octave 3.8.2, Mon Jun 22 05:11:31 2020 CEST <damian@fptrucha.inv.usc.es>
# name: hd
# type: matrix
# rows: 45
# columns: 2
 8 0
 2143 2.045454545454545
 8 4.090909090909091
 9 6.136363636363637
 1943 8.181818181818182
 246 10.22727272727273
 252 12.27272727272727
 724 14.31818181818182
 2329 16.36363636363636
 246 18.40909090909091
 711 20.45454545454545
 3240 22.5
 1895 24.54545454545455
 3457 26.59090909090909
 1227 28.63636363636364
 1251 30.68181818181818
 1261 32.72727272727273
 1494 34.77272727272727
 1003 36.81818181818182
 1952 38.86363636363636
 2054 40.90909090909091
 826 42.95454545454545
 701 45
 1361 47.04545454545455
 643 49.09090909090909
 529 51.13636363636363
 487 53.18181818181818
 355 55.22727272727273
 307 57.27272727272727
 138 59.31818181818182
 139 61.36363636363636
 91 63.40909090909091
 27 65.45454545454545
 18 67.5
 2 69.54545454545455
 0 71.59090909090909
 0 73.63636363636364
 0 75.68181818181819
 0 77.72727272727272
 0 79.77272727272727
 0 81.81818181818181
 0 83.86363636363636
 0 85.90909090909091
 0 87.95454545454545
 0 90


