# Created by Octave 3.8.2, Mon Jun 22 10:43:16 2020 CEST <damian@fptrucha.inv.usc.es>
# name: hd
# type: matrix
# rows: 45
# columns: 2
 6 0
 2339 2.045454545454545
 4 4.090909090909091
 12 6.136363636363637
 2219 8.181818181818182
 297 10.22727272727273
 251 12.27272727272727
 737 14.31818181818182
 2456 16.36363636363636
 275 18.40909090909091
 794 20.45454545454545
 3625 22.5
 2086 24.54545454545455
 3760 26.59090909090909
 1279 28.63636363636364
 1326 30.68181818181818
 1331 32.72727272727273
 1592 34.77272727272727
 1056 36.81818181818182
 2105 38.86363636363636
 2166 40.90909090909091
 829 42.95454545454545
 783 45
 1348 47.04545454545455
 615 49.09090909090909
 520 51.13636363636363
 473 53.18181818181818
 315 55.22727272727273
 289 57.27272727272727
 140 59.31818181818182
 130 61.36363636363636
 70 63.40909090909091
 25 65.45454545454545
 17 67.5
 2 69.54545454545455
 0 71.59090909090909
 0 73.63636363636364
 0 75.68181818181819
 0 77.72727272727272
 0 79.77272727272727
 0 81.81818181818181
 0 83.86363636363636
 0 85.90909090909091
 0 87.95454545454545
 0 90


