# Created by Octave 3.8.2, Sat Jun 20 03:16:47 2020 CEST <damian@fptrucha.inv.usc.es>
# name: hd
# type: matrix
# rows: 45
# columns: 2
 6 0
 2644 2.045454545454545
 2 4.090909090909091
 9 6.136363636363637
 2523 8.181818181818182
 323 10.22727272727273
 274 12.27272727272727
 879 14.31818181818182
 2994 16.36363636363636
 357 18.40909090909091
 876 20.45454545454545
 3987 22.5
 2379 24.54545454545455
 4275 26.59090909090909
 1427 28.63636363636364
 1475 30.68181818181818
 1408 32.72727272727273
 1860 34.77272727272727
 1191 36.81818181818182
 2276 38.86363636363636
 2148 40.90909090909091
 831 42.95454545454545
 841 45
 1469 47.04545454545455
 664 49.09090909090909
 526 51.13636363636363
 496 53.18181818181818
 309 55.22727272727273
 279 57.27272727272727
 140 59.31818181818182
 110 61.36363636363636
 59 63.40909090909091
 11 65.45454545454545
 14 67.5
 0 69.54545454545455
 0 71.59090909090909
 0 73.63636363636364
 0 75.68181818181819
 0 77.72727272727272
 0 79.77272727272727
 0 81.81818181818181
 0 83.86363636363636
 0 85.90909090909091
 0 87.95454545454545
 0 90


