# Created by Octave 3.8.2, Mon Jun 22 18:29:49 2020 CEST <damian@fptrucha.inv.usc.es>
# name: hd
# type: matrix
# rows: 45
# columns: 2
 5 0
 2431 2.045454545454545
 2 4.090909090909091
 7 6.136363636363637
 2349 8.181818181818182
 256 10.22727272727273
 268 12.27272727272727
 833 14.31818181818182
 2626 16.36363636363636
 304 18.40909090909091
 792 20.45454545454545
 3690 22.5
 2164 24.54545454545455
 4121 26.59090909090909
 1379 28.63636363636364
 1430 30.68181818181818
 1346 32.72727272727273
 1741 34.77272727272727
 1189 36.81818181818182
 2201 38.86363636363636
 2213 40.90909090909091
 914 42.95454545454545
 870 45
 1430 47.04545454545455
 664 49.09090909090909
 602 51.13636363636363
 519 53.18181818181818
 338 55.22727272727273
 334 57.27272727272727
 158 59.31818181818182
 135 61.36363636363636
 93 63.40909090909091
 24 65.45454545454545
 24 67.5
 2 69.54545454545455
 0 71.59090909090909
 0 73.63636363636364
 0 75.68181818181819
 0 77.72727272727272
 0 79.77272727272727
 0 81.81818181818181
 0 83.86363636363636
 0 85.90909090909091
 0 87.95454545454545
 0 90


