# Created by Octave 3.8.2, Mon Jun 22 14:39:42 2020 CEST <damian@fptrucha.inv.usc.es>
# name: hd
# type: matrix
# rows: 45
# columns: 2
 11 0
 2408 2.045454545454545
 6 4.090909090909091
 5 6.136363636363637
 2171 8.181818181818182
 333 10.22727272727273
 273 12.27272727272727
 792 14.31818181818182
 2641 16.36363636363636
 310 18.40909090909091
 793 20.45454545454545
 3591 22.5
 2093 24.54545454545455
 3901 26.59090909090909
 1356 28.63636363636364
 1383 30.68181818181818
 1278 32.72727272727273
 1713 34.77272727272727
 1077 36.81818181818182
 2118 38.86363636363636
 2132 40.90909090909091
 886 42.95454545454545
 820 45
 1337 47.04545454545455
 641 49.09090909090909
 564 51.13636363636363
 483 53.18181818181818
 388 55.22727272727273
 321 57.27272727272727
 145 59.31818181818182
 138 61.36363636363636
 74 63.40909090909091
 22 65.45454545454545
 15 67.5
 1 69.54545454545455
 1 71.59090909090909
 0 73.63636363636364
 0 75.68181818181819
 0 77.72727272727272
 0 79.77272727272727
 0 81.81818181818181
 0 83.86363636363636
 0 85.90909090909091
 0 87.95454545454545
 0 90


