# Created by Octave 3.8.2, Sat Jun 20 15:44:37 2020 CEST <damian@fptrucha.inv.usc.es>
# name: hd
# type: matrix
# rows: 45
# columns: 2
 1 0
 2440 2.045454545454545
 1 4.090909090909091
 7 6.136363636363637
 2437 8.181818181818182
 345 10.22727272727273
 241 12.27272727272727
 810 14.31818181818182
 2610 16.36363636363636
 335 18.40909090909091
 791 20.45454545454545
 3666 22.5
 2179 24.54545454545455
 3896 26.59090909090909
 1295 28.63636363636364
 1365 30.68181818181818
 1334 32.72727272727273
 1709 34.77272727272727
 1111 36.81818181818182
 2153 38.86363636363636
 2073 40.90909090909091
 766 42.95454545454545
 834 45
 1338 47.04545454545455
 611 49.09090909090909
 503 51.13636363636363
 472 53.18181818181818
 283 55.22727272727273
 293 57.27272727272727
 122 59.31818181818182
 115 61.36363636363636
 66 63.40909090909091
 17 65.45454545454545
 10 67.5
 0 69.54545454545455
 0 71.59090909090909
 0 73.63636363636364
 0 75.68181818181819
 0 77.72727272727272
 0 79.77272727272727
 0 81.81818181818181
 0 83.86363636363636
 0 85.90909090909091
 0 87.95454545454545
 0 90


