# Created by Octave 3.8.2, Mon Jun 22 23:47:57 2020 CEST <damian@fptrucha.inv.usc.es>
# name: hd
# type: matrix
# rows: 45
# columns: 2
 4 0
 2517 2.045454545454545
 8 4.090909090909091
 8 6.136363636363637
 2360 8.181818181818182
 290 10.22727272727273
 256 12.27272727272727
 842 14.31818181818182
 2696 16.36363636363636
 338 18.40909090909091
 837 20.45454545454545
 3774 22.5
 2268 24.54545454545455
 4194 26.59090909090909
 1431 28.63636363636364
 1382 30.68181818181818
 1405 32.72727272727273
 1798 34.77272727272727
 1238 36.81818181818182
 2250 38.86363636363636
 2219 40.90909090909091
 900 42.95454545454545
 799 45
 1521 47.04545454545455
 670 49.09090909090909
 622 51.13636363636363
 520 53.18181818181818
 367 55.22727272727273
 334 57.27272727272727
 162 59.31818181818182
 121 61.36363636363636
 78 63.40909090909091
 25 65.45454545454545
 21 67.5
 7 69.54545454545455
 0 71.59090909090909
 0 73.63636363636364
 0 75.68181818181819
 0 77.72727272727272
 0 79.77272727272727
 0 81.81818181818181
 0 83.86363636363636
 0 85.90909090909091
 0 87.95454545454545
 0 90


