# Created by Octave 3.8.2, Sat Jun 20 13:43:56 2020 CEST <damian@fptrucha.inv.usc.es>
# name: hd
# type: matrix
# rows: 45
# columns: 2
 3 0
 2640 2.045454545454545
 3 4.090909090909091
 5 6.136363636363637
 2432 8.181818181818182
 381 10.22727272727273
 255 12.27272727272727
 922 14.31818181818182
 2654 16.36363636363636
 307 18.40909090909091
 871 20.45454545454545
 3836 22.5
 2249 24.54545454545455
 4188 26.59090909090909
 1355 28.63636363636364
 1415 30.68181818181818
 1345 32.72727272727273
 1772 34.77272727272727
 1172 36.81818181818182
 2213 38.86363636363636
 2211 40.90909090909091
 860 42.95454545454545
 818 45
 1498 47.04545454545455
 681 49.09090909090909
 495 51.13636363636363
 507 53.18181818181818
 352 55.22727272727273
 275 57.27272727272727
 128 59.31818181818182
 99 61.36363636363636
 73 63.40909090909091
 17 65.45454545454545
 9 67.5
 3 69.54545454545455
 0 71.59090909090909
 0 73.63636363636364
 0 75.68181818181819
 0 77.72727272727272
 0 79.77272727272727
 0 81.81818181818181
 0 83.86363636363636
 0 85.90909090909091
 0 87.95454545454545
 0 90


