# Created by Octave 3.8.2, Mon Jun 22 16:18:56 2020 CEST <damian@fptrucha.inv.usc.es>
# name: hd
# type: matrix
# rows: 45
# columns: 2
 8 0
 2285 2.045454545454545
 6 4.090909090909091
 12 6.136363636363637
 2194 8.181818181818182
 279 10.22727272727273
 239 12.27272727272727
 800 14.31818181818182
 2553 16.36363636363636
 299 18.40909090909091
 801 20.45454545454545
 3733 22.5
 2134 24.54545454545455
 3998 26.59090909090909
 1308 28.63636363636364
 1334 30.68181818181818
 1384 32.72727272727273
 1709 34.77272727272727
 1177 36.81818181818182
 2262 38.86363636363636
 2186 40.90909090909091
 903 42.95454545454545
 863 45
 1454 47.04545454545455
 743 49.09090909090909
 615 51.13636363636363
 521 53.18181818181818
 349 55.22727272727273
 381 57.27272727272727
 170 59.31818181818182
 129 61.36363636363636
 84 63.40909090909091
 27 65.45454545454545
 13 67.5
 1 69.54545454545455
 0 71.59090909090909
 0 73.63636363636364
 0 75.68181818181819
 0 77.72727272727272
 0 79.77272727272727
 0 81.81818181818181
 0 83.86363636363636
 0 85.90909090909091
 0 87.95454545454545
 0 90


