# Created by Octave 3.8.2, Sun Jun 21 04:06:50 2020 CEST <damian@fptrucha.inv.usc.es>
# name: hd
# type: matrix
# rows: 45
# columns: 2
 7 0
 2355 2.045454545454545
 1 4.090909090909091
 10 6.136363636363637
 2218 8.181818181818182
 326 10.22727272727273
 248 12.27272727272727
 820 14.31818181818182
 2537 16.36363636363636
 318 18.40909090909091
 783 20.45454545454545
 3460 22.5
 2100 24.54545454545455
 3781 26.59090909090909
 1275 28.63636363636364
 1273 30.68181818181818
 1352 32.72727272727273
 1625 34.77272727272727
 1080 36.81818181818182
 2016 38.86363636363636
 2001 40.90909090909091
 768 42.95454545454545
 829 45
 1307 47.04545454545455
 546 49.09090909090909
 503 51.13636363636363
 430 53.18181818181818
 272 55.22727272727273
 261 57.27272727272727
 120 59.31818181818182
 88 61.36363636363636
 62 63.40909090909091
 12 65.45454545454545
 15 67.5
 2 69.54545454545455
 0 71.59090909090909
 0 73.63636363636364
 0 75.68181818181819
 0 77.72727272727272
 0 79.77272727272727
 0 81.81818181818181
 0 83.86363636363636
 0 85.90909090909091
 0 87.95454545454545
 0 90


