# Created by Octave 3.8.2, Mon Jun 22 12:13:45 2020 CEST <damian@fptrucha.inv.usc.es>
# name: hd
# type: matrix
# rows: 45
# columns: 2
 6 0
 2385 2.045454545454545
 7 4.090909090909091
 8 6.136363636363637
 2223 8.181818181818182
 271 10.22727272727273
 241 12.27272727272727
 728 14.31818181818182
 2517 16.36363636363636
 275 18.40909090909091
 832 20.45454545454545
 3476 22.5
 2056 24.54545454545455
 3839 26.59090909090909
 1364 28.63636363636364
 1283 30.68181818181818
 1349 32.72727272727273
 1626 34.77272727272727
 1145 36.81818181818182
 2136 38.86363636363636
 2115 40.90909090909091
 867 42.95454545454545
 764 45
 1338 47.04545454545455
 609 49.09090909090909
 530 51.13636363636363
 482 53.18181818181818
 334 55.22727272727273
 337 57.27272727272727
 151 59.31818181818182
 154 61.36363636363636
 83 63.40909090909091
 16 65.45454545454545
 17 67.5
 2 69.54545454545455
 0 71.59090909090909
 0 73.63636363636364
 0 75.68181818181819
 0 77.72727272727272
 0 79.77272727272727
 0 81.81818181818181
 0 83.86363636363636
 0 85.90909090909091
 0 87.95454545454545
 0 90


