# Created by Octave 3.8.2, Sun Jun 21 01:19:50 2020 CEST <damian@fptrucha.inv.usc.es>
# name: hd
# type: matrix
# rows: 45
# columns: 2
 4 0
 2359 2.045454545454545
 1 4.090909090909091
 8 6.136363636363637
 2333 8.181818181818182
 305 10.22727272727273
 224 12.27272727272727
 840 14.31818181818182
 2569 16.36363636363636
 311 18.40909090909091
 764 20.45454545454545
 3521 22.5
 2209 24.54545454545455
 3880 26.59090909090909
 1320 28.63636363636364
 1305 30.68181818181818
 1278 32.72727272727273
 1604 34.77272727272727
 1063 36.81818181818182
 2060 38.86363636363636
 2024 40.90909090909091
 789 42.95454545454545
 756 45
 1259 47.04545454545455
 576 49.09090909090909
 449 51.13636363636363
 422 53.18181818181818
 266 55.22727272727273
 264 57.27272727272727
 119 59.31818181818182
 86 61.36363636363636
 48 63.40909090909091
 15 65.45454545454545
 7 67.5
 0 69.54545454545455
 0 71.59090909090909
 0 73.63636363636364
 0 75.68181818181819
 0 77.72727272727272
 0 79.77272727272727
 0 81.81818181818181
 0 83.86363636363636
 0 85.90909090909091
 0 87.95454545454545
 0 90


