# Created by Octave 3.8.2, Sun Jun 21 03:25:41 2020 CEST <damian@fptrucha.inv.usc.es>
# name: hd
# type: matrix
# rows: 45
# columns: 2
 5 0
 2324 2.045454545454545
 1 4.090909090909091
 7 6.136363636363637
 2275 8.181818181818182
 306 10.22727272727273
 226 12.27272727272727
 800 14.31818181818182
 2545 16.36363636363636
 312 18.40909090909091
 769 20.45454545454545
 3511 22.5
 2006 24.54545454545455
 3876 26.59090909090909
 1236 28.63636363636364
 1334 30.68181818181818
 1274 32.72727272727273
 1602 34.77272727272727
 1086 36.81818181818182
 2064 38.86363636363636
 1886 40.90909090909091
 801 42.95454545454545
 785 45
 1287 47.04545454545455
 620 49.09090909090909
 487 51.13636363636363
 436 53.18181818181818
 306 55.22727272727273
 268 57.27272727272727
 112 59.31818181818182
 95 61.36363636363636
 47 63.40909090909091
 26 65.45454545454545
 12 67.5
 0 69.54545454545455
 0 71.59090909090909
 0 73.63636363636364
 0 75.68181818181819
 0 77.72727272727272
 0 79.77272727272727
 0 81.81818181818181
 0 83.86363636363636
 0 85.90909090909091
 0 87.95454545454545
 0 90


