# Created by Octave 3.8.2, Mon Jun 22 19:36:11 2020 CEST <damian@fptrucha.inv.usc.es>
# name: hd
# type: matrix
# rows: 45
# columns: 2
 9 0
 2459 2.045454545454545
 2 4.090909090909091
 15 6.136363636363637
 2322 8.181818181818182
 274 10.22727272727273
 289 12.27272727272727
 797 14.31818181818182
 2679 16.36363636363636
 319 18.40909090909091
 824 20.45454545454545
 3744 22.5
 2220 24.54545454545455
 4064 26.59090909090909
 1387 28.63636363636364
 1394 30.68181818181818
 1374 32.72727272727273
 1640 34.77272727272727
 1221 36.81818181818182
 2163 38.86363636363636
 2183 40.90909090909091
 854 42.95454545454545
 866 45
 1473 47.04545454545455
 677 49.09090909090909
 578 51.13636363636363
 492 53.18181818181818
 374 55.22727272727273
 308 57.27272727272727
 159 59.31818181818182
 130 61.36363636363636
 86 63.40909090909091
 24 65.45454545454545
 15 67.5
 1 69.54545454545455
 1 71.59090909090909
 0 73.63636363636364
 0 75.68181818181819
 0 77.72727272727272
 0 79.77272727272727
 0 81.81818181818181
 0 83.86363636363636
 0 85.90909090909091
 0 87.95454545454545
 0 90


