# Created by Octave 3.8.2, Mon Jun 22 19:50:55 2020 CEST <damian@fptrucha.inv.usc.es>
# name: hd
# type: matrix
# rows: 45
# columns: 2
 4 0
 2313 2.045454545454545
 5 4.090909090909091
 10 6.136363636363637
 2308 8.181818181818182
 316 10.22727272727273
 244 12.27272727272727
 841 14.31818181818182
 2606 16.36363636363636
 308 18.40909090909091
 853 20.45454545454545
 3687 22.5
 2285 24.54545454545455
 4033 26.59090909090909
 1420 28.63636363636364
 1376 30.68181818181818
 1390 32.72727272727273
 1735 34.77272727272727
 1156 36.81818181818182
 2132 38.86363636363636
 2166 40.90909090909091
 858 42.95454545454545
 827 45
 1518 47.04545454545455
 688 49.09090909090909
 613 51.13636363636363
 509 53.18181818181818
 350 55.22727272727273
 347 57.27272727272727
 140 59.31818181818182
 131 61.36363636363636
 78 63.40909090909091
 19 65.45454545454545
 22 67.5
 1 69.54545454545455
 0 71.59090909090909
 0 73.63636363636364
 0 75.68181818181819
 0 77.72727272727272
 0 79.77272727272727
 0 81.81818181818181
 0 83.86363636363636
 0 85.90909090909091
 0 87.95454545454545
 0 90


