# Created by Octave 3.8.2, Mon Jun 22 06:52:06 2020 CEST <damian@fptrucha.inv.usc.es>
# name: hd
# type: matrix
# rows: 45
# columns: 2
 6 0
 2206 2.045454545454545
 8 4.090909090909091
 10 6.136363636363637
 2087 8.181818181818182
 253 10.22727272727273
 244 12.27272727272727
 760 14.31818181818182
 2452 16.36363636363636
 263 18.40909090909091
 787 20.45454545454545
 3367 22.5
 1844 24.54545454545455
 3503 26.59090909090909
 1204 28.63636363636364
 1232 30.68181818181818
 1248 32.72727272727273
 1495 34.77272727272727
 1063 36.81818181818182
 1932 38.86363636363636
 2013 40.90909090909091
 775 42.95454545454545
 769 45
 1328 47.04545454545455
 588 49.09090909090909
 545 51.13636363636363
 484 53.18181818181818
 377 55.22727272727273
 332 57.27272727272727
 141 59.31818181818182
 137 61.36363636363636
 81 63.40909090909091
 25 65.45454545454545
 27 67.5
 2 69.54545454545455
 0 71.59090909090909
 0 73.63636363636364
 0 75.68181818181819
 0 77.72727272727272
 0 79.77272727272727
 0 81.81818181818181
 0 83.86363636363636
 0 85.90909090909091
 0 87.95454545454545
 0 90


