# Created by Octave 3.8.2, Mon Jun 22 10:10:14 2020 CEST <damian@fptrucha.inv.usc.es>
# name: hd
# type: matrix
# rows: 45
# columns: 2
 10 0
 2371 2.045454545454545
 5 4.090909090909091
 11 6.136363636363637
 2178 8.181818181818182
 276 10.22727272727273
 239 12.27272727272727
 765 14.31818181818182
 2516 16.36363636363636
 292 18.40909090909091
 785 20.45454545454545
 3572 22.5
 2094 24.54545454545455
 3686 26.59090909090909
 1328 28.63636363636364
 1255 30.68181818181818
 1280 32.72727272727273
 1575 34.77272727272727
 1092 36.81818181818182
 2083 38.86363636363636
 1992 40.90909090909091
 805 42.95454545454545
 810 45
 1357 47.04545454545455
 610 49.09090909090909
 549 51.13636363636363
 489 53.18181818181818
 321 55.22727272727273
 303 57.27272727272727
 138 59.31818181818182
 119 61.36363636363636
 87 63.40909090909091
 19 65.45454545454545
 21 67.5
 1 69.54545454545455
 0 71.59090909090909
 0 73.63636363636364
 0 75.68181818181819
 0 77.72727272727272
 0 79.77272727272727
 0 81.81818181818181
 0 83.86363636363636
 0 85.90909090909091
 0 87.95454545454545
 0 90


