# Created by Octave 3.8.2, Sat Jun 20 23:49:24 2020 CEST <damian@fptrucha.inv.usc.es>
# name: hd
# type: matrix
# rows: 45
# columns: 2
 3 0
 2296 2.045454545454545
 3 4.090909090909091
 6 6.136363636363637
 2250 8.181818181818182
 349 10.22727272727273
 221 12.27272727272727
 768 14.31818181818182
 2550 16.36363636363636
 295 18.40909090909091
 814 20.45454545454545
 3390 22.5
 2131 24.54545454545455
 3855 26.59090909090909
 1318 28.63636363636364
 1246 30.68181818181818
 1251 32.72727272727273
 1592 34.77272727272727
 1080 36.81818181818182
 2054 38.86363636363636
 1990 40.90909090909091
 758 42.95454545454545
 774 45
 1189 47.04545454545455
 595 49.09090909090909
 463 51.13636363636363
 447 53.18181818181818
 285 55.22727272727273
 289 57.27272727272727
 113 59.31818181818182
 80 61.36363636363636
 53 63.40909090909091
 14 65.45454545454545
 6 67.5
 1 69.54545454545455
 0 71.59090909090909
 0 73.63636363636364
 0 75.68181818181819
 0 77.72727272727272
 0 79.77272727272727
 0 81.81818181818181
 0 83.86363636363636
 0 85.90909090909091
 0 87.95454545454545
 0 90


