# Created by Octave 3.8.2, Sun Jun 21 02:13:01 2020 CEST <damian@fptrucha.inv.usc.es>
# name: hd
# type: matrix
# rows: 45
# columns: 2
 7 0
 2264 2.045454545454545
 4 4.090909090909091
 3 6.136363636363637
 2360 8.181818181818182
 323 10.22727272727273
 239 12.27272727272727
 736 14.31818181818182
 2649 16.36363636363636
 330 18.40909090909091
 774 20.45454545454545
 3446 22.5
 2111 24.54545454545455
 3889 26.59090909090909
 1371 28.63636363636364
 1286 30.68181818181818
 1240 32.72727272727273
 1617 34.77272727272727
 1095 36.81818181818182
 2071 38.86363636363636
 2080 40.90909090909091
 696 42.95454545454545
 777 45
 1326 47.04545454545455
 582 49.09090909090909
 449 51.13636363636363
 456 53.18181818181818
 297 55.22727272727273
 254 57.27272727272727
 104 59.31818181818182
 107 61.36363636363636
 54 63.40909090909091
 20 65.45454545454545
 9 67.5
 3 69.54545454545455
 0 71.59090909090909
 0 73.63636363636364
 0 75.68181818181819
 0 77.72727272727272
 0 79.77272727272727
 0 81.81818181818181
 0 83.86363636363636
 0 85.90909090909091
 0 87.95454545454545
 0 90


