# Created by Octave 3.8.2, Mon Jun 22 12:51:13 2020 CEST <damian@fptrucha.inv.usc.es>
# name: hd
# type: matrix
# rows: 45
# columns: 2
 8 0
 2350 2.045454545454545
 3 4.090909090909091
 17 6.136363636363637
 2213 8.181818181818182
 295 10.22727272727273
 266 12.27272727272727
 785 14.31818181818182
 2637 16.36363636363636
 331 18.40909090909091
 799 20.45454545454545
 3703 22.5
 2156 24.54545454545455
 3801 26.59090909090909
 1409 28.63636363636364
 1339 30.68181818181818
 1309 32.72727272727273
 1660 34.77272727272727
 1093 36.81818181818182
 2188 38.86363636363636
 2100 40.90909090909091
 802 42.95454545454545
 793 45
 1394 47.04545454545455
 652 49.09090909090909
 576 51.13636363636363
 521 53.18181818181818
 317 55.22727272727273
 320 57.27272727272727
 120 59.31818181818182
 115 61.36363636363636
 93 63.40909090909091
 32 65.45454545454545
 10 67.5
 10 69.54545454545455
 0 71.59090909090909
 0 73.63636363636364
 0 75.68181818181819
 0 77.72727272727272
 0 79.77272727272727
 0 81.81818181818181
 0 83.86363636363636
 0 85.90909090909091
 0 87.95454545454545
 0 90


