# Created by Octave 3.8.2, Sat Jun 20 21:31:04 2020 CEST <damian@fptrucha.inv.usc.es>
# name: hd
# type: matrix
# rows: 45
# columns: 2
 3 0
 2283 2.045454545454545
 5 4.090909090909091
 6 6.136363636363637
 2321 8.181818181818182
 311 10.22727272727273
 266 12.27272727272727
 738 14.31818181818182
 2563 16.36363636363636
 304 18.40909090909091
 771 20.45454545454545
 3585 22.5
 2113 24.54545454545455
 4002 26.59090909090909
 1242 28.63636363636364
 1394 30.68181818181818
 1261 32.72727272727273
 1596 34.77272727272727
 1039 36.81818181818182
 2056 38.86363636363636
 2092 40.90909090909091
 741 42.95454545454545
 754 45
 1320 47.04545454545455
 600 49.09090909090909
 490 51.13636363636363
 443 53.18181818181818
 276 55.22727272727273
 258 57.27272727272727
 122 59.31818181818182
 95 61.36363636363636
 56 63.40909090909091
 18 65.45454545454545
 12 67.5
 1 69.54545454545455
 0 71.59090909090909
 0 73.63636363636364
 0 75.68181818181819
 0 77.72727272727272
 0 79.77272727272727
 0 81.81818181818181
 0 83.86363636363636
 0 85.90909090909091
 0 87.95454545454545
 0 90


