# Created by Octave 3.8.2, Sat Jun 20 17:37:24 2020 CEST <damian@fptrucha.inv.usc.es>
# name: hd
# type: matrix
# rows: 45
# columns: 2
 3 0
 2418 2.045454545454545
 3 4.090909090909091
 5 6.136363636363637
 2361 8.181818181818182
 305 10.22727272727273
 228 12.27272727272727
 832 14.31818181818182
 2689 16.36363636363636
 333 18.40909090909091
 747 20.45454545454545
 3619 22.5
 2185 24.54545454545455
 3838 26.59090909090909
 1296 28.63636363636364
 1396 30.68181818181818
 1338 32.72727272727273
 1597 34.77272727272727
 1119 36.81818181818182
 2082 38.86363636363636
 2047 40.90909090909091
 768 42.95454545454545
 763 45
 1350 47.04545454545455
 591 49.09090909090909
 489 51.13636363636363
 480 53.18181818181818
 280 55.22727272727273
 279 57.27272727272727
 103 59.31818181818182
 95 61.36363636363636
 53 63.40909090909091
 19 65.45454545454545
 13 67.5
 0 69.54545454545455
 0 71.59090909090909
 0 73.63636363636364
 0 75.68181818181819
 0 77.72727272727272
 0 79.77272727272727
 0 81.81818181818181
 0 83.86363636363636
 0 85.90909090909091
 0 87.95454545454545
 0 90


