# Created by Octave 3.8.2, Mon Jun 22 08:32:29 2020 CEST <damian@fptrucha.inv.usc.es>
# name: hd
# type: matrix
# rows: 45
# columns: 2
 7 0
 2256 2.045454545454545
 8 4.090909090909091
 15 6.136363636363637
 2078 8.181818181818182
 279 10.22727272727273
 242 12.27272727272727
 789 14.31818181818182
 2458 16.36363636363636
 301 18.40909090909091
 765 20.45454545454545
 3562 22.5
 1964 24.54545454545455
 3643 26.59090909090909
 1369 28.63636363636364
 1251 30.68181818181818
 1280 32.72727272727273
 1570 34.77272727272727
 1091 36.81818181818182
 2154 38.86363636363636
 2060 40.90909090909091
 806 42.95454545454545
 797 45
 1311 47.04545454545455
 625 49.09090909090909
 556 51.13636363636363
 470 53.18181818181818
 365 55.22727272727273
 354 57.27272727272727
 136 59.31818181818182
 141 61.36363636363636
 102 63.40909090909091
 31 65.45454545454545
 17 67.5
 5 69.54545454545455
 0 71.59090909090909
 0 73.63636363636364
 0 75.68181818181819
 0 77.72727272727272
 0 79.77272727272727
 0 81.81818181818181
 0 83.86363636363636
 0 85.90909090909091
 0 87.95454545454545
 0 90


