# Created by Octave 3.8.2, Mon Jun 22 14:21:28 2020 CEST <damian@fptrucha.inv.usc.es>
# name: hd
# type: matrix
# rows: 45
# columns: 2
 4 0
 1565 2.045454545454545
 4 4.090909090909091
 5 6.136363636363637
 1420 8.181818181818182
 167 10.22727272727273
 152 12.27272727272727
 493 14.31818181818182
 1616 16.36363636363636
 201 18.40909090909091
 516 20.45454545454545
 2416 22.5
 1347 24.54545454545455
 2525 26.59090909090909
 897 28.63636363636364
 859 30.68181818181818
 912 32.72727272727273
 1055 34.77272727272727
 696 36.81818181818182
 1408 38.86363636363636
 1403 40.90909090909091
 559 42.95454545454545
 542 45
 895 47.04545454545455
 415 49.09090909090909
 385 51.13636363636363
 335 53.18181818181818
 216 55.22727272727273
 212 57.27272727272727
 93 59.31818181818182
 109 61.36363636363636
 46 63.40909090909091
 11 65.45454545454545
 11 67.5
 2 69.54545454545455
 1 71.59090909090909
 0 73.63636363636364
 0 75.68181818181819
 0 77.72727272727272
 0 79.77272727272727
 0 81.81818181818181
 0 83.86363636363636
 0 85.90909090909091
 0 87.95454545454545
 0 90


