# Created by Octave 3.8.2, Sat Jun 20 19:40:52 2020 CEST <damian@fptrucha.inv.usc.es>
# name: hd
# type: matrix
# rows: 45
# columns: 2
 3 0
 2382 2.045454545454545
 2 4.090909090909091
 10 6.136363636363637
 2371 8.181818181818182
 310 10.22727272727273
 246 12.27272727272727
 815 14.31818181818182
 2578 16.36363636363636
 310 18.40909090909091
 759 20.45454545454545
 3616 22.5
 2110 24.54545454545455
 3912 26.59090909090909
 1287 28.63636363636364
 1310 30.68181818181818
 1330 32.72727272727273
 1695 34.77272727272727
 1046 36.81818181818182
 2087 38.86363636363636
 2068 40.90909090909091
 794 42.95454545454545
 809 45
 1328 47.04545454545455
 571 49.09090909090909
 514 51.13636363636363
 444 53.18181818181818
 295 55.22727272727273
 297 57.27272727272727
 108 59.31818181818182
 100 61.36363636363636
 55 63.40909090909091
 19 65.45454545454545
 13 67.5
 3 69.54545454545455
 0 71.59090909090909
 0 73.63636363636364
 0 75.68181818181819
 0 77.72727272727272
 0 79.77272727272727
 0 81.81818181818181
 0 83.86363636363636
 0 85.90909090909091
 0 87.95454545454545
 0 90


