# Created by Octave 3.8.2, Sun Jun 21 04:42:54 2020 CEST <damian@fptrucha.inv.usc.es>
# name: hd
# type: matrix
# rows: 45
# columns: 2
 4 0
 2372 2.045454545454545
 1 4.090909090909091
 7 6.136363636363637
 2291 8.181818181818182
 293 10.22727272727273
 232 12.27272727272727
 776 14.31818181818182
 2480 16.36363636363636
 306 18.40909090909091
 775 20.45454545454545
 3528 22.5
 2068 24.54545454545455
 3984 26.59090909090909
 1295 28.63636363636364
 1357 30.68181818181818
 1304 32.72727272727273
 1582 34.77272727272727
 1112 36.81818181818182
 2153 38.86363636363636
 2014 40.90909090909091
 761 42.95454545454545
 758 45
 1348 47.04545454545455
 591 49.09090909090909
 510 51.13636363636363
 427 53.18181818181818
 311 55.22727272727273
 273 57.27272727272727
 118 59.31818181818182
 91 61.36363636363636
 65 63.40909090909091
 14 65.45454545454545
 8 67.5
 2 69.54545454545455
 1 71.59090909090909
 0 73.63636363636364
 0 75.68181818181819
 0 77.72727272727272
 0 79.77272727272727
 0 81.81818181818181
 0 83.86363636363636
 0 85.90909090909091
 0 87.95454545454545
 0 90


