# Created by Octave 3.8.2, Sat Jun 20 20:26:26 2020 CEST <damian@fptrucha.inv.usc.es>
# name: hd
# type: matrix
# rows: 45
# columns: 2
 9 0
 2408 2.045454545454545
 1 4.090909090909091
 6 6.136363636363637
 2380 8.181818181818182
 294 10.22727272727273
 278 12.27272727272727
 784 14.31818181818182
 2577 16.36363636363636
 307 18.40909090909091
 788 20.45454545454545
 3660 22.5
 2112 24.54545454545455
 3853 26.59090909090909
 1309 28.63636363636364
 1309 30.68181818181818
 1317 32.72727272727273
 1650 34.77272727272727
 1011 36.81818181818182
 2116 38.86363636363636
 2002 40.90909090909091
 790 42.95454545454545
 805 45
 1285 47.04545454545455
 569 49.09090909090909
 505 51.13636363636363
 420 53.18181818181818
 263 55.22727272727273
 247 57.27272727272727
 110 59.31818181818182
 97 61.36363636363636
 51 63.40909090909091
 20 65.45454545454545
 4 67.5
 2 69.54545454545455
 0 71.59090909090909
 0 73.63636363636364
 0 75.68181818181819
 0 77.72727272727272
 0 79.77272727272727
 0 81.81818181818181
 0 83.86363636363636
 0 85.90909090909091
 0 87.95454545454545
 0 90


