# Created by Octave 3.8.2, Sat Jun 20 07:10:30 2020 CEST <damian@fptrucha.inv.usc.es>
# name: hd
# type: matrix
# rows: 45
# columns: 2
 0 0
 2732 2.045454545454545
 0 4.090909090909091
 13 6.136363636363637
 2641 8.181818181818182
 329 10.22727272727273
 268 12.27272727272727
 887 14.31818181818182
 2895 16.36363636363636
 361 18.40909090909091
 895 20.45454545454545
 4131 22.5
 2350 24.54545454545455
 4464 26.59090909090909
 1482 28.63636363636364
 1450 30.68181818181818
 1383 32.72727272727273
 1935 34.77272727272727
 1226 36.81818181818182
 2431 38.86363636363636
 2313 40.90909090909091
 898 42.95454545454545
 889 45
 1593 47.04545454545455
 652 49.09090909090909
 587 51.13636363636363
 524 53.18181818181818
 369 55.22727272727273
 338 57.27272727272727
 140 59.31818181818182
 123 61.36363636363636
 74 63.40909090909091
 23 65.45454545454545
 14 67.5
 0 69.54545454545455
 0 71.59090909090909
 0 73.63636363636364
 0 75.68181818181819
 0 77.72727272727272
 0 79.77272727272727
 0 81.81818181818181
 0 83.86363636363636
 0 85.90909090909091
 0 87.95454545454545
 0 90


