# Created by Octave 3.8.2, Sat Jun 20 18:48:34 2020 CEST <damian@fptrucha.inv.usc.es>
# name: hd
# type: matrix
# rows: 45
# columns: 2
 4 0
 2404 2.045454545454545
 3 4.090909090909091
 8 6.136363636363637
 2338 8.181818181818182
 299 10.22727272727273
 243 12.27272727272727
 835 14.31818181818182
 2526 16.36363636363636
 319 18.40909090909091
 849 20.45454545454545
 3623 22.5
 2039 24.54545454545455
 3852 26.59090909090909
 1333 28.63636363636364
 1307 30.68181818181818
 1317 32.72727272727273
 1714 34.77272727272727
 1092 36.81818181818182
 2195 38.86363636363636
 2024 40.90909090909091
 775 42.95454545454545
 751 45
 1359 47.04545454545455
 598 49.09090909090909
 522 51.13636363636363
 446 53.18181818181818
 298 55.22727272727273
 271 57.27272727272727
 107 59.31818181818182
 100 61.36363636363636
 52 63.40909090909091
 16 65.45454545454545
 12 67.5
 1 69.54545454545455
 0 71.59090909090909
 0 73.63636363636364
 0 75.68181818181819
 0 77.72727272727272
 0 79.77272727272727
 0 81.81818181818181
 0 83.86363636363636
 0 85.90909090909091
 0 87.95454545454545
 0 90


