# Created by Octave 3.8.2, Mon Jun 22 09:27:11 2020 CEST <damian@fptrucha.inv.usc.es>
# name: hd
# type: matrix
# rows: 45
# columns: 2
 6 0
 2272 2.045454545454545
 6 4.090909090909091
 11 6.136363636363637
 2213 8.181818181818182
 295 10.22727272727273
 267 12.27272727272727
 769 14.31818181818182
 2485 16.36363636363636
 289 18.40909090909091
 821 20.45454545454545
 3541 22.5
 1996 24.54545454545455
 3661 26.59090909090909
 1311 28.63636363636364
 1271 30.68181818181818
 1230 32.72727272727273
 1598 34.77272727272727
 1056 36.81818181818182
 2083 38.86363636363636
 2064 40.90909090909091
 775 42.95454545454545
 784 45
 1342 47.04545454545455
 605 49.09090909090909
 567 51.13636363636363
 502 53.18181818181818
 328 55.22727272727273
 311 57.27272727272727
 158 59.31818181818182
 151 61.36363636363636
 78 63.40909090909091
 28 65.45454545454545
 14 67.5
 5 69.54545454545455
 0 71.59090909090909
 0 73.63636363636364
 0 75.68181818181819
 0 77.72727272727272
 0 79.77272727272727
 0 81.81818181818181
 0 83.86363636363636
 0 85.90909090909091
 0 87.95454545454545
 0 90


