# Created by Octave 3.8.2, Sun Jun 21 03:15:09 2020 CEST <damian@fptrucha.inv.usc.es>
# name: hd
# type: matrix
# rows: 45
# columns: 2
 3 0
 2357 2.045454545454545
 2 4.090909090909091
 5 6.136363636363637
 2257 8.181818181818182
 297 10.22727272727273
 238 12.27272727272727
 786 14.31818181818182
 2558 16.36363636363636
 308 18.40909090909091
 728 20.45454545454545
 3388 22.5
 1984 24.54545454545455
 3854 26.59090909090909
 1244 28.63636363636364
 1312 30.68181818181818
 1248 32.72727272727273
 1629 34.77272727272727
 1072 36.81818181818182
 2043 38.86363636363636
 2024 40.90909090909091
 734 42.95454545454545
 782 45
 1284 47.04545454545455
 536 49.09090909090909
 486 51.13636363636363
 424 53.18181818181818
 267 55.22727272727273
 267 57.27272727272727
 112 59.31818181818182
 86 61.36363636363636
 66 63.40909090909091
 15 65.45454545454545
 9 67.5
 3 69.54545454545455
 0 71.59090909090909
 0 73.63636363636364
 0 75.68181818181819
 0 77.72727272727272
 0 79.77272727272727
 0 81.81818181818181
 0 83.86363636363636
 0 85.90909090909091
 0 87.95454545454545
 0 90


