# Created by Octave 3.8.2, Mon Jun 22 02:58:37 2020 CEST <damian@fptrucha.inv.usc.es>
# name: hd
# type: matrix
# rows: 45
# columns: 2
 19 0
 2190 2.045454545454545
 9 4.090909090909091
 10 6.136363636363637
 1997 8.181818181818182
 296 10.22727272727273
 248 12.27272727272727
 723 14.31818181818182
 2289 16.36363636363636
 250 18.40909090909091
 778 20.45454545454545
 3323 22.5
 1904 24.54545454545455
 3642 26.59090909090909
 1303 28.63636363636364
 1267 30.68181818181818
 1262 32.72727272727273
 1524 34.77272727272727
 1033 36.81818181818182
 2055 38.86363636363636
 1996 40.90909090909091
 767 42.95454545454545
 797 45
 1239 47.04545454545455
 626 49.09090909090909
 565 51.13636363636363
 451 53.18181818181818
 328 55.22727272727273
 308 57.27272727272727
 165 59.31818181818182
 139 61.36363636363636
 78 63.40909090909091
 40 65.45454545454545
 17 67.5
 1 69.54545454545455
 0 71.59090909090909
 0 73.63636363636364
 0 75.68181818181819
 0 77.72727272727272
 0 79.77272727272727
 0 81.81818181818181
 0 83.86363636363636
 0 85.90909090909091
 0 87.95454545454545
 0 90


