# Created by Octave 3.8.2, Sun Jun 21 06:04:15 2020 CEST <damian@fptrucha.inv.usc.es>
# name: hd
# type: matrix
# rows: 45
# columns: 2
 4 0
 2344 2.045454545454545
 2 4.090909090909091
 7 6.136363636363637
 2337 8.181818181818182
 350 10.22727272727273
 234 12.27272727272727
 767 14.31818181818182
 2560 16.36363636363636
 329 18.40909090909091
 766 20.45454545454545
 3600 22.5
 2115 24.54545454545455
 3853 26.59090909090909
 1308 28.63636363636364
 1241 30.68181818181818
 1286 32.72727272727273
 1601 34.77272727272727
 1044 36.81818181818182
 2110 38.86363636363636
 2049 40.90909090909091
 722 42.95454545454545
 776 45
 1283 47.04545454545455
 594 49.09090909090909
 477 51.13636363636363
 407 53.18181818181818
 288 55.22727272727273
 285 57.27272727272727
 108 59.31818181818182
 85 61.36363636363636
 58 63.40909090909091
 13 65.45454545454545
 12 67.5
 0 69.54545454545455
 0 71.59090909090909
 0 73.63636363636364
 0 75.68181818181819
 0 77.72727272727272
 0 79.77272727272727
 0 81.81818181818181
 0 83.86363636363636
 0 85.90909090909091
 0 87.95454545454545
 0 90


