# Created by Octave 3.8.2, Mon Jun 22 11:35:49 2020 CEST <damian@fptrucha.inv.usc.es>
# name: hd
# type: matrix
# rows: 45
# columns: 2
 4 0
 2331 2.045454545454545
 3 4.090909090909091
 15 6.136363636363637
 2155 8.181818181818182
 289 10.22727272727273
 248 12.27272727272727
 783 14.31818181818182
 2522 16.36363636363636
 295 18.40909090909091
 814 20.45454545454545
 3543 22.5
 2032 24.54545454545455
 3636 26.59090909090909
 1289 28.63636363636364
 1321 30.68181818181818
 1290 32.72727272727273
 1547 34.77272727272727
 1068 36.81818181818182
 2086 38.86363636363636
 2072 40.90909090909091
 827 42.95454545454545
 801 45
 1408 47.04545454545455
 665 49.09090909090909
 552 51.13636363636363
 514 53.18181818181818
 316 55.22727272727273
 327 57.27272727272727
 168 59.31818181818182
 128 61.36363636363636
 74 63.40909090909091
 32 65.45454545454545
 24 67.5
 3 69.54545454545455
 1 71.59090909090909
 0 73.63636363636364
 0 75.68181818181819
 0 77.72727272727272
 0 79.77272727272727
 0 81.81818181818181
 0 83.86363636363636
 0 85.90909090909091
 0 87.95454545454545
 0 90


