# Created by Octave 3.8.2, Sat Jun 20 11:32:10 2020 CEST <damian@fptrucha.inv.usc.es>
# name: hd
# type: matrix
# rows: 45
# columns: 2
 6 0
 2591 2.045454545454545
 3 4.090909090909091
 8 6.136363636363637
 2597 8.181818181818182
 359 10.22727272727273
 247 12.27272727272727
 860 14.31818181818182
 2729 16.36363636363636
 352 18.40909090909091
 871 20.45454545454545
 3887 22.5
 2314 24.54545454545455
 4279 26.59090909090909
 1479 28.63636363636364
 1450 30.68181818181818
 1498 32.72727272727273
 1911 34.77272727272727
 1169 36.81818181818182
 2295 38.86363636363636
 2157 40.90909090909091
 801 42.95454545454545
 910 45
 1433 47.04545454545455
 650 49.09090909090909
 553 51.13636363636363
 475 53.18181818181818
 306 55.22727272727273
 280 57.27272727272727
 143 59.31818181818182
 126 61.36363636363636
 65 63.40909090909091
 22 65.45454545454545
 18 67.5
 3 69.54545454545455
 0 71.59090909090909
 0 73.63636363636364
 0 75.68181818181819
 0 77.72727272727272
 0 79.77272727272727
 0 81.81818181818181
 0 83.86363636363636
 0 85.90909090909091
 0 87.95454545454545
 0 90


