# Created by Octave 3.8.2, Sun Jun 21 06:21:58 2020 CEST <damian@fptrucha.inv.usc.es>
# name: hd
# type: matrix
# rows: 45
# columns: 2
 1 0
 2398 2.045454545454545
 1 4.090909090909091
 6 6.136363636363637
 2306 8.181818181818182
 334 10.22727272727273
 249 12.27272727272727
 793 14.31818181818182
 2592 16.36363636363636
 289 18.40909090909091
 739 20.45454545454545
 3459 22.5
 2107 24.54545454545455
 3837 26.59090909090909
 1300 28.63636363636364
 1201 30.68181818181818
 1199 32.72727272727273
 1558 34.77272727272727
 1067 36.81818181818182
 2036 38.86363636363636
 1954 40.90909090909091
 738 42.95454545454545
 745 45
 1296 47.04545454545455
 538 49.09090909090909
 462 51.13636363636363
 407 53.18181818181818
 204 55.22727272727273
 248 57.27272727272727
 101 59.31818181818182
 88 61.36363636363636
 60 63.40909090909091
 7 65.45454545454545
 13 67.5
 1 69.54545454545455
 0 71.59090909090909
 0 73.63636363636364
 0 75.68181818181819
 0 77.72727272727272
 0 79.77272727272727
 0 81.81818181818181
 0 83.86363636363636
 0 85.90909090909091
 0 87.95454545454545
 0 90


