# Created by Octave 3.8.2, Sun Jun 21 06:15:31 2020 CEST <damian@fptrucha.inv.usc.es>
# name: hd
# type: matrix
# rows: 45
# columns: 2
 5 0
 2319 2.045454545454545
 4 4.090909090909091
 11 6.136363636363637
 2242 8.181818181818182
 327 10.22727272727273
 231 12.27272727272727
 787 14.31818181818182
 2530 16.36363636363636
 332 18.40909090909091
 812 20.45454545454545
 3611 22.5
 2119 24.54545454545455
 3921 26.59090909090909
 1215 28.63636363636364
 1280 30.68181818181818
 1191 32.72727272727273
 1654 34.77272727272727
 1075 36.81818181818182
 1992 38.86363636363636
 1949 40.90909090909091
 768 42.95454545454545
 807 45
 1267 47.04545454545455
 549 49.09090909090909
 401 51.13636363636363
 393 53.18181818181818
 298 55.22727272727273
 257 57.27272727272727
 103 59.31818181818182
 93 61.36363636363636
 53 63.40909090909091
 16 65.45454545454545
 13 67.5
 1 69.54545454545455
 0 71.59090909090909
 0 73.63636363636364
 0 75.68181818181819
 0 77.72727272727272
 0 79.77272727272727
 0 81.81818181818181
 0 83.86363636363636
 0 85.90909090909091
 0 87.95454545454545
 0 90


