# Created by Octave 3.8.2, Mon Jun 22 01:13:25 2020 CEST <damian@fptrucha.inv.usc.es>
# name: hd
# type: matrix
# rows: 45
# columns: 2
 5 0
 2404 2.045454545454545
 2 4.090909090909091
 8 6.136363636363637
 2353 8.181818181818182
 334 10.22727272727273
 244 12.27272727272727
 834 14.31818181818182
 2690 16.36363636363636
 332 18.40909090909091
 823 20.45454545454545
 3535 22.5
 2127 24.54545454545455
 3883 26.59090909090909
 1283 28.63636363636364
 1319 30.68181818181818
 1305 32.72727272727273
 1521 34.77272727272727
 1097 36.81818181818182
 2041 38.86363636363636
 2004 40.90909090909091
 763 42.95454545454545
 703 45
 1301 47.04545454545455
 585 49.09090909090909
 450 51.13636363636363
 420 53.18181818181818
 283 55.22727272727273
 284 57.27272727272727
 104 59.31818181818182
 90 61.36363636363636
 65 63.40909090909091
 17 65.45454545454545
 15 67.5
 1 69.54545454545455
 1 71.59090909090909
 0 73.63636363636364
 0 75.68181818181819
 0 77.72727272727272
 0 79.77272727272727
 0 81.81818181818181
 0 83.86363636363636
 0 85.90909090909091
 0 87.95454545454545
 0 90


