# Created by Octave 3.8.2, Mon Jun 22 03:44:33 2020 CEST <damian@fptrucha.inv.usc.es>
# name: hd
# type: matrix
# rows: 45
# columns: 2
 7 0
 2188 2.045454545454545
 5 4.090909090909091
 13 6.136363636363637
 2011 8.181818181818182
 276 10.22727272727273
 241 12.27272727272727
 735 14.31818181818182
 2320 16.36363636363636
 243 18.40909090909091
 736 20.45454545454545
 3270 22.5
 1940 24.54545454545455
 3566 26.59090909090909
 1235 28.63636363636364
 1158 30.68181818181818
 1223 32.72727272727273
 1552 34.77272727272727
 1047 36.81818181818182
 1997 38.86363636363636
 2025 40.90909090909091
 784 42.95454545454545
 783 45
 1323 47.04545454545455
 583 49.09090909090909
 533 51.13636363636363
 462 53.18181818181818
 337 55.22727272727273
 326 57.27272727272727
 141 59.31818181818182
 113 61.36363636363636
 86 63.40909090909091
 26 65.45454545454545
 15 67.5
 2 69.54545454545455
 0 71.59090909090909
 0 73.63636363636364
 0 75.68181818181819
 0 77.72727272727272
 0 79.77272727272727
 0 81.81818181818181
 0 83.86363636363636
 0 85.90909090909091
 0 87.95454545454545
 0 90


