# Created by Octave 3.8.2, Mon Jun 22 03:19:52 2020 CEST <damian@fptrucha.inv.usc.es>
# name: hd
# type: matrix
# rows: 45
# columns: 2
 8 0
 2197 2.045454545454545
 7 4.090909090909091
 7 6.136363636363637
 2044 8.181818181818182
 257 10.22727272727273
 253 12.27272727272727
 711 14.31818181818182
 2384 16.36363636363636
 279 18.40909090909091
 693 20.45454545454545
 3391 22.5
 1855 24.54545454545455
 3597 26.59090909090909
 1241 28.63636363636364
 1318 30.68181818181818
 1288 32.72727272727273
 1433 34.77272727272727
 1047 36.81818181818182
 1967 38.86363636363636
 1952 40.90909090909091
 797 42.95454545454545
 753 45
 1278 47.04545454545455
 631 49.09090909090909
 529 51.13636363636363
 456 53.18181818181818
 316 55.22727272727273
 307 57.27272727272727
 153 59.31818181818182
 125 61.36363636363636
 77 63.40909090909091
 28 65.45454545454545
 18 67.5
 4 69.54545454545455
 0 71.59090909090909
 0 73.63636363636364
 0 75.68181818181819
 0 77.72727272727272
 0 79.77272727272727
 0 81.81818181818181
 0 83.86363636363636
 0 85.90909090909091
 0 87.95454545454545
 0 90


