# Created by Octave 3.8.2, Sat Jun 20 05:24:09 2020 CEST <damian@fptrucha.inv.usc.es>
# name: hd
# type: matrix
# rows: 45
# columns: 2
 2 0
 2618 2.045454545454545
 3 4.090909090909091
 5 6.136363636363637
 2587 8.181818181818182
 332 10.22727272727273
 271 12.27272727272727
 899 14.31818181818182
 2872 16.36363636363636
 334 18.40909090909091
 882 20.45454545454545
 3960 22.5
 2291 24.54545454545455
 4491 26.59090909090909
 1468 28.63636363636364
 1511 30.68181818181818
 1410 32.72727272727273
 1791 34.77272727272727
 1197 36.81818181818182
 2366 38.86363636363636
 2186 40.90909090909091
 837 42.95454545454545
 883 45
 1464 47.04545454545455
 632 49.09090909090909
 540 51.13636363636363
 522 53.18181818181818
 310 55.22727272727273
 280 57.27272727272727
 136 59.31818181818182
 102 61.36363636363636
 75 63.40909090909091
 25 65.45454545454545
 13 67.5
 0 69.54545454545455
 0 71.59090909090909
 0 73.63636363636364
 0 75.68181818181819
 0 77.72727272727272
 0 79.77272727272727
 0 81.81818181818181
 0 83.86363636363636
 0 85.90909090909091
 0 87.95454545454545
 0 90


