# Created by Octave 3.8.2, Sun Jun 21 03:04:20 2020 CEST <damian@fptrucha.inv.usc.es>
# name: hd
# type: matrix
# rows: 45
# columns: 2
 2 0
 2343 2.045454545454545
 4 4.090909090909091
 6 6.136363636363637
 2276 8.181818181818182
 294 10.22727272727273
 231 12.27272727272727
 796 14.31818181818182
 2587 16.36363636363636
 285 18.40909090909091
 719 20.45454545454545
 3504 22.5
 2049 24.54545454545455
 3815 26.59090909090909
 1269 28.63636363636364
 1175 30.68181818181818
 1313 32.72727272727273
 1687 34.77272727272727
 1074 36.81818181818182
 2075 38.86363636363636
 2005 40.90909090909091
 712 42.95454545454545
 772 45
 1247 47.04545454545455
 570 49.09090909090909
 469 51.13636363636363
 391 53.18181818181818
 287 55.22727272727273
 255 57.27272727272727
 122 59.31818181818182
 93 61.36363636363636
 60 63.40909090909091
 19 65.45454545454545
 7 67.5
 0 69.54545454545455
 0 71.59090909090909
 0 73.63636363636364
 0 75.68181818181819
 0 77.72727272727272
 0 79.77272727272727
 0 81.81818181818181
 0 83.86363636363636
 0 85.90909090909091
 0 87.95454545454545
 0 90


