# Created by Octave 3.8.2, Mon Jun 22 08:37:39 2020 CEST <damian@fptrucha.inv.usc.es>
# name: hd
# type: matrix
# rows: 45
# columns: 2
 5 0
 2326 2.045454545454545
 6 4.090909090909091
 20 6.136363636363637
 2104 8.181818181818182
 306 10.22727272727273
 235 12.27272727272727
 761 14.31818181818182
 2400 16.36363636363636
 260 18.40909090909091
 759 20.45454545454545
 3569 22.5
 1990 24.54545454545455
 3659 26.59090909090909
 1349 28.63636363636364
 1265 30.68181818181818
 1363 32.72727272727273
 1616 34.77272727272727
 1050 36.81818181818182
 2050 38.86363636363636
 2001 40.90909090909091
 844 42.95454545454545
 755 45
 1385 47.04545454545455
 602 49.09090909090909
 513 51.13636363636363
 471 53.18181818181818
 339 55.22727272727273
 331 57.27272727272727
 162 59.31818181818182
 144 61.36363636363636
 87 63.40909090909091
 29 65.45454545454545
 14 67.5
 1 69.54545454545455
 0 71.59090909090909
 0 73.63636363636364
 0 75.68181818181819
 0 77.72727272727272
 0 79.77272727272727
 0 81.81818181818181
 0 83.86363636363636
 0 85.90909090909091
 0 87.95454545454545
 0 90


