# Created by Octave 3.8.2, Sat Jun 20 10:35:57 2020 CEST <damian@fptrucha.inv.usc.es>
# name: hd
# type: matrix
# rows: 45
# columns: 2
 3 0
 2624 2.045454545454545
 2 4.090909090909091
 5 6.136363636363637
 2571 8.181818181818182
 357 10.22727272727273
 267 12.27272727272727
 914 14.31818181818182
 2845 16.36363636363636
 348 18.40909090909091
 895 20.45454545454545
 4033 22.5
 2406 24.54545454545455
 4331 26.59090909090909
 1474 28.63636363636364
 1520 30.68181818181818
 1517 32.72727272727273
 1922 34.77272727272727
 1210 36.81818181818182
 2395 38.86363636363636
 2313 40.90909090909091
 879 42.95454545454545
 831 45
 1551 47.04545454545455
 642 49.09090909090909
 530 51.13636363636363
 465 53.18181818181818
 311 55.22727272727273
 315 57.27272727272727
 120 59.31818181818182
 115 61.36363636363636
 74 63.40909090909091
 15 65.45454545454545
 16 67.5
 1 69.54545454545455
 0 71.59090909090909
 0 73.63636363636364
 0 75.68181818181819
 0 77.72727272727272
 0 79.77272727272727
 0 81.81818181818181
 0 83.86363636363636
 0 85.90909090909091
 0 87.95454545454545
 0 90


