# Created by Octave 3.8.2, Mon Jun 22 21:13:09 2020 CEST <damian@fptrucha.inv.usc.es>
# name: hd
# type: matrix
# rows: 45
# columns: 2
 6 0
 2405 2.045454545454545
 0 4.090909090909091
 9 6.136363636363637
 2438 8.181818181818182
 300 10.22727272727273
 276 12.27272727272727
 811 14.31818181818182
 2712 16.36363636363636
 311 18.40909090909091
 870 20.45454545454545
 3706 22.5
 2177 24.54545454545455
 4022 26.59090909090909
 1365 28.63636363636364
 1404 30.68181818181818
 1385 32.72727272727273
 1860 34.77272727272727
 1164 36.81818181818182
 2166 38.86363636363636
 2252 40.90909090909091
 873 42.95454545454545
 909 45
 1445 47.04545454545455
 668 49.09090909090909
 574 51.13636363636363
 535 53.18181818181818
 362 55.22727272727273
 330 57.27272727272727
 151 59.31818181818182
 122 61.36363636363636
 82 63.40909090909091
 19 65.45454545454545
 15 67.5
 3 69.54545454545455
 1 71.59090909090909
 0 73.63636363636364
 0 75.68181818181819
 0 77.72727272727272
 0 79.77272727272727
 0 81.81818181818181
 0 83.86363636363636
 0 85.90909090909091
 0 87.95454545454545
 0 90


