# Created by Octave 3.8.2, Mon Jun 22 00:35:13 2020 CEST <damian@fptrucha.inv.usc.es>
# name: hd
# type: matrix
# rows: 45
# columns: 2
 4 0
 2392 2.045454545454545
 0 4.090909090909091
 5 6.136363636363637
 2325 8.181818181818182
 258 10.22727272727273
 240 12.27272727272727
 818 14.31818181818182
 2608 16.36363636363636
 311 18.40909090909091
 788 20.45454545454545
 3553 22.5
 2109 24.54545454545455
 3967 26.59090909090909
 1341 28.63636363636364
 1294 30.68181818181818
 1291 32.72727272727273
 1618 34.77272727272727
 1080 36.81818181818182
 2105 38.86363636363636
 1913 40.90909090909091
 779 42.95454545454545
 738 45
 1362 47.04545454545455
 549 49.09090909090909
 481 51.13636363636363
 390 53.18181818181818
 298 55.22727272727273
 247 57.27272727272727
 99 59.31818181818182
 83 61.36363636363636
 62 63.40909090909091
 22 65.45454545454545
 9 67.5
 2 69.54545454545455
 0 71.59090909090909
 0 73.63636363636364
 0 75.68181818181819
 0 77.72727272727272
 0 79.77272727272727
 0 81.81818181818181
 0 83.86363636363636
 0 85.90909090909091
 0 87.95454545454545
 0 90


