# Created by Octave 3.8.2, Sat Jun 20 14:13:50 2020 CEST <damian@fptrucha.inv.usc.es>
# name: hd
# type: matrix
# rows: 45
# columns: 2
 2 0
 2465 2.045454545454545
 2 4.090909090909091
 7 6.136363636363637
 2423 8.181818181818182
 341 10.22727272727273
 253 12.27272727272727
 801 14.31818181818182
 2693 16.36363636363636
 358 18.40909090909091
 802 20.45454545454545
 3755 22.5
 2219 24.54545454545455
 4289 26.59090909090909
 1428 28.63636363636364
 1397 30.68181818181818
 1343 32.72727272727273
 1824 34.77272727272727
 1122 36.81818181818182
 2232 38.86363636363636
 2224 40.90909090909091
 857 42.95454545454545
 843 45
 1446 47.04545454545455
 628 49.09090909090909
 546 51.13636363636363
 453 53.18181818181818
 340 55.22727272727273
 324 57.27272727272727
 116 59.31818181818182
 101 61.36363636363636
 67 63.40909090909091
 23 65.45454545454545
 13 67.5
 2 69.54545454545455
 0 71.59090909090909
 0 73.63636363636364
 0 75.68181818181819
 0 77.72727272727272
 0 79.77272727272727
 0 81.81818181818181
 0 83.86363636363636
 0 85.90909090909091
 0 87.95454545454545
 0 90


