# Created by Octave 3.8.2, Sun Jun 21 04:53:02 2020 CEST <damian@fptrucha.inv.usc.es>
# name: hd
# type: matrix
# rows: 45
# columns: 2
 4 0
 2384 2.045454545454545
 4 4.090909090909091
 7 6.136363636363637
 2259 8.181818181818182
 310 10.22727272727273
 235 12.27272727272727
 778 14.31818181818182
 2489 16.36363636363636
 295 18.40909090909091
 824 20.45454545454545
 3511 22.5
 2128 24.54545454545455
 3931 26.59090909090909
 1286 28.63636363636364
 1332 30.68181818181818
 1302 32.72727272727273
 1652 34.77272727272727
 1097 36.81818181818182
 2175 38.86363636363636
 2055 40.90909090909091
 787 42.95454545454545
 835 45
 1315 47.04545454545455
 629 49.09090909090909
 477 51.13636363636363
 459 53.18181818181818
 290 55.22727272727273
 279 57.27272727272727
 102 59.31818181818182
 116 61.36363636363636
 67 63.40909090909091
 13 65.45454545454545
 14 67.5
 1 69.54545454545455
 0 71.59090909090909
 0 73.63636363636364
 0 75.68181818181819
 0 77.72727272727272
 0 79.77272727272727
 0 81.81818181818181
 0 83.86363636363636
 0 85.90909090909091
 0 87.95454545454545
 0 90


