# Created by Octave 3.8.2, Sat Jun 20 02:01:49 2020 CEST <damian@fptrucha.inv.usc.es>
# name: hd
# type: matrix
# rows: 45
# columns: 2
 6 0
 2615 2.045454545454545
 2 4.090909090909091
 10 6.136363636363637
 2569 8.181818181818182
 344 10.22727272727273
 259 12.27272727272727
 863 14.31818181818182
 2799 16.36363636363636
 322 18.40909090909091
 855 20.45454545454545
 3922 22.5
 2292 24.54545454545455
 4182 26.59090909090909
 1458 28.63636363636364
 1452 30.68181818181818
 1429 32.72727272727273
 1845 34.77272727272727
 1183 36.81818181818182
 2294 38.86363636363636
 2195 40.90909090909091
 819 42.95454545454545
 883 45
 1435 47.04545454545455
 612 49.09090909090909
 567 51.13636363636363
 385 53.18181818181818
 323 55.22727272727273
 270 57.27272727272727
 126 59.31818181818182
 96 61.36363636363636
 59 63.40909090909091
 19 65.45454545454545
 7 67.5
 1 69.54545454545455
 1 71.59090909090909
 0 73.63636363636364
 0 75.68181818181819
 0 77.72727272727272
 0 79.77272727272727
 0 81.81818181818181
 0 83.86363636363636
 0 85.90909090909091
 0 87.95454545454545
 0 90


