# Created by Octave 3.8.2, Mon Jun 22 15:34:38 2020 CEST <damian@fptrucha.inv.usc.es>
# name: hd
# type: matrix
# rows: 45
# columns: 2
 6 0
 2458 2.045454545454545
 3 4.090909090909091
 9 6.136363636363637
 2234 8.181818181818182
 275 10.22727272727273
 265 12.27272727272727
 805 14.31818181818182
 2628 16.36363636363636
 308 18.40909090909091
 818 20.45454545454545
 3630 22.5
 2089 24.54545454545455
 3903 26.59090909090909
 1326 28.63636363636364
 1361 30.68181818181818
 1385 32.72727272727273
 1599 34.77272727272727
 1092 36.81818181818182
 2245 38.86363636363636
 2236 40.90909090909091
 837 42.95454545454545
 867 45
 1432 47.04545454545455
 616 49.09090909090909
 546 51.13636363636363
 537 53.18181818181818
 386 55.22727272727273
 324 57.27272727272727
 138 59.31818181818182
 117 61.36363636363636
 76 63.40909090909091
 43 65.45454545454545
 12 67.5
 2 69.54545454545455
 0 71.59090909090909
 0 73.63636363636364
 0 75.68181818181819
 0 77.72727272727272
 0 79.77272727272727
 0 81.81818181818181
 0 83.86363636363636
 0 85.90909090909091
 0 87.95454545454545
 0 90


