# Created by Octave 3.8.2, Mon Jun 22 10:55:30 2020 CEST <damian@fptrucha.inv.usc.es>
# name: hd
# type: matrix
# rows: 45
# columns: 2
 2 0
 1562 2.045454545454545
 3 4.090909090909091
 10 6.136363636363637
 1475 8.181818181818182
 194 10.22727272727273
 151 12.27272727272727
 530 14.31818181818182
 1733 16.36363636363636
 213 18.40909090909091
 528 20.45454545454545
 2367 22.5
 1417 24.54545454545455
 2496 26.59090909090909
 870 28.63636363636364
 885 30.68181818181818
 823 32.72727272727273
 1058 34.77272727272727
 708 36.81818181818182
 1428 38.86363636363636
 1424 40.90909090909091
 565 42.95454545454545
 540 45
 897 47.04545454545455
 429 49.09090909090909
 377 51.13636363636363
 329 53.18181818181818
 242 55.22727272727273
 188 57.27272727272727
 98 59.31818181818182
 78 61.36363636363636
 43 63.40909090909091
 18 65.45454545454545
 9 67.5
 1 69.54545454545455
 0 71.59090909090909
 0 73.63636363636364
 0 75.68181818181819
 0 77.72727272727272
 0 79.77272727272727
 0 81.81818181818181
 0 83.86363636363636
 0 85.90909090909091
 0 87.95454545454545
 0 90


