# Created by Octave 3.8.2, Sat Jun 20 13:17:19 2020 CEST <damian@fptrucha.inv.usc.es>
# name: hd
# type: matrix
# rows: 45
# columns: 2
 2 0
 2603 2.045454545454545
 5 4.090909090909091
 7 6.136363636363637
 2510 8.181818181818182
 330 10.22727272727273
 271 12.27272727272727
 817 14.31818181818182
 2846 16.36363636363636
 356 18.40909090909091
 865 20.45454545454545
 3910 22.5
 2281 24.54545454545455
 4251 26.59090909090909
 1424 28.63636363636364
 1416 30.68181818181818
 1400 32.72727272727273
 1762 34.77272727272727
 1224 36.81818181818182
 2287 38.86363636363636
 2254 40.90909090909091
 859 42.95454545454545
 858 45
 1462 47.04545454545455
 626 49.09090909090909
 559 51.13636363636363
 505 53.18181818181818
 311 55.22727272727273
 294 57.27272727272727
 124 59.31818181818182
 105 61.36363636363636
 81 63.40909090909091
 19 65.45454545454545
 18 67.5
 3 69.54545454545455
 0 71.59090909090909
 0 73.63636363636364
 0 75.68181818181819
 0 77.72727272727272
 0 79.77272727272727
 0 81.81818181818181
 0 83.86363636363636
 0 85.90909090909091
 0 87.95454545454545
 0 90


