# Created by Octave 3.8.2, Mon Jun 22 02:27:48 2020 CEST <damian@fptrucha.inv.usc.es>
# name: hd
# type: matrix
# rows: 45
# columns: 2
 1 0
 31 2.045454545454545
 2 4.090909090909091
 2 6.136363636363637
 5 8.181818181818182
 3 10.22727272727273
 2 12.27272727272727
 4 14.31818181818182
 8 16.36363636363636
 1 18.40909090909091
 14 20.45454545454545
 61 22.5
 10 24.54545454545455
 17 26.59090909090909
 27 28.63636363636364
 5 30.68181818181818
 3 32.72727272727273
 18 34.77272727272727
 2 36.81818181818182
 35 38.86363636363636
 32 40.90909090909091
 19 42.95454545454545
 21 45
 35 47.04545454545455
 11 49.09090909090909
 22 51.13636363636363
 14 53.18181818181818
 3 55.22727272727273
 6 57.27272727272727
 6 59.31818181818182
 8 61.36363636363636
 5 63.40909090909091
 4 65.45454545454545
 0 67.5
 0 69.54545454545455
 0 71.59090909090909
 0 73.63636363636364
 0 75.68181818181819
 0 77.72727272727272
 0 79.77272727272727
 0 81.81818181818181
 0 83.86363636363636
 0 85.90909090909091
 0 87.95454545454545
 0 90


