# Created by Octave 3.8.2, Sat Jun 20 06:39:10 2020 CEST <damian@fptrucha.inv.usc.es>
# name: hd
# type: matrix
# rows: 45
# columns: 2
 3 0
 2673 2.045454545454545
 2 4.090909090909091
 10 6.136363636363637
 2605 8.181818181818182
 367 10.22727272727273
 279 12.27272727272727
 903 14.31818181818182
 2940 16.36363636363636
 339 18.40909090909091
 933 20.45454545454545
 4088 22.5
 2454 24.54545454545455
 4265 26.59090909090909
 1537 28.63636363636364
 1492 30.68181818181818
 1502 32.72727272727273
 1915 34.77272727272727
 1252 36.81818181818182
 2303 38.86363636363636
 2243 40.90909090909091
 819 42.95454545454545
 869 45
 1430 47.04545454545455
 701 49.09090909090909
 569 51.13636363636363
 487 53.18181818181818
 285 55.22727272727273
 293 57.27272727272727
 139 59.31818181818182
 106 61.36363636363636
 63 63.40909090909091
 30 65.45454545454545
 16 67.5
 2 69.54545454545455
 0 71.59090909090909
 0 73.63636363636364
 0 75.68181818181819
 0 77.72727272727272
 0 79.77272727272727
 0 81.81818181818181
 0 83.86363636363636
 0 85.90909090909091
 0 87.95454545454545
 0 90


