# Created by Octave 3.8.2, Mon Jun 22 19:12:25 2020 CEST <damian@fptrucha.inv.usc.es>
# name: hd
# type: matrix
# rows: 45
# columns: 2
 7 0
 2439 2.045454545454545
 3 4.090909090909091
 7 6.136363636363637
 2313 8.181818181818182
 287 10.22727272727273
 276 12.27272727272727
 818 14.31818181818182
 2699 16.36363636363636
 323 18.40909090909091
 847 20.45454545454545
 3696 22.5
 2191 24.54545454545455
 4121 26.59090909090909
 1370 28.63636363636364
 1355 30.68181818181818
 1359 32.72727272727273
 1717 34.77272727272727
 1125 36.81818181818182
 2254 38.86363636363636
 2244 40.90909090909091
 926 42.95454545454545
 884 45
 1435 47.04545454545455
 661 49.09090909090909
 566 51.13636363636363
 508 53.18181818181818
 338 55.22727272727273
 328 57.27272727272727
 147 59.31818181818182
 114 61.36363636363636
 97 63.40909090909091
 32 65.45454545454545
 15 67.5
 7 69.54545454545455
 0 71.59090909090909
 0 73.63636363636364
 0 75.68181818181819
 0 77.72727272727272
 0 79.77272727272727
 0 81.81818181818181
 0 83.86363636363636
 0 85.90909090909091
 0 87.95454545454545
 0 90


