# Created by Octave 3.8.2, Sat Jun 20 21:47:44 2020 CEST <damian@fptrucha.inv.usc.es>
# name: hd
# type: matrix
# rows: 45
# columns: 2
 4 0
 2404 2.045454545454545
 3 4.090909090909091
 6 6.136363636363637
 2295 8.181818181818182
 334 10.22727272727273
 237 12.27272727272727
 834 14.31818181818182
 2636 16.36363636363636
 314 18.40909090909091
 773 20.45454545454545
 3510 22.5
 2057 24.54545454545455
 3807 26.59090909090909
 1306 28.63636363636364
 1280 30.68181818181818
 1258 32.72727272727273
 1635 34.77272727272727
 1099 36.81818181818182
 2022 38.86363636363636
 1905 40.90909090909091
 774 42.95454545454545
 742 45
 1320 47.04545454545455
 557 49.09090909090909
 495 51.13636363636363
 441 53.18181818181818
 288 55.22727272727273
 282 57.27272727272727
 116 59.31818181818182
 91 61.36363636363636
 65 63.40909090909091
 19 65.45454545454545
 16 67.5
 1 69.54545454545455
 0 71.59090909090909
 0 73.63636363636364
 0 75.68181818181819
 0 77.72727272727272
 0 79.77272727272727
 0 81.81818181818181
 0 83.86363636363636
 0 85.90909090909091
 0 87.95454545454545
 0 90


