# Created by Octave 3.8.2, Mon Jun 22 08:44:52 2020 CEST <damian@fptrucha.inv.usc.es>
# name: hd
# type: matrix
# rows: 45
# columns: 2
 9 0
 2261 2.045454545454545
 9 4.090909090909091
 15 6.136363636363637
 2180 8.181818181818182
 277 10.22727272727273
 263 12.27272727272727
 726 14.31818181818182
 2462 16.36363636363636
 267 18.40909090909091
 807 20.45454545454545
 3591 22.5
 2011 24.54545454545455
 3651 26.59090909090909
 1325 28.63636363636364
 1300 30.68181818181818
 1312 32.72727272727273
 1573 34.77272727272727
 1055 36.81818181818182
 2044 38.86363636363636
 2073 40.90909090909091
 888 42.95454545454545
 764 45
 1332 47.04545454545455
 641 49.09090909090909
 540 51.13636363636363
 450 53.18181818181818
 321 55.22727272727273
 340 57.27272727272727
 134 59.31818181818182
 138 61.36363636363636
 83 63.40909090909091
 29 65.45454545454545
 15 67.5
 4 69.54545454545455
 0 71.59090909090909
 0 73.63636363636364
 0 75.68181818181819
 0 77.72727272727272
 0 79.77272727272727
 0 81.81818181818181
 0 83.86363636363636
 0 85.90909090909091
 0 87.95454545454545
 0 90


