# Created by Octave 3.8.2, Sun Jun 21 04:20:06 2020 CEST <damian@fptrucha.inv.usc.es>
# name: hd
# type: matrix
# rows: 45
# columns: 2
 2 0
 2268 2.045454545454545
 0 4.090909090909091
 7 6.136363636363637
 2139 8.181818181818182
 327 10.22727272727273
 231 12.27272727272727
 812 14.31818181818182
 2599 16.36363636363636
 294 18.40909090909091
 725 20.45454545454545
 3493 22.5
 2085 24.54545454545455
 3789 26.59090909090909
 1294 28.63636363636364
 1326 30.68181818181818
 1238 32.72727272727273
 1631 34.77272727272727
 1099 36.81818181818182
 2108 38.86363636363636
 2026 40.90909090909091
 783 42.95454545454545
 750 45
 1336 47.04545454545455
 602 49.09090909090909
 452 51.13636363636363
 421 53.18181818181818
 283 55.22727272727273
 262 57.27272727272727
 118 59.31818181818182
 90 61.36363636363636
 58 63.40909090909091
 14 65.45454545454545
 7 67.5
 3 69.54545454545455
 0 71.59090909090909
 0 73.63636363636364
 0 75.68181818181819
 0 77.72727272727272
 0 79.77272727272727
 0 81.81818181818181
 0 83.86363636363636
 0 85.90909090909091
 0 87.95454545454545
 0 90


