# Created by Octave 3.8.2, Mon Jun 22 02:28:01 2020 CEST <damian@fptrucha.inv.usc.es>
# name: hd
# type: matrix
# rows: 45
# columns: 2
 2 0
 16 2.045454545454545
 0 4.090909090909091
 1 6.136363636363637
 5 8.181818181818182
 1 10.22727272727273
 2 12.27272727272727
 0 14.31818181818182
 3 16.36363636363636
 1 18.40909090909091
 18 20.45454545454545
 45 22.5
 10 24.54545454545455
 5 26.59090909090909
 29 28.63636363636364
 1 30.68181818181818
 3 32.72727272727273
 10 34.77272727272727
 2 36.81818181818182
 21 38.86363636363636
 17 40.90909090909091
 14 42.95454545454545
 17 45
 17 47.04545454545455
 8 49.09090909090909
 11 51.13636363636363
 12 53.18181818181818
 1 55.22727272727273
 7 57.27272727272727
 2 59.31818181818182
 4 61.36363636363636
 6 63.40909090909091
 1 65.45454545454545
 2 67.5
 0 69.54545454545455
 0 71.59090909090909
 0 73.63636363636364
 0 75.68181818181819
 0 77.72727272727272
 0 79.77272727272727
 0 81.81818181818181
 0 83.86363636363636
 0 85.90909090909091
 0 87.95454545454545
 0 90


