# Created by Octave 3.8.2, Mon Jun 22 01:01:59 2020 CEST <damian@fptrucha.inv.usc.es>
# name: hd
# type: matrix
# rows: 45
# columns: 2
 6 0
 2568 2.045454545454545
 1 4.090909090909091
 7 6.136363636363637
 2346 8.181818181818182
 291 10.22727272727273
 235 12.27272727272727
 780 14.31818181818182
 2722 16.36363636363636
 337 18.40909090909091
 813 20.45454545454545
 3696 22.5
 2117 24.54545454545455
 3967 26.59090909090909
 1397 28.63636363636364
 1310 30.68181818181818
 1370 32.72727272727273
 1750 34.77272727272727
 1161 36.81818181818182
 2198 38.86363636363636
 2127 40.90909090909091
 801 42.95454545454545
 812 45
 1407 47.04545454545455
 624 49.09090909090909
 509 51.13636363636363
 453 53.18181818181818
 315 55.22727272727273
 265 57.27272727272727
 121 59.31818181818182
 98 61.36363636363636
 63 63.40909090909091
 20 65.45454545454545
 15 67.5
 3 69.54545454545455
 0 71.59090909090909
 0 73.63636363636364
 0 75.68181818181819
 0 77.72727272727272
 0 79.77272727272727
 0 81.81818181818181
 0 83.86363636363636
 0 85.90909090909091
 0 87.95454545454545
 0 90


