# Created by Octave 3.8.2, Mon Jun 22 02:29:25 2020 CEST <damian@fptrucha.inv.usc.es>
# name: hd
# type: matrix
# rows: 45
# columns: 2
 2 0
 2005 2.045454545454545
 4 4.090909090909091
 10 6.136363636363637
 1818 8.181818181818182
 316 10.22727272727273
 221 12.27272727272727
 703 14.31818181818182
 2140 16.36363636363636
 266 18.40909090909091
 675 20.45454545454545
 3146 22.5
 1850 24.54545454545455
 3355 26.59090909090909
 1139 28.63636363636364
 1102 30.68181818181818
 1185 32.72727272727273
 1431 34.77272727272727
 1024 36.81818181818182
 1934 38.86363636363636
 1972 40.90909090909091
 838 42.95454545454545
 702 45
 1267 47.04545454545455
 551 49.09090909090909
 535 51.13636363636363
 474 53.18181818181818
 342 55.22727272727273
 316 57.27272727272727
 155 59.31818181818182
 132 61.36363636363636
 97 63.40909090909091
 33 65.45454545454545
 23 67.5
 5 69.54545454545455
 0 71.59090909090909
 0 73.63636363636364
 0 75.68181818181819
 0 77.72727272727272
 0 79.77272727272727
 0 81.81818181818181
 0 83.86363636363636
 0 85.90909090909091
 0 87.95454545454545
 0 90


