# Created by Octave 3.8.2, Sat Jun 20 19:11:32 2020 CEST <damian@fptrucha.inv.usc.es>
# name: hd
# type: matrix
# rows: 45
# columns: 2
 4 0
 2385 2.045454545454545
 4 4.090909090909091
 11 6.136363636363637
 2405 8.181818181818182
 361 10.22727272727273
 218 12.27272727272727
 810 14.31818181818182
 2610 16.36363636363636
 324 18.40909090909091
 786 20.45454545454545
 3558 22.5
 2126 24.54545454545455
 3838 26.59090909090909
 1310 28.63636363636364
 1267 30.68181818181818
 1325 32.72727272727273
 1718 34.77272727272727
 1112 36.81818181818182
 2101 38.86363636363636
 2110 40.90909090909091
 791 42.95454545454545
 800 45
 1302 47.04545454545455
 570 49.09090909090909
 496 51.13636363636363
 413 53.18181818181818
 294 55.22727272727273
 278 57.27272727272727
 112 59.31818181818182
 103 61.36363636363636
 60 63.40909090909091
 18 65.45454545454545
 6 67.5
 2 69.54545454545455
 0 71.59090909090909
 0 73.63636363636364
 0 75.68181818181819
 0 77.72727272727272
 0 79.77272727272727
 0 81.81818181818181
 0 83.86363636363636
 0 85.90909090909091
 0 87.95454545454545
 0 90


