# Created by Octave 3.8.2, Sat Jun 20 21:40:00 2020 CEST <damian@fptrucha.inv.usc.es>
# name: hd
# type: matrix
# rows: 45
# columns: 2
 4 0
 2330 2.045454545454545
 5 4.090909090909091
 5 6.136363636363637
 2362 8.181818181818182
 333 10.22727272727273
 250 12.27272727272727
 793 14.31818181818182
 2503 16.36363636363636
 333 18.40909090909091
 783 20.45454545454545
 3499 22.5
 2127 24.54545454545455
 3824 26.59090909090909
 1283 28.63636363636364
 1249 30.68181818181818
 1330 32.72727272727273
 1615 34.77272727272727
 1046 36.81818181818182
 2075 38.86363636363636
 2040 40.90909090909091
 762 42.95454545454545
 778 45
 1289 47.04545454545455
 613 49.09090909090909
 523 51.13636363636363
 450 53.18181818181818
 283 55.22727272727273
 256 57.27272727272727
 114 59.31818181818182
 89 61.36363636363636
 60 63.40909090909091
 19 65.45454545454545
 4 67.5
 1 69.54545454545455
 0 71.59090909090909
 0 73.63636363636364
 0 75.68181818181819
 0 77.72727272727272
 0 79.77272727272727
 0 81.81818181818181
 0 83.86363636363636
 0 85.90909090909091
 0 87.95454545454545
 0 90


