# Created by Octave 3.8.2, Sat Jun 20 18:49:53 2020 CEST <damian@fptrucha.inv.usc.es>
# name: hd
# type: matrix
# rows: 45
# columns: 2
 3 0
 2469 2.045454545454545
 1 4.090909090909091
 6 6.136363636363637
 2260 8.181818181818182
 325 10.22727272727273
 254 12.27272727272727
 829 14.31818181818182
 2539 16.36363636363636
 382 18.40909090909091
 781 20.45454545454545
 3671 22.5
 2186 24.54545454545455
 3842 26.59090909090909
 1319 28.63636363636364
 1322 30.68181818181818
 1241 32.72727272727273
 1719 34.77272727272727
 1127 36.81818181818182
 2149 38.86363636363636
 2063 40.90909090909091
 760 42.95454545454545
 771 45
 1356 47.04545454545455
 582 49.09090909090909
 510 51.13636363636363
 440 53.18181818181818
 284 55.22727272727273
 281 57.27272727272727
 124 59.31818181818182
 94 61.36363636363636
 68 63.40909090909091
 14 65.45454545454545
 9 67.5
 2 69.54545454545455
 0 71.59090909090909
 0 73.63636363636364
 0 75.68181818181819
 0 77.72727272727272
 0 79.77272727272727
 0 81.81818181818181
 0 83.86363636363636
 0 85.90909090909091
 0 87.95454545454545
 0 90


