# Created by Octave 3.8.2, Sun Jun 21 02:55:00 2020 CEST <damian@fptrucha.inv.usc.es>
# name: hd
# type: matrix
# rows: 45
# columns: 2
 2 0
 2304 2.045454545454545
 3 4.090909090909091
 3 6.136363636363637
 2230 8.181818181818182
 284 10.22727272727273
 206 12.27272727272727
 763 14.31818181818182
 2542 16.36363636363636
 306 18.40909090909091
 723 20.45454545454545
 3547 22.5
 2103 24.54545454545455
 3891 26.59090909090909
 1289 28.63636363636364
 1326 30.68181818181818
 1249 32.72727272727273
 1618 34.77272727272727
 1027 36.81818181818182
 2027 38.86363636363636
 1972 40.90909090909091
 739 42.95454545454545
 741 45
 1279 47.04545454545455
 613 49.09090909090909
 476 51.13636363636363
 390 53.18181818181818
 297 55.22727272727273
 261 57.27272727272727
 109 59.31818181818182
 103 61.36363636363636
 54 63.40909090909091
 15 65.45454545454545
 9 67.5
 1 69.54545454545455
 0 71.59090909090909
 0 73.63636363636364
 0 75.68181818181819
 0 77.72727272727272
 0 79.77272727272727
 0 81.81818181818181
 0 83.86363636363636
 0 85.90909090909091
 0 87.95454545454545
 0 90


