# Created by Octave 3.8.2, Mon Jun 22 01:37:05 2020 CEST <damian@fptrucha.inv.usc.es>
# name: hd
# type: matrix
# rows: 45
# columns: 2
 6 0
 2479 2.045454545454545
 1 4.090909090909091
 8 6.136363636363637
 2337 8.181818181818182
 326 10.22727272727273
 258 12.27272727272727
 802 14.31818181818182
 2662 16.36363636363636
 375 18.40909090909091
 812 20.45454545454545
 3741 22.5
 2250 24.54545454545455
 4024 26.59090909090909
 1257 28.63636363636364
 1406 30.68181818181818
 1398 32.72727272727273
 1691 34.77272727272727
 1160 36.81818181818182
 2256 38.86363636363636
 2108 40.90909090909091
 789 42.95454545454545
 834 45
 1351 47.04545454545455
 626 49.09090909090909
 591 51.13636363636363
 479 53.18181818181818
 338 55.22727272727273
 293 57.27272727272727
 129 59.31818181818182
 120 61.36363636363636
 73 63.40909090909091
 17 65.45454545454545
 12 67.5
 2 69.54545454545455
 0 71.59090909090909
 0 73.63636363636364
 0 75.68181818181819
 0 77.72727272727272
 0 79.77272727272727
 0 81.81818181818181
 0 83.86363636363636
 0 85.90909090909091
 0 87.95454545454545
 0 90


