# Created by Octave 3.8.2, Sat Jun 20 10:45:59 2020 CEST <damian@fptrucha.inv.usc.es>
# name: hd
# type: matrix
# rows: 45
# columns: 2
 4 0
 2628 2.045454545454545
 2 4.090909090909091
 16 6.136363636363637
 2578 8.181818181818182
 371 10.22727272727273
 257 12.27272727272727
 856 14.31818181818182
 2876 16.36363636363636
 345 18.40909090909091
 862 20.45454545454545
 3972 22.5
 2332 24.54545454545455
 4299 26.59090909090909
 1462 28.63636363636364
 1410 30.68181818181818
 1494 32.72727272727273
 1848 34.77272727272727
 1230 36.81818181818182
 2295 38.86363636363636
 2321 40.90909090909091
 850 42.95454545454545
 894 45
 1571 47.04545454545455
 754 49.09090909090909
 575 51.13636363636363
 512 53.18181818181818
 321 55.22727272727273
 316 57.27272727272727
 118 59.31818181818182
 118 61.36363636363636
 74 63.40909090909091
 24 65.45454545454545
 21 67.5
 2 69.54545454545455
 0 71.59090909090909
 0 73.63636363636364
 0 75.68181818181819
 0 77.72727272727272
 0 79.77272727272727
 0 81.81818181818181
 0 83.86363636363636
 0 85.90909090909091
 0 87.95454545454545
 0 90


