# Created by Octave 3.8.2, Sat Jun 20 07:43:27 2020 CEST <damian@fptrucha.inv.usc.es>
# name: hd
# type: matrix
# rows: 45
# columns: 2
 2 0
 2774 2.045454545454545
 0 4.090909090909091
 10 6.136363636363637
 2665 8.181818181818182
 368 10.22727272727273
 271 12.27272727272727
 935 14.31818181818182
 2889 16.36363636363636
 360 18.40909090909091
 866 20.45454545454545
 4070 22.5
 2465 24.54545454545455
 4442 26.59090909090909
 1528 28.63636363636364
 1485 30.68181818181818
 1579 32.72727272727273
 1931 34.77272727272727
 1269 36.81818181818182
 2446 38.86363636363636
 2341 40.90909090909091
 913 42.95454545454545
 897 45
 1589 47.04545454545455
 715 49.09090909090909
 587 51.13636363636363
 523 53.18181818181818
 362 55.22727272727273
 320 57.27272727272727
 138 59.31818181818182
 116 61.36363636363636
 92 63.40909090909091
 26 65.45454545454545
 7 67.5
 1 69.54545454545455
 0 71.59090909090909
 0 73.63636363636364
 0 75.68181818181819
 0 77.72727272727272
 0 79.77272727272727
 0 81.81818181818181
 0 83.86363636363636
 0 85.90909090909091
 0 87.95454545454545
 0 90


