# Created by Octave 3.8.2, Mon Jun 22 01:15:00 2020 CEST <damian@fptrucha.inv.usc.es>
# name: hd
# type: matrix
# rows: 45
# columns: 2
 6 0
 2395 2.045454545454545
 1 4.090909090909091
 7 6.136363636363637
 2465 8.181818181818182
 306 10.22727272727273
 239 12.27272727272727
 747 14.31818181818182
 2605 16.36363636363636
 338 18.40909090909091
 771 20.45454545454545
 3555 22.5
 2084 24.54545454545455
 3897 26.59090909090909
 1325 28.63636363636364
 1339 30.68181818181818
 1341 32.72727272727273
 1687 34.77272727272727
 1081 36.81818181818182
 2052 38.86363636363636
 1947 40.90909090909091
 715 42.95454545454545
 762 45
 1333 47.04545454545455
 596 49.09090909090909
 503 51.13636363636363
 418 53.18181818181818
 310 55.22727272727273
 253 57.27272727272727
 105 59.31818181818182
 86 61.36363636363636
 54 63.40909090909091
 7 65.45454545454545
 8 67.5
 1 69.54545454545455
 0 71.59090909090909
 0 73.63636363636364
 0 75.68181818181819
 0 77.72727272727272
 0 79.77272727272727
 0 81.81818181818181
 0 83.86363636363636
 0 85.90909090909091
 0 87.95454545454545
 0 90


