# Created by Octave 3.8.2, Mon Jun 22 15:43:04 2020 CEST <damian@fptrucha.inv.usc.es>
# name: hd
# type: matrix
# rows: 45
# columns: 2
 4 0
 2413 2.045454545454545
 5 4.090909090909091
 14 6.136363636363637
 2316 8.181818181818182
 277 10.22727272727273
 269 12.27272727272727
 805 14.31818181818182
 2539 16.36363636363636
 297 18.40909090909091
 802 20.45454545454545
 3795 22.5
 2145 24.54545454545455
 4001 26.59090909090909
 1427 28.63636363636364
 1439 30.68181818181818
 1361 32.72727272727273
 1711 34.77272727272727
 1207 36.81818181818182
 2178 38.86363636363636
 2207 40.90909090909091
 872 42.95454545454545
 859 45
 1412 47.04545454545455
 670 49.09090909090909
 586 51.13636363636363
 518 53.18181818181818
 370 55.22727272727273
 333 57.27272727272727
 167 59.31818181818182
 126 61.36363636363636
 78 63.40909090909091
 20 65.45454545454545
 18 67.5
 5 69.54545454545455
 0 71.59090909090909
 0 73.63636363636364
 0 75.68181818181819
 0 77.72727272727272
 0 79.77272727272727
 0 81.81818181818181
 0 83.86363636363636
 0 85.90909090909091
 0 87.95454545454545
 0 90


