# Created by Octave 3.8.2, Sat Jun 20 22:10:39 2020 CEST <damian@fptrucha.inv.usc.es>
# name: hd
# type: matrix
# rows: 45
# columns: 2
 4 0
 2299 2.045454545454545
 4 4.090909090909091
 3 6.136363636363637
 2264 8.181818181818182
 296 10.22727272727273
 228 12.27272727272727
 803 14.31818181818182
 2566 16.36363636363636
 329 18.40909090909091
 811 20.45454545454545
 3571 22.5
 2208 24.54545454545455
 3892 26.59090909090909
 1316 28.63636363636364
 1317 30.68181818181818
 1284 32.72727272727273
 1712 34.77272727272727
 1092 36.81818181818182
 2130 38.86363636363636
 2006 40.90909090909091
 755 42.95454545454545
 787 45
 1267 47.04545454545455
 562 49.09090909090909
 474 51.13636363636363
 440 53.18181818181818
 300 55.22727272727273
 275 57.27272727272727
 111 59.31818181818182
 97 61.36363636363636
 62 63.40909090909091
 13 65.45454545454545
 13 67.5
 1 69.54545454545455
 0 71.59090909090909
 0 73.63636363636364
 0 75.68181818181819
 0 77.72727272727272
 0 79.77272727272727
 0 81.81818181818181
 0 83.86363636363636
 0 85.90909090909091
 0 87.95454545454545
 0 90


