# Created by Octave 3.8.2, Sun Jun 21 03:19:31 2020 CEST <damian@fptrucha.inv.usc.es>
# name: hd
# type: matrix
# rows: 45
# columns: 2
 7 0
 2349 2.045454545454545
 3 4.090909090909091
 6 6.136363636363637
 2284 8.181818181818182
 329 10.22727272727273
 250 12.27272727272727
 822 14.31818181818182
 2612 16.36363636363636
 337 18.40909090909091
 796 20.45454545454545
 3455 22.5
 2031 24.54545454545455
 3675 26.59090909090909
 1286 28.63636363636364
 1199 30.68181818181818
 1277 32.72727272727273
 1618 34.77272727272727
 1071 36.81818181818182
 2022 38.86363636363636
 1935 40.90909090909091
 766 42.95454545454545
 768 45
 1240 47.04545454545455
 568 49.09090909090909
 467 51.13636363636363
 421 53.18181818181818
 292 55.22727272727273
 249 57.27272727272727
 106 59.31818181818182
 95 61.36363636363636
 70 63.40909090909091
 25 65.45454545454545
 11 67.5
 0 69.54545454545455
 0 71.59090909090909
 0 73.63636363636364
 0 75.68181818181819
 0 77.72727272727272
 0 79.77272727272727
 0 81.81818181818181
 0 83.86363636363636
 0 85.90909090909091
 0 87.95454545454545
 0 90


