# Created by Octave 3.8.2, Sat Jun 20 12:09:06 2020 CEST <damian@fptrucha.inv.usc.es>
# name: hd
# type: matrix
# rows: 45
# columns: 2
 5 0
 2641 2.045454545454545
 2 4.090909090909091
 5 6.136363636363637
 2488 8.181818181818182
 348 10.22727272727273
 244 12.27272727272727
 896 14.31818181818182
 2770 16.36363636363636
 333 18.40909090909091
 862 20.45454545454545
 3923 22.5
 2313 24.54545454545455
 4263 26.59090909090909
 1381 28.63636363636364
 1435 30.68181818181818
 1450 32.72727272727273
 1759 34.77272727272727
 1190 36.81818181818182
 2413 38.86363636363636
 2185 40.90909090909091
 904 42.95454545454545
 796 45
 1478 47.04545454545455
 651 49.09090909090909
 560 51.13636363636363
 496 53.18181818181818
 315 55.22727272727273
 323 57.27272727272727
 119 59.31818181818182
 120 61.36363636363636
 86 63.40909090909091
 18 65.45454545454545
 6 67.5
 1 69.54545454545455
 0 71.59090909090909
 0 73.63636363636364
 0 75.68181818181819
 0 77.72727272727272
 0 79.77272727272727
 0 81.81818181818181
 0 83.86363636363636
 0 85.90909090909091
 0 87.95454545454545
 0 90


