# Created by Octave 3.8.2, Mon Jun 22 04:20:58 2020 CEST <damian@fptrucha.inv.usc.es>
# name: hd
# type: matrix
# rows: 45
# columns: 2
 5 0
 2083 2.045454545454545
 4 4.090909090909091
 10 6.136363636363637
 1936 8.181818181818182
 304 10.22727272727273
 231 12.27272727272727
 745 14.31818181818182
 2199 16.36363636363636
 228 18.40909090909091
 687 20.45454545454545
 3206 22.5
 1884 24.54545454545455
 3518 26.59090909090909
 1168 28.63636363636364
 1159 30.68181818181818
 1217 32.72727272727273
 1451 34.77272727272727
 983 36.81818181818182
 1965 38.86363636363636
 2000 40.90909090909091
 798 42.95454545454545
 758 45
 1295 47.04545454545455
 655 49.09090909090909
 538 51.13636363636363
 515 53.18181818181818
 367 55.22727272727273
 291 57.27272727272727
 180 59.31818181818182
 152 61.36363636363636
 80 63.40909090909091
 29 65.45454545454545
 19 67.5
 1 69.54545454545455
 0 71.59090909090909
 0 73.63636363636364
 0 75.68181818181819
 0 77.72727272727272
 0 79.77272727272727
 0 81.81818181818181
 0 83.86363636363636
 0 85.90909090909091
 0 87.95454545454545
 0 90


