# Created by Octave 3.8.2, Sat Jun 20 04:20:08 2020 CEST <damian@fptrucha.inv.usc.es>
# name: hd
# type: matrix
# rows: 45
# columns: 2
 9 0
 2759 2.045454545454545
 3 4.090909090909091
 13 6.136363636363637
 2545 8.181818181818182
 345 10.22727272727273
 276 12.27272727272727
 809 14.31818181818182
 2913 16.36363636363636
 335 18.40909090909091
 864 20.45454545454545
 3989 22.5
 2391 24.54545454545455
 4207 26.59090909090909
 1440 28.63636363636364
 1474 30.68181818181818
 1496 32.72727272727273
 1844 34.77272727272727
 1194 36.81818181818182
 2342 38.86363636363636
 2251 40.90909090909091
 823 42.95454545454545
 838 45
 1535 47.04545454545455
 627 49.09090909090909
 560 51.13636363636363
 530 53.18181818181818
 332 55.22727272727273
 303 57.27272727272727
 136 59.31818181818182
 109 61.36363636363636
 67 63.40909090909091
 25 65.45454545454545
 12 67.5
 1 69.54545454545455
 0 71.59090909090909
 0 73.63636363636364
 0 75.68181818181819
 0 77.72727272727272
 0 79.77272727272727
 0 81.81818181818181
 0 83.86363636363636
 0 85.90909090909091
 0 87.95454545454545
 0 90


