# Created by Octave 3.8.2, Mon Jun 22 22:54:17 2020 CEST <damian@fptrucha.inv.usc.es>
# name: hd
# type: matrix
# rows: 45
# columns: 2
 8 0
 2462 2.045454545454545
 8 4.090909090909091
 13 6.136363636363637
 2397 8.181818181818182
 329 10.22727272727273
 268 12.27272727272727
 795 14.31818181818182
 2710 16.36363636363636
 335 18.40909090909091
 806 20.45454545454545
 3824 22.5
 2189 24.54545454545455
 4150 26.59090909090909
 1421 28.63636363636364
 1432 30.68181818181818
 1433 32.72727272727273
 1710 34.77272727272727
 1195 36.81818181818182
 2264 38.86363636363636
 2328 40.90909090909091
 911 42.95454545454545
 905 45
 1529 47.04545454545455
 691 49.09090909090909
 607 51.13636363636363
 509 53.18181818181818
 376 55.22727272727273
 359 57.27272727272727
 169 59.31818181818182
 118 61.36363636363636
 83 63.40909090909091
 31 65.45454545454545
 17 67.5
 4 69.54545454545455
 1 71.59090909090909
 0 73.63636363636364
 0 75.68181818181819
 0 77.72727272727272
 0 79.77272727272727
 0 81.81818181818181
 0 83.86363636363636
 0 85.90909090909091
 0 87.95454545454545
 0 90


