# Created by Octave 3.8.2, Sat Jun 20 14:20:29 2020 CEST <damian@fptrucha.inv.usc.es>
# name: hd
# type: matrix
# rows: 45
# columns: 2
 7 0
 2308 2.045454545454545
 0 4.090909090909091
 6 6.136363636363637
 2355 8.181818181818182
 333 10.22727272727273
 233 12.27272727272727
 836 14.31818181818182
 2689 16.36363636363636
 338 18.40909090909091
 797 20.45454545454545
 3480 22.5
 2087 24.54545454545455
 3707 26.59090909090909
 1230 28.63636363636364
 1224 30.68181818181818
 1284 32.72727272727273
 1583 34.77272727272727
 1085 36.81818181818182
 2003 38.86363636363636
 1952 40.90909090909091
 775 42.95454545454545
 787 45
 1284 47.04545454545455
 573 49.09090909090909
 474 51.13636363636363
 378 53.18181818181818
 256 55.22727272727273
 238 57.27272727272727
 118 59.31818181818182
 90 61.36363636363636
 50 63.40909090909091
 20 65.45454545454545
 6 67.5
 1 69.54545454545455
 0 71.59090909090909
 0 73.63636363636364
 0 75.68181818181819
 0 77.72727272727272
 0 79.77272727272727
 0 81.81818181818181
 0 83.86363636363636
 0 85.90909090909091
 0 87.95454545454545
 0 90


