# Created by Octave 3.8.2, Sun Jun 21 00:41:28 2020 CEST <damian@fptrucha.inv.usc.es>
# name: hd
# type: matrix
# rows: 45
# columns: 2
 5 0
 2330 2.045454545454545
 3 4.090909090909091
 4 6.136363636363637
 2243 8.181818181818182
 301 10.22727272727273
 235 12.27272727272727
 774 14.31818181818182
 2577 16.36363636363636
 334 18.40909090909091
 731 20.45454545454545
 3508 22.5
 2044 24.54545454545455
 3821 26.59090909090909
 1272 28.63636363636364
 1257 30.68181818181818
 1293 32.72727272727273
 1579 34.77272727272727
 1076 36.81818181818182
 1979 38.86363636363636
 1974 40.90909090909091
 769 42.95454545454545
 790 45
 1224 47.04545454545455
 586 49.09090909090909
 471 51.13636363636363
 420 53.18181818181818
 284 55.22727272727273
 283 57.27272727272727
 114 59.31818181818182
 82 61.36363636363636
 55 63.40909090909091
 21 65.45454545454545
 7 67.5
 1 69.54545454545455
 0 71.59090909090909
 0 73.63636363636364
 0 75.68181818181819
 0 77.72727272727272
 0 79.77272727272727
 0 81.81818181818181
 0 83.86363636363636
 0 85.90909090909091
 0 87.95454545454545
 0 90


