# Created by Octave 3.8.2, Mon Jun 22 21:19:03 2020 CEST <damian@fptrucha.inv.usc.es>
# name: hd
# type: matrix
# rows: 45
# columns: 2
 10 0
 2475 2.045454545454545
 7 4.090909090909091
 10 6.136363636363637
 2420 8.181818181818182
 295 10.22727272727273
 264 12.27272727272727
 838 14.31818181818182
 2739 16.36363636363636
 334 18.40909090909091
 821 20.45454545454545
 3845 22.5
 2163 24.54545454545455
 4104 26.59090909090909
 1463 28.63636363636364
 1427 30.68181818181818
 1396 32.72727272727273
 1728 34.77272727272727
 1155 36.81818181818182
 2269 38.86363636363636
 2365 40.90909090909091
 857 42.95454545454545
 815 45
 1460 47.04545454545455
 696 49.09090909090909
 553 51.13636363636363
 522 53.18181818181818
 398 55.22727272727273
 350 57.27272727272727
 141 59.31818181818182
 121 61.36363636363636
 67 63.40909090909091
 33 65.45454545454545
 13 67.5
 2 69.54545454545455
 0 71.59090909090909
 0 73.63636363636364
 0 75.68181818181819
 0 77.72727272727272
 0 79.77272727272727
 0 81.81818181818181
 0 83.86363636363636
 0 85.90909090909091
 0 87.95454545454545
 0 90


