# Created by Octave 3.8.2, Mon Jun 22 15:53:06 2020 CEST <damian@fptrucha.inv.usc.es>
# name: hd
# type: matrix
# rows: 45
# columns: 2
 12 0
 2410 2.045454545454545
 6 4.090909090909091
 9 6.136363636363637
 2209 8.181818181818182
 285 10.22727272727273
 242 12.27272727272727
 819 14.31818181818182
 2614 16.36363636363636
 312 18.40909090909091
 791 20.45454545454545
 3670 22.5
 2175 24.54545454545455
 4065 26.59090909090909
 1406 28.63636363636364
 1385 30.68181818181818
 1363 32.72727272727273
 1695 34.77272727272727
 1137 36.81818181818182
 2185 38.86363636363636
 2196 40.90909090909091
 880 42.95454545454545
 884 45
 1450 47.04545454545455
 697 49.09090909090909
 574 51.13636363636363
 542 53.18181818181818
 373 55.22727272727273
 343 57.27272727272727
 158 59.31818181818182
 148 61.36363636363636
 77 63.40909090909091
 26 65.45454545454545
 23 67.5
 2 69.54545454545455
 0 71.59090909090909
 0 73.63636363636364
 0 75.68181818181819
 0 77.72727272727272
 0 79.77272727272727
 0 81.81818181818181
 0 83.86363636363636
 0 85.90909090909091
 0 87.95454545454545
 0 90


