# Created by Octave 3.8.2, Sun Jun 21 01:59:08 2020 CEST <damian@fptrucha.inv.usc.es>
# name: hd
# type: matrix
# rows: 45
# columns: 2
 6 0
 2398 2.045454545454545
 1 4.090909090909091
 8 6.136363636363637
 2365 8.181818181818182
 279 10.22727272727273
 238 12.27272727272727
 766 14.31818181818182
 2563 16.36363636363636
 319 18.40909090909091
 762 20.45454545454545
 3473 22.5
 2044 24.54545454545455
 3782 26.59090909090909
 1283 28.63636363636364
 1204 30.68181818181818
 1316 32.72727272727273
 1616 34.77272727272727
 1031 36.81818181818182
 2024 38.86363636363636
 1970 40.90909090909091
 755 42.95454545454545
 760 45
 1187 47.04545454545455
 566 49.09090909090909
 440 51.13636363636363
 473 53.18181818181818
 255 55.22727272727273
 258 57.27272727272727
 114 59.31818181818182
 96 61.36363636363636
 56 63.40909090909091
 18 65.45454545454545
 14 67.5
 3 69.54545454545455
 0 71.59090909090909
 0 73.63636363636364
 0 75.68181818181819
 0 77.72727272727272
 0 79.77272727272727
 0 81.81818181818181
 0 83.86363636363636
 0 85.90909090909091
 0 87.95454545454545
 0 90


