# Created by Octave 3.8.2, Sun Jun 21 07:25:32 2020 CEST <damian@fptrucha.inv.usc.es>
# name: hd
# type: matrix
# rows: 45
# columns: 2
 5 0
 2332 2.045454545454545
 3 4.090909090909091
 2 6.136363636363637
 2331 8.181818181818182
 347 10.22727272727273
 227 12.27272727272727
 815 14.31818181818182
 2526 16.36363636363636
 311 18.40909090909091
 725 20.45454545454545
 3510 22.5
 2057 24.54545454545455
 3669 26.59090909090909
 1299 28.63636363636364
 1157 30.68181818181818
 1298 32.72727272727273
 1595 34.77272727272727
 1071 36.81818181818182
 2003 38.86363636363636
 1968 40.90909090909091
 736 42.95454545454545
 779 45
 1297 47.04545454545455
 574 49.09090909090909
 485 51.13636363636363
 376 53.18181818181818
 292 55.22727272727273
 254 57.27272727272727
 100 59.31818181818182
 93 61.36363636363636
 65 63.40909090909091
 19 65.45454545454545
 8 67.5
 1 69.54545454545455
 0 71.59090909090909
 0 73.63636363636364
 0 75.68181818181819
 0 77.72727272727272
 0 79.77272727272727
 0 81.81818181818181
 0 83.86363636363636
 0 85.90909090909091
 0 87.95454545454545
 0 90


