# Created by Octave 3.8.2, Mon Jun 22 07:12:41 2020 CEST <damian@fptrucha.inv.usc.es>
# name: hd
# type: matrix
# rows: 45
# columns: 2
 5 0
 2269 2.045454545454545
 8 4.090909090909091
 15 6.136363636363637
 2091 8.181818181818182
 252 10.22727272727273
 229 12.27272727272727
 738 14.31818181818182
 2373 16.36363636363636
 279 18.40909090909091
 776 20.45454545454545
 3341 22.5
 1990 24.54545454545455
 3530 26.59090909090909
 1245 28.63636363636364
 1244 30.68181818181818
 1268 32.72727272727273
 1544 34.77272727272727
 999 36.81818181818182
 2019 38.86363636363636
 2043 40.90909090909091
 834 42.95454545454545
 746 45
 1271 47.04545454545455
 634 49.09090909090909
 528 51.13636363636363
 458 53.18181818181818
 358 55.22727272727273
 319 57.27272727272727
 147 59.31818181818182
 110 61.36363636363636
 74 63.40909090909091
 30 65.45454545454545
 15 67.5
 4 69.54545454545455
 0 71.59090909090909
 0 73.63636363636364
 0 75.68181818181819
 0 77.72727272727272
 0 79.77272727272727
 0 81.81818181818181
 0 83.86363636363636
 0 85.90909090909091
 0 87.95454545454545
 0 90


