# Created by Octave 3.8.2, Sun Jun 21 05:43:30 2020 CEST <damian@fptrucha.inv.usc.es>
# name: hd
# type: matrix
# rows: 45
# columns: 2
 4 0
 2405 2.045454545454545
 3 4.090909090909091
 5 6.136363636363637
 2320 8.181818181818182
 297 10.22727272727273
 238 12.27272727272727
 750 14.31818181818182
 2551 16.36363636363636
 330 18.40909090909091
 738 20.45454545454545
 3462 22.5
 2120 24.54545454545455
 3850 26.59090909090909
 1293 28.63636363636364
 1249 30.68181818181818
 1273 32.72727272727273
 1600 34.77272727272727
 1061 36.81818181818182
 2180 38.86363636363636
 1909 40.90909090909091
 741 42.95454545454545
 742 45
 1339 47.04545454545455
 580 49.09090909090909
 509 51.13636363636363
 410 53.18181818181818
 329 55.22727272727273
 242 57.27272727272727
 109 59.31818181818182
 78 61.36363636363636
 53 63.40909090909091
 23 65.45454545454545
 9 67.5
 1 69.54545454545455
 0 71.59090909090909
 0 73.63636363636364
 0 75.68181818181819
 0 77.72727272727272
 0 79.77272727272727
 0 81.81818181818181
 0 83.86363636363636
 0 85.90909090909091
 0 87.95454545454545
 0 90


