# Created by Octave 3.8.2, Mon Jun 22 02:27:31 2020 CEST <damian@fptrucha.inv.usc.es>
# name: hd
# type: matrix
# rows: 45
# columns: 2
 2 0
 76 2.045454545454545
 4 4.090909090909091
 7 6.136363636363637
 15 8.181818181818182
 1 10.22727272727273
 2 12.27272727272727
 3 14.31818181818182
 30 16.36363636363636
 6 18.40909090909091
 33 20.45454545454545
 98 22.5
 31 24.54545454545455
 40 26.59090909090909
 64 28.63636363636364
 14 30.68181818181818
 8 32.72727272727273
 44 34.77272727272727
 8 36.81818181818182
 49 38.86363636363636
 64 40.90909090909091
 24 42.95454545454545
 40 45
 51 47.04545454545455
 13 49.09090909090909
 32 51.13636363636363
 31 53.18181818181818
 8 55.22727272727273
 16 57.27272727272727
 10 59.31818181818182
 13 61.36363636363636
 8 63.40909090909091
 3 65.45454545454545
 2 67.5
 0 69.54545454545455
 0 71.59090909090909
 0 73.63636363636364
 0 75.68181818181819
 0 77.72727272727272
 0 79.77272727272727
 0 81.81818181818181
 0 83.86363636363636
 0 85.90909090909091
 0 87.95454545454545
 0 90


