# Created by Octave 3.8.2, Mon Jun 22 18:22:56 2020 CEST <damian@fptrucha.inv.usc.es>
# name: hd
# type: matrix
# rows: 45
# columns: 2
 7 0
 2422 2.045454545454545
 3 4.090909090909091
 5 6.136363636363637
 2268 8.181818181818182
 273 10.22727272727273
 267 12.27272727272727
 820 14.31818181818182
 2654 16.36363636363636
 284 18.40909090909091
 854 20.45454545454545
 3700 22.5
 2094 24.54545454545455
 3967 26.59090909090909
 1325 28.63636363636364
 1362 30.68181818181818
 1367 32.72727272727273
 1676 34.77272727272727
 1144 36.81818181818182
 2225 38.86363636363636
 2231 40.90909090909091
 831 42.95454545454545
 844 45
 1389 47.04545454545455
 677 49.09090909090909
 592 51.13636363636363
 553 53.18181818181818
 347 55.22727272727273
 331 57.27272727272727
 154 59.31818181818182
 144 61.36363636363636
 78 63.40909090909091
 28 65.45454545454545
 17 67.5
 2 69.54545454545455
 1 71.59090909090909
 0 73.63636363636364
 0 75.68181818181819
 0 77.72727272727272
 0 79.77272727272727
 0 81.81818181818181
 0 83.86363636363636
 0 85.90909090909091
 0 87.95454545454545
 0 90


