# Created by Octave 3.8.2, Sat Jun 20 03:20:57 2020 CEST <damian@fptrucha.inv.usc.es>
# name: hd
# type: matrix
# rows: 45
# columns: 2
 4 0
 2621 2.045454545454545
 1 4.090909090909091
 7 6.136363636363637
 2617 8.181818181818182
 301 10.22727272727273
 291 12.27272727272727
 857 14.31818181818182
 2869 16.36363636363636
 315 18.40909090909091
 832 20.45454545454545
 4029 22.5
 2314 24.54545454545455
 4310 26.59090909090909
 1451 28.63636363636364
 1499 30.68181818181818
 1451 32.72727272727273
 1840 34.77272727272727
 1213 36.81818181818182
 2201 38.86363636363636
 2177 40.90909090909091
 803 42.95454545454545
 830 45
 1457 47.04545454545455
 645 49.09090909090909
 522 51.13636363636363
 427 53.18181818181818
 295 55.22727272727273
 295 57.27272727272727
 104 59.31818181818182
 105 61.36363636363636
 71 63.40909090909091
 10 65.45454545454545
 10 67.5
 6 69.54545454545455
 0 71.59090909090909
 0 73.63636363636364
 0 75.68181818181819
 0 77.72727272727272
 0 79.77272727272727
 0 81.81818181818181
 0 83.86363636363636
 0 85.90909090909091
 0 87.95454545454545
 0 90


