# Created by Octave 3.8.2, Mon Jun 22 11:32:05 2020 CEST <damian@fptrucha.inv.usc.es>
# name: hd
# type: matrix
# rows: 45
# columns: 2
 4 0
 2370 2.045454545454545
 9 4.090909090909091
 13 6.136363636363637
 2239 8.181818181818182
 283 10.22727272727273
 267 12.27272727272727
 755 14.31818181818182
 2516 16.36363636363636
 286 18.40909090909091
 831 20.45454545454545
 3561 22.5
 1990 24.54545454545455
 3750 26.59090909090909
 1343 28.63636363636364
 1317 30.68181818181818
 1303 32.72727272727273
 1539 34.77272727272727
 1120 36.81818181818182
 2108 38.86363636363636
 2071 40.90909090909091
 846 42.95454545454545
 800 45
 1308 47.04545454545455
 581 49.09090909090909
 593 51.13636363636363
 522 53.18181818181818
 329 55.22727272727273
 328 57.27272727272727
 144 59.31818181818182
 144 61.36363636363636
 74 63.40909090909091
 29 65.45454545454545
 20 67.5
 3 69.54545454545455
 1 71.59090909090909
 0 73.63636363636364
 0 75.68181818181819
 0 77.72727272727272
 0 79.77272727272727
 0 81.81818181818181
 0 83.86363636363636
 0 85.90909090909091
 0 87.95454545454545
 0 90


