# Created by Octave 3.8.2, Mon Jun 22 05:54:23 2020 CEST <damian@fptrucha.inv.usc.es>
# name: hd
# type: matrix
# rows: 45
# columns: 2
 7 0
 2206 2.045454545454545
 3 4.090909090909091
 12 6.136363636363637
 2067 8.181818181818182
 261 10.22727272727273
 253 12.27272727272727
 722 14.31818181818182
 2417 16.36363636363636
 256 18.40909090909091
 793 20.45454545454545
 3370 22.5
 1950 24.54545454545455
 3483 26.59090909090909
 1243 28.63636363636364
 1223 30.68181818181818
 1219 32.72727272727273
 1518 34.77272727272727
 1010 36.81818181818182
 2050 38.86363636363636
 1932 40.90909090909091
 802 42.95454545454545
 800 45
 1384 47.04545454545455
 596 49.09090909090909
 544 51.13636363636363
 480 53.18181818181818
 322 55.22727272727273
 303 57.27272727272727
 144 59.31818181818182
 117 61.36363636363636
 79 63.40909090909091
 28 65.45454545454545
 21 67.5
 4 69.54545454545455
 0 71.59090909090909
 0 73.63636363636364
 0 75.68181818181819
 0 77.72727272727272
 0 79.77272727272727
 0 81.81818181818181
 0 83.86363636363636
 0 85.90909090909091
 0 87.95454545454545
 0 90


