# Created by Octave 3.8.2, Sat Jun 20 20:22:33 2020 CEST <damian@fptrucha.inv.usc.es>
# name: hd
# type: matrix
# rows: 45
# columns: 2
 6 0
 2447 2.045454545454545
 2 4.090909090909091
 3 6.136363636363637
 2370 8.181818181818182
 347 10.22727272727273
 257 12.27272727272727
 781 14.31818181818182
 2619 16.36363636363636
 349 18.40909090909091
 842 20.45454545454545
 3541 22.5
 2178 24.54545454545455
 3845 26.59090909090909
 1382 28.63636363636364
 1303 30.68181818181818
 1374 32.72727272727273
 1684 34.77272727272727
 1101 36.81818181818182
 2120 38.86363636363636
 2043 40.90909090909091
 747 42.95454545454545
 804 45
 1293 47.04545454545455
 553 49.09090909090909
 438 51.13636363636363
 429 53.18181818181818
 268 55.22727272727273
 245 57.27272727272727
 102 59.31818181818182
 91 61.36363636363636
 53 63.40909090909091
 21 65.45454545454545
 13 67.5
 2 69.54545454545455
 0 71.59090909090909
 0 73.63636363636364
 0 75.68181818181819
 0 77.72727272727272
 0 79.77272727272727
 0 81.81818181818181
 0 83.86363636363636
 0 85.90909090909091
 0 87.95454545454545
 0 90


