# Created by Octave 3.8.2, Mon Jun 22 23:03:59 2020 CEST <damian@fptrucha.inv.usc.es>
# name: hd
# type: matrix
# rows: 45
# columns: 2
 9 0
 2475 2.045454545454545
 4 4.090909090909091
 21 6.136363636363637
 2402 8.181818181818182
 307 10.22727272727273
 250 12.27272727272727
 815 14.31818181818182
 2651 16.36363636363636
 333 18.40909090909091
 827 20.45454545454545
 4023 22.5
 2095 24.54545454545455
 4182 26.59090909090909
 1441 28.63636363636364
 1352 30.68181818181818
 1388 32.72727272727273
 1783 34.77272727272727
 1232 36.81818181818182
 2371 38.86363636363636
 2364 40.90909090909091
 942 42.95454545454545
 819 45
 1482 47.04545454545455
 688 49.09090909090909
 605 51.13636363636363
 513 53.18181818181818
 377 55.22727272727273
 345 57.27272727272727
 149 59.31818181818182
 129 61.36363636363636
 89 63.40909090909091
 31 65.45454545454545
 16 67.5
 4 69.54545454545455
 0 71.59090909090909
 0 73.63636363636364
 0 75.68181818181819
 0 77.72727272727272
 0 79.77272727272727
 0 81.81818181818181
 0 83.86363636363636
 0 85.90909090909091
 0 87.95454545454545
 0 90


