# Created by Octave 3.8.2, Sun Jun 21 03:46:18 2020 CEST <damian@fptrucha.inv.usc.es>
# name: hd
# type: matrix
# rows: 45
# columns: 2
 4 0
 2308 2.045454545454545
 4 4.090909090909091
 7 6.136363636363637
 2270 8.181818181818182
 333 10.22727272727273
 242 12.27272727272727
 823 14.31818181818182
 2578 16.36363636363636
 333 18.40909090909091
 782 20.45454545454545
 3617 22.5
 2052 24.54545454545455
 3854 26.59090909090909
 1258 28.63636363636364
 1289 30.68181818181818
 1323 32.72727272727273
 1686 34.77272727272727
 1050 36.81818181818182
 2122 38.86363636363636
 1994 40.90909090909091
 813 42.95454545454545
 780 45
 1346 47.04545454545455
 561 49.09090909090909
 474 51.13636363636363
 410 53.18181818181818
 277 55.22727272727273
 285 57.27272727272727
 124 59.31818181818182
 97 61.36363636363636
 71 63.40909090909091
 20 65.45454545454545
 16 67.5
 4 69.54545454545455
 0 71.59090909090909
 0 73.63636363636364
 0 75.68181818181819
 0 77.72727272727272
 0 79.77272727272727
 0 81.81818181818181
 0 83.86363636363636
 0 85.90909090909091
 0 87.95454545454545
 0 90


