# Created by Octave 3.8.2, Sat Jun 20 06:55:07 2020 CEST <damian@fptrucha.inv.usc.es>
# name: hd
# type: matrix
# rows: 45
# columns: 2
 3 0
 2678 2.045454545454545
 1 4.090909090909091
 6 6.136363636363637
 2551 8.181818181818182
 296 10.22727272727273
 279 12.27272727272727
 960 14.31818181818182
 2908 16.36363636363636
 335 18.40909090909091
 894 20.45454545454545
 4033 22.5
 2452 24.54545454545455
 4412 26.59090909090909
 1469 28.63636363636364
 1551 30.68181818181818
 1512 32.72727272727273
 1891 34.77272727272727
 1233 36.81818181818182
 2306 38.86363636363636
 2328 40.90909090909091
 827 42.95454545454545
 874 45
 1546 47.04545454545455
 700 49.09090909090909
 575 51.13636363636363
 502 53.18181818181818
 317 55.22727272727273
 337 57.27272727272727
 157 59.31818181818182
 108 61.36363636363636
 72 63.40909090909091
 20 65.45454545454545
 13 67.5
 3 69.54545454545455
 0 71.59090909090909
 0 73.63636363636364
 0 75.68181818181819
 0 77.72727272727272
 0 79.77272727272727
 0 81.81818181818181
 0 83.86363636363636
 0 85.90909090909091
 0 87.95454545454545
 0 90


