# Created by Octave 3.8.2, Mon Jun 22 02:28:31 2020 CEST <damian@fptrucha.inv.usc.es>
# name: hd
# type: matrix
# rows: 45
# columns: 2
 8 0
 1184 2.045454545454545
 2 4.090909090909091
 7 6.136363636363637
 1012 8.181818181818182
 156 10.22727272727273
 110 12.27272727272727
 386 14.31818181818182
 1200 16.36363636363636
 165 18.40909090909091
 422 20.45454545454545
 1930 22.5
 1057 24.54545454545455
 2037 26.59090909090909
 724 28.63636363636364
 635 30.68181818181818
 721 32.72727272727273
 884 34.77272727272727
 609 36.81818181818182
 1206 38.86363636363636
 1315 40.90909090909091
 546 42.95454545454545
 429 45
 866 47.04545454545455
 422 49.09090909090909
 411 51.13636363636363
 367 53.18181818181818
 271 55.22727272727273
 239 57.27272727272727
 118 59.31818181818182
 122 61.36363636363636
 79 63.40909090909091
 22 65.45454545454545
 17 67.5
 4 69.54545454545455
 1 71.59090909090909
 0 73.63636363636364
 0 75.68181818181819
 0 77.72727272727272
 0 79.77272727272727
 0 81.81818181818181
 0 83.86363636363636
 0 85.90909090909091
 0 87.95454545454545
 0 90


