# Created by Octave 3.8.2, Mon Jun 22 11:51:08 2020 CEST <damian@fptrucha.inv.usc.es>
# name: hd
# type: matrix
# rows: 45
# columns: 2
 5 0
 1598 2.045454545454545
 3 4.090909090909091
 11 6.136363636363637
 1435 8.181818181818182
 167 10.22727272727273
 170 12.27272727272727
 500 14.31818181818182
 1613 16.36363636363636
 197 18.40909090909091
 546 20.45454545454545
 2329 22.5
 1353 24.54545454545455
 2490 26.59090909090909
 925 28.63636363636364
 826 30.68181818181818
 842 32.72727272727273
 1086 34.77272727272727
 693 36.81818181818182
 1393 38.86363636363636
 1378 40.90909090909091
 557 42.95454545454545
 505 45
 898 47.04545454545455
 427 49.09090909090909
 372 51.13636363636363
 326 53.18181818181818
 219 55.22727272727273
 213 57.27272727272727
 96 59.31818181818182
 88 61.36363636363636
 36 63.40909090909091
 15 65.45454545454545
 20 67.5
 1 69.54545454545455
 0 71.59090909090909
 0 73.63636363636364
 0 75.68181818181819
 0 77.72727272727272
 0 79.77272727272727
 0 81.81818181818181
 0 83.86363636363636
 0 85.90909090909091
 0 87.95454545454545
 0 90


