# Created by Octave 3.8.2, Mon Jun 22 20:34:06 2020 CEST <damian@fptrucha.inv.usc.es>
# name: hd
# type: matrix
# rows: 45
# columns: 2
 11 0
 2415 2.045454545454545
 2 4.090909090909091
 14 6.136363636363637
 2403 8.181818181818182
 279 10.22727272727273
 281 12.27272727272727
 862 14.31818181818182
 2696 16.36363636363636
 338 18.40909090909091
 842 20.45454545454545
 3740 22.5
 2150 24.54545454545455
 4082 26.59090909090909
 1394 28.63636363636364
 1363 30.68181818181818
 1430 32.72727272727273
 1792 34.77272727272727
 1145 36.81818181818182
 2297 38.86363636363636
 2108 40.90909090909091
 840 42.95454545454545
 822 45
 1507 47.04545454545455
 642 49.09090909090909
 557 51.13636363636363
 523 53.18181818181818
 393 55.22727272727273
 348 57.27272727272727
 157 59.31818181818182
 160 61.36363636363636
 93 63.40909090909091
 27 65.45454545454545
 21 67.5
 3 69.54545454545455
 0 71.59090909090909
 0 73.63636363636364
 0 75.68181818181819
 0 77.72727272727272
 0 79.77272727272727
 0 81.81818181818181
 0 83.86363636363636
 0 85.90909090909091
 0 87.95454545454545
 0 90


