# Created by Octave 3.8.2, Sat Jun 20 21:21:03 2020 CEST <damian@fptrucha.inv.usc.es>
# name: hd
# type: matrix
# rows: 45
# columns: 2
 6 0
 2338 2.045454545454545
 2 4.090909090909091
 3 6.136363636363637
 2306 8.181818181818182
 296 10.22727272727273
 230 12.27272727272727
 820 14.31818181818182
 2616 16.36363636363636
 329 18.40909090909091
 739 20.45454545454545
 3545 22.5
 2047 24.54545454545455
 3936 26.59090909090909
 1302 28.63636363636364
 1313 30.68181818181818
 1337 32.72727272727273
 1594 34.77272727272727
 1011 36.81818181818182
 2129 38.86363636363636
 2025 40.90909090909091
 735 42.95454545454545
 770 45
 1267 47.04545454545455
 545 49.09090909090909
 502 51.13636363636363
 416 53.18181818181818
 259 55.22727272727273
 270 57.27272727272727
 96 59.31818181818182
 91 61.36363636363636
 69 63.40909090909091
 23 65.45454545454545
 16 67.5
 1 69.54545454545455
 0 71.59090909090909
 0 73.63636363636364
 0 75.68181818181819
 0 77.72727272727272
 0 79.77272727272727
 0 81.81818181818181
 0 83.86363636363636
 0 85.90909090909091
 0 87.95454545454545
 0 90


