# Created by Octave 3.8.2, Sat Jun 20 12:53:49 2020 CEST <damian@fptrucha.inv.usc.es>
# name: hd
# type: matrix
# rows: 45
# columns: 2
 1 0
 1725 2.045454545454545
 2 4.090909090909091
 7 6.136363636363637
 1616 8.181818181818182
 222 10.22727272727273
 159 12.27272727272727
 577 14.31818181818182
 1838 16.36363636363636
 248 18.40909090909091
 560 20.45454545454545
 2680 22.5
 1534 24.54545454545455
 2879 26.59090909090909
 940 28.63636363636364
 913 30.68181818181818
 884 32.72727272727273
 1224 34.77272727272727
 789 36.81818181818182
 1585 38.86363636363636
 1497 40.90909090909091
 544 42.95454545454545
 523 45
 964 47.04545454545455
 412 49.09090909090909
 343 51.13636363636363
 309 53.18181818181818
 222 55.22727272727273
 191 57.27272727272727
 82 59.31818181818182
 71 61.36363636363636
 51 63.40909090909091
 13 65.45454545454545
 7 67.5
 1 69.54545454545455
 0 71.59090909090909
 0 73.63636363636364
 0 75.68181818181819
 0 77.72727272727272
 0 79.77272727272727
 0 81.81818181818181
 0 83.86363636363636
 0 85.90909090909091
 0 87.95454545454545
 0 90


