# Created by Octave 3.8.2, Mon Jun 22 17:38:30 2020 CEST <damian@fptrucha.inv.usc.es>
# name: hd
# type: matrix
# rows: 45
# columns: 2
 3 0
 2413 2.045454545454545
 0 4.090909090909091
 10 6.136363636363637
 2278 8.181818181818182
 265 10.22727272727273
 279 12.27272727272727
 757 14.31818181818182
 2545 16.36363636363636
 320 18.40909090909091
 846 20.45454545454545
 3724 22.5
 2106 24.54545454545455
 3966 26.59090909090909
 1406 28.63636363636364
 1357 30.68181818181818
 1412 32.72727272727273
 1660 34.77272727272727
 1115 36.81818181818182
 2161 38.86363636363636
 2172 40.90909090909091
 943 42.95454545454545
 858 45
 1424 47.04545454545455
 679 49.09090909090909
 618 51.13636363636363
 523 53.18181818181818
 370 55.22727272727273
 369 57.27272727272727
 157 59.31818181818182
 130 61.36363636363636
 92 63.40909090909091
 27 65.45454545454545
 19 67.5
 1 69.54545454545455
 0 71.59090909090909
 0 73.63636363636364
 0 75.68181818181819
 0 77.72727272727272
 0 79.77272727272727
 0 81.81818181818181
 0 83.86363636363636
 0 85.90909090909091
 0 87.95454545454545
 0 90


