# Created by Octave 3.8.2, Sat Jun 20 05:40:43 2020 CEST <damian@fptrucha.inv.usc.es>
# name: hd
# type: matrix
# rows: 45
# columns: 2
 3 0
 1705 2.045454545454545
 2 4.090909090909091
 5 6.136363636363637
 1695 8.181818181818182
 241 10.22727272727273
 163 12.27272727272727
 616 14.31818181818182
 1948 16.36363636363636
 265 18.40909090909091
 591 20.45454545454545
 2603 22.5
 1562 24.54545454545455
 2855 26.59090909090909
 977 28.63636363636364
 988 30.68181818181818
 938 32.72727272727273
 1226 34.77272727272727
 772 36.81818181818182
 1556 38.86363636363636
 1520 40.90909090909091
 587 42.95454545454545
 594 45
 995 47.04545454545455
 434 49.09090909090909
 380 51.13636363636363
 324 53.18181818181818
 210 55.22727272727273
 203 57.27272727272727
 96 59.31818181818182
 73 61.36363636363636
 46 63.40909090909091
 16 65.45454545454545
 10 67.5
 1 69.54545454545455
 0 71.59090909090909
 0 73.63636363636364
 0 75.68181818181819
 0 77.72727272727272
 0 79.77272727272727
 0 81.81818181818181
 0 83.86363636363636
 0 85.90909090909091
 0 87.95454545454545
 0 90


