# Created by Octave 3.8.2, Sat Jun 20 18:46:24 2020 CEST <damian@fptrucha.inv.usc.es>
# name: hd
# type: matrix
# rows: 45
# columns: 2
 3 0
 2394 2.045454545454545
 6 4.090909090909091
 7 6.136363636363637
 2348 8.181818181818182
 319 10.22727272727273
 239 12.27272727272727
 811 14.31818181818182
 2644 16.36363636363636
 341 18.40909090909091
 766 20.45454545454545
 3668 22.5
 2161 24.54545454545455
 3887 26.59090909090909
 1310 28.63636363636364
 1285 30.68181818181818
 1331 32.72727272727273
 1665 34.77272727272727
 1104 36.81818181818182
 2112 38.86363636363636
 2010 40.90909090909091
 763 42.95454545454545
 789 45
 1344 47.04545454545455
 590 49.09090909090909
 501 51.13636363636363
 460 53.18181818181818
 301 55.22727272727273
 275 57.27272727272727
 116 59.31818181818182
 107 61.36363636363636
 53 63.40909090909091
 12 65.45454545454545
 13 67.5
 2 69.54545454545455
 0 71.59090909090909
 0 73.63636363636364
 0 75.68181818181819
 0 77.72727272727272
 0 79.77272727272727
 0 81.81818181818181
 0 83.86363636363636
 0 85.90909090909091
 0 87.95454545454545
 0 90


