# Created by Octave 3.8.2, Mon Jun 22 06:56:03 2020 CEST <damian@fptrucha.inv.usc.es>
# name: hd
# type: matrix
# rows: 45
# columns: 2
 5 0
 2191 2.045454545454545
 8 4.090909090909091
 5 6.136363636363637
 2005 8.181818181818182
 246 10.22727272727273
 264 12.27272727272727
 704 14.31818181818182
 2296 16.36363636363636
 272 18.40909090909091
 769 20.45454545454545
 3379 22.5
 1936 24.54545454545455
 3594 26.59090909090909
 1290 28.63636363636364
 1254 30.68181818181818
 1250 32.72727272727273
 1584 34.77272727272727
 1070 36.81818181818182
 2099 38.86363636363636
 2023 40.90909090909091
 795 42.95454545454545
 769 45
 1296 47.04545454545455
 621 49.09090909090909
 563 51.13636363636363
 483 53.18181818181818
 340 55.22727272727273
 293 57.27272727272727
 144 59.31818181818182
 126 61.36363636363636
 84 63.40909090909091
 26 65.45454545454545
 15 67.5
 1 69.54545454545455
 1 71.59090909090909
 0 73.63636363636364
 0 75.68181818181819
 0 77.72727272727272
 0 79.77272727272727
 0 81.81818181818181
 0 83.86363636363636
 0 85.90909090909091
 0 87.95454545454545
 0 90


