# Created by Octave 3.8.2, Sat Jun 20 21:32:18 2020 CEST <damian@fptrucha.inv.usc.es>
# name: hd
# type: matrix
# rows: 45
# columns: 2
 6 0
 2313 2.045454545454545
 1 4.090909090909091
 5 6.136363636363637
 2329 8.181818181818182
 327 10.22727272727273
 234 12.27272727272727
 813 14.31818181818182
 2588 16.36363636363636
 348 18.40909090909091
 776 20.45454545454545
 3529 22.5
 2145 24.54545454545455
 3855 26.59090909090909
 1300 28.63636363636364
 1304 30.68181818181818
 1243 32.72727272727273
 1659 34.77272727272727
 1130 36.81818181818182
 2111 38.86363636363636
 1985 40.90909090909091
 717 42.95454545454545
 798 45
 1280 47.04545454545455
 552 49.09090909090909
 491 51.13636363636363
 439 53.18181818181818
 303 55.22727272727273
 253 57.27272727272727
 113 59.31818181818182
 82 61.36363636363636
 59 63.40909090909091
 18 65.45454545454545
 13 67.5
 2 69.54545454545455
 0 71.59090909090909
 0 73.63636363636364
 0 75.68181818181819
 0 77.72727272727272
 0 79.77272727272727
 0 81.81818181818181
 0 83.86363636363636
 0 85.90909090909091
 0 87.95454545454545
 0 90


