# Created by Octave 3.8.2, Sun Jun 21 07:52:44 2020 CEST <damian@fptrucha.inv.usc.es>
# name: hd
# type: matrix
# rows: 45
# columns: 2
 2 0
 2285 2.045454545454545
 3 4.090909090909091
 5 6.136363636363637
 2303 8.181818181818182
 310 10.22727272727273
 253 12.27272727272727
 775 14.31818181818182
 2583 16.36363636363636
 333 18.40909090909091
 821 20.45454545454545
 3583 22.5
 2047 24.54545454545455
 3807 26.59090909090909
 1291 28.63636363636364
 1278 30.68181818181818
 1323 32.72727272727273
 1769 34.77272727272727
 1071 36.81818181818182
 2140 38.86363636363636
 2143 40.90909090909091
 723 42.95454545454545
 721 45
 1312 47.04545454545455
 593 49.09090909090909
 505 51.13636363636363
 408 53.18181818181818
 302 55.22727272727273
 256 57.27272727272727
 108 59.31818181818182
 88 61.36363636363636
 60 63.40909090909091
 21 65.45454545454545
 11 67.5
 6 69.54545454545455
 0 71.59090909090909
 0 73.63636363636364
 0 75.68181818181819
 0 77.72727272727272
 0 79.77272727272727
 0 81.81818181818181
 0 83.86363636363636
 0 85.90909090909091
 0 87.95454545454545
 0 90


