# Created by Octave 3.8.2, Sun Jun 21 04:11:13 2020 CEST <damian@fptrucha.inv.usc.es>
# name: hd
# type: matrix
# rows: 45
# columns: 2
 3 0
 2403 2.045454545454545
 4 4.090909090909091
 8 6.136363636363637
 2194 8.181818181818182
 290 10.22727272727273
 270 12.27272727272727
 782 14.31818181818182
 2483 16.36363636363636
 364 18.40909090909091
 755 20.45454545454545
 3600 22.5
 2129 24.54545454545455
 3830 26.59090909090909
 1310 28.63636363636364
 1321 30.68181818181818
 1304 32.72727272727273
 1671 34.77272727272727
 1013 36.81818181818182
 2023 38.86363636363636
 1973 40.90909090909091
 751 42.95454545454545
 787 45
 1333 47.04545454545455
 617 49.09090909090909
 492 51.13636363636363
 454 53.18181818181818
 291 55.22727272727273
 283 57.27272727272727
 115 59.31818181818182
 101 61.36363636363636
 66 63.40909090909091
 22 65.45454545454545
 3 67.5
 1 69.54545454545455
 0 71.59090909090909
 0 73.63636363636364
 0 75.68181818181819
 0 77.72727272727272
 0 79.77272727272727
 0 81.81818181818181
 0 83.86363636363636
 0 85.90909090909091
 0 87.95454545454545
 0 90


