# Created by Octave 3.8.2, Sat Jun 20 21:37:26 2020 CEST <damian@fptrucha.inv.usc.es>
# name: hd
# type: matrix
# rows: 45
# columns: 2
 0 0
 2333 2.045454545454545
 1 4.090909090909091
 3 6.136363636363637
 2344 8.181818181818182
 320 10.22727272727273
 249 12.27272727272727
 751 14.31818181818182
 2486 16.36363636363636
 323 18.40909090909091
 765 20.45454545454545
 3681 22.5
 2051 24.54545454545455
 3915 26.59090909090909
 1285 28.63636363636364
 1302 30.68181818181818
 1311 32.72727272727273
 1596 34.77272727272727
 1034 36.81818181818182
 2092 38.86363636363636
 1945 40.90909090909091
 728 42.95454545454545
 746 45
 1313 47.04545454545455
 574 49.09090909090909
 485 51.13636363636363
 396 53.18181818181818
 293 55.22727272727273
 286 57.27272727272727
 135 59.31818181818182
 93 61.36363636363636
 52 63.40909090909091
 14 65.45454545454545
 8 67.5
 3 69.54545454545455
 0 71.59090909090909
 0 73.63636363636364
 0 75.68181818181819
 0 77.72727272727272
 0 79.77272727272727
 0 81.81818181818181
 0 83.86363636363636
 0 85.90909090909091
 0 87.95454545454545
 0 90


