# Created by Octave 3.8.2, Sun Jun 21 05:03:56 2020 CEST <damian@fptrucha.inv.usc.es>
# name: hd
# type: matrix
# rows: 45
# columns: 2
 3 0
 2346 2.045454545454545
 0 4.090909090909091
 7 6.136363636363637
 2411 8.181818181818182
 302 10.22727272727273
 230 12.27272727272727
 812 14.31818181818182
 2601 16.36363636363636
 367 18.40909090909091
 762 20.45454545454545
 3566 22.5
 2040 24.54545454545455
 3894 26.59090909090909
 1344 28.63636363636364
 1327 30.68181818181818
 1304 32.72727272727273
 1669 34.77272727272727
 1054 36.81818181818182
 2083 38.86363636363636
 1996 40.90909090909091
 777 42.95454545454545
 818 45
 1421 47.04545454545455
 575 49.09090909090909
 528 51.13636363636363
 422 53.18181818181818
 291 55.22727272727273
 311 57.27272727272727
 114 59.31818181818182
 123 61.36363636363636
 56 63.40909090909091
 15 65.45454545454545
 12 67.5
 1 69.54545454545455
 0 71.59090909090909
 0 73.63636363636364
 0 75.68181818181819
 0 77.72727272727272
 0 79.77272727272727
 0 81.81818181818181
 0 83.86363636363636
 0 85.90909090909091
 0 87.95454545454545
 0 90


