# Created by Octave 3.8.2, Mon Jun 22 20:00:49 2020 CEST <damian@fptrucha.inv.usc.es>
# name: hd
# type: matrix
# rows: 45
# columns: 2
 8 0
 2449 2.045454545454545
 6 4.090909090909091
 7 6.136363636363637
 2384 8.181818181818182
 273 10.22727272727273
 260 12.27272727272727
 829 14.31818181818182
 2751 16.36363636363636
 335 18.40909090909091
 852 20.45454545454545
 3744 22.5
 2123 24.54545454545455
 4034 26.59090909090909
 1397 28.63636363636364
 1434 30.68181818181818
 1386 32.72727272727273
 1715 34.77272727272727
 1149 36.81818181818182
 2190 38.86363636363636
 2166 40.90909090909091
 846 42.95454545454545
 832 45
 1452 47.04545454545455
 688 49.09090909090909
 550 51.13636363636363
 497 53.18181818181818
 355 55.22727272727273
 335 57.27272727272727
 142 59.31818181818182
 140 61.36363636363636
 101 63.40909090909091
 22 65.45454545454545
 20 67.5
 3 69.54545454545455
 0 71.59090909090909
 0 73.63636363636364
 0 75.68181818181819
 0 77.72727272727272
 0 79.77272727272727
 0 81.81818181818181
 0 83.86363636363636
 0 85.90909090909091
 0 87.95454545454545
 0 90


