# Created by Octave 3.8.2, Mon Jun 22 19:48:36 2020 CEST <damian@fptrucha.inv.usc.es>
# name: hd
# type: matrix
# rows: 45
# columns: 2
 6 0
 2386 2.045454545454545
 4 4.090909090909091
 7 6.136363636363637
 2297 8.181818181818182
 277 10.22727272727273
 262 12.27272727272727
 791 14.31818181818182
 2650 16.36363636363636
 304 18.40909090909091
 874 20.45454545454545
 3829 22.5
 2174 24.54545454545455
 3968 26.59090909090909
 1390 28.63636363636364
 1397 30.68181818181818
 1359 32.72727272727273
 1633 34.77272727272727
 1177 36.81818181818182
 2213 38.86363636363636
 2180 40.90909090909091
 874 42.95454545454545
 885 45
 1497 47.04545454545455
 713 49.09090909090909
 568 51.13636363636363
 521 53.18181818181818
 373 55.22727272727273
 324 57.27272727272727
 147 59.31818181818182
 137 61.36363636363636
 98 63.40909090909091
 27 65.45454545454545
 13 67.5
 3 69.54545454545455
 0 71.59090909090909
 0 73.63636363636364
 0 75.68181818181819
 0 77.72727272727272
 0 79.77272727272727
 0 81.81818181818181
 0 83.86363636363636
 0 85.90909090909091
 0 87.95454545454545
 0 90


