# Created by Octave 3.8.2, Sun Jun 21 06:55:26 2020 CEST <damian@fptrucha.inv.usc.es>
# name: hd
# type: matrix
# rows: 45
# columns: 2
 1 0
 2403 2.045454545454545
 1 4.090909090909091
 12 6.136363636363637
 2244 8.181818181818182
 312 10.22727272727273
 232 12.27272727272727
 730 14.31818181818182
 2539 16.36363636363636
 297 18.40909090909091
 779 20.45454545454545
 3492 22.5
 2032 24.54545454545455
 3735 26.59090909090909
 1292 28.63636363636364
 1252 30.68181818181818
 1283 32.72727272727273
 1653 34.77272727272727
 1112 36.81818181818182
 2029 38.86363636363636
 1907 40.90909090909091
 761 42.95454545454545
 779 45
 1314 47.04545454545455
 568 49.09090909090909
 462 51.13636363636363
 414 53.18181818181818
 277 55.22727272727273
 262 57.27272727272727
 102 59.31818181818182
 72 61.36363636363636
 51 63.40909090909091
 20 65.45454545454545
 8 67.5
 3 69.54545454545455
 0 71.59090909090909
 0 73.63636363636364
 0 75.68181818181819
 0 77.72727272727272
 0 79.77272727272727
 0 81.81818181818181
 0 83.86363636363636
 0 85.90909090909091
 0 87.95454545454545
 0 90


