# Created by Octave 3.8.2, Sat Jun 20 17:30:51 2020 CEST <damian@fptrucha.inv.usc.es>
# name: hd
# type: matrix
# rows: 45
# columns: 2
 2 0
 2436 2.045454545454545
 3 4.090909090909091
 5 6.136363636363637
 2386 8.181818181818182
 337 10.22727272727273
 206 12.27272727272727
 839 14.31818181818182
 2597 16.36363636363636
 321 18.40909090909091
 765 20.45454545454545
 3681 22.5
 2190 24.54545454545455
 3897 26.59090909090909
 1374 28.63636363636364
 1328 30.68181818181818
 1256 32.72727272727273
 1630 34.77272727272727
 1188 36.81818181818182
 2150 38.86363636363636
 2100 40.90909090909091
 747 42.95454545454545
 781 45
 1301 47.04545454545455
 599 49.09090909090909
 492 51.13636363636363
 430 53.18181818181818
 322 55.22727272727273
 261 57.27272727272727
 112 59.31818181818182
 87 61.36363636363636
 65 63.40909090909091
 16 65.45454545454545
 3 67.5
 1 69.54545454545455
 0 71.59090909090909
 0 73.63636363636364
 0 75.68181818181819
 0 77.72727272727272
 0 79.77272727272727
 0 81.81818181818181
 0 83.86363636363636
 0 85.90909090909091
 0 87.95454545454545
 0 90


