# Created by Octave 3.8.2, Mon Jun 22 21:40:38 2020 CEST <damian@fptrucha.inv.usc.es>
# name: hd
# type: matrix
# rows: 45
# columns: 2
 1 0
 1637 2.045454545454545
 3 4.090909090909091
 6 6.136363636363637
 1572 8.181818181818182
 182 10.22727272727273
 188 12.27272727272727
 524 14.31818181818182
 1838 16.36363636363636
 185 18.40909090909091
 574 20.45454545454545
 2495 22.5
 1441 24.54545454545455
 2731 26.59090909090909
 977 28.63636363636364
 933 30.68181818181818
 945 32.72727272727273
 1221 34.77272727272727
 794 36.81818181818182
 1478 38.86363636363636
 1479 40.90909090909091
 575 42.95454545454545
 604 45
 1002 47.04545454545455
 407 49.09090909090909
 390 51.13636363636363
 337 53.18181818181818
 242 55.22727272727273
 219 57.27272727272727
 93 59.31818181818182
 94 61.36363636363636
 61 63.40909090909091
 15 65.45454545454545
 8 67.5
 1 69.54545454545455
 0 71.59090909090909
 0 73.63636363636364
 0 75.68181818181819
 0 77.72727272727272
 0 79.77272727272727
 0 81.81818181818181
 0 83.86363636363636
 0 85.90909090909091
 0 87.95454545454545
 0 90


