# Created by Octave 3.8.2, Sat Jun 20 23:45:18 2020 CEST <damian@fptrucha.inv.usc.es>
# name: hd
# type: matrix
# rows: 45
# columns: 2
 0 0
 1618 2.045454545454545
 1 4.090909090909091
 5 6.136363636363637
 1556 8.181818181818182
 209 10.22727272727273
 150 12.27272727272727
 527 14.31818181818182
 1750 16.36363636363636
 212 18.40909090909091
 511 20.45454545454545
 2342 22.5
 1403 24.54545454545455
 2518 26.59090909090909
 844 28.63636363636364
 878 30.68181818181818
 818 32.72727272727273
 1106 34.77272727272727
 728 36.81818181818182
 1350 38.86363636363636
 1415 40.90909090909091
 500 42.95454545454545
 505 45
 832 47.04545454545455
 395 49.09090909090909
 339 51.13636363636363
 292 53.18181818181818
 180 55.22727272727273
 159 57.27272727272727
 70 59.31818181818182
 63 61.36363636363636
 33 63.40909090909091
 9 65.45454545454545
 3 67.5
 3 69.54545454545455
 0 71.59090909090909
 0 73.63636363636364
 0 75.68181818181819
 0 77.72727272727272
 0 79.77272727272727
 0 81.81818181818181
 0 83.86363636363636
 0 85.90909090909091
 0 87.95454545454545
 0 90


