# Created by Octave 3.8.2, Sat Jun 20 10:49:49 2020 CEST <damian@fptrucha.inv.usc.es>
# name: hd
# type: matrix
# rows: 45
# columns: 2
 6 0
 1649 2.045454545454545
 2 4.090909090909091
 3 6.136363636363637
 1713 8.181818181818182
 247 10.22727272727273
 181 12.27272727272727
 616 14.31818181818182
 1784 16.36363636363636
 236 18.40909090909091
 607 20.45454545454545
 2582 22.5
 1580 24.54545454545455
 2852 26.59090909090909
 891 28.63636363636364
 941 30.68181818181818
 971 32.72727272727273
 1314 34.77272727272727
 804 36.81818181818182
 1623 38.86363636363636
 1507 40.90909090909091
 568 42.95454545454545
 590 45
 941 47.04545454545455
 431 49.09090909090909
 357 51.13636363636363
 312 53.18181818181818
 215 55.22727272727273
 236 57.27272727272727
 81 59.31818181818182
 78 61.36363636363636
 41 63.40909090909091
 14 65.45454545454545
 8 67.5
 2 69.54545454545455
 0 71.59090909090909
 0 73.63636363636364
 0 75.68181818181819
 0 77.72727272727272
 0 79.77272727272727
 0 81.81818181818181
 0 83.86363636363636
 0 85.90909090909091
 0 87.95454545454545
 0 90


