# Created by Octave 3.8.2, Mon Jun 22 23:07:06 2020 CEST <damian@fptrucha.inv.usc.es>
# name: hd
# type: matrix
# rows: 45
# columns: 2
 3 0
 2496 2.045454545454545
 6 4.090909090909091
 6 6.136363636363637
 2391 8.181818181818182
 281 10.22727272727273
 268 12.27272727272727
 864 14.31818181818182
 2778 16.36363636363636
 340 18.40909090909091
 852 20.45454545454545
 3907 22.5
 2182 24.54545454545455
 4110 26.59090909090909
 1405 28.63636363636364
 1443 30.68181818181818
 1424 32.72727272727273
 1830 34.77272727272727
 1209 36.81818181818182
 2338 38.86363636363636
 2252 40.90909090909091
 940 42.95454545454545
 872 45
 1562 47.04545454545455
 690 49.09090909090909
 646 51.13636363636363
 549 53.18181818181818
 331 55.22727272727273
 313 57.27272727272727
 167 59.31818181818182
 129 61.36363636363636
 90 63.40909090909091
 38 65.45454545454545
 21 67.5
 0 69.54545454545455
 0 71.59090909090909
 0 73.63636363636364
 0 75.68181818181819
 0 77.72727272727272
 0 79.77272727272727
 0 81.81818181818181
 0 83.86363636363636
 0 85.90909090909091
 0 87.95454545454545
 0 90


