# Created by Octave 3.8.2, Sat Jun 20 04:21:36 2020 CEST <damian@fptrucha.inv.usc.es>
# name: hd
# type: matrix
# rows: 45
# columns: 2
 5 0
 2732 2.045454545454545
 2 4.090909090909091
 9 6.136363636363637
 2559 8.181818181818182
 346 10.22727272727273
 267 12.27272727272727
 963 14.31818181818182
 2984 16.36363636363636
 311 18.40909090909091
 890 20.45454545454545
 4017 22.5
 2362 24.54545454545455
 4365 26.59090909090909
 1450 28.63636363636364
 1447 30.68181818181818
 1421 32.72727272727273
 1912 34.77272727272727
 1241 36.81818181818182
 2274 38.86363636363636
 2258 40.90909090909091
 801 42.95454545454545
 887 45
 1474 47.04545454545455
 654 49.09090909090909
 569 51.13636363636363
 493 53.18181818181818
 327 55.22727272727273
 305 57.27272727272727
 123 59.31818181818182
 99 61.36363636363636
 85 63.40909090909091
 26 65.45454545454545
 14 67.5
 1 69.54545454545455
 0 71.59090909090909
 0 73.63636363636364
 0 75.68181818181819
 0 77.72727272727272
 0 79.77272727272727
 0 81.81818181818181
 0 83.86363636363636
 0 85.90909090909091
 0 87.95454545454545
 0 90


