# Created by Octave 3.8.2, Mon Jun 22 04:31:48 2020 CEST <damian@fptrucha.inv.usc.es>
# name: hd
# type: matrix
# rows: 45
# columns: 2
 10 0
 1948 2.045454545454545
 5 4.090909090909091
 15 6.136363636363637
 1885 8.181818181818182
 263 10.22727272727273
 239 12.27272727272727
 664 14.31818181818182
 2189 16.36363636363636
 255 18.40909090909091
 684 20.45454545454545
 3197 22.5
 1806 24.54545454545455
 3417 26.59090909090909
 1165 28.63636363636364
 1119 30.68181818181818
 1178 32.72727272727273
 1436 34.77272727272727
 962 36.81818181818182
 2038 38.86363636363636
 1957 40.90909090909091
 814 42.95454545454545
 746 45
 1315 47.04545454545455
 623 49.09090909090909
 544 51.13636363636363
 484 53.18181818181818
 339 55.22727272727273
 289 57.27272727272727
 153 59.31818181818182
 136 61.36363636363636
 76 63.40909090909091
 24 65.45454545454545
 16 67.5
 3 69.54545454545455
 0 71.59090909090909
 0 73.63636363636364
 0 75.68181818181819
 0 77.72727272727272
 0 79.77272727272727
 0 81.81818181818181
 0 83.86363636363636
 0 85.90909090909091
 0 87.95454545454545
 0 90


