# Created by Octave 3.8.2, Mon Jun 22 12:33:24 2020 CEST <damian@fptrucha.inv.usc.es>
# name: hd
# type: matrix
# rows: 45
# columns: 2
 3 0
 2374 2.045454545454545
 4 4.090909090909091
 14 6.136363636363637
 2280 8.181818181818182
 272 10.22727272727273
 272 12.27272727272727
 776 14.31818181818182
 2464 16.36363636363636
 326 18.40909090909091
 834 20.45454545454545
 3682 22.5
 2060 24.54545454545455
 3996 26.59090909090909
 1445 28.63636363636364
 1357 30.68181818181818
 1328 32.72727272727273
 1633 34.77272727272727
 1052 36.81818181818182
 2100 38.86363636363636
 2177 40.90909090909091
 829 42.95454545454545
 809 45
 1332 47.04545454545455
 651 49.09090909090909
 570 51.13636363636363
 492 53.18181818181818
 300 55.22727272727273
 302 57.27272727272727
 126 59.31818181818182
 112 61.36363636363636
 91 63.40909090909091
 24 65.45454545454545
 13 67.5
 3 69.54545454545455
 0 71.59090909090909
 0 73.63636363636364
 0 75.68181818181819
 0 77.72727272727272
 0 79.77272727272727
 0 81.81818181818181
 0 83.86363636363636
 0 85.90909090909091
 0 87.95454545454545
 0 90


