# Created by Octave 3.8.2, Sat Jun 20 20:16:28 2020 CEST <damian@fptrucha.inv.usc.es>
# name: hd
# type: matrix
# rows: 45
# columns: 2
 1 0
 2323 2.045454545454545
 2 4.090909090909091
 5 6.136363636363637
 2304 8.181818181818182
 308 10.22727272727273
 238 12.27272727272727
 813 14.31818181818182
 2560 16.36363636363636
 312 18.40909090909091
 762 20.45454545454545
 3537 22.5
 2057 24.54545454545455
 3925 26.59090909090909
 1242 28.63636363636364
 1359 30.68181818181818
 1281 32.72727272727273
 1733 34.77272727272727
 1094 36.81818181818182
 2033 38.86363636363636
 2056 40.90909090909091
 771 42.95454545454545
 795 45
 1339 47.04545454545455
 597 49.09090909090909
 482 51.13636363636363
 407 53.18181818181818
 298 55.22727272727273
 261 57.27272727272727
 114 59.31818181818182
 99 61.36363636363636
 54 63.40909090909091
 17 65.45454545454545
 14 67.5
 0 69.54545454545455
 0 71.59090909090909
 0 73.63636363636364
 0 75.68181818181819
 0 77.72727272727272
 0 79.77272727272727
 0 81.81818181818181
 0 83.86363636363636
 0 85.90909090909091
 0 87.95454545454545
 0 90


