# Created by Octave 3.8.2, Mon Jun 22 18:19:32 2020 CEST <damian@fptrucha.inv.usc.es>
# name: hd
# type: matrix
# rows: 45
# columns: 2
 7 0
 2343 2.045454545454545
 6 4.090909090909091
 9 6.136363636363637
 2188 8.181818181818182
 272 10.22727272727273
 262 12.27272727272727
 802 14.31818181818182
 2563 16.36363636363636
 302 18.40909090909091
 820 20.45454545454545
 3773 22.5
 2126 24.54545454545455
 4115 26.59090909090909
 1338 28.63636363636364
 1428 30.68181818181818
 1376 32.72727272727273
 1693 34.77272727272727
 1213 36.81818181818182
 2239 38.86363636363636
 2245 40.90909090909091
 892 42.95454545454545
 837 45
 1437 47.04545454545455
 683 49.09090909090909
 613 51.13636363636363
 527 53.18181818181818
 334 55.22727272727273
 306 57.27272727272727
 150 59.31818181818182
 110 61.36363636363636
 91 63.40909090909091
 27 65.45454545454545
 16 67.5
 5 69.54545454545455
 0 71.59090909090909
 0 73.63636363636364
 0 75.68181818181819
 0 77.72727272727272
 0 79.77272727272727
 0 81.81818181818181
 0 83.86363636363636
 0 85.90909090909091
 0 87.95454545454545
 0 90


