# Created by Octave 3.8.2, Mon Jun 22 16:38:31 2020 CEST <damian@fptrucha.inv.usc.es>
# name: hd
# type: matrix
# rows: 45
# columns: 2
 6 0
 2337 2.045454545454545
 2 4.090909090909091
 5 6.136363636363637
 2336 8.181818181818182
 279 10.22727272727273
 268 12.27272727272727
 750 14.31818181818182
 2574 16.36363636363636
 309 18.40909090909091
 822 20.45454545454545
 3802 22.5
 2089 24.54545454545455
 3911 26.59090909090909
 1440 28.63636363636364
 1324 30.68181818181818
 1397 32.72727272727273
 1766 34.77272727272727
 1133 36.81818181818182
 2143 38.86363636363636
 2096 40.90909090909091
 878 42.95454545454545
 796 45
 1428 47.04545454545455
 634 49.09090909090909
 617 51.13636363636363
 532 53.18181818181818
 369 55.22727272727273
 367 57.27272727272727
 158 59.31818181818182
 154 61.36363636363636
 88 63.40909090909091
 28 65.45454545454545
 16 67.5
 5 69.54545454545455
 0 71.59090909090909
 0 73.63636363636364
 0 75.68181818181819
 0 77.72727272727272
 0 79.77272727272727
 0 81.81818181818181
 0 83.86363636363636
 0 85.90909090909091
 0 87.95454545454545
 0 90


