# Created by Octave 3.8.2, Sat Jun 20 04:12:57 2020 CEST <damian@fptrucha.inv.usc.es>
# name: hd
# type: matrix
# rows: 45
# columns: 2
 11 0
 2617 2.045454545454545
 3 4.090909090909091
 12 6.136363636363637
 2637 8.181818181818182
 354 10.22727272727273
 281 12.27272727272727
 866 14.31818181818182
 2935 16.36363636363636
 318 18.40909090909091
 857 20.45454545454545
 4160 22.5
 2375 24.54545454545455
 4262 26.59090909090909
 1463 28.63636363636364
 1456 30.68181818181818
 1471 32.72727272727273
 1902 34.77272727272727
 1256 36.81818181818182
 2363 38.86363636363636
 2255 40.90909090909091
 865 42.95454545454545
 850 45
 1538 47.04545454545455
 634 49.09090909090909
 527 51.13636363636363
 471 53.18181818181818
 315 55.22727272727273
 293 57.27272727272727
 113 59.31818181818182
 118 61.36363636363636
 76 63.40909090909091
 25 65.45454545454545
 12 67.5
 1 69.54545454545455
 0 71.59090909090909
 0 73.63636363636364
 0 75.68181818181819
 0 77.72727272727272
 0 79.77272727272727
 0 81.81818181818181
 0 83.86363636363636
 0 85.90909090909091
 0 87.95454545454545
 0 90


