# Created by Octave 3.8.2, Sat Jun 20 19:32:19 2020 CEST <damian@fptrucha.inv.usc.es>
# name: hd
# type: matrix
# rows: 45
# columns: 2
 1 0
 2293 2.045454545454545
 5 4.090909090909091
 6 6.136363636363637
 2330 8.181818181818182
 311 10.22727272727273
 243 12.27272727272727
 741 14.31818181818182
 2570 16.36363636363636
 309 18.40909090909091
 733 20.45454545454545
 3524 22.5
 2144 24.54545454545455
 3814 26.59090909090909
 1321 28.63636363636364
 1292 30.68181818181818
 1294 32.72727272727273
 1668 34.77272727272727
 1065 36.81818181818182
 2021 38.86363636363636
 2107 40.90909090909091
 771 42.95454545454545
 800 45
 1332 47.04545454545455
 567 49.09090909090909
 474 51.13636363636363
 392 53.18181818181818
 315 55.22727272727273
 248 57.27272727272727
 123 59.31818181818182
 81 61.36363636363636
 64 63.40909090909091
 14 65.45454545454545
 8 67.5
 0 69.54545454545455
 1 71.59090909090909
 0 73.63636363636364
 0 75.68181818181819
 0 77.72727272727272
 0 79.77272727272727
 0 81.81818181818181
 0 83.86363636363636
 0 85.90909090909091
 0 87.95454545454545
 0 90


