# Created by Octave 3.8.2, Mon Jun 22 22:22:25 2020 CEST <damian@fptrucha.inv.usc.es>
# name: hd
# type: matrix
# rows: 45
# columns: 2
 3 0
 1616 2.045454545454545
 3 4.090909090909091
 4 6.136363636363637
 1577 8.181818181818182
 190 10.22727272727273
 166 12.27272727272727
 553 14.31818181818182
 1793 16.36363636363636
 204 18.40909090909091
 574 20.45454545454545
 2495 22.5
 1419 24.54545454545455
 2642 26.59090909090909
 886 28.63636363636364
 905 30.68181818181818
 880 32.72727272727273
 1150 34.77272727272727
 812 36.81818181818182
 1544 38.86363636363636
 1581 40.90909090909091
 591 42.95454545454545
 570 45
 989 47.04545454545455
 445 49.09090909090909
 394 51.13636363636363
 387 53.18181818181818
 211 55.22727272727273
 233 57.27272727272727
 107 59.31818181818182
 77 61.36363636363636
 59 63.40909090909091
 13 65.45454545454545
 10 67.5
 3 69.54545454545455
 0 71.59090909090909
 0 73.63636363636364
 0 75.68181818181819
 0 77.72727272727272
 0 79.77272727272727
 0 81.81818181818181
 0 83.86363636363636
 0 85.90909090909091
 0 87.95454545454545
 0 90


