# Created by Octave 3.8.2, Mon Jun 22 16:06:03 2020 CEST <damian@fptrucha.inv.usc.es>
# name: hd
# type: matrix
# rows: 45
# columns: 2
 1 0
 2424 2.045454545454545
 9 4.090909090909091
 12 6.136363636363637
 2327 8.181818181818182
 293 10.22727272727273
 263 12.27272727272727
 775 14.31818181818182
 2598 16.36363636363636
 332 18.40909090909091
 879 20.45454545454545
 3694 22.5
 2070 24.54545454545455
 3915 26.59090909090909
 1336 28.63636363636364
 1404 30.68181818181818
 1365 32.72727272727273
 1733 34.77272727272727
 1160 36.81818181818182
 2190 38.86363636363636
 2193 40.90909090909091
 861 42.95454545454545
 846 45
 1501 47.04545454545455
 657 49.09090909090909
 595 51.13636363636363
 546 53.18181818181818
 370 55.22727272727273
 340 57.27272727272727
 169 59.31818181818182
 140 61.36363636363636
 102 63.40909090909091
 34 65.45454545454545
 13 67.5
 1 69.54545454545455
 0 71.59090909090909
 0 73.63636363636364
 0 75.68181818181819
 0 77.72727272727272
 0 79.77272727272727
 0 81.81818181818181
 0 83.86363636363636
 0 85.90909090909091
 0 87.95454545454545
 0 90


