# Created by Octave 3.8.2, Mon Jun 22 16:34:31 2020 CEST <damian@fptrucha.inv.usc.es>
# name: hd
# type: matrix
# rows: 45
# columns: 2
 7 0
 2353 2.045454545454545
 3 4.090909090909091
 8 6.136363636363637
 2212 8.181818181818182
 277 10.22727272727273
 258 12.27272727272727
 753 14.31818181818182
 2628 16.36363636363636
 287 18.40909090909091
 878 20.45454545454545
 3648 22.5
 2089 24.54545454545455
 3981 26.59090909090909
 1401 28.63636363636364
 1303 30.68181818181818
 1315 32.72727272727273
 1704 34.77272727272727
 1160 36.81818181818182
 2146 38.86363636363636
 2169 40.90909090909091
 897 42.95454545454545
 837 45
 1436 47.04545454545455
 643 49.09090909090909
 598 51.13636363636363
 509 53.18181818181818
 357 55.22727272727273
 360 57.27272727272727
 145 59.31818181818182
 128 61.36363636363636
 69 63.40909090909091
 24 65.45454545454545
 18 67.5
 4 69.54545454545455
 0 71.59090909090909
 0 73.63636363636364
 0 75.68181818181819
 0 77.72727272727272
 0 79.77272727272727
 0 81.81818181818181
 0 83.86363636363636
 0 85.90909090909091
 0 87.95454545454545
 0 90


