# Created by Octave 3.8.2, Mon Jun 22 16:42:57 2020 CEST <damian@fptrucha.inv.usc.es>
# name: hd
# type: matrix
# rows: 45
# columns: 2
 13 0
 2378 2.045454545454545
 6 4.090909090909091
 15 6.136363636363637
 2354 8.181818181818182
 294 10.22727272727273
 287 12.27272727272727
 753 14.31818181818182
 2600 16.36363636363636
 326 18.40909090909091
 812 20.45454545454545
 3695 22.5
 2125 24.54545454545455
 3977 26.59090909090909
 1375 28.63636363636364
 1326 30.68181818181818
 1378 32.72727272727273
 1711 34.77272727272727
 1138 36.81818181818182
 2190 38.86363636363636
 2140 40.90909090909091
 883 42.95454545454545
 869 45
 1403 47.04545454545455
 657 49.09090909090909
 606 51.13636363636363
 523 53.18181818181818
 375 55.22727272727273
 326 57.27272727272727
 142 59.31818181818182
 139 61.36363636363636
 92 63.40909090909091
 44 65.45454545454545
 21 67.5
 4 69.54545454545455
 0 71.59090909090909
 0 73.63636363636364
 0 75.68181818181819
 0 77.72727272727272
 0 79.77272727272727
 0 81.81818181818181
 0 83.86363636363636
 0 85.90909090909091
 0 87.95454545454545
 0 90


