# Created by Octave 3.8.2, Sat Jun 20 18:37:17 2020 CEST <damian@fptrucha.inv.usc.es>
# name: hd
# type: matrix
# rows: 45
# columns: 2
 3 0
 2401 2.045454545454545
 2 4.090909090909091
 9 6.136363636363637
 2376 8.181818181818182
 344 10.22727272727273
 239 12.27272727272727
 794 14.31818181818182
 2632 16.36363636363636
 338 18.40909090909091
 802 20.45454545454545
 3590 22.5
 2156 24.54545454545455
 4005 26.59090909090909
 1331 28.63636363636364
 1320 30.68181818181818
 1300 32.72727272727273
 1628 34.77272727272727
 1098 36.81818181818182
 2136 38.86363636363636
 2008 40.90909090909091
 781 42.95454545454545
 792 45
 1379 47.04545454545455
 570 49.09090909090909
 459 51.13636363636363
 404 53.18181818181818
 264 55.22727272727273
 271 57.27272727272727
 99 59.31818181818182
 93 61.36363636363636
 69 63.40909090909091
 11 65.45454545454545
 15 67.5
 1 69.54545454545455
 1 71.59090909090909
 0 73.63636363636364
 0 75.68181818181819
 0 77.72727272727272
 0 79.77272727272727
 0 81.81818181818181
 0 83.86363636363636
 0 85.90909090909091
 0 87.95454545454545
 0 90


