# Created by Octave 3.8.2, Mon Jun 22 00:36:14 2020 CEST <damian@fptrucha.inv.usc.es>
# name: hd
# type: matrix
# rows: 45
# columns: 2
 5 0
 2404 2.045454545454545
 0 4.090909090909091
 8 6.136363636363637
 2250 8.181818181818182
 298 10.22727272727273
 242 12.27272727272727
 807 14.31818181818182
 2506 16.36363636363636
 293 18.40909090909091
 786 20.45454545454545
 3599 22.5
 2038 24.54545454545455
 3839 26.59090909090909
 1300 28.63636363636364
 1314 30.68181818181818
 1318 32.72727272727273
 1636 34.77272727272727
 1058 36.81818181818182
 2106 38.86363636363636
 1980 40.90909090909091
 749 42.95454545454545
 754 45
 1296 47.04545454545455
 576 49.09090909090909
 505 51.13636363636363
 441 53.18181818181818
 302 55.22727272727273
 265 57.27272727272727
 115 59.31818181818182
 80 61.36363636363636
 62 63.40909090909091
 8 65.45454545454545
 5 67.5
 0 69.54545454545455
 1 71.59090909090909
 0 73.63636363636364
 0 75.68181818181819
 0 77.72727272727272
 0 79.77272727272727
 0 81.81818181818181
 0 83.86363636363636
 0 85.90909090909091
 0 87.95454545454545
 0 90


