# Created by Octave 3.8.2, Mon Jun 22 14:32:07 2020 CEST <damian@fptrucha.inv.usc.es>
# name: hd
# type: matrix
# rows: 45
# columns: 2
 8 0
 2329 2.045454545454545
 5 4.090909090909091
 11 6.136363636363637
 2189 8.181818181818182
 292 10.22727272727273
 258 12.27272727272727
 756 14.31818181818182
 2523 16.36363636363636
 289 18.40909090909091
 819 20.45454545454545
 3629 22.5
 2213 24.54545454545455
 3838 26.59090909090909
 1343 28.63636363636364
 1348 30.68181818181818
 1276 32.72727272727273
 1692 34.77272727272727
 1147 36.81818181818182
 2129 38.86363636363636
 2113 40.90909090909091
 870 42.95454545454545
 843 45
 1438 47.04545454545455
 640 49.09090909090909
 553 51.13636363636363
 528 53.18181818181818
 341 55.22727272727273
 308 57.27272727272727
 147 59.31818181818182
 141 61.36363636363636
 78 63.40909090909091
 33 65.45454545454545
 14 67.5
 3 69.54545454545455
 0 71.59090909090909
 0 73.63636363636364
 0 75.68181818181819
 0 77.72727272727272
 0 79.77272727272727
 0 81.81818181818181
 0 83.86363636363636
 0 85.90909090909091
 0 87.95454545454545
 0 90


