# Created by Octave 3.8.2, Mon Jun 22 20:11:16 2020 CEST <damian@fptrucha.inv.usc.es>
# name: hd
# type: matrix
# rows: 45
# columns: 2
 8 0
 2491 2.045454545454545
 4 4.090909090909091
 15 6.136363636363637
 2377 8.181818181818182
 253 10.22727272727273
 303 12.27272727272727
 816 14.31818181818182
 2732 16.36363636363636
 325 18.40909090909091
 834 20.45454545454545
 3851 22.5
 2210 24.54545454545455
 4171 26.59090909090909
 1412 28.63636363636364
 1419 30.68181818181818
 1382 32.72727272727273
 1755 34.77272727272727
 1135 36.81818181818182
 2227 38.86363636363636
 2233 40.90909090909091
 871 42.95454545454545
 878 45
 1447 47.04545454545455
 729 49.09090909090909
 603 51.13636363636363
 510 53.18181818181818
 360 55.22727272727273
 356 57.27272727272727
 154 59.31818181818182
 134 61.36363636363636
 91 63.40909090909091
 32 65.45454545454545
 18 67.5
 5 69.54545454545455
 1 71.59090909090909
 0 73.63636363636364
 0 75.68181818181819
 0 77.72727272727272
 0 79.77272727272727
 0 81.81818181818181
 0 83.86363636363636
 0 85.90909090909091
 0 87.95454545454545
 0 90


