# Created by Octave 3.8.2, Sat Jun 20 22:37:11 2020 CEST <damian@fptrucha.inv.usc.es>
# name: hd
# type: matrix
# rows: 45
# columns: 2
 3 0
 2369 2.045454545454545
 3 4.090909090909091
 10 6.136363636363637
 2254 8.181818181818182
 331 10.22727272727273
 236 12.27272727272727
 789 14.31818181818182
 2451 16.36363636363636
 292 18.40909090909091
 760 20.45454545454545
 3541 22.5
 2074 24.54545454545455
 3915 26.59090909090909
 1349 28.63636363636364
 1320 30.68181818181818
 1290 32.72727272727273
 1611 34.77272727272727
 1102 36.81818181818182
 2037 38.86363636363636
 2036 40.90909090909091
 750 42.95454545454545
 769 45
 1347 47.04545454545455
 572 49.09090909090909
 444 51.13636363636363
 414 53.18181818181818
 312 55.22727272727273
 263 57.27272727272727
 124 59.31818181818182
 86 61.36363636363636
 60 63.40909090909091
 18 65.45454545454545
 9 67.5
 0 69.54545454545455
 1 71.59090909090909
 0 73.63636363636364
 0 75.68181818181819
 0 77.72727272727272
 0 79.77272727272727
 0 81.81818181818181
 0 83.86363636363636
 0 85.90909090909091
 0 87.95454545454545
 0 90


