# Created by Octave 3.8.2, Mon Jun 22 08:50:43 2020 CEST <damian@fptrucha.inv.usc.es>
# name: hd
# type: matrix
# rows: 45
# columns: 2
 6 0
 2282 2.045454545454545
 4 4.090909090909091
 14 6.136363636363637
 2166 8.181818181818182
 254 10.22727272727273
 254 12.27272727272727
 720 14.31818181818182
 2382 16.36363636363636
 309 18.40909090909091
 795 20.45454545454545
 3486 22.5
 1988 24.54545454545455
 3712 26.59090909090909
 1278 28.63636363636364
 1299 30.68181818181818
 1268 32.72727272727273
 1564 34.77272727272727
 1138 36.81818181818182
 1985 38.86363636363636
 2086 40.90909090909091
 864 42.95454545454545
 752 45
 1315 47.04545454545455
 614 49.09090909090909
 537 51.13636363636363
 500 53.18181818181818
 344 55.22727272727273
 306 57.27272727272727
 131 59.31818181818182
 136 61.36363636363636
 98 63.40909090909091
 28 65.45454545454545
 12 67.5
 5 69.54545454545455
 0 71.59090909090909
 0 73.63636363636364
 0 75.68181818181819
 0 77.72727272727272
 0 79.77272727272727
 0 81.81818181818181
 0 83.86363636363636
 0 85.90909090909091
 0 87.95454545454545
 0 90


