# Created by Octave 3.8.2, Sun Jun 21 03:21:41 2020 CEST <damian@fptrucha.inv.usc.es>
# name: hd
# type: matrix
# rows: 45
# columns: 2
 2 0
 2335 2.045454545454545
 3 4.090909090909091
 6 6.136363636363637
 2326 8.181818181818182
 324 10.22727272727273
 235 12.27272727272727
 780 14.31818181818182
 2404 16.36363636363636
 329 18.40909090909091
 783 20.45454545454545
 3557 22.5
 2104 24.54545454545455
 3833 26.59090909090909
 1283 28.63636363636364
 1248 30.68181818181818
 1223 32.72727272727273
 1575 34.77272727272727
 1026 36.81818181818182
 2061 38.86363636363636
 1971 40.90909090909091
 767 42.95454545454545
 795 45
 1316 47.04545454545455
 536 49.09090909090909
 503 51.13636363636363
 466 53.18181818181818
 272 55.22727272727273
 269 57.27272727272727
 113 59.31818181818182
 112 61.36363636363636
 64 63.40909090909091
 19 65.45454545454545
 8 67.5
 3 69.54545454545455
 0 71.59090909090909
 0 73.63636363636364
 0 75.68181818181819
 0 77.72727272727272
 0 79.77272727272727
 0 81.81818181818181
 0 83.86363636363636
 0 85.90909090909091
 0 87.95454545454545
 0 90


