# Created by Octave 3.8.2, Sat Jun 20 20:17:47 2020 CEST <damian@fptrucha.inv.usc.es>
# name: hd
# type: matrix
# rows: 45
# columns: 2
 6 0
 2343 2.045454545454545
 1 4.090909090909091
 4 6.136363636363637
 2373 8.181818181818182
 325 10.22727272727273
 252 12.27272727272727
 840 14.31818181818182
 2580 16.36363636363636
 318 18.40909090909091
 822 20.45454545454545
 3579 22.5
 2068 24.54545454545455
 4001 26.59090909090909
 1314 28.63636363636364
 1363 30.68181818181818
 1361 32.72727272727273
 1702 34.77272727272727
 1118 36.81818181818182
 2112 38.86363636363636
 2075 40.90909090909091
 738 42.95454545454545
 803 45
 1374 47.04545454545455
 590 49.09090909090909
 455 51.13636363636363
 409 53.18181818181818
 284 55.22727272727273
 284 57.27272727272727
 133 59.31818181818182
 91 61.36363636363636
 50 63.40909090909091
 18 65.45454545454545
 18 67.5
 3 69.54545454545455
 0 71.59090909090909
 0 73.63636363636364
 0 75.68181818181819
 0 77.72727272727272
 0 79.77272727272727
 0 81.81818181818181
 0 83.86363636363636
 0 85.90909090909091
 0 87.95454545454545
 0 90


