# Created by Octave 3.8.2, Sat Jun 20 17:24:15 2020 CEST <damian@fptrucha.inv.usc.es>
# name: hd
# type: matrix
# rows: 45
# columns: 2
 4 0
 2419 2.045454545454545
 2 4.090909090909091
 4 6.136363636363637
 2352 8.181818181818182
 346 10.22727272727273
 245 12.27272727272727
 803 14.31818181818182
 2652 16.36363636363636
 338 18.40909090909091
 818 20.45454545454545
 3645 22.5
 2131 24.54545454545455
 3866 26.59090909090909
 1309 28.63636363636364
 1357 30.68181818181818
 1259 32.72727272727273
 1671 34.77272727272727
 1093 36.81818181818182
 2087 38.86363636363636
 2053 40.90909090909091
 745 42.95454545454545
 790 45
 1330 47.04545454545455
 518 49.09090909090909
 468 51.13636363636363
 433 53.18181818181818
 264 55.22727272727273
 296 57.27272727272727
 131 59.31818181818182
 94 61.36363636363636
 65 63.40909090909091
 19 65.45454545454545
 10 67.5
 0 69.54545454545455
 0 71.59090909090909
 0 73.63636363636364
 0 75.68181818181819
 0 77.72727272727272
 0 79.77272727272727
 0 81.81818181818181
 0 83.86363636363636
 0 85.90909090909091
 0 87.95454545454545
 0 90


