# Created by Octave 3.8.2, Mon Jun 22 13:38:37 2020 CEST <damian@fptrucha.inv.usc.es>
# name: hd
# type: matrix
# rows: 45
# columns: 2
 8 0
 2306 2.045454545454545
 10 4.090909090909091
 9 6.136363636363637
 2361 8.181818181818182
 285 10.22727272727273
 264 12.27272727272727
 830 14.31818181818182
 2571 16.36363636363636
 279 18.40909090909091
 777 20.45454545454545
 3622 22.5
 2028 24.54545454545455
 3900 26.59090909090909
 1359 28.63636363636364
 1373 30.68181818181818
 1326 32.72727272727273
 1681 34.77272727272727
 1148 36.81818181818182
 2079 38.86363636363636
 2146 40.90909090909091
 869 42.95454545454545
 780 45
 1370 47.04545454545455
 689 49.09090909090909
 579 51.13636363636363
 505 53.18181818181818
 387 55.22727272727273
 325 57.27272727272727
 137 59.31818181818182
 140 61.36363636363636
 77 63.40909090909091
 34 65.45454545454545
 20 67.5
 4 69.54545454545455
 0 71.59090909090909
 0 73.63636363636364
 0 75.68181818181819
 0 77.72727272727272
 0 79.77272727272727
 0 81.81818181818181
 0 83.86363636363636
 0 85.90909090909091
 0 87.95454545454545
 0 90


