# Created by Octave 3.8.2, Sat Jun 20 03:41:08 2020 CEST <damian@fptrucha.inv.usc.es>
# name: hd
# type: matrix
# rows: 45
# columns: 2
 6 0
 2667 2.045454545454545
 1 4.090909090909091
 8 6.136363636363637
 2579 8.181818181818182
 342 10.22727272727273
 283 12.27272727272727
 937 14.31818181818182
 2811 16.36363636363636
 351 18.40909090909091
 869 20.45454545454545
 3921 22.5
 2343 24.54545454545455
 4385 26.59090909090909
 1450 28.63636363636364
 1401 30.68181818181818
 1436 32.72727272727273
 1798 34.77272727272727
 1138 36.81818181818182
 2225 38.86363636363636
 2181 40.90909090909091
 768 42.95454545454545
 897 45
 1401 47.04545454545455
 631 49.09090909090909
 519 51.13636363636363
 442 53.18181818181818
 284 55.22727272727273
 289 57.27272727272727
 108 59.31818181818182
 83 61.36363636363636
 57 63.40909090909091
 22 65.45454545454545
 9 67.5
 1 69.54545454545455
 0 71.59090909090909
 0 73.63636363636364
 0 75.68181818181819
 0 77.72727272727272
 0 79.77272727272727
 0 81.81818181818181
 0 83.86363636363636
 0 85.90909090909091
 0 87.95454545454545
 0 90


