# Created by Octave 3.8.2, Sun Jun 21 04:13:23 2020 CEST <damian@fptrucha.inv.usc.es>
# name: hd
# type: matrix
# rows: 45
# columns: 2
 4 0
 2263 2.045454545454545
 2 4.090909090909091
 2 6.136363636363637
 2270 8.181818181818182
 268 10.22727272727273
 237 12.27272727272727
 787 14.31818181818182
 2560 16.36363636363636
 312 18.40909090909091
 720 20.45454545454545
 3561 22.5
 2117 24.54545454545455
 3857 26.59090909090909
 1310 28.63636363636364
 1327 30.68181818181818
 1283 32.72727272727273
 1611 34.77272727272727
 1054 36.81818181818182
 2040 38.86363636363636
 1941 40.90909090909091
 745 42.95454545454545
 742 45
 1283 47.04545454545455
 572 49.09090909090909
 496 51.13636363636363
 393 53.18181818181818
 326 55.22727272727273
 251 57.27272727272727
 100 59.31818181818182
 96 61.36363636363636
 52 63.40909090909091
 14 65.45454545454545
 11 67.5
 2 69.54545454545455
 0 71.59090909090909
 0 73.63636363636364
 0 75.68181818181819
 0 77.72727272727272
 0 79.77272727272727
 0 81.81818181818181
 0 83.86363636363636
 0 85.90909090909091
 0 87.95454545454545
 0 90


