# Created by Octave 3.8.2, Sat Jun 20 03:12:44 2020 CEST <damian@fptrucha.inv.usc.es>
# name: hd
# type: matrix
# rows: 45
# columns: 2
 4 0
 2687 2.045454545454545
 1 4.090909090909091
 8 6.136363636363637
 2609 8.181818181818182
 343 10.22727272727273
 269 12.27272727272727
 918 14.31818181818182
 2793 16.36363636363636
 311 18.40909090909091
 846 20.45454545454545
 3896 22.5
 2247 24.54545454545455
 4297 26.59090909090909
 1454 28.63636363636364
 1389 30.68181818181818
 1441 32.72727272727273
 1938 34.77272727272727
 1152 36.81818181818182
 2287 38.86363636363636
 2210 40.90909090909091
 851 42.95454545454545
 878 45
 1515 47.04545454545455
 617 49.09090909090909
 501 51.13636363636363
 469 53.18181818181818
 322 55.22727272727273
 293 57.27272727272727
 122 59.31818181818182
 100 61.36363636363636
 73 63.40909090909091
 21 65.45454545454545
 9 67.5
 1 69.54545454545455
 0 71.59090909090909
 0 73.63636363636364
 0 75.68181818181819
 0 77.72727272727272
 0 79.77272727272727
 0 81.81818181818181
 0 83.86363636363636
 0 85.90909090909091
 0 87.95454545454545
 0 90


