# Created by Octave 3.8.2, Mon Jun 22 17:51:01 2020 CEST <damian@fptrucha.inv.usc.es>
# name: hd
# type: matrix
# rows: 45
# columns: 2
 7 0
 2468 2.045454545454545
 4 4.090909090909091
 9 6.136363636363637
 2219 8.181818181818182
 282 10.22727272727273
 254 12.27272727272727
 745 14.31818181818182
 2575 16.36363636363636
 302 18.40909090909091
 789 20.45454545454545
 3782 22.5
 2191 24.54545454545455
 4056 26.59090909090909
 1367 28.63636363636364
 1359 30.68181818181818
 1400 32.72727272727273
 1707 34.77272727272727
 1143 36.81818181818182
 2187 38.86363636363636
 2291 40.90909090909091
 888 42.95454545454545
 854 45
 1438 47.04545454545455
 675 49.09090909090909
 610 51.13636363636363
 525 53.18181818181818
 349 55.22727272727273
 343 57.27272727272727
 160 59.31818181818182
 130 61.36363636363636
 81 63.40909090909091
 36 65.45454545454545
 17 67.5
 1 69.54545454545455
 0 71.59090909090909
 0 73.63636363636364
 0 75.68181818181819
 0 77.72727272727272
 0 79.77272727272727
 0 81.81818181818181
 0 83.86363636363636
 0 85.90909090909091
 0 87.95454545454545
 0 90


