# Created by Octave 3.8.2, Sat Jun 20 11:05:37 2020 CEST <damian@fptrucha.inv.usc.es>
# name: hd
# type: matrix
# rows: 45
# columns: 2
 7 0
 2642 2.045454545454545
 2 4.090909090909091
 6 6.136363636363637
 2559 8.181818181818182
 363 10.22727272727273
 295 12.27272727272727
 939 14.31818181818182
 2836 16.36363636363636
 408 18.40909090909091
 893 20.45454545454545
 3892 22.5
 2415 24.54545454545455
 4298 26.59090909090909
 1452 28.63636363636364
 1479 30.68181818181818
 1506 32.72727272727273
 1924 34.77272727272727
 1292 36.81818181818182
 2360 38.86363636363636
 2324 40.90909090909091
 911 42.95454545454545
 834 45
 1497 47.04545454545455
 712 49.09090909090909
 535 51.13636363636363
 539 53.18181818181818
 326 55.22727272727273
 326 57.27272727272727
 127 59.31818181818182
 118 61.36363636363636
 77 63.40909090909091
 22 65.45454545454545
 13 67.5
 2 69.54545454545455
 0 71.59090909090909
 0 73.63636363636364
 0 75.68181818181819
 0 77.72727272727272
 0 79.77272727272727
 0 81.81818181818181
 0 83.86363636363636
 0 85.90909090909091
 0 87.95454545454545
 0 90


