# Created by Octave 3.8.2, Mon Jun 22 22:18:05 2020 CEST <damian@fptrucha.inv.usc.es>
# name: hd
# type: matrix
# rows: 45
# columns: 2
 10 0
 2437 2.045454545454545
 6 4.090909090909091
 8 6.136363636363637
 2396 8.181818181818182
 320 10.22727272727273
 258 12.27272727272727
 820 14.31818181818182
 2738 16.36363636363636
 307 18.40909090909091
 810 20.45454545454545
 3756 22.5
 2171 24.54545454545455
 4064 26.59090909090909
 1438 28.63636363636364
 1403 30.68181818181818
 1385 32.72727272727273
 1718 34.77272727272727
 1162 36.81818181818182
 2335 38.86363636363636
 2276 40.90909090909091
 920 42.95454545454545
 851 45
 1511 47.04545454545455
 690 49.09090909090909
 613 51.13636363636363
 523 53.18181818181818
 360 55.22727272727273
 336 57.27272727272727
 146 59.31818181818182
 133 61.36363636363636
 79 63.40909090909091
 30 65.45454545454545
 15 67.5
 2 69.54545454545455
 0 71.59090909090909
 0 73.63636363636364
 0 75.68181818181819
 0 77.72727272727272
 0 79.77272727272727
 0 81.81818181818181
 0 83.86363636363636
 0 85.90909090909091
 0 87.95454545454545
 0 90


