# Created by Octave 3.8.2, Sun Jun 21 01:25:16 2020 CEST <damian@fptrucha.inv.usc.es>
# name: hd
# type: matrix
# rows: 45
# columns: 2
 5 0
 2328 2.045454545454545
 2 4.090909090909091
 4 6.136363636363637
 2260 8.181818181818182
 345 10.22727272727273
 243 12.27272727272727
 789 14.31818181818182
 2503 16.36363636363636
 305 18.40909090909091
 762 20.45454545454545
 3448 22.5
 2012 24.54545454545455
 3934 26.59090909090909
 1279 28.63636363636364
 1300 30.68181818181818
 1293 32.72727272727273
 1594 34.77272727272727
 1087 36.81818181818182
 2070 38.86363636363636
 1967 40.90909090909091
 709 42.95454545454545
 771 45
 1220 47.04545454545455
 603 49.09090909090909
 467 51.13636363636363
 441 53.18181818181818
 289 55.22727272727273
 264 57.27272727272727
 118 59.31818181818182
 82 61.36363636363636
 63 63.40909090909091
 18 65.45454545454545
 9 67.5
 1 69.54545454545455
 0 71.59090909090909
 0 73.63636363636364
 0 75.68181818181819
 0 77.72727272727272
 0 79.77272727272727
 0 81.81818181818181
 0 83.86363636363636
 0 85.90909090909091
 0 87.95454545454545
 0 90


