# Created by Octave 3.8.2, Sat Jun 20 04:00:14 2020 CEST <damian@fptrucha.inv.usc.es>
# name: hd
# type: matrix
# rows: 45
# columns: 2
 1 0
 1798 2.045454545454545
 2 4.090909090909091
 3 6.136363636363637
 1779 8.181818181818182
 203 10.22727272727273
 204 12.27272727272727
 538 14.31818181818182
 1913 16.36363636363636
 210 18.40909090909091
 572 20.45454545454545
 2624 22.5
 1577 24.54545454545455
 2930 26.59090909090909
 930 28.63636363636364
 1002 30.68181818181818
 998 32.72727272727273
 1255 34.77272727272727
 785 36.81818181818182
 1507 38.86363636363636
 1481 40.90909090909091
 580 42.95454545454545
 518 45
 996 47.04545454545455
 478 49.09090909090909
 336 51.13636363636363
 324 53.18181818181818
 216 55.22727272727273
 200 57.27272727272727
 81 59.31818181818182
 73 61.36363636363636
 53 63.40909090909091
 16 65.45454545454545
 7 67.5
 0 69.54545454545455
 1 71.59090909090909
 0 73.63636363636364
 0 75.68181818181819
 0 77.72727272727272
 0 79.77272727272727
 0 81.81818181818181
 0 83.86363636363636
 0 85.90909090909091
 0 87.95454545454545
 0 90


