# Created by Octave 3.8.2, Mon Jun 22 18:06:30 2020 CEST <damian@fptrucha.inv.usc.es>
# name: hd
# type: matrix
# rows: 45
# columns: 2
 1 0
 2339 2.045454545454545
 3 4.090909090909091
 12 6.136363636363637
 2259 8.181818181818182
 281 10.22727272727273
 259 12.27272727272727
 813 14.31818181818182
 2676 16.36363636363636
 306 18.40909090909091
 785 20.45454545454545
 3854 22.5
 2091 24.54545454545455
 4108 26.59090909090909
 1424 28.63636363636364
 1363 30.68181818181818
 1367 32.72727272727273
 1652 34.77272727272727
 1147 36.81818181818182
 2273 38.86363636363636
 2178 40.90909090909091
 896 42.95454545454545
 837 45
 1411 47.04545454545455
 690 49.09090909090909
 593 51.13636363636363
 502 53.18181818181818
 313 55.22727272727273
 341 57.27272727272727
 157 59.31818181818182
 129 61.36363636363636
 90 63.40909090909091
 19 65.45454545454545
 17 67.5
 2 69.54545454545455
 0 71.59090909090909
 0 73.63636363636364
 0 75.68181818181819
 0 77.72727272727272
 0 79.77272727272727
 0 81.81818181818181
 0 83.86363636363636
 0 85.90909090909091
 0 87.95454545454545
 0 90


