# Created by Octave 3.8.2, Sat Jun 20 20:59:50 2020 CEST <damian@fptrucha.inv.usc.es>
# name: hd
# type: matrix
# rows: 45
# columns: 2
 4 0
 2398 2.045454545454545
 3 4.090909090909091
 9 6.136363636363637
 2299 8.181818181818182
 310 10.22727272727273
 205 12.27272727272727
 822 14.31818181818182
 2603 16.36363636363636
 297 18.40909090909091
 758 20.45454545454545
 3655 22.5
 2108 24.54545454545455
 3882 26.59090909090909
 1252 28.63636363636364
 1325 30.68181818181818
 1329 32.72727272727273
 1670 34.77272727272727
 1113 36.81818181818182
 2091 38.86363636363636
 1965 40.90909090909091
 753 42.95454545454545
 721 45
 1345 47.04545454545455
 567 49.09090909090909
 468 51.13636363636363
 414 53.18181818181818
 282 55.22727272727273
 256 57.27272727272727
 103 59.31818181818182
 103 61.36363636363636
 58 63.40909090909091
 19 65.45454545454545
 12 67.5
 5 69.54545454545455
 0 71.59090909090909
 0 73.63636363636364
 0 75.68181818181819
 0 77.72727272727272
 0 79.77272727272727
 0 81.81818181818181
 0 83.86363636363636
 0 85.90909090909091
 0 87.95454545454545
 0 90


