# Created by Octave 3.8.2, Mon Jun 22 21:45:18 2020 CEST <damian@fptrucha.inv.usc.es>
# name: hd
# type: matrix
# rows: 45
# columns: 2
 4 0
 2455 2.045454545454545
 3 4.090909090909091
 7 6.136363636363637
 2316 8.181818181818182
 309 10.22727272727273
 280 12.27272727272727
 831 14.31818181818182
 2722 16.36363636363636
 331 18.40909090909091
 827 20.45454545454545
 3741 22.5
 2224 24.54545454545455
 4110 26.59090909090909
 1514 28.63636363636364
 1338 30.68181818181818
 1353 32.72727272727273
 1770 34.77272727272727
 1240 36.81818181818182
 2259 38.86363636363636
 2312 40.90909090909091
 935 42.95454545454545
 847 45
 1529 47.04545454545455
 704 49.09090909090909
 562 51.13636363636363
 537 53.18181818181818
 413 55.22727272727273
 348 57.27272727272727
 154 59.31818181818182
 134 61.36363636363636
 76 63.40909090909091
 29 65.45454545454545
 18 67.5
 4 69.54545454545455
 0 71.59090909090909
 0 73.63636363636364
 0 75.68181818181819
 0 77.72727272727272
 0 79.77272727272727
 0 81.81818181818181
 0 83.86363636363636
 0 85.90909090909091
 0 87.95454545454545
 0 90


