# Created by Octave 3.8.2, Mon Jun 22 21:51:14 2020 CEST <damian@fptrucha.inv.usc.es>
# name: hd
# type: matrix
# rows: 45
# columns: 2
 6 0
 2462 2.045454545454545
 4 4.090909090909091
 9 6.136363636363637
 2365 8.181818181818182
 297 10.22727272727273
 273 12.27272727272727
 874 14.31818181818182
 2665 16.36363636363636
 333 18.40909090909091
 859 20.45454545454545
 3710 22.5
 2224 24.54545454545455
 4044 26.59090909090909
 1360 28.63636363636364
 1387 30.68181818181818
 1382 32.72727272727273
 1826 34.77272727272727
 1183 36.81818181818182
 2268 38.86363636363636
 2323 40.90909090909091
 896 42.95454545454545
 871 45
 1492 47.04545454545455
 719 49.09090909090909
 550 51.13636363636363
 511 53.18181818181818
 356 55.22727272727273
 367 57.27272727272727
 171 59.31818181818182
 139 61.36363636363636
 86 63.40909090909091
 31 65.45454545454545
 15 67.5
 5 69.54545454545455
 0 71.59090909090909
 0 73.63636363636364
 0 75.68181818181819
 0 77.72727272727272
 0 79.77272727272727
 0 81.81818181818181
 0 83.86363636363636
 0 85.90909090909091
 0 87.95454545454545
 0 90


