# Created by Octave 3.8.2, Sat Jun 20 16:57:07 2020 CEST <damian@fptrucha.inv.usc.es>
# name: hd
# type: matrix
# rows: 45
# columns: 2
 4 0
 2445 2.045454545454545
 2 4.090909090909091
 5 6.136363636363637
 2357 8.181818181818182
 326 10.22727272727273
 237 12.27272727272727
 832 14.31818181818182
 2507 16.36363636363636
 343 18.40909090909091
 811 20.45454545454545
 3675 22.5
 2146 24.54545454545455
 3990 26.59090909090909
 1297 28.63636363636364
 1316 30.68181818181818
 1357 32.72727272727273
 1671 34.77272727272727
 1079 36.81818181818182
 2115 38.86363636363636
 2108 40.90909090909091
 787 42.95454545454545
 774 45
 1388 47.04545454545455
 636 49.09090909090909
 515 51.13636363636363
 432 53.18181818181818
 297 55.22727272727273
 272 57.27272727272727
 107 59.31818181818182
 102 61.36363636363636
 74 63.40909090909091
 20 65.45454545454545
 14 67.5
 1 69.54545454545455
 0 71.59090909090909
 0 73.63636363636364
 0 75.68181818181819
 0 77.72727272727272
 0 79.77272727272727
 0 81.81818181818181
 0 83.86363636363636
 0 85.90909090909091
 0 87.95454545454545
 0 90


