# Created by Octave 3.8.2, Sat Jun 20 12:26:12 2020 CEST <damian@fptrucha.inv.usc.es>
# name: hd
# type: matrix
# rows: 45
# columns: 2
 6 0
 2585 2.045454545454545
 2 4.090909090909091
 10 6.136363636363637
 2458 8.181818181818182
 351 10.22727272727273
 238 12.27272727272727
 863 14.31818181818182
 2853 16.36363636363636
 349 18.40909090909091
 914 20.45454545454545
 3923 22.5
 2234 24.54545454545455
 4268 26.59090909090909
 1457 28.63636363636364
 1459 30.68181818181818
 1456 32.72727272727273
 1780 34.77272727272727
 1220 36.81818181818182
 2411 38.86363636363636
 2187 40.90909090909091
 899 42.95454545454545
 845 45
 1446 47.04545454545455
 687 49.09090909090909
 541 51.13636363636363
 468 53.18181818181818
 342 55.22727272727273
 307 57.27272727272727
 120 59.31818181818182
 114 61.36363636363636
 70 63.40909090909091
 19 65.45454545454545
 15 67.5
 1 69.54545454545455
 0 71.59090909090909
 0 73.63636363636364
 0 75.68181818181819
 0 77.72727272727272
 0 79.77272727272727
 0 81.81818181818181
 0 83.86363636363636
 0 85.90909090909091
 0 87.95454545454545
 0 90


