# Created by Octave 3.8.2, Mon Jun 22 15:20:16 2020 CEST <damian@fptrucha.inv.usc.es>
# name: hd
# type: matrix
# rows: 45
# columns: 2
 3 0
 2470 2.045454545454545
 4 4.090909090909091
 11 6.136363636363637
 2254 8.181818181818182
 289 10.22727272727273
 258 12.27272727272727
 813 14.31818181818182
 2553 16.36363636363636
 312 18.40909090909091
 876 20.45454545454545
 3731 22.5
 2116 24.54545454545455
 4004 26.59090909090909
 1362 28.63636363636364
 1364 30.68181818181818
 1374 32.72727272727273
 1754 34.77272727272727
 1109 36.81818181818182
 2268 38.86363636363636
 2229 40.90909090909091
 897 42.95454545454545
 846 45
 1472 47.04545454545455
 685 49.09090909090909
 565 51.13636363636363
 492 53.18181818181818
 360 55.22727272727273
 327 57.27272727272727
 149 59.31818181818182
 150 61.36363636363636
 78 63.40909090909091
 26 65.45454545454545
 13 67.5
 2 69.54545454545455
 0 71.59090909090909
 0 73.63636363636364
 0 75.68181818181819
 0 77.72727272727272
 0 79.77272727272727
 0 81.81818181818181
 0 83.86363636363636
 0 85.90909090909091
 0 87.95454545454545
 0 90


