# Created by Octave 3.8.2, Mon Jun 22 10:44:19 2020 CEST <damian@fptrucha.inv.usc.es>
# name: hd
# type: matrix
# rows: 45
# columns: 2
 14 0
 2329 2.045454545454545
 3 4.090909090909091
 7 6.136363636363637
 2182 8.181818181818182
 258 10.22727272727273
 264 12.27272727272727
 777 14.31818181818182
 2608 16.36363636363636
 329 18.40909090909091
 786 20.45454545454545
 3669 22.5
 2022 24.54545454545455
 3788 26.59090909090909
 1410 28.63636363636364
 1294 30.68181818181818
 1253 32.72727272727273
 1717 34.77272727272727
 1112 36.81818181818182
 2161 38.86363636363636
 2064 40.90909090909091
 815 42.95454545454545
 829 45
 1419 47.04545454545455
 602 49.09090909090909
 559 51.13636363636363
 488 53.18181818181818
 347 55.22727272727273
 319 57.27272727272727
 115 59.31818181818182
 125 61.36363636363636
 65 63.40909090909091
 33 65.45454545454545
 16 67.5
 3 69.54545454545455
 0 71.59090909090909
 0 73.63636363636364
 0 75.68181818181819
 0 77.72727272727272
 0 79.77272727272727
 0 81.81818181818181
 0 83.86363636363636
 0 85.90909090909091
 0 87.95454545454545
 0 90


