# Created by Octave 3.8.2, Mon Jun 22 01:58:50 2020 CEST <damian@fptrucha.inv.usc.es>
# name: hd
# type: matrix
# rows: 45
# columns: 2
 4 0
 2302 2.045454545454545
 4 4.090909090909091
 4 6.136363636363637
 2251 8.181818181818182
 340 10.22727272727273
 242 12.27272727272727
 760 14.31818181818182
 2561 16.36363636363636
 331 18.40909090909091
 798 20.45454545454545
 3467 22.5
 2072 24.54545454545455
 3992 26.59090909090909
 1311 28.63636363636364
 1305 30.68181818181818
 1329 32.72727272727273
 1669 34.77272727272727
 1129 36.81818181818182
 2207 38.86363636363636
 2041 40.90909090909091
 835 42.95454545454545
 799 45
 1410 47.04545454545455
 610 49.09090909090909
 535 51.13636363636363
 504 53.18181818181818
 336 55.22727272727273
 300 57.27272727272727
 138 59.31818181818182
 117 61.36363636363636
 86 63.40909090909091
 24 65.45454545454545
 10 67.5
 3 69.54545454545455
 1 71.59090909090909
 0 73.63636363636364
 0 75.68181818181819
 0 77.72727272727272
 0 79.77272727272727
 0 81.81818181818181
 0 83.86363636363636
 0 85.90909090909091
 0 87.95454545454545
 0 90


