# Created by Octave 3.8.2, Mon Jun 22 02:33:09 2020 CEST <damian@fptrucha.inv.usc.es>
# name: hd
# type: matrix
# rows: 45
# columns: 2
 8 0
 2203 2.045454545454545
 6 4.090909090909091
 10 6.136363636363637
 2028 8.181818181818182
 285 10.22727272727273
 256 12.27272727272727
 783 14.31818181818182
 2286 16.36363636363636
 267 18.40909090909091
 734 20.45454545454545
 3335 22.5
 1862 24.54545454545455
 3561 26.59090909090909
 1147 28.63636363636364
 1232 30.68181818181818
 1250 32.72727272727273
 1565 34.77272727272727
 1037 36.81818181818182
 2026 38.86363636363636
 1996 40.90909090909091
 773 42.95454545454545
 726 45
 1282 47.04545454545455
 611 49.09090909090909
 568 51.13636363636363
 479 53.18181818181818
 325 55.22727272727273
 338 57.27272727272727
 161 59.31818181818182
 124 61.36363636363636
 75 63.40909090909091
 42 65.45454545454545
 14 67.5
 2 69.54545454545455
 0 71.59090909090909
 0 73.63636363636364
 0 75.68181818181819
 0 77.72727272727272
 0 79.77272727272727
 0 81.81818181818181
 0 83.86363636363636
 0 85.90909090909091
 0 87.95454545454545
 0 90


