# Created by Octave 3.8.2, Sat Jun 20 03:37:07 2020 CEST <damian@fptrucha.inv.usc.es>
# name: hd
# type: matrix
# rows: 45
# columns: 2
 6 0
 2797 2.045454545454545
 3 4.090909090909091
 7 6.136363636363637
 2631 8.181818181818182
 318 10.22727272727273
 304 12.27272727272727
 862 14.31818181818182
 2935 16.36363636363636
 320 18.40909090909091
 878 20.45454545454545
 3945 22.5
 2323 24.54545454545455
 4341 26.59090909090909
 1436 28.63636363636364
 1423 30.68181818181818
 1375 32.72727272727273
 1876 34.77272727272727
 1142 36.81818181818182
 2341 38.86363636363636
 2157 40.90909090909091
 903 42.95454545454545
 866 45
 1444 47.04545454545455
 661 49.09090909090909
 534 51.13636363636363
 460 53.18181818181818
 323 55.22727272727273
 279 57.27272727272727
 115 59.31818181818182
 97 61.36363636363636
 52 63.40909090909091
 21 65.45454545454545
 16 67.5
 0 69.54545454545455
 0 71.59090909090909
 0 73.63636363636364
 0 75.68181818181819
 0 77.72727272727272
 0 79.77272727272727
 0 81.81818181818181
 0 83.86363636363636
 0 85.90909090909091
 0 87.95454545454545
 0 90


