# Created by Octave 3.8.2, Sun Jun 21 01:14:21 2020 CEST <damian@fptrucha.inv.usc.es>
# name: hd
# type: matrix
# rows: 45
# columns: 2
 6 0
 2278 2.045454545454545
 1 4.090909090909091
 9 6.136363636363637
 2285 8.181818181818182
 344 10.22727272727273
 221 12.27272727272727
 825 14.31818181818182
 2531 16.36363636363636
 341 18.40909090909091
 785 20.45454545454545
 3594 22.5
 2101 24.54545454545455
 3840 26.59090909090909
 1312 28.63636363636364
 1265 30.68181818181818
 1221 32.72727272727273
 1695 34.77272727272727
 1082 36.81818181818182
 2068 38.86363636363636
 2018 40.90909090909091
 731 42.95454545454545
 768 45
 1315 47.04545454545455
 607 49.09090909090909
 470 51.13636363636363
 438 53.18181818181818
 318 55.22727272727273
 257 57.27272727272727
 121 59.31818181818182
 90 61.36363636363636
 59 63.40909090909091
 19 65.45454545454545
 12 67.5
 3 69.54545454545455
 2 71.59090909090909
 0 73.63636363636364
 0 75.68181818181819
 0 77.72727272727272
 0 79.77272727272727
 0 81.81818181818181
 0 83.86363636363636
 0 85.90909090909091
 0 87.95454545454545
 0 90


