# Created by Octave 3.8.2, Sat Jun 20 17:11:34 2020 CEST <damian@fptrucha.inv.usc.es>
# name: hd
# type: matrix
# rows: 45
# columns: 2
 3 0
 2414 2.045454545454545
 2 4.090909090909091
 5 6.136363636363637
 2336 8.181818181818182
 308 10.22727272727273
 244 12.27272727272727
 768 14.31818181818182
 2739 16.36363636363636
 325 18.40909090909091
 855 20.45454545454545
 3609 22.5
 2008 24.54545454545455
 4039 26.59090909090909
 1330 28.63636363636364
 1350 30.68181818181818
 1343 32.72727272727273
 1728 34.77272727272727
 1136 36.81818181818182
 2197 38.86363636363636
 2132 40.90909090909091
 781 42.95454545454545
 785 45
 1377 47.04545454545455
 606 49.09090909090909
 532 51.13636363636363
 469 53.18181818181818
 289 55.22727272727273
 276 57.27272727272727
 122 59.31818181818182
 98 61.36363636363636
 68 63.40909090909091
 25 65.45454545454545
 5 67.5
 2 69.54545454545455
 0 71.59090909090909
 0 73.63636363636364
 0 75.68181818181819
 0 77.72727272727272
 0 79.77272727272727
 0 81.81818181818181
 0 83.86363636363636
 0 85.90909090909091
 0 87.95454545454545
 0 90


