# Created by Octave 3.8.2, Sat Jun 20 07:48:50 2020 CEST <damian@fptrucha.inv.usc.es>
# name: hd
# type: matrix
# rows: 45
# columns: 2
 5 0
 1731 2.045454545454545
 1 4.090909090909091
 7 6.136363636363637
 1707 8.181818181818182
 231 10.22727272727273
 202 12.27272727272727
 589 14.31818181818182
 1861 16.36363636363636
 220 18.40909090909091
 554 20.45454545454545
 2670 22.5
 1602 24.54545454545455
 2861 26.59090909090909
 987 28.63636363636364
 973 30.68181818181818
 987 32.72727272727273
 1247 34.77272727272727
 808 36.81818181818182
 1585 38.86363636363636
 1475 40.90909090909091
 621 42.95454545454545
 593 45
 1004 47.04545454545455
 482 49.09090909090909
 383 51.13636363636363
 351 53.18181818181818
 233 55.22727272727273
 210 57.27272727272727
 87 59.31818181818182
 72 61.36363636363636
 38 63.40909090909091
 16 65.45454545454545
 16 67.5
 1 69.54545454545455
 0 71.59090909090909
 0 73.63636363636364
 0 75.68181818181819
 0 77.72727272727272
 0 79.77272727272727
 0 81.81818181818181
 0 83.86363636363636
 0 85.90909090909091
 0 87.95454545454545
 0 90


