# Created by Octave 3.8.2, Sun Jun 21 04:20:49 2020 CEST <damian@fptrucha.inv.usc.es>
# name: hd
# type: matrix
# rows: 45
# columns: 2
 5 0
 1492 2.045454545454545
 1 4.090909090909091
 2 6.136363636363637
 1537 8.181818181818182
 210 10.22727272727273
 156 12.27272727272727
 484 14.31818181818182
 1694 16.36363636363636
 197 18.40909090909091
 451 20.45454545454545
 2303 22.5
 1329 24.54545454545455
 2482 26.59090909090909
 859 28.63636363636364
 859 30.68181818181818
 862 32.72727272727273
 1116 34.77272727272727
 727 36.81818181818182
 1313 38.86363636363636
 1290 40.90909090909091
 511 42.95454545454545
 511 45
 865 47.04545454545455
 388 49.09090909090909
 312 51.13636363636363
 276 53.18181818181818
 191 55.22727272727273
 171 57.27272727272727
 69 59.31818181818182
 56 61.36363636363636
 41 63.40909090909091
 12 65.45454545454545
 3 67.5
 2 69.54545454545455
 0 71.59090909090909
 0 73.63636363636364
 0 75.68181818181819
 0 77.72727272727272
 0 79.77272727272727
 0 81.81818181818181
 0 83.86363636363636
 0 85.90909090909091
 0 87.95454545454545
 0 90


