# Created by Octave 3.8.2, Sat Jun 20 03:04:47 2020 CEST <damian@fptrucha.inv.usc.es>
# name: hd
# type: matrix
# rows: 45
# columns: 2
 7 0
 2671 2.045454545454545
 4 4.090909090909091
 6 6.136363636363637
 2562 8.181818181818182
 352 10.22727272727273
 280 12.27272727272727
 904 14.31818181818182
 2812 16.36363636363636
 338 18.40909090909091
 844 20.45454545454545
 3890 22.5
 2268 24.54545454545455
 4320 26.59090909090909
 1435 28.63636363636364
 1491 30.68181818181818
 1450 32.72727272727273
 1853 34.77272727272727
 1208 36.81818181818182
 2355 38.86363636363636
 2217 40.90909090909091
 783 42.95454545454545
 838 45
 1468 47.04545454545455
 658 49.09090909090909
 547 51.13636363636363
 480 53.18181818181818
 305 55.22727272727273
 267 57.27272727272727
 128 59.31818181818182
 106 61.36363636363636
 43 63.40909090909091
 17 65.45454545454545
 12 67.5
 0 69.54545454545455
 0 71.59090909090909
 0 73.63636363636364
 0 75.68181818181819
 0 77.72727272727272
 0 79.77272727272727
 0 81.81818181818181
 0 83.86363636363636
 0 85.90909090909091
 0 87.95454545454545
 0 90


