# Created by Octave 3.8.2, Sat Jun 20 18:41:12 2020 CEST <damian@fptrucha.inv.usc.es>
# name: hd
# type: matrix
# rows: 45
# columns: 2
 2 0
 2325 2.045454545454545
 3 4.090909090909091
 8 6.136363636363637
 2365 8.181818181818182
 330 10.22727272727273
 226 12.27272727272727
 832 14.31818181818182
 2629 16.36363636363636
 337 18.40909090909091
 799 20.45454545454545
 3562 22.5
 2107 24.54545454545455
 3865 26.59090909090909
 1269 28.63636363636364
 1311 30.68181818181818
 1271 32.72727272727273
 1636 34.77272727272727
 1056 36.81818181818182
 2123 38.86363636363636
 2043 40.90909090909091
 735 42.95454545454545
 777 45
 1286 47.04545454545455
 586 49.09090909090909
 501 51.13636363636363
 421 53.18181818181818
 297 55.22727272727273
 252 57.27272727272727
 105 59.31818181818182
 99 61.36363636363636
 57 63.40909090909091
 17 65.45454545454545
 10 67.5
 1 69.54545454545455
 0 71.59090909090909
 0 73.63636363636364
 0 75.68181818181819
 0 77.72727272727272
 0 79.77272727272727
 0 81.81818181818181
 0 83.86363636363636
 0 85.90909090909091
 0 87.95454545454545
 0 90


