# Created by Octave 3.8.2, Mon Jun 22 01:16:03 2020 CEST <damian@fptrucha.inv.usc.es>
# name: hd
# type: matrix
# rows: 45
# columns: 2
 6 0
 2422 2.045454545454545
 1 4.090909090909091
 11 6.136363636363637
 2327 8.181818181818182
 342 10.22727272727273
 275 12.27272727272727
 800 14.31818181818182
 2600 16.36363636363636
 290 18.40909090909091
 760 20.45454545454545
 3596 22.5
 2108 24.54545454545455
 3866 26.59090909090909
 1319 28.63636363636364
 1280 30.68181818181818
 1291 32.72727272727273
 1611 34.77272727272727
 1077 36.81818181818182
 2079 38.86363636363636
 1920 40.90909090909091
 737 42.95454545454545
 782 45
 1344 47.04545454545455
 639 49.09090909090909
 469 51.13636363636363
 382 53.18181818181818
 258 55.22727272727273
 289 57.27272727272727
 110 59.31818181818182
 93 61.36363636363636
 48 63.40909090909091
 18 65.45454545454545
 10 67.5
 2 69.54545454545455
 0 71.59090909090909
 0 73.63636363636364
 0 75.68181818181819
 0 77.72727272727272
 0 79.77272727272727
 0 81.81818181818181
 0 83.86363636363636
 0 85.90909090909091
 0 87.95454545454545
 0 90


