# Created by Octave 3.8.2, Sun Jun 21 02:17:24 2020 CEST <damian@fptrucha.inv.usc.es>
# name: hd
# type: matrix
# rows: 45
# columns: 2
 6 0
 2418 2.045454545454545
 3 4.090909090909091
 8 6.136363636363637
 2279 8.181818181818182
 298 10.22727272727273
 235 12.27272727272727
 722 14.31818181818182
 2500 16.36363636363636
 340 18.40909090909091
 825 20.45454545454545
 3453 22.5
 2080 24.54545454545455
 3770 26.59090909090909
 1270 28.63636363636364
 1268 30.68181818181818
 1273 32.72727272727273
 1696 34.77272727272727
 1056 36.81818181818182
 2113 38.86363636363636
 2060 40.90909090909091
 735 42.95454545454545
 778 45
 1327 47.04545454545455
 586 49.09090909090909
 523 51.13636363636363
 422 53.18181818181818
 256 55.22727272727273
 250 57.27272727272727
 106 59.31818181818182
 91 61.36363636363636
 56 63.40909090909091
 23 65.45454545454545
 12 67.5
 1 69.54545454545455
 0 71.59090909090909
 0 73.63636363636364
 0 75.68181818181819
 0 77.72727272727272
 0 79.77272727272727
 0 81.81818181818181
 0 83.86363636363636
 0 85.90909090909091
 0 87.95454545454545
 0 90


