# Created by Octave 3.8.2, Mon Jun 22 03:52:47 2020 CEST <damian@fptrucha.inv.usc.es>
# name: hd
# type: matrix
# rows: 45
# columns: 2
 5 0
 2139 2.045454545454545
 5 4.090909090909091
 14 6.136363636363637
 1962 8.181818181818182
 289 10.22727272727273
 247 12.27272727272727
 698 14.31818181818182
 2374 16.36363636363636
 265 18.40909090909091
 782 20.45454545454545
 3295 22.5
 1928 24.54545454545455
 3561 26.59090909090909
 1231 28.63636363636364
 1215 30.68181818181818
 1266 32.72727272727273
 1432 34.77272727272727
 1017 36.81818181818182
 2033 38.86363636363636
 2038 40.90909090909091
 838 42.95454545454545
 734 45
 1298 47.04545454545455
 640 49.09090909090909
 533 51.13636363636363
 514 53.18181818181818
 363 55.22727272727273
 319 57.27272727272727
 174 59.31818181818182
 142 61.36363636363636
 75 63.40909090909091
 22 65.45454545454545
 24 67.5
 3 69.54545454545455
 0 71.59090909090909
 0 73.63636363636364
 0 75.68181818181819
 0 77.72727272727272
 0 79.77272727272727
 0 81.81818181818181
 0 83.86363636363636
 0 85.90909090909091
 0 87.95454545454545
 0 90


