# Created by Octave 3.8.2, Sat Jun 20 17:29:32 2020 CEST <damian@fptrucha.inv.usc.es>
# name: hd
# type: matrix
# rows: 45
# columns: 2
 4 0
 2413 2.045454545454545
 3 4.090909090909091
 4 6.136363636363637
 2379 8.181818181818182
 363 10.22727272727273
 223 12.27272727272727
 792 14.31818181818182
 2621 16.36363636363636
 335 18.40909090909091
 805 20.45454545454545
 3667 22.5
 2106 24.54545454545455
 3956 26.59090909090909
 1343 28.63636363636364
 1354 30.68181818181818
 1339 32.72727272727273
 1676 34.77272727272727
 1094 36.81818181818182
 2235 38.86363636363636
 2024 40.90909090909091
 827 42.95454545454545
 788 45
 1335 47.04545454545455
 613 49.09090909090909
 533 51.13636363636363
 456 53.18181818181818
 322 55.22727272727273
 274 57.27272727272727
 112 59.31818181818182
 88 61.36363636363636
 62 63.40909090909091
 17 65.45454545454545
 12 67.5
 0 69.54545454545455
 0 71.59090909090909
 0 73.63636363636364
 0 75.68181818181819
 0 77.72727272727272
 0 79.77272727272727
 0 81.81818181818181
 0 83.86363636363636
 0 85.90909090909091
 0 87.95454545454545
 0 90


