# Created by Octave 3.8.2, Mon Jun 22 22:39:09 2020 CEST <damian@fptrucha.inv.usc.es>
# name: hd
# type: matrix
# rows: 45
# columns: 2
 9 0
 2488 2.045454545454545
 5 4.090909090909091
 12 6.136363636363637
 2455 8.181818181818182
 324 10.22727272727273
 267 12.27272727272727
 760 14.31818181818182
 2661 16.36363636363636
 324 18.40909090909091
 853 20.45454545454545
 3788 22.5
 2335 24.54545454545455
 4217 26.59090909090909
 1448 28.63636363636364
 1393 30.68181818181818
 1415 32.72727272727273
 1776 34.77272727272727
 1231 36.81818181818182
 2300 38.86363636363636
 2233 40.90909090909091
 837 42.95454545454545
 804 45
 1478 47.04545454545455
 696 49.09090909090909
 573 51.13636363636363
 512 53.18181818181818
 361 55.22727272727273
 340 57.27272727272727
 162 59.31818181818182
 128 61.36363636363636
 93 63.40909090909091
 16 65.45454545454545
 11 67.5
 3 69.54545454545455
 0 71.59090909090909
 0 73.63636363636364
 0 75.68181818181819
 0 77.72727272727272
 0 79.77272727272727
 0 81.81818181818181
 0 83.86363636363636
 0 85.90909090909091
 0 87.95454545454545
 0 90


