# Created by Octave 3.8.2, Mon Jun 22 14:22:31 2020 CEST <damian@fptrucha.inv.usc.es>
# name: hd
# type: matrix
# rows: 45
# columns: 2
 3 0
 2386 2.045454545454545
 3 4.090909090909091
 10 6.136363636363637
 2209 8.181818181818182
 271 10.22727272727273
 281 12.27272727272727
 773 14.31818181818182
 2565 16.36363636363636
 269 18.40909090909091
 796 20.45454545454545
 3620 22.5
 2051 24.54545454545455
 3796 26.59090909090909
 1362 28.63636363636364
 1309 30.68181818181818
 1345 32.72727272727273
 1646 34.77272727272727
 1137 36.81818181818182
 2239 38.86363636363636
 2128 40.90909090909091
 849 42.95454545454545
 846 45
 1398 47.04545454545455
 615 49.09090909090909
 596 51.13636363636363
 498 53.18181818181818
 352 55.22727272727273
 330 57.27272727272727
 121 59.31818181818182
 119 61.36363636363636
 81 63.40909090909091
 41 65.45454545454545
 19 67.5
 5 69.54545454545455
 0 71.59090909090909
 0 73.63636363636364
 0 75.68181818181819
 0 77.72727272727272
 0 79.77272727272727
 0 81.81818181818181
 0 83.86363636363636
 0 85.90909090909091
 0 87.95454545454545
 0 90


