# Created by Octave 3.8.2, Sat Jun 20 17:33:30 2020 CEST <damian@fptrucha.inv.usc.es>
# name: hd
# type: matrix
# rows: 45
# columns: 2
 6 0
 2461 2.045454545454545
 4 4.090909090909091
 3 6.136363636363637
 2314 8.181818181818182
 294 10.22727272727273
 258 12.27272727272727
 818 14.31818181818182
 2681 16.36363636363636
 333 18.40909090909091
 760 20.45454545454545
 3650 22.5
 2125 24.54545454545455
 4076 26.59090909090909
 1337 28.63636363636364
 1300 30.68181818181818
 1314 32.72727272727273
 1636 34.77272727272727
 1141 36.81818181818182
 2160 38.86363636363636
 2095 40.90909090909091
 781 42.95454545454545
 774 45
 1357 47.04545454545455
 588 49.09090909090909
 525 51.13636363636363
 430 53.18181818181818
 299 55.22727272727273
 260 57.27272727272727
 121 59.31818181818182
 89 61.36363636363636
 59 63.40909090909091
 25 65.45454545454545
 10 67.5
 2 69.54545454545455
 0 71.59090909090909
 0 73.63636363636364
 0 75.68181818181819
 0 77.72727272727272
 0 79.77272727272727
 0 81.81818181818181
 0 83.86363636363636
 0 85.90909090909091
 0 87.95454545454545
 0 90


