# Created by Octave 3.8.2, Sun Jun 21 02:28:04 2020 CEST <damian@fptrucha.inv.usc.es>
# name: hd
# type: matrix
# rows: 45
# columns: 2
 5 0
 2300 2.045454545454545
 2 4.090909090909091
 9 6.136363636363637
 2295 8.181818181818182
 287 10.22727272727273
 247 12.27272727272727
 813 14.31818181818182
 2569 16.36363636363636
 290 18.40909090909091
 798 20.45454545454545
 3596 22.5
 2152 24.54545454545455
 3880 26.59090909090909
 1334 28.63636363636364
 1328 30.68181818181818
 1349 32.72727272727273
 1625 34.77272727272727
 1081 36.81818181818182
 2048 38.86363636363636
 2070 40.90909090909091
 781 42.95454545454545
 794 45
 1314 47.04545454545455
 551 49.09090909090909
 474 51.13636363636363
 462 53.18181818181818
 314 55.22727272727273
 250 57.27272727272727
 122 59.31818181818182
 82 61.36363636363636
 59 63.40909090909091
 14 65.45454545454545
 15 67.5
 0 69.54545454545455
 0 71.59090909090909
 0 73.63636363636364
 0 75.68181818181819
 0 77.72727272727272
 0 79.77272727272727
 0 81.81818181818181
 0 83.86363636363636
 0 85.90909090909091
 0 87.95454545454545
 0 90


