# Created by Octave 3.8.2, Mon Jun 22 08:43:50 2020 CEST <damian@fptrucha.inv.usc.es>
# name: hd
# type: matrix
# rows: 45
# columns: 2
 6 0
 2234 2.045454545454545
 5 4.090909090909091
 12 6.136363636363637
 2121 8.181818181818182
 282 10.22727272727273
 248 12.27272727272727
 749 14.31818181818182
 2529 16.36363636363636
 262 18.40909090909091
 799 20.45454545454545
 3458 22.5
 1957 24.54545454545455
 3680 26.59090909090909
 1276 28.63636363636364
 1324 30.68181818181818
 1245 32.72727272727273
 1605 34.77272727272727
 1090 36.81818181818182
 2148 38.86363636363636
 2061 40.90909090909091
 803 42.95454545454545
 798 45
 1343 47.04545454545455
 627 49.09090909090909
 553 51.13636363636363
 514 53.18181818181818
 351 55.22727272727273
 299 57.27272727272727
 149 59.31818181818182
 140 61.36363636363636
 82 63.40909090909091
 28 65.45454545454545
 13 67.5
 2 69.54545454545455
 0 71.59090909090909
 0 73.63636363636364
 0 75.68181818181819
 0 77.72727272727272
 0 79.77272727272727
 0 81.81818181818181
 0 83.86363636363636
 0 85.90909090909091
 0 87.95454545454545
 0 90


