# Created by Octave 3.8.2, Sun Jun 21 05:53:27 2020 CEST <damian@fptrucha.inv.usc.es>
# name: hd
# type: matrix
# rows: 45
# columns: 2
 1 0
 2357 2.045454545454545
 2 4.090909090909091
 11 6.136363636363637
 2277 8.181818181818182
 294 10.22727272727273
 218 12.27272727272727
 785 14.31818181818182
 2503 16.36363636363636
 299 18.40909090909091
 787 20.45454545454545
 3542 22.5
 2124 24.54545454545455
 3872 26.59090909090909
 1229 28.63636363636364
 1266 30.68181818181818
 1309 32.72727272727273
 1654 34.77272727272727
 1036 36.81818181818182
 2096 38.86363636363636
 2055 40.90909090909091
 727 42.95454545454545
 819 45
 1298 47.04545454545455
 585 49.09090909090909
 473 51.13636363636363
 380 53.18181818181818
 290 55.22727272727273
 283 57.27272727272727
 124 59.31818181818182
 86 61.36363636363636
 56 63.40909090909091
 13 65.45454545454545
 9 67.5
 2 69.54545454545455
 0 71.59090909090909
 0 73.63636363636364
 0 75.68181818181819
 0 77.72727272727272
 0 79.77272727272727
 0 81.81818181818181
 0 83.86363636363636
 0 85.90909090909091
 0 87.95454545454545
 0 90


