# Created by Octave 3.8.2, Sat Jun 20 08:40:03 2020 CEST <damian@fptrucha.inv.usc.es>
# name: hd
# type: matrix
# rows: 45
# columns: 2
 5 0
 2793 2.045454545454545
 2 4.090909090909091
 9 6.136363636363637
 2626 8.181818181818182
 345 10.22727272727273
 288 12.27272727272727
 891 14.31818181818182
 2967 16.36363636363636
 375 18.40909090909091
 890 20.45454545454545
 4101 22.5
 2410 24.54545454545455
 4628 26.59090909090909
 1539 28.63636363636364
 1548 30.68181818181818
 1542 32.72727272727273
 1933 34.77272727272727
 1250 36.81818181818182
 2465 38.86363636363636
 2395 40.90909090909091
 932 42.95454545454545
 887 45
 1538 47.04545454545455
 675 49.09090909090909
 595 51.13636363636363
 525 53.18181818181818
 351 55.22727272727273
 350 57.27272727272727
 130 59.31818181818182
 119 61.36363636363636
 83 63.40909090909091
 30 65.45454545454545
 19 67.5
 2 69.54545454545455
 0 71.59090909090909
 0 73.63636363636364
 0 75.68181818181819
 0 77.72727272727272
 0 79.77272727272727
 0 81.81818181818181
 0 83.86363636363636
 0 85.90909090909091
 0 87.95454545454545
 0 90


