# Created by Octave 3.8.2, Sun Jun 21 04:59:51 2020 CEST <damian@fptrucha.inv.usc.es>
# name: hd
# type: matrix
# rows: 45
# columns: 2
 1 0
 2286 2.045454545454545
 2 4.090909090909091
 7 6.136363636363637
 2337 8.181818181818182
 330 10.22727272727273
 269 12.27272727272727
 803 14.31818181818182
 2568 16.36363636363636
 334 18.40909090909091
 781 20.45454545454545
 3561 22.5
 2109 24.54545454545455
 3963 26.59090909090909
 1294 28.63636363636364
 1315 30.68181818181818
 1328 32.72727272727273
 1650 34.77272727272727
 1106 36.81818181818182
 2101 38.86363636363636
 2019 40.90909090909091
 783 42.95454545454545
 753 45
 1367 47.04545454545455
 627 49.09090909090909
 483 51.13636363636363
 451 53.18181818181818
 282 55.22727272727273
 251 57.27272727272727
 117 59.31818181818182
 105 61.36363636363636
 65 63.40909090909091
 14 65.45454545454545
 10 67.5
 1 69.54545454545455
 0 71.59090909090909
 0 73.63636363636364
 0 75.68181818181819
 0 77.72727272727272
 0 79.77272727272727
 0 81.81818181818181
 0 83.86363636363636
 0 85.90909090909091
 0 87.95454545454545
 0 90


