# Created by Octave 3.8.2, Sat Jun 20 09:58:56 2020 CEST <damian@fptrucha.inv.usc.es>
# name: hd
# type: matrix
# rows: 45
# columns: 2
 2 0
 1775 2.045454545454545
 1 4.090909090909091
 4 6.136363636363637
 1775 8.181818181818182
 260 10.22727272727273
 183 12.27272727272727
 594 14.31818181818182
 1961 16.36363636363636
 228 18.40909090909091
 555 20.45454545454545
 2678 22.5
 1583 24.54545454545455
 2982 26.59090909090909
 987 28.63636363636364
 981 30.68181818181818
 1021 32.72727272727273
 1260 34.77272727272727
 814 36.81818181818182
 1648 38.86363636363636
 1568 40.90909090909091
 608 42.95454545454545
 569 45
 1027 47.04545454545455
 419 49.09090909090909
 350 51.13636363636363
 325 53.18181818181818
 243 55.22727272727273
 214 57.27272727272727
 93 59.31818181818182
 75 61.36363636363636
 38 63.40909090909091
 12 65.45454545454545
 15 67.5
 1 69.54545454545455
 0 71.59090909090909
 0 73.63636363636364
 0 75.68181818181819
 0 77.72727272727272
 0 79.77272727272727
 0 81.81818181818181
 0 83.86363636363636
 0 85.90909090909091
 0 87.95454545454545
 0 90


