# Created by Octave 3.8.2, Sat Jun 20 22:05:23 2020 CEST <damian@fptrucha.inv.usc.es>
# name: hd
# type: matrix
# rows: 45
# columns: 2
 4 0
 2366 2.045454545454545
 1 4.090909090909091
 5 6.136363636363637
 2370 8.181818181818182
 337 10.22727272727273
 242 12.27272727272727
 797 14.31818181818182
 2543 16.36363636363636
 333 18.40909090909091
 786 20.45454545454545
 3566 22.5
 2027 24.54545454545455
 4055 26.59090909090909
 1322 28.63636363636364
 1389 30.68181818181818
 1220 32.72727272727273
 1611 34.77272727272727
 1052 36.81818181818182
 2060 38.86363636363636
 2105 40.90909090909091
 774 42.95454545454545
 757 45
 1307 47.04545454545455
 577 49.09090909090909
 493 51.13636363636363
 427 53.18181818181818
 318 55.22727272727273
 262 57.27272727272727
 111 59.31818181818182
 106 61.36363636363636
 64 63.40909090909091
 13 65.45454545454545
 8 67.5
 3 69.54545454545455
 0 71.59090909090909
 0 73.63636363636364
 0 75.68181818181819
 0 77.72727272727272
 0 79.77272727272727
 0 81.81818181818181
 0 83.86363636363636
 0 85.90909090909091
 0 87.95454545454545
 0 90


