# Created by Octave 3.8.2, Sun Jun 21 07:44:39 2020 CEST <damian@fptrucha.inv.usc.es>
# name: hd
# type: matrix
# rows: 45
# columns: 2
 5 0
 2438 2.045454545454545
 0 4.090909090909091
 5 6.136363636363637
 2327 8.181818181818182
 325 10.22727272727273
 258 12.27272727272727
 815 14.31818181818182
 2607 16.36363636363636
 313 18.40909090909091
 750 20.45454545454545
 3718 22.5
 2180 24.54545454545455
 4045 26.59090909090909
 1311 28.63636363636364
 1348 30.68181818181818
 1311 32.72727272727273
 1678 34.77272727272727
 1118 36.81818181818182
 2215 38.86363636363636
 2047 40.90909090909091
 801 42.95454545454545
 783 45
 1320 47.04545454545455
 557 49.09090909090909
 535 51.13636363636363
 487 53.18181818181818
 301 55.22727272727273
 272 57.27272727272727
 89 59.31818181818182
 105 61.36363636363636
 52 63.40909090909091
 12 65.45454545454545
 16 67.5
 3 69.54545454545455
 0 71.59090909090909
 0 73.63636363636364
 0 75.68181818181819
 0 77.72727272727272
 0 79.77272727272727
 0 81.81818181818181
 0 83.86363636363636
 0 85.90909090909091
 0 87.95454545454545
 0 90


