# Created by Octave 3.8.2, Sat Jun 20 15:51:20 2020 CEST <damian@fptrucha.inv.usc.es>
# name: hd
# type: matrix
# rows: 45
# columns: 2
 7 0
 2469 2.045454545454545
 1 4.090909090909091
 6 6.136363636363637
 2414 8.181818181818182
 321 10.22727272727273
 239 12.27272727272727
 830 14.31818181818182
 2641 16.36363636363636
 351 18.40909090909091
 778 20.45454545454545
 3724 22.5
 2220 24.54545454545455
 4163 26.59090909090909
 1341 28.63636363636364
 1388 30.68181818181818
 1392 32.72727272727273
 1724 34.77272727272727
 1169 36.81818181818182
 2155 38.86363636363636
 2101 40.90909090909091
 759 42.95454545454545
 828 45
 1329 47.04545454545455
 603 49.09090909090909
 522 51.13636363636363
 471 53.18181818181818
 308 55.22727272727273
 279 57.27272727272727
 105 59.31818181818182
 73 61.36363636363636
 58 63.40909090909091
 16 65.45454545454545
 16 67.5
 2 69.54545454545455
 0 71.59090909090909
 0 73.63636363636364
 0 75.68181818181819
 0 77.72727272727272
 0 79.77272727272727
 0 81.81818181818181
 0 83.86363636363636
 0 85.90909090909091
 0 87.95454545454545
 0 90


