# Created by Octave 3.8.2, Mon Jun 22 12:09:31 2020 CEST <damian@fptrucha.inv.usc.es>
# name: hd
# type: matrix
# rows: 45
# columns: 2
 5 0
 1503 2.045454545454545
 2 4.090909090909091
 5 6.136363636363637
 1452 8.181818181818182
 190 10.22727272727273
 165 12.27272727272727
 489 14.31818181818182
 1672 16.36363636363636
 172 18.40909090909091
 543 20.45454545454545
 2323 22.5
 1322 24.54545454545455
 2609 26.59090909090909
 913 28.63636363636364
 851 30.68181818181818
 810 32.72727272727273
 1047 34.77272727272727
 713 36.81818181818182
 1309 38.86363636363636
 1386 40.90909090909091
 534 42.95454545454545
 554 45
 897 47.04545454545455
 409 49.09090909090909
 374 51.13636363636363
 312 53.18181818181818
 221 55.22727272727273
 206 57.27272727272727
 78 59.31818181818182
 90 61.36363636363636
 57 63.40909090909091
 18 65.45454545454545
 17 67.5
 2 69.54545454545455
 1 71.59090909090909
 0 73.63636363636364
 0 75.68181818181819
 0 77.72727272727272
 0 79.77272727272727
 0 81.81818181818181
 0 83.86363636363636
 0 85.90909090909091
 0 87.95454545454545
 0 90


