# Created by Octave 3.8.2, Sun Jun 21 07:16:53 2020 CEST <damian@fptrucha.inv.usc.es>
# name: hd
# type: matrix
# rows: 45
# columns: 2
 1 0
 2372 2.045454545454545
 1 4.090909090909091
 12 6.136363636363637
 2377 8.181818181818182
 324 10.22727272727273
 222 12.27272727272727
 805 14.31818181818182
 2611 16.36363636363636
 353 18.40909090909091
 789 20.45454545454545
 3596 22.5
 2160 24.54545454545455
 3865 26.59090909090909
 1370 28.63636363636364
 1311 30.68181818181818
 1251 32.72727272727273
 1619 34.77272727272727
 1133 36.81818181818182
 2086 38.86363636363636
 2064 40.90909090909091
 772 42.95454545454545
 769 45
 1312 47.04545454545455
 605 49.09090909090909
 493 51.13636363636363
 432 53.18181818181818
 289 55.22727272727273
 269 57.27272727272727
 119 59.31818181818182
 90 61.36363636363636
 59 63.40909090909091
 14 65.45454545454545
 11 67.5
 2 69.54545454545455
 0 71.59090909090909
 0 73.63636363636364
 0 75.68181818181819
 0 77.72727272727272
 0 79.77272727272727
 0 81.81818181818181
 0 83.86363636363636
 0 85.90909090909091
 0 87.95454545454545
 0 90


