# Created by Octave 3.8.2, Mon Jun 22 05:50:28 2020 CEST <damian@fptrucha.inv.usc.es>
# name: hd
# type: matrix
# rows: 45
# columns: 2
 6 0
 2212 2.045454545454545
 5 4.090909090909091
 14 6.136363636363637
 2104 8.181818181818182
 264 10.22727272727273
 248 12.27272727272727
 729 14.31818181818182
 2350 16.36363636363636
 255 18.40909090909091
 723 20.45454545454545
 3392 22.5
 1877 24.54545454545455
 3565 26.59090909090909
 1264 28.63636363636364
 1222 30.68181818181818
 1226 32.72727272727273
 1500 34.77272727272727
 1010 36.81818181818182
 1941 38.86363636363636
 2004 40.90909090909091
 793 42.95454545454545
 798 45
 1293 47.04545454545455
 620 49.09090909090909
 536 51.13636363636363
 497 53.18181818181818
 318 55.22727272727273
 313 57.27272727272727
 134 59.31818181818182
 123 61.36363636363636
 97 63.40909090909091
 36 65.45454545454545
 15 67.5
 3 69.54545454545455
 1 71.59090909090909
 0 73.63636363636364
 0 75.68181818181819
 0 77.72727272727272
 0 79.77272727272727
 0 81.81818181818181
 0 83.86363636363636
 0 85.90909090909091
 0 87.95454545454545
 0 90


