# Created by Octave 3.8.2, Sat Jun 20 19:33:06 2020 CEST <damian@fptrucha.inv.usc.es>
# name: hd
# type: matrix
# rows: 45
# columns: 2
 3 0
 1554 2.045454545454545
 0 4.090909090909091
 3 6.136363636363637
 1516 8.181818181818182
 220 10.22727272727273
 176 12.27272727272727
 512 14.31818181818182
 1719 16.36363636363636
 227 18.40909090909091
 502 20.45454545454545
 2318 22.5
 1461 24.54545454545455
 2461 26.59090909090909
 832 28.63636363636364
 802 30.68181818181818
 886 32.72727272727273
 1009 34.77272727272727
 661 36.81818181818182
 1367 38.86363636363636
 1327 40.90909090909091
 513 42.95454545454545
 516 45
 846 47.04545454545455
 418 49.09090909090909
 311 51.13636363636363
 284 53.18181818181818
 179 55.22727272727273
 187 57.27272727272727
 69 59.31818181818182
 54 61.36363636363636
 40 63.40909090909091
 10 65.45454545454545
 2 67.5
 3 69.54545454545455
 0 71.59090909090909
 0 73.63636363636364
 0 75.68181818181819
 0 77.72727272727272
 0 79.77272727272727
 0 81.81818181818181
 0 83.86363636363636
 0 85.90909090909091
 0 87.95454545454545
 0 90


