# Created by Octave 3.8.2, Sun Jun 21 03:03:16 2020 CEST <damian@fptrucha.inv.usc.es>
# name: hd
# type: matrix
# rows: 45
# columns: 2
 4 0
 1512 2.045454545454545
 0 4.090909090909091
 2 6.136363636363637
 1608 8.181818181818182
 222 10.22727272727273
 163 12.27272727272727
 507 14.31818181818182
 1690 16.36363636363636
 191 18.40909090909091
 517 20.45454545454545
 2296 22.5
 1357 24.54545454545455
 2425 26.59090909090909
 822 28.63636363636364
 883 30.68181818181818
 851 32.72727272727273
 1046 34.77272727272727
 690 36.81818181818182
 1303 38.86363636363636
 1269 40.90909090909091
 480 42.95454545454545
 514 45
 859 47.04545454545455
 364 49.09090909090909
 325 51.13636363636363
 278 53.18181818181818
 177 55.22727272727273
 139 57.27272727272727
 70 59.31818181818182
 70 61.36363636363636
 37 63.40909090909091
 4 65.45454545454545
 6 67.5
 0 69.54545454545455
 0 71.59090909090909
 0 73.63636363636364
 0 75.68181818181819
 0 77.72727272727272
 0 79.77272727272727
 0 81.81818181818181
 0 83.86363636363636
 0 85.90909090909091
 0 87.95454545454545
 0 90


