# Created by Octave 3.8.2, Sat Jun 20 21:28:25 2020 CEST <damian@fptrucha.inv.usc.es>
# name: hd
# type: matrix
# rows: 45
# columns: 2
 3 0
 2306 2.045454545454545
 1 4.090909090909091
 7 6.136363636363637
 2254 8.181818181818182
 327 10.22727272727273
 232 12.27272727272727
 818 14.31818181818182
 2558 16.36363636363636
 313 18.40909090909091
 749 20.45454545454545
 3600 22.5
 2078 24.54545454545455
 3840 26.59090909090909
 1334 28.63636363636364
 1258 30.68181818181818
 1252 32.72727272727273
 1680 34.77272727272727
 1105 36.81818181818182
 2014 38.86363636363636
 2030 40.90909090909091
 789 42.95454545454545
 782 45
 1355 47.04545454545455
 607 49.09090909090909
 464 51.13636363636363
 419 53.18181818181818
 277 55.22727272727273
 267 57.27272727272727
 108 59.31818181818182
 96 61.36363636363636
 53 63.40909090909091
 25 65.45454545454545
 8 67.5
 2 69.54545454545455
 0 71.59090909090909
 0 73.63636363636364
 0 75.68181818181819
 0 77.72727272727272
 0 79.77272727272727
 0 81.81818181818181
 0 83.86363636363636
 0 85.90909090909091
 0 87.95454545454545
 0 90


