# Created by Octave 3.8.2, Sun Jun 21 02:19:36 2020 CEST <damian@fptrucha.inv.usc.es>
# name: hd
# type: matrix
# rows: 45
# columns: 2
 4 0
 2345 2.045454545454545
 6 4.090909090909091
 6 6.136363636363637
 2300 8.181818181818182
 317 10.22727272727273
 234 12.27272727272727
 764 14.31818181818182
 2553 16.36363636363636
 299 18.40909090909091
 773 20.45454545454545
 3521 22.5
 2053 24.54545454545455
 3828 26.59090909090909
 1282 28.63636363636364
 1352 30.68181818181818
 1218 32.72727272727273
 1734 34.77272727272727
 1067 36.81818181818182
 2044 38.86363636363636
 2024 40.90909090909091
 752 42.95454545454545
 814 45
 1243 47.04545454545455
 616 49.09090909090909
 510 51.13636363636363
 424 53.18181818181818
 276 55.22727272727273
 289 57.27272727272727
 109 59.31818181818182
 108 61.36363636363636
 56 63.40909090909091
 19 65.45454545454545
 11 67.5
 1 69.54545454545455
 1 71.59090909090909
 0 73.63636363636364
 0 75.68181818181819
 0 77.72727272727272
 0 79.77272727272727
 0 81.81818181818181
 0 83.86363636363636
 0 85.90909090909091
 0 87.95454545454545
 0 90


