# Created by Octave 3.8.2, Sat Jun 20 07:14:51 2020 CEST <damian@fptrucha.inv.usc.es>
# name: hd
# type: matrix
# rows: 45
# columns: 2
 3 0
 2711 2.045454545454545
 1 4.090909090909091
 8 6.136363636363637
 2468 8.181818181818182
 333 10.22727272727273
 282 12.27272727272727
 923 14.31818181818182
 3000 16.36363636363636
 341 18.40909090909091
 894 20.45454545454545
 4028 22.5
 2357 24.54545454545455
 4396 26.59090909090909
 1504 28.63636363636364
 1479 30.68181818181818
 1486 32.72727272727273
 1894 34.77272727272727
 1265 36.81818181818182
 2475 38.86363636363636
 2432 40.90909090909091
 860 42.95454545454545
 939 45
 1484 47.04545454545455
 738 49.09090909090909
 643 51.13636363636363
 461 53.18181818181818
 356 55.22727272727273
 321 57.27272727272727
 137 59.31818181818182
 128 61.36363636363636
 64 63.40909090909091
 22 65.45454545454545
 15 67.5
 0 69.54545454545455
 0 71.59090909090909
 0 73.63636363636364
 0 75.68181818181819
 0 77.72727272727272
 0 79.77272727272727
 0 81.81818181818181
 0 83.86363636363636
 0 85.90909090909091
 0 87.95454545454545
 0 90


