# Created by Octave 3.8.2, Mon Jun 22 08:06:32 2020 CEST <damian@fptrucha.inv.usc.es>
# name: hd
# type: matrix
# rows: 45
# columns: 2
 7 0
 2225 2.045454545454545
 3 4.090909090909091
 11 6.136363636363637
 2252 8.181818181818182
 259 10.22727272727273
 240 12.27272727272727
 719 14.31818181818182
 2392 16.36363636363636
 321 18.40909090909091
 794 20.45454545454545
 3503 22.5
 2007 24.54545454545455
 3631 26.59090909090909
 1269 28.63636363636364
 1310 30.68181818181818
 1276 32.72727272727273
 1565 34.77272727272727
 1092 36.81818181818182
 2063 38.86363636363636
 2140 40.90909090909091
 806 42.95454545454545
 777 45
 1343 47.04545454545455
 544 49.09090909090909
 515 51.13636363636363
 515 53.18181818181818
 327 55.22727272727273
 309 57.27272727272727
 151 59.31818181818182
 124 61.36363636363636
 110 63.40909090909091
 27 65.45454545454545
 16 67.5
 1 69.54545454545455
 0 71.59090909090909
 0 73.63636363636364
 0 75.68181818181819
 0 77.72727272727272
 0 79.77272727272727
 0 81.81818181818181
 0 83.86363636363636
 0 85.90909090909091
 0 87.95454545454545
 0 90


