# Created by Octave 3.8.2, Mon Jun 22 14:33:12 2020 CEST <damian@fptrucha.inv.usc.es>
# name: hd
# type: matrix
# rows: 45
# columns: 2
 5 0
 2403 2.045454545454545
 5 4.090909090909091
 13 6.136363636363637
 2205 8.181818181818182
 295 10.22727272727273
 246 12.27272727272727
 785 14.31818181818182
 2514 16.36363636363636
 323 18.40909090909091
 766 20.45454545454545
 3577 22.5
 2010 24.54545454545455
 3920 26.59090909090909
 1367 28.63636363636364
 1289 30.68181818181818
 1277 32.72727272727273
 1714 34.77272727272727
 1103 36.81818181818182
 2133 38.86363636363636
 2138 40.90909090909091
 847 42.95454545454545
 846 45
 1423 47.04545454545455
 627 49.09090909090909
 603 51.13636363636363
 540 53.18181818181818
 345 55.22727272727273
 338 57.27272727272727
 152 59.31818181818182
 135 61.36363636363636
 76 63.40909090909091
 34 65.45454545454545
 19 67.5
 1 69.54545454545455
 1 71.59090909090909
 0 73.63636363636364
 0 75.68181818181819
 0 77.72727272727272
 0 79.77272727272727
 0 81.81818181818181
 0 83.86363636363636
 0 85.90909090909091
 0 87.95454545454545
 0 90


