# Created by Octave 3.8.2, Mon Jun 22 21:42:57 2020 CEST <damian@fptrucha.inv.usc.es>
# name: hd
# type: matrix
# rows: 45
# columns: 2
 9 0
 2372 2.045454545454545
 2 4.090909090909091
 15 6.136363636363637
 2291 8.181818181818182
 289 10.22727272727273
 248 12.27272727272727
 766 14.31818181818182
 2627 16.36363636363636
 317 18.40909090909091
 847 20.45454545454545
 3760 22.5
 2168 24.54545454545455
 4223 26.59090909090909
 1451 28.63636363636364
 1334 30.68181818181818
 1389 32.72727272727273
 1718 34.77272727272727
 1185 36.81818181818182
 2329 38.86363636363636
 2212 40.90909090909091
 886 42.95454545454545
 849 45
 1547 47.04545454545455
 695 49.09090909090909
 587 51.13636363636363
 510 53.18181818181818
 369 55.22727272727273
 317 57.27272727272727
 155 59.31818181818182
 130 61.36363636363636
 73 63.40909090909091
 26 65.45454545454545
 16 67.5
 4 69.54545454545455
 0 71.59090909090909
 0 73.63636363636364
 0 75.68181818181819
 0 77.72727272727272
 0 79.77272727272727
 0 81.81818181818181
 0 83.86363636363636
 0 85.90909090909091
 0 87.95454545454545
 0 90


