# Created by Octave 3.8.2, Sat Jun 20 17:34:49 2020 CEST <damian@fptrucha.inv.usc.es>
# name: hd
# type: matrix
# rows: 45
# columns: 2
 4 0
 2439 2.045454545454545
 1 4.090909090909091
 7 6.136363636363637
 2329 8.181818181818182
 303 10.22727272727273
 249 12.27272727272727
 785 14.31818181818182
 2660 16.36363636363636
 318 18.40909090909091
 752 20.45454545454545
 3660 22.5
 2243 24.54545454545455
 3999 26.59090909090909
 1353 28.63636363636364
 1297 30.68181818181818
 1313 32.72727272727273
 1697 34.77272727272727
 1106 36.81818181818182
 2177 38.86363636363636
 2033 40.90909090909091
 757 42.95454545454545
 765 45
 1348 47.04545454545455
 606 49.09090909090909
 543 51.13636363636363
 427 53.18181818181818
 313 55.22727272727273
 266 57.27272727272727
 111 59.31818181818182
 98 61.36363636363636
 66 63.40909090909091
 12 65.45454545454545
 11 67.5
 0 69.54545454545455
 0 71.59090909090909
 0 73.63636363636364
 0 75.68181818181819
 0 77.72727272727272
 0 79.77272727272727
 0 81.81818181818181
 0 83.86363636363636
 0 85.90909090909091
 0 87.95454545454545
 0 90


