# Created by Octave 3.8.2, Sat Jun 20 06:28:12 2020 CEST <damian@fptrucha.inv.usc.es>
# name: hd
# type: matrix
# rows: 45
# columns: 2
 4 0
 2694 2.045454545454545
 2 4.090909090909091
 14 6.136363636363637
 2628 8.181818181818182
 341 10.22727272727273
 292 12.27272727272727
 875 14.31818181818182
 2954 16.36363636363636
 353 18.40909090909091
 911 20.45454545454545
 4133 22.5
 2426 24.54545454545455
 4405 26.59090909090909
 1513 28.63636363636364
 1591 30.68181818181818
 1491 32.72727272727273
 1908 34.77272727272727
 1180 36.81818181818182
 2407 38.86363636363636
 2348 40.90909090909091
 875 42.95454545454545
 904 45
 1491 47.04545454545455
 681 49.09090909090909
 551 51.13636363636363
 492 53.18181818181818
 349 55.22727272727273
 321 57.27272727272727
 114 59.31818181818182
 122 61.36363636363636
 65 63.40909090909091
 22 65.45454545454545
 13 67.5
 2 69.54545454545455
 0 71.59090909090909
 0 73.63636363636364
 0 75.68181818181819
 0 77.72727272727272
 0 79.77272727272727
 0 81.81818181818181
 0 83.86363636363636
 0 85.90909090909091
 0 87.95454545454545
 0 90


