# Created by Octave 3.8.2, Sun Jun 21 00:11:40 2020 CEST <damian@fptrucha.inv.usc.es>
# name: hd
# type: matrix
# rows: 45
# columns: 2
 1 0
 2275 2.045454545454545
 1 4.090909090909091
 12 6.136363636363637
 2258 8.181818181818182
 304 10.22727272727273
 226 12.27272727272727
 807 14.31818181818182
 2513 16.36363636363636
 292 18.40909090909091
 727 20.45454545454545
 3548 22.5
 2194 24.54545454545455
 3816 26.59090909090909
 1236 28.63636363636364
 1275 30.68181818181818
 1233 32.72727272727273
 1634 34.77272727272727
 1100 36.81818181818182
 1993 38.86363636363636
 2094 40.90909090909091
 747 42.95454545454545
 749 45
 1332 47.04545454545455
 572 49.09090909090909
 487 51.13636363636363
 454 53.18181818181818
 292 55.22727272727273
 258 57.27272727272727
 120 59.31818181818182
 96 61.36363636363636
 68 63.40909090909091
 16 65.45454545454545
 10 67.5
 0 69.54545454545455
 0 71.59090909090909
 0 73.63636363636364
 0 75.68181818181819
 0 77.72727272727272
 0 79.77272727272727
 0 81.81818181818181
 0 83.86363636363636
 0 85.90909090909091
 0 87.95454545454545
 0 90


