# Created by Octave 3.8.2, Sun Jun 21 07:36:53 2020 CEST <damian@fptrucha.inv.usc.es>
# name: hd
# type: matrix
# rows: 45
# columns: 2
 3 0
 2305 2.045454545454545
 0 4.090909090909091
 5 6.136363636363637
 2327 8.181818181818182
 331 10.22727272727273
 222 12.27272727272727
 825 14.31818181818182
 2631 16.36363636363636
 345 18.40909090909091
 790 20.45454545454545
 3725 22.5
 2215 24.54545454545455
 3935 26.59090909090909
 1365 28.63636363636364
 1323 30.68181818181818
 1381 32.72727272727273
 1715 34.77272727272727
 1144 36.81818181818182
 2260 38.86363636363636
 2091 40.90909090909091
 843 42.95454545454545
 848 45
 1360 47.04545454545455
 645 49.09090909090909
 493 51.13636363636363
 456 53.18181818181818
 309 55.22727272727273
 262 57.27272727272727
 130 59.31818181818182
 90 61.36363636363636
 63 63.40909090909091
 28 65.45454545454545
 10 67.5
 2 69.54545454545455
 0 71.59090909090909
 0 73.63636363636364
 0 75.68181818181819
 0 77.72727272727272
 0 79.77272727272727
 0 81.81818181818181
 0 83.86363636363636
 0 85.90909090909091
 0 87.95454545454545
 0 90


