# Created by Octave 3.8.2, Sat Jun 20 03:46:40 2020 CEST <damian@fptrucha.inv.usc.es>
# name: hd
# type: matrix
# rows: 45
# columns: 2
 2 0
 2676 2.045454545454545
 2 4.090909090909091
 10 6.136363636363637
 2504 8.181818181818182
 305 10.22727272727273
 245 12.27272727272727
 909 14.31818181818182
 2914 16.36363636363636
 330 18.40909090909091
 881 20.45454545454545
 3947 22.5
 2325 24.54545454545455
 4222 26.59090909090909
 1483 28.63636363636364
 1415 30.68181818181818
 1432 32.72727272727273
 1751 34.77272727272727
 1177 36.81818181818182
 2324 38.86363636363636
 2225 40.90909090909091
 802 42.95454545454545
 882 45
 1464 47.04545454545455
 613 49.09090909090909
 527 51.13636363636363
 470 53.18181818181818
 312 55.22727272727273
 315 57.27272727272727
 126 59.31818181818182
 113 61.36363636363636
 76 63.40909090909091
 16 65.45454545454545
 12 67.5
 0 69.54545454545455
 0 71.59090909090909
 0 73.63636363636364
 0 75.68181818181819
 0 77.72727272727272
 0 79.77272727272727
 0 81.81818181818181
 0 83.86363636363636
 0 85.90909090909091
 0 87.95454545454545
 0 90


