# Created by Octave 3.8.2, Mon Jun 22 08:36:37 2020 CEST <damian@fptrucha.inv.usc.es>
# name: hd
# type: matrix
# rows: 45
# columns: 2
 7 0
 2334 2.045454545454545
 4 4.090909090909091
 14 6.136363636363637
 2144 8.181818181818182
 267 10.22727272727273
 260 12.27272727272727
 787 14.31818181818182
 2462 16.36363636363636
 275 18.40909090909091
 780 20.45454545454545
 3411 22.5
 2032 24.54545454545455
 3777 26.59090909090909
 1263 28.63636363636364
 1269 30.68181818181818
 1299 32.72727272727273
 1578 34.77272727272727
 1023 36.81818181818182
 2094 38.86363636363636
 2035 40.90909090909091
 811 42.95454545454545
 771 45
 1318 47.04545454545455
 625 49.09090909090909
 538 51.13636363636363
 459 53.18181818181818
 346 55.22727272727273
 329 57.27272727272727
 141 59.31818181818182
 117 61.36363636363636
 88 63.40909090909091
 23 65.45454545454545
 16 67.5
 1 69.54545454545455
 0 71.59090909090909
 0 73.63636363636364
 0 75.68181818181819
 0 77.72727272727272
 0 79.77272727272727
 0 81.81818181818181
 0 83.86363636363636
 0 85.90909090909091
 0 87.95454545454545
 0 90


