# Created by Octave 3.8.2, Mon Jun 22 15:27:00 2020 CEST <damian@fptrucha.inv.usc.es>
# name: hd
# type: matrix
# rows: 45
# columns: 2
 4 0
 2422 2.045454545454545
 3 4.090909090909091
 16 6.136363636363637
 2197 8.181818181818182
 276 10.22727272727273
 270 12.27272727272727
 808 14.31818181818182
 2667 16.36363636363636
 303 18.40909090909091
 767 20.45454545454545
 3645 22.5
 2180 24.54545454545455
 3996 26.59090909090909
 1442 28.63636363636364
 1383 30.68181818181818
 1325 32.72727272727273
 1705 34.77272727272727
 1162 36.81818181818182
 2150 38.86363636363636
 2176 40.90909090909091
 882 42.95454545454545
 816 45
 1417 47.04545454545455
 655 49.09090909090909
 577 51.13636363636363
 515 53.18181818181818
 346 55.22727272727273
 354 57.27272727272727
 147 59.31818181818182
 124 61.36363636363636
 87 63.40909090909091
 30 65.45454545454545
 15 67.5
 3 69.54545454545455
 0 71.59090909090909
 0 73.63636363636364
 0 75.68181818181819
 0 77.72727272727272
 0 79.77272727272727
 0 81.81818181818181
 0 83.86363636363636
 0 85.90909090909091
 0 87.95454545454545
 0 90


