# Created by Octave 3.8.2, Mon Jun 22 08:35:37 2020 CEST <damian@fptrucha.inv.usc.es>
# name: hd
# type: matrix
# rows: 45
# columns: 2
 5 0
 2335 2.045454545454545
 11 4.090909090909091
 13 6.136363636363637
 2183 8.181818181818182
 276 10.22727272727273
 263 12.27272727272727
 731 14.31818181818182
 2375 16.36363636363636
 294 18.40909090909091
 714 20.45454545454545
 3550 22.5
 1972 24.54545454545455
 3684 26.59090909090909
 1287 28.63636363636364
 1318 30.68181818181818
 1316 32.72727272727273
 1562 34.77272727272727
 1094 36.81818181818182
 2127 38.86363636363636
 2132 40.90909090909091
 794 42.95454545454545
 805 45
 1368 47.04545454545455
 641 49.09090909090909
 577 51.13636363636363
 514 53.18181818181818
 336 55.22727272727273
 307 57.27272727272727
 157 59.31818181818182
 119 61.36363636363636
 71 63.40909090909091
 26 65.45454545454545
 18 67.5
 3 69.54545454545455
 0 71.59090909090909
 0 73.63636363636364
 0 75.68181818181819
 0 77.72727272727272
 0 79.77272727272727
 0 81.81818181818181
 0 83.86363636363636
 0 85.90909090909091
 0 87.95454545454545
 0 90


