# Created by Octave 3.8.2, Mon Jun 22 12:58:43 2020 CEST <damian@fptrucha.inv.usc.es>
# name: hd
# type: matrix
# rows: 45
# columns: 2
 5 0
 2310 2.045454545454545
 2 4.090909090909091
 15 6.136363636363637
 2239 8.181818181818182
 310 10.22727272727273
 256 12.27272727272727
 791 14.31818181818182
 2577 16.36363636363636
 305 18.40909090909091
 816 20.45454545454545
 3607 22.5
 2103 24.54545454545455
 3937 26.59090909090909
 1360 28.63636363636364
 1327 30.68181818181818
 1383 32.72727272727273
 1700 34.77272727272727
 1112 36.81818181818182
 2165 38.86363636363636
 2072 40.90909090909091
 838 42.95454545454545
 801 45
 1358 47.04545454545455
 613 49.09090909090909
 559 51.13636363636363
 511 53.18181818181818
 333 55.22727272727273
 323 57.27272727272727
 129 59.31818181818182
 122 61.36363636363636
 77 63.40909090909091
 24 65.45454545454545
 22 67.5
 1 69.54545454545455
 0 71.59090909090909
 0 73.63636363636364
 0 75.68181818181819
 0 77.72727272727272
 0 79.77272727272727
 0 81.81818181818181
 0 83.86363636363636
 0 85.90909090909091
 0 87.95454545454545
 0 90


