# Created by Octave 3.8.2, Mon Jun 22 11:44:15 2020 CEST <damian@fptrucha.inv.usc.es>
# name: hd
# type: matrix
# rows: 45
# columns: 2
 6 0
 2326 2.045454545454545
 11 4.090909090909091
 10 6.136363636363637
 2257 8.181818181818182
 256 10.22727272727273
 264 12.27272727272727
 737 14.31818181818182
 2393 16.36363636363636
 300 18.40909090909091
 785 20.45454545454545
 3591 22.5
 1944 24.54545454545455
 3858 26.59090909090909
 1287 28.63636363636364
 1256 30.68181818181818
 1290 32.72727272727273
 1667 34.77272727272727
 1094 36.81818181818182
 2121 38.86363636363636
 2058 40.90909090909091
 817 42.95454545454545
 766 45
 1393 47.04545454545455
 626 49.09090909090909
 535 51.13636363636363
 511 53.18181818181818
 330 55.22727272727273
 318 57.27272727272727
 145 59.31818181818182
 135 61.36363636363636
 91 63.40909090909091
 38 65.45454545454545
 19 67.5
 6 69.54545454545455
 0 71.59090909090909
 0 73.63636363636364
 0 75.68181818181819
 0 77.72727272727272
 0 79.77272727272727
 0 81.81818181818181
 0 83.86363636363636
 0 85.90909090909091
 0 87.95454545454545
 0 90


