# Created by Octave 3.8.2, Mon Jun 22 09:45:24 2020 CEST <damian@fptrucha.inv.usc.es>
# name: hd
# type: matrix
# rows: 45
# columns: 2
 5 0
 2361 2.045454545454545
 6 4.090909090909091
 10 6.136363636363637
 2112 8.181818181818182
 289 10.22727272727273
 271 12.27272727272727
 757 14.31818181818182
 2442 16.36363636363636
 274 18.40909090909091
 843 20.45454545454545
 3471 22.5
 1958 24.54545454545455
 3695 26.59090909090909
 1289 28.63636363636364
 1303 30.68181818181818
 1280 32.72727272727273
 1600 34.77272727272727
 1097 36.81818181818182
 2142 38.86363636363636
 2021 40.90909090909091
 845 42.95454545454545
 824 45
 1422 47.04545454545455
 624 49.09090909090909
 590 51.13636363636363
 457 53.18181818181818
 347 55.22727272727273
 342 57.27272727272727
 145 59.31818181818182
 143 61.36363636363636
 95 63.40909090909091
 30 65.45454545454545
 21 67.5
 1 69.54545454545455
 0 71.59090909090909
 0 73.63636363636364
 0 75.68181818181819
 0 77.72727272727272
 0 79.77272727272727
 0 81.81818181818181
 0 83.86363636363636
 0 85.90909090909091
 0 87.95454545454545
 0 90


