# Created by Octave 3.8.2, Mon Jun 22 08:01:22 2020 CEST <damian@fptrucha.inv.usc.es>
# name: hd
# type: matrix
# rows: 45
# columns: 2
 6 0
 2319 2.045454545454545
 2 4.090909090909091
 15 6.136363636363637
 2114 8.181818181818182
 289 10.22727272727273
 225 12.27272727272727
 737 14.31818181818182
 2412 16.36363636363636
 260 18.40909090909091
 789 20.45454545454545
 3417 22.5
 1990 24.54545454545455
 3710 26.59090909090909
 1324 28.63636363636364
 1284 30.68181818181818
 1318 32.72727272727273
 1656 34.77272727272727
 1044 36.81818181818182
 2073 38.86363636363636
 2018 40.90909090909091
 820 42.95454545454545
 796 45
 1381 47.04545454545455
 626 49.09090909090909
 565 51.13636363636363
 470 53.18181818181818
 325 55.22727272727273
 322 57.27272727272727
 144 59.31818181818182
 129 61.36363636363636
 98 63.40909090909091
 26 65.45454545454545
 24 67.5
 3 69.54545454545455
 1 71.59090909090909
 0 73.63636363636364
 0 75.68181818181819
 0 77.72727272727272
 0 79.77272727272727
 0 81.81818181818181
 0 83.86363636363636
 0 85.90909090909091
 0 87.95454545454545
 0 90


