# Created by Octave 3.8.2, Sun Jun 21 06:34:15 2020 CEST <damian@fptrucha.inv.usc.es>
# name: hd
# type: matrix
# rows: 45
# columns: 2
 3 0
 2428 2.045454545454545
 4 4.090909090909091
 7 6.136363636363637
 2342 8.181818181818182
 314 10.22727272727273
 238 12.27272727272727
 827 14.31818181818182
 2579 16.36363636363636
 298 18.40909090909091
 825 20.45454545454545
 3563 22.5
 2159 24.54545454545455
 3999 26.59090909090909
 1327 28.63636363636364
 1358 30.68181818181818
 1252 32.72727272727273
 1717 34.77272727272727
 1159 36.81818181818182
 2065 38.86363636363636
 2057 40.90909090909091
 815 42.95454545454545
 752 45
 1417 47.04545454545455
 619 49.09090909090909
 522 51.13636363636363
 450 53.18181818181818
 283 55.22727272727273
 287 57.27272727272727
 125 59.31818181818182
 87 61.36363636363636
 64 63.40909090909091
 19 65.45454545454545
 7 67.5
 1 69.54545454545455
 0 71.59090909090909
 0 73.63636363636364
 0 75.68181818181819
 0 77.72727272727272
 0 79.77272727272727
 0 81.81818181818181
 0 83.86363636363636
 0 85.90909090909091
 0 87.95454545454545
 0 90


