# Created by Octave 3.8.2, Mon Jun 22 02:46:06 2020 CEST <damian@fptrucha.inv.usc.es>
# name: hd
# type: matrix
# rows: 45
# columns: 2
 3 0
 2162 2.045454545454545
 6 4.090909090909091
 9 6.136363636363637
 1987 8.181818181818182
 295 10.22727272727273
 263 12.27272727272727
 700 14.31818181818182
 2319 16.36363636363636
 248 18.40909090909091
 719 20.45454545454545
 3304 22.5
 1958 24.54545454545455
 3528 26.59090909090909
 1242 28.63636363636364
 1182 30.68181818181818
 1241 32.72727272727273
 1587 34.77272727272727
 1026 36.81818181818182
 1998 38.86363636363636
 1910 40.90909090909091
 795 42.95454545454545
 773 45
 1289 47.04545454545455
 598 49.09090909090909
 515 51.13636363636363
 453 53.18181818181818
 321 55.22727272727273
 316 57.27272727272727
 151 59.31818181818182
 143 61.36363636363636
 90 63.40909090909091
 25 65.45454545454545
 18 67.5
 8 69.54545454545455
 0 71.59090909090909
 0 73.63636363636364
 0 75.68181818181819
 0 77.72727272727272
 0 79.77272727272727
 0 81.81818181818181
 0 83.86363636363636
 0 85.90909090909091
 0 87.95454545454545
 0 90


