# Created by Octave 3.8.2, Sat Jun 20 21:29:45 2020 CEST <damian@fptrucha.inv.usc.es>
# name: hd
# type: matrix
# rows: 45
# columns: 2
 6 0
 2389 2.045454545454545
 3 4.090909090909091
 5 6.136363636363637
 2373 8.181818181818182
 310 10.22727272727273
 221 12.27272727272727
 722 14.31818181818182
 2525 16.36363636363636
 332 18.40909090909091
 712 20.45454545454545
 3524 22.5
 2127 24.54545454545455
 3898 26.59090909090909
 1295 28.63636363636364
 1290 30.68181818181818
 1334 32.72727272727273
 1673 34.77272727272727
 1069 36.81818181818182
 2065 38.86363636363636
 2060 40.90909090909091
 785 42.95454545454545
 718 45
 1304 47.04545454545455
 569 49.09090909090909
 497 51.13636363636363
 399 53.18181818181818
 300 55.22727272727273
 241 57.27272727272727
 119 59.31818181818182
 92 61.36363636363636
 64 63.40909090909091
 20 65.45454545454545
 11 67.5
 3 69.54545454545455
 0 71.59090909090909
 0 73.63636363636364
 0 75.68181818181819
 0 77.72727272727272
 0 79.77272727272727
 0 81.81818181818181
 0 83.86363636363636
 0 85.90909090909091
 0 87.95454545454545
 0 90


