# Created by Octave 3.8.2, Mon Jun 22 22:51:53 2020 CEST <damian@fptrucha.inv.usc.es>
# name: hd
# type: matrix
# rows: 45
# columns: 2
 7 0
 2412 2.045454545454545
 4 4.090909090909091
 11 6.136363636363637
 2285 8.181818181818182
 314 10.22727272727273
 256 12.27272727272727
 782 14.31818181818182
 2685 16.36363636363636
 329 18.40909090909091
 860 20.45454545454545
 3790 22.5
 2205 24.54545454545455
 4065 26.59090909090909
 1425 28.63636363636364
 1489 30.68181818181818
 1410 32.72727272727273
 1843 34.77272727272727
 1181 36.81818181818182
 2337 38.86363636363636
 2241 40.90909090909091
 866 42.95454545454545
 873 45
 1508 47.04545454545455
 679 49.09090909090909
 646 51.13636363636363
 544 53.18181818181818
 360 55.22727272727273
 355 57.27272727272727
 131 59.31818181818182
 127 61.36363636363636
 89 63.40909090909091
 27 65.45454545454545
 15 67.5
 1 69.54545454545455
 0 71.59090909090909
 0 73.63636363636364
 0 75.68181818181819
 0 77.72727272727272
 0 79.77272727272727
 0 81.81818181818181
 0 83.86363636363636
 0 85.90909090909091
 0 87.95454545454545
 0 90


