# Created by Octave 3.8.2, Sat Jun 20 03:26:32 2020 CEST <damian@fptrucha.inv.usc.es>
# name: hd
# type: matrix
# rows: 45
# columns: 2
 2 0
 2619 2.045454545454545
 3 4.090909090909091
 8 6.136363636363637
 2582 8.181818181818182
 358 10.22727272727273
 280 12.27272727272727
 859 14.31818181818182
 2770 16.36363636363636
 329 18.40909090909091
 861 20.45454545454545
 3926 22.5
 2265 24.54545454545455
 4258 26.59090909090909
 1470 28.63636363636364
 1490 30.68181818181818
 1484 32.72727272727273
 1909 34.77272727272727
 1165 36.81818181818182
 2297 38.86363636363636
 2234 40.90909090909091
 807 42.95454545454545
 866 45
 1467 47.04545454545455
 704 49.09090909090909
 517 51.13636363636363
 443 53.18181818181818
 280 55.22727272727273
 287 57.27272727272727
 134 59.31818181818182
 97 61.36363636363636
 56 63.40909090909091
 14 65.45454545454545
 6 67.5
 1 69.54545454545455
 0 71.59090909090909
 0 73.63636363636364
 0 75.68181818181819
 0 77.72727272727272
 0 79.77272727272727
 0 81.81818181818181
 0 83.86363636363636
 0 85.90909090909091
 0 87.95454545454545
 0 90


