# Created by Octave 3.8.2, Sun Jun 21 04:03:30 2020 CEST <damian@fptrucha.inv.usc.es>
# name: hd
# type: matrix
# rows: 45
# columns: 2
 3 0
 2360 2.045454545454545
 2 4.090909090909091
 9 6.136363636363637
 2261 8.181818181818182
 318 10.22727272727273
 222 12.27272727272727
 770 14.31818181818182
 2516 16.36363636363636
 303 18.40909090909091
 722 20.45454545454545
 3506 22.5
 1946 24.54545454545455
 4011 26.59090909090909
 1256 28.63636363636364
 1311 30.68181818181818
 1284 32.72727272727273
 1675 34.77272727272727
 1082 36.81818181818182
 2086 38.86363636363636
 2031 40.90909090909091
 744 42.95454545454545
 781 45
 1342 47.04545454545455
 590 49.09090909090909
 482 51.13636363636363
 397 53.18181818181818
 295 55.22727272727273
 279 57.27272727272727
 125 59.31818181818182
 95 61.36363636363636
 62 63.40909090909091
 17 65.45454545454545
 10 67.5
 2 69.54545454545455
 0 71.59090909090909
 0 73.63636363636364
 0 75.68181818181819
 0 77.72727272727272
 0 79.77272727272727
 0 81.81818181818181
 0 83.86363636363636
 0 85.90909090909091
 0 87.95454545454545
 0 90


