# Created by Octave 3.8.2, Sat Jun 20 17:25:35 2020 CEST <damian@fptrucha.inv.usc.es>
# name: hd
# type: matrix
# rows: 45
# columns: 2
 5 0
 2443 2.045454545454545
 1 4.090909090909091
 6 6.136363636363637
 2399 8.181818181818182
 379 10.22727272727273
 235 12.27272727272727
 814 14.31818181818182
 2636 16.36363636363636
 341 18.40909090909091
 797 20.45454545454545
 3588 22.5
 2110 24.54545454545455
 3955 26.59090909090909
 1306 28.63636363636364
 1323 30.68181818181818
 1319 32.72727272727273
 1640 34.77272727272727
 1124 36.81818181818182
 2103 38.86363636363636
 2084 40.90909090909091
 852 42.95454545454545
 732 45
 1300 47.04545454545455
 592 49.09090909090909
 487 51.13636363636363
 450 53.18181818181818
 257 55.22727272727273
 245 57.27272727272727
 106 59.31818181818182
 99 61.36363636363636
 60 63.40909090909091
 19 65.45454545454545
 10 67.5
 5 69.54545454545455
 0 71.59090909090909
 0 73.63636363636364
 0 75.68181818181819
 0 77.72727272727272
 0 79.77272727272727
 0 81.81818181818181
 0 83.86363636363636
 0 85.90909090909091
 0 87.95454545454545
 0 90


