# Created by Octave 3.8.2, Mon Jun 22 09:49:44 2020 CEST <damian@fptrucha.inv.usc.es>
# name: hd
# type: matrix
# rows: 45
# columns: 2
 4 0
 2408 2.045454545454545
 6 4.090909090909091
 18 6.136363636363637
 2143 8.181818181818182
 294 10.22727272727273
 271 12.27272727272727
 720 14.31818181818182
 2519 16.36363636363636
 306 18.40909090909091
 780 20.45454545454545
 3530 22.5
 1969 24.54545454545455
 3670 26.59090909090909
 1367 28.63636363636364
 1331 30.68181818181818
 1240 32.72727272727273
 1604 34.77272727272727
 1066 36.81818181818182
 2133 38.86363636363636
 2062 40.90909090909091
 844 42.95454545454545
 824 45
 1388 47.04545454545455
 621 49.09090909090909
 497 51.13636363636363
 512 53.18181818181818
 337 55.22727272727273
 316 57.27272727272727
 133 59.31818181818182
 124 61.36363636363636
 76 63.40909090909091
 25 65.45454545454545
 14 67.5
 2 69.54545454545455
 0 71.59090909090909
 0 73.63636363636364
 0 75.68181818181819
 0 77.72727272727272
 0 79.77272727272727
 0 81.81818181818181
 0 83.86363636363636
 0 85.90909090909091
 0 87.95454545454545
 0 90


