# Created by Octave 3.8.2, Mon Jun 22 13:02:56 2020 CEST <damian@fptrucha.inv.usc.es>
# name: hd
# type: matrix
# rows: 45
# columns: 2
 7 0
 2457 2.045454545454545
 4 4.090909090909091
 11 6.136363636363637
 2266 8.181818181818182
 296 10.22727272727273
 261 12.27272727272727
 789 14.31818181818182
 2573 16.36363636363636
 314 18.40909090909091
 813 20.45454545454545
 3593 22.5
 2083 24.54545454545455
 3925 26.59090909090909
 1349 28.63636363636364
 1295 30.68181818181818
 1324 32.72727272727273
 1615 34.77272727272727
 1163 36.81818181818182
 2133 38.86363636363636
 2174 40.90909090909091
 868 42.95454545454545
 832 45
 1385 47.04545454545455
 657 49.09090909090909
 581 51.13636363636363
 512 53.18181818181818
 331 55.22727272727273
 323 57.27272727272727
 154 59.31818181818182
 130 61.36363636363636
 73 63.40909090909091
 33 65.45454545454545
 21 67.5
 3 69.54545454545455
 0 71.59090909090909
 0 73.63636363636364
 0 75.68181818181819
 0 77.72727272727272
 0 79.77272727272727
 0 81.81818181818181
 0 83.86363636363636
 0 85.90909090909091
 0 87.95454545454545
 0 90


