# Created by Octave 3.8.2, Sat Jun 20 07:56:10 2020 CEST <damian@fptrucha.inv.usc.es>
# name: hd
# type: matrix
# rows: 45
# columns: 2
 4 0
 2753 2.045454545454545
 1 4.090909090909091
 8 6.136363636363637
 2576 8.181818181818182
 337 10.22727272727273
 273 12.27272727272727
 917 14.31818181818182
 2939 16.36363636363636
 358 18.40909090909091
 902 20.45454545454545
 4091 22.5
 2409 24.54545454545455
 4456 26.59090909090909
 1527 28.63636363636364
 1579 30.68181818181818
 1456 32.72727272727273
 1937 34.77272727272727
 1223 36.81818181818182
 2444 38.86363636363636
 2377 40.90909090909091
 861 42.95454545454545
 885 45
 1526 47.04545454545455
 658 49.09090909090909
 566 51.13636363636363
 514 53.18181818181818
 342 55.22727272727273
 333 57.27272727272727
 129 59.31818181818182
 102 61.36363636363636
 61 63.40909090909091
 19 65.45454545454545
 13 67.5
 1 69.54545454545455
 0 71.59090909090909
 0 73.63636363636364
 0 75.68181818181819
 0 77.72727272727272
 0 79.77272727272727
 0 81.81818181818181
 0 83.86363636363636
 0 85.90909090909091
 0 87.95454545454545
 0 90


