# Created by Octave 3.8.2, Sat Jun 20 07:27:26 2020 CEST <damian@fptrucha.inv.usc.es>
# name: hd
# type: matrix
# rows: 45
# columns: 2
 4 0
 2720 2.045454545454545
 5 4.090909090909091
 7 6.136363636363637
 2649 8.181818181818182
 338 10.22727272727273
 291 12.27272727272727
 879 14.31818181818182
 2958 16.36363636363636
 347 18.40909090909091
 908 20.45454545454545
 4139 22.5
 2440 24.54545454545455
 4481 26.59090909090909
 1485 28.63636363636364
 1539 30.68181818181818
 1448 32.72727272727273
 1872 34.77272727272727
 1320 36.81818181818182
 2446 38.86363636363636
 2302 40.90909090909091
 911 42.95454545454545
 952 45
 1526 47.04545454545455
 688 49.09090909090909
 587 51.13636363636363
 528 53.18181818181818
 363 55.22727272727273
 323 57.27272727272727
 151 59.31818181818182
 111 61.36363636363636
 68 63.40909090909091
 31 65.45454545454545
 9 67.5
 4 69.54545454545455
 0 71.59090909090909
 0 73.63636363636364
 0 75.68181818181819
 0 77.72727272727272
 0 79.77272727272727
 0 81.81818181818181
 0 83.86363636363636
 0 85.90909090909091
 0 87.95454545454545
 0 90


