# Created by Octave 3.8.2, Sun Jun 21 03:44:04 2020 CEST <damian@fptrucha.inv.usc.es>
# name: hd
# type: matrix
# rows: 45
# columns: 2
 7 0
 2285 2.045454545454545
 2 4.090909090909091
 7 6.136363636363637
 2292 8.181818181818182
 328 10.22727272727273
 274 12.27272727272727
 765 14.31818181818182
 2649 16.36363636363636
 321 18.40909090909091
 737 20.45454545454545
 3552 22.5
 2163 24.54545454545455
 3867 26.59090909090909
 1307 28.63636363636364
 1240 30.68181818181818
 1253 32.72727272727273
 1623 34.77272727272727
 1142 36.81818181818182
 2116 38.86363636363636
 2014 40.90909090909091
 787 42.95454545454545
 793 45
 1307 47.04545454545455
 595 49.09090909090909
 486 51.13636363636363
 423 53.18181818181818
 249 55.22727272727273
 245 57.27272727272727
 118 59.31818181818182
 93 61.36363636363636
 44 63.40909090909091
 15 65.45454545454545
 6 67.5
 0 69.54545454545455
 0 71.59090909090909
 0 73.63636363636364
 0 75.68181818181819
 0 77.72727272727272
 0 79.77272727272727
 0 81.81818181818181
 0 83.86363636363636
 0 85.90909090909091
 0 87.95454545454545
 0 90


