# Created by Octave 3.8.2, Mon Jun 22 02:25:31 2020 CEST <damian@fptrucha.inv.usc.es>
# name: hd
# type: matrix
# rows: 45
# columns: 2
 4 0
 742 2.045454545454545
 2 4.090909090909091
 5 6.136363636363637
 650 8.181818181818182
 152 10.22727272727273
 50 12.27272727272727
 243 14.31818181818182
 914 16.36363636363636
 122 18.40909090909091
 274 20.45454545454545
 1308 22.5
 793 24.54545454545455
 1346 26.59090909090909
 479 28.63636363636364
 416 30.68181818181818
 384 32.72727272727273
 584 34.77272727272727
 407 36.81818181818182
 866 38.86363636363636
 905 40.90909090909091
 358 42.95454545454545
 301 45
 582 47.04545454545455
 272 49.09090909090909
 295 51.13636363636363
 240 53.18181818181818
 184 55.22727272727273
 166 57.27272727272727
 75 59.31818181818182
 81 61.36363636363636
 49 63.40909090909091
 21 65.45454545454545
 11 67.5
 2 69.54545454545455
 0 71.59090909090909
 0 73.63636363636364
 0 75.68181818181819
 0 77.72727272727272
 0 79.77272727272727
 0 81.81818181818181
 0 83.86363636363636
 0 85.90909090909091
 0 87.95454545454545
 0 90


