# Created by Octave 3.8.2, Sat Jun 20 02:25:34 2020 CEST <damian@fptrucha.inv.usc.es>
# name: hd
# type: matrix
# rows: 45
# columns: 2
 2 0
 2578 2.045454545454545
 2 4.090909090909091
 7 6.136363636363637
 2535 8.181818181818182
 331 10.22727272727273
 303 12.27272727272727
 854 14.31818181818182
 2899 16.36363636363636
 349 18.40909090909091
 861 20.45454545454545
 3850 22.5
 2333 24.54545454545455
 4272 26.59090909090909
 1447 28.63636363636364
 1510 30.68181818181818
 1336 32.72727272727273
 1822 34.77272727272727
 1169 36.81818181818182
 2153 38.86363636363636
 2204 40.90909090909091
 838 42.95454545454545
 856 45
 1454 47.04545454545455
 677 49.09090909090909
 525 51.13636363636363
 447 53.18181818181818
 288 55.22727272727273
 303 57.27272727272727
 117 59.31818181818182
 86 61.36363636363636
 60 63.40909090909091
 18 65.45454545454545
 7 67.5
 2 69.54545454545455
 0 71.59090909090909
 0 73.63636363636364
 0 75.68181818181819
 0 77.72727272727272
 0 79.77272727272727
 0 81.81818181818181
 0 83.86363636363636
 0 85.90909090909091
 0 87.95454545454545
 0 90


