# Created by Octave 3.8.2, Mon Jun 22 16:20:04 2020 CEST <damian@fptrucha.inv.usc.es>
# name: hd
# type: matrix
# rows: 45
# columns: 2
 10 0
 2336 2.045454545454545
 5 4.090909090909091
 17 6.136363636363637
 2252 8.181818181818182
 296 10.22727272727273
 263 12.27272727272727
 784 14.31818181818182
 2574 16.36363636363636
 307 18.40909090909091
 822 20.45454545454545
 3682 22.5
 2085 24.54545454545455
 3931 26.59090909090909
 1427 28.63636363636364
 1382 30.68181818181818
 1391 32.72727272727273
 1738 34.77272727272727
 1203 36.81818181818182
 2194 38.86363636363636
 2220 40.90909090909091
 859 42.95454545454545
 819 45
 1436 47.04545454545455
 609 49.09090909090909
 590 51.13636363636363
 522 53.18181818181818
 394 55.22727272727273
 335 57.27272727272727
 141 59.31818181818182
 148 61.36363636363636
 83 63.40909090909091
 36 65.45454545454545
 25 67.5
 2 69.54545454545455
 0 71.59090909090909
 0 73.63636363636364
 0 75.68181818181819
 0 77.72727272727272
 0 79.77272727272727
 0 81.81818181818181
 0 83.86363636363636
 0 85.90909090909091
 0 87.95454545454545
 0 90


