# Created by Octave 3.8.2, Mon Jun 22 15:11:45 2020 CEST <damian@fptrucha.inv.usc.es>
# name: hd
# type: matrix
# rows: 45
# columns: 2
 6 0
 2385 2.045454545454545
 5 4.090909090909091
 11 6.136363636363637
 2215 8.181818181818182
 297 10.22727272727273
 295 12.27272727272727
 775 14.31818181818182
 2552 16.36363636363636
 293 18.40909090909091
 784 20.45454545454545
 3729 22.5
 2085 24.54545454545455
 3942 26.59090909090909
 1370 28.63636363636364
 1432 30.68181818181818
 1366 32.72727272727273
 1757 34.77272727272727
 1145 36.81818181818182
 2211 38.86363636363636
 2251 40.90909090909091
 897 42.95454545454545
 861 45
 1483 47.04545454545455
 654 49.09090909090909
 580 51.13636363636363
 496 53.18181818181818
 332 55.22727272727273
 346 57.27272727272727
 156 59.31818181818182
 150 61.36363636363636
 74 63.40909090909091
 31 65.45454545454545
 14 67.5
 4 69.54545454545455
 0 71.59090909090909
 0 73.63636363636364
 0 75.68181818181819
 0 77.72727272727272
 0 79.77272727272727
 0 81.81818181818181
 0 83.86363636363636
 0 85.90909090909091
 0 87.95454545454545
 0 90


