# Created by Octave 3.8.2, Sat Jun 20 05:00:19 2020 CEST <damian@fptrucha.inv.usc.es>
# name: hd
# type: matrix
# rows: 45
# columns: 2
 6 0
 2611 2.045454545454545
 2 4.090909090909091
 8 6.136363636363637
 2621 8.181818181818182
 334 10.22727272727273
 282 12.27272727272727
 906 14.31818181818182
 2860 16.36363636363636
 326 18.40909090909091
 840 20.45454545454545
 3863 22.5
 2353 24.54545454545455
 4313 26.59090909090909
 1416 28.63636363636364
 1477 30.68181818181818
 1429 32.72727272727273
 1828 34.77272727272727
 1152 36.81818181818182
 2233 38.86363636363636
 2206 40.90909090909091
 838 42.95454545454545
 923 45
 1467 47.04545454545455
 613 49.09090909090909
 536 51.13636363636363
 464 53.18181818181818
 312 55.22727272727273
 314 57.27272727272727
 106 59.31818181818182
 86 61.36363636363636
 62 63.40909090909091
 22 65.45454545454545
 12 67.5
 1 69.54545454545455
 0 71.59090909090909
 0 73.63636363636364
 0 75.68181818181819
 0 77.72727272727272
 0 79.77272727272727
 0 81.81818181818181
 0 83.86363636363636
 0 85.90909090909091
 0 87.95454545454545
 0 90


