# Created by Octave 3.8.2, Sat Jun 20 20:52:03 2020 CEST <damian@fptrucha.inv.usc.es>
# name: hd
# type: matrix
# rows: 45
# columns: 2
 6 0
 2322 2.045454545454545
 3 4.090909090909091
 7 6.136363636363637
 2290 8.181818181818182
 336 10.22727272727273
 229 12.27272727272727
 788 14.31818181818182
 2576 16.36363636363636
 335 18.40909090909091
 786 20.45454545454545
 3525 22.5
 2116 24.54545454545455
 3941 26.59090909090909
 1278 28.63636363636364
 1300 30.68181818181818
 1282 32.72727272727273
 1607 34.77272727272727
 1096 36.81818181818182
 2160 38.86363636363636
 2024 40.90909090909091
 770 42.95454545454545
 760 45
 1245 47.04545454545455
 669 49.09090909090909
 530 51.13636363636363
 442 53.18181818181818
 266 55.22727272727273
 284 57.27272727272727
 107 59.31818181818182
 89 61.36363636363636
 77 63.40909090909091
 18 65.45454545454545
 14 67.5
 0 69.54545454545455
 0 71.59090909090909
 0 73.63636363636364
 0 75.68181818181819
 0 77.72727272727272
 0 79.77272727272727
 0 81.81818181818181
 0 83.86363636363636
 0 85.90909090909091
 0 87.95454545454545
 0 90


