# Created by Octave 3.8.2, Mon Jun 22 05:19:01 2020 CEST <damian@fptrucha.inv.usc.es>
# name: hd
# type: matrix
# rows: 45
# columns: 2
 10 0
 2100 2.045454545454545
 6 4.090909090909091
 14 6.136363636363637
 1970 8.181818181818182
 265 10.22727272727273
 240 12.27272727272727
 696 14.31818181818182
 2404 16.36363636363636
 269 18.40909090909091
 727 20.45454545454545
 3316 22.5
 1910 24.54545454545455
 3464 26.59090909090909
 1241 28.63636363636364
 1223 30.68181818181818
 1189 32.72727272727273
 1488 34.77272727272727
 959 36.81818181818182
 1975 38.86363636363636
 2012 40.90909090909091
 823 42.95454545454545
 781 45
 1385 47.04545454545455
 600 49.09090909090909
 562 51.13636363636363
 505 53.18181818181818
 332 55.22727272727273
 321 57.27272727272727
 147 59.31818181818182
 127 61.36363636363636
 95 63.40909090909091
 31 65.45454545454545
 20 67.5
 1 69.54545454545455
 0 71.59090909090909
 0 73.63636363636364
 0 75.68181818181819
 0 77.72727272727272
 0 79.77272727272727
 0 81.81818181818181
 0 83.86363636363636
 0 85.90909090909091
 0 87.95454545454545
 0 90


