# Created by Octave 3.8.2, Sun Jun 21 06:05:22 2020 CEST <damian@fptrucha.inv.usc.es>
# name: hd
# type: matrix
# rows: 45
# columns: 2
 2 0
 2316 2.045454545454545
 0 4.090909090909091
 9 6.136363636363637
 2228 8.181818181818182
 318 10.22727272727273
 215 12.27272727272727
 808 14.31818181818182
 2617 16.36363636363636
 322 18.40909090909091
 797 20.45454545454545
 3485 22.5
 2049 24.54545454545455
 3989 26.59090909090909
 1335 28.63636363636364
 1329 30.68181818181818
 1308 32.72727272727273
 1698 34.77272727272727
 1116 36.81818181818182
 2054 38.86363636363636
 1921 40.90909090909091
 744 42.95454545454545
 760 45
 1308 47.04545454545455
 605 49.09090909090909
 496 51.13636363636363
 456 53.18181818181818
 288 55.22727272727273
 290 57.27272727272727
 105 59.31818181818182
 89 61.36363636363636
 47 63.40909090909091
 17 65.45454545454545
 12 67.5
 1 69.54545454545455
 0 71.59090909090909
 0 73.63636363636364
 0 75.68181818181819
 0 77.72727272727272
 0 79.77272727272727
 0 81.81818181818181
 0 83.86363636363636
 0 85.90909090909091
 0 87.95454545454545
 0 90


