# Created by Octave 3.8.2, Sat Jun 20 23:33:54 2020 CEST <damian@fptrucha.inv.usc.es>
# name: hd
# type: matrix
# rows: 45
# columns: 2
 3 0
 2309 2.045454545454545
 1 4.090909090909091
 12 6.136363636363637
 2280 8.181818181818182
 324 10.22727272727273
 230 12.27272727272727
 798 14.31818181818182
 2569 16.36363636363636
 336 18.40909090909091
 785 20.45454545454545
 3540 22.5
 2054 24.54545454545455
 3886 26.59090909090909
 1293 28.63636363636364
 1300 30.68181818181818
 1329 32.72727272727273
 1631 34.77272727272727
 1045 36.81818181818182
 2035 38.86363636363636
 2029 40.90909090909091
 726 42.95454545454545
 794 45
 1295 47.04545454545455
 641 49.09090909090909
 474 51.13636363636363
 437 53.18181818181818
 310 55.22727272727273
 285 57.27272727272727
 103 59.31818181818182
 102 61.36363636363636
 66 63.40909090909091
 25 65.45454545454545
 9 67.5
 2 69.54545454545455
 0 71.59090909090909
 0 73.63636363636364
 0 75.68181818181819
 0 77.72727272727272
 0 79.77272727272727
 0 81.81818181818181
 0 83.86363636363636
 0 85.90909090909091
 0 87.95454545454545
 0 90


