# Created by Octave 3.8.2, Sat Jun 20 22:58:40 2020 CEST <damian@fptrucha.inv.usc.es>
# name: hd
# type: matrix
# rows: 45
# columns: 2
 3 0
 1573 2.045454545454545
 0 4.090909090909091
 3 6.136363636363637
 1470 8.181818181818182
 193 10.22727272727273
 175 12.27272727272727
 522 14.31818181818182
 1640 16.36363636363636
 236 18.40909090909091
 501 20.45454545454545
 2355 22.5
 1376 24.54545454545455
 2557 26.59090909090909
 856 28.63636363636364
 870 30.68181818181818
 895 32.72727272727273
 1077 34.77272727272727
 741 36.81818181818182
 1320 38.86363636363636
 1342 40.90909090909091
 531 42.95454545454545
 458 45
 851 47.04545454545455
 387 49.09090909090909
 333 51.13636363636363
 292 53.18181818181818
 190 55.22727272727273
 170 57.27272727272727
 84 59.31818181818182
 59 61.36363636363636
 34 63.40909090909091
 11 65.45454545454545
 9 67.5
 1 69.54545454545455
 0 71.59090909090909
 0 73.63636363636364
 0 75.68181818181819
 0 77.72727272727272
 0 79.77272727272727
 0 81.81818181818181
 0 83.86363636363636
 0 85.90909090909091
 0 87.95454545454545
 0 90


