# Created by Octave 3.8.2, Sun Jun 21 07:45:48 2020 CEST <damian@fptrucha.inv.usc.es>
# name: hd
# type: matrix
# rows: 45
# columns: 2
 3 0
 2333 2.045454545454545
 1 4.090909090909091
 3 6.136363636363637
 2332 8.181818181818182
 328 10.22727272727273
 242 12.27272727272727
 760 14.31818181818182
 2752 16.36363636363636
 314 18.40909090909091
 829 20.45454545454545
 3694 22.5
 2176 24.54545454545455
 4008 26.59090909090909
 1388 28.63636363636364
 1301 30.68181818181818
 1389 32.72727272727273
 1672 34.77272727272727
 1121 36.81818181818182
 2093 38.86363636363636
 2094 40.90909090909091
 800 42.95454545454545
 788 45
 1395 47.04545454545455
 584 49.09090909090909
 520 51.13636363636363
 424 53.18181818181818
 258 55.22727272727273
 280 57.27272727272727
 99 59.31818181818182
 104 61.36363636363636
 72 63.40909090909091
 15 65.45454545454545
 6 67.5
 1 69.54545454545455
 0 71.59090909090909
 0 73.63636363636364
 0 75.68181818181819
 0 77.72727272727272
 0 79.77272727272727
 0 81.81818181818181
 0 83.86363636363636
 0 85.90909090909091
 0 87.95454545454545
 0 90


