# Created by Octave 3.8.2, Sat Jun 20 03:38:27 2020 CEST <damian@fptrucha.inv.usc.es>
# name: hd
# type: matrix
# rows: 45
# columns: 2
 4 0
 2688 2.045454545454545
 4 4.090909090909091
 6 6.136363636363637
 2570 8.181818181818182
 323 10.22727272727273
 283 12.27272727272727
 963 14.31818181818182
 2919 16.36363636363636
 336 18.40909090909091
 881 20.45454545454545
 3774 22.5
 2296 24.54545454545455
 4266 26.59090909090909
 1410 28.63636363636364
 1373 30.68181818181818
 1420 32.72727272727273
 1834 34.77272727272727
 1182 36.81818181818182
 2180 38.86363636363636
 2118 40.90909090909091
 889 42.95454545454545
 883 45
 1389 47.04545454545455
 664 49.09090909090909
 507 51.13636363636363
 437 53.18181818181818
 314 55.22727272727273
 253 57.27272727272727
 112 59.31818181818182
 102 61.36363636363636
 62 63.40909090909091
 22 65.45454545454545
 10 67.5
 1 69.54545454545455
 2 71.59090909090909
 0 73.63636363636364
 0 75.68181818181819
 0 77.72727272727272
 0 79.77272727272727
 0 81.81818181818181
 0 83.86363636363636
 0 85.90909090909091
 0 87.95454545454545
 0 90


