# Created by Octave 3.8.2, Mon Jun 22 18:03:02 2020 CEST <damian@fptrucha.inv.usc.es>
# name: hd
# type: matrix
# rows: 45
# columns: 2
 7 0
 2400 2.045454545454545
 3 4.090909090909091
 8 6.136363636363637
 2254 8.181818181818182
 280 10.22727272727273
 240 12.27272727272727
 764 14.31818181818182
 2648 16.36363636363636
 303 18.40909090909091
 845 20.45454545454545
 3828 22.5
 2139 24.54545454545455
 3980 26.59090909090909
 1420 28.63636363636364
 1329 30.68181818181818
 1350 32.72727272727273
 1687 34.77272727272727
 1105 36.81818181818182
 2201 38.86363636363636
 2147 40.90909090909091
 832 42.95454545454545
 857 45
 1471 47.04545454545455
 708 49.09090909090909
 624 51.13636363636363
 487 53.18181818181818
 378 55.22727272727273
 331 57.27272727272727
 131 59.31818181818182
 123 61.36363636363636
 79 63.40909090909091
 23 65.45454545454545
 18 67.5
 6 69.54545454545455
 0 71.59090909090909
 0 73.63636363636364
 0 75.68181818181819
 0 77.72727272727272
 0 79.77272727272727
 0 81.81818181818181
 0 83.86363636363636
 0 85.90909090909091
 0 87.95454545454545
 0 90


