# Created by Octave 3.8.2, Sat Jun 20 07:57:41 2020 CEST <damian@fptrucha.inv.usc.es>
# name: hd
# type: matrix
# rows: 45
# columns: 2
 5 0
 2666 2.045454545454545
 1 4.090909090909091
 11 6.136363636363637
 2638 8.181818181818182
 341 10.22727272727273
 268 12.27272727272727
 922 14.31818181818182
 2970 16.36363636363636
 350 18.40909090909091
 933 20.45454545454545
 4165 22.5
 2437 24.54545454545455
 4443 26.59090909090909
 1504 28.63636363636364
 1479 30.68181818181818
 1527 32.72727272727273
 1914 34.77272727272727
 1169 36.81818181818182
 2453 38.86363636363636
 2319 40.90909090909091
 829 42.95454545454545
 884 45
 1557 47.04545454545455
 675 49.09090909090909
 562 51.13636363636363
 504 53.18181818181818
 361 55.22727272727273
 313 57.27272727272727
 132 59.31818181818182
 113 61.36363636363636
 80 63.40909090909091
 33 65.45454545454545
 11 67.5
 1 69.54545454545455
 0 71.59090909090909
 0 73.63636363636364
 0 75.68181818181819
 0 77.72727272727272
 0 79.77272727272727
 0 81.81818181818181
 0 83.86363636363636
 0 85.90909090909091
 0 87.95454545454545
 0 90


