# Created by Octave 3.8.2, Mon Jun 22 13:20:44 2020 CEST <damian@fptrucha.inv.usc.es>
# name: hd
# type: matrix
# rows: 45
# columns: 2
 10 0
 2334 2.045454545454545
 4 4.090909090909091
 9 6.136363636363637
 2272 8.181818181818182
 264 10.22727272727273
 261 12.27272727272727
 722 14.31818181818182
 2594 16.36363636363636
 321 18.40909090909091
 852 20.45454545454545
 3675 22.5
 2126 24.54545454545455
 3947 26.59090909090909
 1338 28.63636363636364
 1317 30.68181818181818
 1387 32.72727272727273
 1683 34.77272727272727
 1130 36.81818181818182
 2150 38.86363636363636
 2160 40.90909090909091
 863 42.95454545454545
 806 45
 1470 47.04545454545455
 593 49.09090909090909
 605 51.13636363636363
 505 53.18181818181818
 341 55.22727272727273
 354 57.27272727272727
 125 59.31818181818182
 123 61.36363636363636
 89 63.40909090909091
 29 65.45454545454545
 15 67.5
 3 69.54545454545455
 0 71.59090909090909
 0 73.63636363636364
 0 75.68181818181819
 0 77.72727272727272
 0 79.77272727272727
 0 81.81818181818181
 0 83.86363636363636
 0 85.90909090909091
 0 87.95454545454545
 0 90


