# Created by Octave 3.8.2, Sat Jun 20 11:17:57 2020 CEST <damian@fptrucha.inv.usc.es>
# name: hd
# type: matrix
# rows: 45
# columns: 2
 8 0
 2654 2.045454545454545
 2 4.090909090909091
 15 6.136363636363637
 2552 8.181818181818182
 367 10.22727272727273
 255 12.27272727272727
 844 14.31818181818182
 2899 16.36363636363636
 373 18.40909090909091
 841 20.45454545454545
 3839 22.5
 2338 24.54545454545455
 4361 26.59090909090909
 1387 28.63636363636364
 1420 30.68181818181818
 1503 32.72727272727273
 1876 34.77272727272727
 1248 36.81818181818182
 2364 38.86363636363636
 2304 40.90909090909091
 876 42.95454545454545
 875 45
 1565 47.04545454545455
 667 49.09090909090909
 560 51.13636363636363
 499 53.18181818181818
 353 55.22727272727273
 308 57.27272727272727
 136 59.31818181818182
 109 61.36363636363636
 67 63.40909090909091
 20 65.45454545454545
 13 67.5
 0 69.54545454545455
 0 71.59090909090909
 0 73.63636363636364
 0 75.68181818181819
 0 77.72727272727272
 0 79.77272727272727
 0 81.81818181818181
 0 83.86363636363636
 0 85.90909090909091
 0 87.95454545454545
 0 90


