# Created by Octave 3.8.2, Sat Jun 20 02:43:28 2020 CEST <damian@fptrucha.inv.usc.es>
# name: hd
# type: matrix
# rows: 45
# columns: 2
 7 0
 2554 2.045454545454545
 2 4.090909090909091
 10 6.136363636363637
 2632 8.181818181818182
 346 10.22727272727273
 255 12.27272727272727
 838 14.31818181818182
 2853 16.36363636363636
 343 18.40909090909091
 882 20.45454545454545
 3992 22.5
 2226 24.54545454545455
 4166 26.59090909090909
 1384 28.63636363636364
 1440 30.68181818181818
 1431 32.72727272727273
 1823 34.77272727272727
 1148 36.81818181818182
 2195 38.86363636363636
 2160 40.90909090909091
 857 42.95454545454545
 851 45
 1426 47.04545454545455
 629 49.09090909090909
 517 51.13636363636363
 489 53.18181818181818
 305 55.22727272727273
 260 57.27272727272727
 119 59.31818181818182
 125 61.36363636363636
 58 63.40909090909091
 15 65.45454545454545
 14 67.5
 1 69.54545454545455
 0 71.59090909090909
 0 73.63636363636364
 0 75.68181818181819
 0 77.72727272727272
 0 79.77272727272727
 0 81.81818181818181
 0 83.86363636363636
 0 85.90909090909091
 0 87.95454545454545
 0 90


