# Created by Octave 3.8.2, Sat Jun 20 22:24:27 2020 CEST <damian@fptrucha.inv.usc.es>
# name: hd
# type: matrix
# rows: 45
# columns: 2
 4 0
 2404 2.045454545454545
 5 4.090909090909091
 7 6.136363636363637
 2250 8.181818181818182
 337 10.22727272727273
 229 12.27272727272727
 790 14.31818181818182
 2632 16.36363636363636
 318 18.40909090909091
 732 20.45454545454545
 3506 22.5
 2108 24.54545454545455
 3701 26.59090909090909
 1291 28.63636363636364
 1281 30.68181818181818
 1292 32.72727272727273
 1642 34.77272727272727
 1073 36.81818181818182
 2066 38.86363636363636
 2020 40.90909090909091
 717 42.95454545454545
 784 45
 1356 47.04545454545455
 610 49.09090909090909
 481 51.13636363636363
 414 53.18181818181818
 303 55.22727272727273
 283 57.27272727272727
 104 59.31818181818182
 103 61.36363636363636
 57 63.40909090909091
 11 65.45454545454545
 5 67.5
 0 69.54545454545455
 1 71.59090909090909
 0 73.63636363636364
 0 75.68181818181819
 0 77.72727272727272
 0 79.77272727272727
 0 81.81818181818181
 0 83.86363636363636
 0 85.90909090909091
 0 87.95454545454545
 0 90


