# Created by Octave 3.8.2, Mon Jun 22 18:27:32 2020 CEST <damian@fptrucha.inv.usc.es>
# name: hd
# type: matrix
# rows: 45
# columns: 2
 10 0
 2420 2.045454545454545
 8 4.090909090909091
 7 6.136363636363637
 2276 8.181818181818182
 272 10.22727272727273
 297 12.27272727272727
 794 14.31818181818182
 2705 16.36363636363636
 286 18.40909090909091
 872 20.45454545454545
 3652 22.5
 2199 24.54545454545455
 4088 26.59090909090909
 1362 28.63636363636364
 1400 30.68181818181818
 1366 32.72727272727273
 1621 34.77272727272727
 1111 36.81818181818182
 2295 38.86363636363636
 2092 40.90909090909091
 873 42.95454545454545
 816 45
 1441 47.04545454545455
 687 49.09090909090909
 579 51.13636363636363
 488 53.18181818181818
 351 55.22727272727273
 369 57.27272727272727
 154 59.31818181818182
 161 61.36363636363636
 64 63.40909090909091
 22 65.45454545454545
 16 67.5
 1 69.54545454545455
 0 71.59090909090909
 0 73.63636363636364
 0 75.68181818181819
 0 77.72727272727272
 0 79.77272727272727
 0 81.81818181818181
 0 83.86363636363636
 0 85.90909090909091
 0 87.95454545454545
 0 90


