# Created by Octave 3.8.2, Mon Jun 22 09:19:16 2020 CEST <damian@fptrucha.inv.usc.es>
# name: hd
# type: matrix
# rows: 45
# columns: 2
 7 0
 2255 2.045454545454545
 7 4.090909090909091
 20 6.136363636363637
 2123 8.181818181818182
 230 10.22727272727273
 261 12.27272727272727
 752 14.31818181818182
 2551 16.36363636363636
 290 18.40909090909091
 763 20.45454545454545
 3526 22.5
 1983 24.54545454545455
 3790 26.59090909090909
 1308 28.63636363636364
 1268 30.68181818181818
 1290 32.72727272727273
 1627 34.77272727272727
 1034 36.81818181818182
 2095 38.86363636363636
 2034 40.90909090909091
 886 42.95454545454545
 820 45
 1322 47.04545454545455
 633 49.09090909090909
 599 51.13636363636363
 495 53.18181818181818
 345 55.22727272727273
 330 57.27272727272727
 163 59.31818181818182
 142 61.36363636363636
 87 63.40909090909091
 26 65.45454545454545
 26 67.5
 3 69.54545454545455
 0 71.59090909090909
 0 73.63636363636364
 0 75.68181818181819
 0 77.72727272727272
 0 79.77272727272727
 0 81.81818181818181
 0 83.86363636363636
 0 85.90909090909091
 0 87.95454545454545
 0 90


