# Created by Octave 3.8.2, Mon Jun 22 02:30:19 2020 CEST <damian@fptrucha.inv.usc.es>
# name: hd
# type: matrix
# rows: 45
# columns: 2
 4 0
 2194 2.045454545454545
 2 4.090909090909091
 17 6.136363636363637
 2006 8.181818181818182
 274 10.22727272727273
 198 12.27272727272727
 731 14.31818181818182
 2310 16.36363636363636
 258 18.40909090909091
 748 20.45454545454545
 3179 22.5
 1801 24.54545454545455
 3549 26.59090909090909
 1170 28.63636363636364
 1198 30.68181818181818
 1231 32.72727272727273
 1456 34.77272727272727
 941 36.81818181818182
 1930 38.86363636363636
 1958 40.90909090909091
 752 42.95454545454545
 754 45
 1264 47.04545454545455
 530 49.09090909090909
 549 51.13636363636363
 481 53.18181818181818
 347 55.22727272727273
 320 57.27272727272727
 131 59.31818181818182
 129 61.36363636363636
 85 63.40909090909091
 36 65.45454545454545
 16 67.5
 2 69.54545454545455
 0 71.59090909090909
 0 73.63636363636364
 0 75.68181818181819
 0 77.72727272727272
 0 79.77272727272727
 0 81.81818181818181
 0 83.86363636363636
 0 85.90909090909091
 0 87.95454545454545
 0 90


