# Created by Octave 3.8.2, Sat Jun 20 17:10:14 2020 CEST <damian@fptrucha.inv.usc.es>
# name: hd
# type: matrix
# rows: 45
# columns: 2
 3 0
 2506 2.045454545454545
 1 4.090909090909091
 4 6.136363636363637
 2429 8.181818181818182
 318 10.22727272727273
 245 12.27272727272727
 820 14.31818181818182
 2715 16.36363636363636
 298 18.40909090909091
 829 20.45454545454545
 3609 22.5
 2173 24.54545454545455
 3946 26.59090909090909
 1378 28.63636363636364
 1342 30.68181818181818
 1391 32.72727272727273
 1722 34.77272727272727
 1135 36.81818181818182
 2204 38.86363636363636
 2082 40.90909090909091
 788 42.95454545454545
 821 45
 1352 47.04545454545455
 638 49.09090909090909
 500 51.13636363636363
 458 53.18181818181818
 295 55.22727272727273
 295 57.27272727272727
 112 59.31818181818182
 96 61.36363636363636
 70 63.40909090909091
 26 65.45454545454545
 9 67.5
 3 69.54545454545455
 0 71.59090909090909
 0 73.63636363636364
 0 75.68181818181819
 0 77.72727272727272
 0 79.77272727272727
 0 81.81818181818181
 0 83.86363636363636
 0 85.90909090909091
 0 87.95454545454545
 0 90


