# Created by Octave 3.8.2, Sat Jun 20 14:34:52 2020 CEST <damian@fptrucha.inv.usc.es>
# name: hd
# type: matrix
# rows: 45
# columns: 2
 4 0
 2478 2.045454545454545
 2 4.090909090909091
 7 6.136363636363637
 2501 8.181818181818182
 376 10.22727272727273
 270 12.27272727272727
 795 14.31818181818182
 2711 16.36363636363636
 324 18.40909090909091
 833 20.45454545454545
 3786 22.5
 2153 24.54545454545455
 4055 26.59090909090909
 1376 28.63636363636364
 1389 30.68181818181818
 1343 32.72727272727273
 1746 34.77272727272727
 1126 36.81818181818182
 2259 38.86363636363636
 2201 40.90909090909091
 809 42.95454545454545
 799 45
 1421 47.04545454545455
 600 49.09090909090909
 553 51.13636363636363
 459 53.18181818181818
 333 55.22727272727273
 279 57.27272727272727
 154 59.31818181818182
 77 61.36363636363636
 59 63.40909090909091
 17 65.45454545454545
 10 67.5
 2 69.54545454545455
 0 71.59090909090909
 0 73.63636363636364
 0 75.68181818181819
 0 77.72727272727272
 0 79.77272727272727
 0 81.81818181818181
 0 83.86363636363636
 0 85.90909090909091
 0 87.95454545454545
 0 90


