# Created by Octave 3.8.2, Tue Jun 23 00:33:02 2020 CEST <damian@fptrucha.inv.usc.es>
# name: hd
# type: matrix
# rows: 45
# columns: 2
 11 0
 2537 2.045454545454545
 6 4.090909090909091
 10 6.136363636363637
 2305 8.181818181818182
 325 10.22727272727273
 275 12.27272727272727
 787 14.31818181818182
 2734 16.36363636363636
 313 18.40909090909091
 822 20.45454545454545
 3857 22.5
 2231 24.54545454545455
 4160 26.59090909090909
 1422 28.63636363636364
 1368 30.68181818181818
 1428 32.72727272727273
 1747 34.77272727272727
 1220 36.81818181818182
 2260 38.86363636363636
 2204 40.90909090909091
 892 42.95454545454545
 878 45
 1441 47.04545454545455
 664 49.09090909090909
 568 51.13636363636363
 524 53.18181818181818
 342 55.22727272727273
 337 57.27272727272727
 130 59.31818181818182
 123 61.36363636363636
 69 63.40909090909091
 38 65.45454545454545
 11 67.5
 0 69.54545454545455
 0 71.59090909090909
 0 73.63636363636364
 0 75.68181818181819
 0 77.72727272727272
 0 79.77272727272727
 0 81.81818181818181
 0 83.86363636363636
 0 85.90909090909091
 0 87.95454545454545
 0 90


