# Created by Octave 3.8.2, Sat Jun 20 16:41:57 2020 CEST <damian@fptrucha.inv.usc.es>
# name: hd
# type: matrix
# rows: 45
# columns: 2
 7 0
 2373 2.045454545454545
 3 4.090909090909091
 7 6.136363636363637
 2408 8.181818181818182
 320 10.22727272727273
 253 12.27272727272727
 852 14.31818181818182
 2688 16.36363636363636
 333 18.40909090909091
 773 20.45454545454545
 3598 22.5
 2127 24.54545454545455
 3922 26.59090909090909
 1369 28.63636363636364
 1383 30.68181818181818
 1326 32.72727272727273
 1678 34.77272727272727
 1139 36.81818181818182
 2157 38.86363636363636
 2113 40.90909090909091
 781 42.95454545454545
 837 45
 1390 47.04545454545455
 601 49.09090909090909
 488 51.13636363636363
 416 53.18181818181818
 308 55.22727272727273
 296 57.27272727272727
 106 59.31818181818182
 82 61.36363636363636
 70 63.40909090909091
 25 65.45454545454545
 16 67.5
 3 69.54545454545455
 0 71.59090909090909
 0 73.63636363636364
 0 75.68181818181819
 0 77.72727272727272
 0 79.77272727272727
 0 81.81818181818181
 0 83.86363636363636
 0 85.90909090909091
 0 87.95454545454545
 0 90


