# Created by Octave 3.8.2, Sun Jun 21 00:22:27 2020 CEST <damian@fptrucha.inv.usc.es>
# name: hd
# type: matrix
# rows: 45
# columns: 2
 1 0
 2315 2.045454545454545
 5 4.090909090909091
 5 6.136363636363637
 2294 8.181818181818182
 337 10.22727272727273
 227 12.27272727272727
 813 14.31818181818182
 2558 16.36363636363636
 330 18.40909090909091
 763 20.45454545454545
 3465 22.5
 2082 24.54545454545455
 3926 26.59090909090909
 1288 28.63636363636364
 1284 30.68181818181818
 1295 32.72727272727273
 1588 34.77272727272727
 1050 36.81818181818182
 2010 38.86363636363636
 1986 40.90909090909091
 770 42.95454545454545
 741 45
 1358 47.04545454545455
 595 49.09090909090909
 419 51.13636363636363
 423 53.18181818181818
 301 55.22727272727273
 282 57.27272727272727
 103 59.31818181818182
 99 61.36363636363636
 61 63.40909090909091
 12 65.45454545454545
 9 67.5
 1 69.54545454545455
 0 71.59090909090909
 0 73.63636363636364
 0 75.68181818181819
 0 77.72727272727272
 0 79.77272727272727
 0 81.81818181818181
 0 83.86363636363636
 0 85.90909090909091
 0 87.95454545454545
 0 90


