# Created by Octave 3.8.2, Mon Jun 22 18:32:06 2020 CEST <damian@fptrucha.inv.usc.es>
# name: hd
# type: matrix
# rows: 45
# columns: 2
 3 0
 2453 2.045454545454545
 4 4.090909090909091
 4 6.136363636363637
 2381 8.181818181818182
 302 10.22727272727273
 263 12.27272727272727
 791 14.31818181818182
 2598 16.36363636363636
 286 18.40909090909091
 857 20.45454545454545
 3764 22.5
 2162 24.54545454545455
 4017 26.59090909090909
 1293 28.63636363636364
 1422 30.68181818181818
 1350 32.72727272727273
 1728 34.77272727272727
 1161 36.81818181818182
 2197 38.86363636363636
 2201 40.90909090909091
 847 42.95454545454545
 815 45
 1440 47.04545454545455
 632 49.09090909090909
 584 51.13636363636363
 506 53.18181818181818
 365 55.22727272727273
 314 57.27272727272727
 161 59.31818181818182
 131 61.36363636363636
 73 63.40909090909091
 29 65.45454545454545
 15 67.5
 2 69.54545454545455
 0 71.59090909090909
 0 73.63636363636364
 0 75.68181818181819
 0 77.72727272727272
 0 79.77272727272727
 0 81.81818181818181
 0 83.86363636363636
 0 85.90909090909091
 0 87.95454545454545
 0 90


