# Created by Octave 3.8.2, Sat Jun 20 07:22:12 2020 CEST <damian@fptrucha.inv.usc.es>
# name: hd
# type: matrix
# rows: 45
# columns: 2
 6 0
 2664 2.045454545454545
 4 4.090909090909091
 9 6.136363636363637
 2587 8.181818181818182
 326 10.22727272727273
 289 12.27272727272727
 868 14.31818181818182
 2972 16.36363636363636
 352 18.40909090909091
 896 20.45454545454545
 4080 22.5
 2476 24.54545454545455
 4360 26.59090909090909
 1477 28.63636363636364
 1517 30.68181818181818
 1495 32.72727272727273
 1948 34.77272727272727
 1267 36.81818181818182
 2388 38.86363636363636
 2372 40.90909090909091
 892 42.95454545454545
 945 45
 1520 47.04545454545455
 665 49.09090909090909
 585 51.13636363636363
 513 53.18181818181818
 341 55.22727272727273
 322 57.27272727272727
 143 59.31818181818182
 124 61.36363636363636
 71 63.40909090909091
 21 65.45454545454545
 11 67.5
 1 69.54545454545455
 0 71.59090909090909
 0 73.63636363636364
 0 75.68181818181819
 0 77.72727272727272
 0 79.77272727272727
 0 81.81818181818181
 0 83.86363636363636
 0 85.90909090909091
 0 87.95454545454545
 0 90


