# Created by Octave 3.8.2, Sat Jun 20 15:19:41 2020 CEST <damian@fptrucha.inv.usc.es>
# name: hd
# type: matrix
# rows: 45
# columns: 2
 3 0
 2445 2.045454545454545
 3 4.090909090909091
 6 6.136363636363637
 2355 8.181818181818182
 340 10.22727272727273
 224 12.27272727272727
 863 14.31818181818182
 2722 16.36363636363636
 346 18.40909090909091
 804 20.45454545454545
 3692 22.5
 2119 24.54545454545455
 3952 26.59090909090909
 1333 28.63636363636364
 1355 30.68181818181818
 1365 32.72727272727273
 1746 34.77272727272727
 1134 36.81818181818182
 2106 38.86363636363636
 2160 40.90909090909091
 790 42.95454545454545
 796 45
 1430 47.04545454545455
 639 49.09090909090909
 464 51.13636363636363
 429 53.18181818181818
 282 55.22727272727273
 259 57.27272727272727
 140 59.31818181818182
 102 61.36363636363636
 73 63.40909090909091
 26 65.45454545454545
 7 67.5
 2 69.54545454545455
 0 71.59090909090909
 0 73.63636363636364
 0 75.68181818181819
 0 77.72727272727272
 0 79.77272727272727
 0 81.81818181818181
 0 83.86363636363636
 0 85.90909090909091
 0 87.95454545454545
 0 90


