# Created by Octave 3.8.2, Sat Jun 20 17:22:58 2020 CEST <damian@fptrucha.inv.usc.es>
# name: hd
# type: matrix
# rows: 45
# columns: 2
 5 0
 2433 2.045454545454545
 1 4.090909090909091
 2 6.136363636363637
 2369 8.181818181818182
 310 10.22727272727273
 218 12.27272727272727
 847 14.31818181818182
 2678 16.36363636363636
 331 18.40909090909091
 842 20.45454545454545
 3649 22.5
 2092 24.54545454545455
 3875 26.59090909090909
 1367 28.63636363636364
 1351 30.68181818181818
 1307 32.72727272727273
 1636 34.77272727272727
 1075 36.81818181818182
 2161 38.86363636363636
 2102 40.90909090909091
 795 42.95454545454545
 794 45
 1329 47.04545454545455
 604 49.09090909090909
 509 51.13636363636363
 399 53.18181818181818
 258 55.22727272727273
 261 57.27272727272727
 110 59.31818181818182
 95 61.36363636363636
 62 63.40909090909091
 19 65.45454545454545
 4 67.5
 0 69.54545454545455
 0 71.59090909090909
 0 73.63636363636364
 0 75.68181818181819
 0 77.72727272727272
 0 79.77272727272727
 0 81.81818181818181
 0 83.86363636363636
 0 85.90909090909091
 0 87.95454545454545
 0 90


