# Created by Octave 3.8.2, Sun Jun 21 01:39:59 2020 CEST <damian@fptrucha.inv.usc.es>
# name: hd
# type: matrix
# rows: 45
# columns: 2
 9 0
 2282 2.045454545454545
 0 4.090909090909091
 9 6.136363636363637
 2304 8.181818181818182
 285 10.22727272727273
 235 12.27272727272727
 766 14.31818181818182
 2516 16.36363636363636
 317 18.40909090909091
 743 20.45454545454545
 3585 22.5
 2078 24.54545454545455
 3798 26.59090909090909
 1292 28.63636363636364
 1262 30.68181818181818
 1276 32.72727272727273
 1622 34.77272727272727
 1013 36.81818181818182
 2067 38.86363636363636
 2037 40.90909090909091
 711 42.95454545454545
 719 45
 1329 47.04545454545455
 563 49.09090909090909
 478 51.13636363636363
 423 53.18181818181818
 278 55.22727272727273
 290 57.27272727272727
 108 59.31818181818182
 85 61.36363636363636
 50 63.40909090909091
 9 65.45454545454545
 13 67.5
 1 69.54545454545455
 0 71.59090909090909
 0 73.63636363636364
 0 75.68181818181819
 0 77.72727272727272
 0 79.77272727272727
 0 81.81818181818181
 0 83.86363636363636
 0 85.90909090909091
 0 87.95454545454545
 0 90


