# Created by Octave 3.8.2, Mon Jun 22 18:26:24 2020 CEST <damian@fptrucha.inv.usc.es>
# name: hd
# type: matrix
# rows: 45
# columns: 2
 4 0
 2371 2.045454545454545
 4 4.090909090909091
 13 6.136363636363637
 2321 8.181818181818182
 261 10.22727272727273
 251 12.27272727272727
 783 14.31818181818182
 2605 16.36363636363636
 323 18.40909090909091
 897 20.45454545454545
 3851 22.5
 2157 24.54545454545455
 4058 26.59090909090909
 1361 28.63636363636364
 1330 30.68181818181818
 1366 32.72727272727273
 1725 34.77272727272727
 1093 36.81818181818182
 2297 38.86363636363636
 2199 40.90909090909091
 870 42.95454545454545
 796 45
 1432 47.04545454545455
 645 49.09090909090909
 540 51.13636363636363
 518 53.18181818181818
 371 55.22727272727273
 313 57.27272727272727
 149 59.31818181818182
 122 61.36363636363636
 79 63.40909090909091
 23 65.45454545454545
 20 67.5
 3 69.54545454545455
 0 71.59090909090909
 0 73.63636363636364
 0 75.68181818181819
 0 77.72727272727272
 0 79.77272727272727
 0 81.81818181818181
 0 83.86363636363636
 0 85.90909090909091
 0 87.95454545454545
 0 90


