# Created by Octave 3.8.2, Sat Jun 20 06:33:27 2020 CEST <damian@fptrucha.inv.usc.es>
# name: hd
# type: matrix
# rows: 45
# columns: 2
 5 0
 2664 2.045454545454545
 2 4.090909090909091
 4 6.136363636363637
 2620 8.181818181818182
 306 10.22727272727273
 283 12.27272727272727
 871 14.31818181818182
 2892 16.36363636363636
 402 18.40909090909091
 925 20.45454545454545
 4076 22.5
 2418 24.54545454545455
 4343 26.59090909090909
 1390 28.63636363636364
 1434 30.68181818181818
 1470 32.72727272727273
 1949 34.77272727272727
 1234 36.81818181818182
 2375 38.86363636363636
 2293 40.90909090909091
 832 42.95454545454545
 878 45
 1436 47.04545454545455
 680 49.09090909090909
 599 51.13636363636363
 540 53.18181818181818
 304 55.22727272727273
 329 57.27272727272727
 119 59.31818181818182
 103 61.36363636363636
 90 63.40909090909091
 19 65.45454545454545
 16 67.5
 1 69.54545454545455
 0 71.59090909090909
 0 73.63636363636364
 0 75.68181818181819
 0 77.72727272727272
 0 79.77272727272727
 0 81.81818181818181
 0 83.86363636363636
 0 85.90909090909091
 0 87.95454545454545
 0 90


