# Created by Octave 3.8.2, Mon Jun 22 08:26:40 2020 CEST <damian@fptrucha.inv.usc.es>
# name: hd
# type: matrix
# rows: 45
# columns: 2
 6 0
 2249 2.045454545454545
 4 4.090909090909091
 9 6.136363636363637
 2173 8.181818181818182
 271 10.22727272727273
 236 12.27272727272727
 745 14.31818181818182
 2455 16.36363636363636
 276 18.40909090909091
 818 20.45454545454545
 3477 22.5
 1996 24.54545454545455
 3808 26.59090909090909
 1300 28.63636363636364
 1236 30.68181818181818
 1304 32.72727272727273
 1556 34.77272727272727
 1064 36.81818181818182
 2134 38.86363636363636
 2072 40.90909090909091
 823 42.95454545454545
 821 45
 1278 47.04545454545455
 596 49.09090909090909
 522 51.13636363636363
 488 53.18181818181818
 325 55.22727272727273
 323 57.27272727272727
 150 59.31818181818182
 150 61.36363636363636
 86 63.40909090909091
 21 65.45454545454545
 17 67.5
 4 69.54545454545455
 0 71.59090909090909
 0 73.63636363636364
 0 75.68181818181819
 0 77.72727272727272
 0 79.77272727272727
 0 81.81818181818181
 0 83.86363636363636
 0 85.90909090909091
 0 87.95454545454545
 0 90


