# Created by Octave 3.8.2, Sat Jun 20 03:39:48 2020 CEST <damian@fptrucha.inv.usc.es>
# name: hd
# type: matrix
# rows: 45
# columns: 2
 1 0
 2617 2.045454545454545
 1 4.090909090909091
 3 6.136363636363637
 2606 8.181818181818182
 350 10.22727272727273
 262 12.27272727272727
 885 14.31818181818182
 2798 16.36363636363636
 356 18.40909090909091
 814 20.45454545454545
 3886 22.5
 2209 24.54545454545455
 4141 26.59090909090909
 1484 28.63636363636364
 1373 30.68181818181818
 1401 32.72727272727273
 1791 34.77272727272727
 1171 36.81818181818182
 2269 38.86363636363636
 2059 40.90909090909091
 805 42.95454545454545
 837 45
 1463 47.04545454545455
 647 49.09090909090909
 515 51.13636363636363
 466 53.18181818181818
 311 55.22727272727273
 285 57.27272727272727
 87 59.31818181818182
 95 61.36363636363636
 66 63.40909090909091
 25 65.45454545454545
 9 67.5
 0 69.54545454545455
 0 71.59090909090909
 0 73.63636363636364
 0 75.68181818181819
 0 77.72727272727272
 0 79.77272727272727
 0 81.81818181818181
 0 83.86363636363636
 0 85.90909090909091
 0 87.95454545454545
 0 90


