# Created by Octave 3.8.2, Mon Jun 22 06:22:31 2020 CEST <damian@fptrucha.inv.usc.es>
# name: hd
# type: matrix
# rows: 45
# columns: 2
 3 0
 1418 2.045454545454545
 4 4.090909090909091
 8 6.136363636363637
 1435 8.181818181818182
 152 10.22727272727273
 165 12.27272727272727
 456 14.31818181818182
 1574 16.36363636363636
 188 18.40909090909091
 524 20.45454545454545
 2272 22.5
 1266 24.54545454545455
 2347 26.59090909090909
 835 28.63636363636364
 831 30.68181818181818
 771 32.72727272727273
 1011 34.77272727272727
 712 36.81818181818182
 1375 38.86363636363636
 1320 40.90909090909091
 560 42.95454545454545
 520 45
 885 47.04545454545455
 410 49.09090909090909
 384 51.13636363636363
 331 53.18181818181818
 230 55.22727272727273
 193 57.27272727272727
 100 59.31818181818182
 106 61.36363636363636
 53 63.40909090909091
 21 65.45454545454545
 9 67.5
 3 69.54545454545455
 1 71.59090909090909
 0 73.63636363636364
 0 75.68181818181819
 0 77.72727272727272
 0 79.77272727272727
 0 81.81818181818181
 0 83.86363636363636
 0 85.90909090909091
 0 87.95454545454545
 0 90


