# Created by Octave 3.8.2, Mon Jun 22 21:32:44 2020 CEST <damian@fptrucha.inv.usc.es>
# name: hd
# type: matrix
# rows: 45
# columns: 2
 5 0
 2446 2.045454545454545
 1 4.090909090909091
 9 6.136363636363637
 2322 8.181818181818182
 300 10.22727272727273
 269 12.27272727272727
 808 14.31818181818182
 2702 16.36363636363636
 322 18.40909090909091
 855 20.45454545454545
 3770 22.5
 2186 24.54545454545455
 3997 26.59090909090909
 1415 28.63636363636364
 1409 30.68181818181818
 1343 32.72727272727273
 1777 34.77272727272727
 1144 36.81818181818182
 2225 38.86363636363636
 2303 40.90909090909091
 902 42.95454545454545
 879 45
 1478 47.04545454545455
 647 49.09090909090909
 579 51.13636363636363
 543 53.18181818181818
 347 55.22727272727273
 334 57.27272727272727
 142 59.31818181818182
 129 61.36363636363636
 82 63.40909090909091
 19 65.45454545454545
 15 67.5
 2 69.54545454545455
 0 71.59090909090909
 0 73.63636363636364
 0 75.68181818181819
 0 77.72727272727272
 0 79.77272727272727
 0 81.81818181818181
 0 83.86363636363636
 0 85.90909090909091
 0 87.95454545454545
 0 90


