# Created by Octave 3.8.2, Tue Jun 23 00:11:08 2020 CEST <damian@fptrucha.inv.usc.es>
# name: hd
# type: matrix
# rows: 45
# columns: 2
 5 0
 2511 2.045454545454545
 4 4.090909090909091
 10 6.136363636363637
 2378 8.181818181818182
 285 10.22727272727273
 316 12.27272727272727
 865 14.31818181818182
 2764 16.36363636363636
 310 18.40909090909091
 826 20.45454545454545
 3911 22.5
 2147 24.54545454545455
 4227 26.59090909090909
 1392 28.63636363636364
 1418 30.68181818181818
 1412 32.72727272727273
 1766 34.77272727272727
 1152 36.81818181818182
 2291 38.86363636363636
 2297 40.90909090909091
 869 42.95454545454545
 818 45
 1551 47.04545454545455
 647 49.09090909090909
 551 51.13636363636363
 485 53.18181818181818
 348 55.22727272727273
 348 57.27272727272727
 150 59.31818181818182
 137 61.36363636363636
 78 63.40909090909091
 21 65.45454545454545
 15 67.5
 3 69.54545454545455
 1 71.59090909090909
 0 73.63636363636364
 0 75.68181818181819
 0 77.72727272727272
 0 79.77272727272727
 0 81.81818181818181
 0 83.86363636363636
 0 85.90909090909091
 0 87.95454545454545
 0 90


