# Created by Octave 3.8.2, Sat Jun 20 07:33:11 2020 CEST <damian@fptrucha.inv.usc.es>
# name: hd
# type: matrix
# rows: 45
# columns: 2
 6 0
 2644 2.045454545454545
 3 4.090909090909091
 7 6.136363636363637
 2693 8.181818181818182
 340 10.22727272727273
 282 12.27272727272727
 850 14.31818181818182
 2909 16.36363636363636
 371 18.40909090909091
 877 20.45454545454545
 3985 22.5
 2331 24.54545454545455
 4379 26.59090909090909
 1466 28.63636363636364
 1489 30.68181818181818
 1485 32.72727272727273
 1942 34.77272727272727
 1248 36.81818181818182
 2374 38.86363636363636
 2348 40.90909090909091
 914 42.95454545454545
 875 45
 1554 47.04545454545455
 676 49.09090909090909
 587 51.13636363636363
 458 53.18181818181818
 322 55.22727272727273
 288 57.27272727272727
 126 59.31818181818182
 124 61.36363636363636
 63 63.40909090909091
 24 65.45454545454545
 11 67.5
 1 69.54545454545455
 0 71.59090909090909
 0 73.63636363636364
 0 75.68181818181819
 0 77.72727272727272
 0 79.77272727272727
 0 81.81818181818181
 0 83.86363636363636
 0 85.90909090909091
 0 87.95454545454545
 0 90


