# Created by Octave 3.8.2, Sat Jun 20 07:17:52 2020 CEST <damian@fptrucha.inv.usc.es>
# name: hd
# type: matrix
# rows: 45
# columns: 2
 3 0
 2629 2.045454545454545
 0 4.090909090909091
 9 6.136363636363637
 2554 8.181818181818182
 334 10.22727272727273
 279 12.27272727272727
 925 14.31818181818182
 2881 16.36363636363636
 333 18.40909090909091
 889 20.45454545454545
 4061 22.5
 2313 24.54545454545455
 4324 26.59090909090909
 1549 28.63636363636364
 1527 30.68181818181818
 1448 32.72727272727273
 1935 34.77272727272727
 1149 36.81818181818182
 2407 38.86363636363636
 2315 40.90909090909091
 905 42.95454545454545
 917 45
 1572 47.04545454545455
 643 49.09090909090909
 566 51.13636363636363
 466 53.18181818181818
 334 55.22727272727273
 341 57.27272727272727
 125 59.31818181818182
 98 61.36363636363636
 77 63.40909090909091
 23 65.45454545454545
 16 67.5
 5 69.54545454545455
 0 71.59090909090909
 0 73.63636363636364
 0 75.68181818181819
 0 77.72727272727272
 0 79.77272727272727
 0 81.81818181818181
 0 83.86363636363636
 0 85.90909090909091
 0 87.95454545454545
 0 90


