# Created by Octave 3.8.2, Sun Jun 21 05:14:07 2020 CEST <damian@fptrucha.inv.usc.es>
# name: hd
# type: matrix
# rows: 45
# columns: 2
 1 0
 2300 2.045454545454545
 4 4.090909090909091
 7 6.136363636363637
 2267 8.181818181818182
 351 10.22727272727273
 227 12.27272727272727
 779 14.31818181818182
 2612 16.36363636363636
 308 18.40909090909091
 766 20.45454545454545
 3555 22.5
 2063 24.54545454545455
 3924 26.59090909090909
 1284 28.63636363636364
 1316 30.68181818181818
 1256 32.72727272727273
 1618 34.77272727272727
 1072 36.81818181818182
 2176 38.86363636363636
 2038 40.90909090909091
 760 42.95454545454545
 745 45
 1241 47.04545454545455
 587 49.09090909090909
 527 51.13636363636363
 423 53.18181818181818
 300 55.22727272727273
 292 57.27272727272727
 130 59.31818181818182
 85 61.36363636363636
 63 63.40909090909091
 16 65.45454545454545
 10 67.5
 0 69.54545454545455
 0 71.59090909090909
 0 73.63636363636364
 0 75.68181818181819
 0 77.72727272727272
 0 79.77272727272727
 0 81.81818181818181
 0 83.86363636363636
 0 85.90909090909091
 0 87.95454545454545
 0 90


