# Created by Octave 3.8.2, Sat Jun 20 14:06:51 2020 CEST <damian@fptrucha.inv.usc.es>
# name: hd
# type: matrix
# rows: 45
# columns: 2
 4 0
 1753 2.045454545454545
 4 4.090909090909091
 7 6.136363636363637
 1625 8.181818181818182
 245 10.22727272727273
 150 12.27272727272727
 606 14.31818181818182
 1827 16.36363636363636
 232 18.40909090909091
 560 20.45454545454545
 2558 22.5
 1556 24.54545454545455
 2741 26.59090909090909
 912 28.63636363636364
 973 30.68181818181818
 945 32.72727272727273
 1197 34.77272727272727
 773 36.81818181818182
 1488 38.86363636363636
 1509 40.90909090909091
 522 42.95454545454545
 564 45
 941 47.04545454545455
 464 49.09090909090909
 337 51.13636363636363
 278 53.18181818181818
 211 55.22727272727273
 184 57.27272727272727
 90 59.31818181818182
 78 61.36363636363636
 49 63.40909090909091
 14 65.45454545454545
 7 67.5
 0 69.54545454545455
 0 71.59090909090909
 0 73.63636363636364
 0 75.68181818181819
 0 77.72727272727272
 0 79.77272727272727
 0 81.81818181818181
 0 83.86363636363636
 0 85.90909090909091
 0 87.95454545454545
 0 90


