# Created by Octave 3.8.2, Mon Jun 22 10:42:14 2020 CEST <damian@fptrucha.inv.usc.es>
# name: hd
# type: matrix
# rows: 45
# columns: 2
 8 0
 2361 2.045454545454545
 5 4.090909090909091
 15 6.136363636363637
 2184 8.181818181818182
 279 10.22727272727273
 224 12.27272727272727
 753 14.31818181818182
 2654 16.36363636363636
 296 18.40909090909091
 727 20.45454545454545
 3492 22.5
 2077 24.54545454545455
 3888 26.59090909090909
 1319 28.63636363636364
 1279 30.68181818181818
 1343 32.72727272727273
 1579 34.77272727272727
 1048 36.81818181818182
 2168 38.86363636363636
 2196 40.90909090909091
 821 42.95454545454545
 770 45
 1405 47.04545454545455
 625 49.09090909090909
 577 51.13636363636363
 494 53.18181818181818
 352 55.22727272727273
 353 57.27272727272727
 150 59.31818181818182
 132 61.36363636363636
 80 63.40909090909091
 33 65.45454545454545
 15 67.5
 4 69.54545454545455
 0 71.59090909090909
 0 73.63636363636364
 0 75.68181818181819
 0 77.72727272727272
 0 79.77272727272727
 0 81.81818181818181
 0 83.86363636363636
 0 85.90909090909091
 0 87.95454545454545
 0 90


