# Created by Octave 3.8.2, Sat Jun 20 12:48:06 2020 CEST <damian@fptrucha.inv.usc.es>
# name: hd
# type: matrix
# rows: 45
# columns: 2
 1 0
 2678 2.045454545454545
 3 4.090909090909091
 8 6.136363636363637
 2476 8.181818181818182
 352 10.22727272727273
 275 12.27272727272727
 884 14.31818181818182
 2812 16.36363636363636
 364 18.40909090909091
 906 20.45454545454545
 3870 22.5
 2282 24.54545454545455
 4198 26.59090909090909
 1438 28.63636363636364
 1391 30.68181818181818
 1434 32.72727272727273
 1806 34.77272727272727
 1175 36.81818181818182
 2222 38.86363636363636
 2184 40.90909090909091
 900 42.95454545454545
 891 45
 1473 47.04545454545455
 652 49.09090909090909
 549 51.13636363636363
 471 53.18181818181818
 319 55.22727272727273
 294 57.27272727272727
 136 59.31818181818182
 114 61.36363636363636
 65 63.40909090909091
 22 65.45454545454545
 12 67.5
 2 69.54545454545455
 0 71.59090909090909
 0 73.63636363636364
 0 75.68181818181819
 0 77.72727272727272
 0 79.77272727272727
 0 81.81818181818181
 0 83.86363636363636
 0 85.90909090909091
 0 87.95454545454545
 0 90


