# Created by Octave 3.8.2, Sun Jun 21 06:49:52 2020 CEST <damian@fptrucha.inv.usc.es>
# name: hd
# type: matrix
# rows: 45
# columns: 2
 2 0
 2313 2.045454545454545
 2 4.090909090909091
 7 6.136363636363637
 2384 8.181818181818182
 302 10.22727272727273
 228 12.27272727272727
 768 14.31818181818182
 2538 16.36363636363636
 297 18.40909090909091
 805 20.45454545454545
 3543 22.5
 2020 24.54545454545455
 3698 26.59090909090909
 1286 28.63636363636364
 1280 30.68181818181818
 1321 32.72727272727273
 1645 34.77272727272727
 1059 36.81818181818182
 1961 38.86363636363636
 1941 40.90909090909091
 753 42.95454545454545
 764 45
 1261 47.04545454545455
 560 49.09090909090909
 494 51.13636363636363
 377 53.18181818181818
 286 55.22727272727273
 268 57.27272727272727
 99 59.31818181818182
 96 61.36363636363636
 39 63.40909090909091
 12 65.45454545454545
 6 67.5
 0 69.54545454545455
 0 71.59090909090909
 0 73.63636363636364
 0 75.68181818181819
 0 77.72727272727272
 0 79.77272727272727
 0 81.81818181818181
 0 83.86363636363636
 0 85.90909090909091
 0 87.95454545454545
 0 90


