# Created by Octave 3.8.2, Mon Jun 22 22:56:43 2020 CEST <damian@fptrucha.inv.usc.es>
# name: hd
# type: matrix
# rows: 45
# columns: 2
 10 0
 2565 2.045454545454545
 3 4.090909090909091
 10 6.136363636363637
 2361 8.181818181818182
 314 10.22727272727273
 277 12.27272727272727
 887 14.31818181818182
 2784 16.36363636363636
 306 18.40909090909091
 878 20.45454545454545
 3805 22.5
 2235 24.54545454545455
 4006 26.59090909090909
 1419 28.63636363636364
 1472 30.68181818181818
 1441 32.72727272727273
 1830 34.77272727272727
 1137 36.81818181818182
 2203 38.86363636363636
 2336 40.90909090909091
 889 42.95454545454545
 825 45
 1485 47.04545454545455
 740 49.09090909090909
 667 51.13636363636363
 557 53.18181818181818
 383 55.22727272727273
 338 57.27272727272727
 149 59.31818181818182
 144 61.36363636363636
 100 63.40909090909091
 28 65.45454545454545
 18 67.5
 2 69.54545454545455
 0 71.59090909090909
 0 73.63636363636364
 0 75.68181818181819
 0 77.72727272727272
 0 79.77272727272727
 0 81.81818181818181
 0 83.86363636363636
 0 85.90909090909091
 0 87.95454545454545
 0 90


