# Created by Octave 3.8.2, Mon Jun 22 17:21:28 2020 CEST <damian@fptrucha.inv.usc.es>
# name: hd
# type: matrix
# rows: 45
# columns: 2
 14 0
 2439 2.045454545454545
 4 4.090909090909091
 9 6.136363636363637
 2213 8.181818181818182
 278 10.22727272727273
 252 12.27272727272727
 799 14.31818181818182
 2636 16.36363636363636
 344 18.40909090909091
 835 20.45454545454545
 3828 22.5
 2233 24.54545454545455
 3932 26.59090909090909
 1318 28.63636363636364
 1320 30.68181818181818
 1339 32.72727272727273
 1671 34.77272727272727
 1134 36.81818181818182
 2171 38.86363636363636
 2219 40.90909090909091
 858 42.95454545454545
 830 45
 1490 47.04545454545455
 670 49.09090909090909
 611 51.13636363636363
 547 53.18181818181818
 361 55.22727272727273
 383 57.27272727272727
 161 59.31818181818182
 127 61.36363636363636
 91 63.40909090909091
 22 65.45454545454545
 19 67.5
 2 69.54545454545455
 0 71.59090909090909
 0 73.63636363636364
 0 75.68181818181819
 0 77.72727272727272
 0 79.77272727272727
 0 81.81818181818181
 0 83.86363636363636
 0 85.90909090909091
 0 87.95454545454545
 0 90


