# Created by Octave 3.8.2, Mon Jun 22 00:40:57 2020 CEST <damian@fptrucha.inv.usc.es>
# name: hd
# type: matrix
# rows: 45
# columns: 2
 6 0
 2380 2.045454545454545
 3 4.090909090909091
 9 6.136363636363637
 2369 8.181818181818182
 335 10.22727272727273
 212 12.27272727272727
 773 14.31818181818182
 2563 16.36363636363636
 327 18.40909090909091
 754 20.45454545454545
 3526 22.5
 2114 24.54545454545455
 3926 26.59090909090909
 1308 28.63636363636364
 1350 30.68181818181818
 1342 32.72727272727273
 1627 34.77272727272727
 1076 36.81818181818182
 2048 38.86363636363636
 1907 40.90909090909091
 778 42.95454545454545
 768 45
 1310 47.04545454545455
 586 49.09090909090909
 495 51.13636363636363
 403 53.18181818181818
 283 55.22727272727273
 262 57.27272727272727
 116 59.31818181818182
 90 61.36363636363636
 68 63.40909090909091
 15 65.45454545454545
 7 67.5
 4 69.54545454545455
 0 71.59090909090909
 0 73.63636363636364
 0 75.68181818181819
 0 77.72727272727272
 0 79.77272727272727
 0 81.81818181818181
 0 83.86363636363636
 0 85.90909090909091
 0 87.95454545454545
 0 90


