# Created by Octave 3.8.2, Sat Jun 20 12:10:33 2020 CEST <damian@fptrucha.inv.usc.es>
# name: hd
# type: matrix
# rows: 45
# columns: 2
 6 0
 2625 2.045454545454545
 2 4.090909090909091
 7 6.136363636363637
 2540 8.181818181818182
 379 10.22727272727273
 230 12.27272727272727
 815 14.31818181818182
 2845 16.36363636363636
 384 18.40909090909091
 838 20.45454545454545
 3879 22.5
 2353 24.54545454545455
 4289 26.59090909090909
 1432 28.63636363636364
 1418 30.68181818181818
 1450 32.72727272727273
 1840 34.77272727272727
 1164 36.81818181818182
 2305 38.86363636363636
 2283 40.90909090909091
 872 42.95454545454545
 918 45
 1425 47.04545454545455
 675 49.09090909090909
 572 51.13636363636363
 509 53.18181818181818
 361 55.22727272727273
 328 57.27272727272727
 123 59.31818181818182
 108 61.36363636363636
 74 63.40909090909091
 18 65.45454545454545
 11 67.5
 3 69.54545454545455
 0 71.59090909090909
 0 73.63636363636364
 0 75.68181818181819
 0 77.72727272727272
 0 79.77272727272727
 0 81.81818181818181
 0 83.86363636363636
 0 85.90909090909091
 0 87.95454545454545
 0 90


