# Created by Octave 3.8.2, Tue Jun 23 00:21:57 2020 CEST <damian@fptrucha.inv.usc.es>
# name: hd
# type: matrix
# rows: 45
# columns: 2
 5 0
 2507 2.045454545454545
 3 4.090909090909091
 9 6.136363636363637
 2498 8.181818181818182
 300 10.22727272727273
 292 12.27272727272727
 849 14.31818181818182
 2720 16.36363636363636
 315 18.40909090909091
 879 20.45454545454545
 3898 22.5
 2263 24.54545454545455
 4176 26.59090909090909
 1416 28.63636363636364
 1417 30.68181818181818
 1416 32.72727272727273
 1820 34.77272727272727
 1176 36.81818181818182
 2263 38.86363636363636
 2210 40.90909090909091
 929 42.95454545454545
 897 45
 1497 47.04545454545455
 650 49.09090909090909
 586 51.13636363636363
 545 53.18181818181818
 347 55.22727272727273
 325 57.27272727272727
 134 59.31818181818182
 143 61.36363636363636
 97 63.40909090909091
 27 65.45454545454545
 19 67.5
 2 69.54545454545455
 0 71.59090909090909
 0 73.63636363636364
 0 75.68181818181819
 0 77.72727272727272
 0 79.77272727272727
 0 81.81818181818181
 0 83.86363636363636
 0 85.90909090909091
 0 87.95454545454545
 0 90


