# Created by Octave 3.8.2, Sat Jun 20 11:19:21 2020 CEST <damian@fptrucha.inv.usc.es>
# name: hd
# type: matrix
# rows: 45
# columns: 2
 7 0
 2564 2.045454545454545
 4 4.090909090909091
 5 6.136363636363637
 2600 8.181818181818182
 349 10.22727272727273
 274 12.27272727272727
 869 14.31818181818182
 2847 16.36363636363636
 358 18.40909090909091
 819 20.45454545454545
 3899 22.5
 2367 24.54545454545455
 4457 26.59090909090909
 1413 28.63636363636364
 1392 30.68181818181818
 1432 32.72727272727273
 1832 34.77272727272727
 1185 36.81818181818182
 2362 38.86363636363636
 2210 40.90909090909091
 884 42.95454545454545
 888 45
 1457 47.04545454545455
 667 49.09090909090909
 574 51.13636363636363
 461 53.18181818181818
 343 55.22727272727273
 316 57.27272727272727
 125 59.31818181818182
 107 61.36363636363636
 69 63.40909090909091
 19 65.45454545454545
 13 67.5
 2 69.54545454545455
 0 71.59090909090909
 0 73.63636363636364
 0 75.68181818181819
 0 77.72727272727272
 0 79.77272727272727
 0 81.81818181818181
 0 83.86363636363636
 0 85.90909090909091
 0 87.95454545454545
 0 90


