# Created by Octave 3.8.2, Sun Jun 21 01:55:55 2020 CEST <damian@fptrucha.inv.usc.es>
# name: hd
# type: matrix
# rows: 45
# columns: 2
 0 0
 2383 2.045454545454545
 1 4.090909090909091
 8 6.136363636363637
 2213 8.181818181818182
 268 10.22727272727273
 232 12.27272727272727
 796 14.31818181818182
 2590 16.36363636363636
 322 18.40909090909091
 731 20.45454545454545
 3516 22.5
 2036 24.54545454545455
 3703 26.59090909090909
 1284 28.63636363636364
 1265 30.68181818181818
 1242 32.72727272727273
 1553 34.77272727272727
 1061 36.81818181818182
 2038 38.86363636363636
 1913 40.90909090909091
 700 42.95454545454545
 736 45
 1299 47.04545454545455
 595 49.09090909090909
 455 51.13636363636363
 381 53.18181818181818
 286 55.22727272727273
 227 57.27272727272727
 92 59.31818181818182
 83 61.36363636363636
 57 63.40909090909091
 18 65.45454545454545
 13 67.5
 1 69.54545454545455
 0 71.59090909090909
 0 73.63636363636364
 0 75.68181818181819
 0 77.72727272727272
 0 79.77272727272727
 0 81.81818181818181
 0 83.86363636363636
 0 85.90909090909091
 0 87.95454545454545
 0 90


