# Created by Octave 3.8.2, Sat Jun 20 08:29:45 2020 CEST <damian@fptrucha.inv.usc.es>
# name: hd
# type: matrix
# rows: 45
# columns: 2
 7 0
 2691 2.045454545454545
 1 4.090909090909091
 9 6.136363636363637
 2514 8.181818181818182
 363 10.22727272727273
 275 12.27272727272727
 881 14.31818181818182
 3026 16.36363636363636
 363 18.40909090909091
 859 20.45454545454545
 4149 22.5
 2391 24.54545454545455
 4623 26.59090909090909
 1516 28.63636363636364
 1530 30.68181818181818
 1546 32.72727272727273
 1903 34.77272727272727
 1248 36.81818181818182
 2441 38.86363636363636
 2373 40.90909090909091
 937 42.95454545454545
 897 45
 1623 47.04545454545455
 709 49.09090909090909
 582 51.13636363636363
 525 53.18181818181818
 368 55.22727272727273
 366 57.27272727272727
 151 59.31818181818182
 132 61.36363636363636
 82 63.40909090909091
 21 65.45454545454545
 17 67.5
 0 69.54545454545455
 0 71.59090909090909
 0 73.63636363636364
 0 75.68181818181819
 0 77.72727272727272
 0 79.77272727272727
 0 81.81818181818181
 0 83.86363636363636
 0 85.90909090909091
 0 87.95454545454545
 0 90


