# Created by Octave 3.8.2, Mon Jun 22 11:08:14 2020 CEST <damian@fptrucha.inv.usc.es>
# name: hd
# type: matrix
# rows: 45
# columns: 2
 2 0
 2351 2.045454545454545
 3 4.090909090909091
 11 6.136363636363637
 2249 8.181818181818182
 286 10.22727272727273
 251 12.27272727272727
 761 14.31818181818182
 2460 16.36363636363636
 277 18.40909090909091
 783 20.45454545454545
 3651 22.5
 2114 24.54545454545455
 3907 26.59090909090909
 1308 28.63636363636364
 1315 30.68181818181818
 1327 32.72727272727273
 1622 34.77272727272727
 1077 36.81818181818182
 2114 38.86363636363636
 2120 40.90909090909091
 861 42.95454545454545
 859 45
 1320 47.04545454545455
 652 49.09090909090909
 566 51.13636363636363
 486 53.18181818181818
 337 55.22727272727273
 310 57.27272727272727
 143 59.31818181818182
 142 61.36363636363636
 91 63.40909090909091
 30 65.45454545454545
 14 67.5
 1 69.54545454545455
 1 71.59090909090909
 0 73.63636363636364
 0 75.68181818181819
 0 77.72727272727272
 0 79.77272727272727
 0 81.81818181818181
 0 83.86363636363636
 0 85.90909090909091
 0 87.95454545454545
 0 90


