# Created by Octave 3.8.2, Mon Jun 22 04:29:57 2020 CEST <damian@fptrucha.inv.usc.es>
# name: hd
# type: matrix
# rows: 45
# columns: 2
 6 0
 2111 2.045454545454545
 5 4.090909090909091
 6 6.136363636363637
 1957 8.181818181818182
 281 10.22727272727273
 214 12.27272727272727
 670 14.31818181818182
 2242 16.36363636363636
 275 18.40909090909091
 714 20.45454545454545
 3159 22.5
 1844 24.54545454545455
 3322 26.59090909090909
 1172 28.63636363636364
 1220 30.68181818181818
 1166 32.72727272727273
 1457 34.77272727272727
 958 36.81818181818182
 1920 38.86363636363636
 1978 40.90909090909091
 825 42.95454545454545
 808 45
 1330 47.04545454545455
 579 49.09090909090909
 537 51.13636363636363
 471 53.18181818181818
 372 55.22727272727273
 328 57.27272727272727
 171 59.31818181818182
 141 61.36363636363636
 85 63.40909090909091
 26 65.45454545454545
 21 67.5
 3 69.54545454545455
 1 71.59090909090909
 0 73.63636363636364
 0 75.68181818181819
 0 77.72727272727272
 0 79.77272727272727
 0 81.81818181818181
 0 83.86363636363636
 0 85.90909090909091
 0 87.95454545454545
 0 90


