# Created by Octave 3.8.2, Sun Jun 21 00:48:41 2020 CEST <damian@fptrucha.inv.usc.es>
# name: hd
# type: matrix
# rows: 45
# columns: 2
 1 0
 1539 2.045454545454545
 2 4.090909090909091
 2 6.136363636363637
 1507 8.181818181818182
 225 10.22727272727273
 163 12.27272727272727
 497 14.31818181818182
 1657 16.36363636363636
 236 18.40909090909091
 508 20.45454545454545
 2312 22.5
 1352 24.54545454545455
 2564 26.59090909090909
 940 28.63636363636364
 817 30.68181818181818
 811 32.72727272727273
 1037 34.77272727272727
 719 36.81818181818182
 1384 38.86363636363636
 1282 40.90909090909091
 509 42.95454545454545
 501 45
 868 47.04545454545455
 366 49.09090909090909
 307 51.13636363636363
 294 53.18181818181818
 186 55.22727272727273
 174 57.27272727272727
 68 59.31818181818182
 73 61.36363636363636
 44 63.40909090909091
 6 65.45454545454545
 6 67.5
 0 69.54545454545455
 0 71.59090909090909
 0 73.63636363636364
 0 75.68181818181819
 0 77.72727272727272
 0 79.77272727272727
 0 81.81818181818181
 0 83.86363636363636
 0 85.90909090909091
 0 87.95454545454545
 0 90


