# Created by Octave 3.8.2, Mon Jun 22 21:10:45 2020 CEST <damian@fptrucha.inv.usc.es>
# name: hd
# type: matrix
# rows: 45
# columns: 2
 6 0
 2532 2.045454545454545
 3 4.090909090909091
 13 6.136363636363637
 2343 8.181818181818182
 289 10.22727272727273
 297 12.27272727272727
 857 14.31818181818182
 2664 16.36363636363636
 332 18.40909090909091
 832 20.45454545454545
 3863 22.5
 2231 24.54545454545455
 4044 26.59090909090909
 1397 28.63636363636364
 1356 30.68181818181818
 1447 32.72727272727273
 1812 34.77272727272727
 1184 36.81818181818182
 2224 38.86363636363636
 2221 40.90909090909091
 905 42.95454545454545
 843 45
 1461 47.04545454545455
 682 49.09090909090909
 609 51.13636363636363
 530 53.18181818181818
 371 55.22727272727273
 336 57.27272727272727
 132 59.31818181818182
 151 61.36363636363636
 85 63.40909090909091
 26 65.45454545454545
 19 67.5
 0 69.54545454545455
 0 71.59090909090909
 0 73.63636363636364
 0 75.68181818181819
 0 77.72727272727272
 0 79.77272727272727
 0 81.81818181818181
 0 83.86363636363636
 0 85.90909090909091
 0 87.95454545454545
 0 90


