# Created by Octave 3.8.2, Sat Jun 20 03:15:25 2020 CEST <damian@fptrucha.inv.usc.es>
# name: hd
# type: matrix
# rows: 45
# columns: 2
 5 0
 2577 2.045454545454545
 1 4.090909090909091
 6 6.136363636363637
 2548 8.181818181818182
 374 10.22727272727273
 282 12.27272727272727
 871 14.31818181818182
 2919 16.36363636363636
 343 18.40909090909091
 782 20.45454545454545
 3971 22.5
 2321 24.54545454545455
 4168 26.59090909090909
 1422 28.63636363636364
 1477 30.68181818181818
 1413 32.72727272727273
 1856 34.77272727272727
 1170 36.81818181818182
 2283 38.86363636363636
 2222 40.90909090909091
 860 42.95454545454545
 883 45
 1371 47.04545454545455
 630 49.09090909090909
 444 51.13636363636363
 458 53.18181818181818
 306 55.22727272727273
 298 57.27272727272727
 105 59.31818181818182
 97 61.36363636363636
 42 63.40909090909091
 15 65.45454545454545
 11 67.5
 0 69.54545454545455
 0 71.59090909090909
 0 73.63636363636364
 0 75.68181818181819
 0 77.72727272727272
 0 79.77272727272727
 0 81.81818181818181
 0 83.86363636363636
 0 85.90909090909091
 0 87.95454545454545
 0 90


