# Created by Octave 3.8.2, Sun Jun 21 06:39:38 2020 CEST <damian@fptrucha.inv.usc.es>
# name: hd
# type: matrix
# rows: 45
# columns: 2
 1 0
 1641 2.045454545454545
 1 4.090909090909091
 1 6.136363636363637
 1477 8.181818181818182
 191 10.22727272727273
 151 12.27272727272727
 539 14.31818181818182
 1733 16.36363636363636
 203 18.40909090909091
 544 20.45454545454545
 2359 22.5
 1411 24.54545454545455
 2635 26.59090909090909
 871 28.63636363636364
 861 30.68181818181818
 846 32.72727272727273
 1127 34.77272727272727
 751 36.81818181818182
 1436 38.86363636363636
 1392 40.90909090909091
 536 42.95454545454545
 562 45
 886 47.04545454545455
 410 49.09090909090909
 368 51.13636363636363
 279 53.18181818181818
 187 55.22727272727273
 176 57.27272727272727
 86 59.31818181818182
 66 61.36363636363636
 51 63.40909090909091
 12 65.45454545454545
 8 67.5
 1 69.54545454545455
 0 71.59090909090909
 0 73.63636363636364
 0 75.68181818181819
 0 77.72727272727272
 0 79.77272727272727
 0 81.81818181818181
 0 83.86363636363636
 0 85.90909090909091
 0 87.95454545454545
 0 90


