# Created by Octave 3.8.2, Mon Jun 22 01:17:02 2020 CEST <damian@fptrucha.inv.usc.es>
# name: hd
# type: matrix
# rows: 45
# columns: 2
 2 0
 2333 2.045454545454545
 1 4.090909090909091
 8 6.136363636363637
 2385 8.181818181818182
 325 10.22727272727273
 226 12.27272727272727
 740 14.31818181818182
 2525 16.36363636363636
 303 18.40909090909091
 820 20.45454545454545
 3554 22.5
 2111 24.54545454545455
 3862 26.59090909090909
 1317 28.63636363636364
 1287 30.68181818181818
 1256 32.72727272727273
 1717 34.77272727272727
 1059 36.81818181818182
 2133 38.86363636363636
 1985 40.90909090909091
 773 42.95454545454545
 787 45
 1343 47.04545454545455
 589 49.09090909090909
 475 51.13636363636363
 415 53.18181818181818
 281 55.22727272727273
 258 57.27272727272727
 124 59.31818181818182
 85 61.36363636363636
 53 63.40909090909091
 19 65.45454545454545
 12 67.5
 2 69.54545454545455
 0 71.59090909090909
 0 73.63636363636364
 0 75.68181818181819
 0 77.72727272727272
 0 79.77272727272727
 0 81.81818181818181
 0 83.86363636363636
 0 85.90909090909091
 0 87.95454545454545
 0 90


