# Created by Octave 3.8.2, Mon Jun 22 03:12:35 2020 CEST <damian@fptrucha.inv.usc.es>
# name: hd
# type: matrix
# rows: 45
# columns: 2
 12 0
 2249 2.045454545454545
 2 4.090909090909091
 11 6.136363636363637
 2081 8.181818181818182
 252 10.22727272727273
 246 12.27272727272727
 701 14.31818181818182
 2265 16.36363636363636
 254 18.40909090909091
 686 20.45454545454545
 3322 22.5
 1932 24.54545454545455
 3654 26.59090909090909
 1241 28.63636363636364
 1180 30.68181818181818
 1243 32.72727272727273
 1523 34.77272727272727
 1050 36.81818181818182
 2026 38.86363636363636
 2025 40.90909090909091
 813 42.95454545454545
 720 45
 1243 47.04545454545455
 576 49.09090909090909
 537 51.13636363636363
 494 53.18181818181818
 317 55.22727272727273
 319 57.27272727272727
 138 59.31818181818182
 128 61.36363636363636
 75 63.40909090909091
 33 65.45454545454545
 25 67.5
 2 69.54545454545455
 0 71.59090909090909
 0 73.63636363636364
 0 75.68181818181819
 0 77.72727272727272
 0 79.77272727272727
 0 81.81818181818181
 0 83.86363636363636
 0 85.90909090909091
 0 87.95454545454545
 0 90


