# Created by Octave 3.8.2, Mon Jun 22 03:17:59 2020 CEST <damian@fptrucha.inv.usc.es>
# name: hd
# type: matrix
# rows: 45
# columns: 2
 4 0
 2110 2.045454545454545
 5 4.090909090909091
 12 6.136363636363637
 2021 8.181818181818182
 284 10.22727272727273
 248 12.27272727272727
 747 14.31818181818182
 2385 16.36363636363636
 248 18.40909090909091
 736 20.45454545454545
 3318 22.5
 1937 24.54545454545455
 3530 26.59090909090909
 1169 28.63636363636364
 1187 30.68181818181818
 1247 32.72727272727273
 1541 34.77272727272727
 983 36.81818181818182
 2064 38.86363636363636
 1998 40.90909090909091
 746 42.95454545454545
 751 45
 1314 47.04545454545455
 576 49.09090909090909
 532 51.13636363636363
 458 53.18181818181818
 353 55.22727272727273
 306 57.27272727272727
 153 59.31818181818182
 132 61.36363636363636
 58 63.40909090909091
 31 65.45454545454545
 20 67.5
 1 69.54545454545455
 0 71.59090909090909
 0 73.63636363636364
 0 75.68181818181819
 0 77.72727272727272
 0 79.77272727272727
 0 81.81818181818181
 0 83.86363636363636
 0 85.90909090909091
 0 87.95454545454545
 0 90


