# Created by Octave 3.8.2, Mon Jun 22 04:54:48 2020 CEST <damian@fptrucha.inv.usc.es>
# name: hd
# type: matrix
# rows: 45
# columns: 2
 11 0
 2052 2.045454545454545
 9 4.090909090909091
 10 6.136363636363637
 1922 8.181818181818182
 278 10.22727272727273
 191 12.27272727272727
 700 14.31818181818182
 2259 16.36363636363636
 291 18.40909090909091
 732 20.45454545454545
 3175 22.5
 1868 24.54545454545455
 3370 26.59090909090909
 1116 28.63636363636364
 1202 30.68181818181818
 1170 32.72727272727273
 1521 34.77272727272727
 990 36.81818181818182
 1976 38.86363636363636
 1942 40.90909090909091
 812 42.95454545454545
 758 45
 1325 47.04545454545455
 594 49.09090909090909
 552 51.13636363636363
 485 53.18181818181818
 350 55.22727272727273
 309 57.27272727272727
 153 59.31818181818182
 157 61.36363636363636
 68 63.40909090909091
 25 65.45454545454545
 19 67.5
 6 69.54545454545455
 0 71.59090909090909
 0 73.63636363636364
 0 75.68181818181819
 0 77.72727272727272
 0 79.77272727272727
 0 81.81818181818181
 0 83.86363636363636
 0 85.90909090909091
 0 87.95454545454545
 0 90


