# Created by Octave 3.8.2, Mon Jun 22 12:21:10 2020 CEST <damian@fptrucha.inv.usc.es>
# name: hd
# type: matrix
# rows: 45
# columns: 2
 5 0
 2338 2.045454545454545
 6 4.090909090909091
 6 6.136363636363637
 2293 8.181818181818182
 287 10.22727272727273
 226 12.27272727272727
 767 14.31818181818182
 2466 16.36363636363636
 291 18.40909090909091
 837 20.45454545454545
 3749 22.5
 1991 24.54545454545455
 3746 26.59090909090909
 1345 28.63636363636364
 1330 30.68181818181818
 1354 32.72727272727273
 1598 34.77272727272727
 1098 36.81818181818182
 2124 38.86363636363636
 2150 40.90909090909091
 796 42.95454545454545
 813 45
 1396 47.04545454545455
 597 49.09090909090909
 538 51.13636363636363
 479 53.18181818181818
 345 55.22727272727273
 366 57.27272727272727
 154 59.31818181818182
 111 61.36363636363636
 72 63.40909090909091
 31 65.45454545454545
 14 67.5
 1 69.54545454545455
 0 71.59090909090909
 0 73.63636363636364
 0 75.68181818181819
 0 77.72727272727272
 0 79.77272727272727
 0 81.81818181818181
 0 83.86363636363636
 0 85.90909090909091
 0 87.95454545454545
 0 90


