# Created by Octave 3.8.2, Mon Jun 22 02:56:39 2020 CEST <damian@fptrucha.inv.usc.es>
# name: hd
# type: matrix
# rows: 45
# columns: 2
 6 0
 2111 2.045454545454545
 8 4.090909090909091
 12 6.136363636363637
 1981 8.181818181818182
 287 10.22727272727273
 255 12.27272727272727
 739 14.31818181818182
 2366 16.36363636363636
 273 18.40909090909091
 791 20.45454545454545
 3351 22.5
 1906 24.54545454545455
 3498 26.59090909090909
 1243 28.63636363636364
 1201 30.68181818181818
 1186 32.72727272727273
 1528 34.77272727272727
 1008 36.81818181818182
 2005 38.86363636363636
 1958 40.90909090909091
 836 42.95454545454545
 798 45
 1294 47.04545454545455
 579 49.09090909090909
 565 51.13636363636363
 492 53.18181818181818
 330 55.22727272727273
 333 57.27272727272727
 162 59.31818181818182
 140 61.36363636363636
 67 63.40909090909091
 39 65.45454545454545
 17 67.5
 6 69.54545454545455
 0 71.59090909090909
 0 73.63636363636364
 0 75.68181818181819
 0 77.72727272727272
 0 79.77272727272727
 0 81.81818181818181
 0 83.86363636363636
 0 85.90909090909091
 0 87.95454545454545
 0 90


