# Created by Octave 3.8.2, Sat Jun 20 12:56:31 2020 CEST <damian@fptrucha.inv.usc.es>
# name: hd
# type: matrix
# rows: 45
# columns: 2
 6 0
 2522 2.045454545454545
 1 4.090909090909091
 12 6.136363636363637
 2417 8.181818181818182
 362 10.22727272727273
 291 12.27272727272727
 851 14.31818181818182
 2788 16.36363636363636
 424 18.40909090909091
 833 20.45454545454545
 3819 22.5
 2245 24.54545454545455
 4307 26.59090909090909
 1484 28.63636363636364
 1417 30.68181818181818
 1445 32.72727272727273
 1751 34.77272727272727
 1221 36.81818181818182
 2307 38.86363636363636
 2253 40.90909090909091
 874 42.95454545454545
 912 45
 1401 47.04545454545455
 621 49.09090909090909
 508 51.13636363636363
 496 53.18181818181818
 347 55.22727272727273
 328 57.27272727272727
 115 59.31818181818182
 129 61.36363636363636
 80 63.40909090909091
 21 65.45454545454545
 14 67.5
 2 69.54545454545455
 1 71.59090909090909
 0 73.63636363636364
 0 75.68181818181819
 0 77.72727272727272
 0 79.77272727272727
 0 81.81818181818181
 0 83.86363636363636
 0 85.90909090909091
 0 87.95454545454545
 0 90


