# Created by Octave 3.8.2, Sun Jun 21 04:58:40 2020 CEST <damian@fptrucha.inv.usc.es>
# name: hd
# type: matrix
# rows: 45
# columns: 2
 5 0
 2401 2.045454545454545
 1 4.090909090909091
 11 6.136363636363637
 2290 8.181818181818182
 322 10.22727272727273
 247 12.27272727272727
 783 14.31818181818182
 2595 16.36363636363636
 363 18.40909090909091
 767 20.45454545454545
 3607 22.5
 2089 24.54545454545455
 3935 26.59090909090909
 1277 28.63636363636364
 1316 30.68181818181818
 1341 32.72727272727273
 1681 34.77272727272727
 1126 36.81818181818182
 2121 38.86363636363636
 1971 40.90909090909091
 771 42.95454545454545
 805 45
 1341 47.04545454545455
 606 49.09090909090909
 475 51.13636363636363
 496 53.18181818181818
 295 55.22727272727273
 300 57.27272727272727
 129 59.31818181818182
 100 61.36363636363636
 65 63.40909090909091
 17 65.45454545454545
 9 67.5
 0 69.54545454545455
 1 71.59090909090909
 0 73.63636363636364
 0 75.68181818181819
 0 77.72727272727272
 0 79.77272727272727
 0 81.81818181818181
 0 83.86363636363636
 0 85.90909090909091
 0 87.95454545454545
 0 90


