# Created by Octave 3.8.2, Mon Jun 22 23:55:04 2020 CEST <damian@fptrucha.inv.usc.es>
# name: hd
# type: matrix
# rows: 45
# columns: 2
 11 0
 2411 2.045454545454545
 8 4.090909090909091
 10 6.136363636363637
 2380 8.181818181818182
 324 10.22727272727273
 282 12.27272727272727
 810 14.31818181818182
 2832 16.36363636363636
 329 18.40909090909091
 893 20.45454545454545
 3786 22.5
 2242 24.54545454545455
 4236 26.59090909090909
 1429 28.63636363636364
 1425 30.68181818181818
 1372 32.72727272727273
 1780 34.77272727272727
 1199 36.81818181818182
 2253 38.86363636363636
 2238 40.90909090909091
 843 42.95454545454545
 791 45
 1469 47.04545454545455
 689 49.09090909090909
 548 51.13636363636363
 477 53.18181818181818
 375 55.22727272727273
 338 57.27272727272727
 156 59.31818181818182
 139 61.36363636363636
 80 63.40909090909091
 26 65.45454545454545
 14 67.5
 4 69.54545454545455
 0 71.59090909090909
 0 73.63636363636364
 0 75.68181818181819
 0 77.72727272727272
 0 79.77272727272727
 0 81.81818181818181
 0 83.86363636363636
 0 85.90909090909091
 0 87.95454545454545
 0 90


