# Created by Octave 3.8.2, Sat Jun 20 18:34:41 2020 CEST <damian@fptrucha.inv.usc.es>
# name: hd
# type: matrix
# rows: 45
# columns: 2
 3 0
 2339 2.045454545454545
 2 4.090909090909091
 9 6.136363636363637
 2258 8.181818181818182
 344 10.22727272727273
 226 12.27272727272727
 839 14.31818181818182
 2549 16.36363636363636
 328 18.40909090909091
 752 20.45454545454545
 3566 22.5
 2063 24.54545454545455
 3993 26.59090909090909
 1341 28.63636363636364
 1306 30.68181818181818
 1329 32.72727272727273
 1615 34.77272727272727
 1045 36.81818181818182
 2111 38.86363636363636
 2031 40.90909090909091
 763 42.95454545454545
 764 45
 1400 47.04545454545455
 565 49.09090909090909
 515 51.13636363636363
 426 53.18181818181818
 274 55.22727272727273
 253 57.27272727272727
 130 59.31818181818182
 104 61.36363636363636
 71 63.40909090909091
 11 65.45454545454545
 7 67.5
 0 69.54545454545455
 1 71.59090909090909
 0 73.63636363636364
 0 75.68181818181819
 0 77.72727272727272
 0 79.77272727272727
 0 81.81818181818181
 0 83.86363636363636
 0 85.90909090909091
 0 87.95454545454545
 0 90


