# Created by Octave 3.8.2, Mon Jun 22 11:19:25 2020 CEST <damian@fptrucha.inv.usc.es>
# name: hd
# type: matrix
# rows: 45
# columns: 2
 4 0
 2279 2.045454545454545
 0 4.090909090909091
 11 6.136363636363637
 2142 8.181818181818182
 276 10.22727272727273
 256 12.27272727272727
 750 14.31818181818182
 2540 16.36363636363636
 306 18.40909090909091
 776 20.45454545454545
 3488 22.5
 2051 24.54545454545455
 3831 26.59090909090909
 1356 28.63636363636364
 1294 30.68181818181818
 1313 32.72727272727273
 1656 34.77272727272727
 1133 36.81818181818182
 2160 38.86363636363636
 2137 40.90909090909091
 871 42.95454545454545
 817 45
 1362 47.04545454545455
 607 49.09090909090909
 574 51.13636363636363
 492 53.18181818181818
 327 55.22727272727273
 332 57.27272727272727
 135 59.31818181818182
 128 61.36363636363636
 72 63.40909090909091
 21 65.45454545454545
 14 67.5
 2 69.54545454545455
 0 71.59090909090909
 0 73.63636363636364
 0 75.68181818181819
 0 77.72727272727272
 0 79.77272727272727
 0 81.81818181818181
 0 83.86363636363636
 0 85.90909090909091
 0 87.95454545454545
 0 90


