# Created by Octave 3.8.2, Mon Jun 22 20:46:28 2020 CEST <damian@fptrucha.inv.usc.es>
# name: hd
# type: matrix
# rows: 45
# columns: 2
 6 0
 2376 2.045454545454545
 6 4.090909090909091
 5 6.136363636363637
 2419 8.181818181818182
 274 10.22727272727273
 291 12.27272727272727
 799 14.31818181818182
 2780 16.36363636363636
 318 18.40909090909091
 861 20.45454545454545
 3735 22.5
 2149 24.54545454545455
 4120 26.59090909090909
 1469 28.63636363636364
 1407 30.68181818181818
 1362 32.72727272727273
 1691 34.77272727272727
 1175 36.81818181818182
 2190 38.86363636363636
 2277 40.90909090909091
 947 42.95454545454545
 869 45
 1508 47.04545454545455
 675 49.09090909090909
 538 51.13636363636363
 468 53.18181818181818
 354 55.22727272727273
 328 57.27272727272727
 151 59.31818181818182
 137 61.36363636363636
 89 63.40909090909091
 24 65.45454545454545
 16 67.5
 1 69.54545454545455
 0 71.59090909090909
 0 73.63636363636364
 0 75.68181818181819
 0 77.72727272727272
 0 79.77272727272727
 0 81.81818181818181
 0 83.86363636363636
 0 85.90909090909091
 0 87.95454545454545
 0 90


