# Created by Octave 3.8.2, Sun Jun 21 00:25:40 2020 CEST <damian@fptrucha.inv.usc.es>
# name: hd
# type: matrix
# rows: 45
# columns: 2
 6 0
 2405 2.045454545454545
 1 4.090909090909091
 7 6.136363636363637
 2228 8.181818181818182
 314 10.22727272727273
 226 12.27272727272727
 769 14.31818181818182
 2462 16.36363636363636
 332 18.40909090909091
 752 20.45454545454545
 3518 22.5
 2115 24.54545454545455
 3794 26.59090909090909
 1216 28.63636363636364
 1277 30.68181818181818
 1279 32.72727272727273
 1607 34.77272727272727
 1074 36.81818181818182
 2081 38.86363636363636
 2041 40.90909090909091
 748 42.95454545454545
 760 45
 1265 47.04545454545455
 639 49.09090909090909
 492 51.13636363636363
 431 53.18181818181818
 252 55.22727272727273
 261 57.27272727272727
 98 59.31818181818182
 81 61.36363636363636
 58 63.40909090909091
 18 65.45454545454545
 8 67.5
 2 69.54545454545455
 0 71.59090909090909
 0 73.63636363636364
 0 75.68181818181819
 0 77.72727272727272
 0 79.77272727272727
 0 81.81818181818181
 0 83.86363636363636
 0 85.90909090909091
 0 87.95454545454545
 0 90


