# Created by Octave 3.8.2, Mon Jun 22 11:14:11 2020 CEST <damian@fptrucha.inv.usc.es>
# name: hd
# type: matrix
# rows: 45
# columns: 2
 5 0
 1556 2.045454545454545
 1 4.090909090909091
 3 6.136363636363637
 1475 8.181818181818182
 191 10.22727272727273
 163 12.27272727272727
 525 14.31818181818182
 1623 16.36363636363636
 175 18.40909090909091
 519 20.45454545454545
 2307 22.5
 1364 24.54545454545455
 2535 26.59090909090909
 914 28.63636363636364
 861 30.68181818181818
 888 32.72727272727273
 1121 34.77272727272727
 723 36.81818181818182
 1361 38.86363636363636
 1442 40.90909090909091
 566 42.95454545454545
 494 45
 851 47.04545454545455
 426 49.09090909090909
 360 51.13636363636363
 335 53.18181818181818
 242 55.22727272727273
 218 57.27272727272727
 98 59.31818181818182
 73 61.36363636363636
 47 63.40909090909091
 19 65.45454545454545
 18 67.5
 3 69.54545454545455
 0 71.59090909090909
 0 73.63636363636364
 0 75.68181818181819
 0 77.72727272727272
 0 79.77272727272727
 0 81.81818181818181
 0 83.86363636363636
 0 85.90909090909091
 0 87.95454545454545
 0 90


