# Created by Octave 3.8.2, Sat Jun 20 07:19:20 2020 CEST <damian@fptrucha.inv.usc.es>
# name: hd
# type: matrix
# rows: 45
# columns: 2
 4 0
 2739 2.045454545454545
 5 4.090909090909091
 7 6.136363636363637
 2655 8.181818181818182
 357 10.22727272727273
 277 12.27272727272727
 888 14.31818181818182
 2881 16.36363636363636
 342 18.40909090909091
 861 20.45454545454545
 4114 22.5
 2408 24.54545454545455
 4395 26.59090909090909
 1432 28.63636363636364
 1567 30.68181818181818
 1445 32.72727272727273
 1888 34.77272727272727
 1191 36.81818181818182
 2375 38.86363636363636
 2264 40.90909090909091
 844 42.95454545454545
 912 45
 1535 47.04545454545455
 686 49.09090909090909
 556 51.13636363636363
 491 53.18181818181818
 371 55.22727272727273
 315 57.27272727272727
 130 59.31818181818182
 111 61.36363636363636
 69 63.40909090909091
 21 65.45454545454545
 11 67.5
 1 69.54545454545455
 0 71.59090909090909
 0 73.63636363636364
 0 75.68181818181819
 0 77.72727272727272
 0 79.77272727272727
 0 81.81818181818181
 0 83.86363636363636
 0 85.90909090909091
 0 87.95454545454545
 0 90


