# Created by Octave 3.8.2, Tue Jun 23 00:39:01 2020 CEST <damian@fptrucha.inv.usc.es>
# name: hd
# type: matrix
# rows: 45
# columns: 2
 7 0
 2523 2.045454545454545
 5 4.090909090909091
 4 6.136363636363637
 2405 8.181818181818182
 312 10.22727272727273
 284 12.27272727272727
 813 14.31818181818182
 2794 16.36363636363636
 345 18.40909090909091
 839 20.45454545454545
 3889 22.5
 2230 24.54545454545455
 4308 26.59090909090909
 1338 28.63636363636364
 1430 30.68181818181818
 1405 32.72727272727273
 1786 34.77272727272727
 1183 36.81818181818182
 2320 38.86363636363636
 2306 40.90909090909091
 839 42.95454545454545
 865 45
 1490 47.04545454545455
 677 49.09090909090909
 571 51.13636363636363
 511 53.18181818181818
 367 55.22727272727273
 333 57.27272727272727
 159 59.31818181818182
 95 61.36363636363636
 78 63.40909090909091
 28 65.45454545454545
 13 67.5
 3 69.54545454545455
 0 71.59090909090909
 0 73.63636363636364
 0 75.68181818181819
 0 77.72727272727272
 0 79.77272727272727
 0 81.81818181818181
 0 83.86363636363636
 0 85.90909090909091
 0 87.95454545454545
 0 90


