# Created by Octave 3.8.2, Sat Jun 20 22:09:21 2020 CEST <damian@fptrucha.inv.usc.es>
# name: hd
# type: matrix
# rows: 45
# columns: 2
 1 0
 2344 2.045454545454545
 4 4.090909090909091
 5 6.136363636363637
 2188 8.181818181818182
 340 10.22727272727273
 237 12.27272727272727
 837 14.31818181818182
 2569 16.36363636363636
 322 18.40909090909091
 781 20.45454545454545
 3592 22.5
 2107 24.54545454545455
 3692 26.59090909090909
 1344 28.63636363636364
 1233 30.68181818181818
 1313 32.72727272727273
 1640 34.77272727272727
 1124 36.81818181818182
 2168 38.86363636363636
 2030 40.90909090909091
 808 42.95454545454545
 765 45
 1295 47.04545454545455
 603 49.09090909090909
 498 51.13636363636363
 427 53.18181818181818
 313 55.22727272727273
 276 57.27272727272727
 97 59.31818181818182
 106 61.36363636363636
 44 63.40909090909091
 15 65.45454545454545
 13 67.5
 2 69.54545454545455
 0 71.59090909090909
 0 73.63636363636364
 0 75.68181818181819
 0 77.72727272727272
 0 79.77272727272727
 0 81.81818181818181
 0 83.86363636363636
 0 85.90909090909091
 0 87.95454545454545
 0 90


