# Created by Octave 3.8.2, Mon Jun 22 11:46:20 2020 CEST <damian@fptrucha.inv.usc.es>
# name: hd
# type: matrix
# rows: 45
# columns: 2
 4 0
 2296 2.045454545454545
 7 4.090909090909091
 10 6.136363636363637
 2182 8.181818181818182
 291 10.22727272727273
 237 12.27272727272727
 797 14.31818181818182
 2482 16.36363636363636
 290 18.40909090909091
 781 20.45454545454545
 3564 22.5
 2054 24.54545454545455
 3758 26.59090909090909
 1270 28.63636363636364
 1283 30.68181818181818
 1350 32.72727272727273
 1666 34.77272727272727
 1093 36.81818181818182
 2077 38.86363636363636
 2201 40.90909090909091
 793 42.95454545454545
 785 45
 1303 47.04545454545455
 575 49.09090909090909
 537 51.13636363636363
 490 53.18181818181818
 325 55.22727272727273
 314 57.27272727272727
 148 59.31818181818182
 103 61.36363636363636
 90 63.40909090909091
 38 65.45454545454545
 14 67.5
 0 69.54545454545455
 1 71.59090909090909
 0 73.63636363636364
 0 75.68181818181819
 0 77.72727272727272
 0 79.77272727272727
 0 81.81818181818181
 0 83.86363636363636
 0 85.90909090909091
 0 87.95454545454545
 0 90


