# Created by Octave 3.8.2, Sat Jun 20 23:31:12 2020 CEST <damian@fptrucha.inv.usc.es>
# name: hd
# type: matrix
# rows: 45
# columns: 2
 4 0
 2341 2.045454545454545
 2 4.090909090909091
 8 6.136363636363637
 2286 8.181818181818182
 325 10.22727272727273
 213 12.27272727272727
 773 14.31818181818182
 2556 16.36363636363636
 327 18.40909090909091
 798 20.45454545454545
 3614 22.5
 2101 24.54545454545455
 3959 26.59090909090909
 1284 28.63636363636364
 1336 30.68181818181818
 1334 32.72727272727273
 1663 34.77272727272727
 1124 36.81818181818182
 2107 38.86363636363636
 2033 40.90909090909091
 799 42.95454545454545
 797 45
 1333 47.04545454545455
 590 49.09090909090909
 494 51.13636363636363
 450 53.18181818181818
 317 55.22727272727273
 293 57.27272727272727
 106 59.31818181818182
 95 61.36363636363636
 60 63.40909090909091
 19 65.45454545454545
 13 67.5
 1 69.54545454545455
 1 71.59090909090909
 0 73.63636363636364
 0 75.68181818181819
 0 77.72727272727272
 0 79.77272727272727
 0 81.81818181818181
 0 83.86363636363636
 0 85.90909090909091
 0 87.95454545454545
 0 90


