# Created by Octave 3.8.2, Sat Jun 20 11:48:35 2020 CEST <damian@fptrucha.inv.usc.es>
# name: hd
# type: matrix
# rows: 45
# columns: 2
 2 0
 2573 2.045454545454545
 3 4.090909090909091
 4 6.136363636363637
 2526 8.181818181818182
 346 10.22727272727273
 269 12.27272727272727
 903 14.31818181818182
 2795 16.36363636363636
 344 18.40909090909091
 851 20.45454545454545
 3977 22.5
 2302 24.54545454545455
 4247 26.59090909090909
 1368 28.63636363636364
 1377 30.68181818181818
 1435 32.72727272727273
 1816 34.77272727272727
 1177 36.81818181818182
 2370 38.86363636363636
 2290 40.90909090909091
 863 42.95454545454545
 883 45
 1476 47.04545454545455
 660 49.09090909090909
 565 51.13636363636363
 515 53.18181818181818
 386 55.22727272727273
 339 57.27272727272727
 113 59.31818181818182
 100 61.36363636363636
 88 63.40909090909091
 19 65.45454545454545
 14 67.5
 2 69.54545454545455
 1 71.59090909090909
 0 73.63636363636364
 0 75.68181818181819
 0 77.72727272727272
 0 79.77272727272727
 0 81.81818181818181
 0 83.86363636363636
 0 85.90909090909091
 0 87.95454545454545
 0 90


