# Created by Octave 3.8.2, Mon Jun 22 05:39:05 2020 CEST <damian@fptrucha.inv.usc.es>
# name: hd
# type: matrix
# rows: 45
# columns: 2
 6 0
 2229 2.045454545454545
 2 4.090909090909091
 19 6.136363636363637
 2122 8.181818181818182
 238 10.22727272727273
 253 12.27272727272727
 711 14.31818181818182
 2347 16.36363636363636
 264 18.40909090909091
 730 20.45454545454545
 3469 22.5
 1945 24.54545454545455
 3596 26.59090909090909
 1233 28.63636363636364
 1218 30.68181818181818
 1233 32.72727272727273
 1535 34.77272727272727
 1023 36.81818181818182
 1968 38.86363636363636
 1942 40.90909090909091
 791 42.95454545454545
 747 45
 1318 47.04545454545455
 599 49.09090909090909
 546 51.13636363636363
 463 53.18181818181818
 334 55.22727272727273
 340 57.27272727272727
 147 59.31818181818182
 130 61.36363636363636
 78 63.40909090909091
 31 65.45454545454545
 20 67.5
 2 69.54545454545455
 1 71.59090909090909
 0 73.63636363636364
 0 75.68181818181819
 0 77.72727272727272
 0 79.77272727272727
 0 81.81818181818181
 0 83.86363636363636
 0 85.90909090909091
 0 87.95454545454545
 0 90


