# Created by Octave 3.8.2, Sat Jun 20 17:20:21 2020 CEST <damian@fptrucha.inv.usc.es>
# name: hd
# type: matrix
# rows: 45
# columns: 2
 4 0
 2415 2.045454545454545
 3 4.090909090909091
 5 6.136363636363637
 2430 8.181818181818182
 315 10.22727272727273
 239 12.27272727272727
 827 14.31818181818182
 2630 16.36363636363636
 347 18.40909090909091
 779 20.45454545454545
 3620 22.5
 2175 24.54545454545455
 3922 26.59090909090909
 1361 28.63636363636364
 1336 30.68181818181818
 1293 32.72727272727273
 1713 34.77272727272727
 1108 36.81818181818182
 2172 38.86363636363636
 2116 40.90909090909091
 789 42.95454545454545
 812 45
 1307 47.04545454545455
 576 49.09090909090909
 482 51.13636363636363
 415 53.18181818181818
 289 55.22727272727273
 261 57.27272727272727
 105 59.31818181818182
 92 61.36363636363636
 49 63.40909090909091
 20 65.45454545454545
 8 67.5
 2 69.54545454545455
 0 71.59090909090909
 0 73.63636363636364
 0 75.68181818181819
 0 77.72727272727272
 0 79.77272727272727
 0 81.81818181818181
 0 83.86363636363636
 0 85.90909090909091
 0 87.95454545454545
 0 90


