# Created by Octave 3.8.2, Sun Jun 21 02:33:35 2020 CEST <damian@fptrucha.inv.usc.es>
# name: hd
# type: matrix
# rows: 45
# columns: 2
 4 0
 2266 2.045454545454545
 4 4.090909090909091
 5 6.136363636363637
 2260 8.181818181818182
 302 10.22727272727273
 264 12.27272727272727
 761 14.31818181818182
 2506 16.36363636363636
 307 18.40909090909091
 741 20.45454545454545
 3548 22.5
 2029 24.54545454545455
 3738 26.59090909090909
 1296 28.63636363636364
 1284 30.68181818181818
 1298 32.72727272727273
 1613 34.77272727272727
 1029 36.81818181818182
 2093 38.86363636363636
 2000 40.90909090909091
 749 42.95454545454545
 753 45
 1318 47.04545454545455
 599 49.09090909090909
 481 51.13636363636363
 471 53.18181818181818
 264 55.22727272727273
 278 57.27272727272727
 105 59.31818181818182
 105 61.36363636363636
 45 63.40909090909091
 21 65.45454545454545
 5 67.5
 1 69.54545454545455
 0 71.59090909090909
 0 73.63636363636364
 0 75.68181818181819
 0 77.72727272727272
 0 79.77272727272727
 0 81.81818181818181
 0 83.86363636363636
 0 85.90909090909091
 0 87.95454545454545
 0 90


