# Created by Octave 3.8.2, Mon Jun 22 14:17:35 2020 CEST <damian@fptrucha.inv.usc.es>
# name: hd
# type: matrix
# rows: 45
# columns: 2
 6 0
 2323 2.045454545454545
 4 4.090909090909091
 13 6.136363636363637
 2210 8.181818181818182
 305 10.22727272727273
 280 12.27272727272727
 713 14.31818181818182
 2491 16.36363636363636
 288 18.40909090909091
 772 20.45454545454545
 3621 22.5
 2029 24.54545454545455
 3735 26.59090909090909
 1376 28.63636363636364
 1393 30.68181818181818
 1325 32.72727272727273
 1646 34.77272727272727
 1105 36.81818181818182
 2081 38.86363636363636
 2175 40.90909090909091
 803 42.95454545454545
 853 45
 1402 47.04545454545455
 646 49.09090909090909
 568 51.13636363636363
 510 53.18181818181818
 339 55.22727272727273
 322 57.27272727272727
 140 59.31818181818182
 133 61.36363636363636
 82 63.40909090909091
 28 65.45454545454545
 18 67.5
 1 69.54545454545455
 0 71.59090909090909
 0 73.63636363636364
 0 75.68181818181819
 0 77.72727272727272
 0 79.77272727272727
 0 81.81818181818181
 0 83.86363636363636
 0 85.90909090909091
 0 87.95454545454545
 0 90


