# Created by Octave 3.8.2, Sun Jun 21 00:17:05 2020 CEST <damian@fptrucha.inv.usc.es>
# name: hd
# type: matrix
# rows: 45
# columns: 2
 4 0
 2417 2.045454545454545
 2 4.090909090909091
 7 6.136363636363637
 2327 8.181818181818182
 293 10.22727272727273
 231 12.27272727272727
 801 14.31818181818182
 2507 16.36363636363636
 318 18.40909090909091
 730 20.45454545454545
 3483 22.5
 2038 24.54545454545455
 3779 26.59090909090909
 1246 28.63636363636364
 1243 30.68181818181818
 1293 32.72727272727273
 1584 34.77272727272727
 1053 36.81818181818182
 1983 38.86363636363636
 1983 40.90909090909091
 736 42.95454545454545
 785 45
 1294 47.04545454545455
 568 49.09090909090909
 485 51.13636363636363
 456 53.18181818181818
 291 55.22727272727273
 254 57.27272727272727
 108 59.31818181818182
 89 61.36363636363636
 53 63.40909090909091
 15 65.45454545454545
 8 67.5
 1 69.54545454545455
 0 71.59090909090909
 0 73.63636363636364
 0 75.68181818181819
 0 77.72727272727272
 0 79.77272727272727
 0 81.81818181818181
 0 83.86363636363636
 0 85.90909090909091
 0 87.95454545454545
 0 90


