# Created by Octave 3.8.2, Mon Jun 22 07:21:20 2020 CEST <damian@fptrucha.inv.usc.es>
# name: hd
# type: matrix
# rows: 45
# columns: 2
 4 0
 2271 2.045454545454545
 7 4.090909090909091
 13 6.136363636363637
 2115 8.181818181818182
 296 10.22727272727273
 261 12.27272727272727
 756 14.31818181818182
 2405 16.36363636363636
 300 18.40909090909091
 773 20.45454545454545
 3490 22.5
 2022 24.54545454545455
 3632 26.59090909090909
 1244 28.63636363636364
 1249 30.68181818181818
 1309 32.72727272727273
 1582 34.77272727272727
 1054 36.81818181818182
 2046 38.86363636363636
 2065 40.90909090909091
 762 42.95454545454545
 770 45
 1332 47.04545454545455
 594 49.09090909090909
 583 51.13636363636363
 449 53.18181818181818
 317 55.22727272727273
 263 57.27272727272727
 148 59.31818181818182
 144 61.36363636363636
 82 63.40909090909091
 21 65.45454545454545
 5 67.5
 8 69.54545454545455
 0 71.59090909090909
 0 73.63636363636364
 0 75.68181818181819
 0 77.72727272727272
 0 79.77272727272727
 0 81.81818181818181
 0 83.86363636363636
 0 85.90909090909091
 0 87.95454545454545
 0 90


