# Created by Octave 3.8.2, Mon Jun 22 23:23:44 2020 CEST <damian@fptrucha.inv.usc.es>
# name: hd
# type: matrix
# rows: 45
# columns: 2
 6 0
 2503 2.045454545454545
 7 4.090909090909091
 8 6.136363636363637
 2368 8.181818181818182
 321 10.22727272727273
 258 12.27272727272727
 849 14.31818181818182
 2710 16.36363636363636
 363 18.40909090909091
 872 20.45454545454545
 3842 22.5
 2198 24.54545454545455
 4060 26.59090909090909
 1454 28.63636363636364
 1354 30.68181818181818
 1404 32.72727272727273
 1734 34.77272727272727
 1165 36.81818181818182
 2260 38.86363636363636
 2295 40.90909090909091
 946 42.95454545454545
 892 45
 1542 47.04545454545455
 706 49.09090909090909
 605 51.13636363636363
 516 53.18181818181818
 356 55.22727272727273
 362 57.27272727272727
 139 59.31818181818182
 146 61.36363636363636
 98 63.40909090909091
 30 65.45454545454545
 26 67.5
 2 69.54545454545455
 0 71.59090909090909
 0 73.63636363636364
 0 75.68181818181819
 0 77.72727272727272
 0 79.77272727272727
 0 81.81818181818181
 0 83.86363636363636
 0 85.90909090909091
 0 87.95454545454545
 0 90


