# Created by Octave 3.8.2, Sat Jun 20 08:38:37 2020 CEST <damian@fptrucha.inv.usc.es>
# name: hd
# type: matrix
# rows: 45
# columns: 2
 5 0
 2687 2.045454545454545
 2 4.090909090909091
 7 6.136363636363637
 2553 8.181818181818182
 348 10.22727272727273
 266 12.27272727272727
 914 14.31818181818182
 2962 16.36363636363636
 380 18.40909090909091
 874 20.45454545454545
 4176 22.5
 2379 24.54545454545455
 4406 26.59090909090909
 1587 28.63636363636364
 1499 30.68181818181818
 1565 32.72727272727273
 1903 34.77272727272727
 1284 36.81818181818182
 2503 38.86363636363636
 2415 40.90909090909091
 912 42.95454545454545
 931 45
 1541 47.04545454545455
 688 49.09090909090909
 603 51.13636363636363
 522 53.18181818181818
 342 55.22727272727273
 334 57.27272727272727
 136 59.31818181818182
 114 61.36363636363636
 79 63.40909090909091
 32 65.45454545454545
 16 67.5
 0 69.54545454545455
 0 71.59090909090909
 0 73.63636363636364
 0 75.68181818181819
 0 77.72727272727272
 0 79.77272727272727
 0 81.81818181818181
 0 83.86363636363636
 0 85.90909090909091
 0 87.95454545454545
 0 90


