# Created by Octave 3.8.2, Mon Jun 22 01:56:44 2020 CEST <damian@fptrucha.inv.usc.es>
# name: hd
# type: matrix
# rows: 45
# columns: 2
 4 0
 2321 2.045454545454545
 2 4.090909090909091
 7 6.136363636363637
 2219 8.181818181818182
 350 10.22727272727273
 234 12.27272727272727
 800 14.31818181818182
 2455 16.36363636363636
 315 18.40909090909091
 759 20.45454545454545
 3534 22.5
 2062 24.54545454545455
 3946 26.59090909090909
 1398 28.63636363636364
 1329 30.68181818181818
 1317 32.72727272727273
 1638 34.77272727272727
 1169 36.81818181818182
 2147 38.86363636363636
 2110 40.90909090909091
 860 42.95454545454545
 819 45
 1392 47.04545454545455
 640 49.09090909090909
 564 51.13636363636363
 505 53.18181818181818
 339 55.22727272727273
 306 57.27272727272727
 144 59.31818181818182
 103 61.36363636363636
 84 63.40909090909091
 26 65.45454545454545
 11 67.5
 1 69.54545454545455
 0 71.59090909090909
 0 73.63636363636364
 0 75.68181818181819
 0 77.72727272727272
 0 79.77272727272727
 0 81.81818181818181
 0 83.86363636363636
 0 85.90909090909091
 0 87.95454545454545
 0 90


