# Created by Octave 3.8.2, Mon Jun 22 17:55:33 2020 CEST <damian@fptrucha.inv.usc.es>
# name: hd
# type: matrix
# rows: 45
# columns: 2
 8 0
 2408 2.045454545454545
 5 4.090909090909091
 13 6.136363636363637
 2252 8.181818181818182
 297 10.22727272727273
 282 12.27272727272727
 801 14.31818181818182
 2623 16.36363636363636
 316 18.40909090909091
 873 20.45454545454545
 3805 22.5
 2126 24.54545454545455
 4014 26.59090909090909
 1406 28.63636363636364
 1342 30.68181818181818
 1373 32.72727272727273
 1753 34.77272727272727
 1135 36.81818181818182
 2229 38.86363636363636
 2229 40.90909090909091
 858 42.95454545454545
 844 45
 1506 47.04545454545455
 668 49.09090909090909
 606 51.13636363636363
 510 53.18181818181818
 337 55.22727272727273
 350 57.27272727272727
 145 59.31818181818182
 132 61.36363636363636
 86 63.40909090909091
 33 65.45454545454545
 10 67.5
 0 69.54545454545455
 0 71.59090909090909
 0 73.63636363636364
 0 75.68181818181819
 0 77.72727272727272
 0 79.77272727272727
 0 81.81818181818181
 0 83.86363636363636
 0 85.90909090909091
 0 87.95454545454545
 0 90


