# Created by Octave 3.8.2, Mon Jun 22 17:03:51 2020 CEST <damian@fptrucha.inv.usc.es>
# name: hd
# type: matrix
# rows: 45
# columns: 2
 7 0
 2357 2.045454545454545
 5 4.090909090909091
 13 6.136363636363637
 2249 8.181818181818182
 264 10.22727272727273
 263 12.27272727272727
 813 14.31818181818182
 2565 16.36363636363636
 299 18.40909090909091
 846 20.45454545454545
 3739 22.5
 2095 24.54545454545455
 3941 26.59090909090909
 1384 28.63636363636364
 1342 30.68181818181818
 1455 32.72727272727273
 1734 34.77272727272727
 1125 36.81818181818182
 2166 38.86363636363636
 2260 40.90909090909091
 882 42.95454545454545
 802 45
 1411 47.04545454545455
 665 49.09090909090909
 564 51.13636363636363
 505 53.18181818181818
 353 55.22727272727273
 324 57.27272727272727
 139 59.31818181818182
 136 61.36363636363636
 87 63.40909090909091
 26 65.45454545454545
 20 67.5
 1 69.54545454545455
 0 71.59090909090909
 0 73.63636363636364
 0 75.68181818181819
 0 77.72727272727272
 0 79.77272727272727
 0 81.81818181818181
 0 83.86363636363636
 0 85.90909090909091
 0 87.95454545454545
 0 90


