# Created by Octave 3.8.2, Mon Jun 22 08:54:51 2020 CEST <damian@fptrucha.inv.usc.es>
# name: hd
# type: matrix
# rows: 45
# columns: 2
 5 0
 2312 2.045454545454545
 5 4.090909090909091
 13 6.136363636363637
 2196 8.181818181818182
 256 10.22727272727273
 235 12.27272727272727
 764 14.31818181818182
 2404 16.36363636363636
 254 18.40909090909091
 825 20.45454545454545
 3489 22.5
 2006 24.54545454545455
 3633 26.59090909090909
 1292 28.63636363636364
 1276 30.68181818181818
 1253 32.72727272727273
 1585 34.77272727272727
 1041 36.81818181818182
 2137 38.86363636363636
 2042 40.90909090909091
 823 42.95454545454545
 789 45
 1348 47.04545454545455
 633 49.09090909090909
 535 51.13636363636363
 514 53.18181818181818
 363 55.22727272727273
 340 57.27272727272727
 164 59.31818181818182
 133 61.36363636363636
 91 63.40909090909091
 29 65.45454545454545
 17 67.5
 3 69.54545454545455
 0 71.59090909090909
 0 73.63636363636364
 0 75.68181818181819
 0 77.72727272727272
 0 79.77272727272727
 0 81.81818181818181
 0 83.86363636363636
 0 85.90909090909091
 0 87.95454545454545
 0 90


