# Created by Octave 3.8.2, Sat Jun 20 09:49:13 2020 CEST <damian@fptrucha.inv.usc.es>
# name: hd
# type: matrix
# rows: 45
# columns: 2
 4 0
 2722 2.045454545454545
 2 4.090909090909091
 4 6.136363636363637
 2623 8.181818181818182
 373 10.22727272727273
 278 12.27272727272727
 906 14.31818181818182
 2838 16.36363636363636
 352 18.40909090909091
 869 20.45454545454545
 3952 22.5
 2410 24.54545454545455
 4433 26.59090909090909
 1503 28.63636363636364
 1474 30.68181818181818
 1490 32.72727272727273
 1938 34.77272727272727
 1194 36.81818181818182
 2483 38.86363636363636
 2423 40.90909090909091
 877 42.95454545454545
 895 45
 1542 47.04545454545455
 680 49.09090909090909
 564 51.13636363636363
 487 53.18181818181818
 350 55.22727272727273
 335 57.27272727272727
 137 59.31818181818182
 138 61.36363636363636
 91 63.40909090909091
 21 65.45454545454545
 14 67.5
 2 69.54545454545455
 0 71.59090909090909
 0 73.63636363636364
 0 75.68181818181819
 0 77.72727272727272
 0 79.77272727272727
 0 81.81818181818181
 0 83.86363636363636
 0 85.90909090909091
 0 87.95454545454545
 0 90


