# Created by Octave 3.8.2, Sat Jun 20 11:54:13 2020 CEST <damian@fptrucha.inv.usc.es>
# name: hd
# type: matrix
# rows: 45
# columns: 2
 2 0
 2640 2.045454545454545
 2 4.090909090909091
 8 6.136363636363637
 2470 8.181818181818182
 378 10.22727272727273
 232 12.27272727272727
 855 14.31818181818182
 2758 16.36363636363636
 385 18.40909090909091
 893 20.45454545454545
 3959 22.5
 2282 24.54545454545455
 4185 26.59090909090909
 1452 28.63636363636364
 1377 30.68181818181818
 1445 32.72727272727273
 1823 34.77272727272727
 1175 36.81818181818182
 2303 38.86363636363636
 2176 40.90909090909091
 887 42.95454545454545
 833 45
 1510 47.04545454545455
 631 49.09090909090909
 542 51.13636363636363
 461 53.18181818181818
 324 55.22727272727273
 338 57.27272727272727
 126 59.31818181818182
 106 61.36363636363636
 81 63.40909090909091
 21 65.45454545454545
 14 67.5
 3 69.54545454545455
 0 71.59090909090909
 0 73.63636363636364
 0 75.68181818181819
 0 77.72727272727272
 0 79.77272727272727
 0 81.81818181818181
 0 83.86363636363636
 0 85.90909090909091
 0 87.95454545454545
 0 90


