# Created by Octave 3.8.2, Mon Jun 22 00:38:54 2020 CEST <damian@fptrucha.inv.usc.es>
# name: hd
# type: matrix
# rows: 45
# columns: 2
 1 0
 2341 2.045454545454545
 2 4.090909090909091
 6 6.136363636363637
 2367 8.181818181818182
 341 10.22727272727273
 250 12.27272727272727
 783 14.31818181818182
 2651 16.36363636363636
 338 18.40909090909091
 756 20.45454545454545
 3491 22.5
 2120 24.54545454545455
 3939 26.59090909090909
 1335 28.63636363636364
 1259 30.68181818181818
 1256 32.72727272727273
 1709 34.77272727272727
 1060 36.81818181818182
 2162 38.86363636363636
 2057 40.90909090909091
 738 42.95454545454545
 730 45
 1259 47.04545454545455
 584 49.09090909090909
 469 51.13636363636363
 426 53.18181818181818
 280 55.22727272727273
 274 57.27272727272727
 108 59.31818181818182
 97 61.36363636363636
 59 63.40909090909091
 18 65.45454545454545
 8 67.5
 3 69.54545454545455
 1 71.59090909090909
 0 73.63636363636364
 0 75.68181818181819
 0 77.72727272727272
 0 79.77272727272727
 0 81.81818181818181
 0 83.86363636363636
 0 85.90909090909091
 0 87.95454545454545
 0 90


