# Created by Octave 3.8.2, Mon Jun 22 00:25:01 2020 CEST <damian@fptrucha.inv.usc.es>
# name: hd
# type: matrix
# rows: 45
# columns: 2
 1 0
 2482 2.045454545454545
 1 4.090909090909091
 6 6.136363636363637
 2328 8.181818181818182
 323 10.22727272727273
 208 12.27272727272727
 806 14.31818181818182
 2651 16.36363636363636
 330 18.40909090909091
 846 20.45454545454545
 3740 22.5
 2158 24.54545454545455
 4037 26.59090909090909
 1386 28.63636363636364
 1344 30.68181818181818
 1306 32.72727272727273
 1622 34.77272727272727
 1174 36.81818181818182
 2152 38.86363636363636
 2057 40.90909090909091
 795 42.95454545454545
 753 45
 1425 47.04545454545455
 637 49.09090909090909
 498 51.13636363636363
 437 53.18181818181818
 287 55.22727272727273
 286 57.27272727272727
 140 59.31818181818182
 106 61.36363636363636
 52 63.40909090909091
 15 65.45454545454545
 12 67.5
 2 69.54545454545455
 0 71.59090909090909
 0 73.63636363636364
 0 75.68181818181819
 0 77.72727272727272
 0 79.77272727272727
 0 81.81818181818181
 0 83.86363636363636
 0 85.90909090909091
 0 87.95454545454545
 0 90


