# Created by Octave 3.8.2, Mon Jun 22 08:24:34 2020 CEST <damian@fptrucha.inv.usc.es>
# name: hd
# type: matrix
# rows: 45
# columns: 2
 12 0
 2293 2.045454545454545
 2 4.090909090909091
 15 6.136363636363637
 2133 8.181818181818182
 224 10.22727272727273
 274 12.27272727272727
 715 14.31818181818182
 2393 16.36363636363636
 286 18.40909090909091
 759 20.45454545454545
 3532 22.5
 1861 24.54545454545455
 3570 26.59090909090909
 1311 28.63636363636364
 1264 30.68181818181818
 1312 32.72727272727273
 1619 34.77272727272727
 1011 36.81818181818182
 2154 38.86363636363636
 2024 40.90909090909091
 789 42.95454545454545
 809 45
 1279 47.04545454545455
 654 49.09090909090909
 567 51.13636363636363
 492 53.18181818181818
 349 55.22727272727273
 333 57.27272727272727
 126 59.31818181818182
 134 61.36363636363636
 71 63.40909090909091
 26 65.45454545454545
 18 67.5
 1 69.54545454545455
 0 71.59090909090909
 0 73.63636363636364
 0 75.68181818181819
 0 77.72727272727272
 0 79.77272727272727
 0 81.81818181818181
 0 83.86363636363636
 0 85.90909090909091
 0 87.95454545454545
 0 90


