# Created by Octave 3.8.2, Mon Jun 22 14:10:01 2020 CEST <damian@fptrucha.inv.usc.es>
# name: hd
# type: matrix
# rows: 45
# columns: 2
 11 0
 2383 2.045454545454545
 4 4.090909090909091
 6 6.136363636363637
 2192 8.181818181818182
 313 10.22727272727273
 312 12.27272727272727
 763 14.31818181818182
 2507 16.36363636363636
 279 18.40909090909091
 817 20.45454545454545
 3632 22.5
 2142 24.54545454545455
 3891 26.59090909090909
 1313 28.63636363636364
 1344 30.68181818181818
 1316 32.72727272727273
 1604 34.77272727272727
 1136 36.81818181818182
 2200 38.86363636363636
 2195 40.90909090909091
 899 42.95454545454545
 838 45
 1420 47.04545454545455
 616 49.09090909090909
 577 51.13636363636363
 535 53.18181818181818
 357 55.22727272727273
 354 57.27272727272727
 154 59.31818181818182
 135 61.36363636363636
 93 63.40909090909091
 28 65.45454545454545
 19 67.5
 2 69.54545454545455
 0 71.59090909090909
 0 73.63636363636364
 0 75.68181818181819
 0 77.72727272727272
 0 79.77272727272727
 0 81.81818181818181
 0 83.86363636363636
 0 85.90909090909091
 0 87.95454545454545
 0 90


