# Created by Octave 3.8.2, Sun Jun 21 05:33:52 2020 CEST <damian@fptrucha.inv.usc.es>
# name: hd
# type: matrix
# rows: 45
# columns: 2
 0 0
 2327 2.045454545454545
 2 4.090909090909091
 10 6.136363636363637
 2220 8.181818181818182
 323 10.22727272727273
 245 12.27272727272727
 785 14.31818181818182
 2649 16.36363636363636
 298 18.40909090909091
 781 20.45454545454545
 3608 22.5
 2093 24.54545454545455
 3789 26.59090909090909
 1325 28.63636363636364
 1253 30.68181818181818
 1254 32.72727272727273
 1645 34.77272727272727
 1055 36.81818181818182
 2083 38.86363636363636
 2028 40.90909090909091
 772 42.95454545454545
 750 45
 1301 47.04545454545455
 600 49.09090909090909
 461 51.13636363636363
 436 53.18181818181818
 291 55.22727272727273
 272 57.27272727272727
 98 59.31818181818182
 92 61.36363636363636
 50 63.40909090909091
 18 65.45454545454545
 6 67.5
 2 69.54545454545455
 1 71.59090909090909
 0 73.63636363636364
 0 75.68181818181819
 0 77.72727272727272
 0 79.77272727272727
 0 81.81818181818181
 0 83.86363636363636
 0 85.90909090909091
 0 87.95454545454545
 0 90


