# Created by Octave 3.8.2, Sat Jun 20 11:43:00 2020 CEST <damian@fptrucha.inv.usc.es>
# name: hd
# type: matrix
# rows: 45
# columns: 2
 5 0
 2690 2.045454545454545
 1 4.090909090909091
 9 6.136363636363637
 2460 8.181818181818182
 361 10.22727272727273
 252 12.27272727272727
 843 14.31818181818182
 2710 16.36363636363636
 324 18.40909090909091
 887 20.45454545454545
 3990 22.5
 2354 24.54545454545455
 4241 26.59090909090909
 1487 28.63636363636364
 1461 30.68181818181818
 1477 32.72727272727273
 1838 34.77272727272727
 1100 36.81818181818182
 2300 38.86363636363636
 2255 40.90909090909091
 862 42.95454545454545
 837 45
 1442 47.04545454545455
 675 49.09090909090909
 561 51.13636363636363
 489 53.18181818181818
 321 55.22727272727273
 320 57.27272727272727
 130 59.31818181818182
 84 61.36363636363636
 77 63.40909090909091
 15 65.45454545454545
 15 67.5
 3 69.54545454545455
 0 71.59090909090909
 0 73.63636363636364
 0 75.68181818181819
 0 77.72727272727272
 0 79.77272727272727
 0 81.81818181818181
 0 83.86363636363636
 0 85.90909090909091
 0 87.95454545454545
 0 90


