# Created by Octave 3.8.2, Sat Jun 20 19:16:39 2020 CEST <damian@fptrucha.inv.usc.es>
# name: hd
# type: matrix
# rows: 45
# columns: 2
 5 0
 2348 2.045454545454545
 3 4.090909090909091
 9 6.136363636363637
 2300 8.181818181818182
 303 10.22727272727273
 241 12.27272727272727
 805 14.31818181818182
 2651 16.36363636363636
 322 18.40909090909091
 831 20.45454545454545
 3578 22.5
 2087 24.54545454545455
 3928 26.59090909090909
 1297 28.63636363636364
 1305 30.68181818181818
 1278 32.72727272727273
 1671 34.77272727272727
 1095 36.81818181818182
 2132 38.86363636363636
 2086 40.90909090909091
 766 42.95454545454545
 775 45
 1365 47.04545454545455
 643 49.09090909090909
 480 51.13636363636363
 393 53.18181818181818
 295 55.22727272727273
 287 57.27272727272727
 123 59.31818181818182
 86 61.36363636363636
 54 63.40909090909091
 18 65.45454545454545
 6 67.5
 2 69.54545454545455
 0 71.59090909090909
 0 73.63636363636364
 0 75.68181818181819
 0 77.72727272727272
 0 79.77272727272727
 0 81.81818181818181
 0 83.86363636363636
 0 85.90909090909091
 0 87.95454545454545
 0 90


