# Created by Octave 3.8.2, Mon Jun 22 00:21:00 2020 CEST <damian@fptrucha.inv.usc.es>
# name: hd
# type: matrix
# rows: 45
# columns: 2
 4 0
 2376 2.045454545454545
 5 4.090909090909091
 7 6.136363636363637
 2275 8.181818181818182
 285 10.22727272727273
 278 12.27272727272727
 806 14.31818181818182
 2542 16.36363636363636
 315 18.40909090909091
 835 20.45454545454545
 3432 22.5
 2065 24.54545454545455
 3837 26.59090909090909
 1242 28.63636363636364
 1283 30.68181818181818
 1298 32.72727272727273
 1666 34.77272727272727
 1109 36.81818181818182
 2140 38.86363636363636
 2003 40.90909090909091
 734 42.95454545454545
 769 45
 1292 47.04545454545455
 535 49.09090909090909
 442 51.13636363636363
 381 53.18181818181818
 287 55.22727272727273
 279 57.27272727272727
 112 59.31818181818182
 92 61.36363636363636
 55 63.40909090909091
 16 65.45454545454545
 11 67.5
 1 69.54545454545455
 0 71.59090909090909
 0 73.63636363636364
 0 75.68181818181819
 0 77.72727272727272
 0 79.77272727272727
 0 81.81818181818181
 0 83.86363636363636
 0 85.90909090909091
 0 87.95454545454545
 0 90


