# Created by Octave 3.8.2, Sat Jun 20 17:49:53 2020 CEST <damian@fptrucha.inv.usc.es>
# name: hd
# type: matrix
# rows: 45
# columns: 2
 0 0
 2393 2.045454545454545
 2 4.090909090909091
 5 6.136363636363637
 2370 8.181818181818182
 294 10.22727272727273
 241 12.27272727272727
 783 14.31818181818182
 2628 16.36363636363636
 329 18.40909090909091
 856 20.45454545454545
 3606 22.5
 2145 24.54545454545455
 3880 26.59090909090909
 1277 28.63636363636364
 1257 30.68181818181818
 1365 32.72727272727273
 1714 34.77272727272727
 1118 36.81818181818182
 2173 38.86363636363636
 2016 40.90909090909091
 812 42.95454545454545
 782 45
 1381 47.04545454545455
 592 49.09090909090909
 513 51.13636363636363
 432 53.18181818181818
 292 55.22727272727273
 268 57.27272727272727
 124 59.31818181818182
 102 61.36363636363636
 60 63.40909090909091
 22 65.45454545454545
 11 67.5
 4 69.54545454545455
 0 71.59090909090909
 0 73.63636363636364
 0 75.68181818181819
 0 77.72727272727272
 0 79.77272727272727
 0 81.81818181818181
 0 83.86363636363636
 0 85.90909090909091
 0 87.95454545454545
 0 90


