# Created by Octave 3.8.2, Mon Jun 22 10:52:43 2020 CEST <damian@fptrucha.inv.usc.es>
# name: hd
# type: matrix
# rows: 45
# columns: 2
 13 0
 2418 2.045454545454545
 1 4.090909090909091
 14 6.136363636363637
 2232 8.181818181818182
 288 10.22727272727273
 267 12.27272727272727
 731 14.31818181818182
 2499 16.36363636363636
 313 18.40909090909091
 779 20.45454545454545
 3620 22.5
 2043 24.54545454545455
 3782 26.59090909090909
 1331 28.63636363636364
 1307 30.68181818181818
 1289 32.72727272727273
 1653 34.77272727272727
 1106 36.81818181818182
 2083 38.86363636363636
 2104 40.90909090909091
 837 42.95454545454545
 799 45
 1391 47.04545454545455
 648 49.09090909090909
 559 51.13636363636363
 523 53.18181818181818
 317 55.22727272727273
 316 57.27272727272727
 131 59.31818181818182
 134 61.36363636363636
 79 63.40909090909091
 50 65.45454545454545
 17 67.5
 1 69.54545454545455
 0 71.59090909090909
 0 73.63636363636364
 0 75.68181818181819
 0 77.72727272727272
 0 79.77272727272727
 0 81.81818181818181
 0 83.86363636363636
 0 85.90909090909091
 0 87.95454545454545
 0 90


