# Created by Octave 3.8.2, Sat Jun 20 02:37:56 2020 CEST <damian@fptrucha.inv.usc.es>
# name: hd
# type: matrix
# rows: 45
# columns: 2
 6 0
 2646 2.045454545454545
 2 4.090909090909091
 12 6.136363636363637
 2588 8.181818181818182
 312 10.22727272727273
 273 12.27272727272727
 887 14.31818181818182
 2928 16.36363636363636
 321 18.40909090909091
 864 20.45454545454545
 3884 22.5
 2254 24.54545454545455
 4203 26.59090909090909
 1383 28.63636363636364
 1465 30.68181818181818
 1394 32.72727272727273
 1782 34.77272727272727
 1149 36.81818181818182
 2282 38.86363636363636
 2131 40.90909090909091
 827 42.95454545454545
 814 45
 1466 47.04545454545455
 630 49.09090909090909
 533 51.13636363636363
 469 53.18181818181818
 294 55.22727272727273
 279 57.27272727272727
 126 59.31818181818182
 92 61.36363636363636
 59 63.40909090909091
 17 65.45454545454545
 12 67.5
 0 69.54545454545455
 0 71.59090909090909
 0 73.63636363636364
 0 75.68181818181819
 0 77.72727272727272
 0 79.77272727272727
 0 81.81818181818181
 0 83.86363636363636
 0 85.90909090909091
 0 87.95454545454545
 0 90


