# Created by Octave 3.8.2, Mon Jun 22 04:43:33 2020 CEST <damian@fptrucha.inv.usc.es>
# name: hd
# type: matrix
# rows: 45
# columns: 2
 6 0
 2039 2.045454545454545
 6 4.090909090909091
 10 6.136363636363637
 1980 8.181818181818182
 285 10.22727272727273
 209 12.27272727272727
 628 14.31818181818182
 2201 16.36363636363636
 261 18.40909090909091
 662 20.45454545454545
 3102 22.5
 1810 24.54545454545455
 3322 26.59090909090909
 1141 28.63636363636364
 1182 30.68181818181818
 1191 32.72727272727273
 1449 34.77272727272727
 987 36.81818181818182
 1923 38.86363636363636
 1941 40.90909090909091
 784 42.95454545454545
 728 45
 1337 47.04545454545455
 608 49.09090909090909
 584 51.13636363636363
 480 53.18181818181818
 320 55.22727272727273
 331 57.27272727272727
 136 59.31818181818182
 129 61.36363636363636
 88 63.40909090909091
 31 65.45454545454545
 21 67.5
 0 69.54545454545455
 0 71.59090909090909
 0 73.63636363636364
 0 75.68181818181819
 0 77.72727272727272
 0 79.77272727272727
 0 81.81818181818181
 0 83.86363636363636
 0 85.90909090909091
 0 87.95454545454545
 0 90


