# Created by Octave 3.8.2, Mon Jun 22 07:51:04 2020 CEST <damian@fptrucha.inv.usc.es>
# name: hd
# type: matrix
# rows: 45
# columns: 2
 10 0
 1510 2.045454545454545
 1 4.090909090909091
 6 6.136363636363637
 1387 8.181818181818182
 172 10.22727272727273
 177 12.27272727272727
 476 14.31818181818182
 1616 16.36363636363636
 184 18.40909090909091
 510 20.45454545454545
 2283 22.5
 1256 24.54545454545455
 2393 26.59090909090909
 832 28.63636363636364
 839 30.68181818181818
 852 32.72727272727273
 986 34.77272727272727
 693 36.81818181818182
 1316 38.86363636363636
 1382 40.90909090909091
 534 42.95454545454545
 532 45
 875 47.04545454545455
 413 49.09090909090909
 366 51.13636363636363
 295 53.18181818181818
 258 55.22727272727273
 177 57.27272727272727
 83 59.31818181818182
 92 61.36363636363636
 53 63.40909090909091
 17 65.45454545454545
 8 67.5
 3 69.54545454545455
 1 71.59090909090909
 0 73.63636363636364
 0 75.68181818181819
 0 77.72727272727272
 0 79.77272727272727
 0 81.81818181818181
 0 83.86363636363636
 0 85.90909090909091
 0 87.95454545454545
 0 90


