# Created by Octave 3.8.2, Sat Jun 20 04:39:29 2020 CEST <damian@fptrucha.inv.usc.es>
# name: hd
# type: matrix
# rows: 45
# columns: 2
 7 0
 2685 2.045454545454545
 1 4.090909090909091
 9 6.136363636363637
 2509 8.181818181818182
 349 10.22727272727273
 281 12.27272727272727
 904 14.31818181818182
 2773 16.36363636363636
 337 18.40909090909091
 830 20.45454545454545
 3989 22.5
 2325 24.54545454545455
 4303 26.59090909090909
 1461 28.63636363636364
 1442 30.68181818181818
 1517 32.72727272727273
 1913 34.77272727272727
 1185 36.81818181818182
 2342 38.86363636363636
 2268 40.90909090909091
 841 42.95454545454545
 853 45
 1436 47.04545454545455
 639 49.09090909090909
 561 51.13636363636363
 467 53.18181818181818
 292 55.22727272727273
 308 57.27272727272727
 139 59.31818181818182
 111 61.36363636363636
 73 63.40909090909091
 24 65.45454545454545
 4 67.5
 3 69.54545454545455
 0 71.59090909090909
 0 73.63636363636364
 0 75.68181818181819
 0 77.72727272727272
 0 79.77272727272727
 0 81.81818181818181
 0 83.86363636363636
 0 85.90909090909091
 0 87.95454545454545
 0 90


