# Created by Octave 3.8.2, Mon Jun 22 06:05:55 2020 CEST <damian@fptrucha.inv.usc.es>
# name: hd
# type: matrix
# rows: 45
# columns: 2
 7 0
 2238 2.045454545454545
 4 4.090909090909091
 8 6.136363636363637
 2161 8.181818181818182
 270 10.22727272727273
 255 12.27272727272727
 735 14.31818181818182
 2374 16.36363636363636
 274 18.40909090909091
 794 20.45454545454545
 3452 22.5
 1877 24.54545454545455
 3569 26.59090909090909
 1277 28.63636363636364
 1214 30.68181818181818
 1285 32.72727272727273
 1588 34.77272727272727
 1027 36.81818181818182
 1974 38.86363636363636
 2128 40.90909090909091
 792 42.95454545454545
 777 45
 1313 47.04545454545455
 612 49.09090909090909
 581 51.13636363636363
 488 53.18181818181818
 328 55.22727272727273
 311 57.27272727272727
 109 59.31818181818182
 118 61.36363636363636
 79 63.40909090909091
 28 65.45454545454545
 23 67.5
 4 69.54545454545455
 0 71.59090909090909
 0 73.63636363636364
 0 75.68181818181819
 0 77.72727272727272
 0 79.77272727272727
 0 81.81818181818181
 0 83.86363636363636
 0 85.90909090909091
 0 87.95454545454545
 0 90


