# Created by Octave 3.8.2, Sat Jun 20 07:11:59 2020 CEST <damian@fptrucha.inv.usc.es>
# name: hd
# type: matrix
# rows: 45
# columns: 2
 1 0
 2664 2.045454545454545
 0 4.090909090909091
 4 6.136363636363637
 2668 8.181818181818182
 335 10.22727272727273
 301 12.27272727272727
 906 14.31818181818182
 2862 16.36363636363636
 356 18.40909090909091
 884 20.45454545454545
 3988 22.5
 2425 24.54545454545455
 4394 26.59090909090909
 1553 28.63636363636364
 1515 30.68181818181818
 1531 32.72727272727273
 1881 34.77272727272727
 1206 36.81818181818182
 2456 38.86363636363636
 2315 40.90909090909091
 853 42.95454545454545
 899 45
 1554 47.04545454545455
 728 49.09090909090909
 604 51.13636363636363
 512 53.18181818181818
 352 55.22727272727273
 301 57.27272727272727
 133 59.31818181818182
 116 61.36363636363636
 91 63.40909090909091
 21 65.45454545454545
 16 67.5
 1 69.54545454545455
 0 71.59090909090909
 0 73.63636363636364
 0 75.68181818181819
 0 77.72727272727272
 0 79.77272727272727
 0 81.81818181818181
 0 83.86363636363636
 0 85.90909090909091
 0 87.95454545454545
 0 90


