# Created by Octave 3.8.2, Mon Jun 22 11:36:54 2020 CEST <damian@fptrucha.inv.usc.es>
# name: hd
# type: matrix
# rows: 45
# columns: 2
 9 0
 2292 2.045454545454545
 5 4.090909090909091
 11 6.136363636363637
 2235 8.181818181818182
 273 10.22727272727273
 262 12.27272727272727
 725 14.31818181818182
 2497 16.36363636363636
 291 18.40909090909091
 789 20.45454545454545
 3579 22.5
 2081 24.54545454545455
 3861 26.59090909090909
 1329 28.63636363636364
 1313 30.68181818181818
 1328 32.72727272727273
 1599 34.77272727272727
 1083 36.81818181818182
 2075 38.86363636363636
 2139 40.90909090909091
 805 42.95454545454545
 785 45
 1401 47.04545454545455
 630 49.09090909090909
 565 51.13636363636363
 528 53.18181818181818
 345 55.22727272727273
 312 57.27272727272727
 128 59.31818181818182
 132 61.36363636363636
 69 63.40909090909091
 26 65.45454545454545
 13 67.5
 6 69.54545454545455
 0 71.59090909090909
 0 73.63636363636364
 0 75.68181818181819
 0 77.72727272727272
 0 79.77272727272727
 0 81.81818181818181
 0 83.86363636363636
 0 85.90909090909091
 0 87.95454545454545
 0 90


