# Created by Octave 3.8.2, Sat Jun 20 03:06:10 2020 CEST <damian@fptrucha.inv.usc.es>
# name: hd
# type: matrix
# rows: 45
# columns: 2
 7 0
 2695 2.045454545454545
 3 4.090909090909091
 12 6.136363636363637
 2629 8.181818181818182
 312 10.22727272727273
 261 12.27272727272727
 827 14.31818181818182
 2900 16.36363636363636
 306 18.40909090909091
 802 20.45454545454545
 3900 22.5
 2358 24.54545454545455
 4288 26.59090909090909
 1433 28.63636363636364
 1436 30.68181818181818
 1447 32.72727272727273
 1869 34.77272727272727
 1176 36.81818181818182
 2238 38.86363636363636
 2141 40.90909090909091
 834 42.95454545454545
 878 45
 1499 47.04545454545455
 605 49.09090909090909
 517 51.13636363636363
 450 53.18181818181818
 281 55.22727272727273
 297 57.27272727272727
 158 59.31818181818182
 92 61.36363636363636
 64 63.40909090909091
 22 65.45454545454545
 15 67.5
 0 69.54545454545455
 0 71.59090909090909
 0 73.63636363636364
 0 75.68181818181819
 0 77.72727272727272
 0 79.77272727272727
 0 81.81818181818181
 0 83.86363636363636
 0 85.90909090909091
 0 87.95454545454545
 0 90


