# Created by Octave 3.8.2, Sat Jun 20 04:33:45 2020 CEST <damian@fptrucha.inv.usc.es>
# name: hd
# type: matrix
# rows: 45
# columns: 2
 4 0
 2645 2.045454545454545
 1 4.090909090909091
 8 6.136363636363637
 2631 8.181818181818182
 355 10.22727272727273
 274 12.27272727272727
 874 14.31818181818182
 2886 16.36363636363636
 334 18.40909090909091
 922 20.45454545454545
 3940 22.5
 2330 24.54545454545455
 4448 26.59090909090909
 1457 28.63636363636364
 1470 30.68181818181818
 1454 32.72727272727273
 1832 34.77272727272727
 1211 36.81818181818182
 2287 38.86363636363636
 2229 40.90909090909091
 847 42.95454545454545
 909 45
 1442 47.04545454545455
 636 49.09090909090909
 543 51.13636363636363
 503 53.18181818181818
 311 55.22727272727273
 308 57.27272727272727
 120 59.31818181818182
 103 61.36363636363636
 70 63.40909090909091
 21 65.45454545454545
 17 67.5
 2 69.54545454545455
 1 71.59090909090909
 0 73.63636363636364
 0 75.68181818181819
 0 77.72727272727272
 0 79.77272727272727
 0 81.81818181818181
 0 83.86363636363636
 0 85.90909090909091
 0 87.95454545454545
 0 90


