# Created by Octave 3.8.2, Sat Jun 20 12:21:54 2020 CEST <damian@fptrucha.inv.usc.es>
# name: hd
# type: matrix
# rows: 45
# columns: 2
 5 0
 2564 2.045454545454545
 1 4.090909090909091
 6 6.136363636363637
 2486 8.181818181818182
 349 10.22727272727273
 276 12.27272727272727
 881 14.31818181818182
 2864 16.36363636363636
 368 18.40909090909091
 868 20.45454545454545
 3950 22.5
 2336 24.54545454545455
 4208 26.59090909090909
 1491 28.63636363636364
 1454 30.68181818181818
 1542 32.72727272727273
 1780 34.77272727272727
 1196 36.81818181818182
 2384 38.86363636363636
 2323 40.90909090909091
 827 42.95454545454545
 839 45
 1369 47.04545454545455
 673 49.09090909090909
 564 51.13636363636363
 490 53.18181818181818
 312 55.22727272727273
 270 57.27272727272727
 113 59.31818181818182
 107 61.36363636363636
 74 63.40909090909091
 18 65.45454545454545
 18 67.5
 2 69.54545454545455
 0 71.59090909090909
 0 73.63636363636364
 0 75.68181818181819
 0 77.72727272727272
 0 79.77272727272727
 0 81.81818181818181
 0 83.86363636363636
 0 85.90909090909091
 0 87.95454545454545
 0 90


