# Created by Octave 3.8.2, Mon Jun 22 18:30:58 2020 CEST <damian@fptrucha.inv.usc.es>
# name: hd
# type: matrix
# rows: 45
# columns: 2
 6 0
 2443 2.045454545454545
 2 4.090909090909091
 7 6.136363636363637
 2400 8.181818181818182
 322 10.22727272727273
 269 12.27272727272727
 887 14.31818181818182
 2649 16.36363636363636
 298 18.40909090909091
 826 20.45454545454545
 3691 22.5
 2144 24.54545454545455
 3980 26.59090909090909
 1411 28.63636363636364
 1404 30.68181818181818
 1339 32.72727272727273
 1661 34.77272727272727
 1153 36.81818181818182
 2142 38.86363636363636
 2218 40.90909090909091
 859 42.95454545454545
 873 45
 1453 47.04545454545455
 672 49.09090909090909
 535 51.13636363636363
 475 53.18181818181818
 372 55.22727272727273
 311 57.27272727272727
 141 59.31818181818182
 139 61.36363636363636
 68 63.40909090909091
 27 65.45454545454545
 26 67.5
 2 69.54545454545455
 0 71.59090909090909
 0 73.63636363636364
 0 75.68181818181819
 0 77.72727272727272
 0 79.77272727272727
 0 81.81818181818181
 0 83.86363636363636
 0 85.90909090909091
 0 87.95454545454545
 0 90


