# Created by Octave 3.8.2, Sat Jun 20 08:10:58 2020 CEST <damian@fptrucha.inv.usc.es>
# name: hd
# type: matrix
# rows: 45
# columns: 2
 2 0
 2613 2.045454545454545
 3 4.090909090909091
 11 6.136363636363637
 2607 8.181818181818182
 343 10.22727272727273
 293 12.27272727272727
 866 14.31818181818182
 3025 16.36363636363636
 344 18.40909090909091
 889 20.45454545454545
 3994 22.5
 2460 24.54545454545455
 4513 26.59090909090909
 1526 28.63636363636364
 1466 30.68181818181818
 1518 32.72727272727273
 1950 34.77272727272727
 1332 36.81818181818182
 2543 38.86363636363636
 2380 40.90909090909091
 917 42.95454545454545
 916 45
 1563 47.04545454545455
 680 49.09090909090909
 576 51.13636363636363
 512 53.18181818181818
 375 55.22727272727273
 327 57.27272727272727
 129 59.31818181818182
 118 61.36363636363636
 87 63.40909090909091
 18 65.45454545454545
 12 67.5
 3 69.54545454545455
 0 71.59090909090909
 0 73.63636363636364
 0 75.68181818181819
 0 77.72727272727272
 0 79.77272727272727
 0 81.81818181818181
 0 83.86363636363636
 0 85.90909090909091
 0 87.95454545454545
 0 90


