# Created by Octave 3.8.2, Sat Jun 20 23:28:26 2020 CEST <damian@fptrucha.inv.usc.es>
# name: hd
# type: matrix
# rows: 45
# columns: 2
 0 0
 2283 2.045454545454545
 1 4.090909090909091
 4 6.136363636363637
 2251 8.181818181818182
 340 10.22727272727273
 227 12.27272727272727
 752 14.31818181818182
 2567 16.36363636363636
 313 18.40909090909091
 791 20.45454545454545
 3611 22.5
 2055 24.54545454545455
 3971 26.59090909090909
 1322 28.63636363636364
 1230 30.68181818181818
 1247 32.72727272727273
 1607 34.77272727272727
 1093 36.81818181818182
 2047 38.86363636363636
 1958 40.90909090909091
 789 42.95454545454545
 782 45
 1297 47.04545454545455
 592 49.09090909090909
 504 51.13636363636363
 422 53.18181818181818
 316 55.22727272727273
 281 57.27272727272727
 108 59.31818181818182
 81 61.36363636363636
 68 63.40909090909091
 17 65.45454545454545
 9 67.5
 3 69.54545454545455
 0 71.59090909090909
 0 73.63636363636364
 0 75.68181818181819
 0 77.72727272727272
 0 79.77272727272727
 0 81.81818181818181
 0 83.86363636363636
 0 85.90909090909091
 0 87.95454545454545
 0 90


