# Created by Octave 3.8.2, Sat Jun 20 08:19:16 2020 CEST <damian@fptrucha.inv.usc.es>
# name: hd
# type: matrix
# rows: 45
# columns: 2
 2 0
 2777 2.045454545454545
 3 4.090909090909091
 14 6.136363636363637
 2612 8.181818181818182
 355 10.22727272727273
 291 12.27272727272727
 946 14.31818181818182
 2908 16.36363636363636
 348 18.40909090909091
 933 20.45454545454545
 4107 22.5
 2409 24.54545454545455
 4515 26.59090909090909
 1553 28.63636363636364
 1554 30.68181818181818
 1549 32.72727272727273
 2018 34.77272727272727
 1220 36.81818181818182
 2404 38.86363636363636
 2336 40.90909090909091
 884 42.95454545454545
 915 45
 1536 47.04545454545455
 737 49.09090909090909
 616 51.13636363636363
 527 53.18181818181818
 379 55.22727272727273
 335 57.27272727272727
 129 59.31818181818182
 123 61.36363636363636
 81 63.40909090909091
 26 65.45454545454545
 19 67.5
 3 69.54545454545455
 1 71.59090909090909
 0 73.63636363636364
 0 75.68181818181819
 0 77.72727272727272
 0 79.77272727272727
 0 81.81818181818181
 0 83.86363636363636
 0 85.90909090909091
 0 87.95454545454545
 0 90


