# Created by Octave 3.8.2, Sun Jun 21 03:36:45 2020 CEST <damian@fptrucha.inv.usc.es>
# name: hd
# type: matrix
# rows: 45
# columns: 2
 4 0
 2342 2.045454545454545
 2 4.090909090909091
 4 6.136363636363637
 2396 8.181818181818182
 319 10.22727272727273
 224 12.27272727272727
 810 14.31818181818182
 2509 16.36363636363636
 305 18.40909090909091
 801 20.45454545454545
 3646 22.5
 2060 24.54545454545455
 3827 26.59090909090909
 1255 28.63636363636364
 1326 30.68181818181818
 1317 32.72727272727273
 1671 34.77272727272727
 1081 36.81818181818182
 2164 38.86363636363636
 2074 40.90909090909091
 738 42.95454545454545
 772 45
 1236 47.04545454545455
 598 49.09090909090909
 455 51.13636363636363
 427 53.18181818181818
 272 55.22727272727273
 259 57.27272727272727
 116 59.31818181818182
 112 61.36363636363636
 64 63.40909090909091
 20 65.45454545454545
 15 67.5
 1 69.54545454545455
 0 71.59090909090909
 0 73.63636363636364
 0 75.68181818181819
 0 77.72727272727272
 0 79.77272727272727
 0 81.81818181818181
 0 83.86363636363636
 0 85.90909090909091
 0 87.95454545454545
 0 90


