# Created by Octave 3.8.2, Sun Jun 21 00:27:49 2020 CEST <damian@fptrucha.inv.usc.es>
# name: hd
# type: matrix
# rows: 45
# columns: 2
 3 0
 2303 2.045454545454545
 4 4.090909090909091
 11 6.136363636363637
 2276 8.181818181818182
 329 10.22727272727273
 226 12.27272727272727
 737 14.31818181818182
 2573 16.36363636363636
 294 18.40909090909091
 798 20.45454545454545
 3478 22.5
 2055 24.54545454545455
 3853 26.59090909090909
 1311 28.63636363636364
 1245 30.68181818181818
 1292 32.72727272727273
 1709 34.77272727272727
 1041 36.81818181818182
 2049 38.86363636363636
 2031 40.90909090909091
 756 42.95454545454545
 783 45
 1314 47.04545454545455
 570 49.09090909090909
 503 51.13636363636363
 449 53.18181818181818
 271 55.22727272727273
 281 57.27272727272727
 108 59.31818181818182
 90 61.36363636363636
 45 63.40909090909091
 16 65.45454545454545
 10 67.5
 3 69.54545454545455
 0 71.59090909090909
 0 73.63636363636364
 0 75.68181818181819
 0 77.72727272727272
 0 79.77272727272727
 0 81.81818181818181
 0 83.86363636363636
 0 85.90909090909091
 0 87.95454545454545
 0 90


