# Created by Octave 3.8.2, Mon Jun 22 17:19:12 2020 CEST <damian@fptrucha.inv.usc.es>
# name: hd
# type: matrix
# rows: 45
# columns: 2
 5 0
 2340 2.045454545454545
 3 4.090909090909091
 17 6.136363636363637
 2192 8.181818181818182
 321 10.22727272727273
 252 12.27272727272727
 829 14.31818181818182
 2564 16.36363636363636
 295 18.40909090909091
 841 20.45454545454545
 3763 22.5
 2138 24.54545454545455
 3926 26.59090909090909
 1381 28.63636363636364
 1354 30.68181818181818
 1312 32.72727272727273
 1743 34.77272727272727
 1154 36.81818181818182
 2306 38.86363636363636
 2220 40.90909090909091
 853 42.95454545454545
 789 45
 1507 47.04545454545455
 660 49.09090909090909
 547 51.13636363636363
 489 53.18181818181818
 379 55.22727272727273
 342 57.27272727272727
 166 59.31818181818182
 122 61.36363636363636
 85 63.40909090909091
 22 65.45454545454545
 26 67.5
 5 69.54545454545455
 0 71.59090909090909
 0 73.63636363636364
 0 75.68181818181819
 0 77.72727272727272
 0 79.77272727272727
 0 81.81818181818181
 0 83.86363636363636
 0 85.90909090909091
 0 87.95454545454545
 0 90


