# Created by Octave 3.8.2, Sun Jun 21 00:38:17 2020 CEST <damian@fptrucha.inv.usc.es>
# name: hd
# type: matrix
# rows: 45
# columns: 2
 5 0
 2291 2.045454545454545
 5 4.090909090909091
 7 6.136363636363637
 2386 8.181818181818182
 309 10.22727272727273
 244 12.27272727272727
 769 14.31818181818182
 2569 16.36363636363636
 315 18.40909090909091
 749 20.45454545454545
 3509 22.5
 2044 24.54545454545455
 3699 26.59090909090909
 1297 28.63636363636364
 1288 30.68181818181818
 1288 32.72727272727273
 1685 34.77272727272727
 1089 36.81818181818182
 2017 38.86363636363636
 1968 40.90909090909091
 766 42.95454545454545
 779 45
 1353 47.04545454545455
 553 49.09090909090909
 489 51.13636363636363
 408 53.18181818181818
 284 55.22727272727273
 257 57.27272727272727
 111 59.31818181818182
 73 61.36363636363636
 62 63.40909090909091
 13 65.45454545454545
 7 67.5
 2 69.54545454545455
 0 71.59090909090909
 0 73.63636363636364
 0 75.68181818181819
 0 77.72727272727272
 0 79.77272727272727
 0 81.81818181818181
 0 83.86363636363636
 0 85.90909090909091
 0 87.95454545454545
 0 90


