# Created by Octave 3.8.2, Mon Jun 22 04:06:12 2020 CEST <damian@fptrucha.inv.usc.es>
# name: hd
# type: matrix
# rows: 45
# columns: 2
 11 0
 2061 2.045454545454545
 5 4.090909090909091
 6 6.136363636363637
 1891 8.181818181818182
 261 10.22727272727273
 237 12.27272727272727
 730 14.31818181818182
 2280 16.36363636363636
 254 18.40909090909091
 720 20.45454545454545
 3343 22.5
 1898 24.54545454545455
 3565 26.59090909090909
 1258 28.63636363636364
 1177 30.68181818181818
 1220 32.72727272727273
 1463 34.77272727272727
 1004 36.81818181818182
 1998 38.86363636363636
 1978 40.90909090909091
 802 42.95454545454545
 712 45
 1378 47.04545454545455
 600 49.09090909090909
 537 51.13636363636363
 509 53.18181818181818
 362 55.22727272727273
 306 57.27272727272727
 155 59.31818181818182
 133 61.36363636363636
 74 63.40909090909091
 39 65.45454545454545
 19 67.5
 3 69.54545454545455
 0 71.59090909090909
 0 73.63636363636364
 0 75.68181818181819
 0 77.72727272727272
 0 79.77272727272727
 0 81.81818181818181
 0 83.86363636363636
 0 85.90909090909091
 0 87.95454545454545
 0 90


