# Created by Octave 3.8.2, Sat Jun 20 23:24:32 2020 CEST <damian@fptrucha.inv.usc.es>
# name: hd
# type: matrix
# rows: 45
# columns: 2
 2 0
 2421 2.045454545454545
 3 4.090909090909091
 3 6.136363636363637
 2307 8.181818181818182
 358 10.22727272727273
 244 12.27272727272727
 818 14.31818181818182
 2618 16.36363636363636
 317 18.40909090909091
 743 20.45454545454545
 3609 22.5
 2123 24.54545454545455
 3809 26.59090909090909
 1284 28.63636363636364
 1252 30.68181818181818
 1346 32.72727272727273
 1660 34.77272727272727
 1109 36.81818181818182
 2031 38.86363636363636
 2021 40.90909090909091
 780 42.95454545454545
 763 45
 1338 47.04545454545455
 595 49.09090909090909
 523 51.13636363636363
 423 53.18181818181818
 272 55.22727272727273
 279 57.27272727272727
 112 59.31818181818182
 94 61.36363636363636
 58 63.40909090909091
 19 65.45454545454545
 13 67.5
 1 69.54545454545455
 0 71.59090909090909
 0 73.63636363636364
 0 75.68181818181819
 0 77.72727272727272
 0 79.77272727272727
 0 81.81818181818181
 0 83.86363636363636
 0 85.90909090909091
 0 87.95454545454545
 0 90


