# Created by Octave 3.8.2, Sat Jun 20 16:58:29 2020 CEST <damian@fptrucha.inv.usc.es>
# name: hd
# type: matrix
# rows: 45
# columns: 2
 0 0
 2475 2.045454545454545
 2 4.090909090909091
 8 6.136363636363637
 2417 8.181818181818182
 305 10.22727272727273
 259 12.27272727272727
 849 14.31818181818182
 2738 16.36363636363636
 316 18.40909090909091
 843 20.45454545454545
 3654 22.5
 2100 24.54545454545455
 3964 26.59090909090909
 1341 28.63636363636364
 1296 30.68181818181818
 1361 32.72727272727273
 1729 34.77272727272727
 1115 36.81818181818182
 2101 38.86363636363636
 2075 40.90909090909091
 786 42.95454545454545
 813 45
 1375 47.04545454545455
 642 49.09090909090909
 499 51.13636363636363
 446 53.18181818181818
 290 55.22727272727273
 261 57.27272727272727
 119 59.31818181818182
 107 61.36363636363636
 64 63.40909090909091
 16 65.45454545454545
 10 67.5
 2 69.54545454545455
 0 71.59090909090909
 0 73.63636363636364
 0 75.68181818181819
 0 77.72727272727272
 0 79.77272727272727
 0 81.81818181818181
 0 83.86363636363636
 0 85.90909090909091
 0 87.95454545454545
 0 90


