# Created by Octave 3.8.2, Sun Jun 21 08:03:48 2020 CEST <damian@fptrucha.inv.usc.es>
# name: hd
# type: matrix
# rows: 45
# columns: 2
 0 0
 2489 2.045454545454545
 2 4.090909090909091
 6 6.136363636363637
 2372 8.181818181818182
 320 10.22727272727273
 268 12.27272727272727
 816 14.31818181818182
 2572 16.36363636363636
 332 18.40909090909091
 801 20.45454545454545
 3570 22.5
 2194 24.54545454545455
 3875 26.59090909090909
 1407 28.63636363636364
 1412 30.68181818181818
 1355 32.72727272727273
 1617 34.77272727272727
 1094 36.81818181818182
 2159 38.86363636363636
 2159 40.90909090909091
 784 42.95454545454545
 797 45
 1371 47.04545454545455
 586 49.09090909090909
 474 51.13636363636363
 465 53.18181818181818
 307 55.22727272727273
 274 57.27272727272727
 103 59.31818181818182
 118 61.36363636363636
 68 63.40909090909091
 17 65.45454545454545
 14 67.5
 1 69.54545454545455
 0 71.59090909090909
 0 73.63636363636364
 0 75.68181818181819
 0 77.72727272727272
 0 79.77272727272727
 0 81.81818181818181
 0 83.86363636363636
 0 85.90909090909091
 0 87.95454545454545
 0 90


