# Created by Octave 3.8.2, Sun Jun 21 05:17:29 2020 CEST <damian@fptrucha.inv.usc.es>
# name: hd
# type: matrix
# rows: 45
# columns: 2
 4 0
 2355 2.045454545454545
 4 4.090909090909091
 3 6.136363636363637
 2331 8.181818181818182
 305 10.22727272727273
 233 12.27272727272727
 800 14.31818181818182
 2552 16.36363636363636
 321 18.40909090909091
 756 20.45454545454545
 3533 22.5
 2212 24.54545454545455
 3840 26.59090909090909
 1329 28.63636363636364
 1371 30.68181818181818
 1269 32.72727272727273
 1651 34.77272727272727
 1058 36.81818181818182
 2146 38.86363636363636
 2077 40.90909090909091
 804 42.95454545454545
 761 45
 1300 47.04545454545455
 612 49.09090909090909
 500 51.13636363636363
 433 53.18181818181818
 296 55.22727272727273
 255 57.27272727272727
 121 59.31818181818182
 83 61.36363636363636
 69 63.40909090909091
 12 65.45454545454545
 6 67.5
 0 69.54545454545455
 0 71.59090909090909
 0 73.63636363636364
 0 75.68181818181819
 0 77.72727272727272
 0 79.77272727272727
 0 81.81818181818181
 0 83.86363636363636
 0 85.90909090909091
 0 87.95454545454545
 0 90


