# Created by Octave 3.8.2, Sat Jun 20 23:40:36 2020 CEST <damian@fptrucha.inv.usc.es>
# name: hd
# type: matrix
# rows: 45
# columns: 2
 2 0
 2357 2.045454545454545
 4 4.090909090909091
 6 6.136363636363637
 2285 8.181818181818182
 311 10.22727272727273
 220 12.27272727272727
 808 14.31818181818182
 2453 16.36363636363636
 349 18.40909090909091
 787 20.45454545454545
 3493 22.5
 2054 24.54545454545455
 3798 26.59090909090909
 1289 28.63636363636364
 1262 30.68181818181818
 1261 32.72727272727273
 1665 34.77272727272727
 1038 36.81818181818182
 2053 38.86363636363636
 2013 40.90909090909091
 774 42.95454545454545
 775 45
 1316 47.04545454545455
 558 49.09090909090909
 470 51.13636363636363
 395 53.18181818181818
 293 55.22727272727273
 258 57.27272727272727
 109 59.31818181818182
 87 61.36363636363636
 57 63.40909090909091
 17 65.45454545454545
 7 67.5
 2 69.54545454545455
 0 71.59090909090909
 0 73.63636363636364
 0 75.68181818181819
 0 77.72727272727272
 0 79.77272727272727
 0 81.81818181818181
 0 83.86363636363636
 0 85.90909090909091
 0 87.95454545454545
 0 90


