# Created by Octave 3.8.2, Mon Jun 22 02:27:55 2020 CEST <damian@fptrucha.inv.usc.es>
# name: hd
# type: matrix
# rows: 45
# columns: 2
 2 0
 36 2.045454545454545
 3 4.090909090909091
 4 6.136363636363637
 3 8.181818181818182
 0 10.22727272727273
 0 12.27272727272727
 1 14.31818181818182
 2 16.36363636363636
 0 18.40909090909091
 10 20.45454545454545
 22 22.5
 13 24.54545454545455
 8 26.59090909090909
 10 28.63636363636364
 4 30.68181818181818
 2 32.72727272727273
 13 34.77272727272727
 1 36.81818181818182
 16 38.86363636363636
 19 40.90909090909091
 6 42.95454545454545
 14 45
 20 47.04545454545455
 5 49.09090909090909
 11 51.13636363636363
 5 53.18181818181818
 1 55.22727272727273
 7 57.27272727272727
 0 59.31818181818182
 5 61.36363636363636
 5 63.40909090909091
 2 65.45454545454545
 0 67.5
 0 69.54545454545455
 0 71.59090909090909
 0 73.63636363636364
 0 75.68181818181819
 0 77.72727272727272
 0 79.77272727272727
 0 81.81818181818181
 0 83.86363636363636
 0 85.90909090909091
 0 87.95454545454545
 0 90


