# Created by Octave 3.8.2, Mon Jun 22 10:41:09 2020 CEST <damian@fptrucha.inv.usc.es>
# name: hd
# type: matrix
# rows: 45
# columns: 2
 10 0
 2366 2.045454545454545
 5 4.090909090909091
 11 6.136363636363637
 2238 8.181818181818182
 264 10.22727272727273
 235 12.27272727272727
 788 14.31818181818182
 2590 16.36363636363636
 307 18.40909090909091
 814 20.45454545454545
 3533 22.5
 2096 24.54545454545455
 3860 26.59090909090909
 1390 28.63636363636364
 1342 30.68181818181818
 1290 32.72727272727273
 1621 34.77272727272727
 1108 36.81818181818182
 2147 38.86363636363636
 2109 40.90909090909091
 813 42.95454545454545
 791 45
 1354 47.04545454545455
 648 49.09090909090909
 558 51.13636363636363
 484 53.18181818181818
 344 55.22727272727273
 336 57.27272727272727
 153 59.31818181818182
 148 61.36363636363636
 89 63.40909090909091
 27 65.45454545454545
 22 67.5
 5 69.54545454545455
 0 71.59090909090909
 0 73.63636363636364
 0 75.68181818181819
 0 77.72727272727272
 0 79.77272727272727
 0 81.81818181818181
 0 83.86363636363636
 0 85.90909090909091
 0 87.95454545454545
 0 90


