# Created by Octave 3.8.2, Sat Jun 20 10:37:23 2020 CEST <damian@fptrucha.inv.usc.es>
# name: hd
# type: matrix
# rows: 45
# columns: 2
 4 0
 2665 2.045454545454545
 1 4.090909090909091
 8 6.136363636363637
 2472 8.181818181818182
 375 10.22727272727273
 277 12.27272727272727
 882 14.31818181818182
 2898 16.36363636363636
 365 18.40909090909091
 868 20.45454545454545
 3930 22.5
 2344 24.54545454545455
 4471 26.59090909090909
 1416 28.63636363636364
 1483 30.68181818181818
 1488 32.72727272727273
 1829 34.77272727272727
 1244 36.81818181818182
 2408 38.86363636363636
 2344 40.90909090909091
 870 42.95454545454545
 866 45
 1588 47.04545454545455
 660 49.09090909090909
 554 51.13636363636363
 482 53.18181818181818
 323 55.22727272727273
 310 57.27272727272727
 132 59.31818181818182
 110 61.36363636363636
 61 63.40909090909091
 25 65.45454545454545
 12 67.5
 2 69.54545454545455
 1 71.59090909090909
 0 73.63636363636364
 0 75.68181818181819
 0 77.72727272727272
 0 79.77272727272727
 0 81.81818181818181
 0 83.86363636363636
 0 85.90909090909091
 0 87.95454545454545
 0 90


