# Created by Octave 3.8.2, Mon Jun 22 18:45:22 2020 CEST <damian@fptrucha.inv.usc.es>
# name: hd
# type: matrix
# rows: 45
# columns: 2
 3 0
 2389 2.045454545454545
 7 4.090909090909091
 14 6.136363636363637
 2357 8.181818181818182
 293 10.22727272727273
 259 12.27272727272727
 800 14.31818181818182
 2689 16.36363636363636
 304 18.40909090909091
 852 20.45454545454545
 3861 22.5
 2180 24.54545454545455
 4015 26.59090909090909
 1388 28.63636363636364
 1289 30.68181818181818
 1414 32.72727272727273
 1665 34.77272727272727
 1201 36.81818181818182
 2215 38.86363636363636
 2217 40.90909090909091
 858 42.95454545454545
 856 45
 1396 47.04545454545455
 644 49.09090909090909
 572 51.13636363636363
 535 53.18181818181818
 371 55.22727272727273
 336 57.27272727272727
 152 59.31818181818182
 136 61.36363636363636
 86 63.40909090909091
 20 65.45454545454545
 16 67.5
 2 69.54545454545455
 0 71.59090909090909
 0 73.63636363636364
 0 75.68181818181819
 0 77.72727272727272
 0 79.77272727272727
 0 81.81818181818181
 0 83.86363636363636
 0 85.90909090909091
 0 87.95454545454545
 0 90


