# Created by Octave 3.8.2, Sat Jun 20 20:49:26 2020 CEST <damian@fptrucha.inv.usc.es>
# name: hd
# type: matrix
# rows: 45
# columns: 2
 3 0
 2277 2.045454545454545
 5 4.090909090909091
 4 6.136363636363637
 2312 8.181818181818182
 337 10.22727272727273
 267 12.27272727272727
 760 14.31818181818182
 2601 16.36363636363636
 325 18.40909090909091
 769 20.45454545454545
 3523 22.5
 2113 24.54545454545455
 3751 26.59090909090909
 1302 28.63636363636364
 1325 30.68181818181818
 1284 32.72727272727273
 1636 34.77272727272727
 1089 36.81818181818182
 2076 38.86363636363636
 1986 40.90909090909091
 746 42.95454545454545
 746 45
 1320 47.04545454545455
 537 49.09090909090909
 500 51.13636363636363
 412 53.18181818181818
 296 55.22727272727273
 265 57.27272727272727
 113 59.31818181818182
 98 61.36363636363636
 60 63.40909090909091
 22 65.45454545454545
 14 67.5
 5 69.54545454545455
 0 71.59090909090909
 0 73.63636363636364
 0 75.68181818181819
 0 77.72727272727272
 0 79.77272727272727
 0 81.81818181818181
 0 83.86363636363636
 0 85.90909090909091
 0 87.95454545454545
 0 90


