# Created by Octave 3.8.2, Sat Jun 20 15:32:58 2020 CEST <damian@fptrucha.inv.usc.es>
# name: hd
# type: matrix
# rows: 45
# columns: 2
 3 0
 2441 2.045454545454545
 4 4.090909090909091
 8 6.136363636363637
 2385 8.181818181818182
 335 10.22727272727273
 283 12.27272727272727
 841 14.31818181818182
 2642 16.36363636363636
 355 18.40909090909091
 802 20.45454545454545
 3587 22.5
 2223 24.54545454545455
 4074 26.59090909090909
 1394 28.63636363636364
 1340 30.68181818181818
 1315 32.72727272727273
 1686 34.77272727272727
 1163 36.81818181818182
 2248 38.86363636363636
 2089 40.90909090909091
 753 42.95454545454545
 839 45
 1329 47.04545454545455
 628 49.09090909090909
 511 51.13636363636363
 444 53.18181818181818
 328 55.22727272727273
 301 57.27272727272727
 119 59.31818181818182
 103 61.36363636363636
 69 63.40909090909091
 14 65.45454545454545
 11 67.5
 4 69.54545454545455
 0 71.59090909090909
 0 73.63636363636364
 0 75.68181818181819
 0 77.72727272727272
 0 79.77272727272727
 0 81.81818181818181
 0 83.86363636363636
 0 85.90909090909091
 0 87.95454545454545
 0 90


