# Created by Octave 3.8.2, Mon Jun 22 10:50:39 2020 CEST <damian@fptrucha.inv.usc.es>
# name: hd
# type: matrix
# rows: 45
# columns: 2
 4 0
 2285 2.045454545454545
 11 4.090909090909091
 13 6.136363636363637
 2154 8.181818181818182
 287 10.22727272727273
 206 12.27272727272727
 762 14.31818181818182
 2449 16.36363636363636
 294 18.40909090909091
 816 20.45454545454545
 3552 22.5
 2062 24.54545454545455
 3812 26.59090909090909
 1407 28.63636363636364
 1236 30.68181818181818
 1335 32.72727272727273
 1591 34.77272727272727
 1124 36.81818181818182
 2082 38.86363636363636
 2080 40.90909090909091
 812 42.95454545454545
 813 45
 1360 47.04545454545455
 622 49.09090909090909
 558 51.13636363636363
 519 53.18181818181818
 341 55.22727272727273
 311 57.27272727272727
 131 59.31818181818182
 140 61.36363636363636
 95 63.40909090909091
 24 65.45454545454545
 18 67.5
 2 69.54545454545455
 0 71.59090909090909
 0 73.63636363636364
 0 75.68181818181819
 0 77.72727272727272
 0 79.77272727272727
 0 81.81818181818181
 0 83.86363636363636
 0 85.90909090909091
 0 87.95454545454545
 0 90


