# Created by Octave 3.8.2, Mon Jun 22 08:46:34 2020 CEST <damian@fptrucha.inv.usc.es>
# name: hd
# type: matrix
# rows: 45
# columns: 2
 11 0
 2317 2.045454545454545
 9 4.090909090909091
 13 6.136363636363637
 2074 8.181818181818182
 244 10.22727272727273
 261 12.27272727272727
 727 14.31818181818182
 2404 16.36363636363636
 295 18.40909090909091
 780 20.45454545454545
 3530 22.5
 2053 24.54545454545455
 3719 26.59090909090909
 1306 28.63636363636364
 1274 30.68181818181818
 1295 32.72727272727273
 1600 34.77272727272727
 1072 36.81818181818182
 2088 38.86363636363636
 2098 40.90909090909091
 874 42.95454545454545
 742 45
 1278 47.04545454545455
 643 49.09090909090909
 546 51.13636363636363
 453 53.18181818181818
 331 55.22727272727273
 335 57.27272727272727
 145 59.31818181818182
 116 61.36363636363636
 93 63.40909090909091
 32 65.45454545454545
 25 67.5
 3 69.54545454545455
 2 71.59090909090909
 0 73.63636363636364
 0 75.68181818181819
 0 77.72727272727272
 0 79.77272727272727
 0 81.81818181818181
 0 83.86363636363636
 0 85.90909090909091
 0 87.95454545454545
 0 90


