# Created by Octave 3.8.2, Sat Jun 20 03:19:34 2020 CEST <damian@fptrucha.inv.usc.es>
# name: hd
# type: matrix
# rows: 45
# columns: 2
 6 0
 2643 2.045454545454545
 0 4.090909090909091
 11 6.136363636363637
 2548 8.181818181818182
 330 10.22727272727273
 291 12.27272727272727
 860 14.31818181818182
 2893 16.36363636363636
 355 18.40909090909091
 822 20.45454545454545
 3953 22.5
 2318 24.54545454545455
 4153 26.59090909090909
 1493 28.63636363636364
 1472 30.68181818181818
 1470 32.72727272727273
 1761 34.77272727272727
 1153 36.81818181818182
 2233 38.86363636363636
 2151 40.90909090909091
 810 42.95454545454545
 823 45
 1458 47.04545454545455
 618 49.09090909090909
 560 51.13636363636363
 447 53.18181818181818
 297 55.22727272727273
 284 57.27272727272727
 113 59.31818181818182
 102 61.36363636363636
 62 63.40909090909091
 18 65.45454545454545
 6 67.5
 1 69.54545454545455
 0 71.59090909090909
 0 73.63636363636364
 0 75.68181818181819
 0 77.72727272727272
 0 79.77272727272727
 0 81.81818181818181
 0 83.86363636363636
 0 85.90909090909091
 0 87.95454545454545
 0 90


