# Created by Octave 3.8.2, Sun Jun 21 04:38:48 2020 CEST <damian@fptrucha.inv.usc.es>
# name: hd
# type: matrix
# rows: 45
# columns: 2
 1 0
 2311 2.045454545454545
 1 4.090909090909091
 5 6.136363636363637
 2406 8.181818181818182
 300 10.22727272727273
 245 12.27272727272727
 757 14.31818181818182
 2599 16.36363636363636
 281 18.40909090909091
 819 20.45454545454545
 3700 22.5
 2079 24.54545454545455
 3925 26.59090909090909
 1302 28.63636363636364
 1286 30.68181818181818
 1269 32.72727272727273
 1625 34.77272727272727
 1080 36.81818181818182
 2013 38.86363636363636
 2043 40.90909090909091
 779 42.95454545454545
 751 45
 1413 47.04545454545455
 583 49.09090909090909
 448 51.13636363636363
 445 53.18181818181818
 294 55.22727272727273
 288 57.27272727272727
 114 59.31818181818182
 118 61.36363636363636
 59 63.40909090909091
 18 65.45454545454545
 12 67.5
 0 69.54545454545455
 0 71.59090909090909
 0 73.63636363636364
 0 75.68181818181819
 0 77.72727272727272
 0 79.77272727272727
 0 81.81818181818181
 0 83.86363636363636
 0 85.90909090909091
 0 87.95454545454545
 0 90


