# Created by Octave 3.8.2, Sun Jun 21 03:34:33 2020 CEST <damian@fptrucha.inv.usc.es>
# name: hd
# type: matrix
# rows: 45
# columns: 2
 4 0
 2326 2.045454545454545
 2 4.090909090909091
 7 6.136363636363637
 2197 8.181818181818182
 317 10.22727272727273
 211 12.27272727272727
 775 14.31818181818182
 2469 16.36363636363636
 321 18.40909090909091
 757 20.45454545454545
 3443 22.5
 2050 24.54545454545455
 3717 26.59090909090909
 1294 28.63636363636364
 1264 30.68181818181818
 1258 32.72727272727273
 1622 34.77272727272727
 1098 36.81818181818182
 2027 38.86363636363636
 2059 40.90909090909091
 768 42.95454545454545
 736 45
 1291 47.04545454545455
 595 49.09090909090909
 482 51.13636363636363
 419 53.18181818181818
 324 55.22727272727273
 257 57.27272727272727
 99 59.31818181818182
 76 61.36363636363636
 56 63.40909090909091
 23 65.45454545454545
 9 67.5
 0 69.54545454545455
 0 71.59090909090909
 0 73.63636363636364
 0 75.68181818181819
 0 77.72727272727272
 0 79.77272727272727
 0 81.81818181818181
 0 83.86363636363636
 0 85.90909090909091
 0 87.95454545454545
 0 90


