# Created by Octave 3.8.2, Sat Jun 20 15:31:40 2020 CEST <damian@fptrucha.inv.usc.es>
# name: hd
# type: matrix
# rows: 45
# columns: 2
 7 0
 2431 2.045454545454545
 1 4.090909090909091
 10 6.136363636363637
 2370 8.181818181818182
 329 10.22727272727273
 232 12.27272727272727
 814 14.31818181818182
 2576 16.36363636363636
 321 18.40909090909091
 804 20.45454545454545
 3686 22.5
 2206 24.54545454545455
 4112 26.59090909090909
 1342 28.63636363636364
 1366 30.68181818181818
 1400 32.72727272727273
 1702 34.77272727272727
 1160 36.81818181818182
 2150 38.86363636363636
 2048 40.90909090909091
 770 42.95454545454545
 801 45
 1423 47.04545454545455
 641 49.09090909090909
 528 51.13636363636363
 440 53.18181818181818
 306 55.22727272727273
 335 57.27272727272727
 111 59.31818181818182
 111 61.36363636363636
 64 63.40909090909091
 15 65.45454545454545
 6 67.5
 2 69.54545454545455
 0 71.59090909090909
 0 73.63636363636364
 0 75.68181818181819
 0 77.72727272727272
 0 79.77272727272727
 0 81.81818181818181
 0 83.86363636363636
 0 85.90909090909091
 0 87.95454545454545
 0 90


