# Created by Octave 3.8.2, Mon Jun 22 04:57:11 2020 CEST <damian@fptrucha.inv.usc.es>
# name: hd
# type: matrix
# rows: 45
# columns: 2
 4 0
 2092 2.045454545454545
 3 4.090909090909091
 16 6.136363636363637
 1932 8.181818181818182
 276 10.22727272727273
 214 12.27272727272727
 659 14.31818181818182
 2170 16.36363636363636
 280 18.40909090909091
 733 20.45454545454545
 3156 22.5
 1784 24.54545454545455
 3383 26.59090909090909
 1183 28.63636363636364
 1172 30.68181818181818
 1177 32.72727272727273
 1476 34.77272727272727
 1010 36.81818181818182
 1904 38.86363636363636
 2052 40.90909090909091
 853 42.95454545454545
 729 45
 1307 47.04545454545455
 614 49.09090909090909
 517 51.13636363636363
 500 53.18181818181818
 365 55.22727272727273
 334 57.27272727272727
 160 59.31818181818182
 156 61.36363636363636
 78 63.40909090909091
 26 65.45454545454545
 17 67.5
 6 69.54545454545455
 0 71.59090909090909
 0 73.63636363636364
 0 75.68181818181819
 0 77.72727272727272
 0 79.77272727272727
 0 81.81818181818181
 0 83.86363636363636
 0 85.90909090909091
 0 87.95454545454545
 0 90


