# Created by Octave 3.8.2, Sat Jun 20 19:35:37 2020 CEST <damian@fptrucha.inv.usc.es>
# name: hd
# type: matrix
# rows: 45
# columns: 2
 4 0
 2429 2.045454545454545
 3 4.090909090909091
 7 6.136363636363637
 2314 8.181818181818182
 318 10.22727272727273
 222 12.27272727272727
 791 14.31818181818182
 2674 16.36363636363636
 323 18.40909090909091
 794 20.45454545454545
 3612 22.5
 2103 24.54545454545455
 3818 26.59090909090909
 1319 28.63636363636364
 1371 30.68181818181818
 1324 32.72727272727273
 1671 34.77272727272727
 1134 36.81818181818182
 2109 38.86363636363636
 2094 40.90909090909091
 797 42.95454545454545
 766 45
 1366 47.04545454545455
 573 49.09090909090909
 486 51.13636363636363
 446 53.18181818181818
 299 55.22727272727273
 287 57.27272727272727
 120 59.31818181818182
 81 61.36363636363636
 64 63.40909090909091
 9 65.45454545454545
 11 67.5
 0 69.54545454545455
 0 71.59090909090909
 0 73.63636363636364
 0 75.68181818181819
 0 77.72727272727272
 0 79.77272727272727
 0 81.81818181818181
 0 83.86363636363636
 0 85.90909090909091
 0 87.95454545454545
 0 90


