# Created by Octave 3.8.2, Mon Jun 22 20:41:51 2020 CEST <damian@fptrucha.inv.usc.es>
# name: hd
# type: matrix
# rows: 45
# columns: 2
 7 0
 2419 2.045454545454545
 4 4.090909090909091
 8 6.136363636363637
 2342 8.181818181818182
 307 10.22727272727273
 252 12.27272727272727
 812 14.31818181818182
 2625 16.36363636363636
 320 18.40909090909091
 838 20.45454545454545
 3805 22.5
 2185 24.54545454545455
 4205 26.59090909090909
 1328 28.63636363636364
 1390 30.68181818181818
 1382 32.72727272727273
 1689 34.77272727272727
 1162 36.81818181818182
 2210 38.86363636363636
 2240 40.90909090909091
 875 42.95454545454545
 868 45
 1484 47.04545454545455
 650 49.09090909090909
 576 51.13636363636363
 535 53.18181818181818
 354 55.22727272727273
 366 57.27272727272727
 131 59.31818181818182
 166 61.36363636363636
 81 63.40909090909091
 22 65.45454545454545
 19 67.5
 6 69.54545454545455
 0 71.59090909090909
 0 73.63636363636364
 0 75.68181818181819
 0 77.72727272727272
 0 79.77272727272727
 0 81.81818181818181
 0 83.86363636363636
 0 85.90909090909091
 0 87.95454545454545
 0 90


