# Created by Octave 3.8.2, Mon Jun 22 05:01:03 2020 CEST <damian@fptrucha.inv.usc.es>
# name: hd
# type: matrix
# rows: 45
# columns: 2
 10 0
 2006 2.045454545454545
 4 4.090909090909091
 16 6.136363636363637
 1935 8.181818181818182
 255 10.22727272727273
 229 12.27272727272727
 673 14.31818181818182
 2238 16.36363636363636
 247 18.40909090909091
 632 20.45454545454545
 3258 22.5
 1871 24.54545454545455
 3398 26.59090909090909
 1213 28.63636363636364
 1169 30.68181818181818
 1213 32.72727272727273
 1399 34.77272727272727
 976 36.81818181818182
 2036 38.86363636363636
 1985 40.90909090909091
 762 42.95454545454545
 728 45
 1262 47.04545454545455
 606 49.09090909090909
 551 51.13636363636363
 521 53.18181818181818
 337 55.22727272727273
 304 57.27272727272727
 150 59.31818181818182
 155 61.36363636363636
 77 63.40909090909091
 38 65.45454545454545
 24 67.5
 3 69.54545454545455
 0 71.59090909090909
 0 73.63636363636364
 0 75.68181818181819
 0 77.72727272727272
 0 79.77272727272727
 0 81.81818181818181
 0 83.86363636363636
 0 85.90909090909091
 0 87.95454545454545
 0 90


