# Created by Octave 3.8.2, Mon Jun 22 19:14:47 2020 CEST <damian@fptrucha.inv.usc.es>
# name: hd
# type: matrix
# rows: 45
# columns: 2
 1 0
 2450 2.045454545454545
 5 4.090909090909091
 14 6.136363636363637
 2462 8.181818181818182
 271 10.22727272727273
 272 12.27272727272727
 847 14.31818181818182
 2721 16.36363636363636
 271 18.40909090909091
 856 20.45454545454545
 3769 22.5
 2085 24.54545454545455
 4049 26.59090909090909
 1441 28.63636363636364
 1388 30.68181818181818
 1356 32.72727272727273
 1776 34.77272727272727
 1158 36.81818181818182
 2269 38.86363636363636
 2304 40.90909090909091
 820 42.95454545454545
 835 45
 1362 47.04545454545455
 666 49.09090909090909
 576 51.13636363636363
 540 53.18181818181818
 362 55.22727272727273
 334 57.27272727272727
 143 59.31818181818182
 135 61.36363636363636
 68 63.40909090909091
 23 65.45454545454545
 13 67.5
 2 69.54545454545455
 0 71.59090909090909
 0 73.63636363636364
 0 75.68181818181819
 0 77.72727272727272
 0 79.77272727272727
 0 81.81818181818181
 0 83.86363636363636
 0 85.90909090909091
 0 87.95454545454545
 0 90


