# Created by Octave 3.8.2, Mon Jun 22 14:46:53 2020 CEST <damian@fptrucha.inv.usc.es>
# name: hd
# type: matrix
# rows: 45
# columns: 2
 8 0
 2428 2.045454545454545
 4 4.090909090909091
 15 6.136363636363637
 2251 8.181818181818182
 294 10.22727272727273
 245 12.27272727272727
 798 14.31818181818182
 2555 16.36363636363636
 317 18.40909090909091
 828 20.45454545454545
 3655 22.5
 2096 24.54545454545455
 3904 26.59090909090909
 1394 28.63636363636364
 1364 30.68181818181818
 1410 32.72727272727273
 1635 34.77272727272727
 1112 36.81818181818182
 2290 38.86363636363636
 2184 40.90909090909091
 907 42.95454545454545
 845 45
 1422 47.04545454545455
 651 49.09090909090909
 620 51.13636363636363
 499 53.18181818181818
 360 55.22727272727273
 283 57.27272727272727
 151 59.31818181818182
 129 61.36363636363636
 83 63.40909090909091
 27 65.45454545454545
 16 67.5
 2 69.54545454545455
 0 71.59090909090909
 0 73.63636363636364
 0 75.68181818181819
 0 77.72727272727272
 0 79.77272727272727
 0 81.81818181818181
 0 83.86363636363636
 0 85.90909090909091
 0 87.95454545454545
 0 90


