# Created by Octave 3.8.2, Sun Jun 21 08:04:59 2020 CEST <damian@fptrucha.inv.usc.es>
# name: hd
# type: matrix
# rows: 45
# columns: 2
 5 0
 2405 2.045454545454545
 0 4.090909090909091
 10 6.136363636363637
 2367 8.181818181818182
 324 10.22727272727273
 231 12.27272727272727
 846 14.31818181818182
 2619 16.36363636363636
 318 18.40909090909091
 825 20.45454545454545
 3683 22.5
 2152 24.54545454545455
 4017 26.59090909090909
 1359 28.63636363636364
 1385 30.68181818181818
 1377 32.72727272727273
 1702 34.77272727272727
 1100 36.81818181818182
 2156 38.86363636363636
 2071 40.90909090909091
 781 42.95454545454545
 793 45
 1333 47.04545454545455
 603 49.09090909090909
 528 51.13636363636363
 453 53.18181818181818
 308 55.22727272727273
 283 57.27272727272727
 116 59.31818181818182
 101 61.36363636363636
 58 63.40909090909091
 20 65.45454545454545
 11 67.5
 1 69.54545454545455
 0 71.59090909090909
 0 73.63636363636364
 0 75.68181818181819
 0 77.72727272727272
 0 79.77272727272727
 0 81.81818181818181
 0 83.86363636363636
 0 85.90909090909091
 0 87.95454545454545
 0 90


