# Created by Octave 3.8.2, Mon Jun 22 16:25:35 2020 CEST <damian@fptrucha.inv.usc.es>
# name: hd
# type: matrix
# rows: 45
# columns: 2
 7 0
 2315 2.045454545454545
 5 4.090909090909091
 12 6.136363636363637
 2205 8.181818181818182
 294 10.22727272727273
 263 12.27272727272727
 790 14.31818181818182
 2557 16.36363636363636
 316 18.40909090909091
 824 20.45454545454545
 3728 22.5
 2092 24.54545454545455
 3920 26.59090909090909
 1404 28.63636363636364
 1373 30.68181818181818
 1365 32.72727272727273
 1623 34.77272727272727
 1147 36.81818181818182
 2192 38.86363636363636
 2226 40.90909090909091
 873 42.95454545454545
 876 45
 1509 47.04545454545455
 685 49.09090909090909
 577 51.13636363636363
 538 53.18181818181818
 383 55.22727272727273
 337 57.27272727272727
 165 59.31818181818182
 138 61.36363636363636
 102 63.40909090909091
 33 65.45454545454545
 14 67.5
 2 69.54545454545455
 0 71.59090909090909
 0 73.63636363636364
 0 75.68181818181819
 0 77.72727272727272
 0 79.77272727272727
 0 81.81818181818181
 0 83.86363636363636
 0 85.90909090909091
 0 87.95454545454545
 0 90


