# Created by Octave 3.8.2, Sun Jun 21 00:18:08 2020 CEST <damian@fptrucha.inv.usc.es>
# name: hd
# type: matrix
# rows: 45
# columns: 2
 2 0
 2298 2.045454545454545
 3 4.090909090909091
 3 6.136363636363637
 2227 8.181818181818182
 307 10.22727272727273
 235 12.27272727272727
 721 14.31818181818182
 2516 16.36363636363636
 265 18.40909090909091
 747 20.45454545454545
 3523 22.5
 2057 24.54545454545455
 3807 26.59090909090909
 1301 28.63636363636364
 1241 30.68181818181818
 1246 32.72727272727273
 1713 34.77272727272727
 1020 36.81818181818182
 2078 38.86363636363636
 1988 40.90909090909091
 721 42.95454545454545
 778 45
 1310 47.04545454545455
 542 49.09090909090909
 500 51.13636363636363
 421 53.18181818181818
 272 55.22727272727273
 265 57.27272727272727
 118 59.31818181818182
 106 61.36363636363636
 51 63.40909090909091
 15 65.45454545454545
 10 67.5
 4 69.54545454545455
 0 71.59090909090909
 0 73.63636363636364
 0 75.68181818181819
 0 77.72727272727272
 0 79.77272727272727
 0 81.81818181818181
 0 83.86363636363636
 0 85.90909090909091
 0 87.95454545454545
 0 90


