# Created by Octave 3.8.2, Sat Jun 20 23:08:02 2020 CEST <damian@fptrucha.inv.usc.es>
# name: hd
# type: matrix
# rows: 45
# columns: 2
 2 0
 2419 2.045454545454545
 3 4.090909090909091
 11 6.136363636363637
 2318 8.181818181818182
 288 10.22727272727273
 242 12.27272727272727
 816 14.31818181818182
 2592 16.36363636363636
 297 18.40909090909091
 736 20.45454545454545
 3437 22.5
 2131 24.54545454545455
 3765 26.59090909090909
 1294 28.63636363636364
 1250 30.68181818181818
 1242 32.72727272727273
 1674 34.77272727272727
 1058 36.81818181818182
 2040 38.86363636363636
 1991 40.90909090909091
 772 42.95454545454545
 817 45
 1270 47.04545454545455
 614 49.09090909090909
 454 51.13636363636363
 417 53.18181818181818
 252 55.22727272727273
 288 57.27272727272727
 133 59.31818181818182
 97 61.36363636363636
 63 63.40909090909091
 14 65.45454545454545
 15 67.5
 2 69.54545454545455
 0 71.59090909090909
 0 73.63636363636364
 0 75.68181818181819
 0 77.72727272727272
 0 79.77272727272727
 0 81.81818181818181
 0 83.86363636363636
 0 85.90909090909091
 0 87.95454545454545
 0 90


