# Created by Octave 3.8.2, Sat Jun 20 11:37:57 2020 CEST <damian@fptrucha.inv.usc.es>
# name: hd
# type: matrix
# rows: 45
# columns: 2
 1 0
 2632 2.045454545454545
 2 4.090909090909091
 13 6.136363636363637
 2516 8.181818181818182
 321 10.22727272727273
 270 12.27272727272727
 865 14.31818181818182
 2891 16.36363636363636
 390 18.40909090909091
 889 20.45454545454545
 3870 22.5
 2357 24.54545454545455
 4267 26.59090909090909
 1385 28.63636363636364
 1446 30.68181818181818
 1523 32.72727272727273
 1753 34.77272727272727
 1175 36.81818181818182
 2302 38.86363636363636
 2155 40.90909090909091
 876 42.95454545454545
 840 45
 1507 47.04545454545455
 677 49.09090909090909
 536 51.13636363636363
 512 53.18181818181818
 322 55.22727272727273
 324 57.27272727272727
 121 59.31818181818182
 109 61.36363636363636
 79 63.40909090909091
 17 65.45454545454545
 13 67.5
 3 69.54545454545455
 0 71.59090909090909
 0 73.63636363636364
 0 75.68181818181819
 0 77.72727272727272
 0 79.77272727272727
 0 81.81818181818181
 0 83.86363636363636
 0 85.90909090909091
 0 87.95454545454545
 0 90


