# Created by Octave 3.8.2, Sat Jun 20 23:43:14 2020 CEST <damian@fptrucha.inv.usc.es>
# name: hd
# type: matrix
# rows: 45
# columns: 2
 6 0
 2276 2.045454545454545
 3 4.090909090909091
 10 6.136363636363637
 2243 8.181818181818182
 375 10.22727272727273
 235 12.27272727272727
 751 14.31818181818182
 2557 16.36363636363636
 340 18.40909090909091
 767 20.45454545454545
 3379 22.5
 2145 24.54545454545455
 3837 26.59090909090909
 1286 28.63636363636364
 1265 30.68181818181818
 1274 32.72727272727273
 1597 34.77272727272727
 1054 36.81818181818182
 2010 38.86363636363636
 2018 40.90909090909091
 761 42.95454545454545
 787 45
 1373 47.04545454545455
 556 49.09090909090909
 455 51.13636363636363
 382 53.18181818181818
 270 55.22727272727273
 280 57.27272727272727
 113 59.31818181818182
 96 61.36363636363636
 54 63.40909090909091
 21 65.45454545454545
 12 67.5
 2 69.54545454545455
 0 71.59090909090909
 0 73.63636363636364
 0 75.68181818181819
 0 77.72727272727272
 0 79.77272727272727
 0 81.81818181818181
 0 83.86363636363636
 0 85.90909090909091
 0 87.95454545454545
 0 90


