# Created by Octave 3.8.2, Sat Jun 20 09:53:37 2020 CEST <damian@fptrucha.inv.usc.es>
# name: hd
# type: matrix
# rows: 45
# columns: 2
 5 0
 2685 2.045454545454545
 2 4.090909090909091
 10 6.136363636363637
 2616 8.181818181818182
 367 10.22727272727273
 300 12.27272727272727
 877 14.31818181818182
 3014 16.36363636363636
 353 18.40909090909091
 921 20.45454545454545
 4078 22.5
 2425 24.54545454545455
 4516 26.59090909090909
 1504 28.63636363636364
 1484 30.68181818181818
 1473 32.72727272727273
 1824 34.77272727272727
 1237 36.81818181818182
 2378 38.86363636363636
 2328 40.90909090909091
 870 42.95454545454545
 905 45
 1525 47.04545454545455
 678 49.09090909090909
 569 51.13636363636363
 549 53.18181818181818
 337 55.22727272727273
 341 57.27272727272727
 151 59.31818181818182
 133 61.36363636363636
 70 63.40909090909091
 22 65.45454545454545
 14 67.5
 1 69.54545454545455
 0 71.59090909090909
 0 73.63636363636364
 0 75.68181818181819
 0 77.72727272727272
 0 79.77272727272727
 0 81.81818181818181
 0 83.86363636363636
 0 85.90909090909091
 0 87.95454545454545
 0 90


