# Created by Octave 3.8.2, Sat Jun 20 09:03:15 2020 CEST <damian@fptrucha.inv.usc.es>
# name: hd
# type: matrix
# rows: 45
# columns: 2
 5 0
 2757 2.045454545454545
 1 4.090909090909091
 8 6.136363636363637
 2608 8.181818181818182
 386 10.22727272727273
 289 12.27272727272727
 956 14.31818181818182
 3009 16.36363636363636
 357 18.40909090909091
 933 20.45454545454545
 4058 22.5
 2399 24.54545454545455
 4527 26.59090909090909
 1529 28.63636363636364
 1459 30.68181818181818
 1487 32.72727272727273
 1951 34.77272727272727
 1233 36.81818181818182
 2523 38.86363636363636
 2432 40.90909090909091
 954 42.95454545454545
 930 45
 1566 47.04545454545455
 736 49.09090909090909
 562 51.13636363636363
 515 53.18181818181818
 379 55.22727272727273
 338 57.27272727272727
 130 59.31818181818182
 127 61.36363636363636
 76 63.40909090909091
 18 65.45454545454545
 11 67.5
 4 69.54545454545455
 0 71.59090909090909
 0 73.63636363636364
 0 75.68181818181819
 0 77.72727272727272
 0 79.77272727272727
 0 81.81818181818181
 0 83.86363636363636
 0 85.90909090909091
 0 87.95454545454545
 0 90


