# Created by Octave 3.8.2, Sat Jun 20 19:55:57 2020 CEST <damian@fptrucha.inv.usc.es>
# name: hd
# type: matrix
# rows: 45
# columns: 2
 2 0
 1628 2.045454545454545
 2 4.090909090909091
 3 6.136363636363637
 1544 8.181818181818182
 222 10.22727272727273
 178 12.27272727272727
 504 14.31818181818182
 1663 16.36363636363636
 221 18.40909090909091
 526 20.45454545454545
 2366 22.5
 1432 24.54545454545455
 2641 26.59090909090909
 881 28.63636363636364
 863 30.68181818181818
 869 32.72727272727273
 1025 34.77272727272727
 646 36.81818181818182
 1387 38.86363636363636
 1378 40.90909090909091
 501 42.95454545454545
 521 45
 893 47.04545454545455
 380 49.09090909090909
 327 51.13636363636363
 299 53.18181818181818
 208 55.22727272727273
 165 57.27272727272727
 69 59.31818181818182
 68 61.36363636363636
 30 63.40909090909091
 10 65.45454545454545
 10 67.5
 2 69.54545454545455
 0 71.59090909090909
 0 73.63636363636364
 0 75.68181818181819
 0 77.72727272727272
 0 79.77272727272727
 0 81.81818181818181
 0 83.86363636363636
 0 85.90909090909091
 0 87.95454545454545
 0 90


