# Created by Octave 3.8.2, Sat Jun 20 05:49:20 2020 CEST <damian@fptrucha.inv.usc.es>
# name: hd
# type: matrix
# rows: 45
# columns: 2
 3 0
 2578 2.045454545454545
 1 4.090909090909091
 5 6.136363636363637
 2623 8.181818181818182
 345 10.22727272727273
 307 12.27272727272727
 907 14.31818181818182
 2903 16.36363636363636
 364 18.40909090909091
 910 20.45454545454545
 3988 22.5
 2387 24.54545454545455
 4295 26.59090909090909
 1372 28.63636363636364
 1464 30.68181818181818
 1473 32.72727272727273
 1863 34.77272727272727
 1245 36.81818181818182
 2464 38.86363636363636
 2338 40.90909090909091
 936 42.95454545454545
 899 45
 1494 47.04545454545455
 671 49.09090909090909
 559 51.13636363636363
 539 53.18181818181818
 311 55.22727272727273
 334 57.27272727272727
 126 59.31818181818182
 107 61.36363636363636
 76 63.40909090909091
 25 65.45454545454545
 11 67.5
 3 69.54545454545455
 0 71.59090909090909
 0 73.63636363636364
 0 75.68181818181819
 0 77.72727272727272
 0 79.77272727272727
 0 81.81818181818181
 0 83.86363636363636
 0 85.90909090909091
 0 87.95454545454545
 0 90


