# Created by Octave 3.8.2, Sat Jun 20 05:14:37 2020 CEST <damian@fptrucha.inv.usc.es>
# name: hd
# type: matrix
# rows: 45
# columns: 2
 6 0
 2637 2.045454545454545
 1 4.090909090909091
 8 6.136363636363637
 2578 8.181818181818182
 361 10.22727272727273
 262 12.27272727272727
 873 14.31818181818182
 2854 16.36363636363636
 324 18.40909090909091
 857 20.45454545454545
 3941 22.5
 2382 24.54545454545455
 4268 26.59090909090909
 1405 28.63636363636364
 1519 30.68181818181818
 1507 32.72727272727273
 1764 34.77272727272727
 1190 36.81818181818182
 2276 38.86363636363636
 2234 40.90909090909091
 842 42.95454545454545
 869 45
 1423 47.04545454545455
 632 49.09090909090909
 525 51.13636363636363
 489 53.18181818181818
 303 55.22727272727273
 326 57.27272727272727
 138 59.31818181818182
 113 61.36363636363636
 59 63.40909090909091
 19 65.45454545454545
 8 67.5
 1 69.54545454545455
 0 71.59090909090909
 0 73.63636363636364
 0 75.68181818181819
 0 77.72727272727272
 0 79.77272727272727
 0 81.81818181818181
 0 83.86363636363636
 0 85.90909090909091
 0 87.95454545454545
 0 90


