# Created by Octave 3.8.2, Mon Jun 22 16:59:25 2020 CEST <damian@fptrucha.inv.usc.es>
# name: hd
# type: matrix
# rows: 45
# columns: 2
 6 0
 2461 2.045454545454545
 7 4.090909090909091
 22 6.136363636363637
 2307 8.181818181818182
 290 10.22727272727273
 274 12.27272727272727
 803 14.31818181818182
 2614 16.36363636363636
 308 18.40909090909091
 837 20.45454545454545
 3685 22.5
 2175 24.54545454545455
 4082 26.59090909090909
 1394 28.63636363636364
 1335 30.68181818181818
 1292 32.72727272727273
 1681 34.77272727272727
 1140 36.81818181818182
 2218 38.86363636363636
 2100 40.90909090909091
 908 42.95454545454545
 860 45
 1452 47.04545454545455
 653 49.09090909090909
 602 51.13636363636363
 489 53.18181818181818
 373 55.22727272727273
 358 57.27272727272727
 171 59.31818181818182
 135 61.36363636363636
 100 63.40909090909091
 27 65.45454545454545
 20 67.5
 3 69.54545454545455
 0 71.59090909090909
 0 73.63636363636364
 0 75.68181818181819
 0 77.72727272727272
 0 79.77272727272727
 0 81.81818181818181
 0 83.86363636363636
 0 85.90909090909091
 0 87.95454545454545
 0 90


