# Created by Octave 3.8.2, Sun Jun 21 03:37:51 2020 CEST <damian@fptrucha.inv.usc.es>
# name: hd
# type: matrix
# rows: 45
# columns: 2
 4 0
 2357 2.045454545454545
 5 4.090909090909091
 8 6.136363636363637
 2252 8.181818181818182
 301 10.22727272727273
 250 12.27272727272727
 845 14.31818181818182
 2582 16.36363636363636
 310 18.40909090909091
 776 20.45454545454545
 3656 22.5
 2087 24.54545454545455
 3823 26.59090909090909
 1278 28.63636363636364
 1265 30.68181818181818
 1302 32.72727272727273
 1611 34.77272727272727
 1054 36.81818181818182
 2033 38.86363636363636
 2024 40.90909090909091
 760 42.95454545454545
 795 45
 1332 47.04545454545455
 623 49.09090909090909
 537 51.13636363636363
 441 53.18181818181818
 281 55.22727272727273
 290 57.27272727272727
 103 59.31818181818182
 90 61.36363636363636
 59 63.40909090909091
 12 65.45454545454545
 12 67.5
 1 69.54545454545455
 0 71.59090909090909
 0 73.63636363636364
 0 75.68181818181819
 0 77.72727272727272
 0 79.77272727272727
 0 81.81818181818181
 0 83.86363636363636
 0 85.90909090909091
 0 87.95454545454545
 0 90


