# Created by Octave 3.8.2, Sat Jun 20 13:34:47 2020 CEST <damian@fptrucha.inv.usc.es>
# name: hd
# type: matrix
# rows: 45
# columns: 2
 4 0
 2588 2.045454545454545
 2 4.090909090909091
 7 6.136363636363637
 2430 8.181818181818182
 333 10.22727272727273
 269 12.27272727272727
 893 14.31818181818182
 2751 16.36363636363636
 404 18.40909090909091
 838 20.45454545454545
 3837 22.5
 2320 24.54545454545455
 4186 26.59090909090909
 1406 28.63636363636364
 1394 30.68181818181818
 1483 32.72727272727273
 1806 34.77272727272727
 1155 36.81818181818182
 2330 38.86363636363636
 2213 40.90909090909091
 839 42.95454545454545
 845 45
 1469 47.04545454545455
 611 49.09090909090909
 512 51.13636363636363
 446 53.18181818181818
 334 55.22727272727273
 306 57.27272727272727
 131 59.31818181818182
 94 61.36363636363636
 62 63.40909090909091
 17 65.45454545454545
 9 67.5
 3 69.54545454545455
 0 71.59090909090909
 0 73.63636363636364
 0 75.68181818181819
 0 77.72727272727272
 0 79.77272727272727
 0 81.81818181818181
 0 83.86363636363636
 0 85.90909090909091
 0 87.95454545454545
 0 90


