# Created by Octave 3.8.2, Sun Jun 21 04:19:00 2020 CEST <damian@fptrucha.inv.usc.es>
# name: hd
# type: matrix
# rows: 45
# columns: 2
 2 0
 2337 2.045454545454545
 3 4.090909090909091
 5 6.136363636363637
 2234 8.181818181818182
 341 10.22727272727273
 224 12.27272727272727
 791 14.31818181818182
 2491 16.36363636363636
 304 18.40909090909091
 759 20.45454545454545
 3571 22.5
 2050 24.54545454545455
 3860 26.59090909090909
 1283 28.63636363636364
 1247 30.68181818181818
 1331 32.72727272727273
 1638 34.77272727272727
 1091 36.81818181818182
 2073 38.86363636363636
 1984 40.90909090909091
 819 42.95454545454545
 730 45
 1249 47.04545454545455
 634 49.09090909090909
 464 51.13636363636363
 393 53.18181818181818
 251 55.22727272727273
 289 57.27272727272727
 105 59.31818181818182
 93 61.36363636363636
 56 63.40909090909091
 17 65.45454545454545
 10 67.5
 1 69.54545454545455
 0 71.59090909090909
 0 73.63636363636364
 0 75.68181818181819
 0 77.72727272727272
 0 79.77272727272727
 0 81.81818181818181
 0 83.86363636363636
 0 85.90909090909091
 0 87.95454545454545
 0 90


