# Created by Octave 3.8.2, Mon Jun 22 13:10:02 2020 CEST <damian@fptrucha.inv.usc.es>
# name: hd
# type: matrix
# rows: 45
# columns: 2
 8 0
 2449 2.045454545454545
 3 4.090909090909091
 9 6.136363636363637
 2261 8.181818181818182
 283 10.22727272727273
 239 12.27272727272727
 777 14.31818181818182
 2531 16.36363636363636
 297 18.40909090909091
 795 20.45454545454545
 3757 22.5
 2063 24.54545454545455
 3971 26.59090909090909
 1324 28.63636363636364
 1409 30.68181818181818
 1303 32.72727272727273
 1652 34.77272727272727
 1140 36.81818181818182
 2214 38.86363636363636
 2157 40.90909090909091
 867 42.95454545454545
 810 45
 1425 47.04545454545455
 651 49.09090909090909
 594 51.13636363636363
 505 53.18181818181818
 330 55.22727272727273
 325 57.27272727272727
 145 59.31818181818182
 120 61.36363636363636
 73 63.40909090909091
 24 65.45454545454545
 18 67.5
 4 69.54545454545455
 0 71.59090909090909
 0 73.63636363636364
 0 75.68181818181819
 0 77.72727272727272
 0 79.77272727272727
 0 81.81818181818181
 0 83.86363636363636
 0 85.90909090909091
 0 87.95454545454545
 0 90


