# Created by Octave 3.8.2, Mon Jun 22 12:45:11 2020 CEST <damian@fptrucha.inv.usc.es>
# name: hd
# type: matrix
# rows: 45
# columns: 2
 9 0
 2276 2.045454545454545
 1 4.090909090909091
 12 6.136363636363637
 2239 8.181818181818182
 252 10.22727272727273
 264 12.27272727272727
 746 14.31818181818182
 2601 16.36363636363636
 334 18.40909090909091
 844 20.45454545454545
 3524 22.5
 2010 24.54545454545455
 3915 26.59090909090909
 1401 28.63636363636364
 1345 30.68181818181818
 1320 32.72727272727273
 1557 34.77272727272727
 1114 36.81818181818182
 2095 38.86363636363636
 2207 40.90909090909091
 832 42.95454545454545
 822 45
 1405 47.04545454545455
 631 49.09090909090909
 523 51.13636363636363
 499 53.18181818181818
 315 55.22727272727273
 305 57.27272727272727
 137 59.31818181818182
 113 61.36363636363636
 72 63.40909090909091
 21 65.45454545454545
 26 67.5
 1 69.54545454545455
 0 71.59090909090909
 0 73.63636363636364
 0 75.68181818181819
 0 77.72727272727272
 0 79.77272727272727
 0 81.81818181818181
 0 83.86363636363636
 0 85.90909090909091
 0 87.95454545454545
 0 90


