# Created by Octave 3.8.2, Sat Jun 20 13:02:08 2020 CEST <damian@fptrucha.inv.usc.es>
# name: hd
# type: matrix
# rows: 45
# columns: 2
 4 0
 2607 2.045454545454545
 6 4.090909090909091
 8 6.136363636363637
 2402 8.181818181818182
 338 10.22727272727273
 257 12.27272727272727
 894 14.31818181818182
 2835 16.36363636363636
 352 18.40909090909091
 881 20.45454545454545
 3830 22.5
 2301 24.54545454545455
 4197 26.59090909090909
 1432 28.63636363636364
 1413 30.68181818181818
 1454 32.72727272727273
 1799 34.77272727272727
 1161 36.81818181818182
 2333 38.86363636363636
 2204 40.90909090909091
 858 42.95454545454545
 799 45
 1448 47.04545454545455
 667 49.09090909090909
 500 51.13636363636363
 492 53.18181818181818
 331 55.22727272727273
 282 57.27272727272727
 121 59.31818181818182
 93 61.36363636363636
 76 63.40909090909091
 22 65.45454545454545
 12 67.5
 1 69.54545454545455
 0 71.59090909090909
 0 73.63636363636364
 0 75.68181818181819
 0 77.72727272727272
 0 79.77272727272727
 0 81.81818181818181
 0 83.86363636363636
 0 85.90909090909091
 0 87.95454545454545
 0 90


