# Created by Octave 3.8.2, Sat Jun 20 18:25:32 2020 CEST <damian@fptrucha.inv.usc.es>
# name: hd
# type: matrix
# rows: 45
# columns: 2
 4 0
 2421 2.045454545454545
 2 4.090909090909091
 10 6.136363636363637
 2327 8.181818181818182
 325 10.22727272727273
 263 12.27272727272727
 834 14.31818181818182
 2599 16.36363636363636
 318 18.40909090909091
 754 20.45454545454545
 3582 22.5
 2127 24.54545454545455
 3886 26.59090909090909
 1301 28.63636363636364
 1259 30.68181818181818
 1416 32.72727272727273
 1584 34.77272727272727
 1094 36.81818181818182
 2070 38.86363636363636
 2062 40.90909090909091
 755 42.95454545454545
 763 45
 1332 47.04545454545455
 559 49.09090909090909
 511 51.13636363636363
 401 53.18181818181818
 305 55.22727272727273
 254 57.27272727272727
 110 59.31818181818182
 89 61.36363636363636
 51 63.40909090909091
 24 65.45454545454545
 7 67.5
 1 69.54545454545455
 0 71.59090909090909
 0 73.63636363636364
 0 75.68181818181819
 0 77.72727272727272
 0 79.77272727272727
 0 81.81818181818181
 0 83.86363636363636
 0 85.90909090909091
 0 87.95454545454545
 0 90


