# Created by Octave 3.8.2, Sun Jun 21 03:57:17 2020 CEST <damian@fptrucha.inv.usc.es>
# name: hd
# type: matrix
# rows: 45
# columns: 2
 3 0
 2276 2.045454545454545
 2 4.090909090909091
 4 6.136363636363637
 2331 8.181818181818182
 285 10.22727272727273
 233 12.27272727272727
 823 14.31818181818182
 2556 16.36363636363636
 317 18.40909090909091
 800 20.45454545454545
 3333 22.5
 2162 24.54545454545455
 3856 26.59090909090909
 1316 28.63636363636364
 1202 30.68181818181818
 1279 32.72727272727273
 1644 34.77272727272727
 1079 36.81818181818182
 2094 38.86363636363636
 2012 40.90909090909091
 749 42.95454545454545
 801 45
 1262 47.04545454545455
 585 49.09090909090909
 472 51.13636363636363
 429 53.18181818181818
 316 55.22727272727273
 268 57.27272727272727
 129 59.31818181818182
 89 61.36363636363636
 56 63.40909090909091
 20 65.45454545454545
 10 67.5
 1 69.54545454545455
 0 71.59090909090909
 0 73.63636363636364
 0 75.68181818181819
 0 77.72727272727272
 0 79.77272727272727
 0 81.81818181818181
 0 83.86363636363636
 0 85.90909090909091
 0 87.95454545454545
 0 90


