# Created by Octave 3.8.2, Mon Jun 22 05:43:58 2020 CEST <damian@fptrucha.inv.usc.es>
# name: hd
# type: matrix
# rows: 45
# columns: 2
 8 0
 2243 2.045454545454545
 5 4.090909090909091
 16 6.136363636363637
 2064 8.181818181818182
 286 10.22727272727273
 229 12.27272727272727
 729 14.31818181818182
 2297 16.36363636363636
 269 18.40909090909091
 709 20.45454545454545
 3395 22.5
 1915 24.54545454545455
 3566 26.59090909090909
 1298 28.63636363636364
 1239 30.68181818181818
 1254 32.72727272727273
 1486 34.77272727272727
 969 36.81818181818182
 2047 38.86363636363636
 1928 40.90909090909091
 837 42.95454545454545
 732 45
 1286 47.04545454545455
 576 49.09090909090909
 532 51.13636363636363
 425 53.18181818181818
 328 55.22727272727273
 298 57.27272727272727
 143 59.31818181818182
 135 61.36363636363636
 92 63.40909090909091
 24 65.45454545454545
 20 67.5
 2 69.54545454545455
 0 71.59090909090909
 0 73.63636363636364
 0 75.68181818181819
 0 77.72727272727272
 0 79.77272727272727
 0 81.81818181818181
 0 83.86363636363636
 0 85.90909090909091
 0 87.95454545454545
 0 90


