# Created by Octave 3.8.2, Mon Jun 22 01:10:22 2020 CEST <damian@fptrucha.inv.usc.es>
# name: hd
# type: matrix
# rows: 45
# columns: 2
 3 0
 2423 2.045454545454545
 2 4.090909090909091
 2 6.136363636363637
 2342 8.181818181818182
 365 10.22727272727273
 247 12.27272727272727
 792 14.31818181818182
 2619 16.36363636363636
 318 18.40909090909091
 760 20.45454545454545
 3564 22.5
 2122 24.54545454545455
 3978 26.59090909090909
 1340 28.63636363636364
 1304 30.68181818181818
 1357 32.72727272727273
 1649 34.77272727272727
 1122 36.81818181818182
 2076 38.86363636363636
 2068 40.90909090909091
 786 42.95454545454545
 741 45
 1264 47.04545454545455
 603 49.09090909090909
 484 51.13636363636363
 419 53.18181818181818
 280 55.22727272727273
 247 57.27272727272727
 109 59.31818181818182
 83 61.36363636363636
 45 63.40909090909091
 20 65.45454545454545
 9 67.5
 1 69.54545454545455
 1 71.59090909090909
 0 73.63636363636364
 0 75.68181818181819
 0 77.72727272727272
 0 79.77272727272727
 0 81.81818181818181
 0 83.86363636363636
 0 85.90909090909091
 0 87.95454545454545
 0 90


