# Created by Octave 3.8.2, Sun Jun 21 03:30:07 2020 CEST <damian@fptrucha.inv.usc.es>
# name: hd
# type: matrix
# rows: 45
# columns: 2
 2 0
 2258 2.045454545454545
 1 4.090909090909091
 9 6.136363636363637
 2312 8.181818181818182
 287 10.22727272727273
 224 12.27272727272727
 781 14.31818181818182
 2498 16.36363636363636
 331 18.40909090909091
 789 20.45454545454545
 3309 22.5
 2164 24.54545454545455
 3860 26.59090909090909
 1337 28.63636363636364
 1234 30.68181818181818
 1284 32.72727272727273
 1538 34.77272727272727
 1068 36.81818181818182
 2103 38.86363636363636
 2066 40.90909090909091
 719 42.95454545454545
 834 45
 1328 47.04545454545455
 554 49.09090909090909
 481 51.13636363636363
 399 53.18181818181818
 293 55.22727272727273
 256 57.27272727272727
 97 59.31818181818182
 94 61.36363636363636
 50 63.40909090909091
 10 65.45454545454545
 11 67.5
 0 69.54545454545455
 0 71.59090909090909
 0 73.63636363636364
 0 75.68181818181819
 0 77.72727272727272
 0 79.77272727272727
 0 81.81818181818181
 0 83.86363636363636
 0 85.90909090909091
 0 87.95454545454545
 0 90


