# Created by Octave 3.8.2, Sat Jun 20 13:20:53 2020 CEST <damian@fptrucha.inv.usc.es>
# name: hd
# type: matrix
# rows: 45
# columns: 2
 5 0
 2583 2.045454545454545
 3 4.090909090909091
 6 6.136363636363637
 2448 8.181818181818182
 349 10.22727272727273
 234 12.27272727272727
 916 14.31818181818182
 2686 16.36363636363636
 361 18.40909090909091
 819 20.45454545454545
 3946 22.5
 2266 24.54545454545455
 4315 26.59090909090909
 1395 28.63636363636364
 1472 30.68181818181818
 1390 32.72727272727273
 1845 34.77272727272727
 1207 36.81818181818182
 2255 38.86363636363636
 2209 40.90909090909091
 848 42.95454545454545
 834 45
 1429 47.04545454545455
 689 49.09090909090909
 501 51.13636363636363
 462 53.18181818181818
 333 55.22727272727273
 340 57.27272727272727
 112 59.31818181818182
 104 61.36363636363636
 62 63.40909090909091
 18 65.45454545454545
 12 67.5
 0 69.54545454545455
 0 71.59090909090909
 0 73.63636363636364
 0 75.68181818181819
 0 77.72727272727272
 0 79.77272727272727
 0 81.81818181818181
 0 83.86363636363636
 0 85.90909090909091
 0 87.95454545454545
 0 90


