# Created by Octave 3.8.2, Mon Jun 22 02:40:41 2020 CEST <damian@fptrucha.inv.usc.es>
# name: hd
# type: matrix
# rows: 45
# columns: 2
 6 0
 2178 2.045454545454545
 6 4.090909090909091
 12 6.136363636363637
 2079 8.181818181818182
 287 10.22727272727273
 205 12.27272727272727
 752 14.31818181818182
 2290 16.36363636363636
 263 18.40909090909091
 754 20.45454545454545
 3287 22.5
 1856 24.54545454545455
 3651 26.59090909090909
 1223 28.63636363636364
 1258 30.68181818181818
 1236 32.72727272727273
 1516 34.77272727272727
 1051 36.81818181818182
 2030 38.86363636363636
 2032 40.90909090909091
 766 42.95454545454545
 736 45
 1282 47.04545454545455
 578 49.09090909090909
 522 51.13636363636363
 474 53.18181818181818
 326 55.22727272727273
 343 57.27272727272727
 140 59.31818181818182
 139 61.36363636363636
 84 63.40909090909091
 27 65.45454545454545
 18 67.5
 6 69.54545454545455
 0 71.59090909090909
 0 73.63636363636364
 0 75.68181818181819
 0 77.72727272727272
 0 79.77272727272727
 0 81.81818181818181
 0 83.86363636363636
 0 85.90909090909091
 0 87.95454545454545
 0 90


