# Created by Octave 3.8.2, Mon Jun 22 08:14:19 2020 CEST <damian@fptrucha.inv.usc.es>
# name: hd
# type: matrix
# rows: 45
# columns: 2
 4 0
 2252 2.045454545454545
 8 4.090909090909091
 12 6.136363636363637
 2147 8.181818181818182
 263 10.22727272727273
 271 12.27272727272727
 753 14.31818181818182
 2378 16.36363636363636
 261 18.40909090909091
 763 20.45454545454545
 3577 22.5
 1980 24.54545454545455
 3743 26.59090909090909
 1277 28.63636363636364
 1257 30.68181818181818
 1304 32.72727272727273
 1606 34.77272727272727
 1074 36.81818181818182
 2130 38.86363636363636
 2110 40.90909090909091
 848 42.95454545454545
 782 45
 1374 47.04545454545455
 631 49.09090909090909
 573 51.13636363636363
 473 53.18181818181818
 349 55.22727272727273
 305 57.27272727272727
 130 59.31818181818182
 121 61.36363636363636
 82 63.40909090909091
 24 65.45454545454545
 16 67.5
 1 69.54545454545455
 0 71.59090909090909
 0 73.63636363636364
 0 75.68181818181819
 0 77.72727272727272
 0 79.77272727272727
 0 81.81818181818181
 0 83.86363636363636
 0 85.90909090909091
 0 87.95454545454545
 0 90


