# Created by Octave 3.8.2, Sun Jun 21 04:24:07 2020 CEST <damian@fptrucha.inv.usc.es>
# name: hd
# type: matrix
# rows: 45
# columns: 2
 2 0
 2303 2.045454545454545
 4 4.090909090909091
 11 6.136363636363637
 2377 8.181818181818182
 290 10.22727272727273
 248 12.27272727272727
 782 14.31818181818182
 2628 16.36363636363636
 341 18.40909090909091
 762 20.45454545454545
 3459 22.5
 2020 24.54545454545455
 3868 26.59090909090909
 1320 28.63636363636364
 1248 30.68181818181818
 1251 32.72727272727273
 1623 34.77272727272727
 1077 36.81818181818182
 2019 38.86363636363636
 2026 40.90909090909091
 726 42.95454545454545
 801 45
 1308 47.04545454545455
 609 49.09090909090909
 511 51.13636363636363
 412 53.18181818181818
 293 55.22727272727273
 284 57.27272727272727
 105 59.31818181818182
 82 61.36363636363636
 69 63.40909090909091
 11 65.45454545454545
 12 67.5
 3 69.54545454545455
 0 71.59090909090909
 0 73.63636363636364
 0 75.68181818181819
 0 77.72727272727272
 0 79.77272727272727
 0 81.81818181818181
 0 83.86363636363636
 0 85.90909090909091
 0 87.95454545454545
 0 90


