# Created by Octave 3.8.2, Mon Jun 22 05:06:44 2020 CEST <damian@fptrucha.inv.usc.es>
# name: hd
# type: matrix
# rows: 45
# columns: 2
 8 0
 2171 2.045454545454545
 2 4.090909090909091
 4 6.136363636363637
 1884 8.181818181818182
 273 10.22727272727273
 248 12.27272727272727
 675 14.31818181818182
 2254 16.36363636363636
 289 18.40909090909091
 712 20.45454545454545
 3196 22.5
 1834 24.54545454545455
 3537 26.59090909090909
 1210 28.63636363636364
 1181 30.68181818181818
 1197 32.72727272727273
 1405 34.77272727272727
 1000 36.81818181818182
 2032 38.86363636363636
 1979 40.90909090909091
 797 42.95454545454545
 747 45
 1366 47.04545454545455
 627 49.09090909090909
 572 51.13636363636363
 494 53.18181818181818
 387 55.22727272727273
 340 57.27272727272727
 138 59.31818181818182
 121 61.36363636363636
 84 63.40909090909091
 30 65.45454545454545
 18 67.5
 1 69.54545454545455
 0 71.59090909090909
 0 73.63636363636364
 0 75.68181818181819
 0 77.72727272727272
 0 79.77272727272727
 0 81.81818181818181
 0 83.86363636363636
 0 85.90909090909091
 0 87.95454545454545
 0 90


