# Created by Octave 3.8.2, Mon Jun 22 06:46:11 2020 CEST <damian@fptrucha.inv.usc.es>
# name: hd
# type: matrix
# rows: 45
# columns: 2
 6 0
 2169 2.045454545454545
 9 4.090909090909091
 8 6.136363636363637
 2013 8.181818181818182
 238 10.22727272727273
 242 12.27272727272727
 688 14.31818181818182
 2290 16.36363636363636
 294 18.40909090909091
 773 20.45454545454545
 3412 22.5
 1948 24.54545454545455
 3586 26.59090909090909
 1190 28.63636363636364
 1245 30.68181818181818
 1287 32.72727272727273
 1555 34.77272727272727
 1015 36.81818181818182
 1980 38.86363636363636
 2087 40.90909090909091
 865 42.95454545454545
 747 45
 1337 47.04545454545455
 643 49.09090909090909
 549 51.13636363636363
 501 53.18181818181818
 310 55.22727272727273
 313 57.27272727272727
 162 59.31818181818182
 144 61.36363636363636
 85 63.40909090909091
 27 65.45454545454545
 12 67.5
 2 69.54545454545455
 2 71.59090909090909
 0 73.63636363636364
 0 75.68181818181819
 0 77.72727272727272
 0 79.77272727272727
 0 81.81818181818181
 0 83.86363636363636
 0 85.90909090909091
 0 87.95454545454545
 0 90


