# Created by Octave 3.8.2, Mon Jun 22 18:35:30 2020 CEST <damian@fptrucha.inv.usc.es>
# name: hd
# type: matrix
# rows: 45
# columns: 2
 4 0
 2372 2.045454545454545
 7 4.090909090909091
 6 6.136363636363637
 2311 8.181818181818182
 288 10.22727272727273
 293 12.27272727272727
 829 14.31818181818182
 2719 16.36363636363636
 324 18.40909090909091
 853 20.45454545454545
 3825 22.5
 2154 24.54545454545455
 3920 26.59090909090909
 1368 28.63636363636364
 1366 30.68181818181818
 1372 32.72727272727273
 1759 34.77272727272727
 1106 36.81818181818182
 2249 38.86363636363636
 2185 40.90909090909091
 878 42.95454545454545
 857 45
 1413 47.04545454545455
 593 49.09090909090909
 595 51.13636363636363
 503 53.18181818181818
 355 55.22727272727273
 331 57.27272727272727
 130 59.31818181818182
 125 61.36363636363636
 81 63.40909090909091
 31 65.45454545454545
 27 67.5
 2 69.54545454545455
 0 71.59090909090909
 0 73.63636363636364
 0 75.68181818181819
 0 77.72727272727272
 0 79.77272727272727
 0 81.81818181818181
 0 83.86363636363636
 0 85.90909090909091
 0 87.95454545454545
 0 90


