# Created by Octave 3.8.2, Mon Jun 22 15:16:10 2020 CEST <damian@fptrucha.inv.usc.es>
# name: hd
# type: matrix
# rows: 45
# columns: 2
 5 0
 2423 2.045454545454545
 8 4.090909090909091
 7 6.136363636363637
 2282 8.181818181818182
 300 10.22727272727273
 276 12.27272727272727
 826 14.31818181818182
 2529 16.36363636363636
 314 18.40909090909091
 832 20.45454545454545
 3801 22.5
 2176 24.54545454545455
 4060 26.59090909090909
 1336 28.63636363636364
 1362 30.68181818181818
 1410 32.72727272727273
 1728 34.77272727272727
 1140 36.81818181818182
 2229 38.86363636363636
 2267 40.90909090909091
 858 42.95454545454545
 827 45
 1428 47.04545454545455
 686 49.09090909090909
 598 51.13636363636363
 491 53.18181818181818
 365 55.22727272727273
 321 57.27272727272727
 135 59.31818181818182
 147 61.36363636363636
 85 63.40909090909091
 11 65.45454545454545
 8 67.5
 5 69.54545454545455
 0 71.59090909090909
 0 73.63636363636364
 0 75.68181818181819
 0 77.72727272727272
 0 79.77272727272727
 0 81.81818181818181
 0 83.86363636363636
 0 85.90909090909091
 0 87.95454545454545
 0 90


