# Created by Octave 3.8.2, Mon Jun 22 09:36:27 2020 CEST <damian@fptrucha.inv.usc.es>
# name: hd
# type: matrix
# rows: 45
# columns: 2
 6 0
 2350 2.045454545454545
 3 4.090909090909091
 9 6.136363636363637
 2215 8.181818181818182
 284 10.22727272727273
 246 12.27272727272727
 769 14.31818181818182
 2468 16.36363636363636
 280 18.40909090909091
 792 20.45454545454545
 3603 22.5
 2035 24.54545454545455
 3710 26.59090909090909
 1328 28.63636363636364
 1266 30.68181818181818
 1326 32.72727272727273
 1581 34.77272727272727
 1064 36.81818181818182
 2088 38.86363636363636
 2008 40.90909090909091
 818 42.95454545454545
 825 45
 1314 47.04545454545455
 653 49.09090909090909
 536 51.13636363636363
 461 53.18181818181818
 331 55.22727272727273
 330 57.27272727272727
 134 59.31818181818182
 135 61.36363636363636
 65 63.40909090909091
 33 65.45454545454545
 21 67.5
 3 69.54545454545455
 0 71.59090909090909
 0 73.63636363636364
 0 75.68181818181819
 0 77.72727272727272
 0 79.77272727272727
 0 81.81818181818181
 0 83.86363636363636
 0 85.90909090909091
 0 87.95454545454545
 0 90


