# Created by Octave 3.8.2, Mon Jun 22 17:04:59 2020 CEST <damian@fptrucha.inv.usc.es>
# name: hd
# type: matrix
# rows: 45
# columns: 2
 7 0
 2374 2.045454545454545
 6 4.090909090909091
 14 6.136363636363637
 2265 8.181818181818182
 255 10.22727272727273
 257 12.27272727272727
 785 14.31818181818182
 2551 16.36363636363636
 305 18.40909090909091
 820 20.45454545454545
 3672 22.5
 2187 24.54545454545455
 3940 26.59090909090909
 1334 28.63636363636364
 1387 30.68181818181818
 1377 32.72727272727273
 1665 34.77272727272727
 1119 36.81818181818182
 2222 38.86363636363636
 2139 40.90909090909091
 839 42.95454545454545
 845 45
 1422 47.04545454545455
 698 49.09090909090909
 588 51.13636363636363
 479 53.18181818181818
 378 55.22727272727273
 334 57.27272727272727
 159 59.31818181818182
 148 61.36363636363636
 90 63.40909090909091
 28 65.45454545454545
 9 67.5
 3 69.54545454545455
 1 71.59090909090909
 0 73.63636363636364
 0 75.68181818181819
 0 77.72727272727272
 0 79.77272727272727
 0 81.81818181818181
 0 83.86363636363636
 0 85.90909090909091
 0 87.95454545454545
 0 90


