# Created by Octave 3.8.2, Mon Jun 22 21:08:24 2020 CEST <damian@fptrucha.inv.usc.es>
# name: hd
# type: matrix
# rows: 45
# columns: 2
 8 0
 2513 2.045454545454545
 4 4.090909090909091
 11 6.136363636363637
 2422 8.181818181818182
 317 10.22727272727273
 291 12.27272727272727
 833 14.31818181818182
 2752 16.36363636363636
 322 18.40909090909091
 883 20.45454545454545
 3762 22.5
 2241 24.54545454545455
 4123 26.59090909090909
 1388 28.63636363636364
 1409 30.68181818181818
 1467 32.72727272727273
 1691 34.77272727272727
 1161 36.81818181818182
 2280 38.86363636363636
 2183 40.90909090909091
 922 42.95454545454545
 838 45
 1522 47.04545454545455
 693 49.09090909090909
 589 51.13636363636363
 545 53.18181818181818
 375 55.22727272727273
 338 57.27272727272727
 146 59.31818181818182
 126 61.36363636363636
 84 63.40909090909091
 35 65.45454545454545
 17 67.5
 2 69.54545454545455
 1 71.59090909090909
 0 73.63636363636364
 0 75.68181818181819
 0 77.72727272727272
 0 79.77272727272727
 0 81.81818181818181
 0 83.86363636363636
 0 85.90909090909091
 0 87.95454545454545
 0 90


