# Created by Octave 3.8.2, Sat Jun 20 07:39:03 2020 CEST <damian@fptrucha.inv.usc.es>
# name: hd
# type: matrix
# rows: 45
# columns: 2
 1 0
 2668 2.045454545454545
 1 4.090909090909091
 6 6.136363636363637
 2605 8.181818181818182
 356 10.22727272727273
 293 12.27272727272727
 857 14.31818181818182
 2931 16.36363636363636
 365 18.40909090909091
 865 20.45454545454545
 4117 22.5
 2467 24.54545454545455
 4465 26.59090909090909
 1533 28.63636363636364
 1452 30.68181818181818
 1507 32.72727272727273
 1864 34.77272727272727
 1243 36.81818181818182
 2345 38.86363636363636
 2357 40.90909090909091
 894 42.95454545454545
 849 45
 1583 47.04545454545455
 671 49.09090909090909
 552 51.13636363636363
 524 53.18181818181818
 346 55.22727272727273
 333 57.27272727272727
 124 59.31818181818182
 102 61.36363636363636
 81 63.40909090909091
 26 65.45454545454545
 12 67.5
 1 69.54545454545455
 0 71.59090909090909
 0 73.63636363636364
 0 75.68181818181819
 0 77.72727272727272
 0 79.77272727272727
 0 81.81818181818181
 0 83.86363636363636
 0 85.90909090909091
 0 87.95454545454545
 0 90


