# Created by Octave 3.8.2, Sat Jun 20 10:09:04 2020 CEST <damian@fptrucha.inv.usc.es>
# name: hd
# type: matrix
# rows: 45
# columns: 2
 1 0
 2579 2.045454545454545
 2 4.090909090909091
 6 6.136363636363637
 2694 8.181818181818182
 331 10.22727272727273
 253 12.27272727272727
 866 14.31818181818182
 2932 16.36363636363636
 379 18.40909090909091
 866 20.45454545454545
 4095 22.5
 2328 24.54545454545455
 4473 26.59090909090909
 1456 28.63636363636364
 1446 30.68181818181818
 1497 32.72727272727273
 1875 34.77272727272727
 1260 36.81818181818182
 2403 38.86363636363636
 2329 40.90909090909091
 900 42.95454545454545
 840 45
 1510 47.04545454545455
 671 49.09090909090909
 579 51.13636363636363
 535 53.18181818181818
 353 55.22727272727273
 309 57.27272727272727
 144 59.31818181818182
 119 61.36363636363636
 87 63.40909090909091
 27 65.45454545454545
 16 67.5
 1 69.54545454545455
 0 71.59090909090909
 0 73.63636363636364
 0 75.68181818181819
 0 77.72727272727272
 0 79.77272727272727
 0 81.81818181818181
 0 83.86363636363636
 0 85.90909090909091
 0 87.95454545454545
 0 90


