# Created by Octave 3.8.2, Mon Jun 22 11:41:07 2020 CEST <damian@fptrucha.inv.usc.es>
# name: hd
# type: matrix
# rows: 45
# columns: 2
 5 0
 2306 2.045454545454545
 8 4.090909090909091
 8 6.136363636363637
 2202 8.181818181818182
 286 10.22727272727273
 269 12.27272727272727
 722 14.31818181818182
 2477 16.36363636363636
 287 18.40909090909091
 789 20.45454545454545
 3599 22.5
 1988 24.54545454545455
 3764 26.59090909090909
 1366 28.63636363636364
 1330 30.68181818181818
 1282 32.72727272727273
 1679 34.77272727272727
 1089 36.81818181818182
 2016 38.86363636363636
 2108 40.90909090909091
 805 42.95454545454545
 860 45
 1345 47.04545454545455
 662 49.09090909090909
 568 51.13636363636363
 518 53.18181818181818
 366 55.22727272727273
 314 57.27272727272727
 153 59.31818181818182
 138 61.36363636363636
 70 63.40909090909091
 26 65.45454545454545
 11 67.5
 4 69.54545454545455
 1 71.59090909090909
 0 73.63636363636364
 0 75.68181818181819
 0 77.72727272727272
 0 79.77272727272727
 0 81.81818181818181
 0 83.86363636363636
 0 85.90909090909091
 0 87.95454545454545
 0 90


