# Created by Octave 3.8.2, Tue Jun 23 00:23:08 2020 CEST <damian@fptrucha.inv.usc.es>
# name: hd
# type: matrix
# rows: 45
# columns: 2
 3 0
 2447 2.045454545454545
 2 4.090909090909091
 11 6.136363636363637
 2436 8.181818181818182
 300 10.22727272727273
 293 12.27272727272727
 818 14.31818181818182
 2693 16.36363636363636
 335 18.40909090909091
 834 20.45454545454545
 3870 22.5
 2146 24.54545454545455
 4152 26.59090909090909
 1390 28.63636363636364
 1452 30.68181818181818
 1417 32.72727272727273
 1737 34.77272727272727
 1228 36.81818181818182
 2300 38.86363636363636
 2270 40.90909090909091
 890 42.95454545454545
 885 45
 1531 47.04545454545455
 688 49.09090909090909
 575 51.13636363636363
 523 53.18181818181818
 362 55.22727272727273
 321 57.27272727272727
 155 59.31818181818182
 125 61.36363636363636
 86 63.40909090909091
 26 65.45454545454545
 20 67.5
 2 69.54545454545455
 0 71.59090909090909
 0 73.63636363636364
 0 75.68181818181819
 0 77.72727272727272
 0 79.77272727272727
 0 81.81818181818181
 0 83.86363636363636
 0 85.90909090909091
 0 87.95454545454545
 0 90


