# Created by Octave 3.8.2, Sun Jun 21 03:41:52 2020 CEST <damian@fptrucha.inv.usc.es>
# name: hd
# type: matrix
# rows: 45
# columns: 2
 2 0
 1511 2.045454545454545
 1 4.090909090909091
 6 6.136363636363637
 1532 8.181818181818182
 208 10.22727272727273
 150 12.27272727272727
 507 14.31818181818182
 1699 16.36363636363636
 238 18.40909090909091
 506 20.45454545454545
 2324 22.5
 1387 24.54545454545455
 2544 26.59090909090909
 834 28.63636363636364
 876 30.68181818181818
 909 32.72727272727273
 1123 34.77272727272727
 689 36.81818181818182
 1385 38.86363636363636
 1336 40.90909090909091
 523 42.95454545454545
 501 45
 883 47.04545454545455
 350 49.09090909090909
 313 51.13636363636363
 273 53.18181818181818
 162 55.22727272727273
 171 57.27272727272727
 61 59.31818181818182
 49 61.36363636363636
 39 63.40909090909091
 11 65.45454545454545
 6 67.5
 2 69.54545454545455
 0 71.59090909090909
 0 73.63636363636364
 0 75.68181818181819
 0 77.72727272727272
 0 79.77272727272727
 0 81.81818181818181
 0 83.86363636363636
 0 85.90909090909091
 0 87.95454545454545
 0 90


