# Created by Octave 3.8.2, Mon Jun 22 21:39:51 2020 CEST <damian@fptrucha.inv.usc.es>
# name: hd
# type: matrix
# rows: 45
# columns: 2
 8 0
 2480 2.045454545454545
 7 4.090909090909091
 7 6.136363636363637
 2407 8.181818181818182
 290 10.22727272727273
 253 12.27272727272727
 788 14.31818181818182
 2585 16.36363636363636
 310 18.40909090909091
 862 20.45454545454545
 3841 22.5
 2128 24.54545454545455
 4197 26.59090909090909
 1469 28.63636363636364
 1412 30.68181818181818
 1352 32.72727272727273
 1719 34.77272727272727
 1210 36.81818181818182
 2304 38.86363636363636
 2258 40.90909090909091
 924 42.95454545454545
 869 45
 1527 47.04545454545455
 687 49.09090909090909
 557 51.13636363636363
 545 53.18181818181818
 333 55.22727272727273
 311 57.27272727272727
 126 59.31818181818182
 140 61.36363636363636
 71 63.40909090909091
 23 65.45454545454545
 20 67.5
 5 69.54545454545455
 0 71.59090909090909
 0 73.63636363636364
 0 75.68181818181819
 0 77.72727272727272
 0 79.77272727272727
 0 81.81818181818181
 0 83.86363636363636
 0 85.90909090909091
 0 87.95454545454545
 0 90


