# Created by Octave 3.8.2, Mon Jun 22 09:53:11 2020 CEST <damian@fptrucha.inv.usc.es>
# name: hd
# type: matrix
# rows: 45
# columns: 2
 8 0
 2366 2.045454545454545
 4 4.090909090909091
 7 6.136363636363637
 2171 8.181818181818182
 292 10.22727272727273
 237 12.27272727272727
 706 14.31818181818182
 2626 16.36363636363636
 295 18.40909090909091
 805 20.45454545454545
 3523 22.5
 1969 24.54545454545455
 3765 26.59090909090909
 1345 28.63636363636364
 1281 30.68181818181818
 1301 32.72727272727273
 1682 34.77272727272727
 1054 36.81818181818182
 2180 38.86363636363636
 2140 40.90909090909091
 825 42.95454545454545
 816 45
 1336 47.04545454545455
 640 49.09090909090909
 588 51.13636363636363
 475 53.18181818181818
 329 55.22727272727273
 332 57.27272727272727
 142 59.31818181818182
 118 61.36363636363636
 104 63.40909090909091
 26 65.45454545454545
 23 67.5
 1 69.54545454545455
 0 71.59090909090909
 0 73.63636363636364
 0 75.68181818181819
 0 77.72727272727272
 0 79.77272727272727
 0 81.81818181818181
 0 83.86363636363636
 0 85.90909090909091
 0 87.95454545454545
 0 90


