# Created by Octave 3.8.2, Mon Jun 22 01:23:05 2020 CEST <damian@fptrucha.inv.usc.es>
# name: hd
# type: matrix
# rows: 45
# columns: 2
 3 0
 2283 2.045454545454545
 2 4.090909090909091
 5 6.136363636363637
 2302 8.181818181818182
 300 10.22727272727273
 233 12.27272727272727
 745 14.31818181818182
 2673 16.36363636363636
 308 18.40909090909091
 782 20.45454545454545
 3482 22.5
 1998 24.54545454545455
 3848 26.59090909090909
 1281 28.63636363636364
 1240 30.68181818181818
 1320 32.72727272727273
 1616 34.77272727272727
 1078 36.81818181818182
 2084 38.86363636363636
 1917 40.90909090909091
 763 42.95454545454545
 768 45
 1311 47.04545454545455
 553 49.09090909090909
 472 51.13636363636363
 400 53.18181818181818
 251 55.22727272727273
 234 57.27272727272727
 101 59.31818181818182
 98 61.36363636363636
 53 63.40909090909091
 20 65.45454545454545
 9 67.5
 1 69.54545454545455
 0 71.59090909090909
 0 73.63636363636364
 0 75.68181818181819
 0 77.72727272727272
 0 79.77272727272727
 0 81.81818181818181
 0 83.86363636363636
 0 85.90909090909091
 0 87.95454545454545
 0 90


