# Created by Octave 3.8.2, Tue Jun 23 00:25:10 2020 CEST <damian@fptrucha.inv.usc.es>
# name: hd
# type: matrix
# rows: 45
# columns: 2
 5 0
 1818 2.045454545454545
 5 4.090909090909091
 7 6.136363636363637
 1698 8.181818181818182
 226 10.22727272727273
 216 12.27272727272727
 635 14.31818181818182
 1991 16.36363636363636
 222 18.40909090909091
 639 20.45454545454545
 2785 22.5
 1634 24.54545454545455
 3073 26.59090909090909
 1057 28.63636363636364
 1058 30.68181818181818
 1024 32.72727272727273
 1338 34.77272727272727
 848 36.81818181818182
 1656 38.86363636363636
 1598 40.90909090909091
 641 42.95454545454545
 586 45
 1110 47.04545454545455
 506 49.09090909090909
 407 51.13636363636363
 347 53.18181818181818
 325 55.22727272727273
 251 57.27272727272727
 98 59.31818181818182
 77 61.36363636363636
 59 63.40909090909091
 22 65.45454545454545
 13 67.5
 3 69.54545454545455
 1 71.59090909090909
 0 73.63636363636364
 0 75.68181818181819
 0 77.72727272727272
 0 79.77272727272727
 0 81.81818181818181
 0 83.86363636363636
 0 85.90909090909091
 0 87.95454545454545
 0 90


