# Created by Octave 3.8.2, Mon Jun 22 09:15:03 2020 CEST <damian@fptrucha.inv.usc.es>
# name: hd
# type: matrix
# rows: 45
# columns: 2
 5 0
 2251 2.045454545454545
 4 4.090909090909091
 12 6.136363636363637
 2145 8.181818181818182
 276 10.22727272727273
 241 12.27272727272727
 673 14.31818181818182
 2435 16.36363636363636
 271 18.40909090909091
 736 20.45454545454545
 3504 22.5
 1927 24.54545454545455
 3738 26.59090909090909
 1291 28.63636363636364
 1249 30.68181818181818
 1254 32.72727272727273
 1558 34.77272727272727
 1063 36.81818181818182
 2087 38.86363636363636
 2013 40.90909090909091
 808 42.95454545454545
 778 45
 1276 47.04545454545455
 624 49.09090909090909
 594 51.13636363636363
 472 53.18181818181818
 324 55.22727272727273
 284 57.27272727272727
 111 59.31818181818182
 124 61.36363636363636
 78 63.40909090909091
 26 65.45454545454545
 15 67.5
 3 69.54545454545455
 0 71.59090909090909
 0 73.63636363636364
 0 75.68181818181819
 0 77.72727272727272
 0 79.77272727272727
 0 81.81818181818181
 0 83.86363636363636
 0 85.90909090909091
 0 87.95454545454545
 0 90


