# Created by Octave 3.8.2, Sat Jun 20 13:46:44 2020 CEST <damian@fptrucha.inv.usc.es>
# name: hd
# type: matrix
# rows: 45
# columns: 2
 3 0
 2439 2.045454545454545
 2 4.090909090909091
 10 6.136363636363637
 2485 8.181818181818182
 331 10.22727272727273
 247 12.27272727272727
 834 14.31818181818182
 2729 16.36363636363636
 322 18.40909090909091
 803 20.45454545454545
 3797 22.5
 2309 24.54545454545455
 4125 26.59090909090909
 1415 28.63636363636364
 1395 30.68181818181818
 1454 32.72727272727273
 1863 34.77272727272727
 1163 36.81818181818182
 2307 38.86363636363636
 2172 40.90909090909091
 824 42.95454545454545
 824 45
 1392 47.04545454545455
 676 49.09090909090909
 527 51.13636363636363
 468 53.18181818181818
 323 55.22727272727273
 319 57.27272727272727
 113 59.31818181818182
 105 61.36363636363636
 74 63.40909090909091
 29 65.45454545454545
 11 67.5
 2 69.54545454545455
 0 71.59090909090909
 0 73.63636363636364
 0 75.68181818181819
 0 77.72727272727272
 0 79.77272727272727
 0 81.81818181818181
 0 83.86363636363636
 0 85.90909090909091
 0 87.95454545454545
 0 90


