# Created by Octave 3.8.2, Mon Jun 22 17:35:35 2020 CEST <damian@fptrucha.inv.usc.es>
# name: hd
# type: matrix
# rows: 45
# columns: 2
 7 0
 2260 2.045454545454545
 4 4.090909090909091
 7 6.136363636363637
 2285 8.181818181818182
 295 10.22727272727273
 269 12.27272727272727
 791 14.31818181818182
 2639 16.36363636363636
 285 18.40909090909091
 822 20.45454545454545
 3722 22.5
 2083 24.54545454545455
 3983 26.59090909090909
 1362 28.63636363636364
 1357 30.68181818181818
 1402 32.72727272727273
 1708 34.77272727272727
 1096 36.81818181818182
 2192 38.86363636363636
 2243 40.90909090909091
 888 42.95454545454545
 878 45
 1546 47.04545454545455
 662 49.09090909090909
 624 51.13636363636363
 502 53.18181818181818
 360 55.22727272727273
 352 57.27272727272727
 144 59.31818181818182
 155 61.36363636363636
 66 63.40909090909091
 32 65.45454545454545
 25 67.5
 1 69.54545454545455
 0 71.59090909090909
 0 73.63636363636364
 0 75.68181818181819
 0 77.72727272727272
 0 79.77272727272727
 0 81.81818181818181
 0 83.86363636363636
 0 85.90909090909091
 0 87.95454545454545
 0 90


