# Created by Octave 3.8.2, Sun Jun 21 07:49:23 2020 CEST <damian@fptrucha.inv.usc.es>
# name: hd
# type: matrix
# rows: 45
# columns: 2
 8 0
 2309 2.045454545454545
 1 4.090909090909091
 9 6.136363636363637
 2326 8.181818181818182
 308 10.22727272727273
 253 12.27272727272727
 823 14.31818181818182
 2625 16.36363636363636
 295 18.40909090909091
 786 20.45454545454545
 3582 22.5
 2090 24.54545454545455
 3861 26.59090909090909
 1324 28.63636363636364
 1304 30.68181818181818
 1275 32.72727272727273
 1587 34.77272727272727
 1073 36.81818181818182
 2095 38.86363636363636
 1996 40.90909090909091
 770 42.95454545454545
 755 45
 1311 47.04545454545455
 610 49.09090909090909
 513 51.13636363636363
 442 53.18181818181818
 293 55.22727272727273
 279 57.27272727272727
 131 59.31818181818182
 87 61.36363636363636
 49 63.40909090909091
 17 65.45454545454545
 8 67.5
 3 69.54545454545455
 0 71.59090909090909
 0 73.63636363636364
 0 75.68181818181819
 0 77.72727272727272
 0 79.77272727272727
 0 81.81818181818181
 0 83.86363636363636
 0 85.90909090909091
 0 87.95454545454545
 0 90


