# Created by Octave 3.8.2, Sat Jun 20 07:20:46 2020 CEST <damian@fptrucha.inv.usc.es>
# name: hd
# type: matrix
# rows: 45
# columns: 2
 5 0
 2707 2.045454545454545
 4 4.090909090909091
 5 6.136363636363637
 2542 8.181818181818182
 303 10.22727272727273
 293 12.27272727272727
 863 14.31818181818182
 2896 16.36363636363636
 324 18.40909090909091
 871 20.45454545454545
 4065 22.5
 2455 24.54545454545455
 4497 26.59090909090909
 1441 28.63636363636364
 1510 30.68181818181818
 1528 32.72727272727273
 1901 34.77272727272727
 1295 36.81818181818182
 2519 38.86363636363636
 2228 40.90909090909091
 876 42.95454545454545
 882 45
 1563 47.04545454545455
 675 49.09090909090909
 591 51.13636363636363
 547 53.18181818181818
 317 55.22727272727273
 345 57.27272727272727
 168 59.31818181818182
 113 61.36363636363636
 86 63.40909090909091
 28 65.45454545454545
 17 67.5
 1 69.54545454545455
 0 71.59090909090909
 0 73.63636363636364
 0 75.68181818181819
 0 77.72727272727272
 0 79.77272727272727
 0 81.81818181818181
 0 83.86363636363636
 0 85.90909090909091
 0 87.95454545454545
 0 90


