# Created by Octave 3.8.2, Mon Jun 22 14:48:00 2020 CEST <damian@fptrucha.inv.usc.es>
# name: hd
# type: matrix
# rows: 45
# columns: 2
 2 0
 2385 2.045454545454545
 5 4.090909090909091
 8 6.136363636363637
 2244 8.181818181818182
 283 10.22727272727273
 286 12.27272727272727
 799 14.31818181818182
 2624 16.36363636363636
 308 18.40909090909091
 785 20.45454545454545
 3764 22.5
 2157 24.54545454545455
 3918 26.59090909090909
 1300 28.63636363636364
 1366 30.68181818181818
 1336 32.72727272727273
 1669 34.77272727272727
 1198 36.81818181818182
 2195 38.86363636363636
 2210 40.90909090909091
 855 42.95454545454545
 810 45
 1481 47.04545454545455
 666 49.09090909090909
 565 51.13636363636363
 525 53.18181818181818
 352 55.22727272727273
 381 57.27272727272727
 171 59.31818181818182
 124 61.36363636363636
 88 63.40909090909091
 35 65.45454545454545
 15 67.5
 2 69.54545454545455
 1 71.59090909090909
 0 73.63636363636364
 0 75.68181818181819
 0 77.72727272727272
 0 79.77272727272727
 0 81.81818181818181
 0 83.86363636363636
 0 85.90909090909091
 0 87.95454545454545
 0 90


