# Created by Octave 3.8.2, Mon Jun 22 18:16:11 2020 CEST <damian@fptrucha.inv.usc.es>
# name: hd
# type: matrix
# rows: 45
# columns: 2
 7 0
 1574 2.045454545454545
 6 4.090909090909091
 7 6.136363636363637
 1547 8.181818181818182
 190 10.22727272727273
 174 12.27272727272727
 560 14.31818181818182
 1816 16.36363636363636
 217 18.40909090909091
 567 20.45454545454545
 2497 22.5
 1411 24.54545454545455
 2618 26.59090909090909
 940 28.63636363636364
 972 30.68181818181818
 837 32.72727272727273
 1146 34.77272727272727
 760 36.81818181818182
 1458 38.86363636363636
 1450 40.90909090909091
 575 42.95454545454545
 517 45
 991 47.04545454545455
 424 49.09090909090909
 377 51.13636363636363
 351 53.18181818181818
 275 55.22727272727273
 241 57.27272727272727
 101 59.31818181818182
 80 61.36363636363636
 64 63.40909090909091
 26 65.45454545454545
 15 67.5
 2 69.54545454545455
 0 71.59090909090909
 0 73.63636363636364
 0 75.68181818181819
 0 77.72727272727272
 0 79.77272727272727
 0 81.81818181818181
 0 83.86363636363636
 0 85.90909090909091
 0 87.95454545454545
 0 90


