# Created by Octave 3.8.2, Mon Jun 22 22:41:34 2020 CEST <damian@fptrucha.inv.usc.es>
# name: hd
# type: matrix
# rows: 45
# columns: 2
 9 0
 2430 2.045454545454545
 10 4.090909090909091
 5 6.136363636363637
 2431 8.181818181818182
 290 10.22727272727273
 255 12.27272727272727
 860 14.31818181818182
 2753 16.36363636363636
 311 18.40909090909091
 857 20.45454545454545
 3748 22.5
 2272 24.54545454545455
 4147 26.59090909090909
 1454 28.63636363636364
 1374 30.68181818181818
 1418 32.72727272727273
 1748 34.77272727272727
 1188 36.81818181818182
 2333 38.86363636363636
 2348 40.90909090909091
 905 42.95454545454545
 882 45
 1475 47.04545454545455
 713 49.09090909090909
 596 51.13636363636363
 528 53.18181818181818
 367 55.22727272727273
 321 57.27272727272727
 151 59.31818181818182
 144 61.36363636363636
 83 63.40909090909091
 26 65.45454545454545
 21 67.5
 3 69.54545454545455
 1 71.59090909090909
 0 73.63636363636364
 0 75.68181818181819
 0 77.72727272727272
 0 79.77272727272727
 0 81.81818181818181
 0 83.86363636363636
 0 85.90909090909091
 0 87.95454545454545
 0 90


