# Created by Octave 3.8.2, Tue Jun 23 00:15:53 2020 CEST <damian@fptrucha.inv.usc.es>
# name: hd
# type: matrix
# rows: 45
# columns: 2
 4 0
 2459 2.045454545454545
 4 4.090909090909091
 8 6.136363636363637
 2375 8.181818181818182
 298 10.22727272727273
 302 12.27272727272727
 830 14.31818181818182
 2730 16.36363636363636
 312 18.40909090909091
 835 20.45454545454545
 3685 22.5
 2248 24.54545454545455
 4123 26.59090909090909
 1378 28.63636363636364
 1403 30.68181818181818
 1495 32.72727272727273
 1862 34.77272727272727
 1129 36.81818181818182
 2333 38.86363636363636
 2295 40.90909090909091
 887 42.95454545454545
 903 45
 1448 47.04545454545455
 649 49.09090909090909
 638 51.13636363636363
 529 53.18181818181818
 348 55.22727272727273
 331 57.27272727272727
 165 59.31818181818182
 131 61.36363636363636
 83 63.40909090909091
 16 65.45454545454545
 20 67.5
 3 69.54545454545455
 0 71.59090909090909
 0 73.63636363636364
 0 75.68181818181819
 0 77.72727272727272
 0 79.77272727272727
 0 81.81818181818181
 0 83.86363636363636
 0 85.90909090909091
 0 87.95454545454545
 0 90


