# Created by Octave 3.8.2, Tue Jun 23 00:42:36 2020 CEST <damian@fptrucha.inv.usc.es>
# name: hd
# type: matrix
# rows: 45
# columns: 2
 2 0
 2491 2.045454545454545
 0 4.090909090909091
 6 6.136363636363637
 2395 8.181818181818182
 327 10.22727272727273
 286 12.27272727272727
 833 14.31818181818182
 2749 16.36363636363636
 294 18.40909090909091
 867 20.45454545454545
 3776 22.5
 2215 24.54545454545455
 4212 26.59090909090909
 1375 28.63636363636364
 1408 30.68181818181818
 1399 32.72727272727273
 1829 34.77272727272727
 1202 36.81818181818182
 2350 38.86363636363636
 2380 40.90909090909091
 882 42.95454545454545
 848 45
 1524 47.04545454545455
 695 49.09090909090909
 574 51.13636363636363
 554 53.18181818181818
 382 55.22727272727273
 349 57.27272727272727
 142 59.31818181818182
 119 61.36363636363636
 69 63.40909090909091
 37 65.45454545454545
 15 67.5
 4 69.54545454545455
 0 71.59090909090909
 0 73.63636363636364
 0 75.68181818181819
 0 77.72727272727272
 0 79.77272727272727
 0 81.81818181818181
 0 83.86363636363636
 0 85.90909090909091
 0 87.95454545454545
 0 90


