# Created by Octave 3.8.2, Mon Jun 22 10:22:30 2020 CEST <damian@fptrucha.inv.usc.es>
# name: hd
# type: matrix
# rows: 45
# columns: 2
 4 0
 2323 2.045454545454545
 7 4.090909090909091
 16 6.136363636363637
 2252 8.181818181818182
 262 10.22727272727273
 243 12.27272727272727
 805 14.31818181818182
 2493 16.36363636363636
 315 18.40909090909091
 762 20.45454545454545
 3572 22.5
 2057 24.54545454545455
 3715 26.59090909090909
 1289 28.63636363636364
 1269 30.68181818181818
 1304 32.72727272727273
 1657 34.77272727272727
 1113 36.81818181818182
 2090 38.86363636363636
 2111 40.90909090909091
 853 42.95454545454545
 787 45
 1338 47.04545454545455
 617 49.09090909090909
 555 51.13636363636363
 485 53.18181818181818
 331 55.22727272727273
 312 57.27272727272727
 151 59.31818181818182
 120 61.36363636363636
 84 63.40909090909091
 24 65.45454545454545
 18 67.5
 2 69.54545454545455
 0 71.59090909090909
 0 73.63636363636364
 0 75.68181818181819
 0 77.72727272727272
 0 79.77272727272727
 0 81.81818181818181
 0 83.86363636363636
 0 85.90909090909091
 0 87.95454545454545
 0 90


