# Created by Octave 3.8.2, Mon Jun 22 00:46:07 2020 CEST <damian@fptrucha.inv.usc.es>
# name: hd
# type: matrix
# rows: 45
# columns: 2
 3 0
 2345 2.045454545454545
 2 4.090909090909091
 6 6.136363636363637
 2371 8.181818181818182
 336 10.22727272727273
 247 12.27272727272727
 774 14.31818181818182
 2590 16.36363636363636
 345 18.40909090909091
 776 20.45454545454545
 3649 22.5
 2108 24.54545454545455
 3910 26.59090909090909
 1326 28.63636363636364
 1295 30.68181818181818
 1287 32.72727272727273
 1641 34.77272727272727
 1044 36.81818181818182
 2117 38.86363636363636
 2070 40.90909090909091
 767 42.95454545454545
 785 45
 1310 47.04545454545455
 581 49.09090909090909
 454 51.13636363636363
 433 53.18181818181818
 253 55.22727272727273
 262 57.27272727272727
 133 59.31818181818182
 82 61.36363636363636
 57 63.40909090909091
 14 65.45454545454545
 10 67.5
 3 69.54545454545455
 0 71.59090909090909
 0 73.63636363636364
 0 75.68181818181819
 0 77.72727272727272
 0 79.77272727272727
 0 81.81818181818181
 0 83.86363636363636
 0 85.90909090909091
 0 87.95454545454545
 0 90


