# Created by Octave 3.8.2, Mon Jun 22 21:17:51 2020 CEST <damian@fptrucha.inv.usc.es>
# name: hd
# type: matrix
# rows: 45
# columns: 2
 3 0
 2404 2.045454545454545
 2 4.090909090909091
 14 6.136363636363637
 2443 8.181818181818182
 290 10.22727272727273
 276 12.27272727272727
 821 14.31818181818182
 2741 16.36363636363636
 337 18.40909090909091
 831 20.45454545454545
 3798 22.5
 2145 24.54545454545455
 4145 26.59090909090909
 1476 28.63636363636364
 1414 30.68181818181818
 1377 32.72727272727273
 1797 34.77272727272727
 1119 36.81818181818182
 2180 38.86363636363636
 2236 40.90909090909091
 845 42.95454545454545
 840 45
 1510 47.04545454545455
 644 49.09090909090909
 529 51.13636363636363
 504 53.18181818181818
 377 55.22727272727273
 377 57.27272727272727
 160 59.31818181818182
 120 61.36363636363636
 98 63.40909090909091
 32 65.45454545454545
 15 67.5
 2 69.54545454545455
 0 71.59090909090909
 0 73.63636363636364
 0 75.68181818181819
 0 77.72727272727272
 0 79.77272727272727
 0 81.81818181818181
 0 83.86363636363636
 0 85.90909090909091
 0 87.95454545454545
 0 90


