# Created by Octave 3.8.2, Mon Jun 22 18:33:13 2020 CEST <damian@fptrucha.inv.usc.es>
# name: hd
# type: matrix
# rows: 45
# columns: 2
 9 0
 2489 2.045454545454545
 6 4.090909090909091
 11 6.136363636363637
 2445 8.181818181818182
 283 10.22727272727273
 278 12.27272727272727
 761 14.31818181818182
 2640 16.36363636363636
 338 18.40909090909091
 826 20.45454545454545
 3659 22.5
 2116 24.54545454545455
 4013 26.59090909090909
 1386 28.63636363636364
 1369 30.68181818181818
 1347 32.72727272727273
 1730 34.77272727272727
 1132 36.81818181818182
 2171 38.86363636363636
 2265 40.90909090909091
 887 42.95454545454545
 811 45
 1466 47.04545454545455
 645 49.09090909090909
 590 51.13636363636363
 529 53.18181818181818
 368 55.22727272727273
 329 57.27272727272727
 161 59.31818181818182
 138 61.36363636363636
 84 63.40909090909091
 22 65.45454545454545
 15 67.5
 1 69.54545454545455
 0 71.59090909090909
 0 73.63636363636364
 0 75.68181818181819
 0 77.72727272727272
 0 79.77272727272727
 0 81.81818181818181
 0 83.86363636363636
 0 85.90909090909091
 0 87.95454545454545
 0 90


