# Created by Octave 3.8.2, Sat Jun 20 21:18:35 2020 CEST <damian@fptrucha.inv.usc.es>
# name: hd
# type: matrix
# rows: 45
# columns: 2
 5 0
 2303 2.045454545454545
 2 4.090909090909091
 3 6.136363636363637
 2334 8.181818181818182
 253 10.22727272727273
 232 12.27272727272727
 812 14.31818181818182
 2550 16.36363636363636
 311 18.40909090909091
 745 20.45454545454545
 3521 22.5
 2160 24.54545454545455
 3922 26.59090909090909
 1267 28.63636363636364
 1252 30.68181818181818
 1265 32.72727272727273
 1583 34.77272727272727
 1038 36.81818181818182
 2082 38.86363636363636
 2023 40.90909090909091
 778 42.95454545454545
 748 45
 1297 47.04545454545455
 581 49.09090909090909
 501 51.13636363636363
 435 53.18181818181818
 312 55.22727272727273
 289 57.27272727272727
 105 59.31818181818182
 105 61.36363636363636
 52 63.40909090909091
 26 65.45454545454545
 14 67.5
 1 69.54545454545455
 0 71.59090909090909
 0 73.63636363636364
 0 75.68181818181819
 0 77.72727272727272
 0 79.77272727272727
 0 81.81818181818181
 0 83.86363636363636
 0 85.90909090909091
 0 87.95454545454545
 0 90


