# Created by Octave 3.8.2, Sat Jun 20 14:41:39 2020 CEST <damian@fptrucha.inv.usc.es>
# name: hd
# type: matrix
# rows: 45
# columns: 2
 5 0
 2393 2.045454545454545
 2 4.090909090909091
 8 6.136363636363637
 2421 8.181818181818182
 283 10.22727272727273
 275 12.27272727272727
 865 14.31818181818182
 2653 16.36363636363636
 370 18.40909090909091
 847 20.45454545454545
 3820 22.5
 2178 24.54545454545455
 4031 26.59090909090909
 1419 28.63636363636364
 1408 30.68181818181818
 1381 32.72727272727273
 1739 34.77272727272727
 1119 36.81818181818182
 2185 38.86363636363636
 2083 40.90909090909091
 774 42.95454545454545
 824 45
 1367 47.04545454545455
 646 49.09090909090909
 539 51.13636363636363
 444 53.18181818181818
 303 55.22727272727273
 294 57.27272727272727
 118 59.31818181818182
 107 61.36363636363636
 76 63.40909090909091
 19 65.45454545454545
 10 67.5
 0 69.54545454545455
 0 71.59090909090909
 0 73.63636363636364
 0 75.68181818181819
 0 77.72727272727272
 0 79.77272727272727
 0 81.81818181818181
 0 83.86363636363636
 0 85.90909090909091
 0 87.95454545454545
 0 90


