# Created by Octave 3.8.2, Mon Jun 22 04:13:22 2020 CEST <damian@fptrucha.inv.usc.es>
# name: hd
# type: matrix
# rows: 45
# columns: 2
 5 0
 2053 2.045454545454545
 5 4.090909090909091
 13 6.136363636363637
 1934 8.181818181818182
 252 10.22727272727273
 223 12.27272727272727
 643 14.31818181818182
 2265 16.36363636363636
 255 18.40909090909091
 744 20.45454545454545
 3289 22.5
 1815 24.54545454545455
 3461 26.59090909090909
 1270 28.63636363636364
 1133 30.68181818181818
 1199 32.72727272727273
 1470 34.77272727272727
 968 36.81818181818182
 1964 38.86363636363636
 1980 40.90909090909091
 826 42.95454545454545
 808 45
 1327 47.04545454545455
 589 49.09090909090909
 560 51.13636363636363
 517 53.18181818181818
 355 55.22727272727273
 307 57.27272727272727
 148 59.31818181818182
 128 61.36363636363636
 88 63.40909090909091
 30 65.45454545454545
 26 67.5
 1 69.54545454545455
 0 71.59090909090909
 0 73.63636363636364
 0 75.68181818181819
 0 77.72727272727272
 0 79.77272727272727
 0 81.81818181818181
 0 83.86363636363636
 0 85.90909090909091
 0 87.95454545454545
 0 90


