# Created by Octave 3.8.2, Mon Jun 22 02:27:10 2020 CEST <damian@fptrucha.inv.usc.es>
# name: hd
# type: matrix
# rows: 45
# columns: 2
 5 0
 134 2.045454545454545
 1 4.090909090909091
 6 6.136363636363637
 48 8.181818181818182
 30 10.22727272727273
 2 12.27272727272727
 21 14.31818181818182
 122 16.36363636363636
 14 18.40909090909091
 75 20.45454545454545
 202 22.5
 88 24.54545454545455
 183 26.59090909090909
 116 28.63636363636364
 40 30.68181818181818
 21 32.72727272727273
 112 34.77272727272727
 37 36.81818181818182
 150 38.86363636363636
 171 40.90909090909091
 36 42.95454545454545
 97 45
 87 47.04545454545455
 52 49.09090909090909
 67 51.13636363636363
 58 53.18181818181818
 28 55.22727272727273
 35 57.27272727272727
 19 59.31818181818182
 19 61.36363636363636
 13 63.40909090909091
 3 65.45454545454545
 2 67.5
 0 69.54545454545455
 0 71.59090909090909
 0 73.63636363636364
 0 75.68181818181819
 0 77.72727272727272
 0 79.77272727272727
 0 81.81818181818181
 0 83.86363636363636
 0 85.90909090909091
 0 87.95454545454545
 0 90


