# Created by Octave 3.8.2, Sat Jun 20 02:55:15 2020 CEST <damian@fptrucha.inv.usc.es>
# name: hd
# type: matrix
# rows: 45
# columns: 2
 6 0
 2565 2.045454545454545
 4 4.090909090909091
 8 6.136363636363637
 2597 8.181818181818182
 341 10.22727272727273
 256 12.27272727272727
 848 14.31818181818182
 2821 16.36363636363636
 338 18.40909090909091
 834 20.45454545454545
 3932 22.5
 2365 24.54545454545455
 4107 26.59090909090909
 1414 28.63636363636364
 1466 30.68181818181818
 1413 32.72727272727273
 1823 34.77272727272727
 1207 36.81818181818182
 2324 38.86363636363636
 2114 40.90909090909091
 846 42.95454545454545
 821 45
 1430 47.04545454545455
 623 49.09090909090909
 497 51.13636363636363
 470 53.18181818181818
 299 55.22727272727273
 273 57.27272727272727
 122 59.31818181818182
 120 61.36363636363636
 57 63.40909090909091
 22 65.45454545454545
 7 67.5
 1 69.54545454545455
 0 71.59090909090909
 0 73.63636363636364
 0 75.68181818181819
 0 77.72727272727272
 0 79.77272727272727
 0 81.81818181818181
 0 83.86363636363636
 0 85.90909090909091
 0 87.95454545454545
 0 90


