# Created by Octave 3.8.2, Sat Jun 20 11:39:23 2020 CEST <damian@fptrucha.inv.usc.es>
# name: hd
# type: matrix
# rows: 45
# columns: 2
 4 0
 2711 2.045454545454545
 0 4.090909090909091
 7 6.136363636363637
 2529 8.181818181818182
 379 10.22727272727273
 268 12.27272727272727
 868 14.31818181818182
 2859 16.36363636363636
 358 18.40909090909091
 820 20.45454545454545
 3890 22.5
 2286 24.54545454545455
 4317 26.59090909090909
 1509 28.63636363636364
 1450 30.68181818181818
 1481 32.72727272727273
 1764 34.77272727272727
 1186 36.81818181818182
 2385 38.86363636363636
 2264 40.90909090909091
 820 42.95454545454545
 923 45
 1462 47.04545454545455
 599 49.09090909090909
 545 51.13636363636363
 476 53.18181818181818
 354 55.22727272727273
 304 57.27272727272727
 124 59.31818181818182
 107 61.36363636363636
 64 63.40909090909091
 20 65.45454545454545
 9 67.5
 2 69.54545454545455
 0 71.59090909090909
 0 73.63636363636364
 0 75.68181818181819
 0 77.72727272727272
 0 79.77272727272727
 0 81.81818181818181
 0 83.86363636363636
 0 85.90909090909091
 0 87.95454545454545
 0 90


