# Created by Octave 3.8.2, Mon Jun 22 10:12:22 2020 CEST <damian@fptrucha.inv.usc.es>
# name: hd
# type: matrix
# rows: 45
# columns: 2
 8 0
 2379 2.045454545454545
 2 4.090909090909091
 6 6.136363636363637
 2232 8.181818181818182
 293 10.22727272727273
 249 12.27272727272727
 764 14.31818181818182
 2472 16.36363636363636
 274 18.40909090909091
 789 20.45454545454545
 3548 22.5
 2058 24.54545454545455
 3878 26.59090909090909
 1277 28.63636363636364
 1315 30.68181818181818
 1320 32.72727272727273
 1589 34.77272727272727
 1139 36.81818181818182
 2071 38.86363636363636
 2086 40.90909090909091
 907 42.95454545454545
 788 45
 1399 47.04545454545455
 661 49.09090909090909
 572 51.13636363636363
 463 53.18181818181818
 372 55.22727272727273
 294 57.27272727272727
 141 59.31818181818182
 134 61.36363636363636
 100 63.40909090909091
 22 65.45454545454545
 12 67.5
 6 69.54545454545455
 1 71.59090909090909
 0 73.63636363636364
 0 75.68181818181819
 0 77.72727272727272
 0 79.77272727272727
 0 81.81818181818181
 0 83.86363636363636
 0 85.90909090909091
 0 87.95454545454545
 0 90


