# Created by Octave 3.8.2, Mon Jun 22 21:24:23 2020 CEST <damian@fptrucha.inv.usc.es>
# name: hd
# type: matrix
# rows: 45
# columns: 2
 7 0
 2431 2.045454545454545
 4 4.090909090909091
 17 6.136363636363637
 2347 8.181818181818182
 289 10.22727272727273
 282 12.27272727272727
 788 14.31818181818182
 2789 16.36363636363636
 286 18.40909090909091
 815 20.45454545454545
 3761 22.5
 2257 24.54545454545455
 4221 26.59090909090909
 1412 28.63636363636364
 1438 30.68181818181818
 1392 32.72727272727273
 1793 34.77272727272727
 1154 36.81818181818182
 2282 38.86363636363636
 2196 40.90909090909091
 889 42.95454545454545
 871 45
 1487 47.04545454545455
 715 49.09090909090909
 595 51.13636363636363
 523 53.18181818181818
 348 55.22727272727273
 322 57.27272727272727
 140 59.31818181818182
 131 61.36363636363636
 88 63.40909090909091
 33 65.45454545454545
 22 67.5
 3 69.54545454545455
 0 71.59090909090909
 0 73.63636363636364
 0 75.68181818181819
 0 77.72727272727272
 0 79.77272727272727
 0 81.81818181818181
 0 83.86363636363636
 0 85.90909090909091
 0 87.95454545454545
 0 90


