# Created by Octave 3.8.2, Mon Jun 22 03:01:03 2020 CEST <damian@fptrucha.inv.usc.es>
# name: hd
# type: matrix
# rows: 45
# columns: 2
 7 0
 2127 2.045454545454545
 6 4.090909090909091
 14 6.136363636363637
 2048 8.181818181818182
 290 10.22727272727273
 227 12.27272727272727
 714 14.31818181818182
 2333 16.36363636363636
 259 18.40909090909091
 746 20.45454545454545
 3343 22.5
 1895 24.54545454545455
 3559 26.59090909090909
 1266 28.63636363636364
 1251 30.68181818181818
 1266 32.72727272727273
 1566 34.77272727272727
 1011 36.81818181818182
 1955 38.86363636363636
 1939 40.90909090909091
 788 42.95454545454545
 714 45
 1262 47.04545454545455
 599 49.09090909090909
 572 51.13636363636363
 486 53.18181818181818
 347 55.22727272727273
 330 57.27272727272727
 148 59.31818181818182
 142 61.36363636363636
 94 63.40909090909091
 19 65.45454545454545
 12 67.5
 1 69.54545454545455
 0 71.59090909090909
 0 73.63636363636364
 0 75.68181818181819
 0 77.72727272727272
 0 79.77272727272727
 0 81.81818181818181
 0 83.86363636363636
 0 85.90909090909091
 0 87.95454545454545
 0 90


