# Created by Octave 3.8.2, Tue Jun 23 00:05:44 2020 CEST <damian@fptrucha.inv.usc.es>
# name: hd
# type: matrix
# rows: 45
# columns: 2
 5 0
 2506 2.045454545454545
 3 4.090909090909091
 7 6.136363636363637
 2409 8.181818181818182
 278 10.22727272727273
 290 12.27272727272727
 817 14.31818181818182
 2756 16.36363636363636
 307 18.40909090909091
 827 20.45454545454545
 3901 22.5
 2224 24.54545454545455
 4235 26.59090909090909
 1429 28.63636363636364
 1452 30.68181818181818
 1409 32.72727272727273
 1849 34.77272727272727
 1171 36.81818181818182
 2211 38.86363636363636
 2257 40.90909090909091
 878 42.95454545454545
 865 45
 1470 47.04545454545455
 612 49.09090909090909
 606 51.13636363636363
 504 53.18181818181818
 328 55.22727272727273
 295 57.27272727272727
 145 59.31818181818182
 142 61.36363636363636
 83 63.40909090909091
 21 65.45454545454545
 14 67.5
 4 69.54545454545455
 0 71.59090909090909
 0 73.63636363636364
 0 75.68181818181819
 0 77.72727272727272
 0 79.77272727272727
 0 81.81818181818181
 0 83.86363636363636
 0 85.90909090909091
 0 87.95454545454545
 0 90


