# Created by Octave 3.8.2, Sat Jun 20 08:52:48 2020 CEST <damian@fptrucha.inv.usc.es>
# name: hd
# type: matrix
# rows: 45
# columns: 2
 4 0
 2638 2.045454545454545
 2 4.090909090909091
 6 6.136363636363637
 2591 8.181818181818182
 385 10.22727272727273
 298 12.27272727272727
 934 14.31818181818182
 2983 16.36363636363636
 392 18.40909090909091
 864 20.45454545454545
 4080 22.5
 2420 24.54545454545455
 4453 26.59090909090909
 1512 28.63636363636364
 1521 30.68181818181818
 1481 32.72727272727273
 1941 34.77272727272727
 1297 36.81818181818182
 2499 38.86363636363636
 2359 40.90909090909091
 908 42.95454545454545
 921 45
 1564 47.04545454545455
 697 49.09090909090909
 618 51.13636363636363
 554 53.18181818181818
 341 55.22727272727273
 327 57.27272727272727
 126 59.31818181818182
 125 61.36363636363636
 70 63.40909090909091
 28 65.45454545454545
 17 67.5
 2 69.54545454545455
 0 71.59090909090909
 0 73.63636363636364
 0 75.68181818181819
 0 77.72727272727272
 0 79.77272727272727
 0 81.81818181818181
 0 83.86363636363636
 0 85.90909090909091
 0 87.95454545454545
 0 90


