# Created by Octave 3.8.2, Sat Jun 20 18:53:51 2020 CEST <damian@fptrucha.inv.usc.es>
# name: hd
# type: matrix
# rows: 45
# columns: 2
 4 0
 2440 2.045454545454545
 1 4.090909090909091
 8 6.136363636363637
 2284 8.181818181818182
 310 10.22727272727273
 228 12.27272727272727
 825 14.31818181818182
 2580 16.36363636363636
 295 18.40909090909091
 831 20.45454545454545
 3661 22.5
 2125 24.54545454545455
 4048 26.59090909090909
 1410 28.63636363636364
 1337 30.68181818181818
 1299 32.72727272727273
 1676 34.77272727272727
 1089 36.81818181818182
 2097 38.86363636363636
 2021 40.90909090909091
 787 42.95454545454545
 822 45
 1303 47.04545454545455
 599 49.09090909090909
 483 51.13636363636363
 443 53.18181818181818
 298 55.22727272727273
 280 57.27272727272727
 95 59.31818181818182
 115 61.36363636363636
 66 63.40909090909091
 22 65.45454545454545
 12 67.5
 4 69.54545454545455
 0 71.59090909090909
 0 73.63636363636364
 0 75.68181818181819
 0 77.72727272727272
 0 79.77272727272727
 0 81.81818181818181
 0 83.86363636363636
 0 85.90909090909091
 0 87.95454545454545
 0 90


