# Created by Octave 3.8.2, Sat Jun 20 06:43:33 2020 CEST <damian@fptrucha.inv.usc.es>
# name: hd
# type: matrix
# rows: 45
# columns: 2
 4 0
 2660 2.045454545454545
 3 4.090909090909091
 5 6.136363636363637
 2555 8.181818181818182
 325 10.22727272727273
 307 12.27272727272727
 869 14.31818181818182
 2939 16.36363636363636
 318 18.40909090909091
 889 20.45454545454545
 3992 22.5
 2349 24.54545454545455
 4444 26.59090909090909
 1479 28.63636363636364
 1479 30.68181818181818
 1500 32.72727272727273
 1887 34.77272727272727
 1233 36.81818181818182
 2539 38.86363636363636
 2315 40.90909090909091
 862 42.95454545454545
 922 45
 1481 47.04545454545455
 685 49.09090909090909
 577 51.13636363636363
 523 53.18181818181818
 332 55.22727272727273
 297 57.27272727272727
 115 59.31818181818182
 109 61.36363636363636
 65 63.40909090909091
 11 65.45454545454545
 12 67.5
 1 69.54545454545455
 0 71.59090909090909
 0 73.63636363636364
 0 75.68181818181819
 0 77.72727272727272
 0 79.77272727272727
 0 81.81818181818181
 0 83.86363636363636
 0 85.90909090909091
 0 87.95454545454545
 0 90


