# Created by Octave 3.8.2, Mon Jun 22 06:49:11 2020 CEST <damian@fptrucha.inv.usc.es>
# name: hd
# type: matrix
# rows: 45
# columns: 2
 5 0
 2299 2.045454545454545
 2 4.090909090909091
 11 6.136363636363637
 2075 8.181818181818182
 226 10.22727272727273
 268 12.27272727272727
 717 14.31818181818182
 2370 16.36363636363636
 286 18.40909090909091
 763 20.45454545454545
 3468 22.5
 1903 24.54545454545455
 3491 26.59090909090909
 1294 28.63636363636364
 1231 30.68181818181818
 1242 32.72727272727273
 1538 34.77272727272727
 1019 36.81818181818182
 2058 38.86363636363636
 1987 40.90909090909091
 807 42.95454545454545
 732 45
 1315 47.04545454545455
 598 49.09090909090909
 553 51.13636363636363
 528 53.18181818181818
 325 55.22727272727273
 332 57.27272727272727
 149 59.31818181818182
 147 61.36363636363636
 89 63.40909090909091
 22 65.45454545454545
 15 67.5
 2 69.54545454545455
 1 71.59090909090909
 0 73.63636363636364
 0 75.68181818181819
 0 77.72727272727272
 0 79.77272727272727
 0 81.81818181818181
 0 83.86363636363636
 0 85.90909090909091
 0 87.95454545454545
 0 90


