# Created by Octave 3.8.2, Sat Jun 20 20:55:59 2020 CEST <damian@fptrucha.inv.usc.es>
# name: hd
# type: matrix
# rows: 45
# columns: 2
 4 0
 2410 2.045454545454545
 1 4.090909090909091
 4 6.136363636363637
 2340 8.181818181818182
 311 10.22727272727273
 226 12.27272727272727
 783 14.31818181818182
 2573 16.36363636363636
 337 18.40909090909091
 799 20.45454545454545
 3479 22.5
 2076 24.54545454545455
 3861 26.59090909090909
 1358 28.63636363636364
 1291 30.68181818181818
 1289 32.72727272727273
 1586 34.77272727272727
 1062 36.81818181818182
 2133 38.86363636363636
 2061 40.90909090909091
 802 42.95454545454545
 757 45
 1347 47.04545454545455
 608 49.09090909090909
 480 51.13636363636363
 417 53.18181818181818
 282 55.22727272727273
 291 57.27272727272727
 112 59.31818181818182
 105 61.36363636363636
 63 63.40909090909091
 16 65.45454545454545
 10 67.5
 0 69.54545454545455
 0 71.59090909090909
 0 73.63636363636364
 0 75.68181818181819
 0 77.72727272727272
 0 79.77272727272727
 0 81.81818181818181
 0 83.86363636363636
 0 85.90909090909091
 0 87.95454545454545
 0 90


