# Created by Octave 3.8.2, Mon Jun 22 04:45:23 2020 CEST <damian@fptrucha.inv.usc.es>
# name: hd
# type: matrix
# rows: 45
# columns: 2
 6 0
 2090 2.045454545454545
 5 4.090909090909091
 11 6.136363636363637
 1893 8.181818181818182
 241 10.22727272727273
 231 12.27272727272727
 734 14.31818181818182
 2216 16.36363636363636
 255 18.40909090909091
 688 20.45454545454545
 3335 22.5
 1887 24.54545454545455
 3451 26.59090909090909
 1215 28.63636363636364
 1224 30.68181818181818
 1197 32.72727272727273
 1443 34.77272727272727
 962 36.81818181818182
 1935 38.86363636363636
 2006 40.90909090909091
 795 42.95454545454545
 708 45
 1274 47.04545454545455
 581 49.09090909090909
 620 51.13636363636363
 468 53.18181818181818
 358 55.22727272727273
 311 57.27272727272727
 155 59.31818181818182
 111 61.36363636363636
 82 63.40909090909091
 26 65.45454545454545
 24 67.5
 2 69.54545454545455
 0 71.59090909090909
 0 73.63636363636364
 0 75.68181818181819
 0 77.72727272727272
 0 79.77272727272727
 0 81.81818181818181
 0 83.86363636363636
 0 85.90909090909091
 0 87.95454545454545
 0 90


