# Created by Octave 3.8.2, Sat Jun 20 09:10:06 2020 CEST <damian@fptrucha.inv.usc.es>
# name: hd
# type: matrix
# rows: 45
# columns: 2
 4 0
 2627 2.045454545454545
 1 4.090909090909091
 7 6.136363636363637
 2575 8.181818181818182
 390 10.22727272727273
 340 12.27272727272727
 922 14.31818181818182
 2822 16.36363636363636
 374 18.40909090909091
 924 20.45454545454545
 4016 22.5
 2367 24.54545454545455
 4555 26.59090909090909
 1499 28.63636363636364
 1449 30.68181818181818
 1470 32.72727272727273
 1955 34.77272727272727
 1265 36.81818181818182
 2415 38.86363636363636
 2386 40.90909090909091
 911 42.95454545454545
 929 45
 1616 47.04545454545455
 714 49.09090909090909
 577 51.13636363636363
 545 53.18181818181818
 371 55.22727272727273
 364 57.27272727272727
 165 59.31818181818182
 114 61.36363636363636
 88 63.40909090909091
 20 65.45454545454545
 14 67.5
 2 69.54545454545455
 1 71.59090909090909
 0 73.63636363636364
 0 75.68181818181819
 0 77.72727272727272
 0 79.77272727272727
 0 81.81818181818181
 0 83.86363636363636
 0 85.90909090909091
 0 87.95454545454545
 0 90


