# Created by Octave 3.8.2, Sat Jun 20 15:39:48 2020 CEST <damian@fptrucha.inv.usc.es>
# name: hd
# type: matrix
# rows: 45
# columns: 2
 5 0
 2446 2.045454545454545
 2 4.090909090909091
 6 6.136363636363637
 2435 8.181818181818182
 365 10.22727272727273
 284 12.27272727272727
 868 14.31818181818182
 2697 16.36363636363636
 364 18.40909090909091
 774 20.45454545454545
 3739 22.5
 2166 24.54545454545455
 4169 26.59090909090909
 1357 28.63636363636364
 1330 30.68181818181818
 1391 32.72727272727273
 1700 34.77272727272727
 1106 36.81818181818182
 2182 38.86363636363636
 2085 40.90909090909091
 730 42.95454545454545
 817 45
 1422 47.04545454545455
 562 49.09090909090909
 559 51.13636363636363
 431 53.18181818181818
 277 55.22727272727273
 265 57.27272727272727
 116 59.31818181818182
 102 61.36363636363636
 61 63.40909090909091
 16 65.45454545454545
 11 67.5
 2 69.54545454545455
 0 71.59090909090909
 0 73.63636363636364
 0 75.68181818181819
 0 77.72727272727272
 0 79.77272727272727
 0 81.81818181818181
 0 83.86363636363636
 0 85.90909090909091
 0 87.95454545454545
 0 90


