# Created by Octave 3.8.2, Sun Jun 21 07:26:38 2020 CEST <damian@fptrucha.inv.usc.es>
# name: hd
# type: matrix
# rows: 45
# columns: 2
 2 0
 2390 2.045454545454545
 0 4.090909090909091
 2 6.136363636363637
 2348 8.181818181818182
 275 10.22727272727273
 257 12.27272727272727
 773 14.31818181818182
 2496 16.36363636363636
 350 18.40909090909091
 804 20.45454545454545
 3457 22.5
 2070 24.54545454545455
 3811 26.59090909090909
 1292 28.63636363636364
 1276 30.68181818181818
 1286 32.72727272727273
 1583 34.77272727272727
 1052 36.81818181818182
 2029 38.86363636363636
 1970 40.90909090909091
 731 42.95454545454545
 763 45
 1246 47.04545454545455
 606 49.09090909090909
 470 51.13636363636363
 403 53.18181818181818
 248 55.22727272727273
 251 57.27272727272727
 107 59.31818181818182
 95 61.36363636363636
 49 63.40909090909091
 12 65.45454545454545
 9 67.5
 0 69.54545454545455
 0 71.59090909090909
 0 73.63636363636364
 0 75.68181818181819
 0 77.72727272727272
 0 79.77272727272727
 0 81.81818181818181
 0 83.86363636363636
 0 85.90909090909091
 0 87.95454545454545
 0 90


