# Created by Octave 3.8.2, Mon Jun 22 06:27:38 2020 CEST <damian@fptrucha.inv.usc.es>
# name: hd
# type: matrix
# rows: 45
# columns: 2
 8 0
 2147 2.045454545454545
 5 4.090909090909091
 14 6.136363636363637
 2092 8.181818181818182
 286 10.22727272727273
 257 12.27272727272727
 691 14.31818181818182
 2348 16.36363636363636
 261 18.40909090909091
 760 20.45454545454545
 3453 22.5
 1972 24.54545454545455
 3591 26.59090909090909
 1283 28.63636363636364
 1221 30.68181818181818
 1324 32.72727272727273
 1472 34.77272727272727
 1020 36.81818181818182
 2031 38.86363636363636
 2078 40.90909090909091
 841 42.95454545454545
 754 45
 1264 47.04545454545455
 599 49.09090909090909
 542 51.13636363636363
 462 53.18181818181818
 338 55.22727272727273
 326 57.27272727272727
 135 59.31818181818182
 133 61.36363636363636
 88 63.40909090909091
 36 65.45454545454545
 20 67.5
 2 69.54545454545455
 1 71.59090909090909
 0 73.63636363636364
 0 75.68181818181819
 0 77.72727272727272
 0 79.77272727272727
 0 81.81818181818181
 0 83.86363636363636
 0 85.90909090909091
 0 87.95454545454545
 0 90


