# Created by Octave 3.8.2, Sat Jun 20 02:07:00 2020 CEST <damian@fptrucha.inv.usc.es>
# name: hd
# type: matrix
# rows: 45
# columns: 2
 4 0
 2601 2.045454545454545
 9 4.090909090909091
 13 6.136363636363637
 2540 8.181818181818182
 326 10.22727272727273
 268 12.27272727272727
 912 14.31818181818182
 2841 16.36363636363636
 307 18.40909090909091
 882 20.45454545454545
 3892 22.5
 2219 24.54545454545455
 4223 26.59090909090909
 1421 28.63636363636364
 1444 30.68181818181818
 1363 32.72727272727273
 1834 34.77272727272727
 1150 36.81818181818182
 2285 38.86363636363636
 2235 40.90909090909091
 790 42.95454545454545
 851 45
 1377 47.04545454545455
 590 49.09090909090909
 507 51.13636363636363
 382 53.18181818181818
 305 55.22727272727273
 293 57.27272727272727
 101 59.31818181818182
 89 61.36363636363636
 52 63.40909090909091
 19 65.45454545454545
 10 67.5
 5 69.54545454545455
 0 71.59090909090909
 0 73.63636363636364
 0 75.68181818181819
 0 77.72727272727272
 0 79.77272727272727
 0 81.81818181818181
 0 83.86363636363636
 0 85.90909090909091
 0 87.95454545454545
 0 90


