# Created by Octave 3.8.2, Mon Jun 22 18:34:22 2020 CEST <damian@fptrucha.inv.usc.es>
# name: hd
# type: matrix
# rows: 45
# columns: 2
 4 0
 2455 2.045454545454545
 6 4.090909090909091
 12 6.136363636363637
 2413 8.181818181818182
 309 10.22727272727273
 257 12.27272727272727
 770 14.31818181818182
 2567 16.36363636363636
 269 18.40909090909091
 801 20.45454545454545
 3815 22.5
 2139 24.54545454545455
 4033 26.59090909090909
 1430 28.63636363636364
 1326 30.68181818181818
 1317 32.72727272727273
 1660 34.77272727272727
 1095 36.81818181818182
 2225 38.86363636363636
 2234 40.90909090909091
 922 42.95454545454545
 871 45
 1411 47.04545454545455
 659 49.09090909090909
 542 51.13636363636363
 530 53.18181818181818
 370 55.22727272727273
 325 57.27272727272727
 137 59.31818181818182
 133 61.36363636363636
 81 63.40909090909091
 31 65.45454545454545
 22 67.5
 3 69.54545454545455
 2 71.59090909090909
 0 73.63636363636364
 0 75.68181818181819
 0 77.72727272727272
 0 79.77272727272727
 0 81.81818181818181
 0 83.86363636363636
 0 85.90909090909091
 0 87.95454545454545
 0 90


