# Created by Octave 3.8.2, Mon Jun 22 14:16:31 2020 CEST <damian@fptrucha.inv.usc.es>
# name: hd
# type: matrix
# rows: 45
# columns: 2
 4 0
 2289 2.045454545454545
 3 4.090909090909091
 12 6.136363636363637
 2152 8.181818181818182
 288 10.22727272727273
 249 12.27272727272727
 817 14.31818181818182
 2597 16.36363636363636
 284 18.40909090909091
 808 20.45454545454545
 3691 22.5
 2122 24.54545454545455
 3802 26.59090909090909
 1358 28.63636363636364
 1275 30.68181818181818
 1333 32.72727272727273
 1650 34.77272727272727
 1126 36.81818181818182
 2065 38.86363636363636
 2161 40.90909090909091
 858 42.95454545454545
 801 45
 1412 47.04545454545455
 652 49.09090909090909
 545 51.13636363636363
 526 53.18181818181818
 349 55.22727272727273
 311 57.27272727272727
 145 59.31818181818182
 137 61.36363636363636
 82 63.40909090909091
 30 65.45454545454545
 20 67.5
 3 69.54545454545455
 2 71.59090909090909
 0 73.63636363636364
 0 75.68181818181819
 0 77.72727272727272
 0 79.77272727272727
 0 81.81818181818181
 0 83.86363636363636
 0 85.90909090909091
 0 87.95454545454545
 0 90


