# Created by Octave 3.8.2, Mon Jun 22 19:23:32 2020 CEST <damian@fptrucha.inv.usc.es>
# name: hd
# type: matrix
# rows: 45
# columns: 2
 3 0
 2426 2.045454545454545
 7 4.090909090909091
 9 6.136363636363637
 2365 8.181818181818182
 281 10.22727272727273
 272 12.27272727272727
 838 14.31818181818182
 2713 16.36363636363636
 293 18.40909090909091
 777 20.45454545454545
 3834 22.5
 2189 24.54545454545455
 4127 26.59090909090909
 1411 28.63636363636364
 1427 30.68181818181818
 1392 32.72727272727273
 1798 34.77272727272727
 1152 36.81818181818182
 2194 38.86363636363636
 2203 40.90909090909091
 882 42.95454545454545
 794 45
 1477 47.04545454545455
 613 49.09090909090909
 609 51.13636363636363
 511 53.18181818181818
 355 55.22727272727273
 349 57.27272727272727
 132 59.31818181818182
 133 61.36363636363636
 99 63.40909090909091
 28 65.45454545454545
 13 67.5
 0 69.54545454545455
 0 71.59090909090909
 0 73.63636363636364
 0 75.68181818181819
 0 77.72727272727272
 0 79.77272727272727
 0 81.81818181818181
 0 83.86363636363636
 0 85.90909090909091
 0 87.95454545454545
 0 90


