# Created by Octave 3.8.2, Mon Jun 22 03:24:46 2020 CEST <damian@fptrucha.inv.usc.es>
# name: hd
# type: matrix
# rows: 45
# columns: 2
 9 0
 2149 2.045454545454545
 8 4.090909090909091
 11 6.136363636363637
 2065 8.181818181818182
 284 10.22727272727273
 238 12.27272727272727
 724 14.31818181818182
 2312 16.36363636363636
 241 18.40909090909091
 722 20.45454545454545
 3341 22.5
 2027 24.54545454545455
 3586 26.59090909090909
 1236 28.63636363636364
 1306 30.68181818181818
 1224 32.72727272727273
 1523 34.77272727272727
 1015 36.81818181818182
 1964 38.86363636363636
 2104 40.90909090909091
 832 42.95454545454545
 809 45
 1298 47.04545454545455
 574 49.09090909090909
 529 51.13636363636363
 497 53.18181818181818
 344 55.22727272727273
 294 57.27272727272727
 144 59.31818181818182
 136 61.36363636363636
 100 63.40909090909091
 10 65.45454545454545
 21 67.5
 2 69.54545454545455
 0 71.59090909090909
 0 73.63636363636364
 0 75.68181818181819
 0 77.72727272727272
 0 79.77272727272727
 0 81.81818181818181
 0 83.86363636363636
 0 85.90909090909091
 0 87.95454545454545
 0 90


