# Created by Octave 3.8.2, Sun Jun 21 00:40:26 2020 CEST <damian@fptrucha.inv.usc.es>
# name: hd
# type: matrix
# rows: 45
# columns: 2
 2 0
 2422 2.045454545454545
 5 4.090909090909091
 7 6.136363636363637
 2269 8.181818181818182
 307 10.22727272727273
 246 12.27272727272727
 759 14.31818181818182
 2479 16.36363636363636
 311 18.40909090909091
 779 20.45454545454545
 3568 22.5
 2050 24.54545454545455
 3766 26.59090909090909
 1295 28.63636363636364
 1250 30.68181818181818
 1219 32.72727272727273
 1657 34.77272727272727
 1067 36.81818181818182
 2024 38.86363636363636
 2030 40.90909090909091
 774 42.95454545454545
 743 45
 1258 47.04545454545455
 559 49.09090909090909
 516 51.13636363636363
 407 53.18181818181818
 303 55.22727272727273
 222 57.27272727272727
 127 59.31818181818182
 92 61.36363636363636
 66 63.40909090909091
 13 65.45454545454545
 9 67.5
 4 69.54545454545455
 0 71.59090909090909
 0 73.63636363636364
 0 75.68181818181819
 0 77.72727272727272
 0 79.77272727272727
 0 81.81818181818181
 0 83.86363636363636
 0 85.90909090909091
 0 87.95454545454545
 0 90


