# Created by Octave 3.8.2, Sat Jun 20 04:25:17 2020 CEST <damian@fptrucha.inv.usc.es>
# name: hd
# type: matrix
# rows: 45
# columns: 2
 7 0
 1662 2.045454545454545
 1 4.090909090909091
 4 6.136363636363637
 1644 8.181818181818182
 224 10.22727272727273
 204 12.27272727272727
 570 14.31818181818182
 1977 16.36363636363636
 234 18.40909090909091
 531 20.45454545454545
 2633 22.5
 1552 24.54545454545455
 2852 26.59090909090909
 943 28.63636363636364
 960 30.68181818181818
 979 32.72727272727273
 1296 34.77272727272727
 780 36.81818181818182
 1537 38.86363636363636
 1477 40.90909090909091
 611 42.95454545454545
 572 45
 937 47.04545454545455
 394 49.09090909090909
 359 51.13636363636363
 349 53.18181818181818
 213 55.22727272727273
 195 57.27272727272727
 88 59.31818181818182
 70 61.36363636363636
 32 63.40909090909091
 18 65.45454545454545
 8 67.5
 1 69.54545454545455
 0 71.59090909090909
 0 73.63636363636364
 0 75.68181818181819
 0 77.72727272727272
 0 79.77272727272727
 0 81.81818181818181
 0 83.86363636363636
 0 85.90909090909091
 0 87.95454545454545
 0 90


