# Created by Octave 3.8.2, Sun Jun 21 01:46:07 2020 CEST <damian@fptrucha.inv.usc.es>
# name: hd
# type: matrix
# rows: 45
# columns: 2
 5 0
 1554 2.045454545454545
 1 4.090909090909091
 2 6.136363636363637
 1555 8.181818181818182
 220 10.22727272727273
 149 12.27272727272727
 492 14.31818181818182
 1656 16.36363636363636
 200 18.40909090909091
 516 20.45454545454545
 2292 22.5
 1301 24.54545454545455
 2516 26.59090909090909
 852 28.63636363636364
 808 30.68181818181818
 802 32.72727272727273
 967 34.77272727272727
 667 36.81818181818182
 1324 38.86363636363636
 1273 40.90909090909091
 504 42.95454545454545
 465 45
 846 47.04545454545455
 386 49.09090909090909
 319 51.13636363636363
 278 53.18181818181818
 161 55.22727272727273
 155 57.27272727272727
 85 59.31818181818182
 68 61.36363636363636
 38 63.40909090909091
 9 65.45454545454545
 4 67.5
 1 69.54545454545455
 0 71.59090909090909
 0 73.63636363636364
 0 75.68181818181819
 0 77.72727272727272
 0 79.77272727272727
 0 81.81818181818181
 0 83.86363636363636
 0 85.90909090909091
 0 87.95454545454545
 0 90


