# Created by Octave 3.8.2, Sun Jun 21 08:01:27 2020 CEST <damian@fptrucha.inv.usc.es>
# name: hd
# type: matrix
# rows: 45
# columns: 2
 5 0
 2385 2.045454545454545
 3 4.090909090909091
 4 6.136363636363637
 2309 8.181818181818182
 300 10.22727272727273
 263 12.27272727272727
 776 14.31818181818182
 2667 16.36363636363636
 332 18.40909090909091
 800 20.45454545454545
 3691 22.5
 2121 24.54545454545455
 3919 26.59090909090909
 1310 28.63636363636364
 1389 30.68181818181818
 1389 32.72727272727273
 1748 34.77272727272727
 1129 36.81818181818182
 2186 38.86363636363636
 2022 40.90909090909091
 774 42.95454545454545
 839 45
 1398 47.04545454545455
 590 49.09090909090909
 507 51.13636363636363
 469 53.18181818181818
 278 55.22727272727273
 245 57.27272727272727
 112 59.31818181818182
 123 61.36363636363636
 63 63.40909090909091
 17 65.45454545454545
 11 67.5
 1 69.54545454545455
 0 71.59090909090909
 0 73.63636363636364
 0 75.68181818181819
 0 77.72727272727272
 0 79.77272727272727
 0 81.81818181818181
 0 83.86363636363636
 0 85.90909090909091
 0 87.95454545454545
 0 90


