# Created by Octave 3.8.2, Sat Jun 20 14:53:54 2020 CEST <damian@fptrucha.inv.usc.es>
# name: hd
# type: matrix
# rows: 45
# columns: 2
 5 0
 2425 2.045454545454545
 0 4.090909090909091
 11 6.136363636363637
 2417 8.181818181818182
 335 10.22727272727273
 258 12.27272727272727
 848 14.31818181818182
 2706 16.36363636363636
 302 18.40909090909091
 841 20.45454545454545
 3829 22.5
 2232 24.54545454545455
 4092 26.59090909090909
 1398 28.63636363636364
 1383 30.68181818181818
 1301 32.72727272727273
 1808 34.77272727272727
 1133 36.81818181818182
 2205 38.86363636363636
 2161 40.90909090909091
 827 42.95454545454545
 851 45
 1357 47.04545454545455
 614 49.09090909090909
 572 51.13636363636363
 451 53.18181818181818
 291 55.22727272727273
 289 57.27272727272727
 103 59.31818181818182
 96 61.36363636363636
 57 63.40909090909091
 15 65.45454545454545
 6 67.5
 1 69.54545454545455
 0 71.59090909090909
 0 73.63636363636364
 0 75.68181818181819
 0 77.72727272727272
 0 79.77272727272727
 0 81.81818181818181
 0 83.86363636363636
 0 85.90909090909091
 0 87.95454545454545
 0 90


