# Created by Octave 3.8.2, Sat Jun 20 21:10:54 2020 CEST <damian@fptrucha.inv.usc.es>
# name: hd
# type: matrix
# rows: 45
# columns: 2
 5 0
 2374 2.045454545454545
 2 4.090909090909091
 1 6.136363636363637
 2285 8.181818181818182
 338 10.22727272727273
 216 12.27272727272727
 800 14.31818181818182
 2734 16.36363636363636
 308 18.40909090909091
 791 20.45454545454545
 3552 22.5
 2106 24.54545454545455
 3908 26.59090909090909
 1293 28.63636363636364
 1312 30.68181818181818
 1317 32.72727272727273
 1781 34.77272727272727
 1027 36.81818181818182
 2059 38.86363636363636
 2061 40.90909090909091
 776 42.95454545454545
 729 45
 1338 47.04545454545455
 626 49.09090909090909
 501 51.13636363636363
 425 53.18181818181818
 222 55.22727272727273
 239 57.27272727272727
 112 59.31818181818182
 100 61.36363636363636
 49 63.40909090909091
 22 65.45454545454545
 14 67.5
 1 69.54545454545455
 0 71.59090909090909
 0 73.63636363636364
 0 75.68181818181819
 0 77.72727272727272
 0 79.77272727272727
 0 81.81818181818181
 0 83.86363636363636
 0 85.90909090909091
 0 87.95454545454545
 0 90


