# Created by Octave 3.8.2, Mon Jun 22 23:09:32 2020 CEST <damian@fptrucha.inv.usc.es>
# name: hd
# type: matrix
# rows: 45
# columns: 2
 10 0
 2510 2.045454545454545
 5 4.090909090909091
 12 6.136363636363637
 2323 8.181818181818182
 302 10.22727272727273
 284 12.27272727272727
 796 14.31818181818182
 2683 16.36363636363636
 335 18.40909090909091
 807 20.45454545454545
 3796 22.5
 2215 24.54545454545455
 4115 26.59090909090909
 1459 28.63636363636364
 1358 30.68181818181818
 1406 32.72727272727273
 1781 34.77272727272727
 1228 36.81818181818182
 2294 38.86363636363636
 2332 40.90909090909091
 944 42.95454545454545
 927 45
 1565 47.04545454545455
 663 49.09090909090909
 594 51.13636363636363
 521 53.18181818181818
 400 55.22727272727273
 343 57.27272727272727
 148 59.31818181818182
 131 61.36363636363636
 90 63.40909090909091
 32 65.45454545454545
 18 67.5
 7 69.54545454545455
 0 71.59090909090909
 0 73.63636363636364
 0 75.68181818181819
 0 77.72727272727272
 0 79.77272727272727
 0 81.81818181818181
 0 83.86363636363636
 0 85.90909090909091
 0 87.95454545454545
 0 90


