# Created by Octave 3.8.2, Sat Jun 20 03:32:05 2020 CEST <damian@fptrucha.inv.usc.es>
# name: hd
# type: matrix
# rows: 45
# columns: 2
 6 0
 2680 2.045454545454545
 4 4.090909090909091
 7 6.136363636363637
 2628 8.181818181818182
 349 10.22727272727273
 285 12.27272727272727
 861 14.31818181818182
 2949 16.36363636363636
 383 18.40909090909091
 867 20.45454545454545
 3983 22.5
 2279 24.54545454545455
 4252 26.59090909090909
 1386 28.63636363636364
 1419 30.68181818181818
 1440 32.72727272727273
 1804 34.77272727272727
 1193 36.81818181818182
 2222 38.86363636363636
 2156 40.90909090909091
 827 42.95454545454545
 870 45
 1473 47.04545454545455
 657 49.09090909090909
 505 51.13636363636363
 492 53.18181818181818
 287 55.22727272727273
 294 57.27272727272727
 113 59.31818181818182
 105 61.36363636363636
 70 63.40909090909091
 16 65.45454545454545
 7 67.5
 5 69.54545454545455
 0 71.59090909090909
 0 73.63636363636364
 0 75.68181818181819
 0 77.72727272727272
 0 79.77272727272727
 0 81.81818181818181
 0 83.86363636363636
 0 85.90909090909091
 0 87.95454545454545
 0 90


