# Created by Octave 3.8.2, Mon Jun 22 13:23:56 2020 CEST <damian@fptrucha.inv.usc.es>
# name: hd
# type: matrix
# rows: 45
# columns: 2
 8 0
 2423 2.045454545454545
 7 4.090909090909091
 10 6.136363636363637
 2274 8.181818181818182
 311 10.22727272727273
 261 12.27272727272727
 755 14.31818181818182
 2583 16.36363636363636
 286 18.40909090909091
 798 20.45454545454545
 3730 22.5
 2112 24.54545454545455
 3893 26.59090909090909
 1370 28.63636363636364
 1282 30.68181818181818
 1351 32.72727272727273
 1620 34.77272727272727
 1117 36.81818181818182
 2099 38.86363636363636
 2186 40.90909090909091
 879 42.95454545454545
 774 45
 1457 47.04545454545455
 663 49.09090909090909
 575 51.13636363636363
 499 53.18181818181818
 299 55.22727272727273
 334 57.27272727272727
 138 59.31818181818182
 135 61.36363636363636
 82 63.40909090909091
 29 65.45454545454545
 24 67.5
 3 69.54545454545455
 0 71.59090909090909
 0 73.63636363636364
 0 75.68181818181819
 0 77.72727272727272
 0 79.77272727272727
 0 81.81818181818181
 0 83.86363636363636
 0 85.90909090909091
 0 87.95454545454545
 0 90


