# Created by Octave 3.8.2, Sun Jun 21 05:59:44 2020 CEST <damian@fptrucha.inv.usc.es>
# name: hd
# type: matrix
# rows: 45
# columns: 2
 2 0
 1490 2.045454545454545
 1 4.090909090909091
 4 6.136363636363637
 1519 8.181818181818182
 216 10.22727272727273
 148 12.27272727272727
 478 14.31818181818182
 1661 16.36363636363636
 214 18.40909090909091
 465 20.45454545454545
 2311 22.5
 1342 24.54545454545455
 2429 26.59090909090909
 819 28.63636363636364
 807 30.68181818181818
 856 32.72727272727273
 1084 34.77272727272727
 682 36.81818181818182
 1347 38.86363636363636
 1195 40.90909090909091
 486 42.95454545454545
 489 45
 852 47.04545454545455
 384 49.09090909090909
 290 51.13636363636363
 280 53.18181818181818
 170 55.22727272727273
 168 57.27272727272727
 73 59.31818181818182
 55 61.36363636363636
 37 63.40909090909091
 10 65.45454545454545
 8 67.5
 1 69.54545454545455
 0 71.59090909090909
 0 73.63636363636364
 0 75.68181818181819
 0 77.72727272727272
 0 79.77272727272727
 0 81.81818181818181
 0 83.86363636363636
 0 85.90909090909091
 0 87.95454545454545
 0 90


