# Created by Octave 3.8.2, Sat Jun 20 05:32:46 2020 CEST <damian@fptrucha.inv.usc.es>
# name: hd
# type: matrix
# rows: 45
# columns: 2
 9 0
 2602 2.045454545454545
 4 4.090909090909091
 8 6.136363636363637
 2585 8.181818181818182
 341 10.22727272727273
 302 12.27272727272727
 896 14.31818181818182
 2889 16.36363636363636
 360 18.40909090909091
 871 20.45454545454545
 4042 22.5
 2362 24.54545454545455
 4358 26.59090909090909
 1448 28.63636363636364
 1472 30.68181818181818
 1532 32.72727272727273
 1851 34.77272727272727
 1276 36.81818181818182
 2360 38.86363636363636
 2257 40.90909090909091
 879 42.95454545454545
 872 45
 1457 47.04545454545455
 674 49.09090909090909
 597 51.13636363636363
 453 53.18181818181818
 294 55.22727272727273
 296 57.27272727272727
 117 59.31818181818182
 111 61.36363636363636
 77 63.40909090909091
 28 65.45454545454545
 18 67.5
 5 69.54545454545455
 0 71.59090909090909
 0 73.63636363636364
 0 75.68181818181819
 0 77.72727272727272
 0 79.77272727272727
 0 81.81818181818181
 0 83.86363636363636
 0 85.90909090909091
 0 87.95454545454545
 0 90


