# Created by Octave 3.8.2, Mon Jun 22 22:19:15 2020 CEST <damian@fptrucha.inv.usc.es>
# name: hd
# type: matrix
# rows: 45
# columns: 2
 6 0
 2497 2.045454545454545
 4 4.090909090909091
 9 6.136363636363637
 2415 8.181818181818182
 270 10.22727272727273
 266 12.27272727272727
 820 14.31818181818182
 2816 16.36363636363636
 300 18.40909090909091
 757 20.45454545454545
 3819 22.5
 2172 24.54545454545455
 4130 26.59090909090909
 1463 28.63636363636364
 1383 30.68181818181818
 1386 32.72727272727273
 1735 34.77272727272727
 1187 36.81818181818182
 2269 38.86363636363636
 2281 40.90909090909091
 895 42.95454545454545
 886 45
 1492 47.04545454545455
 686 49.09090909090909
 613 51.13636363636363
 567 53.18181818181818
 345 55.22727272727273
 338 57.27272727272727
 150 59.31818181818182
 160 61.36363636363636
 82 63.40909090909091
 30 65.45454545454545
 19 67.5
 2 69.54545454545455
 0 71.59090909090909
 0 73.63636363636364
 0 75.68181818181819
 0 77.72727272727272
 0 79.77272727272727
 0 81.81818181818181
 0 83.86363636363636
 0 85.90909090909091
 0 87.95454545454545
 0 90


