# Created by Octave 3.8.2, Sat Jun 20 08:25:16 2020 CEST <damian@fptrucha.inv.usc.es>
# name: hd
# type: matrix
# rows: 45
# columns: 2
 6 0
 2711 2.045454545454545
 2 4.090909090909091
 9 6.136363636363637
 2612 8.181818181818182
 324 10.22727272727273
 261 12.27272727272727
 912 14.31818181818182
 2920 16.36363636363636
 389 18.40909090909091
 842 20.45454545454545
 4030 22.5
 2430 24.54545454545455
 4483 26.59090909090909
 1615 28.63636363636364
 1450 30.68181818181818
 1569 32.72727272727273
 1878 34.77272727272727
 1300 36.81818181818182
 2540 38.86363636363636
 2428 40.90909090909091
 994 42.95454545454545
 963 45
 1543 47.04545454545455
 689 49.09090909090909
 594 51.13636363636363
 544 53.18181818181818
 348 55.22727272727273
 340 57.27272727272727
 126 59.31818181818182
 130 61.36363636363636
 72 63.40909090909091
 28 65.45454545454545
 24 67.5
 3 69.54545454545455
 2 71.59090909090909
 0 73.63636363636364
 0 75.68181818181819
 0 77.72727272727272
 0 79.77272727272727
 0 81.81818181818181
 0 83.86363636363636
 0 85.90909090909091
 0 87.95454545454545
 0 90


