# Created by Octave 3.8.2, Sat Jun 20 15:27:46 2020 CEST <damian@fptrucha.inv.usc.es>
# name: hd
# type: matrix
# rows: 45
# columns: 2
 6 0
 2505 2.045454545454545
 1 4.090909090909091
 7 6.136363636363637
 2376 8.181818181818182
 351 10.22727272727273
 263 12.27272727272727
 827 14.31818181818182
 2707 16.36363636363636
 365 18.40909090909091
 801 20.45454545454545
 3754 22.5
 2202 24.54545454545455
 3986 26.59090909090909
 1351 28.63636363636364
 1317 30.68181818181818
 1336 32.72727272727273
 1666 34.77272727272727
 1062 36.81818181818182
 2116 38.86363636363636
 2156 40.90909090909091
 797 42.95454545454545
 811 45
 1381 47.04545454545455
 609 49.09090909090909
 505 51.13636363636363
 453 53.18181818181818
 309 55.22727272727273
 289 57.27272727272727
 125 59.31818181818182
 101 61.36363636363636
 66 63.40909090909091
 30 65.45454545454545
 12 67.5
 0 69.54545454545455
 0 71.59090909090909
 0 73.63636363636364
 0 75.68181818181819
 0 77.72727272727272
 0 79.77272727272727
 0 81.81818181818181
 0 83.86363636363636
 0 85.90909090909091
 0 87.95454545454545
 0 90


