# Created by Octave 3.8.2, Sun Jun 21 02:10:48 2020 CEST <damian@fptrucha.inv.usc.es>
# name: hd
# type: matrix
# rows: 45
# columns: 2
 6 0
 2395 2.045454545454545
 1 4.090909090909091
 6 6.136363636363637
 2240 8.181818181818182
 317 10.22727272727273
 246 12.27272727272727
 764 14.31818181818182
 2567 16.36363636363636
 350 18.40909090909091
 767 20.45454545454545
 3494 22.5
 2067 24.54545454545455
 3779 26.59090909090909
 1301 28.63636363636364
 1245 30.68181818181818
 1283 32.72727272727273
 1602 34.77272727272727
 1125 36.81818181818182
 2102 38.86363636363636
 1984 40.90909090909091
 747 42.95454545454545
 807 45
 1311 47.04545454545455
 582 49.09090909090909
 488 51.13636363636363
 436 53.18181818181818
 279 55.22727272727273
 260 57.27272727272727
 112 59.31818181818182
 92 61.36363636363636
 68 63.40909090909091
 17 65.45454545454545
 6 67.5
 0 69.54545454545455
 1 71.59090909090909
 0 73.63636363636364
 0 75.68181818181819
 0 77.72727272727272
 0 79.77272727272727
 0 81.81818181818181
 0 83.86363636363636
 0 85.90909090909091
 0 87.95454545454545
 0 90


