# Created by Octave 3.8.2, Mon Jun 22 22:08:34 2020 CEST <damian@fptrucha.inv.usc.es>
# name: hd
# type: matrix
# rows: 45
# columns: 2
 4 0
 2525 2.045454545454545
 5 4.090909090909091
 17 6.136363636363637
 2319 8.181818181818182
 311 10.22727272727273
 287 12.27272727272727
 795 14.31818181818182
 2673 16.36363636363636
 334 18.40909090909091
 831 20.45454545454545
 3622 22.5
 2238 24.54545454545455
 4160 26.59090909090909
 1430 28.63636363636364
 1374 30.68181818181818
 1390 32.72727272727273
 1772 34.77272727272727
 1128 36.81818181818182
 2147 38.86363636363636
 2322 40.90909090909091
 871 42.95454545454545
 905 45
 1546 47.04545454545455
 703 49.09090909090909
 618 51.13636363636363
 518 53.18181818181818
 375 55.22727272727273
 345 57.27272727272727
 152 59.31818181818182
 137 61.36363636363636
 88 63.40909090909091
 27 65.45454545454545
 16 67.5
 2 69.54545454545455
 0 71.59090909090909
 0 73.63636363636364
 0 75.68181818181819
 0 77.72727272727272
 0 79.77272727272727
 0 81.81818181818181
 0 83.86363636363636
 0 85.90909090909091
 0 87.95454545454545
 0 90


