# Created by Octave 3.8.2, Mon Jun 22 05:52:28 2020 CEST <damian@fptrucha.inv.usc.es>
# name: hd
# type: matrix
# rows: 45
# columns: 2
 11 0
 2214 2.045454545454545
 4 4.090909090909091
 8 6.136363636363637
 2093 8.181818181818182
 278 10.22727272727273
 244 12.27272727272727
 727 14.31818181818182
 2341 16.36363636363636
 292 18.40909090909091
 718 20.45454545454545
 3484 22.5
 1955 24.54545454545455
 3736 26.59090909090909
 1230 28.63636363636364
 1247 30.68181818181818
 1248 32.72727272727273
 1601 34.77272727272727
 1027 36.81818181818182
 2024 38.86363636363636
 2022 40.90909090909091
 831 42.95454545454545
 807 45
 1334 47.04545454545455
 612 49.09090909090909
 513 51.13636363636363
 443 53.18181818181818
 302 55.22727272727273
 311 57.27272727272727
 123 59.31818181818182
 159 61.36363636363636
 84 63.40909090909091
 26 65.45454545454545
 14 67.5
 4 69.54545454545455
 0 71.59090909090909
 0 73.63636363636364
 0 75.68181818181819
 0 77.72727272727272
 0 79.77272727272727
 0 81.81818181818181
 0 83.86363636363636
 0 85.90909090909091
 0 87.95454545454545
 0 90


