# Created by Octave 3.8.2, Sat Jun 20 14:30:47 2020 CEST <damian@fptrucha.inv.usc.es>
# name: hd
# type: matrix
# rows: 45
# columns: 2
 3 0
 1644 2.045454545454545
 2 4.090909090909091
 3 6.136363636363637
 1622 8.181818181818182
 224 10.22727272727273
 179 12.27272727272727
 570 14.31818181818182
 1871 16.36363636363636
 233 18.40909090909091
 567 20.45454545454545
 2450 22.5
 1511 24.54545454545455
 2730 26.59090909090909
 959 28.63636363636364
 896 30.68181818181818
 877 32.72727272727273
 1185 34.77272727272727
 764 36.81818181818182
 1457 38.86363636363636
 1461 40.90909090909091
 527 42.95454545454545
 546 45
 922 47.04545454545455
 451 49.09090909090909
 353 51.13636363636363
 371 53.18181818181818
 212 55.22727272727273
 186 57.27272727272727
 94 59.31818181818182
 67 61.36363636363636
 48 63.40909090909091
 7 65.45454545454545
 6 67.5
 0 69.54545454545455
 0 71.59090909090909
 0 73.63636363636364
 0 75.68181818181819
 0 77.72727272727272
 0 79.77272727272727
 0 81.81818181818181
 0 83.86363636363636
 0 85.90909090909091
 0 87.95454545454545
 0 90


