# Created by Octave 3.8.2, Sat Jun 20 15:53:59 2020 CEST <damian@fptrucha.inv.usc.es>
# name: hd
# type: matrix
# rows: 45
# columns: 2
 2 0
 2466 2.045454545454545
 2 4.090909090909091
 11 6.136363636363637
 2309 8.181818181818182
 357 10.22727272727273
 245 12.27272727272727
 828 14.31818181818182
 2658 16.36363636363636
 331 18.40909090909091
 820 20.45454545454545
 3786 22.5
 2172 24.54545454545455
 4070 26.59090909090909
 1327 28.63636363636364
 1310 30.68181818181818
 1363 32.72727272727273
 1620 34.77272727272727
 1126 36.81818181818182
 2115 38.86363636363636
 2119 40.90909090909091
 782 42.95454545454545
 824 45
 1411 47.04545454545455
 577 49.09090909090909
 506 51.13636363636363
 427 53.18181818181818
 293 55.22727272727273
 250 57.27272727272727
 136 59.31818181818182
 97 61.36363636363636
 57 63.40909090909091
 21 65.45454545454545
 9 67.5
 3 69.54545454545455
 0 71.59090909090909
 0 73.63636363636364
 0 75.68181818181819
 0 77.72727272727272
 0 79.77272727272727
 0 81.81818181818181
 0 83.86363636363636
 0 85.90909090909091
 0 87.95454545454545
 0 90


