# Created by Octave 3.8.2, Sat Jun 20 14:38:58 2020 CEST <damian@fptrucha.inv.usc.es>
# name: hd
# type: matrix
# rows: 45
# columns: 2
 3 0
 2512 2.045454545454545
 4 4.090909090909091
 10 6.136363636363637
 2459 8.181818181818182
 353 10.22727272727273
 252 12.27272727272727
 832 14.31818181818182
 2706 16.36363636363636
 343 18.40909090909091
 839 20.45454545454545
 3716 22.5
 2139 24.54545454545455
 4110 26.59090909090909
 1400 28.63636363636364
 1451 30.68181818181818
 1303 32.72727272727273
 1778 34.77272727272727
 1138 36.81818181818182
 2224 38.86363636363636
 2249 40.90909090909091
 846 42.95454545454545
 781 45
 1377 47.04545454545455
 646 49.09090909090909
 539 51.13636363636363
 468 53.18181818181818
 299 55.22727272727273
 278 57.27272727272727
 115 59.31818181818182
 100 61.36363636363636
 56 63.40909090909091
 18 65.45454545454545
 11 67.5
 2 69.54545454545455
 0 71.59090909090909
 0 73.63636363636364
 0 75.68181818181819
 0 77.72727272727272
 0 79.77272727272727
 0 81.81818181818181
 0 83.86363636363636
 0 85.90909090909091
 0 87.95454545454545
 0 90


