# Created by Octave 3.8.2, Mon Jun 22 18:59:48 2020 CEST <damian@fptrucha.inv.usc.es>
# name: hd
# type: matrix
# rows: 45
# columns: 2
 4 0
 2454 2.045454545454545
 7 4.090909090909091
 14 6.136363636363637
 2328 8.181818181818182
 277 10.22727272727273
 305 12.27272727272727
 817 14.31818181818182
 2608 16.36363636363636
 305 18.40909090909091
 843 20.45454545454545
 3765 22.5
 2053 24.54545454545455
 4096 26.59090909090909
 1397 28.63636363636364
 1318 30.68181818181818
 1441 32.72727272727273
 1709 34.77272727272727
 1156 36.81818181818182
 2217 38.86363636363636
 2191 40.90909090909091
 877 42.95454545454545
 846 45
 1431 47.04545454545455
 661 49.09090909090909
 578 51.13636363636363
 519 53.18181818181818
 332 55.22727272727273
 343 57.27272727272727
 153 59.31818181818182
 132 61.36363636363636
 87 63.40909090909091
 34 65.45454545454545
 20 67.5
 4 69.54545454545455
 0 71.59090909090909
 0 73.63636363636364
 0 75.68181818181819
 0 77.72727272727272
 0 79.77272727272727
 0 81.81818181818181
 0 83.86363636363636
 0 85.90909090909091
 0 87.95454545454545
 0 90


