# Created by Octave 3.8.2, Sat Jun 20 21:58:53 2020 CEST <damian@fptrucha.inv.usc.es>
# name: hd
# type: matrix
# rows: 45
# columns: 2
 3 0
 2374 2.045454545454545
 2 4.090909090909091
 10 6.136363636363637
 2168 8.181818181818182
 306 10.22727272727273
 250 12.27272727272727
 837 14.31818181818182
 2616 16.36363636363636
 331 18.40909090909091
 771 20.45454545454545
 3537 22.5
 2138 24.54545454545455
 3876 26.59090909090909
 1323 28.63636363636364
 1237 30.68181818181818
 1364 32.72727272727273
 1717 34.77272727272727
 1059 36.81818181818182
 2040 38.86363636363636
 2066 40.90909090909091
 743 42.95454545454545
 788 45
 1359 47.04545454545455
 608 49.09090909090909
 491 51.13636363636363
 476 53.18181818181818
 295 55.22727272727273
 265 57.27272727272727
 113 59.31818181818182
 91 61.36363636363636
 60 63.40909090909091
 17 65.45454545454545
 11 67.5
 1 69.54545454545455
 1 71.59090909090909
 0 73.63636363636364
 0 75.68181818181819
 0 77.72727272727272
 0 79.77272727272727
 0 81.81818181818181
 0 83.86363636363636
 0 85.90909090909091
 0 87.95454545454545
 0 90


