# Created by Octave 3.8.2, Mon Jun 22 03:37:48 2020 CEST <damian@fptrucha.inv.usc.es>
# name: hd
# type: matrix
# rows: 45
# columns: 2
 12 0
 2169 2.045454545454545
 11 4.090909090909091
 10 6.136363636363637
 2081 8.181818181818182
 274 10.22727272727273
 255 12.27272727272727
 747 14.31818181818182
 2286 16.36363636363636
 283 18.40909090909091
 754 20.45454545454545
 3415 22.5
 2014 24.54545454545455
 3682 26.59090909090909
 1204 28.63636363636364
 1207 30.68181818181818
 1291 32.72727272727273
 1487 34.77272727272727
 1026 36.81818181818182
 2007 38.86363636363636
 1976 40.90909090909091
 806 42.95454545454545
 727 45
 1280 47.04545454545455
 596 49.09090909090909
 582 51.13636363636363
 502 53.18181818181818
 328 55.22727272727273
 306 57.27272727272727
 129 59.31818181818182
 128 61.36363636363636
 84 63.40909090909091
 37 65.45454545454545
 14 67.5
 4 69.54545454545455
 0 71.59090909090909
 0 73.63636363636364
 0 75.68181818181819
 0 77.72727272727272
 0 79.77272727272727
 0 81.81818181818181
 0 83.86363636363636
 0 85.90909090909091
 0 87.95454545454545
 0 90


