# Created by Octave 3.8.2, Sun Jun 21 07:09:52 2020 CEST <damian@fptrucha.inv.usc.es>
# name: hd
# type: matrix
# rows: 45
# columns: 2
 1 0
 2375 2.045454545454545
 2 4.090909090909091
 11 6.136363636363637
 2409 8.181818181818182
 305 10.22727272727273
 257 12.27272727272727
 763 14.31818181818182
 2607 16.36363636363636
 351 18.40909090909091
 824 20.45454545454545
 3674 22.5
 2181 24.54545454545455
 3909 26.59090909090909
 1354 28.63636363636364
 1372 30.68181818181818
 1358 32.72727272727273
 1722 34.77272727272727
 1080 36.81818181818182
 2136 38.86363636363636
 2081 40.90909090909091
 770 42.95454545454545
 844 45
 1302 47.04545454545455
 603 49.09090909090909
 501 51.13636363636363
 451 53.18181818181818
 324 55.22727272727273
 322 57.27272727272727
 129 59.31818181818182
 93 61.36363636363636
 63 63.40909090909091
 19 65.45454545454545
 11 67.5
 2 69.54545454545455
 0 71.59090909090909
 0 73.63636363636364
 0 75.68181818181819
 0 77.72727272727272
 0 79.77272727272727
 0 81.81818181818181
 0 83.86363636363636
 0 85.90909090909091
 0 87.95454545454545
 0 90


