# Created by Octave 3.8.2, Mon Jun 22 09:25:04 2020 CEST <damian@fptrucha.inv.usc.es>
# name: hd
# type: matrix
# rows: 45
# columns: 2
 8 0
 2222 2.045454545454545
 6 4.090909090909091
 13 6.136363636363637
 2198 8.181818181818182
 277 10.22727272727273
 243 12.27272727272727
 762 14.31818181818182
 2448 16.36363636363636
 293 18.40909090909091
 790 20.45454545454545
 3441 22.5
 1968 24.54545454545455
 3578 26.59090909090909
 1294 28.63636363636364
 1265 30.68181818181818
 1272 32.72727272727273
 1563 34.77272727272727
 1065 36.81818181818182
 2127 38.86363636363636
 2046 40.90909090909091
 796 42.95454545454545
 757 45
 1357 47.04545454545455
 586 49.09090909090909
 585 51.13636363636363
 508 53.18181818181818
 326 55.22727272727273
 330 57.27272727272727
 138 59.31818181818182
 132 61.36363636363636
 76 63.40909090909091
 27 65.45454545454545
 20 67.5
 3 69.54545454545455
 0 71.59090909090909
 0 73.63636363636364
 0 75.68181818181819
 0 77.72727272727272
 0 79.77272727272727
 0 81.81818181818181
 0 83.86363636363636
 0 85.90909090909091
 0 87.95454545454545
 0 90


