# Created by Octave 3.8.2, Mon Jun 22 02:57:40 2020 CEST <damian@fptrucha.inv.usc.es>
# name: hd
# type: matrix
# rows: 45
# columns: 2
 5 0
 2179 2.045454545454545
 8 4.090909090909091
 10 6.136363636363637
 2019 8.181818181818182
 312 10.22727272727273
 254 12.27272727272727
 742 14.31818181818182
 2295 16.36363636363636
 265 18.40909090909091
 743 20.45454545454545
 3315 22.5
 1966 24.54545454545455
 3547 26.59090909090909
 1366 28.63636363636364
 1189 30.68181818181818
 1227 32.72727272727273
 1578 34.77272727272727
 1102 36.81818181818182
 2121 38.86363636363636
 2005 40.90909090909091
 832 42.95454545454545
 783 45
 1336 47.04545454545455
 604 49.09090909090909
 498 51.13636363636363
 483 53.18181818181818
 329 55.22727272727273
 318 57.27272727272727
 164 59.31818181818182
 139 61.36363636363636
 78 63.40909090909091
 36 65.45454545454545
 21 67.5
 2 69.54545454545455
 0 71.59090909090909
 0 73.63636363636364
 0 75.68181818181819
 0 77.72727272727272
 0 79.77272727272727
 0 81.81818181818181
 0 83.86363636363636
 0 85.90909090909091
 0 87.95454545454545
 0 90


