# Created by Octave 3.8.2, Sun Jun 21 07:15:44 2020 CEST <damian@fptrucha.inv.usc.es>
# name: hd
# type: matrix
# rows: 45
# columns: 2
 2 0
 2473 2.045454545454545
 0 4.090909090909091
 8 6.136363636363637
 2372 8.181818181818182
 302 10.22727272727273
 263 12.27272727272727
 794 14.31818181818182
 2611 16.36363636363636
 307 18.40909090909091
 773 20.45454545454545
 3736 22.5
 2164 24.54545454545455
 3878 26.59090909090909
 1360 28.63636363636364
 1313 30.68181818181818
 1303 32.72727272727273
 1709 34.77272727272727
 1081 36.81818181818182
 2109 38.86363636363636
 1994 40.90909090909091
 761 42.95454545454545
 789 45
 1351 47.04545454545455
 634 49.09090909090909
 460 51.13636363636363
 433 53.18181818181818
 260 55.22727272727273
 277 57.27272727272727
 101 59.31818181818182
 87 61.36363636363636
 67 63.40909090909091
 19 65.45454545454545
 13 67.5
 1 69.54545454545455
 0 71.59090909090909
 0 73.63636363636364
 0 75.68181818181819
 0 77.72727272727272
 0 79.77272727272727
 0 81.81818181818181
 0 83.86363636363636
 0 85.90909090909091
 0 87.95454545454545
 0 90


