# Created by Octave 3.8.2, Sat Jun 20 19:45:59 2020 CEST <damian@fptrucha.inv.usc.es>
# name: hd
# type: matrix
# rows: 45
# columns: 2
 4 0
 2471 2.045454545454545
 0 4.090909090909091
 10 6.136363636363637
 2338 8.181818181818182
 303 10.22727272727273
 249 12.27272727272727
 843 14.31818181818182
 2540 16.36363636363636
 330 18.40909090909091
 813 20.45454545454545
 3528 22.5
 2044 24.54545454545455
 3993 26.59090909090909
 1307 28.63636363636364
 1297 30.68181818181818
 1289 32.72727272727273
 1699 34.77272727272727
 1075 36.81818181818182
 2100 38.86363636363636
 2069 40.90909090909091
 744 42.95454545454545
 798 45
 1357 47.04545454545455
 626 49.09090909090909
 499 51.13636363636363
 419 53.18181818181818
 244 55.22727272727273
 270 57.27272727272727
 107 59.31818181818182
 102 61.36363636363636
 56 63.40909090909091
 13 65.45454545454545
 7 67.5
 1 69.54545454545455
 0 71.59090909090909
 0 73.63636363636364
 0 75.68181818181819
 0 77.72727272727272
 0 79.77272727272727
 0 81.81818181818181
 0 83.86363636363636
 0 85.90909090909091
 0 87.95454545454545
 0 90


