# Created by Octave 3.8.2, Sat Jun 20 04:05:51 2020 CEST <damian@fptrucha.inv.usc.es>
# name: hd
# type: matrix
# rows: 45
# columns: 2
 5 0
 2733 2.045454545454545
 4 4.090909090909091
 7 6.136363636363637
 2570 8.181818181818182
 329 10.22727272727273
 261 12.27272727272727
 903 14.31818181818182
 2865 16.36363636363636
 365 18.40909090909091
 895 20.45454545454545
 4016 22.5
 2385 24.54545454545455
 4269 26.59090909090909
 1455 28.63636363636364
 1461 30.68181818181818
 1429 32.72727272727273
 1858 34.77272727272727
 1216 36.81818181818182
 2210 38.86363636363636
 2199 40.90909090909091
 829 42.95454545454545
 884 45
 1419 47.04545454545455
 677 49.09090909090909
 491 51.13636363636363
 486 53.18181818181818
 343 55.22727272727273
 309 57.27272727272727
 130 59.31818181818182
 113 61.36363636363636
 72 63.40909090909091
 17 65.45454545454545
 9 67.5
 2 69.54545454545455
 0 71.59090909090909
 0 73.63636363636364
 0 75.68181818181819
 0 77.72727272727272
 0 79.77272727272727
 0 81.81818181818181
 0 83.86363636363636
 0 85.90909090909091
 0 87.95454545454545
 0 90


