# Created by Octave 3.8.2, Mon Jun 22 15:57:31 2020 CEST <damian@fptrucha.inv.usc.es>
# name: hd
# type: matrix
# rows: 45
# columns: 2
 7 0
 2375 2.045454545454545
 3 4.090909090909091
 7 6.136363636363637
 2139 8.181818181818182
 325 10.22727272727273
 262 12.27272727272727
 802 14.31818181818182
 2623 16.36363636363636
 325 18.40909090909091
 796 20.45454545454545
 3676 22.5
 2058 24.54545454545455
 3914 26.59090909090909
 1398 28.63636363636364
 1344 30.68181818181818
 1362 32.72727272727273
 1703 34.77272727272727
 1125 36.81818181818182
 2250 38.86363636363636
 2243 40.90909090909091
 910 42.95454545454545
 865 45
 1473 47.04545454545455
 698 49.09090909090909
 599 51.13636363636363
 516 53.18181818181818
 366 55.22727272727273
 345 57.27272727272727
 171 59.31818181818182
 140 61.36363636363636
 94 63.40909090909091
 34 65.45454545454545
 18 67.5
 3 69.54545454545455
 1 71.59090909090909
 0 73.63636363636364
 0 75.68181818181819
 0 77.72727272727272
 0 79.77272727272727
 0 81.81818181818181
 0 83.86363636363636
 0 85.90909090909091
 0 87.95454545454545
 0 90


