# Created by Octave 3.8.2, Sat Jun 20 20:25:08 2020 CEST <damian@fptrucha.inv.usc.es>
# name: hd
# type: matrix
# rows: 45
# columns: 2
 6 0
 2587 2.045454545454545
 2 4.090909090909091
 13 6.136363636363637
 2349 8.181818181818182
 329 10.22727272727273
 254 12.27272727272727
 820 14.31818181818182
 2549 16.36363636363636
 292 18.40909090909091
 847 20.45454545454545
 3624 22.5
 2218 24.54545454545455
 3921 26.59090909090909
 1231 28.63636363636364
 1271 30.68181818181818
 1349 32.72727272727273
 1699 34.77272727272727
 1080 36.81818181818182
 2135 38.86363636363636
 2011 40.90909090909091
 787 42.95454545454545
 782 45
 1337 47.04545454545455
 603 49.09090909090909
 509 51.13636363636363
 415 53.18181818181818
 296 55.22727272727273
 262 57.27272727272727
 97 59.31818181818182
 90 61.36363636363636
 75 63.40909090909091
 18 65.45454545454545
 15 67.5
 0 69.54545454545455
 0 71.59090909090909
 0 73.63636363636364
 0 75.68181818181819
 0 77.72727272727272
 0 79.77272727272727
 0 81.81818181818181
 0 83.86363636363636
 0 85.90909090909091
 0 87.95454545454545
 0 90


