# Created by Octave 3.8.2, Mon Jun 22 13:27:53 2020 CEST <damian@fptrucha.inv.usc.es>
# name: hd
# type: matrix
# rows: 45
# columns: 2
 8 0
 2272 2.045454545454545
 1 4.090909090909091
 4 6.136363636363637
 2143 8.181818181818182
 283 10.22727272727273
 268 12.27272727272727
 742 14.31818181818182
 2531 16.36363636363636
 292 18.40909090909091
 783 20.45454545454545
 3710 22.5
 2123 24.54545454545455
 3892 26.59090909090909
 1324 28.63636363636364
 1284 30.68181818181818
 1383 32.72727272727273
 1592 34.77272727272727
 1152 36.81818181818182
 2114 38.86363636363636
 2183 40.90909090909091
 814 42.95454545454545
 781 45
 1461 47.04545454545455
 635 49.09090909090909
 633 51.13636363636363
 539 53.18181818181818
 331 55.22727272727273
 303 57.27272727272727
 150 59.31818181818182
 130 61.36363636363636
 91 63.40909090909091
 32 65.45454545454545
 21 67.5
 0 69.54545454545455
 0 71.59090909090909
 0 73.63636363636364
 0 75.68181818181819
 0 77.72727272727272
 0 79.77272727272727
 0 81.81818181818181
 0 83.86363636363636
 0 85.90909090909091
 0 87.95454545454545
 0 90


