# Created by Octave 3.8.2, Sat Jun 20 06:37:45 2020 CEST <damian@fptrucha.inv.usc.es>
# name: hd
# type: matrix
# rows: 45
# columns: 2
 3 0
 2651 2.045454545454545
 3 4.090909090909091
 9 6.136363636363637
 2668 8.181818181818182
 351 10.22727272727273
 317 12.27272727272727
 885 14.31818181818182
 2921 16.36363636363636
 352 18.40909090909091
 889 20.45454545454545
 4095 22.5
 2404 24.54545454545455
 4383 26.59090909090909
 1443 28.63636363636364
 1556 30.68181818181818
 1477 32.72727272727273
 1836 34.77272727272727
 1252 36.81818181818182
 2346 38.86363636363636
 2320 40.90909090909091
 895 42.95454545454545
 897 45
 1544 47.04545454545455
 679 49.09090909090909
 555 51.13636363636363
 540 53.18181818181818
 347 55.22727272727273
 318 57.27272727272727
 140 59.31818181818182
 108 61.36363636363636
 67 63.40909090909091
 23 65.45454545454545
 10 67.5
 0 69.54545454545455
 0 71.59090909090909
 0 73.63636363636364
 0 75.68181818181819
 0 77.72727272727272
 0 79.77272727272727
 0 81.81818181818181
 0 83.86363636363636
 0 85.90909090909091
 0 87.95454545454545
 0 90


