# Created by Octave 3.8.2, Mon Jun 22 02:08:44 2020 CEST <damian@fptrucha.inv.usc.es>
# name: hd
# type: matrix
# rows: 45
# columns: 2
 3 0
 1544 2.045454545454545
 3 4.090909090909091
 13 6.136363636363637
 1379 8.181818181818182
 216 10.22727272727273
 166 12.27272727272727
 482 14.31818181818182
 1657 16.36363636363636
 210 18.40909090909091
 493 20.45454545454545
 2363 22.5
 1352 24.54545454545455
 2479 26.59090909090909
 836 28.63636363636364
 860 30.68181818181818
 855 32.72727272727273
 1082 34.77272727272727
 721 36.81818181818182
 1451 38.86363636363636
 1403 40.90909090909091
 542 42.95454545454545
 519 45
 839 47.04545454545455
 427 49.09090909090909
 432 51.13636363636363
 317 53.18181818181818
 244 55.22727272727273
 219 57.27272727272727
 90 59.31818181818182
 95 61.36363636363636
 48 63.40909090909091
 20 65.45454545454545
 12 67.5
 0 69.54545454545455
 0 71.59090909090909
 0 73.63636363636364
 0 75.68181818181819
 0 77.72727272727272
 0 79.77272727272727
 0 81.81818181818181
 0 83.86363636363636
 0 85.90909090909091
 0 87.95454545454545
 0 90


