# Created by Octave 3.8.2, Sat Jun 20 03:45:18 2020 CEST <damian@fptrucha.inv.usc.es>
# name: hd
# type: matrix
# rows: 45
# columns: 2
 6 0
 2664 2.045454545454545
 1 4.090909090909091
 11 6.136363636363637
 2560 8.181818181818182
 338 10.22727272727273
 268 12.27272727272727
 907 14.31818181818182
 2939 16.36363636363636
 308 18.40909090909091
 831 20.45454545454545
 3926 22.5
 2365 24.54545454545455
 4314 26.59090909090909
 1470 28.63636363636364
 1483 30.68181818181818
 1431 32.72727272727273
 1857 34.77272727272727
 1146 36.81818181818182
 2358 38.86363636363636
 2202 40.90909090909091
 813 42.95454545454545
 861 45
 1515 47.04545454545455
 664 49.09090909090909
 526 51.13636363636363
 437 53.18181818181818
 347 55.22727272727273
 269 57.27272727272727
 113 59.31818181818182
 114 61.36363636363636
 72 63.40909090909091
 17 65.45454545454545
 12 67.5
 2 69.54545454545455
 0 71.59090909090909
 0 73.63636363636364
 0 75.68181818181819
 0 77.72727272727272
 0 79.77272727272727
 0 81.81818181818181
 0 83.86363636363636
 0 85.90909090909091
 0 87.95454545454545
 0 90


