# Created by Octave 3.8.2, Sun Jun 21 06:38:53 2020 CEST <damian@fptrucha.inv.usc.es>
# name: hd
# type: matrix
# rows: 45
# columns: 2
 5 0
 2487 2.045454545454545
 2 4.090909090909091
 11 6.136363636363637
 2387 8.181818181818182
 309 10.22727272727273
 222 12.27272727272727
 807 14.31818181818182
 2584 16.36363636363636
 304 18.40909090909091
 801 20.45454545454545
 3705 22.5
 2206 24.54545454545455
 3936 26.59090909090909
 1294 28.63636363636364
 1339 30.68181818181818
 1243 32.72727272727273
 1641 34.77272727272727
 1076 36.81818181818182
 2069 38.86363636363636
 2058 40.90909090909091
 812 42.95454545454545
 766 45
 1346 47.04545454545455
 619 49.09090909090909
 498 51.13636363636363
 437 53.18181818181818
 282 55.22727272727273
 284 57.27272727272727
 114 59.31818181818182
 95 61.36363636363636
 73 63.40909090909091
 20 65.45454545454545
 8 67.5
 1 69.54545454545455
 0 71.59090909090909
 0 73.63636363636364
 0 75.68181818181819
 0 77.72727272727272
 0 79.77272727272727
 0 81.81818181818181
 0 83.86363636363636
 0 85.90909090909091
 0 87.95454545454545
 0 90


