# Created by Octave 3.8.2, Mon Jun 22 02:26:56 2020 CEST <damian@fptrucha.inv.usc.es>
# name: hd
# type: matrix
# rows: 45
# columns: 2
 2 0
 181 2.045454545454545
 1 4.090909090909091
 7 6.136363636363637
 135 8.181818181818182
 50 10.22727272727273
 7 12.27272727272727
 40 14.31818181818182
 201 16.36363636363636
 25 18.40909090909091
 93 20.45454545454545
 307 22.5
 194 24.54545454545455
 326 26.59090909090909
 186 28.63636363636364
 53 30.68181818181818
 33 32.72727272727273
 180 34.77272727272727
 86 36.81818181818182
 242 38.86363636363636
 251 40.90909090909091
 67 42.95454545454545
 120 45
 167 47.04545454545455
 72 49.09090909090909
 105 51.13636363636363
 88 53.18181818181818
 38 55.22727272727273
 49 57.27272727272727
 31 59.31818181818182
 22 61.36363636363636
 25 63.40909090909091
 5 65.45454545454545
 3 67.5
 0 69.54545454545455
 0 71.59090909090909
 0 73.63636363636364
 0 75.68181818181819
 0 77.72727272727272
 0 79.77272727272727
 0 81.81818181818181
 0 83.86363636363636
 0 85.90909090909091
 0 87.95454545454545
 0 90


