# Created by Octave 3.8.2, Mon Jun 22 15:48:37 2020 CEST <damian@fptrucha.inv.usc.es>
# name: hd
# type: matrix
# rows: 45
# columns: 2
 4 0
 2412 2.045454545454545
 5 4.090909090909091
 13 6.136363636363637
 2299 8.181818181818182
 304 10.22727272727273
 241 12.27272727272727
 782 14.31818181818182
 2633 16.36363636363636
 280 18.40909090909091
 867 20.45454545454545
 3802 22.5
 2112 24.54545454545455
 3920 26.59090909090909
 1343 28.63636363636364
 1400 30.68181818181818
 1324 32.72727272727273
 1723 34.77272727272727
 1108 36.81818181818182
 2174 38.86363636363636
 2221 40.90909090909091
 881 42.95454545454545
 820 45
 1376 47.04545454545455
 640 49.09090909090909
 544 51.13636363636363
 528 53.18181818181818
 355 55.22727272727273
 322 57.27272727272727
 151 59.31818181818182
 134 61.36363636363636
 93 63.40909090909091
 29 65.45454545454545
 18 67.5
 3 69.54545454545455
 1 71.59090909090909
 0 73.63636363636364
 0 75.68181818181819
 0 77.72727272727272
 0 79.77272727272727
 0 81.81818181818181
 0 83.86363636363636
 0 85.90909090909091
 0 87.95454545454545
 0 90


