# Created by Octave 3.8.2, Sat Jun 20 23:21:46 2020 CEST <damian@fptrucha.inv.usc.es>
# name: hd
# type: matrix
# rows: 45
# columns: 2
 5 0
 1539 2.045454545454545
 2 4.090909090909091
 4 6.136363636363637
 1522 8.181818181818182
 195 10.22727272727273
 161 12.27272727272727
 528 14.31818181818182
 1694 16.36363636363636
 240 18.40909090909091
 491 20.45454545454545
 2325 22.5
 1350 24.54545454545455
 2504 26.59090909090909
 896 28.63636363636364
 870 30.68181818181818
 810 32.72727272727273
 1070 34.77272727272727
 734 36.81818181818182
 1366 38.86363636363636
 1290 40.90909090909091
 451 42.95454545454545
 471 45
 878 47.04545454545455
 387 49.09090909090909
 314 51.13636363636363
 276 53.18181818181818
 183 55.22727272727273
 193 57.27272727272727
 86 59.31818181818182
 66 61.36363636363636
 31 63.40909090909091
 14 65.45454545454545
 6 67.5
 0 69.54545454545455
 0 71.59090909090909
 0 73.63636363636364
 0 75.68181818181819
 0 77.72727272727272
 0 79.77272727272727
 0 81.81818181818181
 0 83.86363636363636
 0 85.90909090909091
 0 87.95454545454545
 0 90


