# Created by Octave 3.8.2, Mon Jun 22 14:26:49 2020 CEST <damian@fptrucha.inv.usc.es>
# name: hd
# type: matrix
# rows: 45
# columns: 2
 7 0
 2339 2.045454545454545
 5 4.090909090909091
 8 6.136363636363637
 2197 8.181818181818182
 316 10.22727272727273
 266 12.27272727272727
 703 14.31818181818182
 2567 16.36363636363636
 318 18.40909090909091
 822 20.45454545454545
 3681 22.5
 2020 24.54545454545455
 3808 26.59090909090909
 1318 28.63636363636364
 1290 30.68181818181818
 1403 32.72727272727273
 1574 34.77272727272727
 1107 36.81818181818182
 2067 38.86363636363636
 2128 40.90909090909091
 853 42.95454545454545
 824 45
 1438 47.04545454545455
 652 49.09090909090909
 581 51.13636363636363
 514 53.18181818181818
 326 55.22727272727273
 304 57.27272727272727
 150 59.31818181818182
 150 61.36363636363636
 85 63.40909090909091
 35 65.45454545454545
 22 67.5
 3 69.54545454545455
 0 71.59090909090909
 0 73.63636363636364
 0 75.68181818181819
 0 77.72727272727272
 0 79.77272727272727
 0 81.81818181818181
 0 83.86363636363636
 0 85.90909090909091
 0 87.95454545454545
 0 90


