# Created by Octave 3.8.2, Mon Jun 22 13:47:56 2020 CEST <damian@fptrucha.inv.usc.es>
# name: hd
# type: matrix
# rows: 45
# columns: 2
 2 0
 2347 2.045454545454545
 3 4.090909090909091
 12 6.136363636363637
 2253 8.181818181818182
 288 10.22727272727273
 269 12.27272727272727
 793 14.31818181818182
 2554 16.36363636363636
 286 18.40909090909091
 821 20.45454545454545
 3620 22.5
 2092 24.54545454545455
 3850 26.59090909090909
 1386 28.63636363636364
 1284 30.68181818181818
 1333 32.72727272727273
 1686 34.77272727272727
 1206 36.81818181818182
 2105 38.86363636363636
 2184 40.90909090909091
 875 42.95454545454545
 847 45
 1410 47.04545454545455
 654 49.09090909090909
 605 51.13636363636363
 522 53.18181818181818
 372 55.22727272727273
 332 57.27272727272727
 154 59.31818181818182
 143 61.36363636363636
 95 63.40909090909091
 30 65.45454545454545
 24 67.5
 4 69.54545454545455
 0 71.59090909090909
 0 73.63636363636364
 0 75.68181818181819
 0 77.72727272727272
 0 79.77272727272727
 0 81.81818181818181
 0 83.86363636363636
 0 85.90909090909091
 0 87.95454545454545
 0 90


