# Created by Octave 3.8.2, Sat Jun 20 03:30:44 2020 CEST <damian@fptrucha.inv.usc.es>
# name: hd
# type: matrix
# rows: 45
# columns: 2
 3 0
 2668 2.045454545454545
 1 4.090909090909091
 13 6.136363636363637
 2612 8.181818181818182
 336 10.22727272727273
 266 12.27272727272727
 906 14.31818181818182
 2999 16.36363636363636
 326 18.40909090909091
 855 20.45454545454545
 3987 22.5
 2419 24.54545454545455
 4197 26.59090909090909
 1416 28.63636363636364
 1431 30.68181818181818
 1500 32.72727272727273
 1791 34.77272727272727
 1161 36.81818181818182
 2263 38.86363636363636
 2277 40.90909090909091
 832 42.95454545454545
 840 45
 1582 47.04545454545455
 657 49.09090909090909
 503 51.13636363636363
 474 53.18181818181818
 295 55.22727272727273
 316 57.27272727272727
 120 59.31818181818182
 112 61.36363636363636
 51 63.40909090909091
 19 65.45454545454545
 16 67.5
 1 69.54545454545455
 0 71.59090909090909
 0 73.63636363636364
 0 75.68181818181819
 0 77.72727272727272
 0 79.77272727272727
 0 81.81818181818181
 0 83.86363636363636
 0 85.90909090909091
 0 87.95454545454545
 0 90


