# Created by Octave 3.8.2, Mon Jun 22 04:49:10 2020 CEST <damian@fptrucha.inv.usc.es>
# name: hd
# type: matrix
# rows: 45
# columns: 2
 9 0
 1969 2.045454545454545
 4 4.090909090909091
 9 6.136363636363637
 1939 8.181818181818182
 273 10.22727272727273
 200 12.27272727272727
 690 14.31818181818182
 2225 16.36363636363636
 261 18.40909090909091
 733 20.45454545454545
 3173 22.5
 1816 24.54545454545455
 3418 26.59090909090909
 1261 28.63636363636364
 1170 30.68181818181818
 1172 32.72727272727273
 1465 34.77272727272727
 952 36.81818181818182
 1965 38.86363636363636
 1985 40.90909090909091
 831 42.95454545454545
 764 45
 1284 47.04545454545455
 641 49.09090909090909
 535 51.13636363636363
 458 53.18181818181818
 341 55.22727272727273
 336 57.27272727272727
 149 59.31818181818182
 142 61.36363636363636
 87 63.40909090909091
 34 65.45454545454545
 18 67.5
 6 69.54545454545455
 1 71.59090909090909
 0 73.63636363636364
 0 75.68181818181819
 0 77.72727272727272
 0 79.77272727272727
 0 81.81818181818181
 0 83.86363636363636
 0 85.90909090909091
 0 87.95454545454545
 0 90


