# Created by Octave 3.8.2, Sat Jun 20 10:25:55 2020 CEST <damian@fptrucha.inv.usc.es>
# name: hd
# type: matrix
# rows: 45
# columns: 2
 2 0
 2683 2.045454545454545
 1 4.090909090909091
 5 6.136363636363637
 2543 8.181818181818182
 392 10.22727272727273
 266 12.27272727272727
 927 14.31818181818182
 2793 16.36363636363636
 367 18.40909090909091
 840 20.45454545454545
 3956 22.5
 2407 24.54545454545455
 4294 26.59090909090909
 1507 28.63636363636364
 1371 30.68181818181818
 1410 32.72727272727273
 1813 34.77272727272727
 1212 36.81818181818182
 2418 38.86363636363636
 2297 40.90909090909091
 924 42.95454545454545
 888 45
 1543 47.04545454545455
 684 49.09090909090909
 552 51.13636363636363
 541 53.18181818181818
 317 55.22727272727273
 325 57.27272727272727
 165 59.31818181818182
 118 61.36363636363636
 85 63.40909090909091
 25 65.45454545454545
 11 67.5
 2 69.54545454545455
 0 71.59090909090909
 0 73.63636363636364
 0 75.68181818181819
 0 77.72727272727272
 0 79.77272727272727
 0 81.81818181818181
 0 83.86363636363636
 0 85.90909090909091
 0 87.95454545454545
 0 90


