# Created by Octave 3.8.2, Mon Jun 22 19:55:30 2020 CEST <damian@fptrucha.inv.usc.es>
# name: hd
# type: matrix
# rows: 45
# columns: 2
 3 0
 2419 2.045454545454545
 2 4.090909090909091
 8 6.136363636363637
 2208 8.181818181818182
 254 10.22727272727273
 287 12.27272727272727
 826 14.31818181818182
 2614 16.36363636363636
 333 18.40909090909091
 859 20.45454545454545
 3766 22.5
 2177 24.54545454545455
 4021 26.59090909090909
 1357 28.63636363636364
 1399 30.68181818181818
 1414 32.72727272727273
 1683 34.77272727272727
 1149 36.81818181818182
 2217 38.86363636363636
 2274 40.90909090909091
 949 42.95454545454545
 823 45
 1478 47.04545454545455
 656 49.09090909090909
 544 51.13636363636363
 534 53.18181818181818
 359 55.22727272727273
 356 57.27272727272727
 144 59.31818181818182
 109 61.36363636363636
 105 63.40909090909091
 22 65.45454545454545
 16 67.5
 7 69.54545454545455
 0 71.59090909090909
 0 73.63636363636364
 0 75.68181818181819
 0 77.72727272727272
 0 79.77272727272727
 0 81.81818181818181
 0 83.86363636363636
 0 85.90909090909091
 0 87.95454545454545
 0 90


