# Created by Octave 3.8.2, Mon Jun 22 19:22:22 2020 CEST <damian@fptrucha.inv.usc.es>
# name: hd
# type: matrix
# rows: 45
# columns: 2
 5 0
 2473 2.045454545454545
 5 4.090909090909091
 10 6.136363636363637
 2360 8.181818181818182
 286 10.22727272727273
 285 12.27272727272727
 818 14.31818181818182
 2658 16.36363636363636
 306 18.40909090909091
 829 20.45454545454545
 3664 22.5
 2230 24.54545454545455
 4015 26.59090909090909
 1490 28.63636363636364
 1382 30.68181818181818
 1411 32.72727272727273
 1716 34.77272727272727
 1175 36.81818181818182
 2240 38.86363636363636
 2145 40.90909090909091
 846 42.95454545454545
 825 45
 1455 47.04545454545455
 687 49.09090909090909
 567 51.13636363636363
 496 53.18181818181818
 319 55.22727272727273
 311 57.27272727272727
 127 59.31818181818182
 136 61.36363636363636
 99 63.40909090909091
 34 65.45454545454545
 14 67.5
 1 69.54545454545455
 0 71.59090909090909
 0 73.63636363636364
 0 75.68181818181819
 0 77.72727272727272
 0 79.77272727272727
 0 81.81818181818181
 0 83.86363636363636
 0 85.90909090909091
 0 87.95454545454545
 0 90


