# Created by Octave 3.8.2, Sun Jun 21 06:24:07 2020 CEST <damian@fptrucha.inv.usc.es>
# name: hd
# type: matrix
# rows: 45
# columns: 2
 3 0
 2341 2.045454545454545
 4 4.090909090909091
 8 6.136363636363637
 2249 8.181818181818182
 330 10.22727272727273
 238 12.27272727272727
 802 14.31818181818182
 2520 16.36363636363636
 328 18.40909090909091
 726 20.45454545454545
 3450 22.5
 2051 24.54545454545455
 3756 26.59090909090909
 1207 28.63636363636364
 1279 30.68181818181818
 1255 32.72727272727273
 1659 34.77272727272727
 1099 36.81818181818182
 2008 38.86363636363636
 1897 40.90909090909091
 713 42.95454545454545
 733 45
 1331 47.04545454545455
 566 49.09090909090909
 482 51.13636363636363
 401 53.18181818181818
 249 55.22727272727273
 241 57.27272727272727
 97 59.31818181818182
 87 61.36363636363636
 46 63.40909090909091
 12 65.45454545454545
 5 67.5
 1 69.54545454545455
 0 71.59090909090909
 0 73.63636363636364
 0 75.68181818181819
 0 77.72727272727272
 0 79.77272727272727
 0 81.81818181818181
 0 83.86363636363636
 0 85.90909090909091
 0 87.95454545454545
 0 90


