# Created by Octave 3.8.2, Sun Jun 21 08:08:36 2020 CEST <damian@fptrucha.inv.usc.es>
# name: hd
# type: matrix
# rows: 45
# columns: 2
 4 0
 2347 2.045454545454545
 1 4.090909090909091
 3 6.136363636363637
 2306 8.181818181818182
 360 10.22727272727273
 271 12.27272727272727
 752 14.31818181818182
 2635 16.36363636363636
 337 18.40909090909091
 814 20.45454545454545
 3584 22.5
 2206 24.54545454545455
 3943 26.59090909090909
 1348 28.63636363636364
 1344 30.68181818181818
 1262 32.72727272727273
 1720 34.77272727272727
 1109 36.81818181818182
 2036 38.86363636363636
 2082 40.90909090909091
 777 42.95454545454545
 775 45
 1371 47.04545454545455
 597 49.09090909090909
 514 51.13636363636363
 457 53.18181818181818
 290 55.22727272727273
 273 57.27272727272727
 107 59.31818181818182
 95 61.36363636363636
 62 63.40909090909091
 21 65.45454545454545
 6 67.5
 1 69.54545454545455
 2 71.59090909090909
 0 73.63636363636364
 0 75.68181818181819
 0 77.72727272727272
 0 79.77272727272727
 0 81.81818181818181
 0 83.86363636363636
 0 85.90909090909091
 0 87.95454545454545
 0 90


