# Created by Octave 3.8.2, Sat Jun 20 09:14:27 2020 CEST <damian@fptrucha.inv.usc.es>
# name: hd
# type: matrix
# rows: 45
# columns: 2
 2 0
 2712 2.045454545454545
 2 4.090909090909091
 9 6.136363636363637
 2503 8.181818181818182
 350 10.22727272727273
 301 12.27272727272727
 930 14.31818181818182
 2880 16.36363636363636
 375 18.40909090909091
 898 20.45454545454545
 4167 22.5
 2463 24.54545454545455
 4535 26.59090909090909
 1470 28.63636363636364
 1454 30.68181818181818
 1512 32.72727272727273
 1996 34.77272727272727
 1261 36.81818181818182
 2522 38.86363636363636
 2436 40.90909090909091
 912 42.95454545454545
 941 45
 1594 47.04545454545455
 735 49.09090909090909
 582 51.13636363636363
 513 53.18181818181818
 344 55.22727272727273
 335 57.27272727272727
 122 59.31818181818182
 127 61.36363636363636
 79 63.40909090909091
 22 65.45454545454545
 18 67.5
 2 69.54545454545455
 0 71.59090909090909
 0 73.63636363636364
 0 75.68181818181819
 0 77.72727272727272
 0 79.77272727272727
 0 81.81818181818181
 0 83.86363636363636
 0 85.90909090909091
 0 87.95454545454545
 0 90


