# Created by Octave 3.8.2, Sat Jun 20 12:59:20 2020 CEST <damian@fptrucha.inv.usc.es>
# name: hd
# type: matrix
# rows: 45
# columns: 2
 7 0
 2503 2.045454545454545
 2 4.090909090909091
 7 6.136363636363637
 2509 8.181818181818182
 340 10.22727272727273
 259 12.27272727272727
 829 14.31818181818182
 2878 16.36363636363636
 363 18.40909090909091
 873 20.45454545454545
 3837 22.5
 2285 24.54545454545455
 4315 26.59090909090909
 1439 28.63636363636364
 1472 30.68181818181818
 1408 32.72727272727273
 1729 34.77272727272727
 1192 36.81818181818182
 2362 38.86363636363636
 2162 40.90909090909091
 839 42.95454545454545
 822 45
 1416 47.04545454545455
 675 49.09090909090909
 552 51.13636363636363
 483 53.18181818181818
 323 55.22727272727273
 333 57.27272727272727
 127 59.31818181818182
 106 61.36363636363636
 75 63.40909090909091
 21 65.45454545454545
 16 67.5
 1 69.54545454545455
 0 71.59090909090909
 0 73.63636363636364
 0 75.68181818181819
 0 77.72727272727272
 0 79.77272727272727
 0 81.81818181818181
 0 83.86363636363636
 0 85.90909090909091
 0 87.95454545454545
 0 90


