# Created by Octave 3.8.2, Mon Jun 22 08:22:33 2020 CEST <damian@fptrucha.inv.usc.es>
# name: hd
# type: matrix
# rows: 45
# columns: 2
 7 0
 2311 2.045454545454545
 2 4.090909090909091
 10 6.136363636363637
 2108 8.181818181818182
 266 10.22727272727273
 250 12.27272727272727
 702 14.31818181818182
 2532 16.36363636363636
 272 18.40909090909091
 786 20.45454545454545
 3453 22.5
 1944 24.54545454545455
 3501 26.59090909090909
 1319 28.63636363636364
 1298 30.68181818181818
 1263 32.72727272727273
 1606 34.77272727272727
 1117 36.81818181818182
 2036 38.86363636363636
 2049 40.90909090909091
 800 42.95454545454545
 750 45
 1377 47.04545454545455
 622 49.09090909090909
 552 51.13636363636363
 451 53.18181818181818
 357 55.22727272727273
 302 57.27272727272727
 125 59.31818181818182
 120 61.36363636363636
 86 63.40909090909091
 34 65.45454545454545
 18 67.5
 2 69.54545454545455
 0 71.59090909090909
 0 73.63636363636364
 0 75.68181818181819
 0 77.72727272727272
 0 79.77272727272727
 0 81.81818181818181
 0 83.86363636363636
 0 85.90909090909091
 0 87.95454545454545
 0 90


