# Created by Octave 3.8.2, Mon Jun 22 04:37:24 2020 CEST <damian@fptrucha.inv.usc.es>
# name: hd
# type: matrix
# rows: 45
# columns: 2
 6 0
 2099 2.045454545454545
 8 4.090909090909091
 12 6.136363636363637
 1946 8.181818181818182
 266 10.22727272727273
 253 12.27272727272727
 705 14.31818181818182
 2253 16.36363636363636
 254 18.40909090909091
 673 20.45454545454545
 3213 22.5
 1868 24.54545454545455
 3449 26.59090909090909
 1210 28.63636363636364
 1123 30.68181818181818
 1184 32.72727272727273
 1471 34.77272727272727
 1012 36.81818181818182
 1964 38.86363636363636
 1977 40.90909090909091
 811 42.95454545454545
 733 45
 1310 47.04545454545455
 582 49.09090909090909
 545 51.13636363636363
 490 53.18181818181818
 368 55.22727272727273
 313 57.27272727272727
 144 59.31818181818182
 132 61.36363636363636
 79 63.40909090909091
 32 65.45454545454545
 17 67.5
 3 69.54545454545455
 0 71.59090909090909
 0 73.63636363636364
 0 75.68181818181819
 0 77.72727272727272
 0 79.77272727272727
 0 81.81818181818181
 0 83.86363636363636
 0 85.90909090909091
 0 87.95454545454545
 0 90


