# Created by Octave 3.8.2, Tue Jun 23 00:31:52 2020 CEST <damian@fptrucha.inv.usc.es>
# name: hd
# type: matrix
# rows: 45
# columns: 2
 8 0
 2552 2.045454545454545
 1 4.090909090909091
 7 6.136363636363637
 2281 8.181818181818182
 291 10.22727272727273
 290 12.27272727272727
 856 14.31818181818182
 2681 16.36363636363636
 312 18.40909090909091
 864 20.45454545454545
 3792 22.5
 2299 24.54545454545455
 4144 26.59090909090909
 1422 28.63636363636364
 1434 30.68181818181818
 1353 32.72727272727273
 1851 34.77272727272727
 1184 36.81818181818182
 2195 38.86363636363636
 2265 40.90909090909091
 866 42.95454545454545
 881 45
 1431 47.04545454545455
 640 49.09090909090909
 583 51.13636363636363
 525 53.18181818181818
 343 55.22727272727273
 317 57.27272727272727
 157 59.31818181818182
 134 61.36363636363636
 84 63.40909090909091
 27 65.45454545454545
 18 67.5
 1 69.54545454545455
 0 71.59090909090909
 0 73.63636363636364
 0 75.68181818181819
 0 77.72727272727272
 0 79.77272727272727
 0 81.81818181818181
 0 83.86363636363636
 0 85.90909090909091
 0 87.95454545454545
 0 90


