# Created by Octave 3.8.2, Mon Jun 22 20:28:19 2020 CEST <damian@fptrucha.inv.usc.es>
# name: hd
# type: matrix
# rows: 45
# columns: 2
 7 0
 2368 2.045454545454545
 9 4.090909090909091
 9 6.136363636363637
 2402 8.181818181818182
 292 10.22727272727273
 267 12.27272727272727
 802 14.31818181818182
 2760 16.36363636363636
 331 18.40909090909091
 832 20.45454545454545
 3713 22.5
 2124 24.54545454545455
 4106 26.59090909090909
 1402 28.63636363636364
 1354 30.68181818181818
 1393 32.72727272727273
 1713 34.77272727272727
 1205 36.81818181818182
 2285 38.86363636363636
 2238 40.90909090909091
 901 42.95454545454545
 828 45
 1479 47.04545454545455
 690 49.09090909090909
 622 51.13636363636363
 466 53.18181818181818
 349 55.22727272727273
 354 57.27272727272727
 146 59.31818181818182
 134 61.36363636363636
 77 63.40909090909091
 18 65.45454545454545
 17 67.5
 5 69.54545454545455
 0 71.59090909090909
 0 73.63636363636364
 0 75.68181818181819
 0 77.72727272727272
 0 79.77272727272727
 0 81.81818181818181
 0 83.86363636363636
 0 85.90909090909091
 0 87.95454545454545
 0 90


