# Created by Octave 3.8.2, Sun Jun 21 07:23:11 2020 CEST <damian@fptrucha.inv.usc.es>
# name: hd
# type: matrix
# rows: 45
# columns: 2
 2 0
 2396 2.045454545454545
 3 4.090909090909091
 4 6.136363636363637
 2308 8.181818181818182
 325 10.22727272727273
 231 12.27272727272727
 794 14.31818181818182
 2562 16.36363636363636
 344 18.40909090909091
 779 20.45454545454545
 3665 22.5
 2059 24.54545454545455
 3910 26.59090909090909
 1296 28.63636363636364
 1304 30.68181818181818
 1282 32.72727272727273
 1623 34.77272727272727
 1064 36.81818181818182
 2062 38.86363636363636
 2047 40.90909090909091
 787 42.95454545454545
 725 45
 1298 47.04545454545455
 577 49.09090909090909
 495 51.13636363636363
 419 53.18181818181818
 269 55.22727272727273
 273 57.27272727272727
 99 59.31818181818182
 91 61.36363636363636
 48 63.40909090909091
 16 65.45454545454545
 7 67.5
 1 69.54545454545455
 0 71.59090909090909
 0 73.63636363636364
 0 75.68181818181819
 0 77.72727272727272
 0 79.77272727272727
 0 81.81818181818181
 0 83.86363636363636
 0 85.90909090909091
 0 87.95454545454545
 0 90


