# Created by Octave 3.8.2, Sat Jun 20 18:05:06 2020 CEST <damian@fptrucha.inv.usc.es>
# name: hd
# type: matrix
# rows: 45
# columns: 2
 1 0
 2362 2.045454545454545
 1 4.090909090909091
 7 6.136363636363637
 2283 8.181818181818182
 355 10.22727272727273
 274 12.27272727272727
 808 14.31818181818182
 2667 16.36363636363636
 296 18.40909090909091
 806 20.45454545454545
 3568 22.5
 2180 24.54545454545455
 3872 26.59090909090909
 1253 28.63636363636364
 1316 30.68181818181818
 1367 32.72727272727273
 1651 34.77272727272727
 1083 36.81818181818182
 2091 38.86363636363636
 2038 40.90909090909091
 732 42.95454545454545
 783 45
 1369 47.04545454545455
 639 49.09090909090909
 498 51.13636363636363
 437 53.18181818181818
 278 55.22727272727273
 305 57.27272727272727
 109 59.31818181818182
 99 61.36363636363636
 51 63.40909090909091
 13 65.45454545454545
 11 67.5
 1 69.54545454545455
 0 71.59090909090909
 0 73.63636363636364
 0 75.68181818181819
 0 77.72727272727272
 0 79.77272727272727
 0 81.81818181818181
 0 83.86363636363636
 0 85.90909090909091
 0 87.95454545454545
 0 90


