# Created by Octave 3.8.2, Mon Jun 22 06:14:54 2020 CEST <damian@fptrucha.inv.usc.es>
# name: hd
# type: matrix
# rows: 45
# columns: 2
 6 0
 2202 2.045454545454545
 7 4.090909090909091
 14 6.136363636363637
 2055 8.181818181818182
 294 10.22727272727273
 242 12.27272727272727
 723 14.31818181818182
 2295 16.36363636363636
 311 18.40909090909091
 741 20.45454545454545
 3462 22.5
 1896 24.54545454545455
 3533 26.59090909090909
 1243 28.63636363636364
 1282 30.68181818181818
 1307 32.72727272727273
 1477 34.77272727272727
 983 36.81818181818182
 2040 38.86363636363636
 2068 40.90909090909091
 806 42.95454545454545
 765 45
 1295 47.04545454545455
 589 49.09090909090909
 556 51.13636363636363
 460 53.18181818181818
 361 55.22727272727273
 288 57.27272727272727
 121 59.31818181818182
 120 61.36363636363636
 88 63.40909090909091
 32 65.45454545454545
 21 67.5
 4 69.54545454545455
 0 71.59090909090909
 0 73.63636363636364
 0 75.68181818181819
 0 77.72727272727272
 0 79.77272727272727
 0 81.81818181818181
 0 83.86363636363636
 0 85.90909090909091
 0 87.95454545454545
 0 90


