# Created by Octave 3.8.2, Sat Jun 20 04:04:31 2020 CEST <damian@fptrucha.inv.usc.es>
# name: hd
# type: matrix
# rows: 45
# columns: 2
 6 0
 2661 2.045454545454545
 3 4.090909090909091
 3 6.136363636363637
 2545 8.181818181818182
 313 10.22727272727273
 293 12.27272727272727
 869 14.31818181818182
 2910 16.36363636363636
 346 18.40909090909091
 839 20.45454545454545
 3913 22.5
 2386 24.54545454545455
 4349 26.59090909090909
 1482 28.63636363636364
 1390 30.68181818181818
 1451 32.72727272727273
 1857 34.77272727272727
 1214 36.81818181818182
 2357 38.86363636363636
 2223 40.90909090909091
 814 42.95454545454545
 867 45
 1466 47.04545454545455
 633 49.09090909090909
 511 51.13636363636363
 471 53.18181818181818
 325 55.22727272727273
 300 57.27272727272727
 132 59.31818181818182
 110 61.36363636363636
 66 63.40909090909091
 20 65.45454545454545
 15 67.5
 2 69.54545454545455
 0 71.59090909090909
 0 73.63636363636364
 0 75.68181818181819
 0 77.72727272727272
 0 79.77272727272727
 0 81.81818181818181
 0 83.86363636363636
 0 85.90909090909091
 0 87.95454545454545
 0 90


