# Created by Octave 3.8.2, Mon Jun 22 12:53:21 2020 CEST <damian@fptrucha.inv.usc.es>
# name: hd
# type: matrix
# rows: 45
# columns: 2
 3 0
 2347 2.045454545454545
 5 4.090909090909091
 11 6.136363636363637
 2290 8.181818181818182
 290 10.22727272727273
 249 12.27272727272727
 744 14.31818181818182
 2613 16.36363636363636
 280 18.40909090909091
 812 20.45454545454545
 3514 22.5
 2116 24.54545454545455
 3817 26.59090909090909
 1315 28.63636363636364
 1397 30.68181818181818
 1378 32.72727272727273
 1653 34.77272727272727
 1149 36.81818181818182
 2102 38.86363636363636
 2105 40.90909090909091
 889 42.95454545454545
 799 45
 1348 47.04545454545455
 626 49.09090909090909
 568 51.13636363636363
 456 53.18181818181818
 387 55.22727272727273
 318 57.27272727272727
 139 59.31818181818182
 126 61.36363636363636
 72 63.40909090909091
 24 65.45454545454545
 14 67.5
 4 69.54545454545455
 0 71.59090909090909
 0 73.63636363636364
 0 75.68181818181819
 0 77.72727272727272
 0 79.77272727272727
 0 81.81818181818181
 0 83.86363636363636
 0 85.90909090909091
 0 87.95454545454545
 0 90


