# Created by Octave 3.8.2, Sat Jun 20 10:00:26 2020 CEST <damian@fptrucha.inv.usc.es>
# name: hd
# type: matrix
# rows: 45
# columns: 2
 5 0
 2676 2.045454545454545
 2 4.090909090909091
 4 6.136363636363637
 2575 8.181818181818182
 346 10.22727272727273
 277 12.27272727272727
 864 14.31818181818182
 2859 16.36363636363636
 396 18.40909090909091
 947 20.45454545454545
 4134 22.5
 2437 24.54545454545455
 4412 26.59090909090909
 1536 28.63636363636364
 1523 30.68181818181818
 1517 32.72727272727273
 1823 34.77272727272727
 1203 36.81818181818182
 2412 38.86363636363636
 2392 40.90909090909091
 894 42.95454545454545
 932 45
 1557 47.04545454545455
 638 49.09090909090909
 541 51.13636363636363
 514 53.18181818181818
 346 55.22727272727273
 344 57.27272727272727
 142 59.31818181818182
 130 61.36363636363636
 69 63.40909090909091
 19 65.45454545454545
 12 67.5
 3 69.54545454545455
 0 71.59090909090909
 0 73.63636363636364
 0 75.68181818181819
 0 77.72727272727272
 0 79.77272727272727
 0 81.81818181818181
 0 83.86363636363636
 0 85.90909090909091
 0 87.95454545454545
 0 90


