# Created by Octave 3.8.2, Mon Jun 22 02:55:40 2020 CEST <damian@fptrucha.inv.usc.es>
# name: hd
# type: matrix
# rows: 45
# columns: 2
 8 0
 2149 2.045454545454545
 7 4.090909090909091
 22 6.136363636363637
 2018 8.181818181818182
 266 10.22727272727273
 229 12.27272727272727
 738 14.31818181818182
 2312 16.36363636363636
 276 18.40909090909091
 747 20.45454545454545
 3342 22.5
 1925 24.54545454545455
 3593 26.59090909090909
 1201 28.63636363636364
 1200 30.68181818181818
 1285 32.72727272727273
 1615 34.77272727272727
 978 36.81818181818182
 1981 38.86363636363636
 2081 40.90909090909091
 819 42.95454545454545
 720 45
 1312 47.04545454545455
 590 49.09090909090909
 554 51.13636363636363
 495 53.18181818181818
 328 55.22727272727273
 315 57.27272727272727
 151 59.31818181818182
 157 61.36363636363636
 82 63.40909090909091
 22 65.45454545454545
 17 67.5
 3 69.54545454545455
 2 71.59090909090909
 0 73.63636363636364
 0 75.68181818181819
 0 77.72727272727272
 0 79.77272727272727
 0 81.81818181818181
 0 83.86363636363636
 0 85.90909090909091
 0 87.95454545454545
 0 90


