# Created by Octave 3.8.2, Mon Jun 22 10:33:02 2020 CEST <damian@fptrucha.inv.usc.es>
# name: hd
# type: matrix
# rows: 45
# columns: 2
 4 0
 2272 2.045454545454545
 4 4.090909090909091
 14 6.136363636363637
 2249 8.181818181818182
 300 10.22727272727273
 247 12.27272727272727
 728 14.31818181818182
 2430 16.36363636363636
 312 18.40909090909091
 773 20.45454545454545
 3594 22.5
 1977 24.54545454545455
 3861 26.59090909090909
 1293 28.63636363636364
 1271 30.68181818181818
 1272 32.72727272727273
 1607 34.77272727272727
 1055 36.81818181818182
 2157 38.86363636363636
 2105 40.90909090909091
 832 42.95454545454545
 821 45
 1332 47.04545454545455
 640 49.09090909090909
 539 51.13636363636363
 487 53.18181818181818
 318 55.22727272727273
 313 57.27272727272727
 130 59.31818181818182
 116 61.36363636363636
 71 63.40909090909091
 26 65.45454545454545
 17 67.5
 1 69.54545454545455
 0 71.59090909090909
 0 73.63636363636364
 0 75.68181818181819
 0 77.72727272727272
 0 79.77272727272727
 0 81.81818181818181
 0 83.86363636363636
 0 85.90909090909091
 0 87.95454545454545
 0 90


