# Created by Octave 3.8.2, Mon Jun 22 05:38:07 2020 CEST <damian@fptrucha.inv.usc.es>
# name: hd
# type: matrix
# rows: 45
# columns: 2
 7 0
 2259 2.045454545454545
 4 4.090909090909091
 17 6.136363636363637
 2098 8.181818181818182
 281 10.22727272727273
 243 12.27272727272727
 717 14.31818181818182
 2449 16.36363636363636
 287 18.40909090909091
 779 20.45454545454545
 3382 22.5
 1977 24.54545454545455
 3569 26.59090909090909
 1260 28.63636363636364
 1217 30.68181818181818
 1236 32.72727272727273
 1537 34.77272727272727
 963 36.81818181818182
 2092 38.86363636363636
 2026 40.90909090909091
 770 42.95454545454545
 799 45
 1303 47.04545454545455
 605 49.09090909090909
 514 51.13636363636363
 464 53.18181818181818
 377 55.22727272727273
 310 57.27272727272727
 140 59.31818181818182
 141 61.36363636363636
 91 63.40909090909091
 24 65.45454545454545
 10 67.5
 5 69.54545454545455
 0 71.59090909090909
 0 73.63636363636364
 0 75.68181818181819
 0 77.72727272727272
 0 79.77272727272727
 0 81.81818181818181
 0 83.86363636363636
 0 85.90909090909091
 0 87.95454545454545
 0 90


