# Created by Octave 3.8.2, Sun Jun 21 06:42:01 2020 CEST <damian@fptrucha.inv.usc.es>
# name: hd
# type: matrix
# rows: 45
# columns: 2
 7 0
 2499 2.045454545454545
 4 4.090909090909091
 4 6.136363636363637
 2330 8.181818181818182
 326 10.22727272727273
 238 12.27272727272727
 790 14.31818181818182
 2561 16.36363636363636
 327 18.40909090909091
 833 20.45454545454545
 3662 22.5
 2185 24.54545454545455
 3917 26.59090909090909
 1390 28.63636363636364
 1314 30.68181818181818
 1293 32.72727272727273
 1672 34.77272727272727
 1145 36.81818181818182
 2165 38.86363636363636
 2048 40.90909090909091
 792 42.95454545454545
 776 45
 1264 47.04545454545455
 604 49.09090909090909
 500 51.13636363636363
 435 53.18181818181818
 284 55.22727272727273
 259 57.27272727272727
 117 59.31818181818182
 99 61.36363636363636
 52 63.40909090909091
 20 65.45454545454545
 3 67.5
 5 69.54545454545455
 0 71.59090909090909
 0 73.63636363636364
 0 75.68181818181819
 0 77.72727272727272
 0 79.77272727272727
 0 81.81818181818181
 0 83.86363636363636
 0 85.90909090909091
 0 87.95454545454545
 0 90


