# Created by Octave 3.8.2, Sun Jun 21 02:34:44 2020 CEST <damian@fptrucha.inv.usc.es>
# name: hd
# type: matrix
# rows: 45
# columns: 2
 7 0
 2359 2.045454545454545
 4 4.090909090909091
 5 6.136363636363637
 2269 8.181818181818182
 318 10.22727272727273
 253 12.27272727272727
 760 14.31818181818182
 2558 16.36363636363636
 303 18.40909090909091
 771 20.45454545454545
 3580 22.5
 2127 24.54545454545455
 3970 26.59090909090909
 1277 28.63636363636364
 1307 30.68181818181818
 1256 32.72727272727273
 1631 34.77272727272727
 1054 36.81818181818182
 2124 38.86363636363636
 1996 40.90909090909091
 760 42.95454545454545
 777 45
 1293 47.04545454545455
 622 49.09090909090909
 468 51.13636363636363
 403 53.18181818181818
 291 55.22727272727273
 253 57.27272727272727
 105 59.31818181818182
 88 61.36363636363636
 65 63.40909090909091
 24 65.45454545454545
 19 67.5
 1 69.54545454545455
 0 71.59090909090909
 0 73.63636363636364
 0 75.68181818181819
 0 77.72727272727272
 0 79.77272727272727
 0 81.81818181818181
 0 83.86363636363636
 0 85.90909090909091
 0 87.95454545454545
 0 90


