# Created by Octave 3.8.2, Mon Jun 22 23:31:39 2020 CEST <damian@fptrucha.inv.usc.es>
# name: hd
# type: matrix
# rows: 45
# columns: 2
 5 0
 2509 2.045454545454545
 4 4.090909090909091
 9 6.136363636363637
 2288 8.181818181818182
 334 10.22727272727273
 299 12.27272727272727
 805 14.31818181818182
 2792 16.36363636363636
 311 18.40909090909091
 831 20.45454545454545
 3717 22.5
 2224 24.54545454545455
 4241 26.59090909090909
 1476 28.63636363636364
 1416 30.68181818181818
 1428 32.72727272727273
 1822 34.77272727272727
 1096 36.81818181818182
 2256 38.86363636363636
 2211 40.90909090909091
 898 42.95454545454545
 849 45
 1479 47.04545454545455
 715 49.09090909090909
 599 51.13636363636363
 539 53.18181818181818
 365 55.22727272727273
 357 57.27272727272727
 143 59.31818181818182
 124 61.36363636363636
 91 63.40909090909091
 24 65.45454545454545
 22 67.5
 2 69.54545454545455
 0 71.59090909090909
 0 73.63636363636364
 0 75.68181818181819
 0 77.72727272727272
 0 79.77272727272727
 0 81.81818181818181
 0 83.86363636363636
 0 85.90909090909091
 0 87.95454545454545
 0 90


