# Created by Octave 3.8.2, Sat Jun 20 10:30:14 2020 CEST <damian@fptrucha.inv.usc.es>
# name: hd
# type: matrix
# rows: 45
# columns: 2
 4 0
 2687 2.045454545454545
 3 4.090909090909091
 3 6.136363636363637
 2495 8.181818181818182
 347 10.22727272727273
 252 12.27272727272727
 887 14.31818181818182
 2936 16.36363636363636
 363 18.40909090909091
 839 20.45454545454545
 4005 22.5
 2396 24.54545454545455
 4326 26.59090909090909
 1439 28.63636363636364
 1554 30.68181818181818
 1441 32.72727272727273
 1935 34.77272727272727
 1232 36.81818181818182
 2342 38.86363636363636
 2286 40.90909090909091
 880 42.95454545454545
 868 45
 1549 47.04545454545455
 682 49.09090909090909
 563 51.13636363636363
 518 53.18181818181818
 320 55.22727272727273
 346 57.27272727272727
 127 59.31818181818182
 125 61.36363636363636
 75 63.40909090909091
 29 65.45454545454545
 18 67.5
 2 69.54545454545455
 1 71.59090909090909
 0 73.63636363636364
 0 75.68181818181819
 0 77.72727272727272
 0 79.77272727272727
 0 81.81818181818181
 0 83.86363636363636
 0 85.90909090909091
 0 87.95454545454545
 0 90


