# Created by Octave 3.8.2, Sat Jun 20 04:03:08 2020 CEST <damian@fptrucha.inv.usc.es>
# name: hd
# type: matrix
# rows: 45
# columns: 2
 4 0
 2569 2.045454545454545
 0 4.090909090909091
 13 6.136363636363637
 2705 8.181818181818182
 325 10.22727272727273
 296 12.27272727272727
 894 14.31818181818182
 2940 16.36363636363636
 325 18.40909090909091
 903 20.45454545454545
 4008 22.5
 2362 24.54545454545455
 4387 26.59090909090909
 1527 28.63636363636364
 1482 30.68181818181818
 1465 32.72727272727273
 1907 34.77272727272727
 1224 36.81818181818182
 2282 38.86363636363636
 2178 40.90909090909091
 870 42.95454545454545
 877 45
 1442 47.04545454545455
 696 49.09090909090909
 562 51.13636363636363
 456 53.18181818181818
 299 55.22727272727273
 290 57.27272727272727
 110 59.31818181818182
 95 61.36363636363636
 68 63.40909090909091
 22 65.45454545454545
 9 67.5
 3 69.54545454545455
 0 71.59090909090909
 0 73.63636363636364
 0 75.68181818181819
 0 77.72727272727272
 0 79.77272727272727
 0 81.81818181818181
 0 83.86363636363636
 0 85.90909090909091
 0 87.95454545454545
 0 90


