# Created by Octave 3.8.2, Mon Jun 22 20:40:38 2020 CEST <damian@fptrucha.inv.usc.es>
# name: hd
# type: matrix
# rows: 45
# columns: 2
 9 0
 2472 2.045454545454545
 5 4.090909090909091
 12 6.136363636363637
 2320 8.181818181818182
 284 10.22727272727273
 301 12.27272727272727
 808 14.31818181818182
 2685 16.36363636363636
 300 18.40909090909091
 799 20.45454545454545
 3844 22.5
 2148 24.54545454545455
 4118 26.59090909090909
 1428 28.63636363636364
 1414 30.68181818181818
 1406 32.72727272727273
 1689 34.77272727272727
 1126 36.81818181818182
 2317 38.86363636363636
 2214 40.90909090909091
 899 42.95454545454545
 800 45
 1476 47.04545454545455
 652 49.09090909090909
 609 51.13636363636363
 523 53.18181818181818
 336 55.22727272727273
 331 57.27272727272727
 146 59.31818181818182
 124 61.36363636363636
 99 63.40909090909091
 27 65.45454545454545
 12 67.5
 5 69.54545454545455
 0 71.59090909090909
 0 73.63636363636364
 0 75.68181818181819
 0 77.72727272727272
 0 79.77272727272727
 0 81.81818181818181
 0 83.86363636363636
 0 85.90909090909091
 0 87.95454545454545
 0 90


