# Created by Octave 3.8.2, Sat Jun 20 03:43:53 2020 CEST <damian@fptrucha.inv.usc.es>
# name: hd
# type: matrix
# rows: 45
# columns: 2
 3 0
 2608 2.045454545454545
 3 4.090909090909091
 3 6.136363636363637
 2585 8.181818181818182
 327 10.22727272727273
 305 12.27272727272727
 922 14.31818181818182
 2934 16.36363636363636
 319 18.40909090909091
 854 20.45454545454545
 3981 22.5
 2348 24.54545454545455
 4364 26.59090909090909
 1458 28.63636363636364
 1420 30.68181818181818
 1466 32.72727272727273
 1768 34.77272727272727
 1129 36.81818181818182
 2304 38.86363636363636
 2159 40.90909090909091
 862 42.95454545454545
 855 45
 1368 47.04545454545455
 619 49.09090909090909
 539 51.13636363636363
 448 53.18181818181818
 286 55.22727272727273
 298 57.27272727272727
 124 59.31818181818182
 105 61.36363636363636
 65 63.40909090909091
 13 65.45454545454545
 14 67.5
 0 69.54545454545455
 0 71.59090909090909
 0 73.63636363636364
 0 75.68181818181819
 0 77.72727272727272
 0 79.77272727272727
 0 81.81818181818181
 0 83.86363636363636
 0 85.90909090909091
 0 87.95454545454545
 0 90


