# Created by Octave 3.8.2, Sat Jun 20 22:06:44 2020 CEST <damian@fptrucha.inv.usc.es>
# name: hd
# type: matrix
# rows: 45
# columns: 2
 4 0
 2313 2.045454545454545
 0 4.090909090909091
 8 6.136363636363637
 2294 8.181818181818182
 326 10.22727272727273
 244 12.27272727272727
 818 14.31818181818182
 2607 16.36363636363636
 311 18.40909090909091
 761 20.45454545454545
 3471 22.5
 2069 24.54545454545455
 3791 26.59090909090909
 1283 28.63636363636364
 1250 30.68181818181818
 1311 32.72727272727273
 1600 34.77272727272727
 1044 36.81818181818182
 2077 38.86363636363636
 2038 40.90909090909091
 708 42.95454545454545
 739 45
 1349 47.04545454545455
 510 49.09090909090909
 482 51.13636363636363
 397 53.18181818181818
 284 55.22727272727273
 258 57.27272727272727
 117 59.31818181818182
 107 61.36363636363636
 52 63.40909090909091
 19 65.45454545454545
 7 67.5
 3 69.54545454545455
 0 71.59090909090909
 0 73.63636363636364
 0 75.68181818181819
 0 77.72727272727272
 0 79.77272727272727
 0 81.81818181818181
 0 83.86363636363636
 0 85.90909090909091
 0 87.95454545454545
 0 90


