# Created by Octave 3.8.2, Mon Jun 22 00:31:06 2020 CEST <damian@fptrucha.inv.usc.es>
# name: hd
# type: matrix
# rows: 45
# columns: 2
 5 0
 2369 2.045454545454545
 2 4.090909090909091
 3 6.136363636363637
 2407 8.181818181818182
 298 10.22727272727273
 242 12.27272727272727
 819 14.31818181818182
 2610 16.36363636363636
 320 18.40909090909091
 762 20.45454545454545
 3587 22.5
 2168 24.54545454545455
 3951 26.59090909090909
 1342 28.63636363636364
 1364 30.68181818181818
 1252 32.72727272727273
 1650 34.77272727272727
 1112 36.81818181818182
 2118 38.86363636363636
 1972 40.90909090909091
 735 42.95454545454545
 774 45
 1332 47.04545454545455
 638 49.09090909090909
 478 51.13636363636363
 444 53.18181818181818
 293 55.22727272727273
 269 57.27272727272727
 103 59.31818181818182
 88 61.36363636363636
 45 63.40909090909091
 13 65.45454545454545
 9 67.5
 0 69.54545454545455
 0 71.59090909090909
 0 73.63636363636364
 0 75.68181818181819
 0 77.72727272727272
 0 79.77272727272727
 0 81.81818181818181
 0 83.86363636363636
 0 85.90909090909091
 0 87.95454545454545
 0 90


