# Created by Octave 3.8.2, Sat Jun 20 18:15:41 2020 CEST <damian@fptrucha.inv.usc.es>
# name: hd
# type: matrix
# rows: 45
# columns: 2
 2 0
 2370 2.045454545454545
 4 4.090909090909091
 7 6.136363636363637
 2319 8.181818181818182
 314 10.22727272727273
 244 12.27272727272727
 786 14.31818181818182
 2619 16.36363636363636
 322 18.40909090909091
 762 20.45454545454545
 3625 22.5
 2106 24.54545454545455
 3858 26.59090909090909
 1309 28.63636363636364
 1338 30.68181818181818
 1332 32.72727272727273
 1675 34.77272727272727
 1099 36.81818181818182
 2178 38.86363636363636
 2044 40.90909090909091
 766 42.95454545454545
 813 45
 1342 47.04545454545455
 584 49.09090909090909
 501 51.13636363636363
 428 53.18181818181818
 278 55.22727272727273
 278 57.27272727272727
 112 59.31818181818182
 95 61.36363636363636
 53 63.40909090909091
 14 65.45454545454545
 15 67.5
 1 69.54545454545455
 2 71.59090909090909
 0 73.63636363636364
 0 75.68181818181819
 0 77.72727272727272
 0 79.77272727272727
 0 81.81818181818181
 0 83.86363636363636
 0 85.90909090909091
 0 87.95454545454545
 0 90


