# Created by Octave 3.8.2, Sat Jun 20 15:55:18 2020 CEST <damian@fptrucha.inv.usc.es>
# name: hd
# type: matrix
# rows: 45
# columns: 2
 5 0
 2390 2.045454545454545
 4 4.090909090909091
 4 6.136363636363637
 2389 8.181818181818182
 345 10.22727272727273
 240 12.27272727272727
 796 14.31818181818182
 2763 16.36363636363636
 361 18.40909090909091
 798 20.45454545454545
 3679 22.5
 2193 24.54545454545455
 4052 26.59090909090909
 1330 28.63636363636364
 1337 30.68181818181818
 1373 32.72727272727273
 1680 34.77272727272727
 1194 36.81818181818182
 2211 38.86363636363636
 2143 40.90909090909091
 761 42.95454545454545
 765 45
 1392 47.04545454545455
 567 49.09090909090909
 505 51.13636363636363
 457 53.18181818181818
 297 55.22727272727273
 275 57.27272727272727
 116 59.31818181818182
 116 61.36363636363636
 63 63.40909090909091
 27 65.45454545454545
 13 67.5
 5 69.54545454545455
 0 71.59090909090909
 0 73.63636363636364
 0 75.68181818181819
 0 77.72727272727272
 0 79.77272727272727
 0 81.81818181818181
 0 83.86363636363636
 0 85.90909090909091
 0 87.95454545454545
 0 90


