# Created by Octave 3.8.2, Sun Jun 21 00:51:56 2020 CEST <damian@fptrucha.inv.usc.es>
# name: hd
# type: matrix
# rows: 45
# columns: 2
 1 0
 2374 2.045454545454545
 1 4.090909090909091
 13 6.136363636363637
 2296 8.181818181818182
 333 10.22727272727273
 271 12.27272727272727
 766 14.31818181818182
 2510 16.36363636363636
 293 18.40909090909091
 773 20.45454545454545
 3534 22.5
 2058 24.54545454545455
 3736 26.59090909090909
 1255 28.63636363636364
 1331 30.68181818181818
 1355 32.72727272727273
 1605 34.77272727272727
 1116 36.81818181818182
 2066 38.86363636363636
 2016 40.90909090909091
 763 42.95454545454545
 781 45
 1341 47.04545454545455
 596 49.09090909090909
 521 51.13636363636363
 391 53.18181818181818
 252 55.22727272727273
 288 57.27272727272727
 136 59.31818181818182
 105 61.36363636363636
 53 63.40909090909091
 21 65.45454545454545
 8 67.5
 1 69.54545454545455
 0 71.59090909090909
 0 73.63636363636364
 0 75.68181818181819
 0 77.72727272727272
 0 79.77272727272727
 0 81.81818181818181
 0 83.86363636363636
 0 85.90909090909091
 0 87.95454545454545
 0 90


