# Created by Octave 3.8.2, Mon Jun 22 04:28:09 2020 CEST <damian@fptrucha.inv.usc.es>
# name: hd
# type: matrix
# rows: 45
# columns: 2
 8 0
 2086 2.045454545454545
 3 4.090909090909091
 14 6.136363636363637
 1949 8.181818181818182
 282 10.22727272727273
 198 12.27272727272727
 693 14.31818181818182
 2160 16.36363636363636
 251 18.40909090909091
 733 20.45454545454545
 3175 22.5
 1844 24.54545454545455
 3359 26.59090909090909
 1240 28.63636363636364
 1111 30.68181818181818
 1176 32.72727272727273
 1494 34.77272727272727
 953 36.81818181818182
 1942 38.86363636363636
 2047 40.90909090909091
 811 42.95454545454545
 733 45
 1275 47.04545454545455
 618 49.09090909090909
 515 51.13636363636363
 506 53.18181818181818
 346 55.22727272727273
 327 57.27272727272727
 146 59.31818181818182
 138 61.36363636363636
 82 63.40909090909091
 33 65.45454545454545
 15 67.5
 2 69.54545454545455
 0 71.59090909090909
 0 73.63636363636364
 0 75.68181818181819
 0 77.72727272727272
 0 79.77272727272727
 0 81.81818181818181
 0 83.86363636363636
 0 85.90909090909091
 0 87.95454545454545
 0 90


