# Created by Octave 3.8.2, Mon Jun 22 23:32:49 2020 CEST <damian@fptrucha.inv.usc.es>
# name: hd
# type: matrix
# rows: 45
# columns: 2
 4 0
 2554 2.045454545454545
 2 4.090909090909091
 8 6.136363636363637
 2424 8.181818181818182
 313 10.22727272727273
 295 12.27272727272727
 777 14.31818181818182
 2676 16.36363636363636
 342 18.40909090909091
 845 20.45454545454545
 3803 22.5
 2289 24.54545454545455
 4179 26.59090909090909
 1486 28.63636363636364
 1421 30.68181818181818
 1409 32.72727272727273
 1833 34.77272727272727
 1197 36.81818181818182
 2287 38.86363636363636
 2288 40.90909090909091
 877 42.95454545454545
 855 45
 1420 47.04545454545455
 673 49.09090909090909
 599 51.13636363636363
 503 53.18181818181818
 365 55.22727272727273
 317 57.27272727272727
 145 59.31818181818182
 128 61.36363636363636
 94 63.40909090909091
 27 65.45454545454545
 19 67.5
 3 69.54545454545455
 0 71.59090909090909
 0 73.63636363636364
 0 75.68181818181819
 0 77.72727272727272
 0 79.77272727272727
 0 81.81818181818181
 0 83.86363636363636
 0 85.90909090909091
 0 87.95454545454545
 0 90


