# Created by Octave 3.8.2, Mon Jun 22 07:32:27 2020 CEST <damian@fptrucha.inv.usc.es>
# name: hd
# type: matrix
# rows: 45
# columns: 2
 16 0
 2271 2.045454545454545
 7 4.090909090909091
 11 6.136363636363637
 2116 8.181818181818182
 267 10.22727272727273
 233 12.27272727272727
 758 14.31818181818182
 2321 16.36363636363636
 254 18.40909090909091
 777 20.45454545454545
 3552 22.5
 1971 24.54545454545455
 3636 26.59090909090909
 1259 28.63636363636364
 1251 30.68181818181818
 1238 32.72727272727273
 1541 34.77272727272727
 973 36.81818181818182
 2003 38.86363636363636
 2051 40.90909090909091
 848 42.95454545454545
 779 45
 1346 47.04545454545455
 624 49.09090909090909
 584 51.13636363636363
 478 53.18181818181818
 346 55.22727272727273
 296 57.27272727272727
 116 59.31818181818182
 141 61.36363636363636
 97 63.40909090909091
 28 65.45454545454545
 17 67.5
 3 69.54545454545455
 0 71.59090909090909
 0 73.63636363636364
 0 75.68181818181819
 0 77.72727272727272
 0 79.77272727272727
 0 81.81818181818181
 0 83.86363636363636
 0 85.90909090909091
 0 87.95454545454545
 0 90


