# Created by Octave 3.8.2, Sat Jun 20 05:25:35 2020 CEST <damian@fptrucha.inv.usc.es>
# name: hd
# type: matrix
# rows: 45
# columns: 2
 3 0
 2616 2.045454545454545
 1 4.090909090909091
 8 6.136363636363637
 2599 8.181818181818182
 335 10.22727272727273
 284 12.27272727272727
 900 14.31818181818182
 2880 16.36363636363636
 355 18.40909090909091
 916 20.45454545454545
 4014 22.5
 2433 24.54545454545455
 4416 26.59090909090909
 1477 28.63636363636364
 1482 30.68181818181818
 1512 32.72727272727273
 1892 34.77272727272727
 1249 36.81818181818182
 2389 38.86363636363636
 2232 40.90909090909091
 828 42.95454545454545
 918 45
 1468 47.04545454545455
 656 49.09090909090909
 525 51.13636363636363
 485 53.18181818181818
 339 55.22727272727273
 315 57.27272727272727
 151 59.31818181818182
 100 61.36363636363636
 71 63.40909090909091
 21 65.45454545454545
 14 67.5
 1 69.54545454545455
 0 71.59090909090909
 0 73.63636363636364
 0 75.68181818181819
 0 77.72727272727272
 0 79.77272727272727
 0 81.81818181818181
 0 83.86363636363636
 0 85.90909090909091
 0 87.95454545454545
 0 90


