# Created by Octave 3.8.2, Sun Jun 21 02:37:57 2020 CEST <damian@fptrucha.inv.usc.es>
# name: hd
# type: matrix
# rows: 45
# columns: 2
 2 0
 2308 2.045454545454545
 2 4.090909090909091
 9 6.136363636363637
 2243 8.181818181818182
 319 10.22727272727273
 224 12.27272727272727
 771 14.31818181818182
 2515 16.36363636363636
 325 18.40909090909091
 766 20.45454545454545
 3509 22.5
 2053 24.54545454545455
 3776 26.59090909090909
 1270 28.63636363636364
 1298 30.68181818181818
 1301 32.72727272727273
 1625 34.77272727272727
 1129 36.81818181818182
 2024 38.86363636363636
 1945 40.90909090909091
 749 42.95454545454545
 766 45
 1339 47.04545454545455
 616 49.09090909090909
 476 51.13636363636363
 426 53.18181818181818
 278 55.22727272727273
 252 57.27272727272727
 106 59.31818181818182
 99 61.36363636363636
 59 63.40909090909091
 19 65.45454545454545
 15 67.5
 1 69.54545454545455
 0 71.59090909090909
 0 73.63636363636364
 0 75.68181818181819
 0 77.72727272727272
 0 79.77272727272727
 0 81.81818181818181
 0 83.86363636363636
 0 85.90909090909091
 0 87.95454545454545
 0 90


