# Created by Octave 3.8.2, Sun Jun 21 05:44:35 2020 CEST <damian@fptrucha.inv.usc.es>
# name: hd
# type: matrix
# rows: 45
# columns: 2
 1 0
 2284 2.045454545454545
 3 4.090909090909091
 8 6.136363636363637
 2304 8.181818181818182
 294 10.22727272727273
 205 12.27272727272727
 794 14.31818181818182
 2541 16.36363636363636
 365 18.40909090909091
 778 20.45454545454545
 3510 22.5
 2025 24.54545454545455
 3784 26.59090909090909
 1279 28.63636363636364
 1243 30.68181818181818
 1230 32.72727272727273
 1679 34.77272727272727
 1046 36.81818181818182
 2064 38.86363636363636
 1942 40.90909090909091
 726 42.95454545454545
 763 45
 1243 47.04545454545455
 552 49.09090909090909
 471 51.13636363636363
 406 53.18181818181818
 249 55.22727272727273
 262 57.27272727272727
 106 59.31818181818182
 86 61.36363636363636
 67 63.40909090909091
 15 65.45454545454545
 13 67.5
 1 69.54545454545455
 0 71.59090909090909
 0 73.63636363636364
 0 75.68181818181819
 0 77.72727272727272
 0 79.77272727272727
 0 81.81818181818181
 0 83.86363636363636
 0 85.90909090909091
 0 87.95454545454545
 0 90


