# Created by Octave 3.8.2, Sat Jun 20 02:22:48 2020 CEST <damian@fptrucha.inv.usc.es>
# name: hd
# type: matrix
# rows: 45
# columns: 2
 0 0
 1724 2.045454545454545
 3 4.090909090909091
 3 6.136363636363637
 1715 8.181818181818182
 201 10.22727272727273
 171 12.27272727272727
 554 14.31818181818182
 1869 16.36363636363636
 201 18.40909090909091
 558 20.45454545454545
 2562 22.5
 1501 24.54545454545455
 2852 26.59090909090909
 972 28.63636363636364
 979 30.68181818181818
 920 32.72727272727273
 1165 34.77272727272727
 790 36.81818181818182
 1479 38.86363636363636
 1403 40.90909090909091
 572 42.95454545454545
 532 45
 867 47.04545454545455
 396 49.09090909090909
 339 51.13636363636363
 296 53.18181818181818
 207 55.22727272727273
 196 57.27272727272727
 78 59.31818181818182
 69 61.36363636363636
 37 63.40909090909091
 14 65.45454545454545
 7 67.5
 1 69.54545454545455
 0 71.59090909090909
 0 73.63636363636364
 0 75.68181818181819
 0 77.72727272727272
 0 79.77272727272727
 0 81.81818181818181
 0 83.86363636363636
 0 85.90909090909091
 0 87.95454545454545
 0 90


