# Created by Octave 3.8.2, Sun Jun 21 00:21:21 2020 CEST <damian@fptrucha.inv.usc.es>
# name: hd
# type: matrix
# rows: 45
# columns: 2
 3 0
 2347 2.045454545454545
 1 4.090909090909091
 9 6.136363636363637
 2268 8.181818181818182
 324 10.22727272727273
 263 12.27272727272727
 804 14.31818181818182
 2488 16.36363636363636
 295 18.40909090909091
 771 20.45454545454545
 3381 22.5
 2067 24.54545454545455
 3886 26.59090909090909
 1299 28.63636363636364
 1256 30.68181818181818
 1274 32.72727272727273
 1685 34.77272727272727
 1095 36.81818181818182
 2088 38.86363636363636
 1987 40.90909090909091
 709 42.95454545454545
 763 45
 1259 47.04545454545455
 612 49.09090909090909
 537 51.13636363636363
 380 53.18181818181818
 278 55.22727272727273
 281 57.27272727272727
 105 59.31818181818182
 93 61.36363636363636
 62 63.40909090909091
 12 65.45454545454545
 15 67.5
 1 69.54545454545455
 1 71.59090909090909
 0 73.63636363636364
 0 75.68181818181819
 0 77.72727272727272
 0 79.77272727272727
 0 81.81818181818181
 0 83.86363636363636
 0 85.90909090909091
 0 87.95454545454545
 0 90


