# Created by Octave 3.8.2, Sun Jun 21 07:00:31 2020 CEST <damian@fptrucha.inv.usc.es>
# name: hd
# type: matrix
# rows: 45
# columns: 2
 2 0
 2392 2.045454545454545
 3 4.090909090909091
 6 6.136363636363637
 2308 8.181818181818182
 308 10.22727272727273
 216 12.27272727272727
 771 14.31818181818182
 2586 16.36363636363636
 322 18.40909090909091
 773 20.45454545454545
 3609 22.5
 2137 24.54545454545455
 3801 26.59090909090909
 1351 28.63636363636364
 1254 30.68181818181818
 1382 32.72727272727273
 1642 34.77272727272727
 1093 36.81818181818182
 2035 38.86363636363636
 1991 40.90909090909091
 733 42.95454545454545
 761 45
 1264 47.04545454545455
 547 49.09090909090909
 485 51.13636363636363
 444 53.18181818181818
 269 55.22727272727273
 260 57.27272727272727
 102 59.31818181818182
 92 61.36363636363636
 66 63.40909090909091
 14 65.45454545454545
 5 67.5
 0 69.54545454545455
 1 71.59090909090909
 0 73.63636363636364
 0 75.68181818181819
 0 77.72727272727272
 0 79.77272727272727
 0 81.81818181818181
 0 83.86363636363636
 0 85.90909090909091
 0 87.95454545454545
 0 90


