# Created by Octave 3.8.2, Sat Jun 20 11:14:14 2020 CEST <damian@fptrucha.inv.usc.es>
# name: hd
# type: matrix
# rows: 45
# columns: 2
 3 0
 2698 2.045454545454545
 3 4.090909090909091
 8 6.136363636363637
 2435 8.181818181818182
 383 10.22727272727273
 270 12.27272727272727
 896 14.31818181818182
 2803 16.36363636363636
 357 18.40909090909091
 866 20.45454545454545
 4019 22.5
 2325 24.54545454545455
 4352 26.59090909090909
 1466 28.63636363636364
 1404 30.68181818181818
 1527 32.72727272727273
 1835 34.77272727272727
 1215 36.81818181818182
 2416 38.86363636363636
 2344 40.90909090909091
 933 42.95454545454545
 860 45
 1562 47.04545454545455
 671 49.09090909090909
 590 51.13636363636363
 501 53.18181818181818
 326 55.22727272727273
 313 57.27272727272727
 160 59.31818181818182
 107 61.36363636363636
 74 63.40909090909091
 19 65.45454545454545
 11 67.5
 0 69.54545454545455
 0 71.59090909090909
 0 73.63636363636364
 0 75.68181818181819
 0 77.72727272727272
 0 79.77272727272727
 0 81.81818181818181
 0 83.86363636363636
 0 85.90909090909091
 0 87.95454545454545
 0 90


