# Created by Octave 3.8.2, Mon Jun 22 00:33:13 2020 CEST <damian@fptrucha.inv.usc.es>
# name: hd
# type: matrix
# rows: 45
# columns: 2
 4 0
 2380 2.045454545454545
 0 4.090909090909091
 6 6.136363636363637
 2376 8.181818181818182
 310 10.22727272727273
 243 12.27272727272727
 790 14.31818181818182
 2544 16.36363636363636
 312 18.40909090909091
 775 20.45454545454545
 3572 22.5
 2074 24.54545454545455
 3889 26.59090909090909
 1286 28.63636363636364
 1326 30.68181818181818
 1313 32.72727272727273
 1653 34.77272727272727
 1081 36.81818181818182
 2158 38.86363636363636
 2027 40.90909090909091
 755 42.95454545454545
 822 45
 1298 47.04545454545455
 580 49.09090909090909
 519 51.13636363636363
 436 53.18181818181818
 285 55.22727272727273
 268 57.27272727272727
 104 59.31818181818182
 88 61.36363636363636
 67 63.40909090909091
 19 65.45454545454545
 11 67.5
 2 69.54545454545455
 0 71.59090909090909
 0 73.63636363636364
 0 75.68181818181819
 0 77.72727272727272
 0 79.77272727272727
 0 81.81818181818181
 0 83.86363636363636
 0 85.90909090909091
 0 87.95454545454545
 0 90


