# Created by Octave 3.8.2, Mon Jun 22 01:43:30 2020 CEST <damian@fptrucha.inv.usc.es>
# name: hd
# type: matrix
# rows: 45
# columns: 2
 2 0
 2359 2.045454545454545
 2 4.090909090909091
 7 6.136363636363637
 2252 8.181818181818182
 358 10.22727272727273
 246 12.27272727272727
 861 14.31818181818182
 2618 16.36363636363636
 355 18.40909090909091
 820 20.45454545454545
 3609 22.5
 2232 24.54545454545455
 4073 26.59090909090909
 1363 28.63636363636364
 1431 30.68181818181818
 1365 32.72727272727273
 1648 34.77272727272727
 1089 36.81818181818182
 2179 38.86363636363636
 2164 40.90909090909091
 816 42.95454545454545
 809 45
 1353 47.04545454545455
 626 49.09090909090909
 579 51.13636363636363
 499 53.18181818181818
 310 55.22727272727273
 303 57.27272727272727
 138 59.31818181818182
 126 61.36363636363636
 62 63.40909090909091
 23 65.45454545454545
 20 67.5
 0 69.54545454545455
 0 71.59090909090909
 0 73.63636363636364
 0 75.68181818181819
 0 77.72727272727272
 0 79.77272727272727
 0 81.81818181818181
 0 83.86363636363636
 0 85.90909090909091
 0 87.95454545454545
 0 90


