# Created by Octave 3.8.2, Sun Jun 21 03:28:58 2020 CEST <damian@fptrucha.inv.usc.es>
# name: hd
# type: matrix
# rows: 45
# columns: 2
 6 0
 2398 2.045454545454545
 3 4.090909090909091
 3 6.136363636363637
 2320 8.181818181818182
 341 10.22727272727273
 254 12.27272727272727
 769 14.31818181818182
 2548 16.36363636363636
 313 18.40909090909091
 769 20.45454545454545
 3448 22.5
 2142 24.54545454545455
 3874 26.59090909090909
 1271 28.63636363636364
 1326 30.68181818181818
 1264 32.72727272727273
 1602 34.77272727272727
 1053 36.81818181818182
 2075 38.86363636363636
 2012 40.90909090909091
 700 42.95454545454545
 771 45
 1280 47.04545454545455
 592 49.09090909090909
 522 51.13636363636363
 390 53.18181818181818
 271 55.22727272727273
 251 57.27272727272727
 124 59.31818181818182
 105 61.36363636363636
 60 63.40909090909091
 19 65.45454545454545
 20 67.5
 3 69.54545454545455
 0 71.59090909090909
 0 73.63636363636364
 0 75.68181818181819
 0 77.72727272727272
 0 79.77272727272727
 0 81.81818181818181
 0 83.86363636363636
 0 85.90909090909091
 0 87.95454545454545
 0 90


