# Created by Octave 3.8.2, Mon Jun 22 15:44:12 2020 CEST <damian@fptrucha.inv.usc.es>
# name: hd
# type: matrix
# rows: 45
# columns: 2
 6 0
 2334 2.045454545454545
 6 4.090909090909091
 7 6.136363636363637
 2240 8.181818181818182
 317 10.22727272727273
 254 12.27272727272727
 823 14.31818181818182
 2561 16.36363636363636
 318 18.40909090909091
 826 20.45454545454545
 3619 22.5
 2099 24.54545454545455
 4074 26.59090909090909
 1379 28.63636363636364
 1321 30.68181818181818
 1359 32.72727272727273
 1703 34.77272727272727
 1087 36.81818181818182
 2133 38.86363636363636
 2268 40.90909090909091
 881 42.95454545454545
 831 45
 1467 47.04545454545455
 679 49.09090909090909
 592 51.13636363636363
 521 53.18181818181818
 372 55.22727272727273
 340 57.27272727272727
 144 59.31818181818182
 154 61.36363636363636
 86 63.40909090909091
 16 65.45454545454545
 17 67.5
 3 69.54545454545455
 0 71.59090909090909
 0 73.63636363636364
 0 75.68181818181819
 0 77.72727272727272
 0 79.77272727272727
 0 81.81818181818181
 0 83.86363636363636
 0 85.90909090909091
 0 87.95454545454545
 0 90


