# Created by Octave 3.8.2, Tue Jun 23 00:40:11 2020 CEST <damian@fptrucha.inv.usc.es>
# name: hd
# type: matrix
# rows: 45
# columns: 2
 6 0
 2480 2.045454545454545
 4 4.090909090909091
 8 6.136363636363637
 2396 8.181818181818182
 306 10.22727272727273
 279 12.27272727272727
 878 14.31818181818182
 2824 16.36363636363636
 310 18.40909090909091
 825 20.45454545454545
 3770 22.5
 2314 24.54545454545455
 4156 26.59090909090909
 1379 28.63636363636364
 1460 30.68181818181818
 1367 32.72727272727273
 1679 34.77272727272727
 1151 36.81818181818182
 2315 38.86363636363636
 2357 40.90909090909091
 836 42.95454545454545
 820 45
 1463 47.04545454545455
 683 49.09090909090909
 585 51.13636363636363
 491 53.18181818181818
 342 55.22727272727273
 298 57.27272727272727
 148 59.31818181818182
 116 61.36363636363636
 86 63.40909090909091
 26 65.45454545454545
 11 67.5
 0 69.54545454545455
 1 71.59090909090909
 0 73.63636363636364
 0 75.68181818181819
 0 77.72727272727272
 0 79.77272727272727
 0 81.81818181818181
 0 83.86363636363636
 0 85.90909090909091
 0 87.95454545454545
 0 90


