# Created by Octave 3.8.2, Sat Jun 20 13:42:35 2020 CEST <damian@fptrucha.inv.usc.es>
# name: hd
# type: matrix
# rows: 45
# columns: 2
 1 0
 1570 2.045454545454545
 1 4.090909090909091
 8 6.136363636363637
 1636 8.181818181818182
 198 10.22727272727273
 162 12.27272727272727
 571 14.31818181818182
 1832 16.36363636363636
 251 18.40909090909091
 572 20.45454545454545
 2480 22.5
 1515 24.54545454545455
 2756 26.59090909090909
 992 28.63636363636364
 901 30.68181818181818
 882 32.72727272727273
 1214 34.77272727272727
 745 36.81818181818182
 1460 38.86363636363636
 1457 40.90909090909091
 569 42.95454545454545
 560 45
 923 47.04545454545455
 439 49.09090909090909
 327 51.13636363636363
 337 53.18181818181818
 213 55.22727272727273
 206 57.27272727272727
 82 59.31818181818182
 57 61.36363636363636
 42 63.40909090909091
 23 65.45454545454545
 12 67.5
 1 69.54545454545455
 0 71.59090909090909
 0 73.63636363636364
 0 75.68181818181819
 0 77.72727272727272
 0 79.77272727272727
 0 81.81818181818181
 0 83.86363636363636
 0 85.90909090909091
 0 87.95454545454545
 0 90


