# Created by Octave 3.8.2, Sun Jun 21 00:34:59 2020 CEST <damian@fptrucha.inv.usc.es>
# name: hd
# type: matrix
# rows: 45
# columns: 2
 5 0
 2280 2.045454545454545
 0 4.090909090909091
 7 6.136363636363637
 2316 8.181818181818182
 315 10.22727272727273
 239 12.27272727272727
 773 14.31818181818182
 2560 16.36363636363636
 297 18.40909090909091
 796 20.45454545454545
 3503 22.5
 2052 24.54545454545455
 3769 26.59090909090909
 1300 28.63636363636364
 1302 30.68181818181818
 1296 32.72727272727273
 1622 34.77272727272727
 991 36.81818181818182
 2057 38.86363636363636
 2090 40.90909090909091
 750 42.95454545454545
 769 45
 1335 47.04545454545455
 552 49.09090909090909
 516 51.13636363636363
 386 53.18181818181818
 277 55.22727272727273
 294 57.27272727272727
 113 59.31818181818182
 88 61.36363636363636
 56 63.40909090909091
 14 65.45454545454545
 4 67.5
 1 69.54545454545455
 0 71.59090909090909
 0 73.63636363636364
 0 75.68181818181819
 0 77.72727272727272
 0 79.77272727272727
 0 81.81818181818181
 0 83.86363636363636
 0 85.90909090909091
 0 87.95454545454545
 0 90


