# Created by Octave 3.8.2, Sat Jun 20 09:46:15 2020 CEST <damian@fptrucha.inv.usc.es>
# name: hd
# type: matrix
# rows: 45
# columns: 2
 4 0
 2725 2.045454545454545
 3 4.090909090909091
 13 6.136363636363637
 2616 8.181818181818182
 371 10.22727272727273
 273 12.27272727272727
 900 14.31818181818182
 2814 16.36363636363636
 339 18.40909090909091
 921 20.45454545454545
 4047 22.5
 2428 24.54545454545455
 4395 26.59090909090909
 1524 28.63636363636364
 1477 30.68181818181818
 1470 32.72727272727273
 1941 34.77272727272727
 1268 36.81818181818182
 2432 38.86363636363636
 2284 40.90909090909091
 800 42.95454545454545
 918 45
 1554 47.04545454545455
 712 49.09090909090909
 568 51.13636363636363
 502 53.18181818181818
 336 55.22727272727273
 283 57.27272727272727
 125 59.31818181818182
 126 61.36363636363636
 79 63.40909090909091
 28 65.45454545454545
 10 67.5
 2 69.54545454545455
 0 71.59090909090909
 0 73.63636363636364
 0 75.68181818181819
 0 77.72727272727272
 0 79.77272727272727
 0 81.81818181818181
 0 83.86363636363636
 0 85.90909090909091
 0 87.95454545454545
 0 90


