# Created by Octave 3.8.2, Sat Jun 20 08:35:36 2020 CEST <damian@fptrucha.inv.usc.es>
# name: hd
# type: matrix
# rows: 45
# columns: 2
 7 0
 2694 2.045454545454545
 3 4.090909090909091
 13 6.136363636363637
 2627 8.181818181818182
 355 10.22727272727273
 258 12.27272727272727
 895 14.31818181818182
 2909 16.36363636363636
 375 18.40909090909091
 909 20.45454545454545
 4196 22.5
 2440 24.54545454545455
 4541 26.59090909090909
 1495 28.63636363636364
 1540 30.68181818181818
 1554 32.72727272727273
 1907 34.77272727272727
 1246 36.81818181818182
 2520 38.86363636363636
 2382 40.90909090909091
 902 42.95454545454545
 911 45
 1591 47.04545454545455
 719 49.09090909090909
 612 51.13636363636363
 508 53.18181818181818
 312 55.22727272727273
 339 57.27272727272727
 137 59.31818181818182
 123 61.36363636363636
 100 63.40909090909091
 19 65.45454545454545
 19 67.5
 1 69.54545454545455
 1 71.59090909090909
 0 73.63636363636364
 0 75.68181818181819
 0 77.72727272727272
 0 79.77272727272727
 0 81.81818181818181
 0 83.86363636363636
 0 85.90909090909091
 0 87.95454545454545
 0 90


