# Created by Octave 3.8.2, Sun Jun 21 03:51:49 2020 CEST <damian@fptrucha.inv.usc.es>
# name: hd
# type: matrix
# rows: 45
# columns: 2
 5 0
 2243 2.045454545454545
 2 4.090909090909091
 9 6.136363636363637
 2299 8.181818181818182
 321 10.22727272727273
 226 12.27272727272727
 790 14.31818181818182
 2594 16.36363636363636
 304 18.40909090909091
 773 20.45454545454545
 3493 22.5
 2032 24.54545454545455
 3806 26.59090909090909
 1322 28.63636363636364
 1230 30.68181818181818
 1252 32.72727272727273
 1628 34.77272727272727
 1024 36.81818181818182
 2075 38.86363636363636
 2036 40.90909090909091
 732 42.95454545454545
 765 45
 1279 47.04545454545455
 583 49.09090909090909
 501 51.13636363636363
 419 53.18181818181818
 242 55.22727272727273
 261 57.27272727272727
 117 59.31818181818182
 110 61.36363636363636
 65 63.40909090909091
 26 65.45454545454545
 10 67.5
 1 69.54545454545455
 1 71.59090909090909
 0 73.63636363636364
 0 75.68181818181819
 0 77.72727272727272
 0 79.77272727272727
 0 81.81818181818181
 0 83.86363636363636
 0 85.90909090909091
 0 87.95454545454545
 0 90


