# Created by Octave 3.8.2, Mon Jun 22 03:20:50 2020 CEST <damian@fptrucha.inv.usc.es>
# name: hd
# type: matrix
# rows: 45
# columns: 2
 9 0
 2234 2.045454545454545
 6 4.090909090909091
 19 6.136363636363637
 2053 8.181818181818182
 296 10.22727272727273
 260 12.27272727272727
 737 14.31818181818182
 2388 16.36363636363636
 275 18.40909090909091
 751 20.45454545454545
 3413 22.5
 1852 24.54545454545455
 3562 26.59090909090909
 1245 28.63636363636364
 1202 30.68181818181818
 1208 32.72727272727273
 1497 34.77272727272727
 1019 36.81818181818182
 2002 38.86363636363636
 1966 40.90909090909091
 757 42.95454545454545
 777 45
 1357 47.04545454545455
 615 49.09090909090909
 516 51.13636363636363
 495 53.18181818181818
 361 55.22727272727273
 322 57.27272727272727
 143 59.31818181818182
 140 61.36363636363636
 98 63.40909090909091
 28 65.45454545454545
 12 67.5
 6 69.54545454545455
 0 71.59090909090909
 0 73.63636363636364
 0 75.68181818181819
 0 77.72727272727272
 0 79.77272727272727
 0 81.81818181818181
 0 83.86363636363636
 0 85.90909090909091
 0 87.95454545454545
 0 90


