# Created by Octave 3.8.2, Sat Jun 20 23:37:53 2020 CEST <damian@fptrucha.inv.usc.es>
# name: hd
# type: matrix
# rows: 45
# columns: 2
 2 0
 2392 2.045454545454545
 0 4.090909090909091
 6 6.136363636363637
 2251 8.181818181818182
 339 10.22727272727273
 186 12.27272727272727
 834 14.31818181818182
 2586 16.36363636363636
 344 18.40909090909091
 763 20.45454545454545
 3546 22.5
 2179 24.54545454545455
 3906 26.59090909090909
 1272 28.63636363636364
 1270 30.68181818181818
 1322 32.72727272727273
 1601 34.77272727272727
 1071 36.81818181818182
 2152 38.86363636363636
 1946 40.90909090909091
 751 42.95454545454545
 740 45
 1304 47.04545454545455
 602 49.09090909090909
 493 51.13636363636363
 429 53.18181818181818
 295 55.22727272727273
 266 57.27272727272727
 112 59.31818181818182
 80 61.36363636363636
 71 63.40909090909091
 18 65.45454545454545
 10 67.5
 3 69.54545454545455
 1 71.59090909090909
 0 73.63636363636364
 0 75.68181818181819
 0 77.72727272727272
 0 79.77272727272727
 0 81.81818181818181
 0 83.86363636363636
 0 85.90909090909091
 0 87.95454545454545
 0 90


