# Created by Octave 3.8.2, Sat Jun 20 12:11:55 2020 CEST <damian@fptrucha.inv.usc.es>
# name: hd
# type: matrix
# rows: 45
# columns: 2
 6 0
 2633 2.045454545454545
 5 4.090909090909091
 12 6.136363636363637
 2342 8.181818181818182
 345 10.22727272727273
 260 12.27272727272727
 880 14.31818181818182
 2880 16.36363636363636
 361 18.40909090909091
 872 20.45454545454545
 4048 22.5
 2321 24.54545454545455
 4225 26.59090909090909
 1326 28.63636363636364
 1425 30.68181818181818
 1450 32.72727272727273
 1738 34.77272727272727
 1175 36.81818181818182
 2308 38.86363636363636
 2198 40.90909090909091
 863 42.95454545454545
 867 45
 1533 47.04545454545455
 673 49.09090909090909
 539 51.13636363636363
 512 53.18181818181818
 328 55.22727272727273
 302 57.27272727272727
 136 59.31818181818182
 130 61.36363636363636
 73 63.40909090909091
 23 65.45454545454545
 15 67.5
 2 69.54545454545455
 0 71.59090909090909
 0 73.63636363636364
 0 75.68181818181819
 0 77.72727272727272
 0 79.77272727272727
 0 81.81818181818181
 0 83.86363636363636
 0 85.90909090909091
 0 87.95454545454545
 0 90


