# Created by Octave 3.8.2, Mon Jun 22 16:44:06 2020 CEST <damian@fptrucha.inv.usc.es>
# name: hd
# type: matrix
# rows: 45
# columns: 2
 13 0
 2334 2.045454545454545
 7 4.090909090909091
 8 6.136363636363637
 2282 8.181818181818182
 298 10.22727272727273
 269 12.27272727272727
 781 14.31818181818182
 2631 16.36363636363636
 330 18.40909090909091
 776 20.45454545454545
 3665 22.5
 2143 24.54545454545455
 3857 26.59090909090909
 1358 28.63636363636364
 1364 30.68181818181818
 1348 32.72727272727273
 1789 34.77272727272727
 1124 36.81818181818182
 2194 38.86363636363636
 2225 40.90909090909091
 889 42.95454545454545
 838 45
 1473 47.04545454545455
 669 49.09090909090909
 604 51.13636363636363
 528 53.18181818181818
 398 55.22727272727273
 333 57.27272727272727
 138 59.31818181818182
 154 61.36363636363636
 104 63.40909090909091
 23 65.45454545454545
 23 67.5
 2 69.54545454545455
 0 71.59090909090909
 0 73.63636363636364
 0 75.68181818181819
 0 77.72727272727272
 0 79.77272727272727
 0 81.81818181818181
 0 83.86363636363636
 0 85.90909090909091
 0 87.95454545454545
 0 90


