# Created by Octave 3.8.2, Sat Jun 20 02:24:10 2020 CEST <damian@fptrucha.inv.usc.es>
# name: hd
# type: matrix
# rows: 45
# columns: 2
 4 0
 2691 2.045454545454545
 1 4.090909090909091
 13 6.136363636363637
 2587 8.181818181818182
 312 10.22727272727273
 258 12.27272727272727
 891 14.31818181818182
 2835 16.36363636363636
 330 18.40909090909091
 912 20.45454545454545
 3972 22.5
 2337 24.54545454545455
 4290 26.59090909090909
 1456 28.63636363636364
 1404 30.68181818181818
 1436 32.72727272727273
 1824 34.77272727272727
 1191 36.81818181818182
 2275 38.86363636363636
 2206 40.90909090909091
 850 42.95454545454545
 878 45
 1457 47.04545454545455
 649 49.09090909090909
 504 51.13636363636363
 459 53.18181818181818
 329 55.22727272727273
 315 57.27272727272727
 116 59.31818181818182
 94 61.36363636363636
 66 63.40909090909091
 17 65.45454545454545
 12 67.5
 0 69.54545454545455
 0 71.59090909090909
 0 73.63636363636364
 0 75.68181818181819
 0 77.72727272727272
 0 79.77272727272727
 0 81.81818181818181
 0 83.86363636363636
 0 85.90909090909091
 0 87.95454545454545
 0 90


