# Created by Octave 3.8.2, Sat Jun 20 23:32:32 2020 CEST <damian@fptrucha.inv.usc.es>
# name: hd
# type: matrix
# rows: 45
# columns: 2
 2 0
 2362 2.045454545454545
 0 4.090909090909091
 8 6.136363636363637
 2384 8.181818181818182
 334 10.22727272727273
 246 12.27272727272727
 767 14.31818181818182
 2585 16.36363636363636
 359 18.40909090909091
 746 20.45454545454545
 3527 22.5
 2104 24.54545454545455
 3842 26.59090909090909
 1345 28.63636363636364
 1305 30.68181818181818
 1321 32.72727272727273
 1688 34.77272727272727
 1068 36.81818181818182
 2087 38.86363636363636
 2009 40.90909090909091
 761 42.95454545454545
 719 45
 1313 47.04545454545455
 569 49.09090909090909
 452 51.13636363636363
 429 53.18181818181818
 294 55.22727272727273
 283 57.27272727272727
 105 59.31818181818182
 90 61.36363636363636
 75 63.40909090909091
 15 65.45454545454545
 16 67.5
 1 69.54545454545455
 0 71.59090909090909
 0 73.63636363636364
 0 75.68181818181819
 0 77.72727272727272
 0 79.77272727272727
 0 81.81818181818181
 0 83.86363636363636
 0 85.90909090909091
 0 87.95454545454545
 0 90


