# Created by Octave 3.8.2, Mon Jun 22 02:27:36 2020 CEST <damian@fptrucha.inv.usc.es>
# name: hd
# type: matrix
# rows: 45
# columns: 2
 1 0
 57 2.045454545454545
 4 4.090909090909091
 1 6.136363636363637
 8 8.181818181818182
 8 10.22727272727273
 5 12.27272727272727
 2 14.31818181818182
 25 16.36363636363636
 5 18.40909090909091
 44 20.45454545454545
 84 22.5
 12 24.54545454545455
 29 26.59090909090909
 58 28.63636363636364
 3 30.68181818181818
 7 32.72727272727273
 37 34.77272727272727
 10 36.81818181818182
 44 38.86363636363636
 49 40.90909090909091
 27 42.95454545454545
 33 45
 39 47.04545454545455
 13 49.09090909090909
 26 51.13636363636363
 28 53.18181818181818
 8 55.22727272727273
 11 57.27272727272727
 10 59.31818181818182
 7 61.36363636363636
 10 63.40909090909091
 1 65.45454545454545
 2 67.5
 0 69.54545454545455
 0 71.59090909090909
 0 73.63636363636364
 0 75.68181818181819
 0 77.72727272727272
 0 79.77272727272727
 0 81.81818181818181
 0 83.86363636363636
 0 85.90909090909091
 0 87.95454545454545
 0 90


