# Created by Octave 3.8.2, Sat Jun 20 19:42:09 2020 CEST <damian@fptrucha.inv.usc.es>
# name: hd
# type: matrix
# rows: 45
# columns: 2
 5 0
 2381 2.045454545454545
 1 4.090909090909091
 7 6.136363636363637
 2273 8.181818181818182
 307 10.22727272727273
 251 12.27272727272727
 781 14.31818181818182
 2578 16.36363636363636
 305 18.40909090909091
 781 20.45454545454545
 3576 22.5
 2088 24.54545454545455
 4051 26.59090909090909
 1320 28.63636363636364
 1349 30.68181818181818
 1310 32.72727272727273
 1642 34.77272727272727
 1064 36.81818181818182
 2219 38.86363636363636
 2035 40.90909090909091
 794 42.95454545454545
 768 45
 1331 47.04545454545455
 596 49.09090909090909
 500 51.13636363636363
 447 53.18181818181818
 270 55.22727272727273
 264 57.27272727272727
 108 59.31818181818182
 115 61.36363636363636
 61 63.40909090909091
 13 65.45454545454545
 10 67.5
 2 69.54545454545455
 0 71.59090909090909
 0 73.63636363636364
 0 75.68181818181819
 0 77.72727272727272
 0 79.77272727272727
 0 81.81818181818181
 0 83.86363636363636
 0 85.90909090909091
 0 87.95454545454545
 0 90


