# Created by Octave 3.8.2, Mon Jun 22 09:28:12 2020 CEST <damian@fptrucha.inv.usc.es>
# name: hd
# type: matrix
# rows: 45
# columns: 2
 2 0
 2290 2.045454545454545
 3 4.090909090909091
 10 6.136363636363637
 2201 8.181818181818182
 275 10.22727272727273
 229 12.27272727272727
 731 14.31818181818182
 2392 16.36363636363636
 276 18.40909090909091
 766 20.45454545454545
 3503 22.5
 1943 24.54545454545455
 3729 26.59090909090909
 1280 28.63636363636364
 1239 30.68181818181818
 1283 32.72727272727273
 1580 34.77272727272727
 1093 36.81818181818182
 1992 38.86363636363636
 2071 40.90909090909091
 858 42.95454545454545
 773 45
 1313 47.04545454545455
 591 49.09090909090909
 577 51.13636363636363
 479 53.18181818181818
 325 55.22727272727273
 302 57.27272727272727
 144 59.31818181818182
 128 61.36363636363636
 80 63.40909090909091
 24 65.45454545454545
 12 67.5
 4 69.54545454545455
 0 71.59090909090909
 0 73.63636363636364
 0 75.68181818181819
 0 77.72727272727272
 0 79.77272727272727
 0 81.81818181818181
 0 83.86363636363636
 0 85.90909090909091
 0 87.95454545454545
 0 90


