# Created by Octave 3.8.2, Sat Jun 20 10:55:30 2020 CEST <damian@fptrucha.inv.usc.es>
# name: hd
# type: matrix
# rows: 45
# columns: 2
 7 0
 2614 2.045454545454545
 1 4.090909090909091
 6 6.136363636363637
 2574 8.181818181818182
 418 10.22727272727273
 262 12.27272727272727
 898 14.31818181818182
 2905 16.36363636363636
 338 18.40909090909091
 845 20.45454545454545
 3948 22.5
 2414 24.54545454545455
 4294 26.59090909090909
 1472 28.63636363636364
 1446 30.68181818181818
 1527 32.72727272727273
 1866 34.77272727272727
 1213 36.81818181818182
 2409 38.86363636363636
 2324 40.90909090909091
 870 42.95454545454545
 860 45
 1544 47.04545454545455
 726 49.09090909090909
 573 51.13636363636363
 505 53.18181818181818
 381 55.22727272727273
 323 57.27272727272727
 129 59.31818181818182
 137 61.36363636363636
 68 63.40909090909091
 16 65.45454545454545
 18 67.5
 2 69.54545454545455
 0 71.59090909090909
 0 73.63636363636364
 0 75.68181818181819
 0 77.72727272727272
 0 79.77272727272727
 0 81.81818181818181
 0 83.86363636363636
 0 85.90909090909091
 0 87.95454545454545
 0 90


