# Created by Octave 3.8.2, Sun Jun 21 08:14:22 2020 CEST <damian@fptrucha.inv.usc.es>
# name: hd
# type: matrix
# rows: 45
# columns: 2
 5 0
 2444 2.045454545454545
 4 4.090909090909091
 6 6.136363636363637
 2329 8.181818181818182
 324 10.22727272727273
 249 12.27272727272727
 815 14.31818181818182
 2536 16.36363636363636
 311 18.40909090909091
 833 20.45454545454545
 3536 22.5
 2170 24.54545454545455
 3893 26.59090909090909
 1340 28.63636363636364
 1357 30.68181818181818
 1298 32.72727272727273
 1601 34.77272727272727
 1082 36.81818181818182
 2035 38.86363636363636
 2005 40.90909090909091
 770 42.95454545454545
 768 45
 1326 47.04545454545455
 573 49.09090909090909
 476 51.13636363636363
 394 53.18181818181818
 278 55.22727272727273
 265 57.27272727272727
 116 59.31818181818182
 89 61.36363636363636
 57 63.40909090909091
 12 65.45454545454545
 8 67.5
 1 69.54545454545455
 1 71.59090909090909
 0 73.63636363636364
 0 75.68181818181819
 0 77.72727272727272
 0 79.77272727272727
 0 81.81818181818181
 0 83.86363636363636
 0 85.90909090909091
 0 87.95454545454545
 0 90


