# Created by Octave 3.8.2, Mon Jun 22 03:49:54 2020 CEST <damian@fptrucha.inv.usc.es>
# name: hd
# type: matrix
# rows: 45
# columns: 2
 1 0
 1467 2.045454545454545
 5 4.090909090909091
 6 6.136363636363637
 1316 8.181818181818182
 153 10.22727272727273
 167 12.27272727272727
 507 14.31818181818182
 1492 16.36363636363636
 184 18.40909090909091
 508 20.45454545454545
 2255 22.5
 1290 24.54545454545455
 2315 26.59090909090909
 799 28.63636363636364
 769 30.68181818181818
 814 32.72727272727273
 1002 34.77272727272727
 666 36.81818181818182
 1268 38.86363636363636
 1399 40.90909090909091
 584 42.95454545454545
 473 45
 935 47.04545454545455
 372 49.09090909090909
 349 51.13636363636363
 342 53.18181818181818
 243 55.22727272727273
 199 57.27272727272727
 86 59.31818181818182
 94 61.36363636363636
 76 63.40909090909091
 36 65.45454545454545
 10 67.5
 2 69.54545454545455
 0 71.59090909090909
 0 73.63636363636364
 0 75.68181818181819
 0 77.72727272727272
 0 79.77272727272727
 0 81.81818181818181
 0 83.86363636363636
 0 85.90909090909091
 0 87.95454545454545
 0 90


