# Created by Octave 3.8.2, Sat Jun 20 03:18:15 2020 CEST <damian@fptrucha.inv.usc.es>
# name: hd
# type: matrix
# rows: 45
# columns: 2
 3 0
 2751 2.045454545454545
 3 4.090909090909091
 10 6.136363636363637
 2572 8.181818181818182
 327 10.22727272727273
 291 12.27272727272727
 898 14.31818181818182
 2908 16.36363636363636
 340 18.40909090909091
 860 20.45454545454545
 3917 22.5
 2403 24.54545454545455
 4286 26.59090909090909
 1493 28.63636363636364
 1436 30.68181818181818
 1464 32.72727272727273
 1770 34.77272727272727
 1188 36.81818181818182
 2364 38.86363636363636
 2200 40.90909090909091
 851 42.95454545454545
 912 45
 1410 47.04545454545455
 648 49.09090909090909
 535 51.13636363636363
 498 53.18181818181818
 327 55.22727272727273
 310 57.27272727272727
 137 59.31818181818182
 106 61.36363636363636
 68 63.40909090909091
 16 65.45454545454545
 7 67.5
 0 69.54545454545455
 0 71.59090909090909
 0 73.63636363636364
 0 75.68181818181819
 0 77.72727272727272
 0 79.77272727272727
 0 81.81818181818181
 0 83.86363636363636
 0 85.90909090909091
 0 87.95454545454545
 0 90


