# Created by Octave 3.8.2, Mon Jun 22 02:34:04 2020 CEST <damian@fptrucha.inv.usc.es>
# name: hd
# type: matrix
# rows: 45
# columns: 2
 8 0
 2225 2.045454545454545
 6 4.090909090909091
 10 6.136363636363637
 2041 8.181818181818182
 298 10.22727272727273
 246 12.27272727272727
 725 14.31818181818182
 2321 16.36363636363636
 279 18.40909090909091
 736 20.45454545454545
 3329 22.5
 1910 24.54545454545455
 3570 26.59090909090909
 1253 28.63636363636364
 1240 30.68181818181818
 1258 32.72727272727273
 1540 34.77272727272727
 943 36.81818181818182
 2027 38.86363636363636
 2010 40.90909090909091
 779 42.95454545454545
 704 45
 1299 47.04545454545455
 581 49.09090909090909
 509 51.13636363636363
 455 53.18181818181818
 345 55.22727272727273
 319 57.27272727272727
 156 59.31818181818182
 124 61.36363636363636
 91 63.40909090909091
 25 65.45454545454545
 12 67.5
 1 69.54545454545455
 0 71.59090909090909
 0 73.63636363636364
 0 75.68181818181819
 0 77.72727272727272
 0 79.77272727272727
 0 81.81818181818181
 0 83.86363636363636
 0 85.90909090909091
 0 87.95454545454545
 0 90


