# Created by Octave 3.8.2, Mon Jun 22 17:12:50 2020 CEST <damian@fptrucha.inv.usc.es>
# name: hd
# type: matrix
# rows: 45
# columns: 2
 7 0
 2440 2.045454545454545
 12 4.090909090909091
 14 6.136363636363637
 2326 8.181818181818182
 288 10.22727272727273
 263 12.27272727272727
 770 14.31818181818182
 2620 16.36363636363636
 316 18.40909090909091
 760 20.45454545454545
 3759 22.5
 2114 24.54545454545455
 4036 26.59090909090909
 1370 28.63636363636364
 1374 30.68181818181818
 1371 32.72727272727273
 1663 34.77272727272727
 1128 36.81818181818182
 2179 38.86363636363636
 2223 40.90909090909091
 850 42.95454545454545
 830 45
 1433 47.04545454545455
 689 49.09090909090909
 578 51.13636363636363
 506 53.18181818181818
 353 55.22727272727273
 326 57.27272727272727
 146 59.31818181818182
 140 61.36363636363636
 91 63.40909090909091
 36 65.45454545454545
 19 67.5
 3 69.54545454545455
 0 71.59090909090909
 0 73.63636363636364
 0 75.68181818181819
 0 77.72727272727272
 0 79.77272727272727
 0 81.81818181818181
 0 83.86363636363636
 0 85.90909090909091
 0 87.95454545454545
 0 90


