# Created by Octave 3.8.2, Sat Jun 20 02:33:44 2020 CEST <damian@fptrucha.inv.usc.es>
# name: hd
# type: matrix
# rows: 45
# columns: 2
 6 0
 2658 2.045454545454545
 1 4.090909090909091
 9 6.136363636363637
 2599 8.181818181818182
 334 10.22727272727273
 274 12.27272727272727
 827 14.31818181818182
 2824 16.36363636363636
 318 18.40909090909091
 835 20.45454545454545
 3908 22.5
 2306 24.54545454545455
 4157 26.59090909090909
 1457 28.63636363636364
 1378 30.68181818181818
 1416 32.72727272727273
 1815 34.77272727272727
 1148 36.81818181818182
 2306 38.86363636363636
 2157 40.90909090909091
 816 42.95454545454545
 903 45
 1438 47.04545454545455
 605 49.09090909090909
 507 51.13636363636363
 464 53.18181818181818
 307 55.22727272727273
 310 57.27272727272727
 121 59.31818181818182
 118 61.36363636363636
 77 63.40909090909091
 17 65.45454545454545
 8 67.5
 1 69.54545454545455
 0 71.59090909090909
 0 73.63636363636364
 0 75.68181818181819
 0 77.72727272727272
 0 79.77272727272727
 0 81.81818181818181
 0 83.86363636363636
 0 85.90909090909091
 0 87.95454545454545
 0 90


