# Created by Octave 3.8.2, Sat Jun 20 05:07:30 2020 CEST <damian@fptrucha.inv.usc.es>
# name: hd
# type: matrix
# rows: 45
# columns: 2
 5 0
 2635 2.045454545454545
 2 4.090909090909091
 10 6.136363636363637
 2675 8.181818181818182
 351 10.22727272727273
 264 12.27272727272727
 914 14.31818181818182
 2765 16.36363636363636
 326 18.40909090909091
 821 20.45454545454545
 4083 22.5
 2316 24.54545454545455
 4336 26.59090909090909
 1467 28.63636363636364
 1476 30.68181818181818
 1483 32.72727272727273
 1876 34.77272727272727
 1244 36.81818181818182
 2295 38.86363636363636
 2214 40.90909090909091
 861 42.95454545454545
 893 45
 1519 47.04545454545455
 671 49.09090909090909
 500 51.13636363636363
 461 53.18181818181818
 314 55.22727272727273
 300 57.27272727272727
 106 59.31818181818182
 109 61.36363636363636
 60 63.40909090909091
 24 65.45454545454545
 10 67.5
 3 69.54545454545455
 0 71.59090909090909
 0 73.63636363636364
 0 75.68181818181819
 0 77.72727272727272
 0 79.77272727272727
 0 81.81818181818181
 0 83.86363636363636
 0 85.90909090909091
 0 87.95454545454545
 0 90


