# Created by Octave 3.8.2, Mon Jun 22 20:52:15 2020 CEST <damian@fptrucha.inv.usc.es>
# name: hd
# type: matrix
# rows: 45
# columns: 2
 8 0
 2474 2.045454545454545
 6 4.090909090909091
 13 6.136363636363637
 2418 8.181818181818182
 314 10.22727272727273
 317 12.27272727272727
 807 14.31818181818182
 2736 16.36363636363636
 314 18.40909090909091
 828 20.45454545454545
 3702 22.5
 2151 24.54545454545455
 4111 26.59090909090909
 1428 28.63636363636364
 1336 30.68181818181818
 1389 32.72727272727273
 1736 34.77272727272727
 1166 36.81818181818182
 2217 38.86363636363636
 2224 40.90909090909091
 884 42.95454545454545
 855 45
 1496 47.04545454545455
 710 49.09090909090909
 571 51.13636363636363
 488 53.18181818181818
 356 55.22727272727273
 338 57.27272727272727
 164 59.31818181818182
 115 61.36363636363636
 73 63.40909090909091
 40 65.45454545454545
 13 67.5
 3 69.54545454545455
 0 71.59090909090909
 0 73.63636363636364
 0 75.68181818181819
 0 77.72727272727272
 0 79.77272727272727
 0 81.81818181818181
 0 83.86363636363636
 0 85.90909090909091
 0 87.95454545454545
 0 90


