# Created by Octave 3.8.2, Sat Jun 20 20:53:22 2020 CEST <damian@fptrucha.inv.usc.es>
# name: hd
# type: matrix
# rows: 45
# columns: 2
 4 0
 2331 2.045454545454545
 2 4.090909090909091
 8 6.136363636363637
 2318 8.181818181818182
 320 10.22727272727273
 268 12.27272727272727
 829 14.31818181818182
 2586 16.36363636363636
 305 18.40909090909091
 741 20.45454545454545
 3389 22.5
 2163 24.54545454545455
 3930 26.59090909090909
 1339 28.63636363636364
 1349 30.68181818181818
 1315 32.72727272727273
 1652 34.77272727272727
 1068 36.81818181818182
 2038 38.86363636363636
 2104 40.90909090909091
 728 42.95454545454545
 771 45
 1316 47.04545454545455
 610 49.09090909090909
 499 51.13636363636363
 398 53.18181818181818
 300 55.22727272727273
 274 57.27272727272727
 92 59.31818181818182
 82 61.36363636363636
 60 63.40909090909091
 14 65.45454545454545
 13 67.5
 5 69.54545454545455
 0 71.59090909090909
 0 73.63636363636364
 0 75.68181818181819
 0 77.72727272727272
 0 79.77272727272727
 0 81.81818181818181
 0 83.86363636363636
 0 85.90909090909091
 0 87.95454545454545
 0 90


