# Created by Octave 3.8.2, Sat Jun 20 15:30:21 2020 CEST <damian@fptrucha.inv.usc.es>
# name: hd
# type: matrix
# rows: 45
# columns: 2
 4 0
 2507 2.045454545454545
 2 4.090909090909091
 11 6.136363636363637
 2482 8.181818181818182
 336 10.22727272727273
 241 12.27272727272727
 804 14.31818181818182
 2793 16.36363636363636
 333 18.40909090909091
 792 20.45454545454545
 3740 22.5
 2261 24.54545454545455
 4049 26.59090909090909
 1358 28.63636363636364
 1356 30.68181818181818
 1338 32.72727272727273
 1676 34.77272727272727
 1128 36.81818181818182
 2158 38.86363636363636
 2027 40.90909090909091
 755 42.95454545454545
 800 45
 1381 47.04545454545455
 624 49.09090909090909
 522 51.13636363636363
 455 53.18181818181818
 300 55.22727272727273
 286 57.27272727272727
 112 59.31818181818182
 95 61.36363636363636
 69 63.40909090909091
 16 65.45454545454545
 12 67.5
 2 69.54545454545455
 0 71.59090909090909
 0 73.63636363636364
 0 75.68181818181819
 0 77.72727272727272
 0 79.77272727272727
 0 81.81818181818181
 0 83.86363636363636
 0 85.90909090909091
 0 87.95454545454545
 0 90


