# Created by Octave 3.8.2, Sat Jun 20 13:19:29 2020 CEST <damian@fptrucha.inv.usc.es>
# name: hd
# type: matrix
# rows: 45
# columns: 2
 1 0
 2517 2.045454545454545
 1 4.090909090909091
 10 6.136363636363637
 2492 8.181818181818182
 359 10.22727272727273
 261 12.27272727272727
 874 14.31818181818182
 2670 16.36363636363636
 358 18.40909090909091
 827 20.45454545454545
 3758 22.5
 2356 24.54545454545455
 4230 26.59090909090909
 1375 28.63636363636364
 1405 30.68181818181818
 1464 32.72727272727273
 1799 34.77272727272727
 1226 36.81818181818182
 2215 38.86363636363636
 2219 40.90909090909091
 894 42.95454545454545
 898 45
 1459 47.04545454545455
 688 49.09090909090909
 516 51.13636363636363
 439 53.18181818181818
 293 55.22727272727273
 289 57.27272727272727
 101 59.31818181818182
 112 61.36363636363636
 71 63.40909090909091
 19 65.45454545454545
 8 67.5
 0 69.54545454545455
 0 71.59090909090909
 0 73.63636363636364
 0 75.68181818181819
 0 77.72727272727272
 0 79.77272727272727
 0 81.81818181818181
 0 83.86363636363636
 0 85.90909090909091
 0 87.95454545454545
 0 90


