# Created by Octave 3.8.2, Mon Jun 22 02:05:09 2020 CEST <damian@fptrucha.inv.usc.es>
# name: hd
# type: matrix
# rows: 45
# columns: 2
 3 0
 2270 2.045454545454545
 5 4.090909090909091
 6 6.136363636363637
 2098 8.181818181818182
 330 10.22727272727273
 243 12.27272727272727
 748 14.31818181818182
 2504 16.36363636363636
 324 18.40909090909091
 742 20.45454545454545
 3488 22.5
 2154 24.54545454545455
 3902 26.59090909090909
 1317 28.63636363636364
 1321 30.68181818181818
 1312 32.72727272727273
 1629 34.77272727272727
 1050 36.81818181818182
 2199 38.86363636363636
 2085 40.90909090909091
 819 42.95454545454545
 817 45
 1374 47.04545454545455
 594 49.09090909090909
 578 51.13636363636363
 517 53.18181818181818
 337 55.22727272727273
 308 57.27272727272727
 141 59.31818181818182
 149 61.36363636363636
 88 63.40909090909091
 38 65.45454545454545
 14 67.5
 6 69.54545454545455
 0 71.59090909090909
 0 73.63636363636364
 0 75.68181818181819
 0 77.72727272727272
 0 79.77272727272727
 0 81.81818181818181
 0 83.86363636363636
 0 85.90909090909091
 0 87.95454545454545
 0 90


