# Created by Octave 3.8.2, Sat Jun 20 15:47:16 2020 CEST <damian@fptrucha.inv.usc.es>
# name: hd
# type: matrix
# rows: 45
# columns: 2
 1 0
 2421 2.045454545454545
 2 4.090909090909091
 9 6.136363636363637
 2435 8.181818181818182
 335 10.22727272727273
 238 12.27272727272727
 785 14.31818181818182
 2652 16.36363636363636
 320 18.40909090909091
 799 20.45454545454545
 3653 22.5
 2177 24.54545454545455
 4066 26.59090909090909
 1352 28.63636363636364
 1402 30.68181818181818
 1390 32.72727272727273
 1772 34.77272727272727
 1133 36.81818181818182
 2163 38.86363636363636
 2085 40.90909090909091
 783 42.95454545454545
 855 45
 1365 47.04545454545455
 576 49.09090909090909
 512 51.13636363636363
 451 53.18181818181818
 254 55.22727272727273
 307 57.27272727272727
 119 59.31818181818182
 111 61.36363636363636
 68 63.40909090909091
 18 65.45454545454545
 3 67.5
 0 69.54545454545455
 1 71.59090909090909
 0 73.63636363636364
 0 75.68181818181819
 0 77.72727272727272
 0 79.77272727272727
 0 81.81818181818181
 0 83.86363636363636
 0 85.90909090909091
 0 87.95454545454545
 0 90


