# Created by Octave 3.8.2, Sat Jun 20 10:48:55 2020 CEST <damian@fptrucha.inv.usc.es>
# name: hd
# type: matrix
# rows: 45
# columns: 2
 9 0
 2598 2.045454545454545
 2 4.090909090909091
 6 6.136363636363637
 2572 8.181818181818182
 331 10.22727272727273
 265 12.27272727272727
 875 14.31818181818182
 2829 16.36363636363636
 396 18.40909090909091
 905 20.45454545454545
 4053 22.5
 2341 24.54545454545455
 4239 26.59090909090909
 1443 28.63636363636364
 1535 30.68181818181818
 1461 32.72727272727273
 1898 34.77272727272727
 1263 36.81818181818182
 2426 38.86363636363636
 2301 40.90909090909091
 837 42.95454545454545
 865 45
 1421 47.04545454545455
 658 49.09090909090909
 586 51.13636363636363
 499 53.18181818181818
 336 55.22727272727273
 306 57.27272727272727
 129 59.31818181818182
 128 61.36363636363636
 74 63.40909090909091
 20 65.45454545454545
 16 67.5
 0 69.54545454545455
 0 71.59090909090909
 0 73.63636363636364
 0 75.68181818181819
 0 77.72727272727272
 0 79.77272727272727
 0 81.81818181818181
 0 83.86363636363636
 0 85.90909090909091
 0 87.95454545454545
 0 90


