# Created by Octave 3.8.2, Sat Jun 20 04:29:41 2020 CEST <damian@fptrucha.inv.usc.es>
# name: hd
# type: matrix
# rows: 45
# columns: 2
 4 0
 2714 2.045454545454545
 4 4.090909090909091
 12 6.136363636363637
 2605 8.181818181818182
 344 10.22727272727273
 300 12.27272727272727
 894 14.31818181818182
 2862 16.36363636363636
 323 18.40909090909091
 841 20.45454545454545
 4012 22.5
 2411 24.54545454545455
 4458 26.59090909090909
 1502 28.63636363636364
 1512 30.68181818181818
 1420 32.72727272727273
 1805 34.77272727272727
 1169 36.81818181818182
 2344 38.86363636363636
 2214 40.90909090909091
 848 42.95454545454545
 870 45
 1544 47.04545454545455
 629 49.09090909090909
 545 51.13636363636363
 449 53.18181818181818
 320 55.22727272727273
 293 57.27272727272727
 125 59.31818181818182
 116 61.36363636363636
 68 63.40909090909091
 19 65.45454545454545
 19 67.5
 2 69.54545454545455
 0 71.59090909090909
 0 73.63636363636364
 0 75.68181818181819
 0 77.72727272727272
 0 79.77272727272727
 0 81.81818181818181
 0 83.86363636363636
 0 85.90909090909091
 0 87.95454545454545
 0 90


