# Created by Octave 3.8.2, Mon Jun 22 18:12:09 2020 CEST <damian@fptrucha.inv.usc.es>
# name: hd
# type: matrix
# rows: 45
# columns: 2
 6 0
 2395 2.045454545454545
 6 4.090909090909091
 13 6.136363636363637
 2288 8.181818181818182
 273 10.22727272727273
 263 12.27272727272727
 811 14.31818181818182
 2517 16.36363636363636
 312 18.40909090909091
 836 20.45454545454545
 3756 22.5
 2159 24.54545454545455
 3993 26.59090909090909
 1404 28.63636363636364
 1394 30.68181818181818
 1410 32.72727272727273
 1746 34.77272727272727
 1098 36.81818181818182
 2236 38.86363636363636
 2120 40.90909090909091
 839 42.95454545454545
 813 45
 1394 47.04545454545455
 632 49.09090909090909
 574 51.13636363636363
 509 53.18181818181818
 329 55.22727272727273
 336 57.27272727272727
 142 59.31818181818182
 127 61.36363636363636
 75 63.40909090909091
 29 65.45454545454545
 15 67.5
 3 69.54545454545455
 0 71.59090909090909
 0 73.63636363636364
 0 75.68181818181819
 0 77.72727272727272
 0 79.77272727272727
 0 81.81818181818181
 0 83.86363636363636
 0 85.90909090909091
 0 87.95454545454545
 0 90


