# Created by Octave 3.8.2, Mon Jun 22 06:20:53 2020 CEST <damian@fptrucha.inv.usc.es>
# name: hd
# type: matrix
# rows: 45
# columns: 2
 10 0
 2241 2.045454545454545
 3 4.090909090909091
 15 6.136363636363637
 2073 8.181818181818182
 265 10.22727272727273
 273 12.27272727272727
 695 14.31818181818182
 2453 16.36363636363636
 261 18.40909090909091
 778 20.45454545454545
 3429 22.5
 1911 24.54545454545455
 3663 26.59090909090909
 1270 28.63636363636364
 1260 30.68181818181818
 1293 32.72727272727273
 1541 34.77272727272727
 1034 36.81818181818182
 2063 38.86363636363636
 2062 40.90909090909091
 755 42.95454545454545
 816 45
 1244 47.04545454545455
 634 49.09090909090909
 527 51.13636363636363
 493 53.18181818181818
 348 55.22727272727273
 326 57.27272727272727
 164 59.31818181818182
 138 61.36363636363636
 105 63.40909090909091
 32 65.45454545454545
 17 67.5
 3 69.54545454545455
 0 71.59090909090909
 0 73.63636363636364
 0 75.68181818181819
 0 77.72727272727272
 0 79.77272727272727
 0 81.81818181818181
 0 83.86363636363636
 0 85.90909090909091
 0 87.95454545454545
 0 90


