# Created by Octave 3.8.2, Mon Jun 22 03:39:45 2020 CEST <damian@fptrucha.inv.usc.es>
# name: hd
# type: matrix
# rows: 45
# columns: 2
 6 0
 2154 2.045454545454545
 8 4.090909090909091
 10 6.136363636363637
 1963 8.181818181818182
 290 10.22727272727273
 252 12.27272727272727
 720 14.31818181818182
 2328 16.36363636363636
 246 18.40909090909091
 786 20.45454545454545
 3303 22.5
 2015 24.54545454545455
 3576 26.59090909090909
 1236 28.63636363636364
 1198 30.68181818181818
 1256 32.72727272727273
 1518 34.77272727272727
 1014 36.81818181818182
 1998 38.86363636363636
 2107 40.90909090909091
 789 42.95454545454545
 749 45
 1262 47.04545454545455
 586 49.09090909090909
 562 51.13636363636363
 462 53.18181818181818
 346 55.22727272727273
 309 57.27272727272727
 131 59.31818181818182
 139 61.36363636363636
 72 63.40909090909091
 24 65.45454545454545
 13 67.5
 3 69.54545454545455
 0 71.59090909090909
 0 73.63636363636364
 0 75.68181818181819
 0 77.72727272727272
 0 79.77272727272727
 0 81.81818181818181
 0 83.86363636363636
 0 85.90909090909091
 0 87.95454545454545
 0 90


