# Created by Octave 3.8.2, Sat Jun 20 09:01:48 2020 CEST <damian@fptrucha.inv.usc.es>
# name: hd
# type: matrix
# rows: 45
# columns: 2
 5 0
 2741 2.045454545454545
 1 4.090909090909091
 5 6.136363636363637
 2575 8.181818181818182
 371 10.22727272727273
 305 12.27272727272727
 901 14.31818181818182
 2905 16.36363636363636
 352 18.40909090909091
 936 20.45454545454545
 4113 22.5
 2493 24.54545454545455
 4464 26.59090909090909
 1460 28.63636363636364
 1479 30.68181818181818
 1563 32.72727272727273
 1856 34.77272727272727
 1257 36.81818181818182
 2506 38.86363636363636
 2400 40.90909090909091
 945 42.95454545454545
 918 45
 1591 47.04545454545455
 656 49.09090909090909
 597 51.13636363636363
 545 53.18181818181818
 385 55.22727272727273
 331 57.27272727272727
 147 59.31818181818182
 115 61.36363636363636
 87 63.40909090909091
 16 65.45454545454545
 11 67.5
 3 69.54545454545455
 0 71.59090909090909
 0 73.63636363636364
 0 75.68181818181819
 0 77.72727272727272
 0 79.77272727272727
 0 81.81818181818181
 0 83.86363636363636
 0 85.90909090909091
 0 87.95454545454545
 0 90


