# Created by Octave 3.8.2, Mon Jun 22 08:28:18 2020 CEST <damian@fptrucha.inv.usc.es>
# name: hd
# type: matrix
# rows: 45
# columns: 2
 5 0
 2230 2.045454545454545
 7 4.090909090909091
 13 6.136363636363637
 2158 8.181818181818182
 303 10.22727272727273
 248 12.27272727272727
 798 14.31818181818182
 2501 16.36363636363636
 291 18.40909090909091
 755 20.45454545454545
 3448 22.5
 1999 24.54545454545455
 3740 26.59090909090909
 1246 28.63636363636364
 1295 30.68181818181818
 1296 32.72727272727273
 1618 34.77272727272727
 1078 36.81818181818182
 1945 38.86363636363636
 2099 40.90909090909091
 813 42.95454545454545
 771 45
 1340 47.04545454545455
 636 49.09090909090909
 540 51.13636363636363
 487 53.18181818181818
 315 55.22727272727273
 315 57.27272727272727
 122 59.31818181818182
 138 61.36363636363636
 75 63.40909090909091
 27 65.45454545454545
 14 67.5
 1 69.54545454545455
 0 71.59090909090909
 0 73.63636363636364
 0 75.68181818181819
 0 77.72727272727272
 0 79.77272727272727
 0 81.81818181818181
 0 83.86363636363636
 0 85.90909090909091
 0 87.95454545454545
 0 90


