# Created by Octave 3.8.2, Mon Jun 22 16:30:00 2020 CEST <damian@fptrucha.inv.usc.es>
# name: hd
# type: matrix
# rows: 45
# columns: 2
 3 0
 2506 2.045454545454545
 7 4.090909090909091
 7 6.136363636363637
 2327 8.181818181818182
 303 10.22727272727273
 276 12.27272727272727
 768 14.31818181818182
 2521 16.36363636363636
 308 18.40909090909091
 803 20.45454545454545
 3718 22.5
 2122 24.54545454545455
 4019 26.59090909090909
 1341 28.63636363636364
 1390 30.68181818181818
 1382 32.72727272727273
 1722 34.77272727272727
 1120 36.81818181818182
 2164 38.86363636363636
 2164 40.90909090909091
 888 42.95454545454545
 855 45
 1387 47.04545454545455
 688 49.09090909090909
 573 51.13636363636363
 530 53.18181818181818
 356 55.22727272727273
 343 57.27272727272727
 144 59.31818181818182
 147 61.36363636363636
 93 63.40909090909091
 24 65.45454545454545
 17 67.5
 2 69.54545454545455
 0 71.59090909090909
 0 73.63636363636364
 0 75.68181818181819
 0 77.72727272727272
 0 79.77272727272727
 0 81.81818181818181
 0 83.86363636363636
 0 85.90909090909091
 0 87.95454545454545
 0 90


