# Created by Octave 3.8.2, Mon Jun 22 04:39:14 2020 CEST <damian@fptrucha.inv.usc.es>
# name: hd
# type: matrix
# rows: 45
# columns: 2
 13 0
 2035 2.045454545454545
 5 4.090909090909091
 13 6.136363636363637
 1877 8.181818181818182
 256 10.22727272727273
 218 12.27272727272727
 639 14.31818181818182
 2187 16.36363636363636
 238 18.40909090909091
 704 20.45454545454545
 3340 22.5
 1946 24.54545454545455
 3486 26.59090909090909
 1214 28.63636363636364
 1137 30.68181818181818
 1211 32.72727272727273
 1497 34.77272727272727
 971 36.81818181818182
 1955 38.86363636363636
 1942 40.90909090909091
 765 42.95454545454545
 756 45
 1308 47.04545454545455
 597 49.09090909090909
 543 51.13636363636363
 493 53.18181818181818
 349 55.22727272727273
 304 57.27272727272727
 150 59.31818181818182
 138 61.36363636363636
 66 63.40909090909091
 29 65.45454545454545
 24 67.5
 2 69.54545454545455
 0 71.59090909090909
 0 73.63636363636364
 0 75.68181818181819
 0 77.72727272727272
 0 79.77272727272727
 0 81.81818181818181
 0 83.86363636363636
 0 85.90909090909091
 0 87.95454545454545
 0 90


