# Created by Octave 3.8.2, Tue Jun 23 00:18:21 2020 CEST <damian@fptrucha.inv.usc.es>
# name: hd
# type: matrix
# rows: 45
# columns: 2
 3 0
 2512 2.045454545454545
 4 4.090909090909091
 8 6.136363636363637
 2347 8.181818181818182
 280 10.22727272727273
 274 12.27272727272727
 848 14.31818181818182
 2771 16.36363636363636
 334 18.40909090909091
 859 20.45454545454545
 3902 22.5
 2318 24.54545454545455
 4304 26.59090909090909
 1479 28.63636363636364
 1429 30.68181818181818
 1465 32.72727272727273
 1843 34.77272727272727
 1248 36.81818181818182
 2376 38.86363636363636
 2256 40.90909090909091
 880 42.95454545454545
 865 45
 1509 47.04545454545455
 744 49.09090909090909
 594 51.13636363636363
 527 53.18181818181818
 367 55.22727272727273
 322 57.27272727272727
 165 59.31818181818182
 117 61.36363636363636
 89 63.40909090909091
 21 65.45454545454545
 17 67.5
 4 69.54545454545455
 1 71.59090909090909
 0 73.63636363636364
 0 75.68181818181819
 0 77.72727272727272
 0 79.77272727272727
 0 81.81818181818181
 0 83.86363636363636
 0 85.90909090909091
 0 87.95454545454545
 0 90


