# Created by Octave 3.8.2, Sun Jun 21 02:07:30 2020 CEST <damian@fptrucha.inv.usc.es>
# name: hd
# type: matrix
# rows: 45
# columns: 2
 7 0
 2317 2.045454545454545
 1 4.090909090909091
 7 6.136363636363637
 2244 8.181818181818182
 333 10.22727272727273
 238 12.27272727272727
 787 14.31818181818182
 2553 16.36363636363636
 321 18.40909090909091
 783 20.45454545454545
 3484 22.5
 2135 24.54545454545455
 3740 26.59090909090909
 1301 28.63636363636364
 1309 30.68181818181818
 1211 32.72727272727273
 1623 34.77272727272727
 1016 36.81818181818182
 2082 38.86363636363636
 1933 40.90909090909091
 726 42.95454545454545
 811 45
 1290 47.04545454545455
 573 49.09090909090909
 494 51.13636363636363
 425 53.18181818181818
 274 55.22727272727273
 287 57.27272727272727
 120 59.31818181818182
 100 61.36363636363636
 49 63.40909090909091
 22 65.45454545454545
 11 67.5
 4 69.54545454545455
 0 71.59090909090909
 0 73.63636363636364
 0 75.68181818181819
 0 77.72727272727272
 0 79.77272727272727
 0 81.81818181818181
 0 83.86363636363636
 0 85.90909090909091
 0 87.95454545454545
 0 90


