# Created by Octave 3.8.2, Mon Jun 22 10:48:34 2020 CEST <damian@fptrucha.inv.usc.es>
# name: hd
# type: matrix
# rows: 45
# columns: 2
 5 0
 2348 2.045454545454545
 5 4.090909090909091
 14 6.136363636363637
 2206 8.181818181818182
 283 10.22727272727273
 234 12.27272727272727
 744 14.31818181818182
 2576 16.36363636363636
 286 18.40909090909091
 755 20.45454545454545
 3710 22.5
 1980 24.54545454545455
 3818 26.59090909090909
 1310 28.63636363636364
 1267 30.68181818181818
 1367 32.72727272727273
 1544 34.77272727272727
 1047 36.81818181818182
 2133 38.86363636363636
 2144 40.90909090909091
 887 42.95454545454545
 824 45
 1365 47.04545454545455
 637 49.09090909090909
 563 51.13636363636363
 447 53.18181818181818
 361 55.22727272727273
 319 57.27272727272727
 139 59.31818181818182
 143 61.36363636363636
 71 63.40909090909091
 30 65.45454545454545
 13 67.5
 0 69.54545454545455
 0 71.59090909090909
 0 73.63636363636364
 0 75.68181818181819
 0 77.72727272727272
 0 79.77272727272727
 0 81.81818181818181
 0 83.86363636363636
 0 85.90909090909091
 0 87.95454545454545
 0 90


