# Created by Octave 3.8.2, Sat Jun 20 02:51:07 2020 CEST <damian@fptrucha.inv.usc.es>
# name: hd
# type: matrix
# rows: 45
# columns: 2
 5 0
 2516 2.045454545454545
 2 4.090909090909091
 12 6.136363636363637
 2547 8.181818181818182
 344 10.22727272727273
 296 12.27272727272727
 868 14.31818181818182
 2919 16.36363636363636
 292 18.40909090909091
 890 20.45454545454545
 4007 22.5
 2396 24.54545454545455
 4351 26.59090909090909
 1426 28.63636363636364
 1393 30.68181818181818
 1403 32.72727272727273
 1914 34.77272727272727
 1161 36.81818181818182
 2188 38.86363636363636
 2235 40.90909090909091
 784 42.95454545454545
 895 45
 1447 47.04545454545455
 607 49.09090909090909
 523 51.13636363636363
 474 53.18181818181818
 327 55.22727272727273
 300 57.27272727272727
 123 59.31818181818182
 97 61.36363636363636
 73 63.40909090909091
 14 65.45454545454545
 6 67.5
 0 69.54545454545455
 0 71.59090909090909
 0 73.63636363636364
 0 75.68181818181819
 0 77.72727272727272
 0 79.77272727272727
 0 81.81818181818181
 0 83.86363636363636
 0 85.90909090909091
 0 87.95454545454545
 0 90


