# Created by Octave 3.8.2, Sat Jun 20 16:00:38 2020 CEST <damian@fptrucha.inv.usc.es>
# name: hd
# type: matrix
# rows: 45
# columns: 2
 2 0
 2390 2.045454545454545
 1 4.090909090909091
 9 6.136363636363637
 2398 8.181818181818182
 345 10.22727272727273
 247 12.27272727272727
 824 14.31818181818182
 2692 16.36363636363636
 347 18.40909090909091
 836 20.45454545454545
 3699 22.5
 2171 24.54545454545455
 3997 26.59090909090909
 1368 28.63636363636364
 1330 30.68181818181818
 1337 32.72727272727273
 1699 34.77272727272727
 1167 36.81818181818182
 2281 38.86363636363636
 2109 40.90909090909091
 776 42.95454545454545
 804 45
 1400 47.04545454545455
 604 49.09090909090909
 523 51.13636363636363
 463 53.18181818181818
 323 55.22727272727273
 293 57.27272727272727
 119 59.31818181818182
 106 61.36363636363636
 72 63.40909090909091
 19 65.45454545454545
 11 67.5
 4 69.54545454545455
 0 71.59090909090909
 0 73.63636363636364
 0 75.68181818181819
 0 77.72727272727272
 0 79.77272727272727
 0 81.81818181818181
 0 83.86363636363636
 0 85.90909090909091
 0 87.95454545454545
 0 90


