# Created by Octave 3.8.2, Sat Jun 20 21:56:18 2020 CEST <damian@fptrucha.inv.usc.es>
# name: hd
# type: matrix
# rows: 45
# columns: 2
 3 0
 2414 2.045454545454545
 0 4.090909090909091
 4 6.136363636363637
 2221 8.181818181818182
 336 10.22727272727273
 228 12.27272727272727
 799 14.31818181818182
 2668 16.36363636363636
 314 18.40909090909091
 786 20.45454545454545
 3615 22.5
 2073 24.54545454545455
 3813 26.59090909090909
 1317 28.63636363636364
 1300 30.68181818181818
 1318 32.72727272727273
 1631 34.77272727272727
 1136 36.81818181818182
 2168 38.86363636363636
 2022 40.90909090909091
 779 42.95454545454545
 768 45
 1295 47.04545454545455
 560 49.09090909090909
 535 51.13636363636363
 427 53.18181818181818
 291 55.22727272727273
 264 57.27272727272727
 95 59.31818181818182
 129 61.36363636363636
 62 63.40909090909091
 17 65.45454545454545
 7 67.5
 0 69.54545454545455
 0 71.59090909090909
 0 73.63636363636364
 0 75.68181818181819
 0 77.72727272727272
 0 79.77272727272727
 0 81.81818181818181
 0 83.86363636363636
 0 85.90909090909091
 0 87.95454545454545
 0 90


