# Created by Octave 3.8.2, Sun Jun 21 00:58:28 2020 CEST <damian@fptrucha.inv.usc.es>
# name: hd
# type: matrix
# rows: 45
# columns: 2
 3 0
 2224 2.045454545454545
 3 4.090909090909091
 9 6.136363636363637
 2232 8.181818181818182
 317 10.22727272727273
 220 12.27272727272727
 778 14.31818181818182
 2508 16.36363636363636
 297 18.40909090909091
 761 20.45454545454545
 3493 22.5
 2099 24.54545454545455
 3838 26.59090909090909
 1294 28.63636363636364
 1238 30.68181818181818
 1207 32.72727272727273
 1662 34.77272727272727
 1069 36.81818181818182
 2136 38.86363636363636
 2042 40.90909090909091
 760 42.95454545454545
 781 45
 1283 47.04545454545455
 567 49.09090909090909
 480 51.13636363636363
 390 53.18181818181818
 291 55.22727272727273
 261 57.27272727272727
 123 59.31818181818182
 108 61.36363636363636
 55 63.40909090909091
 14 65.45454545454545
 9 67.5
 4 69.54545454545455
 1 71.59090909090909
 0 73.63636363636364
 0 75.68181818181819
 0 77.72727272727272
 0 79.77272727272727
 0 81.81818181818181
 0 83.86363636363636
 0 85.90909090909091
 0 87.95454545454545
 0 90


