# Created by Octave 3.8.2, Sun Jun 21 01:26:20 2020 CEST <damian@fptrucha.inv.usc.es>
# name: hd
# type: matrix
# rows: 45
# columns: 2
 1 0
 2386 2.045454545454545
 3 4.090909090909091
 10 6.136363636363637
 2276 8.181818181818182
 315 10.22727272727273
 226 12.27272727272727
 789 14.31818181818182
 2593 16.36363636363636
 337 18.40909090909091
 743 20.45454545454545
 3505 22.5
 1996 24.54545454545455
 3798 26.59090909090909
 1292 28.63636363636364
 1278 30.68181818181818
 1283 32.72727272727273
 1569 34.77272727272727
 1047 36.81818181818182
 1981 38.86363636363636
 1948 40.90909090909091
 777 42.95454545454545
 751 45
 1296 47.04545454545455
 542 49.09090909090909
 481 51.13636363636363
 400 53.18181818181818
 258 55.22727272727273
 242 57.27272727272727
 104 59.31818181818182
 74 61.36363636363636
 39 63.40909090909091
 20 65.45454545454545
 10 67.5
 3 69.54545454545455
 0 71.59090909090909
 0 73.63636363636364
 0 75.68181818181819
 0 77.72727272727272
 0 79.77272727272727
 0 81.81818181818181
 0 83.86363636363636
 0 85.90909090909091
 0 87.95454545454545
 0 90


