# Created by Octave 3.8.2, Mon Jun 22 09:43:21 2020 CEST <damian@fptrucha.inv.usc.es>
# name: hd
# type: matrix
# rows: 45
# columns: 2
 6 0
 2288 2.045454545454545
 7 4.090909090909091
 15 6.136363636363637
 2263 8.181818181818182
 281 10.22727272727273
 273 12.27272727272727
 731 14.31818181818182
 2531 16.36363636363636
 285 18.40909090909091
 821 20.45454545454545
 3360 22.5
 2115 24.54545454545455
 3784 26.59090909090909
 1299 28.63636363636364
 1242 30.68181818181818
 1323 32.72727272727273
 1633 34.77272727272727
 1099 36.81818181818182
 2128 38.86363636363636
 2035 40.90909090909091
 852 42.95454545454545
 805 45
 1294 47.04545454545455
 564 49.09090909090909
 537 51.13636363636363
 456 53.18181818181818
 307 55.22727272727273
 299 57.27272727272727
 128 59.31818181818182
 145 61.36363636363636
 98 63.40909090909091
 28 65.45454545454545
 17 67.5
 1 69.54545454545455
 1 71.59090909090909
 0 73.63636363636364
 0 75.68181818181819
 0 77.72727272727272
 0 79.77272727272727
 0 81.81818181818181
 0 83.86363636363636
 0 85.90909090909091
 0 87.95454545454545
 0 90


