# Created by Octave 3.8.2, Sun Jun 21 05:41:18 2020 CEST <damian@fptrucha.inv.usc.es>
# name: hd
# type: matrix
# rows: 45
# columns: 2
 9 0
 2344 2.045454545454545
 1 4.090909090909091
 9 6.136363636363637
 2248 8.181818181818182
 287 10.22727272727273
 232 12.27272727272727
 789 14.31818181818182
 2499 16.36363636363636
 301 18.40909090909091
 807 20.45454545454545
 3495 22.5
 2089 24.54545454545455
 3930 26.59090909090909
 1259 28.63636363636364
 1220 30.68181818181818
 1290 32.72727272727273
 1600 34.77272727272727
 1081 36.81818181818182
 1949 38.86363636363636
 2009 40.90909090909091
 747 42.95454545454545
 744 45
 1355 47.04545454545455
 576 49.09090909090909
 478 51.13636363636363
 416 53.18181818181818
 272 55.22727272727273
 290 57.27272727272727
 92 59.31818181818182
 93 61.36363636363636
 51 63.40909090909091
 22 65.45454545454545
 14 67.5
 2 69.54545454545455
 0 71.59090909090909
 0 73.63636363636364
 0 75.68181818181819
 0 77.72727272727272
 0 79.77272727272727
 0 81.81818181818181
 0 83.86363636363636
 0 85.90909090909091
 0 87.95454545454545
 0 90


