# Created by Octave 3.8.2, Sat Jun 20 14:06:00 2020 CEST <damian@fptrucha.inv.usc.es>
# name: hd
# type: matrix
# rows: 45
# columns: 2
 1 0
 2513 2.045454545454545
 1 4.090909090909091
 5 6.136363636363637
 2442 8.181818181818182
 353 10.22727272727273
 250 12.27272727272727
 843 14.31818181818182
 2716 16.36363636363636
 358 18.40909090909091
 813 20.45454545454545
 3788 22.5
 2209 24.54545454545455
 4177 26.59090909090909
 1391 28.63636363636364
 1387 30.68181818181818
 1392 32.72727272727273
 1703 34.77272727272727
 1190 36.81818181818182
 2283 38.86363636363636
 2208 40.90909090909091
 877 42.95454545454545
 802 45
 1483 47.04545454545455
 635 49.09090909090909
 518 51.13636363636363
 463 53.18181818181818
 314 55.22727272727273
 289 57.27272727272727
 118 59.31818181818182
 127 61.36363636363636
 52 63.40909090909091
 15 65.45454545454545
 15 67.5
 4 69.54545454545455
 0 71.59090909090909
 0 73.63636363636364
 0 75.68181818181819
 0 77.72727272727272
 0 79.77272727272727
 0 81.81818181818181
 0 83.86363636363636
 0 85.90909090909091
 0 87.95454545454545
 0 90


