# Created by Octave 3.8.2, Mon Jun 22 06:47:10 2020 CEST <damian@fptrucha.inv.usc.es>
# name: hd
# type: matrix
# rows: 45
# columns: 2
 4 0
 2199 2.045454545454545
 6 4.090909090909091
 15 6.136363636363637
 2068 8.181818181818182
 246 10.22727272727273
 261 12.27272727272727
 683 14.31818181818182
 2381 16.36363636363636
 244 18.40909090909091
 770 20.45454545454545
 3351 22.5
 1875 24.54545454545455
 3658 26.59090909090909
 1258 28.63636363636364
 1269 30.68181818181818
 1274 32.72727272727273
 1501 34.77272727272727
 990 36.81818181818182
 2047 38.86363636363636
 2039 40.90909090909091
 777 42.95454545454545
 798 45
 1294 47.04545454545455
 622 49.09090909090909
 586 51.13636363636363
 483 53.18181818181818
 356 55.22727272727273
 319 57.27272727272727
 152 59.31818181818182
 120 61.36363636363636
 90 63.40909090909091
 28 65.45454545454545
 21 67.5
 1 69.54545454545455
 0 71.59090909090909
 0 73.63636363636364
 0 75.68181818181819
 0 77.72727272727272
 0 79.77272727272727
 0 81.81818181818181
 0 83.86363636363636
 0 85.90909090909091
 0 87.95454545454545
 0 90


