# Created by Octave 3.8.2, Mon Jun 22 23:58:40 2020 CEST <damian@fptrucha.inv.usc.es>
# name: hd
# type: matrix
# rows: 45
# columns: 2
 11 0
 2547 2.045454545454545
 5 4.090909090909091
 7 6.136363636363637
 2409 8.181818181818182
 290 10.22727272727273
 275 12.27272727272727
 829 14.31818181818182
 2667 16.36363636363636
 335 18.40909090909091
 837 20.45454545454545
 3819 22.5
 2159 24.54545454545455
 4152 26.59090909090909
 1460 28.63636363636364
 1365 30.68181818181818
 1330 32.72727272727273
 1825 34.77272727272727
 1222 36.81818181818182
 2290 38.86363636363636
 2242 40.90909090909091
 918 42.95454545454545
 877 45
 1502 47.04545454545455
 664 49.09090909090909
 575 51.13636363636363
 484 53.18181818181818
 323 55.22727272727273
 349 57.27272727272727
 149 59.31818181818182
 123 61.36363636363636
 93 63.40909090909091
 30 65.45454545454545
 22 67.5
 1 69.54545454545455
 0 71.59090909090909
 0 73.63636363636364
 0 75.68181818181819
 0 77.72727272727272
 0 79.77272727272727
 0 81.81818181818181
 0 83.86363636363636
 0 85.90909090909091
 0 87.95454545454545
 0 90


