# Created by Octave 3.8.2, Mon Jun 22 18:18:24 2020 CEST <damian@fptrucha.inv.usc.es>
# name: hd
# type: matrix
# rows: 45
# columns: 2
 1 0
 2541 2.045454545454545
 7 4.090909090909091
 8 6.136363636363637
 2265 8.181818181818182
 282 10.22727272727273
 253 12.27272727272727
 766 14.31818181818182
 2701 16.36363636363636
 301 18.40909090909091
 812 20.45454545454545
 3773 22.5
 2105 24.54545454545455
 4019 26.59090909090909
 1425 28.63636363636364
 1325 30.68181818181818
 1414 32.72727272727273
 1672 34.77272727272727
 1157 36.81818181818182
 2229 38.86363636363636
 2069 40.90909090909091
 912 42.95454545454545
 830 45
 1457 47.04545454545455
 672 49.09090909090909
 598 51.13636363636363
 523 53.18181818181818
 369 55.22727272727273
 335 57.27272727272727
 149 59.31818181818182
 141 61.36363636363636
 94 63.40909090909091
 24 65.45454545454545
 20 67.5
 1 69.54545454545455
 1 71.59090909090909
 0 73.63636363636364
 0 75.68181818181819
 0 77.72727272727272
 0 79.77272727272727
 0 81.81818181818181
 0 83.86363636363636
 0 85.90909090909091
 0 87.95454545454545
 0 90


