# Created by Octave 3.8.2, Sun Jun 21 05:45:41 2020 CEST <damian@fptrucha.inv.usc.es>
# name: hd
# type: matrix
# rows: 45
# columns: 2
 2 0
 2396 2.045454545454545
 4 4.090909090909091
 5 6.136363636363637
 2266 8.181818181818182
 300 10.22727272727273
 261 12.27272727272727
 806 14.31818181818182
 2528 16.36363636363636
 281 18.40909090909091
 781 20.45454545454545
 3541 22.5
 2089 24.54545454545455
 3868 26.59090909090909
 1333 28.63636363636364
 1239 30.68181818181818
 1302 32.72727272727273
 1701 34.77272727272727
 1009 36.81818181818182
 2138 38.86363636363636
 2002 40.90909090909091
 768 42.95454545454545
 769 45
 1299 47.04545454545455
 612 49.09090909090909
 509 51.13636363636363
 395 53.18181818181818
 281 55.22727272727273
 294 57.27272727272727
 112 59.31818181818182
 95 61.36363636363636
 52 63.40909090909091
 17 65.45454545454545
 10 67.5
 3 69.54545454545455
 0 71.59090909090909
 0 73.63636363636364
 0 75.68181818181819
 0 77.72727272727272
 0 79.77272727272727
 0 81.81818181818181
 0 83.86363636363636
 0 85.90909090909091
 0 87.95454545454545
 0 90


