# Created by Octave 3.8.2, Sat Jun 20 03:14:04 2020 CEST <damian@fptrucha.inv.usc.es>
# name: hd
# type: matrix
# rows: 45
# columns: 2
 6 0
 2660 2.045454545454545
 6 4.090909090909091
 11 6.136363636363637
 2665 8.181818181818182
 334 10.22727272727273
 304 12.27272727272727
 888 14.31818181818182
 2866 16.36363636363636
 322 18.40909090909091
 888 20.45454545454545
 4014 22.5
 2375 24.54545454545455
 4208 26.59090909090909
 1491 28.63636363636364
 1527 30.68181818181818
 1432 32.72727272727273
 1948 34.77272727272727
 1162 36.81818181818182
 2256 38.86363636363636
 2134 40.90909090909091
 832 42.95454545454545
 858 45
 1408 47.04545454545455
 658 49.09090909090909
 541 51.13636363636363
 476 53.18181818181818
 277 55.22727272727273
 326 57.27272727272727
 114 59.31818181818182
 103 61.36363636363636
 62 63.40909090909091
 12 65.45454545454545
 8 67.5
 4 69.54545454545455
 0 71.59090909090909
 0 73.63636363636364
 0 75.68181818181819
 0 77.72727272727272
 0 79.77272727272727
 0 81.81818181818181
 0 83.86363636363636
 0 85.90909090909091
 0 87.95454545454545
 0 90


