# Created by Octave 3.8.2, Mon Jun 22 02:50:01 2020 CEST <damian@fptrucha.inv.usc.es>
# name: hd
# type: matrix
# rows: 45
# columns: 2
 6 0
 2196 2.045454545454545
 5 4.090909090909091
 9 6.136363636363637
 2035 8.181818181818182
 294 10.22727272727273
 255 12.27272727272727
 745 14.31818181818182
 2366 16.36363636363636
 265 18.40909090909091
 710 20.45454545454545
 3368 22.5
 1908 24.54545454545455
 3541 26.59090909090909
 1229 28.63636363636364
 1227 30.68181818181818
 1245 32.72727272727273
 1552 34.77272727272727
 1034 36.81818181818182
 1934 38.86363636363636
 2083 40.90909090909091
 830 42.95454545454545
 721 45
 1309 47.04545454545455
 588 49.09090909090909
 584 51.13636363636363
 484 53.18181818181818
 339 55.22727272727273
 319 57.27272727272727
 155 59.31818181818182
 142 61.36363636363636
 83 63.40909090909091
 32 65.45454545454545
 23 67.5
 2 69.54545454545455
 0 71.59090909090909
 0 73.63636363636364
 0 75.68181818181819
 0 77.72727272727272
 0 79.77272727272727
 0 81.81818181818181
 0 83.86363636363636
 0 85.90909090909091
 0 87.95454545454545
 0 90


