# Created by Octave 3.8.2, Mon Jun 22 14:20:48 2020 CEST <damian@fptrucha.inv.usc.es>
# name: hd
# type: matrix
# rows: 45
# columns: 2
 12 0
 2369 2.045454545454545
 5 4.090909090909091
 12 6.136363636363637
 2291 8.181818181818182
 260 10.22727272727273
 284 12.27272727272727
 733 14.31818181818182
 2587 16.36363636363636
 315 18.40909090909091
 798 20.45454545454545
 3668 22.5
 2039 24.54545454545455
 3787 26.59090909090909
 1334 28.63636363636364
 1354 30.68181818181818
 1324 32.72727272727273
 1633 34.77272727272727
 1175 36.81818181818182
 2126 38.86363636363636
 2059 40.90909090909091
 831 42.95454545454545
 816 45
 1406 47.04545454545455
 620 49.09090909090909
 581 51.13636363636363
 521 53.18181818181818
 369 55.22727272727273
 334 57.27272727272727
 166 59.31818181818182
 139 61.36363636363636
 82 63.40909090909091
 30 65.45454545454545
 15 67.5
 2 69.54545454545455
 0 71.59090909090909
 0 73.63636363636364
 0 75.68181818181819
 0 77.72727272727272
 0 79.77272727272727
 0 81.81818181818181
 0 83.86363636363636
 0 85.90909090909091
 0 87.95454545454545
 0 90


