# Created by Octave 3.8.2, Sun Jun 21 05:29:28 2020 CEST <damian@fptrucha.inv.usc.es>
# name: hd
# type: matrix
# rows: 45
# columns: 2
 0 0
 2249 2.045454545454545
 3 4.090909090909091
 10 6.136363636363637
 2331 8.181818181818182
 304 10.22727272727273
 232 12.27272727272727
 802 14.31818181818182
 2562 16.36363636363636
 323 18.40909090909091
 784 20.45454545454545
 3515 22.5
 2086 24.54545454545455
 3803 26.59090909090909
 1306 28.63636363636364
 1268 30.68181818181818
 1309 32.72727272727273
 1564 34.77272727272727
 1069 36.81818181818182
 2033 38.86363636363636
 1855 40.90909090909091
 779 42.95454545454545
 769 45
 1315 47.04545454545455
 572 49.09090909090909
 504 51.13636363636363
 424 53.18181818181818
 263 55.22727272727273
 265 57.27272727272727
 122 59.31818181818182
 90 61.36363636363636
 69 63.40909090909091
 22 65.45454545454545
 10 67.5
 3 69.54545454545455
 0 71.59090909090909
 0 73.63636363636364
 0 75.68181818181819
 0 77.72727272727272
 0 79.77272727272727
 0 81.81818181818181
 0 83.86363636363636
 0 85.90909090909091
 0 87.95454545454545
 0 90


