# Created by Octave 3.8.2, Sat Jun 20 04:32:19 2020 CEST <damian@fptrucha.inv.usc.es>
# name: hd
# type: matrix
# rows: 45
# columns: 2
 3 0
 2695 2.045454545454545
 2 4.090909090909091
 4 6.136363636363637
 2675 8.181818181818182
 328 10.22727272727273
 299 12.27272727272727
 895 14.31818181818182
 2894 16.36363636363636
 366 18.40909090909091
 892 20.45454545454545
 3980 22.5
 2382 24.54545454545455
 4299 26.59090909090909
 1479 28.63636363636364
 1426 30.68181818181818
 1537 32.72727272727273
 1838 34.77272727272727
 1216 36.81818181818182
 2328 38.86363636363636
 2196 40.90909090909091
 838 42.95454545454545
 882 45
 1569 47.04545454545455
 569 49.09090909090909
 498 51.13636363636363
 473 53.18181818181818
 361 55.22727272727273
 273 57.27272727272727
 121 59.31818181818182
 117 61.36363636363636
 59 63.40909090909091
 18 65.45454545454545
 15 67.5
 2 69.54545454545455
 0 71.59090909090909
 0 73.63636363636364
 0 75.68181818181819
 0 77.72727272727272
 0 79.77272727272727
 0 81.81818181818181
 0 83.86363636363636
 0 85.90909090909091
 0 87.95454545454545
 0 90


