# Created by Octave 3.8.2, Mon Jun 22 13:34:19 2020 CEST <damian@fptrucha.inv.usc.es>
# name: hd
# type: matrix
# rows: 45
# columns: 2
 5 0
 2414 2.045454545454545
 7 4.090909090909091
 13 6.136363636363637
 2146 8.181818181818182
 285 10.22727272727273
 264 12.27272727272727
 748 14.31818181818182
 2513 16.36363636363636
 316 18.40909090909091
 767 20.45454545454545
 3571 22.5
 2098 24.54545454545455
 3765 26.59090909090909
 1311 28.63636363636364
 1357 30.68181818181818
 1346 32.72727272727273
 1602 34.77272727272727
 1069 36.81818181818182
 2177 38.86363636363636
 2189 40.90909090909091
 898 42.95454545454545
 821 45
 1379 47.04545454545455
 615 49.09090909090909
 566 51.13636363636363
 471 53.18181818181818
 348 55.22727272727273
 344 57.27272727272727
 161 59.31818181818182
 136 61.36363636363636
 85 63.40909090909091
 28 65.45454545454545
 25 67.5
 2 69.54545454545455
 1 71.59090909090909
 0 73.63636363636364
 0 75.68181818181819
 0 77.72727272727272
 0 79.77272727272727
 0 81.81818181818181
 0 83.86363636363636
 0 85.90909090909091
 0 87.95454545454545
 0 90


