# Created by Octave 3.8.2, Mon Jun 22 02:42:15 2020 CEST <damian@fptrucha.inv.usc.es>
# name: hd
# type: matrix
# rows: 45
# columns: 2
 3 0
 1437 2.045454545454545
 2 4.090909090909091
 1 6.136363636363637
 1348 8.181818181818182
 169 10.22727272727273
 188 12.27272727272727
 537 14.31818181818182
 1582 16.36363636363636
 146 18.40909090909091
 503 20.45454545454545
 2247 22.5
 1242 24.54545454545455
 2406 26.59090909090909
 836 28.63636363636364
 801 30.68181818181818
 800 32.72727272727273
 989 34.77272727272727
 675 36.81818181818182
 1237 38.86363636363636
 1348 40.90909090909091
 535 42.95454545454545
 518 45
 883 47.04545454545455
 358 49.09090909090909
 362 51.13636363636363
 316 53.18181818181818
 227 55.22727272727273
 182 57.27272727272727
 95 59.31818181818182
 78 61.36363636363636
 54 63.40909090909091
 17 65.45454545454545
 16 67.5
 3 69.54545454545455
 0 71.59090909090909
 0 73.63636363636364
 0 75.68181818181819
 0 77.72727272727272
 0 79.77272727272727
 0 81.81818181818181
 0 83.86363636363636
 0 85.90909090909091
 0 87.95454545454545
 0 90


