# Created by Octave 3.8.2, Mon Jun 22 11:56:18 2020 CEST <damian@fptrucha.inv.usc.es>
# name: hd
# type: matrix
# rows: 45
# columns: 2
 5 0
 2304 2.045454545454545
 7 4.090909090909091
 9 6.136363636363637
 2149 8.181818181818182
 282 10.22727272727273
 246 12.27272727272727
 757 14.31818181818182
 2449 16.36363636363636
 273 18.40909090909091
 791 20.45454545454545
 3676 22.5
 2053 24.54545454545455
 3761 26.59090909090909
 1275 28.63636363636364
 1276 30.68181818181818
 1347 32.72727272727273
 1523 34.77272727272727
 1068 36.81818181818182
 2082 38.86363636363636
 2111 40.90909090909091
 807 42.95454545454545
 832 45
 1362 47.04545454545455
 654 49.09090909090909
 548 51.13636363636363
 481 53.18181818181818
 347 55.22727272727273
 336 57.27272727272727
 116 59.31818181818182
 133 61.36363636363636
 85 63.40909090909091
 22 65.45454545454545
 15 67.5
 3 69.54545454545455
 0 71.59090909090909
 0 73.63636363636364
 0 75.68181818181819
 0 77.72727272727272
 0 79.77272727272727
 0 81.81818181818181
 0 83.86363636363636
 0 85.90909090909091
 0 87.95454545454545
 0 90


