# Created by Octave 3.8.2, Mon Jun 22 08:57:59 2020 CEST <damian@fptrucha.inv.usc.es>
# name: hd
# type: matrix
# rows: 45
# columns: 2
 8 0
 2249 2.045454545454545
 3 4.090909090909091
 13 6.136363636363637
 2198 8.181818181818182
 267 10.22727272727273
 257 12.27272727272727
 783 14.31818181818182
 2363 16.36363636363636
 316 18.40909090909091
 727 20.45454545454545
 3589 22.5
 2029 24.54545454545455
 3748 26.59090909090909
 1285 28.63636363636364
 1269 30.68181818181818
 1317 32.72727272727273
 1509 34.77272727272727
 1076 36.81818181818182
 2047 38.86363636363636
 2105 40.90909090909091
 847 42.95454545454545
 787 45
 1379 47.04545454545455
 637 49.09090909090909
 544 51.13636363636363
 470 53.18181818181818
 371 55.22727272727273
 334 57.27272727272727
 145 59.31818181818182
 159 61.36363636363636
 64 63.40909090909091
 30 65.45454545454545
 11 67.5
 2 69.54545454545455
 0 71.59090909090909
 0 73.63636363636364
 0 75.68181818181819
 0 77.72727272727272
 0 79.77272727272727
 0 81.81818181818181
 0 83.86363636363636
 0 85.90909090909091
 0 87.95454545454545
 0 90


