# Created by Octave 3.8.2, Sun Jun 21 07:33:18 2020 CEST <damian@fptrucha.inv.usc.es>
# name: hd
# type: matrix
# rows: 45
# columns: 2
 3 0
 2320 2.045454545454545
 2 4.090909090909091
 4 6.136363636363637
 2347 8.181818181818182
 316 10.22727272727273
 246 12.27272727272727
 770 14.31818181818182
 2625 16.36363636363636
 326 18.40909090909091
 753 20.45454545454545
 3547 22.5
 2171 24.54545454545455
 3764 26.59090909090909
 1341 28.63636363636364
 1295 30.68181818181818
 1242 32.72727272727273
 1584 34.77272727272727
 1039 36.81818181818182
 2034 38.86363636363636
 1942 40.90909090909091
 752 42.95454545454545
 807 45
 1327 47.04545454545455
 542 49.09090909090909
 498 51.13636363636363
 419 53.18181818181818
 284 55.22727272727273
 275 57.27272727272727
 104 59.31818181818182
 89 61.36363636363636
 71 63.40909090909091
 11 65.45454545454545
 9 67.5
 2 69.54545454545455
 0 71.59090909090909
 0 73.63636363636364
 0 75.68181818181819
 0 77.72727272727272
 0 79.77272727272727
 0 81.81818181818181
 0 83.86363636363636
 0 85.90909090909091
 0 87.95454545454545
 0 90


