# Created by Octave 3.8.2, Mon Jun 22 02:27:40 2020 CEST <damian@fptrucha.inv.usc.es>
# name: hd
# type: matrix
# rows: 45
# columns: 2
 2 0
 53 2.045454545454545
 3 4.090909090909091
 6 6.136363636363637
 7 8.181818181818182
 10 10.22727272727273
 1 12.27272727272727
 0 14.31818181818182
 15 16.36363636363636
 6 18.40909090909091
 30 20.45454545454545
 76 22.5
 18 24.54545454545455
 16 26.59090909090909
 44 28.63636363636364
 5 30.68181818181818
 10 32.72727272727273
 17 34.77272727272727
 5 36.81818181818182
 39 38.86363636363636
 44 40.90909090909091
 17 42.95454545454545
 24 45
 21 47.04545454545455
 11 49.09090909090909
 25 51.13636363636363
 14 53.18181818181818
 6 55.22727272727273
 17 57.27272727272727
 3 59.31818181818182
 6 61.36363636363636
 10 63.40909090909091
 5 65.45454545454545
 1 67.5
 0 69.54545454545455
 0 71.59090909090909
 0 73.63636363636364
 0 75.68181818181819
 0 77.72727272727272
 0 79.77272727272727
 0 81.81818181818181
 0 83.86363636363636
 0 85.90909090909091
 0 87.95454545454545
 0 90


