# Created by Octave 3.8.2, Sat Jun 20 12:14:44 2020 CEST <damian@fptrucha.inv.usc.es>
# name: hd
# type: matrix
# rows: 45
# columns: 2
 3 0
 2625 2.045454545454545
 2 4.090909090909091
 7 6.136363636363637
 2397 8.181818181818182
 346 10.22727272727273
 248 12.27272727272727
 860 14.31818181818182
 2731 16.36363636363636
 326 18.40909090909091
 882 20.45454545454545
 3865 22.5
 2292 24.54545454545455
 4243 26.59090909090909
 1338 28.63636363636364
 1410 30.68181818181818
 1459 32.72727272727273
 1852 34.77272727272727
 1176 36.81818181818182
 2342 38.86363636363636
 2194 40.90909090909091
 840 42.95454545454545
 816 45
 1414 47.04545454545455
 642 49.09090909090909
 531 51.13636363636363
 459 53.18181818181818
 327 55.22727272727273
 280 57.27272727272727
 130 59.31818181818182
 107 61.36363636363636
 63 63.40909090909091
 22 65.45454545454545
 17 67.5
 0 69.54545454545455
 0 71.59090909090909
 0 73.63636363636364
 0 75.68181818181819
 0 77.72727272727272
 0 79.77272727272727
 0 81.81818181818181
 0 83.86363636363636
 0 85.90909090909091
 0 87.95454545454545
 0 90


