# Created by Octave 3.8.2, Mon Jun 22 13:48:58 2020 CEST <damian@fptrucha.inv.usc.es>
# name: hd
# type: matrix
# rows: 45
# columns: 2
 7 0
 2422 2.045454545454545
 5 4.090909090909091
 8 6.136363636363637
 2157 8.181818181818182
 277 10.22727272727273
 250 12.27272727272727
 725 14.31818181818182
 2586 16.36363636363636
 306 18.40909090909091
 809 20.45454545454545
 3568 22.5
 2094 24.54545454545455
 4012 26.59090909090909
 1354 28.63636363636364
 1336 30.68181818181818
 1291 32.72727272727273
 1610 34.77272727272727
 1121 36.81818181818182
 2189 38.86363636363636
 2153 40.90909090909091
 828 42.95454545454545
 782 45
 1424 47.04545454545455
 670 49.09090909090909
 586 51.13636363636363
 498 53.18181818181818
 369 55.22727272727273
 368 57.27272727272727
 160 59.31818181818182
 144 61.36363636363636
 84 63.40909090909091
 32 65.45454545454545
 27 67.5
 5 69.54545454545455
 0 71.59090909090909
 0 73.63636363636364
 0 75.68181818181819
 0 77.72727272727272
 0 79.77272727272727
 0 81.81818181818181
 0 83.86363636363636
 0 85.90909090909091
 0 87.95454545454545
 0 90


