# Created by Octave 3.8.2, Mon Jun 22 07:49:24 2020 CEST <damian@fptrucha.inv.usc.es>
# name: hd
# type: matrix
# rows: 45
# columns: 2
 7 0
 2251 2.045454545454545
 9 4.090909090909091
 14 6.136363636363637
 2186 8.181818181818182
 258 10.22727272727273
 220 12.27272727272727
 779 14.31818181818182
 2451 16.36363636363636
 284 18.40909090909091
 747 20.45454545454545
 3456 22.5
 1938 24.54545454545455
 3737 26.59090909090909
 1263 28.63636363636364
 1306 30.68181818181818
 1308 32.72727272727273
 1561 34.77272727272727
 1057 36.81818181818182
 2116 38.86363636363636
 1978 40.90909090909091
 833 42.95454545454545
 724 45
 1320 47.04545454545455
 573 49.09090909090909
 558 51.13636363636363
 494 53.18181818181818
 346 55.22727272727273
 331 57.27272727272727
 132 59.31818181818182
 128 61.36363636363636
 69 63.40909090909091
 23 65.45454545454545
 14 67.5
 0 69.54545454545455
 1 71.59090909090909
 0 73.63636363636364
 0 75.68181818181819
 0 77.72727272727272
 0 79.77272727272727
 0 81.81818181818181
 0 83.86363636363636
 0 85.90909090909091
 0 87.95454545454545
 0 90


