# Created by Octave 3.8.2, Sun Jun 21 02:26:57 2020 CEST <damian@fptrucha.inv.usc.es>
# name: hd
# type: matrix
# rows: 45
# columns: 2
 4 0
 2340 2.045454545454545
 0 4.090909090909091
 9 6.136363636363637
 2292 8.181818181818182
 308 10.22727272727273
 251 12.27272727272727
 751 14.31818181818182
 2547 16.36363636363636
 308 18.40909090909091
 804 20.45454545454545
 3711 22.5
 2057 24.54545454545455
 3894 26.59090909090909
 1260 28.63636363636364
 1286 30.68181818181818
 1317 32.72727272727273
 1650 34.77272727272727
 1059 36.81818181818182
 2089 38.86363636363636
 2025 40.90909090909091
 767 42.95454545454545
 754 45
 1365 47.04545454545455
 535 49.09090909090909
 487 51.13636363636363
 418 53.18181818181818
 292 55.22727272727273
 277 57.27272727272727
 107 59.31818181818182
 77 61.36363636363636
 50 63.40909090909091
 27 65.45454545454545
 10 67.5
 2 69.54545454545455
 0 71.59090909090909
 0 73.63636363636364
 0 75.68181818181819
 0 77.72727272727272
 0 79.77272727272727
 0 81.81818181818181
 0 83.86363636363636
 0 85.90909090909091
 0 87.95454545454545
 0 90


