# Created by Octave 3.8.2, Mon Jun 22 04:44:27 2020 CEST <damian@fptrucha.inv.usc.es>
# name: hd
# type: matrix
# rows: 45
# columns: 2
 6 0
 2023 2.045454545454545
 3 4.090909090909091
 11 6.136363636363637
 1893 8.181818181818182
 253 10.22727272727273
 232 12.27272727272727
 670 14.31818181818182
 2263 16.36363636363636
 234 18.40909090909091
 715 20.45454545454545
 3251 22.5
 1880 24.54545454545455
 3306 26.59090909090909
 1186 28.63636363636364
 1223 30.68181818181818
 1208 32.72727272727273
 1411 34.77272727272727
 952 36.81818181818182
 1949 38.86363636363636
 1979 40.90909090909091
 796 42.95454545454545
 746 45
 1238 47.04545454545455
 572 49.09090909090909
 555 51.13636363636363
 488 53.18181818181818
 343 55.22727272727273
 301 57.27272727272727
 157 59.31818181818182
 138 61.36363636363636
 96 63.40909090909091
 34 65.45454545454545
 16 67.5
 4 69.54545454545455
 0 71.59090909090909
 0 73.63636363636364
 0 75.68181818181819
 0 77.72727272727272
 0 79.77272727272727
 0 81.81818181818181
 0 83.86363636363636
 0 85.90909090909091
 0 87.95454545454545
 0 90


