# Created by Octave 3.8.2, Sat Jun 20 04:45:18 2020 CEST <damian@fptrucha.inv.usc.es>
# name: hd
# type: matrix
# rows: 45
# columns: 2
 2 0
 2599 2.045454545454545
 5 4.090909090909091
 6 6.136363636363637
 2569 8.181818181818182
 333 10.22727272727273
 295 12.27272727272727
 879 14.31818181818182
 2859 16.36363636363636
 339 18.40909090909091
 860 20.45454545454545
 3999 22.5
 2268 24.54545454545455
 4302 26.59090909090909
 1449 28.63636363636364
 1526 30.68181818181818
 1418 32.72727272727273
 1855 34.77272727272727
 1193 36.81818181818182
 2373 38.86363636363636
 2273 40.90909090909091
 812 42.95454545454545
 860 45
 1442 47.04545454545455
 653 49.09090909090909
 532 51.13636363636363
 470 53.18181818181818
 295 55.22727272727273
 332 57.27272727272727
 147 59.31818181818182
 97 61.36363636363636
 84 63.40909090909091
 30 65.45454545454545
 8 67.5
 4 69.54545454545455
 0 71.59090909090909
 0 73.63636363636364
 0 75.68181818181819
 0 77.72727272727272
 0 79.77272727272727
 0 81.81818181818181
 0 83.86363636363636
 0 85.90909090909091
 0 87.95454545454545
 0 90


