# Created by Octave 3.8.2, Mon Jun 22 02:15:49 2020 CEST <damian@fptrucha.inv.usc.es>
# name: hd
# type: matrix
# rows: 45
# columns: 2
 6 0
 2199 2.045454545454545
 1 4.090909090909091
 9 6.136363636363637
 2184 8.181818181818182
 322 10.22727272727273
 248 12.27272727272727
 763 14.31818181818182
 2574 16.36363636363636
 284 18.40909090909091
 773 20.45454545454545
 3446 22.5
 2114 24.54545454545455
 3862 26.59090909090909
 1254 28.63636363636364
 1326 30.68181818181818
 1345 32.72727272727273
 1659 34.77272727272727
 1103 36.81818181818182
 2101 38.86363636363636
 2189 40.90909090909091
 854 42.95454545454545
 814 45
 1373 47.04545454545455
 654 49.09090909090909
 563 51.13636363636363
 492 53.18181818181818
 361 55.22727272727273
 307 57.27272727272727
 168 59.31818181818182
 143 61.36363636363636
 78 63.40909090909091
 24 65.45454545454545
 17 67.5
 3 69.54545454545455
 0 71.59090909090909
 0 73.63636363636364
 0 75.68181818181819
 0 77.72727272727272
 0 79.77272727272727
 0 81.81818181818181
 0 83.86363636363636
 0 85.90909090909091
 0 87.95454545454545
 0 90


