# Created by Octave 3.8.2, Sat Jun 20 15:18:24 2020 CEST <damian@fptrucha.inv.usc.es>
# name: hd
# type: matrix
# rows: 45
# columns: 2
 5 0
 1655 2.045454545454545
 1 4.090909090909091
 4 6.136363636363637
 1603 8.181818181818182
 212 10.22727272727273
 179 12.27272727272727
 529 14.31818181818182
 1682 16.36363636363636
 208 18.40909090909091
 523 20.45454545454545
 2427 22.5
 1440 24.54545454545455
 2785 26.59090909090909
 865 28.63636363636364
 856 30.68181818181818
 873 32.72727272727273
 1156 34.77272727272727
 734 36.81818181818182
 1386 38.86363636363636
 1418 40.90909090909091
 507 42.95454545454545
 509 45
 905 47.04545454545455
 409 49.09090909090909
 317 51.13636363636363
 281 53.18181818181818
 193 55.22727272727273
 179 57.27272727272727
 70 59.31818181818182
 63 61.36363636363636
 29 63.40909090909091
 8 65.45454545454545
 6 67.5
 2 69.54545454545455
 0 71.59090909090909
 0 73.63636363636364
 0 75.68181818181819
 0 77.72727272727272
 0 79.77272727272727
 0 81.81818181818181
 0 83.86363636363636
 0 85.90909090909091
 0 87.95454545454545
 0 90


