# Created by Octave 3.8.2, Mon Jun 22 07:14:41 2020 CEST <damian@fptrucha.inv.usc.es>
# name: hd
# type: matrix
# rows: 45
# columns: 2
 10 0
 2229 2.045454545454545
 13 4.090909090909091
 11 6.136363636363637
 2067 8.181818181818182
 266 10.22727272727273
 264 12.27272727272727
 733 14.31818181818182
 2466 16.36363636363636
 301 18.40909090909091
 743 20.45454545454545
 3465 22.5
 1956 24.54545454545455
 3592 26.59090909090909
 1203 28.63636363636364
 1265 30.68181818181818
 1260 32.72727272727273
 1527 34.77272727272727
 1008 36.81818181818182
 2039 38.86363636363636
 1980 40.90909090909091
 804 42.95454545454545
 779 45
 1353 47.04545454545455
 582 49.09090909090909
 523 51.13636363636363
 449 53.18181818181818
 340 55.22727272727273
 319 57.27272727272727
 138 59.31818181818182
 132 61.36363636363636
 78 63.40909090909091
 19 65.45454545454545
 19 67.5
 4 69.54545454545455
 0 71.59090909090909
 0 73.63636363636364
 0 75.68181818181819
 0 77.72727272727272
 0 79.77272727272727
 0 81.81818181818181
 0 83.86363636363636
 0 85.90909090909091
 0 87.95454545454545
 0 90


