# Created by Octave 3.8.2, Mon Jun 22 23:13:57 2020 CEST <damian@fptrucha.inv.usc.es>
# name: hd
# type: matrix
# rows: 45
# columns: 2
 7 0
 2377 2.045454545454545
 0 4.090909090909091
 11 6.136363636363637
 2379 8.181818181818182
 319 10.22727272727273
 272 12.27272727272727
 861 14.31818181818182
 2631 16.36363636363636
 307 18.40909090909091
 884 20.45454545454545
 3888 22.5
 2146 24.54545454545455
 4172 26.59090909090909
 1478 28.63636363636364
 1409 30.68181818181818
 1431 32.72727272727273
 1762 34.77272727272727
 1283 36.81818181818182
 2342 38.86363636363636
 2363 40.90909090909091
 874 42.95454545454545
 881 45
 1440 47.04545454545455
 700 49.09090909090909
 576 51.13636363636363
 527 53.18181818181818
 342 55.22727272727273
 387 57.27272727272727
 160 59.31818181818182
 137 61.36363636363636
 84 63.40909090909091
 25 65.45454545454545
 18 67.5
 4 69.54545454545455
 0 71.59090909090909
 0 73.63636363636364
 0 75.68181818181819
 0 77.72727272727272
 0 79.77272727272727
 0 81.81818181818181
 0 83.86363636363636
 0 85.90909090909091
 0 87.95454545454545
 0 90


