# Created by Octave 3.8.2, Mon Jun 22 09:01:57 2020 CEST <damian@fptrucha.inv.usc.es>
# name: hd
# type: matrix
# rows: 45
# columns: 2
 9 0
 2276 2.045454545454545
 7 4.090909090909091
 10 6.136363636363637
 2165 8.181818181818182
 245 10.22727272727273
 257 12.27272727272727
 770 14.31818181818182
 2456 16.36363636363636
 278 18.40909090909091
 778 20.45454545454545
 3464 22.5
 1893 24.54545454545455
 3709 26.59090909090909
 1252 28.63636363636364
 1289 30.68181818181818
 1322 32.72727272727273
 1619 34.77272727272727
 1060 36.81818181818182
 2030 38.86363636363636
 2146 40.90909090909091
 768 42.95454545454545
 772 45
 1338 47.04545454545455
 613 49.09090909090909
 569 51.13636363636363
 474 53.18181818181818
 344 55.22727272727273
 292 57.27272727272727
 144 59.31818181818182
 143 61.36363636363636
 91 63.40909090909091
 24 65.45454545454545
 16 67.5
 4 69.54545454545455
 1 71.59090909090909
 0 73.63636363636364
 0 75.68181818181819
 0 77.72727272727272
 0 79.77272727272727
 0 81.81818181818181
 0 83.86363636363636
 0 85.90909090909091
 0 87.95454545454545
 0 90


