# Created by Octave 3.8.2, Mon Jun 22 06:59:39 2020 CEST <damian@fptrucha.inv.usc.es>
# name: hd
# type: matrix
# rows: 45
# columns: 2
 6 0
 2226 2.045454545454545
 7 4.090909090909091
 5 6.136363636363637
 2118 8.181818181818182
 294 10.22727272727273
 249 12.27272727272727
 726 14.31818181818182
 2306 16.36363636363636
 242 18.40909090909091
 754 20.45454545454545
 3425 22.5
 1968 24.54545454545455
 3585 26.59090909090909
 1221 28.63636363636364
 1281 30.68181818181818
 1260 32.72727272727273
 1495 34.77272727272727
 1036 36.81818181818182
 2022 38.86363636363636
 1942 40.90909090909091
 812 42.95454545454545
 752 45
 1374 47.04545454545455
 610 49.09090909090909
 558 51.13636363636363
 490 53.18181818181818
 347 55.22727272727273
 305 57.27272727272727
 145 59.31818181818182
 135 61.36363636363636
 85 63.40909090909091
 36 65.45454545454545
 23 67.5
 2 69.54545454545455
 1 71.59090909090909
 0 73.63636363636364
 0 75.68181818181819
 0 77.72727272727272
 0 79.77272727272727
 0 81.81818181818181
 0 83.86363636363636
 0 85.90909090909091
 0 87.95454545454545
 0 90


