# Created by Octave 3.8.2, Sat Jun 20 10:27:21 2020 CEST <damian@fptrucha.inv.usc.es>
# name: hd
# type: matrix
# rows: 45
# columns: 2
 6 0
 2745 2.045454545454545
 1 4.090909090909091
 5 6.136363636363637
 2499 8.181818181818182
 346 10.22727272727273
 234 12.27272727272727
 885 14.31818181818182
 2880 16.36363636363636
 382 18.40909090909091
 823 20.45454545454545
 4085 22.5
 2357 24.54545454545455
 4450 26.59090909090909
 1490 28.63636363636364
 1404 30.68181818181818
 1457 32.72727272727273
 1871 34.77272727272727
 1234 36.81818181818182
 2340 38.86363636363636
 2355 40.90909090909091
 893 42.95454545454545
 895 45
 1509 47.04545454545455
 653 49.09090909090909
 572 51.13636363636363
 464 53.18181818181818
 370 55.22727272727273
 340 57.27272727272727
 146 59.31818181818182
 106 61.36363636363636
 69 63.40909090909091
 22 65.45454545454545
 13 67.5
 2 69.54545454545455
 0 71.59090909090909
 0 73.63636363636364
 0 75.68181818181819
 0 77.72727272727272
 0 79.77272727272727
 0 81.81818181818181
 0 83.86363636363636
 0 85.90909090909091
 0 87.95454545454545
 0 90


