# Created by Octave 3.8.2, Sat Jun 20 04:10:11 2020 CEST <damian@fptrucha.inv.usc.es>
# name: hd
# type: matrix
# rows: 45
# columns: 2
 2 0
 2713 2.045454545454545
 2 4.090909090909091
 11 6.136363636363637
 2661 8.181818181818182
 356 10.22727272727273
 255 12.27272727272727
 951 14.31818181818182
 2919 16.36363636363636
 340 18.40909090909091
 921 20.45454545454545
 4055 22.5
 2357 24.54545454545455
 4354 26.59090909090909
 1513 28.63636363636364
 1507 30.68181818181818
 1476 32.72727272727273
 1864 34.77272727272727
 1238 36.81818181818182
 2298 38.86363636363636
 2271 40.90909090909091
 875 42.95454545454545
 858 45
 1508 47.04545454545455
 666 49.09090909090909
 567 51.13636363636363
 473 53.18181818181818
 286 55.22727272727273
 309 57.27272727272727
 127 59.31818181818182
 98 61.36363636363636
 67 63.40909090909091
 19 65.45454545454545
 8 67.5
 2 69.54545454545455
 1 71.59090909090909
 0 73.63636363636364
 0 75.68181818181819
 0 77.72727272727272
 0 79.77272727272727
 0 81.81818181818181
 0 83.86363636363636
 0 85.90909090909091
 0 87.95454545454545
 0 90


