# Created by Octave 3.8.2, Sun Jun 21 08:17:39 2020 CEST <damian@fptrucha.inv.usc.es>
# name: hd
# type: matrix
# rows: 45
# columns: 2
 4 0
 2318 2.045454545454545
 3 4.090909090909091
 6 6.136363636363637
 2340 8.181818181818182
 279 10.22727272727273
 228 12.27272727272727
 746 14.31818181818182
 2575 16.36363636363636
 283 18.40909090909091
 737 20.45454545454545
 3440 22.5
 2124 24.54545454545455
 3790 26.59090909090909
 1338 28.63636363636364
 1256 30.68181818181818
 1245 32.72727272727273
 1588 34.77272727272727
 1092 36.81818181818182
 2030 38.86363636363636
 1981 40.90909090909091
 758 42.95454545454545
 764 45
 1295 47.04545454545455
 599 49.09090909090909
 482 51.13636363636363
 409 53.18181818181818
 284 55.22727272727273
 290 57.27272727272727
 107 59.31818181818182
 90 61.36363636363636
 60 63.40909090909091
 11 65.45454545454545
 8 67.5
 2 69.54545454545455
 0 71.59090909090909
 0 73.63636363636364
 0 75.68181818181819
 0 77.72727272727272
 0 79.77272727272727
 0 81.81818181818181
 0 83.86363636363636
 0 85.90909090909091
 0 87.95454545454545
 0 90


