# Created by Octave 3.8.2, Mon Jun 22 12:03:38 2020 CEST <damian@fptrucha.inv.usc.es>
# name: hd
# type: matrix
# rows: 45
# columns: 2
 9 0
 2306 2.045454545454545
 7 4.090909090909091
 7 6.136363636363637
 2127 8.181818181818182
 276 10.22727272727273
 240 12.27272727272727
 720 14.31818181818182
 2344 16.36363636363636
 322 18.40909090909091
 804 20.45454545454545
 3683 22.5
 1968 24.54545454545455
 3786 26.59090909090909
 1347 28.63636363636364
 1265 30.68181818181818
 1322 32.72727272727273
 1561 34.77272727272727
 1081 36.81818181818182
 2159 38.86363636363636
 2125 40.90909090909091
 800 42.95454545454545
 839 45
 1340 47.04545454545455
 541 49.09090909090909
 528 51.13636363636363
 454 53.18181818181818
 333 55.22727272727273
 319 57.27272727272727
 144 59.31818181818182
 125 61.36363636363636
 72 63.40909090909091
 41 65.45454545454545
 14 67.5
 4 69.54545454545455
 0 71.59090909090909
 0 73.63636363636364
 0 75.68181818181819
 0 77.72727272727272
 0 79.77272727272727
 0 81.81818181818181
 0 83.86363636363636
 0 85.90909090909091
 0 87.95454545454545
 0 90


