# Created by Octave 3.8.2, Mon Jun 22 09:50:52 2020 CEST <damian@fptrucha.inv.usc.es>
# name: hd
# type: matrix
# rows: 45
# columns: 2
 7 0
 2302 2.045454545454545
 8 4.090909090909091
 5 6.136363636363637
 2208 8.181818181818182
 266 10.22727272727273
 250 12.27272727272727
 769 14.31818181818182
 2492 16.36363636363636
 291 18.40909090909091
 756 20.45454545454545
 3562 22.5
 1986 24.54545454545455
 3697 26.59090909090909
 1294 28.63636363636364
 1334 30.68181818181818
 1299 32.72727272727273
 1648 34.77272727272727
 1053 36.81818181818182
 2099 38.86363636363636
 1997 40.90909090909091
 872 42.95454545454545
 801 45
 1367 47.04545454545455
 655 49.09090909090909
 557 51.13636363636363
 477 53.18181818181818
 345 55.22727272727273
 330 57.27272727272727
 126 59.31818181818182
 134 61.36363636363636
 93 63.40909090909091
 28 65.45454545454545
 23 67.5
 2 69.54545454545455
 0 71.59090909090909
 0 73.63636363636364
 0 75.68181818181819
 0 77.72727272727272
 0 79.77272727272727
 0 81.81818181818181
 0 83.86363636363636
 0 85.90909090909091
 0 87.95454545454545
 0 90


