# Created by Octave 3.8.2, Sat Jun 20 04:54:35 2020 CEST <damian@fptrucha.inv.usc.es>
# name: hd
# type: matrix
# rows: 45
# columns: 2
 7 0
 2602 2.045454545454545
 2 4.090909090909091
 11 6.136363636363637
 2538 8.181818181818182
 378 10.22727272727273
 295 12.27272727272727
 882 14.31818181818182
 2862 16.36363636363636
 318 18.40909090909091
 849 20.45454545454545
 4009 22.5
 2299 24.54545454545455
 4320 26.59090909090909
 1460 28.63636363636364
 1430 30.68181818181818
 1501 32.72727272727273
 1803 34.77272727272727
 1170 36.81818181818182
 2284 38.86363636363636
 2277 40.90909090909091
 850 42.95454545454545
 864 45
 1493 47.04545454545455
 648 49.09090909090909
 570 51.13636363636363
 539 53.18181818181818
 334 55.22727272727273
 280 57.27272727272727
 129 59.31818181818182
 104 61.36363636363636
 65 63.40909090909091
 23 65.45454545454545
 12 67.5
 0 69.54545454545455
 0 71.59090909090909
 0 73.63636363636364
 0 75.68181818181819
 0 77.72727272727272
 0 79.77272727272727
 0 81.81818181818181
 0 83.86363636363636
 0 85.90909090909091
 0 87.95454545454545
 0 90


