# Created by Octave 3.8.2, Mon Jun 22 06:28:38 2020 CEST <damian@fptrucha.inv.usc.es>
# name: hd
# type: matrix
# rows: 45
# columns: 2
 5 0
 2198 2.045454545454545
 9 4.090909090909091
 15 6.136363636363637
 2019 8.181818181818182
 277 10.22727272727273
 268 12.27272727272727
 729 14.31818181818182
 2375 16.36363636363636
 245 18.40909090909091
 731 20.45454545454545
 3449 22.5
 1947 24.54545454545455
 3659 26.59090909090909
 1301 28.63636363636364
 1274 30.68181818181818
 1226 32.72727272727273
 1513 34.77272727272727
 1025 36.81818181818182
 1969 38.86363636363636
 1976 40.90909090909091
 803 42.95454545454545
 815 45
 1339 47.04545454545455
 647 49.09090909090909
 579 51.13636363636363
 488 53.18181818181818
 337 55.22727272727273
 301 57.27272727272727
 146 59.31818181818182
 143 61.36363636363636
 96 63.40909090909091
 26 65.45454545454545
 26 67.5
 2 69.54545454545455
 1 71.59090909090909
 0 73.63636363636364
 0 75.68181818181819
 0 77.72727272727272
 0 79.77272727272727
 0 81.81818181818181
 0 83.86363636363636
 0 85.90909090909091
 0 87.95454545454545
 0 90


