# Created by Octave 3.8.2, Sat Jun 20 05:34:09 2020 CEST <damian@fptrucha.inv.usc.es>
# name: hd
# type: matrix
# rows: 45
# columns: 2
 2 0
 2699 2.045454545454545
 5 4.090909090909091
 4 6.136363636363637
 2502 8.181818181818182
 351 10.22727272727273
 341 12.27272727272727
 857 14.31818181818182
 2840 16.36363636363636
 390 18.40909090909091
 845 20.45454545454545
 3990 22.5
 2328 24.54545454545455
 4357 26.59090909090909
 1384 28.63636363636364
 1516 30.68181818181818
 1478 32.72727272727273
 1895 34.77272727272727
 1189 36.81818181818182
 2307 38.86363636363636
 2263 40.90909090909091
 837 42.95454545454545
 901 45
 1476 47.04545454545455
 614 49.09090909090909
 501 51.13636363636363
 514 53.18181818181818
 337 55.22727272727273
 326 57.27272727272727
 132 59.31818181818182
 112 61.36363636363636
 63 63.40909090909091
 14 65.45454545454545
 8 67.5
 0 69.54545454545455
 0 71.59090909090909
 0 73.63636363636364
 0 75.68181818181819
 0 77.72727272727272
 0 79.77272727272727
 0 81.81818181818181
 0 83.86363636363636
 0 85.90909090909091
 0 87.95454545454545
 0 90


