# Created by Octave 3.8.2, Sun Jun 21 07:38:04 2020 CEST <damian@fptrucha.inv.usc.es>
# name: hd
# type: matrix
# rows: 45
# columns: 2
 4 0
 2554 2.045454545454545
 1 4.090909090909091
 2 6.136363636363637
 2417 8.181818181818182
 335 10.22727272727273
 227 12.27272727272727
 793 14.31818181818182
 2639 16.36363636363636
 327 18.40909090909091
 806 20.45454545454545
 3835 22.5
 2233 24.54545454545455
 4061 26.59090909090909
 1354 28.63636363636364
 1309 30.68181818181818
 1330 32.72727272727273
 1758 34.77272727272727
 1144 36.81818181818182
 2157 38.86363636363636
 2104 40.90909090909091
 793 42.95454545454545
 781 45
 1388 47.04545454545455
 672 49.09090909090909
 500 51.13636363636363
 456 53.18181818181818
 323 55.22727272727273
 270 57.27272727272727
 129 59.31818181818182
 105 61.36363636363636
 66 63.40909090909091
 21 65.45454545454545
 12 67.5
 2 69.54545454545455
 0 71.59090909090909
 0 73.63636363636364
 0 75.68181818181819
 0 77.72727272727272
 0 79.77272727272727
 0 81.81818181818181
 0 83.86363636363636
 0 85.90909090909091
 0 87.95454545454545
 0 90


