# Created by Octave 3.8.2, Mon Jun 22 12:06:44 2020 CEST <damian@fptrucha.inv.usc.es>
# name: hd
# type: matrix
# rows: 45
# columns: 2
 2 0
 2336 2.045454545454545
 5 4.090909090909091
 7 6.136363636363637
 2289 8.181818181818182
 298 10.22727272727273
 262 12.27272727272727
 761 14.31818181818182
 2523 16.36363636363636
 304 18.40909090909091
 737 20.45454545454545
 3630 22.5
 2055 24.54545454545455
 3873 26.59090909090909
 1329 28.63636363636364
 1322 30.68181818181818
 1301 32.72727272727273
 1628 34.77272727272727
 1092 36.81818181818182
 2029 38.86363636363636
 2128 40.90909090909091
 850 42.95454545454545
 733 45
 1425 47.04545454545455
 637 49.09090909090909
 568 51.13636363636363
 508 53.18181818181818
 328 55.22727272727273
 325 57.27272727272727
 146 59.31818181818182
 130 61.36363636363636
 81 63.40909090909091
 23 65.45454545454545
 16 67.5
 1 69.54545454545455
 0 71.59090909090909
 0 73.63636363636364
 0 75.68181818181819
 0 77.72727272727272
 0 79.77272727272727
 0 81.81818181818181
 0 83.86363636363636
 0 85.90909090909091
 0 87.95454545454545
 0 90


