# Created by Octave 3.8.2, Mon Jun 22 14:34:18 2020 CEST <damian@fptrucha.inv.usc.es>
# name: hd
# type: matrix
# rows: 45
# columns: 2
 8 0
 2305 2.045454545454545
 1 4.090909090909091
 16 6.136363636363637
 2298 8.181818181818182
 278 10.22727272727273
 241 12.27272727272727
 724 14.31818181818182
 2615 16.36363636363636
 304 18.40909090909091
 764 20.45454545454545
 3763 22.5
 2073 24.54545454545455
 3842 26.59090909090909
 1367 28.63636363636364
 1302 30.68181818181818
 1360 32.72727272727273
 1657 34.77272727272727
 1130 36.81818181818182
 2085 38.86363636363636
 2219 40.90909090909091
 836 42.95454545454545
 818 45
 1344 47.04545454545455
 646 49.09090909090909
 598 51.13636363636363
 529 53.18181818181818
 368 55.22727272727273
 327 57.27272727272727
 159 59.31818181818182
 155 61.36363636363636
 100 63.40909090909091
 28 65.45454545454545
 20 67.5
 7 69.54545454545455
 0 71.59090909090909
 0 73.63636363636364
 0 75.68181818181819
 0 77.72727272727272
 0 79.77272727272727
 0 81.81818181818181
 0 83.86363636363636
 0 85.90909090909091
 0 87.95454545454545
 0 90


