# Created by Octave 3.8.2, Sat Jun 20 06:36:17 2020 CEST <damian@fptrucha.inv.usc.es>
# name: hd
# type: matrix
# rows: 45
# columns: 2
 1 0
 2647 2.045454545454545
 0 4.090909090909091
 7 6.136363636363637
 2576 8.181818181818182
 325 10.22727272727273
 280 12.27272727272727
 905 14.31818181818182
 3018 16.36363636363636
 340 18.40909090909091
 891 20.45454545454545
 4049 22.5
 2360 24.54545454545455
 4349 26.59090909090909
 1498 28.63636363636364
 1514 30.68181818181818
 1564 32.72727272727273
 1900 34.77272727272727
 1216 36.81818181818182
 2468 38.86363636363636
 2307 40.90909090909091
 866 42.95454545454545
 891 45
 1510 47.04545454545455
 680 49.09090909090909
 571 51.13636363636363
 479 53.18181818181818
 360 55.22727272727273
 331 57.27272727272727
 116 59.31818181818182
 99 61.36363636363636
 79 63.40909090909091
 28 65.45454545454545
 13 67.5
 0 69.54545454545455
 0 71.59090909090909
 0 73.63636363636364
 0 75.68181818181819
 0 77.72727272727272
 0 79.77272727272727
 0 81.81818181818181
 0 83.86363636363636
 0 85.90909090909091
 0 87.95454545454545
 0 90


