# Created by Octave 3.8.2, Sat Jun 20 04:43:51 2020 CEST <damian@fptrucha.inv.usc.es>
# name: hd
# type: matrix
# rows: 45
# columns: 2
 4 0
 2658 2.045454545454545
 4 4.090909090909091
 6 6.136363636363637
 2583 8.181818181818182
 328 10.22727272727273
 278 12.27272727272727
 903 14.31818181818182
 2888 16.36363636363636
 307 18.40909090909091
 878 20.45454545454545
 3918 22.5
 2363 24.54545454545455
 4424 26.59090909090909
 1473 28.63636363636364
 1455 30.68181818181818
 1467 32.72727272727273
 1913 34.77272727272727
 1150 36.81818181818182
 2281 38.86363636363636
 2237 40.90909090909091
 819 42.95454545454545
 809 45
 1474 47.04545454545455
 650 49.09090909090909
 527 51.13636363636363
 456 53.18181818181818
 287 55.22727272727273
 301 57.27272727272727
 127 59.31818181818182
 98 61.36363636363636
 74 63.40909090909091
 17 65.45454545454545
 8 67.5
 4 69.54545454545455
 0 71.59090909090909
 0 73.63636363636364
 0 75.68181818181819
 0 77.72727272727272
 0 79.77272727272727
 0 81.81818181818181
 0 83.86363636363636
 0 85.90909090909091
 0 87.95454545454545
 0 90


