# Created by Octave 3.8.2, Sat Jun 20 14:47:08 2020 CEST <damian@fptrucha.inv.usc.es>
# name: hd
# type: matrix
# rows: 45
# columns: 2
 1 0
 2440 2.045454545454545
 2 4.090909090909091
 6 6.136363636363637
 2398 8.181818181818182
 316 10.22727272727273
 218 12.27272727272727
 921 14.31818181818182
 2714 16.36363636363636
 358 18.40909090909091
 823 20.45454545454545
 3811 22.5
 2208 24.54545454545455
 4087 26.59090909090909
 1374 28.63636363636364
 1353 30.68181818181818
 1388 32.72727272727273
 1730 34.77272727272727
 1206 36.81818181818182
 2196 38.86363636363636
 2186 40.90909090909091
 839 42.95454545454545
 829 45
 1433 47.04545454545455
 623 49.09090909090909
 517 51.13636363636363
 461 53.18181818181818
 296 55.22727272727273
 290 57.27272727272727
 131 59.31818181818182
 89 61.36363636363636
 59 63.40909090909091
 23 65.45454545454545
 12 67.5
 1 69.54545454545455
 0 71.59090909090909
 0 73.63636363636364
 0 75.68181818181819
 0 77.72727272727272
 0 79.77272727272727
 0 81.81818181818181
 0 83.86363636363636
 0 85.90909090909091
 0 87.95454545454545
 0 90


