# Created by Octave 3.8.2, Mon Jun 22 21:41:48 2020 CEST <damian@fptrucha.inv.usc.es>
# name: hd
# type: matrix
# rows: 45
# columns: 2
 6 0
 2508 2.045454545454545
 5 4.090909090909091
 12 6.136363636363637
 2439 8.181818181818182
 286 10.22727272727273
 295 12.27272727272727
 841 14.31818181818182
 2687 16.36363636363636
 334 18.40909090909091
 862 20.45454545454545
 3807 22.5
 2199 24.54545454545455
 4062 26.59090909090909
 1396 28.63636363636364
 1388 30.68181818181818
 1355 32.72727272727273
 1715 34.77272727272727
 1227 36.81818181818182
 2201 38.86363636363636
 2208 40.90909090909091
 894 42.95454545454545
 804 45
 1429 47.04545454545455
 644 49.09090909090909
 611 51.13636363636363
 521 53.18181818181818
 332 55.22727272727273
 303 57.27272727272727
 142 59.31818181818182
 139 61.36363636363636
 97 63.40909090909091
 25 65.45454545454545
 15 67.5
 2 69.54545454545455
 0 71.59090909090909
 0 73.63636363636364
 0 75.68181818181819
 0 77.72727272727272
 0 79.77272727272727
 0 81.81818181818181
 0 83.86363636363636
 0 85.90909090909091
 0 87.95454545454545
 0 90


