# Created by Octave 3.8.2, Sun Jun 21 01:15:27 2020 CEST <damian@fptrucha.inv.usc.es>
# name: hd
# type: matrix
# rows: 45
# columns: 2
 5 0
 2309 2.045454545454545
 5 4.090909090909091
 7 6.136363636363637
 2370 8.181818181818182
 322 10.22727272727273
 217 12.27272727272727
 772 14.31818181818182
 2492 16.36363636363636
 346 18.40909090909091
 786 20.45454545454545
 3526 22.5
 2013 24.54545454545455
 3896 26.59090909090909
 1292 28.63636363636364
 1307 30.68181818181818
 1328 32.72727272727273
 1526 34.77272727272727
 1101 36.81818181818182
 2038 38.86363636363636
 1909 40.90909090909091
 800 42.95454545454545
 730 45
 1314 47.04545454545455
 582 49.09090909090909
 479 51.13636363636363
 383 53.18181818181818
 266 55.22727272727273
 249 57.27272727272727
 131 59.31818181818182
 93 61.36363636363636
 55 63.40909090909091
 13 65.45454545454545
 8 67.5
 3 69.54545454545455
 0 71.59090909090909
 0 73.63636363636364
 0 75.68181818181819
 0 77.72727272727272
 0 79.77272727272727
 0 81.81818181818181
 0 83.86363636363636
 0 85.90909090909091
 0 87.95454545454545
 0 90


