# Created by Octave 3.8.2, Mon Jun 22 16:14:55 2020 CEST <damian@fptrucha.inv.usc.es>
# name: hd
# type: matrix
# rows: 45
# columns: 2
 3 0
 2471 2.045454545454545
 5 4.090909090909091
 17 6.136363636363637
 2281 8.181818181818182
 296 10.22727272727273
 271 12.27272727272727
 801 14.31818181818182
 2641 16.36363636363636
 307 18.40909090909091
 835 20.45454545454545
 3702 22.5
 2073 24.54545454545455
 4019 26.59090909090909
 1353 28.63636363636364
 1332 30.68181818181818
 1380 32.72727272727273
 1713 34.77272727272727
 1134 36.81818181818182
 2275 38.86363636363636
 2276 40.90909090909091
 929 42.95454545454545
 842 45
 1436 47.04545454545455
 665 49.09090909090909
 585 51.13636363636363
 538 53.18181818181818
 364 55.22727272727273
 352 57.27272727272727
 145 59.31818181818182
 151 61.36363636363636
 91 63.40909090909091
 24 65.45454545454545
 15 67.5
 5 69.54545454545455
 0 71.59090909090909
 0 73.63636363636364
 0 75.68181818181819
 0 77.72727272727272
 0 79.77272727272727
 0 81.81818181818181
 0 83.86363636363636
 0 85.90909090909091
 0 87.95454545454545
 0 90


