# Created by Octave 3.8.2, Mon Jun 22 03:57:38 2020 CEST <damian@fptrucha.inv.usc.es>
# name: hd
# type: matrix
# rows: 45
# columns: 2
 8 0
 2109 2.045454545454545
 8 4.090909090909091
 9 6.136363636363637
 1934 8.181818181818182
 284 10.22727272727273
 233 12.27272727272727
 734 14.31818181818182
 2314 16.36363636363636
 268 18.40909090909091
 766 20.45454545454545
 3299 22.5
 1851 24.54545454545455
 3528 26.59090909090909
 1204 28.63636363636364
 1189 30.68181818181818
 1195 32.72727272727273
 1483 34.77272727272727
 1081 36.81818181818182
 2084 38.86363636363636
 2017 40.90909090909091
 858 42.95454545454545
 733 45
 1315 47.04545454545455
 570 49.09090909090909
 518 51.13636363636363
 501 53.18181818181818
 346 55.22727272727273
 304 57.27272727272727
 152 59.31818181818182
 138 61.36363636363636
 88 63.40909090909091
 32 65.45454545454545
 19 67.5
 2 69.54545454545455
 1 71.59090909090909
 0 73.63636363636364
 0 75.68181818181819
 0 77.72727272727272
 0 79.77272727272727
 0 81.81818181818181
 0 83.86363636363636
 0 85.90909090909091
 0 87.95454545454545
 0 90


