# Created by Octave 3.8.2, Sat Jun 20 14:43:02 2020 CEST <damian@fptrucha.inv.usc.es>
# name: hd
# type: matrix
# rows: 45
# columns: 2
 3 0
 2547 2.045454545454545
 2 4.090909090909091
 6 6.136363636363637
 2381 8.181818181818182
 352 10.22727272727273
 238 12.27272727272727
 810 14.31818181818182
 2729 16.36363636363636
 338 18.40909090909091
 768 20.45454545454545
 3721 22.5
 2269 24.54545454545455
 4185 26.59090909090909
 1338 28.63636363636364
 1362 30.68181818181818
 1381 32.72727272727273
 1751 34.77272727272727
 1130 36.81818181818182
 2159 38.86363636363636
 2183 40.90909090909091
 843 42.95454545454545
 885 45
 1343 47.04545454545455
 603 49.09090909090909
 507 51.13636363636363
 496 53.18181818181818
 313 55.22727272727273
 267 57.27272727272727
 102 59.31818181818182
 103 61.36363636363636
 62 63.40909090909091
 17 65.45454545454545
 9 67.5
 0 69.54545454545455
 0 71.59090909090909
 0 73.63636363636364
 0 75.68181818181819
 0 77.72727272727272
 0 79.77272727272727
 0 81.81818181818181
 0 83.86363636363636
 0 85.90909090909091
 0 87.95454545454545
 0 90


