# Created by Octave 3.8.2, Sat Jun 20 12:39:42 2020 CEST <damian@fptrucha.inv.usc.es>
# name: hd
# type: matrix
# rows: 45
# columns: 2
 4 0
 2588 2.045454545454545
 6 4.090909090909091
 8 6.136363636363637
 2421 8.181818181818182
 359 10.22727272727273
 271 12.27272727272727
 898 14.31818181818182
 2735 16.36363636363636
 355 18.40909090909091
 880 20.45454545454545
 3832 22.5
 2312 24.54545454545455
 4333 26.59090909090909
 1399 28.63636363636364
 1420 30.68181818181818
 1433 32.72727272727273
 1839 34.77272727272727
 1241 36.81818181818182
 2235 38.86363636363636
 2301 40.90909090909091
 878 42.95454545454545
 787 45
 1432 47.04545454545455
 671 49.09090909090909
 539 51.13636363636363
 510 53.18181818181818
 353 55.22727272727273
 282 57.27272727272727
 117 59.31818181818182
 138 61.36363636363636
 78 63.40909090909091
 26 65.45454545454545
 12 67.5
 3 69.54545454545455
 0 71.59090909090909
 0 73.63636363636364
 0 75.68181818181819
 0 77.72727272727272
 0 79.77272727272727
 0 81.81818181818181
 0 83.86363636363636
 0 85.90909090909091
 0 87.95454545454545
 0 90


