# Created by Octave 3.8.2, Sat Jun 20 06:12:12 2020 CEST <damian@fptrucha.inv.usc.es>
# name: hd
# type: matrix
# rows: 45
# columns: 2
 7 0
 2653 2.045454545454545
 0 4.090909090909091
 6 6.136363636363637
 2528 8.181818181818182
 355 10.22727272727273
 286 12.27272727272727
 923 14.31818181818182
 2882 16.36363636363636
 376 18.40909090909091
 866 20.45454545454545
 4024 22.5
 2354 24.54545454545455
 4474 26.59090909090909
 1513 28.63636363636364
 1499 30.68181818181818
 1476 32.72727272727273
 1899 34.77272727272727
 1228 36.81818181818182
 2475 38.86363636363636
 2340 40.90909090909091
 807 42.95454545454545
 879 45
 1520 47.04545454545455
 751 49.09090909090909
 578 51.13636363636363
 542 53.18181818181818
 325 55.22727272727273
 344 57.27272727272727
 132 59.31818181818182
 112 61.36363636363636
 72 63.40909090909091
 16 65.45454545454545
 10 67.5
 2 69.54545454545455
 0 71.59090909090909
 0 73.63636363636364
 0 75.68181818181819
 0 77.72727272727272
 0 79.77272727272727
 0 81.81818181818181
 0 83.86363636363636
 0 85.90909090909091
 0 87.95454545454545
 0 90


