# Created by Octave 3.8.2, Mon Jun 22 04:53:53 2020 CEST <damian@fptrucha.inv.usc.es>
# name: hd
# type: matrix
# rows: 45
# columns: 2
 7 0
 2060 2.045454545454545
 2 4.090909090909091
 14 6.136363636363637
 1880 8.181818181818182
 261 10.22727272727273
 224 12.27272727272727
 736 14.31818181818182
 2276 16.36363636363636
 294 18.40909090909091
 701 20.45454545454545
 3241 22.5
 1921 24.54545454545455
 3496 26.59090909090909
 1265 28.63636363636364
 1167 30.68181818181818
 1144 32.72727272727273
 1483 34.77272727272727
 932 36.81818181818182
 1920 38.86363636363636
 1926 40.90909090909091
 795 42.95454545454545
 719 45
 1350 47.04545454545455
 599 49.09090909090909
 560 51.13636363636363
 489 53.18181818181818
 348 55.22727272727273
 321 57.27272727272727
 160 59.31818181818182
 146 61.36363636363636
 87 63.40909090909091
 19 65.45454545454545
 10 67.5
 3 69.54545454545455
 0 71.59090909090909
 0 73.63636363636364
 0 75.68181818181819
 0 77.72727272727272
 0 79.77272727272727
 0 81.81818181818181
 0 83.86363636363636
 0 85.90909090909091
 0 87.95454545454545
 0 90


