# Created by Octave 3.8.2, Mon Jun 22 15:37:59 2020 CEST <damian@fptrucha.inv.usc.es>
# name: hd
# type: matrix
# rows: 45
# columns: 2
 9 0
 2389 2.045454545454545
 7 4.090909090909091
 9 6.136363636363637
 2258 8.181818181818182
 270 10.22727272727273
 255 12.27272727272727
 778 14.31818181818182
 2688 16.36363636363636
 329 18.40909090909091
 854 20.45454545454545
 3701 22.5
 2223 24.54545454545455
 3966 26.59090909090909
 1445 28.63636363636364
 1369 30.68181818181818
 1341 32.72727272727273
 1716 34.77272727272727
 1210 36.81818181818182
 2166 38.86363636363636
 2180 40.90909090909091
 875 42.95454545454545
 863 45
 1489 47.04545454545455
 639 49.09090909090909
 560 51.13636363636363
 505 53.18181818181818
 349 55.22727272727273
 320 57.27272727272727
 161 59.31818181818182
 128 61.36363636363636
 71 63.40909090909091
 39 65.45454545454545
 22 67.5
 2 69.54545454545455
 0 71.59090909090909
 0 73.63636363636364
 0 75.68181818181819
 0 77.72727272727272
 0 79.77272727272727
 0 81.81818181818181
 0 83.86363636363636
 0 85.90909090909091
 0 87.95454545454545
 0 90


