# Created by Octave 3.8.2, Sat Jun 20 08:14:49 2020 CEST <damian@fptrucha.inv.usc.es>
# name: hd
# type: matrix
# rows: 45
# columns: 2
 6 0
 1803 2.045454545454545
 0 4.090909090909091
 6 6.136363636363637
 1747 8.181818181818182
 249 10.22727272727273
 182 12.27272727272727
 573 14.31818181818182
 1880 16.36363636363636
 230 18.40909090909091
 577 20.45454545454545
 2732 22.5
 1517 24.54545454545455
 2816 26.59090909090909
 1007 28.63636363636364
 968 30.68181818181818
 1047 32.72727272727273
 1240 34.77272727272727
 797 36.81818181818182
 1615 38.86363636363636
 1483 40.90909090909091
 613 42.95454545454545
 651 45
 1006 47.04545454545455
 454 49.09090909090909
 410 51.13636363636363
 315 53.18181818181818
 215 55.22727272727273
 231 57.27272727272727
 106 59.31818181818182
 91 61.36363636363636
 43 63.40909090909091
 14 65.45454545454545
 9 67.5
 0 69.54545454545455
 0 71.59090909090909
 0 73.63636363636364
 0 75.68181818181819
 0 77.72727272727272
 0 79.77272727272727
 0 81.81818181818181
 0 83.86363636363636
 0 85.90909090909091
 0 87.95454545454545
 0 90


