# Created by Octave 3.8.2, Sat Jun 20 12:41:04 2020 CEST <damian@fptrucha.inv.usc.es>
# name: hd
# type: matrix
# rows: 45
# columns: 2
 6 0
 2547 2.045454545454545
 4 4.090909090909091
 7 6.136363636363637
 2472 8.181818181818182
 338 10.22727272727273
 246 12.27272727272727
 863 14.31818181818182
 2817 16.36363636363636
 369 18.40909090909091
 811 20.45454545454545
 3883 22.5
 2408 24.54545454545455
 4222 26.59090909090909
 1470 28.63636363636364
 1422 30.68181818181818
 1445 32.72727272727273
 1861 34.77272727272727
 1171 36.81818181818182
 2300 38.86363636363636
 2110 40.90909090909091
 827 42.95454545454545
 867 45
 1457 47.04545454545455
 615 49.09090909090909
 526 51.13636363636363
 446 53.18181818181818
 330 55.22727272727273
 311 57.27272727272727
 118 59.31818181818182
 109 61.36363636363636
 75 63.40909090909091
 18 65.45454545454545
 17 67.5
 1 69.54545454545455
 0 71.59090909090909
 0 73.63636363636364
 0 75.68181818181819
 0 77.72727272727272
 0 79.77272727272727
 0 81.81818181818181
 0 83.86363636363636
 0 85.90909090909091
 0 87.95454545454545
 0 90


