# Created by Octave 3.8.2, Mon Jun 22 16:48:36 2020 CEST <damian@fptrucha.inv.usc.es>
# name: hd
# type: matrix
# rows: 45
# columns: 2
 8 0
 2376 2.045454545454545
 8 4.090909090909091
 9 6.136363636363637
 2249 8.181818181818182
 282 10.22727272727273
 268 12.27272727272727
 790 14.31818181818182
 2640 16.36363636363636
 311 18.40909090909091
 777 20.45454545454545
 3613 22.5
 2132 24.54545454545455
 4036 26.59090909090909
 1459 28.63636363636364
 1382 30.68181818181818
 1408 32.72727272727273
 1651 34.77272727272727
 1179 36.81818181818182
 2167 38.86363636363636
 2158 40.90909090909091
 860 42.95454545454545
 830 45
 1484 47.04545454545455
 624 49.09090909090909
 544 51.13636363636363
 539 53.18181818181818
 370 55.22727272727273
 325 57.27272727272727
 165 59.31818181818182
 130 61.36363636363636
 92 63.40909090909091
 34 65.45454545454545
 16 67.5
 2 69.54545454545455
 0 71.59090909090909
 0 73.63636363636364
 0 75.68181818181819
 0 77.72727272727272
 0 79.77272727272727
 0 81.81818181818181
 0 83.86363636363636
 0 85.90909090909091
 0 87.95454545454545
 0 90


