# Created by Octave 3.8.2, Mon Jun 22 04:41:40 2020 CEST <damian@fptrucha.inv.usc.es>
# name: hd
# type: matrix
# rows: 45
# columns: 2
 7 0
 2047 2.045454545454545
 3 4.090909090909091
 10 6.136363636363637
 1871 8.181818181818182
 282 10.22727272727273
 228 12.27272727272727
 706 14.31818181818182
 2252 16.36363636363636
 253 18.40909090909091
 675 20.45454545454545
 3263 22.5
 1834 24.54545454545455
 3383 26.59090909090909
 1134 28.63636363636364
 1146 30.68181818181818
 1179 32.72727272727273
 1380 34.77272727272727
 909 36.81818181818182
 1908 38.86363636363636
 1974 40.90909090909091
 771 42.95454545454545
 737 45
 1322 47.04545454545455
 614 49.09090909090909
 557 51.13636363636363
 514 53.18181818181818
 318 55.22727272727273
 283 57.27272727272727
 150 59.31818181818182
 142 61.36363636363636
 88 63.40909090909091
 42 65.45454545454545
 13 67.5
 1 69.54545454545455
 0 71.59090909090909
 0 73.63636363636364
 0 75.68181818181819
 0 77.72727272727272
 0 79.77272727272727
 0 81.81818181818181
 0 83.86363636363636
 0 85.90909090909091
 0 87.95454545454545
 0 90


