# Created by Octave 3.8.2, Mon Jun 22 02:53:46 2020 CEST <damian@fptrucha.inv.usc.es>
# name: hd
# type: matrix
# rows: 45
# columns: 2
 5 0
 2117 2.045454545454545
 6 4.090909090909091
 13 6.136363636363637
 2011 8.181818181818182
 306 10.22727272727273
 214 12.27272727272727
 737 14.31818181818182
 2297 16.36363636363636
 278 18.40909090909091
 771 20.45454545454545
 3318 22.5
 1936 24.54545454545455
 3558 26.59090909090909
 1178 28.63636363636364
 1183 30.68181818181818
 1191 32.72727272727273
 1452 34.77272727272727
 1027 36.81818181818182
 1925 38.86363636363636
 1945 40.90909090909091
 763 42.95454545454545
 709 45
 1362 47.04545454545455
 592 49.09090909090909
 584 51.13636363636363
 493 53.18181818181818
 307 55.22727272727273
 327 57.27272727272727
 147 59.31818181818182
 118 61.36363636363636
 95 63.40909090909091
 31 65.45454545454545
 19 67.5
 1 69.54545454545455
 1 71.59090909090909
 0 73.63636363636364
 0 75.68181818181819
 0 77.72727272727272
 0 79.77272727272727
 0 81.81818181818181
 0 83.86363636363636
 0 85.90909090909091
 0 87.95454545454545
 0 90


