# Created by Octave 3.8.2, Sun Jun 21 08:00:18 2020 CEST <damian@fptrucha.inv.usc.es>
# name: hd
# type: matrix
# rows: 45
# columns: 2
 5 0
 1510 2.045454545454545
 2 4.090909090909091
 5 6.136363636363637
 1524 8.181818181818182
 214 10.22727272727273
 147 12.27272727272727
 512 14.31818181818182
 1737 16.36363636363636
 204 18.40909090909091
 538 20.45454545454545
 2503 22.5
 1460 24.54545454545455
 2595 26.59090909090909
 885 28.63636363636364
 814 30.68181818181818
 878 32.72727272727273
 1110 34.77272727272727
 713 36.81818181818182
 1420 38.86363636363636
 1407 40.90909090909091
 543 42.95454545454545
 551 45
 911 47.04545454545455
 345 49.09090909090909
 309 51.13636363636363
 280 53.18181818181818
 196 55.22727272727273
 208 57.27272727272727
 63 59.31818181818182
 66 61.36363636363636
 44 63.40909090909091
 13 65.45454545454545
 10 67.5
 0 69.54545454545455
 0 71.59090909090909
 0 73.63636363636364
 0 75.68181818181819
 0 77.72727272727272
 0 79.77272727272727
 0 81.81818181818181
 0 83.86363636363636
 0 85.90909090909091
 0 87.95454545454545
 0 90


