# Created by Octave 3.8.2, Mon Jun 22 20:47:37 2020 CEST <damian@fptrucha.inv.usc.es>
# name: hd
# type: matrix
# rows: 45
# columns: 2
 3 0
 2491 2.045454545454545
 5 4.090909090909091
 10 6.136363636363637
 2315 8.181818181818182
 281 10.22727272727273
 282 12.27272727272727
 842 14.31818181818182
 2620 16.36363636363636
 311 18.40909090909091
 846 20.45454545454545
 3817 22.5
 2154 24.54545454545455
 4153 26.59090909090909
 1483 28.63636363636364
 1368 30.68181818181818
 1363 32.72727272727273
 1779 34.77272727272727
 1148 36.81818181818182
 2226 38.86363636363636
 2202 40.90909090909091
 896 42.95454545454545
 870 45
 1524 47.04545454545455
 678 49.09090909090909
 602 51.13636363636363
 521 53.18181818181818
 394 55.22727272727273
 350 57.27272727272727
 130 59.31818181818182
 126 61.36363636363636
 82 63.40909090909091
 26 65.45454545454545
 17 67.5
 7 69.54545454545455
 0 71.59090909090909
 0 73.63636363636364
 0 75.68181818181819
 0 77.72727272727272
 0 79.77272727272727
 0 81.81818181818181
 0 83.86363636363636
 0 85.90909090909091
 0 87.95454545454545
 0 90


