# Created by Octave 3.8.2, Sun Jun 21 07:19:51 2020 CEST <damian@fptrucha.inv.usc.es>
# name: hd
# type: matrix
# rows: 45
# columns: 2
 3 0
 1627 2.045454545454545
 1 4.090909090909091
 5 6.136363636363637
 1506 8.181818181818182
 208 10.22727272727273
 152 12.27272727272727
 510 14.31818181818182
 1723 16.36363636363636
 215 18.40909090909091
 519 20.45454545454545
 2296 22.5
 1388 24.54545454545455
 2483 26.59090909090909
 851 28.63636363636364
 836 30.68181818181818
 843 32.72727272727273
 1057 34.77272727272727
 695 36.81818181818182
 1361 38.86363636363636
 1255 40.90909090909091
 476 42.95454545454545
 484 45
 843 47.04545454545455
 375 49.09090909090909
 283 51.13636363636363
 261 53.18181818181818
 172 55.22727272727273
 168 57.27272727272727
 87 59.31818181818182
 59 61.36363636363636
 34 63.40909090909091
 6 65.45454545454545
 5 67.5
 0 69.54545454545455
 0 71.59090909090909
 0 73.63636363636364
 0 75.68181818181819
 0 77.72727272727272
 0 79.77272727272727
 0 81.81818181818181
 0 83.86363636363636
 0 85.90909090909091
 0 87.95454545454545
 0 90


