# Created by Octave 3.8.2, Mon Jun 22 06:31:38 2020 CEST <damian@fptrucha.inv.usc.es>
# name: hd
# type: matrix
# rows: 45
# columns: 2
 9 0
 2178 2.045454545454545
 4 4.090909090909091
 11 6.136363636363637
 2148 8.181818181818182
 263 10.22727272727273
 256 12.27272727272727
 682 14.31818181818182
 2372 16.36363636363636
 275 18.40909090909091
 749 20.45454545454545
 3481 22.5
 1968 24.54545454545455
 3537 26.59090909090909
 1216 28.63636363636364
 1213 30.68181818181818
 1218 32.72727272727273
 1509 34.77272727272727
 1024 36.81818181818182
 2021 38.86363636363636
 2095 40.90909090909091
 822 42.95454545454545
 782 45
 1324 47.04545454545455
 619 49.09090909090909
 533 51.13636363636363
 453 53.18181818181818
 349 55.22727272727273
 316 57.27272727272727
 148 59.31818181818182
 145 61.36363636363636
 81 63.40909090909091
 28 65.45454545454545
 19 67.5
 7 69.54545454545455
 1 71.59090909090909
 0 73.63636363636364
 0 75.68181818181819
 0 77.72727272727272
 0 79.77272727272727
 0 81.81818181818181
 0 83.86363636363636
 0 85.90909090909091
 0 87.95454545454545
 0 90


