# Created by Octave 3.8.2, Sun Jun 21 05:46:46 2020 CEST <damian@fptrucha.inv.usc.es>
# name: hd
# type: matrix
# rows: 45
# columns: 2
 2 0
 2305 2.045454545454545
 1 4.090909090909091
 5 6.136363636363637
 2364 8.181818181818182
 327 10.22727272727273
 259 12.27272727272727
 803 14.31818181818182
 2505 16.36363636363636
 312 18.40909090909091
 711 20.45454545454545
 3545 22.5
 2049 24.54545454545455
 3824 26.59090909090909
 1293 28.63636363636364
 1298 30.68181818181818
 1355 32.72727272727273
 1629 34.77272727272727
 1109 36.81818181818182
 2113 38.86363636363636
 1998 40.90909090909091
 731 42.95454545454545
 797 45
 1246 47.04545454545455
 532 49.09090909090909
 516 51.13636363636363
 421 53.18181818181818
 293 55.22727272727273
 265 57.27272727272727
 127 59.31818181818182
 85 61.36363636363636
 56 63.40909090909091
 19 65.45454545454545
 10 67.5
 0 69.54545454545455
 0 71.59090909090909
 0 73.63636363636364
 0 75.68181818181819
 0 77.72727272727272
 0 79.77272727272727
 0 81.81818181818181
 0 83.86363636363636
 0 85.90909090909091
 0 87.95454545454545
 0 90


