# Created by Octave 3.8.2, Mon Jun 22 13:11:08 2020 CEST <damian@fptrucha.inv.usc.es>
# name: hd
# type: matrix
# rows: 45
# columns: 2
 8 0
 2336 2.045454545454545
 7 4.090909090909091
 14 6.136363636363637
 2296 8.181818181818182
 281 10.22727272727273
 283 12.27272727272727
 741 14.31818181818182
 2469 16.36363636363636
 319 18.40909090909091
 829 20.45454545454545
 3636 22.5
 2102 24.54545454545455
 3802 26.59090909090909
 1409 28.63636363636364
 1340 30.68181818181818
 1298 32.72727272727273
 1654 34.77272727272727
 1080 36.81818181818182
 2099 38.86363636363636
 2135 40.90909090909091
 836 42.95454545454545
 804 45
 1363 47.04545454545455
 641 49.09090909090909
 562 51.13636363636363
 492 53.18181818181818
 344 55.22727272727273
 292 57.27272727272727
 125 59.31818181818182
 128 61.36363636363636
 95 63.40909090909091
 25 65.45454545454545
 19 67.5
 3 69.54545454545455
 0 71.59090909090909
 0 73.63636363636364
 0 75.68181818181819
 0 77.72727272727272
 0 79.77272727272727
 0 81.81818181818181
 0 83.86363636363636
 0 85.90909090909091
 0 87.95454545454545
 0 90


