# Created by Octave 3.8.2, Mon Jun 22 07:37:08 2020 CEST <damian@fptrucha.inv.usc.es>
# name: hd
# type: matrix
# rows: 45
# columns: 2
 9 0
 2218 2.045454545454545
 3 4.090909090909091
 11 6.136363636363637
 2161 8.181818181818182
 263 10.22727272727273
 244 12.27272727272727
 762 14.31818181818182
 2322 16.36363636363636
 285 18.40909090909091
 751 20.45454545454545
 3412 22.5
 1943 24.54545454545455
 3834 26.59090909090909
 1290 28.63636363636364
 1237 30.68181818181818
 1250 32.72727272727273
 1652 34.77272727272727
 1063 36.81818181818182
 2067 38.86363636363636
 2003 40.90909090909091
 814 42.95454545454545
 807 45
 1312 47.04545454545455
 636 49.09090909090909
 548 51.13636363636363
 493 53.18181818181818
 337 55.22727272727273
 296 57.27272727272727
 155 59.31818181818182
 144 61.36363636363636
 88 63.40909090909091
 28 65.45454545454545
 21 67.5
 5 69.54545454545455
 0 71.59090909090909
 0 73.63636363636364
 0 75.68181818181819
 0 77.72727272727272
 0 79.77272727272727
 0 81.81818181818181
 0 83.86363636363636
 0 85.90909090909091
 0 87.95454545454545
 0 90


