# Created by Octave 3.8.2, Mon Jun 22 07:11:42 2020 CEST <damian@fptrucha.inv.usc.es>
# name: hd
# type: matrix
# rows: 45
# columns: 2
 11 0
 2239 2.045454545454545
 3 4.090909090909091
 14 6.136363636363637
 2052 8.181818181818182
 269 10.22727272727273
 243 12.27272727272727
 698 14.31818181818182
 2358 16.36363636363636
 299 18.40909090909091
 830 20.45454545454545
 3402 22.5
 2000 24.54545454545455
 3616 26.59090909090909
 1223 28.63636363636364
 1236 30.68181818181818
 1217 32.72727272727273
 1540 34.77272727272727
 961 36.81818181818182
 1928 38.86363636363636
 2106 40.90909090909091
 803 42.95454545454545
 736 45
 1325 47.04545454545455
 598 49.09090909090909
 539 51.13636363636363
 473 53.18181818181818
 349 55.22727272727273
 341 57.27272727272727
 161 59.31818181818182
 131 61.36363636363636
 81 63.40909090909091
 43 65.45454545454545
 13 67.5
 2 69.54545454545455
 1 71.59090909090909
 0 73.63636363636364
 0 75.68181818181819
 0 77.72727272727272
 0 79.77272727272727
 0 81.81818181818181
 0 83.86363636363636
 0 85.90909090909091
 0 87.95454545454545
 0 90


