# Created by Octave 3.8.2, Mon Jun 22 10:38:04 2020 CEST <damian@fptrucha.inv.usc.es>
# name: hd
# type: matrix
# rows: 45
# columns: 2
 4 0
 2396 2.045454545454545
 3 4.090909090909091
 6 6.136363636363637
 2250 8.181818181818182
 294 10.22727272727273
 225 12.27272727272727
 756 14.31818181818182
 2425 16.36363636363636
 299 18.40909090909091
 792 20.45454545454545
 3628 22.5
 2042 24.54545454545455
 3813 26.59090909090909
 1267 28.63636363636364
 1333 30.68181818181818
 1319 32.72727272727273
 1599 34.77272727272727
 1106 36.81818181818182
 2119 38.86363636363636
 2142 40.90909090909091
 811 42.95454545454545
 807 45
 1353 47.04545454545455
 669 49.09090909090909
 571 51.13636363636363
 479 53.18181818181818
 333 55.22727272727273
 325 57.27272727272727
 147 59.31818181818182
 123 61.36363636363636
 77 63.40909090909091
 29 65.45454545454545
 12 67.5
 4 69.54545454545455
 0 71.59090909090909
 0 73.63636363636364
 0 75.68181818181819
 0 77.72727272727272
 0 79.77272727272727
 0 81.81818181818181
 0 83.86363636363636
 0 85.90909090909091
 0 87.95454545454545
 0 90


