# Created by Octave 3.8.2, Mon Jun 22 13:26:47 2020 CEST <damian@fptrucha.inv.usc.es>
# name: hd
# type: matrix
# rows: 45
# columns: 2
 6 0
 2356 2.045454545454545
 7 4.090909090909091
 15 6.136363636363637
 2251 8.181818181818182
 296 10.22727272727273
 277 12.27272727272727
 803 14.31818181818182
 2626 16.36363636363636
 312 18.40909090909091
 823 20.45454545454545
 3553 22.5
 2027 24.54545454545455
 3814 26.59090909090909
 1381 28.63636363636364
 1319 30.68181818181818
 1277 32.72727272727273
 1664 34.77272727272727
 1139 36.81818181818182
 2183 38.86363636363636
 2147 40.90909090909091
 904 42.95454545454545
 809 45
 1325 47.04545454545455
 623 49.09090909090909
 600 51.13636363636363
 517 53.18181818181818
 350 55.22727272727273
 337 57.27272727272727
 139 59.31818181818182
 141 61.36363636363636
 109 63.40909090909091
 36 65.45454545454545
 13 67.5
 5 69.54545454545455
 0 71.59090909090909
 0 73.63636363636364
 0 75.68181818181819
 0 77.72727272727272
 0 79.77272727272727
 0 81.81818181818181
 0 83.86363636363636
 0 85.90909090909091
 0 87.95454545454545
 0 90


