# Created by Octave 3.8.2, Sat Jun 20 22:00:12 2020 CEST <damian@fptrucha.inv.usc.es>
# name: hd
# type: matrix
# rows: 45
# columns: 2
 2 0
 2412 2.045454545454545
 1 4.090909090909091
 4 6.136363636363637
 2330 8.181818181818182
 338 10.22727272727273
 239 12.27272727272727
 742 14.31818181818182
 2575 16.36363636363636
 321 18.40909090909091
 818 20.45454545454545
 3598 22.5
 2152 24.54545454545455
 3818 26.59090909090909
 1225 28.63636363636364
 1345 30.68181818181818
 1225 32.72727272727273
 1612 34.77272727272727
 1132 36.81818181818182
 1946 38.86363636363636
 1886 40.90909090909091
 751 42.95454545454545
 818 45
 1332 47.04545454545455
 574 49.09090909090909
 474 51.13636363636363
 424 53.18181818181818
 242 55.22727272727273
 273 57.27272727272727
 112 59.31818181818182
 94 61.36363636363636
 54 63.40909090909091
 18 65.45454545454545
 7 67.5
 2 69.54545454545455
 0 71.59090909090909
 0 73.63636363636364
 0 75.68181818181819
 0 77.72727272727272
 0 79.77272727272727
 0 81.81818181818181
 0 83.86363636363636
 0 85.90909090909091
 0 87.95454545454545
 0 90


