# Created by Octave 3.8.2, Sun Jun 21 01:07:08 2020 CEST <damian@fptrucha.inv.usc.es>
# name: hd
# type: matrix
# rows: 45
# columns: 2
 3 0
 2350 2.045454545454545
 3 4.090909090909091
 8 6.136363636363637
 2364 8.181818181818182
 316 10.22727272727273
 276 12.27272727272727
 773 14.31818181818182
 2526 16.36363636363636
 328 18.40909090909091
 708 20.45454545454545
 3499 22.5
 2093 24.54545454545455
 3739 26.59090909090909
 1292 28.63636363636364
 1307 30.68181818181818
 1244 32.72727272727273
 1692 34.77272727272727
 1036 36.81818181818182
 2083 38.86363636363636
 1998 40.90909090909091
 696 42.95454545454545
 813 45
 1301 47.04545454545455
 584 49.09090909090909
 494 51.13636363636363
 410 53.18181818181818
 271 55.22727272727273
 255 57.27272727272727
 115 59.31818181818182
 95 61.36363636363636
 49 63.40909090909091
 17 65.45454545454545
 10 67.5
 1 69.54545454545455
 0 71.59090909090909
 0 73.63636363636364
 0 75.68181818181819
 0 77.72727272727272
 0 79.77272727272727
 0 81.81818181818181
 0 83.86363636363636
 0 85.90909090909091
 0 87.95454545454545
 0 90


