# Created by Octave 3.8.2, Mon Jun 22 08:41:49 2020 CEST <damian@fptrucha.inv.usc.es>
# name: hd
# type: matrix
# rows: 45
# columns: 2
 5 0
 2258 2.045454545454545
 7 4.090909090909091
 14 6.136363636363637
 2116 8.181818181818182
 249 10.22727272727273
 266 12.27272727272727
 734 14.31818181818182
 2468 16.36363636363636
 303 18.40909090909091
 771 20.45454545454545
 3488 22.5
 2054 24.54545454545455
 3705 26.59090909090909
 1262 28.63636363636364
 1239 30.68181818181818
 1322 32.72727272727273
 1605 34.77272727272727
 1028 36.81818181818182
 2046 38.86363636363636
 2011 40.90909090909091
 821 42.95454545454545
 784 45
 1296 47.04545454545455
 622 49.09090909090909
 503 51.13636363636363
 469 53.18181818181818
 337 55.22727272727273
 327 57.27272727272727
 129 59.31818181818182
 140 61.36363636363636
 69 63.40909090909091
 34 65.45454545454545
 19 67.5
 4 69.54545454545455
 0 71.59090909090909
 0 73.63636363636364
 0 75.68181818181819
 0 77.72727272727272
 0 79.77272727272727
 0 81.81818181818181
 0 83.86363636363636
 0 85.90909090909091
 0 87.95454545454545
 0 90


