# Created by Octave 3.8.2, Sun Jun 21 07:07:33 2020 CEST <damian@fptrucha.inv.usc.es>
# name: hd
# type: matrix
# rows: 45
# columns: 2
 2 0
 2403 2.045454545454545
 2 4.090909090909091
 6 6.136363636363637
 2330 8.181818181818182
 321 10.22727272727273
 248 12.27272727272727
 791 14.31818181818182
 2544 16.36363636363636
 320 18.40909090909091
 782 20.45454545454545
 3707 22.5
 2173 24.54545454545455
 4032 26.59090909090909
 1344 28.63636363636364
 1350 30.68181818181818
 1278 32.72727272727273
 1754 34.77272727272727
 1152 36.81818181818182
 2124 38.86363636363636
 2074 40.90909090909091
 787 42.95454545454545
 738 45
 1335 47.04545454545455
 612 49.09090909090909
 539 51.13636363636363
 449 53.18181818181818
 295 55.22727272727273
 267 57.27272727272727
 118 59.31818181818182
 94 61.36363636363636
 79 63.40909090909091
 18 65.45454545454545
 13 67.5
 1 69.54545454545455
 0 71.59090909090909
 0 73.63636363636364
 0 75.68181818181819
 0 77.72727272727272
 0 79.77272727272727
 0 81.81818181818181
 0 83.86363636363636
 0 85.90909090909091
 0 87.95454545454545
 0 90


