# Created by Octave 3.8.2, Sat Jun 20 08:00:39 2020 CEST <damian@fptrucha.inv.usc.es>
# name: hd
# type: matrix
# rows: 45
# columns: 2
 5 0
 2730 2.045454545454545
 0 4.090909090909091
 4 6.136363636363637
 2643 8.181818181818182
 368 10.22727272727273
 289 12.27272727272727
 900 14.31818181818182
 2898 16.36363636363636
 350 18.40909090909091
 945 20.45454545454545
 4035 22.5
 2465 24.54545454545455
 4500 26.59090909090909
 1518 28.63636363636364
 1448 30.68181818181818
 1534 32.72727272727273
 1937 34.77272727272727
 1307 36.81818181818182
 2387 38.86363636363636
 2290 40.90909090909091
 917 42.95454545454545
 864 45
 1569 47.04545454545455
 712 49.09090909090909
 576 51.13636363636363
 520 53.18181818181818
 350 55.22727272727273
 324 57.27272727272727
 129 59.31818181818182
 127 61.36363636363636
 74 63.40909090909091
 23 65.45454545454545
 15 67.5
 1 69.54545454545455
 0 71.59090909090909
 0 73.63636363636364
 0 75.68181818181819
 0 77.72727272727272
 0 79.77272727272727
 0 81.81818181818181
 0 83.86363636363636
 0 85.90909090909091
 0 87.95454545454545
 0 90


