# Created by Octave 3.8.2, Sat Jun 20 05:04:34 2020 CEST <damian@fptrucha.inv.usc.es>
# name: hd
# type: matrix
# rows: 45
# columns: 2
 4 0
 2620 2.045454545454545
 4 4.090909090909091
 14 6.136363636363637
 2513 8.181818181818182
 344 10.22727272727273
 270 12.27272727272727
 854 14.31818181818182
 2869 16.36363636363636
 355 18.40909090909091
 854 20.45454545454545
 3970 22.5
 2424 24.54545454545455
 4344 26.59090909090909
 1431 28.63636363636364
 1420 30.68181818181818
 1466 32.72727272727273
 1891 34.77272727272727
 1227 36.81818181818182
 2285 38.86363636363636
 2237 40.90909090909091
 850 42.95454545454545
 865 45
 1468 47.04545454545455
 672 49.09090909090909
 523 51.13636363636363
 456 53.18181818181818
 319 55.22727272727273
 313 57.27272727272727
 134 59.31818181818182
 120 61.36363636363636
 68 63.40909090909091
 12 65.45454545454545
 15 67.5
 2 69.54545454545455
 1 71.59090909090909
 0 73.63636363636364
 0 75.68181818181819
 0 77.72727272727272
 0 79.77272727272727
 0 81.81818181818181
 0 83.86363636363636
 0 85.90909090909091
 0 87.95454545454545
 0 90


