# Created by Octave 3.8.2, Mon Jun 22 10:27:51 2020 CEST <damian@fptrucha.inv.usc.es>
# name: hd
# type: matrix
# rows: 45
# columns: 2
 5 0
 2309 2.045454545454545
 7 4.090909090909091
 11 6.136363636363637
 2210 8.181818181818182
 297 10.22727272727273
 248 12.27272727272727
 756 14.31818181818182
 2523 16.36363636363636
 281 18.40909090909091
 812 20.45454545454545
 3633 22.5
 2090 24.54545454545455
 3872 26.59090909090909
 1283 28.63636363636364
 1312 30.68181818181818
 1282 32.72727272727273
 1648 34.77272727272727
 1119 36.81818181818182
 2139 38.86363636363636
 1994 40.90909090909091
 814 42.95454545454545
 797 45
 1374 47.04545454545455
 614 49.09090909090909
 538 51.13636363636363
 481 53.18181818181818
 333 55.22727272727273
 329 57.27272727272727
 118 59.31818181818182
 138 61.36363636363636
 89 63.40909090909091
 27 65.45454545454545
 18 67.5
 1 69.54545454545455
 1 71.59090909090909
 0 73.63636363636364
 0 75.68181818181819
 0 77.72727272727272
 0 79.77272727272727
 0 81.81818181818181
 0 83.86363636363636
 0 85.90909090909091
 0 87.95454545454545
 0 90


