# Created by Octave 3.8.2, Sat Jun 20 22:11:54 2020 CEST <damian@fptrucha.inv.usc.es>
# name: hd
# type: matrix
# rows: 45
# columns: 2
 4 0
 2345 2.045454545454545
 1 4.090909090909091
 9 6.136363636363637
 2318 8.181818181818182
 326 10.22727272727273
 254 12.27272727272727
 754 14.31818181818182
 2471 16.36363636363636
 320 18.40909090909091
 803 20.45454545454545
 3490 22.5
 2131 24.54545454545455
 3872 26.59090909090909
 1312 28.63636363636364
 1305 30.68181818181818
 1218 32.72727272727273
 1682 34.77272727272727
 1086 36.81818181818182
 2080 38.86363636363636
 2067 40.90909090909091
 740 42.95454545454545
 748 45
 1327 47.04545454545455
 527 49.09090909090909
 527 51.13636363636363
 416 53.18181818181818
 281 55.22727272727273
 257 57.27272727272727
 95 59.31818181818182
 103 61.36363636363636
 57 63.40909090909091
 16 65.45454545454545
 8 67.5
 0 69.54545454545455
 0 71.59090909090909
 0 73.63636363636364
 0 75.68181818181819
 0 77.72727272727272
 0 79.77272727272727
 0 81.81818181818181
 0 83.86363636363636
 0 85.90909090909091
 0 87.95454545454545
 0 90


