# Created by Octave 3.8.2, Mon Jun 22 23:43:38 2020 CEST <damian@fptrucha.inv.usc.es>
# name: hd
# type: matrix
# rows: 45
# columns: 2
 4 0
 2551 2.045454545454545
 7 4.090909090909091
 6 6.136363636363637
 2423 8.181818181818182
 294 10.22727272727273
 250 12.27272727272727
 804 14.31818181818182
 2773 16.36363636363636
 311 18.40909090909091
 825 20.45454545454545
 3716 22.5
 2317 24.54545454545455
 4079 26.59090909090909
 1494 28.63636363636364
 1435 30.68181818181818
 1412 32.72727272727273
 1765 34.77272727272727
 1243 36.81818181818182
 2334 38.86363636363636
 2283 40.90909090909091
 866 42.95454545454545
 828 45
 1495 47.04545454545455
 634 49.09090909090909
 604 51.13636363636363
 511 53.18181818181818
 341 55.22727272727273
 321 57.27272727272727
 136 59.31818181818182
 150 61.36363636363636
 95 63.40909090909091
 27 65.45454545454545
 15 67.5
 0 69.54545454545455
 0 71.59090909090909
 0 73.63636363636364
 0 75.68181818181819
 0 77.72727272727272
 0 79.77272727272727
 0 81.81818181818181
 0 83.86363636363636
 0 85.90909090909091
 0 87.95454545454545
 0 90


