# Created by Octave 3.8.2, Mon Jun 22 06:23:33 2020 CEST <damian@fptrucha.inv.usc.es>
# name: hd
# type: matrix
# rows: 45
# columns: 2
 7 0
 2227 2.045454545454545
 2 4.090909090909091
 13 6.136363636363637
 2098 8.181818181818182
 282 10.22727272727273
 235 12.27272727272727
 737 14.31818181818182
 2282 16.36363636363636
 265 18.40909090909091
 743 20.45454545454545
 3455 22.5
 1887 24.54545454545455
 3658 26.59090909090909
 1315 28.63636363636364
 1305 30.68181818181818
 1270 32.72727272727273
 1464 34.77272727272727
 1039 36.81818181818182
 2024 38.86363636363636
 1936 40.90909090909091
 786 42.95454545454545
 791 45
 1310 47.04545454545455
 618 49.09090909090909
 561 51.13636363636363
 510 53.18181818181818
 326 55.22727272727273
 327 57.27272727272727
 133 59.31818181818182
 130 61.36363636363636
 83 63.40909090909091
 26 65.45454545454545
 16 67.5
 3 69.54545454545455
 0 71.59090909090909
 0 73.63636363636364
 0 75.68181818181819
 0 77.72727272727272
 0 79.77272727272727
 0 81.81818181818181
 0 83.86363636363636
 0 85.90909090909091
 0 87.95454545454545
 0 90


