# Created by Octave 3.8.2, Mon Jun 22 05:48:33 2020 CEST <damian@fptrucha.inv.usc.es>
# name: hd
# type: matrix
# rows: 45
# columns: 2
 6 0
 2226 2.045454545454545
 6 4.090909090909091
 7 6.136363636363637
 2089 8.181818181818182
 249 10.22727272727273
 255 12.27272727272727
 757 14.31818181818182
 2243 16.36363636363636
 264 18.40909090909091
 726 20.45454545454545
 3406 22.5
 1875 24.54545454545455
 3588 26.59090909090909
 1293 28.63636363636364
 1231 30.68181818181818
 1326 32.72727272727273
 1492 34.77272727272727
 1060 36.81818181818182
 1938 38.86363636363636
 2043 40.90909090909091
 837 42.95454545454545
 769 45
 1227 47.04545454545455
 578 49.09090909090909
 553 51.13636363636363
 465 53.18181818181818
 364 55.22727272727273
 289 57.27272727272727
 150 59.31818181818182
 147 61.36363636363636
 90 63.40909090909091
 29 65.45454545454545
 13 67.5
 4 69.54545454545455
 0 71.59090909090909
 0 73.63636363636364
 0 75.68181818181819
 0 77.72727272727272
 0 79.77272727272727
 0 81.81818181818181
 0 83.86363636363636
 0 85.90909090909091
 0 87.95454545454545
 0 90


