# Created by Octave 3.8.2, Mon Jun 22 18:40:46 2020 CEST <damian@fptrucha.inv.usc.es>
# name: hd
# type: matrix
# rows: 45
# columns: 2
 2 0
 2427 2.045454545454545
 3 4.090909090909091
 7 6.136363636363637
 2341 8.181818181818182
 253 10.22727272727273
 263 12.27272727272727
 813 14.31818181818182
 2659 16.36363636363636
 290 18.40909090909091
 877 20.45454545454545
 3623 22.5
 2155 24.54545454545455
 4000 26.59090909090909
 1425 28.63636363636364
 1356 30.68181818181818
 1362 32.72727272727273
 1800 34.77272727272727
 1166 36.81818181818182
 2196 38.86363636363636
 2190 40.90909090909091
 903 42.95454545454545
 775 45
 1432 47.04545454545455
 664 49.09090909090909
 595 51.13636363636363
 499 53.18181818181818
 365 55.22727272727273
 378 57.27272727272727
 130 59.31818181818182
 118 61.36363636363636
 76 63.40909090909091
 31 65.45454545454545
 12 67.5
 3 69.54545454545455
 0 71.59090909090909
 0 73.63636363636364
 0 75.68181818181819
 0 77.72727272727272
 0 79.77272727272727
 0 81.81818181818181
 0 83.86363636363636
 0 85.90909090909091
 0 87.95454545454545
 0 90


