# Created by Octave 3.8.2, Sat Jun 20 22:08:02 2020 CEST <damian@fptrucha.inv.usc.es>
# name: hd
# type: matrix
# rows: 45
# columns: 2
 5 0
 2364 2.045454545454545
 1 4.090909090909091
 3 6.136363636363637
 2371 8.181818181818182
 314 10.22727272727273
 256 12.27272727272727
 818 14.31818181818182
 2579 16.36363636363636
 336 18.40909090909091
 760 20.45454545454545
 3608 22.5
 2088 24.54545454545455
 3941 26.59090909090909
 1258 28.63636363636364
 1346 30.68181818181818
 1342 32.72727272727273
 1696 34.77272727272727
 1053 36.81818181818182
 2061 38.86363636363636
 2111 40.90909090909091
 747 42.95454545454545
 807 45
 1298 47.04545454545455
 618 49.09090909090909
 467 51.13636363636363
 395 53.18181818181818
 287 55.22727272727273
 260 57.27272727272727
 100 59.31818181818182
 94 61.36363636363636
 65 63.40909090909091
 21 65.45454545454545
 10 67.5
 4 69.54545454545455
 1 71.59090909090909
 0 73.63636363636364
 0 75.68181818181819
 0 77.72727272727272
 0 79.77272727272727
 0 81.81818181818181
 0 83.86363636363636
 0 85.90909090909091
 0 87.95454545454545
 0 90


