# Created by Octave 3.8.2, Sat Jun 20 06:40:35 2020 CEST <damian@fptrucha.inv.usc.es>
# name: hd
# type: matrix
# rows: 45
# columns: 2
 7 0
 2605 2.045454545454545
 5 4.090909090909091
 8 6.136363636363637
 2566 8.181818181818182
 343 10.22727272727273
 283 12.27272727272727
 914 14.31818181818182
 2784 16.36363636363636
 321 18.40909090909091
 852 20.45454545454545
 4021 22.5
 2460 24.54545454545455
 4406 26.59090909090909
 1520 28.63636363636364
 1452 30.68181818181818
 1450 32.72727272727273
 1832 34.77272727272727
 1155 36.81818181818182
 2363 38.86363636363636
 2201 40.90909090909091
 861 42.95454545454545
 916 45
 1524 47.04545454545455
 677 49.09090909090909
 555 51.13636363636363
 520 53.18181818181818
 315 55.22727272727273
 300 57.27272727272727
 131 59.31818181818182
 114 61.36363636363636
 78 63.40909090909091
 18 65.45454545454545
 10 67.5
 0 69.54545454545455
 1 71.59090909090909
 0 73.63636363636364
 0 75.68181818181819
 0 77.72727272727272
 0 79.77272727272727
 0 81.81818181818181
 0 83.86363636363636
 0 85.90909090909091
 0 87.95454545454545
 0 90


