# Created by Octave 3.8.2, Mon Jun 22 17:57:24 2020 CEST <damian@fptrucha.inv.usc.es>
# name: hd
# type: matrix
# rows: 45
# columns: 2
 6 0
 2489 2.045454545454545
 4 4.090909090909091
 12 6.136363636363637
 2362 8.181818181818182
 265 10.22727272727273
 280 12.27272727272727
 788 14.31818181818182
 2593 16.36363636363636
 312 18.40909090909091
 831 20.45454545454545
 3775 22.5
 2102 24.54545454545455
 3853 26.59090909090909
 1431 28.63636363636364
 1348 30.68181818181818
 1330 32.72727272727273
 1730 34.77272727272727
 1140 36.81818181818182
 2232 38.86363636363636
 2160 40.90909090909091
 909 42.95454545454545
 844 45
 1428 47.04545454545455
 671 49.09090909090909
 579 51.13636363636363
 494 53.18181818181818
 321 55.22727272727273
 332 57.27272727272727
 166 59.31818181818182
 133 61.36363636363636
 65 63.40909090909091
 17 65.45454545454545
 30 67.5
 4 69.54545454545455
 0 71.59090909090909
 0 73.63636363636364
 0 75.68181818181819
 0 77.72727272727272
 0 79.77272727272727
 0 81.81818181818181
 0 83.86363636363636
 0 85.90909090909091
 0 87.95454545454545
 0 90


