# Created by Octave 3.8.2, Sun Jun 21 00:07:43 2020 CEST <damian@fptrucha.inv.usc.es>
# name: hd
# type: matrix
# rows: 45
# columns: 2
 3 0
 2368 2.045454545454545
 2 4.090909090909091
 3 6.136363636363637
 2319 8.181818181818182
 308 10.22727272727273
 234 12.27272727272727
 806 14.31818181818182
 2528 16.36363636363636
 342 18.40909090909091
 764 20.45454545454545
 3457 22.5
 2060 24.54545454545455
 3832 26.59090909090909
 1281 28.63636363636364
 1351 30.68181818181818
 1236 32.72727272727273
 1671 34.77272727272727
 1071 36.81818181818182
 2004 38.86363636363636
 2049 40.90909090909091
 747 42.95454545454545
 799 45
 1345 47.04545454545455
 535 49.09090909090909
 507 51.13636363636363
 433 53.18181818181818
 271 55.22727272727273
 307 57.27272727272727
 116 59.31818181818182
 106 61.36363636363636
 62 63.40909090909091
 10 65.45454545454545
 11 67.5
 2 69.54545454545455
 0 71.59090909090909
 0 73.63636363636364
 0 75.68181818181819
 0 77.72727272727272
 0 79.77272727272727
 0 81.81818181818181
 0 83.86363636363636
 0 85.90909090909091
 0 87.95454545454545
 0 90


