# Created by Octave 3.8.2, Sat Jun 20 10:28:46 2020 CEST <damian@fptrucha.inv.usc.es>
# name: hd
# type: matrix
# rows: 45
# columns: 2
 3 0
 2614 2.045454545454545
 2 4.090909090909091
 5 6.136363636363637
 2664 8.181818181818182
 353 10.22727272727273
 261 12.27272727272727
 913 14.31818181818182
 2924 16.36363636363636
 375 18.40909090909091
 926 20.45454545454545
 4014 22.5
 2413 24.54545454545455
 4417 26.59090909090909
 1508 28.63636363636364
 1479 30.68181818181818
 1460 32.72727272727273
 1955 34.77272727272727
 1233 36.81818181818182
 2449 38.86363636363636
 2312 40.90909090909091
 856 42.95454545454545
 855 45
 1481 47.04545454545455
 657 49.09090909090909
 581 51.13636363636363
 445 53.18181818181818
 329 55.22727272727273
 327 57.27272727272727
 146 59.31818181818182
 112 61.36363636363636
 76 63.40909090909091
 27 65.45454545454545
 12 67.5
 1 69.54545454545455
 0 71.59090909090909
 0 73.63636363636364
 0 75.68181818181819
 0 77.72727272727272
 0 79.77272727272727
 0 81.81818181818181
 0 83.86363636363636
 0 85.90909090909091
 0 87.95454545454545
 0 90


