# Created by Octave 3.8.2, Sat Jun 20 10:33:09 2020 CEST <damian@fptrucha.inv.usc.es>
# name: hd
# type: matrix
# rows: 45
# columns: 2
 8 0
 2668 2.045454545454545
 4 4.090909090909091
 10 6.136363636363637
 2574 8.181818181818182
 351 10.22727272727273
 264 12.27272727272727
 898 14.31818181818182
 2867 16.36363636363636
 394 18.40909090909091
 898 20.45454545454545
 4023 22.5
 2357 24.54545454545455
 4404 26.59090909090909
 1459 28.63636363636364
 1459 30.68181818181818
 1446 32.72727272727273
 1885 34.77272727272727
 1223 36.81818181818182
 2374 38.86363636363636
 2327 40.90909090909091
 872 42.95454545454545
 825 45
 1550 47.04545454545455
 680 49.09090909090909
 543 51.13636363636363
 494 53.18181818181818
 346 55.22727272727273
 315 57.27272727272727
 144 59.31818181818182
 111 61.36363636363636
 77 63.40909090909091
 25 65.45454545454545
 11 67.5
 4 69.54545454545455
 0 71.59090909090909
 0 73.63636363636364
 0 75.68181818181819
 0 77.72727272727272
 0 79.77272727272727
 0 81.81818181818181
 0 83.86363636363636
 0 85.90909090909091
 0 87.95454545454545
 0 90


