# Created by Octave 3.8.2, Sun Jun 21 07:28:50 2020 CEST <damian@fptrucha.inv.usc.es>
# name: hd
# type: matrix
# rows: 45
# columns: 2
 3 0
 2403 2.045454545454545
 2 4.090909090909091
 4 6.136363636363637
 2225 8.181818181818182
 335 10.22727272727273
 225 12.27272727272727
 767 14.31818181818182
 2565 16.36363636363636
 284 18.40909090909091
 829 20.45454545454545
 3544 22.5
 2155 24.54545454545455
 3892 26.59090909090909
 1285 28.63636363636364
 1235 30.68181818181818
 1267 32.72727272727273
 1592 34.77272727272727
 1035 36.81818181818182
 2103 38.86363636363636
 1975 40.90909090909091
 708 42.95454545454545
 742 45
 1317 47.04545454545455
 587 49.09090909090909
 484 51.13636363636363
 407 53.18181818181818
 257 55.22727272727273
 219 57.27272727272727
 111 59.31818181818182
 80 61.36363636363636
 42 63.40909090909091
 25 65.45454545454545
 10 67.5
 0 69.54545454545455
 0 71.59090909090909
 0 73.63636363636364
 0 75.68181818181819
 0 77.72727272727272
 0 79.77272727272727
 0 81.81818181818181
 0 83.86363636363636
 0 85.90909090909091
 0 87.95454545454545
 0 90


