# Created by Octave 3.8.2, Mon Jun 22 06:57:40 2020 CEST <damian@fptrucha.inv.usc.es>
# name: hd
# type: matrix
# rows: 45
# columns: 2
 1 0
 1442 2.045454545454545
 5 4.090909090909091
 7 6.136363636363637
 1323 8.181818181818182
 165 10.22727272727273
 135 12.27272727272727
 480 14.31818181818182
 1489 16.36363636363636
 167 18.40909090909091
 536 20.45454545454545
 2203 22.5
 1311 24.54545454545455
 2302 26.59090909090909
 868 28.63636363636364
 778 30.68181818181818
 790 32.72727272727273
 998 34.77272727272727
 694 36.81818181818182
 1314 38.86363636363636
 1251 40.90909090909091
 514 42.95454545454545
 517 45
 824 47.04545454545455
 407 49.09090909090909
 339 51.13636363636363
 310 53.18181818181818
 231 55.22727272727273
 200 57.27272727272727
 88 59.31818181818182
 80 61.36363636363636
 62 63.40909090909091
 18 65.45454545454545
 9 67.5
 1 69.54545454545455
 0 71.59090909090909
 0 73.63636363636364
 0 75.68181818181819
 0 77.72727272727272
 0 79.77272727272727
 0 81.81818181818181
 0 83.86363636363636
 0 85.90909090909091
 0 87.95454545454545
 0 90


