# Created by Octave 3.8.2, Tue Jun 23 00:27:35 2020 CEST <damian@fptrucha.inv.usc.es>
# name: hd
# type: matrix
# rows: 45
# columns: 2
 11 0
 2480 2.045454545454545
 2 4.090909090909091
 10 6.136363636363637
 2497 8.181818181818182
 324 10.22727272727273
 283 12.27272727272727
 847 14.31818181818182
 2845 16.36363636363636
 335 18.40909090909091
 836 20.45454545454545
 3763 22.5
 2236 24.54545454545455
 4269 26.59090909090909
 1424 28.63636363636364
 1479 30.68181818181818
 1374 32.72727272727273
 1771 34.77272727272727
 1179 36.81818181818182
 2251 38.86363636363636
 2267 40.90909090909091
 887 42.95454545454545
 844 45
 1487 47.04545454545455
 688 49.09090909090909
 579 51.13636363636363
 515 53.18181818181818
 351 55.22727272727273
 356 57.27272727272727
 154 59.31818181818182
 134 61.36363636363636
 77 63.40909090909091
 26 65.45454545454545
 18 67.5
 5 69.54545454545455
 0 71.59090909090909
 0 73.63636363636364
 0 75.68181818181819
 0 77.72727272727272
 0 79.77272727272727
 0 81.81818181818181
 0 83.86363636363636
 0 85.90909090909091
 0 87.95454545454545
 0 90


