# Created by Octave 3.8.2, Mon Jun 22 02:06:11 2020 CEST <damian@fptrucha.inv.usc.es>
# name: hd
# type: matrix
# rows: 45
# columns: 2
 5 0
 2247 2.045454545454545
 4 4.090909090909091
 9 6.136363636363637
 2136 8.181818181818182
 334 10.22727272727273
 266 12.27272727272727
 790 14.31818181818182
 2461 16.36363636363636
 285 18.40909090909091
 789 20.45454545454545
 3440 22.5
 2035 24.54545454545455
 3924 26.59090909090909
 1272 28.63636363636364
 1365 30.68181818181818
 1338 32.72727272727273
 1668 34.77272727272727
 1109 36.81818181818182
 2189 38.86363636363636
 2122 40.90909090909091
 816 42.95454545454545
 762 45
 1395 47.04545454545455
 596 49.09090909090909
 567 51.13636363636363
 470 53.18181818181818
 318 55.22727272727273
 313 57.27272727272727
 155 59.31818181818182
 133 61.36363636363636
 82 63.40909090909091
 29 65.45454545454545
 13 67.5
 1 69.54545454545455
 0 71.59090909090909
 0 73.63636363636364
 0 75.68181818181819
 0 77.72727272727272
 0 79.77272727272727
 0 81.81818181818181
 0 83.86363636363636
 0 85.90909090909091
 0 87.95454545454545
 0 90


