# Created by Octave 3.8.2, Mon Jun 22 09:20:16 2020 CEST <damian@fptrucha.inv.usc.es>
# name: hd
# type: matrix
# rows: 45
# columns: 2
 7 0
 2235 2.045454545454545
 3 4.090909090909091
 12 6.136363636363637
 2164 8.181818181818182
 279 10.22727272727273
 238 12.27272727272727
 771 14.31818181818182
 2426 16.36363636363636
 262 18.40909090909091
 766 20.45454545454545
 3561 22.5
 1920 24.54545454545455
 3622 26.59090909090909
 1298 28.63636363636364
 1299 30.68181818181818
 1342 32.72727272727273
 1545 34.77272727272727
 1081 36.81818181818182
 2143 38.86363636363636
 2110 40.90909090909091
 819 42.95454545454545
 750 45
 1340 47.04545454545455
 633 49.09090909090909
 580 51.13636363636363
 494 53.18181818181818
 351 55.22727272727273
 322 57.27272727272727
 153 59.31818181818182
 130 61.36363636363636
 96 63.40909090909091
 37 65.45454545454545
 14 67.5
 5 69.54545454545455
 0 71.59090909090909
 0 73.63636363636364
 0 75.68181818181819
 0 77.72727272727272
 0 79.77272727272727
 0 81.81818181818181
 0 83.86363636363636
 0 85.90909090909091
 0 87.95454545454545
 0 90


