# Created by Octave 3.8.2, Sun Jun 21 06:18:53 2020 CEST <damian@fptrucha.inv.usc.es>
# name: hd
# type: matrix
# rows: 45
# columns: 2
 3 0
 2383 2.045454545454545
 1 4.090909090909091
 8 6.136363636363637
 2315 8.181818181818182
 319 10.22727272727273
 219 12.27272727272727
 769 14.31818181818182
 2604 16.36363636363636
 335 18.40909090909091
 752 20.45454545454545
 3531 22.5
 2108 24.54545454545455
 3948 26.59090909090909
 1266 28.63636363636364
 1375 30.68181818181818
 1296 32.72727272727273
 1703 34.77272727272727
 1062 36.81818181818182
 2098 38.86363636363636
 2016 40.90909090909091
 734 42.95454545454545
 747 45
 1238 47.04545454545455
 558 49.09090909090909
 461 51.13636363636363
 398 53.18181818181818
 265 55.22727272727273
 263 57.27272727272727
 102 59.31818181818182
 98 61.36363636363636
 41 63.40909090909091
 15 65.45454545454545
 9 67.5
 1 69.54545454545455
 0 71.59090909090909
 0 73.63636363636364
 0 75.68181818181819
 0 77.72727272727272
 0 79.77272727272727
 0 81.81818181818181
 0 83.86363636363636
 0 85.90909090909091
 0 87.95454545454545
 0 90


