# Created by Octave 3.8.2, Mon Jun 22 06:16:51 2020 CEST <damian@fptrucha.inv.usc.es>
# name: hd
# type: matrix
# rows: 45
# columns: 2
 5 0
 2272 2.045454545454545
 3 4.090909090909091
 14 6.136363636363637
 2098 8.181818181818182
 261 10.22727272727273
 269 12.27272727272727
 714 14.31818181818182
 2409 16.36363636363636
 246 18.40909090909091
 720 20.45454545454545
 3532 22.5
 1975 24.54545454545455
 3560 26.59090909090909
 1289 28.63636363636364
 1279 30.68181818181818
 1243 32.72727272727273
 1537 34.77272727272727
 1082 36.81818181818182
 2057 38.86363636363636
 1950 40.90909090909091
 876 42.95454545454545
 774 45
 1387 47.04545454545455
 652 49.09090909090909
 571 51.13636363636363
 462 53.18181818181818
 334 55.22727272727273
 338 57.27272727272727
 146 59.31818181818182
 140 61.36363636363636
 89 63.40909090909091
 24 65.45454545454545
 20 67.5
 2 69.54545454545455
 0 71.59090909090909
 0 73.63636363636364
 0 75.68181818181819
 0 77.72727272727272
 0 79.77272727272727
 0 81.81818181818181
 0 83.86363636363636
 0 85.90909090909091
 0 87.95454545454545
 0 90


