# Created by Octave 3.8.2, Mon Jun 22 04:29:03 2020 CEST <damian@fptrucha.inv.usc.es>
# name: hd
# type: matrix
# rows: 45
# columns: 2
 8 0
 2126 2.045454545454545
 2 4.090909090909091
 11 6.136363636363637
 1904 8.181818181818182
 263 10.22727272727273
 238 12.27272727272727
 691 14.31818181818182
 2160 16.36363636363636
 248 18.40909090909091
 661 20.45454545454545
 3113 22.5
 1846 24.54545454545455
 3497 26.59090909090909
 1209 28.63636363636364
 1218 30.68181818181818
 1134 32.72727272727273
 1365 34.77272727272727
 979 36.81818181818182
 1959 38.86363636363636
 1961 40.90909090909091
 798 42.95454545454545
 704 45
 1271 47.04545454545455
 632 49.09090909090909
 540 51.13636363636363
 523 53.18181818181818
 373 55.22727272727273
 286 57.27272727272727
 138 59.31818181818182
 159 61.36363636363636
 76 63.40909090909091
 33 65.45454545454545
 21 67.5
 4 69.54545454545455
 0 71.59090909090909
 0 73.63636363636364
 0 75.68181818181819
 0 77.72727272727272
 0 79.77272727272727
 0 81.81818181818181
 0 83.86363636363636
 0 85.90909090909091
 0 87.95454545454545
 0 90


