# Created by Octave 3.8.2, Sat Jun 20 06:01:04 2020 CEST <damian@fptrucha.inv.usc.es>
# name: hd
# type: matrix
# rows: 45
# columns: 2
 5 0
 2648 2.045454545454545
 4 4.090909090909091
 10 6.136363636363637
 2641 8.181818181818182
 359 10.22727272727273
 285 12.27272727272727
 863 14.31818181818182
 2904 16.36363636363636
 368 18.40909090909091
 886 20.45454545454545
 4098 22.5
 2368 24.54545454545455
 4381 26.59090909090909
 1447 28.63636363636364
 1485 30.68181818181818
 1476 32.72727272727273
 1822 34.77272727272727
 1264 36.81818181818182
 2426 38.86363636363636
 2267 40.90909090909091
 840 42.95454545454545
 901 45
 1490 47.04545454545455
 685 49.09090909090909
 551 51.13636363636363
 501 53.18181818181818
 341 55.22727272727273
 332 57.27272727272727
 143 59.31818181818182
 124 61.36363636363636
 62 63.40909090909091
 19 65.45454545454545
 12 67.5
 1 69.54545454545455
 0 71.59090909090909
 0 73.63636363636364
 0 75.68181818181819
 0 77.72727272727272
 0 79.77272727272727
 0 81.81818181818181
 0 83.86363636363636
 0 85.90909090909091
 0 87.95454545454545
 0 90


