# Created by Octave 3.8.2, Sat Jun 20 04:28:17 2020 CEST <damian@fptrucha.inv.usc.es>
# name: hd
# type: matrix
# rows: 45
# columns: 2
 3 0
 2744 2.045454545454545
 0 4.090909090909091
 9 6.136363636363637
 2577 8.181818181818182
 369 10.22727272727273
 294 12.27272727272727
 915 14.31818181818182
 2954 16.36363636363636
 310 18.40909090909091
 904 20.45454545454545
 3915 22.5
 2283 24.54545454545455
 4253 26.59090909090909
 1496 28.63636363636364
 1462 30.68181818181818
 1444 32.72727272727273
 1864 34.77272727272727
 1211 36.81818181818182
 2372 38.86363636363636
 2303 40.90909090909091
 819 42.95454545454545
 909 45
 1493 47.04545454545455
 720 49.09090909090909
 543 51.13636363636363
 499 53.18181818181818
 276 55.22727272727273
 324 57.27272727272727
 129 59.31818181818182
 119 61.36363636363636
 70 63.40909090909091
 25 65.45454545454545
 17 67.5
 1 69.54545454545455
 0 71.59090909090909
 0 73.63636363636364
 0 75.68181818181819
 0 77.72727272727272
 0 79.77272727272727
 0 81.81818181818181
 0 83.86363636363636
 0 85.90909090909091
 0 87.95454545454545
 0 90


