# Created by Octave 3.8.2, Sun Jun 21 07:27:44 2020 CEST <damian@fptrucha.inv.usc.es>
# name: hd
# type: matrix
# rows: 45
# columns: 2
 3 0
 2361 2.045454545454545
 1 4.090909090909091
 6 6.136363636363637
 2267 8.181818181818182
 272 10.22727272727273
 239 12.27272727272727
 776 14.31818181818182
 2477 16.36363636363636
 301 18.40909090909091
 831 20.45454545454545
 3573 22.5
 2020 24.54545454545455
 3881 26.59090909090909
 1287 28.63636363636364
 1301 30.68181818181818
 1276 32.72727272727273
 1648 34.77272727272727
 1079 36.81818181818182
 2063 38.86363636363636
 1989 40.90909090909091
 761 42.95454545454545
 788 45
 1220 47.04545454545455
 575 49.09090909090909
 490 51.13636363636363
 366 53.18181818181818
 241 55.22727272727273
 268 57.27272727272727
 89 59.31818181818182
 88 61.36363636363636
 52 63.40909090909091
 19 65.45454545454545
 9 67.5
 4 69.54545454545455
 0 71.59090909090909
 0 73.63636363636364
 0 75.68181818181819
 0 77.72727272727272
 0 79.77272727272727
 0 81.81818181818181
 0 83.86363636363636
 0 85.90909090909091
 0 87.95454545454545
 0 90


