# Created by Octave 3.8.2, Mon Jun 22 05:19:58 2020 CEST <damian@fptrucha.inv.usc.es>
# name: hd
# type: matrix
# rows: 45
# columns: 2
 6 0
 2073 2.045454545454545
 3 4.090909090909091
 9 6.136363636363637
 2070 8.181818181818182
 292 10.22727272727273
 226 12.27272727272727
 670 14.31818181818182
 2343 16.36363636363636
 262 18.40909090909091
 749 20.45454545454545
 3308 22.5
 1879 24.54545454545455
 3508 26.59090909090909
 1231 28.63636363636364
 1242 30.68181818181818
 1287 32.72727272727273
 1485 34.77272727272727
 997 36.81818181818182
 1944 38.86363636363636
 1995 40.90909090909091
 826 42.95454545454545
 768 45
 1300 47.04545454545455
 633 49.09090909090909
 538 51.13636363636363
 511 53.18181818181818
 338 55.22727272727273
 328 57.27272727272727
 151 59.31818181818182
 150 61.36363636363636
 66 63.40909090909091
 32 65.45454545454545
 22 67.5
 6 69.54545454545455
 0 71.59090909090909
 0 73.63636363636364
 0 75.68181818181819
 0 77.72727272727272
 0 79.77272727272727
 0 81.81818181818181
 0 83.86363636363636
 0 85.90909090909091
 0 87.95454545454545
 0 90


