# Created by Octave 3.8.2, Mon Jun 22 11:30:01 2020 CEST <damian@fptrucha.inv.usc.es>
# name: hd
# type: matrix
# rows: 45
# columns: 2
 8 0
 2309 2.045454545454545
 1 4.090909090909091
 14 6.136363636363637
 2075 8.181818181818182
 291 10.22727272727273
 233 12.27272727272727
 788 14.31818181818182
 2487 16.36363636363636
 291 18.40909090909091
 804 20.45454545454545
 3579 22.5
 2057 24.54545454545455
 3870 26.59090909090909
 1376 28.63636363636364
 1319 30.68181818181818
 1304 32.72727272727273
 1575 34.77272727272727
 1130 36.81818181818182
 2063 38.86363636363636
 2069 40.90909090909091
 826 42.95454545454545
 811 45
 1329 47.04545454545455
 621 49.09090909090909
 502 51.13636363636363
 491 53.18181818181818
 344 55.22727272727273
 329 57.27272727272727
 143 59.31818181818182
 128 61.36363636363636
 76 63.40909090909091
 40 65.45454545454545
 15 67.5
 5 69.54545454545455
 0 71.59090909090909
 0 73.63636363636364
 0 75.68181818181819
 0 77.72727272727272
 0 79.77272727272727
 0 81.81818181818181
 0 83.86363636363636
 0 85.90909090909091
 0 87.95454545454545
 0 90


