# Created by Octave 3.8.2, Sat Jun 20 03:57:55 2020 CEST <damian@fptrucha.inv.usc.es>
# name: hd
# type: matrix
# rows: 45
# columns: 2
 1 0
 2573 2.045454545454545
 4 4.090909090909091
 9 6.136363636363637
 2560 8.181818181818182
 342 10.22727272727273
 298 12.27272727272727
 862 14.31818181818182
 2888 16.36363636363636
 317 18.40909090909091
 882 20.45454545454545
 4007 22.5
 2365 24.54545454545455
 4375 26.59090909090909
 1459 28.63636363636364
 1522 30.68181818181818
 1478 32.72727272727273
 1850 34.77272727272727
 1185 36.81818181818182
 2325 38.86363636363636
 2251 40.90909090909091
 865 42.95454545454545
 894 45
 1418 47.04545454545455
 673 49.09090909090909
 532 51.13636363636363
 468 53.18181818181818
 309 55.22727272727273
 290 57.27272727272727
 118 59.31818181818182
 102 61.36363636363636
 65 63.40909090909091
 21 65.45454545454545
 6 67.5
 3 69.54545454545455
 0 71.59090909090909
 0 73.63636363636364
 0 75.68181818181819
 0 77.72727272727272
 0 79.77272727272727
 0 81.81818181818181
 0 83.86363636363636
 0 85.90909090909091
 0 87.95454545454545
 0 90


