# Created by Octave 3.8.2, Sun Jun 21 07:56:05 2020 CEST <damian@fptrucha.inv.usc.es>
# name: hd
# type: matrix
# rows: 45
# columns: 2
 6 0
 2330 2.045454545454545
 2 4.090909090909091
 7 6.136363636363637
 2290 8.181818181818182
 298 10.22727272727273
 239 12.27272727272727
 796 14.31818181818182
 2544 16.36363636363636
 305 18.40909090909091
 775 20.45454545454545
 3478 22.5
 2093 24.54545454545455
 3788 26.59090909090909
 1222 28.63636363636364
 1212 30.68181818181818
 1257 32.72727272727273
 1634 34.77272727272727
 991 36.81818181818182
 2074 38.86363636363636
 2015 40.90909090909091
 740 42.95454545454545
 727 45
 1316 47.04545454545455
 551 49.09090909090909
 481 51.13636363636363
 413 53.18181818181818
 247 55.22727272727273
 278 57.27272727272727
 114 59.31818181818182
 77 61.36363636363636
 46 63.40909090909091
 21 65.45454545454545
 16 67.5
 5 69.54545454545455
 0 71.59090909090909
 0 73.63636363636364
 0 75.68181818181819
 0 77.72727272727272
 0 79.77272727272727
 0 81.81818181818181
 0 83.86363636363636
 0 85.90909090909091
 0 87.95454545454545
 0 90


