# Created by Octave 3.8.2, Sat Jun 20 21:33:33 2020 CEST <damian@fptrucha.inv.usc.es>
# name: hd
# type: matrix
# rows: 45
# columns: 2
 6 0
 2446 2.045454545454545
 2 4.090909090909091
 4 6.136363636363637
 2285 8.181818181818182
 336 10.22727272727273
 243 12.27272727272727
 807 14.31818181818182
 2586 16.36363636363636
 316 18.40909090909091
 802 20.45454545454545
 3484 22.5
 2107 24.54545454545455
 3831 26.59090909090909
 1327 28.63636363636364
 1261 30.68181818181818
 1315 32.72727272727273
 1626 34.77272727272727
 1105 36.81818181818182
 2083 38.86363636363636
 2006 40.90909090909091
 756 42.95454545454545
 768 45
 1333 47.04545454545455
 638 49.09090909090909
 494 51.13636363636363
 447 53.18181818181818
 299 55.22727272727273
 278 57.27272727272727
 110 59.31818181818182
 85 61.36363636363636
 57 63.40909090909091
 16 65.45454545454545
 9 67.5
 1 69.54545454545455
 0 71.59090909090909
 0 73.63636363636364
 0 75.68181818181819
 0 77.72727272727272
 0 79.77272727272727
 0 81.81818181818181
 0 83.86363636363636
 0 85.90909090909091
 0 87.95454545454545
 0 90


