# Created by Octave 3.8.2, Mon Jun 22 03:58:36 2020 CEST <damian@fptrucha.inv.usc.es>
# name: hd
# type: matrix
# rows: 45
# columns: 2
 7 0
 2084 2.045454545454545
 3 4.090909090909091
 19 6.136363636363637
 2005 8.181818181818182
 278 10.22727272727273
 210 12.27272727272727
 698 14.31818181818182
 2235 16.36363636363636
 252 18.40909090909091
 737 20.45454545454545
 3350 22.5
 1812 24.54545454545455
 3438 26.59090909090909
 1247 28.63636363636364
 1221 30.68181818181818
 1222 32.72727272727273
 1437 34.77272727272727
 1035 36.81818181818182
 2014 38.86363636363636
 1993 40.90909090909091
 810 42.95454545454545
 790 45
 1306 47.04545454545455
 590 49.09090909090909
 618 51.13636363636363
 467 53.18181818181818
 320 55.22727272727273
 331 57.27272727272727
 139 59.31818181818182
 135 61.36363636363636
 101 63.40909090909091
 36 65.45454545454545
 20 67.5
 2 69.54545454545455
 0 71.59090909090909
 0 73.63636363636364
 0 75.68181818181819
 0 77.72727272727272
 0 79.77272727272727
 0 81.81818181818181
 0 83.86363636363636
 0 85.90909090909091
 0 87.95454545454545
 0 90


