# Created by Octave 3.8.2, Mon Jun 22 05:34:13 2020 CEST <damian@fptrucha.inv.usc.es>
# name: hd
# type: matrix
# rows: 45
# columns: 2
 7 0
 2282 2.045454545454545
 7 4.090909090909091
 12 6.136363636363637
 2082 8.181818181818182
 250 10.22727272727273
 228 12.27272727272727
 638 14.31818181818182
 2291 16.36363636363636
 272 18.40909090909091
 763 20.45454545454545
 3356 22.5
 1903 24.54545454545455
 3569 26.59090909090909
 1246 28.63636363636364
 1268 30.68181818181818
 1231 32.72727272727273
 1507 34.77272727272727
 997 36.81818181818182
 2068 38.86363636363636
 2001 40.90909090909091
 790 42.95454545454545
 720 45
 1336 47.04545454545455
 540 49.09090909090909
 501 51.13636363636363
 473 53.18181818181818
 339 55.22727272727273
 295 57.27272727272727
 138 59.31818181818182
 123 61.36363636363636
 89 63.40909090909091
 27 65.45454545454545
 18 67.5
 1 69.54545454545455
 0 71.59090909090909
 0 73.63636363636364
 0 75.68181818181819
 0 77.72727272727272
 0 79.77272727272727
 0 81.81818181818181
 0 83.86363636363636
 0 85.90909090909091
 0 87.95454545454545
 0 90


