# Created by Octave 3.8.2, Sun Jun 21 07:12:09 2020 CEST <damian@fptrucha.inv.usc.es>
# name: hd
# type: matrix
# rows: 45
# columns: 2
 3 0
 2353 2.045454545454545
 4 4.090909090909091
 6 6.136363636363637
 2293 8.181818181818182
 346 10.22727272727273
 250 12.27272727272727
 811 14.31818181818182
 2611 16.36363636363636
 362 18.40909090909091
 773 20.45454545454545
 3686 22.5
 2116 24.54545454545455
 3859 26.59090909090909
 1336 28.63636363636364
 1290 30.68181818181818
 1356 32.72727272727273
 1714 34.77272727272727
 1079 36.81818181818182
 2145 38.86363636363636
 2078 40.90909090909091
 804 42.95454545454545
 768 45
 1363 47.04545454545455
 595 49.09090909090909
 503 51.13636363636363
 419 53.18181818181818
 269 55.22727272727273
 291 57.27272727272727
 121 59.31818181818182
 103 61.36363636363636
 65 63.40909090909091
 17 65.45454545454545
 6 67.5
 1 69.54545454545455
 0 71.59090909090909
 0 73.63636363636364
 0 75.68181818181819
 0 77.72727272727272
 0 79.77272727272727
 0 81.81818181818181
 0 83.86363636363636
 0 85.90909090909091
 0 87.95454545454545
 0 90


