# Created by Octave 3.8.2, Sun Jun 21 02:20:45 2020 CEST <damian@fptrucha.inv.usc.es>
# name: hd
# type: matrix
# rows: 45
# columns: 2
 2 0
 2374 2.045454545454545
 0 4.090909090909091
 6 6.136363636363637
 2287 8.181818181818182
 300 10.22727272727273
 242 12.27272727272727
 742 14.31818181818182
 2636 16.36363636363636
 322 18.40909090909091
 734 20.45454545454545
 3590 22.5
 2177 24.54545454545455
 3800 26.59090909090909
 1276 28.63636363636364
 1265 30.68181818181818
 1300 32.72727272727273
 1734 34.77272727272727
 1104 36.81818181818182
 2053 38.86363636363636
 2074 40.90909090909091
 737 42.95454545454545
 775 45
 1300 47.04545454545455
 608 49.09090909090909
 479 51.13636363636363
 399 53.18181818181818
 275 55.22727272727273
 259 57.27272727272727
 105 59.31818181818182
 92 61.36363636363636
 59 63.40909090909091
 12 65.45454545454545
 17 67.5
 1 69.54545454545455
 0 71.59090909090909
 0 73.63636363636364
 0 75.68181818181819
 0 77.72727272727272
 0 79.77272727272727
 0 81.81818181818181
 0 83.86363636363636
 0 85.90909090909091
 0 87.95454545454545
 0 90


