# Created by Octave 3.8.2, Mon Jun 22 05:51:29 2020 CEST <damian@fptrucha.inv.usc.es>
# name: hd
# type: matrix
# rows: 45
# columns: 2
 8 0
 2230 2.045454545454545
 2 4.090909090909091
 7 6.136363636363637
 1983 8.181818181818182
 262 10.22727272727273
 234 12.27272727272727
 720 14.31818181818182
 2345 16.36363636363636
 286 18.40909090909091
 745 20.45454545454545
 3389 22.5
 1911 24.54545454545455
 3559 26.59090909090909
 1257 28.63636363636364
 1198 30.68181818181818
 1288 32.72727272727273
 1552 34.77272727272727
 1014 36.81818181818182
 1939 38.86363636363636
 1981 40.90909090909091
 806 42.95454545454545
 762 45
 1350 47.04545454545455
 600 49.09090909090909
 553 51.13636363636363
 451 53.18181818181818
 329 55.22727272727273
 319 57.27272727272727
 121 59.31818181818182
 102 61.36363636363636
 84 63.40909090909091
 27 65.45454545454545
 14 67.5
 1 69.54545454545455
 0 71.59090909090909
 0 73.63636363636364
 0 75.68181818181819
 0 77.72727272727272
 0 79.77272727272727
 0 81.81818181818181
 0 83.86363636363636
 0 85.90909090909091
 0 87.95454545454545
 0 90


