# Created by Octave 3.8.2, Sun Jun 21 02:42:21 2020 CEST <damian@fptrucha.inv.usc.es>
# name: hd
# type: matrix
# rows: 45
# columns: 2
 2 0
 2287 2.045454545454545
 3 4.090909090909091
 11 6.136363636363637
 2170 8.181818181818182
 331 10.22727272727273
 230 12.27272727272727
 794 14.31818181818182
 2541 16.36363636363636
 313 18.40909090909091
 750 20.45454545454545
 3386 22.5
 2028 24.54545454545455
 3765 26.59090909090909
 1228 28.63636363636364
 1266 30.68181818181818
 1295 32.72727272727273
 1626 34.77272727272727
 1101 36.81818181818182
 2104 38.86363636363636
 1925 40.90909090909091
 783 42.95454545454545
 786 45
 1263 47.04545454545455
 593 49.09090909090909
 449 51.13636363636363
 399 53.18181818181818
 276 55.22727272727273
 271 57.27272727272727
 111 59.31818181818182
 99 61.36363636363636
 52 63.40909090909091
 26 65.45454545454545
 10 67.5
 2 69.54545454545455
 0 71.59090909090909
 0 73.63636363636364
 0 75.68181818181819
 0 77.72727272727272
 0 79.77272727272727
 0 81.81818181818181
 0 83.86363636363636
 0 85.90909090909091
 0 87.95454545454545
 0 90


