# Created by Octave 3.8.2, Sun Jun 21 07:22:03 2020 CEST <damian@fptrucha.inv.usc.es>
# name: hd
# type: matrix
# rows: 45
# columns: 2
 3 0
 2403 2.045454545454545
 1 4.090909090909091
 5 6.136363636363637
 2359 8.181818181818182
 328 10.22727272727273
 219 12.27272727272727
 774 14.31818181818182
 2604 16.36363636363636
 343 18.40909090909091
 775 20.45454545454545
 3602 22.5
 2076 24.54545454545455
 3834 26.59090909090909
 1256 28.63636363636364
 1290 30.68181818181818
 1290 32.72727272727273
 1700 34.77272727272727
 1077 36.81818181818182
 1947 38.86363636363636
 1908 40.90909090909091
 736 42.95454545454545
 801 45
 1336 47.04545454545455
 615 49.09090909090909
 492 51.13636363636363
 403 53.18181818181818
 248 55.22727272727273
 251 57.27272727272727
 124 59.31818181818182
 89 61.36363636363636
 50 63.40909090909091
 10 65.45454545454545
 11 67.5
 1 69.54545454545455
 1 71.59090909090909
 0 73.63636363636364
 0 75.68181818181819
 0 77.72727272727272
 0 79.77272727272727
 0 81.81818181818181
 0 83.86363636363636
 0 85.90909090909091
 0 87.95454545454545
 0 90


