# Created by Octave 3.8.2, Sat Jun 20 16:30:05 2020 CEST <damian@fptrucha.inv.usc.es>
# name: hd
# type: matrix
# rows: 45
# columns: 2
 0 0
 2500 2.045454545454545
 4 4.090909090909091
 7 6.136363636363637
 2505 8.181818181818182
 333 10.22727272727273
 263 12.27272727272727
 810 14.31818181818182
 2555 16.36363636363636
 351 18.40909090909091
 790 20.45454545454545
 3706 22.5
 2218 24.54545454545455
 3963 26.59090909090909
 1444 28.63636363636364
 1366 30.68181818181818
 1306 32.72727272727273
 1700 34.77272727272727
 1132 36.81818181818182
 2111 38.86363636363636
 2126 40.90909090909091
 804 42.95454545454545
 792 45
 1380 47.04545454545455
 576 49.09090909090909
 534 51.13636363636363
 429 53.18181818181818
 289 55.22727272727273
 273 57.27272727272727
 110 59.31818181818182
 98 61.36363636363636
 73 63.40909090909091
 10 65.45454545454545
 4 67.5
 0 69.54545454545455
 0 71.59090909090909
 0 73.63636363636364
 0 75.68181818181819
 0 77.72727272727272
 0 79.77272727272727
 0 81.81818181818181
 0 83.86363636363636
 0 85.90909090909091
 0 87.95454545454545
 0 90


