# Created by Octave 3.8.2, Mon Jun 22 22:05:00 2020 CEST <damian@fptrucha.inv.usc.es>
# name: hd
# type: matrix
# rows: 45
# columns: 2
 6 0
 2441 2.045454545454545
 8 4.090909090909091
 9 6.136363636363637
 2343 8.181818181818182
 271 10.22727272727273
 290 12.27272727272727
 857 14.31818181818182
 2627 16.36363636363636
 315 18.40909090909091
 865 20.45454545454545
 3841 22.5
 2174 24.54545454545455
 4214 26.59090909090909
 1396 28.63636363636364
 1415 30.68181818181818
 1319 32.72727272727273
 1798 34.77272727272727
 1201 36.81818181818182
 2293 38.86363636363636
 2185 40.90909090909091
 958 42.95454545454545
 874 45
 1501 47.04545454545455
 658 49.09090909090909
 640 51.13636363636363
 517 53.18181818181818
 399 55.22727272727273
 331 57.27272727272727
 171 59.31818181818182
 124 61.36363636363636
 99 63.40909090909091
 32 65.45454545454545
 15 67.5
 1 69.54545454545455
 0 71.59090909090909
 0 73.63636363636364
 0 75.68181818181819
 0 77.72727272727272
 0 79.77272727272727
 0 81.81818181818181
 0 83.86363636363636
 0 85.90909090909091
 0 87.95454545454545
 0 90


