# Created by Octave 3.8.2, Mon Jun 22 09:14:01 2020 CEST <damian@fptrucha.inv.usc.es>
# name: hd
# type: matrix
# rows: 45
# columns: 2
 9 0
 2253 2.045454545454545
 6 4.090909090909091
 5 6.136363636363637
 2236 8.181818181818182
 273 10.22727272727273
 259 12.27272727272727
 756 14.31818181818182
 2340 16.36363636363636
 297 18.40909090909091
 758 20.45454545454545
 3455 22.5
 1951 24.54545454545455
 3795 26.59090909090909
 1278 28.63636363636364
 1286 30.68181818181818
 1280 32.72727272727273
 1559 34.77272727272727
 1051 36.81818181818182
 2118 38.86363636363636
 2092 40.90909090909091
 803 42.95454545454545
 828 45
 1345 47.04545454545455
 591 49.09090909090909
 539 51.13636363636363
 511 53.18181818181818
 316 55.22727272727273
 318 57.27272727272727
 147 59.31818181818182
 139 61.36363636363636
 84 63.40909090909091
 22 65.45454545454545
 14 67.5
 1 69.54545454545455
 0 71.59090909090909
 0 73.63636363636364
 0 75.68181818181819
 0 77.72727272727272
 0 79.77272727272727
 0 81.81818181818181
 0 83.86363636363636
 0 85.90909090909091
 0 87.95454545454545
 0 90


