# Created by Octave 3.8.2, Sat Jun 20 12:07:44 2020 CEST <damian@fptrucha.inv.usc.es>
# name: hd
# type: matrix
# rows: 45
# columns: 2
 4 0
 2608 2.045454545454545
 5 4.090909090909091
 9 6.136363636363637
 2558 8.181818181818182
 368 10.22727272727273
 251 12.27272727272727
 862 14.31818181818182
 2747 16.36363636363636
 333 18.40909090909091
 871 20.45454545454545
 3880 22.5
 2270 24.54545454545455
 4153 26.59090909090909
 1475 28.63636363636364
 1409 30.68181818181818
 1481 32.72727272727273
 1856 34.77272727272727
 1242 36.81818181818182
 2285 38.86363636363636
 2333 40.90909090909091
 847 42.95454545454545
 796 45
 1444 47.04545454545455
 651 49.09090909090909
 539 51.13636363636363
 462 53.18181818181818
 331 55.22727272727273
 290 57.27272727272727
 124 59.31818181818182
 112 61.36363636363636
 70 63.40909090909091
 20 65.45454545454545
 14 67.5
 5 69.54545454545455
 1 71.59090909090909
 0 73.63636363636364
 0 75.68181818181819
 0 77.72727272727272
 0 79.77272727272727
 0 81.81818181818181
 0 83.86363636363636
 0 85.90909090909091
 0 87.95454545454545
 0 90


