# Created by Octave 3.8.2, Sun Jun 21 02:22:56 2020 CEST <damian@fptrucha.inv.usc.es>
# name: hd
# type: matrix
# rows: 45
# columns: 2
 5 0
 2299 2.045454545454545
 1 4.090909090909091
 5 6.136363636363637
 2342 8.181818181818182
 296 10.22727272727273
 235 12.27272727272727
 831 14.31818181818182
 2641 16.36363636363636
 290 18.40909090909091
 777 20.45454545454545
 3555 22.5
 2144 24.54545454545455
 3870 26.59090909090909
 1271 28.63636363636364
 1256 30.68181818181818
 1229 32.72727272727273
 1647 34.77272727272727
 1148 36.81818181818182
 2113 38.86363636363636
 1987 40.90909090909091
 785 42.95454545454545
 789 45
 1369 47.04545454545455
 619 49.09090909090909
 474 51.13636363636363
 502 53.18181818181818
 294 55.22727272727273
 260 57.27272727272727
 112 59.31818181818182
 105 61.36363636363636
 60 63.40909090909091
 17 65.45454545454545
 13 67.5
 0 69.54545454545455
 0 71.59090909090909
 0 73.63636363636364
 0 75.68181818181819
 0 77.72727272727272
 0 79.77272727272727
 0 81.81818181818181
 0 83.86363636363636
 0 85.90909090909091
 0 87.95454545454545
 0 90


