# Created by Octave 3.8.2, Mon Jun 22 22:24:45 2020 CEST <damian@fptrucha.inv.usc.es>
# name: hd
# type: matrix
# rows: 45
# columns: 2
 12 0
 2541 2.045454545454545
 3 4.090909090909091
 9 6.136363636363637
 2399 8.181818181818182
 300 10.22727272727273
 290 12.27272727272727
 850 14.31818181818182
 2732 16.36363636363636
 307 18.40909090909091
 841 20.45454545454545
 3840 22.5
 2259 24.54545454545455
 4176 26.59090909090909
 1511 28.63636363636364
 1363 30.68181818181818
 1420 32.72727272727273
 1742 34.77272727272727
 1168 36.81818181818182
 2321 38.86363636363636
 2273 40.90909090909091
 869 42.95454545454545
 824 45
 1485 47.04545454545455
 687 49.09090909090909
 601 51.13636363636363
 578 53.18181818181818
 382 55.22727272727273
 354 57.27272727272727
 146 59.31818181818182
 130 61.36363636363636
 82 63.40909090909091
 21 65.45454545454545
 16 67.5
 4 69.54545454545455
 0 71.59090909090909
 0 73.63636363636364
 0 75.68181818181819
 0 77.72727272727272
 0 79.77272727272727
 0 81.81818181818181
 0 83.86363636363636
 0 85.90909090909091
 0 87.95454545454545
 0 90


