# Created by Octave 3.8.2, Mon Jun 22 15:47:33 2020 CEST <damian@fptrucha.inv.usc.es>
# name: hd
# type: matrix
# rows: 45
# columns: 2
 8 0
 2434 2.045454545454545
 3 4.090909090909091
 11 6.136363636363637
 2356 8.181818181818182
 314 10.22727272727273
 253 12.27272727272727
 782 14.31818181818182
 2537 16.36363636363636
 312 18.40909090909091
 854 20.45454545454545
 3727 22.5
 2100 24.54545454545455
 4054 26.59090909090909
 1462 28.63636363636364
 1412 30.68181818181818
 1375 32.72727272727273
 1680 34.77272727272727
 1190 36.81818181818182
 2260 38.86363636363636
 2147 40.90909090909091
 890 42.95454545454545
 896 45
 1479 47.04545454545455
 652 49.09090909090909
 566 51.13636363636363
 538 53.18181818181818
 352 55.22727272727273
 319 57.27272727272727
 136 59.31818181818182
 149 61.36363636363636
 96 63.40909090909091
 29 65.45454545454545
 19 67.5
 5 69.54545454545455
 0 71.59090909090909
 0 73.63636363636364
 0 75.68181818181819
 0 77.72727272727272
 0 79.77272727272727
 0 81.81818181818181
 0 83.86363636363636
 0 85.90909090909091
 0 87.95454545454545
 0 90


