# Created by Octave 3.8.2, Sat Jun 20 11:29:23 2020 CEST <damian@fptrucha.inv.usc.es>
# name: hd
# type: matrix
# rows: 45
# columns: 2
 6 0
 2656 2.045454545454545
 3 4.090909090909091
 8 6.136363636363637
 2538 8.181818181818182
 354 10.22727272727273
 267 12.27272727272727
 839 14.31818181818182
 2897 16.36363636363636
 356 18.40909090909091
 882 20.45454545454545
 4030 22.5
 2346 24.54545454545455
 4215 26.59090909090909
 1421 28.63636363636364
 1453 30.68181818181818
 1389 32.72727272727273
 1824 34.77272727272727
 1150 36.81818181818182
 2331 38.86363636363636
 2218 40.90909090909091
 879 42.95454545454545
 865 45
 1452 47.04545454545455
 608 49.09090909090909
 516 51.13636363636363
 457 53.18181818181818
 354 55.22727272727273
 295 57.27272727272727
 148 59.31818181818182
 121 61.36363636363636
 80 63.40909090909091
 23 65.45454545454545
 8 67.5
 3 69.54545454545455
 0 71.59090909090909
 0 73.63636363636364
 0 75.68181818181819
 0 77.72727272727272
 0 79.77272727272727
 0 81.81818181818181
 0 83.86363636363636
 0 85.90909090909091
 0 87.95454545454545
 0 90


