# Created by Octave 3.8.2, Sat Jun 20 12:17:43 2020 CEST <damian@fptrucha.inv.usc.es>
# name: hd
# type: matrix
# rows: 45
# columns: 2
 8 0
 2560 2.045454545454545
 4 4.090909090909091
 12 6.136363636363637
 2540 8.181818181818182
 355 10.22727272727273
 242 12.27272727272727
 853 14.31818181818182
 2918 16.36363636363636
 327 18.40909090909091
 778 20.45454545454545
 3845 22.5
 2330 24.54545454545455
 4212 26.59090909090909
 1424 28.63636363636364
 1513 30.68181818181818
 1425 32.72727272727273
 1802 34.77272727272727
 1201 36.81818181818182
 2359 38.86363636363636
 2269 40.90909090909091
 858 42.95454545454545
 851 45
 1504 47.04545454545455
 664 49.09090909090909
 551 51.13636363636363
 464 53.18181818181818
 331 55.22727272727273
 307 57.27272727272727
 120 59.31818181818182
 110 61.36363636363636
 71 63.40909090909091
 24 65.45454545454545
 17 67.5
 2 69.54545454545455
 0 71.59090909090909
 0 73.63636363636364
 0 75.68181818181819
 0 77.72727272727272
 0 79.77272727272727
 0 81.81818181818181
 0 83.86363636363636
 0 85.90909090909091
 0 87.95454545454545
 0 90


