# Created by Octave 3.8.2, Mon Jun 22 09:59:28 2020 CEST <damian@fptrucha.inv.usc.es>
# name: hd
# type: matrix
# rows: 45
# columns: 2
 4 0
 1468 2.045454545454545
 4 4.090909090909091
 4 6.136363636363637
 1409 8.181818181818182
 186 10.22727272727273
 172 12.27272727272727
 493 14.31818181818182
 1663 16.36363636363636
 176 18.40909090909091
 483 20.45454545454545
 2417 22.5
 1332 24.54545454545455
 2481 26.59090909090909
 901 28.63636363636364
 860 30.68181818181818
 883 32.72727272727273
 1062 34.77272727272727
 744 36.81818181818182
 1434 38.86363636363636
 1331 40.90909090909091
 558 42.95454545454545
 487 45
 871 47.04545454545455
 388 49.09090909090909
 355 51.13636363636363
 313 53.18181818181818
 220 55.22727272727273
 209 57.27272727272727
 91 59.31818181818182
 73 61.36363636363636
 57 63.40909090909091
 21 65.45454545454545
 16 67.5
 0 69.54545454545455
 0 71.59090909090909
 0 73.63636363636364
 0 75.68181818181819
 0 77.72727272727272
 0 79.77272727272727
 0 81.81818181818181
 0 83.86363636363636
 0 85.90909090909091
 0 87.95454545454545
 0 90


