# Created by Octave 3.8.2, Sat Jun 20 19:05:30 2020 CEST <damian@fptrucha.inv.usc.es>
# name: hd
# type: matrix
# rows: 45
# columns: 2
 6 0
 2384 2.045454545454545
 2 4.090909090909091
 11 6.136363636363637
 2330 8.181818181818182
 347 10.22727272727273
 242 12.27272727272727
 802 14.31818181818182
 2610 16.36363636363636
 347 18.40909090909091
 795 20.45454545454545
 3548 22.5
 2077 24.54545454545455
 3907 26.59090909090909
 1334 28.63636363636364
 1269 30.68181818181818
 1345 32.72727272727273
 1784 34.77272727272727
 1038 36.81818181818182
 2064 38.86363636363636
 2114 40.90909090909091
 760 42.95454545454545
 811 45
 1377 47.04545454545455
 583 49.09090909090909
 496 51.13636363636363
 410 53.18181818181818
 272 55.22727272727273
 281 57.27272727272727
 123 59.31818181818182
 85 61.36363636363636
 63 63.40909090909091
 18 65.45454545454545
 13 67.5
 1 69.54545454545455
 1 71.59090909090909
 0 73.63636363636364
 0 75.68181818181819
 0 77.72727272727272
 0 79.77272727272727
 0 81.81818181818181
 0 83.86363636363636
 0 85.90909090909091
 0 87.95454545454545
 0 90


