# Created by Octave 3.8.2, Sat Jun 20 21:22:24 2020 CEST <damian@fptrucha.inv.usc.es>
# name: hd
# type: matrix
# rows: 45
# columns: 2
 6 0
 2349 2.045454545454545
 2 4.090909090909091
 5 6.136363636363637
 2239 8.181818181818182
 313 10.22727272727273
 239 12.27272727272727
 782 14.31818181818182
 2626 16.36363636363636
 295 18.40909090909091
 768 20.45454545454545
 3599 22.5
 2019 24.54545454545455
 3878 26.59090909090909
 1335 28.63636363636364
 1353 30.68181818181818
 1301 32.72727272727273
 1601 34.77272727272727
 1102 36.81818181818182
 2073 38.86363636363636
 2027 40.90909090909091
 815 42.95454545454545
 747 45
 1316 47.04545454545455
 618 49.09090909090909
 507 51.13636363636363
 446 53.18181818181818
 312 55.22727272727273
 262 57.27272727272727
 107 59.31818181818182
 91 61.36363636363636
 42 63.40909090909091
 14 65.45454545454545
 10 67.5
 3 69.54545454545455
 0 71.59090909090909
 0 73.63636363636364
 0 75.68181818181819
 0 77.72727272727272
 0 79.77272727272727
 0 81.81818181818181
 0 83.86363636363636
 0 85.90909090909091
 0 87.95454545454545
 0 90


