# Created by Octave 3.8.2, Mon Jun 22 02:24:30 2020 CEST <damian@fptrucha.inv.usc.es>
# name: hd
# type: matrix
# rows: 45
# columns: 2
 5 0
 1820 2.045454545454545
 8 4.090909090909091
 15 6.136363636363637
 1578 8.181818181818182
 296 10.22727272727273
 169 12.27272727272727
 646 14.31818181818182
 2003 16.36363636363636
 246 18.40909090909091
 615 20.45454545454545
 2759 22.5
 1581 24.54545454545455
 3072 26.59090909090909
 1060 28.63636363636364
 951 30.68181818181818
 998 32.72727272727273
 1237 34.77272727272727
 851 36.81818181818182
 1763 38.86363636363636
 1876 40.90909090909091
 755 42.95454545454545
 690 45
 1242 47.04545454545455
 544 49.09090909090909
 540 51.13636363636363
 452 53.18181818181818
 363 55.22727272727273
 329 57.27272727272727
 155 59.31818181818182
 152 61.36363636363636
 95 63.40909090909091
 28 65.45454545454545
 21 67.5
 7 69.54545454545455
 0 71.59090909090909
 0 73.63636363636364
 0 75.68181818181819
 0 77.72727272727272
 0 79.77272727272727
 0 81.81818181818181
 0 83.86363636363636
 0 85.90909090909091
 0 87.95454545454545
 0 90


