# Created by Octave 3.8.2, Mon Jun 22 02:25:09 2020 CEST <damian@fptrucha.inv.usc.es>
# name: hd
# type: matrix
# rows: 45
# columns: 2
 4 0
 1399 2.045454545454545
 3 4.090909090909091
 11 6.136363636363637
 1288 8.181818181818182
 248 10.22727272727273
 118 12.27272727272727
 500 14.31818181818182
 1672 16.36363636363636
 187 18.40909090909091
 537 20.45454545454545
 2435 22.5
 1378 24.54545454545455
 2502 26.59090909090909
 893 28.63636363636364
 756 30.68181818181818
 861 32.72727272727273
 1095 34.77272727272727
 679 36.81818181818182
 1432 38.86363636363636
 1648 40.90909090909091
 637 42.95454545454545
 595 45
 1050 47.04545454545455
 477 49.09090909090909
 484 51.13636363636363
 466 53.18181818181818
 313 55.22727272727273
 268 57.27272727272727
 136 59.31818181818182
 128 61.36363636363636
 85 63.40909090909091
 42 65.45454545454545
 18 67.5
 2 69.54545454545455
 0 71.59090909090909
 0 73.63636363636364
 0 75.68181818181819
 0 77.72727272727272
 0 79.77272727272727
 0 81.81818181818181
 0 83.86363636363636
 0 85.90909090909091
 0 87.95454545454545
 0 90


