# Created by Octave 3.8.2, Sat Jun 20 13:11:47 2020 CEST <damian@fptrucha.inv.usc.es>
# name: hd
# type: matrix
# rows: 45
# columns: 2
 5 0
 2532 2.045454545454545
 1 4.090909090909091
 5 6.136363636363637
 2438 8.181818181818182
 340 10.22727272727273
 260 12.27272727272727
 827 14.31818181818182
 2725 16.36363636363636
 344 18.40909090909091
 868 20.45454545454545
 3782 22.5
 2260 24.54545454545455
 4170 26.59090909090909
 1395 28.63636363636364
 1341 30.68181818181818
 1380 32.72727272727273
 1820 34.77272727272727
 1202 36.81818181818182
 2293 38.86363636363636
 2166 40.90909090909091
 884 42.95454545454545
 844 45
 1459 47.04545454545455
 601 49.09090909090909
 526 51.13636363636363
 473 53.18181818181818
 299 55.22727272727273
 296 57.27272727272727
 112 59.31818181818182
 108 61.36363636363636
 50 63.40909090909091
 21 65.45454545454545
 11 67.5
 1 69.54545454545455
 0 71.59090909090909
 0 73.63636363636364
 0 75.68181818181819
 0 77.72727272727272
 0 79.77272727272727
 0 81.81818181818181
 0 83.86363636363636
 0 85.90909090909091
 0 87.95454545454545
 0 90


