# Created by Octave 3.8.2, Sat Jun 20 21:02:25 2020 CEST <damian@fptrucha.inv.usc.es>
# name: hd
# type: matrix
# rows: 45
# columns: 2
 2 0
 2462 2.045454545454545
 2 4.090909090909091
 2 6.136363636363637
 2291 8.181818181818182
 306 10.22727272727273
 250 12.27272727272727
 803 14.31818181818182
 2563 16.36363636363636
 325 18.40909090909091
 831 20.45454545454545
 3535 22.5
 2117 24.54545454545455
 3854 26.59090909090909
 1243 28.63636363636364
 1267 30.68181818181818
 1260 32.72727272727273
 1623 34.77272727272727
 1046 36.81818181818182
 2051 38.86363636363636
 2006 40.90909090909091
 765 42.95454545454545
 790 45
 1335 47.04545454545455
 563 49.09090909090909
 519 51.13636363636363
 416 53.18181818181818
 266 55.22727272727273
 284 57.27272727272727
 110 59.31818181818182
 89 61.36363636363636
 61 63.40909090909091
 19 65.45454545454545
 14 67.5
 2 69.54545454545455
 0 71.59090909090909
 0 73.63636363636364
 0 75.68181818181819
 0 77.72727272727272
 0 79.77272727272727
 0 81.81818181818181
 0 83.86363636363636
 0 85.90909090909091
 0 87.95454545454545
 0 90


