# Created by Octave 3.8.2, Mon Jun 22 17:41:57 2020 CEST <damian@fptrucha.inv.usc.es>
# name: hd
# type: matrix
# rows: 45
# columns: 2
 2 0
 2434 2.045454545454545
 5 4.090909090909091
 11 6.136363636363637
 2268 8.181818181818182
 274 10.22727272727273
 259 12.27272727272727
 798 14.31818181818182
 2607 16.36363636363636
 309 18.40909090909091
 802 20.45454545454545
 3769 22.5
 2119 24.54545454545455
 4181 26.59090909090909
 1421 28.63636363636364
 1404 30.68181818181818
 1336 32.72727272727273
 1802 34.77272727272727
 1141 36.81818181818182
 2256 38.86363636363636
 2263 40.90909090909091
 871 42.95454545454545
 821 45
 1486 47.04545454545455
 628 49.09090909090909
 570 51.13636363636363
 508 53.18181818181818
 359 55.22727272727273
 322 57.27272727272727
 174 59.31818181818182
 127 61.36363636363636
 112 63.40909090909091
 31 65.45454545454545
 10 67.5
 4 69.54545454545455
 0 71.59090909090909
 0 73.63636363636364
 0 75.68181818181819
 0 77.72727272727272
 0 79.77272727272727
 0 81.81818181818181
 0 83.86363636363636
 0 85.90909090909091
 0 87.95454545454545
 0 90


