# Created by Octave 3.8.2, Sun Jun 21 02:11:53 2020 CEST <damian@fptrucha.inv.usc.es>
# name: hd
# type: matrix
# rows: 45
# columns: 2
 3 0
 2325 2.045454545454545
 1 4.090909090909091
 5 6.136363636363637
 2328 8.181818181818182
 303 10.22727272727273
 250 12.27272727272727
 759 14.31818181818182
 2605 16.36363636363636
 315 18.40909090909091
 787 20.45454545454545
 3502 22.5
 2052 24.54545454545455
 3940 26.59090909090909
 1307 28.63636363636364
 1216 30.68181818181818
 1293 32.72727272727273
 1617 34.77272727272727
 1061 36.81818181818182
 2078 38.86363636363636
 1895 40.90909090909091
 747 42.95454545454545
 793 45
 1295 47.04545454545455
 570 49.09090909090909
 432 51.13636363636363
 430 53.18181818181818
 288 55.22727272727273
 268 57.27272727272727
 105 59.31818181818182
 83 61.36363636363636
 51 63.40909090909091
 21 65.45454545454545
 15 67.5
 1 69.54545454545455
 0 71.59090909090909
 0 73.63636363636364
 0 75.68181818181819
 0 77.72727272727272
 0 79.77272727272727
 0 81.81818181818181
 0 83.86363636363636
 0 85.90909090909091
 0 87.95454545454545
 0 90


