# Created by Octave 3.8.2, Mon Jun 22 16:00:25 2020 CEST <damian@fptrucha.inv.usc.es>
# name: hd
# type: matrix
# rows: 45
# columns: 2
 6 0
 2414 2.045454545454545
 2 4.090909090909091
 11 6.136363636363637
 2291 8.181818181818182
 294 10.22727272727273
 282 12.27272727272727
 742 14.31818181818182
 2564 16.36363636363636
 297 18.40909090909091
 859 20.45454545454545
 3723 22.5
 2113 24.54545454545455
 4026 26.59090909090909
 1420 28.63636363636364
 1361 30.68181818181818
 1372 32.72727272727273
 1661 34.77272727272727
 1127 36.81818181818182
 2257 38.86363636363636
 2187 40.90909090909091
 887 42.95454545454545
 905 45
 1433 47.04545454545455
 658 49.09090909090909
 564 51.13636363636363
 565 53.18181818181818
 344 55.22727272727273
 345 57.27272727272727
 148 59.31818181818182
 148 61.36363636363636
 96 63.40909090909091
 27 65.45454545454545
 15 67.5
 2 69.54545454545455
 1 71.59090909090909
 0 73.63636363636364
 0 75.68181818181819
 0 77.72727272727272
 0 79.77272727272727
 0 81.81818181818181
 0 83.86363636363636
 0 85.90909090909091
 0 87.95454545454545
 0 90


