# Created by Octave 3.8.2, Sat Jun 20 10:13:23 2020 CEST <damian@fptrucha.inv.usc.es>
# name: hd
# type: matrix
# rows: 45
# columns: 2
 5 0
 2685 2.045454545454545
 3 4.090909090909091
 9 6.136363636363637
 2639 8.181818181818182
 343 10.22727272727273
 270 12.27272727272727
 930 14.31818181818182
 2811 16.36363636363636
 377 18.40909090909091
 821 20.45454545454545
 4042 22.5
 2438 24.54545454545455
 4411 26.59090909090909
 1453 28.63636363636364
 1408 30.68181818181818
 1526 32.72727272727273
 1799 34.77272727272727
 1210 36.81818181818182
 2427 38.86363636363636
 2321 40.90909090909091
 880 42.95454545454545
 922 45
 1577 47.04545454545455
 628 49.09090909090909
 598 51.13636363636363
 498 53.18181818181818
 357 55.22727272727273
 332 57.27272727272727
 119 59.31818181818182
 119 61.36363636363636
 82 63.40909090909091
 25 65.45454545454545
 15 67.5
 1 69.54545454545455
 0 71.59090909090909
 0 73.63636363636364
 0 75.68181818181819
 0 77.72727272727272
 0 79.77272727272727
 0 81.81818181818181
 0 83.86363636363636
 0 85.90909090909091
 0 87.95454545454545
 0 90


