# Created by Octave 3.8.2, Sat Jun 20 02:11:02 2020 CEST <damian@fptrucha.inv.usc.es>
# name: hd
# type: matrix
# rows: 45
# columns: 2
 13 0
 2617 2.045454545454545
 1 4.090909090909091
 8 6.136363636363637
 2571 8.181818181818182
 329 10.22727272727273
 279 12.27272727272727
 880 14.31818181818182
 2866 16.36363636363636
 321 18.40909090909091
 869 20.45454545454545
 3776 22.5
 2226 24.54545454545455
 4153 26.59090909090909
 1387 28.63636363636364
 1435 30.68181818181818
 1427 32.72727272727273
 1859 34.77272727272727
 1201 36.81818181818182
 2294 38.86363636363636
 2153 40.90909090909091
 856 42.95454545454545
 868 45
 1349 47.04545454545455
 644 49.09090909090909
 554 51.13636363636363
 458 53.18181818181818
 295 55.22727272727273
 326 57.27272727272727
 110 59.31818181818182
 98 61.36363636363636
 61 63.40909090909091
 16 65.45454545454545
 11 67.5
 1 69.54545454545455
 0 71.59090909090909
 0 73.63636363636364
 0 75.68181818181819
 0 77.72727272727272
 0 79.77272727272727
 0 81.81818181818181
 0 83.86363636363636
 0 85.90909090909091
 0 87.95454545454545
 0 90


