# Created by Octave 3.8.2, Mon Jun 22 17:59:43 2020 CEST <damian@fptrucha.inv.usc.es>
# name: hd
# type: matrix
# rows: 45
# columns: 2
 5 0
 2442 2.045454545454545
 5 4.090909090909091
 10 6.136363636363637
 2286 8.181818181818182
 267 10.22727272727273
 281 12.27272727272727
 797 14.31818181818182
 2591 16.36363636363636
 307 18.40909090909091
 811 20.45454545454545
 3707 22.5
 2203 24.54545454545455
 3913 26.59090909090909
 1430 28.63636363636364
 1349 30.68181818181818
 1357 32.72727272727273
 1669 34.77272727272727
 1124 36.81818181818182
 2171 38.86363636363636
 2166 40.90909090909091
 882 42.95454545454545
 812 45
 1441 47.04545454545455
 649 49.09090909090909
 576 51.13636363636363
 530 53.18181818181818
 337 55.22727272727273
 331 57.27272727272727
 170 59.31818181818182
 127 61.36363636363636
 92 63.40909090909091
 23 65.45454545454545
 19 67.5
 4 69.54545454545455
 0 71.59090909090909
 0 73.63636363636364
 0 75.68181818181819
 0 77.72727272727272
 0 79.77272727272727
 0 81.81818181818181
 0 83.86363636363636
 0 85.90909090909091
 0 87.95454545454545
 0 90


