# Created by Octave 3.8.2, Mon Jun 22 17:24:58 2020 CEST <damian@fptrucha.inv.usc.es>
# name: hd
# type: matrix
# rows: 45
# columns: 2
 8 0
 2368 2.045454545454545
 1 4.090909090909091
 10 6.136363636363637
 2302 8.181818181818182
 274 10.22727272727273
 225 12.27272727272727
 810 14.31818181818182
 2579 16.36363636363636
 305 18.40909090909091
 900 20.45454545454545
 3635 22.5
 2099 24.54545454545455
 3900 26.59090909090909
 1405 28.63636363636364
 1378 30.68181818181818
 1419 32.72727272727273
 1704 34.77272727272727
 1200 36.81818181818182
 2160 38.86363636363636
 2144 40.90909090909091
 846 42.95454545454545
 844 45
 1514 47.04545454545455
 602 49.09090909090909
 549 51.13636363636363
 544 53.18181818181818
 360 55.22727272727273
 326 57.27272727272727
 145 59.31818181818182
 136 61.36363636363636
 99 63.40909090909091
 17 65.45454545454545
 11 67.5
 4 69.54545454545455
 0 71.59090909090909
 0 73.63636363636364
 0 75.68181818181819
 0 77.72727272727272
 0 79.77272727272727
 0 81.81818181818181
 0 83.86363636363636
 0 85.90909090909091
 0 87.95454545454545
 0 90


