# Created by Octave 3.8.2, Sun Jun 21 06:53:16 2020 CEST <damian@fptrucha.inv.usc.es>
# name: hd
# type: matrix
# rows: 45
# columns: 2
 3 0
 2385 2.045454545454545
 5 4.090909090909091
 8 6.136363636363637
 2151 8.181818181818182
 280 10.22727272727273
 232 12.27272727272727
 805 14.31818181818182
 2537 16.36363636363636
 327 18.40909090909091
 751 20.45454545454545
 3506 22.5
 2031 24.54545454545455
 3804 26.59090909090909
 1293 28.63636363636364
 1280 30.68181818181818
 1282 32.72727272727273
 1563 34.77272727272727
 1042 36.81818181818182
 2009 38.86363636363636
 2052 40.90909090909091
 750 42.95454545454545
 771 45
 1278 47.04545454545455
 548 49.09090909090909
 462 51.13636363636363
 428 53.18181818181818
 286 55.22727272727273
 260 57.27272727272727
 105 59.31818181818182
 78 61.36363636363636
 56 63.40909090909091
 27 65.45454545454545
 9 67.5
 2 69.54545454545455
 0 71.59090909090909
 0 73.63636363636364
 0 75.68181818181819
 0 77.72727272727272
 0 79.77272727272727
 0 81.81818181818181
 0 83.86363636363636
 0 85.90909090909091
 0 87.95454545454545
 0 90


