# Created by Octave 3.8.2, Mon Jun 22 01:05:12 2020 CEST <damian@fptrucha.inv.usc.es>
# name: hd
# type: matrix
# rows: 45
# columns: 2
 3 0
 2469 2.045454545454545
 2 4.090909090909091
 11 6.136363636363637
 2359 8.181818181818182
 329 10.22727272727273
 240 12.27272727272727
 795 14.31818181818182
 2632 16.36363636363636
 305 18.40909090909091
 793 20.45454545454545
 3609 22.5
 2081 24.54545454545455
 4071 26.59090909090909
 1349 28.63636363636364
 1346 30.68181818181818
 1353 32.72727272727273
 1676 34.77272727272727
 1096 36.81818181818182
 2092 38.86363636363636
 2091 40.90909090909091
 767 42.95454545454545
 757 45
 1294 47.04545454545455
 602 49.09090909090909
 478 51.13636363636363
 484 53.18181818181818
 307 55.22727272727273
 274 57.27272727272727
 123 59.31818181818182
 102 61.36363636363636
 54 63.40909090909091
 20 65.45454545454545
 10 67.5
 4 69.54545454545455
 0 71.59090909090909
 0 73.63636363636364
 0 75.68181818181819
 0 77.72727272727272
 0 79.77272727272727
 0 81.81818181818181
 0 83.86363636363636
 0 85.90909090909091
 0 87.95454545454545
 0 90


