# Created by Octave 3.8.2, Mon Jun 22 13:37:34 2020 CEST <damian@fptrucha.inv.usc.es>
# name: hd
# type: matrix
# rows: 45
# columns: 2
 3 0
 2359 2.045454545454545
 6 4.090909090909091
 13 6.136363636363637
 2189 8.181818181818182
 276 10.22727272727273
 291 12.27272727272727
 793 14.31818181818182
 2455 16.36363636363636
 307 18.40909090909091
 767 20.45454545454545
 3700 22.5
 2109 24.54545454545455
 3872 26.59090909090909
 1370 28.63636363636364
 1346 30.68181818181818
 1338 32.72727272727273
 1589 34.77272727272727
 1130 36.81818181818182
 2213 38.86363636363636
 2164 40.90909090909091
 822 42.95454545454545
 855 45
 1423 47.04545454545455
 636 49.09090909090909
 587 51.13636363636363
 538 53.18181818181818
 360 55.22727272727273
 352 57.27272727272727
 149 59.31818181818182
 139 61.36363636363636
 86 63.40909090909091
 29 65.45454545454545
 17 67.5
 4 69.54545454545455
 0 71.59090909090909
 0 73.63636363636364
 0 75.68181818181819
 0 77.72727272727272
 0 79.77272727272727
 0 81.81818181818181
 0 83.86363636363636
 0 85.90909090909091
 0 87.95454545454545
 0 90


