# Created by Octave 3.8.2, Sat Jun 20 08:34:08 2020 CEST <damian@fptrucha.inv.usc.es>
# name: hd
# type: matrix
# rows: 45
# columns: 2
 9 0
 2672 2.045454545454545
 5 4.090909090909091
 10 6.136363636363637
 2668 8.181818181818182
 345 10.22727272727273
 263 12.27272727272727
 957 14.31818181818182
 2968 16.36363636363636
 355 18.40909090909091
 887 20.45454545454545
 4132 22.5
 2418 24.54545454545455
 4535 26.59090909090909
 1530 28.63636363636364
 1481 30.68181818181818
 1504 32.72727272727273
 1984 34.77272727272727
 1293 36.81818181818182
 2511 38.86363636363636
 2469 40.90909090909091
 903 42.95454545454545
 934 45
 1520 47.04545454545455
 737 49.09090909090909
 615 51.13636363636363
 492 53.18181818181818
 346 55.22727272727273
 345 57.27272727272727
 148 59.31818181818182
 107 61.36363636363636
 69 63.40909090909091
 25 65.45454545454545
 11 67.5
 3 69.54545454545455
 0 71.59090909090909
 0 73.63636363636364
 0 75.68181818181819
 0 77.72727272727272
 0 79.77272727272727
 0 81.81818181818181
 0 83.86363636363636
 0 85.90909090909091
 0 87.95454545454545
 0 90


