# Created by Octave 3.8.2, Mon Jun 22 11:52:09 2020 CEST <damian@fptrucha.inv.usc.es>
# name: hd
# type: matrix
# rows: 45
# columns: 2
 7 0
 2252 2.045454545454545
 2 4.090909090909091
 11 6.136363636363637
 2302 8.181818181818182
 270 10.22727272727273
 254 12.27272727272727
 784 14.31818181818182
 2461 16.36363636363636
 281 18.40909090909091
 785 20.45454545454545
 3611 22.5
 2110 24.54545454545455
 3682 26.59090909090909
 1272 28.63636363636364
 1255 30.68181818181818
 1280 32.72727272727273
 1612 34.77272727272727
 1082 36.81818181818182
 2115 38.86363636363636
 2088 40.90909090909091
 867 42.95454545454545
 816 45
 1348 47.04545454545455
 596 49.09090909090909
 537 51.13636363636363
 483 53.18181818181818
 336 55.22727272727273
 308 57.27272727272727
 131 59.31818181818182
 122 61.36363636363636
 65 63.40909090909091
 25 65.45454545454545
 8 67.5
 2 69.54545454545455
 0 71.59090909090909
 0 73.63636363636364
 0 75.68181818181819
 0 77.72727272727272
 0 79.77272727272727
 0 81.81818181818181
 0 83.86363636363636
 0 85.90909090909091
 0 87.95454545454545
 0 90


