# Created by Octave 3.8.2, Sat Jun 20 20:27:47 2020 CEST <damian@fptrucha.inv.usc.es>
# name: hd
# type: matrix
# rows: 45
# columns: 2
 3 0
 2437 2.045454545454545
 0 4.090909090909091
 5 6.136363636363637
 2344 8.181818181818182
 298 10.22727272727273
 234 12.27272727272727
 812 14.31818181818182
 2527 16.36363636363636
 350 18.40909090909091
 837 20.45454545454545
 3560 22.5
 2149 24.54545454545455
 3894 26.59090909090909
 1326 28.63636363636364
 1327 30.68181818181818
 1321 32.72727272727273
 1682 34.77272727272727
 1104 36.81818181818182
 2154 38.86363636363636
 2004 40.90909090909091
 746 42.95454545454545
 787 45
 1322 47.04545454545455
 614 49.09090909090909
 524 51.13636363636363
 415 53.18181818181818
 295 55.22727272727273
 268 57.27272727272727
 104 59.31818181818182
 99 61.36363636363636
 57 63.40909090909091
 12 65.45454545454545
 3 67.5
 2 69.54545454545455
 0 71.59090909090909
 0 73.63636363636364
 0 75.68181818181819
 0 77.72727272727272
 0 79.77272727272727
 0 81.81818181818181
 0 83.86363636363636
 0 85.90909090909091
 0 87.95454545454545
 0 90


