# Created by Octave 3.8.2, Sun Jun 21 04:45:09 2020 CEST <damian@fptrucha.inv.usc.es>
# name: hd
# type: matrix
# rows: 45
# columns: 2
 1 0
 2326 2.045454545454545
 2 4.090909090909091
 13 6.136363636363637
 2334 8.181818181818182
 292 10.22727272727273
 235 12.27272727272727
 762 14.31818181818182
 2559 16.36363636363636
 310 18.40909090909091
 765 20.45454545454545
 3453 22.5
 2098 24.54545454545455
 3869 26.59090909090909
 1314 28.63636363636364
 1380 30.68181818181818
 1362 32.72727272727273
 1688 34.77272727272727
 999 36.81818181818182
 2069 38.86363636363636
 2170 40.90909090909091
 787 42.95454545454545
 743 45
 1262 47.04545454545455
 557 49.09090909090909
 487 51.13636363636363
 436 53.18181818181818
 298 55.22727272727273
 268 57.27272727272727
 140 59.31818181818182
 97 61.36363636363636
 63 63.40909090909091
 14 65.45454545454545
 12 67.5
 1 69.54545454545455
 0 71.59090909090909
 0 73.63636363636364
 0 75.68181818181819
 0 77.72727272727272
 0 79.77272727272727
 0 81.81818181818181
 0 83.86363636363636
 0 85.90909090909091
 0 87.95454545454545
 0 90


