# Created by Octave 3.8.2, Sat Jun 20 11:11:22 2020 CEST <damian@fptrucha.inv.usc.es>
# name: hd
# type: matrix
# rows: 45
# columns: 2
 2 0
 2496 2.045454545454545
 3 4.090909090909091
 12 6.136363636363637
 2523 8.181818181818182
 347 10.22727272727273
 263 12.27272727272727
 845 14.31818181818182
 2766 16.36363636363636
 367 18.40909090909091
 855 20.45454545454545
 3964 22.5
 2378 24.54545454545455
 4353 26.59090909090909
 1436 28.63636363636364
 1466 30.68181818181818
 1478 32.72727272727273
 1764 34.77272727272727
 1194 36.81818181818182
 2430 38.86363636363636
 2272 40.90909090909091
 870 42.95454545454545
 898 45
 1535 47.04545454545455
 703 49.09090909090909
 537 51.13636363636363
 505 53.18181818181818
 341 55.22727272727273
 292 57.27272727272727
 129 59.31818181818182
 132 61.36363636363636
 75 63.40909090909091
 22 65.45454545454545
 15 67.5
 1 69.54545454545455
 0 71.59090909090909
 0 73.63636363636364
 0 75.68181818181819
 0 77.72727272727272
 0 79.77272727272727
 0 81.81818181818181
 0 83.86363636363636
 0 85.90909090909091
 0 87.95454545454545
 0 90


