# Created by Octave 3.8.2, Sat Jun 20 14:25:55 2020 CEST <damian@fptrucha.inv.usc.es>
# name: hd
# type: matrix
# rows: 45
# columns: 2
 3 0
 2573 2.045454545454545
 0 4.090909090909091
 0 6.136363636363637
 2506 8.181818181818182
 368 10.22727272727273
 279 12.27272727272727
 820 14.31818181818182
 2829 16.36363636363636
 341 18.40909090909091
 823 20.45454545454545
 3716 22.5
 2264 24.54545454545455
 4126 26.59090909090909
 1404 28.63636363636364
 1465 30.68181818181818
 1432 32.72727272727273
 1760 34.77272727272727
 1120 36.81818181818182
 2257 38.86363636363636
 2199 40.90909090909091
 813 42.95454545454545
 843 45
 1407 47.04545454545455
 679 49.09090909090909
 509 51.13636363636363
 457 53.18181818181818
 250 55.22727272727273
 269 57.27272727272727
 112 59.31818181818182
 82 61.36363636363636
 58 63.40909090909091
 13 65.45454545454545
 10 67.5
 3 69.54545454545455
 0 71.59090909090909
 0 73.63636363636364
 0 75.68181818181819
 0 77.72727272727272
 0 79.77272727272727
 0 81.81818181818181
 0 83.86363636363636
 0 85.90909090909091
 0 87.95454545454545
 0 90


