# Created by Octave 3.8.2, Sat Jun 20 23:52:10 2020 CEST <damian@fptrucha.inv.usc.es>
# name: hd
# type: matrix
# rows: 45
# columns: 2
 6 0
 2376 2.045454545454545
 6 4.090909090909091
 7 6.136363636363637
 2332 8.181818181818182
 304 10.22727272727273
 229 12.27272727272727
 779 14.31818181818182
 2475 16.36363636363636
 306 18.40909090909091
 727 20.45454545454545
 3531 22.5
 2139 24.54545454545455
 3766 26.59090909090909
 1264 28.63636363636364
 1264 30.68181818181818
 1290 32.72727272727273
 1675 34.77272727272727
 1080 36.81818181818182
 2084 38.86363636363636
 2017 40.90909090909091
 778 42.95454545454545
 742 45
 1277 47.04545454545455
 601 49.09090909090909
 464 51.13636363636363
 446 53.18181818181818
 277 55.22727272727273
 267 57.27272727272727
 107 59.31818181818182
 110 61.36363636363636
 54 63.40909090909091
 20 65.45454545454545
 8 67.5
 1 69.54545454545455
 0 71.59090909090909
 0 73.63636363636364
 0 75.68181818181819
 0 77.72727272727272
 0 79.77272727272727
 0 81.81818181818181
 0 83.86363636363636
 0 85.90909090909091
 0 87.95454545454545
 0 90


