# Created by Octave 3.8.2, Mon Jun 22 01:53:39 2020 CEST <damian@fptrucha.inv.usc.es>
# name: hd
# type: matrix
# rows: 45
# columns: 2
 4 0
 2343 2.045454545454545
 4 4.090909090909091
 6 6.136363636363637
 2244 8.181818181818182
 320 10.22727272727273
 236 12.27272727272727
 809 14.31818181818182
 2492 16.36363636363636
 320 18.40909090909091
 827 20.45454545454545
 3642 22.5
 2127 24.54545454545455
 3934 26.59090909090909
 1318 28.63636363636364
 1352 30.68181818181818
 1343 32.72727272727273
 1623 34.77272727272727
 1114 36.81818181818182
 2202 38.86363636363636
 2196 40.90909090909091
 830 42.95454545454545
 838 45
 1383 47.04545454545455
 624 49.09090909090909
 548 51.13636363636363
 501 53.18181818181818
 338 55.22727272727273
 338 57.27272727272727
 158 59.31818181818182
 135 61.36363636363636
 90 63.40909090909091
 30 65.45454545454545
 14 67.5
 4 69.54545454545455
 0 71.59090909090909
 0 73.63636363636364
 0 75.68181818181819
 0 77.72727272727272
 0 79.77272727272727
 0 81.81818181818181
 0 83.86363636363636
 0 85.90909090909091
 0 87.95454545454545
 0 90


