# Created by Octave 3.8.2, Mon Jun 22 15:58:12 2020 CEST <damian@fptrucha.inv.usc.es>
# name: hd
# type: matrix
# rows: 45
# columns: 2
 6 0
 1569 2.045454545454545
 2 4.090909090909091
 7 6.136363636363637
 1482 8.181818181818182
 189 10.22727272727273
 172 12.27272727272727
 534 14.31818181818182
 1729 16.36363636363636
 195 18.40909090909091
 557 20.45454545454545
 2403 22.5
 1440 24.54545454545455
 2638 26.59090909090909
 896 28.63636363636364
 914 30.68181818181818
 978 32.72727272727273
 1105 34.77272727272727
 714 36.81818181818182
 1435 38.86363636363636
 1525 40.90909090909091
 573 42.95454545454545
 574 45
 969 47.04545454545455
 393 49.09090909090909
 363 51.13636363636363
 348 53.18181818181818
 216 55.22727272727273
 211 57.27272727272727
 81 59.31818181818182
 95 61.36363636363636
 62 63.40909090909091
 22 65.45454545454545
 13 67.5
 2 69.54545454545455
 0 71.59090909090909
 0 73.63636363636364
 0 75.68181818181819
 0 77.72727272727272
 0 79.77272727272727
 0 81.81818181818181
 0 83.86363636363636
 0 85.90909090909091
 0 87.95454545454545
 0 90


