# Created by Octave 3.8.2, Sun Jun 21 03:23:29 2020 CEST <damian@fptrucha.inv.usc.es>
# name: hd
# type: matrix
# rows: 45
# columns: 2
 1 0
 2327 2.045454545454545
 1 4.090909090909091
 6 6.136363636363637
 2291 8.181818181818182
 296 10.22727272727273
 234 12.27272727272727
 783 14.31818181818182
 2525 16.36363636363636
 288 18.40909090909091
 787 20.45454545454545
 3552 22.5
 2108 24.54545454545455
 3937 26.59090909090909
 1287 28.63636363636364
 1309 30.68181818181818
 1250 32.72727272727273
 1665 34.77272727272727
 1113 36.81818181818182
 2160 38.86363636363636
 2033 40.90909090909091
 799 42.95454545454545
 824 45
 1324 47.04545454545455
 617 49.09090909090909
 480 51.13636363636363
 444 53.18181818181818
 257 55.22727272727273
 256 57.27272727272727
 123 59.31818181818182
 78 61.36363636363636
 53 63.40909090909091
 13 65.45454545454545
 14 67.5
 2 69.54545454545455
 0 71.59090909090909
 0 73.63636363636364
 0 75.68181818181819
 0 77.72727272727272
 0 79.77272727272727
 0 81.81818181818181
 0 83.86363636363636
 0 85.90909090909091
 0 87.95454545454545
 0 90


