# Created by Octave 3.8.2, Sun Jun 21 04:27:29 2020 CEST <damian@fptrucha.inv.usc.es>
# name: hd
# type: matrix
# rows: 45
# columns: 2
 3 0
 2365 2.045454545454545
 5 4.090909090909091
 9 6.136363636363637
 2351 8.181818181818182
 286 10.22727272727273
 244 12.27272727272727
 791 14.31818181818182
 2470 16.36363636363636
 328 18.40909090909091
 755 20.45454545454545
 3511 22.5
 2045 24.54545454545455
 3759 26.59090909090909
 1221 28.63636363636364
 1278 30.68181818181818
 1253 32.72727272727273
 1684 34.77272727272727
 1064 36.81818181818182
 2027 38.86363636363636
 2003 40.90909090909091
 738 42.95454545454545
 742 45
 1306 47.04545454545455
 567 49.09090909090909
 456 51.13636363636363
 425 53.18181818181818
 266 55.22727272727273
 247 57.27272727272727
 103 59.31818181818182
 101 61.36363636363636
 70 63.40909090909091
 18 65.45454545454545
 13 67.5
 2 69.54545454545455
 0 71.59090909090909
 0 73.63636363636364
 0 75.68181818181819
 0 77.72727272727272
 0 79.77272727272727
 0 81.81818181818181
 0 83.86363636363636
 0 85.90909090909091
 0 87.95454545454545
 0 90


