# Created by Octave 3.8.2, Mon Jun 22 21:23:13 2020 CEST <damian@fptrucha.inv.usc.es>
# name: hd
# type: matrix
# rows: 45
# columns: 2
 9 0
 2339 2.045454545454545
 5 4.090909090909091
 10 6.136363636363637
 2413 8.181818181818182
 265 10.22727272727273
 265 12.27272727272727
 799 14.31818181818182
 2752 16.36363636363636
 339 18.40909090909091
 901 20.45454545454545
 3784 22.5
 2204 24.54545454545455
 4165 26.59090909090909
 1392 28.63636363636364
 1404 30.68181818181818
 1391 32.72727272727273
 1715 34.77272727272727
 1140 36.81818181818182
 2163 38.86363636363636
 2264 40.90909090909091
 837 42.95454545454545
 852 45
 1456 47.04545454545455
 660 49.09090909090909
 562 51.13636363636363
 542 53.18181818181818
 359 55.22727272727273
 368 57.27272727272727
 127 59.31818181818182
 127 61.36363636363636
 88 63.40909090909091
 31 65.45454545454545
 17 67.5
 4 69.54545454545455
 0 71.59090909090909
 0 73.63636363636364
 0 75.68181818181819
 0 77.72727272727272
 0 79.77272727272727
 0 81.81818181818181
 0 83.86363636363636
 0 85.90909090909091
 0 87.95454545454545
 0 90


