# Created by Octave 3.8.2, Sun Jun 21 06:08:45 2020 CEST <damian@fptrucha.inv.usc.es>
# name: hd
# type: matrix
# rows: 45
# columns: 2
 3 0
 2357 2.045454545454545
 3 4.090909090909091
 5 6.136363636363637
 2284 8.181818181818182
 318 10.22727272727273
 211 12.27272727272727
 784 14.31818181818182
 2545 16.36363636363636
 305 18.40909090909091
 748 20.45454545454545
 3607 22.5
 2128 24.54545454545455
 3829 26.59090909090909
 1313 28.63636363636364
 1296 30.68181818181818
 1269 32.72727272727273
 1598 34.77272727272727
 1164 36.81818181818182
 2112 38.86363636363636
 1982 40.90909090909091
 775 42.95454545454545
 779 45
 1340 47.04545454545455
 584 49.09090909090909
 463 51.13636363636363
 435 53.18181818181818
 262 55.22727272727273
 278 57.27272727272727
 101 59.31818181818182
 111 61.36363636363636
 44 63.40909090909091
 21 65.45454545454545
 13 67.5
 0 69.54545454545455
 0 71.59090909090909
 0 73.63636363636364
 0 75.68181818181819
 0 77.72727272727272
 0 79.77272727272727
 0 81.81818181818181
 0 83.86363636363636
 0 85.90909090909091
 0 87.95454545454545
 0 90


