# Created by Octave 3.8.2, Sun Jun 21 02:35:46 2020 CEST <damian@fptrucha.inv.usc.es>
# name: hd
# type: matrix
# rows: 45
# columns: 2
 2 0
 2301 2.045454545454545
 4 4.090909090909091
 6 6.136363636363637
 2240 8.181818181818182
 283 10.22727272727273
 229 12.27272727272727
 804 14.31818181818182
 2568 16.36363636363636
 323 18.40909090909091
 782 20.45454545454545
 3487 22.5
 2079 24.54545454545455
 3816 26.59090909090909
 1311 28.63636363636364
 1271 30.68181818181818
 1294 32.72727272727273
 1619 34.77272727272727
 1026 36.81818181818182
 2090 38.86363636363636
 1939 40.90909090909091
 744 42.95454545454545
 774 45
 1283 47.04545454545455
 551 49.09090909090909
 456 51.13636363636363
 418 53.18181818181818
 276 55.22727272727273
 257 57.27272727272727
 122 59.31818181818182
 92 61.36363636363636
 62 63.40909090909091
 10 65.45454545454545
 7 67.5
 2 69.54545454545455
 0 71.59090909090909
 0 73.63636363636364
 0 75.68181818181819
 0 77.72727272727272
 0 79.77272727272727
 0 81.81818181818181
 0 83.86363636363636
 0 85.90909090909091
 0 87.95454545454545
 0 90


