# Created by Octave 3.8.2, Mon Jun 22 16:01:32 2020 CEST <damian@fptrucha.inv.usc.es>
# name: hd
# type: matrix
# rows: 45
# columns: 2
 8 0
 2398 2.045454545454545
 7 4.090909090909091
 11 6.136363636363637
 2122 8.181818181818182
 283 10.22727272727273
 260 12.27272727272727
 812 14.31818181818182
 2666 16.36363636363636
 308 18.40909090909091
 812 20.45454545454545
 3807 22.5
 2128 24.54545454545455
 3869 26.59090909090909
 1390 28.63636363636364
 1434 30.68181818181818
 1390 32.72727272727273
 1745 34.77272727272727
 1167 36.81818181818182
 2142 38.86363636363636
 2169 40.90909090909091
 848 42.95454545454545
 847 45
 1455 47.04545454545455
 648 49.09090909090909
 584 51.13636363636363
 542 53.18181818181818
 402 55.22727272727273
 340 57.27272727272727
 188 59.31818181818182
 139 61.36363636363636
 95 63.40909090909091
 24 65.45454545454545
 19 67.5
 3 69.54545454545455
 0 71.59090909090909
 0 73.63636363636364
 0 75.68181818181819
 0 77.72727272727272
 0 79.77272727272727
 0 81.81818181818181
 0 83.86363636363636
 0 85.90909090909091
 0 87.95454545454545
 0 90


