# Created by Octave 3.8.2, Mon Jun 22 18:13:15 2020 CEST <damian@fptrucha.inv.usc.es>
# name: hd
# type: matrix
# rows: 45
# columns: 2
 7 0
 2447 2.045454545454545
 4 4.090909090909091
 14 6.136363636363637
 2355 8.181818181818182
 291 10.22727272727273
 270 12.27272727272727
 830 14.31818181818182
 2659 16.36363636363636
 303 18.40909090909091
 813 20.45454545454545
 3879 22.5
 2094 24.54545454545455
 3978 26.59090909090909
 1379 28.63636363636364
 1353 30.68181818181818
 1400 32.72727272727273
 1716 34.77272727272727
 1120 36.81818181818182
 2177 38.86363636363636
 2215 40.90909090909091
 887 42.95454545454545
 762 45
 1451 47.04545454545455
 670 49.09090909090909
 537 51.13636363636363
 484 53.18181818181818
 339 55.22727272727273
 342 57.27272727272727
 145 59.31818181818182
 114 61.36363636363636
 72 63.40909090909091
 21 65.45454545454545
 13 67.5
 2 69.54545454545455
 0 71.59090909090909
 0 73.63636363636364
 0 75.68181818181819
 0 77.72727272727272
 0 79.77272727272727
 0 81.81818181818181
 0 83.86363636363636
 0 85.90909090909091
 0 87.95454545454545
 0 90


