# Created by Octave 3.8.2, Sat Jun 20 18:43:48 2020 CEST <damian@fptrucha.inv.usc.es>
# name: hd
# type: matrix
# rows: 45
# columns: 2
 4 0
 2364 2.045454545454545
 4 4.090909090909091
 13 6.136363636363637
 2324 8.181818181818182
 314 10.22727272727273
 222 12.27272727272727
 803 14.31818181818182
 2528 16.36363636363636
 299 18.40909090909091
 815 20.45454545454545
 3743 22.5
 2140 24.54545454545455
 3854 26.59090909090909
 1319 28.63636363636364
 1374 30.68181818181818
 1298 32.72727272727273
 1618 34.77272727272727
 1142 36.81818181818182
 2047 38.86363636363636
 2127 40.90909090909091
 745 42.95454545454545
 782 45
 1347 47.04545454545455
 604 49.09090909090909
 493 51.13636363636363
 409 53.18181818181818
 301 55.22727272727273
 287 57.27272727272727
 109 59.31818181818182
 88 61.36363636363636
 65 63.40909090909091
 17 65.45454545454545
 12 67.5
 2 69.54545454545455
 0 71.59090909090909
 0 73.63636363636364
 0 75.68181818181819
 0 77.72727272727272
 0 79.77272727272727
 0 81.81818181818181
 0 83.86363636363636
 0 85.90909090909091
 0 87.95454545454545
 0 90


