# Created by Octave 3.8.2, Mon Jun 22 22:36:49 2020 CEST <damian@fptrucha.inv.usc.es>
# name: hd
# type: matrix
# rows: 45
# columns: 2
 5 0
 2559 2.045454545454545
 4 4.090909090909091
 6 6.136363636363637
 2369 8.181818181818182
 281 10.22727272727273
 282 12.27272727272727
 884 14.31818181818182
 2650 16.36363636363636
 327 18.40909090909091
 930 20.45454545454545
 3883 22.5
 2262 24.54545454545455
 4078 26.59090909090909
 1439 28.63636363636364
 1428 30.68181818181818
 1455 32.72727272727273
 1780 34.77272727272727
 1192 36.81818181818182
 2230 38.86363636363636
 2273 40.90909090909091
 824 42.95454545454545
 888 45
 1459 47.04545454545455
 710 49.09090909090909
 573 51.13636363636363
 516 53.18181818181818
 338 55.22727272727273
 347 57.27272727272727
 141 59.31818181818182
 129 61.36363636363636
 92 63.40909090909091
 15 65.45454545454545
 22 67.5
 3 69.54545454545455
 0 71.59090909090909
 0 73.63636363636364
 0 75.68181818181819
 0 77.72727272727272
 0 79.77272727272727
 0 81.81818181818181
 0 83.86363636363636
 0 85.90909090909091
 0 87.95454545454545
 0 90


