# Created by Octave 3.8.2, Sat Jun 20 09:00:20 2020 CEST <damian@fptrucha.inv.usc.es>
# name: hd
# type: matrix
# rows: 45
# columns: 2
 2 0
 2662 2.045454545454545
 0 4.090909090909091
 7 6.136363636363637
 2626 8.181818181818182
 320 10.22727272727273
 274 12.27272727272727
 910 14.31818181818182
 2914 16.36363636363636
 367 18.40909090909091
 881 20.45454545454545
 4092 22.5
 2392 24.54545454545455
 4482 26.59090909090909
 1476 28.63636363636364
 1508 30.68181818181818
 1496 32.72727272727273
 1906 34.77272727272727
 1243 36.81818181818182
 2465 38.86363636363636
 2393 40.90909090909091
 941 42.95454545454545
 865 45
 1495 47.04545454545455
 675 49.09090909090909
 589 51.13636363636363
 509 53.18181818181818
 338 55.22727272727273
 351 57.27272727272727
 144 59.31818181818182
 101 61.36363636363636
 94 63.40909090909091
 23 65.45454545454545
 14 67.5
 2 69.54545454545455
 0 71.59090909090909
 0 73.63636363636364
 0 75.68181818181819
 0 77.72727272727272
 0 79.77272727272727
 0 81.81818181818181
 0 83.86363636363636
 0 85.90909090909091
 0 87.95454545454545
 0 90


