# Created by Octave 3.8.2, Mon Jun 22 03:35:53 2020 CEST <damian@fptrucha.inv.usc.es>
# name: hd
# type: matrix
# rows: 45
# columns: 2
 2 0
 2220 2.045454545454545
 7 4.090909090909091
 12 6.136363636363637
 2002 8.181818181818182
 267 10.22727272727273
 212 12.27272727272727
 687 14.31818181818182
 2364 16.36363636363636
 256 18.40909090909091
 779 20.45454545454545
 3293 22.5
 1854 24.54545454545455
 3580 26.59090909090909
 1294 28.63636363636364
 1270 30.68181818181818
 1283 32.72727272727273
 1444 34.77272727272727
 1015 36.81818181818182
 1987 38.86363636363636
 1982 40.90909090909091
 817 42.95454545454545
 762 45
 1344 47.04545454545455
 570 49.09090909090909
 549 51.13636363636363
 459 53.18181818181818
 332 55.22727272727273
 327 57.27272727272727
 144 59.31818181818182
 111 61.36363636363636
 58 63.40909090909091
 28 65.45454545454545
 25 67.5
 0 69.54545454545455
 1 71.59090909090909
 0 73.63636363636364
 0 75.68181818181819
 0 77.72727272727272
 0 79.77272727272727
 0 81.81818181818181
 0 83.86363636363636
 0 85.90909090909091
 0 87.95454545454545
 0 90


