# Created by Octave 3.8.2, Mon Jun 22 20:20:06 2020 CEST <damian@fptrucha.inv.usc.es>
# name: hd
# type: matrix
# rows: 45
# columns: 2
 3 0
 2418 2.045454545454545
 5 4.090909090909091
 11 6.136363636363637
 2397 8.181818181818182
 270 10.22727272727273
 269 12.27272727272727
 738 14.31818181818182
 2661 16.36363636363636
 319 18.40909090909091
 891 20.45454545454545
 3720 22.5
 2170 24.54545454545455
 4088 26.59090909090909
 1441 28.63636363636364
 1371 30.68181818181818
 1382 32.72727272727273
 1754 34.77272727272727
 1119 36.81818181818182
 2344 38.86363636363636
 2242 40.90909090909091
 899 42.95454545454545
 833 45
 1561 47.04545454545455
 666 49.09090909090909
 587 51.13636363636363
 554 53.18181818181818
 358 55.22727272727273
 318 57.27272727272727
 148 59.31818181818182
 134 61.36363636363636
 84 63.40909090909091
 34 65.45454545454545
 13 67.5
 2 69.54545454545455
 0 71.59090909090909
 0 73.63636363636364
 0 75.68181818181819
 0 77.72727272727272
 0 79.77272727272727
 0 81.81818181818181
 0 83.86363636363636
 0 85.90909090909091
 0 87.95454545454545
 0 90


