# Created by Octave 3.8.2, Mon Jun 22 20:14:42 2020 CEST <damian@fptrucha.inv.usc.es>
# name: hd
# type: matrix
# rows: 45
# columns: 2
 1 0
 2495 2.045454545454545
 1 4.090909090909091
 14 6.136363636363637
 2403 8.181818181818182
 264 10.22727272727273
 259 12.27272727272727
 809 14.31818181818182
 2610 16.36363636363636
 304 18.40909090909091
 857 20.45454545454545
 3720 22.5
 2196 24.54545454545455
 4104 26.59090909090909
 1486 28.63636363636364
 1324 30.68181818181818
 1368 32.72727272727273
 1749 34.77272727272727
 1121 36.81818181818182
 2212 38.86363636363636
 2200 40.90909090909091
 878 42.95454545454545
 852 45
 1475 47.04545454545455
 694 49.09090909090909
 577 51.13636363636363
 493 53.18181818181818
 346 55.22727272727273
 375 57.27272727272727
 131 59.31818181818182
 138 61.36363636363636
 92 63.40909090909091
 33 65.45454545454545
 16 67.5
 2 69.54545454545455
 0 71.59090909090909
 0 73.63636363636364
 0 75.68181818181819
 0 77.72727272727272
 0 79.77272727272727
 0 81.81818181818181
 0 83.86363636363636
 0 85.90909090909091
 0 87.95454545454545
 0 90


