# Created by Octave 3.8.2, Mon Jun 22 17:11:43 2020 CEST <damian@fptrucha.inv.usc.es>
# name: hd
# type: matrix
# rows: 45
# columns: 2
 2 0
 2367 2.045454545454545
 5 4.090909090909091
 12 6.136363636363637
 2266 8.181818181818182
 323 10.22727272727273
 291 12.27272727272727
 781 14.31818181818182
 2564 16.36363636363636
 313 18.40909090909091
 776 20.45454545454545
 3683 22.5
 2146 24.54545454545455
 3980 26.59090909090909
 1372 28.63636363636364
 1376 30.68181818181818
 1356 32.72727272727273
 1683 34.77272727272727
 1156 36.81818181818182
 2101 38.86363636363636
 2192 40.90909090909091
 868 42.95454545454545
 828 45
 1427 47.04545454545455
 659 49.09090909090909
 606 51.13636363636363
 507 53.18181818181818
 392 55.22727272727273
 330 57.27272727272727
 145 59.31818181818182
 144 61.36363636363636
 97 63.40909090909091
 29 65.45454545454545
 16 67.5
 1 69.54545454545455
 0 71.59090909090909
 0 73.63636363636364
 0 75.68181818181819
 0 77.72727272727272
 0 79.77272727272727
 0 81.81818181818181
 0 83.86363636363636
 0 85.90909090909091
 0 87.95454545454545
 0 90


