# Created by Octave 3.8.2, Sun Jun 21 07:34:28 2020 CEST <damian@fptrucha.inv.usc.es>
# name: hd
# type: matrix
# rows: 45
# columns: 2
 3 0
 2471 2.045454545454545
 3 4.090909090909091
 5 6.136363636363637
 2417 8.181818181818182
 376 10.22727272727273
 238 12.27272727272727
 862 14.31818181818182
 2688 16.36363636363636
 319 18.40909090909091
 807 20.45454545454545
 3699 22.5
 2207 24.54545454545455
 3968 26.59090909090909
 1381 28.63636363636364
 1323 30.68181818181818
 1366 32.72727272727273
 1657 34.77272727272727
 1086 36.81818181818182
 2226 38.86363636363636
 2050 40.90909090909091
 761 42.95454545454545
 837 45
 1283 47.04545454545455
 589 49.09090909090909
 503 51.13636363636363
 434 53.18181818181818
 308 55.22727272727273
 266 57.27272727272727
 121 59.31818181818182
 99 61.36363636363636
 63 63.40909090909091
 16 65.45454545454545
 9 67.5
 2 69.54545454545455
 0 71.59090909090909
 0 73.63636363636364
 0 75.68181818181819
 0 77.72727272727272
 0 79.77272727272727
 0 81.81818181818181
 0 83.86363636363636
 0 85.90909090909091
 0 87.95454545454545
 0 90


