# Created by Octave 3.8.2, Sat Jun 20 08:48:23 2020 CEST <damian@fptrucha.inv.usc.es>
# name: hd
# type: matrix
# rows: 45
# columns: 2
 5 0
 2702 2.045454545454545
 3 4.090909090909091
 7 6.136363636363637
 2450 8.181818181818182
 401 10.22727272727273
 283 12.27272727272727
 908 14.31818181818182
 2995 16.36363636363636
 385 18.40909090909091
 851 20.45454545454545
 4111 22.5
 2391 24.54545454545455
 4483 26.59090909090909
 1453 28.63636363636364
 1501 30.68181818181818
 1573 32.72727272727273
 1879 34.77272727272727
 1309 36.81818181818182
 2411 38.86363636363636
 2465 40.90909090909091
 907 42.95454545454545
 917 45
 1549 47.04545454545455
 690 49.09090909090909
 576 51.13636363636363
 541 53.18181818181818
 346 55.22727272727273
 315 57.27272727272727
 154 59.31818181818182
 125 61.36363636363636
 81 63.40909090909091
 18 65.45454545454545
 12 67.5
 3 69.54545454545455
 0 71.59090909090909
 0 73.63636363636364
 0 75.68181818181819
 0 77.72727272727272
 0 79.77272727272727
 0 81.81818181818181
 0 83.86363636363636
 0 85.90909090909091
 0 87.95454545454545
 0 90


