# Created by Octave 3.8.2, Mon Jun 22 09:21:55 2020 CEST <damian@fptrucha.inv.usc.es>
# name: hd
# type: matrix
# rows: 45
# columns: 2
 7 0
 1508 2.045454545454545
 7 4.090909090909091
 3 6.136363636363637
 1384 8.181818181818182
 153 10.22727272727273
 162 12.27272727272727
 486 14.31818181818182
 1628 16.36363636363636
 154 18.40909090909091
 487 20.45454545454545
 2259 22.5
 1350 24.54545454545455
 2459 26.59090909090909
 862 28.63636363636364
 887 30.68181818181818
 860 32.72727272727273
 1041 34.77272727272727
 719 36.81818181818182
 1342 38.86363636363636
 1333 40.90909090909091
 522 42.95454545454545
 535 45
 896 47.04545454545455
 405 49.09090909090909
 348 51.13636363636363
 345 53.18181818181818
 231 55.22727272727273
 216 57.27272727272727
 107 59.31818181818182
 77 61.36363636363636
 62 63.40909090909091
 26 65.45454545454545
 15 67.5
 0 69.54545454545455
 0 71.59090909090909
 0 73.63636363636364
 0 75.68181818181819
 0 77.72727272727272
 0 79.77272727272727
 0 81.81818181818181
 0 83.86363636363636
 0 85.90909090909091
 0 87.95454545454545
 0 90


