# Created by Octave 3.8.2, Mon Jun 22 08:05:26 2020 CEST <damian@fptrucha.inv.usc.es>
# name: hd
# type: matrix
# rows: 45
# columns: 2
 0 0
 2257 2.045454545454545
 4 4.090909090909091
 14 6.136363636363637
 2179 8.181818181818182
 245 10.22727272727273
 260 12.27272727272727
 740 14.31818181818182
 2468 16.36363636363636
 316 18.40909090909091
 765 20.45454545454545
 3459 22.5
 2008 24.54545454545455
 3790 26.59090909090909
 1308 28.63636363636364
 1277 30.68181818181818
 1317 32.72727272727273
 1578 34.77272727272727
 1020 36.81818181818182
 2050 38.86363636363636
 1979 40.90909090909091
 870 42.95454545454545
 767 45
 1311 47.04545454545455
 594 49.09090909090909
 594 51.13636363636363
 514 53.18181818181818
 330 55.22727272727273
 333 57.27272727272727
 138 59.31818181818182
 126 61.36363636363636
 92 63.40909090909091
 29 65.45454545454545
 19 67.5
 1 69.54545454545455
 0 71.59090909090909
 0 73.63636363636364
 0 75.68181818181819
 0 77.72727272727272
 0 79.77272727272727
 0 81.81818181818181
 0 83.86363636363636
 0 85.90909090909091
 0 87.95454545454545
 0 90


