# Created by Octave 3.8.2, Sat Jun 20 14:51:10 2020 CEST <damian@fptrucha.inv.usc.es>
# name: hd
# type: matrix
# rows: 45
# columns: 2
 1 0
 2451 2.045454545454545
 4 4.090909090909091
 6 6.136363636363637
 2424 8.181818181818182
 333 10.22727272727273
 244 12.27272727272727
 835 14.31818181818182
 2701 16.36363636363636
 365 18.40909090909091
 810 20.45454545454545
 3721 22.5
 2187 24.54545454545455
 4076 26.59090909090909
 1399 28.63636363636364
 1393 30.68181818181818
 1315 32.72727272727273
 1712 34.77272727272727
 1092 36.81818181818182
 2150 38.86363636363636
 2165 40.90909090909091
 756 42.95454545454545
 807 45
 1415 47.04545454545455
 611 49.09090909090909
 519 51.13636363636363
 468 53.18181818181818
 296 55.22727272727273
 279 57.27272727272727
 114 59.31818181818182
 105 61.36363636363636
 59 63.40909090909091
 23 65.45454545454545
 13 67.5
 1 69.54545454545455
 0 71.59090909090909
 0 73.63636363636364
 0 75.68181818181819
 0 77.72727272727272
 0 79.77272727272727
 0 81.81818181818181
 0 83.86363636363636
 0 85.90909090909091
 0 87.95454545454545
 0 90


