# Created by Octave 3.8.2, Sat Jun 20 14:48:33 2020 CEST <damian@fptrucha.inv.usc.es>
# name: hd
# type: matrix
# rows: 45
# columns: 2
 5 0
 2579 2.045454545454545
 1 4.090909090909091
 5 6.136363636363637
 2395 8.181818181818182
 359 10.22727272727273
 250 12.27272727272727
 835 14.31818181818182
 2807 16.36363636363636
 346 18.40909090909091
 787 20.45454545454545
 3792 22.5
 2245 24.54545454545455
 4112 26.59090909090909
 1380 28.63636363636364
 1398 30.68181818181818
 1399 32.72727272727273
 1803 34.77272727272727
 1204 36.81818181818182
 2242 38.86363636363636
 2168 40.90909090909091
 792 42.95454545454545
 797 45
 1353 47.04545454545455
 654 49.09090909090909
 552 51.13636363636363
 472 53.18181818181818
 331 55.22727272727273
 285 57.27272727272727
 126 59.31818181818182
 109 61.36363636363636
 59 63.40909090909091
 16 65.45454545454545
 14 67.5
 0 69.54545454545455
 0 71.59090909090909
 0 73.63636363636364
 0 75.68181818181819
 0 77.72727272727272
 0 79.77272727272727
 0 81.81818181818181
 0 83.86363636363636
 0 85.90909090909091
 0 87.95454545454545
 0 90


