# Created by Octave 3.8.2, Sun Jun 21 04:23:00 2020 CEST <damian@fptrucha.inv.usc.es>
# name: hd
# type: matrix
# rows: 45
# columns: 2
 3 0
 2391 2.045454545454545
 0 4.090909090909091
 11 6.136363636363637
 2295 8.181818181818182
 311 10.22727272727273
 216 12.27272727272727
 803 14.31818181818182
 2604 16.36363636363636
 294 18.40909090909091
 775 20.45454545454545
 3581 22.5
 2110 24.54545454545455
 3931 26.59090909090909
 1247 28.63636363636364
 1307 30.68181818181818
 1284 32.72727272727273
 1619 34.77272727272727
 1019 36.81818181818182
 2122 38.86363636363636
 1973 40.90909090909091
 777 42.95454545454545
 763 45
 1283 47.04545454545455
 588 49.09090909090909
 548 51.13636363636363
 403 53.18181818181818
 297 55.22727272727273
 285 57.27272727272727
 124 59.31818181818182
 97 61.36363636363636
 55 63.40909090909091
 20 65.45454545454545
 11 67.5
 2 69.54545454545455
 1 71.59090909090909
 0 73.63636363636364
 0 75.68181818181819
 0 77.72727272727272
 0 79.77272727272727
 0 81.81818181818181
 0 83.86363636363636
 0 85.90909090909091
 0 87.95454545454545
 0 90


