# Created by Octave 3.8.2, Sat Jun 20 19:25:51 2020 CEST <damian@fptrucha.inv.usc.es>
# name: hd
# type: matrix
# rows: 45
# columns: 2
 4 0
 2428 2.045454545454545
 2 4.090909090909091
 9 6.136363636363637
 2416 8.181818181818182
 330 10.22727272727273
 249 12.27272727272727
 795 14.31818181818182
 2616 16.36363636363636
 318 18.40909090909091
 816 20.45454545454545
 3497 22.5
 2141 24.54545454545455
 4033 26.59090909090909
 1246 28.63636363636364
 1304 30.68181818181818
 1290 32.72727272727273
 1630 34.77272727272727
 1137 36.81818181818182
 2143 38.86363636363636
 2069 40.90909090909091
 753 42.95454545454545
 782 45
 1364 47.04545454545455
 625 49.09090909090909
 433 51.13636363636363
 449 53.18181818181818
 292 55.22727272727273
 273 57.27272727272727
 128 59.31818181818182
 84 61.36363636363636
 61 63.40909090909091
 19 65.45454545454545
 8 67.5
 3 69.54545454545455
 0 71.59090909090909
 0 73.63636363636364
 0 75.68181818181819
 0 77.72727272727272
 0 79.77272727272727
 0 81.81818181818181
 0 83.86363636363636
 0 85.90909090909091
 0 87.95454545454545
 0 90


