# Created by Octave 3.8.2, Mon Jun 22 07:02:40 2020 CEST <damian@fptrucha.inv.usc.es>
# name: hd
# type: matrix
# rows: 45
# columns: 2
 6 0
 2212 2.045454545454545
 5 4.090909090909091
 11 6.136363636363637
 2046 8.181818181818182
 275 10.22727272727273
 262 12.27272727272727
 723 14.31818181818182
 2230 16.36363636363636
 276 18.40909090909091
 754 20.45454545454545
 3459 22.5
 1943 24.54545454545455
 3676 26.59090909090909
 1258 28.63636363636364
 1252 30.68181818181818
 1304 32.72727272727273
 1477 34.77272727272727
 996 36.81818181818182
 1968 38.86363636363636
 2052 40.90909090909091
 826 42.95454545454545
 730 45
 1326 47.04545454545455
 604 49.09090909090909
 554 51.13636363636363
 469 53.18181818181818
 325 55.22727272727273
 330 57.27272727272727
 140 59.31818181818182
 136 61.36363636363636
 72 63.40909090909091
 25 65.45454545454545
 23 67.5
 8 69.54545454545455
 1 71.59090909090909
 0 73.63636363636364
 0 75.68181818181819
 0 77.72727272727272
 0 79.77272727272727
 0 81.81818181818181
 0 83.86363636363636
 0 85.90909090909091
 0 87.95454545454545
 0 90


