# Created by Octave 3.8.2, Sun Jun 21 02:52:51 2020 CEST <damian@fptrucha.inv.usc.es>
# name: hd
# type: matrix
# rows: 45
# columns: 2
 2 0
 2389 2.045454545454545
 3 4.090909090909091
 6 6.136363636363637
 2343 8.181818181818182
 341 10.22727272727273
 203 12.27272727272727
 709 14.31818181818182
 2626 16.36363636363636
 297 18.40909090909091
 771 20.45454545454545
 3504 22.5
 2049 24.54545454545455
 3888 26.59090909090909
 1344 28.63636363636364
 1240 30.68181818181818
 1224 32.72727272727273
 1562 34.77272727272727
 1126 36.81818181818182
 2009 38.86363636363636
 1994 40.90909090909091
 740 42.95454545454545
 779 45
 1319 47.04545454545455
 574 49.09090909090909
 466 51.13636363636363
 432 53.18181818181818
 244 55.22727272727273
 247 57.27272727272727
 115 59.31818181818182
 102 61.36363636363636
 59 63.40909090909091
 16 65.45454545454545
 10 67.5
 2 69.54545454545455
 0 71.59090909090909
 0 73.63636363636364
 0 75.68181818181819
 0 77.72727272727272
 0 79.77272727272727
 0 81.81818181818181
 0 83.86363636363636
 0 85.90909090909091
 0 87.95454545454545
 0 90


