# Created by Octave 3.8.2, Mon Jun 22 13:00:50 2020 CEST <damian@fptrucha.inv.usc.es>
# name: hd
# type: matrix
# rows: 45
# columns: 2
 7 0
 2339 2.045454545454545
 9 4.090909090909091
 15 6.136363636363637
 2191 8.181818181818182
 267 10.22727272727273
 275 12.27272727272727
 746 14.31818181818182
 2500 16.36363636363636
 311 18.40909090909091
 806 20.45454545454545
 3665 22.5
 2088 24.54545454545455
 3911 26.59090909090909
 1383 28.63636363636364
 1254 30.68181818181818
 1313 32.72727272727273
 1610 34.77272727272727
 1070 36.81818181818182
 2112 38.86363636363636
 2105 40.90909090909091
 814 42.95454545454545
 875 45
 1360 47.04545454545455
 631 49.09090909090909
 586 51.13636363636363
 496 53.18181818181818
 317 55.22727272727273
 341 57.27272727272727
 141 59.31818181818182
 131 61.36363636363636
 92 63.40909090909091
 16 65.45454545454545
 26 67.5
 2 69.54545454545455
 1 71.59090909090909
 0 73.63636363636364
 0 75.68181818181819
 0 77.72727272727272
 0 79.77272727272727
 0 81.81818181818181
 0 83.86363636363636
 0 85.90909090909091
 0 87.95454545454545
 0 90


