# Created by Octave 3.8.2, Sat Jun 20 12:45:14 2020 CEST <damian@fptrucha.inv.usc.es>
# name: hd
# type: matrix
# rows: 45
# columns: 2
 6 0
 2472 2.045454545454545
 4 4.090909090909091
 6 6.136363636363637
 2455 8.181818181818182
 363 10.22727272727273
 283 12.27272727272727
 839 14.31818181818182
 2773 16.36363636363636
 359 18.40909090909091
 841 20.45454545454545
 3914 22.5
 2275 24.54545454545455
 4246 26.59090909090909
 1464 28.63636363636364
 1429 30.68181818181818
 1406 32.72727272727273
 1850 34.77272727272727
 1171 36.81818181818182
 2257 38.86363636363636
 2198 40.90909090909091
 804 42.95454545454545
 823 45
 1468 47.04545454545455
 620 49.09090909090909
 576 51.13636363636363
 524 53.18181818181818
 338 55.22727272727273
 308 57.27272727272727
 146 59.31818181818182
 125 61.36363636363636
 78 63.40909090909091
 18 65.45454545454545
 11 67.5
 0 69.54545454545455
 0 71.59090909090909
 0 73.63636363636364
 0 75.68181818181819
 0 77.72727272727272
 0 79.77272727272727
 0 81.81818181818181
 0 83.86363636363636
 0 85.90909090909091
 0 87.95454545454545
 0 90


