# Created by Octave 3.8.2, Sun Jun 21 06:12:08 2020 CEST <damian@fptrucha.inv.usc.es>
# name: hd
# type: matrix
# rows: 45
# columns: 2
 1 0
 2307 2.045454545454545
 2 4.090909090909091
 11 6.136363636363637
 2306 8.181818181818182
 308 10.22727272727273
 235 12.27272727272727
 826 14.31818181818182
 2661 16.36363636363636
 321 18.40909090909091
 779 20.45454545454545
 3501 22.5
 2127 24.54545454545455
 3977 26.59090909090909
 1289 28.63636363636364
 1342 30.68181818181818
 1288 32.72727272727273
 1637 34.77272727272727
 1063 36.81818181818182
 2102 38.86363636363636
 2003 40.90909090909091
 722 42.95454545454545
 830 45
 1353 47.04545454545455
 566 49.09090909090909
 495 51.13636363636363
 451 53.18181818181818
 305 55.22727272727273
 256 57.27272727272727
 124 59.31818181818182
 97 61.36363636363636
 60 63.40909090909091
 24 65.45454545454545
 9 67.5
 2 69.54545454545455
 0 71.59090909090909
 0 73.63636363636364
 0 75.68181818181819
 0 77.72727272727272
 0 79.77272727272727
 0 81.81818181818181
 0 83.86363636363636
 0 85.90909090909091
 0 87.95454545454545
 0 90


