# Created by Octave 3.8.2, Mon Jun 22 18:01:56 2020 CEST <damian@fptrucha.inv.usc.es>
# name: hd
# type: matrix
# rows: 45
# columns: 2
 8 0
 2451 2.045454545454545
 4 4.090909090909091
 12 6.136363636363637
 2239 8.181818181818182
 263 10.22727272727273
 278 12.27272727272727
 812 14.31818181818182
 2644 16.36363636363636
 313 18.40909090909091
 817 20.45454545454545
 3741 22.5
 2137 24.54545454545455
 3871 26.59090909090909
 1416 28.63636363636364
 1325 30.68181818181818
 1381 32.72727272727273
 1718 34.77272727272727
 1125 36.81818181818182
 2274 38.86363636363636
 2284 40.90909090909091
 870 42.95454545454545
 819 45
 1475 47.04545454545455
 663 49.09090909090909
 573 51.13636363636363
 525 53.18181818181818
 372 55.22727272727273
 369 57.27272727272727
 122 59.31818181818182
 129 61.36363636363636
 78 63.40909090909091
 31 65.45454545454545
 8 67.5
 1 69.54545454545455
 0 71.59090909090909
 0 73.63636363636364
 0 75.68181818181819
 0 77.72727272727272
 0 79.77272727272727
 0 81.81818181818181
 0 83.86363636363636
 0 85.90909090909091
 0 87.95454545454545
 0 90


