# Created by Octave 3.8.2, Sun Jun 21 01:45:26 2020 CEST <damian@fptrucha.inv.usc.es>
# name: hd
# type: matrix
# rows: 45
# columns: 2
 3 0
 2262 2.045454545454545
 5 4.090909090909091
 5 6.136363636363637
 2223 8.181818181818182
 345 10.22727272727273
 224 12.27272727272727
 796 14.31818181818182
 2461 16.36363636363636
 313 18.40909090909091
 793 20.45454545454545
 3511 22.5
 2021 24.54545454545455
 3740 26.59090909090909
 1219 28.63636363636364
 1218 30.68181818181818
 1221 32.72727272727273
 1603 34.77272727272727
 1046 36.81818181818182
 2004 38.86363636363636
 1869 40.90909090909091
 709 42.95454545454545
 786 45
 1274 47.04545454545455
 597 49.09090909090909
 411 51.13636363636363
 406 53.18181818181818
 271 55.22727272727273
 266 57.27272727272727
 92 59.31818181818182
 92 61.36363636363636
 68 63.40909090909091
 10 65.45454545454545
 10 67.5
 2 69.54545454545455
 0 71.59090909090909
 0 73.63636363636364
 0 75.68181818181819
 0 77.72727272727272
 0 79.77272727272727
 0 81.81818181818181
 0 83.86363636363636
 0 85.90909090909091
 0 87.95454545454545
 0 90


