# Created by Octave 3.8.2, Sat Jun 20 03:53:42 2020 CEST <damian@fptrucha.inv.usc.es>
# name: hd
# type: matrix
# rows: 45
# columns: 2
 5 0
 2615 2.045454545454545
 0 4.090909090909091
 9 6.136363636363637
 2614 8.181818181818182
 334 10.22727272727273
 263 12.27272727272727
 893 14.31818181818182
 2865 16.36363636363636
 339 18.40909090909091
 892 20.45454545454545
 3948 22.5
 2434 24.54545454545455
 4321 26.59090909090909
 1496 28.63636363636364
 1463 30.68181818181818
 1483 32.72727272727273
 1948 34.77272727272727
 1261 36.81818181818182
 2379 38.86363636363636
 2190 40.90909090909091
 793 42.95454545454545
 826 45
 1474 47.04545454545455
 644 49.09090909090909
 492 51.13636363636363
 479 53.18181818181818
 297 55.22727272727273
 298 57.27272727272727
 117 59.31818181818182
 98 61.36363636363636
 51 63.40909090909091
 22 65.45454545454545
 14 67.5
 2 69.54545454545455
 0 71.59090909090909
 0 73.63636363636364
 0 75.68181818181819
 0 77.72727272727272
 0 79.77272727272727
 0 81.81818181818181
 0 83.86363636363636
 0 85.90909090909091
 0 87.95454545454545
 0 90


