# Created by Octave 3.8.2, Mon Jun 22 12:10:33 2020 CEST <damian@fptrucha.inv.usc.es>
# name: hd
# type: matrix
# rows: 45
# columns: 2
 6 0
 2327 2.045454545454545
 3 4.090909090909091
 10 6.136363636363637
 2241 8.181818181818182
 274 10.22727272727273
 258 12.27272727272727
 727 14.31818181818182
 2513 16.36363636363636
 274 18.40909090909091
 783 20.45454545454545
 3616 22.5
 1949 24.54545454545455
 3836 26.59090909090909
 1362 28.63636363636364
 1290 30.68181818181818
 1304 32.72727272727273
 1651 34.77272727272727
 1154 36.81818181818182
 2088 38.86363636363636
 2042 40.90909090909091
 863 42.95454545454545
 779 45
 1392 47.04545454545455
 647 49.09090909090909
 567 51.13636363636363
 474 53.18181818181818
 355 55.22727272727273
 329 57.27272727272727
 127 59.31818181818182
 133 61.36363636363636
 79 63.40909090909091
 27 65.45454545454545
 17 67.5
 5 69.54545454545455
 0 71.59090909090909
 0 73.63636363636364
 0 75.68181818181819
 0 77.72727272727272
 0 79.77272727272727
 0 81.81818181818181
 0 83.86363636363636
 0 85.90909090909091
 0 87.95454545454545
 0 90


