# Created by Octave 3.8.2, Sun Jun 21 01:08:56 2020 CEST <damian@fptrucha.inv.usc.es>
# name: hd
# type: matrix
# rows: 45
# columns: 2
 6 0
 2299 2.045454545454545
 1 4.090909090909091
 8 6.136363636363637
 2308 8.181818181818182
 307 10.22727272727273
 238 12.27272727272727
 807 14.31818181818182
 2568 16.36363636363636
 318 18.40909090909091
 747 20.45454545454545
 3489 22.5
 2113 24.54545454545455
 3832 26.59090909090909
 1259 28.63636363636364
 1260 30.68181818181818
 1287 32.72727272727273
 1655 34.77272727272727
 1019 36.81818181818182
 2080 38.86363636363636
 1990 40.90909090909091
 709 42.95454545454545
 783 45
 1256 47.04545454545455
 555 49.09090909090909
 514 51.13636363636363
 380 53.18181818181818
 251 55.22727272727273
 256 57.27272727272727
 89 59.31818181818182
 74 61.36363636363636
 44 63.40909090909091
 11 65.45454545454545
 15 67.5
 2 69.54545454545455
 0 71.59090909090909
 0 73.63636363636364
 0 75.68181818181819
 0 77.72727272727272
 0 79.77272727272727
 0 81.81818181818181
 0 83.86363636363636
 0 85.90909090909091
 0 87.95454545454545
 0 90


