# Created by Octave 3.8.2, Mon Jun 22 12:19:00 2020 CEST <damian@fptrucha.inv.usc.es>
# name: hd
# type: matrix
# rows: 45
# columns: 2
 6 0
 2271 2.045454545454545
 4 4.090909090909091
 7 6.136363636363637
 2342 8.181818181818182
 285 10.22727272727273
 245 12.27272727272727
 754 14.31818181818182
 2477 16.36363636363636
 328 18.40909090909091
 787 20.45454545454545
 3609 22.5
 2119 24.54545454545455
 3751 26.59090909090909
 1326 28.63636363636364
 1335 30.68181818181818
 1311 32.72727272727273
 1665 34.77272727272727
 1057 36.81818181818182
 2070 38.86363636363636
 2083 40.90909090909091
 857 42.95454545454545
 822 45
 1417 47.04545454545455
 653 49.09090909090909
 588 51.13636363636363
 508 53.18181818181818
 329 55.22727272727273
 311 57.27272727272727
 150 59.31818181818182
 124 61.36363636363636
 79 63.40909090909091
 20 65.45454545454545
 18 67.5
 6 69.54545454545455
 0 71.59090909090909
 0 73.63636363636364
 0 75.68181818181819
 0 77.72727272727272
 0 79.77272727272727
 0 81.81818181818181
 0 83.86363636363636
 0 85.90909090909091
 0 87.95454545454545
 0 90


