# Created by Octave 3.8.2, Mon Jun 22 06:41:09 2020 CEST <damian@fptrucha.inv.usc.es>
# name: hd
# type: matrix
# rows: 45
# columns: 2
 8 0
 2295 2.045454545454545
 6 4.090909090909091
 8 6.136363636363637
 1999 8.181818181818182
 289 10.22727272727273
 250 12.27272727272727
 688 14.31818181818182
 2367 16.36363636363636
 260 18.40909090909091
 751 20.45454545454545
 3583 22.5
 1892 24.54545454545455
 3606 26.59090909090909
 1278 28.63636363636364
 1250 30.68181818181818
 1221 32.72727272727273
 1575 34.77272727272727
 1001 36.81818181818182
 2065 38.86363636363636
 1960 40.90909090909091
 847 42.95454545454545
 770 45
 1229 47.04545454545455
 612 49.09090909090909
 545 51.13636363636363
 453 53.18181818181818
 350 55.22727272727273
 319 57.27272727272727
 158 59.31818181818182
 137 61.36363636363636
 82 63.40909090909091
 24 65.45454545454545
 12 67.5
 1 69.54545454545455
 0 71.59090909090909
 0 73.63636363636364
 0 75.68181818181819
 0 77.72727272727272
 0 79.77272727272727
 0 81.81818181818181
 0 83.86363636363636
 0 85.90909090909091
 0 87.95454545454545
 0 90


