# Created by Octave 3.8.2, Sun Jun 21 00:39:21 2020 CEST <damian@fptrucha.inv.usc.es>
# name: hd
# type: matrix
# rows: 45
# columns: 2
 4 0
 2369 2.045454545454545
 1 4.090909090909091
 6 6.136363636363637
 2274 8.181818181818182
 341 10.22727272727273
 240 12.27272727272727
 773 14.31818181818182
 2531 16.36363636363636
 302 18.40909090909091
 722 20.45454545454545
 3463 22.5
 2046 24.54545454545455
 3805 26.59090909090909
 1234 28.63636363636364
 1282 30.68181818181818
 1339 32.72727272727273
 1614 34.77272727272727
 1012 36.81818181818182
 2081 38.86363636363636
 1920 40.90909090909091
 756 42.95454545454545
 759 45
 1253 47.04545454545455
 557 49.09090909090909
 467 51.13636363636363
 431 53.18181818181818
 278 55.22727272727273
 276 57.27272727272727
 102 59.31818181818182
 84 61.36363636363636
 60 63.40909090909091
 10 65.45454545454545
 9 67.5
 3 69.54545454545455
 0 71.59090909090909
 0 73.63636363636364
 0 75.68181818181819
 0 77.72727272727272
 0 79.77272727272727
 0 81.81818181818181
 0 83.86363636363636
 0 85.90909090909091
 0 87.95454545454545
 0 90


