# Created by Octave 3.8.2, Mon Jun 22 21:30:22 2020 CEST <damian@fptrucha.inv.usc.es>
# name: hd
# type: matrix
# rows: 45
# columns: 2
 3 0
 2496 2.045454545454545
 2 4.090909090909091
 12 6.136363636363637
 2314 8.181818181818182
 323 10.22727272727273
 277 12.27272727272727
 823 14.31818181818182
 2657 16.36363636363636
 338 18.40909090909091
 867 20.45454545454545
 3681 22.5
 2156 24.54545454545455
 4113 26.59090909090909
 1474 28.63636363636364
 1386 30.68181818181818
 1410 32.72727272727273
 1728 34.77272727272727
 1182 36.81818181818182
 2295 38.86363636363636
 2280 40.90909090909091
 870 42.95454545454545
 828 45
 1470 47.04545454545455
 709 49.09090909090909
 592 51.13636363636363
 492 53.18181818181818
 368 55.22727272727273
 303 57.27272727272727
 146 59.31818181818182
 141 61.36363636363636
 98 63.40909090909091
 30 65.45454545454545
 24 67.5
 5 69.54545454545455
 0 71.59090909090909
 0 73.63636363636364
 0 75.68181818181819
 0 77.72727272727272
 0 79.77272727272727
 0 81.81818181818181
 0 83.86363636363636
 0 85.90909090909091
 0 87.95454545454545
 0 90


