# Created by Octave 3.8.2, Sat Jun 20 02:20:36 2020 CEST <damian@fptrucha.inv.usc.es>
# name: hd
# type: matrix
# rows: 45
# columns: 2
 6 0
 2742 2.045454545454545
 3 4.090909090909091
 5 6.136363636363637
 2548 8.181818181818182
 290 10.22727272727273
 299 12.27272727272727
 849 14.31818181818182
 2783 16.36363636363636
 340 18.40909090909091
 858 20.45454545454545
 3831 22.5
 2320 24.54545454545455
 4196 26.59090909090909
 1394 28.63636363636364
 1434 30.68181818181818
 1481 32.72727272727273
 1810 34.77272727272727
 1176 36.81818181818182
 2187 38.86363636363636
 2119 40.90909090909091
 794 42.95454545454545
 842 45
 1425 47.04545454545455
 602 49.09090909090909
 497 51.13636363636363
 445 53.18181818181818
 305 55.22727272727273
 267 57.27272727272727
 128 59.31818181818182
 88 61.36363636363636
 69 63.40909090909091
 10 65.45454545454545
 11 67.5
 2 69.54545454545455
 0 71.59090909090909
 0 73.63636363636364
 0 75.68181818181819
 0 77.72727272727272
 0 79.77272727272727
 0 81.81818181818181
 0 83.86363636363636
 0 85.90909090909091
 0 87.95454545454545
 0 90


