# Created by Octave 3.8.2, Sat Jun 20 02:59:20 2020 CEST <damian@fptrucha.inv.usc.es>
# name: hd
# type: matrix
# rows: 45
# columns: 2
 4 0
 2648 2.045454545454545
 2 4.090909090909091
 11 6.136363636363637
 2607 8.181818181818182
 315 10.22727272727273
 294 12.27272727272727
 866 14.31818181818182
 2866 16.36363636363636
 324 18.40909090909091
 895 20.45454545454545
 3962 22.5
 2248 24.54545454545455
 4277 26.59090909090909
 1473 28.63636363636364
 1393 30.68181818181818
 1408 32.72727272727273
 1760 34.77272727272727
 1206 36.81818181818182
 2271 38.86363636363636
 2121 40.90909090909091
 826 42.95454545454545
 841 45
 1464 47.04545454545455
 672 49.09090909090909
 511 51.13636363636363
 453 53.18181818181818
 330 55.22727272727273
 274 57.27272727272727
 109 59.31818181818182
 83 61.36363636363636
 57 63.40909090909091
 21 65.45454545454545
 10 67.5
 2 69.54545454545455
 0 71.59090909090909
 0 73.63636363636364
 0 75.68181818181819
 0 77.72727272727272
 0 79.77272727272727
 0 81.81818181818181
 0 83.86363636363636
 0 85.90909090909091
 0 87.95454545454545
 0 90


