# Created by Octave 3.8.2, Sun Jun 21 04:33:07 2020 CEST <damian@fptrucha.inv.usc.es>
# name: hd
# type: matrix
# rows: 45
# columns: 2
 2 0
 2380 2.045454545454545
 4 4.090909090909091
 11 6.136363636363637
 2340 8.181818181818182
 329 10.22727272727273
 238 12.27272727272727
 794 14.31818181818182
 2511 16.36363636363636
 317 18.40909090909091
 787 20.45454545454545
 3582 22.5
 2121 24.54545454545455
 3847 26.59090909090909
 1296 28.63636363636364
 1326 30.68181818181818
 1334 32.72727272727273
 1611 34.77272727272727
 1063 36.81818181818182
 2045 38.86363636363636
 2030 40.90909090909091
 776 42.95454545454545
 807 45
 1301 47.04545454545455
 594 49.09090909090909
 474 51.13636363636363
 441 53.18181818181818
 274 55.22727272727273
 240 57.27272727272727
 111 59.31818181818182
 90 61.36363636363636
 52 63.40909090909091
 20 65.45454545454545
 17 67.5
 2 69.54545454545455
 0 71.59090909090909
 0 73.63636363636364
 0 75.68181818181819
 0 77.72727272727272
 0 79.77272727272727
 0 81.81818181818181
 0 83.86363636363636
 0 85.90909090909091
 0 87.95454545454545
 0 90


