# Created by Octave 3.8.2, Sat Jun 20 12:28:56 2020 CEST <damian@fptrucha.inv.usc.es>
# name: hd
# type: matrix
# rows: 45
# columns: 2
 4 0
 2496 2.045454545454545
 1 4.090909090909091
 10 6.136363636363637
 2463 8.181818181818182
 341 10.22727272727273
 252 12.27272727272727
 849 14.31818181818182
 2746 16.36363636363636
 372 18.40909090909091
 851 20.45454545454545
 3946 22.5
 2275 24.54545454545455
 4259 26.59090909090909
 1436 28.63636363636364
 1396 30.68181818181818
 1499 32.72727272727273
 1780 34.77272727272727
 1202 36.81818181818182
 2304 38.86363636363636
 2233 40.90909090909091
 866 42.95454545454545
 846 45
 1386 47.04545454545455
 733 49.09090909090909
 594 51.13636363636363
 438 53.18181818181818
 343 55.22727272727273
 321 57.27272727272727
 134 59.31818181818182
 99 61.36363636363636
 55 63.40909090909091
 23 65.45454545454545
 9 67.5
 1 69.54545454545455
 0 71.59090909090909
 0 73.63636363636364
 0 75.68181818181819
 0 77.72727272727272
 0 79.77272727272727
 0 81.81818181818181
 0 83.86363636363636
 0 85.90909090909091
 0 87.95454545454545
 0 90


