# Created by Octave 3.8.2, Mon Jun 22 16:58:15 2020 CEST <damian@fptrucha.inv.usc.es>
# name: hd
# type: matrix
# rows: 45
# columns: 2
 4 0
 2348 2.045454545454545
 7 4.090909090909091
 11 6.136363636363637
 2143 8.181818181818182
 290 10.22727272727273
 271 12.27272727272727
 811 14.31818181818182
 2583 16.36363636363636
 328 18.40909090909091
 780 20.45454545454545
 3770 22.5
 2052 24.54545454545455
 3942 26.59090909090909
 1365 28.63636363636364
 1328 30.68181818181818
 1321 32.72727272727273
 1742 34.77272727272727
 1057 36.81818181818182
 2159 38.86363636363636
 2279 40.90909090909091
 853 42.95454545454545
 793 45
 1445 47.04545454545455
 626 49.09090909090909
 607 51.13636363636363
 522 53.18181818181818
 376 55.22727272727273
 338 57.27272727272727
 163 59.31818181818182
 151 61.36363636363636
 80 63.40909090909091
 17 65.45454545454545
 20 67.5
 2 69.54545454545455
 1 71.59090909090909
 0 73.63636363636364
 0 75.68181818181819
 0 77.72727272727272
 0 79.77272727272727
 0 81.81818181818181
 0 83.86363636363636
 0 85.90909090909091
 0 87.95454545454545
 0 90


