# Created by Octave 3.8.2, Mon Jun 22 11:31:04 2020 CEST <damian@fptrucha.inv.usc.es>
# name: hd
# type: matrix
# rows: 45
# columns: 2
 12 0
 2302 2.045454545454545
 8 4.090909090909091
 11 6.136363636363637
 2213 8.181818181818182
 288 10.22727272727273
 226 12.27272727272727
 725 14.31818181818182
 2472 16.36363636363636
 271 18.40909090909091
 736 20.45454545454545
 3609 22.5
 2046 24.54545454545455
 3886 26.59090909090909
 1378 28.63636363636364
 1301 30.68181818181818
 1249 32.72727272727273
 1658 34.77272727272727
 1104 36.81818181818182
 2107 38.86363636363636
 2155 40.90909090909091
 849 42.95454545454545
 812 45
 1351 47.04545454545455
 609 49.09090909090909
 607 51.13636363636363
 483 53.18181818181818
 364 55.22727272727273
 296 57.27272727272727
 119 59.31818181818182
 124 61.36363636363636
 93 63.40909090909091
 21 65.45454545454545
 10 67.5
 5 69.54545454545455
 0 71.59090909090909
 0 73.63636363636364
 0 75.68181818181819
 0 77.72727272727272
 0 79.77272727272727
 0 81.81818181818181
 0 83.86363636363636
 0 85.90909090909091
 0 87.95454545454545
 0 90


