# Created by Octave 3.8.2, Sat Jun 20 11:04:11 2020 CEST <damian@fptrucha.inv.usc.es>
# name: hd
# type: matrix
# rows: 45
# columns: 2
 4 0
 2693 2.045454545454545
 3 4.090909090909091
 12 6.136363636363637
 2611 8.181818181818182
 338 10.22727272727273
 252 12.27272727272727
 889 14.31818181818182
 2805 16.36363636363636
 361 18.40909090909091
 914 20.45454545454545
 4016 22.5
 2339 24.54545454545455
 4380 26.59090909090909
 1479 28.63636363636364
 1368 30.68181818181818
 1424 32.72727272727273
 1920 34.77272727272727
 1216 36.81818181818182
 2348 38.86363636363636
 2350 40.90909090909091
 861 42.95454545454545
 856 45
 1504 47.04545454545455
 645 49.09090909090909
 561 51.13636363636363
 482 53.18181818181818
 341 55.22727272727273
 330 57.27272727272727
 157 59.31818181818182
 105 61.36363636363636
 76 63.40909090909091
 23 65.45454545454545
 16 67.5
 2 69.54545454545455
 0 71.59090909090909
 0 73.63636363636364
 0 75.68181818181819
 0 77.72727272727272
 0 79.77272727272727
 0 81.81818181818181
 0 83.86363636363636
 0 85.90909090909091
 0 87.95454545454545
 0 90


