# Created by Octave 3.8.2, Mon Jun 22 11:59:28 2020 CEST <damian@fptrucha.inv.usc.es>
# name: hd
# type: matrix
# rows: 45
# columns: 2
 6 0
 2372 2.045454545454545
 4 4.090909090909091
 14 6.136363636363637
 2152 8.181818181818182
 287 10.22727272727273
 252 12.27272727272727
 781 14.31818181818182
 2495 16.36363636363636
 323 18.40909090909091
 793 20.45454545454545
 3613 22.5
 1984 24.54545454545455
 3696 26.59090909090909
 1285 28.63636363636364
 1337 30.68181818181818
 1312 32.72727272727273
 1703 34.77272727272727
 1042 36.81818181818182
 2050 38.86363636363636
 2091 40.90909090909091
 886 42.95454545454545
 816 45
 1334 47.04545454545455
 649 49.09090909090909
 536 51.13636363636363
 469 53.18181818181818
 342 55.22727272727273
 350 57.27272727272727
 151 59.31818181818182
 141 61.36363636363636
 97 63.40909090909091
 23 65.45454545454545
 16 67.5
 2 69.54545454545455
 0 71.59090909090909
 0 73.63636363636364
 0 75.68181818181819
 0 77.72727272727272
 0 79.77272727272727
 0 81.81818181818181
 0 83.86363636363636
 0 85.90909090909091
 0 87.95454545454545
 0 90


