# Created by Octave 3.8.2, Mon Jun 22 21:57:08 2020 CEST <damian@fptrucha.inv.usc.es>
# name: hd
# type: matrix
# rows: 45
# columns: 2
 6 0
 2515 2.045454545454545
 5 4.090909090909091
 15 6.136363636363637
 2435 8.181818181818182
 277 10.22727272727273
 270 12.27272727272727
 876 14.31818181818182
 2708 16.36363636363636
 343 18.40909090909091
 849 20.45454545454545
 3821 22.5
 2225 24.54545454545455
 4110 26.59090909090909
 1473 28.63636363636364
 1399 30.68181818181818
 1360 32.72727272727273
 1781 34.77272727272727
 1139 36.81818181818182
 2199 38.86363636363636
 2255 40.90909090909091
 911 42.95454545454545
 810 45
 1475 47.04545454545455
 701 49.09090909090909
 592 51.13636363636363
 534 53.18181818181818
 373 55.22727272727273
 341 57.27272727272727
 156 59.31818181818182
 156 61.36363636363636
 90 63.40909090909091
 37 65.45454545454545
 23 67.5
 0 69.54545454545455
 0 71.59090909090909
 0 73.63636363636364
 0 75.68181818181819
 0 77.72727272727272
 0 79.77272727272727
 0 81.81818181818181
 0 83.86363636363636
 0 85.90909090909091
 0 87.95454545454545
 0 90


