# Created by Octave 3.8.2, Sat Jun 20 10:07:35 2020 CEST <damian@fptrucha.inv.usc.es>
# name: hd
# type: matrix
# rows: 45
# columns: 2
 6 0
 2651 2.045454545454545
 1 4.090909090909091
 9 6.136363636363637
 2598 8.181818181818182
 360 10.22727272727273
 244 12.27272727272727
 920 14.31818181818182
 2833 16.36363636363636
 384 18.40909090909091
 891 20.45454545454545
 3992 22.5
 2405 24.54545454545455
 4376 26.59090909090909
 1509 28.63636363636364
 1481 30.68181818181818
 1458 32.72727272727273
 1909 34.77272727272727
 1249 36.81818181818182
 2376 38.86363636363636
 2222 40.90909090909091
 904 42.95454545454545
 920 45
 1465 47.04545454545455
 651 49.09090909090909
 537 51.13636363636363
 459 53.18181818181818
 346 55.22727272727273
 331 57.27272727272727
 147 59.31818181818182
 122 61.36363636363636
 72 63.40909090909091
 27 65.45454545454545
 10 67.5
 0 69.54545454545455
 0 71.59090909090909
 0 73.63636363636364
 0 75.68181818181819
 0 77.72727272727272
 0 79.77272727272727
 0 81.81818181818181
 0 83.86363636363636
 0 85.90909090909091
 0 87.95454545454545
 0 90


