# Created by Octave 3.8.2, Sun Jun 21 00:37:12 2020 CEST <damian@fptrucha.inv.usc.es>
# name: hd
# type: matrix
# rows: 45
# columns: 2
 5 0
 2318 2.045454545454545
 2 4.090909090909091
 9 6.136363636363637
 2247 8.181818181818182
 310 10.22727272727273
 229 12.27272727272727
 699 14.31818181818182
 2537 16.36363636363636
 319 18.40909090909091
 700 20.45454545454545
 3622 22.5
 2077 24.54545454545455
 3886 26.59090909090909
 1346 28.63636363636364
 1284 30.68181818181818
 1301 32.72727272727273
 1601 34.77272727272727
 1055 36.81818181818182
 2093 38.86363636363636
 1995 40.90909090909091
 732 42.95454545454545
 771 45
 1291 47.04545454545455
 583 49.09090909090909
 491 51.13636363636363
 420 53.18181818181818
 279 55.22727272727273
 253 57.27272727272727
 125 59.31818181818182
 85 61.36363636363636
 59 63.40909090909091
 22 65.45454545454545
 12 67.5
 3 69.54545454545455
 0 71.59090909090909
 0 73.63636363636364
 0 75.68181818181819
 0 77.72727272727272
 0 79.77272727272727
 0 81.81818181818181
 0 83.86363636363636
 0 85.90909090909091
 0 87.95454545454545
 0 90


