# Created by Octave 3.8.2, Mon Jun 22 19:15:54 2020 CEST <damian@fptrucha.inv.usc.es>
# name: hd
# type: matrix
# rows: 45
# columns: 2
 5 0
 2373 2.045454545454545
 7 4.090909090909091
 17 6.136363636363637
 2383 8.181818181818182
 286 10.22727272727273
 315 12.27272727272727
 824 14.31818181818182
 2636 16.36363636363636
 315 18.40909090909091
 852 20.45454545454545
 3750 22.5
 2123 24.54545454545455
 3957 26.59090909090909
 1457 28.63636363636364
 1423 30.68181818181818
 1381 32.72727272727273
 1699 34.77272727272727
 1124 36.81818181818182
 2171 38.86363636363636
 2173 40.90909090909091
 884 42.95454545454545
 836 45
 1477 47.04545454545455
 692 49.09090909090909
 593 51.13636363636363
 544 53.18181818181818
 348 55.22727272727273
 312 57.27272727272727
 147 59.31818181818182
 128 61.36363636363636
 72 63.40909090909091
 24 65.45454545454545
 23 67.5
 2 69.54545454545455
 0 71.59090909090909
 0 73.63636363636364
 0 75.68181818181819
 0 77.72727272727272
 0 79.77272727272727
 0 81.81818181818181
 0 83.86363636363636
 0 85.90909090909091
 0 87.95454545454545
 0 90


