# Created by Octave 3.8.2, Tue Jun 23 00:17:04 2020 CEST <damian@fptrucha.inv.usc.es>
# name: hd
# type: matrix
# rows: 45
# columns: 2
 8 0
 2575 2.045454545454545
 6 4.090909090909091
 13 6.136363636363637
 2424 8.181818181818182
 302 10.22727272727273
 278 12.27272727272727
 887 14.31818181818182
 2756 16.36363636363636
 327 18.40909090909091
 841 20.45454545454545
 3828 22.5
 2285 24.54545454545455
 4073 26.59090909090909
 1451 28.63636363636364
 1429 30.68181818181818
 1419 32.72727272727273
 1768 34.77272727272727
 1191 36.81818181818182
 2247 38.86363636363636
 2321 40.90909090909091
 847 42.95454545454545
 905 45
 1509 47.04545454545455
 686 49.09090909090909
 564 51.13636363636363
 498 53.18181818181818
 348 55.22727272727273
 358 57.27272727272727
 134 59.31818181818182
 124 61.36363636363636
 79 63.40909090909091
 32 65.45454545454545
 21 67.5
 2 69.54545454545455
 0 71.59090909090909
 0 73.63636363636364
 0 75.68181818181819
 0 77.72727272727272
 0 79.77272727272727
 0 81.81818181818181
 0 83.86363636363636
 0 85.90909090909091
 0 87.95454545454545
 0 90


