# Created by Octave 3.8.2, Mon Jun 22 12:46:57 2020 CEST <damian@fptrucha.inv.usc.es>
# name: hd
# type: matrix
# rows: 45
# columns: 2
 4 0
 1573 2.045454545454545
 7 4.090909090909091
 7 6.136363636363637
 1461 8.181818181818182
 199 10.22727272727273
 155 12.27272727272727
 448 14.31818181818182
 1715 16.36363636363636
 198 18.40909090909091
 568 20.45454545454545
 2386 22.5
 1443 24.54545454545455
 2574 26.59090909090909
 928 28.63636363636364
 831 30.68181818181818
 949 32.72727272727273
 1068 34.77272727272727
 700 36.81818181818182
 1406 38.86363636363636
 1388 40.90909090909091
 540 42.95454545454545
 494 45
 886 47.04545454545455
 417 49.09090909090909
 387 51.13636363636363
 326 53.18181818181818
 233 55.22727272727273
 189 57.27272727272727
 88 59.31818181818182
 86 61.36363636363636
 56 63.40909090909091
 22 65.45454545454545
 12 67.5
 0 69.54545454545455
 0 71.59090909090909
 0 73.63636363636364
 0 75.68181818181819
 0 77.72727272727272
 0 79.77272727272727
 0 81.81818181818181
 0 83.86363636363636
 0 85.90909090909091
 0 87.95454545454545
 0 90


