# Created by Octave 3.8.2, Mon Jun 22 05:26:40 2020 CEST <damian@fptrucha.inv.usc.es>
# name: hd
# type: matrix
# rows: 45
# columns: 2
 5 0
 2123 2.045454545454545
 4 4.090909090909091
 15 6.136363636363637
 1946 8.181818181818182
 279 10.22727272727273
 231 12.27272727272727
 705 14.31818181818182
 2275 16.36363636363636
 262 18.40909090909091
 765 20.45454545454545
 3392 22.5
 1919 24.54545454545455
 3606 26.59090909090909
 1284 28.63636363636364
 1242 30.68181818181818
 1235 32.72727272727273
 1515 34.77272727272727
 1055 36.81818181818182
 2000 38.86363636363636
 2026 40.90909090909091
 844 42.95454545454545
 790 45
 1335 47.04545454545455
 640 49.09090909090909
 503 51.13636363636363
 503 53.18181818181818
 312 55.22727272727273
 293 57.27272727272727
 154 59.31818181818182
 148 61.36363636363636
 75 63.40909090909091
 30 65.45454545454545
 16 67.5
 4 69.54545454545455
 0 71.59090909090909
 0 73.63636363636364
 0 75.68181818181819
 0 77.72727272727272
 0 79.77272727272727
 0 81.81818181818181
 0 83.86363636363636
 0 85.90909090909091
 0 87.95454545454545
 0 90


