# Created by Octave 3.8.2, Sun Jun 21 03:33:25 2020 CEST <damian@fptrucha.inv.usc.es>
# name: hd
# type: matrix
# rows: 45
# columns: 2
 1 0
 2307 2.045454545454545
 2 4.090909090909091
 6 6.136363636363637
 2290 8.181818181818182
 301 10.22727272727273
 242 12.27272727272727
 753 14.31818181818182
 2587 16.36363636363636
 326 18.40909090909091
 759 20.45454545454545
 3429 22.5
 2115 24.54545454545455
 3854 26.59090909090909
 1228 28.63636363636364
 1321 30.68181818181818
 1289 32.72727272727273
 1598 34.77272727272727
 983 36.81818181818182
 2016 38.86363636363636
 2054 40.90909090909091
 741 42.95454545454545
 785 45
 1340 47.04545454545455
 592 49.09090909090909
 533 51.13636363636363
 428 53.18181818181818
 297 55.22727272727273
 263 57.27272727272727
 95 59.31818181818182
 79 61.36363636363636
 60 63.40909090909091
 13 65.45454545454545
 13 67.5
 2 69.54545454545455
 0 71.59090909090909
 0 73.63636363636364
 0 75.68181818181819
 0 77.72727272727272
 0 79.77272727272727
 0 81.81818181818181
 0 83.86363636363636
 0 85.90909090909091
 0 87.95454545454545
 0 90


