# Created by Octave 3.8.2, Sun Jun 21 05:24:55 2020 CEST <damian@fptrucha.inv.usc.es>
# name: hd
# type: matrix
# rows: 45
# columns: 2
 3 0
 2398 2.045454545454545
 2 4.090909090909091
 7 6.136363636363637
 2304 8.181818181818182
 320 10.22727272727273
 230 12.27272727272727
 825 14.31818181818182
 2578 16.36363636363636
 299 18.40909090909091
 775 20.45454545454545
 3486 22.5
 2097 24.54545454545455
 3999 26.59090909090909
 1315 28.63636363636364
 1229 30.68181818181818
 1257 32.72727272727273
 1629 34.77272727272727
 1121 36.81818181818182
 2028 38.86363636363636
 2072 40.90909090909091
 716 42.95454545454545
 827 45
 1306 47.04545454545455
 621 49.09090909090909
 492 51.13636363636363
 434 53.18181818181818
 296 55.22727272727273
 280 57.27272727272727
 117 59.31818181818182
 97 61.36363636363636
 65 63.40909090909091
 14 65.45454545454545
 8 67.5
 0 69.54545454545455
 0 71.59090909090909
 0 73.63636363636364
 0 75.68181818181819
 0 77.72727272727272
 0 79.77272727272727
 0 81.81818181818181
 0 83.86363636363636
 0 85.90909090909091
 0 87.95454545454545
 0 90


