# Created by Octave 3.8.2, Mon Jun 22 17:06:05 2020 CEST <damian@fptrucha.inv.usc.es>
# name: hd
# type: matrix
# rows: 45
# columns: 2
 8 0
 2436 2.045454545454545
 2 4.090909090909091
 7 6.136363636363637
 2287 8.181818181818182
 288 10.22727272727273
 273 12.27272727272727
 767 14.31818181818182
 2549 16.36363636363636
 305 18.40909090909091
 869 20.45454545454545
 3686 22.5
 2127 24.54545454545455
 3966 26.59090909090909
 1388 28.63636363636364
 1433 30.68181818181818
 1326 32.72727272727273
 1680 34.77272727272727
 1137 36.81818181818182
 2194 38.86363636363636
 2237 40.90909090909091
 860 42.95454545454545
 818 45
 1403 47.04545454545455
 628 49.09090909090909
 592 51.13636363636363
 551 53.18181818181818
 385 55.22727272727273
 333 57.27272727272727
 136 59.31818181818182
 133 61.36363636363636
 85 63.40909090909091
 23 65.45454545454545
 17 67.5
 2 69.54545454545455
 0 71.59090909090909
 0 73.63636363636364
 0 75.68181818181819
 0 77.72727272727272
 0 79.77272727272727
 0 81.81818181818181
 0 83.86363636363636
 0 85.90909090909091
 0 87.95454545454545
 0 90


