# Created by Octave 3.8.2, Mon Jun 22 17:36:18 2020 CEST <damian@fptrucha.inv.usc.es>
# name: hd
# type: matrix
# rows: 45
# columns: 2
 6 0
 1563 2.045454545454545
 4 4.090909090909091
 5 6.136363636363637
 1582 8.181818181818182
 187 10.22727272727273
 149 12.27272727272727
 510 14.31818181818182
 1643 16.36363636363636
 215 18.40909090909091
 543 20.45454545454545
 2520 22.5
 1464 24.54545454545455
 2605 26.59090909090909
 882 28.63636363636364
 937 30.68181818181818
 912 32.72727272727273
 1095 34.77272727272727
 751 36.81818181818182
 1475 38.86363636363636
 1477 40.90909090909091
 567 42.95454545454545
 565 45
 984 47.04545454545455
 457 49.09090909090909
 401 51.13636363636363
 342 53.18181818181818
 231 55.22727272727273
 231 57.27272727272727
 100 59.31818181818182
 92 61.36363636363636
 51 63.40909090909091
 16 65.45454545454545
 22 67.5
 3 69.54545454545455
 0 71.59090909090909
 0 73.63636363636364
 0 75.68181818181819
 0 77.72727272727272
 0 79.77272727272727
 0 81.81818181818181
 0 83.86363636363636
 0 85.90909090909091
 0 87.95454545454545
 0 90


