# Created by Octave 3.8.2, Mon Jun 22 20:13:37 2020 CEST <damian@fptrucha.inv.usc.es>
# name: hd
# type: matrix
# rows: 45
# columns: 2
 6 0
 2417 2.045454545454545
 3 4.090909090909091
 16 6.136363636363637
 2354 8.181818181818182
 315 10.22727272727273
 284 12.27272727272727
 777 14.31818181818182
 2639 16.36363636363636
 300 18.40909090909091
 857 20.45454545454545
 3723 22.5
 2206 24.54545454545455
 4013 26.59090909090909
 1486 28.63636363636364
 1382 30.68181818181818
 1415 32.72727272727273
 1771 34.77272727272727
 1191 36.81818181818182
 2327 38.86363636363636
 2153 40.90909090909091
 825 42.95454545454545
 868 45
 1387 47.04545454545455
 657 49.09090909090909
 595 51.13636363636363
 489 53.18181818181818
 342 55.22727272727273
 362 57.27272727272727
 144 59.31818181818182
 141 61.36363636363636
 94 63.40909090909091
 28 65.45454545454545
 14 67.5
 2 69.54545454545455
 0 71.59090909090909
 0 73.63636363636364
 0 75.68181818181819
 0 77.72727272727272
 0 79.77272727272727
 0 81.81818181818181
 0 83.86363636363636
 0 85.90909090909091
 0 87.95454545454545
 0 90


