# Created by Octave 3.8.2, Sat Jun 20 11:44:22 2020 CEST <damian@fptrucha.inv.usc.es>
# name: hd
# type: matrix
# rows: 45
# columns: 2
 5 0
 2599 2.045454545454545
 2 4.090909090909091
 7 6.136363636363637
 2498 8.181818181818182
 341 10.22727272727273
 279 12.27272727272727
 892 14.31818181818182
 2853 16.36363636363636
 344 18.40909090909091
 865 20.45454545454545
 3888 22.5
 2323 24.54545454545455
 4293 26.59090909090909
 1437 28.63636363636364
 1442 30.68181818181818
 1421 32.72727272727273
 1922 34.77272727272727
 1193 36.81818181818182
 2364 38.86363636363636
 2316 40.90909090909091
 886 42.95454545454545
 900 45
 1488 47.04545454545455
 680 49.09090909090909
 560 51.13636363636363
 478 53.18181818181818
 316 55.22727272727273
 319 57.27272727272727
 123 59.31818181818182
 112 61.36363636363636
 71 63.40909090909091
 18 65.45454545454545
 7 67.5
 2 69.54545454545455
 1 71.59090909090909
 0 73.63636363636364
 0 75.68181818181819
 0 77.72727272727272
 0 79.77272727272727
 0 81.81818181818181
 0 83.86363636363636
 0 85.90909090909091
 0 87.95454545454545
 0 90


