# Created by Octave 3.8.2, Sat Jun 20 14:00:31 2020 CEST <damian@fptrucha.inv.usc.es>
# name: hd
# type: matrix
# rows: 45
# columns: 2
 5 0
 2527 2.045454545454545
 3 4.090909090909091
 5 6.136363636363637
 2440 8.181818181818182
 363 10.22727272727273
 257 12.27272727272727
 849 14.31818181818182
 2707 16.36363636363636
 327 18.40909090909091
 855 20.45454545454545
 3812 22.5
 2290 24.54545454545455
 4132 26.59090909090909
 1390 28.63636363636364
 1408 30.68181818181818
 1366 32.72727272727273
 1809 34.77272727272727
 1108 36.81818181818182
 2245 38.86363636363636
 2133 40.90909090909091
 781 42.95454545454545
 800 45
 1429 47.04545454545455
 669 49.09090909090909
 559 51.13636363636363
 486 53.18181818181818
 314 55.22727272727273
 286 57.27272727272727
 129 59.31818181818182
 105 61.36363636363636
 66 63.40909090909091
 18 65.45454545454545
 17 67.5
 4 69.54545454545455
 0 71.59090909090909
 0 73.63636363636364
 0 75.68181818181819
 0 77.72727272727272
 0 79.77272727272727
 0 81.81818181818181
 0 83.86363636363636
 0 85.90909090909091
 0 87.95454545454545
 0 90


