# Created by Octave 3.8.2, Mon Jun 22 23:21:18 2020 CEST <damian@fptrucha.inv.usc.es>
# name: hd
# type: matrix
# rows: 45
# columns: 2
 5 0
 2441 2.045454545454545
 2 4.090909090909091
 13 6.136363636363637
 2390 8.181818181818182
 313 10.22727272727273
 289 12.27272727272727
 735 14.31818181818182
 2753 16.36363636363636
 329 18.40909090909091
 828 20.45454545454545
 3790 22.5
 2245 24.54545454545455
 4194 26.59090909090909
 1401 28.63636363636364
 1383 30.68181818181818
 1383 32.72727272727273
 1741 34.77272727272727
 1179 36.81818181818182
 2351 38.86363636363636
 2255 40.90909090909091
 870 42.95454545454545
 858 45
 1447 47.04545454545455
 664 49.09090909090909
 611 51.13636363636363
 489 53.18181818181818
 388 55.22727272727273
 359 57.27272727272727
 142 59.31818181818182
 139 61.36363636363636
 102 63.40909090909091
 36 65.45454545454545
 12 67.5
 3 69.54545454545455
 0 71.59090909090909
 0 73.63636363636364
 0 75.68181818181819
 0 77.72727272727272
 0 79.77272727272727
 0 81.81818181818181
 0 83.86363636363636
 0 85.90909090909091
 0 87.95454545454545
 0 90


