# Created by Octave 3.8.2, Mon Jun 22 17:58:32 2020 CEST <damian@fptrucha.inv.usc.es>
# name: hd
# type: matrix
# rows: 45
# columns: 2
 8 0
 2448 2.045454545454545
 3 4.090909090909091
 12 6.136363636363637
 2347 8.181818181818182
 290 10.22727272727273
 248 12.27272727272727
 827 14.31818181818182
 2770 16.36363636363636
 300 18.40909090909091
 816 20.45454545454545
 3773 22.5
 2192 24.54545454545455
 4107 26.59090909090909
 1435 28.63636363636364
 1331 30.68181818181818
 1332 32.72727272727273
 1765 34.77272727272727
 1177 36.81818181818182
 2197 38.86363636363636
 2219 40.90909090909091
 912 42.95454545454545
 799 45
 1401 47.04545454545455
 649 49.09090909090909
 576 51.13636363636363
 499 53.18181818181818
 369 55.22727272727273
 289 57.27272727272727
 168 59.31818181818182
 135 61.36363636363636
 83 63.40909090909091
 14 65.45454545454545
 10 67.5
 1 69.54545454545455
 0 71.59090909090909
 0 73.63636363636364
 0 75.68181818181819
 0 77.72727272727272
 0 79.77272727272727
 0 81.81818181818181
 0 83.86363636363636
 0 85.90909090909091
 0 87.95454545454545
 0 90


