# Created by Octave 3.8.2, Sat Jun 20 14:04:38 2020 CEST <damian@fptrucha.inv.usc.es>
# name: hd
# type: matrix
# rows: 45
# columns: 2
 3 0
 2573 2.045454545454545
 2 4.090909090909091
 3 6.136363636363637
 2521 8.181818181818182
 325 10.22727272727273
 257 12.27272727272727
 873 14.31818181818182
 2702 16.36363636363636
 356 18.40909090909091
 783 20.45454545454545
 3842 22.5
 2303 24.54545454545455
 4160 26.59090909090909
 1360 28.63636363636364
 1327 30.68181818181818
 1401 32.72727272727273
 1698 34.77272727272727
 1182 36.81818181818182
 2250 38.86363636363636
 2165 40.90909090909091
 839 42.95454545454545
 867 45
 1419 47.04545454545455
 662 49.09090909090909
 552 51.13636363636363
 482 53.18181818181818
 313 55.22727272727273
 294 57.27272727272727
 114 59.31818181818182
 116 61.36363636363636
 68 63.40909090909091
 19 65.45454545454545
 12 67.5
 2 69.54545454545455
 0 71.59090909090909
 0 73.63636363636364
 0 75.68181818181819
 0 77.72727272727272
 0 79.77272727272727
 0 81.81818181818181
 0 83.86363636363636
 0 85.90909090909091
 0 87.95454545454545
 0 90


