# Created by Octave 3.8.2, Mon Jun 22 12:23:13 2020 CEST <damian@fptrucha.inv.usc.es>
# name: hd
# type: matrix
# rows: 45
# columns: 2
 3 0
 2381 2.045454545454545
 2 4.090909090909091
 8 6.136363636363637
 2260 8.181818181818182
 257 10.22727272727273
 238 12.27272727272727
 803 14.31818181818182
 2551 16.36363636363636
 299 18.40909090909091
 729 20.45454545454545
 3654 22.5
 2119 24.54545454545455
 3861 26.59090909090909
 1295 28.63636363636364
 1307 30.68181818181818
 1254 32.72727272727273
 1686 34.77272727272727
 1095 36.81818181818182
 2127 38.86363636363636
 2143 40.90909090909091
 813 42.95454545454545
 848 45
 1462 47.04545454545455
 633 49.09090909090909
 571 51.13636363636363
 517 53.18181818181818
 367 55.22727272727273
 314 57.27272727272727
 138 59.31818181818182
 125 61.36363636363636
 96 63.40909090909091
 28 65.45454545454545
 18 67.5
 1 69.54545454545455
 0 71.59090909090909
 0 73.63636363636364
 0 75.68181818181819
 0 77.72727272727272
 0 79.77272727272727
 0 81.81818181818181
 0 83.86363636363636
 0 85.90909090909091
 0 87.95454545454545
 0 90


