# Created by Octave 3.8.2, Sat Jun 20 04:08:44 2020 CEST <damian@fptrucha.inv.usc.es>
# name: hd
# type: matrix
# rows: 45
# columns: 2
 6 0
 2647 2.045454545454545
 3 4.090909090909091
 10 6.136363636363637
 2640 8.181818181818182
 336 10.22727272727273
 261 12.27272727272727
 845 14.31818181818182
 3043 16.36363636363636
 344 18.40909090909091
 818 20.45454545454545
 3846 22.5
 2315 24.54545454545455
 4363 26.59090909090909
 1431 28.63636363636364
 1484 30.68181818181818
 1413 32.72727272727273
 1787 34.77272727272727
 1205 36.81818181818182
 2385 38.86363636363636
 2225 40.90909090909091
 814 42.95454545454545
 826 45
 1516 47.04545454545455
 653 49.09090909090909
 534 51.13636363636363
 454 53.18181818181818
 326 55.22727272727273
 321 57.27272727272727
 129 59.31818181818182
 96 61.36363636363636
 65 63.40909090909091
 18 65.45454545454545
 13 67.5
 1 69.54545454545455
 0 71.59090909090909
 0 73.63636363636364
 0 75.68181818181819
 0 77.72727272727272
 0 79.77272727272727
 0 81.81818181818181
 0 83.86363636363636
 0 85.90909090909091
 0 87.95454545454545
 0 90


