# Created by Octave 3.8.2, Sat Jun 20 13:32:02 2020 CEST <damian@fptrucha.inv.usc.es>
# name: hd
# type: matrix
# rows: 45
# columns: 2
 5 0
 2508 2.045454545454545
 1 4.090909090909091
 9 6.136363636363637
 2421 8.181818181818182
 384 10.22727272727273
 248 12.27272727272727
 799 14.31818181818182
 2731 16.36363636363636
 359 18.40909090909091
 814 20.45454545454545
 3865 22.5
 2278 24.54545454545455
 4257 26.59090909090909
 1345 28.63636363636364
 1470 30.68181818181818
 1412 32.72727272727273
 1788 34.77272727272727
 1131 36.81818181818182
 2275 38.86363636363636
 2161 40.90909090909091
 796 42.95454545454545
 893 45
 1397 47.04545454545455
 648 49.09090909090909
 555 51.13636363636363
 429 53.18181818181818
 319 55.22727272727273
 292 57.27272727272727
 132 59.31818181818182
 111 61.36363636363636
 58 63.40909090909091
 24 65.45454545454545
 5 67.5
 2 69.54545454545455
 0 71.59090909090909
 0 73.63636363636364
 0 75.68181818181819
 0 77.72727272727272
 0 79.77272727272727
 0 81.81818181818181
 0 83.86363636363636
 0 85.90909090909091
 0 87.95454545454545
 0 90


