# Created by Octave 3.8.2, Sat Jun 20 19:24:32 2020 CEST <damian@fptrucha.inv.usc.es>
# name: hd
# type: matrix
# rows: 45
# columns: 2
 7 0
 2373 2.045454545454545
 3 4.090909090909091
 6 6.136363636363637
 2384 8.181818181818182
 322 10.22727272727273
 232 12.27272727272727
 764 14.31818181818182
 2590 16.36363636363636
 331 18.40909090909091
 753 20.45454545454545
 3712 22.5
 2140 24.54545454545455
 3937 26.59090909090909
 1302 28.63636363636364
 1335 30.68181818181818
 1314 32.72727272727273
 1665 34.77272727272727
 1119 36.81818181818182
 2189 38.86363636363636
 2053 40.90909090909091
 782 42.95454545454545
 764 45
 1330 47.04545454545455
 613 49.09090909090909
 470 51.13636363636363
 378 53.18181818181818
 294 55.22727272727273
 258 57.27272727272727
 115 59.31818181818182
 99 61.36363636363636
 56 63.40909090909091
 18 65.45454545454545
 11 67.5
 0 69.54545454545455
 0 71.59090909090909
 0 73.63636363636364
 0 75.68181818181819
 0 77.72727272727272
 0 79.77272727272727
 0 81.81818181818181
 0 83.86363636363636
 0 85.90909090909091
 0 87.95454545454545
 0 90


