# Created by Octave 3.8.2, Mon Jun 22 21:52:24 2020 CEST <damian@fptrucha.inv.usc.es>
# name: hd
# type: matrix
# rows: 45
# columns: 2
 9 0
 2467 2.045454545454545
 7 4.090909090909091
 13 6.136363636363637
 2393 8.181818181818182
 298 10.22727272727273
 304 12.27272727272727
 834 14.31818181818182
 2686 16.36363636363636
 340 18.40909090909091
 812 20.45454545454545
 3792 22.5
 2184 24.54545454545455
 4145 26.59090909090909
 1406 28.63636363636364
 1392 30.68181818181818
 1400 32.72727272727273
 1688 34.77272727272727
 1214 36.81818181818182
 2289 38.86363636363636
 2245 40.90909090909091
 826 42.95454545454545
 856 45
 1545 47.04545454545455
 665 49.09090909090909
 588 51.13636363636363
 542 53.18181818181818
 372 55.22727272727273
 331 57.27272727272727
 176 59.31818181818182
 134 61.36363636363636
 87 63.40909090909091
 22 65.45454545454545
 11 67.5
 3 69.54545454545455
 1 71.59090909090909
 0 73.63636363636364
 0 75.68181818181819
 0 77.72727272727272
 0 79.77272727272727
 0 81.81818181818181
 0 83.86363636363636
 0 85.90909090909091
 0 87.95454545454545
 0 90


