# Created by Octave 3.8.2, Sat Jun 20 17:02:23 2020 CEST <damian@fptrucha.inv.usc.es>
# name: hd
# type: matrix
# rows: 45
# columns: 2
 5 0
 2459 2.045454545454545
 5 4.090909090909091
 5 6.136363636363637
 2347 8.181818181818182
 342 10.22727272727273
 265 12.27272727272727
 808 14.31818181818182
 2652 16.36363636363636
 301 18.40909090909091
 782 20.45454545454545
 3539 22.5
 2105 24.54545454545455
 4011 26.59090909090909
 1325 28.63636363636364
 1271 30.68181818181818
 1286 32.72727272727273
 1694 34.77272727272727
 1100 36.81818181818182
 2040 38.86363636363636
 2055 40.90909090909091
 732 42.95454545454545
 794 45
 1298 47.04545454545455
 600 49.09090909090909
 462 51.13636363636363
 433 53.18181818181818
 264 55.22727272727273
 271 57.27272727272727
 122 59.31818181818182
 105 61.36363636363636
 73 63.40909090909091
 15 65.45454545454545
 13 67.5
 1 69.54545454545455
 0 71.59090909090909
 0 73.63636363636364
 0 75.68181818181819
 0 77.72727272727272
 0 79.77272727272727
 0 81.81818181818181
 0 83.86363636363636
 0 85.90909090909091
 0 87.95454545454545
 0 90


