# Created by Octave 3.8.2, Mon Jun 22 07:06:42 2020 CEST <damian@fptrucha.inv.usc.es>
# name: hd
# type: matrix
# rows: 45
# columns: 2
 7 0
 2215 2.045454545454545
 9 4.090909090909091
 15 6.136363636363637
 2105 8.181818181818182
 279 10.22727272727273
 243 12.27272727272727
 729 14.31818181818182
 2349 16.36363636363636
 287 18.40909090909091
 755 20.45454545454545
 3473 22.5
 1867 24.54545454545455
 3652 26.59090909090909
 1279 28.63636363636364
 1261 30.68181818181818
 1232 32.72727272727273
 1547 34.77272727272727
 1021 36.81818181818182
 1968 38.86363636363636
 2009 40.90909090909091
 756 42.95454545454545
 793 45
 1453 47.04545454545455
 610 49.09090909090909
 515 51.13636363636363
 475 53.18181818181818
 337 55.22727272727273
 324 57.27272727272727
 151 59.31818181818182
 134 61.36363636363636
 71 63.40909090909091
 22 65.45454545454545
 19 67.5
 3 69.54545454545455
 0 71.59090909090909
 0 73.63636363636364
 0 75.68181818181819
 0 77.72727272727272
 0 79.77272727272727
 0 81.81818181818181
 0 83.86363636363636
 0 85.90909090909091
 0 87.95454545454545
 0 90


