# Created by Octave 3.8.2, Mon Jun 22 02:25:54 2020 CEST <damian@fptrucha.inv.usc.es>
# name: hd
# type: matrix
# rows: 45
# columns: 2
 5 0
 776 2.045454545454545
 9 4.090909090909091
 11 6.136363636363637
 677 8.181818181818182
 188 10.22727272727273
 54 12.27272727272727
 254 14.31818181818182
 973 16.36363636363636
 123 18.40909090909091
 312 20.45454545454545
 1380 22.5
 812 24.54545454545455
 1451 26.59090909090909
 562 28.63636363636364
 399 30.68181818181818
 403 32.72727272727273
 690 34.77272727272727
 416 36.81818181818182
 939 38.86363636363636
 1033 40.90909090909091
 348 42.95454545454545
 357 45
 701 47.04545454545455
 325 49.09090909090909
 335 51.13636363636363
 275 53.18181818181818
 191 55.22727272727273
 189 57.27272727272727
 94 59.31818181818182
 93 61.36363636363636
 65 63.40909090909091
 20 65.45454545454545
 16 67.5
 1 69.54545454545455
 0 71.59090909090909
 0 73.63636363636364
 0 75.68181818181819
 0 77.72727272727272
 0 79.77272727272727
 0 81.81818181818181
 0 83.86363636363636
 0 85.90909090909091
 0 87.95454545454545
 0 90


