# Created by Octave 3.8.2, Mon Jun 22 12:38:47 2020 CEST <damian@fptrucha.inv.usc.es>
# name: hd
# type: matrix
# rows: 45
# columns: 2
 10 0
 2370 2.045454545454545
 3 4.090909090909091
 15 6.136363636363637
 2269 8.181818181818182
 284 10.22727272727273
 267 12.27272727272727
 819 14.31818181818182
 2546 16.36363636363636
 303 18.40909090909091
 823 20.45454545454545
 3668 22.5
 2173 24.54545454545455
 3837 26.59090909090909
 1338 28.63636363636364
 1308 30.68181818181818
 1307 32.72727272727273
 1618 34.77272727272727
 1122 36.81818181818182
 2123 38.86363636363636
 2109 40.90909090909091
 831 42.95454545454545
 845 45
 1403 47.04545454545455
 621 49.09090909090909
 542 51.13636363636363
 503 53.18181818181818
 359 55.22727272727273
 315 57.27272727272727
 127 59.31818181818182
 101 61.36363636363636
 79 63.40909090909091
 26 65.45454545454545
 12 67.5
 2 69.54545454545455
 0 71.59090909090909
 0 73.63636363636364
 0 75.68181818181819
 0 77.72727272727272
 0 79.77272727272727
 0 81.81818181818181
 0 83.86363636363636
 0 85.90909090909091
 0 87.95454545454545
 0 90


