# Created by Octave 3.8.2, Mon Jun 22 09:21:16 2020 CEST <damian@fptrucha.inv.usc.es>
# name: hd
# type: matrix
# rows: 45
# columns: 2
 9 0
 2254 2.045454545454545
 4 4.090909090909091
 16 6.136363636363637
 2148 8.181818181818182
 258 10.22727272727273
 290 12.27272727272727
 701 14.31818181818182
 2414 16.36363636363636
 280 18.40909090909091
 805 20.45454545454545
 3593 22.5
 2034 24.54545454545455
 3766 26.59090909090909
 1317 28.63636363636364
 1234 30.68181818181818
 1223 32.72727272727273
 1584 34.77272727272727
 1108 36.81818181818182
 2045 38.86363636363636
 2138 40.90909090909091
 825 42.95454545454545
 802 45
 1366 47.04545454545455
 613 49.09090909090909
 592 51.13636363636363
 479 53.18181818181818
 328 55.22727272727273
 319 57.27272727272727
 133 59.31818181818182
 138 61.36363636363636
 80 63.40909090909091
 38 65.45454545454545
 19 67.5
 2 69.54545454545455
 0 71.59090909090909
 0 73.63636363636364
 0 75.68181818181819
 0 77.72727272727272
 0 79.77272727272727
 0 81.81818181818181
 0 83.86363636363636
 0 85.90909090909091
 0 87.95454545454545
 0 90


