# Created by Octave 3.8.2, Sun Jun 21 02:15:12 2020 CEST <damian@fptrucha.inv.usc.es>
# name: hd
# type: matrix
# rows: 45
# columns: 2
 2 0
 2376 2.045454545454545
 4 4.090909090909091
 11 6.136363636363637
 2340 8.181818181818182
 286 10.22727272727273
 217 12.27272727272727
 803 14.31818181818182
 2547 16.36363636363636
 338 18.40909090909091
 738 20.45454545454545
 3503 22.5
 2078 24.54545454545455
 3723 26.59090909090909
 1287 28.63636363636364
 1275 30.68181818181818
 1340 32.72727272727273
 1569 34.77272727272727
 1026 36.81818181818182
 2015 38.86363636363636
 2035 40.90909090909091
 731 42.95454545454545
 756 45
 1252 47.04545454545455
 602 49.09090909090909
 471 51.13636363636363
 391 53.18181818181818
 282 55.22727272727273
 258 57.27272727272727
 128 59.31818181818182
 92 61.36363636363636
 65 63.40909090909091
 19 65.45454545454545
 9 67.5
 1 69.54545454545455
 0 71.59090909090909
 0 73.63636363636364
 0 75.68181818181819
 0 77.72727272727272
 0 79.77272727272727
 0 81.81818181818181
 0 83.86363636363636
 0 85.90909090909091
 0 87.95454545454545
 0 90


