# Created by Octave 3.8.2, Mon Jun 22 06:32:37 2020 CEST <damian@fptrucha.inv.usc.es>
# name: hd
# type: matrix
# rows: 45
# columns: 2
 6 0
 2240 2.045454545454545
 3 4.090909090909091
 10 6.136363636363637
 2109 8.181818181818182
 267 10.22727272727273
 237 12.27272727272727
 711 14.31818181818182
 2365 16.36363636363636
 267 18.40909090909091
 755 20.45454545454545
 3356 22.5
 1918 24.54545454545455
 3572 26.59090909090909
 1268 28.63636363636364
 1316 30.68181818181818
 1268 32.72727272727273
 1610 34.77272727272727
 1075 36.81818181818182
 2030 38.86363636363636
 1965 40.90909090909091
 845 42.95454545454545
 774 45
 1270 47.04545454545455
 624 49.09090909090909
 559 51.13636363636363
 492 53.18181818181818
 351 55.22727272727273
 319 57.27272727272727
 147 59.31818181818182
 157 61.36363636363636
 77 63.40909090909091
 28 65.45454545454545
 16 67.5
 4 69.54545454545455
 1 71.59090909090909
 0 73.63636363636364
 0 75.68181818181819
 0 77.72727272727272
 0 79.77272727272727
 0 81.81818181818181
 0 83.86363636363636
 0 85.90909090909091
 0 87.95454545454545
 0 90


