# Created by Octave 3.8.2, Sat Jun 20 13:06:13 2020 CEST <damian@fptrucha.inv.usc.es>
# name: hd
# type: matrix
# rows: 45
# columns: 2
 1 0
 2466 2.045454545454545
 0 4.090909090909091
 8 6.136363636363637
 2438 8.181818181818182
 363 10.22727272727273
 244 12.27272727272727
 872 14.31818181818182
 2773 16.36363636363636
 359 18.40909090909091
 839 20.45454545454545
 3881 22.5
 2323 24.54545454545455
 4231 26.59090909090909
 1419 28.63636363636364
 1458 30.68181818181818
 1407 32.72727272727273
 1750 34.77272727272727
 1188 36.81818181818182
 2178 38.86363636363636
 2197 40.90909090909091
 840 42.95454545454545
 817 45
 1438 47.04545454545455
 669 49.09090909090909
 556 51.13636363636363
 473 53.18181818181818
 351 55.22727272727273
 316 57.27272727272727
 127 59.31818181818182
 101 61.36363636363636
 63 63.40909090909091
 17 65.45454545454545
 8 67.5
 2 69.54545454545455
 0 71.59090909090909
 0 73.63636363636364
 0 75.68181818181819
 0 77.72727272727272
 0 79.77272727272727
 0 81.81818181818181
 0 83.86363636363636
 0 85.90909090909091
 0 87.95454545454545
 0 90


