# Created by Octave 3.8.2, Sat Jun 20 10:51:12 2020 CEST <damian@fptrucha.inv.usc.es>
# name: hd
# type: matrix
# rows: 45
# columns: 2
 8 0
 2696 2.045454545454545
 0 4.090909090909091
 6 6.136363636363637
 2528 8.181818181818182
 342 10.22727272727273
 255 12.27272727272727
 865 14.31818181818182
 2946 16.36363636363636
 356 18.40909090909091
 894 20.45454545454545
 4006 22.5
 2313 24.54545454545455
 4252 26.59090909090909
 1448 28.63636363636364
 1483 30.68181818181818
 1415 32.72727272727273
 1799 34.77272727272727
 1203 36.81818181818182
 2348 38.86363636363636
 2269 40.90909090909091
 911 42.95454545454545
 836 45
 1515 47.04545454545455
 668 49.09090909090909
 572 51.13636363636363
 524 53.18181818181818
 332 55.22727272727273
 321 57.27272727272727
 137 59.31818181818182
 107 61.36363636363636
 59 63.40909090909091
 19 65.45454545454545
 20 67.5
 1 69.54545454545455
 1 71.59090909090909
 0 73.63636363636364
 0 75.68181818181819
 0 77.72727272727272
 0 79.77272727272727
 0 81.81818181818181
 0 83.86363636363636
 0 85.90909090909091
 0 87.95454545454545
 0 90


