# Created by Octave 3.8.2, Sat Jun 20 20:11:24 2020 CEST <damian@fptrucha.inv.usc.es>
# name: hd
# type: matrix
# rows: 45
# columns: 2
 2 0
 2366 2.045454545454545
 4 4.090909090909091
 8 6.136363636363637
 2376 8.181818181818182
 303 10.22727272727273
 253 12.27272727272727
 805 14.31818181818182
 2661 16.36363636363636
 307 18.40909090909091
 796 20.45454545454545
 3582 22.5
 2154 24.54545454545455
 3940 26.59090909090909
 1332 28.63636363636364
 1327 30.68181818181818
 1367 32.72727272727273
 1611 34.77272727272727
 1108 36.81818181818182
 2155 38.86363636363636
 2021 40.90909090909091
 787 42.95454545454545
 798 45
 1348 47.04545454545455
 568 49.09090909090909
 499 51.13636363636363
 423 53.18181818181818
 303 55.22727272727273
 283 57.27272727272727
 112 59.31818181818182
 86 61.36363636363636
 53 63.40909090909091
 15 65.45454545454545
 16 67.5
 3 69.54545454545455
 0 71.59090909090909
 0 73.63636363636364
 0 75.68181818181819
 0 77.72727272727272
 0 79.77272727272727
 0 81.81818181818181
 0 83.86363636363636
 0 85.90909090909091
 0 87.95454545454545
 0 90


