# Created by Octave 3.8.2, Sun Jun 21 05:34:57 2020 CEST <damian@fptrucha.inv.usc.es>
# name: hd
# type: matrix
# rows: 45
# columns: 2
 7 0
 2340 2.045454545454545
 1 4.090909090909091
 8 6.136363636363637
 2317 8.181818181818182
 303 10.22727272727273
 221 12.27272727272727
 752 14.31818181818182
 2579 16.36363636363636
 310 18.40909090909091
 744 20.45454545454545
 3463 22.5
 2089 24.54545454545455
 3843 26.59090909090909
 1331 28.63636363636364
 1271 30.68181818181818
 1230 32.72727272727273
 1629 34.77272727272727
 1069 36.81818181818182
 2014 38.86363636363636
 1998 40.90909090909091
 760 42.95454545454545
 764 45
 1310 47.04545454545455
 614 49.09090909090909
 502 51.13636363636363
 423 53.18181818181818
 296 55.22727272727273
 270 57.27272727272727
 134 59.31818181818182
 78 61.36363636363636
 59 63.40909090909091
 14 65.45454545454545
 18 67.5
 0 69.54545454545455
 0 71.59090909090909
 0 73.63636363636364
 0 75.68181818181819
 0 77.72727272727272
 0 79.77272727272727
 0 81.81818181818181
 0 83.86363636363636
 0 85.90909090909091
 0 87.95454545454545
 0 90


