# Created by Octave 3.8.2, Sat Jun 20 21:55:00 2020 CEST <damian@fptrucha.inv.usc.es>
# name: hd
# type: matrix
# rows: 45
# columns: 2
 3 0
 2335 2.045454545454545
 1 4.090909090909091
 10 6.136363636363637
 2314 8.181818181818182
 334 10.22727272727273
 224 12.27272727272727
 822 14.31818181818182
 2620 16.36363636363636
 334 18.40909090909091
 744 20.45454545454545
 3596 22.5
 2092 24.54545454545455
 3816 26.59090909090909
 1301 28.63636363636364
 1314 30.68181818181818
 1284 32.72727272727273
 1625 34.77272727272727
 1071 36.81818181818182
 2130 38.86363636363636
 1995 40.90909090909091
 773 42.95454545454545
 780 45
 1288 47.04545454545455
 559 49.09090909090909
 513 51.13636363636363
 408 53.18181818181818
 286 55.22727272727273
 309 57.27272727272727
 122 59.31818181818182
 90 61.36363636363636
 53 63.40909090909091
 20 65.45454545454545
 14 67.5
 1 69.54545454545455
 1 71.59090909090909
 0 73.63636363636364
 0 75.68181818181819
 0 77.72727272727272
 0 79.77272727272727
 0 81.81818181818181
 0 83.86363636363636
 0 85.90909090909091
 0 87.95454545454545
 0 90


