# Created by Octave 3.8.2, Sat Jun 20 03:23:46 2020 CEST <damian@fptrucha.inv.usc.es>
# name: hd
# type: matrix
# rows: 45
# columns: 2
 6 0
 2707 2.045454545454545
 4 4.090909090909091
 9 6.136363636363637
 2629 8.181818181818182
 313 10.22727272727273
 291 12.27272727272727
 930 14.31818181818182
 2940 16.36363636363636
 324 18.40909090909091
 869 20.45454545454545
 3830 22.5
 2171 24.54545454545455
 4241 26.59090909090909
 1404 28.63636363636364
 1475 30.68181818181818
 1483 32.72727272727273
 1834 34.77272727272727
 1191 36.81818181818182
 2223 38.86363636363636
 2173 40.90909090909091
 781 42.95454545454545
 933 45
 1422 47.04545454545455
 598 49.09090909090909
 536 51.13636363636363
 452 53.18181818181818
 302 55.22727272727273
 290 57.27272727272727
 105 59.31818181818182
 80 61.36363636363636
 62 63.40909090909091
 23 65.45454545454545
 6 67.5
 1 69.54545454545455
 2 71.59090909090909
 0 73.63636363636364
 0 75.68181818181819
 0 77.72727272727272
 0 79.77272727272727
 0 81.81818181818181
 0 83.86363636363636
 0 85.90909090909091
 0 87.95454545454545
 0 90


