# Created by Octave 3.8.2, Mon Jun 22 07:40:18 2020 CEST <damian@fptrucha.inv.usc.es>
# name: hd
# type: matrix
# rows: 45
# columns: 2
 10 0
 2240 2.045454545454545
 10 4.090909090909091
 10 6.136363636363637
 2139 8.181818181818182
 303 10.22727272727273
 254 12.27272727272727
 714 14.31818181818182
 2414 16.36363636363636
 283 18.40909090909091
 776 20.45454545454545
 3440 22.5
 1932 24.54545454545455
 3642 26.59090909090909
 1284 28.63636363636364
 1207 30.68181818181818
 1225 32.72727272727273
 1502 34.77272727272727
 1083 36.81818181818182
 2110 38.86363636363636
 2069 40.90909090909091
 891 42.95454545454545
 731 45
 1329 47.04545454545455
 608 49.09090909090909
 553 51.13636363636363
 452 53.18181818181818
 376 55.22727272727273
 331 57.27272727272727
 155 59.31818181818182
 139 61.36363636363636
 87 63.40909090909091
 23 65.45454545454545
 21 67.5
 4 69.54545454545455
 0 71.59090909090909
 0 73.63636363636364
 0 75.68181818181819
 0 77.72727272727272
 0 79.77272727272727
 0 81.81818181818181
 0 83.86363636363636
 0 85.90909090909091
 0 87.95454545454545
 0 90


