# Created by Octave 3.8.2, Sat Jun 20 07:50:21 2020 CEST <damian@fptrucha.inv.usc.es>
# name: hd
# type: matrix
# rows: 45
# columns: 2
 3 0
 2765 2.045454545454545
 5 4.090909090909091
 7 6.136363636363637
 2536 8.181818181818182
 349 10.22727272727273
 287 12.27272727272727
 924 14.31818181818182
 2956 16.36363636363636
 349 18.40909090909091
 889 20.45454545454545
 4035 22.5
 2352 24.54545454545455
 4575 26.59090909090909
 1539 28.63636363636364
 1519 30.68181818181818
 1476 32.72727272727273
 1856 34.77272727272727
 1257 36.81818181818182
 2442 38.86363636363636
 2303 40.90909090909091
 920 42.95454545454545
 856 45
 1546 47.04545454545455
 721 49.09090909090909
 599 51.13636363636363
 517 53.18181818181818
 321 55.22727272727273
 353 57.27272727272727
 144 59.31818181818182
 115 61.36363636363636
 68 63.40909090909091
 17 65.45454545454545
 14 67.5
 2 69.54545454545455
 0 71.59090909090909
 0 73.63636363636364
 0 75.68181818181819
 0 77.72727272727272
 0 79.77272727272727
 0 81.81818181818181
 0 83.86363636363636
 0 85.90909090909091
 0 87.95454545454545
 0 90


