# Created by Octave 3.8.2, Sun Jun 21 03:58:24 2020 CEST <damian@fptrucha.inv.usc.es>
# name: hd
# type: matrix
# rows: 45
# columns: 2
 2 0
 2339 2.045454545454545
 1 4.090909090909091
 7 6.136363636363637
 2356 8.181818181818182
 290 10.22727272727273
 281 12.27272727272727
 761 14.31818181818182
 2557 16.36363636363636
 323 18.40909090909091
 795 20.45454545454545
 3493 22.5
 2074 24.54545454545455
 3795 26.59090909090909
 1255 28.63636363636364
 1304 30.68181818181818
 1288 32.72727272727273
 1661 34.77272727272727
 1023 36.81818181818182
 2064 38.86363636363636
 2018 40.90909090909091
 698 42.95454545454545
 764 45
 1284 47.04545454545455
 578 49.09090909090909
 480 51.13636363636363
 446 53.18181818181818
 295 55.22727272727273
 249 57.27272727272727
 100 59.31818181818182
 96 61.36363636363636
 63 63.40909090909091
 15 65.45454545454545
 10 67.5
 2 69.54545454545455
 0 71.59090909090909
 0 73.63636363636364
 0 75.68181818181819
 0 77.72727272727272
 0 79.77272727272727
 0 81.81818181818181
 0 83.86363636363636
 0 85.90909090909091
 0 87.95454545454545
 0 90


