# Created by Octave 3.8.2, Sat Jun 20 21:57:31 2020 CEST <damian@fptrucha.inv.usc.es>
# name: hd
# type: matrix
# rows: 6
# columns: 2
 6631 -620
 6804 -372
 11066 -124
 5578 124
 5087 370
 0 620


