# Created by Octave 3.8.2, Sun Jun 21 08:18:44 2020 CEST <damian@fptrucha.inv.usc.es>
# name: hd
# type: matrix
# rows: 6
# columns: 2
 6431 -620
 6549 -372
 10666 -124
 5342 124
 4964 370
 0 620


