# Created by Octave 3.8.2, Mon Jun 22 10:03:47 2020 CEST <damian@fptrucha.inv.usc.es>
# name: hd
# type: matrix
# rows: 6
# columns: 2
 6130 -620
 6342 -372
 11087 -124
 6045 124
 5580 370
 0 620


