# Created by Octave 3.8.2, Mon Jun 22 11:52:09 2020 CEST <damian@fptrucha.inv.usc.es>
# name: hd
# type: matrix
# rows: 6
# columns: 2
 6128 -620
 6389 -372
 10966 -124
 5994 124
 5540 370
 0 620


