# Created by Octave 3.8.2, Mon Jun 22 08:40:42 2020 CEST <damian@fptrucha.inv.usc.es>
# name: hd
# type: matrix
# rows: 6
# columns: 2
 6078 -620
 6143 -372
 10791 -124
 5778 124
 5712 370
 0 620


