# Created by Octave 3.8.2, Mon Jun 22 05:02:56 2020 CEST <damian@fptrucha.inv.usc.es>
# name: hd
# type: matrix
# rows: 6
# columns: 2
 5835 -620
 5918 -372
 10187 -124
 5460 124
 5096 370
 0 620


