# Created by Octave 3.8.2, Sun Jun 21 00:42:30 2020 CEST <damian@fptrucha.inv.usc.es>
# name: hd
# type: matrix
# rows: 6
# columns: 2
 6440 -620
 6512 -372
 10631 -124
 5471 124
 5069 370
 0 620


