# Created by Octave 3.8.2, Mon Jun 22 07:38:13 2020 CEST <damian@fptrucha.inv.usc.es>
# name: hd
# type: matrix
# rows: 6
# columns: 2
 6176 -620
 6266 -372
 10758 -124
 5871 124
 5491 370
 0 620


