# Created by Octave 3.8.2, Sat Jun 20 14:49:53 2020 CEST <damian@fptrucha.inv.usc.es>
# name: hd
# type: matrix
# rows: 6
# columns: 2
 7027 -620
 7036 -372
 11579 -124
 5713 124
 5425 370
 0 620


