# Created by Octave 3.8.2, Sat Jun 20 09:14:27 2020 CEST <damian@fptrucha.inv.usc.es>
# name: hd
# type: matrix
# rows: 6
# columns: 2
 7844 -620
 7769 -372
 12902 -124
 6455 124
 5975 370
 0 620


