# Created by Octave 3.8.2, Sun Jun 21 01:18:44 2020 CEST <damian@fptrucha.inv.usc.es>
# name: hd
# type: matrix
# rows: 6
# columns: 2
 6571 -620
 6400 -372
 10862 -124
 5565 124
 5086 370
 0 620


