# Created by Octave 3.8.2, Mon Jun 22 04:26:13 2020 CEST <damian@fptrucha.inv.usc.es>
# name: hd
# type: matrix
# rows: 6
# columns: 2
 5879 -620
 5916 -372
 9999 -124
 5491 124
 5173 370
 0 620


