# Created by Octave 3.8.2, Sun Jun 21 03:30:05 2020 CEST <damian@fptrucha.inv.usc.es>
# name: hd
# type: matrix
# rows: 6
# columns: 2
 6628 -620
 6730 -372
 10538 -124
 5486 124
 5084 370
 0 620


