# Created by Octave 3.8.2, Sat Jun 20 18:18:13 2020 CEST <damian@fptrucha.inv.usc.es>
# name: hd
# type: matrix
# rows: 6
# columns: 2
 6625 -620
 6944 -372
 11012 -124
 5673 124
 5205 370
 0 620


