# Created by Octave 3.8.2, Sat Jun 20 17:49:52 2020 CEST <damian@fptrucha.inv.usc.es>
# name: hd
# type: matrix
# rows: 6
# columns: 2
 6804 -620
 6877 -372
 11205 -124
 5726 124
 5091 370
 0 620


