# Created by Octave 3.8.2, Mon Jun 22 00:55:30 2020 CEST <damian@fptrucha.inv.usc.es>
# name: hd
# type: matrix
# rows: 6
# columns: 2
 4593 -620
 4600 -372
 7539 -124
 3746 124
 3486 370
 0 620


