# Created by Octave 3.8.2, Mon Jun 22 02:04:05 2020 CEST <damian@fptrucha.inv.usc.es>
# name: hd
# type: matrix
# rows: 6
# columns: 2
 6723 -620
 6498 -372
 10860 -124
 5686 124
 5297 370
 0 620


