# Created by Octave 3.8.2, Sat Jun 20 12:19:06 2020 CEST <damian@fptrucha.inv.usc.es>
# name: hd
# type: matrix
# rows: 6
# columns: 2
 7707 -620
 7322 -372
 11987 -124
 6150 124
 5593 370
 0 620


