# Created by Octave 3.8.2, Sun Jun 21 07:16:51 2020 CEST <damian@fptrucha.inv.usc.es>
# name: hd
# type: matrix
# rows: 6
# columns: 2
 6808 -620
 6794 -372
 11025 -124
 5587 124
 5211 370
 0 620


