# Created by Octave 3.8.2, Mon Jun 22 06:03:14 2020 CEST <damian@fptrucha.inv.usc.es>
# name: hd
# type: matrix
# rows: 6
# columns: 2
 5676 -620
 6043 -372
 10537 -124
 5759 124
 5455 370
 0 620


