# Created by Octave 3.8.2, Sun Jun 21 02:51:44 2020 CEST <damian@fptrucha.inv.usc.es>
# name: hd
# type: matrix
# rows: 6
# columns: 2
 6538 -620
 6611 -372
 10797 -124
 5556 124
 5028 370
 0 620


