# Created by Octave 3.8.2, Sun Jun 21 03:06:29 2020 CEST <damian@fptrucha.inv.usc.es>
# name: hd
# type: matrix
# rows: 6
# columns: 2
 6650 -620
 6576 -372
 10860 -124
 5604 124
 5094 370
 0 620


