# Created by Octave 3.8.2, Mon Jun 22 22:33:10 2020 CEST <damian@fptrucha.inv.usc.es>
# name: hd
# type: matrix
# rows: 6
# columns: 2
 6848 -620
 7134 -372
 11793 -124
 6494 124
 6016 370
 0 620


