# Created by Octave 3.8.2, Mon Jun 22 11:06:02 2020 CEST <damian@fptrucha.inv.usc.es>
# name: hd
# type: matrix
# rows: 6
# columns: 2
 6116 -620
 6404 -372
 11252 -124
 5953 124
 5551 370
 0 620


