# Created by Octave 3.8.2, Mon Jun 22 02:12:44 2020 CEST <damian@fptrucha.inv.usc.es>
# name: hd
# type: matrix
# rows: 6
# columns: 2
 6630 -620
 6408 -372
 10913 -124
 5728 124
 5425 370
 0 620


