# Created by Octave 3.8.2, Mon Jun 22 14:06:47 2020 CEST <damian@fptrucha.inv.usc.es>
# name: hd
# type: matrix
# rows: 6
# columns: 2
 6335 -620
 6529 -372
 11176 -124
 6139 124
 5746 370
 0 620


