# Created by Octave 3.8.2, Mon Jun 22 08:41:48 2020 CEST <damian@fptrucha.inv.usc.es>
# name: hd
# type: matrix
# rows: 6
# columns: 2
 6038 -620
 6097 -372
 10793 -124
 5883 124
 5530 370
 0 620


