# Created by Octave 3.8.2, Sun Jun 21 07:08:41 2020 CEST <damian@fptrucha.inv.usc.es>
# name: hd
# type: matrix
# rows: 6
# columns: 2
 6862 -620
 6930 -372
 11529 -124
 5658 124
 5284 370
 0 620


