# Created by Octave 3.8.2, Mon Jun 22 10:15:31 2020 CEST <damian@fptrucha.inv.usc.es>
# name: hd
# type: matrix
# rows: 6
# columns: 2
 6299 -620
 6270 -372
 11090 -124
 5878 124
 5551 370
 0 620


