# Created by Octave 3.8.2, Mon Jun 22 13:18:35 2020 CEST <damian@fptrucha.inv.usc.es>
# name: hd
# type: matrix
# rows: 6
# columns: 2
 6346 -620
 6490 -372
 11282 -124
 6131 124
 5727 370
 0 620


