# Created by Octave 3.8.2, Sat Jun 20 11:27:58 2020 CEST <damian@fptrucha.inv.usc.es>
# name: hd
# type: matrix
# rows: 6
# columns: 2
 7614 -620
 7365 -372
 12399 -124
 6158 124
 5714 370
 0 620


