# Created by Octave 3.8.2, Mon Jun 22 20:48:47 2020 CEST <damian@fptrucha.inv.usc.es>
# name: hd
# type: matrix
# rows: 6
# columns: 2
 6616 -620
 6774 -372
 11816 -124
 6271 124
 5953 370
 0 620


