# Created by Octave 3.8.2, Sat Jun 20 20:10:01 2020 CEST <damian@fptrucha.inv.usc.es>
# name: hd
# type: matrix
# rows: 6
# columns: 2
 6666 -620
 6694 -372
 11164 -124
 5551 124
 5217 370
 0 620


