# Created by Octave 3.8.2, Mon Jun 22 08:02:24 2020 CEST <damian@fptrucha.inv.usc.es>
# name: hd
# type: matrix
# rows: 6
# columns: 2
 5971 -620
 5934 -372
 10763 -124
 5910 124
 5545 370
 0 620


