# Created by Octave 3.8.2, Sat Jun 20 18:53:50 2020 CEST <damian@fptrucha.inv.usc.es>
# name: hd
# type: matrix
# rows: 6
# columns: 2
 6745 -620
 6832 -372
 11289 -124
 5700 124
 5187 370
 0 620


