# Created by Octave 3.8.2, Sun Jun 21 01:03:51 2020 CEST <damian@fptrucha.inv.usc.es>
# name: hd
# type: matrix
# rows: 6
# columns: 2
 6637 -620
 6621 -372
 10754 -124
 5285 124
 5174 370
 0 620


