# Created by Octave 3.8.2, Sat Jun 20 06:37:44 2020 CEST <damian@fptrucha.inv.usc.es>
# name: hd
# type: matrix
# rows: 6
# columns: 2
 7361 -620
 7475 -372
 12597 -124
 6557 124
 6150 370
 0 620


