# Created by Octave 3.8.2, Mon Jun 22 12:39:51 2020 CEST <damian@fptrucha.inv.usc.es>
# name: hd
# type: matrix
# rows: 6
# columns: 2
 6404 -620
 6424 -372
 11307 -124
 6020 124
 5644 370
 0 620


