# Created by Octave 3.8.2, Sat Jun 20 02:26:54 2020 CEST <damian@fptrucha.inv.usc.es>
# name: hd
# type: matrix
# rows: 6
# columns: 2
 6741 -620
 7147 -372
 12094 -124
 6084 124
 5918 370
 0 620


