# Created by Octave 3.8.2, Sat Jun 20 17:57:43 2020 CEST <damian@fptrucha.inv.usc.es>
# name: hd
# type: matrix
# rows: 6
# columns: 2
 6954 -620
 6707 -372
 11097 -124
 5416 124
 5181 370
 0 620


