# Created by Octave 3.8.2, Sat Jun 20 05:35:30 2020 CEST <damian@fptrucha.inv.usc.es>
# name: hd
# type: matrix
# rows: 6
# columns: 2
 7268 -620
 7525 -372
 12566 -124
 6525 124
 5880 370
 0 620


