# Created by Octave 3.8.2, Mon Jun 22 19:56:38 2020 CEST <damian@fptrucha.inv.usc.es>
# name: hd
# type: matrix
# rows: 6
# columns: 2
 6506 -620
 6602 -372
 11762 -124
 6426 124
 6086 370
 0 620


