# Created by Octave 3.8.2, Mon Jun 22 15:16:10 2020 CEST <damian@fptrucha.inv.usc.es>
# name: hd
# type: matrix
# rows: 6
# columns: 2
 6766 -620
 6777 -372
 11643 -124
 6153 124
 5773 370
 0 620


