# Created by Octave 3.8.2, Sat Jun 20 05:52:19 2020 CEST <damian@fptrucha.inv.usc.es>
# name: hd
# type: matrix
# rows: 6
# columns: 2
 7264 -620
 7611 -372
 12591 -124
 6493 124
 6152 370
 0 620


