# Created by Octave 3.8.2, Sat Jun 20 16:00:37 2020 CEST <damian@fptrucha.inv.usc.es>
# name: hd
# type: matrix
# rows: 6
# columns: 2
 7121 -620
 7050 -372
 11427 -124
 5736 124
 5300 370
 0 620


