# Created by Octave 3.8.2, Mon Jun 22 17:56:15 2020 CEST <damian@fptrucha.inv.usc.es>
# name: hd
# type: matrix
# rows: 6
# columns: 2
 4392 -620
 4323 -372
 7676 -124
 4135 124
 3990 370
 0 620


