# Created by Octave 3.8.2, Sun Jun 21 07:28:49 2020 CEST <damian@fptrucha.inv.usc.es>
# name: hd
# type: matrix
# rows: 6
# columns: 2
 6561 -620
 6613 -372
 10912 -124
 5402 124
 5114 370
 0 620


