# Created by Octave 3.8.2, Mon Jun 22 06:16:51 2020 CEST <damian@fptrucha.inv.usc.es>
# name: hd
# type: matrix
# rows: 6
# columns: 2
 5830 -620
 6112 -372
 10870 -124
 5792 124
 5562 370
 0 620


