# Created by Octave 3.8.2, Sun Jun 21 02:47:23 2020 CEST <damian@fptrucha.inv.usc.es>
# name: hd
# type: matrix
# rows: 6
# columns: 2
 6507 -620
 6495 -372
 10695 -124
 5439 124
 5046 370
 0 620


