# Created by Octave 3.8.2, Mon Jun 22 04:28:09 2020 CEST <damian@fptrucha.inv.usc.es>
# name: hd
# type: matrix
# rows: 6
# columns: 2
 5840 -620
 5818 -372
 10055 -124
 5328 124
 5022 370
 0 620


