# Created by Octave 3.8.2, Sat Jun 20 07:24:30 2020 CEST <damian@fptrucha.inv.usc.es>
# name: hd
# type: matrix
# rows: 6
# columns: 2
 7414 -620
 7470 -372
 12544 -124
 6535 124
 6115 370
 0 620


