# Created by Octave 3.8.2, Sat Jun 20 14:44:21 2020 CEST <damian@fptrucha.inv.usc.es>
# name: hd
# type: matrix
# rows: 6
# columns: 2
 7189 -620
 7224 -372
 11439 -124
 5944 124
 5403 370
 0 620


