# Created by Octave 3.8.2, Sat Jun 20 15:48:35 2020 CEST <damian@fptrucha.inv.usc.es>
# name: hd
# type: matrix
# rows: 6
# columns: 2
 7104 -620
 6876 -372
 11409 -124
 5795 124
 5176 370
 0 620


