# Created by Octave 3.8.2, Mon Jun 22 08:24:33 2020 CEST <damian@fptrucha.inv.usc.es>
# name: hd
# type: matrix
# rows: 6
# columns: 2
 5778 -620
 6151 -372
 11046 -124
 5812 124
 5462 370
 0 620


