# Created by Octave 3.8.2, Sat Jun 20 17:47:17 2020 CEST <damian@fptrucha.inv.usc.es>
# name: hd
# type: matrix
# rows: 6
# columns: 2
 6756 -620
 6895 -372
 11068 -124
 5728 124
 5380 370
 0 620


