# Created by Octave 3.8.2, Mon Jun 22 11:57:22 2020 CEST <damian@fptrucha.inv.usc.es>
# name: hd
# type: matrix
# rows: 6
# columns: 2
 6194 -620
 6342 -372
 11095 -124
 5894 124
 5788 370
 0 620


