# Created by Octave 3.8.2, Mon Jun 22 09:47:33 2020 CEST <damian@fptrucha.inv.usc.es>
# name: hd
# type: matrix
# rows: 6
# columns: 2
 6260 -620
 6369 -372
 10909 -124
 5800 124
 5544 370
 0 620


