# Created by Octave 3.8.2, Sat Jun 20 22:46:12 2020 CEST <damian@fptrucha.inv.usc.es>
# name: hd
# type: matrix
# rows: 6
# columns: 2
 6774 -620
 6631 -372
 10794 -124
 5441 124
 5060 370
 0 620


