# Created by Octave 3.8.2, Mon Jun 22 19:46:12 2020 CEST <damian@fptrucha.inv.usc.es>
# name: hd
# type: matrix
# rows: 6
# columns: 2
 6603 -620
 6777 -372
 11916 -124
 6368 124
 6023 370
 0 620


