# Created by Octave 3.8.2, Sat Jun 20 21:26:20 2020 CEST <damian@fptrucha.inv.usc.es>
# name: hd
# type: matrix
# rows: 6
# columns: 2
 6971 -620
 6568 -372
 11056 -124
 5552 124
 5073 370
 0 620


