# Created by Octave 3.8.2, Sat Jun 20 10:01:51 2020 CEST <damian@fptrucha.inv.usc.es>
# name: hd
# type: matrix
# rows: 6
# columns: 2
 7711 -620
 7546 -372
 12501 -124
 6414 124
 5745 370
 0 620


