# Created by Octave 3.8.2, Sun Jun 21 05:05:02 2020 CEST <damian@fptrucha.inv.usc.es>
# name: hd
# type: matrix
# rows: 6
# columns: 2
 6596 -620
 6695 -372
 11110 -124
 5623 124
 5219 370
 0 620


