# Created by Octave 3.8.2, Sun Jun 21 05:16:18 2020 CEST <damian@fptrucha.inv.usc.es>
# name: hd
# type: matrix
# rows: 6
# columns: 2
 6563 -620
 6732 -372
 10884 -124
 5636 124
 5216 370
 0 620


