# Created by Octave 3.8.2, Mon Jun 22 01:20:03 2020 CEST <damian@fptrucha.inv.usc.es>
# name: hd
# type: matrix
# rows: 6
# columns: 2
 6594 -620
 6697 -372
 10869 -124
 5539 124
 5004 370
 0 620


