# Created by Octave 3.8.2, Mon Jun 22 16:37:26 2020 CEST <damian@fptrucha.inv.usc.es>
# name: hd
# type: matrix
# rows: 6
# columns: 2
 4173 -620
 4408 -372
 7490 -124
 4080 124
 3840 370
 0 620


