# Created by Octave 3.8.2, Mon Jun 22 16:51:55 2020 CEST <damian@fptrucha.inv.usc.es>
# name: hd
# type: matrix
# rows: 6
# columns: 2
 6611 -620
 6693 -372
 11444 -124
 6111 124
 5851 370
 0 620


