# Created by Octave 3.8.2, Sat Jun 20 22:51:20 2020 CEST <damian@fptrucha.inv.usc.es>
# name: hd
# type: matrix
# rows: 6
# columns: 2
 6708 -620
 6597 -372
 10740 -124
 5401 124
 5024 370
 0 620


