# Created by Octave 3.8.2, Sun Jun 21 04:01:17 2020 CEST <damian@fptrucha.inv.usc.es>
# name: hd
# type: matrix
# rows: 6
# columns: 2
 4419 -620
 4324 -372
 7170 -124
 3654 124
 3349 370
 0 620


