# Created by Octave 3.8.2, Sat Jun 20 12:55:09 2020 CEST <damian@fptrucha.inv.usc.es>
# name: hd
# type: matrix
# rows: 6
# columns: 2
 7435 -620
 7301 -372
 12166 -124
 6079 124
 5570 370
 0 620


