# Created by Octave 3.8.2, Sat Jun 20 05:04:34 2020 CEST <damian@fptrucha.inv.usc.es>
# name: hd
# type: matrix
# rows: 6
# columns: 2
 7281 -620
 7357 -372
 12214 -124
 6339 124
 5873 370
 0 620


