# Created by Octave 3.8.2, Sun Jun 21 02:09:42 2020 CEST <damian@fptrucha.inv.usc.es>
# name: hd
# type: matrix
# rows: 6
# columns: 2
 6530 -620
 6457 -372
 10774 -124
 5592 124
 5132 370
 0 620


