# Created by Octave 3.8.2, Sat Jun 20 09:21:53 2020 CEST <damian@fptrucha.inv.usc.es>
# name: hd
# type: matrix
# rows: 6
# columns: 2
 7752 -620
 7658 -372
 12884 -124
 6624 124
 6005 370
 0 620


