# Created by Octave 3.8.2, Sat Jun 20 10:17:43 2020 CEST <damian@fptrucha.inv.usc.es>
# name: hd
# type: matrix
# rows: 6
# columns: 2
 7604 -620
 7526 -372
 12378 -124
 6369 124
 5865 370
 0 620


