# Created by Octave 3.8.2, Sun Jun 21 07:04:03 2020 CEST <damian@fptrucha.inv.usc.es>
# name: hd
# type: matrix
# rows: 6
# columns: 2
 6817 -620
 6880 -372
 11240 -124
 5742 124
 5107 370
 0 620


