# Created by Octave 3.8.2, Mon Jun 22 20:23:34 2020 CEST <damian@fptrucha.inv.usc.es>
# name: hd
# type: matrix
# rows: 6
# columns: 2
 6610 -620
 6671 -372
 11716 -124
 6440 124
 6108 370
 0 620


