# Created by Octave 3.8.2, Sat Jun 20 08:03:37 2020 CEST <damian@fptrucha.inv.usc.es>
# name: hd
# type: matrix
# rows: 6
# columns: 2
 7390 -620
 7422 -372
 12652 -124
 6515 124
 6014 370
 0 620


