# Created by Octave 3.8.2, Sat Jun 20 12:59:19 2020 CEST <damian@fptrucha.inv.usc.es>
# name: hd
# type: matrix
# rows: 6
# columns: 2
 7490 -620
 7391 -372
 11934 -124
 6038 124
 5552 370
 0 620


