# Created by Octave 3.8.2, Mon Jun 22 12:07:47 2020 CEST <damian@fptrucha.inv.usc.es>
# name: hd
# type: matrix
# rows: 6
# columns: 2
 6204 -620
 6422 -372
 11271 -124
 5932 124
 5598 370
 0 620


