# Created by Octave 3.8.2, Mon Jun 22 13:12:10 2020 CEST <damian@fptrucha.inv.usc.es>
# name: hd
# type: matrix
# rows: 6
# columns: 2
 6459 -620
 6541 -372
 11198 -124
 5874 124
 5673 370
 0 620


