# Created by Octave 3.8.2, Sat Jun 20 16:13:22 2020 CEST <damian@fptrucha.inv.usc.es>
# name: hd
# type: matrix
# rows: 6
# columns: 2
 6921 -620
 6831 -372
 11322 -124
 5740 124
 5224 370
 0 620


