# Created by Octave 3.8.2, Sat Jun 20 21:53:44 2020 CEST <damian@fptrucha.inv.usc.es>
# name: hd
# type: matrix
# rows: 6
# columns: 2
 6865 -620
 6560 -372
 10948 -124
 5469 124
 5133 370
 0 620


