# Created by Octave 3.8.2, Mon Jun 22 17:15:05 2020 CEST <damian@fptrucha.inv.usc.es>
# name: hd
# type: matrix
# rows: 6
# columns: 2
 6558 -620
 6651 -372
 11715 -124
 6337 124
 5860 370
 0 620


