# Created by Octave 3.8.2, Mon Jun 22 18:56:28 2020 CEST <damian@fptrucha.inv.usc.es>
# name: hd
# type: matrix
# rows: 6
# columns: 2
 4207 -620
 4482 -372
 7731 -124
 4149 124
 3968 370
 0 620


