# Created by Octave 3.8.2, Sat Jun 20 18:25:30 2020 CEST <damian@fptrucha.inv.usc.es>
# name: hd
# type: matrix
# rows: 6
# columns: 2
 6732 -620
 6557 -372
 11044 -124
 5678 124
 5267 370
 0 620


