# Created by Octave 3.8.2, Mon Jun 22 07:45:19 2020 CEST <damian@fptrucha.inv.usc.es>
# name: hd
# type: matrix
# rows: 6
# columns: 2
 6105 -620
 6015 -372
 10677 -124
 6036 124
 5538 370
 0 620


