# Created by Octave 3.8.2, Mon Jun 22 06:27:38 2020 CEST <damian@fptrucha.inv.usc.es>
# name: hd
# type: matrix
# rows: 6
# columns: 2
 5741 -620
 5974 -372
 10441 -124
 5881 124
 5660 370
 0 620


