# Created by Octave 3.8.2, Mon Jun 22 07:55:07 2020 CEST <damian@fptrucha.inv.usc.es>
# name: hd
# type: matrix
# rows: 6
# columns: 2
 5930 -620
 6036 -372
 11041 -124
 5858 124
 5556 370
 0 620


