# Created by Octave 3.8.2, Mon Jun 22 18:40:45 2020 CEST <damian@fptrucha.inv.usc.es>
# name: hd
# type: matrix
# rows: 6
# columns: 2
 6384 -620
 6693 -372
 11671 -124
 6193 124
 6092 370
 0 620


