# Created by Octave 3.8.2, Mon Jun 22 01:33:51 2020 CEST <damian@fptrucha.inv.usc.es>
# name: hd
# type: matrix
# rows: 6
# columns: 2
 6833 -620
 6888 -372
 11278 -124
 5510 124
 5182 370
 0 620


