# Created by Octave 3.8.2, Sat Jun 20 13:45:19 2020 CEST <damian@fptrucha.inv.usc.es>
# name: hd
# type: matrix
# rows: 6
# columns: 2
 7260 -620
 7142 -372
 11811 -124
 6092 124
 5434 370
 0 620


