# Created by Octave 3.8.2, Mon Jun 22 00:35:13 2020 CEST <damian@fptrucha.inv.usc.es>
# name: hd
# type: matrix
# rows: 6
# columns: 2
 6629 -620
 6643 -372
 11095 -124
 5512 124
 5135 370
 0 620


