# Created by Octave 3.8.2, Mon Jun 22 01:29:07 2020 CEST <damian@fptrucha.inv.usc.es>
# name: hd
# type: matrix
# rows: 6
# columns: 2
 6568 -620
 6767 -372
 10987 -124
 5642 124
 5237 370
 0 620


