# Created by Octave 3.8.2, Mon Jun 22 07:29:25 2020 CEST <damian@fptrucha.inv.usc.es>
# name: hd
# type: matrix
# rows: 6
# columns: 2
 6021 -620
 6165 -372
 10692 -124
 5778 124
 5511 370
 0 620


