# Created by Octave 3.8.2, Sat Jun 20 23:20:52 2020 CEST <damian@fptrucha.inv.usc.es>
# name: hd
# type: matrix
# rows: 6
# columns: 2
 6696 -620
 6438 -372
 11052 -124
 5529 124
 5042 370
 0 620


