# Created by Octave 3.8.2, Sun Jun 21 07:39:12 2020 CEST <damian@fptrucha.inv.usc.es>
# name: hd
# type: matrix
# rows: 6
# columns: 2
 6947 -620
 7000 -372
 11396 -124
 5845 124
 5195 370
 0 620


