# Created by Octave 3.8.2, Sat Jun 20 19:10:14 2020 CEST <damian@fptrucha.inv.usc.es>
# name: hd
# type: matrix
# rows: 6
# columns: 2
 4433 -620
 4271 -372
 7224 -124
 3613 124
 3275 370
 0 620


