# Created by Octave 3.8.2, Sat Jun 20 04:36:38 2020 CEST <damian@fptrucha.inv.usc.es>
# name: hd
# type: matrix
# rows: 6
# columns: 2
 7307 -620
 7440 -372
 12460 -124
 6111 124
 5921 370
 0 620


