# Created by Octave 3.8.2, Mon Jun 22 23:35:14 2020 CEST <damian@fptrucha.inv.usc.es>
# name: hd
# type: matrix
# rows: 6
# columns: 2
 6700 -620
 6878 -372
 11757 -124
 6373 124
 6287 370
 0 620


