# Created by Octave 3.8.2, Sat Jun 20 13:59:08 2020 CEST <damian@fptrucha.inv.usc.es>
# name: hd
# type: matrix
# rows: 6
# columns: 2
 7391 -620
 7169 -372
 11966 -124
 6058 124
 5453 370
 0 620


