# Created by Octave 3.8.2, Sun Jun 21 00:37:11 2020 CEST <damian@fptrucha.inv.usc.es>
# name: hd
# type: matrix
# rows: 6
# columns: 2
 6533 -620
 6583 -372
 10943 -124
 5583 124
 4997 370
 0 620


