# Created by Octave 3.8.2, Mon Jun 22 23:41:12 2020 CEST <damian@fptrucha.inv.usc.es>
# name: hd
# type: matrix
# rows: 6
# columns: 2
 7090 -620
 6833 -372
 11974 -124
 6372 124
 6029 370
 0 620


