# Created by Octave 3.8.2, Mon Jun 22 10:09:10 2020 CEST <damian@fptrucha.inv.usc.es>
# name: hd
# type: matrix
# rows: 6
# columns: 2
 6227 -620
 6388 -372
 11099 -124
 5751 124
 5502 370
 0 620


