# Created by Octave 3.8.2, Mon Jun 22 04:16:13 2020 CEST <damian@fptrucha.inv.usc.es>
# name: hd
# type: matrix
# rows: 6
# columns: 2
 5929 -620
 5764 -372
 10178 -124
 5444 124
 5207 370
 0 620


