# Created by Octave 3.8.2, Mon Jun 22 02:47:04 2020 CEST <damian@fptrucha.inv.usc.es>
# name: hd
# type: matrix
# rows: 6
# columns: 2
 5930 -620
 5939 -372
 10364 -124
 5589 124
 5242 370
 0 620


