# Created by Octave 3.8.2, Mon Jun 22 12:53:20 2020 CEST <damian@fptrucha.inv.usc.es>
# name: hd
# type: matrix
# rows: 6
# columns: 2
 6334 -620
 6574 -372
 11135 -124
 6008 124
 5753 370
 0 620


