# Created by Octave 3.8.2, Mon Jun 22 12:05:41 2020 CEST <damian@fptrucha.inv.usc.es>
# name: hd
# type: matrix
# rows: 6
# columns: 2
 6202 -620
 6409 -372
 11118 -124
 5985 124
 5781 370
 0 620


