# Created by Octave 3.8.2, Mon Jun 22 00:50:10 2020 CEST <damian@fptrucha.inv.usc.es>
# name: hd
# type: matrix
# rows: 6
# columns: 2
 6787 -620
 6736 -372
 10962 -124
 5557 124
 5188 370
 0 620


