# Created by Octave 3.8.2, Sat Jun 20 10:30:13 2020 CEST <damian@fptrucha.inv.usc.es>
# name: hd
# type: matrix
# rows: 6
# columns: 2
 7587 -620
 7566 -372
 12495 -124
 6301 124
 5760 370
 0 620


