# Created by Octave 3.8.2, Mon Jun 22 08:30:21 2020 CEST <damian@fptrucha.inv.usc.es>
# name: hd
# type: matrix
# rows: 6
# columns: 2
 6010 -620
 6117 -372
 10756 -124
 5900 124
 5624 370
 0 620


