# Created by Octave 3.8.2, Mon Jun 22 19:59:39 2020 CEST <damian@fptrucha.inv.usc.es>
# name: hd
# type: matrix
# rows: 6
# columns: 2
 6504 -620
 6868 -372
 11600 -124
 6176 124
 6054 370
 0 620


