# Created by Octave 3.8.2, Sat Jun 20 21:14:40 2020 CEST <damian@fptrucha.inv.usc.es>
# name: hd
# type: matrix
# rows: 6
# columns: 2
 6672 -620
 6768 -372
 10809 -124
 5591 124
 5051 370
 0 620


