# Created by Octave 3.8.2, Mon Jun 22 21:10:44 2020 CEST <damian@fptrucha.inv.usc.es>
# name: hd
# type: matrix
# rows: 6
# columns: 2
 6693 -620
 6818 -372
 11976 -124
 6361 124
 6090 370
 0 620


