# Created by Octave 3.8.2, Sat Jun 20 06:52:13 2020 CEST <damian@fptrucha.inv.usc.es>
# name: hd
# type: matrix
# rows: 6
# columns: 2
 7245 -620
 7454 -372
 12621 -124
 6490 124
 6208 370
 0 620


