# Created by Octave 3.8.2, Sat Jun 20 14:56:00 2020 CEST <damian@fptrucha.inv.usc.es>
# name: hd
# type: matrix
# rows: 6
# columns: 2
 7055 -620
 6955 -372
 11488 -124
 5768 124
 5160 370
 0 620


