# Created by Octave 3.8.2, Sun Jun 21 03:00:24 2020 CEST <damian@fptrucha.inv.usc.es>
# name: hd
# type: matrix
# rows: 6
# columns: 2
 6607 -620
 6555 -372
 10701 -124
 5461 124
 5138 370
 0 620


