# Created by Octave 3.8.2, Mon Jun 22 02:27:51 2020 CEST <damian@fptrucha.inv.usc.es>
# name: hd
# type: matrix
# rows: 6
# columns: 2
 69 -620
 90 -372
 147 -124
 55 124
 27 370
 0 620


