# Created by Octave 3.8.2, Sat Jun 20 21:21:02 2020 CEST <damian@fptrucha.inv.usc.es>
# name: hd
# type: matrix
# rows: 6
# columns: 2
 6735 -620
 6591 -372
 10928 -124
 5482 124
 5097 370
 0 620


