# Created by Octave 3.8.2, Sat Jun 20 15:57:59 2020 CEST <damian@fptrucha.inv.usc.es>
# name: hd
# type: matrix
# rows: 6
# columns: 2
 6940 -620
 6953 -372
 11404 -124
 5765 124
 5221 370
 0 620


