# Created by Octave 3.8.2, Mon Jun 22 08:18:29 2020 CEST <damian@fptrucha.inv.usc.es>
# name: hd
# type: matrix
# rows: 6
# columns: 2
 5914 -620
 6173 -372
 10753 -124
 5895 124
 5616 370
 0 620


