# Created by Octave 3.8.2, Sun Jun 21 04:27:27 2020 CEST <damian@fptrucha.inv.usc.es>
# name: hd
# type: matrix
# rows: 6
# columns: 2
 6489 -620
 6467 -372
 10910 -124
 5495 124
 5041 370
 0 620


