# Created by Octave 3.8.2, Sat Jun 20 21:01:06 2020 CEST <damian@fptrucha.inv.usc.es>
# name: hd
# type: matrix
# rows: 6
# columns: 2
 6655 -620
 6688 -372
 10829 -124
 5520 124
 5006 370
 0 620


