# Created by Octave 3.8.2, Mon Jun 22 22:42:45 2020 CEST <damian@fptrucha.inv.usc.es>
# name: hd
# type: matrix
# rows: 6
# columns: 2
 6807 -620
 7023 -372
 11830 -124
 6236 124
 6100 370
 0 620


