# Created by Octave 3.8.2, Sat Jun 20 21:58:51 2020 CEST <damian@fptrucha.inv.usc.es>
# name: hd
# type: matrix
# rows: 6
# columns: 2
 6777 -620
 6655 -372
 11081 -124
 5536 124
 5181 370
 0 620


