# Created by Octave 3.8.2, Sun Jun 21 00:38:16 2020 CEST <damian@fptrucha.inv.usc.es>
# name: hd
# type: matrix
# rows: 6
# columns: 2
 6537 -620
 6545 -372
 10917 -124
 5564 124
 5013 370
 0 620


