# Created by Octave 3.8.2, Sat Jun 20 02:33:44 2020 CEST <damian@fptrucha.inv.usc.es>
# name: hd
# type: matrix
# rows: 6
# columns: 2
 6786 -620
 7144 -372
 12244 -124
 6242 124
 5867 370
 0 620


