# Created by Octave 3.8.2, Sun Jun 21 03:45:07 2020 CEST <damian@fptrucha.inv.usc.es>
# name: hd
# type: matrix
# rows: 6
# columns: 2
 6607 -620
 6636 -372
 10732 -124
 5580 124
 5134 370
 0 620


