# Created by Octave 3.8.2, Sun Jun 21 03:10:47 2020 CEST <damian@fptrucha.inv.usc.es>
# name: hd
# type: matrix
# rows: 6
# columns: 2
 6448 -620
 6462 -372
 10856 -124
 5491 124
 5041 370
 0 620


