# Created by Octave 3.8.2, Mon Jun 22 22:40:20 2020 CEST <damian@fptrucha.inv.usc.es>
# name: hd
# type: matrix
# rows: 6
# columns: 2
 6904 -620
 6811 -372
 11944 -124
 6332 124
 6027 370
 0 620


