# Created by Octave 3.8.2, Mon Jun 22 23:50:22 2020 CEST <damian@fptrucha.inv.usc.es>
# name: hd
# type: matrix
# rows: 6
# columns: 2
 6974 -620
 6915 -372
 11901 -124
 6369 124
 6172 370
 0 620


