# Created by Octave 3.8.2, Sat Jun 20 04:54:35 2020 CEST <damian@fptrucha.inv.usc.es>
# name: hd
# type: matrix
# rows: 6
# columns: 2
 7404 -620
 7339 -372
 12360 -124
 6122 124
 5853 370
 0 620


