# Created by Octave 3.8.2, Mon Jun 22 11:25:47 2020 CEST <damian@fptrucha.inv.usc.es>
# name: hd
# type: matrix
# rows: 6
# columns: 2
 6147 -620
 6251 -372
 10973 -124
 6022 124
 5593 370
 0 620


