# Created by Octave 3.8.2, Mon Jun 22 02:52:49 2020 CEST <damian@fptrucha.inv.usc.es>
# name: hd
# type: matrix
# rows: 6
# columns: 2
 5914 -620
 5919 -372
 10237 -124
 5640 124
 5373 370
 0 620


