# Created by Octave 3.8.2, Mon Jun 22 15:40:51 2020 CEST <damian@fptrucha.inv.usc.es>
# name: hd
# type: matrix
# rows: 6
# columns: 2
 6704 -620
 6638 -372
 11482 -124
 6127 124
 5660 370
 0 620


