# Created by Octave 3.8.2, Sat Jun 20 08:32:42 2020 CEST <damian@fptrucha.inv.usc.es>
# name: hd
# type: matrix
# rows: 6
# columns: 2
 7694 -620
 7750 -372
 12844 -124
 6606 124
 6075 370
 0 620


