# Created by Octave 3.8.2, Mon Jun 22 14:11:07 2020 CEST <damian@fptrucha.inv.usc.es>
# name: hd
# type: matrix
# rows: 6
# columns: 2
 6364 -620
 6411 -372
 11288 -124
 6147 124
 5684 370
 0 620


