# Created by Octave 3.8.2, Sun Jun 21 03:32:19 2020 CEST <damian@fptrucha.inv.usc.es>
# name: hd
# type: matrix
# rows: 6
# columns: 2
 6588 -620
 6561 -372
 10992 -124
 5480 124
 5237 370
 0 620


