# Created by Octave 3.8.2, Mon Jun 22 03:17:00 2020 CEST <damian@fptrucha.inv.usc.es>
# name: hd
# type: matrix
# rows: 6
# columns: 2
 5915 -620
 6032 -372
 10368 -124
 5536 124
 5399 370
 0 620


