# Created by Octave 3.8.2, Mon Jun 22 06:12:52 2020 CEST <damian@fptrucha.inv.usc.es>
# name: hd
# type: matrix
# rows: 6
# columns: 2
 5836 -620
 5998 -372
 10588 -124
 5792 124
 5553 370
 0 620


