# Created by Octave 3.8.2, Sat Jun 20 20:31:39 2020 CEST <damian@fptrucha.inv.usc.es>
# name: hd
# type: matrix
# rows: 6
# columns: 2
 6932 -620
 6752 -372
 11291 -124
 5750 124
 5084 370
 0 620


