# Created by Octave 3.8.2, Mon Jun 22 23:01:31 2020 CEST <damian@fptrucha.inv.usc.es>
# name: hd
# type: matrix
# rows: 6
# columns: 2
 6812 -620
 7142 -372
 12028 -124
 6564 124
 5944 370
 0 620


