# Created by Octave 3.8.2, Mon Jun 22 05:32:17 2020 CEST <damian@fptrucha.inv.usc.es>
# name: hd
# type: matrix
# rows: 6
# columns: 2
 5725 -620
 5959 -372
 10311 -124
 5621 124
 5423 370
 0 620


