# Created by Octave 3.8.2, Mon Jun 22 14:57:49 2020 CEST <damian@fptrucha.inv.usc.es>
# name: hd
# type: matrix
# rows: 6
# columns: 2
 6668 -620
 6638 -372
 11430 -124
 6128 124
 5890 370
 0 620


