# Created by Octave 3.8.2, Mon Jun 22 22:06:10 2020 CEST <damian@fptrucha.inv.usc.es>
# name: hd
# type: matrix
# rows: 6
# columns: 2
 6681 -620
 7053 -372
 11901 -124
 6391 124
 6009 370
 0 620


