# Created by Octave 3.8.2, Mon Jun 22 18:13:14 2020 CEST <damian@fptrucha.inv.usc.es>
# name: hd
# type: matrix
# rows: 6
# columns: 2
 6453 -620
 6658 -372
 11697 -124
 6219 124
 5984 370
 0 620


