# Created by Octave 3.8.2, Sat Jun 20 05:46:32 2020 CEST <damian@fptrucha.inv.usc.es>
# name: hd
# type: matrix
# rows: 6
# columns: 2
 7209 -620
 7448 -372
 12583 -124
 6349 124
 6024 370
 0 620


