# Created by Octave 3.8.2, Mon Jun 22 21:36:16 2020 CEST <damian@fptrucha.inv.usc.es>
# name: hd
# type: matrix
# rows: 6
# columns: 2
 6764 -620
 6728 -372
 11955 -124
 6461 124
 6150 370
 0 620


