# Created by Octave 3.8.2, Sun Jun 21 07:58:24 2020 CEST <damian@fptrucha.inv.usc.es>
# name: hd
# type: matrix
# rows: 6
# columns: 2
 6525 -620
 6513 -372
 10888 -124
 5451 124
 5077 370
 0 620


