# Created by Octave 3.8.2, Sat Jun 20 11:22:13 2020 CEST <damian@fptrucha.inv.usc.es>
# name: hd
# type: matrix
# rows: 6
# columns: 2
 7585 -620
 7552 -372
 12454 -124
 6151 124
 5715 370
 0 620


