# Created by Octave 3.8.2, Mon Jun 22 23:58:39 2020 CEST <damian@fptrucha.inv.usc.es>
# name: hd
# type: matrix
# rows: 6
# columns: 2
 6649 -620
 7045 -372
 11847 -124
 6360 124
 6129 370
 0 620


