# Created by Octave 3.8.2, Sun Jun 21 02:10:46 2020 CEST <damian@fptrucha.inv.usc.es>
# name: hd
# type: matrix
# rows: 6
# columns: 2
 6456 -620
 6550 -372
 10946 -124
 5576 124
 5183 370
 0 620


