# Created by Octave 3.8.2, Sat Jun 20 15:06:52 2020 CEST <damian@fptrucha.inv.usc.es>
# name: hd
# type: matrix
# rows: 6
# columns: 2
 7126 -620
 7022 -372
 11473 -124
 5863 124
 5204 370
 0 620


