# Created by Octave 3.8.2, Sun Jun 21 07:06:23 2020 CEST <damian@fptrucha.inv.usc.es>
# name: hd
# type: matrix
# rows: 6
# columns: 2
 6822 -620
 6710 -372
 11111 -124
 5687 124
 5203 370
 0 620


