# Created by Octave 3.8.2, Mon Jun 22 07:05:40 2020 CEST <damian@fptrucha.inv.usc.es>
# name: hd
# type: matrix
# rows: 6
# columns: 2
 5834 -620
 5969 -372
 10673 -124
 5700 124
 5442 370
 0 620


