# Created by Octave 3.8.2, Tue Jun 23 00:19:33 2020 CEST <damian@fptrucha.inv.usc.es>
# name: hd
# type: matrix
# rows: 6
# columns: 2
 6761 -620
 6854 -372
 11961 -124
 6479 124
 6188 370
 0 620


