# Created by Octave 3.8.2, Mon Jun 22 02:41:38 2020 CEST <damian@fptrucha.inv.usc.es>
# name: hd
# type: matrix
# rows: 6
# columns: 2
 5910 -620
 5926 -372
 10319 -124
 5616 124
 5353 370
 0 620


