# Created by Octave 3.8.2, Mon Jun 22 15:23:40 2020 CEST <damian@fptrucha.inv.usc.es>
# name: hd
# type: matrix
# rows: 6
# columns: 2
 6643 -620
 6645 -372
 11401 -124
 6104 124
 5898 370
 0 620


