# Created by Octave 3.8.2, Mon Jun 22 22:07:23 2020 CEST <damian@fptrucha.inv.usc.es>
# name: hd
# type: matrix
# rows: 6
# columns: 2
 6865 -620
 6918 -372
 11914 -124
 6266 124
 6101 370
 0 620


