# Created by Octave 3.8.2, Sun Jun 21 05:47:50 2020 CEST <damian@fptrucha.inv.usc.es>
# name: hd
# type: matrix
# rows: 6
# columns: 2
 6574 -620
 6464 -372
 10937 -124
 5528 124
 5061 370
 0 620


