# Created by Octave 3.8.2, Mon Jun 22 11:01:46 2020 CEST <damian@fptrucha.inv.usc.es>
# name: hd
# type: matrix
# rows: 6
# columns: 2
 6223 -620
 6525 -372
 11335 -124
 6141 124
 5642 370
 0 620


