# Created by Octave 3.8.2, Sun Jun 21 05:40:11 2020 CEST <damian@fptrucha.inv.usc.es>
# name: hd
# type: matrix
# rows: 6
# columns: 2
 4187 -620
 4257 -372
 7079 -124
 3583 124
 3401 370
 0 620


