# Created by Octave 3.8.2, Sat Jun 20 07:09:03 2020 CEST <damian@fptrucha.inv.usc.es>
# name: hd
# type: matrix
# rows: 6
# columns: 2
 7317 -620
 7543 -372
 12687 -124
 6446 124
 6212 370
 0 620


