# Created by Octave 3.8.2, Sat Jun 20 11:02:44 2020 CEST <damian@fptrucha.inv.usc.es>
# name: hd
# type: matrix
# rows: 6
# columns: 2
 7581 -620
 7686 -372
 12387 -124
 6176 124
 5730 370
 0 620


