# Created by Octave 3.8.2, Tue Jun 23 00:28:18 2020 CEST <damian@fptrucha.inv.usc.es>
# name: hd
# type: matrix
# rows: 6
# columns: 2
 4413 -620
 4649 -372
 7935 -124
 4263 124
 4155 370
 0 620


