# Created by Octave 3.8.2, Sat Jun 20 13:07:36 2020 CEST <damian@fptrucha.inv.usc.es>
# name: hd
# type: matrix
# rows: 6
# columns: 2
 7558 -620
 7287 -372
 11893 -124
 5933 124
 5415 370
 0 620


