# Created by Octave 3.8.2, Sat Jun 20 21:36:07 2020 CEST <damian@fptrucha.inv.usc.es>
# name: hd
# type: matrix
# rows: 6
# columns: 2
 6724 -620
 6568 -372
 10897 -124
 5457 124
 5011 370
 0 620


