# Created by Octave 3.8.2, Sun Jun 21 08:13:13 2020 CEST <damian@fptrucha.inv.usc.es>
# name: hd
# type: matrix
# rows: 6
# columns: 2
 6726 -620
 6666 -372
 10917 -124
 5568 124
 5161 370
 0 620


