# Created by Octave 3.8.2, Mon Jun 22 23:13:56 2020 CEST <damian@fptrucha.inv.usc.es>
# name: hd
# type: matrix
# rows: 6
# columns: 2
 6980 -620
 6968 -372
 11907 -124
 6425 124
 6033 370
 0 620


