# Created by Octave 3.8.2, Mon Jun 22 02:46:06 2020 CEST <damian@fptrucha.inv.usc.es>
# name: hd
# type: matrix
# rows: 6
# columns: 2
 5929 -620
 5929 -372
 10285 -124
 5644 124
 5215 370
 0 620


