# Created by Octave 3.8.2, Sat Jun 20 23:28:24 2020 CEST <damian@fptrucha.inv.usc.es>
# name: hd
# type: matrix
# rows: 6
# columns: 2
 6777 -620
 6571 -372
 10890 -124
 5560 124
 5028 370
 0 620


