# Created by Octave 3.8.2, Sat Jun 20 19:44:36 2020 CEST <damian@fptrucha.inv.usc.es>
# name: hd
# type: matrix
# rows: 6
# columns: 2
 6626 -620
 6677 -372
 10782 -124
 5744 124
 5122 370
 0 620


