# Created by Octave 3.8.2, Sat Jun 20 10:19:12 2020 CEST <damian@fptrucha.inv.usc.es>
# name: hd
# type: matrix
# rows: 6
# columns: 2
 7588 -620
 7621 -372
 12531 -124
 6349 124
 5937 370
 0 620


