# Created by Octave 3.8.2, Mon Jun 22 10:19:18 2020 CEST <damian@fptrucha.inv.usc.es>
# name: hd
# type: matrix
# rows: 6
# columns: 2
 6309 -620
 6481 -372
 11165 -124
 5907 124
 5598 370
 0 620


