# Created by Octave 3.8.2, Mon Jun 22 17:23:49 2020 CEST <damian@fptrucha.inv.usc.es>
# name: hd
# type: matrix
# rows: 6
# columns: 2
 6612 -620
 6774 -372
 11793 -124
 6197 124
 5878 370
 0 620


