# Created by Octave 3.8.2, Sat Jun 20 23:31:10 2020 CEST <damian@fptrucha.inv.usc.es>
# name: hd
# type: matrix
# rows: 6
# columns: 2
 6769 -620
 6681 -372
 11163 -124
 5630 124
 5188 370
 0 620


