# Created by Octave 3.8.2, Mon Jun 22 08:54:50 2020 CEST <damian@fptrucha.inv.usc.es>
# name: hd
# type: matrix
# rows: 6
# columns: 2
 5979 -620
 6320 -372
 10846 -124
 5954 124
 5508 370
 0 620


