# Created by Octave 3.8.2, Sat Jun 20 23:09:19 2020 CEST <damian@fptrucha.inv.usc.es>
# name: hd
# type: matrix
# rows: 6
# columns: 2
 6697 -620
 6641 -372
 10876 -124
 5508 124
 5066 370
 0 620


