# Created by Octave 3.8.2, Mon Jun 22 18:06:29 2020 CEST <damian@fptrucha.inv.usc.es>
# name: hd
# type: matrix
# rows: 6
# columns: 2
 6563 -620
 6642 -372
 11605 -124
 6278 124
 5932 370
 0 620


