# Created by Octave 3.8.2, Sat Jun 20 05:32:46 2020 CEST <damian@fptrucha.inv.usc.es>
# name: hd
# type: matrix
# rows: 6
# columns: 2
 7355 -620
 7338 -372
 12443 -124
 6436 124
 5979 370
 0 620


