# Created by Octave 3.8.2, Sat Jun 20 11:08:29 2020 CEST <damian@fptrucha.inv.usc.es>
# name: hd
# type: matrix
# rows: 6
# columns: 2
 7601 -620
 7433 -372
 12328 -124
 6076 124
 5540 370
 0 620


