# Created by Octave 3.8.2, Sun Jun 21 07:51:34 2020 CEST <damian@fptrucha.inv.usc.es>
# name: hd
# type: matrix
# rows: 6
# columns: 2
 6689 -620
 6670 -372
 10995 -124
 5475 124
 5003 370
 0 620


