# Created by Octave 3.8.2, Sat Jun 20 08:48:22 2020 CEST <damian@fptrucha.inv.usc.es>
# name: hd
# type: matrix
# rows: 6
# columns: 2
 8021 -620
 7551 -372
 12849 -124
 6253 124
 5984 370
 0 620


