# Created by Octave 3.8.2, Mon Jun 22 07:59:17 2020 CEST <damian@fptrucha.inv.usc.es>
# name: hd
# type: matrix
# rows: 6
# columns: 2
 5932 -620
 6249 -372
 11015 -124
 5872 124
 5574 370
 0 620


