# Created by Octave 3.8.2, Mon Jun 22 21:52:24 2020 CEST <damian@fptrucha.inv.usc.es>
# name: hd
# type: matrix
# rows: 6
# columns: 2
 6710 -620
 6880 -372
 11998 -124
 6219 124
 6093 370
 0 620


