# Created by Octave 3.8.2, Mon Jun 22 08:25:36 2020 CEST <damian@fptrucha.inv.usc.es>
# name: hd
# type: matrix
# rows: 6
# columns: 2
 5963 -620
 6292 -372
 10717 -124
 5797 124
 5746 370
 0 620


