# Created by Octave 3.8.2, Sat Jun 20 03:02:06 2020 CEST <damian@fptrucha.inv.usc.es>
# name: hd
# type: matrix
# rows: 6
# columns: 2
 6957 -620
 7268 -372
 11931 -124
 6303 124
 5852 370
 0 620


