# Created by Octave 3.8.2, Mon Jun 22 14:12:10 2020 CEST <damian@fptrucha.inv.usc.es>
# name: hd
# type: matrix
# rows: 6
# columns: 2
 6248 -620
 6367 -372
 11357 -124
 6128 124
 5631 370
 0 620


