# Created by Octave 3.8.2, Sat Jun 20 03:23:46 2020 CEST <damian@fptrucha.inv.usc.es>
# name: hd
# type: matrix
# rows: 6
# columns: 2
 6974 -620
 7321 -372
 12083 -124
 6273 124
 5889 370
 0 620


