# Created by Octave 3.8.2, Sun Jun 21 00:23:30 2020 CEST <damian@fptrucha.inv.usc.es>
# name: hd
# type: matrix
# rows: 6
# columns: 2
 6772 -620
 6622 -372
 10753 -124
 5393 124
 5061 370
 0 620


