# Created by Octave 3.8.2, Sat Jun 20 15:44:35 2020 CEST <damian@fptrucha.inv.usc.es>
# name: hd
# type: matrix
# rows: 6
# columns: 2
 6857 -620
 6859 -372
 11398 -124
 5724 124
 5251 370
 0 620


