# Created by Octave 3.8.2, Sun Jun 21 02:06:23 2020 CEST <damian@fptrucha.inv.usc.es>
# name: hd
# type: matrix
# rows: 6
# columns: 2
 6544 -620
 6525 -372
 10922 -124
 5402 124
 5176 370
 0 620


