# Created by Octave 3.8.2, Sun Jun 21 08:16:31 2020 CEST <damian@fptrucha.inv.usc.es>
# name: hd
# type: matrix
# rows: 6
# columns: 2
 6592 -620
 6472 -372
 10673 -124
 5511 124
 4947 370
 0 620


