# Created by Octave 3.8.2, Mon Jun 22 08:42:51 2020 CEST <damian@fptrucha.inv.usc.es>
# name: hd
# type: matrix
# rows: 6
# columns: 2
 5997 -620
 6074 -372
 10853 -124
 6012 124
 5587 370
 0 620


