# Created by Octave 3.8.2, Sun Jun 21 04:39:56 2020 CEST <damian@fptrucha.inv.usc.es>
# name: hd
# type: matrix
# rows: 6
# columns: 2
 6625 -620
 6739 -372
 11121 -124
 5706 124
 5190 370
 0 620


