# Created by Octave 3.8.2, Sat Jun 20 18:49:51 2020 CEST <damian@fptrucha.inv.usc.es>
# name: hd
# type: matrix
# rows: 6
# columns: 2
 6907 -620
 6721 -372
 11193 -124
 5722 124
 5114 370
 0 620


