# Created by Octave 3.8.2, Mon Jun 22 09:56:30 2020 CEST <damian@fptrucha.inv.usc.es>
# name: hd
# type: matrix
# rows: 6
# columns: 2
 6274 -620
 6380 -372
 11003 -124
 5963 124
 5633 370
 0 620


