# Created by Octave 3.8.2, Mon Jun 22 10:24:34 2020 CEST <damian@fptrucha.inv.usc.es>
# name: hd
# type: matrix
# rows: 6
# columns: 2
 6169 -620
 6321 -372
 11110 -124
 6011 124
 5683 370
 0 620


