# Created by Octave 3.8.2, Mon Jun 22 17:34:27 2020 CEST <damian@fptrucha.inv.usc.es>
# name: hd
# type: matrix
# rows: 6
# columns: 2
 3251 -620
 3284 -372
 5714 -124
 2988 124
 2931 370
 0 620


