# Created by Octave 3.8.2, Sat Jun 20 02:44:50 2020 CEST <damian@fptrucha.inv.usc.es>
# name: hd
# type: matrix
# rows: 6
# columns: 2
 7064 -620
 7233 -372
 12157 -124
 6386 124
 5852 370
 0 620


