# Created by Octave 3.8.2, Sat Jun 20 03:18:14 2020 CEST <damian@fptrucha.inv.usc.es>
# name: hd
# type: matrix
# rows: 6
# columns: 2
 7093 -620
 7414 -372
 12621 -124
 6036 124
 6017 370
 0 620


