# Created by Octave 3.8.2, Sat Jun 20 15:05:32 2020 CEST <damian@fptrucha.inv.usc.es>
# name: hd
# type: matrix
# rows: 6
# columns: 2
 7057 -620
 7057 -372
 11556 -124
 5945 124
 5454 370
 0 620


