# Created by Octave 3.8.2, Mon Jun 22 01:28:06 2020 CEST <damian@fptrucha.inv.usc.es>
# name: hd
# type: matrix
# rows: 6
# columns: 2
 6823 -620
 6770 -372
 11161 -124
 5657 124
 5100 370
 0 620


