# Created by Octave 3.8.2, Tue Jun 23 00:27:34 2020 CEST <damian@fptrucha.inv.usc.es>
# name: hd
# type: matrix
# rows: 6
# columns: 2
 6954 -620
 6913 -372
 11894 -124
 6508 124
 6147 370
 0 620


