# Created by Octave 3.8.2, Mon Jun 22 20:14:42 2020 CEST <damian@fptrucha.inv.usc.es>
# name: hd
# type: matrix
# rows: 6
# columns: 2
 6536 -620
 6775 -372
 11754 -124
 6398 124
 5974 370
 0 620


