# Created by Octave 3.8.2, Sat Jun 20 09:06:11 2020 CEST <damian@fptrucha.inv.usc.es>
# name: hd
# type: matrix
# rows: 6
# columns: 2
 7839 -620
 7725 -372
 12769 -124
 6503 124
 5977 370
 0 620


