# Created by Octave 3.8.2, Mon Jun 22 02:45:09 2020 CEST <damian@fptrucha.inv.usc.es>
# name: hd
# type: matrix
# rows: 6
# columns: 2
 6053 -620
 5846 -372
 10437 -124
 5616 124
 5313 370
 0 620


