# Created by Octave 3.8.2, Mon Jun 22 01:13:25 2020 CEST <damian@fptrucha.inv.usc.es>
# name: hd
# type: matrix
# rows: 6
# columns: 2
 6872 -620
 6645 -372
 10859 -124
 5636 124
 5093 370
 0 620


