# Created by Octave 3.8.2, Tue Jun 23 00:46:09 2020 CEST <damian@fptrucha.inv.usc.es>
# name: hd
# type: matrix
# rows: 6
# columns: 2
 6912 -620
 6934 -372
 11940 -124
 6314 124
 6013 370
 0 620


