# Created by Octave 3.8.2, Sun Jun 21 01:11:04 2020 CEST <damian@fptrucha.inv.usc.es>
# name: hd
# type: matrix
# rows: 6
# columns: 2
 6604 -620
 6519 -372
 10889 -124
 5424 124
 4957 370
 0 620


