# Created by Octave 3.8.2, Sun Jun 21 02:24:44 2020 CEST <damian@fptrucha.inv.usc.es>
# name: hd
# type: matrix
# rows: 6
# columns: 2
 4386 -620
 4332 -372
 7325 -124
 3725 124
 3382 370
 0 620


