# Created by Octave 3.8.2, Mon Jun 22 21:00:03 2020 CEST <damian@fptrucha.inv.usc.es>
# name: hd
# type: matrix
# rows: 6
# columns: 2
 6815 -620
 6786 -372
 11713 -124
 6457 124
 6078 370
 0 620


