# Created by Octave 3.8.2, Sun Jun 21 01:30:14 2020 CEST <damian@fptrucha.inv.usc.es>
# name: hd
# type: matrix
# rows: 6
# columns: 2
 6547 -620
 6619 -372
 10650 -124
 5531 124
 5009 370
 0 620


