# Created by Octave 3.8.2, Mon Jun 22 05:43:01 2020 CEST <damian@fptrucha.inv.usc.es>
# name: hd
# type: matrix
# rows: 6
# columns: 2
 5620 -620
 5925 -372
 10328 -124
 5728 124
 5535 370
 0 620


