# Created by Octave 3.8.2, Sun Jun 21 02:58:15 2020 CEST <damian@fptrucha.inv.usc.es>
# name: hd
# type: matrix
# rows: 6
# columns: 2
 6467 -620
 6489 -372
 10824 -124
 5571 124
 5117 370
 0 620


