# Created by Octave 3.8.2, Sun Jun 21 00:48:40 2020 CEST <damian@fptrucha.inv.usc.es>
# name: hd
# type: matrix
# rows: 6
# columns: 2
 4397 -620
 4284 -372
 7179 -124
 3753 124
 3265 370
 0 620


