# Created by Octave 3.8.2, Mon Jun 22 18:17:17 2020 CEST <damian@fptrucha.inv.usc.es>
# name: hd
# type: matrix
# rows: 6
# columns: 2
 6438 -620
 6662 -372
 11630 -124
 6258 124
 5956 370
 0 620


