# Created by Octave 3.8.2, Sat Jun 20 13:15:55 2020 CEST <damian@fptrucha.inv.usc.es>
# name: hd
# type: matrix
# rows: 6
# columns: 2
 7474 -620
 7312 -372
 12065 -124
 6065 124
 5443 370
 0 620


