# Created by Octave 3.8.2, Sat Jun 20 23:15:49 2020 CEST <damian@fptrucha.inv.usc.es>
# name: hd
# type: matrix
# rows: 6
# columns: 2
 6635 -620
 6654 -372
 11049 -124
 5606 124
 5044 370
 0 620


