# Created by Octave 3.8.2, Sat Jun 20 16:35:21 2020 CEST <damian@fptrucha.inv.usc.es>
# name: hd
# type: matrix
# rows: 6
# columns: 2
 6889 -620
 6926 -372
 11453 -124
 5770 124
 5186 370
 0 620


