# Created by Octave 3.8.2, Mon Jun 22 22:10:55 2020 CEST <damian@fptrucha.inv.usc.es>
# name: hd
# type: matrix
# rows: 6
# columns: 2
 6887 -620
 6955 -372
 11865 -124
 6311 124
 6053 370
 0 620


