# Created by Octave 3.8.2, Sun Jun 21 06:58:40 2020 CEST <damian@fptrucha.inv.usc.es>
# name: hd
# type: matrix
# rows: 6
# columns: 2
 6395 -620
 6536 -372
 10678 -124
 5454 124
 4969 370
 0 620


