# Created by Octave 3.8.2, Mon Jun 22 10:01:35 2020 CEST <damian@fptrucha.inv.usc.es>
# name: hd
# type: matrix
# rows: 6
# columns: 2
 6341 -620
 6432 -372
 11135 -124
 5917 124
 5686 370
 0 620


