# Created by Octave 3.8.2, Mon Jun 22 18:25:14 2020 CEST <damian@fptrucha.inv.usc.es>
# name: hd
# type: matrix
# rows: 6
# columns: 2
 6407 -620
 6629 -372
 11434 -124
 6201 124
 6019 370
 0 620


