# Created by Octave 3.8.2, Sat Jun 20 02:48:24 2020 CEST <damian@fptrucha.inv.usc.es>
# name: hd
# type: matrix
# rows: 6
# columns: 2
 6966 -620
 7045 -372
 12105 -124
 6237 124
 5862 370
 0 620


