# Created by Octave 3.8.2, Sat Jun 20 12:26:11 2020 CEST <damian@fptrucha.inv.usc.es>
# name: hd
# type: matrix
# rows: 6
# columns: 2
 7301 -620
 7326 -372
 12319 -124
 6161 124
 5637 370
 0 620


