# Created by Octave 3.8.2, Sun Jun 21 06:39:37 2020 CEST <damian@fptrucha.inv.usc.es>
# name: hd
# type: matrix
# rows: 6
# columns: 2
 4573 -620
 4462 -372
 7485 -124
 3745 124
 3452 370
 0 620


