# Created by Octave 3.8.2, Sun Jun 21 01:23:05 2020 CEST <damian@fptrucha.inv.usc.es>
# name: hd
# type: matrix
# rows: 6
# columns: 2
 6647 -620
 6582 -372
 10917 -124
 5545 124
 5010 370
 0 620


