# Created by Octave 3.8.2, Mon Jun 22 11:55:17 2020 CEST <damian@fptrucha.inv.usc.es>
# name: hd
# type: matrix
# rows: 6
# columns: 2
 6291 -620
 6247 -372
 11005 -124
 5926 124
 5631 370
 0 620


