# Created by Octave 3.8.2, Sat Jun 20 15:23:46 2020 CEST <damian@fptrucha.inv.usc.es>
# name: hd
# type: matrix
# rows: 6
# columns: 2
 7029 -620
 6959 -372
 11497 -124
 5878 124
 5282 370
 0 620


