# Created by Octave 3.8.2, Sat Jun 20 02:09:40 2020 CEST <damian@fptrucha.inv.usc.es>
# name: hd
# type: matrix
# rows: 6
# columns: 2
 6786 -620
 7148 -372
 11863 -124
 6126 124
 5900 370
 0 620


