# Created by Octave 3.8.2, Mon Jun 22 23:46:01 2020 CEST <damian@fptrucha.inv.usc.es>
# name: hd
# type: matrix
# rows: 6
# columns: 2
 6829 -620
 6957 -372
 11912 -124
 6430 124
 6154 370
 0 620


