# Created by Octave 3.8.2, Mon Jun 22 21:57:07 2020 CEST <damian@fptrucha.inv.usc.es>
# name: hd
# type: matrix
# rows: 6
# columns: 2
 6809 -620
 6845 -372
 11866 -124
 6420 124
 6112 370
 0 620


