# Created by Octave 3.8.2, Mon Jun 22 11:43:12 2020 CEST <damian@fptrucha.inv.usc.es>
# name: hd
# type: matrix
# rows: 6
# columns: 2
 6220 -620
 6383 -372
 11164 -124
 6201 124
 5701 370
 0 620


