# Created by Octave 3.8.2, Mon Jun 22 10:10:13 2020 CEST <damian@fptrucha.inv.usc.es>
# name: hd
# type: matrix
# rows: 6
# columns: 2
 6157 -620
 6300 -372
 11043 -124
 5893 124
 5477 370
 0 620


