# Created by Octave 3.8.2, Sun Jun 21 04:18:58 2020 CEST <damian@fptrucha.inv.usc.es>
# name: hd
# type: matrix
# rows: 6
# columns: 2
 6509 -620
 6567 -372
 10928 -124
 5471 124
 5138 370
 0 620


