# Created by Octave 3.8.2, Sat Jun 20 17:40:47 2020 CEST <damian@fptrucha.inv.usc.es>
# name: hd
# type: matrix
# rows: 6
# columns: 2
 6724 -620
 6815 -372
 11337 -124
 5631 124
 5207 370
 0 620


