# Created by Octave 3.8.2, Mon Jun 22 09:14:00 2020 CEST <damian@fptrucha.inv.usc.es>
# name: hd
# type: matrix
# rows: 6
# columns: 2
 6105 -620
 6234 -372
 10812 -124
 5899 124
 5499 370
 0 620


