# Created by Octave 3.8.2, Mon Jun 22 11:21:30 2020 CEST <damian@fptrucha.inv.usc.es>
# name: hd
# type: matrix
# rows: 6
# columns: 2
 6114 -620
 6234 -372
 11080 -124
 6052 124
 5554 370
 0 620


