# Created by Octave 3.8.2, Sat Jun 20 07:43:27 2020 CEST <damian@fptrucha.inv.usc.es>
# name: hd
# type: matrix
# rows: 6
# columns: 2
 7496 -620
 7719 -372
 12906 -124
 6490 124
 6205 370
 0 620


