# Created by Octave 3.8.2, Mon Jun 22 06:38:32 2020 CEST <damian@fptrucha.inv.usc.es>
# name: hd
# type: matrix
# rows: 6
# columns: 2
 5878 -620
 6012 -372
 10717 -124
 5789 124
 5627 370
 0 620


