# Created by Octave 3.8.2, Sun Jun 21 03:27:50 2020 CEST <damian@fptrucha.inv.usc.es>
# name: hd
# type: matrix
# rows: 6
# columns: 2
 6625 -620
 6616 -372
 11153 -124
 5521 124
 5224 370
 0 620


