# Created by Octave 3.8.2, Mon Jun 22 18:58:41 2020 CEST <damian@fptrucha.inv.usc.es>
# name: hd
# type: matrix
# rows: 6
# columns: 2
 6486 -620
 6825 -372
 11762 -124
 6431 124
 5989 370
 0 620


