# Created by Octave 3.8.2, Sat Jun 20 08:17:45 2020 CEST <damian@fptrucha.inv.usc.es>
# name: hd
# type: matrix
# rows: 6
# columns: 2
 7583 -620
 7622 -372
 12792 -124
 6645 124
 6284 370
 0 620


