# Created by Octave 3.8.2, Mon Jun 22 13:24:38 2020 CEST <damian@fptrucha.inv.usc.es>
# name: hd
# type: matrix
# rows: 6
# columns: 2
 4229 -620
 4278 -372
 7511 -124
 3952 124
 3754 370
 0 620


