# Created by Octave 3.8.2, Sat Jun 20 11:04:10 2020 CEST <damian@fptrucha.inv.usc.es>
# name: hd
# type: matrix
# rows: 6
# columns: 2
 7597 -620
 7494 -372
 12354 -124
 6322 124
 5767 370
 0 620


