# Created by Octave 3.8.2, Tue Jun 23 00:23:07 2020 CEST <damian@fptrucha.inv.usc.es>
# name: hd
# type: matrix
# rows: 6
# columns: 2
 6618 -620
 7072 -372
 11937 -124
 6295 124
 6244 370
 0 620


