# Created by Octave 3.8.2, Sat Jun 20 12:14:43 2020 CEST <damian@fptrucha.inv.usc.es>
# name: hd
# type: matrix
# rows: 6
# columns: 2
 7329 -620
 7252 -372
 12150 -124
 5943 124
 5427 370
 0 620


