# Created by Octave 3.8.2, Sun Jun 21 01:28:04 2020 CEST <damian@fptrucha.inv.usc.es>
# name: hd
# type: matrix
# rows: 6
# columns: 2
 6640 -620
 6520 -372
 10895 -124
 5550 124
 5028 370
 0 620


