# Created by Octave 3.8.2, Sun Jun 21 01:56:57 2020 CEST <damian@fptrucha.inv.usc.es>
# name: hd
# type: matrix
# rows: 6
# columns: 2
 6497 -620
 6456 -372
 10684 -124
 5320 124
 5022 370
 0 620


