# Created by Octave 3.8.2, Sat Jun 20 23:13:10 2020 CEST <damian@fptrucha.inv.usc.es>
# name: hd
# type: matrix
# rows: 6
# columns: 2
 6749 -620
 6557 -372
 10843 -124
 5442 124
 5216 370
 0 620


