# Created by Octave 3.8.2, Mon Jun 22 15:15:02 2020 CEST <damian@fptrucha.inv.usc.es>
# name: hd
# type: matrix
# rows: 6
# columns: 2
 6576 -620
 6667 -372
 11515 -124
 6153 124
 5725 370
 0 620


