# Created by Octave 3.8.2, Sat Jun 20 08:34:08 2020 CEST <damian@fptrucha.inv.usc.es>
# name: hd
# type: matrix
# rows: 6
# columns: 2
 7816 -620
 7824 -372
 12829 -124
 6518 124
 6115 370
 0 620


