# Created by Octave 3.8.2, Mon Jun 22 04:23:23 2020 CEST <damian@fptrucha.inv.usc.es>
# name: hd
# type: matrix
# rows: 6
# columns: 2
 3774 -620
 3886 -372
 6622 -124
 3370 124
 3344 370
 0 620


