# Created by Octave 3.8.2, Mon Jun 22 18:55:44 2020 CEST <damian@fptrucha.inv.usc.es>
# name: hd
# type: matrix
# rows: 6
# columns: 2
 6541 -620
 6648 -372
 11609 -124
 6318 124
 6129 370
 0 620


