# Created by Octave 3.8.2, Mon Jun 22 11:02:53 2020 CEST <damian@fptrucha.inv.usc.es>
# name: hd
# type: matrix
# rows: 6
# columns: 2
 6181 -620
 6488 -372
 11345 -124
 6099 124
 5749 370
 0 620


