# Created by Octave 3.8.2, Mon Jun 22 02:48:04 2020 CEST <damian@fptrucha.inv.usc.es>
# name: hd
# type: matrix
# rows: 6
# columns: 2
 6062 -620
 6045 -372
 10397 -124
 5595 124
 5377 370
 0 620


