# Created by Octave 3.8.2, Sun Jun 21 04:21:52 2020 CEST <damian@fptrucha.inv.usc.es>
# name: hd
# type: matrix
# rows: 6
# columns: 2
 6763 -620
 6494 -372
 10898 -124
 5549 124
 5121 370
 0 620


