# Created by Octave 3.8.2, Mon Jun 22 10:51:40 2020 CEST <damian@fptrucha.inv.usc.es>
# name: hd
# type: matrix
# rows: 6
# columns: 2
 6196 -620
 6226 -372
 11144 -124
 5844 124
 5654 370
 0 620


