# Created by Octave 3.8.2, Sun Jun 21 05:37:09 2020 CEST <damian@fptrucha.inv.usc.es>
# name: hd
# type: matrix
# rows: 6
# columns: 2
 6604 -620
 6598 -372
 10965 -124
 5673 124
 5123 370
 0 620


