# Created by Octave 3.8.2, Mon Jun 22 16:53:04 2020 CEST <damian@fptrucha.inv.usc.es>
# name: hd
# type: matrix
# rows: 6
# columns: 2
 6616 -620
 6676 -372
 11528 -124
 6233 124
 5918 370
 0 620


