# Created by Octave 3.8.2, Mon Jun 22 06:48:08 2020 CEST <damian@fptrucha.inv.usc.es>
# name: hd
# type: matrix
# rows: 6
# columns: 2
 5822 -620
 5947 -372
 10541 -124
 5702 124
 5502 370
 0 620


