# Created by Octave 3.8.2, Mon Jun 22 06:31:38 2020 CEST <damian@fptrucha.inv.usc.es>
# name: hd
# type: matrix
# rows: 6
# columns: 2
 5711 -620
 6129 -372
 10476 -124
 5786 124
 5612 370
 0 620


