# Created by Octave 3.8.2, Sat Jun 20 22:24:25 2020 CEST <damian@fptrucha.inv.usc.es>
# name: hd
# type: matrix
# rows: 6
# columns: 2
 6751 -620
 6714 -372
 10970 -124
 5394 124
 4976 370
 0 620


