# Created by Octave 3.8.2, Mon Jun 22 23:31:38 2020 CEST <damian@fptrucha.inv.usc.es>
# name: hd
# type: matrix
# rows: 6
# columns: 2
 7053 -620
 6912 -372
 11867 -124
 6296 124
 5984 370
 0 620


