# Created by Octave 3.8.2, Sat Jun 20 18:02:28 2020 CEST <damian@fptrucha.inv.usc.es>
# name: hd
# type: matrix
# rows: 6
# columns: 2
 6922 -620
 6715 -372
 11173 -124
 5584 124
 5107 370
 0 620


