# Created by Octave 3.8.2, Sun Jun 21 01:51:34 2020 CEST <damian@fptrucha.inv.usc.es>
# name: hd
# type: matrix
# rows: 6
# columns: 2
 6483 -620
 6494 -372
 10839 -124
 5562 124
 5097 370
 0 620


