# Created by Octave 3.8.2, Mon Jun 22 03:29:31 2020 CEST <damian@fptrucha.inv.usc.es>
# name: hd
# type: matrix
# rows: 6
# columns: 2
 5845 -620
 5959 -372
 10385 -124
 5744 124
 5337 370
 0 620


