# Created by Octave 3.8.2, Tue Jun 23 00:36:35 2020 CEST <damian@fptrucha.inv.usc.es>
# name: hd
# type: matrix
# rows: 6
# columns: 2
 6887 -620
 6991 -372
 11929 -124
 6436 124
 6019 370
 0 620


