# Created by Octave 3.8.2, Sun Jun 21 00:15:59 2020 CEST <damian@fptrucha.inv.usc.es>
# name: hd
# type: matrix
# rows: 6
# columns: 2
 6781 -620
 6571 -372
 10762 -124
 5597 124
 4959 370
 0 620


