# Created by Octave 3.8.2, Mon Jun 22 11:41:06 2020 CEST <damian@fptrucha.inv.usc.es>
# name: hd
# type: matrix
# rows: 6
# columns: 2
 6164 -620
 6310 -372
 11168 -124
 6004 124
 5585 370
 0 620


