# Created by Octave 3.8.2, Sat Jun 20 21:09:33 2020 CEST <damian@fptrucha.inv.usc.es>
# name: hd
# type: matrix
# rows: 6
# columns: 2
 6672 -620
 6677 -372
 10892 -124
 5634 124
 5013 370
 0 620


