# Created by Octave 3.8.2, Mon Jun 22 11:27:55 2020 CEST <damian@fptrucha.inv.usc.es>
# name: hd
# type: matrix
# rows: 6
# columns: 2
 6103 -620
 6439 -372
 11119 -124
 5975 124
 5492 370
 0 620


