# Created by Octave 3.8.2, Sat Jun 20 22:57:50 2020 CEST <damian@fptrucha.inv.usc.es>
# name: hd
# type: matrix
# rows: 6
# columns: 2
 6674 -620
 6556 -372
 10851 -124
 5504 124
 4881 370
 0 620


