# Created by Octave 3.8.2, Sat Jun 20 15:19:40 2020 CEST <damian@fptrucha.inv.usc.es>
# name: hd
# type: matrix
# rows: 6
# columns: 2
 7023 -620
 6884 -372
 11436 -124
 5738 124
 5296 370
 0 620


