# Created by Octave 3.8.2, Mon Jun 22 09:46:28 2020 CEST <damian@fptrucha.inv.usc.es>
# name: hd
# type: matrix
# rows: 6
# columns: 2
 6173 -620
 6215 -372
 11123 -124
 5751 124
 5639 370
 0 620


