# Created by Octave 3.8.2, Mon Jun 22 02:24:30 2020 CEST <damian@fptrucha.inv.usc.es>
# name: hd
# type: matrix
# rows: 6
# columns: 2
 5983 -620
 5266 -372
 8796 -124
 4433 124
 4252 370
 0 620


