# Created by Octave 3.8.2, Sat Jun 20 18:16:55 2020 CEST <damian@fptrucha.inv.usc.es>
# name: hd
# type: matrix
# rows: 6
# columns: 2
 6640 -620
 6742 -372
 11051 -124
 5610 124
 5201 370
 0 620


