# Created by Octave 3.8.2, Sat Jun 20 21:51:06 2020 CEST <damian@fptrucha.inv.usc.es>
# name: hd
# type: matrix
# rows: 6
# columns: 2
 6718 -620
 6603 -372
 11075 -124
 5506 124
 5029 370
 0 620


