# Created by Octave 3.8.2, Sat Jun 20 02:13:47 2020 CEST <damian@fptrucha.inv.usc.es>
# name: hd
# type: matrix
# rows: 6
# columns: 2
 6912 -620
 7165 -372
 12211 -124
 6298 124
 5933 370
 0 620


