# Created by Octave 3.8.2, Mon Jun 22 01:03:04 2020 CEST <damian@fptrucha.inv.usc.es>
# name: hd
# type: matrix
# rows: 6
# columns: 2
 7008 -620
 7021 -372
 11461 -124
 5741 124
 5150 370
 0 620


