# Created by Octave 3.8.2, Sat Jun 20 19:48:34 2020 CEST <damian@fptrucha.inv.usc.es>
# name: hd
# type: matrix
# rows: 6
# columns: 2
 6678 -620
 6764 -372
 11062 -124
 5652 124
 5170 370
 0 620


