# Created by Octave 3.8.2, Sat Jun 20 07:11:59 2020 CEST <damian@fptrucha.inv.usc.es>
# name: hd
# type: matrix
# rows: 6
# columns: 2
 7335 -620
 7609 -372
 12704 -124
 6500 124
 6121 370
 0 620


