# Created by Octave 3.8.2, Sun Jun 21 02:00:10 2020 CEST <damian@fptrucha.inv.usc.es>
# name: hd
# type: matrix
# rows: 6
# columns: 2
 6498 -620
 6425 -372
 10893 -124
 5475 124
 5048 370
 0 620


