# Created by Octave 3.8.2, Mon Jun 22 03:42:38 2020 CEST <damian@fptrucha.inv.usc.es>
# name: hd
# type: matrix
# rows: 6
# columns: 2
 5962 -620
 6008 -372
 10359 -124
 5722 124
 5444 370
 0 620


