# Created by Octave 3.8.2, Tue Jun 23 00:46:43 2020 CEST <damian@fptrucha.inv.usc.es>
# name: hd
# type: matrix
# rows: 6
# columns: 2
 3269 -620
 3484 -372
 5723 -124
 3099 124
 2924 370
 0 620


