# Created by Octave 3.8.2, Sun Jun 21 04:12:16 2020 CEST <damian@fptrucha.inv.usc.es>
# name: hd
# type: matrix
# rows: 6
# columns: 2
 6620 -620
 6487 -372
 10977 -124
 5538 124
 5207 370
 0 620


