# Created by Octave 3.8.2, Sat Jun 20 11:05:37 2020 CEST <damian@fptrucha.inv.usc.es>
# name: hd
# type: matrix
# rows: 6
# columns: 2
 7687 -620
 7489 -372
 12444 -124
 6306 124
 5852 370
 0 620


