# Created by Octave 3.8.2, Mon Jun 22 10:53:47 2020 CEST <damian@fptrucha.inv.usc.es>
# name: hd
# type: matrix
# rows: 6
# columns: 2
 6247 -620
 6322 -372
 11020 -124
 6121 124
 5599 370
 0 620


