# Created by Octave 3.8.2, Sat Jun 20 22:41:04 2020 CEST <damian@fptrucha.inv.usc.es>
# name: hd
# type: matrix
# rows: 6
# columns: 2
 6792 -620
 6695 -372
 11052 -124
 5565 124
 5057 370
 0 620


