# Created by Octave 3.8.2, Mon Jun 22 06:58:38 2020 CEST <damian@fptrucha.inv.usc.es>
# name: hd
# type: matrix
# rows: 6
# columns: 2
 5726 -620
 5914 -372
 10818 -124
 5651 124
 5471 370
 0 620


