# Created by Octave 3.8.2, Mon Jun 22 20:54:34 2020 CEST <damian@fptrucha.inv.usc.es>
# name: hd
# type: matrix
# rows: 6
# columns: 2
 6583 -620
 6883 -372
 11839 -124
 6391 124
 5999 370
 0 620


