# Created by Octave 3.8.2, Mon Jun 22 21:17:50 2020 CEST <damian@fptrucha.inv.usc.es>
# name: hd
# type: matrix
# rows: 6
# columns: 2
 6799 -620
 6905 -372
 11745 -124
 6302 124
 6002 370
 0 620


