# Created by Octave 3.8.2, Sat Jun 20 22:21:54 2020 CEST <damian@fptrucha.inv.usc.es>
# name: hd
# type: matrix
# rows: 6
# columns: 2
 6785 -620
 6807 -372
 11097 -124
 5602 124
 5014 370
 0 620


