# Created by Octave 3.8.2, Sat Jun 20 18:55:08 2020 CEST <damian@fptrucha.inv.usc.es>
# name: hd
# type: matrix
# rows: 6
# columns: 2
 6771 -620
 6745 -372
 11070 -124
 5686 124
 5095 370
 0 620


