# Created by Octave 3.8.2, Sat Jun 20 02:08:16 2020 CEST <damian@fptrucha.inv.usc.es>
# name: hd
# type: matrix
# rows: 6
# columns: 2
 6823 -620
 7263 -372
 12062 -124
 6213 124
 5903 370
 0 620


