# Created by Octave 3.8.2, Mon Jun 22 04:39:49 2020 CEST <damian@fptrucha.inv.usc.es>
# name: hd
# type: matrix
# rows: 6
# columns: 2
 3868 -620
 3881 -372
 6662 -124
 3575 124
 3453 370
 0 620


