# Created by Octave 3.8.2, Sat Jun 20 05:55:14 2020 CEST <damian@fptrucha.inv.usc.es>
# name: hd
# type: matrix
# rows: 6
# columns: 2
 7378 -620
 7542 -372
 12661 -124
 6448 124
 6199 370
 0 620


