# Created by Octave 3.8.2, Sat Jun 20 14:52:34 2020 CEST <damian@fptrucha.inv.usc.es>
# name: hd
# type: matrix
# rows: 6
# columns: 2
 7289 -620
 7038 -372
 11414 -124
 5889 124
 5228 370
 0 620


