# Created by Octave 3.8.2, Sun Jun 21 03:17:19 2020 CEST <damian@fptrucha.inv.usc.es>
# name: hd
# type: matrix
# rows: 6
# columns: 2
 6628 -620
 6538 -372
 10947 -124
 5459 124
 5134 370
 0 620


