# Created by Octave 3.8.2, Mon Jun 22 21:16:41 2020 CEST <damian@fptrucha.inv.usc.es>
# name: hd
# type: matrix
# rows: 6
# columns: 2
 6526 -620
 6961 -372
 11966 -124
 6372 124
 5924 370
 0 620


