# Created by Octave 3.8.2, Sun Jun 21 05:12:59 2020 CEST <damian@fptrucha.inv.usc.es>
# name: hd
# type: matrix
# rows: 6
# columns: 2
 6734 -620
 6614 -372
 10870 -124
 5469 124
 5235 370
 0 620


