# Created by Octave 3.8.2, Mon Jun 22 17:33:55 2020 CEST <damian@fptrucha.inv.usc.es>
# name: hd
# type: matrix
# rows: 6
# columns: 2
 6536 -620
 6731 -372
 11413 -124
 6205 124
 5937 370
 0 620


