# Created by Octave 3.8.2, Sat Jun 20 20:15:10 2020 CEST <damian@fptrucha.inv.usc.es>
# name: hd
# type: matrix
# rows: 6
# columns: 2
 6785 -620
 6753 -372
 11129 -124
 5619 124
 5257 370
 0 620


