# Created by Octave 3.8.2, Mon Jun 22 03:04:56 2020 CEST <damian@fptrucha.inv.usc.es>
# name: hd
# type: matrix
# rows: 6
# columns: 2
 5897 -620
 6075 -372
 10203 -124
 5673 124
 5390 370
 0 620


