# Created by Octave 3.8.2, Mon Jun 22 15:20:15 2020 CEST <damian@fptrucha.inv.usc.es>
# name: hd
# type: matrix
# rows: 6
# columns: 2
 6770 -620
 6690 -372
 11719 -124
 6195 124
 5692 370
 0 620


