# Created by Octave 3.8.2, Mon Jun 22 22:48:16 2020 CEST <damian@fptrucha.inv.usc.es>
# name: hd
# type: matrix
# rows: 6
# columns: 2
 6846 -620
 6975 -372
 11881 -124
 6298 124
 6013 370
 0 620


