# Created by Octave 3.8.2, Mon Jun 22 08:08:34 2020 CEST <damian@fptrucha.inv.usc.es>
# name: hd
# type: matrix
# rows: 6
# columns: 2
 5916 -620
 6131 -372
 10743 -124
 5980 124
 5503 370
 0 620


