# Created by Octave 3.8.2, Mon Jun 22 01:32:47 2020 CEST <damian@fptrucha.inv.usc.es>
# name: hd
# type: matrix
# rows: 6
# columns: 2
 6660 -620
 6663 -372
 11130 -124
 5596 124
 5136 370
 0 620


