# Created by Octave 3.8.2, Sat Jun 20 02:51:07 2020 CEST <damian@fptrucha.inv.usc.es>
# name: hd
# type: matrix
# rows: 6
# columns: 2
 6990 -620
 7117 -372
 12115 -124
 6319 124
 6176 370
 0 620


