# Created by Octave 3.8.2, Sat Jun 20 02:28:17 2020 CEST <damian@fptrucha.inv.usc.es>
# name: hd
# type: matrix
# rows: 6
# columns: 2
 6977 -620
 7079 -372
 12223 -124
 6242 124
 6010 370
 0 620


