# Created by Octave 3.8.2, Mon Jun 22 07:16:17 2020 CEST <damian@fptrucha.inv.usc.es>
# name: hd
# type: matrix
# rows: 6
# columns: 2
 5843 -620
 6122 -372
 10814 -124
 5942 124
 5566 370
 0 620


