# Created by Octave 3.8.2, Sat Jun 20 02:39:16 2020 CEST <damian@fptrucha.inv.usc.es>
# name: hd
# type: matrix
# rows: 6
# columns: 2
 6998 -620
 7211 -372
 12078 -124
 6320 124
 5834 370
 0 620


