# Created by Octave 3.8.2, Sun Jun 21 00:08:47 2020 CEST <damian@fptrucha.inv.usc.es>
# name: hd
# type: matrix
# rows: 6
# columns: 2
 6635 -620
 6481 -372
 11024 -124
 5553 124
 4903 370
 0 620


