# Created by Octave 3.8.2, Mon Jun 22 20:31:49 2020 CEST <damian@fptrucha.inv.usc.es>
# name: hd
# type: matrix
# rows: 6
# columns: 2
 6738 -620
 6847 -372
 12007 -124
 6263 124
 6149 370
 0 620


