# Created by Octave 3.8.2, Sun Jun 21 05:23:48 2020 CEST <damian@fptrucha.inv.usc.es>
# name: hd
# type: matrix
# rows: 6
# columns: 2
 6733 -620
 6687 -372
 10758 -124
 5474 124
 5101 370
 0 620


