# Created by Octave 3.8.2, Mon Jun 22 09:16:06 2020 CEST <damian@fptrucha.inv.usc.es>
# name: hd
# type: matrix
# rows: 6
# columns: 2
 5858 -620
 6226 -372
 11042 -124
 5834 124
 5611 370
 0 620


