# Created by Octave 3.8.2, Mon Jun 22 21:19:02 2020 CEST <damian@fptrucha.inv.usc.es>
# name: hd
# type: matrix
# rows: 6
# columns: 2
 6895 -620
 6981 -372
 11802 -124
 6361 124
 5954 370
 0 620


