# Created by Octave 3.8.2, Mon Jun 22 09:44:21 2020 CEST <damian@fptrucha.inv.usc.es>
# name: hd
# type: matrix
# rows: 6
# columns: 2
 6097 -620
 6241 -372
 11072 -124
 5986 124
 5652 370
 0 620


