# Created by Octave 3.8.2, Sat Jun 20 08:10:58 2020 CEST <damian@fptrucha.inv.usc.es>
# name: hd
# type: matrix
# rows: 6
# columns: 2
 7471 -620
 7748 -372
 12618 -124
 6554 124
 6336 370
 0 620


