# Created by Octave 3.8.2, Mon Jun 22 14:53:27 2020 CEST <damian@fptrucha.inv.usc.es>
# name: hd
# type: matrix
# rows: 6
# columns: 2
 6540 -620
 6721 -372
 11503 -124
 6066 124
 5639 370
 0 620


