# Created by Octave 3.8.2, Mon Jun 22 16:59:24 2020 CEST <damian@fptrucha.inv.usc.es>
# name: hd
# type: matrix
# rows: 6
# columns: 2
 6585 -620
 6729 -372
 11588 -124
 6217 124
 5874 370
 0 620


