# Created by Octave 3.8.2, Mon Jun 22 18:52:19 2020 CEST <damian@fptrucha.inv.usc.es>
# name: hd
# type: matrix
# rows: 6
# columns: 2
 6427 -620
 6663 -372
 11632 -124
 6171 124
 6024 370
 0 620


