# Created by Octave 3.8.2, Sat Jun 20 06:43:32 2020 CEST <damian@fptrucha.inv.usc.es>
# name: hd
# type: matrix
# rows: 6
# columns: 2
 7164 -620
 7528 -372
 12505 -124
 6486 124
 6248 370
 0 620


