# Created by Octave 3.8.2, Mon Jun 22 17:44:18 2020 CEST <damian@fptrucha.inv.usc.es>
# name: hd
# type: matrix
# rows: 6
# columns: 2
 6539 -620
 6618 -372
 11820 -124
 6329 124
 6101 370
 0 620


