# Created by Octave 3.8.2, Mon Jun 22 20:35:16 2020 CEST <damian@fptrucha.inv.usc.es>
# name: hd
# type: matrix
# rows: 6
# columns: 2
 6607 -620
 6875 -372
 11816 -124
 6348 124
 6033 370
 0 620


