# Created by Octave 3.8.2, Mon Jun 22 02:44:13 2020 CEST <damian@fptrucha.inv.usc.es>
# name: hd
# type: matrix
# rows: 6
# columns: 2
 5890 -620
 5873 -372
 10425 -124
 5659 124
 5391 370
 0 620


