# Created by Octave 3.8.2, Mon Jun 22 23:04:44 2020 CEST <damian@fptrucha.inv.usc.es>
# name: hd
# type: matrix
# rows: 6
# columns: 2
 4605 -620
 4671 -372
 7921 -124
 4222 124
 4105 370
 0 620


