# Created by Octave 3.8.2, Mon Jun 22 10:52:42 2020 CEST <damian@fptrucha.inv.usc.es>
# name: hd
# type: matrix
# rows: 6
# columns: 2
 6241 -620
 6390 -372
 11315 -124
 5950 124
 5604 370
 0 620


