# Created by Octave 3.8.2, Sun Jun 21 03:37:49 2020 CEST <damian@fptrucha.inv.usc.es>
# name: hd
# type: matrix
# rows: 6
# columns: 2
 6488 -620
 6629 -372
 10994 -124
 5590 124
 5321 370
 0 620


