# Created by Octave 3.8.2, Mon Jun 22 18:59:47 2020 CEST <damian@fptrucha.inv.usc.es>
# name: hd
# type: matrix
# rows: 6
# columns: 2
 6468 -620
 6771 -372
 11680 -124
 6152 124
 6062 370
 0 620


