# Created by Octave 3.8.2, Sun Jun 21 02:59:19 2020 CEST <damian@fptrucha.inv.usc.es>
# name: hd
# type: matrix
# rows: 6
# columns: 2
 6494 -620
 6461 -372
 10728 -124
 5504 124
 5037 370
 0 620


