# Created by Octave 3.8.2, Mon Jun 22 10:02:41 2020 CEST <damian@fptrucha.inv.usc.es>
# name: hd
# type: matrix
# rows: 6
# columns: 2
 6182 -620
 6309 -372
 11332 -124
 5982 124
 5730 370
 0 620


