# Created by Octave 3.8.2, Mon Jun 22 08:39:41 2020 CEST <damian@fptrucha.inv.usc.es>
# name: hd
# type: matrix
# rows: 6
# columns: 2
 6214 -620
 6158 -372
 10844 -124
 5962 124
 5530 370
 0 620


