# Created by Octave 3.8.2, Mon Jun 22 14:55:36 2020 CEST <damian@fptrucha.inv.usc.es>
# name: hd
# type: matrix
# rows: 6
# columns: 2
 6597 -620
 6495 -372
 11402 -124
 6101 124
 5839 370
 0 620


