# Created by Octave 3.8.2, Sun Jun 21 08:04:57 2020 CEST <damian@fptrucha.inv.usc.es>
# name: hd
# type: matrix
# rows: 6
# columns: 2
 6854 -620
 6881 -372
 11324 -124
 5888 124
 5275 370
 0 620


