# Created by Octave 3.8.2, Mon Jun 22 07:20:19 2020 CEST <damian@fptrucha.inv.usc.es>
# name: hd
# type: matrix
# rows: 6
# columns: 2
 5981 -620
 6002 -372
 10611 -124
 5743 124
 5480 370
 0 620


