# Created by Octave 3.8.2, Mon Jun 22 20:24:45 2020 CEST <damian@fptrucha.inv.usc.es>
# name: hd
# type: matrix
# rows: 6
# columns: 2
 6652 -620
 6844 -372
 11693 -124
 6119 124
 5997 370
 0 620


