# Created by Octave 3.8.2, Sun Jun 21 06:25:10 2020 CEST <damian@fptrucha.inv.usc.es>
# name: hd
# type: matrix
# rows: 6
# columns: 2
 6675 -620
 6514 -372
 10856 -124
 5244 124
 4939 370
 0 620


