# Created by Octave 3.8.2, Sat Jun 20 07:41:59 2020 CEST <damian@fptrucha.inv.usc.es>
# name: hd
# type: matrix
# rows: 6
# columns: 2
 7510 -620
 7602 -372
 12528 -124
 6508 124
 6143 370
 0 620


