# Created by Octave 3.8.2, Mon Jun 22 22:19:14 2020 CEST <damian@fptrucha.inv.usc.es>
# name: hd
# type: matrix
# rows: 6
# columns: 2
 6855 -620
 6881 -372
 11995 -124
 6198 124
 6117 370
 0 620


