# Created by Octave 3.8.2, Sat Jun 20 03:07:36 2020 CEST <damian@fptrucha.inv.usc.es>
# name: hd
# type: matrix
# rows: 6
# columns: 2
 7026 -620
 7235 -372
 12168 -124
 6309 124
 6013 370
 0 620


