# Created by Octave 3.8.2, Sat Jun 20 07:04:43 2020 CEST <damian@fptrucha.inv.usc.es>
# name: hd
# type: matrix
# rows: 6
# columns: 2
 7350 -620
 7497 -372
 12894 -124
 6705 124
 6227 370
 0 620


