# Created by Octave 3.8.2, Sat Jun 20 04:51:42 2020 CEST <damian@fptrucha.inv.usc.es>
# name: hd
# type: matrix
# rows: 6
# columns: 2
 7278 -620
 7395 -372
 12171 -124
 6426 124
 5860 370
 0 620


