# Created by Octave 3.8.2, Mon Jun 22 17:31:37 2020 CEST <damian@fptrucha.inv.usc.es>
# name: hd
# type: matrix
# rows: 6
# columns: 2
 6493 -620
 6782 -372
 11536 -124
 6163 124
 5923 370
 0 620


