# Created by Octave 3.8.2, Mon Jun 22 07:14:40 2020 CEST <damian@fptrucha.inv.usc.es>
# name: hd
# type: matrix
# rows: 6
# columns: 2
 5910 -620
 5965 -372
 10588 -124
 5856 124
 5450 370
 0 620


