# Created by Octave 3.8.2, Mon Jun 22 04:27:11 2020 CEST <damian@fptrucha.inv.usc.es>
# name: hd
# type: matrix
# rows: 6
# columns: 2
 5731 -620
 5695 -372
 9878 -124
 5470 124
 5077 370
 0 620


