# Created by Octave 3.8.2, Mon Jun 22 15:41:56 2020 CEST <damian@fptrucha.inv.usc.es>
# name: hd
# type: matrix
# rows: 6
# columns: 2
 6700 -620
 6747 -372
 11697 -124
 6047 124
 5758 370
 0 620


