# Created by Octave 3.8.2, Sat Jun 20 09:37:26 2020 CEST <damian@fptrucha.inv.usc.es>
# name: hd
# type: matrix
# rows: 6
# columns: 2
 7896 -620
 7583 -372
 12674 -124
 6460 124
 5781 370
 0 620


