# Created by Octave 3.8.2, Sun Jun 21 07:19:50 2020 CEST <damian@fptrucha.inv.usc.es>
# name: hd
# type: matrix
# rows: 6
# columns: 2
 4330 -620
 4246 -372
 7265 -124
 3574 124
 3287 370
 0 620


