# Created by Octave 3.8.2, Mon Jun 22 21:58:20 2020 CEST <damian@fptrucha.inv.usc.es>
# name: hd
# type: matrix
# rows: 6
# columns: 2
 6648 -620
 6965 -372
 11978 -124
 6385 124
 6156 370
 0 620


