# Created by Octave 3.8.2, Sat Jun 20 20:22:31 2020 CEST <damian@fptrucha.inv.usc.es>
# name: hd
# type: matrix
# rows: 6
# columns: 2
 6768 -620
 6764 -372
 11142 -124
 5682 124
 5179 370
 0 620


