# Created by Octave 3.8.2, Mon Jun 22 20:36:25 2020 CEST <damian@fptrucha.inv.usc.es>
# name: hd
# type: matrix
# rows: 6
# columns: 2
 6679 -620
 6870 -372
 11878 -124
 6383 124
 5880 370
 0 620


