# Created by Octave 3.8.2, Sun Jun 21 00:04:31 2020 CEST <damian@fptrucha.inv.usc.es>
# name: hd
# type: matrix
# rows: 6
# columns: 2
 6624 -620
 6605 -372
 10604 -124
 5537 124
 4951 370
 0 620


