# Created by Octave 3.8.2, Tue Jun 23 00:09:57 2020 CEST <damian@fptrucha.inv.usc.es>
# name: hd
# type: matrix
# rows: 6
# columns: 2
 6502 -620
 6678 -372
 11710 -124
 6118 124
 6044 370
 0 620


