# Created by Octave 3.8.2, Mon Jun 22 19:33:52 2020 CEST <damian@fptrucha.inv.usc.es>
# name: hd
# type: matrix
# rows: 6
# columns: 2
 6434 -620
 6672 -372
 11573 -124
 6297 124
 6003 370
 0 620


