# Created by Octave 3.8.2, Mon Jun 22 12:18:59 2020 CEST <damian@fptrucha.inv.usc.es>
# name: hd
# type: matrix
# rows: 6
# columns: 2
 6286 -620
 6539 -372
 11068 -124
 6088 124
 5569 370
 0 620


