# Created by Octave 3.8.2, Tue Jun 23 00:08:49 2020 CEST <damian@fptrucha.inv.usc.es>
# name: hd
# type: matrix
# rows: 6
# columns: 2
 6683 -620
 7005 -372
 11839 -124
 6309 124
 6292 370
 0 620


