# Created by Octave 3.8.2, Mon Jun 22 18:08:43 2020 CEST <damian@fptrucha.inv.usc.es>
# name: hd
# type: matrix
# rows: 6
# columns: 2
 6556 -620
 6608 -372
 11603 -124
 6206 124
 5904 370
 0 620


