# Created by Octave 3.8.2, Sat Jun 20 08:51:16 2020 CEST <damian@fptrucha.inv.usc.es>
# name: hd
# type: matrix
# rows: 6
# columns: 2
 7857 -620
 7671 -372
 12522 -124
 6620 124
 5934 370
 0 620


