# Created by Octave 3.8.2, Mon Jun 22 00:21:57 2020 CEST <damian@fptrucha.inv.usc.es>
# name: hd
# type: matrix
# rows: 6
# columns: 2
 6437 -620
 6738 -372
 10949 -124
 5574 124
 5115 370
 0 620


