# Created by Octave 3.8.2, Mon Jun 22 09:30:15 2020 CEST <damian@fptrucha.inv.usc.es>
# name: hd
# type: matrix
# rows: 6
# columns: 2
 6034 -620
 6173 -372
 10790 -124
 5880 124
 5593 370
 0 620


