# Created by Octave 3.8.2, Mon Jun 22 04:59:10 2020 CEST <damian@fptrucha.inv.usc.es>
# name: hd
# type: matrix
# rows: 6
# columns: 2
 5917 -620
 5867 -372
 9939 -124
 5324 124
 5257 370
 0 620


