# Created by Octave 3.8.2, Sun Jun 21 05:50:09 2020 CEST <damian@fptrucha.inv.usc.es>
# name: hd
# type: matrix
# rows: 6
# columns: 2
 6441 -620
 6507 -372
 11105 -124
 5605 124
 5163 370
 0 620


