# Created by Octave 3.8.2, Sat Jun 20 09:43:20 2020 CEST <damian@fptrucha.inv.usc.es>
# name: hd
# type: matrix
# rows: 6
# columns: 2
 7781 -620
 7593 -372
 12620 -124
 6493 124
 5760 370
 0 620


