# Created by Octave 3.8.2, Sat Jun 20 23:43:12 2020 CEST <damian@fptrucha.inv.usc.es>
# name: hd
# type: matrix
# rows: 6
# columns: 2
 6766 -620
 6579 -372
 10621 -124
 5517 124
 4996 370
 0 620


