# Created by Octave 3.8.2, Sun Jun 21 01:02:47 2020 CEST <damian@fptrucha.inv.usc.es>
# name: hd
# type: matrix
# rows: 6
# columns: 2
 6668 -620
 6652 -372
 10829 -124
 5412 124
 4962 370
 0 620


