# Created by Octave 3.8.2, Mon Jun 22 06:14:53 2020 CEST <damian@fptrucha.inv.usc.es>
# name: hd
# type: matrix
# rows: 6
# columns: 2
 5798 -620
 5910 -372
 10612 -124
 5732 124
 5468 370
 0 620


