# Created by Octave 3.8.2, Sun Jun 21 04:30:55 2020 CEST <damian@fptrucha.inv.usc.es>
# name: hd
# type: matrix
# rows: 6
# columns: 2
 6592 -620
 6730 -372
 10946 -124
 5665 124
 5242 370
 0 620


