# Created by Octave 3.8.2, Sat Jun 20 12:33:53 2020 CEST <damian@fptrucha.inv.usc.es>
# name: hd
# type: matrix
# rows: 6
# columns: 2
 7631 -620
 7455 -372
 12121 -124
 5942 124
 5419 370
 0 620


