# Created by Octave 3.8.2, Mon Jun 22 07:47:23 2020 CEST <damian@fptrucha.inv.usc.es>
# name: hd
# type: matrix
# rows: 6
# columns: 2
 5944 -620
 6088 -372
 10760 -124
 5858 124
 5347 370
 0 620


