# Created by Octave 3.8.2, Mon Jun 22 12:23:13 2020 CEST <damian@fptrucha.inv.usc.es>
# name: hd
# type: matrix
# rows: 6
# columns: 2
 6429 -620
 6521 -372
 11368 -124
 5927 124
 5581 370
 0 620


