# Created by Octave 3.8.2, Sat Jun 20 10:27:20 2020 CEST <damian@fptrucha.inv.usc.es>
# name: hd
# type: matrix
# rows: 6
# columns: 2
 7821 -620
 7397 -372
 12491 -124
 6322 124
 5746 370
 0 620


