# Created by Octave 3.8.2, Mon Jun 22 09:20:15 2020 CEST <damian@fptrucha.inv.usc.es>
# name: hd
# type: matrix
# rows: 6
# columns: 2
 6033 -620
 6205 -372
 10871 -124
 5945 124
 5579 370
 0 620


