# Created by Octave 3.8.2, Sun Jun 21 02:50:39 2020 CEST <damian@fptrucha.inv.usc.es>
# name: hd
# type: matrix
# rows: 6
# columns: 2
 6564 -620
 6539 -372
 10832 -124
 5442 124
 5156 370
 0 620


