# Created by Octave 3.8.2, Mon Jun 22 05:18:00 2020 CEST <damian@fptrucha.inv.usc.es>
# name: hd
# type: matrix
# rows: 6
# columns: 2
 5992 -620
 5958 -372
 10345 -124
 5473 124
 5318 370
 0 620


