# Created by Octave 3.8.2, Sun Jun 21 02:16:17 2020 CEST <damian@fptrucha.inv.usc.es>
# name: hd
# type: matrix
# rows: 6
# columns: 2
 6517 -620
 6658 -372
 11005 -124
 5532 124
 5130 370
 0 620


