# Created by Octave 3.8.2, Mon Jun 22 14:24:36 2020 CEST <damian@fptrucha.inv.usc.es>
# name: hd
# type: matrix
# rows: 6
# columns: 2
 6292 -620
 6437 -372
 11472 -124
 6102 124
 5625 370
 0 620


