# Created by Octave 3.8.2, Sun Jun 21 05:36:02 2020 CEST <damian@fptrucha.inv.usc.es>
# name: hd
# type: matrix
# rows: 6
# columns: 2
 6569 -620
 6648 -372
 10802 -124
 5776 124
 5091 370
 0 620


