# Created by Octave 3.8.2, Sat Jun 20 14:04:37 2020 CEST <damian@fptrucha.inv.usc.es>
# name: hd
# type: matrix
# rows: 6
# columns: 2
 7269 -620
 7158 -372
 11836 -124
 5989 124
 5454 370
 0 620


