# Created by Octave 3.8.2, Mon Jun 22 19:21:13 2020 CEST <damian@fptrucha.inv.usc.es>
# name: hd
# type: matrix
# rows: 6
# columns: 2
 6392 -620
 6674 -372
 11878 -124
 6046 124
 5956 370
 0 620


