# Created by Octave 3.8.2, Sat Jun 20 18:35:58 2020 CEST <damian@fptrucha.inv.usc.es>
# name: hd
# type: matrix
# rows: 6
# columns: 2
 6699 -620
 6838 -372
 11195 -124
 5540 124
 4969 370
 0 620


