# Created by Octave 3.8.2, Sat Jun 20 03:35:40 2020 CEST <damian@fptrucha.inv.usc.es>
# name: hd
# type: matrix
# rows: 6
# columns: 2
 4703 -620
 4821 -372
 8122 -124
 4086 124
 3897 370
 0 620


