# Created by Octave 3.8.2, Mon Jun 22 03:28:37 2020 CEST <damian@fptrucha.inv.usc.es>
# name: hd
# type: matrix
# rows: 6
# columns: 2
 5938 -620
 5943 -372
 10278 -124
 5716 124
 5532 370
 0 620


