# Created by Octave 3.8.2, Mon Jun 22 03:32:24 2020 CEST <damian@fptrucha.inv.usc.es>
# name: hd
# type: matrix
# rows: 6
# columns: 2
 5807 -620
 5993 -372
 10390 -124
 5725 124
 5337 370
 0 620


