# Created by Octave 3.8.2, Mon Jun 22 06:37:32 2020 CEST <damian@fptrucha.inv.usc.es>
# name: hd
# type: matrix
# rows: 6
# columns: 2
 5753 -620
 6104 -372
 10734 -124
 5759 124
 5565 370
 0 620


