# Created by Octave 3.8.2, Sun Jun 21 08:14:20 2020 CEST <damian@fptrucha.inv.usc.es>
# name: hd
# type: matrix
# rows: 6
# columns: 2
 6703 -620
 6827 -372
 10946 -124
 5593 124
 5119 370
 0 620


