# Created by Octave 3.8.2, Mon Jun 22 14:13:14 2020 CEST <damian@fptrucha.inv.usc.es>
# name: hd
# type: matrix
# rows: 6
# columns: 2
 6318 -620
 6328 -372
 11303 -124
 6087 124
 5715 370
 0 620


