# Created by Octave 3.8.2, Sat Jun 20 07:10:30 2020 CEST <damian@fptrucha.inv.usc.es>
# name: hd
# type: matrix
# rows: 6
# columns: 2
 7360 -620
 7683 -372
 12640 -124
 6526 124
 6048 370
 0 620


