# Created by Octave 3.8.2, Mon Jun 22 23:39:59 2020 CEST <damian@fptrucha.inv.usc.es>
# name: hd
# type: matrix
# rows: 6
# columns: 2
 6794 -620
 6912 -372
 12056 -124
 6682 124
 6079 370
 0 620


