# Created by Octave 3.8.2, Sat Jun 20 13:46:43 2020 CEST <damian@fptrucha.inv.usc.es>
# name: hd
# type: matrix
# rows: 6
# columns: 2
 7157 -620
 7270 -372
 11917 -124
 5969 124
 5437 370
 0 620


