# Created by Octave 3.8.2, Sun Jun 21 03:23:28 2020 CEST <damian@fptrucha.inv.usc.es>
# name: hd
# type: matrix
# rows: 6
# columns: 2
 6586 -620
 6656 -372
 11024 -124
 5632 124
 5198 370
 0 620


