# Created by Octave 3.8.2, Sat Jun 20 18:07:45 2020 CEST <damian@fptrucha.inv.usc.es>
# name: hd
# type: matrix
# rows: 6
# columns: 2
 6785 -620
 6693 -372
 11175 -124
 5573 124
 5240 370
 0 620


