# Created by Octave 3.8.2, Sat Jun 20 09:33:09 2020 CEST <damian@fptrucha.inv.usc.es>
# name: hd
# type: matrix
# rows: 6
# columns: 2
 5154 -620
 4924 -372
 8452 -124
 4328 124
 3900 370
 0 620


