# Created by Octave 3.8.2, Mon Jun 22 02:35:59 2020 CEST <damian@fptrucha.inv.usc.es>
# name: hd
# type: matrix
# rows: 6
# columns: 2
 6006 -620
 5931 -372
 10311 -124
 5601 124
 5391 370
 0 620


