# Created by Octave 3.8.2, Sat Jun 20 14:20:28 2020 CEST <damian@fptrucha.inv.usc.es>
# name: hd
# type: matrix
# rows: 6
# columns: 2
 6725 -620
 6701 -372
 10704 -124
 5362 124
 4983 370
 0 620


