# Created by Octave 3.8.2, Sat Jun 20 03:37:06 2020 CEST <damian@fptrucha.inv.usc.es>
# name: hd
# type: matrix
# rows: 6
# columns: 2
 6945 -620
 7226 -372
 12523 -124
 6256 124
 6106 370
 0 620


