# Created by Octave 3.8.2, Sat Jun 20 09:23:22 2020 CEST <damian@fptrucha.inv.usc.es>
# name: hd
# type: matrix
# rows: 6
# columns: 2
 7741 -620
 7721 -372
 12731 -124
 6389 124
 5963 370
 0 620


