# Created by Octave 3.8.2, Sat Jun 20 15:43:14 2020 CEST <damian@fptrucha.inv.usc.es>
# name: hd
# type: matrix
# rows: 6
# columns: 2
 6931 -620
 6961 -372
 11399 -124
 5855 124
 5249 370
 0 620


