# Created by Octave 3.8.2, Sun Jun 21 03:55:04 2020 CEST <damian@fptrucha.inv.usc.es>
# name: hd
# type: matrix
# rows: 6
# columns: 2
 6574 -620
 6606 -372
 10885 -124
 5440 124
 5044 370
 0 620


