# Created by Octave 3.8.2, Sat Jun 20 12:13:19 2020 CEST <damian@fptrucha.inv.usc.es>
# name: hd
# type: matrix
# rows: 6
# columns: 2
 7654 -620
 7328 -372
 11951 -124
 6123 124
 5590 370
 0 620


