# Created by Octave 3.8.2, Sat Jun 20 15:14:51 2020 CEST <damian@fptrucha.inv.usc.es>
# name: hd
# type: matrix
# rows: 6
# columns: 2
 6976 -620
 6863 -372
 11529 -124
 5787 124
 5308 370
 0 620


