# Created by Octave 3.8.2, Sat Jun 20 14:03:12 2020 CEST <damian@fptrucha.inv.usc.es>
# name: hd
# type: matrix
# rows: 6
# columns: 2
 7245 -620
 7135 -372
 11651 -124
 5985 124
 5462 370
 0 620


