# Created by Octave 3.8.2, Mon Jun 22 20:49:55 2020 CEST <damian@fptrucha.inv.usc.es>
# name: hd
# type: matrix
# rows: 6
# columns: 2
 6615 -620
 6701 -372
 11821 -124
 6239 124
 6075 370
 0 620


