# Created by Octave 3.8.2, Sat Jun 20 23:49:22 2020 CEST <damian@fptrucha.inv.usc.es>
# name: hd
# type: matrix
# rows: 6
# columns: 2
 6788 -620
 6539 -372
 10651 -124
 5506 124
 4923 370
 0 620


