# Created by Octave 3.8.2, Sat Jun 20 23:56:44 2020 CEST <damian@fptrucha.inv.usc.es>
# name: hd
# type: matrix
# rows: 6
# columns: 2
 6774 -620
 6685 -372
 10969 -124
 5616 124
 4987 370
 0 620


