# Created by Octave 3.8.2, Sat Jun 20 20:17:46 2020 CEST <damian@fptrucha.inv.usc.es>
# name: hd
# type: matrix
# rows: 6
# columns: 2
 6772 -620
 6828 -372
 11090 -124
 5755 124
 5226 370
 0 620


