# Created by Octave 3.8.2, Mon Jun 22 19:50:54 2020 CEST <damian@fptrucha.inv.usc.es>
# name: hd
# type: matrix
# rows: 6
# columns: 2
 6550 -620
 6689 -372
 11615 -124
 6297 124
 5980 370
 0 620


