# Created by Octave 3.8.2, Mon Jun 22 01:45:36 2020 CEST <damian@fptrucha.inv.usc.es>
# name: hd
# type: matrix
# rows: 6
# columns: 2
 7053 -620
 6852 -372
 11297 -124
 5918 124
 5386 370
 0 620


