# Created by Octave 3.8.2, Sat Jun 20 15:30:20 2020 CEST <damian@fptrucha.inv.usc.es>
# name: hd
# type: matrix
# rows: 6
# columns: 2
 7033 -620
 7045 -372
 11544 -124
 5762 124
 5304 370
 0 620


