# Created by Octave 3.8.2, Mon Jun 22 05:03:53 2020 CEST <damian@fptrucha.inv.usc.es>
# name: hd
# type: matrix
# rows: 6
# columns: 2
 5801 -620
 5963 -372
 10125 -124
 5290 124
 5080 370
 0 620


