# Created by Octave 3.8.2, Mon Jun 22 06:05:55 2020 CEST <damian@fptrucha.inv.usc.es>
# name: hd
# type: matrix
# rows: 6
# columns: 2
 5904 -620
 6029 -372
 10594 -124
 5936 124
 5434 370
 0 620


