# Created by Octave 3.8.2, Sun Jun 21 02:22:54 2020 CEST <damian@fptrucha.inv.usc.es>
# name: hd
# type: matrix
# rows: 6
# columns: 2
 6618 -620
 6628 -372
 11064 -124
 5652 124
 5241 370
 0 620


