# Created by Octave 3.8.2, Sat Jun 20 19:39:33 2020 CEST <damian@fptrucha.inv.usc.es>
# name: hd
# type: matrix
# rows: 6
# columns: 2
 6915 -620
 6690 -372
 11175 -124
 5524 124
 5168 370
 0 620


