# Created by Octave 3.8.2, Mon Jun 22 19:34:59 2020 CEST <damian@fptrucha.inv.usc.es>
# name: hd
# type: matrix
# rows: 6
# columns: 2
 6390 -620
 6629 -372
 11765 -124
 6245 124
 6035 370
 0 620


