# Created by Octave 3.8.2, Sat Jun 20 16:34:03 2020 CEST <damian@fptrucha.inv.usc.es>
# name: hd
# type: matrix
# rows: 6
# columns: 2
 6914 -620
 6774 -372
 11428 -124
 5789 124
 5309 370
 0 620


