# Created by Octave 3.8.2, Mon Jun 22 07:31:28 2020 CEST <damian@fptrucha.inv.usc.es>
# name: hd
# type: matrix
# rows: 6
# columns: 2
 5910 -620
 6133 -372
 10682 -124
 5691 124
 5427 370
 0 620


