# Created by Octave 3.8.2, Mon Jun 22 15:04:05 2020 CEST <damian@fptrucha.inv.usc.es>
# name: hd
# type: matrix
# rows: 6
# columns: 2
 6550 -620
 6563 -372
 11726 -124
 6140 124
 5742 370
 0 620


