# Created by Octave 3.8.2, Mon Jun 22 13:53:17 2020 CEST <damian@fptrucha.inv.usc.es>
# name: hd
# type: matrix
# rows: 6
# columns: 2
 6418 -620
 6617 -372
 11370 -124
 6026 124
 5705 370
 0 620


