# Created by Octave 3.8.2, Sat Jun 20 09:27:46 2020 CEST <damian@fptrucha.inv.usc.es>
# name: hd
# type: matrix
# rows: 6
# columns: 2
 7890 -620
 7659 -372
 12641 -124
 6364 124
 5908 370
 0 620


