# Created by Octave 3.8.2, Mon Jun 22 12:40:53 2020 CEST <damian@fptrucha.inv.usc.es>
# name: hd
# type: matrix
# rows: 6
# columns: 2
 6475 -620
 6337 -372
 11197 -124
 6058 124
 5546 370
 0 620


