# Created by Octave 3.8.2, Sat Jun 20 22:12:41 2020 CEST <damian@fptrucha.inv.usc.es>
# name: hd
# type: matrix
# rows: 6
# columns: 2
 4457 -620
 4319 -372
 7247 -124
 3707 124
 3406 370
 0 620


