# Created by Octave 3.8.2, Sat Jun 20 03:33:26 2020 CEST <damian@fptrucha.inv.usc.es>
# name: hd
# type: matrix
# rows: 6
# columns: 2
 7251 -620
 7375 -372
 12220 -124
 6203 124
 5921 370
 0 620


