# Created by Octave 3.8.2, Sat Jun 20 18:30:46 2020 CEST <damian@fptrucha.inv.usc.es>
# name: hd
# type: matrix
# rows: 6
# columns: 2
 6677 -620
 6781 -372
 11105 -124
 5684 124
 5222 370
 0 620


