# Created by Octave 3.8.2, Mon Jun 22 19:45:00 2020 CEST <damian@fptrucha.inv.usc.es>
# name: hd
# type: matrix
# rows: 6
# columns: 2
 6463 -620
 6825 -372
 11737 -124
 6385 124
 6107 370
 0 620


