# Created by Octave 3.8.2, Sat Jun 20 14:05:59 2020 CEST <damian@fptrucha.inv.usc.es>
# name: hd
# type: matrix
# rows: 6
# columns: 2
 7288 -620
 7122 -372
 11780 -124
 5912 124
 5477 370
 0 620


