# Created by Octave 3.8.2, Sat Jun 20 15:09:30 2020 CEST <damian@fptrucha.inv.usc.es>
# name: hd
# type: matrix
# rows: 6
# columns: 2
 7049 -620
 7026 -372
 11587 -124
 5795 124
 5401 370
 0 620


