# Created by Octave 3.8.2, Mon Jun 22 01:40:19 2020 CEST <damian@fptrucha.inv.usc.es>
# name: hd
# type: matrix
# rows: 6
# columns: 2
 7098 -620
 6963 -372
 11188 -124
 5885 124
 5430 370
 0 620


