# Created by Octave 3.8.2, Sat Jun 20 14:32:07 2020 CEST <damian@fptrucha.inv.usc.es>
# name: hd
# type: matrix
# rows: 6
# columns: 2
 7258 -620
 7136 -372
 11608 -124
 6021 124
 5491 370
 0 620


