# Created by Octave 3.8.2, Mon Jun 22 08:28:18 2020 CEST <damian@fptrucha.inv.usc.es>
# name: hd
# type: matrix
# rows: 6
# columns: 2
 6212 -620
 6100 -372
 10736 -124
 5845 124
 5616 370
 0 620


