# Created by Octave 3.8.2, Sat Jun 20 15:31:39 2020 CEST <damian@fptrucha.inv.usc.es>
# name: hd
# type: matrix
# rows: 6
# columns: 2
 6944 -620
 6926 -372
 11623 -124
 5812 124
 5201 370
 0 620


