# Created by Octave 3.8.2, Sun Jun 21 03:50:44 2020 CEST <damian@fptrucha.inv.usc.es>
# name: hd
# type: matrix
# rows: 6
# columns: 2
 6660 -620
 6717 -372
 10585 -124
 5581 124
 5043 370
 0 620


