# Created by Octave 3.8.2, Mon Jun 22 05:21:49 2020 CEST <damian@fptrucha.inv.usc.es>
# name: hd
# type: matrix
# rows: 6
# columns: 2
 5890 -620
 5956 -372
 10298 -124
 5514 124
 5391 370
 0 620


