# Created by Octave 3.8.2, Mon Jun 22 11:56:18 2020 CEST <damian@fptrucha.inv.usc.es>
# name: hd
# type: matrix
# rows: 6
# columns: 2
 6181 -620
 6314 -372
 11036 -124
 5898 124
 5598 370
 0 620


