# Created by Octave 3.8.2, Sat Jun 20 04:11:32 2020 CEST <damian@fptrucha.inv.usc.es>
# name: hd
# type: matrix
# rows: 6
# columns: 2
 7062 -620
 7334 -372
 12122 -124
 6425 124
 6157 370
 0 620


