# Created by Octave 3.8.2, Sat Jun 20 09:40:27 2020 CEST <damian@fptrucha.inv.usc.es>
# name: hd
# type: matrix
# rows: 6
# columns: 2
 7721 -620
 7614 -372
 12817 -124
 6355 124
 5891 370
 0 620


