# Created by Octave 3.8.2, Sat Jun 20 22:32:20 2020 CEST <damian@fptrucha.inv.usc.es>
# name: hd
# type: matrix
# rows: 6
# columns: 2
 6720 -620
 6633 -372
 11039 -124
 5607 124
 5047 370
 0 620


