# Created by Octave 3.8.2, Sun Jun 21 06:40:46 2020 CEST <damian@fptrucha.inv.usc.es>
# name: hd
# type: matrix
# rows: 6
# columns: 2
 6889 -620
 6793 -372
 11300 -124
 5635 124
 5126 370
 0 620


