# Created by Octave 3.8.2, Mon Jun 22 01:00:54 2020 CEST <damian@fptrucha.inv.usc.es>
# name: hd
# type: matrix
# rows: 6
# columns: 2
 6930 -620
 6979 -372
 11333 -124
 5793 124
 5331 370
 0 620


