# Created by Octave 3.8.2, Sun Jun 21 02:14:04 2020 CEST <damian@fptrucha.inv.usc.es>
# name: hd
# type: matrix
# rows: 6
# columns: 2
 6635 -620
 6564 -372
 10741 -124
 5769 124
 5143 370
 0 620


