# Created by Octave 3.8.2, Sat Jun 20 08:35:35 2020 CEST <damian@fptrucha.inv.usc.es>
# name: hd
# type: matrix
# rows: 6
# columns: 2
 7742 -620
 7861 -372
 12893 -124
 6563 124
 5949 370
 0 620


