# Created by Octave 3.8.2, Mon Jun 22 19:38:08 2020 CEST <damian@fptrucha.inv.usc.es>
# name: hd
# type: matrix
# rows: 6
# columns: 2
 6505 -620
 6749 -372
 11767 -124
 6181 124
 6093 370
 0 620


