# Created by Octave 3.8.2, Mon Jun 22 02:10:45 2020 CEST <damian@fptrucha.inv.usc.es>
# name: hd
# type: matrix
# rows: 6
# columns: 2
 6425 -620
 6187 -372
 10597 -124
 5562 124
 5223 370
 0 620


