# Created by Octave 3.8.2, Sun Jun 21 04:20:47 2020 CEST <damian@fptrucha.inv.usc.es>
# name: hd
# type: matrix
# rows: 6
# columns: 2
 4288 -620
 4325 -372
 7140 -124
 3611 124
 3335 370
 0 620


