# Created by Octave 3.8.2, Mon Jun 22 04:24:18 2020 CEST <damian@fptrucha.inv.usc.es>
# name: hd
# type: matrix
# rows: 6
# columns: 2
 5973 -620
 5911 -372
 10079 -124
 5442 124
 5115 370
 0 620


