# Created by Octave 3.8.2, Sun Jun 21 02:49:32 2020 CEST <damian@fptrucha.inv.usc.es>
# name: hd
# type: matrix
# rows: 6
# columns: 2
 6495 -620
 6478 -372
 10916 -124
 5507 124
 5080 370
 0 620


