# Created by Octave 3.8.2, Sat Jun 20 13:26:28 2020 CEST <damian@fptrucha.inv.usc.es>
# name: hd
# type: matrix
# rows: 6
# columns: 2
 7333 -620
 7209 -372
 11881 -124
 6034 124
 5360 370
 0 620


