# Created by Octave 3.8.2, Mon Jun 22 13:33:14 2020 CEST <damian@fptrucha.inv.usc.es>
# name: hd
# type: matrix
# rows: 6
# columns: 2
 6530 -620
 6585 -372
 11440 -124
 5944 124
 5783 370
 0 620


