# Created by Octave 3.8.2, Mon Jun 22 20:38:19 2020 CEST <damian@fptrucha.inv.usc.es>
# name: hd
# type: matrix
# rows: 6
# columns: 2
 4417 -620
 4459 -372
 7798 -124
 4141 124
 3973 370
 0 620


