# Created by Octave 3.8.2, Mon Jun 22 01:11:22 2020 CEST <damian@fptrucha.inv.usc.es>
# name: hd
# type: matrix
# rows: 6
# columns: 2
 6815 -620
 6825 -372
 11063 -124
 5611 124
 5020 370
 0 620


