# Created by Octave 3.8.2, Sat Jun 20 23:17:08 2020 CEST <damian@fptrucha.inv.usc.es>
# name: hd
# type: matrix
# rows: 6
# columns: 2
 6570 -620
 6510 -372
 10958 -124
 5484 124
 5143 370
 0 620


