# Created by Octave 3.8.2, Mon Jun 22 14:32:07 2020 CEST <damian@fptrucha.inv.usc.es>
# name: hd
# type: matrix
# rows: 6
# columns: 2
 6382 -620
 6587 -372
 11423 -124
 5959 124
 5615 370
 0 620


