# Created by Octave 3.8.2, Mon Jun 22 01:07:16 2020 CEST <damian@fptrucha.inv.usc.es>
# name: hd
# type: matrix
# rows: 6
# columns: 2
 7008 -620
 6922 -372
 11295 -124
 5612 124
 5110 370
 0 620


