# Created by Octave 3.8.2, Sat Jun 20 21:28:24 2020 CEST <damian@fptrucha.inv.usc.es>
# name: hd
# type: matrix
# rows: 6
# columns: 2
 6767 -620
 6647 -372
 11064 -124
 5423 124
 4976 370
 0 620


