# Created by Octave 3.8.2, Mon Jun 22 05:50:28 2020 CEST <damian@fptrucha.inv.usc.es>
# name: hd
# type: matrix
# rows: 6
# columns: 2
 5701 -620
 5894 -372
 10464 -124
 5797 124
 5451 370
 0 620


