# Created by Octave 3.8.2, Tue Jun 23 00:43:45 2020 CEST <damian@fptrucha.inv.usc.es>
# name: hd
# type: matrix
# rows: 6
# columns: 2
 6703 -620
 6835 -372
 11825 -124
 6511 124
 6195 370
 0 620


