# Created by Octave 3.8.2, Mon Jun 22 07:04:39 2020 CEST <damian@fptrucha.inv.usc.es>
# name: hd
# type: matrix
# rows: 6
# columns: 2
 5816 -620
 6161 -372
 10699 -124
 5751 124
 5462 370
 0 620


