# Created by Octave 3.8.2, Mon Jun 22 09:57:39 2020 CEST <damian@fptrucha.inv.usc.es>
# name: hd
# type: matrix
# rows: 6
# columns: 2
 6172 -620
 6233 -372
 10916 -124
 5963 124
 5634 370
 0 620


