# Created by Octave 3.8.2, Sat Jun 20 13:27:54 2020 CEST <damian@fptrucha.inv.usc.es>
# name: hd
# type: matrix
# rows: 6
# columns: 2
 7351 -620
 7187 -372
 11925 -124
 6017 124
 5456 370
 0 620


