# Created by Octave 3.8.2, Mon Jun 22 13:26:46 2020 CEST <damian@fptrucha.inv.usc.es>
# name: hd
# type: matrix
# rows: 6
# columns: 2
 6429 -620
 6512 -372
 11218 -124
 6094 124
 5769 370
 0 620


