# Created by Octave 3.8.2, Mon Jun 22 19:13:34 2020 CEST <damian@fptrucha.inv.usc.es>
# name: hd
# type: matrix
# rows: 6
# columns: 2
 6509 -620
 6684 -372
 11714 -124
 6378 124
 6118 370
 0 620


