# Created by Octave 3.8.2, Mon Jun 22 03:46:24 2020 CEST <damian@fptrucha.inv.usc.es>
# name: hd
# type: matrix
# rows: 6
# columns: 2
 5999 -620
 5728 -372
 10417 -124
 5721 124
 5432 370
 0 620


