# Created by Octave 3.8.2, Mon Jun 22 05:31:16 2020 CEST <damian@fptrucha.inv.usc.es>
# name: hd
# type: matrix
# rows: 6
# columns: 2
 5878 -620
 6180 -372
 10321 -124
 5420 124
 5356 370
 0 620


