# Created by Octave 3.8.2, Sun Jun 21 04:42:53 2020 CEST <damian@fptrucha.inv.usc.es>
# name: hd
# type: matrix
# rows: 6
# columns: 2
 6632 -620
 6584 -372
 11005 -124
 5664 124
 5190 370
 0 620


