# Created by Octave 3.8.2, Mon Jun 22 02:40:41 2020 CEST <damian@fptrucha.inv.usc.es>
# name: hd
# type: matrix
# rows: 6
# columns: 2
 6074 -620
 5923 -372
 10272 -124
 5717 124
 5258 370
 0 620


