# Created by Octave 3.8.2, Mon Jun 22 09:21:54 2020 CEST <damian@fptrucha.inv.usc.es>
# name: hd
# type: matrix
# rows: 6
# columns: 2
 3909 -620
 4157 -372
 7220 -124
 3776 124
 3697 370
 0 620


