# Created by Octave 3.8.2, Sun Jun 21 06:05:21 2020 CEST <damian@fptrucha.inv.usc.es>
# name: hd
# type: matrix
# rows: 6
# columns: 2
 6691 -620
 6639 -372
 10999 -124
 5528 124
 5155 370
 0 620


