# Created by Octave 3.8.2, Mon Jun 22 16:28:52 2020 CEST <damian@fptrucha.inv.usc.es>
# name: hd
# type: matrix
# rows: 6
# columns: 2
 6630 -620
 6497 -372
 11583 -124
 5993 124
 5806 370
 0 620


