# Created by Octave 3.8.2, Sat Jun 20 19:27:09 2020 CEST <damian@fptrucha.inv.usc.es>
# name: hd
# type: matrix
# rows: 6
# columns: 2
 6883 -620
 6873 -372
 11126 -124
 5748 124
 5169 370
 0 620


