# Created by Octave 3.8.2, Mon Jun 22 22:13:15 2020 CEST <damian@fptrucha.inv.usc.es>
# name: hd
# type: matrix
# rows: 6
# columns: 2
 6778 -620
 6932 -372
 11837 -124
 6311 124
 6047 370
 0 620


