# Created by Octave 3.8.2, Mon Jun 22 09:18:11 2020 CEST <damian@fptrucha.inv.usc.es>
# name: hd
# type: matrix
# rows: 6
# columns: 2
 6009 -620
 6147 -372
 10855 -124
 5959 124
 5629 370
 0 620


