# Created by Octave 3.8.2, Sun Jun 21 04:38:46 2020 CEST <damian@fptrucha.inv.usc.es>
# name: hd
# type: matrix
# rows: 6
# columns: 2
 6548 -620
 6706 -372
 11102 -124
 5661 124
 5218 370
 0 620


