# Created by Octave 3.8.2, Sat Jun 20 17:25:33 2020 CEST <damian@fptrucha.inv.usc.es>
# name: hd
# type: matrix
# rows: 6
# columns: 2
 6938 -620
 6733 -372
 11199 -124
 5694 124
 5127 370
 0 620


