# Created by Octave 3.8.2, Sun Jun 21 06:43:09 2020 CEST <damian@fptrucha.inv.usc.es>
# name: hd
# type: matrix
# rows: 6
# columns: 2
 6750 -620
 6761 -372
 11226 -124
 5704 124
 5293 370
 0 620


