# Created by Octave 3.8.2, Sat Jun 20 09:10:05 2020 CEST <damian@fptrucha.inv.usc.es>
# name: hd
# type: matrix
# rows: 6
# columns: 2
 7847 -620
 7679 -372
 12652 -124
 6399 124
 6055 370
 0 620


