# Created by Octave 3.8.2, Mon Jun 22 13:07:52 2020 CEST <damian@fptrucha.inv.usc.es>
# name: hd
# type: matrix
# rows: 6
# columns: 2
 6396 -620
 6525 -372
 11358 -124
 6053 124
 5793 370
 0 620


