# Created by Octave 3.8.2, Mon Jun 22 14:51:17 2020 CEST <damian@fptrucha.inv.usc.es>
# name: hd
# type: matrix
# rows: 6
# columns: 2
 6597 -620
 6587 -372
 11683 -124
 6129 124
 5751 370
 0 620


