# Created by Octave 3.8.2, Mon Jun 22 12:52:17 2020 CEST <damian@fptrucha.inv.usc.es>
# name: hd
# type: matrix
# rows: 6
# columns: 2
 6417 -620
 6441 -372
 11285 -124
 6248 124
 5833 370
 0 620


