# Created by Octave 3.8.2, Sat Jun 20 08:37:05 2020 CEST <damian@fptrucha.inv.usc.es>
# name: hd
# type: matrix
# rows: 6
# columns: 2
 7703 -620
 7551 -372
 12974 -124
 6546 124
 5983 370
 0 620


