# Created by Octave 3.8.2, Sat Jun 20 23:18:20 2020 CEST <damian@fptrucha.inv.usc.es>
# name: hd
# type: matrix
# rows: 6
# columns: 2
 6481 -620
 6537 -372
 10784 -124
 5552 124
 4989 370
 0 620


