# Created by Octave 3.8.2, Mon Jun 22 14:43:34 2020 CEST <damian@fptrucha.inv.usc.es>
# name: hd
# type: matrix
# rows: 6
# columns: 2
 6517 -620
 6507 -372
 11573 -124
 6073 124
 5749 370
 0 620


