# Created by Octave 3.8.2, Sat Jun 20 10:44:32 2020 CEST <damian@fptrucha.inv.usc.es>
# name: hd
# type: matrix
# rows: 6
# columns: 2
 7619 -620
 7526 -372
 12341 -124
 6314 124
 5611 370
 0 620


