# Created by Octave 3.8.2, Mon Jun 22 22:43:31 2020 CEST <damian@fptrucha.inv.usc.es>
# name: hd
# type: matrix
# rows: 6
# columns: 2
 4635 -620
 4551 -372
 7715 -124
 4239 124
 3996 370
 0 620


