# Created by Octave 3.8.2, Sat Jun 20 22:59:57 2020 CEST <damian@fptrucha.inv.usc.es>
# name: hd
# type: matrix
# rows: 6
# columns: 2
 6683 -620
 6670 -372
 11006 -124
 5595 124
 4997 370
 0 620


