# Created by Octave 3.8.2, Sat Jun 20 09:49:13 2020 CEST <damian@fptrucha.inv.usc.es>
# name: hd
# type: matrix
# rows: 6
# columns: 2
 7689 -620
 7750 -372
 12634 -124
 6376 124
 5794 370
 0 620


