# Created by Octave 3.8.2, Sat Jun 20 02:42:03 2020 CEST <damian@fptrucha.inv.usc.es>
# name: hd
# type: matrix
# rows: 6
# columns: 2
 6905 -620
 7159 -372
 12198 -124
 6440 124
 6105 370
 0 620


