# Created by Octave 3.8.2, Sun Jun 21 02:44:11 2020 CEST <damian@fptrucha.inv.usc.es>
# name: hd
# type: matrix
# rows: 6
# columns: 2
 4223 -620
 4396 -372
 6995 -124
 3536 124
 3319 370
 0 620


