# Created by Octave 3.8.2, Sun Jun 21 00:36:05 2020 CEST <damian@fptrucha.inv.usc.es>
# name: hd
# type: matrix
# rows: 6
# columns: 2
 6643 -620
 6422 -372
 10744 -124
 5474 124
 4806 370
 0 620


