# Created by Octave 3.8.2, Sat Jun 20 20:40:44 2020 CEST <damian@fptrucha.inv.usc.es>
# name: hd
# type: matrix
# rows: 6
# columns: 2
 6652 -620
 6770 -372
 10943 -124
 5553 124
 5005 370
 0 620


