# Created by Octave 3.8.2, Sat Jun 20 22:53:58 2020 CEST <damian@fptrucha.inv.usc.es>
# name: hd
# type: matrix
# rows: 6
# columns: 2
 6578 -620
 6680 -372
 10821 -124
 5490 124
 4941 370
 0 620


