# Created by Octave 3.8.2, Mon Jun 22 16:47:27 2020 CEST <damian@fptrucha.inv.usc.es>
# name: hd
# type: matrix
# rows: 6
# columns: 2
 6697 -620
 6700 -372
 11512 -124
 6110 124
 5646 370
 0 620


