# Created by Octave 3.8.2, Mon Jun 22 09:33:21 2020 CEST <damian@fptrucha.inv.usc.es>
# name: hd
# type: matrix
# rows: 6
# columns: 2
 5976 -620
 6284 -372
 10838 -124
 5842 124
 5558 370
 0 620


