# Created by Octave 3.8.2, Mon Jun 22 06:46:10 2020 CEST <damian@fptrucha.inv.usc.es>
# name: hd
# type: matrix
# rows: 6
# columns: 2
 5726 -620
 6012 -372
 10603 -124
 5696 124
 5516 370
 0 620


