# Created by Octave 3.8.2, Mon Jun 22 04:37:23 2020 CEST <damian@fptrucha.inv.usc.es>
# name: hd
# type: matrix
# rows: 6
# columns: 2
 5881 -620
 5823 -372
 10120 -124
 5361 124
 5169 370
 0 620


