# Created by Octave 3.8.2, Sat Jun 20 13:11:46 2020 CEST <damian@fptrucha.inv.usc.es>
# name: hd
# type: matrix
# rows: 6
# columns: 2
 7355 -620
 7180 -372
 11778 -124
 6031 124
 5380 370
 0 620


