# Created by Octave 3.8.2, Sun Jun 21 05:22:41 2020 CEST <damian@fptrucha.inv.usc.es>
# name: hd
# type: matrix
# rows: 6
# columns: 2
 6572 -620
 6631 -372
 10854 -124
 5572 124
 5149 370
 0 620


