# Created by Octave 3.8.2, Sun Jun 21 07:26:36 2020 CEST <damian@fptrucha.inv.usc.es>
# name: hd
# type: matrix
# rows: 6
# columns: 2
 6461 -620
 6528 -372
 10827 -124
 5531 124
 5055 370
 0 620


