# Created by Octave 3.8.2, Mon Jun 22 09:00:57 2020 CEST <damian@fptrucha.inv.usc.es>
# name: hd
# type: matrix
# rows: 6
# columns: 2
 6017 -620
 6030 -372
 10796 -124
 5896 124
 5613 370
 0 620


