# Created by Octave 3.8.2, Sat Jun 20 22:48:46 2020 CEST <damian@fptrucha.inv.usc.es>
# name: hd
# type: matrix
# rows: 6
# columns: 2
 6676 -620
 6573 -372
 11072 -124
 5555 124
 5006 370
 0 620


