# Created by Octave 3.8.2, Sun Jun 21 04:45:08 2020 CEST <damian@fptrucha.inv.usc.es>
# name: hd
# type: matrix
# rows: 6
# columns: 2
 6644 -620
 6730 -372
 10909 -124
 5508 124
 5258 370
 0 620


