# Created by Octave 3.8.2, Mon Jun 22 23:43:37 2020 CEST <damian@fptrucha.inv.usc.es>
# name: hd
# type: matrix
# rows: 6
# columns: 2
 6895 -620
 7022 -372
 11906 -124
 6430 124
 5922 370
 0 620


