# Created by Octave 3.8.2, Sat Jun 20 09:20:23 2020 CEST <damian@fptrucha.inv.usc.es>
# name: hd
# type: matrix
# rows: 6
# columns: 2
 7725 -620
 7732 -372
 12866 -124
 6345 124
 6059 370
 0 620


