# Created by Octave 3.8.2, Mon Jun 22 12:13:44 2020 CEST <damian@fptrucha.inv.usc.es>
# name: hd
# type: matrix
# rows: 6
# columns: 2
 6243 -620
 6368 -372
 11177 -124
 6018 124
 5599 370
 0 620


