# Created by Octave 3.8.2, Mon Jun 22 13:11:07 2020 CEST <damian@fptrucha.inv.usc.es>
# name: hd
# type: matrix
# rows: 6
# columns: 2
 6220 -620
 6686 -372
 11120 -124
 6024 124
 5660 370
 0 620


