# Created by Octave 3.8.2, Mon Jun 22 08:56:53 2020 CEST <damian@fptrucha.inv.usc.es>
# name: hd
# type: matrix
# rows: 6
# columns: 2
 6035 -620
 6197 -372
 10785 -124
 5838 124
 5531 370
 0 620


