# Created by Octave 3.8.2, Mon Jun 22 15:58:11 2020 CEST <damian@fptrucha.inv.usc.es>
# name: hd
# type: matrix
# rows: 6
# columns: 2
 4465 -620
 4401 -372
 7527 -124
 4172 124
 3720 370
 0 620


