# Created by Octave 3.8.2, Mon Jun 22 13:54:19 2020 CEST <damian@fptrucha.inv.usc.es>
# name: hd
# type: matrix
# rows: 6
# columns: 2
 6371 -620
 6464 -372
 11484 -124
 6005 124
 5764 370
 0 620


