# Created by Octave 3.8.2, Sat Jun 20 13:50:45 2020 CEST <damian@fptrucha.inv.usc.es>
# name: hd
# type: matrix
# rows: 6
# columns: 2
 7391 -620
 7124 -372
 11872 -124
 5917 124
 5470 370
 0 620


