# Created by Octave 3.8.2, Mon Jun 22 12:58:42 2020 CEST <damian@fptrucha.inv.usc.es>
# name: hd
# type: matrix
# rows: 6
# columns: 2
 6369 -620
 6526 -372
 11171 -124
 6104 124
 5777 370
 0 620


