# Created by Octave 3.8.2, Sun Jun 21 01:43:12 2020 CEST <damian@fptrucha.inv.usc.es>
# name: hd
# type: matrix
# rows: 6
# columns: 2
 6492 -620
 6617 -372
 10823 -124
 5563 124
 5131 370
 0 620


