# Created by Octave 3.8.2, Tue Jun 23 00:05:43 2020 CEST <damian@fptrucha.inv.usc.es>
# name: hd
# type: matrix
# rows: 6
# columns: 2
 6681 -620
 6874 -372
 11968 -124
 6434 124
 6182 370
 0 620


