# Created by Octave 3.8.2, Sat Jun 20 13:29:15 2020 CEST <damian@fptrucha.inv.usc.es>
# name: hd
# type: matrix
# rows: 6
# columns: 2
 7264 -620
 7324 -372
 11632 -124
 6040 124
 5463 370
 0 620


