# Created by Octave 3.8.2, Sat Jun 20 19:19:12 2020 CEST <damian@fptrucha.inv.usc.es>
# name: hd
# type: matrix
# rows: 6
# columns: 2
 6821 -620
 6853 -372
 11378 -124
 5782 124
 5258 370
 0 620


