# Created by Octave 3.8.2, Sat Jun 20 15:12:12 2020 CEST <damian@fptrucha.inv.usc.es>
# name: hd
# type: matrix
# rows: 6
# columns: 2
 7109 -620
 6965 -372
 11560 -124
 5840 124
 5369 370
 0 620


