# Created by Octave 3.8.2, Mon Jun 22 13:31:06 2020 CEST <damian@fptrucha.inv.usc.es>
# name: hd
# type: matrix
# rows: 6
# columns: 2
 6315 -620
 6649 -372
 11170 -124
 5973 124
 5731 370
 0 620


