# Created by Octave 3.8.2, Mon Jun 22 02:27:26 2020 CEST <damian@fptrucha.inv.usc.es>
# name: hd
# type: matrix
# rows: 6
# columns: 2
 266 -620
 255 -372
 376 -124
 101 124
 24 370
 0 620


