# Created by Octave 3.8.2, Mon Jun 22 20:32:58 2020 CEST <damian@fptrucha.inv.usc.es>
# name: hd
# type: matrix
# rows: 6
# columns: 2
 6601 -620
 6840 -372
 11755 -124
 6298 124
 6110 370
 0 620


