# Created by Octave 3.8.2, Mon Jun 22 05:20:53 2020 CEST <damian@fptrucha.inv.usc.es>
# name: hd
# type: matrix
# rows: 6
# columns: 2
 6026 -620
 5931 -372
 10194 -124
 5460 124
 5325 370
 0 620


