# Created by Octave 3.8.2, Sat Jun 20 23:35:13 2020 CEST <damian@fptrucha.inv.usc.es>
# name: hd
# type: matrix
# rows: 6
# columns: 2
 6653 -620
 6496 -372
 10770 -124
 5489 124
 5028 370
 0 620


