# Created by Octave 3.8.2, Sun Jun 21 03:44:02 2020 CEST <damian@fptrucha.inv.usc.es>
# name: hd
# type: matrix
# rows: 6
# columns: 2
 6796 -620
 6610 -372
 10859 -124
 5579 124
 5144 370
 0 620


