# Created by Octave 3.8.2, Mon Jun 22 12:49:07 2020 CEST <damian@fptrucha.inv.usc.es>
# name: hd
# type: matrix
# rows: 6
# columns: 2
 6347 -620
 6394 -372
 11053 -124
 6281 124
 5774 370
 0 620


