# Created by Octave 3.8.2, Mon Jun 22 15:07:21 2020 CEST <damian@fptrucha.inv.usc.es>
# name: hd
# type: matrix
# rows: 6
# columns: 2
 6621 -620
 6618 -372
 11648 -124
 6161 124
 5646 370
 0 620


