# Created by Octave 3.8.2, Mon Jun 22 06:47:10 2020 CEST <damian@fptrucha.inv.usc.es>
# name: hd
# type: matrix
# rows: 6
# columns: 2
 5741 -620
 5945 -372
 10588 -124
 5793 124
 5555 370
 0 620


