# Created by Octave 3.8.2, Mon Jun 22 00:49:09 2020 CEST <damian@fptrucha.inv.usc.es>
# name: hd
# type: matrix
# rows: 6
# columns: 2
 6653 -620
 6836 -372
 11065 -124
 5420 124
 5147 370
 0 620


