# Created by Octave 3.8.2, Sat Jun 20 11:32:09 2020 CEST <damian@fptrucha.inv.usc.es>
# name: hd
# type: matrix
# rows: 6
# columns: 2
 7305 -620
 7369 -372
 12339 -124
 6179 124
 5490 370
 0 620


