# Created by Octave 3.8.2, Mon Jun 22 11:36:53 2020 CEST <damian@fptrucha.inv.usc.es>
# name: hd
# type: matrix
# rows: 6
# columns: 2
 6253 -620
 6431 -372
 11066 -124
 5915 124
 5699 370
 0 620


