# Created by Octave 3.8.2, Sun Jun 21 03:24:32 2020 CEST <damian@fptrucha.inv.usc.es>
# name: hd
# type: matrix
# rows: 6
# columns: 2
 6597 -620
 6532 -372
 10865 -124
 5591 124
 5115 370
 0 620


