# Created by Octave 3.8.2, Mon Jun 22 17:19:11 2020 CEST <damian@fptrucha.inv.usc.es>
# name: hd
# type: matrix
# rows: 6
# columns: 2
 6441 -620
 6672 -372
 11447 -124
 6253 124
 5955 370
 0 620


