# Created by Octave 3.8.2, Mon Jun 22 13:44:40 2020 CEST <damian@fptrucha.inv.usc.es>
# name: hd
# type: matrix
# rows: 6
# columns: 2
 6406 -620
 6512 -372
 11234 -124
 6084 124
 5806 370
 0 620


