# Created by Octave 3.8.2, Mon Jun 22 14:37:30 2020 CEST <damian@fptrucha.inv.usc.es>
# name: hd
# type: matrix
# rows: 6
# columns: 2
 6361 -620
 6402 -372
 11151 -124
 5984 124
 5650 370
 0 620


