# Created by Octave 3.8.2, Sat Jun 20 04:23:00 2020 CEST <damian@fptrucha.inv.usc.es>
# name: hd
# type: matrix
# rows: 6
# columns: 2
 6993 -620
 7424 -372
 12343 -124
 6184 124
 6023 370
 0 620


