# Created by Octave 3.8.2, Sun Jun 21 04:51:53 2020 CEST <damian@fptrucha.inv.usc.es>
# name: hd
# type: matrix
# rows: 6
# columns: 2
 6845 -620
 6808 -372
 11047 -124
 5736 124
 5214 370
 0 620


