# Created by Octave 3.8.2, Sun Jun 21 04:32:00 2020 CEST <damian@fptrucha.inv.usc.es>
# name: hd
# type: matrix
# rows: 6
# columns: 2
 6525 -620
 6567 -372
 10807 -124
 5474 124
 5064 370
 0 620


