# Created by Octave 3.8.2, Sat Jun 20 08:14:48 2020 CEST <damian@fptrucha.inv.usc.es>
# name: hd
# type: matrix
# rows: 6
# columns: 2
 4840 -620
 4952 -372
 8466 -124
 4349 124
 3913 370
 0 620


