# Created by Octave 3.8.2, Mon Jun 22 17:22:39 2020 CEST <damian@fptrucha.inv.usc.es>
# name: hd
# type: matrix
# rows: 6
# columns: 2
 6595 -620
 6635 -372
 11718 -124
 6092 124
 5747 370
 0 620


