# Created by Octave 3.8.2, Tue Jun 23 00:42:35 2020 CEST <damian@fptrucha.inv.usc.es>
# name: hd
# type: matrix
# rows: 6
# columns: 2
 6897 -620
 7042 -372
 11900 -124
 6347 124
 6243 370
 0 620


