# Created by Octave 3.8.2, Mon Jun 22 08:29:17 2020 CEST <damian@fptrucha.inv.usc.es>
# name: hd
# type: matrix
# rows: 6
# columns: 2
 5956 -620
 6056 -372
 10799 -124
 5833 124
 5613 370
 0 620


