# Created by Octave 3.8.2, Mon Jun 22 08:00:18 2020 CEST <damian@fptrucha.inv.usc.es>
# name: hd
# type: matrix
# rows: 6
# columns: 2
 5956 -620
 6128 -372
 10754 -124
 5818 124
 5556 370
 0 620


