# Created by Octave 3.8.2, Sun Jun 21 04:04:33 2020 CEST <damian@fptrucha.inv.usc.es>
# name: hd
# type: matrix
# rows: 6
# columns: 2
 6612 -620
 6601 -372
 10840 -124
 5694 124
 5072 370
 0 620


