# Created by Octave 3.8.2, Mon Jun 22 14:29:59 2020 CEST <damian@fptrucha.inv.usc.es>
# name: hd
# type: matrix
# rows: 6
# columns: 2
 6236 -620
 6424 -372
 11184 -124
 6188 124
 5731 370
 0 620


