# Created by Octave 3.8.2, Mon Jun 22 17:49:53 2020 CEST <damian@fptrucha.inv.usc.es>
# name: hd
# type: matrix
# rows: 6
# columns: 2
 6614 -620
 6702 -372
 11707 -124
 6100 124
 5952 370
 0 620


