# Created by Octave 3.8.2, Mon Jun 22 01:30:10 2020 CEST <damian@fptrucha.inv.usc.es>
# name: hd
# type: matrix
# rows: 6
# columns: 2
 6748 -620
 6756 -372
 11296 -124
 5618 124
 5194 370
 0 620


