# Created by Octave 3.8.2, Sat Jun 20 14:30:46 2020 CEST <damian@fptrucha.inv.usc.es>
# name: hd
# type: matrix
# rows: 6
# columns: 2
 4910 -620
 4653 -372
 7851 -124
 3859 124
 3650 370
 0 620


