# Created by Octave 3.8.2, Mon Jun 22 05:13:09 2020 CEST <damian@fptrucha.inv.usc.es>
# name: hd
# type: matrix
# rows: 6
# columns: 2
 3873 -620
 3895 -372
 6872 -124
 3596 124
 3499 370
 0 620


