# Created by Octave 3.8.2, Sat Jun 20 16:24:00 2020 CEST <damian@fptrucha.inv.usc.es>
# name: hd
# type: matrix
# rows: 6
# columns: 2
 7124 -620
 6881 -372
 11398 -124
 5763 124
 5166 370
 0 620


