# Created by Octave 3.8.2, Mon Jun 22 01:49:50 2020 CEST <damian@fptrucha.inv.usc.es>
# name: hd
# type: matrix
# rows: 6
# columns: 2
 6970 -620
 6904 -372
 11331 -124
 5710 124
 5423 370
 0 620


