# Created by Octave 3.8.2, Sun Jun 21 02:28:03 2020 CEST <damian@fptrucha.inv.usc.es>
# name: hd
# type: matrix
# rows: 6
# columns: 2
 6627 -620
 6607 -372
 11029 -124
 5616 124
 5317 370
 0 620


