# Created by Octave 3.8.2, Mon Jun 22 19:25:54 2020 CEST <damian@fptrucha.inv.usc.es>
# name: hd
# type: matrix
# rows: 6
# columns: 2
 6424 -620
 6733 -372
 11616 -124
 6276 124
 6106 370
 0 620


