# Created by Octave 3.8.2, Sat Jun 20 05:22:41 2020 CEST <damian@fptrucha.inv.usc.es>
# name: hd
# type: matrix
# rows: 6
# columns: 2
 7074 -620
 7311 -372
 12502 -124
 6309 124
 5903 370
 0 620


