# Created by Octave 3.8.2, Sat Jun 20 17:10:12 2020 CEST <damian@fptrucha.inv.usc.es>
# name: hd
# type: matrix
# rows: 6
# columns: 2
 6784 -620
 6971 -372
 11535 -124
 5825 124
 5366 370
 0 620


