# Created by Octave 3.8.2, Mon Jun 22 14:49:03 2020 CEST <damian@fptrucha.inv.usc.es>
# name: hd
# type: matrix
# rows: 6
# columns: 2
 6332 -620
 6493 -372
 11416 -124
 6071 124
 5845 370
 0 620


