# Created by Octave 3.8.2, Mon Jun 22 20:46:27 2020 CEST <damian@fptrucha.inv.usc.es>
# name: hd
# type: matrix
# rows: 6
# columns: 2
 6658 -620
 6710 -372
 11775 -124
 6337 124
 6177 370
 0 620


