# Created by Octave 3.8.2, Sat Jun 20 05:34:09 2020 CEST <damian@fptrucha.inv.usc.es>
# name: hd
# type: matrix
# rows: 6
# columns: 2
 7280 -620
 7335 -372
 12414 -124
 6244 124
 5963 370
 0 620


