# Created by Octave 3.8.2, Mon Jun 22 02:19:52 2020 CEST <damian@fptrucha.inv.usc.es>
# name: hd
# type: matrix
# rows: 6
# columns: 2
 6507 -620
 6325 -372
 10813 -124
 5759 124
 5389 370
 0 620


