# Created by Octave 3.8.2, Sat Jun 20 06:01:04 2020 CEST <damian@fptrucha.inv.usc.es>
# name: hd
# type: matrix
# rows: 6
# columns: 2
 7306 -620
 7549 -372
 12606 -124
 6380 124
 6018 370
 0 620


