# Created by Octave 3.8.2, Sat Jun 20 14:40:18 2020 CEST <damian@fptrucha.inv.usc.es>
# name: hd
# type: matrix
# rows: 6
# columns: 2
 7048 -620
 7008 -372
 11359 -124
 5853 124
 5410 370
 0 620


