# Created by Octave 3.8.2, Sat Jun 20 22:34:57 2020 CEST <damian@fptrucha.inv.usc.es>
# name: hd
# type: matrix
# rows: 6
# columns: 2
 6752 -620
 6604 -372
 11007 -124
 5559 124
 5088 370
 0 620


