# Created by Octave 3.8.2, Sun Jun 21 04:28:36 2020 CEST <damian@fptrucha.inv.usc.es>
# name: hd
# type: matrix
# rows: 6
# columns: 2
 6522 -620
 6500 -372
 10926 -124
 5673 124
 5056 370
 0 620


