# Created by Octave 3.8.2, Mon Jun 22 22:22:24 2020 CEST <damian@fptrucha.inv.usc.es>
# name: hd
# type: matrix
# rows: 6
# columns: 2
 4475 -620
 4540 -372
 7718 -124
 4224 124
 4016 370
 0 620


