# Created by Octave 3.8.2, Mon Jun 22 20:56:55 2020 CEST <damian@fptrucha.inv.usc.es>
# name: hd
# type: matrix
# rows: 6
# columns: 2
 6726 -620
 6751 -372
 11984 -124
 6411 124
 5883 370
 0 620


