# Created by Octave 3.8.2, Sat Jun 20 02:20:36 2020 CEST <damian@fptrucha.inv.usc.es>
# name: hd
# type: matrix
# rows: 6
# columns: 2
 6712 -620
 7152 -372
 12091 -124
 6213 124
 5876 370
 0 620


