# Created by Octave 3.8.2, Sat Jun 20 05:45:02 2020 CEST <damian@fptrucha.inv.usc.es>
# name: hd
# type: matrix
# rows: 6
# columns: 2
 7422 -620
 7370 -372
 12580 -124
 6357 124
 5981 370
 0 620


