# Created by Octave 3.8.2, Sat Jun 20 15:17:32 2020 CEST <damian@fptrucha.inv.usc.es>
# name: hd
# type: matrix
# rows: 6
# columns: 2
 6908 -620
 6982 -372
 11397 -124
 5732 124
 5266 370
 0 620


