# Created by Octave 3.8.2, Mon Jun 22 13:57:35 2020 CEST <damian@fptrucha.inv.usc.es>
# name: hd
# type: matrix
# rows: 6
# columns: 2
 6358 -620
 6487 -372
 11229 -124
 5864 124
 5573 370
 0 620


