# Created by Octave 3.8.2, Sat Jun 20 18:13:02 2020 CEST <damian@fptrucha.inv.usc.es>
# name: hd
# type: matrix
# rows: 6
# columns: 2
 6753 -620
 6851 -372
 11089 -124
 5664 124
 5329 370
 0 620


