# Created by Octave 3.8.2, Mon Jun 22 20:05:23 2020 CEST <damian@fptrucha.inv.usc.es>
# name: hd
# type: matrix
# rows: 6
# columns: 2
 6731 -620
 6710 -372
 11741 -124
 6316 124
 5918 370
 0 620


