# Created by Octave 3.8.2, Mon Jun 22 06:02:15 2020 CEST <damian@fptrucha.inv.usc.es>
# name: hd
# type: matrix
# rows: 6
# columns: 2
 5699 -620
 5766 -372
 10599 -124
 5821 124
 5493 370
 0 620


