# Created by Octave 3.8.2, Sat Jun 20 17:14:10 2020 CEST <damian@fptrucha.inv.usc.es>
# name: hd
# type: matrix
# rows: 6
# columns: 2
 6762 -620
 6908 -372
 11350 -124
 5725 124
 5223 370
 0 620


