# Created by Octave 3.8.2, Sat Jun 20 10:55:29 2020 CEST <damian@fptrucha.inv.usc.es>
# name: hd
# type: matrix
# rows: 6
# columns: 2
 7763 -620
 7620 -372
 12424 -124
 6235 124
 5733 370
 0 620


