# Created by Octave 3.8.2, Mon Jun 22 22:27:07 2020 CEST <damian@fptrucha.inv.usc.es>
# name: hd
# type: matrix
# rows: 6
# columns: 2
 6838 -620
 6978 -372
 11847 -124
 6397 124
 6079 370
 0 620


