# Created by Octave 3.8.2, Sat Jun 20 07:20:45 2020 CEST <damian@fptrucha.inv.usc.es>
# name: hd
# type: matrix
# rows: 6
# columns: 2
 7323 -620
 7460 -372
 12950 -124
 6483 124
 6084 370
 0 620


