# Created by Octave 3.8.2, Mon Jun 22 01:39:15 2020 CEST <damian@fptrucha.inv.usc.es>
# name: hd
# type: matrix
# rows: 6
# columns: 2
 7224 -620
 6987 -372
 11313 -124
 5738 124
 5356 370
 0 620


