# Created by Octave 3.8.2, Mon Jun 22 23:15:10 2020 CEST <damian@fptrucha.inv.usc.es>
# name: hd
# type: matrix
# rows: 6
# columns: 2
 6914 -620
 7016 -372
 11954 -124
 6420 124
 6014 370
 0 620


