# Created by Octave 3.8.2, Sat Jun 20 03:12:43 2020 CEST <damian@fptrucha.inv.usc.es>
# name: hd
# type: matrix
# rows: 6
# columns: 2
 7016 -620
 7275 -372
 12250 -124
 6221 124
 5987 370
 0 620


