# Created by Octave 3.8.2, Sat Jun 20 20:54:40 2020 CEST <damian@fptrucha.inv.usc.es>
# name: hd
# type: matrix
# rows: 6
# columns: 2
 6712 -620
 6663 -372
 11176 -124
 5623 124
 5233 370
 0 620


