# Created by Octave 3.8.2, Mon Jun 22 18:53:26 2020 CEST <damian@fptrucha.inv.usc.es>
# name: hd
# type: matrix
# rows: 6
# columns: 2
 6427 -620
 6708 -372
 11594 -124
 6247 124
 5978 370
 0 620


