# Created by Octave 3.8.2, Mon Jun 22 21:51:13 2020 CEST <damian@fptrucha.inv.usc.es>
# name: hd
# type: matrix
# rows: 6
# columns: 2
 6782 -620
 6822 -372
 11870 -124
 6298 124
 6122 370
 0 620


