# Created by Octave 3.8.2, Mon Jun 22 17:55:32 2020 CEST <damian@fptrucha.inv.usc.es>
# name: hd
# type: matrix
# rows: 6
# columns: 2
 6467 -620
 6713 -372
 11697 -124
 6264 124
 6062 370
 0 620


