# Created by Octave 3.8.2, Mon Jun 22 11:42:09 2020 CEST <damian@fptrucha.inv.usc.es>
# name: hd
# type: matrix
# rows: 6
# columns: 2
 6157 -620
 6307 -372
 11117 -124
 5961 124
 5660 370
 0 620


