# Created by Octave 3.8.2, Mon Jun 22 04:52:53 2020 CEST <damian@fptrucha.inv.usc.es>
# name: hd
# type: matrix
# rows: 6
# columns: 2
 5780 -620
 5761 -372
 10060 -124
 5257 124
 5043 370
 0 620


