# Created by Octave 3.8.2, Mon Jun 22 03:14:31 2020 CEST <damian@fptrucha.inv.usc.es>
# name: hd
# type: matrix
# rows: 6
# columns: 2
 6009 -620
 6026 -372
 10368 -124
 5796 124
 5494 370
 0 620


