# Created by Octave 3.8.2, Mon Jun 22 05:07:41 2020 CEST <damian@fptrucha.inv.usc.es>
# name: hd
# type: matrix
# rows: 6
# columns: 2
 5749 -620
 5839 -372
 10144 -124
 5457 124
 5243 370
 0 620


