# Created by Octave 3.8.2, Sat Jun 20 20:12:38 2020 CEST <damian@fptrucha.inv.usc.es>
# name: hd
# type: matrix
# rows: 6
# columns: 2
 6730 -620
 6649 -372
 11066 -124
 5690 124
 5017 370
 0 620


