# Created by Octave 3.8.2, Mon Jun 22 04:43:32 2020 CEST <damian@fptrucha.inv.usc.es>
# name: hd
# type: matrix
# rows: 6
# columns: 2
 5736 -620
 5711 -372
 9941 -124
 5282 124
 5059 370
 0 620


