# Created by Octave 3.8.2, Mon Jun 22 23:32:48 2020 CEST <damian@fptrucha.inv.usc.es>
# name: hd
# type: matrix
# rows: 6
# columns: 2
 6808 -620
 7096 -372
 11965 -124
 6449 124
 5955 370
 0 620


