# Created by Octave 3.8.2, Sat Jun 20 23:01:24 2020 CEST <damian@fptrucha.inv.usc.es>
# name: hd
# type: matrix
# rows: 6
# columns: 2
 6697 -620
 6579 -372
 11057 -124
 5637 124
 5109 370
 0 620


