# Created by Octave 3.8.2, Sat Jun 20 14:09:37 2020 CEST <damian@fptrucha.inv.usc.es>
# name: hd
# type: matrix
# rows: 6
# columns: 2
 7182 -620
 7113 -372
 11515 -124
 5884 124
 5380 370
 0 620


