# Created by Octave 3.8.2, Sat Jun 20 09:17:27 2020 CEST <damian@fptrucha.inv.usc.es>
# name: hd
# type: matrix
# rows: 6
# columns: 2
 7769 -620
 7695 -372
 12928 -124
 6549 124
 5920 370
 0 620


