# Created by Octave 3.8.2, Sat Jun 20 19:47:13 2020 CEST <damian@fptrucha.inv.usc.es>
# name: hd
# type: matrix
# rows: 6
# columns: 2
 6676 -620
 6715 -372
 11115 -124
 5713 124
 5158 370
 0 620


