# Created by Octave 3.8.2, Mon Jun 22 07:24:22 2020 CEST <damian@fptrucha.inv.usc.es>
# name: hd
# type: matrix
# rows: 6
# columns: 2
 5931 -620
 6056 -372
 10702 -124
 5796 124
 5479 370
 0 620


