# Created by Octave 3.8.2, Sun Jun 21 03:11:51 2020 CEST <damian@fptrucha.inv.usc.es>
# name: hd
# type: matrix
# rows: 6
# columns: 2
 6542 -620
 6402 -372
 10745 -124
 5386 124
 5053 370
 0 620


