# Created by Octave 3.8.2, Mon Jun 22 14:03:34 2020 CEST <damian@fptrucha.inv.usc.es>
# name: hd
# type: matrix
# rows: 6
# columns: 2
 6321 -620
 6620 -372
 11470 -124
 6176 124
 5745 370
 0 620


