# Created by Octave 3.8.2, Sat Jun 20 04:38:02 2020 CEST <damian@fptrucha.inv.usc.es>
# name: hd
# type: matrix
# rows: 6
# columns: 2
 7303 -620
 7456 -372
 12544 -124
 6271 124
 5843 370
 0 620


