# Created by Octave 3.8.2, Mon Jun 22 02:57:39 2020 CEST <damian@fptrucha.inv.usc.es>
# name: hd
# type: matrix
# rows: 6
# columns: 2
 6097 -620
 5991 -372
 10577 -124
 5758 124
 5270 370
 0 620


