# Created by Octave 3.8.2, Sat Jun 20 22:06:42 2020 CEST <damian@fptrucha.inv.usc.es>
# name: hd
# type: matrix
# rows: 6
# columns: 2
 6632 -620
 6648 -372
 10663 -124
 5484 124
 5098 370
 0 620


