# Created by Octave 3.8.2, Sat Jun 20 14:53:53 2020 CEST <damian@fptrucha.inv.usc.es>
# name: hd
# type: matrix
# rows: 6
# columns: 2
 7000 -620
 7014 -372
 11681 -124
 5994 124
 5402 370
 0 620


