# Created by Octave 3.8.2, Sat Jun 20 08:16:15 2020 CEST <damian@fptrucha.inv.usc.es>
# name: hd
# type: matrix
# rows: 6
# columns: 2
 7414 -620
 7536 -372
 12909 -124
 6575 124
 6288 370
 0 620


