# Created by Octave 3.8.2, Mon Jun 22 05:27:40 2020 CEST <damian@fptrucha.inv.usc.es>
# name: hd
# type: matrix
# rows: 6
# columns: 2
 5956 -620
 5894 -372
 10366 -124
 5688 124
 5364 370
 0 620


