# Created by Octave 3.8.2, Mon Jun 22 04:19:00 2020 CEST <damian@fptrucha.inv.usc.es>
# name: hd
# type: matrix
# rows: 6
# columns: 2
 5818 -620
 5795 -372
 10056 -124
 5493 124
 5174 370
 0 620


