# Created by Octave 3.8.2, Sun Jun 21 01:29:09 2020 CEST <damian@fptrucha.inv.usc.es>
# name: hd
# type: matrix
# rows: 6
# columns: 2
 6456 -620
 6509 -372
 10872 -124
 5562 124
 5105 370
 0 620


