# Created by Octave 3.8.2, Mon Jun 22 05:00:06 2020 CEST <damian@fptrucha.inv.usc.es>
# name: hd
# type: matrix
# rows: 6
# columns: 2
 5768 -620
 5961 -372
 9931 -124
 5365 124
 5073 370
 0 620


