# Created by Octave 3.8.2, Mon Jun 22 19:57:24 2020 CEST <damian@fptrucha.inv.usc.es>
# name: hd
# type: matrix
# rows: 6
# columns: 2
 4425 -620
 4362 -372
 7889 -124
 4115 124
 4017 370
 0 620


