# Created by Octave 3.8.2, Mon Jun 22 17:20:18 2020 CEST <damian@fptrucha.inv.usc.es>
# name: hd
# type: matrix
# rows: 6
# columns: 2
 6503 -620
 6751 -372
 11705 -124
 6166 124
 5811 370
 0 620


