# Created by Octave 3.8.2, Mon Jun 22 15:09:33 2020 CEST <damian@fptrucha.inv.usc.es>
# name: hd
# type: matrix
# rows: 6
# columns: 2
 6550 -620
 6729 -372
 11410 -124
 6004 124
 5701 370
 0 620


