# Created by Octave 3.8.2, Mon Jun 22 05:34:13 2020 CEST <damian@fptrucha.inv.usc.es>
# name: hd
# type: matrix
# rows: 6
# columns: 2
 5735 -620
 5831 -372
 10583 -124
 5761 124
 5291 370
 0 620


