# Created by Octave 3.8.2, Mon Jun 22 22:37:59 2020 CEST <damian@fptrucha.inv.usc.es>
# name: hd
# type: matrix
# rows: 6
# columns: 2
 6602 -620
 6988 -372
 11852 -124
 6355 124
 6085 370
 0 620


