# Created by Octave 3.8.2, Mon Jun 22 05:06:43 2020 CEST <damian@fptrucha.inv.usc.es>
# name: hd
# type: matrix
# rows: 6
# columns: 2
 5862 -620
 5856 -372
 10159 -124
 5521 124
 5237 370
 0 620


