# Created by Octave 3.8.2, Sat Jun 20 02:19:16 2020 CEST <damian@fptrucha.inv.usc.es>
# name: hd
# type: matrix
# rows: 6
# columns: 2
 6882 -620
 7066 -372
 12134 -124
 6255 124
 5922 370
 0 620


