# Created by Octave 3.8.2, Sat Jun 20 06:12:12 2020 CEST <damian@fptrucha.inv.usc.es>
# name: hd
# type: matrix
# rows: 6
# columns: 2
 7454 -620
 7504 -372
 12696 -124
 6386 124
 6081 370
 0 620


