# Created by Octave 3.8.2, Mon Jun 22 03:30:28 2020 CEST <damian@fptrucha.inv.usc.es>
# name: hd
# type: matrix
# rows: 6
# columns: 2
 5737 -620
 5872 -372
 10422 -124
 5562 124
 5519 370
 0 620


