# Created by Octave 3.8.2, Mon Jun 22 03:19:52 2020 CEST <damian@fptrucha.inv.usc.es>
# name: hd
# type: matrix
# rows: 6
# columns: 2
 5962 -620
 6021 -372
 10397 -124
 5528 124
 5327 370
 0 620


