# Created by Octave 3.8.2, Sun Jun 21 04:13:21 2020 CEST <damian@fptrucha.inv.usc.es>
# name: hd
# type: matrix
# rows: 6
# columns: 2
 6448 -620
 6630 -372
 10825 -124
 5337 124
 5252 370
 0 620


