# Created by Octave 3.8.2, Mon Jun 22 20:58:10 2020 CEST <damian@fptrucha.inv.usc.es>
# name: hd
# type: matrix
# rows: 6
# columns: 2
 6767 -620
 6693 -372
 12064 -124
 6312 124
 6116 370
 0 620


