# Created by Octave 3.8.2, Sat Jun 20 23:53:35 2020 CEST <damian@fptrucha.inv.usc.es>
# name: hd
# type: matrix
# rows: 6
# columns: 2
 6734 -620
 6578 -372
 10925 -124
 5481 124
 5081 370
 0 620


