# Created by Octave 3.8.2, Mon Jun 22 07:08:42 2020 CEST <damian@fptrucha.inv.usc.es>
# name: hd
# type: matrix
# rows: 6
# columns: 2
 5770 -620
 5949 -372
 10641 -124
 5782 124
 5523 370
 0 620


