# Created by Octave 3.8.2, Mon Jun 22 11:28:57 2020 CEST <damian@fptrucha.inv.usc.es>
# name: hd
# type: matrix
# rows: 6
# columns: 2
 6206 -620
 6231 -372
 10928 -124
 5827 124
 5511 370
 0 620


