# Created by Octave 3.8.2, Mon Jun 22 15:44:11 2020 CEST <damian@fptrucha.inv.usc.es>
# name: hd
# type: matrix
# rows: 6
# columns: 2
 6783 -620
 6744 -372
 11402 -124
 5987 124
 5758 370
 0 620


