# Created by Octave 3.8.2, Sun Jun 21 05:08:23 2020 CEST <damian@fptrucha.inv.usc.es>
# name: hd
# type: matrix
# rows: 6
# columns: 2
 6665 -620
 6660 -372
 11179 -124
 5665 124
 5139 370
 0 620


