# Created by Octave 3.8.2, Mon Jun 22 02:17:52 2020 CEST <damian@fptrucha.inv.usc.es>
# name: hd
# type: matrix
# rows: 6
# columns: 2
 6600 -620
 6499 -372
 10900 -124
 5801 124
 5401 370
 0 620


