# Created by Octave 3.8.2, Mon Jun 22 13:02:55 2020 CEST <damian@fptrucha.inv.usc.es>
# name: hd
# type: matrix
# rows: 6
# columns: 2
 6426 -620
 6416 -372
 11410 -124
 6111 124
 5799 370
 0 620


