# Created by Octave 3.8.2, Mon Jun 22 13:13:14 2020 CEST <damian@fptrucha.inv.usc.es>
# name: hd
# type: matrix
# rows: 6
# columns: 2
 6481 -620
 6450 -372
 11090 -124
 6096 124
 5811 370
 0 620


