# Created by Octave 3.8.2, Sat Jun 20 15:25:08 2020 CEST <damian@fptrucha.inv.usc.es>
# name: hd
# type: matrix
# rows: 6
# columns: 2
 7049 -620
 6837 -372
 11470 -124
 5825 124
 5221 370
 0 620


