# Created by Octave 3.8.2, Mon Jun 22 18:27:31 2020 CEST <damian@fptrucha.inv.usc.es>
# name: hd
# type: matrix
# rows: 6
# columns: 2
 6500 -620
 6604 -372
 11503 -124
 6304 124
 6066 370
 0 620


