# Created by Octave 3.8.2, Sat Jun 20 16:47:11 2020 CEST <damian@fptrucha.inv.usc.es>
# name: hd
# type: matrix
# rows: 6
# columns: 2
 6942 -620
 6896 -372
 11425 -124
 5735 124
 5410 370
 0 620


