# Created by Octave 3.8.2, Sat Jun 20 03:10:25 2020 CEST <damian@fptrucha.inv.usc.es>
# name: hd
# type: matrix
# rows: 6
# columns: 2
 7028 -620
 7187 -372
 12056 -124
 6198 124
 5999 370
 0 620


