# Created by Octave 3.8.2, Sat Jun 20 09:04:43 2020 CEST <damian@fptrucha.inv.usc.es>
# name: hd
# type: matrix
# rows: 6
# columns: 2
 7672 -620
 7589 -372
 12573 -124
 6517 124
 5963 370
 0 620


