# Created by Octave 3.8.2, Mon Jun 22 03:01:02 2020 CEST <damian@fptrucha.inv.usc.es>
# name: hd
# type: matrix
# rows: 6
# columns: 2
 5941 -620
 5936 -372
 10361 -124
 5587 124
 5331 370
 0 620


