# Created by Octave 3.8.2, Mon Jun 22 12:12:38 2020 CEST <damian@fptrucha.inv.usc.es>
# name: hd
# type: matrix
# rows: 6
# columns: 2
 6317 -620
 6383 -372
 11100 -124
 5935 124
 5551 370
 0 620


