# Created by Octave 3.8.2, Mon Jun 22 14:41:24 2020 CEST <damian@fptrucha.inv.usc.es>
# name: hd
# type: matrix
# rows: 6
# columns: 2
 6267 -620
 6650 -372
 11275 -124
 6046 124
 5691 370
 0 620


