# Created by Octave 3.8.2, Mon Jun 22 14:31:03 2020 CEST <damian@fptrucha.inv.usc.es>
# name: hd
# type: matrix
# rows: 6
# columns: 2
 6334 -620
 6365 -372
 11450 -124
 6070 124
 5701 370
 0 620


