# Created by Octave 3.8.2, Sat Jun 20 03:14:04 2020 CEST <damian@fptrucha.inv.usc.es>
# name: hd
# type: matrix
# rows: 6
# columns: 2
 6863 -620
 7474 -372
 12336 -124
 6452 124
 5914 370
 0 620


