# Created by Octave 3.8.2, Sat Jun 20 23:37:51 2020 CEST <damian@fptrucha.inv.usc.es>
# name: hd
# type: matrix
# rows: 6
# columns: 2
 6834 -620
 6697 -372
 10946 -124
 5557 124
 4979 370
 0 620


