# Created by Octave 3.8.2, Mon Jun 22 05:14:05 2020 CEST <damian@fptrucha.inv.usc.es>
# name: hd
# type: matrix
# rows: 6
# columns: 2
 5889 -620
 6068 -372
 10460 -124
 5595 124
 5257 370
 0 620


