# Created by Octave 3.8.2, Sat Jun 20 16:58:27 2020 CEST <damian@fptrucha.inv.usc.es>
# name: hd
# type: matrix
# rows: 6
# columns: 2
 6853 -620
 6883 -372
 11425 -124
 5682 124
 5388 370
 0 620


