# Created by Octave 3.8.2, Mon Jun 22 06:01:18 2020 CEST <damian@fptrucha.inv.usc.es>
# name: hd
# type: matrix
# rows: 6
# columns: 2
 5705 -620
 5917 -372
 10479 -124
 5806 124
 5605 370
 0 620


