# Created by Octave 3.8.2, Sun Jun 21 01:54:49 2020 CEST <damian@fptrucha.inv.usc.es>
# name: hd
# type: matrix
# rows: 6
# columns: 2
 6383 -620
 6587 -372
 10770 -124
 5360 124
 5138 370
 0 620


