# Created by Octave 3.8.2, Mon Jun 22 09:19:15 2020 CEST <damian@fptrucha.inv.usc.es>
# name: hd
# type: matrix
# rows: 6
# columns: 2
 6183 -620
 6152 -372
 10963 -124
 5921 124
 5682 370
 0 620


