# Created by Octave 3.8.2, Mon Jun 22 22:49:27 2020 CEST <damian@fptrucha.inv.usc.es>
# name: hd
# type: matrix
# rows: 6
# columns: 2
 6869 -620
 7185 -372
 11975 -124
 6393 124
 6092 370
 0 620


