# Created by Octave 3.8.2, Mon Jun 22 06:19:50 2020 CEST <damian@fptrucha.inv.usc.es>
# name: hd
# type: matrix
# rows: 6
# columns: 2
 5722 -620
 5970 -372
 10643 -124
 5914 124
 5615 370
 0 620


