# Created by Octave 3.8.2, Sat Jun 20 06:23:44 2020 CEST <damian@fptrucha.inv.usc.es>
# name: hd
# type: matrix
# rows: 6
# columns: 2
 7458 -620
 7677 -372
 12458 -124
 6520 124
 6064 370
 0 620


