# Created by Octave 3.8.2, Mon Jun 22 04:50:04 2020 CEST <damian@fptrucha.inv.usc.es>
# name: hd
# type: matrix
# rows: 6
# columns: 2
 5794 -620
 5853 -372
 9772 -124
 5418 124
 5135 370
 0 620


