# Created by Octave 3.8.2, Sat Jun 20 06:19:29 2020 CEST <damian@fptrucha.inv.usc.es>
# name: hd
# type: matrix
# rows: 6
# columns: 2
 7299 -620
 7484 -372
 12575 -124
 6364 124
 6177 370
 0 620


