# Created by Octave 3.8.2, Mon Jun 22 02:58:36 2020 CEST <damian@fptrucha.inv.usc.es>
# name: hd
# type: matrix
# rows: 6
# columns: 2
 5876 -620
 6005 -372
 10650 -124
 5620 124
 5333 370
 0 620


