# Created by Octave 3.8.2, Mon Jun 22 01:38:10 2020 CEST <damian@fptrucha.inv.usc.es>
# name: hd
# type: matrix
# rows: 6
# columns: 2
 7045 -620
 7024 -372
 11304 -124
 5791 124
 5368 370
 0 620


