# Created by Octave 3.8.2, Mon Jun 22 08:50:43 2020 CEST <damian@fptrucha.inv.usc.es>
# name: hd
# type: matrix
# rows: 6
# columns: 2
 6038 -620
 6176 -372
 10843 -124
 5894 124
 5524 370
 0 620


