# Created by Octave 3.8.2, Sat Jun 20 22:55:16 2020 CEST <damian@fptrucha.inv.usc.es>
# name: hd
# type: matrix
# rows: 6
# columns: 2
 6699 -620
 6517 -372
 11027 -124
 5549 124
 4992 370
 0 620


