# Created by Octave 3.8.2, Sat Jun 20 22:50:02 2020 CEST <damian@fptrucha.inv.usc.es>
# name: hd
# type: matrix
# rows: 6
# columns: 2
 6700 -620
 6487 -372
 10776 -124
 5594 124
 5098 370
 0 620


