# Created by Octave 3.8.2, Sat Jun 20 04:57:28 2020 CEST <damian@fptrucha.inv.usc.es>
# name: hd
# type: matrix
# rows: 6
# columns: 2
 7231 -620
 7267 -372
 12253 -124
 6382 124
 5884 370
 0 620


