# Created by Octave 3.8.2, Sat Jun 20 13:22:19 2020 CEST <damian@fptrucha.inv.usc.es>
# name: hd
# type: matrix
# rows: 6
# columns: 2
 7357 -620
 7343 -372
 11976 -124
 5990 124
 5522 370
 0 620


