# Created by Octave 3.8.2, Mon Jun 22 07:32:26 2020 CEST <damian@fptrucha.inv.usc.es>
# name: hd
# type: matrix
# rows: 6
# columns: 2
 5869 -620
 6060 -372
 10858 -124
 5746 124
 5509 370
 0 620


