# Created by Octave 3.8.2, Mon Jun 22 06:36:33 2020 CEST <damian@fptrucha.inv.usc.es>
# name: hd
# type: matrix
# rows: 6
# columns: 2
 5672 -620
 5956 -372
 10700 -124
 5860 124
 5455 370
 0 620


