# Created by Octave 3.8.2, Sat Jun 20 09:55:05 2020 CEST <damian@fptrucha.inv.usc.es>
# name: hd
# type: matrix
# rows: 6
# columns: 2
 7859 -620
 7814 -372
 12590 -124
 6422 124
 5833 370
 0 620


