# Created by Octave 3.8.2, Sun Jun 21 03:04:19 2020 CEST <damian@fptrucha.inv.usc.es>
# name: hd
# type: matrix
# rows: 6
# columns: 2
 6450 -620
 6545 -372
 10856 -124
 5448 124
 5093 370
 0 620


