# Created by Octave 3.8.2, Sun Jun 21 07:57:15 2020 CEST <damian@fptrucha.inv.usc.es>
# name: hd
# type: matrix
# rows: 6
# columns: 2
 6357 -620
 6709 -372
 10851 -124
 5428 124
 4995 370
 0 620


