# Created by Octave 3.8.2, Mon Jun 22 02:25:09 2020 CEST <damian@fptrucha.inv.usc.es>
# name: hd
# type: matrix
# rows: 6
# columns: 2
 5263 -620
 4692 -372
 7460 -124
 3477 124
 3302 370
 0 620


