# Created by Octave 3.8.2, Sun Jun 21 02:29:10 2020 CEST <damian@fptrucha.inv.usc.es>
# name: hd
# type: matrix
# rows: 6
# columns: 2
 6636 -620
 6690 -372
 10994 -124
 5779 124
 5249 370
 0 620


