# Created by Octave 3.8.2, Mon Jun 22 15:55:18 2020 CEST <damian@fptrucha.inv.usc.es>
# name: hd
# type: matrix
# rows: 6
# columns: 2
 6714 -620
 6845 -372
 11550 -124
 6270 124
 5800 370
 0 620


