# Created by Octave 3.8.2, Mon Jun 22 06:32:37 2020 CEST <damian@fptrucha.inv.usc.es>
# name: hd
# type: matrix
# rows: 6
# columns: 2
 5782 -620
 5994 -372
 10721 -124
 5803 124
 5528 370
 0 620


