# Created by Octave 3.8.2, Sat Jun 20 07:47:57 2020 CEST <damian@fptrucha.inv.usc.es>
# name: hd
# type: matrix
# rows: 6
# columns: 2
 7466 -620
 7576 -372
 12730 -124
 6382 124
 6032 370
 0 620


