# Created by Octave 3.8.2, Mon Jun 22 02:53:46 2020 CEST <damian@fptrucha.inv.usc.es>
# name: hd
# type: matrix
# rows: 6
# columns: 2
 6009 -620
 5892 -372
 10260 -124
 5487 124
 5209 370
 0 620


