# Created by Octave 3.8.2, Sat Jun 20 05:53:45 2020 CEST <damian@fptrucha.inv.usc.es>
# name: hd
# type: matrix
# rows: 6
# columns: 2
 7430 -620
 7495 -372
 12485 -124
 6345 124
 6138 370
 0 620


