# Created by Octave 3.8.2, Sat Jun 20 15:56:37 2020 CEST <damian@fptrucha.inv.usc.es>
# name: hd
# type: matrix
# rows: 6
# columns: 2
 7129 -620
 7041 -372
 11400 -124
 5722 124
 5221 370
 0 620


