# Created by Octave 3.8.2, Sat Jun 20 18:32:05 2020 CEST <damian@fptrucha.inv.usc.es>
# name: hd
# type: matrix
# rows: 6
# columns: 2
 6956 -620
 6647 -372
 11120 -124
 5729 124
 5210 370
 0 620


