# Created by Octave 3.8.2, Mon Jun 22 01:50:28 2020 CEST <damian@fptrucha.inv.usc.es>
# name: hd
# type: matrix
# rows: 6
# columns: 2
 4609 -620
 4595 -372
 7532 -124
 3846 124
 3586 370
 0 620


