# Created by Octave 3.8.2, Mon Jun 22 16:17:51 2020 CEST <damian@fptrucha.inv.usc.es>
# name: hd
# type: matrix
# rows: 6
# columns: 2
 4408 -620
 4396 -372
 7702 -124
 3996 124
 3893 370
 0 620


