# Created by Octave 3.8.2, Mon Jun 22 08:17:23 2020 CEST <damian@fptrucha.inv.usc.es>
# name: hd
# type: matrix
# rows: 6
# columns: 2
 5995 -620
 6088 -372
 10786 -124
 5923 124
 5599 370
 0 620


