# Created by Octave 3.8.2, Sun Jun 21 05:49:00 2020 CEST <damian@fptrucha.inv.usc.es>
# name: hd
# type: matrix
# rows: 6
# columns: 2
 6612 -620
 6600 -372
 11007 -124
 5619 124
 5022 370
 0 620


