# Created by Octave 3.8.2, Mon Jun 22 07:49:24 2020 CEST <damian@fptrucha.inv.usc.es>
# name: hd
# type: matrix
# rows: 6
# columns: 2
 5967 -620
 6294 -372
 10696 -124
 5870 124
 5500 370
 0 620


