# Created by Octave 3.8.2, Sun Jun 21 01:13:13 2020 CEST <damian@fptrucha.inv.usc.es>
# name: hd
# type: matrix
# rows: 6
# columns: 2
 6564 -620
 6689 -372
 10831 -124
 5497 124
 5054 370
 0 620


