# Created by Octave 3.8.2, Mon Jun 22 10:47:30 2020 CEST <damian@fptrucha.inv.usc.es>
# name: hd
# type: matrix
# rows: 6
# columns: 2
 6229 -620
 6223 -372
 11250 -124
 5920 124
 5629 370
 0 620


