# Created by Octave 3.8.2, Sat Jun 20 16:22:41 2020 CEST <damian@fptrucha.inv.usc.es>
# name: hd
# type: matrix
# rows: 6
# columns: 2
 7010 -620
 6811 -372
 11348 -124
 5848 124
 5221 370
 0 620


