# Created by Octave 3.8.2, Sat Jun 20 05:42:12 2020 CEST <damian@fptrucha.inv.usc.es>
# name: hd
# type: matrix
# rows: 6
# columns: 2
 7326 -620
 7478 -372
 12508 -124
 6425 124
 6095 370
 0 620


