# Created by Octave 3.8.2, Mon Jun 22 14:36:27 2020 CEST <damian@fptrucha.inv.usc.es>
# name: hd
# type: matrix
# rows: 6
# columns: 2
 6465 -620
 6515 -372
 11297 -124
 6056 124
 5688 370
 0 620


