# Created by Octave 3.8.2, Mon Jun 22 16:57:07 2020 CEST <damian@fptrucha.inv.usc.es>
# name: hd
# type: matrix
# rows: 6
# columns: 2
 4333 -620
 4372 -372
 7582 -124
 4021 124
 3843 370
 0 620


