# Created by Octave 3.8.2, Sun Jun 21 00:19:11 2020 CEST <damian@fptrucha.inv.usc.es>
# name: hd
# type: matrix
# rows: 6
# columns: 2
 6400 -620
 6617 -372
 10755 -124
 5394 124
 5070 370
 0 620


