# Created by Octave 3.8.2, Mon Jun 22 08:36:37 2020 CEST <damian@fptrucha.inv.usc.es>
# name: hd
# type: matrix
# rows: 6
# columns: 2
 6082 -620
 6159 -372
 10839 -124
 5786 124
 5673 370
 0 620


