# Created by Octave 3.8.2, Mon Jun 22 14:56:44 2020 CEST <damian@fptrucha.inv.usc.es>
# name: hd
# type: matrix
# rows: 6
# columns: 2
 6517 -620
 6667 -372
 11460 -124
 6156 124
 5879 370
 0 620


