# Created by Octave 3.8.2, Mon Jun 22 03:35:53 2020 CEST <damian@fptrucha.inv.usc.es>
# name: hd
# type: matrix
# rows: 6
# columns: 2
 5854 -620
 5917 -372
 10456 -124
 5663 124
 5279 370
 0 620


