# Created by Octave 3.8.2, Sat Jun 20 17:44:40 2020 CEST <damian@fptrucha.inv.usc.es>
# name: hd
# type: matrix
# rows: 6
# columns: 2
 6796 -620
 6818 -372
 11196 -124
 5640 124
 5156 370
 0 620


