# Created by Octave 3.8.2, Sat Jun 20 11:23:38 2020 CEST <damian@fptrucha.inv.usc.es>
# name: hd
# type: matrix
# rows: 6
# columns: 2
 7673 -620
 7376 -372
 12277 -124
 6048 124
 5724 370
 0 620


