# Created by Octave 3.8.2, Mon Jun 22 02:07:09 2020 CEST <damian@fptrucha.inv.usc.es>
# name: hd
# type: matrix
# rows: 6
# columns: 2
 6622 -620
 6470 -372
 10869 -124
 5755 124
 5485 370
 0 620


