# Created by Octave 3.8.2, Sat Jun 20 06:09:18 2020 CEST <damian@fptrucha.inv.usc.es>
# name: hd
# type: matrix
# rows: 6
# columns: 2
 7393 -620
 7407 -372
 12663 -124
 6407 124
 6074 370
 0 620


