# Created by Octave 3.8.2, Sun Jun 21 03:25:39 2020 CEST <damian@fptrucha.inv.usc.es>
# name: hd
# type: matrix
# rows: 6
# columns: 2
 6611 -620
 6545 -372
 10846 -124
 5438 124
 5165 370
 0 620


