# Created by Octave 3.8.2, Mon Jun 22 02:25:54 2020 CEST <damian@fptrucha.inv.usc.es>
# name: hd
# type: matrix
# rows: 6
# columns: 2
 3878 -620
 3178 -372
 4206 -124
 1699 124
 1389 370
 0 620


