# Created by Octave 3.8.2, Sat Jun 20 17:33:29 2020 CEST <damian@fptrucha.inv.usc.es>
# name: hd
# type: matrix
# rows: 6
# columns: 2
 6937 -620
 6813 -372
 11256 -124
 5676 124
 5273 370
 0 620


