# Created by Octave 3.8.2, Sat Jun 20 07:59:10 2020 CEST <damian@fptrucha.inv.usc.es>
# name: hd
# type: matrix
# rows: 6
# columns: 2
 7581 -620
 7427 -372
 12837 -124
 6460 124
 6142 370
 0 620


