# Created by Octave 3.8.2, Sat Jun 20 10:06:07 2020 CEST <damian@fptrucha.inv.usc.es>
# name: hd
# type: matrix
# rows: 6
# columns: 2
 7641 -620
 7690 -372
 12435 -124
 6272 124
 5699 370
 0 620


