# Created by Octave 3.8.2, Mon Jun 22 12:29:09 2020 CEST <damian@fptrucha.inv.usc.es>
# name: hd
# type: matrix
# rows: 6
# columns: 2
 6398 -620
 6469 -372
 11260 -124
 6044 124
 5727 370
 0 620


