# Created by Octave 3.8.2, Mon Jun 22 05:44:55 2020 CEST <damian@fptrucha.inv.usc.es>
# name: hd
# type: matrix
# rows: 6
# columns: 2
 5756 -620
 5836 -372
 10279 -124
 5613 124
 5482 370
 0 620


