# Created by Octave 3.8.2, Mon Jun 22 22:14:27 2020 CEST <damian@fptrucha.inv.usc.es>
# name: hd
# type: matrix
# rows: 6
# columns: 2
 6800 -620
 7002 -372
 11886 -124
 6573 124
 6062 370
 0 620


