# Created by Octave 3.8.2, Sat Jun 20 18:56:28 2020 CEST <damian@fptrucha.inv.usc.es>
# name: hd
# type: matrix
# rows: 6
# columns: 2
 6834 -620
 6632 -372
 11178 -124
 5655 124
 5281 370
 0 620


