# Created by Octave 3.8.2, Mon Jun 22 21:25:33 2020 CEST <damian@fptrucha.inv.usc.es>
# name: hd
# type: matrix
# rows: 6
# columns: 2
 6754 -620
 6879 -372
 11867 -124
 6453 124
 6076 370
 0 620


