# Created by Octave 3.8.2, Sat Jun 20 10:56:53 2020 CEST <damian@fptrucha.inv.usc.es>
# name: hd
# type: matrix
# rows: 6
# columns: 2
 7590 -620
 7577 -372
 12324 -124
 6380 124
 5606 370
 0 620


