# Created by Octave 3.8.2, Sat Jun 20 19:55:06 2020 CEST <damian@fptrucha.inv.usc.es>
# name: hd
# type: matrix
# rows: 6
# columns: 2
 6703 -620
 6735 -372
 11114 -124
 5662 124
 5088 370
 0 620


