# Created by Octave 3.8.2, Mon Jun 22 19:30:27 2020 CEST <damian@fptrucha.inv.usc.es>
# name: hd
# type: matrix
# rows: 6
# columns: 2
 6449 -620
 6753 -372
 11769 -124
 6226 124
 6073 370
 0 620


