# Created by Octave 3.8.2, Sat Jun 20 15:27:45 2020 CEST <damian@fptrucha.inv.usc.es>
# name: hd
# type: matrix
# rows: 6
# columns: 2
 7137 -620
 6930 -372
 11373 -124
 5775 124
 5313 370
 0 620


