# Created by Octave 3.8.2, Mon Jun 22 20:55:43 2020 CEST <damian@fptrucha.inv.usc.es>
# name: hd
# type: matrix
# rows: 6
# columns: 2
 6773 -620
 6823 -372
 11868 -124
 6312 124
 6056 370
 0 620


