# Created by Octave 3.8.2, Sun Jun 21 00:27:47 2020 CEST <damian@fptrucha.inv.usc.es>
# name: hd
# type: matrix
# rows: 6
# columns: 2
 6618 -620
 6595 -372
 10879 -124
 5567 124
 5035 370
 0 620


