# Created by Octave 3.8.2, Mon Jun 22 21:47:38 2020 CEST <damian@fptrucha.inv.usc.es>
# name: hd
# type: matrix
# rows: 6
# columns: 2
 6706 -620
 6855 -372
 11924 -124
 6411 124
 6121 370
 0 620


