# Created by Octave 3.8.2, Mon Jun 22 20:52:14 2020 CEST <damian@fptrucha.inv.usc.es>
# name: hd
# type: matrix
# rows: 6
# columns: 2
 6691 -620
 6888 -372
 11702 -124
 6250 124
 6122 370
 0 620


