# Created by Octave 3.8.2, Sun Jun 21 00:52:58 2020 CEST <damian@fptrucha.inv.usc.es>
# name: hd
# type: matrix
# rows: 6
# columns: 2
 6572 -620
 6505 -372
 10567 -124
 5404 124
 5042 370
 0 620


