# Created by Octave 3.8.2, Sun Jun 21 00:17:03 2020 CEST <damian@fptrucha.inv.usc.es>
# name: hd
# type: matrix
# rows: 6
# columns: 2
 6588 -620
 6487 -372
 10810 -124
 5478 124
 4985 370
 0 620


