# Created by Octave 3.8.2, Sat Jun 20 11:29:23 2020 CEST <damian@fptrucha.inv.usc.es>
# name: hd
# type: matrix
# rows: 6
# columns: 2
 7490 -620
 7458 -372
 12166 -124
 6157 124
 5584 370
 0 620


