# Created by Octave 3.8.2, Sun Jun 21 05:57:49 2020 CEST <damian@fptrucha.inv.usc.es>
# name: hd
# type: matrix
# rows: 6
# columns: 2
 6445 -620
 6410 -372
 10474 -124
 5436 124
 4925 370
 0 620


