# Created by Octave 3.8.2, Sat Jun 20 16:09:23 2020 CEST <damian@fptrucha.inv.usc.es>
# name: hd
# type: matrix
# rows: 6
# columns: 2
 6965 -620
 7069 -372
 11549 -124
 5644 124
 5197 370
 0 620


