# Created by Octave 3.8.2, Sat Jun 20 06:53:37 2020 CEST <damian@fptrucha.inv.usc.es>
# name: hd
# type: matrix
# rows: 6
# columns: 2
 7083 -620
 7509 -372
 12483 -124
 6486 124
 6255 370
 0 620


