# Created by Octave 3.8.2, Sun Jun 21 03:02:33 2020 CEST <damian@fptrucha.inv.usc.es>
# name: hd
# type: matrix
# rows: 6
# columns: 2
 6451 -620
 6482 -372
 10709 -124
 5411 124
 4904 370
 0 620


