# Created by Octave 3.8.2, Sun Jun 21 06:41:59 2020 CEST <damian@fptrucha.inv.usc.es>
# name: hd
# type: matrix
# rows: 6
# columns: 2
 6704 -620
 6863 -372
 11380 -124
 5654 124
 5188 370
 0 620


