# Created by Octave 3.8.2, Sat Jun 20 22:17:59 2020 CEST <damian@fptrucha.inv.usc.es>
# name: hd
# type: matrix
# rows: 6
# columns: 2
 6713 -620
 6820 -372
 10974 -124
 5642 124
 5075 370
 0 620


