# Created by Octave 3.8.2, Sat Jun 20 10:31:42 2020 CEST <damian@fptrucha.inv.usc.es>
# name: hd
# type: matrix
# rows: 6
# columns: 2
 7647 -620
 7555 -372
 12359 -124
 6236 124
 5738 370
 0 620


