# Created by Octave 3.8.2, Sat Jun 20 02:59:19 2020 CEST <damian@fptrucha.inv.usc.es>
# name: hd
# type: matrix
# rows: 6
# columns: 2
 6838 -620
 7345 -372
 12088 -124
 6196 124
 6001 370
 0 620


