# Created by Octave 3.8.2, Mon Jun 22 02:55:40 2020 CEST <damian@fptrucha.inv.usc.es>
# name: hd
# type: matrix
# rows: 6
# columns: 2
 6069 -620
 5854 -372
 10502 -124
 5603 124
 5326 370
 0 620


