# Created by Octave 3.8.2, Mon Jun 22 06:54:05 2020 CEST <damian@fptrucha.inv.usc.es>
# name: hd
# type: matrix
# rows: 6
# columns: 2
 5835 -620
 6060 -372
 10525 -124
 5779 124
 5514 370
 0 620


