# Created by Octave 3.8.2, Mon Jun 22 17:16:54 2020 CEST <damian@fptrucha.inv.usc.es>
# name: hd
# type: matrix
# rows: 6
# columns: 2
 4246 -620
 4332 -372
 7528 -124
 4028 124
 3866 370
 0 620


