# Created by Octave 3.8.2, Mon Jun 22 12:02:33 2020 CEST <damian@fptrucha.inv.usc.es>
# name: hd
# type: matrix
# rows: 6
# columns: 2
 6261 -620
 6340 -372
 11092 -124
 5972 124
 5785 370
 0 620


