# Created by Octave 3.8.2, Mon Jun 22 12:16:55 2020 CEST <damian@fptrucha.inv.usc.es>
# name: hd
# type: matrix
# rows: 6
# columns: 2
 6439 -620
 6308 -372
 11077 -124
 6026 124
 5695 370
 0 620


