# Created by Octave 3.8.2, Mon Jun 22 06:59:38 2020 CEST <damian@fptrucha.inv.usc.es>
# name: hd
# type: matrix
# rows: 6
# columns: 2
 5709 -620
 5978 -372
 10638 -124
 5866 124
 5481 370
 0 620


