# Created by Octave 3.8.2, Mon Jun 22 22:02:38 2020 CEST <damian@fptrucha.inv.usc.es>
# name: hd
# type: matrix
# rows: 6
# columns: 2
 6686 -620
 6870 -372
 11931 -124
 6352 124
 6079 370
 0 620


