# Created by Octave 3.8.2, Sat Jun 20 20:02:21 2020 CEST <damian@fptrucha.inv.usc.es>
# name: hd
# type: matrix
# rows: 6
# columns: 2
 6707 -620
 6763 -372
 10917 -124
 5541 124
 5122 370
 0 620


