# Created by Octave 3.8.2, Sat Jun 20 02:43:27 2020 CEST <damian@fptrucha.inv.usc.es>
# name: hd
# type: matrix
# rows: 6
# columns: 2
 6851 -620
 7139 -372
 12054 -124
 6286 124
 5888 370
 0 620


