# Created by Octave 3.8.2, Sat Jun 20 19:57:13 2020 CEST <damian@fptrucha.inv.usc.es>
# name: hd
# type: matrix
# rows: 6
# columns: 2
 6823 -620
 6792 -372
 10964 -124
 5703 124
 5113 370
 0 620


