# Created by Octave 3.8.2, Sat Jun 20 03:38:27 2020 CEST <damian@fptrucha.inv.usc.es>
# name: hd
# type: matrix
# rows: 6
# columns: 2
 7076 -620
 7183 -372
 12032 -124
 6006 124
 6031 370
 0 620


