# Created by Octave 3.8.2, Mon Jun 22 13:40:49 2020 CEST <damian@fptrucha.inv.usc.es>
# name: hd
# type: matrix
# rows: 6
# columns: 2
 6399 -620
 6435 -372
 11263 -124
 6126 124
 5784 370
 0 620


