# Created by Octave 3.8.2, Tue Jun 23 00:41:22 2020 CEST <damian@fptrucha.inv.usc.es>
# name: hd
# type: matrix
# rows: 6
# columns: 2
 6786 -620
 6870 -372
 12063 -124
 6392 124
 6068 370
 0 620


