# Created by Octave 3.8.2, Mon Jun 22 00:38:54 2020 CEST <damian@fptrucha.inv.usc.es>
# name: hd
# type: matrix
# rows: 6
# columns: 2
 6747 -620
 6786 -372
 10851 -124
 5562 124
 5206 370
 0 620


