# Created by Octave 3.8.2, Sat Jun 20 07:31:44 2020 CEST <damian@fptrucha.inv.usc.es>
# name: hd
# type: matrix
# rows: 6
# columns: 2
 7434 -620
 7419 -372
 12701 -124
 6562 124
 6102 370
 0 620


