# Created by Octave 3.8.2, Mon Jun 22 13:06:46 2020 CEST <damian@fptrucha.inv.usc.es>
# name: hd
# type: matrix
# rows: 6
# columns: 2
 6461 -620
 6484 -372
 11147 -124
 6145 124
 5719 370
 0 620


