# Created by Octave 3.8.2, Sun Jun 21 03:08:38 2020 CEST <damian@fptrucha.inv.usc.es>
# name: hd
# type: matrix
# rows: 6
# columns: 2
 6576 -620
 6553 -372
 10773 -124
 5589 124
 5047 370
 0 620


