# Created by Octave 3.8.2, Sat Jun 20 17:52:28 2020 CEST <damian@fptrucha.inv.usc.es>
# name: hd
# type: matrix
# rows: 6
# columns: 2
 6788 -620
 6568 -372
 11176 -124
 5654 124
 5184 370
 0 620


