# Created by Octave 3.8.2, Mon Jun 22 22:50:39 2020 CEST <damian@fptrucha.inv.usc.es>
# name: hd
# type: matrix
# rows: 6
# columns: 2
 6852 -620
 7093 -372
 12045 -124
 6297 124
 6003 370
 0 620


