# Created by Octave 3.8.2, Mon Jun 22 01:51:32 2020 CEST <damian@fptrucha.inv.usc.es>
# name: hd
# type: matrix
# rows: 6
# columns: 2
 6897 -620
 6776 -372
 11312 -124
 5799 124
 5410 370
 0 620


