# Created by Octave 3.8.2, Mon Jun 22 00:53:18 2020 CEST <damian@fptrucha.inv.usc.es>
# name: hd
# type: matrix
# rows: 6
# columns: 2
 6823 -620
 6959 -372
 11141 -124
 5818 124
 5254 370
 0 620


