# Created by Octave 3.8.2, Tue Jun 23 00:03:20 2020 CEST <damian@fptrucha.inv.usc.es>
# name: hd
# type: matrix
# rows: 6
# columns: 2
 6678 -620
 6947 -372
 11784 -124
 6289 124
 6151 370
 0 620


