# Created by Octave 3.8.2, Sun Jun 21 07:34:26 2020 CEST <damian@fptrucha.inv.usc.es>
# name: hd
# type: matrix
# rows: 6
# columns: 2
 6933 -620
 6983 -372
 11403 -124
 5746 124
 5243 370
 0 620


