# Created by Octave 3.8.2, Mon Jun 22 01:01:59 2020 CEST <damian@fptrucha.inv.usc.es>
# name: hd
# type: matrix
# rows: 6
# columns: 2
 6915 -620
 6897 -372
 11644 -124
 5729 124
 5404 370
 0 620


