# Created by Octave 3.8.2, Mon Jun 22 09:40:11 2020 CEST <damian@fptrucha.inv.usc.es>
# name: hd
# type: matrix
# rows: 6
# columns: 2
 3957 -620
 4048 -372
 7177 -124
 3873 124
 3658 370
 0 620


