# Created by Octave 3.8.2, Sat Jun 20 07:44:57 2020 CEST <damian@fptrucha.inv.usc.es>
# name: hd
# type: matrix
# rows: 6
# columns: 2
 7335 -620
 7597 -372
 12745 -124
 6573 124
 6230 370
 0 620


