# Created by Octave 3.8.2, Mon Jun 22 01:42:27 2020 CEST <damian@fptrucha.inv.usc.es>
# name: hd
# type: matrix
# rows: 6
# columns: 2
 7086 -620
 6915 -372
 11324 -124
 5799 124
 5356 370
 0 620


