# Created by Octave 3.8.2, Mon Jun 22 13:32:11 2020 CEST <damian@fptrucha.inv.usc.es>
# name: hd
# type: matrix
# rows: 6
# columns: 2
 6231 -620
 6556 -372
 11190 -124
 6113 124
 5768 370
 0 620


