# Created by Octave 3.8.2, Mon Jun 22 05:09:41 2020 CEST <damian@fptrucha.inv.usc.es>
# name: hd
# type: matrix
# rows: 6
# columns: 2
 5885 -620
 5876 -372
 10258 -124
 5458 124
 5267 370
 0 620


