# Created by Octave 3.8.2, Sun Jun 21 06:08:43 2020 CEST <damian@fptrucha.inv.usc.es>
# name: hd
# type: matrix
# rows: 6
# columns: 2
 6590 -620
 6694 -372
 11005 -124
 5527 124
 5126 370
 0 620


