# Created by Octave 3.8.2, Sun Jun 21 06:46:30 2020 CEST <damian@fptrucha.inv.usc.es>
# name: hd
# type: matrix
# rows: 6
# columns: 2
 6475 -620
 6770 -372
 11006 -124
 5353 124
 5019 370
 0 620


