# Created by Octave 3.8.2, Mon Jun 22 13:27:52 2020 CEST <damian@fptrucha.inv.usc.es>
# name: hd
# type: matrix
# rows: 6
# columns: 2
 6407 -620
 6489 -372
 11198 -124
 6073 124
 5678 370
 0 620


