# Created by Octave 3.8.2, Mon Jun 22 02:36:56 2020 CEST <damian@fptrucha.inv.usc.es>
# name: hd
# type: matrix
# rows: 6
# columns: 2
 5854 -620
 6159 -372
 10363 -124
 5642 124
 5412 370
 0 620


