# Created by Octave 3.8.2, Mon Jun 22 04:07:41 2020 CEST <damian@fptrucha.inv.usc.es>
# name: hd
# type: matrix
# rows: 6
# columns: 2
 5991 -620
 5938 -372
 10211 -124
 5574 124
 5164 370
 0 620


