# Created by Octave 3.8.2, Sat Jun 20 18:59:00 2020 CEST <damian@fptrucha.inv.usc.es>
# name: hd
# type: matrix
# rows: 6
# columns: 2
 6748 -620
 6674 -372
 11125 -124
 5692 124
 5139 370
 0 620


