# Created by Octave 3.8.2, Mon Jun 22 09:12:00 2020 CEST <damian@fptrucha.inv.usc.es>
# name: hd
# type: matrix
# rows: 6
# columns: 2
 6223 -620
 6315 -372
 10639 -124
 5798 124
 5540 370
 0 620


