# Created by Octave 3.8.2, Mon Jun 22 01:09:20 2020 CEST <damian@fptrucha.inv.usc.es>
# name: hd
# type: matrix
# rows: 6
# columns: 2
 6873 -620
 6853 -372
 11301 -124
 5663 124
 5165 370
 0 620


