# Created by Octave 3.8.2, Mon Jun 22 03:49:53 2020 CEST <damian@fptrucha.inv.usc.es>
# name: hd
# type: matrix
# rows: 6
# columns: 2
 3970 -620
 4032 -372
 6865 -124
 3669 124
 3505 370
 0 620


