# Created by Octave 3.8.2, Sat Jun 20 18:46:23 2020 CEST <damian@fptrucha.inv.usc.es>
# name: hd
# type: matrix
# rows: 6
# columns: 2
 6776 -620
 6767 -372
 11252 -124
 5697 124
 5142 370
 0 620


