# Created by Octave 3.8.2, Mon Jun 22 12:51:13 2020 CEST <damian@fptrucha.inv.usc.es>
# name: hd
# type: matrix
# rows: 6
# columns: 2
 6498 -620
 6413 -372
 11403 -124
 6083 124
 5649 370
 0 620


