# Created by Octave 3.8.2, Sat Jun 20 05:15:31 2020 CEST <damian@fptrucha.inv.usc.es>
# name: hd
# type: matrix
# rows: 6
# columns: 2
 4854 -620
 4844 -372
 8224 -124
 4169 124
 3758 370
 0 620


