# Created by Octave 3.8.2, Mon Jun 22 00:44:05 2020 CEST <damian@fptrucha.inv.usc.es>
# name: hd
# type: matrix
# rows: 6
# columns: 2
 6607 -620
 6666 -372
 10889 -124
 5504 124
 5015 370
 0 620


