# Created by Octave 3.8.2, Sat Jun 20 18:26:48 2020 CEST <damian@fptrucha.inv.usc.es>
# name: hd
# type: matrix
# rows: 6
# columns: 2
 6877 -620
 6667 -372
 11205 -124
 5803 124
 5138 370
 0 620


