# Created by Octave 3.8.2, Sun Jun 21 05:32:44 2020 CEST <damian@fptrucha.inv.usc.es>
# name: hd
# type: matrix
# rows: 6
# columns: 2
 6680 -620
 6598 -372
 10922 -124
 5506 124
 5144 370
 0 620


