# Created by Octave 3.8.2, Mon Jun 22 04:29:03 2020 CEST <damian@fptrucha.inv.usc.es>
# name: hd
# type: matrix
# rows: 6
# columns: 2
 5845 -620
 5753 -372
 9893 -124
 5391 124
 5093 370
 0 620


