# Created by Octave 3.8.2, Mon Jun 22 10:14:25 2020 CEST <damian@fptrucha.inv.usc.es>
# name: hd
# type: matrix
# rows: 6
# columns: 2
 6264 -620
 6370 -372
 10998 -124
 5880 124
 5690 370
 0 620


