# Created by Octave 3.8.2, Sat Jun 20 13:25:06 2020 CEST <damian@fptrucha.inv.usc.es>
# name: hd
# type: matrix
# rows: 6
# columns: 2
 7446 -620
 7231 -372
 12209 -124
 6025 124
 5463 370
 0 620


