# Created by Octave 3.8.2, Mon Jun 22 19:36:10 2020 CEST <damian@fptrucha.inv.usc.es>
# name: hd
# type: matrix
# rows: 6
# columns: 2
 6528 -620
 6597 -372
 11663 -124
 6403 124
 6060 370
 0 620


