# Created by Octave 3.8.2, Mon Jun 22 06:55:04 2020 CEST <damian@fptrucha.inv.usc.es>
# name: hd
# type: matrix
# rows: 6
# columns: 2
 5743 -620
 5945 -372
 10461 -124
 5809 124
 5562 370
 0 620


