# Created by Octave 3.8.2, Sat Jun 20 20:29:03 2020 CEST <damian@fptrucha.inv.usc.es>
# name: hd
# type: matrix
# rows: 6
# columns: 2
 6850 -620
 6744 -372
 11166 -124
 5619 124
 5153 370
 0 620


