# Created by Octave 3.8.2, Mon Jun 22 03:44:32 2020 CEST <damian@fptrucha.inv.usc.es>
# name: hd
# type: matrix
# rows: 6
# columns: 2
 5926 -620
 5871 -372
 10360 -124
 5682 124
 5314 370
 0 620


