# Created by Octave 3.8.2, Sat Jun 20 04:35:11 2020 CEST <damian@fptrucha.inv.usc.es>
# name: hd
# type: matrix
# rows: 6
# columns: 2
 7336 -620
 7328 -372
 12275 -124
 6303 124
 6028 370
 0 620


