# Created by Octave 3.8.2, Sat Jun 20 16:43:14 2020 CEST <damian@fptrucha.inv.usc.es>
# name: hd
# type: matrix
# rows: 6
# columns: 2
 6765 -620
 6822 -372
 11163 -124
 5791 124
 5090 370
 0 620


