# Created by Octave 3.8.2, Sun Jun 21 05:59:42 2020 CEST <damian@fptrucha.inv.usc.es>
# name: hd
# type: matrix
# rows: 6
# columns: 2
 4133 -620
 4260 -372
 7045 -124
 3612 124
 3258 370
 0 620


