# Created by Octave 3.8.2, Sun Jun 21 05:43:29 2020 CEST <damian@fptrucha.inv.usc.es>
# name: hd
# type: matrix
# rows: 6
# columns: 2
 6499 -620
 6686 -372
 10928 -124
 5413 124
 5149 370
 0 620


