# Created by Octave 3.8.2, Mon Jun 22 00:36:13 2020 CEST <damian@fptrucha.inv.usc.es>
# name: hd
# type: matrix
# rows: 6
# columns: 2
 6544 -620
 6611 -372
 11109 -124
 5546 124
 5034 370
 0 620


