# Created by Octave 3.8.2, Mon Jun 22 02:27:36 2020 CEST <damian@fptrucha.inv.usc.es>
# name: hd
# type: matrix
# rows: 6
# columns: 2
 168 -620
 160 -372
 263 -124
 92 124
 21 370
 0 620


