# Created by Octave 3.8.2, Sun Jun 21 01:06:00 2020 CEST <damian@fptrucha.inv.usc.es>
# name: hd
# type: matrix
# rows: 6
# columns: 2
 6572 -620
 6507 -372
 10718 -124
 5351 124
 5097 370
 0 620


