# Created by Octave 3.8.2, Mon Jun 22 17:54:25 2020 CEST <damian@fptrucha.inv.usc.es>
# name: hd
# type: matrix
# rows: 6
# columns: 2
 6341 -620
 6622 -372
 11687 -124
 6229 124
 5856 370
 0 620


