# Created by Octave 3.8.2, Mon Jun 22 02:06:11 2020 CEST <damian@fptrucha.inv.usc.es>
# name: hd
# type: matrix
# rows: 6
# columns: 2
 6638 -620
 6538 -372
 10900 -124
 5704 124
 5468 370
 0 620


