# Created by Octave 3.8.2, Mon Jun 22 13:48:58 2020 CEST <damian@fptrucha.inv.usc.es>
# name: hd
# type: matrix
# rows: 6
# columns: 2
 6440 -620
 6447 -372
 11348 -124
 6059 124
 5788 370
 0 620


