# Created by Octave 3.8.2, Mon Jun 22 19:18:54 2020 CEST <damian@fptrucha.inv.usc.es>
# name: hd
# type: matrix
# rows: 6
# columns: 2
 6334 -620
 6665 -372
 11708 -124
 6301 124
 5830 370
 0 620


