# Created by Octave 3.8.2, Sat Jun 20 08:31:13 2020 CEST <damian@fptrucha.inv.usc.es>
# name: hd
# type: matrix
# rows: 6
# columns: 2
 7718 -620
 7705 -372
 12808 -124
 6459 124
 6026 370
 0 620


