# Created by Octave 3.8.2, Mon Jun 22 16:27:46 2020 CEST <damian@fptrucha.inv.usc.es>
# name: hd
# type: matrix
# rows: 6
# columns: 2
 6583 -620
 6560 -372
 11503 -124
 6254 124
 5802 370
 0 620


