# Created by Octave 3.8.2, Sat Jun 20 21:49:48 2020 CEST <damian@fptrucha.inv.usc.es>
# name: hd
# type: matrix
# rows: 6
# columns: 2
 4436 -620
 4377 -372
 7218 -124
 3672 124
 3312 370
 0 620


