# Created by Octave 3.8.2, Sat Jun 20 07:01:47 2020 CEST <damian@fptrucha.inv.usc.es>
# name: hd
# type: matrix
# rows: 6
# columns: 2
 7385 -620
 7505 -372
 12739 -124
 6456 124
 6294 370
 0 620


