# Created by Octave 3.8.2, Sat Jun 20 10:03:16 2020 CEST <damian@fptrucha.inv.usc.es>
# name: hd
# type: matrix
# rows: 6
# columns: 2
 7686 -620
 7477 -372
 12551 -124
 6158 124
 5920 370
 0 620


