# Created by Octave 3.8.2, Sat Jun 20 16:53:10 2020 CEST <damian@fptrucha.inv.usc.es>
# name: hd
# type: matrix
# rows: 6
# columns: 2
 6804 -620
 6803 -372
 11180 -124
 5679 124
 5271 370
 0 620


