# Created by Octave 3.8.2, Mon Jun 22 10:34:03 2020 CEST <damian@fptrucha.inv.usc.es>
# name: hd
# type: matrix
# rows: 6
# columns: 2
 6238 -620
 6404 -372
 11006 -124
 5909 124
 5642 370
 0 620


