# Created by Octave 3.8.2, Mon Jun 22 08:20:29 2020 CEST <damian@fptrucha.inv.usc.es>
# name: hd
# type: matrix
# rows: 6
# columns: 2
 5965 -620
 6087 -372
 10923 -124
 5903 124
 5513 370
 0 620


