# Created by Octave 3.8.2, Mon Jun 22 10:49:36 2020 CEST <damian@fptrucha.inv.usc.es>
# name: hd
# type: matrix
# rows: 6
# columns: 2
 6205 -620
 6529 -372
 11023 -124
 5836 124
 5621 370
 0 620


