# Created by Octave 3.8.2, Sun Jun 21 01:14:19 2020 CEST <damian@fptrucha.inv.usc.es>
# name: hd
# type: matrix
# rows: 6
# columns: 2
 6855 -620
 6507 -372
 10891 -124
 5603 124
 5026 370
 0 620


