# Created by Octave 3.8.2, Mon Jun 22 08:27:18 2020 CEST <damian@fptrucha.inv.usc.es>
# name: hd
# type: matrix
# rows: 6
# columns: 2
 3935 -620
 4060 -372
 7205 -124
 3850 124
 3690 370
 0 620


