# Created by Octave 3.8.2, Mon Jun 22 04:04:17 2020 CEST <damian@fptrucha.inv.usc.es>
# name: hd
# type: matrix
# rows: 6
# columns: 2
 5999 -620
 5956 -372
 10238 -124
 5495 124
 5153 370
 0 620


