# Created by Octave 3.8.2, Sat Jun 20 16:10:42 2020 CEST <damian@fptrucha.inv.usc.es>
# name: hd
# type: matrix
# rows: 6
# columns: 2
 6845 -620
 7005 -372
 11591 -124
 5732 124
 5320 370
 0 620


