# Created by Octave 3.8.2, Sat Jun 20 14:45:42 2020 CEST <damian@fptrucha.inv.usc.es>
# name: hd
# type: matrix
# rows: 6
# columns: 2
 7018 -620
 7148 -372
 11657 -124
 5924 124
 5411 370
 0 620


