# Created by Octave 3.8.2, Mon Jun 22 14:28:55 2020 CEST <damian@fptrucha.inv.usc.es>
# name: hd
# type: matrix
# rows: 6
# columns: 2
 6367 -620
 6513 -372
 11317 -124
 6078 124
 5753 370
 0 620


