# Created by Octave 3.8.2, Sat Jun 20 23:14:29 2020 CEST <damian@fptrucha.inv.usc.es>
# name: hd
# type: matrix
# rows: 6
# columns: 2
 6662 -620
 6573 -372
 10912 -124
 5536 124
 4962 370
 0 620


