# Created by Octave 3.8.2, Mon Jun 22 01:43:30 2020 CEST <damian@fptrucha.inv.usc.es>
# name: hd
# type: matrix
# rows: 6
# columns: 2
 7119 -620
 6821 -372
 11408 -124
 5717 124
 5473 370
 0 620


