# Created by Octave 3.8.2, Mon Jun 22 23:10:45 2020 CEST <damian@fptrucha.inv.usc.es>
# name: hd
# type: matrix
# rows: 6
# columns: 2
 6949 -620
 6988 -372
 11917 -124
 6394 124
 6125 370
 0 620


