# Created by Octave 3.8.2, Mon Jun 22 21:50:01 2020 CEST <damian@fptrucha.inv.usc.es>
# name: hd
# type: matrix
# rows: 6
# columns: 2
 6660 -620
 6918 -372
 11943 -124
 6424 124
 6137 370
 0 620


