# Created by Octave 3.8.2, Sun Jun 21 06:17:43 2020 CEST <damian@fptrucha.inv.usc.es>
# name: hd
# type: matrix
# rows: 6
# columns: 2
 6548 -620
 6622 -372
 10824 -124
 5600 124
 5007 370
 0 620


