# Created by Octave 3.8.2, Mon Jun 22 10:39:04 2020 CEST <damian@fptrucha.inv.usc.es>
# name: hd
# type: matrix
# rows: 6
# columns: 2
 6215 -620
 6382 -372
 11025 -124
 6012 124
 5732 370
 0 620


