# Created by Octave 3.8.2, Sat Jun 20 13:42:34 2020 CEST <damian@fptrucha.inv.usc.es>
# name: hd
# type: matrix
# rows: 6
# columns: 2
 4860 -620
 4688 -372
 7742 -124
 3956 124
 3647 370
 0 620


