# Created by Octave 3.8.2, Mon Jun 22 17:12:49 2020 CEST <damian@fptrucha.inv.usc.es>
# name: hd
# type: matrix
# rows: 6
# columns: 2
 6478 -620
 6612 -372
 11567 -124
 6307 124
 5875 370
 0 620


