# Created by Octave 3.8.2, Sat Jun 20 23:02:45 2020 CEST <damian@fptrucha.inv.usc.es>
# name: hd
# type: matrix
# rows: 6
# columns: 2
 6628 -620
 6579 -372
 11019 -124
 5561 124
 5026 370
 0 620


