# Created by Octave 3.8.2, Sat Jun 20 20:39:27 2020 CEST <damian@fptrucha.inv.usc.es>
# name: hd
# type: matrix
# rows: 6
# columns: 2
 6854 -620
 6839 -372
 10971 -124
 5667 124
 5120 370
 0 620


