# Created by Octave 3.8.2, Sun Jun 21 00:56:19 2020 CEST <damian@fptrucha.inv.usc.es>
# name: hd
# type: matrix
# rows: 6
# columns: 2
 6663 -620
 6722 -372
 10942 -124
 5427 124
 5183 370
 0 620


