# Created by Octave 3.8.2, Sat Jun 20 09:26:18 2020 CEST <damian@fptrucha.inv.usc.es>
# name: hd
# type: matrix
# rows: 6
# columns: 2
 7705 -620
 7701 -372
 12745 -124
 6637 124
 5924 370
 0 620


