# Created by Octave 3.8.2, Sat Jun 20 22:37:09 2020 CEST <damian@fptrucha.inv.usc.es>
# name: hd
# type: matrix
# rows: 6
# columns: 2
 6797 -620
 6702 -372
 10978 -124
 5395 124
 4950 370
 0 620


