# Created by Octave 3.8.2, Mon Jun 22 23:23:43 2020 CEST <damian@fptrucha.inv.usc.es>
# name: hd
# type: matrix
# rows: 6
# columns: 2
 7024 -620
 6889 -372
 11965 -124
 6335 124
 5997 370
 0 620


