# Created by Octave 3.8.2, Sat Jun 20 16:18:38 2020 CEST <damian@fptrucha.inv.usc.es>
# name: hd
# type: matrix
# rows: 6
# columns: 2
 7044 -620
 7007 -372
 11397 -124
 5761 124
 5324 370
 0 620


