# Created by Octave 3.8.2, Sat Jun 20 02:37:56 2020 CEST <damian@fptrucha.inv.usc.es>
# name: hd
# type: matrix
# rows: 6
# columns: 2
 6774 -620
 7187 -372
 12120 -124
 6167 124
 6005 370
 0 620


