# Created by Octave 3.8.2, Mon Jun 22 05:33:15 2020 CEST <damian@fptrucha.inv.usc.es>
# name: hd
# type: matrix
# rows: 6
# columns: 2
 6015 -620
 5970 -372
 10468 -124
 5734 124
 5393 370
 0 620


