# Created by Octave 3.8.2, Mon Jun 22 21:27:57 2020 CEST <damian@fptrucha.inv.usc.es>
# name: hd
# type: matrix
# rows: 6
# columns: 2
 6961 -620
 6918 -372
 12009 -124
 6337 124
 5998 370
 0 620


