# Created by Octave 3.8.2, Mon Jun 22 10:04:52 2020 CEST <damian@fptrucha.inv.usc.es>
# name: hd
# type: matrix
# rows: 6
# columns: 2
 6303 -620
 6473 -372
 11009 -124
 5950 124
 5673 370
 0 620


