# Created by Octave 3.8.2, Mon Jun 22 05:04:50 2020 CEST <damian@fptrucha.inv.usc.es>
# name: hd
# type: matrix
# rows: 6
# columns: 2
 5888 -620
 5853 -372
 10153 -124
 5335 124
 5230 370
 0 620


