# Created by Octave 3.8.2, Mon Jun 22 01:04:08 2020 CEST <damian@fptrucha.inv.usc.es>
# name: hd
# type: matrix
# rows: 6
# columns: 2
 6965 -620
 6869 -372
 11386 -124
 5720 124
 5092 370
 0 620


