# Created by Octave 3.8.2, Sat Jun 20 08:13:50 2020 CEST <damian@fptrucha.inv.usc.es>
# name: hd
# type: matrix
# rows: 6
# columns: 2
 7366 -620
 7719 -372
 12863 -124
 6530 124
 6097 370
 0 620


