# Created by Octave 3.8.2, Sun Jun 21 06:50:56 2020 CEST <damian@fptrucha.inv.usc.es>
# name: hd
# type: matrix
# rows: 6
# columns: 2
 6486 -620
 6462 -372
 10705 -124
 5402 124
 4836 370
 0 620


