# Created by Octave 3.8.2, Sun Jun 21 04:26:17 2020 CEST <damian@fptrucha.inv.usc.es>
# name: hd
# type: matrix
# rows: 6
# columns: 2
 6615 -620
 6637 -372
 10765 -124
 5527 124
 5255 370
 0 620


