# Created by Octave 3.8.2, Sat Jun 20 14:28:36 2020 CEST <damian@fptrucha.inv.usc.es>
# name: hd
# type: matrix
# rows: 6
# columns: 2
 7276 -620
 7077 -372
 11746 -124
 5996 124
 5329 370
 0 620


