# Created by Octave 3.8.2, Mon Jun 22 06:42:08 2020 CEST <damian@fptrucha.inv.usc.es>
# name: hd
# type: matrix
# rows: 6
# columns: 2
 5795 -620
 5976 -372
 10532 -124
 5733 124
 5553 370
 0 620


