# Created by Octave 3.8.2, Sat Jun 20 09:46:15 2020 CEST <damian@fptrucha.inv.usc.es>
# name: hd
# type: matrix
# rows: 6
# columns: 2
 7616 -620
 7766 -372
 12685 -124
 6346 124
 5736 370
 0 620


