# Created by Octave 3.8.2, Sun Jun 21 06:23:00 2020 CEST <damian@fptrucha.inv.usc.es>
# name: hd
# type: matrix
# rows: 6
# columns: 2
 6636 -620
 6512 -372
 10713 -124
 5433 124
 4971 370
 0 620


