# Created by Octave 3.8.2, Mon Jun 22 02:26:56 2020 CEST <damian@fptrucha.inv.usc.es>
# name: hd
# type: matrix
# rows: 6
# columns: 2
 1132 -620
 889 -372
 1006 -124
 242 124
 92 370
 0 620


