# Created by Octave 3.8.2, Sat Jun 20 04:42:24 2020 CEST <damian@fptrucha.inv.usc.es>
# name: hd
# type: matrix
# rows: 6
# columns: 2
 7240 -620
 7341 -372
 12362 -124
 6199 124
 5756 370
 0 620


