# Created by Octave 3.8.2, Sun Jun 21 00:49:44 2020 CEST <damian@fptrucha.inv.usc.es>
# name: hd
# type: matrix
# rows: 6
# columns: 2
 6590 -620
 6676 -372
 11048 -124
 5401 124
 5068 370
 0 620


