# Created by Octave 3.8.2, Sat Jun 20 22:20:34 2020 CEST <damian@fptrucha.inv.usc.es>
# name: hd
# type: matrix
# rows: 6
# columns: 2
 6920 -620
 6697 -372
 11045 -124
 5605 124
 5230 370
 0 620


