# Created by Octave 3.8.2, Sun Jun 21 03:52:52 2020 CEST <damian@fptrucha.inv.usc.es>
# name: hd
# type: matrix
# rows: 6
# columns: 2
 6483 -620
 6545 -372
 10949 -124
 5514 124
 5184 370
 0 620


