# Created by Octave 3.8.2, Sun Jun 21 06:10:59 2020 CEST <damian@fptrucha.inv.usc.es>
# name: hd
# type: matrix
# rows: 6
# columns: 2
 6499 -620
 6712 -372
 10972 -124
 5602 124
 4966 370
 0 620


