# Created by Octave 3.8.2, Sun Jun 21 03:42:53 2020 CEST <damian@fptrucha.inv.usc.es>
# name: hd
# type: matrix
# rows: 6
# columns: 2
 6544 -620
 6582 -372
 10834 -124
 5498 124
 5022 370
 0 620


