# Created by Octave 3.8.2, Mon Jun 22 02:27:57 2020 CEST <damian@fptrucha.inv.usc.es>
# name: hd
# type: matrix
# rows: 6
# columns: 2
 41 -620
 62 -372
 116 -124
 53 124
 12 370
 0 620


