# Created by Octave 3.8.2, Mon Jun 22 21:33:53 2020 CEST <damian@fptrucha.inv.usc.es>
# name: hd
# type: matrix
# rows: 6
# columns: 2
 6810 -620
 7048 -372
 11700 -124
 6176 124
 5927 370
 0 620


