# Created by Octave 3.8.2, Mon Jun 22 00:39:57 2020 CEST <damian@fptrucha.inv.usc.es>
# name: hd
# type: matrix
# rows: 6
# columns: 2
 6744 -620
 6820 -372
 10966 -124
 5531 124
 5165 370
 0 620


