# Created by Octave 3.8.2, Mon Jun 22 12:36:37 2020 CEST <damian@fptrucha.inv.usc.es>
# name: hd
# type: matrix
# rows: 6
# columns: 2
 6307 -620
 6413 -372
 11261 -124
 5986 124
 5534 370
 0 620


