# Created by Octave 3.8.2, Sun Jun 21 01:47:09 2020 CEST <damian@fptrucha.inv.usc.es>
# name: hd
# type: matrix
# rows: 6
# columns: 2
 6575 -620
 6564 -372
 10925 -124
 5671 124
 5163 370
 0 620


