# Created by Octave 3.8.2, Mon Jun 22 15:32:25 2020 CEST <damian@fptrucha.inv.usc.es>
# name: hd
# type: matrix
# rows: 6
# columns: 2
 6695 -620
 6589 -372
 11482 -124
 6168 124
 5735 370
 0 620


