# Created by Octave 3.8.2, Mon Jun 22 17:51:01 2020 CEST <damian@fptrucha.inv.usc.es>
# name: hd
# type: matrix
# rows: 6
# columns: 2
 6594 -620
 6594 -372
 11727 -124
 6240 124
 5919 370
 0 620


