# Created by Octave 3.8.2, Mon Jun 22 14:39:41 2020 CEST <damian@fptrucha.inv.usc.es>
# name: hd
# type: matrix
# rows: 6
# columns: 2
 6488 -620
 6399 -372
 11438 -124
 5898 124
 5827 370
 0 620


