# Created by Octave 3.8.2, Sat Jun 20 11:59:48 2020 CEST <damian@fptrucha.inv.usc.es>
# name: hd
# type: matrix
# rows: 6
# columns: 2
 7588 -620
 7160 -372
 12297 -124
 6120 124
 5680 370
 0 620


