# Created by Octave 3.8.2, Mon Jun 22 03:02:02 2020 CEST <damian@fptrucha.inv.usc.es>
# name: hd
# type: matrix
# rows: 6
# columns: 2
 5686 -620
 5932 -372
 10475 -124
 5602 124
 5428 370
 0 620


