# Created by Octave 3.8.2, Sun Jun 21 07:49:21 2020 CEST <damian@fptrucha.inv.usc.es>
# name: hd
# type: matrix
# rows: 6
# columns: 2
 6726 -620
 6673 -372
 10978 -124
 5532 124
 5165 370
 0 620


