# Created by Octave 3.8.2, Sat Jun 20 17:39:28 2020 CEST <damian@fptrucha.inv.usc.es>
# name: hd
# type: matrix
# rows: 6
# columns: 2
 6882 -620
 6864 -372
 11061 -124
 5560 124
 5200 370
 0 620


