# Created by Octave 3.8.2, Sat Jun 20 18:15:40 2020 CEST <damian@fptrucha.inv.usc.es>
# name: hd
# type: matrix
# rows: 6
# columns: 2
 6793 -620
 6691 -372
 11145 -124
 5685 124
 5144 370
 0 620


