# Created by Octave 3.8.2, Mon Jun 22 12:25:18 2020 CEST <damian@fptrucha.inv.usc.es>
# name: hd
# type: matrix
# rows: 6
# columns: 2
 6288 -620
 6405 -372
 11215 -124
 6120 124
 5759 370
 0 620


