# Created by Octave 3.8.2, Sat Jun 20 19:35:36 2020 CEST <damian@fptrucha.inv.usc.es>
# name: hd
# type: matrix
# rows: 6
# columns: 2
 6767 -620
 6733 -372
 11166 -124
 5662 124
 5301 370
 0 620


