# Created by Octave 3.8.2, Sun Jun 21 00:10:36 2020 CEST <damian@fptrucha.inv.usc.es>
# name: hd
# type: matrix
# rows: 6
# columns: 2
 4368 -620
 4251 -372
 7175 -124
 3623 124
 3310 370
 0 620


