# Created by Octave 3.8.2, Mon Jun 22 20:01:58 2020 CEST <damian@fptrucha.inv.usc.es>
# name: hd
# type: matrix
# rows: 6
# columns: 2
 6628 -620
 6740 -372
 11720 -124
 6190 124
 6148 370
 0 620


