# Created by Octave 3.8.2, Sat Jun 20 05:49:20 2020 CEST <damian@fptrucha.inv.usc.es>
# name: hd
# type: matrix
# rows: 6
# columns: 2
 7379 -620
 7553 -372
 12330 -124
 6401 124
 6115 370
 0 620


