# Created by Octave 3.8.2, Mon Jun 22 07:02:39 2020 CEST <damian@fptrucha.inv.usc.es>
# name: hd
# type: matrix
# rows: 6
# columns: 2
 5854 -620
 5819 -372
 10552 -124
 5884 124
 5484 370
 0 620


