# Created by Octave 3.8.2, Sat Jun 20 10:54:04 2020 CEST <damian@fptrucha.inv.usc.es>
# name: hd
# type: matrix
# rows: 6
# columns: 2
 7763 -620
 7688 -372
 12175 -124
 6208 124
 5578 370
 0 620


