# Created by Octave 3.8.2, Sat Jun 20 04:29:41 2020 CEST <damian@fptrucha.inv.usc.es>
# name: hd
# type: matrix
# rows: 6
# columns: 2
 7035 -620
 7367 -372
 12544 -124
 6372 124
 6124 370
 0 620


