# Created by Octave 3.8.2, Sat Jun 20 05:10:22 2020 CEST <damian@fptrucha.inv.usc.es>
# name: hd
# type: matrix
# rows: 6
# columns: 2
 7238 -620
 7278 -372
 12312 -124
 6182 124
 6063 370
 0 620


