# Created by Octave 3.8.2, Mon Jun 22 21:54:46 2020 CEST <damian@fptrucha.inv.usc.es>
# name: hd
# type: matrix
# rows: 6
# columns: 2
 6735 -620
 6936 -372
 11839 -124
 6257 124
 6033 370
 0 620


