# Created by Octave 3.8.2, Mon Jun 22 19:42:42 2020 CEST <damian@fptrucha.inv.usc.es>
# name: hd
# type: matrix
# rows: 6
# columns: 2
 6601 -620
 6734 -372
 11778 -124
 6270 124
 6058 370
 0 620


