# Created by Octave 3.8.2, Sat Jun 20 22:00:10 2020 CEST <damian@fptrucha.inv.usc.es>
# name: hd
# type: matrix
# rows: 6
# columns: 2
 6665 -620
 6691 -372
 10893 -124
 5522 124
 4993 370
 0 620


