# Created by Octave 3.8.2, Mon Jun 22 17:40:48 2020 CEST <damian@fptrucha.inv.usc.es>
# name: hd
# type: matrix
# rows: 6
# columns: 2
 6658 -620
 6674 -372
 11726 -124
 6216 124
 5936 370
 0 620


