# Created by Octave 3.8.2, Mon Jun 22 07:17:20 2020 CEST <damian@fptrucha.inv.usc.es>
# name: hd
# type: matrix
# rows: 6
# columns: 2
 5966 -620
 6083 -372
 10636 -124
 5868 124
 5627 370
 0 620


