# Created by Octave 3.8.2, Sat Jun 20 06:10:47 2020 CEST <damian@fptrucha.inv.usc.es>
# name: hd
# type: matrix
# rows: 6
# columns: 2
 7334 -620
 7449 -372
 12563 -124
 6468 124
 6096 370
 0 620


