# Created by Octave 3.8.2, Sat Jun 20 20:50:42 2020 CEST <damian@fptrucha.inv.usc.es>
# name: hd
# type: matrix
# rows: 6
# columns: 2
 6835 -620
 6802 -372
 11052 -124
 5661 124
 5095 370
 0 620


