# Created by Octave 3.8.2, Mon Jun 22 08:52:49 2020 CEST <damian@fptrucha.inv.usc.es>
# name: hd
# type: matrix
# rows: 6
# columns: 2
 6009 -620
 6054 -372
 11037 -124
 5869 124
 5772 370
 0 620


