# Created by Octave 3.8.2, Mon Jun 22 03:33:02 2020 CEST <damian@fptrucha.inv.usc.es>
# name: hd
# type: matrix
# rows: 6
# columns: 2
 3834 -620
 4011 -372
 6906 -124
 3866 124
 3407 370
 0 620


