# Created by Octave 3.8.2, Sat Jun 20 17:42:04 2020 CEST <damian@fptrucha.inv.usc.es>
# name: hd
# type: matrix
# rows: 6
# columns: 2
 6796 -620
 6721 -372
 11080 -124
 5693 124
 5242 370
 0 620


