# Created by Octave 3.8.2, Sat Jun 20 17:04:57 2020 CEST <damian@fptrucha.inv.usc.es>
# name: hd
# type: matrix
# rows: 6
# columns: 2
 6873 -620
 6750 -372
 11320 -124
 5696 124
 5214 370
 0 620


