# Created by Octave 3.8.2, Mon Jun 22 06:23:32 2020 CEST <damian@fptrucha.inv.usc.es>
# name: hd
# type: matrix
# rows: 6
# columns: 2
 5765 -620
 5877 -372
 10725 -124
 5938 124
 5399 370
 0 620


