# Created by Octave 3.8.2, Sat Jun 20 15:41:56 2020 CEST <damian@fptrucha.inv.usc.es>
# name: hd
# type: matrix
# rows: 6
# columns: 2
 4547 -620
 4471 -372
 7533 -124
 3801 124
 3509 370
 0 620


