# Created by Octave 3.8.2, Sun Jun 21 07:48:14 2020 CEST <damian@fptrucha.inv.usc.es>
# name: hd
# type: matrix
# rows: 6
# columns: 2
 6735 -620
 6890 -372
 11076 -124
 5673 124
 5123 370
 0 620


