# Created by Octave 3.8.2, Sun Jun 21 05:15:11 2020 CEST <damian@fptrucha.inv.usc.es>
# name: hd
# type: matrix
# rows: 6
# columns: 2
 6626 -620
 6487 -372
 10945 -124
 5551 124
 5093 370
 0 620


