# Created by Octave 3.8.2, Tue Jun 23 00:02:11 2020 CEST <damian@fptrucha.inv.usc.es>
# name: hd
# type: matrix
# rows: 6
# columns: 2
 6603 -620
 6941 -372
 11715 -124
 6392 124
 6346 370
 0 620


