# Created by Octave 3.8.2, Sat Jun 20 20:46:50 2020 CEST <damian@fptrucha.inv.usc.es>
# name: hd
# type: matrix
# rows: 6
# columns: 2
 6901 -620
 6590 -372
 10956 -124
 5498 124
 5059 370
 0 620


