# Created by Octave 3.8.2, Sun Jun 21 08:03:46 2020 CEST <damian@fptrucha.inv.usc.es>
# name: hd
# type: matrix
# rows: 6
# columns: 2
 6886 -620
 6814 -372
 11373 -124
 5741 124
 5243 370
 0 620


