# Created by Octave 3.8.2, Mon Jun 22 11:15:11 2020 CEST <damian@fptrucha.inv.usc.es>
# name: hd
# type: matrix
# rows: 6
# columns: 2
 6197 -620
 6296 -372
 11184 -124
 5958 124
 5620 370
 0 620


