# Created by Octave 3.8.2, Mon Jun 22 13:36:26 2020 CEST <damian@fptrucha.inv.usc.es>
# name: hd
# type: matrix
# rows: 6
# columns: 2
 6438 -620
 6523 -372
 11351 -124
 6031 124
 5804 370
 0 620


