# Created by Octave 3.8.2, Mon Jun 22 02:54:43 2020 CEST <damian@fptrucha.inv.usc.es>
# name: hd
# type: matrix
# rows: 6
# columns: 2
 5988 -620
 5957 -372
 10395 -124
 5542 124
 5417 370
 0 620


