# Created by Octave 3.8.2, Mon Jun 22 07:51:04 2020 CEST <damian@fptrucha.inv.usc.es>
# name: hd
# type: matrix
# rows: 6
# columns: 2
 3902 -620
 3905 -372
 7207 -124
 3834 124
 3645 370
 0 620


