# Created by Octave 3.8.2, Sat Jun 20 04:21:35 2020 CEST <damian@fptrucha.inv.usc.es>
# name: hd
# type: matrix
# rows: 6
# columns: 2
 7205 -620
 7312 -372
 12427 -124
 6328 124
 6261 370
 0 620


