# Created by Octave 3.8.2, Sun Jun 21 01:49:26 2020 CEST <damian@fptrucha.inv.usc.es>
# name: hd
# type: matrix
# rows: 6
# columns: 2
 6616 -620
 6622 -372
 10899 -124
 5485 124
 5153 370
 0 620


