# Created by Octave 3.8.2, Sat Jun 20 04:45:18 2020 CEST <damian@fptrucha.inv.usc.es>
# name: hd
# type: matrix
# rows: 6
# columns: 2
 7144 -620
 7390 -372
 12313 -124
 6370 124
 5814 370
 0 620


