# Created by Octave 3.8.2, Mon Jun 22 04:20:58 2020 CEST <damian@fptrucha.inv.usc.es>
# name: hd
# type: matrix
# rows: 6
# columns: 2
 5963 -620
 5844 -372
 10108 -124
 5346 124
 5223 370
 0 620


