# Created by Octave 3.8.2, Sun Jun 21 06:19:38 2020 CEST <damian@fptrucha.inv.usc.es>
# name: hd
# type: matrix
# rows: 6
# columns: 2
 4498 -620
 4372 -372
 7202 -124
 3630 124
 3267 370
 0 620


