# Created by Octave 3.8.2, Mon Jun 22 10:26:45 2020 CEST <damian@fptrucha.inv.usc.es>
# name: hd
# type: matrix
# rows: 6
# columns: 2
 6272 -620
 6336 -372
 11220 -124
 5884 124
 5610 370
 0 620


