# Created by Octave 3.8.2, Sat Jun 20 20:07:25 2020 CEST <damian@fptrucha.inv.usc.es>
# name: hd
# type: matrix
# rows: 6
# columns: 2
 6677 -620
 6720 -372
 10968 -124
 5478 124
 5182 370
 0 620


