# Created by Octave 3.8.2, Mon Jun 22 21:41:47 2020 CEST <damian@fptrucha.inv.usc.es>
# name: hd
# type: matrix
# rows: 6
# columns: 2
 6626 -620
 6924 -372
 11753 -124
 6168 124
 6158 370
 0 620


