# Created by Octave 3.8.2, Sun Jun 21 00:20:17 2020 CEST <damian@fptrucha.inv.usc.es>
# name: hd
# type: matrix
# rows: 6
# columns: 2
 6693 -620
 6491 -372
 10694 -124
 5347 124
 4990 370
 0 620


