# Created by Octave 3.8.2, Tue Jun 23 00:47:54 2020 CEST <damian@fptrucha.inv.usc.es>
# name: hd
# type: matrix
# rows: 6
# columns: 2
 6736 -620
 7002 -372
 12014 -124
 6324 124
 6043 370
 0 620


