# Created by Octave 3.8.2, Mon Jun 22 18:41:55 2020 CEST <damian@fptrucha.inv.usc.es>
# name: hd
# type: matrix
# rows: 6
# columns: 2
 6508 -620
 6576 -372
 11744 -124
 6486 124
 5987 370
 0 620


