# Created by Octave 3.8.2, Mon Jun 22 22:28:18 2020 CEST <damian@fptrucha.inv.usc.es>
# name: hd
# type: matrix
# rows: 6
# columns: 2
 6822 -620
 7069 -372
 11827 -124
 6422 124
 6081 370
 0 620


