# Created by Octave 3.8.2, Sun Jun 21 01:50:32 2020 CEST <damian@fptrucha.inv.usc.es>
# name: hd
# type: matrix
# rows: 6
# columns: 2
 6519 -620
 6519 -372
 10825 -124
 5616 124
 5170 370
 0 620


