# Created by Octave 3.8.2, Mon Jun 22 21:19:47 2020 CEST <damian@fptrucha.inv.usc.es>
# name: hd
# type: matrix
# rows: 6
# columns: 2
 4352 -620
 4528 -372
 8134 -124
 4089 124
 4003 370
 0 620


