# Created by Octave 3.8.2, Mon Jun 22 21:39:51 2020 CEST <damian@fptrucha.inv.usc.es>
# name: hd
# type: matrix
# rows: 6
# columns: 2
 6616 -620
 6813 -372
 12100 -124
 6247 124
 6055 370
 0 620


