# Created by Octave 3.8.2, Sun Jun 21 00:43:33 2020 CEST <damian@fptrucha.inv.usc.es>
# name: hd
# type: matrix
# rows: 6
# columns: 2
 6387 -620
 6383 -372
 10891 -124
 5511 124
 5133 370
 0 620


