# Created by Octave 3.8.2, Sat Jun 20 08:38:37 2020 CEST <damian@fptrucha.inv.usc.es>
# name: hd
# type: matrix
# rows: 6
# columns: 2
 7730 -620
 7767 -372
 12805 -124
 6478 124
 6022 370
 0 620


