# Created by Octave 3.8.2, Sun Jun 21 00:44:38 2020 CEST <damian@fptrucha.inv.usc.es>
# name: hd
# type: matrix
# rows: 6
# columns: 2
 6590 -620
 6589 -372
 10737 -124
 5448 124
 4943 370
 0 620


