# Created by Octave 3.8.2, Sat Jun 20 04:49:26 2020 CEST <damian@fptrucha.inv.usc.es>
# name: hd
# type: matrix
# rows: 6
# columns: 2
 7186 -620
 7403 -372
 12236 -124
 6195 124
 5826 370
 0 620


