# Created by Octave 3.8.2, Sun Jun 21 06:18:51 2020 CEST <damian@fptrucha.inv.usc.es>
# name: hd
# type: matrix
# rows: 6
# columns: 2
 6703 -620
 6686 -372
 10955 -124
 5475 124
 5110 370
 0 620


