# Created by Octave 3.8.2, Sun Jun 21 06:02:01 2020 CEST <damian@fptrucha.inv.usc.es>
# name: hd
# type: matrix
# rows: 6
# columns: 2
 6687 -620
 6682 -372
 10813 -124
 5449 124
 5028 370
 0 620


