# Created by Octave 3.8.2, Mon Jun 22 10:58:38 2020 CEST <damian@fptrucha.inv.usc.es>
# name: hd
# type: matrix
# rows: 6
# columns: 2
 6270 -620
 6514 -372
 11059 -124
 6062 124
 5704 370
 0 620


