# Created by Octave 3.8.2, Mon Jun 22 08:43:50 2020 CEST <damian@fptrucha.inv.usc.es>
# name: hd
# type: matrix
# rows: 6
# columns: 2
 6033 -620
 6148 -372
 10867 -124
 5972 124
 5598 370
 0 620


