# Created by Octave 3.8.2, Mon Jun 22 15:38:41 2020 CEST <damian@fptrucha.inv.usc.es>
# name: hd
# type: matrix
# rows: 6
# columns: 2
 4492 -620
 4408 -372
 7446 -124
 4024 124
 3828 370
 0 620


