# Created by Octave 3.8.2, Sun Jun 21 04:35:18 2020 CEST <damian@fptrucha.inv.usc.es>
# name: hd
# type: matrix
# rows: 6
# columns: 2
 6586 -620
 6543 -372
 11137 -124
 5670 124
 5223 370
 0 620


