# Created by Octave 3.8.2, Mon Jun 22 17:04:59 2020 CEST <damian@fptrucha.inv.usc.es>
# name: hd
# type: matrix
# rows: 6
# columns: 2
 6363 -620
 6671 -372
 11532 -124
 6122 124
 5829 370
 0 620


