# Created by Octave 3.8.2, Mon Jun 22 00:48:09 2020 CEST <damian@fptrucha.inv.usc.es>
# name: hd
# type: matrix
# rows: 6
# columns: 2
 6690 -620
 6597 -372
 11068 -124
 5449 124
 5001 370
 0 620


