# Created by Octave 3.8.2, Sat Jun 20 06:15:02 2020 CEST <damian@fptrucha.inv.usc.es>
# name: hd
# type: matrix
# rows: 6
# columns: 2
 7335 -620
 7599 -372
 12506 -124
 6428 124
 6010 370
 0 620


