# Created by Octave 3.8.2, Mon Jun 22 04:30:51 2020 CEST <damian@fptrucha.inv.usc.es>
# name: hd
# type: matrix
# rows: 6
# columns: 2
 5797 -620
 5809 -372
 9767 -124
 5276 124
 5119 370
 0 620


