# Created by Octave 3.8.2, Mon Jun 22 06:26:37 2020 CEST <damian@fptrucha.inv.usc.es>
# name: hd
# type: matrix
# rows: 6
# columns: 2
 5740 -620
 5929 -372
 10615 -124
 5798 124
 5569 370
 0 620


