# Created by Octave 3.8.2, Mon Jun 22 07:44:16 2020 CEST <damian@fptrucha.inv.usc.es>
# name: hd
# type: matrix
# rows: 6
# columns: 2
 5914 -620
 6043 -372
 10718 -124
 5935 124
 5501 370
 0 620


