# Created by Octave 3.8.2, Sat Jun 20 07:53:11 2020 CEST <damian@fptrucha.inv.usc.es>
# name: hd
# type: matrix
# rows: 6
# columns: 2
 7536 -620
 7479 -372
 12694 -124
 6576 124
 5919 370
 0 620


