# Created by Octave 3.8.2, Sun Jun 21 01:46:06 2020 CEST <damian@fptrucha.inv.usc.es>
# name: hd
# type: matrix
# rows: 6
# columns: 2
 4248 -620
 4339 -372
 6979 -124
 3509 124
 3309 370
 0 620


