# Created by Octave 3.8.2, Sun Jun 21 01:48:18 2020 CEST <damian@fptrucha.inv.usc.es>
# name: hd
# type: matrix
# rows: 6
# columns: 2
 6565 -620
 6614 -372
 10991 -124
 5494 124
 5113 370
 0 620


