# Created by Octave 3.8.2, Sun Jun 21 01:07:49 2020 CEST <damian@fptrucha.inv.usc.es>
# name: hd
# type: matrix
# rows: 6
# columns: 2
 4294 -620
 4247 -372
 7227 -124
 3565 124
 3376 370
 0 620


