# Created by Octave 3.8.2, Sat Jun 20 07:03:12 2020 CEST <damian@fptrucha.inv.usc.es>
# name: hd
# type: matrix
# rows: 6
# columns: 2
 7298 -620
 7629 -372
 12700 -124
 6367 124
 6180 370
 0 620


