# Created by Octave 3.8.2, Mon Jun 22 20:11:15 2020 CEST <damian@fptrucha.inv.usc.es>
# name: hd
# type: matrix
# rows: 6
# columns: 2
 6607 -620
 6851 -372
 11875 -124
 6392 124
 6230 370
 0 620


