# Created by Octave 3.8.2, Mon Jun 22 22:18:04 2020 CEST <damian@fptrucha.inv.usc.es>
# name: hd
# type: matrix
# rows: 6
# columns: 2
 6664 -620
 6908 -372
 11874 -124
 6341 124
 6058 370
 0 620


