# Created by Octave 3.8.2, Tue Jun 23 00:11:07 2020 CEST <damian@fptrucha.inv.usc.es>
# name: hd
# type: matrix
# rows: 6
# columns: 2
 6680 -620
 6909 -372
 11906 -124
 6310 124
 6340 370
 0 620


