# Created by Octave 3.8.2, Mon Jun 22 02:09:46 2020 CEST <damian@fptrucha.inv.usc.es>
# name: hd
# type: matrix
# rows: 6
# columns: 2
 6467 -620
 6311 -372
 11118 -124
 5826 124
 5434 370
 0 620


