# Created by Octave 3.8.2, Sat Jun 20 04:07:15 2020 CEST <damian@fptrucha.inv.usc.es>
# name: hd
# type: matrix
# rows: 6
# columns: 2
 7037 -620
 7362 -372
 12281 -124
 6325 124
 5971 370
 0 620


