# Created by Octave 3.8.2, Mon Jun 22 19:20:05 2020 CEST <damian@fptrucha.inv.usc.es>
# name: hd
# type: matrix
# rows: 6
# columns: 2
 6531 -620
 6653 -372
 11645 -124
 6250 124
 6051 370
 0 620


