# Created by Octave 3.8.2, Sun Jun 21 02:45:14 2020 CEST <damian@fptrucha.inv.usc.es>
# name: hd
# type: matrix
# rows: 6
# columns: 2
 6668 -620
 6521 -372
 11077 -124
 5379 124
 5057 370
 0 620


