# Created by Octave 3.8.2, Sat Jun 20 19:21:52 2020 CEST <damian@fptrucha.inv.usc.es>
# name: hd
# type: matrix
# rows: 6
# columns: 2
 6716 -620
 6819 -372
 11146 -124
 5646 124
 5070 370
 0 620


