# Created by Octave 3.8.2, Sat Jun 20 12:01:13 2020 CEST <damian@fptrucha.inv.usc.es>
# name: hd
# type: matrix
# rows: 6
# columns: 2
 7454 -620
 7334 -372
 12289 -124
 6223 124
 5572 370
 0 620


