# Created by Octave 3.8.2, Mon Jun 22 09:32:21 2020 CEST <damian@fptrucha.inv.usc.es>
# name: hd
# type: matrix
# rows: 6
# columns: 2
 6103 -620
 6126 -372
 10868 -124
 5733 124
 5464 370
 0 620


