# Created by Octave 3.8.2, Mon Jun 22 19:10:10 2020 CEST <damian@fptrucha.inv.usc.es>
# name: hd
# type: matrix
# rows: 6
# columns: 2
 6364 -620
 6769 -372
 11796 -124
 6327 124
 6076 370
 0 620


