# Created by Octave 3.8.2, Mon Jun 22 03:51:50 2020 CEST <damian@fptrucha.inv.usc.es>
# name: hd
# type: matrix
# rows: 6
# columns: 2
 5919 -620
 5972 -372
 10390 -124
 5704 124
 5441 370
 0 620


