# Created by Octave 3.8.2, Mon Jun 22 01:31:48 2020 CEST <damian@fptrucha.inv.usc.es>
# name: hd
# type: matrix
# rows: 6
# columns: 2
 4449 -620
 4657 -372
 7325 -124
 3737 124
 3399 370
 0 620


