# Created by Octave 3.8.2, Mon Jun 22 05:12:29 2020 CEST <damian@fptrucha.inv.usc.es>
# name: hd
# type: matrix
# rows: 6
# columns: 2
 5816 -620
 5839 -372
 10239 -124
 5576 124
 5348 370
 0 620


