# Created by Octave 3.8.2, Mon Jun 22 14:23:31 2020 CEST <damian@fptrucha.inv.usc.es>
# name: hd
# type: matrix
# rows: 6
# columns: 2
 6309 -620
 6421 -372
 11119 -124
 5834 124
 5525 370
 0 620


