# Created by Octave 3.8.2, Sat Jun 20 10:04:40 2020 CEST <damian@fptrucha.inv.usc.es>
# name: hd
# type: matrix
# rows: 6
# columns: 2
 7689 -620
 7604 -372
 12621 -124
 6314 124
 5762 370
 0 620


