# Created by Octave 3.8.2, Mon Jun 22 06:04:16 2020 CEST <damian@fptrucha.inv.usc.es>
# name: hd
# type: matrix
# rows: 6
# columns: 2
 5797 -620
 5975 -372
 10546 -124
 5770 124
 5370 370
 0 620


