# Created by Octave 3.8.2, Mon Jun 22 22:15:40 2020 CEST <damian@fptrucha.inv.usc.es>
# name: hd
# type: matrix
# rows: 6
# columns: 2
 6787 -620
 6881 -372
 12032 -124
 6297 124
 6037 370
 0 620


