# Created by Octave 3.8.2, Mon Jun 22 01:37:05 2020 CEST <damian@fptrucha.inv.usc.es>
# name: hd
# type: matrix
# rows: 6
# columns: 2
 7082 -620
 7021 -372
 11519 -124
 5842 124
 5408 370
 0 620


