# Created by Octave 3.8.2, Sat Jun 20 18:11:35 2020 CEST <damian@fptrucha.inv.usc.es>
# name: hd
# type: matrix
# rows: 6
# columns: 2
 6781 -620
 6866 -372
 11112 -124
 5599 124
 5280 370
 0 620


