# Created by Octave 3.8.2, Sat Jun 20 09:58:56 2020 CEST <damian@fptrucha.inv.usc.es>
# name: hd
# type: matrix
# rows: 6
# columns: 2
 5136 -620
 5166 -372
 8331 -124
 4258 124
 3870 370
 0 620


