# Created by Octave 3.8.2, Sun Jun 21 05:29:27 2020 CEST <damian@fptrucha.inv.usc.es>
# name: hd
# type: matrix
# rows: 6
# columns: 2
 6429 -620
 6711 -372
 10742 -124
 5496 124
 5114 370
 0 620


