# Created by Octave 3.8.2, Mon Jun 22 10:33:01 2020 CEST <damian@fptrucha.inv.usc.es>
# name: hd
# type: matrix
# rows: 6
# columns: 2
 6340 -620
 6337 -372
 11019 -124
 5917 124
 5412 370
 0 620


