# Created by Octave 3.8.2, Mon Jun 22 10:21:26 2020 CEST <damian@fptrucha.inv.usc.es>
# name: hd
# type: matrix
# rows: 6
# columns: 2
 6197 -620
 6277 -372
 11168 -124
 6029 124
 5714 370
 0 620


