# Created by Octave 3.8.2, Mon Jun 22 09:25:03 2020 CEST <damian@fptrucha.inv.usc.es>
# name: hd
# type: matrix
# rows: 6
# columns: 2
 5881 -620
 6221 -372
 10629 -124
 5981 124
 5640 370
 0 620


