# Created by Octave 3.8.2, Sat Jun 20 19:08:03 2020 CEST <damian@fptrucha.inv.usc.es>
# name: hd
# type: matrix
# rows: 6
# columns: 2
 6874 -620
 6745 -372
 11285 -124
 5509 124
 5210 370
 0 620


