# Created by Octave 3.8.2, Sat Jun 20 23:21:44 2020 CEST <damian@fptrucha.inv.usc.es>
# name: hd
# type: matrix
# rows: 6
# columns: 2
 4473 -620
 4433 -372
 7107 -124
 3618 124
 3239 370
 0 620


