# Created by Octave 3.8.2, Sat Jun 20 03:43:53 2020 CEST <damian@fptrucha.inv.usc.es>
# name: hd
# type: matrix
# rows: 6
# columns: 2
 6963 -620
 7207 -372
 12150 -124
 6266 124
 6150 370
 0 620


