# Created by Octave 3.8.2, Tue Jun 23 00:48:38 2020 CEST <damian@fptrucha.inv.usc.es>
# name: hd
# type: matrix
# rows: 6
# columns: 2
 4549 -620
 4652 -372
 7824 -124
 4223 124
 3951 370
 0 620


