# Created by Octave 3.8.2, Mon Jun 22 04:38:19 2020 CEST <damian@fptrucha.inv.usc.es>
# name: hd
# type: matrix
# rows: 6
# columns: 2
 5816 -620
 5703 -372
 9938 -124
 5428 124
 5169 370
 0 620


