# Created by Octave 3.8.2, Sat Jun 20 20:19:55 2020 CEST <damian@fptrucha.inv.usc.es>
# name: hd
# type: matrix
# rows: 6
# columns: 2
 6863 -620
 6805 -372
 11072 -124
 5777 124
 5302 370
 0 620


