# Created by Octave 3.8.2, Mon Jun 22 11:31:03 2020 CEST <damian@fptrucha.inv.usc.es>
# name: hd
# type: matrix
# rows: 6
# columns: 2
 6135 -620
 6337 -372
 11206 -124
 6012 124
 5668 370
 0 620


