# Created by Octave 3.8.2, Mon Jun 22 19:09:02 2020 CEST <damian@fptrucha.inv.usc.es>
# name: hd
# type: matrix
# rows: 6
# columns: 2
 6526 -620
 6629 -372
 11865 -124
 6205 124
 6012 370
 0 620


