# Created by Octave 3.8.2, Sat Jun 20 21:45:05 2020 CEST <damian@fptrucha.inv.usc.es>
# name: hd
# type: matrix
# rows: 6
# columns: 2
 6678 -620
 6716 -372
 10736 -124
 5484 124
 5073 370
 0 620


