# Created by Octave 3.8.2, Sat Jun 20 02:35:12 2020 CEST <damian@fptrucha.inv.usc.es>
# name: hd
# type: matrix
# rows: 6
# columns: 2
 6872 -620
 7459 -372
 12228 -124
 6299 124
 6116 370
 0 620


