# Created by Octave 3.8.2, Sun Jun 21 07:25:30 2020 CEST <damian@fptrucha.inv.usc.es>
# name: hd
# type: matrix
# rows: 6
# columns: 2
 6544 -620
 6480 -372
 10788 -124
 5481 124
 4925 370
 0 620


