# Created by Octave 3.8.2, Mon Jun 22 02:27:21 2020 CEST <damian@fptrucha.inv.usc.es>
# name: hd
# type: matrix
# rows: 6
# columns: 2
 329 -620
 315 -372
 487 -124
 132 124
 36 370
 0 620


