# Created by Octave 3.8.2, Mon Jun 22 18:57:34 2020 CEST <damian@fptrucha.inv.usc.es>
# name: hd
# type: matrix
# rows: 6
# columns: 2
 6333 -620
 6704 -372
 11732 -124
 6365 124
 6029 370
 0 620


