# Created by Octave 3.8.2, Mon Jun 22 06:25:35 2020 CEST <damian@fptrucha.inv.usc.es>
# name: hd
# type: matrix
# rows: 6
# columns: 2
 5721 -620
 5995 -372
 10597 -124
 5750 124
 5535 370
 0 620


