# Created by Octave 3.8.2, Mon Jun 22 09:39:32 2020 CEST <damian@fptrucha.inv.usc.es>
# name: hd
# type: matrix
# rows: 6
# columns: 2
 6068 -620
 6203 -372
 10931 -124
 5898 124
 5653 370
 0 620


