# Created by Octave 3.8.2, Sun Jun 21 02:01:16 2020 CEST <damian@fptrucha.inv.usc.es>
# name: hd
# type: matrix
# rows: 6
# columns: 2
 6703 -620
 6523 -372
 11077 -124
 5585 124
 5085 370
 0 620


