# Created by Octave 3.8.2, Sun Jun 21 05:56:46 2020 CEST <damian@fptrucha.inv.usc.es>
# name: hd
# type: matrix
# rows: 6
# columns: 2
 6533 -620
 6654 -372
 11099 -124
 5564 124
 5203 370
 0 620


