# Created by Octave 3.8.2, Mon Jun 22 05:52:28 2020 CEST <damian@fptrucha.inv.usc.es>
# name: hd
# type: matrix
# rows: 6
# columns: 2
 5841 -620
 5925 -372
 10595 -124
 5918 124
 5626 370
 0 620


