# Created by Octave 3.8.2, Sat Jun 20 14:08:10 2020 CEST <damian@fptrucha.inv.usc.es>
# name: hd
# type: matrix
# rows: 6
# columns: 2
 7098 -620
 7055 -372
 11829 -124
 6022 124
 5468 370
 0 620


