# Created by Octave 3.8.2, Sat Jun 20 07:56:10 2020 CEST <damian@fptrucha.inv.usc.es>
# name: hd
# type: matrix
# rows: 6
# columns: 2
 7359 -620
 7649 -372
 12870 -124
 6398 124
 6150 370
 0 620


