# Created by Octave 3.8.2, Sun Jun 21 05:28:14 2020 CEST <damian@fptrucha.inv.usc.es>
# name: hd
# type: matrix
# rows: 6
# columns: 2
 6468 -620
 6661 -372
 10806 -124
 5390 124
 5155 370
 0 620


