# Created by Octave 3.8.2, Mon Jun 22 06:07:53 2020 CEST <damian@fptrucha.inv.usc.es>
# name: hd
# type: matrix
# rows: 6
# columns: 2
 5738 -620
 5956 -372
 10633 -124
 5798 124
 5607 370
 0 620


