# Created by Octave 3.8.2, Sat Jun 20 18:29:31 2020 CEST <damian@fptrucha.inv.usc.es>
# name: hd
# type: matrix
# rows: 6
# columns: 2
 6870 -620
 6683 -372
 11284 -124
 5680 124
 5173 370
 0 620


