# Created by Octave 3.8.2, Sat Jun 20 02:36:34 2020 CEST <damian@fptrucha.inv.usc.es>
# name: hd
# type: matrix
# rows: 6
# columns: 2
 6872 -620
 7154 -372
 12178 -124
 6410 124
 5971 370
 0 620


