# Created by Octave 3.8.2, Sun Jun 21 08:02:36 2020 CEST <damian@fptrucha.inv.usc.es>
# name: hd
# type: matrix
# rows: 6
# columns: 2
 7048 -620
 6907 -372
 11460 -124
 5729 124
 5307 370
 0 620


