# Created by Octave 3.8.2, Sat Jun 20 09:56:32 2020 CEST <damian@fptrucha.inv.usc.es>
# name: hd
# type: matrix
# rows: 6
# columns: 2
 7762 -620
 7650 -372
 12792 -124
 6485 124
 5873 370
 0 620


