# Created by Octave 3.8.2, Sat Jun 20 23:05:17 2020 CEST <damian@fptrucha.inv.usc.es>
# name: hd
# type: matrix
# rows: 6
# columns: 2
 6614 -620
 6758 -372
 10929 -124
 5499 124
 5086 370
 0 620


