# Created by Octave 3.8.2, Sat Jun 20 15:13:34 2020 CEST <damian@fptrucha.inv.usc.es>
# name: hd
# type: matrix
# rows: 6
# columns: 2
 7117 -620
 7054 -372
 11591 -124
 5806 124
 5358 370
 0 620


