# Created by Octave 3.8.2, Sat Jun 20 11:58:26 2020 CEST <damian@fptrucha.inv.usc.es>
# name: hd
# type: matrix
# rows: 6
# columns: 2
 7517 -620
 7538 -372
 12365 -124
 6102 124
 5534 370
 0 620


