# Created by Octave 3.8.2, Mon Jun 22 01:34:55 2020 CEST <damian@fptrucha.inv.usc.es>
# name: hd
# type: matrix
# rows: 6
# columns: 2
 6860 -620
 6866 -372
 11193 -124
 5590 124
 5253 370
 0 620


