# Created by Octave 3.8.2, Mon Jun 22 04:06:12 2020 CEST <damian@fptrucha.inv.usc.es>
# name: hd
# type: matrix
# rows: 6
# columns: 2
 5984 -620
 5866 -372
 10350 -124
 5429 124
 5178 370
 0 620


