# Created by Octave 3.8.2, Mon Jun 22 07:43:17 2020 CEST <damian@fptrucha.inv.usc.es>
# name: hd
# type: matrix
# rows: 6
# columns: 2
 5888 -620
 6115 -372
 10939 -124
 5877 124
 5450 370
 0 620


