# Created by Octave 3.8.2, Mon Jun 22 10:29:54 2020 CEST <damian@fptrucha.inv.usc.es>
# name: hd
# type: matrix
# rows: 6
# columns: 2
 6244 -620
 6316 -372
 11027 -124
 5851 124
 5489 370
 0 620


