# Created by Octave 3.8.2, Mon Jun 22 02:22:47 2020 CEST <damian@fptrucha.inv.usc.es>
# name: hd
# type: matrix
# rows: 6
# columns: 2
 6409 -620
 6231 -372
 10565 -124
 5431 124
 5157 370
 0 620


