# Created by Octave 3.8.2, Sun Jun 21 00:05:35 2020 CEST <damian@fptrucha.inv.usc.es>
# name: hd
# type: matrix
# rows: 6
# columns: 2
 6710 -620
 6437 -372
 10723 -124
 5454 124
 5087 370
 0 620


