# Created by Octave 3.8.2, Mon Jun 22 04:15:16 2020 CEST <damian@fptrucha.inv.usc.es>
# name: hd
# type: matrix
# rows: 6
# columns: 2
 5897 -620
 5869 -372
 10131 -124
 5399 124
 5132 370
 0 620


