# Created by Octave 3.8.2, Sat Jun 20 12:09:06 2020 CEST <damian@fptrucha.inv.usc.es>
# name: hd
# type: matrix
# rows: 6
# columns: 2
 7536 -620
 7266 -372
 12146 -124
 6117 124
 5586 370
 0 620


