# Created by Octave 3.8.2, Sat Jun 20 20:35:37 2020 CEST <damian@fptrucha.inv.usc.es>
# name: hd
# type: matrix
# rows: 6
# columns: 2
 6772 -620
 6701 -372
 11165 -124
 5672 124
 5109 370
 0 620


