# Created by Octave 3.8.2, Sat Jun 20 04:28:16 2020 CEST <damian@fptrucha.inv.usc.es>
# name: hd
# type: matrix
# rows: 6
# columns: 2
 6944 -620
 7384 -372
 12531 -124
 6440 124
 6161 370
 0 620


