# Created by Octave 3.8.2, Mon Jun 22 03:26:40 2020 CEST <damian@fptrucha.inv.usc.es>
# name: hd
# type: matrix
# rows: 6
# columns: 2
 5923 -620
 5940 -372
 10594 -124
 5590 124
 5444 370
 0 620


