# Created by Octave 3.8.2, Mon Jun 22 09:37:29 2020 CEST <damian@fptrucha.inv.usc.es>
# name: hd
# type: matrix
# rows: 6
# columns: 2
 6037 -620
 6167 -372
 10747 -124
 6026 124
 5583 370
 0 620


