# Created by Octave 3.8.2, Sun Jun 21 00:55:12 2020 CEST <damian@fptrucha.inv.usc.es>
# name: hd
# type: matrix
# rows: 6
# columns: 2
 6566 -620
 6551 -372
 10879 -124
 5507 124
 5083 370
 0 620


