# Created by Octave 3.8.2, Sat Jun 20 16:32:45 2020 CEST <damian@fptrucha.inv.usc.es>
# name: hd
# type: matrix
# rows: 6
# columns: 2
 6897 -620
 6892 -372
 11347 -124
 5704 124
 5143 370
 0 620


