# Created by Octave 3.8.2, Mon Jun 22 05:49:29 2020 CEST <damian@fptrucha.inv.usc.es>
# name: hd
# type: matrix
# rows: 6
# columns: 2
 5525 -620
 6065 -372
 10396 -124
 5691 124
 5572 370
 0 620


