# Created by Octave 3.8.2, Sat Jun 20 20:52:02 2020 CEST <damian@fptrucha.inv.usc.es>
# name: hd
# type: matrix
# rows: 6
# columns: 2
 6796 -620
 6537 -372
 11049 -124
 5680 124
 5099 370
 0 620


