# Created by Octave 3.8.2, Mon Jun 22 18:29:48 2020 CEST <damian@fptrucha.inv.usc.es>
# name: hd
# type: matrix
# rows: 6
# columns: 2
 6489 -620
 6682 -372
 11753 -124
 6291 124
 6080 370
 0 620


