# Created by Octave 3.8.2, Sun Jun 21 05:53:25 2020 CEST <damian@fptrucha.inv.usc.es>
# name: hd
# type: matrix
# rows: 6
# columns: 2
 6558 -620
 6580 -372
 10925 -124
 5613 124
 5080 370
 0 620


