# Created by Octave 3.8.2, Mon Jun 22 20:25:55 2020 CEST <damian@fptrucha.inv.usc.es>
# name: hd
# type: matrix
# rows: 6
# columns: 2
 6510 -620
 6733 -372
 11684 -124
 6274 124
 5974 370
 0 620


