# Created by Octave 3.8.2, Sat Jun 20 23:06:38 2020 CEST <damian@fptrucha.inv.usc.es>
# name: hd
# type: matrix
# rows: 6
# columns: 2
 6878 -620
 6686 -372
 10957 -124
 5472 124
 5107 370
 0 620


