# Created by Octave 3.8.2, Tue Jun 23 00:40:10 2020 CEST <damian@fptrucha.inv.usc.es>
# name: hd
# type: matrix
# rows: 6
# columns: 2
 7007 -620
 6850 -372
 11651 -124
 6344 124
 6174 370
 0 620


