# Created by Octave 3.8.2, Sat Jun 20 13:09:01 2020 CEST <damian@fptrucha.inv.usc.es>
# name: hd
# type: matrix
# rows: 6
# columns: 2
 7567 -620
 7263 -372
 12005 -124
 5997 124
 5569 370
 0 620


