# Created by Octave 3.8.2, Mon Jun 22 16:54:13 2020 CEST <damian@fptrucha.inv.usc.es>
# name: hd
# type: matrix
# rows: 6
# columns: 2
 6554 -620
 6679 -372
 11441 -124
 6187 124
 5783 370
 0 620


