# Created by Octave 3.8.2, Mon Jun 22 11:17:17 2020 CEST <damian@fptrucha.inv.usc.es>
# name: hd
# type: matrix
# rows: 6
# columns: 2
 6192 -620
 6455 -372
 10948 -124
 6060 124
 5649 370
 0 620


