# Created by Octave 3.8.2, Mon Jun 22 16:42:56 2020 CEST <damian@fptrucha.inv.usc.es>
# name: hd
# type: matrix
# rows: 6
# columns: 2
 6582 -620
 6763 -372
 11488 -124
 6137 124
 5835 370
 0 620


