# Created by Octave 3.8.2, Mon Jun 22 11:33:43 2020 CEST <damian@fptrucha.inv.usc.es>
# name: hd
# type: matrix
# rows: 6
# columns: 2
 6259 -620
 6451 -372
 11220 -124
 6014 124
 5616 370
 0 620


