# Created by Octave 3.8.2, Mon Jun 22 04:33:37 2020 CEST <damian@fptrucha.inv.usc.es>
# name: hd
# type: matrix
# rows: 6
# columns: 2
 5646 -620
 5751 -372
 9792 -124
 5226 124
 5006 370
 0 620


