# Created by Octave 3.8.2, Mon Jun 22 03:50:50 2020 CEST <damian@fptrucha.inv.usc.es>
# name: hd
# type: matrix
# rows: 6
# columns: 2
 5993 -620
 5955 -372
 10408 -124
 5519 124
 5326 370
 0 620


