# Created by Octave 3.8.2, Mon Jun 22 16:04:57 2020 CEST <damian@fptrucha.inv.usc.es>
# name: hd
# type: matrix
# rows: 6
# columns: 2
 6642 -620
 6857 -372
 11709 -124
 6213 124
 5797 370
 0 620


