# Created by Octave 3.8.2, Mon Jun 22 15:48:37 2020 CEST <damian@fptrucha.inv.usc.es>
# name: hd
# type: matrix
# rows: 6
# columns: 2
 6545 -620
 6675 -372
 11597 -124
 6125 124
 5744 370
 0 620


