# Created by Octave 3.8.2, Sat Jun 20 09:30:41 2020 CEST <damian@fptrucha.inv.usc.es>
# name: hd
# type: matrix
# rows: 6
# columns: 2
 7694 -620
 7663 -372
 12770 -124
 6429 124
 6031 370
 0 620


