# Created by Octave 3.8.2, Sat Jun 20 15:04:10 2020 CEST <damian@fptrucha.inv.usc.es>
# name: hd
# type: matrix
# rows: 6
# columns: 2
 7144 -620
 6992 -372
 11458 -124
 5670 124
 5332 370
 0 620


