# Created by Octave 3.8.2, Sat Jun 20 08:19:13 2020 CEST <damian@fptrucha.inv.usc.es>
# name: hd
# type: matrix
# rows: 6
# columns: 2
 6184 -620
 8010 -372
 7976 -124
 7651 124
 6645 370
 4699 620


