# Created by Octave 3.8.2, Sun Jun 21 04:52:55 2020 CEST <damian@fptrucha.inv.usc.es>
# name: hd
# type: matrix
# rows: 6
# columns: 2
 5312 -620
 6985 -372
 6802 -124
 6536 124
 5611 370
 4196 620


