# Created by Octave 3.8.2, Mon Jun 22 18:36:10 2020 CEST <damian@fptrucha.inv.usc.es>
# name: hd
# type: matrix
# rows: 6
# columns: 2
 3422 -620
 4480 -372
 4851 -124
 4551 124
 3994 370
 3068 620


