# Created by Octave 3.8.2, Sat Jun 20 18:39:48 2020 CEST <damian@fptrucha.inv.usc.es>
# name: hd
# type: matrix
# rows: 6
# columns: 2
 5171 -620
 6945 -372
 6944 -124
 6482 124
 5706 370
 4301 620


