# Created by Octave 3.8.2, Mon Jun 22 03:17:58 2020 CEST <damian@fptrucha.inv.usc.es>
# name: hd
# type: matrix
# rows: 6
# columns: 2
 4681 -620
 6060 -372
 6363 -124
 6225 124
 5574 370
 4302 620


