# Created by Octave 3.8.2, Sat Jun 20 03:20:55 2020 CEST <damian@fptrucha.inv.usc.es>
# name: hd
# type: matrix
# rows: 6
# columns: 2
 5786 -620
 7659 -372
 7487 -124
 7063 124
 6210 370
 4575 620


