# Created by Octave 3.8.2, Sat Jun 20 15:09:26 2020 CEST <damian@fptrucha.inv.usc.es>
# name: hd
# type: matrix
# rows: 6
# columns: 2
 5430 -620
 7147 -372
 7089 -124
 6829 124
 5995 370
 4505 620


