# Created by Octave 3.8.2, Mon Jun 22 01:18:01 2020 CEST <damian@fptrucha.inv.usc.es>
# name: hd
# type: matrix
# rows: 6
# columns: 2
 5222 -620
 6849 -372
 6981 -124
 6475 124
 5684 370
 4081 620


