# Created by Octave 3.8.2, Sat Jun 20 05:38:28 2020 CEST <damian@fptrucha.inv.usc.es>
# name: hd
# type: matrix
# rows: 6
# columns: 2
 5801 -620
 7972 -372
 7632 -124
 7443 124
 6518 370
 4716 620


