# Created by Octave 3.8.2, Mon Jun 22 05:38:06 2020 CEST <damian@fptrucha.inv.usc.es>
# name: hd
# type: matrix
# rows: 6
# columns: 2
 4628 -620
 6047 -372
 6498 -124
 6662 124
 5733 370
 4385 620


