# Created by Octave 3.8.2, Mon Jun 22 02:08:07 2020 CEST <damian@fptrucha.inv.usc.es>
# name: hd
# type: matrix
# rows: 6
# columns: 2
 5082 -620
 6524 -372
 6925 -124
 6527 124
 5681 370
 4295 620


