# Created by Octave 3.8.2, Mon Jun 22 05:07:40 2020 CEST <damian@fptrucha.inv.usc.es>
# name: hd
# type: matrix
# rows: 6
# columns: 2
 4707 -620
 5910 -372
 6239 -124
 6300 124
 5354 370
 4088 620


