# Created by Octave 3.8.2, Sun Jun 21 03:11:47 2020 CEST <damian@fptrucha.inv.usc.es>
# name: hd
# type: matrix
# rows: 6
# columns: 2
 5046 -620
 6646 -372
 6499 -124
 6372 124
 5547 370
 4153 620


