# Created by Octave 3.8.2, Mon Jun 22 19:00:54 2020 CEST <damian@fptrucha.inv.usc.es>
# name: hd
# type: matrix
# rows: 6
# columns: 2
 5341 -620
 6746 -372
 7267 -124
 7081 124
 6123 370
 4654 620


