# Created by Octave 3.8.2, Sat Jun 20 11:12:44 2020 CEST <damian@fptrucha.inv.usc.es>
# name: hd
# type: matrix
# rows: 6
# columns: 2
 5920 -620
 7570 -372
 7812 -124
 7481 124
 6388 370
 4601 620


