# Created by Octave 3.8.2, Sat Jun 20 18:38:31 2020 CEST <damian@fptrucha.inv.usc.es>
# name: hd
# type: matrix
# rows: 6
# columns: 2
 5160 -620
 6839 -372
 6918 -124
 6523 124
 5661 370
 4193 620


