# Created by Octave 3.8.2, Mon Jun 22 17:39:38 2020 CEST <damian@fptrucha.inv.usc.es>
# name: hd
# type: matrix
# rows: 6
# columns: 2
 5152 -620
 6940 -372
 7331 -124
 7129 124
 6300 370
 4626 620


