# Created by Octave 3.8.2, Mon Jun 22 02:18:52 2020 CEST <damian@fptrucha.inv.usc.es>
# name: hd
# type: matrix
# rows: 6
# columns: 2
 5183 -620
 6446 -372
 6831 -124
 6404 124
 5567 370
 4328 620


