# Created by Octave 3.8.2, Sat Jun 20 17:07:29 2020 CEST <damian@fptrucha.inv.usc.es>
# name: hd
# type: matrix
# rows: 6
# columns: 2
 5254 -620
 7035 -372
 7024 -124
 6476 124
 5706 370
 4180 620


