# Created by Octave 3.8.2, Mon Jun 22 06:25:34 2020 CEST <damian@fptrucha.inv.usc.es>
# name: hd
# type: matrix
# rows: 6
# columns: 2
 4492 -620
 5994 -372
 6607 -124
 6487 124
 5840 370
 4340 620


