# Created by Octave 3.8.2, Sat Jun 20 05:32:44 2020 CEST <damian@fptrucha.inv.usc.es>
# name: hd
# type: matrix
# rows: 6
# columns: 2
 5953 -620
 7675 -372
 7761 -124
 7296 124
 6353 370
 4665 620


