# Created by Octave 3.8.2, Sat Jun 20 18:48:28 2020 CEST <damian@fptrucha.inv.usc.es>
# name: hd
# type: matrix
# rows: 6
# columns: 2
 5153 -620
 7028 -372
 6885 -124
 6642 124
 5622 370
 4302 620


