# Created by Octave 3.8.2, Sat Jun 20 20:21:07 2020 CEST <damian@fptrucha.inv.usc.es>
# name: hd
# type: matrix
# rows: 6
# columns: 2
 5371 -620
 6868 -372
 7033 -124
 6662 124
 5584 370
 4204 620


