# Created by Octave 3.8.2, Tue Jun 23 00:21:53 2020 CEST <damian@fptrucha.inv.usc.es>
# name: hd
# type: matrix
# rows: 6
# columns: 2
 5636 -620
 7262 -372
 7547 -124
 7189 124
 6378 370
 4618 620


