# Created by Octave 3.8.2, Mon Jun 22 09:36:25 2020 CEST <damian@fptrucha.inv.usc.es>
# name: hd
# type: matrix
# rows: 6
# columns: 2
 4597 -620
 6430 -372
 6768 -124
 6755 124
 5992 370
 4548 620


