# Created by Octave 3.8.2, Mon Jun 22 18:48:47 2020 CEST <damian@fptrucha.inv.usc.es>
# name: hd
# type: matrix
# rows: 6
# columns: 2
 5409 -620
 6935 -372
 7203 -124
 7040 124
 6182 370
 4649 620


