# Created by Octave 3.8.2, Sun Jun 21 07:32:04 2020 CEST <damian@fptrucha.inv.usc.es>
# name: hd
# type: matrix
# rows: 6
# columns: 2
 4996 -620
 6786 -372
 6845 -124
 6389 124
 5568 370
 4126 620


