# Created by Octave 3.8.2, Mon Jun 22 18:00:47 2020 CEST <damian@fptrucha.inv.usc.es>
# name: hd
# type: matrix
# rows: 6
# columns: 2
 5101 -620
 6782 -372
 7130 -124
 7005 124
 6182 370
 4603 620


