# Created by Octave 3.8.2, Mon Jun 22 04:15:15 2020 CEST <damian@fptrucha.inv.usc.es>
# name: hd
# type: matrix
# rows: 6
# columns: 2
 4586 -620
 6014 -372
 6463 -124
 6032 124
 5407 370
 4093 620


