# Created by Octave 3.8.2, Mon Jun 22 18:46:27 2020 CEST <damian@fptrucha.inv.usc.es>
# name: hd
# type: matrix
# rows: 6
# columns: 2
 5391 -620
 6907 -372
 7320 -124
 7112 124
 6189 370
 4640 620


