# Created by Octave 3.8.2, Sat Jun 20 22:35:44 2020 CEST <damian@fptrucha.inv.usc.es>
# name: hd
# type: matrix
# rows: 6
# columns: 2
 3371 -620
 4488 -372
 4503 -124
 4183 124
 3730 370
 2779 620


