# Created by Octave 3.8.2, Mon Jun 22 15:53:04 2020 CEST <damian@fptrucha.inv.usc.es>
# name: hd
# type: matrix
# rows: 6
# columns: 2
 5190 -620
 6708 -372
 7250 -124
 6991 124
 6215 370
 4809 620


