# Created by Octave 3.8.2, Mon Jun 22 00:46:06 2020 CEST <damian@fptrucha.inv.usc.es>
# name: hd
# type: matrix
# rows: 6
# columns: 2
 5239 -620
 6950 -372
 6941 -124
 6498 124
 5523 370
 4235 620


