# Created by Octave 3.8.2, Mon Jun 22 07:21:19 2020 CEST <damian@fptrucha.inv.usc.es>
# name: hd
# type: matrix
# rows: 6
# columns: 2
 4579 -620
 6156 -372
 6674 -124
 6632 124
 5867 370
 4464 620


