# Created by Octave 3.8.2, Sat Jun 20 18:15:36 2020 CEST <damian@fptrucha.inv.usc.es>
# name: hd
# type: matrix
# rows: 6
# columns: 2
 5279 -620
 6833 -372
 6949 -124
 6462 124
 5798 370
 4274 620


