# Created by Octave 3.8.2, Mon Jun 22 11:40:03 2020 CEST <damian@fptrucha.inv.usc.es>
# name: hd
# type: matrix
# rows: 6
# columns: 2
 4870 -620
 6237 -372
 6827 -124
 6638 124
 6102 370
 4470 620


