# Created by Octave 3.8.2, Mon Jun 22 02:35:01 2020 CEST <damian@fptrucha.inv.usc.es>
# name: hd
# type: matrix
# rows: 6
# columns: 2
 4639 -620
 6048 -372
 6366 -124
 6399 124
 5657 370
 4291 620


