# Created by Octave 3.8.2, Mon Jun 22 16:50:45 2020 CEST <damian@fptrucha.inv.usc.es>
# name: hd
# type: matrix
# rows: 6
# columns: 2
 5204 -620
 6615 -372
 7383 -124
 7015 124
 6134 370
 4646 620


