# Created by Octave 3.8.2, Sat Jun 20 11:27:56 2020 CEST <damian@fptrucha.inv.usc.es>
# name: hd
# type: matrix
# rows: 6
# columns: 2
 5749 -620
 7613 -372
 7689 -124
 7330 124
 6171 370
 4846 620


