# Created by Octave 3.8.2, Mon Jun 22 12:25:17 2020 CEST <damian@fptrucha.inv.usc.es>
# name: hd
# type: matrix
# rows: 6
# columns: 2
 4750 -620
 6537 -372
 7024 -124
 6880 124
 6130 370
 4643 620


