# Created by Octave 3.8.2, Sat Jun 20 16:08:01 2020 CEST <damian@fptrucha.inv.usc.es>
# name: hd
# type: matrix
# rows: 6
# columns: 2
 5443 -620
 7098 -372
 7213 -124
 6607 124
 5842 370
 4284 620


