# Created by Octave 3.8.2, Mon Jun 22 04:35:26 2020 CEST <damian@fptrucha.inv.usc.es>
# name: hd
# type: matrix
# rows: 6
# columns: 2
 4700 -620
 5918 -372
 6422 -124
 6118 124
 5277 370
 3937 620


