# Created by Octave 3.8.2, Mon Jun 22 16:02:37 2020 CEST <damian@fptrucha.inv.usc.es>
# name: hd
# type: matrix
# rows: 6
# columns: 2
 5247 -620
 6868 -372
 7361 -124
 7047 124
 6223 370
 4655 620


