# Created by Octave 3.8.2, Mon Jun 22 18:43:03 2020 CEST <damian@fptrucha.inv.usc.es>
# name: hd
# type: matrix
# rows: 6
# columns: 2
 5306 -620
 6890 -372
 7396 -124
 6930 124
 6296 370
 4719 620


