# Created by Octave 3.8.2, Mon Jun 22 11:52:07 2020 CEST <damian@fptrucha.inv.usc.es>
# name: hd
# type: matrix
# rows: 6
# columns: 2
 4672 -620
 6437 -372
 6822 -124
 6704 124
 6036 370
 4489 620


