# Created by Octave 3.8.2, Sun Jun 21 04:58:33 2020 CEST <damian@fptrucha.inv.usc.es>
# name: hd
# type: matrix
# rows: 6
# columns: 2
 5266 -620
 6833 -372
 6975 -124
 6616 124
 5694 370
 4275 620


