# Created by Octave 3.8.2, Sun Jun 21 00:42:25 2020 CEST <damian@fptrucha.inv.usc.es>
# name: hd
# type: matrix
# rows: 6
# columns: 2
 4971 -620
 6710 -372
 6579 -124
 6304 124
 5518 370
 4157 620


