# Created by Octave 3.8.2, Mon Jun 22 08:12:12 2020 CEST <damian@fptrucha.inv.usc.es>
# name: hd
# type: matrix
# rows: 6
# columns: 2
 4714 -620
 6183 -372
 6614 -124
 6661 124
 5750 370
 4407 620


