# Created by Octave 3.8.2, Sun Jun 21 00:07:37 2020 CEST <damian@fptrucha.inv.usc.es>
# name: hd
# type: matrix
# rows: 6
# columns: 2
 5201 -620
 6784 -372
 6731 -124
 6398 124
 5685 370
 4141 620


