# Created by Octave 3.8.2, Sun Jun 21 00:50:45 2020 CEST <damian@fptrucha.inv.usc.es>
# name: hd
# type: matrix
# rows: 6
# columns: 2
 5196 -620
 6732 -372
 6645 -124
 6491 124
 5483 370
 4166 620


