# Created by Octave 3.8.2, Mon Jun 22 14:01:50 2020 CEST <damian@fptrucha.inv.usc.es>
# name: hd
# type: matrix
# rows: 6
# columns: 2
 4998 -620
 6662 -372
 6943 -124
 6763 124
 6207 370
 4642 620


