# Created by Octave 3.8.2, Mon Jun 22 23:16:23 2020 CEST <damian@fptrucha.inv.usc.es>
# name: hd
# type: matrix
# rows: 6
# columns: 2
 5497 -620
 7176 -372
 7711 -124
 7416 124
 6421 370
 4789 620


