# Created by Octave 3.8.2, Sun Jun 21 03:52:47 2020 CEST <damian@fptrucha.inv.usc.es>
# name: hd
# type: matrix
# rows: 6
# columns: 2
 5132 -620
 6874 -372
 6628 -124
 6191 124
 5668 370
 4293 620


