# Created by Octave 3.8.2, Sun Jun 21 00:09:48 2020 CEST <damian@fptrucha.inv.usc.es>
# name: hd
# type: matrix
# rows: 6
# columns: 2
 5091 -620
 6937 -372
 6749 -124
 6419 124
 5605 370
 4164 620


