# Created by Octave 3.8.2, Sun Jun 21 03:04:14 2020 CEST <damian@fptrucha.inv.usc.es>
# name: hd
# type: matrix
# rows: 6
# columns: 2
 5125 -620
 6691 -372
 6685 -124
 6338 124
 5477 370
 4197 620


