# Created by Octave 3.8.2, Sat Jun 20 19:01:31 2020 CEST <damian@fptrucha.inv.usc.es>
# name: hd
# type: matrix
# rows: 6
# columns: 2
 5255 -620
 6928 -372
 6921 -124
 6553 124
 5606 370
 4220 620


