# Created by Octave 3.8.2, Mon Jun 22 03:07:45 2020 CEST <damian@fptrucha.inv.usc.es>
# name: hd
# type: matrix
# rows: 6
# columns: 2
 4633 -620
 6027 -372
 6471 -124
 6340 124
 5773 370
 4195 620


