# Created by Octave 3.8.2, Mon Jun 22 21:36:13 2020 CEST <damian@fptrucha.inv.usc.es>
# name: hd
# type: matrix
# rows: 6
# columns: 2
 5454 -620
 7080 -372
 7540 -124
 6980 124
 6338 370
 4841 620


