# Created by Octave 3.8.2, Sun Jun 21 08:00:10 2020 CEST <damian@fptrucha.inv.usc.es>
# name: hd
# type: matrix
# rows: 6
# columns: 2
 3522 -620
 4701 -372
 4687 -124
 4300 124
 3719 370
 2793 620


