# Created by Octave 3.8.2, Mon Jun 22 07:36:04 2020 CEST <damian@fptrucha.inv.usc.es>
# name: hd
# type: matrix
# rows: 6
# columns: 2
 4556 -620
 6157 -372
 6833 -124
 6566 124
 5632 370
 4397 620


