# Created by Octave 3.8.2, Sun Jun 21 08:13:07 2020 CEST <damian@fptrucha.inv.usc.es>
# name: hd
# type: matrix
# rows: 6
# columns: 2
 5282 -620
 6932 -372
 6820 -124
 6479 124
 5525 370
 4139 620


