# Created by Octave 3.8.2, Sat Jun 20 06:02:27 2020 CEST <damian@fptrucha.inv.usc.es>
# name: hd
# type: matrix
# rows: 6
# columns: 2
 5941 -620
 7751 -372
 7872 -124
 7447 124
 6428 370
 4586 620


