# Created by Octave 3.8.2, Mon Jun 22 04:29:02 2020 CEST <damian@fptrucha.inv.usc.es>
# name: hd
# type: matrix
# rows: 6
# columns: 2
 4696 -620
 5839 -372
 6345 -124
 6085 124
 5279 370
 3907 620


