# Created by Octave 3.8.2, Sat Jun 20 14:33:26 2020 CEST <damian@fptrucha.inv.usc.es>
# name: hd
# type: matrix
# rows: 6
# columns: 2
 5446 -620
 7153 -372
 7316 -124
 6777 124
 6043 370
 4573 620


