# Created by Octave 3.8.2, Sat Jun 20 13:17:15 2020 CEST <damian@fptrucha.inv.usc.es>
# name: hd
# type: matrix
# rows: 6
# columns: 2
 5706 -620
 7374 -372
 7352 -124
 7229 124
 6325 370
 4659 620


