# Created by Octave 3.8.2, Mon Jun 22 20:07:44 2020 CEST <damian@fptrucha.inv.usc.es>
# name: hd
# type: matrix
# rows: 6
# columns: 2
 5348 -620
 7024 -372
 7241 -124
 7327 124
 6192 370
 4778 620


