# Created by Octave 3.8.2, Sun Jun 21 05:31:34 2020 CEST <damian@fptrucha.inv.usc.es>
# name: hd
# type: matrix
# rows: 6
# columns: 2
 5163 -620
 6818 -372
 6869 -124
 6347 124
 5700 370
 4190 620


