# Created by Octave 3.8.2, Mon Jun 22 14:46:51 2020 CEST <damian@fptrucha.inv.usc.es>
# name: hd
# type: matrix
# rows: 6
# columns: 2
 5010 -620
 6598 -372
 7276 -124
 6959 124
 6167 370
 4772 620


