# Created by Octave 3.8.2, Mon Jun 22 21:38:36 2020 CEST <damian@fptrucha.inv.usc.es>
# name: hd
# type: matrix
# rows: 6
# columns: 2
 5444 -620
 7064 -372
 7276 -124
 7132 124
 6310 370
 4720 620


