# Created by Octave 3.8.2, Mon Jun 22 16:41:47 2020 CEST <damian@fptrucha.inv.usc.es>
# name: hd
# type: matrix
# rows: 6
# columns: 2
 5143 -620
 6704 -372
 7242 -124
 7043 124
 6173 370
 4637 620


