# Created by Octave 3.8.2, Sat Jun 20 16:00:33 2020 CEST <damian@fptrucha.inv.usc.es>
# name: hd
# type: matrix
# rows: 6
# columns: 2
 5356 -620
 7230 -372
 7141 -124
 6716 124
 5841 370
 4482 620


