# Created by Octave 3.8.2, Sat Jun 20 15:05:28 2020 CEST <damian@fptrucha.inv.usc.es>
# name: hd
# type: matrix
# rows: 6
# columns: 2
 5295 -620
 7236 -372
 7166 -124
 6958 124
 6022 370
 4502 620


