# Created by Octave 3.8.2, Sat Jun 20 17:33:25 2020 CEST <damian@fptrucha.inv.usc.es>
# name: hd
# type: matrix
# rows: 6
# columns: 2
 5233 -620
 6869 -372
 7022 -124
 6823 124
 5774 370
 4365 620


