# Created by Octave 3.8.2, Mon Jun 22 12:07:45 2020 CEST <damian@fptrucha.inv.usc.es>
# name: hd
# type: matrix
# rows: 6
# columns: 2
 4781 -620
 6538 -372
 6806 -124
 6889 124
 5960 370
 4651 620


