# Created by Octave 3.8.2, Mon Jun 22 21:53:33 2020 CEST <damian@fptrucha.inv.usc.es>
# name: hd
# type: matrix
# rows: 6
# columns: 2
 5439 -620
 6875 -372
 7360 -124
 7112 124
 6308 370
 4718 620


