# Created by Octave 3.8.2, Tue Jun 23 00:07:34 2020 CEST <damian@fptrucha.inv.usc.es>
# name: hd
# type: matrix
# rows: 6
# columns: 2
 3794 -620
 4708 -372
 4935 -124
 4747 124
 4120 370
 3132 620


