# Created by Octave 3.8.2, Sat Jun 20 19:57:09 2020 CEST <damian@fptrucha.inv.usc.es>
# name: hd
# type: matrix
# rows: 6
# columns: 2
 5215 -620
 6976 -372
 6947 -124
 6496 124
 5630 370
 4277 620


