# Created by Octave 3.8.2, Sun Jun 21 06:00:46 2020 CEST <damian@fptrucha.inv.usc.es>
# name: hd
# type: matrix
# rows: 6
# columns: 2
 5057 -620
 6901 -372
 6686 -124
 6479 124
 5509 370
 4101 620


