# Created by Octave 3.8.2, Mon Jun 22 14:43:32 2020 CEST <damian@fptrucha.inv.usc.es>
# name: hd
# type: matrix
# rows: 6
# columns: 2
 4976 -620
 6628 -372
 7124 -124
 6968 124
 6077 370
 4820 620


