# Created by Octave 3.8.2, Mon Jun 22 02:52:49 2020 CEST <damian@fptrucha.inv.usc.es>
# name: hd
# type: matrix
# rows: 6
# columns: 2
 4461 -620
 6004 -372
 6505 -124
 6330 124
 5628 370
 4323 620


