# Created by Octave 3.8.2, Sun Jun 21 05:44:28 2020 CEST <damian@fptrucha.inv.usc.es>
# name: hd
# type: matrix
# rows: 6
# columns: 2
 5143 -620
 6681 -372
 6717 -124
 6173 124
 5509 370
 4116 620


