# Created by Octave 3.8.2, Mon Jun 22 06:59:37 2020 CEST <damian@fptrucha.inv.usc.es>
# name: hd
# type: matrix
# rows: 6
# columns: 2
 4479 -620
 6090 -372
 6582 -124
 6468 124
 5782 370
 4442 620


