# Created by Octave 3.8.2, Mon Jun 22 14:09:58 2020 CEST <damian@fptrucha.inv.usc.es>
# name: hd
# type: matrix
# rows: 6
# columns: 2
 4985 -620
 6676 -372
 7009 -124
 6921 124
 6178 370
 4618 620


