# Created by Octave 3.8.2, Sat Jun 20 11:41:37 2020 CEST <damian@fptrucha.inv.usc.es>
# name: hd
# type: matrix
# rows: 6
# columns: 2
 5812 -620
 7641 -372
 7687 -124
 7248 124
 6314 370
 4612 620


