# Created by Octave 3.8.2, Mon Jun 22 02:48:04 2020 CEST <damian@fptrucha.inv.usc.es>
# name: hd
# type: matrix
# rows: 6
# columns: 2
 4696 -620
 6099 -372
 6531 -124
 6385 124
 5603 370
 4319 620


