# Created by Octave 3.8.2, Mon Jun 22 16:39:35 2020 CEST <damian@fptrucha.inv.usc.es>
# name: hd
# type: matrix
# rows: 6
# columns: 2
 5170 -620
 6727 -372
 7252 -124
 7023 124
 6170 370
 4680 620


