# Created by Octave 3.8.2, Mon Jun 22 14:52:19 2020 CEST <damian@fptrucha.inv.usc.es>
# name: hd
# type: matrix
# rows: 6
# columns: 2
 5022 -620
 6589 -372
 7252 -124
 6880 124
 6059 370
 4585 620


