# Created by Octave 3.8.2, Sat Jun 20 04:25:16 2020 CEST <damian@fptrucha.inv.usc.es>
# name: hd
# type: matrix
# rows: 6
# columns: 2
 3956 -620
 5048 -372
 5090 -124
 4675 124
 4082 370
 3063 620


