# Created by Octave 3.8.2, Mon Jun 22 17:24:55 2020 CEST <damian@fptrucha.inv.usc.es>
# name: hd
# type: matrix
# rows: 6
# columns: 2
 5167 -620
 6794 -372
 7249 -124
 6941 124
 6097 370
 4575 620


