# Created by Octave 3.8.2, Sat Jun 20 04:53:10 2020 CEST <damian@fptrucha.inv.usc.es>
# name: hd
# type: matrix
# rows: 6
# columns: 2
 5813 -620
 7591 -372
 7622 -124
 7095 124
 6536 370
 4759 620


