# Created by Octave 3.8.2, Mon Jun 22 05:43:00 2020 CEST <damian@fptrucha.inv.usc.es>
# name: hd
# type: matrix
# rows: 6
# columns: 2
 4439 -620
 6016 -372
 6609 -124
 6298 124
 5682 370
 4253 620


