# Created by Octave 3.8.2, Mon Jun 22 14:18:38 2020 CEST <damian@fptrucha.inv.usc.es>
# name: hd
# type: matrix
# rows: 6
# columns: 2
 4895 -620
 6408 -372
 7082 -124
 6950 124
 6065 370
 4710 620


