# Created by Octave 3.8.2, Sat Jun 20 22:05:17 2020 CEST <damian@fptrucha.inv.usc.es>
# name: hd
# type: matrix
# rows: 6
# columns: 2
 5157 -620
 6899 -372
 6812 -124
 6595 124
 5708 370
 4240 620


