# Created by Octave 3.8.2, Mon Jun 22 17:13:56 2020 CEST <damian@fptrucha.inv.usc.es>
# name: hd
# type: matrix
# rows: 6
# columns: 2
 5089 -620
 6732 -372
 7165 -124
 6875 124
 6045 370
 4722 620


