# Created by Octave 3.8.2, Sat Jun 20 17:58:58 2020 CEST <damian@fptrucha.inv.usc.es>
# name: hd
# type: matrix
# rows: 6
# columns: 2
 5193 -620
 6811 -372
 6901 -124
 6567 124
 5634 370
 4352 620


