# Created by Octave 3.8.2, Mon Jun 22 17:55:30 2020 CEST <damian@fptrucha.inv.usc.es>
# name: hd
# type: matrix
# rows: 6
# columns: 2
 5270 -620
 6885 -372
 7275 -124
 7023 124
 6228 370
 4694 620


