# Created by Octave 3.8.2, Sat Jun 20 15:08:09 2020 CEST <damian@fptrucha.inv.usc.es>
# name: hd
# type: matrix
# rows: 6
# columns: 2
 5330 -620
 7339 -372
 6935 -124
 6765 124
 5864 370
 4416 620


