# Created by Octave 3.8.2, Sat Jun 20 06:55:04 2020 CEST <damian@fptrucha.inv.usc.es>
# name: hd
# type: matrix
# rows: 6
# columns: 2
 6057 -620
 7892 -372
 7811 -124
 7312 124
 6401 370
 4676 620


