# Created by Octave 3.8.2, Sat Jun 20 13:22:16 2020 CEST <damian@fptrucha.inv.usc.es>
# name: hd
# type: matrix
# rows: 6
# columns: 2
 5617 -620
 7406 -372
 7454 -124
 7068 124
 6199 370
 4569 620


