# Created by Octave 3.8.2, Sat Jun 20 06:29:34 2020 CEST <damian@fptrucha.inv.usc.es>
# name: hd
# type: matrix
# rows: 6
# columns: 2
 6161 -620
 7714 -372
 7962 -124
 7322 124
 6309 370
 4661 620


