# Created by Octave 3.8.2, Mon Jun 22 06:42:07 2020 CEST <damian@fptrucha.inv.usc.es>
# name: hd
# type: matrix
# rows: 6
# columns: 2
 4563 -620
 6032 -372
 6611 -124
 6485 124
 5662 370
 4412 620


