# Created by Octave 3.8.2, Sun Jun 21 06:20:42 2020 CEST <damian@fptrucha.inv.usc.es>
# name: hd
# type: matrix
# rows: 6
# columns: 2
 5234 -620
 6764 -372
 6963 -124
 6183 124
 5502 370
 4132 620


