# Created by Octave 3.8.2, Sun Jun 21 06:27:15 2020 CEST <damian@fptrucha.inv.usc.es>
# name: hd
# type: matrix
# rows: 6
# columns: 2
 5147 -620
 6781 -372
 6754 -124
 6181 124
 5396 370
 4257 620


