# Created by Octave 3.8.2, Mon Jun 22 22:25:52 2020 CEST <damian@fptrucha.inv.usc.es>
# name: hd
# type: matrix
# rows: 6
# columns: 2
 5357 -620
 7250 -372
 7311 -124
 7162 124
 6269 370
 4712 620


