# Created by Octave 3.8.2, Mon Jun 22 16:21:06 2020 CEST <damian@fptrucha.inv.usc.es>
# name: hd
# type: matrix
# rows: 6
# columns: 2
 5048 -620
 6764 -372
 7084 -124
 6964 124
 6139 370
 4641 620


