# Created by Octave 3.8.2, Mon Jun 22 11:19:23 2020 CEST <damian@fptrucha.inv.usc.es>
# name: hd
# type: matrix
# rows: 6
# columns: 2
 4817 -620
 6347 -372
 6939 -124
 6839 124
 5967 370
 4604 620


