# Created by Octave 3.8.2, Sat Jun 20 11:40:13 2020 CEST <damian@fptrucha.inv.usc.es>
# name: hd
# type: matrix
# rows: 6
# columns: 2
 3728 -620
 4993 -372
 4907 -124
 4625 124
 4143 370
 3150 620


