# Created by Octave 3.8.2, Sat Jun 20 14:32:04 2020 CEST <damian@fptrucha.inv.usc.es>
# name: hd
# type: matrix
# rows: 6
# columns: 2
 5441 -620
 7363 -372
 7380 -124
 6891 124
 5997 370
 4570 620


