# Created by Octave 3.8.2, Sun Jun 21 02:02:17 2020 CEST <damian@fptrucha.inv.usc.es>
# name: hd
# type: matrix
# rows: 6
# columns: 2
 5138 -620
 6773 -372
 6650 -124
 6258 124
 5578 370
 4193 620


