# Created by Octave 3.8.2, Sat Jun 20 19:21:48 2020 CEST <damian@fptrucha.inv.usc.es>
# name: hd
# type: matrix
# rows: 6
# columns: 2
 5284 -620
 7037 -372
 6640 -124
 6546 124
 5721 370
 4289 620


