# Created by Octave 3.8.2, Sat Jun 20 07:20:43 2020 CEST <damian@fptrucha.inv.usc.es>
# name: hd
# type: matrix
# rows: 6
# columns: 2
 6224 -620
 7812 -372
 7991 -124
 7363 124
 6357 370
 4714 620


