# Created by Octave 3.8.2, Sat Jun 20 14:24:31 2020 CEST <damian@fptrucha.inv.usc.es>
# name: hd
# type: matrix
# rows: 6
# columns: 2
 5497 -620
 7113 -372
 7300 -124
 6900 124
 5907 370
 4473 620


