# Created by Octave 3.8.2, Mon Jun 22 10:00:27 2020 CEST <damian@fptrucha.inv.usc.es>
# name: hd
# type: matrix
# rows: 6
# columns: 2
 4786 -620
 6353 -372
 6859 -124
 6703 124
 5927 370
 4569 620


