# Created by Octave 3.8.2, Mon Jun 22 13:00:47 2020 CEST <damian@fptrucha.inv.usc.es>
# name: hd
# type: matrix
# rows: 6
# columns: 2
 4917 -620
 6509 -372
 6971 -124
 6819 124
 5960 370
 4630 620


