# Created by Octave 3.8.2, Sat Jun 20 14:37:35 2020 CEST <damian@fptrucha.inv.usc.es>
# name: hd
# type: matrix
# rows: 6
# columns: 2
 5582 -620
 7440 -372
 7396 -124
 6734 124
 5940 370
 4539 620


