# Created by Octave 3.8.2, Mon Jun 22 20:17:44 2020 CEST <damian@fptrucha.inv.usc.es>
# name: hd
# type: matrix
# rows: 6
# columns: 2
 3573 -620
 4588 -372
 4800 -124
 4585 124
 4143 370
 3156 620


