# Created by Octave 3.8.2, Sun Jun 21 00:24:30 2020 CEST <damian@fptrucha.inv.usc.es>
# name: hd
# type: matrix
# rows: 6
# columns: 2
 4991 -620
 6770 -372
 6621 -124
 6433 124
 5578 370
 4132 620


