# Created by Octave 3.8.2, Sat Jun 20 21:18:29 2020 CEST <damian@fptrucha.inv.usc.es>
# name: hd
# type: matrix
# rows: 6
# columns: 2
 5076 -620
 6832 -372
 6557 -124
 6502 124
 5642 370
 4298 620


