# Created by Octave 3.8.2, Sun Jun 21 04:38:41 2020 CEST <damian@fptrucha.inv.usc.es>
# name: hd
# type: matrix
# rows: 6
# columns: 2
 5232 -620
 6831 -372
 6867 -124
 6560 124
 5643 370
 4236 620


