# Created by Octave 3.8.2, Sat Jun 20 21:42:25 2020 CEST <damian@fptrucha.inv.usc.es>
# name: hd
# type: matrix
# rows: 6
# columns: 2
 5169 -620
 6783 -372
 6698 -124
 6636 124
 5629 370
 4208 620


