# Created by Octave 3.8.2, Mon Jun 22 17:30:27 2020 CEST <damian@fptrucha.inv.usc.es>
# name: hd
# type: matrix
# rows: 6
# columns: 2
 5230 -620
 6817 -372
 7394 -124
 7098 124
 6119 370
 4694 620


