# Created by Octave 3.8.2, Sun Jun 21 00:47:52 2020 CEST <damian@fptrucha.inv.usc.es>
# name: hd
# type: matrix
# rows: 6
# columns: 2
 5145 -620
 6844 -372
 6685 -124
 6447 124
 5553 370
 4145 620


