# Created by Octave 3.8.2, Sun Jun 21 05:24:48 2020 CEST <damian@fptrucha.inv.usc.es>
# name: hd
# type: matrix
# rows: 6
# columns: 2
 5224 -620
 6821 -372
 6949 -124
 6435 124
 5606 370
 4212 620


