# Created by Octave 3.8.2, Mon Jun 22 21:14:13 2020 CEST <damian@fptrucha.inv.usc.es>
# name: hd
# type: matrix
# rows: 6
# columns: 2
 5514 -620
 7128 -372
 7435 -124
 7195 124
 6135 370
 4632 620


