# Created by Octave 3.8.2, Sun Jun 21 04:14:21 2020 CEST <damian@fptrucha.inv.usc.es>
# name: hd
# type: matrix
# rows: 6
# columns: 2
 5109 -620
 6652 -372
 6655 -124
 6263 124
 5644 370
 4133 620


