# Created by Octave 3.8.2, Mon Jun 22 05:46:54 2020 CEST <damian@fptrucha.inv.usc.es>
# name: hd
# type: matrix
# rows: 6
# columns: 2
 4523 -620
 5915 -372
 6679 -124
 6493 124
 5743 370
 4167 620


