# Created by Octave 3.8.2, Mon Jun 22 04:41:38 2020 CEST <damian@fptrucha.inv.usc.es>
# name: hd
# type: matrix
# rows: 6
# columns: 2
 4624 -620
 5972 -372
 6184 -124
 6031 124
 5197 370
 3988 620


