# Created by Octave 3.8.2, Sat Jun 20 10:49:45 2020 CEST <damian@fptrucha.inv.usc.es>
# name: hd
# type: matrix
# rows: 6
# columns: 2
 3704 -620
 5146 -372
 5030 -124
 4730 124
 4206 370
 3167 620


