# Created by Octave 3.8.2, Mon Jun 22 08:48:35 2020 CEST <damian@fptrucha.inv.usc.es>
# name: hd
# type: matrix
# rows: 6
# columns: 2
 4592 -620
 6193 -372
 6866 -124
 6664 124
 5843 370
 4568 620


