# Created by Octave 3.8.2, Mon Jun 22 23:08:16 2020 CEST <damian@fptrucha.inv.usc.es>
# name: hd
# type: matrix
# rows: 6
# columns: 2
 5552 -620
 7115 -372
 7479 -124
 7147 124
 6348 370
 4944 620


