# Created by Octave 3.8.2, Sun Jun 21 00:03:25 2020 CEST <damian@fptrucha.inv.usc.es>
# name: hd
# type: matrix
# rows: 6
# columns: 2
 5228 -620
 6868 -372
 6735 -124
 6384 124
 5540 370
 4262 620


