# Created by Octave 3.8.2, Sat Jun 20 08:12:23 2020 CEST <damian@fptrucha.inv.usc.es>
# name: hd
# type: matrix
# rows: 6
# columns: 2
 6140 -620
 8027 -372
 8041 -124
 7549 124
 6405 370
 4807 620


