# Created by Octave 3.8.2, Sat Jun 20 07:25:57 2020 CEST <damian@fptrucha.inv.usc.es>
# name: hd
# type: matrix
# rows: 6
# columns: 2
 6163 -620
 7932 -372
 7836 -124
 7443 124
 6499 370
 4713 620


