# Created by Octave 3.8.2, Mon Jun 22 23:25:32 2020 CEST <damian@fptrucha.inv.usc.es>
# name: hd
# type: matrix
# rows: 6
# columns: 2
 3584 -620
 4637 -372
 4918 -124
 4734 124
 4128 370
 3190 620


