# Created by Octave 3.8.2, Mon Jun 22 17:46:30 2020 CEST <damian@fptrucha.inv.usc.es>
# name: hd
# type: matrix
# rows: 6
# columns: 2
 5214 -620
 6883 -372
 7381 -124
 7041 124
 6229 370
 4702 620


