# Created by Octave 3.8.2, Sun Jun 21 02:48:22 2020 CEST <damian@fptrucha.inv.usc.es>
# name: hd
# type: matrix
# rows: 6
# columns: 2
 5066 -620
 6691 -372
 6663 -124
 6162 124
 5334 370
 4071 620


