# Created by Octave 3.8.2, Mon Jun 22 17:19:09 2020 CEST <damian@fptrucha.inv.usc.es>
# name: hd
# type: matrix
# rows: 6
# columns: 2
 5174 -620
 6761 -372
 7042 -124
 7110 124
 6081 370
 4780 620


