# Created by Octave 3.8.2, Mon Jun 22 06:48:07 2020 CEST <damian@fptrucha.inv.usc.es>
# name: hd
# type: matrix
# rows: 6
# columns: 2
 4484 -620
 6094 -372
 6506 -124
 6477 124
 5665 370
 4455 620


