# Created by Octave 3.8.2, Sat Jun 20 07:51:45 2020 CEST <damian@fptrucha.inv.usc.es>
# name: hd
# type: matrix
# rows: 6
# columns: 2
 6041 -620
 7780 -372
 7944 -124
 7467 124
 6361 370
 4731 620


