# Created by Octave 3.8.2, Mon Jun 22 21:48:48 2020 CEST <damian@fptrucha.inv.usc.es>
# name: hd
# type: matrix
# rows: 6
# columns: 2
 5436 -620
 7169 -372
 7406 -124
 7273 124
 6283 370
 4711 620


