# Created by Octave 3.8.2, Sat Jun 20 23:36:26 2020 CEST <damian@fptrucha.inv.usc.es>
# name: hd
# type: matrix
# rows: 6
# columns: 2
 5261 -620
 6827 -372
 6793 -124
 6399 124
 5571 370
 4357 620


