# Created by Octave 3.8.2, Mon Jun 22 00:59:49 2020 CEST <damian@fptrucha.inv.usc.es>
# name: hd
# type: matrix
# rows: 6
# columns: 2
 5429 -620
 7355 -372
 7363 -124
 6607 124
 5818 370
 4297 620


