# Created by Octave 3.8.2, Sat Jun 20 04:50:15 2020 CEST <damian@fptrucha.inv.usc.es>
# name: hd
# type: matrix
# rows: 6
# columns: 2
 3868 -620
 5061 -372
 4981 -124
 4637 124
 4073 370
 3219 620


