# Created by Octave 3.8.2, Sat Jun 20 11:14:11 2020 CEST <damian@fptrucha.inv.usc.es>
# name: hd
# type: matrix
# rows: 6
# columns: 2
 5939 -620
 7664 -372
 7786 -124
 7421 124
 6280 370
 4662 620


