# Created by Octave 3.8.2, Sun Jun 21 06:33:00 2020 CEST <damian@fptrucha.inv.usc.es>
# name: hd
# type: matrix
# rows: 6
# columns: 2
 5236 -620
 6940 -372
 6968 -124
 6579 124
 5598 370
 4205 620


