# Created by Octave 3.8.2, Mon Jun 22 01:31:47 2020 CEST <damian@fptrucha.inv.usc.es>
# name: hd
# type: matrix
# rows: 6
# columns: 2
 3463 -620
 4667 -372
 4489 -124
 4390 124
 3716 370
 2915 620


