# Created by Octave 3.8.2, Mon Jun 22 10:30:56 2020 CEST <damian@fptrucha.inv.usc.es>
# name: hd
# type: matrix
# rows: 6
# columns: 2
 4743 -620
 6373 -372
 6792 -124
 6654 124
 5950 370
 4484 620


