# Created by Octave 3.8.2, Mon Jun 22 17:45:23 2020 CEST <damian@fptrucha.inv.usc.es>
# name: hd
# type: matrix
# rows: 6
# columns: 2
 5044 -620
 6797 -372
 7507 -124
 6998 124
 6076 370
 4615 620


