# Created by Octave 3.8.2, Mon Jun 22 01:22:05 2020 CEST <damian@fptrucha.inv.usc.es>
# name: hd
# type: matrix
# rows: 6
# columns: 2
 5172 -620
 7004 -372
 6595 -124
 6307 124
 5675 370
 4143 620


