# Created by Octave 3.8.2, Mon Jun 22 08:24:32 2020 CEST <damian@fptrucha.inv.usc.es>
# name: hd
# type: matrix
# rows: 6
# columns: 2
 4643 -620
 6132 -372
 6759 -124
 6634 124
 5831 370
 4413 620


