# Created by Octave 3.8.2, Sat Jun 20 23:21:39 2020 CEST <damian@fptrucha.inv.usc.es>
# name: hd
# type: matrix
# rows: 6
# columns: 2
 3421 -620
 4519 -372
 4460 -124
 4147 124
 3735 370
 2670 620


