# Created by Octave 3.8.2, Mon Jun 22 02:28:00 2020 CEST <damian@fptrucha.inv.usc.es>
# name: hd
# type: matrix
# rows: 6
# columns: 2
 35 -620
 61 -372
 126 -124
 48 124
 16 370
 8 620


