# Created by Octave 3.8.2, Mon Jun 22 23:04:41 2020 CEST <damian@fptrucha.inv.usc.es>
# name: hd
# type: matrix
# rows: 6
# columns: 2
 3681 -620
 4744 -372
 4884 -124
 4787 124
 4298 370
 3237 620


