# Created by Octave 3.8.2, Sat Jun 20 22:53:53 2020 CEST <damian@fptrucha.inv.usc.es>
# name: hd
# type: matrix
# rows: 6
# columns: 2
 5035 -620
 6890 -372
 6748 -124
 6309 124
 5496 370
 4178 620


