# Created by Octave 3.8.2, Mon Jun 22 12:27:25 2020 CEST <damian@fptrucha.inv.usc.es>
# name: hd
# type: matrix
# rows: 6
# columns: 2
 5028 -620
 6495 -372
 7026 -124
 6861 124
 6105 370
 4543 620


