# Created by Octave 3.8.2, Mon Jun 22 21:54:43 2020 CEST <damian@fptrucha.inv.usc.es>
# name: hd
# type: matrix
# rows: 6
# columns: 2
 5389 -620
 7149 -372
 7378 -124
 7157 124
 6181 370
 4705 620


