# Created by Octave 3.8.2, Sat Jun 20 20:54:36 2020 CEST <damian@fptrucha.inv.usc.es>
# name: hd
# type: matrix
# rows: 6
# columns: 2
 5245 -620
 6788 -372
 6850 -124
 6516 124
 5707 370
 4439 620


