# Created by Octave 3.8.2, Sat Jun 20 10:23:30 2020 CEST <damian@fptrucha.inv.usc.es>
# name: hd
# type: matrix
# rows: 6
# columns: 2
 5827 -620
 7771 -372
 7829 -124
 7405 124
 6362 370
 4786 620


