# Created by Octave 3.8.2, Sat Jun 20 16:43:11 2020 CEST <damian@fptrucha.inv.usc.es>
# name: hd
# type: matrix
# rows: 6
# columns: 2
 5331 -620
 6948 -372
 6886 -124
 6624 124
 5679 370
 4301 620


