# Created by Octave 3.8.2, Tue Jun 23 00:13:29 2020 CEST <damian@fptrucha.inv.usc.es>
# name: hd
# type: matrix
# rows: 6
# columns: 2
 5808 -620
 7238 -372
 7364 -124
 7070 124
 6137 370
 4580 620


