# Created by Octave 3.8.2, Sat Jun 20 14:38:54 2020 CEST <damian@fptrucha.inv.usc.es>
# name: hd
# type: matrix
# rows: 6
# columns: 2
 5448 -620
 7154 -372
 7225 -124
 6953 124
 6061 370
 4516 620


