# Created by Octave 3.8.2, Sat Jun 20 23:02:40 2020 CEST <damian@fptrucha.inv.usc.es>
# name: hd
# type: matrix
# rows: 6
# columns: 2
 5047 -620
 6801 -372
 6819 -124
 6474 124
 5715 370
 4102 620


