# Created by Octave 3.8.2, Tue Jun 23 00:32:58 2020 CEST <damian@fptrucha.inv.usc.es>
# name: hd
# type: matrix
# rows: 6
# columns: 2
 5605 -620
 7012 -372
 7441 -124
 7254 124
 6151 370
 4576 620


