# Created by Octave 3.8.2, Mon Jun 22 10:23:30 2020 CEST <damian@fptrucha.inv.usc.es>
# name: hd
# type: matrix
# rows: 6
# columns: 2
 4875 -620
 6269 -372
 6920 -124
 6764 124
 5955 370
 4579 620


