# Created by Octave 3.8.2, Sun Jun 21 04:13:16 2020 CEST <damian@fptrucha.inv.usc.es>
# name: hd
# type: matrix
# rows: 6
# columns: 2
 5129 -620
 6748 -372
 6701 -124
 6326 124
 5512 370
 4193 620


