# Created by Octave 3.8.2, Mon Jun 22 20:58:53 2020 CEST <damian@fptrucha.inv.usc.es>
# name: hd
# type: matrix
# rows: 6
# columns: 2
 3639 -620
 4533 -372
 4851 -124
 4685 124
 4234 370
 3115 620


