# Created by Octave 3.8.2, Mon Jun 22 12:52:16 2020 CEST <damian@fptrucha.inv.usc.es>
# name: hd
# type: matrix
# rows: 6
# columns: 2
 5074 -620
 6685 -372
 7072 -124
 6778 124
 6009 370
 4779 620


