# Created by Octave 3.8.2, Mon Jun 22 05:17:59 2020 CEST <damian@fptrucha.inv.usc.es>
# name: hd
# type: matrix
# rows: 6
# columns: 2
 4686 -620
 6091 -372
 6444 -124
 6451 124
 5446 370
 4150 620


