# Created by Octave 3.8.2, Mon Jun 22 09:34:21 2020 CEST <damian@fptrucha.inv.usc.es>
# name: hd
# type: matrix
# rows: 6
# columns: 2
 4735 -620
 6348 -372
 6786 -124
 6645 124
 6052 370
 4377 620


