# Created by Octave 3.8.2, Sat Jun 20 10:40:12 2020 CEST <damian@fptrucha.inv.usc.es>
# name: hd
# type: matrix
# rows: 6
# columns: 2
 5866 -620
 7540 -372
 7790 -124
 7373 124
 6355 370
 4753 620


