# Created by Octave 3.8.2, Sun Jun 21 04:06:43 2020 CEST <damian@fptrucha.inv.usc.es>
# name: hd
# type: matrix
# rows: 6
# columns: 2
 5149 -620
 6812 -372
 6786 -124
 6383 124
 5511 370
 4160 620


