# Created by Octave 3.8.2, Mon Jun 22 21:25:31 2020 CEST <damian@fptrucha.inv.usc.es>
# name: hd
# type: matrix
# rows: 6
# columns: 2
 5480 -620
 7014 -372
 7536 -124
 7147 124
 6357 370
 4660 620


