# Created by Octave 3.8.2, Sat Jun 20 11:02:42 2020 CEST <damian@fptrucha.inv.usc.es>
# name: hd
# type: matrix
# rows: 6
# columns: 2
 5838 -620
 7894 -372
 7723 -124
 7192 124
 6323 370
 4741 620


