# Created by Octave 3.8.2, Sat Jun 20 03:42:29 2020 CEST <damian@fptrucha.inv.usc.es>
# name: hd
# type: matrix
# rows: 6
# columns: 2
 5918 -620
 7664 -372
 7519 -124
 7127 124
 6092 370
 4353 620


