# Created by Octave 3.8.2, Sat Jun 20 14:45:39 2020 CEST <damian@fptrucha.inv.usc.es>
# name: hd
# type: matrix
# rows: 6
# columns: 2
 5404 -620
 7278 -372
 7172 -124
 6969 124
 6018 370
 4460 620


