# Created by Octave 3.8.2, Sat Jun 20 02:35:11 2020 CEST <damian@fptrucha.inv.usc.es>
# name: hd
# type: matrix
# rows: 6
# columns: 2
 5837 -620
 7695 -372
 7623 -124
 7147 124
 6260 370
 4554 620


