# Created by Octave 3.8.2, Mon Jun 22 17:48:43 2020 CEST <damian@fptrucha.inv.usc.es>
# name: hd
# type: matrix
# rows: 6
# columns: 2
 5153 -620
 6708 -372
 7206 -124
 6976 124
 6220 370
 4661 620


