# Created by Octave 3.8.2, Sat Jun 20 07:14:49 2020 CEST <damian@fptrucha.inv.usc.es>
# name: hd
# type: matrix
# rows: 6
# columns: 2
 6202 -620
 7915 -372
 7868 -124
 7460 124
 6313 370
 4690 620


