# Created by Octave 3.8.2, Sat Jun 20 16:04:31 2020 CEST <damian@fptrucha.inv.usc.es>
# name: hd
# type: matrix
# rows: 6
# columns: 2
 5470 -620
 7205 -372
 7046 -124
 6637 124
 5957 370
 4348 620


