# Created by Octave 3.8.2, Sun Jun 21 05:08:18 2020 CEST <damian@fptrucha.inv.usc.es>
# name: hd
# type: matrix
# rows: 6
# columns: 2
 5223 -620
 6887 -372
 6993 -124
 6360 124
 5679 370
 4317 620


