# Created by Octave 3.8.2, Mon Jun 22 03:35:52 2020 CEST <damian@fptrucha.inv.usc.es>
# name: hd
# type: matrix
# rows: 6
# columns: 2
 4608 -620
 5992 -372
 6507 -124
 6454 124
 5460 370
 4316 620


