# Created by Octave 3.8.2, Mon Jun 22 15:44:09 2020 CEST <damian@fptrucha.inv.usc.es>
# name: hd
# type: matrix
# rows: 6
# columns: 2
 5083 -620
 6730 -372
 7299 -124
 6880 124
 6039 370
 4806 620


