# Created by Octave 3.8.2, Sun Jun 21 08:18:38 2020 CEST <damian@fptrucha.inv.usc.es>
# name: hd
# type: matrix
# rows: 6
# columns: 2
 5014 -620
 6864 -372
 6709 -124
 6068 124
 5445 370
 3974 620


