# Created by Octave 3.8.2, Mon Jun 22 14:38:34 2020 CEST <damian@fptrucha.inv.usc.es>
# name: hd
# type: matrix
# rows: 6
# columns: 2
 5003 -620
 6405 -372
 7321 -124
 6966 124
 5965 370
 4711 620


