# Created by Octave 3.8.2, Mon Jun 22 08:43:49 2020 CEST <damian@fptrucha.inv.usc.es>
# name: hd
# type: matrix
# rows: 6
# columns: 2
 4726 -620
 6326 -372
 6745 -124
 6621 124
 5821 370
 4554 620


