# Created by Octave 3.8.2, Mon Jun 22 15:45:14 2020 CEST <damian@fptrucha.inv.usc.es>
# name: hd
# type: matrix
# rows: 6
# columns: 2
 5084 -620
 6843 -372
 7266 -124
 7039 124
 6177 370
 4659 620


