# Created by Octave 3.8.2, Mon Jun 22 07:01:37 2020 CEST <damian@fptrucha.inv.usc.es>
# name: hd
# type: matrix
# rows: 6
# columns: 2
 4493 -620
 6063 -372
 6657 -124
 6417 124
 5694 370
 4296 620


