# Created by Octave 3.8.2, Sat Jun 20 14:58:41 2020 CEST <damian@fptrucha.inv.usc.es>
# name: hd
# type: matrix
# rows: 6
# columns: 2
 5476 -620
 7125 -372
 7304 -124
 7002 124
 5840 370
 4524 620


