# Created by Octave 3.8.2, Mon Jun 22 05:01:58 2020 CEST <damian@fptrucha.inv.usc.es>
# name: hd
# type: matrix
# rows: 6
# columns: 2
 4565 -620
 5960 -372
 6384 -124
 6157 124
 5333 370
 4012 620


