# Created by Octave 3.8.2, Mon Jun 22 05:02:55 2020 CEST <damian@fptrucha.inv.usc.es>
# name: hd
# type: matrix
# rows: 6
# columns: 2
 4595 -620
 6166 -372
 6308 -124
 6309 124
 5323 370
 3987 620


