# Created by Octave 3.8.2, Mon Jun 22 01:17:01 2020 CEST <damian@fptrucha.inv.usc.es>
# name: hd
# type: matrix
# rows: 6
# columns: 2
 5152 -620
 6935 -372
 6850 -124
 6396 124
 5549 370
 4283 620


