# Created by Octave 3.8.2, Sun Jun 21 02:03:25 2020 CEST <damian@fptrucha.inv.usc.es>
# name: hd
# type: matrix
# rows: 6
# columns: 2
 5272 -620
 6827 -372
 6691 -124
 6464 124
 5391 370
 4140 620


