# Created by Octave 3.8.2, Sat Jun 20 08:16:14 2020 CEST <damian@fptrucha.inv.usc.es>
# name: hd
# type: matrix
# rows: 6
# columns: 2
 6123 -620
 8088 -372
 7809 -124
 7599 124
 6586 370
 4682 620


