# Created by Octave 3.8.2, Sat Jun 20 19:24:26 2020 CEST <damian@fptrucha.inv.usc.es>
# name: hd
# type: matrix
# rows: 6
# columns: 2
 5290 -620
 6904 -372
 7013 -124
 6565 124
 5612 370
 4335 620


