# Created by Octave 3.8.2, Mon Jun 22 11:14:09 2020 CEST <damian@fptrucha.inv.usc.es>
# name: hd
# type: matrix
# rows: 6
# columns: 2
 3193 -620
 4217 -372
 4596 -124
 4412 124
 3974 370
 3110 620


