# Created by Octave 3.8.2, Mon Jun 22 17:43:05 2020 CEST <damian@fptrucha.inv.usc.es>
# name: hd
# type: matrix
# rows: 6
# columns: 2
 5137 -620
 6865 -372
 7343 -124
 7158 124
 6227 370
 4675 620


