# Created by Octave 3.8.2, Mon Jun 22 05:43:57 2020 CEST <damian@fptrucha.inv.usc.es>
# name: hd
# type: matrix
# rows: 6
# columns: 2
 4574 -620
 5937 -372
 6535 -124
 6405 124
 5651 370
 4280 620


