# Created by Octave 3.8.2, Sat Jun 20 07:00:20 2020 CEST <damian@fptrucha.inv.usc.es>
# name: hd
# type: matrix
# rows: 6
# columns: 2
 5976 -620
 7993 -372
 7918 -124
 7301 124
 6500 370
 4714 620


