# Created by Octave 3.8.2, Sun Jun 21 02:32:24 2020 CEST <damian@fptrucha.inv.usc.es>
# name: hd
# type: matrix
# rows: 6
# columns: 2
 5104 -620
 6678 -372
 6695 -124
 6299 124
 5474 370
 4073 620


