# Created by Octave 3.8.2, Sat Jun 20 06:16:28 2020 CEST <damian@fptrucha.inv.usc.es>
# name: hd
# type: matrix
# rows: 6
# columns: 2
 6130 -620
 7971 -372
 7810 -124
 7283 124
 6445 370
 4778 620


