# Created by Octave 3.8.2, Sat Jun 20 04:32:17 2020 CEST <damian@fptrucha.inv.usc.es>
# name: hd
# type: matrix
# rows: 6
# columns: 2
 5776 -620
 7801 -372
 7588 -124
 7382 124
 6415 370
 4567 620


