# Created by Octave 3.8.2, Sun Jun 21 04:48:26 2020 CEST <damian@fptrucha.inv.usc.es>
# name: hd
# type: matrix
# rows: 6
# columns: 2
 5266 -620
 6976 -372
 6859 -124
 6427 124
 5608 370
 4212 620


