# Created by Octave 3.8.2, Mon Jun 22 07:55:05 2020 CEST <damian@fptrucha.inv.usc.es>
# name: hd
# type: matrix
# rows: 6
# columns: 2
 4719 -620
 6101 -372
 6891 -124
 6603 124
 5839 370
 4444 620


