# Created by Octave 3.8.2, Mon Jun 22 21:49:59 2020 CEST <damian@fptrucha.inv.usc.es>
# name: hd
# type: matrix
# rows: 6
# columns: 2
 5443 -620
 7073 -372
 7370 -124
 7188 124
 6368 370
 4817 620


