# Created by Octave 3.8.2, Sat Jun 20 15:00:04 2020 CEST <damian@fptrucha.inv.usc.es>
# name: hd
# type: matrix
# rows: 6
# columns: 2
 5308 -620
 7259 -372
 7030 -124
 6862 124
 6022 370
 4430 620


