# Created by Octave 3.8.2, Sat Jun 20 08:20:44 2020 CEST <damian@fptrucha.inv.usc.es>
# name: hd
# type: matrix
# rows: 6
# columns: 2
 6099 -620
 7750 -372
 7966 -124
 7730 124
 6528 370
 5021 620


