# Created by Octave 3.8.2, Sat Jun 20 18:47:09 2020 CEST <damian@fptrucha.inv.usc.es>
# name: hd
# type: matrix
# rows: 6
# columns: 2
 3436 -620
 4580 -372
 4529 -124
 4385 124
 3679 370
 2824 620


