# Created by Octave 3.8.2, Mon Jun 22 10:28:50 2020 CEST <damian@fptrucha.inv.usc.es>
# name: hd
# type: matrix
# rows: 6
# columns: 2
 4938 -620
 6350 -372
 6791 -124
 6863 124
 6051 370
 4669 620


