# Created by Octave 3.8.2, Mon Jun 22 07:20:18 2020 CEST <damian@fptrucha.inv.usc.es>
# name: hd
# type: matrix
# rows: 6
# columns: 2
 4578 -620
 6178 -372
 6645 -124
 6421 124
 5785 370
 4376 620


