# Created by Octave 3.8.2, Sat Jun 20 21:37:19 2020 CEST <damian@fptrucha.inv.usc.es>
# name: hd
# type: matrix
# rows: 6
# columns: 2
 5108 -620
 6819 -372
 6779 -124
 6479 124
 5629 370
 4099 620


