# Created by Octave 3.8.2, Mon Jun 22 20:32:55 2020 CEST <damian@fptrucha.inv.usc.es>
# name: hd
# type: matrix
# rows: 6
# columns: 2
 5408 -620
 6965 -372
 7307 -124
 7054 124
 6194 370
 4861 620


