# Created by Octave 3.8.2, Mon Jun 22 12:40:52 2020 CEST <damian@fptrucha.inv.usc.es>
# name: hd
# type: matrix
# rows: 6
# columns: 2
 4820 -620
 6559 -372
 6952 -124
 6853 124
 6110 370
 4507 620


