# Created by Octave 3.8.2, Mon Jun 22 08:10:11 2020 CEST <damian@fptrucha.inv.usc.es>
# name: hd
# type: matrix
# rows: 6
# columns: 2
 4741 -620
 6099 -372
 6728 -124
 6587 124
 5871 370
 4381 620


