# Created by Octave 3.8.2, Mon Jun 22 01:14:00 2020 CEST <damian@fptrucha.inv.usc.es>
# name: hd
# type: matrix
# rows: 6
# columns: 2
 3356 -620
 4585 -372
 4450 -124
 4287 124
 3787 370
 2690 620


