# Created by Octave 3.8.2, Mon Jun 22 12:54:23 2020 CEST <damian@fptrucha.inv.usc.es>
# name: hd
# type: matrix
# rows: 6
# columns: 2
 4997 -620
 6627 -372
 6975 -124
 6876 124
 5934 370
 4635 620


