# Created by Octave 3.8.2, Sat Jun 20 12:49:27 2020 CEST <damian@fptrucha.inv.usc.es>
# name: hd
# type: matrix
# rows: 6
# columns: 2
 5619 -620
 7396 -372
 7626 -124
 7060 124
 6271 370
 4816 620


