# Created by Octave 3.8.2, Sun Jun 21 04:51:48 2020 CEST <damian@fptrucha.inv.usc.es>
# name: hd
# type: matrix
# rows: 6
# columns: 2
 5337 -620
 7040 -372
 6812 -124
 6585 124
 5747 370
 4251 620


