# Created by Octave 3.8.2, Sun Jun 21 03:15:02 2020 CEST <damian@fptrucha.inv.usc.es>
# name: hd
# type: matrix
# rows: 6
# columns: 2
 5147 -620
 6633 -372
 6555 -124
 6406 124
 5466 370
 4201 620


