# Created by Octave 3.8.2, Mon Jun 22 03:56:40 2020 CEST <damian@fptrucha.inv.usc.es>
# name: hd
# type: matrix
# rows: 6
# columns: 2
 4794 -620
 6066 -372
 6441 -124
 6269 124
 5615 370
 4064 620


