# Created by Octave 3.8.2, Mon Jun 22 02:15:48 2020 CEST <damian@fptrucha.inv.usc.es>
# name: hd
# type: matrix
# rows: 6
# columns: 2
 5230 -620
 6719 -372
 6722 -124
 6693 124
 5809 370
 4440 620


