# Created by Octave 3.8.2, Mon Jun 22 15:34:36 2020 CEST <damian@fptrucha.inv.usc.es>
# name: hd
# type: matrix
# rows: 6
# columns: 2
 5050 -620
 6558 -372
 7184 -124
 6969 124
 6187 370
 4660 620


