# Created by Octave 3.8.2, Mon Jun 22 21:20:52 2020 CEST <damian@fptrucha.inv.usc.es>
# name: hd
# type: matrix
# rows: 6
# columns: 2
 5376 -620
 6914 -372
 7524 -124
 7083 124
 6182 370
 4697 620


