# Created by Octave 3.8.2, Sun Jun 21 04:18:53 2020 CEST <damian@fptrucha.inv.usc.es>
# name: hd
# type: matrix
# rows: 6
# columns: 2
 5122 -620
 6745 -372
 6747 -124
 6437 124
 5431 370
 4248 620


