# Created by Octave 3.8.2, Sun Jun 21 03:16:10 2020 CEST <damian@fptrucha.inv.usc.es>
# name: hd
# type: matrix
# rows: 6
# columns: 2
 5153 -620
 6855 -372
 6556 -124
 6269 124
 5493 370
 4108 620


