# Created by Octave 3.8.2, Sun Jun 21 07:50:21 2020 CEST <damian@fptrucha.inv.usc.es>
# name: hd
# type: matrix
# rows: 6
# columns: 2
 5174 -620
 6958 -372
 6753 -124
 6448 124
 5541 370
 4208 620


