# Created by Octave 3.8.2, Sun Jun 21 05:03:49 2020 CEST <damian@fptrucha.inv.usc.es>
# name: hd
# type: matrix
# rows: 6
# columns: 2
 5292 -620
 7073 -372
 6832 -124
 6524 124
 5634 370
 4227 620


