# Created by Octave 3.8.2, Mon Jun 22 03:34:55 2020 CEST <damian@fptrucha.inv.usc.es>
# name: hd
# type: matrix
# rows: 6
# columns: 2
 4542 -620
 6040 -372
 6441 -124
 6307 124
 5597 370
 4182 620


