# Created by Octave 3.8.2, Sat Jun 20 14:47:03 2020 CEST <damian@fptrucha.inv.usc.es>
# name: hd
# type: matrix
# rows: 6
# columns: 2
 5501 -620
 7268 -372
 7292 -124
 6875 124
 5985 370
 4418 620


