# Created by Octave 3.8.2, Sat Jun 20 06:39:08 2020 CEST <damian@fptrucha.inv.usc.es>
# name: hd
# type: matrix
# rows: 6
# columns: 2
 6025 -620
 7905 -372
 7894 -124
 7250 124
 6333 370
 4507 620


