# Created by Octave 3.8.2, Sat Jun 20 22:15:18 2020 CEST <damian@fptrucha.inv.usc.es>
# name: hd
# type: matrix
# rows: 6
# columns: 2
 5356 -620
 6831 -372
 6729 -124
 6486 124
 5715 370
 4246 620


