# Created by Octave 3.8.2, Sat Jun 20 15:31:35 2020 CEST <damian@fptrucha.inv.usc.es>
# name: hd
# type: matrix
# rows: 6
# columns: 2
 5333 -620
 7155 -372
 7165 -124
 6612 124
 5856 370
 4499 620


