# Created by Octave 3.8.2, Sun Jun 21 02:07:23 2020 CEST <damian@fptrucha.inv.usc.es>
# name: hd
# type: matrix
# rows: 6
# columns: 2
 5192 -620
 6792 -372
 6632 -124
 6315 124
 5600 370
 4080 620


