# Created by Octave 3.8.2, Sat Jun 20 08:42:21 2020 CEST <damian@fptrucha.inv.usc.es>
# name: hd
# type: matrix
# rows: 6
# columns: 2
 6110 -620
 8003 -372
 8145 -124
 7402 124
 6511 370
 4926 620


