# Created by Octave 3.8.2, Sun Jun 21 00:14:46 2020 CEST <damian@fptrucha.inv.usc.es>
# name: hd
# type: matrix
# rows: 6
# columns: 2
 5129 -620
 6726 -372
 6715 -124
 6241 124
 5544 370
 4198 620


