# Created by Octave 3.8.2, Mon Jun 22 03:25:43 2020 CEST <damian@fptrucha.inv.usc.es>
# name: hd
# type: matrix
# rows: 6
# columns: 2
 4687 -620
 5908 -372
 6355 -124
 6431 124
 5698 370
 4398 620


