# Created by Octave 3.8.2, Mon Jun 22 10:35:06 2020 CEST <damian@fptrucha.inv.usc.es>
# name: hd
# type: matrix
# rows: 6
# columns: 2
 4858 -620
 6427 -372
 6858 -124
 6863 124
 6071 370
 4590 620


