# Created by Octave 3.8.2, Mon Jun 22 15:56:24 2020 CEST <damian@fptrucha.inv.usc.es>
# name: hd
# type: matrix
# rows: 6
# columns: 2
 5279 -620
 6778 -372
 7365 -124
 6923 124
 6160 370
 4783 620


