# Created by Octave 3.8.2, Sat Jun 20 06:07:46 2020 CEST <damian@fptrucha.inv.usc.es>
# name: hd
# type: matrix
# rows: 6
# columns: 2
 6103 -620
 7746 -372
 7971 -124
 7243 124
 6296 370
 4704 620


