# Created by Octave 3.8.2, Sun Jun 21 03:53:52 2020 CEST <damian@fptrucha.inv.usc.es>
# name: hd
# type: matrix
# rows: 6
# columns: 2
 5159 -620
 6733 -372
 6838 -124
 6576 124
 5719 370
 4220 620


