# Created by Octave 3.8.2, Sat Jun 20 19:29:42 2020 CEST <damian@fptrucha.inv.usc.es>
# name: hd
# type: matrix
# rows: 6
# columns: 2
 5219 -620
 6902 -372
 6896 -124
 6476 124
 5625 370
 4301 620


