# Created by Octave 3.8.2, Mon Jun 22 20:08:51 2020 CEST <damian@fptrucha.inv.usc.es>
# name: hd
# type: matrix
# rows: 6
# columns: 2
 5422 -620
 6865 -372
 7261 -124
 6925 124
 6000 370
 4677 620


