# Created by Octave 3.8.2, Sat Jun 20 02:12:23 2020 CEST <damian@fptrucha.inv.usc.es>
# name: hd
# type: matrix
# rows: 6
# columns: 2
 5774 -620
 7498 -372
 7290 -124
 7182 124
 6084 370
 4548 620


