# Created by Octave 3.8.2, Sat Jun 20 15:39:43 2020 CEST <damian@fptrucha.inv.usc.es>
# name: hd
# type: matrix
# rows: 6
# columns: 2
 5420 -620
 7108 -372
 7228 -124
 6663 124
 5974 370
 4449 620


