# Created by Octave 3.8.2, Mon Jun 22 13:19:37 2020 CEST <damian@fptrucha.inv.usc.es>
# name: hd
# type: matrix
# rows: 6
# columns: 2
 5006 -620
 6548 -372
 7043 -124
 6796 124
 6147 370
 4559 620


