# Created by Octave 3.8.2, Sun Jun 21 01:43:07 2020 CEST <damian@fptrucha.inv.usc.es>
# name: hd
# type: matrix
# rows: 6
# columns: 2
 5173 -620
 6695 -372
 6622 -124
 6322 124
 5628 370
 4313 620


