# Created by Octave 3.8.2, Sun Jun 21 03:41:45 2020 CEST <damian@fptrucha.inv.usc.es>
# name: hd
# type: matrix
# rows: 6
# columns: 2
 3431 -620
 4525 -372
 4480 -124
 4254 124
 3672 370
 2749 620


