# Created by Octave 3.8.2, Sat Jun 20 04:11:31 2020 CEST <damian@fptrucha.inv.usc.es>
# name: hd
# type: matrix
# rows: 6
# columns: 2
 6055 -620
 7677 -372
 7472 -124
 7245 124
 6247 370
 4540 620


