# Created by Octave 3.8.2, Sat Jun 20 02:42:02 2020 CEST <damian@fptrucha.inv.usc.es>
# name: hd
# type: matrix
# rows: 6
# columns: 2
 5750 -620
 7632 -372
 7511 -124
 7197 124
 6282 370
 4573 620


