# Created by Octave 3.8.2, Sun Jun 21 00:57:19 2020 CEST <damian@fptrucha.inv.usc.es>
# name: hd
# type: matrix
# rows: 6
# columns: 2
 5144 -620
 6785 -372
 6633 -124
 6315 124
 5648 370
 4172 620


