# Created by Octave 3.8.2, Mon Jun 22 13:38:35 2020 CEST <damian@fptrucha.inv.usc.es>
# name: hd
# type: matrix
# rows: 6
# columns: 2
 4971 -620
 6655 -372
 7086 -124
 6741 124
 6151 370
 4674 620


