# Created by Octave 3.8.2, Mon Jun 22 20:47:34 2020 CEST <damian@fptrucha.inv.usc.es>
# name: hd
# type: matrix
# rows: 6
# columns: 2
 5268 -620
 7005 -372
 7330 -124
 7148 124
 6313 370
 4858 620


