# Created by Octave 3.8.2, Sat Jun 20 03:04:46 2020 CEST <damian@fptrucha.inv.usc.es>
# name: hd
# type: matrix
# rows: 6
# columns: 2
 5875 -620
 7707 -372
 7453 -124
 7207 124
 6166 370
 4511 620


