# Created by Octave 3.8.2, Sun Jun 21 06:39:31 2020 CEST <damian@fptrucha.inv.usc.es>
# name: hd
# type: matrix
# rows: 6
# columns: 2
 3631 -620
 4692 -372
 4644 -124
 4326 124
 3700 370
 2806 620


