# Created by Octave 3.8.2, Sun Jun 21 04:45:03 2020 CEST <damian@fptrucha.inv.usc.es>
# name: hd
# type: matrix
# rows: 6
# columns: 2
 5176 -620
 6885 -372
 6981 -124
 6450 124
 5458 370
 4216 620


