# Created by Octave 3.8.2, Sat Jun 20 06:47:48 2020 CEST <damian@fptrucha.inv.usc.es>
# name: hd
# type: matrix
# rows: 6
# columns: 2
 6113 -620
 7886 -372
 7698 -124
 7376 124
 6392 370
 4731 620


