# Created by Octave 3.8.2, Mon Jun 22 21:32:40 2020 CEST <damian@fptrucha.inv.usc.es>
# name: hd
# type: matrix
# rows: 6
# columns: 2
 5423 -620
 6958 -372
 7428 -124
 7035 124
 6089 370
 4773 620


