# Created by Octave 3.8.2, Mon Jun 22 17:08:16 2020 CEST <damian@fptrucha.inv.usc.es>
# name: hd
# type: matrix
# rows: 6
# columns: 2
 5202 -620
 6918 -372
 7273 -124
 6902 124
 6169 370
 4779 620


