# Created by Octave 3.8.2, Mon Jun 22 01:40:19 2020 CEST <damian@fptrucha.inv.usc.es>
# name: hd
# type: matrix
# rows: 6
# columns: 2
 5552 -620
 7065 -372
 7159 -124
 6731 124
 5797 370
 4407 620


