# Created by Octave 3.8.2, Sat Jun 20 02:25:33 2020 CEST <damian@fptrucha.inv.usc.es>
# name: hd
# type: matrix
# rows: 6
# columns: 2
 5860 -620
 7651 -372
 7340 -124
 6971 124
 6138 370
 4535 620


