# Created by Octave 3.8.2, Sun Jun 21 00:58:22 2020 CEST <damian@fptrucha.inv.usc.es>
# name: hd
# type: matrix
# rows: 6
# columns: 2
 5163 -620
 6764 -372
 6675 -124
 6392 124
 5452 370
 4111 620


