# Created by Octave 3.8.2, Mon Jun 22 17:15:03 2020 CEST <damian@fptrucha.inv.usc.es>
# name: hd
# type: matrix
# rows: 6
# columns: 2
 5261 -620
 6790 -372
 7362 -124
 7101 124
 6227 370
 4554 620


