# Created by Octave 3.8.2, Sat Jun 20 17:16:13 2020 CEST <damian@fptrucha.inv.usc.es>
# name: hd
# type: matrix
# rows: 6
# columns: 2
 5265 -620
 7135 -372
 7085 -124
 6621 124
 5757 370
 4303 620


