# Created by Octave 3.8.2, Mon Jun 22 03:13:33 2020 CEST <damian@fptrucha.inv.usc.es>
# name: hd
# type: matrix
# rows: 6
# columns: 2
 4700 -620
 6176 -372
 6657 -124
 6509 124
 5609 370
 4319 620


