# Created by Octave 3.8.2, Sat Jun 20 16:27:56 2020 CEST <damian@fptrucha.inv.usc.es>
# name: hd
# type: matrix
# rows: 6
# columns: 2
 5422 -620
 7127 -372
 7240 -124
 6737 124
 5793 370
 4387 620


