# Created by Octave 3.8.2, Mon Jun 22 03:05:52 2020 CEST <damian@fptrucha.inv.usc.es>
# name: hd
# type: matrix
# rows: 6
# columns: 2
 4586 -620
 5975 -372
 6485 -124
 6390 124
 5685 370
 4322 620


