# Created by Octave 3.8.2, Sat Jun 20 16:28:43 2020 CEST <damian@fptrucha.inv.usc.es>
# name: hd
# type: matrix
# rows: 6
# columns: 2
 3441 -620
 4719 -372
 4591 -124
 4426 124
 3804 370
 2796 620


