# Created by Octave 3.8.2, Mon Jun 22 21:07:11 2020 CEST <damian@fptrucha.inv.usc.es>
# name: hd
# type: matrix
# rows: 6
# columns: 2
 5389 -620
 7094 -372
 7336 -124
 7247 124
 6357 370
 4720 620


