# Created by Octave 3.8.2, Mon Jun 22 05:54:21 2020 CEST <damian@fptrucha.inv.usc.es>
# name: hd
# type: matrix
# rows: 6
# columns: 2
 4661 -620
 6091 -372
 6556 -124
 6429 124
 5597 370
 4285 620


