# Created by Octave 3.8.2, Mon Jun 22 03:12:34 2020 CEST <damian@fptrucha.inv.usc.es>
# name: hd
# type: matrix
# rows: 6
# columns: 2
 4515 -620
 5960 -372
 6546 -124
 6457 124
 5573 370
 4324 620


