# Created by Octave 3.8.2, Mon Jun 22 12:50:07 2020 CEST <damian@fptrucha.inv.usc.es>
# name: hd
# type: matrix
# rows: 6
# columns: 2
 5016 -620
 6668 -372
 7090 -124
 6797 124
 5927 370
 4647 620


