# Created by Octave 3.8.2, Sat Jun 20 10:10:24 2020 CEST <damian@fptrucha.inv.usc.es>
# name: hd
# type: matrix
# rows: 6
# columns: 2
 5893 -620
 7640 -372
 7616 -124
 7312 124
 6316 370
 4769 620


