# Created by Octave 3.8.2, Mon Jun 22 08:59:56 2020 CEST <damian@fptrucha.inv.usc.es>
# name: hd
# type: matrix
# rows: 6
# columns: 2
 4652 -620
 6233 -372
 6604 -124
 6607 124
 5824 370
 4511 620


