# Created by Octave 3.8.2, Mon Jun 22 15:35:41 2020 CEST <damian@fptrucha.inv.usc.es>
# name: hd
# type: matrix
# rows: 6
# columns: 2
 5071 -620
 6753 -372
 7260 -124
 6842 124
 6070 370
 4718 620


