# Created by Octave 3.8.2, Mon Jun 22 22:01:27 2020 CEST <damian@fptrucha.inv.usc.es>
# name: hd
# type: matrix
# rows: 6
# columns: 2
 3650 -620
 4722 -372
 4901 -124
 4858 124
 4044 370
 3072 620


