# Created by Octave 3.8.2, Sun Jun 21 04:02:17 2020 CEST <damian@fptrucha.inv.usc.es>
# name: hd
# type: matrix
# rows: 6
# columns: 2
 5205 -620
 6943 -372
 6836 -124
 6478 124
 5518 370
 4186 620


