# Created by Octave 3.8.2, Mon Jun 22 15:59:15 2020 CEST <damian@fptrucha.inv.usc.es>
# name: hd
# type: matrix
# rows: 6
# columns: 2
 5153 -620
 6846 -372
 7266 -124
 7057 124
 6141 370
 4669 620


