# Created by Octave 3.8.2, Sat Jun 20 18:33:21 2020 CEST <damian@fptrucha.inv.usc.es>
# name: hd
# type: matrix
# rows: 6
# columns: 2
 5205 -620
 6768 -372
 6901 -124
 6534 124
 5653 370
 4202 620


