# Created by Octave 3.8.2, Sat Jun 20 10:17:41 2020 CEST <damian@fptrucha.inv.usc.es>
# name: hd
# type: matrix
# rows: 6
# columns: 2
 5914 -620
 7627 -372
 7738 -124
 7320 124
 6394 370
 4905 620


