# Created by Octave 3.8.2, Mon Jun 22 23:11:33 2020 CEST <damian@fptrucha.inv.usc.es>
# name: hd
# type: matrix
# rows: 6
# columns: 2
 4162 -620
 5579 -372
 5769 -124
 5744 124
 4898 370
 3609 620


