# Created by Octave 3.8.2, Mon Jun 22 14:11:05 2020 CEST <damian@fptrucha.inv.usc.es>
# name: hd
# type: matrix
# rows: 6
# columns: 2
 4910 -620
 6551 -372
 7095 -124
 6899 124
 5968 370
 4644 620


