# Created by Octave 3.8.2, Tue Jun 23 00:14:38 2020 CEST <damian@fptrucha.inv.usc.es>
# name: hd
# type: matrix
# rows: 6
# columns: 2
 5684 -620
 7091 -372
 7360 -124
 6954 124
 6095 370
 4526 620


