# Created by Octave 3.8.2, Sat Jun 20 02:13:46 2020 CEST <damian@fptrucha.inv.usc.es>
# name: hd
# type: matrix
# rows: 6
# columns: 2
 5858 -620
 7584 -372
 7401 -124
 7026 124
 6211 370
 4568 620


