# Created by Octave 3.8.2, Mon Jun 22 04:57:09 2020 CEST <damian@fptrucha.inv.usc.es>
# name: hd
# type: matrix
# rows: 6
# columns: 2
 4597 -620
 5827 -372
 6330 -124
 6289 124
 5292 370
 4003 620


