# Created by Octave 3.8.2, Mon Jun 22 22:03:46 2020 CEST <damian@fptrucha.inv.usc.es>
# name: hd
# type: matrix
# rows: 6
# columns: 2
 5418 -620
 7143 -372
 7569 -124
 7068 124
 6286 370
 4768 620


