# Created by Octave 3.8.2, Mon Jun 22 23:22:28 2020 CEST <damian@fptrucha.inv.usc.es>
# name: hd
# type: matrix
# rows: 6
# columns: 2
 5572 -620
 6996 -372
 7636 -124
 7162 124
 6309 370
 4867 620


