# Created by Octave 3.8.2, Mon Jun 22 02:27:35 2020 CEST <damian@fptrucha.inv.usc.es>
# name: hd
# type: matrix
# rows: 6
# columns: 2
 113 -620
 170 -372
 305 -124
 78 124
 19 370
 23 620


