# Created by Octave 3.8.2, Sun Jun 21 03:33:18 2020 CEST <damian@fptrucha.inv.usc.es>
# name: hd
# type: matrix
# rows: 6
# columns: 2
 5150 -620
 6785 -372
 6745 -124
 6317 124
 5498 370
 4207 620


