# Created by Octave 3.8.2, Mon Jun 22 04:52:52 2020 CEST <damian@fptrucha.inv.usc.es>
# name: hd
# type: matrix
# rows: 6
# columns: 2
 4601 -620
 5904 -372
 6402 -124
 5963 124
 5235 370
 3982 620


