# Created by Octave 3.8.2, Mon Jun 22 16:11:32 2020 CEST <damian@fptrucha.inv.usc.es>
# name: hd
# type: matrix
# rows: 6
# columns: 2
 5062 -620
 6871 -372
 7236 -124
 6954 124
 6148 370
 4705 620


