# Created by Octave 3.8.2, Sat Jun 20 04:00:12 2020 CEST <damian@fptrucha.inv.usc.es>
# name: hd
# type: matrix
# rows: 6
# columns: 2
 3892 -620
 5151 -372
 4949 -124
 4905 124
 4222 370
 3072 620


