# Created by Octave 3.8.2, Mon Jun 22 10:02:39 2020 CEST <damian@fptrucha.inv.usc.es>
# name: hd
# type: matrix
# rows: 6
# columns: 2
 4811 -620
 6386 -372
 6965 -124
 6975 124
 6078 370
 4483 620


