# Created by Octave 3.8.2, Mon Jun 22 20:38:16 2020 CEST <damian@fptrucha.inv.usc.es>
# name: hd
# type: matrix
# rows: 6
# columns: 2
 3613 -620
 4509 -372
 4850 -124
 4757 124
 4097 370
 3076 620


