# Created by Octave 3.8.2, Sat Jun 20 23:52:02 2020 CEST <damian@fptrucha.inv.usc.es>
# name: hd
# type: matrix
# rows: 6
# columns: 2
 5067 -620
 6725 -372
 6867 -124
 6306 124
 5632 370
 4212 620


