# Created by Octave 3.8.2, Sun Jun 21 01:23:01 2020 CEST <damian@fptrucha.inv.usc.es>
# name: hd
# type: matrix
# rows: 6
# columns: 2
 5137 -620
 6686 -372
 6837 -124
 6317 124
 5582 370
 4232 620


