# Created by Octave 3.8.2, Mon Jun 22 07:49:23 2020 CEST <damian@fptrucha.inv.usc.es>
# name: hd
# type: matrix
# rows: 6
# columns: 2
 4714 -620
 6212 -372
 6805 -124
 6455 124
 5772 370
 4514 620


