# Created by Octave 3.8.2, Sat Jun 20 09:21:51 2020 CEST <damian@fptrucha.inv.usc.es>
# name: hd
# type: matrix
# rows: 6
# columns: 2
 6037 -620
 8002 -372
 7891 -124
 7446 124
 6645 370
 5051 620


