# Created by Octave 3.8.2, Mon Jun 22 15:50:49 2020 CEST <damian@fptrucha.inv.usc.es>
# name: hd
# type: matrix
# rows: 6
# columns: 2
 5237 -620
 6752 -372
 7422 -124
 7072 124
 6111 370
 4623 620


