# Created by Octave 3.8.2, Sat Jun 20 04:05:50 2020 CEST <damian@fptrucha.inv.usc.es>
# name: hd
# type: matrix
# rows: 6
# columns: 2
 5822 -620
 7585 -372
 7713 -124
 7264 124
 6277 370
 4555 620


