# Created by Octave 3.8.2, Sat Jun 20 12:24:43 2020 CEST <damian@fptrucha.inv.usc.es>
# name: hd
# type: matrix
# rows: 6
# columns: 2
 5713 -620
 7455 -372
 7674 -124
 7357 124
 6272 370
 4657 620


