# Created by Octave 3.8.2, Sat Jun 20 18:29:28 2020 CEST <damian@fptrucha.inv.usc.es>
# name: hd
# type: matrix
# rows: 6
# columns: 2
 5304 -620
 6851 -372
 6999 -124
 6646 124
 5780 370
 4241 620


