# Created by Octave 3.8.2, Sat Jun 20 18:57:38 2020 CEST <damian@fptrucha.inv.usc.es>
# name: hd
# type: matrix
# rows: 6
# columns: 2
 5200 -620
 6842 -372
 6929 -124
 6704 124
 5738 370
 4321 620


