# Created by Octave 3.8.2, Mon Jun 22 02:16:50 2020 CEST <damian@fptrucha.inv.usc.es>
# name: hd
# type: matrix
# rows: 6
# columns: 2
 5174 -620
 6799 -372
 7060 -124
 6676 124
 5826 370
 4528 620


