# Created by Octave 3.8.2, Mon Jun 22 22:13:12 2020 CEST <damian@fptrucha.inv.usc.es>
# name: hd
# type: matrix
# rows: 6
# columns: 2
 5475 -620
 7050 -372
 7480 -124
 7059 124
 6366 370
 4635 620


