# Created by Octave 3.8.2, Sat Jun 20 15:53:54 2020 CEST <damian@fptrucha.inv.usc.es>
# name: hd
# type: matrix
# rows: 6
# columns: 2
 5302 -620
 7102 -372
 7070 -124
 6741 124
 5863 370
 4352 620


