# Created by Octave 3.8.2, Sat Jun 20 18:55:04 2020 CEST <damian@fptrucha.inv.usc.es>
# name: hd
# type: matrix
# rows: 6
# columns: 2
 5184 -620
 6882 -372
 6809 -124
 6528 124
 5766 370
 4316 620


