# Created by Octave 3.8.2, Sat Jun 20 13:07:33 2020 CEST <damian@fptrucha.inv.usc.es>
# name: hd
# type: matrix
# rows: 6
# columns: 2
 5719 -620
 7438 -372
 7446 -124
 7081 124
 6008 370
 4512 620


