# Created by Octave 3.8.2, Sat Jun 20 06:17:58 2020 CEST <damian@fptrucha.inv.usc.es>
# name: hd
# type: matrix
# rows: 6
# columns: 2
 5997 -620
 7933 -372
 7765 -124
 7312 124
 6434 370
 4719 620


