# Created by Octave 3.8.2, Sat Jun 20 18:52:25 2020 CEST <damian@fptrucha.inv.usc.es>
# name: hd
# type: matrix
# rows: 6
# columns: 2
 5335 -620
 6923 -372
 7049 -124
 6524 124
 5695 370
 4383 620


