# Created by Octave 3.8.2, Mon Jun 22 01:10:22 2020 CEST <damian@fptrucha.inv.usc.es>
# name: hd
# type: matrix
# rows: 6
# columns: 2
 5224 -620
 6892 -372
 6932 -124
 6498 124
 5695 370
 4304 620


