# Created by Octave 3.8.2, Sat Jun 20 16:17:18 2020 CEST <damian@fptrucha.inv.usc.es>
# name: hd
# type: matrix
# rows: 6
# columns: 2
 5298 -620
 6992 -372
 7058 -124
 6680 124
 5840 370
 4423 620


