# Created by Octave 3.8.2, Sat Jun 20 15:16:06 2020 CEST <damian@fptrucha.inv.usc.es>
# name: hd
# type: matrix
# rows: 6
# columns: 2
 5403 -620
 7037 -372
 7001 -124
 6827 124
 5887 370
 4290 620


