# Created by Octave 3.8.2, Tue Jun 23 00:04:28 2020 CEST <damian@fptrucha.inv.usc.es>
# name: hd
# type: matrix
# rows: 6
# columns: 2
 5603 -620
 7172 -372
 7382 -124
 7237 124
 6301 370
 4639 620


