# Created by Octave 3.8.2, Sat Jun 20 14:21:48 2020 CEST <damian@fptrucha.inv.usc.es>
# name: hd
# type: matrix
# rows: 6
# columns: 2
 5409 -620
 7263 -372
 7127 -124
 6745 124
 6021 370
 4302 620


