# Created by Octave 3.8.2, Sat Jun 20 23:29:42 2020 CEST <damian@fptrucha.inv.usc.es>
# name: hd
# type: matrix
# rows: 6
# columns: 2
 5152 -620
 6679 -372
 6717 -124
 6398 124
 5636 370
 4223 620


