# Created by Octave 3.8.2, Mon Jun 22 12:20:02 2020 CEST <damian@fptrucha.inv.usc.es>
# name: hd
# type: matrix
# rows: 6
# columns: 2
 4853 -620
 6401 -372
 7099 -124
 6850 124
 5917 370
 4589 620


