# Created by Octave 3.8.2, Sat Jun 20 03:10:24 2020 CEST <damian@fptrucha.inv.usc.es>
# name: hd
# type: matrix
# rows: 6
# columns: 2
 5671 -620
 7614 -372
 7499 -124
 7078 124
 6131 370
 4616 620


