# Created by Octave 3.8.2, Mon Jun 22 19:41:30 2020 CEST <damian@fptrucha.inv.usc.es>
# name: hd
# type: matrix
# rows: 6
# columns: 2
 5450 -620
 7085 -372
 7490 -124
 7095 124
 6189 370
 4712 620


