# Created by Octave 3.8.2, Mon Jun 22 03:22:45 2020 CEST <damian@fptrucha.inv.usc.es>
# name: hd
# type: matrix
# rows: 6
# columns: 2
 4606 -620
 6050 -372
 6351 -124
 6480 124
 5650 370
 4286 620


