# Created by Octave 3.8.2, Sun Jun 21 02:26:50 2020 CEST <damian@fptrucha.inv.usc.es>
# name: hd
# type: matrix
# rows: 6
# columns: 2
 5254 -620
 6938 -372
 6962 -124
 6351 124
 5570 370
 4055 620


