# Created by Octave 3.8.2, Mon Jun 22 19:32:42 2020 CEST <damian@fptrucha.inv.usc.es>
# name: hd
# type: matrix
# rows: 6
# columns: 2
 5276 -620
 6926 -372
 7190 -124
 7067 124
 6125 370
 4689 620


