# Created by Octave 3.8.2, Mon Jun 22 01:06:14 2020 CEST <damian@fptrucha.inv.usc.es>
# name: hd
# type: matrix
# rows: 6
# columns: 2
 5246 -620
 6927 -372
 7096 -124
 6632 124
 5765 370
 4361 620


