# Created by Octave 3.8.2, Sat Jun 20 16:35:17 2020 CEST <damian@fptrucha.inv.usc.es>
# name: hd
# type: matrix
# rows: 6
# columns: 2
 5388 -620
 7040 -372
 7097 -124
 6723 124
 5867 370
 4221 620


