# Created by Octave 3.8.2, Sun Jun 21 06:08:38 2020 CEST <damian@fptrucha.inv.usc.es>
# name: hd
# type: matrix
# rows: 6
# columns: 2
 5145 -620
 6979 -372
 6834 -124
 6400 124
 5421 370
 4288 620


