# Created by Octave 3.8.2, Sun Jun 21 02:24:39 2020 CEST <damian@fptrucha.inv.usc.es>
# name: hd
# type: matrix
# rows: 6
# columns: 2
 3491 -620
 4522 -372
 4504 -124
 4266 124
 3664 370
 2784 620


