# Created by Octave 3.8.2, Mon Jun 22 23:52:38 2020 CEST <damian@fptrucha.inv.usc.es>
# name: hd
# type: matrix
# rows: 6
# columns: 2
 5560 -620
 7141 -372
 7352 -124
 7248 124
 6306 370
 4740 620


