# Created by Octave 3.8.2, Mon Jun 22 18:10:58 2020 CEST <damian@fptrucha.inv.usc.es>
# name: hd
# type: matrix
# rows: 6
# columns: 2
 5116 -620
 6894 -372
 7284 -124
 7140 124
 6189 370
 4549 620


