# Created by Octave 3.8.2, Mon Jun 22 05:15:01 2020 CEST <damian@fptrucha.inv.usc.es>
# name: hd
# type: matrix
# rows: 6
# columns: 2
 4794 -620
 6029 -372
 6615 -124
 6238 124
 5450 370
 4138 620


