# Created by Octave 3.8.2, Mon Jun 22 23:01:28 2020 CEST <damian@fptrucha.inv.usc.es>
# name: hd
# type: matrix
# rows: 6
# columns: 2
 5511 -620
 7143 -372
 7538 -124
 7368 124
 6376 370
 4747 620


