# Created by Octave 3.8.2, Mon Jun 22 16:13:46 2020 CEST <damian@fptrucha.inv.usc.es>
# name: hd
# type: matrix
# rows: 6
# columns: 2
 5133 -620
 6561 -372
 7364 -124
 7028 124
 6060 370
 4642 620


