# Created by Octave 3.8.2, Mon Jun 22 14:51:15 2020 CEST <damian@fptrucha.inv.usc.es>
# name: hd
# type: matrix
# rows: 6
# columns: 2
 5026 -620
 6660 -372
 7211 -124
 7120 124
 6182 370
 4727 620


