# Created by Octave 3.8.2, Mon Jun 22 11:04:58 2020 CEST <damian@fptrucha.inv.usc.es>
# name: hd
# type: matrix
# rows: 6
# columns: 2
 4853 -620
 6496 -372
 7035 -124
 6817 124
 5931 370
 4539 620


