# Created by Octave 3.8.2, Mon Jun 22 19:15:51 2020 CEST <damian@fptrucha.inv.usc.es>
# name: hd
# type: matrix
# rows: 6
# columns: 2
 5294 -620
 6888 -372
 7280 -124
 7112 124
 6174 370
 4605 620


