# Created by Octave 3.8.2, Sat Jun 20 22:57:45 2020 CEST <damian@fptrucha.inv.usc.es>
# name: hd
# type: matrix
# rows: 6
# columns: 2
 5056 -620
 6708 -372
 6799 -124
 6281 124
 5505 370
 4229 620


