# Created by Octave 3.8.2, Mon Jun 22 04:46:18 2020 CEST <damian@fptrucha.inv.usc.es>
# name: hd
# type: matrix
# rows: 6
# columns: 2
 4727 -620
 5998 -372
 6350 -124
 6110 124
 5265 370
 4028 620


