# Created by Octave 3.8.2, Mon Jun 22 00:37:51 2020 CEST <damian@fptrucha.inv.usc.es>
# name: hd
# type: matrix
# rows: 6
# columns: 2
 3469 -620
 4642 -372
 4591 -124
 4344 124
 3821 370
 2736 620


