# Created by Octave 3.8.2, Sat Jun 20 07:17:50 2020 CEST <damian@fptrucha.inv.usc.es>
# name: hd
# type: matrix
# rows: 6
# columns: 2
 6070 -620
 7989 -372
 7837 -124
 7188 124
 6291 370
 4577 620


