# Created by Octave 3.8.2, Sun Jun 21 06:26:09 2020 CEST <damian@fptrucha.inv.usc.es>
# name: hd
# type: matrix
# rows: 6
# columns: 2
 4950 -620
 6627 -372
 6560 -124
 6302 124
 5469 370
 4061 620


