# Created by Octave 3.8.2, Mon Jun 22 04:03:18 2020 CEST <damian@fptrucha.inv.usc.es>
# name: hd
# type: matrix
# rows: 6
# columns: 2
 4804 -620
 6157 -372
 6522 -124
 6521 124
 5481 370
 4124 620


