# Created by Octave 3.8.2, Sun Jun 21 03:01:25 2020 CEST <damian@fptrucha.inv.usc.es>
# name: hd
# type: matrix
# rows: 6
# columns: 2
 5014 -620
 6748 -372
 6499 -124
 6268 124
 5436 370
 4023 620


