# Created by Octave 3.8.2, Sat Jun 20 15:44:32 2020 CEST <damian@fptrucha.inv.usc.es>
# name: hd
# type: matrix
# rows: 6
# columns: 2
 5271 -620
 7082 -372
 7045 -124
 6560 124
 5960 370
 4311 620


