# Created by Octave 3.8.2, Mon Jun 22 17:28:15 2020 CEST <damian@fptrucha.inv.usc.es>
# name: hd
# type: matrix
# rows: 6
# columns: 2
 5154 -620
 6733 -372
 7338 -124
 6977 124
 6215 370
 4694 620


