# Created by Octave 3.8.2, Sat Jun 20 05:04:32 2020 CEST <damian@fptrucha.inv.usc.es>
# name: hd
# type: matrix
# rows: 6
# columns: 2
 5805 -620
 7710 -372
 7635 -124
 7180 124
 6195 370
 4689 620


