# Created by Octave 3.8.2, Sat Jun 20 07:13:22 2020 CEST <damian@fptrucha.inv.usc.es>
# name: hd
# type: matrix
# rows: 6
# columns: 2
 6199 -620
 7990 -372
 7911 -124
 7313 124
 6431 370
 4759 620


