# Created by Octave 3.8.2, Sat Jun 20 14:17:47 2020 CEST <damian@fptrucha.inv.usc.es>
# name: hd
# type: matrix
# rows: 6
# columns: 2
 5428 -620
 7338 -372
 7204 -124
 6933 124
 6151 370
 4537 620


