# Created by Octave 3.8.2, Mon Jun 22 15:58:10 2020 CEST <damian@fptrucha.inv.usc.es>
# name: hd
# type: matrix
# rows: 6
# columns: 2
 3389 -620
 4351 -372
 4751 -124
 4697 124
 4059 370
 3165 620


