# Created by Octave 3.8.2, Sat Jun 20 15:47:11 2020 CEST <damian@fptrucha.inv.usc.es>
# name: hd
# type: matrix
# rows: 6
# columns: 2
 5380 -620
 7171 -372
 7164 -124
 6575 124
 5993 370
 4330 620


