# Created by Octave 3.8.2, Sat Jun 20 02:46:11 2020 CEST <damian@fptrucha.inv.usc.es>
# name: hd
# type: matrix
# rows: 6
# columns: 2
 5746 -620
 7733 -372
 7493 -124
 7127 124
 6089 370
 4478 620


