# Created by Octave 3.8.2, Sat Jun 20 17:11:29 2020 CEST <damian@fptrucha.inv.usc.es>
# name: hd
# type: matrix
# rows: 6
# columns: 2
 5506 -620
 6934 -372
 7114 -124
 6732 124
 5691 370
 4329 620


