# Created by Octave 3.8.2, Sun Jun 21 05:54:27 2020 CEST <damian@fptrucha.inv.usc.es>
# name: hd
# type: matrix
# rows: 6
# columns: 2
 5253 -620
 6849 -372
 6853 -124
 6419 124
 5717 370
 4231 620


