# Created by Octave 3.8.2, Mon Jun 22 19:04:23 2020 CEST <damian@fptrucha.inv.usc.es>
# name: hd
# type: matrix
# rows: 6
# columns: 2
 5371 -620
 6898 -372
 7175 -124
 7020 124
 6084 370
 4652 620


