# Created by Octave 3.8.2, Sat Jun 20 13:27:51 2020 CEST <damian@fptrucha.inv.usc.es>
# name: hd
# type: matrix
# rows: 6
# columns: 2
 5658 -620
 7291 -372
 7318 -124
 6955 124
 6149 370
 4706 620


