# Created by Octave 3.8.2, Mon Jun 22 12:53:19 2020 CEST <damian@fptrucha.inv.usc.es>
# name: hd
# type: matrix
# rows: 6
# columns: 2
 4984 -620
 6635 -372
 7059 -124
 6760 124
 5999 370
 4523 620


