# Created by Octave 3.8.2, Mon Jun 22 20:12:24 2020 CEST <damian@fptrucha.inv.usc.es>
# name: hd
# type: matrix
# rows: 6
# columns: 2
 5417 -620
 6960 -372
 7427 -124
 7151 124
 6138 370
 4730 620


