# Created by Octave 3.8.2, Sat Jun 20 19:38:11 2020 CEST <damian@fptrucha.inv.usc.es>
# name: hd
# type: matrix
# rows: 6
# columns: 2
 5321 -620
 7043 -372
 6909 -124
 6550 124
 5852 370
 4286 620


