# Created by Octave 3.8.2, Sun Jun 21 00:29:31 2020 CEST <damian@fptrucha.inv.usc.es>
# name: hd
# type: matrix
# rows: 6
# columns: 2
 3363 -620
 4547 -372
 4426 -124
 4111 124
 3544 370
 2827 620


