# Created by Octave 3.8.2, Sat Jun 20 09:11:32 2020 CEST <damian@fptrucha.inv.usc.es>
# name: hd
# type: matrix
# rows: 6
# columns: 2
 6100 -620
 7948 -372
 8048 -124
 7575 124
 6594 370
 5040 620


