# Created by Octave 3.8.2, Mon Jun 22 14:44:38 2020 CEST <damian@fptrucha.inv.usc.es>
# name: hd
# type: matrix
# rows: 6
# columns: 2
 4871 -620
 6513 -372
 6988 -124
 6965 124
 6044 370
 4555 620


