# Created by Octave 3.8.2, Mon Jun 22 02:49:03 2020 CEST <damian@fptrucha.inv.usc.es>
# name: hd
# type: matrix
# rows: 6
# columns: 2
 4602 -620
 6128 -372
 6450 -124
 6436 124
 5634 370
 4262 620


