# Created by Octave 3.8.2, Mon Jun 22 15:18:27 2020 CEST <damian@fptrucha.inv.usc.es>
# name: hd
# type: matrix
# rows: 6
# columns: 2
 5101 -620
 6842 -372
 7403 -124
 7114 124
 6222 370
 4805 620


