# Created by Octave 3.8.2, Mon Jun 22 12:00:27 2020 CEST <damian@fptrucha.inv.usc.es>
# name: hd
# type: matrix
# rows: 6
# columns: 2
 4853 -620
 6435 -372
 6789 -124
 6666 124
 5965 370
 4461 620


