# Created by Octave 3.8.2, Mon Jun 22 18:22:53 2020 CEST <damian@fptrucha.inv.usc.es>
# name: hd
# type: matrix
# rows: 6
# columns: 2
 5270 -620
 6808 -372
 7274 -124
 6985 124
 6017 370
 4582 620


