# Created by Octave 3.8.2, Mon Jun 22 20:23:32 2020 CEST <damian@fptrucha.inv.usc.es>
# name: hd
# type: matrix
# rows: 6
# columns: 2
 5228 -620
 6941 -372
 7366 -124
 7215 124
 6292 370
 4668 620


