# Created by Octave 3.8.2, Sat Jun 20 17:26:48 2020 CEST <damian@fptrucha.inv.usc.es>
# name: hd
# type: matrix
# rows: 6
# columns: 2
 5304 -620
 6908 -372
 6998 -124
 6588 124
 5769 370
 4272 620


