# Created by Octave 3.8.2, Mon Jun 22 04:58:11 2020 CEST <damian@fptrucha.inv.usc.es>
# name: hd
# type: matrix
# rows: 6
# columns: 2
 4543 -620
 5972 -372
 6334 -124
 6294 124
 5253 370
 4040 620


