# Created by Octave 3.8.2, Sun Jun 21 06:25:05 2020 CEST <damian@fptrucha.inv.usc.es>
# name: hd
# type: matrix
# rows: 6
# columns: 2
 5131 -620
 6840 -372
 6765 -124
 6309 124
 5287 370
 4002 620


