# Created by Octave 3.8.2, Mon Jun 22 23:15:07 2020 CEST <damian@fptrucha.inv.usc.es>
# name: hd
# type: matrix
# rows: 6
# columns: 2
 5542 -620
 7057 -372
 7431 -124
 7321 124
 6303 370
 4819 620


