# Created by Octave 3.8.2, Mon Jun 22 04:25:14 2020 CEST <damian@fptrucha.inv.usc.es>
# name: hd
# type: matrix
# rows: 6
# columns: 2
 4649 -620
 5916 -372
 6373 -124
 6127 124
 5332 370
 3985 620


