# Created by Octave 3.8.2, Mon Jun 22 02:08:43 2020 CEST <damian@fptrucha.inv.usc.es>
# name: hd
# type: matrix
# rows: 6
# columns: 2
 3348 -620
 4341 -372
 4564 -124
 4432 124
 3781 370
 2906 620


