# Created by Octave 3.8.2, Mon Jun 22 13:45:42 2020 CEST <damian@fptrucha.inv.usc.es>
# name: hd
# type: matrix
# rows: 6
# columns: 2
 5002 -620
 6554 -372
 7161 -124
 6908 124
 5971 370
 4489 620


