# Created by Octave 3.8.2, Mon Jun 22 10:29:53 2020 CEST <damian@fptrucha.inv.usc.es>
# name: hd
# type: matrix
# rows: 6
# columns: 2
 4965 -620
 6421 -372
 6631 -124
 6693 124
 5827 370
 4567 620


