# Created by Octave 3.8.2, Mon Jun 22 02:58:36 2020 CEST <damian@fptrucha.inv.usc.es>
# name: hd
# type: matrix
# rows: 6
# columns: 2
 4651 -620
 6087 -372
 6419 -124
 6487 124
 5712 370
 4283 620


