# Created by Octave 3.8.2, Mon Jun 22 12:14:48 2020 CEST <damian@fptrucha.inv.usc.es>
# name: hd
# type: matrix
# rows: 6
# columns: 2
 4848 -620
 6484 -372
 6935 -124
 6699 124
 6010 370
 4553 620


