# Created by Octave 3.8.2, Mon Jun 22 19:36:57 2020 CEST <damian@fptrucha.inv.usc.es>
# name: hd
# type: matrix
# rows: 6
# columns: 2
 3644 -620
 4587 -372
 4831 -124
 4792 124
 4140 370
 3101 620


