# Created by Octave 3.8.2, Mon Jun 22 09:33:20 2020 CEST <damian@fptrucha.inv.usc.es>
# name: hd
# type: matrix
# rows: 6
# columns: 2
 4730 -620
 6215 -372
 6873 -124
 6504 124
 5805 370
 4552 620


