# Created by Octave 3.8.2, Mon Jun 22 01:04:07 2020 CEST <damian@fptrucha.inv.usc.es>
# name: hd
# type: matrix
# rows: 6
# columns: 2
 5326 -620
 7132 -372
 7120 -124
 6588 124
 5683 370
 4319 620


