# Created by Octave 3.8.2, Sat Jun 20 16:47:07 2020 CEST <damian@fptrucha.inv.usc.es>
# name: hd
# type: matrix
# rows: 6
# columns: 2
 5508 -620
 7103 -372
 6940 -124
 6768 124
 5859 370
 4359 620


