# Created by Octave 3.8.2, Sat Jun 20 08:45:21 2020 CEST <damian@fptrucha.inv.usc.es>
# name: hd
# type: matrix
# rows: 6
# columns: 2
 6141 -620
 7943 -372
 8221 -124
 7392 124
 6626 370
 4840 620


