# Created by Octave 3.8.2, Mon Jun 22 00:38:53 2020 CEST <damian@fptrucha.inv.usc.es>
# name: hd
# type: matrix
# rows: 6
# columns: 2
 5378 -620
 6931 -372
 6856 -124
 6339 124
 5582 370
 4192 620


