# Created by Octave 3.8.2, Mon Jun 22 16:07:07 2020 CEST <damian@fptrucha.inv.usc.es>
# name: hd
# type: matrix
# rows: 6
# columns: 2
 5159 -620
 6710 -372
 7344 -124
 7085 124
 6104 370
 4690 620


