# Created by Octave 3.8.2, Sat Jun 20 04:43:49 2020 CEST <damian@fptrucha.inv.usc.es>
# name: hd
# type: matrix
# rows: 6
# columns: 2
 5870 -620
 7610 -372
 7660 -124
 7158 124
 6191 370
 4680 620


