# Created by Octave 3.8.2, Mon Jun 22 09:38:29 2020 CEST <damian@fptrucha.inv.usc.es>
# name: hd
# type: matrix
# rows: 6
# columns: 2
 4760 -620
 6358 -372
 6811 -124
 6597 124
 5970 370
 4472 620


