# Created by Octave 3.8.2, Sun Jun 21 01:01:36 2020 CEST <damian@fptrucha.inv.usc.es>
# name: hd
# type: matrix
# rows: 6
# columns: 2
 4976 -620
 6770 -372
 6674 -124
 6407 124
 5586 370
 4110 620


