# Created by Octave 3.8.2, Sat Jun 20 10:06:05 2020 CEST <damian@fptrucha.inv.usc.es>
# name: hd
# type: matrix
# rows: 6
# columns: 2
 5973 -620
 7877 -372
 7567 -124
 7345 124
 6369 370
 4742 620


