# Created by Octave 3.8.2, Mon Jun 22 00:47:07 2020 CEST <damian@fptrucha.inv.usc.es>
# name: hd
# type: matrix
# rows: 6
# columns: 2
 5297 -620
 6845 -372
 6821 -124
 6452 124
 5564 370
 4223 620


