# Created by Octave 3.8.2, Sat Jun 20 03:27:55 2020 CEST <damian@fptrucha.inv.usc.es>
# name: hd
# type: matrix
# rows: 6
# columns: 2
 5741 -620
 7578 -372
 7435 -124
 7071 124
 6337 370
 4597 620


