# Created by Octave 3.8.2, Mon Jun 22 21:23:09 2020 CEST <damian@fptrucha.inv.usc.es>
# name: hd
# type: matrix
# rows: 6
# columns: 2
 5460 -620
 6932 -372
 7323 -124
 7098 124
 6240 370
 4696 620


