# Created by Octave 3.8.2, Sat Jun 20 17:42:00 2020 CEST <damian@fptrucha.inv.usc.es>
# name: hd
# type: matrix
# rows: 6
# columns: 2
 5344 -620
 6904 -372
 6888 -124
 6602 124
 5688 370
 4222 620


