# Created by Octave 3.8.2, Mon Jun 22 19:47:21 2020 CEST <damian@fptrucha.inv.usc.es>
# name: hd
# type: matrix
# rows: 6
# columns: 2
 5358 -620
 6909 -372
 7404 -124
 7113 124
 6155 370
 4672 620


