# Created by Octave 3.8.2, Sat Jun 20 18:30:42 2020 CEST <damian@fptrucha.inv.usc.es>
# name: hd
# type: matrix
# rows: 6
# columns: 2
 5271 -620
 7017 -372
 6781 -124
 6450 124
 5763 370
 4295 620


