# Created by Octave 3.8.2, Sun Jun 21 04:35:13 2020 CEST <damian@fptrucha.inv.usc.es>
# name: hd
# type: matrix
# rows: 6
# columns: 2
 5210 -620
 6924 -372
 6859 -124
 6418 124
 5684 370
 4177 620


