# Created by Octave 3.8.2, Mon Jun 22 00:35:12 2020 CEST <damian@fptrucha.inv.usc.es>
# name: hd
# type: matrix
# rows: 6
# columns: 2
 5235 -620
 6857 -372
 6815 -124
 6472 124
 5626 370
 4136 620


