# Created by Octave 3.8.2, Sat Jun 20 13:56:16 2020 CEST <damian@fptrucha.inv.usc.es>
# name: hd
# type: matrix
# rows: 6
# columns: 2
 5414 -620
 7344 -372
 7189 -124
 7213 124
 6163 370
 4580 620


