# Created by Octave 3.8.2, Sat Jun 20 19:36:52 2020 CEST <damian@fptrucha.inv.usc.es>
# name: hd
# type: matrix
# rows: 6
# columns: 2
 5201 -620
 6907 -372
 6813 -124
 6424 124
 5698 370
 4284 620


