# Created by Octave 3.8.2, Sun Jun 21 05:33:45 2020 CEST <damian@fptrucha.inv.usc.es>
# name: hd
# type: matrix
# rows: 6
# columns: 2
 5196 -620
 6842 -372
 6785 -124
 6383 124
 5488 370
 4229 620


