# Created by Octave 3.8.2, Sun Jun 21 07:30:56 2020 CEST <damian@fptrucha.inv.usc.es>
# name: hd
# type: matrix
# rows: 6
# columns: 2
 4947 -620
 6944 -372
 6664 -124
 6396 124
 5452 370
 4171 620


