# Created by Octave 3.8.2, Mon Jun 22 05:59:17 2020 CEST <damian@fptrucha.inv.usc.es>
# name: hd
# type: matrix
# rows: 6
# columns: 2
 4464 -620
 6167 -372
 6510 -124
 6600 124
 5737 370
 4459 620


