# Created by Octave 3.8.2, Sat Jun 20 04:08:42 2020 CEST <damian@fptrucha.inv.usc.es>
# name: hd
# type: matrix
# rows: 6
# columns: 2
 6090 -620
 7658 -372
 7520 -124
 6991 124
 6243 370
 4671 620


