# Created by Octave 3.8.2, Sat Jun 20 05:15:29 2020 CEST <damian@fptrucha.inv.usc.es>
# name: hd
# type: matrix
# rows: 6
# columns: 2
 3938 -620
 5041 -372
 4956 -124
 4806 124
 4161 370
 3023 620


