# Created by Octave 3.8.2, Sat Jun 20 12:36:48 2020 CEST <damian@fptrucha.inv.usc.es>
# name: hd
# type: matrix
# rows: 6
# columns: 2
 5657 -620
 7524 -372
 7614 -124
 7329 124
 6366 370
 4532 620


