# Created by Octave 3.8.2, Mon Jun 22 07:53:02 2020 CEST <damian@fptrucha.inv.usc.es>
# name: hd
# type: matrix
# rows: 6
# columns: 2
 4695 -620
 6198 -372
 6611 -124
 6648 124
 5850 370
 4580 620


