# Created by Octave 3.8.2, Sat Jun 20 11:04:08 2020 CEST <damian@fptrucha.inv.usc.es>
# name: hd
# type: matrix
# rows: 6
# columns: 2
 5817 -620
 7574 -372
 7855 -124
 7329 124
 6410 370
 4696 620


