# Created by Octave 3.8.2, Mon Jun 22 16:36:41 2020 CEST <damian@fptrucha.inv.usc.es>
# name: hd
# type: matrix
# rows: 6
# columns: 2
 5112 -620
 6684 -372
 7235 -124
 7028 124
 6094 370
 4805 620


