# Created by Octave 3.8.2, Sat Jun 20 19:17:53 2020 CEST <damian@fptrucha.inv.usc.es>
# name: hd
# type: matrix
# rows: 6
# columns: 2
 5341 -620
 7039 -372
 6996 -124
 6478 124
 5725 370
 4478 620


