# Created by Octave 3.8.2, Mon Jun 22 11:25:46 2020 CEST <damian@fptrucha.inv.usc.es>
# name: hd
# type: matrix
# rows: 6
# columns: 2
 4671 -620
 6404 -372
 6855 -124
 6794 124
 5886 370
 4532 620


