# Created by Octave 3.8.2, Sat Jun 20 17:39:24 2020 CEST <damian@fptrucha.inv.usc.es>
# name: hd
# type: matrix
# rows: 6
# columns: 2
 5332 -620
 6952 -372
 6957 -124
 6635 124
 5587 370
 4248 620


