# Created by Octave 3.8.2, Mon Jun 22 02:25:30 2020 CEST <damian@fptrucha.inv.usc.es>
# name: hd
# type: matrix
# rows: 6
# columns: 2
 2495 -620
 2816 -372
 2807 -124
 2247 124
 1642 370
 1276 620


