# Created by Octave 3.8.2, Sat Jun 20 23:18:16 2020 CEST <damian@fptrucha.inv.usc.es>
# name: hd
# type: matrix
# rows: 6
# columns: 2
 5057 -620
 6678 -372
 6584 -124
 6408 124
 5588 370
 4156 620


