# Created by Octave 3.8.2, Sat Jun 20 18:00:15 2020 CEST <damian@fptrucha.inv.usc.es>
# name: hd
# type: matrix
# rows: 6
# columns: 2
 5190 -620
 6961 -372
 6952 -124
 6484 124
 5776 370
 4376 620


