# Created by Octave 3.8.2, Mon Jun 22 18:05:18 2020 CEST <damian@fptrucha.inv.usc.es>
# name: hd
# type: matrix
# rows: 6
# columns: 2
 5085 -620
 6864 -372
 7199 -124
 7087 124
 5987 370
 4550 620


