# Created by Octave 3.8.2, Sat Jun 20 16:45:45 2020 CEST <damian@fptrucha.inv.usc.es>
# name: hd
# type: matrix
# rows: 6
# columns: 2
 5269 -620
 7003 -372
 6869 -124
 6444 124
 5816 370
 4325 620


