# Created by Octave 3.8.2, Sun Jun 21 01:00:31 2020 CEST <damian@fptrucha.inv.usc.es>
# name: hd
# type: matrix
# rows: 6
# columns: 2
 5000 -620
 6697 -372
 6811 -124
 6423 124
 5607 370
 4191 620


