# Created by Octave 3.8.2, Tue Jun 23 00:35:21 2020 CEST <damian@fptrucha.inv.usc.es>
# name: hd
# type: matrix
# rows: 6
# columns: 2
 5457 -620
 7001 -372
 7415 -124
 7345 124
 6381 370
 4816 620


