# Created by Octave 3.8.2, Mon Jun 22 14:25:42 2020 CEST <damian@fptrucha.inv.usc.es>
# name: hd
# type: matrix
# rows: 6
# columns: 2
 4931 -620
 6498 -372
 7003 -124
 7037 124
 6057 370
 4627 620


