# Created by Octave 3.8.2, Mon Jun 22 07:27:23 2020 CEST <damian@fptrucha.inv.usc.es>
# name: hd
# type: matrix
# rows: 6
# columns: 2
 4643 -620
 6070 -372
 6701 -124
 6566 124
 5786 370
 4386 620


