# Created by Octave 3.8.2, Sun Jun 21 03:45:02 2020 CEST <damian@fptrucha.inv.usc.es>
# name: hd
# type: matrix
# rows: 6
# columns: 2
 5219 -620
 6880 -372
 6656 -124
 6314 124
 5542 370
 4198 620


