# Created by Octave 3.8.2, Sun Jun 21 01:02:42 2020 CEST <damian@fptrucha.inv.usc.es>
# name: hd
# type: matrix
# rows: 6
# columns: 2
 5123 -620
 6878 -372
 6680 -124
 6430 124
 5483 370
 4044 620


