# Created by Octave 3.8.2, Sat Jun 20 13:31:59 2020 CEST <damian@fptrucha.inv.usc.es>
# name: hd
# type: matrix
# rows: 6
# columns: 2
 5557 -620
 7297 -372
 7393 -124
 6984 124
 6164 370
 4527 620


