# Created by Octave 3.8.2, Sat Jun 20 02:56:32 2020 CEST <damian@fptrucha.inv.usc.es>
# name: hd
# type: matrix
# rows: 6
# columns: 2
 5776 -620
 7639 -372
 7515 -124
 7121 124
 6046 370
 4308 620


