# Created by Octave 3.8.2, Mon Jun 22 08:39:40 2020 CEST <damian@fptrucha.inv.usc.es>
# name: hd
# type: matrix
# rows: 6
# columns: 2
 4810 -620
 6242 -372
 6693 -124
 6707 124
 5995 370
 4438 620


