# Created by Octave 3.8.2, Mon Jun 22 11:00:40 2020 CEST <damian@fptrucha.inv.usc.es>
# name: hd
# type: matrix
# rows: 6
# columns: 2
 4846 -620
 6307 -372
 7028 -124
 6788 124
 5959 370
 4635 620


