# Created by Octave 3.8.2, Mon Jun 22 14:23:29 2020 CEST <damian@fptrucha.inv.usc.es>
# name: hd
# type: matrix
# rows: 6
# columns: 2
 4835 -620
 6631 -372
 6849 -124
 6673 124
 5897 370
 4531 620


