# Created by Octave 3.8.2, Sat Jun 20 17:56:23 2020 CEST <damian@fptrucha.inv.usc.es>
# name: hd
# type: matrix
# rows: 6
# columns: 2
 5187 -620
 6958 -372
 7009 -124
 6618 124
 5782 370
 4320 620


