# Created by Octave 3.8.2, Sun Jun 21 01:07:45 2020 CEST <damian@fptrucha.inv.usc.es>
# name: hd
# type: matrix
# rows: 6
# columns: 2
 3248 -620
 4422 -372
 4501 -124
 4172 124
 3618 370
 2830 620


