# Created by Octave 3.8.2, Sun Jun 21 04:37:28 2020 CEST <damian@fptrucha.inv.usc.es>
# name: hd
# type: matrix
# rows: 6
# columns: 2
 5303 -620
 6868 -372
 6867 -124
 6343 124
 5650 370
 4208 620


