# Created by Octave 3.8.2, Mon Jun 22 22:35:32 2020 CEST <damian@fptrucha.inv.usc.es>
# name: hd
# type: matrix
# rows: 6
# columns: 2
 5482 -620
 7216 -372
 7543 -124
 7119 124
 6326 370
 4698 620


