# Created by Octave 3.8.2, Sun Jun 21 04:43:55 2020 CEST <damian@fptrucha.inv.usc.es>
# name: hd
# type: matrix
# rows: 6
# columns: 2
 5237 -620
 6926 -372
 6590 -124
 6532 124
 5662 370
 4176 620


