# Created by Octave 3.8.2, Sat Jun 20 22:39:42 2020 CEST <damian@fptrucha.inv.usc.es>
# name: hd
# type: matrix
# rows: 6
# columns: 2
 5289 -620
 6987 -372
 6781 -124
 6521 124
 5572 370
 4182 620


