# Created by Octave 3.8.2, Mon Jun 22 05:20:51 2020 CEST <damian@fptrucha.inv.usc.es>
# name: hd
# type: matrix
# rows: 6
# columns: 2
 4615 -620
 6148 -372
 6532 -124
 6324 124
 5312 370
 4179 620


