# Created by Octave 3.8.2, Sat Jun 20 07:43:25 2020 CEST <damian@fptrucha.inv.usc.es>
# name: hd
# type: matrix
# rows: 6
# columns: 2
 6098 -620
 8030 -372
 8015 -124
 7489 124
 6531 370
 4819 620


