# Created by Octave 3.8.2, Sat Jun 20 03:06:09 2020 CEST <damian@fptrucha.inv.usc.es>
# name: hd
# type: matrix
# rows: 6
# columns: 2
 5773 -620
 7662 -372
 7351 -124
 7222 124
 6158 370
 4586 620


