# Created by Octave 3.8.2, Tue Jun 23 00:00:57 2020 CEST <damian@fptrucha.inv.usc.es>
# name: hd
# type: matrix
# rows: 6
# columns: 2
 5551 -620
 7104 -372
 7424 -124
 7103 124
 6339 370
 4529 620


