# Created by Octave 3.8.2, Mon Jun 22 12:28:04 2020 CEST <damian@fptrucha.inv.usc.es>
# name: hd
# type: matrix
# rows: 6
# columns: 2
 3268 -620
 4396 -372
 4677 -124
 4498 124
 3952 370
 3118 620


