# Created by Octave 3.8.2, Sat Jun 20 07:16:18 2020 CEST <damian@fptrucha.inv.usc.es>
# name: hd
# type: matrix
# rows: 6
# columns: 2
 6198 -620
 7887 -372
 7677 -124
 7419 124
 6339 370
 4637 620


