# Created by Octave 3.8.2, Sat Jun 20 22:07:56 2020 CEST <damian@fptrucha.inv.usc.es>
# name: hd
# type: matrix
# rows: 6
# columns: 2
 5130 -620
 6888 -372
 6920 -124
 6493 124
 5711 370
 4343 620


