# Created by Octave 3.8.2, Mon Jun 22 03:33:02 2020 CEST <damian@fptrucha.inv.usc.es>
# name: hd
# type: matrix
# rows: 6
# columns: 2
 3088 -620
 4089 -372
 4241 -124
 4175 124
 3723 370
 2815 620


