# Created by Octave 3.8.2, Mon Jun 22 12:29:07 2020 CEST <damian@fptrucha.inv.usc.es>
# name: hd
# type: matrix
# rows: 6
# columns: 2
 4826 -620
 6555 -372
 7007 -124
 6873 124
 6099 370
 4707 620


