# Created by Octave 3.8.2, Sat Jun 20 19:48:30 2020 CEST <damian@fptrucha.inv.usc.es>
# name: hd
# type: matrix
# rows: 6
# columns: 2
 5297 -620
 6902 -372
 6819 -124
 6507 124
 5591 370
 4321 620


