# Created by Octave 3.8.2, Mon Jun 22 17:00:27 2020 CEST <damian@fptrucha.inv.usc.es>
# name: hd
# type: matrix
# rows: 6
# columns: 2
 5041 -620
 6723 -372
 7263 -124
 6978 124
 6221 370
 4611 620


