# Created by Octave 3.8.2, Sat Jun 20 19:07:58 2020 CEST <damian@fptrucha.inv.usc.es>
# name: hd
# type: matrix
# rows: 6
# columns: 2
 5332 -620
 6934 -372
 6867 -124
 6699 124
 5721 370
 4199 620


