# Created by Octave 3.8.2, Mon Jun 22 21:42:53 2020 CEST <damian@fptrucha.inv.usc.es>
# name: hd
# type: matrix
# rows: 6
# columns: 2
 5421 -620
 7010 -372
 7325 -124
 7012 124
 6260 370
 4688 620


