# Created by Octave 3.8.2, Sat Jun 20 14:57:15 2020 CEST <damian@fptrucha.inv.usc.es>
# name: hd
# type: matrix
# rows: 6
# columns: 2
 5328 -620
 7209 -372
 7116 -124
 6855 124
 5912 370
 4543 620


