# Created by Octave 3.8.2, Sat Jun 20 04:42:23 2020 CEST <damian@fptrucha.inv.usc.es>
# name: hd
# type: matrix
# rows: 6
# columns: 2
 5779 -620
 7626 -372
 7709 -124
 7218 124
 6267 370
 4422 620


