# Created by Octave 3.8.2, Sat Jun 20 21:14:35 2020 CEST <damian@fptrucha.inv.usc.es>
# name: hd
# type: matrix
# rows: 6
# columns: 2
 5190 -620
 6857 -372
 6733 -124
 6449 124
 5565 370
 4229 620


