# Created by Octave 3.8.2, Tue Jun 23 00:18:17 2020 CEST <damian@fptrucha.inv.usc.es>
# name: hd
# type: matrix
# rows: 6
# columns: 2
 5795 -620
 7295 -372
 7568 -124
 7325 124
 6258 370
 4841 620


