# Created by Octave 3.8.2, Mon Jun 22 18:51:07 2020 CEST <damian@fptrucha.inv.usc.es>
# name: hd
# type: matrix
# rows: 6
# columns: 2
 5372 -620
 6919 -372
 7385 -124
 6924 124
 6182 370
 4618 620


