# Created by Octave 3.8.2, Mon Jun 22 01:51:31 2020 CEST <damian@fptrucha.inv.usc.es>
# name: hd
# type: matrix
# rows: 6
# columns: 2
 5317 -620
 6898 -372
 7160 -124
 6740 124
 5886 370
 4376 620


