# Created by Octave 3.8.2, Mon Jun 22 10:21:25 2020 CEST <damian@fptrucha.inv.usc.es>
# name: hd
# type: matrix
# rows: 6
# columns: 2
 4749 -620
 6609 -372
 6986 -124
 6763 124
 5960 370
 4476 620


