# Created by Octave 3.8.2, Sun Jun 21 00:16:59 2020 CEST <damian@fptrucha.inv.usc.es>
# name: hd
# type: matrix
# rows: 6
# columns: 2
 5009 -620
 6705 -372
 6691 -124
 6375 124
 5523 370
 4162 620


