# Created by Octave 3.8.2, Mon Jun 22 06:53:03 2020 CEST <damian@fptrucha.inv.usc.es>
# name: hd
# type: matrix
# rows: 6
# columns: 2
 4473 -620
 5956 -372
 6734 -124
 6325 124
 5717 370
 4442 620


