# Created by Octave 3.8.2, Mon Jun 22 03:10:43 2020 CEST <damian@fptrucha.inv.usc.es>
# name: hd
# type: matrix
# rows: 6
# columns: 2
 4802 -620
 5976 -372
 6582 -124
 6436 124
 5646 370
 4250 620


