# Created by Octave 3.8.2, Sat Jun 20 18:26:44 2020 CEST <damian@fptrucha.inv.usc.es>
# name: hd
# type: matrix
# rows: 6
# columns: 2
 5365 -620
 6885 -372
 6927 -124
 6506 124
 5797 370
 4332 620


