# Created by Octave 3.8.2, Mon Jun 22 23:09:28 2020 CEST <damian@fptrucha.inv.usc.es>
# name: hd
# type: matrix
# rows: 6
# columns: 2
 5433 -620
 7143 -372
 7542 -124
 7196 124
 6287 370
 4833 620


