# Created by Octave 3.8.2, Sun Jun 21 03:19:24 2020 CEST <damian@fptrucha.inv.usc.es>
# name: hd
# type: matrix
# rows: 6
# columns: 2
 5024 -620
 6772 -372
 6656 -124
 6400 124
 5467 370
 4123 620


