# Created by Octave 3.8.2, Mon Jun 22 09:17:06 2020 CEST <damian@fptrucha.inv.usc.es>
# name: hd
# type: matrix
# rows: 6
# columns: 2
 4816 -620
 6135 -372
 6744 -124
 6518 124
 5773 370
 4563 620


