# Created by Octave 3.8.2, Sun Jun 21 01:28:00 2020 CEST <damian@fptrucha.inv.usc.es>
# name: hd
# type: matrix
# rows: 6
# columns: 2
 5209 -620
 6718 -372
 6830 -124
 6307 124
 5674 370
 4009 620


