# Created by Octave 3.8.2, Sun Jun 21 06:19:32 2020 CEST <damian@fptrucha.inv.usc.es>
# name: hd
# type: matrix
# rows: 6
# columns: 2
 3429 -620
 4562 -372
 4510 -124
 4279 124
 3580 370
 2681 620


