# Created by Octave 3.8.2, Sat Jun 20 20:22:26 2020 CEST <damian@fptrucha.inv.usc.es>
# name: hd
# type: matrix
# rows: 6
# columns: 2
 5060 -620
 7000 -372
 7092 -124
 6553 124
 5737 370
 4211 620


