# Created by Octave 3.8.2, Mon Jun 22 15:40:49 2020 CEST <damian@fptrucha.inv.usc.es>
# name: hd
# type: matrix
# rows: 6
# columns: 2
 5164 -620
 6602 -372
 7199 -124
 6983 124
 6054 370
 4775 620


