# Created by Octave 3.8.2, Mon Jun 22 22:16:48 2020 CEST <damian@fptrucha.inv.usc.es>
# name: hd
# type: matrix
# rows: 6
# columns: 2
 5570 -620
 6982 -372
 7380 -124
 7211 124
 6337 370
 4749 620


