# Created by Octave 3.8.2, Sun Jun 21 03:00:19 2020 CEST <damian@fptrucha.inv.usc.es>
# name: hd
# type: matrix
# rows: 6
# columns: 2
 5111 -620
 6798 -372
 6703 -124
 6307 124
 5588 370
 4082 620


