# Created by Octave 3.8.2, Sat Jun 20 09:18:56 2020 CEST <damian@fptrucha.inv.usc.es>
# name: hd
# type: matrix
# rows: 6
# columns: 2
 6080 -620
 7939 -372
 8012 -124
 7441 124
 6519 370
 4811 620


