# Created by Octave 3.8.2, Sat Jun 20 07:31:42 2020 CEST <damian@fptrucha.inv.usc.es>
# name: hd
# type: matrix
# rows: 6
# columns: 2
 5993 -620
 7826 -372
 8005 -124
 7378 124
 6434 370
 4726 620


