# Created by Octave 3.8.2, Sat Jun 20 19:27:05 2020 CEST <damian@fptrucha.inv.usc.es>
# name: hd
# type: matrix
# rows: 6
# columns: 2
 5300 -620
 7039 -372
 7088 -124
 6597 124
 5694 370
 4220 620


