# Created by Octave 3.8.2, Sat Jun 20 10:52:37 2020 CEST <damian@fptrucha.inv.usc.es>
# name: hd
# type: matrix
# rows: 6
# columns: 2
 5912 -620
 7707 -372
 7868 -124
 7177 124
 6275 370
 4872 620


