# Created by Octave 3.8.2, Mon Jun 22 02:24:29 2020 CEST <damian@fptrucha.inv.usc.es>
# name: hd
# type: matrix
# rows: 6
# columns: 2
 4601 -620
 5606 -372
 5737 -124
 5367 124
 4314 370
 3297 620


