# Created by Octave 3.8.2, Sat Jun 20 02:49:45 2020 CEST <damian@fptrucha.inv.usc.es>
# name: hd
# type: matrix
# rows: 6
# columns: 2
 5880 -620
 7691 -372
 7288 -124
 7087 124
 6211 370
 4426 620


