# Created by Octave 3.8.2, Mon Jun 22 11:47:21 2020 CEST <damian@fptrucha.inv.usc.es>
# name: hd
# type: matrix
# rows: 6
# columns: 2
 4682 -620
 6267 -372
 6789 -124
 6712 124
 5937 370
 4593 620


