# Created by Octave 3.8.2, Mon Jun 22 19:24:41 2020 CEST <damian@fptrucha.inv.usc.es>
# name: hd
# type: matrix
# rows: 6
# columns: 2
 5192 -620
 7039 -372
 7341 -124
 7114 124
 6304 370
 4633 620


