# Created by Octave 3.8.2, Sat Jun 20 07:06:08 2020 CEST <damian@fptrucha.inv.usc.es>
# name: hd
# type: matrix
# rows: 6
# columns: 2
 5962 -620
 7884 -372
 7800 -124
 7553 124
 6383 370
 4831 620


