# Created by Octave 3.8.2, Sat Jun 20 03:57:54 2020 CEST <damian@fptrucha.inv.usc.es>
# name: hd
# type: matrix
# rows: 6
# columns: 2
 5927 -620
 7816 -372
 7587 -124
 7215 124
 6203 370
 4569 620


