# Created by Octave 3.8.2, Sun Jun 21 07:05:09 2020 CEST <damian@fptrucha.inv.usc.es>
# name: hd
# type: matrix
# rows: 6
# columns: 2
 5270 -620
 6946 -372
 6982 -124
 6434 124
 5803 370
 4139 620


