# Created by Octave 3.8.2, Mon Jun 22 22:41:30 2020 CEST <damian@fptrucha.inv.usc.es>
# name: hd
# type: matrix
# rows: 6
# columns: 2
 5486 -620
 7134 -372
 7423 -124
 7212 124
 6478 370
 4724 620


