# Created by Octave 3.8.2, Sun Jun 21 04:04:28 2020 CEST <damian@fptrucha.inv.usc.es>
# name: hd
# type: matrix
# rows: 6
# columns: 2
 5170 -620
 6865 -372
 6879 -124
 6257 124
 5597 370
 4175 620


