# Created by Octave 3.8.2, Mon Jun 22 23:37:36 2020 CEST <damian@fptrucha.inv.usc.es>
# name: hd
# type: matrix
# rows: 6
# columns: 2
 5550 -620
 7179 -372
 7475 -124
 7050 124
 6215 370
 4860 620


