# Created by Octave 3.8.2, Sun Jun 21 00:05:30 2020 CEST <damian@fptrucha.inv.usc.es>
# name: hd
# type: matrix
# rows: 6
# columns: 2
 5111 -620
 6738 -372
 6669 -124
 6299 124
 5501 370
 4214 620


