# Created by Octave 3.8.2, Sat Jun 20 05:40:41 2020 CEST <damian@fptrucha.inv.usc.es>
# name: hd
# type: matrix
# rows: 6
# columns: 2
 3898 -620
 5204 -372
 5039 -124
 4757 124
 4203 370
 3099 620


