# Created by Octave 3.8.2, Sat Jun 20 20:42:47 2020 CEST <damian@fptrucha.inv.usc.es>
# name: hd
# type: matrix
# rows: 6
# columns: 2
 5169 -620
 6811 -372
 6904 -124
 6648 124
 5785 370
 4272 620


