# Created by Octave 3.8.2, Mon Jun 22 09:03:00 2020 CEST <damian@fptrucha.inv.usc.es>
# name: hd
# type: matrix
# rows: 6
# columns: 2
 4676 -620
 6209 -372
 6791 -124
 6608 124
 6021 370
 4476 620


