# Created by Octave 3.8.2, Mon Jun 22 03:06:49 2020 CEST <damian@fptrucha.inv.usc.es>
# name: hd
# type: matrix
# rows: 6
# columns: 2
 4654 -620
 6032 -372
 6435 -124
 6373 124
 5659 370
 4276 620


