# Created by Octave 3.8.2, Sat Jun 20 23:24:25 2020 CEST <damian@fptrucha.inv.usc.es>
# name: hd
# type: matrix
# rows: 6
# columns: 2
 5141 -620
 7048 -372
 6879 -124
 6484 124
 5520 370
 4276 620


