# Created by Octave 3.8.2, Mon Jun 22 02:43:13 2020 CEST <damian@fptrucha.inv.usc.es>
# name: hd
# type: matrix
# rows: 6
# columns: 2
 4697 -620
 5977 -372
 6499 -124
 6374 124
 5757 370
 4321 620


