# Created by Octave 3.8.2, Mon Jun 22 06:21:52 2020 CEST <damian@fptrucha.inv.usc.es>
# name: hd
# type: matrix
# rows: 6
# columns: 2
 4542 -620
 6053 -372
 6698 -124
 6561 124
 5698 370
 4375 620


