# Created by Octave 3.8.2, Sat Jun 20 09:08:34 2020 CEST <damian@fptrucha.inv.usc.es>
# name: hd
# type: matrix
# rows: 6
# columns: 2
 5974 -620
 7871 -372
 7853 -124
 7440 124
 6491 370
 4795 620


