# Created by Octave 3.8.2, Sat Jun 20 03:43:52 2020 CEST <damian@fptrucha.inv.usc.es>
# name: hd
# type: matrix
# rows: 6
# columns: 2
 5908 -620
 7570 -372
 7583 -124
 7088 124
 6284 370
 4423 620


