# Created by Octave 3.8.2, Sat Jun 20 09:40:24 2020 CEST <damian@fptrucha.inv.usc.es>
# name: hd
# type: matrix
# rows: 6
# columns: 2
 5937 -620
 7796 -372
 8029 -124
 7415 124
 6574 370
 4801 620


