# Created by Octave 3.8.2, Mon Jun 22 00:36:13 2020 CEST <damian@fptrucha.inv.usc.es>
# name: hd
# type: matrix
# rows: 6
# columns: 2
 5157 -620
 6811 -372
 6913 -124
 6466 124
 5483 370
 4116 620


