# Created by Octave 3.8.2, Sat Jun 20 09:07:07 2020 CEST <damian@fptrucha.inv.usc.es>
# name: hd
# type: matrix
# rows: 6
# columns: 2
 3976 -620
 5187 -372
 5238 -124
 4965 124
 4329 370
 3185 620


