# Created by Octave 3.8.2, Mon Jun 22 19:58:29 2020 CEST <damian@fptrucha.inv.usc.es>
# name: hd
# type: matrix
# rows: 6
# columns: 2
 5349 -620
 7051 -372
 7304 -124
 6979 124
 6191 370
 4594 620


