# Created by Octave 3.8.2, Mon Jun 22 22:07:20 2020 CEST <damian@fptrucha.inv.usc.es>
# name: hd
# type: matrix
# rows: 6
# columns: 2
 5648 -620
 7160 -372
 7462 -124
 7158 124
 6161 370
 4655 620


