# Created by Octave 3.8.2, Sun Jun 21 05:21:30 2020 CEST <damian@fptrucha.inv.usc.es>
# name: hd
# type: matrix
# rows: 6
# columns: 2
 5358 -620
 6873 -372
 6827 -124
 6428 124
 5592 370
 4125 620


