# Created by Octave 3.8.2, Sat Jun 20 06:15:00 2020 CEST <damian@fptrucha.inv.usc.es>
# name: hd
# type: matrix
# rows: 6
# columns: 2
 6142 -620
 7807 -372
 7824 -124
 7309 124
 6269 370
 4659 620


