# Created by Octave 3.8.2, Sun Jun 21 06:44:11 2020 CEST <damian@fptrucha.inv.usc.es>
# name: hd
# type: matrix
# rows: 6
# columns: 2
 5280 -620
 6934 -372
 6883 -124
 6348 124
 5643 370
 4219 620


