# Created by Octave 3.8.2, Sun Jun 21 08:09:38 2020 CEST <damian@fptrucha.inv.usc.es>
# name: hd
# type: matrix
# rows: 6
# columns: 2
 5304 -620
 6923 -372
 6901 -124
 6577 124
 5679 370
 4276 620


