# Created by Octave 3.8.2, Sat Jun 20 18:53:45 2020 CEST <damian@fptrucha.inv.usc.es>
# name: hd
# type: matrix
# rows: 6
# columns: 2
 5268 -620
 6907 -372
 6984 -124
 6672 124
 5742 370
 4325 620


