# Created by Octave 3.8.2, Mon Jun 22 18:24:01 2020 CEST <damian@fptrucha.inv.usc.es>
# name: hd
# type: matrix
# rows: 6
# columns: 2
 5254 -620
 6794 -372
 7280 -124
 6955 124
 6150 370
 4613 620


