# Created by Octave 3.8.2, Sun Jun 21 07:20:48 2020 CEST <damian@fptrucha.inv.usc.es>
# name: hd
# type: matrix
# rows: 6
# columns: 2
 5107 -620
 6792 -372
 6729 -124
 6354 124
 5446 370
 4099 620


