# Created by Octave 3.8.2, Sat Jun 20 18:10:14 2020 CEST <damian@fptrucha.inv.usc.es>
# name: hd
# type: matrix
# rows: 6
# columns: 2
 5216 -620
 6995 -372
 6946 -124
 6416 124
 5740 370
 4215 620


