# Created by Octave 3.8.2, Sat Jun 20 17:44:36 2020 CEST <damian@fptrucha.inv.usc.es>
# name: hd
# type: matrix
# rows: 6
# columns: 2
 5289 -620
 6957 -372
 7010 -124
 6492 124
 5730 370
 4236 620


