# Created by Octave 3.8.2, Mon Jun 22 06:30:36 2020 CEST <damian@fptrucha.inv.usc.es>
# name: hd
# type: matrix
# rows: 6
# columns: 2
 4536 -620
 6061 -372
 6659 -124
 6559 124
 5774 370
 4423 620


