# Created by Octave 3.8.2, Mon Jun 22 22:59:06 2020 CEST <damian@fptrucha.inv.usc.es>
# name: hd
# type: matrix
# rows: 6
# columns: 2
 5358 -620
 7113 -372
 7656 -124
 7327 124
 6291 370
 4908 620


