# Created by Octave 3.8.2, Sat Jun 20 11:36:26 2020 CEST <damian@fptrucha.inv.usc.es>
# name: hd
# type: matrix
# rows: 6
# columns: 2
 5676 -620
 7623 -372
 7680 -124
 7182 124
 6290 370
 4725 620


