# Created by Octave 3.8.2, Mon Jun 22 20:20:03 2020 CEST <damian@fptrucha.inv.usc.es>
# name: hd
# type: matrix
# rows: 6
# columns: 2
 5357 -620
 7154 -372
 7366 -124
 7096 124
 6149 370
 4682 620


