# Created by Octave 3.8.2, Sat Jun 20 12:04:00 2020 CEST <damian@fptrucha.inv.usc.es>
# name: hd
# type: matrix
# rows: 6
# columns: 2
 5639 -620
 7484 -372
 7526 -124
 7090 124
 6463 370
 4613 620


