# Created by Octave 3.8.2, Sat Jun 20 22:29:40 2020 CEST <damian@fptrucha.inv.usc.es>
# name: hd
# type: matrix
# rows: 6
# columns: 2
 5169 -620
 6688 -372
 6874 -124
 6457 124
 5633 370
 4229 620


