# Created by Octave 3.8.2, Sun Jun 21 00:56:14 2020 CEST <damian@fptrucha.inv.usc.es>
# name: hd
# type: matrix
# rows: 6
# columns: 2
 5269 -620
 6753 -372
 6756 -124
 6479 124
 5602 370
 4193 620


