# Created by Octave 3.8.2, Mon Jun 22 13:44:38 2020 CEST <damian@fptrucha.inv.usc.es>
# name: hd
# type: matrix
# rows: 6
# columns: 2
 4972 -620
 6527 -372
 7260 -124
 6763 124
 5993 370
 4691 620


