# Created by Octave 3.8.2, Mon Jun 22 14:58:55 2020 CEST <damian@fptrucha.inv.usc.es>
# name: hd
# type: matrix
# rows: 6
# columns: 2
 5108 -620
 6778 -372
 7210 -124
 6893 124
 6108 370
 4575 620


