# Created by Octave 3.8.2, Mon Jun 22 09:10:57 2020 CEST <damian@fptrucha.inv.usc.es>
# name: hd
# type: matrix
# rows: 6
# columns: 2
 4731 -620
 6168 -372
 6722 -124
 6529 124
 5958 370
 4390 620


