# Created by Octave 3.8.2, Mon Jun 22 13:25:38 2020 CEST <damian@fptrucha.inv.usc.es>
# name: hd
# type: matrix
# rows: 6
# columns: 2
 4982 -620
 6673 -372
 7119 -124
 6877 124
 5960 370
 4646 620


