# Created by Octave 3.8.2, Sun Jun 21 02:30:11 2020 CEST <damian@fptrucha.inv.usc.es>
# name: hd
# type: matrix
# rows: 6
# columns: 2
 5289 -620
 6700 -372
 6778 -124
 6540 124
 5559 370
 4183 620


