# Created by Octave 3.8.2, Sun Jun 21 04:28:31 2020 CEST <damian@fptrucha.inv.usc.es>
# name: hd
# type: matrix
# rows: 6
# columns: 2
 5129 -620
 6828 -372
 6640 -124
 6360 124
 5643 370
 4197 620


