# Created by Octave 3.8.2, Mon Jun 22 15:43:01 2020 CEST <damian@fptrucha.inv.usc.es>
# name: hd
# type: matrix
# rows: 6
# columns: 2
 4954 -620
 6910 -372
 7307 -124
 7071 124
 6335 370
 4669 620


