# Created by Octave 3.8.2, Sat Jun 20 13:48:01 2020 CEST <damian@fptrucha.inv.usc.es>
# name: hd
# type: matrix
# rows: 6
# columns: 2
 5622 -620
 7332 -372
 7219 -124
 6903 124
 6012 370
 4551 620


