# Created by Octave 3.8.2, Sun Jun 21 02:25:45 2020 CEST <damian@fptrucha.inv.usc.es>
# name: hd
# type: matrix
# rows: 6
# columns: 2
 5170 -620
 6808 -372
 6690 -124
 6389 124
 5620 370
 4088 620


