# Created by Octave 3.8.2, Tue Jun 23 00:20:41 2020 CEST <damian@fptrucha.inv.usc.es>
# name: hd
# type: matrix
# rows: 6
# columns: 2
 5696 -620
 7160 -372
 7451 -124
 7150 124
 6275 370
 4676 620


