# Created by Octave 3.8.2, Mon Jun 22 13:39:41 2020 CEST <damian@fptrucha.inv.usc.es>
# name: hd
# type: matrix
# rows: 6
# columns: 2
 4932 -620
 6607 -372
 7079 -124
 6868 124
 6095 370
 4604 620


