# Created by Octave 3.8.2, Sat Jun 20 17:24:10 2020 CEST <damian@fptrucha.inv.usc.es>
# name: hd
# type: matrix
# rows: 6
# columns: 2
 5284 -620
 6906 -372
 6876 -124
 6632 124
 5681 370
 4238 620


