# Created by Octave 3.8.2, Sun Jun 21 00:19:07 2020 CEST <damian@fptrucha.inv.usc.es>
# name: hd
# type: matrix
# rows: 6
# columns: 2
 4953 -620
 6715 -372
 6567 -124
 6305 124
 5563 370
 4234 620


