# Created by Octave 3.8.2, Mon Jun 22 05:50:27 2020 CEST <damian@fptrucha.inv.usc.es>
# name: hd
# type: matrix
# rows: 6
# columns: 2
 4628 -620
 5895 -372
 6508 -124
 6418 124
 5733 370
 4306 620


