# Created by Octave 3.8.2, Sat Jun 20 09:29:12 2020 CEST <damian@fptrucha.inv.usc.es>
# name: hd
# type: matrix
# rows: 6
# columns: 2
 6089 -620
 7708 -372
 7921 -124
 7507 124
 6487 370
 4785 620


