# Created by Octave 3.8.2, Sun Jun 21 01:31:13 2020 CEST <damian@fptrucha.inv.usc.es>
# name: hd
# type: matrix
# rows: 6
# columns: 2
 5184 -620
 6827 -372
 6702 -124
 6184 124
 5464 370
 4143 620


