# Created by Octave 3.8.2, Sun Jun 21 05:27:03 2020 CEST <damian@fptrucha.inv.usc.es>
# name: hd
# type: matrix
# rows: 6
# columns: 2
 5131 -620
 6811 -372
 6635 -124
 6407 124
 5623 370
 4199 620


