# Created by Octave 3.8.2, Mon Jun 22 10:41:07 2020 CEST <damian@fptrucha.inv.usc.es>
# name: hd
# type: matrix
# rows: 6
# columns: 2
 4910 -620
 6546 -372
 6991 -124
 6745 124
 6051 370
 4653 620


