# Created by Octave 3.8.2, Mon Jun 22 07:29:24 2020 CEST <damian@fptrucha.inv.usc.es>
# name: hd
# type: matrix
# rows: 6
# columns: 2
 4685 -620
 6158 -372
 6626 -124
 6718 124
 5704 370
 4458 620


