# Created by Octave 3.8.2, Mon Jun 22 06:35:32 2020 CEST <damian@fptrucha.inv.usc.es>
# name: hd
# type: matrix
# rows: 6
# columns: 2
 4467 -620
 5919 -372
 6665 -124
 6709 124
 5689 370
 4329 620


