# Created by Octave 3.8.2, Sun Jun 21 04:17:47 2020 CEST <damian@fptrucha.inv.usc.es>
# name: hd
# type: matrix
# rows: 6
# columns: 2
 5157 -620
 6893 -372
 6717 -124
 6381 124
 5584 370
 4088 620


