# Created by Octave 3.8.2, Mon Jun 22 00:21:56 2020 CEST <damian@fptrucha.inv.usc.es>
# name: hd
# type: matrix
# rows: 6
# columns: 2
 5086 -620
 6871 -372
 6877 -124
 6311 124
 5578 370
 4221 620


