# Created by Octave 3.8.2, Mon Jun 22 09:20:14 2020 CEST <damian@fptrucha.inv.usc.es>
# name: hd
# type: matrix
# rows: 6
# columns: 2
 4782 -620
 6353 -372
 6706 -124
 6661 124
 5812 370
 4494 620


