# Created by Octave 3.8.2, Sat Jun 20 22:34:53 2020 CEST <damian@fptrucha.inv.usc.es>
# name: hd
# type: matrix
# rows: 6
# columns: 2
 5021 -620
 6917 -372
 6838 -124
 6513 124
 5650 370
 4200 620


