# Created by Octave 3.8.2, Sun Jun 21 04:50:40 2020 CEST <damian@fptrucha.inv.usc.es>
# name: hd
# type: matrix
# rows: 6
# columns: 2
 5265 -620
 6857 -372
 6864 -124
 6584 124
 5743 370
 4187 620


