# Created by Octave 3.8.2, Sat Jun 20 06:19:27 2020 CEST <damian@fptrucha.inv.usc.es>
# name: hd
# type: matrix
# rows: 6
# columns: 2
 6088 -620
 7753 -372
 7773 -124
 7461 124
 6295 370
 4663 620


