# Created by Octave 3.8.2, Mon Jun 22 09:30:13 2020 CEST <damian@fptrucha.inv.usc.es>
# name: hd
# type: matrix
# rows: 6
# columns: 2
 4582 -620
 6354 -372
 6645 -124
 6674 124
 5818 370
 4543 620


