# Created by Octave 3.8.2, Mon Jun 22 14:55:34 2020 CEST <damian@fptrucha.inv.usc.es>
# name: hd
# type: matrix
# rows: 6
# columns: 2
 5110 -620
 6509 -372
 7302 -124
 6947 124
 6150 370
 4577 620


