# Created by Octave 3.8.2, Mon Jun 22 09:44:20 2020 CEST <damian@fptrucha.inv.usc.es>
# name: hd
# type: matrix
# rows: 6
# columns: 2
 4682 -620
 6277 -372
 6861 -124
 6797 124
 6055 370
 4523 620


