# Created by Octave 3.8.2, Sat Jun 20 23:33:47 2020 CEST <damian@fptrucha.inv.usc.es>
# name: hd
# type: matrix
# rows: 6
# columns: 2
 5263 -620
 6868 -372
 6807 -124
 6430 124
 5524 370
 4166 620


