# Created by Octave 3.8.2, Mon Jun 22 21:29:09 2020 CEST <damian@fptrucha.inv.usc.es>
# name: hd
# type: matrix
# rows: 6
# columns: 2
 5503 -620
 7196 -372
 7523 -124
 7045 124
 6306 370
 4848 620


