# Created by Octave 3.8.2, Sat Jun 20 15:17:29 2020 CEST <damian@fptrucha.inv.usc.es>
# name: hd
# type: matrix
# rows: 6
# columns: 2
 5300 -620
 7050 -372
 7106 -124
 6591 124
 5876 370
 4499 620


