# Created by Octave 3.8.2, Sat Jun 20 04:47:58 2020 CEST <damian@fptrucha.inv.usc.es>
# name: hd
# type: matrix
# rows: 6
# columns: 2
 5773 -620
 7759 -372
 7502 -124
 7258 124
 6088 370
 4657 620


