# Created by Octave 3.8.2, Mon Jun 22 13:01:51 2020 CEST <damian@fptrucha.inv.usc.es>
# name: hd
# type: matrix
# rows: 6
# columns: 2
 5041 -620
 6527 -372
 7075 -124
 6681 124
 6082 370
 4634 620


