# Created by Octave 3.8.2, Mon Jun 22 05:19:57 2020 CEST <damian@fptrucha.inv.usc.es>
# name: hd
# type: matrix
# rows: 6
# columns: 2
 4636 -620
 6077 -372
 6467 -124
 6335 124
 5452 370
 4281 620


