# Created by Octave 3.8.2, Mon Jun 22 15:05:09 2020 CEST <damian@fptrucha.inv.usc.es>
# name: hd
# type: matrix
# rows: 6
# columns: 2
 5089 -620
 6628 -372
 7396 -124
 6962 124
 6163 370
 4744 620


