# Created by Octave 3.8.2, Sun Jun 21 08:15:20 2020 CEST <damian@fptrucha.inv.usc.es>
# name: hd
# type: matrix
# rows: 6
# columns: 2
 5208 -620
 6961 -372
 6623 -124
 6403 124
 5455 370
 4283 620


