# Created by Octave 3.8.2, Mon Jun 22 23:24:49 2020 CEST <damian@fptrucha.inv.usc.es>
# name: hd
# type: matrix
# rows: 6
# columns: 2
 5485 -620
 6949 -372
 7426 -124
 7222 124
 6372 370
 4940 620


