# Created by Octave 3.8.2, Sat Jun 20 18:05:01 2020 CEST <damian@fptrucha.inv.usc.es>
# name: hd
# type: matrix
# rows: 6
# columns: 2
 5371 -620
 6995 -372
 6724 -124
 6462 124
 5736 370
 4316 620


