# Created by Octave 3.8.2, Mon Jun 22 15:38:39 2020 CEST <damian@fptrucha.inv.usc.es>
# name: hd
# type: matrix
# rows: 6
# columns: 2
 3370 -620
 4351 -372
 4672 -124
 4596 124
 4125 370
 3197 620


