# Created by Octave 3.8.2, Sun Jun 21 05:10:38 2020 CEST <damian@fptrucha.inv.usc.es>
# name: hd
# type: matrix
# rows: 6
# columns: 2
 5378 -620
 6814 -372
 6800 -124
 6433 124
 5452 370
 4233 620


