# Created by Octave 3.8.2, Sat Jun 20 19:15:16 2020 CEST <damian@fptrucha.inv.usc.es>
# name: hd
# type: matrix
# rows: 6
# columns: 2
 5221 -620
 6952 -372
 6791 -124
 6444 124
 5663 370
 4294 620


