# Created by Octave 3.8.2, Sun Jun 21 01:03:46 2020 CEST <damian@fptrucha.inv.usc.es>
# name: hd
# type: matrix
# rows: 6
# columns: 2
 5118 -620
 6830 -372
 6757 -124
 6264 124
 5448 370
 4165 620


