# Created by Octave 3.8.2, Sat Jun 20 02:29:38 2020 CEST <damian@fptrucha.inv.usc.es>
# name: hd
# type: matrix
# rows: 6
# columns: 2
 5781 -620
 7466 -372
 7513 -124
 7183 124
 6068 370
 4568 620


