# Created by Octave 3.8.2, Mon Jun 22 18:44:10 2020 CEST <damian@fptrucha.inv.usc.es>
# name: hd
# type: matrix
# rows: 6
# columns: 2
 5312 -620
 6979 -372
 7277 -124
 6943 124
 6271 370
 4553 620


