# Created by Octave 3.8.2, Mon Jun 22 11:11:19 2020 CEST <damian@fptrucha.inv.usc.es>
# name: hd
# type: matrix
# rows: 6
# columns: 2
 4846 -620
 6311 -372
 6894 -124
 6838 124
 5977 370
 4748 620


