# Created by Octave 3.8.2, Sat Jun 20 15:51:15 2020 CEST <damian@fptrucha.inv.usc.es>
# name: hd
# type: matrix
# rows: 6
# columns: 2
 5454 -620
 7111 -372
 7088 -124
 6807 124
 5991 370
 4352 620


