# Created by Octave 3.8.2, Mon Jun 22 23:32:45 2020 CEST <damian@fptrucha.inv.usc.es>
# name: hd
# type: matrix
# rows: 6
# columns: 2
 5370 -620
 7130 -372
 7567 -124
 7254 124
 6328 370
 4808 620


