# Created by Octave 3.8.2, Mon Jun 22 16:55:15 2020 CEST <damian@fptrucha.inv.usc.es>
# name: hd
# type: matrix
# rows: 6
# columns: 2
 5048 -620
 6718 -372
 7162 -124
 7067 124
 6153 370
 4536 620


