# Created by Octave 3.8.2, Mon Jun 22 22:29:28 2020 CEST <damian@fptrucha.inv.usc.es>
# name: hd
# type: matrix
# rows: 6
# columns: 2
 5503 -620
 6991 -372
 7493 -124
 7335 124
 6346 370
 4734 620


