# Created by Octave 3.8.2, Sat Jun 20 21:29:39 2020 CEST <damian@fptrucha.inv.usc.es>
# name: hd
# type: matrix
# rows: 6
# columns: 2
 5049 -620
 6864 -372
 6879 -124
 6413 124
 5536 370
 4314 620


