# Created by Octave 3.8.2, Mon Jun 22 00:43:02 2020 CEST <damian@fptrucha.inv.usc.es>
# name: hd
# type: matrix
# rows: 6
# columns: 2
 5249 -620
 7098 -372
 6905 -124
 6443 124
 5532 370
 4229 620


