# Created by Octave 3.8.2, Mon Jun 22 23:17:36 2020 CEST <damian@fptrucha.inv.usc.es>
# name: hd
# type: matrix
# rows: 6
# columns: 2
 5536 -620
 7070 -372
 7525 -124
 7216 124
 6448 370
 4793 620


