# Created by Octave 3.8.2, Mon Jun 22 23:05:52 2020 CEST <damian@fptrucha.inv.usc.es>
# name: hd
# type: matrix
# rows: 6
# columns: 2
 5613 -620
 7079 -372
 7524 -124
 7190 124
 6380 370
 4797 620


