# Created by Octave 3.8.2, Sat Jun 20 20:18:30 2020 CEST <damian@fptrucha.inv.usc.es>
# name: hd
# type: matrix
# rows: 6
# columns: 2
 3436 -620
 4580 -372
 4646 -124
 4313 124
 3796 370
 2778 620


