# Created by Octave 3.8.2, Sat Jun 20 06:52:12 2020 CEST <damian@fptrucha.inv.usc.es>
# name: hd
# type: matrix
# rows: 6
# columns: 2
 6052 -620
 7817 -372
 7997 -124
 7219 124
 6392 370
 4682 620


