# Created by Octave 3.8.2, Mon Jun 22 17:16:52 2020 CEST <damian@fptrucha.inv.usc.es>
# name: hd
# type: matrix
# rows: 6
# columns: 2
 3389 -620
 4303 -372
 4656 -124
 4639 124
 4057 370
 3072 620


