# Created by Octave 3.8.2, Mon Jun 22 06:44:06 2020 CEST <damian@fptrucha.inv.usc.es>
# name: hd
# type: matrix
# rows: 6
# columns: 2
 4586 -620
 5973 -372
 6602 -124
 6458 124
 5618 370
 4348 620


