# Created by Octave 3.8.2, Mon Jun 22 19:33:49 2020 CEST <damian@fptrucha.inv.usc.es>
# name: hd
# type: matrix
# rows: 6
# columns: 2
 5268 -620
 6801 -372
 7266 -124
 6956 124
 6167 370
 4691 620


