# Created by Octave 3.8.2, Mon Jun 22 08:49:37 2020 CEST <damian@fptrucha.inv.usc.es>
# name: hd
# type: matrix
# rows: 6
# columns: 2
 4756 -620
 6152 -372
 6806 -124
 6556 124
 5960 370
 4494 620


