# Created by Octave 3.8.2, Sat Jun 20 07:27:23 2020 CEST <damian@fptrucha.inv.usc.es>
# name: hd
# type: matrix
# rows: 6
# columns: 2
 6168 -620
 7985 -372
 8030 -124
 7385 124
 6489 370
 4773 620


