# Created by Octave 3.8.2, Mon Jun 22 22:49:24 2020 CEST <damian@fptrucha.inv.usc.es>
# name: hd
# type: matrix
# rows: 6
# columns: 2
 5598 -620
 7142 -372
 7456 -124
 7286 124
 6444 370
 4754 620


