# Created by Octave 3.8.2, Mon Jun 22 11:55:16 2020 CEST <damian@fptrucha.inv.usc.es>
# name: hd
# type: matrix
# rows: 6
# columns: 2
 4850 -620
 6221 -372
 6796 -124
 6706 124
 6143 370
 4553 620


