# Created by Octave 3.8.2, Sat Jun 20 14:09:34 2020 CEST <damian@fptrucha.inv.usc.es>
# name: hd
# type: matrix
# rows: 6
# columns: 2
 5471 -620
 7214 -372
 7253 -124
 6897 124
 5889 370
 4501 620


