# Created by Octave 3.8.2, Mon Jun 22 17:17:59 2020 CEST <damian@fptrucha.inv.usc.es>
# name: hd
# type: matrix
# rows: 6
# columns: 2
 5152 -620
 6719 -372
 7233 -124
 7112 124
 6114 370
 4751 620


