# Created by Octave 3.8.2, Mon Jun 22 13:56:27 2020 CEST <damian@fptrucha.inv.usc.es>
# name: hd
# type: matrix
# rows: 6
# columns: 2
 4879 -620
 6574 -372
 7152 -124
 6950 124
 6020 370
 4597 620


