# Created by Octave 3.8.2, Sat Jun 20 23:01:19 2020 CEST <damian@fptrucha.inv.usc.es>
# name: hd
# type: matrix
# rows: 6
# columns: 2
 5156 -620
 6755 -372
 6869 -124
 6511 124
 5564 370
 4341 620


