# Created by Octave 3.8.2, Sat Jun 20 08:51:14 2020 CEST <damian@fptrucha.inv.usc.es>
# name: hd
# type: matrix
# rows: 6
# columns: 2
 6061 -620
 7767 -372
 7966 -124
 7527 124
 6579 370
 4845 620


