# Created by Octave 3.8.2, Mon Jun 22 02:41:37 2020 CEST <damian@fptrucha.inv.usc.es>
# name: hd
# type: matrix
# rows: 6
# columns: 2
 4697 -620
 6081 -372
 6273 -124
 6330 124
 5634 370
 4292 620


