# Created by Octave 3.8.2, Sat Jun 20 09:32:10 2020 CEST <damian@fptrucha.inv.usc.es>
# name: hd
# type: matrix
# rows: 6
# columns: 2
 5972 -620
 7713 -372
 7890 -124
 7469 124
 6478 370
 4936 620


