# Created by Octave 3.8.2, Sat Jun 20 11:20:40 2020 CEST <damian@fptrucha.inv.usc.es>
# name: hd
# type: matrix
# rows: 6
# columns: 2
 5925 -620
 7587 -372
 7630 -124
 7195 124
 6324 370
 4746 620


