# Created by Octave 3.8.2, Sat Jun 20 07:36:06 2020 CEST <damian@fptrucha.inv.usc.es>
# name: hd
# type: matrix
# rows: 6
# columns: 2
 6199 -620
 8052 -372
 8012 -124
 7420 124
 6261 370
 4677 620


