# Created by Octave 3.8.2, Sat Jun 20 22:10:33 2020 CEST <damian@fptrucha.inv.usc.es>
# name: hd
# type: matrix
# rows: 6
# columns: 2
 5150 -620
 6869 -372
 6901 -124
 6430 124
 5658 370
 4284 620


