# Created by Octave 3.8.2, Mon Jun 22 12:44:05 2020 CEST <damian@fptrucha.inv.usc.es>
# name: hd
# type: matrix
# rows: 6
# columns: 2
 4936 -620
 6571 -372
 6904 -124
 6972 124
 5988 370
 4625 620


