# Created by Octave 3.8.2, Mon Jun 22 06:31:36 2020 CEST <damian@fptrucha.inv.usc.es>
# name: hd
# type: matrix
# rows: 6
# columns: 2
 4540 -620
 6100 -372
 6570 -124
 6474 124
 5731 370
 4441 620


