# Created by Octave 3.8.2, Sat Jun 20 08:55:47 2020 CEST <damian@fptrucha.inv.usc.es>
# name: hd
# type: matrix
# rows: 6
# columns: 2
 6061 -620
 7832 -372
 8016 -124
 7539 124
 6631 370
 4884 620


