# Created by Octave 3.8.2, Sat Jun 20 06:50:43 2020 CEST <damian@fptrucha.inv.usc.es>
# name: hd
# type: matrix
# rows: 6
# columns: 2
 6114 -620
 7849 -372
 7834 -124
 7281 124
 6468 370
 4660 620


