# Created by Octave 3.8.2, Sat Jun 20 22:26:59 2020 CEST <damian@fptrucha.inv.usc.es>
# name: hd
# type: matrix
# rows: 6
# columns: 2
 5146 -620
 6774 -372
 6793 -124
 6452 124
 5578 370
 4213 620


