# Created by Octave 3.8.2, Mon Jun 22 11:32:41 2020 CEST <damian@fptrucha.inv.usc.es>
# name: hd
# type: matrix
# rows: 6
# columns: 2
 3133 -620
 4204 -372
 4434 -124
 4506 124
 3930 370
 2930 620


