# Created by Octave 3.8.2, Sat Jun 20 05:19:50 2020 CEST <damian@fptrucha.inv.usc.es>
# name: hd
# type: matrix
# rows: 6
# columns: 2
 5962 -620
 7747 -372
 7775 -124
 7283 124
 6304 370
 4630 620


