# Created by Octave 3.8.2, Sun Jun 21 06:47:31 2020 CEST <damian@fptrucha.inv.usc.es>
# name: hd
# type: matrix
# rows: 6
# columns: 2
 5262 -620
 6668 -372
 6674 -124
 6409 124
 5611 370
 4148 620


