# Created by Octave 3.8.2, Sat Jun 20 18:51:06 2020 CEST <damian@fptrucha.inv.usc.es>
# name: hd
# type: matrix
# rows: 6
# columns: 2
 5255 -620
 6911 -372
 7065 -124
 6562 124
 5829 370
 4212 620


