# Created by Octave 3.8.2, Mon Jun 22 05:04:49 2020 CEST <damian@fptrucha.inv.usc.es>
# name: hd
# type: matrix
# rows: 6
# columns: 2
 4615 -620
 6060 -372
 6412 -124
 6075 124
 5334 370
 4140 620


