# Created by Octave 3.8.2, Mon Jun 22 08:51:45 2020 CEST <damian@fptrucha.inv.usc.es>
# name: hd
# type: matrix
# rows: 6
# columns: 2
 4595 -620
 6383 -372
 6820 -124
 6689 124
 5853 370
 4439 620


