# Created by Octave 3.8.2, Sun Jun 21 00:30:34 2020 CEST <damian@fptrucha.inv.usc.es>
# name: hd
# type: matrix
# rows: 6
# columns: 2
 5028 -620
 6735 -372
 6686 -124
 6285 124
 5613 370
 4155 620


