# Created by Octave 3.8.2, Mon Jun 22 04:43:31 2020 CEST <damian@fptrucha.inv.usc.es>
# name: hd
# type: matrix
# rows: 6
# columns: 2
 4504 -620
 5871 -372
 6336 -124
 5958 124
 5256 370
 3987 620


