# Created by Octave 3.8.2, Mon Jun 22 20:04:13 2020 CEST <damian@fptrucha.inv.usc.es>
# name: hd
# type: matrix
# rows: 6
# columns: 2
 5461 -620
 7130 -372
 7449 -124
 7036 124
 6183 370
 4606 620


