# Created by Octave 3.8.2, Mon Jun 22 04:04:16 2020 CEST <damian@fptrucha.inv.usc.es>
# name: hd
# type: matrix
# rows: 6
# columns: 2
 4720 -620
 5998 -372
 6516 -124
 6353 124
 5271 370
 4151 620


