# Created by Octave 3.8.2, Mon Jun 22 22:53:03 2020 CEST <damian@fptrucha.inv.usc.es>
# name: hd
# type: matrix
# rows: 6
# columns: 2
 5385 -620
 7040 -372
 7677 -124
 7188 124
 6435 370
 4838 620


