# Created by Octave 3.8.2, Sun Jun 21 00:32:41 2020 CEST <damian@fptrucha.inv.usc.es>
# name: hd
# type: matrix
# rows: 6
# columns: 2
 4985 -620
 6689 -372
 6487 -124
 6225 124
 5549 370
 4086 620


