# Created by Octave 3.8.2, Sun Jun 21 01:10:59 2020 CEST <damian@fptrucha.inv.usc.es>
# name: hd
# type: matrix
# rows: 6
# columns: 2
 5114 -620
 6833 -372
 6692 -124
 6344 124
 5463 370
 4079 620


