# Created by Octave 3.8.2, Sat Jun 20 13:20:49 2020 CEST <damian@fptrucha.inv.usc.es>
# name: hd
# type: matrix
# rows: 6
# columns: 2
 5650 -620
 7433 -372
 7533 -124
 7072 124
 6217 370
 4549 620


