# Created by Octave 3.8.2, Sun Jun 21 01:48:13 2020 CEST <damian@fptrucha.inv.usc.es>
# name: hd
# type: matrix
# rows: 6
# columns: 2
 5271 -620
 6877 -372
 6753 -124
 6299 124
 5578 370
 4124 620


