# Created by Octave 3.8.2, Sat Jun 20 13:49:22 2020 CEST <damian@fptrucha.inv.usc.es>
# name: hd
# type: matrix
# rows: 6
# columns: 2
 5621 -620
 7168 -372
 7371 -124
 6823 124
 6081 370
 4507 620


