# Created by Octave 3.8.2, Mon Jun 22 03:02:01 2020 CEST <damian@fptrucha.inv.usc.es>
# name: hd
# type: matrix
# rows: 6
# columns: 2
 4543 -620
 5955 -372
 6460 -124
 6441 124
 5625 370
 4264 620


