# Created by Octave 3.8.2, Sat Jun 20 21:06:54 2020 CEST <damian@fptrucha.inv.usc.es>
# name: hd
# type: matrix
# rows: 6
# columns: 2
 5179 -620
 6833 -372
 6942 -124
 6298 124
 5616 370
 4326 620


