# Created by Octave 3.8.2, Sat Jun 20 07:53:09 2020 CEST <damian@fptrucha.inv.usc.es>
# name: hd
# type: matrix
# rows: 6
# columns: 2
 6161 -620
 7738 -372
 7900 -124
 7527 124
 6414 370
 4633 620


