# Created by Octave 3.8.2, Sat Jun 20 02:24:09 2020 CEST <damian@fptrucha.inv.usc.es>
# name: hd
# type: matrix
# rows: 6
# columns: 2
 5741 -620
 7697 -372
 7504 -124
 7278 124
 6240 370
 4511 620


