# Created by Octave 3.8.2, Mon Jun 22 02:25:08 2020 CEST <damian@fptrucha.inv.usc.es>
# name: hd
# type: matrix
# rows: 6
# columns: 2
 4230 -620
 4782 -372
 4974 -124
 4382 124
 3453 370
 2526 620


