# Created by Octave 3.8.2, Sat Jun 20 03:56:27 2020 CEST <damian@fptrucha.inv.usc.es>
# name: hd
# type: matrix
# rows: 6
# columns: 2
 6066 -620
 7702 -372
 7635 -124
 7234 124
 6272 370
 4488 620


