# Created by Octave 3.8.2, Sun Jun 21 04:55:10 2020 CEST <damian@fptrucha.inv.usc.es>
# name: hd
# type: matrix
# rows: 6
# columns: 2
 5329 -620
 6854 -372
 7004 -124
 6461 124
 5663 370
 4109 620


