# Created by Octave 3.8.2, Sat Jun 20 18:24:12 2020 CEST <damian@fptrucha.inv.usc.es>
# name: hd
# type: matrix
# rows: 6
# columns: 2
 3455 -620
 4532 -372
 4530 -124
 4324 124
 3667 370
 2761 620


