# Created by Octave 3.8.2, Sat Jun 20 04:17:12 2020 CEST <damian@fptrucha.inv.usc.es>
# name: hd
# type: matrix
# rows: 6
# columns: 2
 6045 -620
 7650 -372
 7652 -124
 7216 124
 6216 370
 4549 620


