# Created by Octave 3.8.2, Sun Jun 21 05:00:29 2020 CEST <damian@fptrucha.inv.usc.es>
# name: hd
# type: matrix
# rows: 6
# columns: 2
 3507 -620
 4529 -372
 4414 -124
 4124 124
 3701 370
 2759 620


