# Created by Octave 3.8.2, Sun Jun 21 04:47:16 2020 CEST <damian@fptrucha.inv.usc.es>
# name: hd
# type: matrix
# rows: 6
# columns: 2
 5131 -620
 6595 -372
 6895 -124
 6458 124
 5814 370
 4179 620


