# Created by Octave 3.8.2, Mon Jun 22 00:37:12 2020 CEST <damian@fptrucha.inv.usc.es>
# name: hd
# type: matrix
# rows: 6
# columns: 2
 5384 -620
 6854 -372
 7039 -124
 6506 124
 5437 370
 4261 620


