# Created by Octave 3.8.2, Mon Jun 22 02:13:47 2020 CEST <damian@fptrucha.inv.usc.es>
# name: hd
# type: matrix
# rows: 6
# columns: 2
 5127 -620
 6563 -372
 6941 -124
 6575 124
 5672 370
 4375 620


