# Created by Octave 3.8.2, Sun Jun 21 04:01:13 2020 CEST <damian@fptrucha.inv.usc.es>
# name: hd
# type: matrix
# rows: 6
# columns: 2
 3423 -620
 4461 -372
 4501 -124
 4179 124
 3652 370
 2798 620


