# Created by Octave 3.8.2, Sun Jun 21 00:52:53 2020 CEST <damian@fptrucha.inv.usc.es>
# name: hd
# type: matrix
# rows: 6
# columns: 2
 5126 -620
 6633 -372
 6658 -124
 6275 124
 5361 370
 4150 620


