# Created by Octave 3.8.2, Mon Jun 22 09:15:01 2020 CEST <damian@fptrucha.inv.usc.es>
# name: hd
# type: matrix
# rows: 6
# columns: 2
 4634 -620
 6152 -372
 6741 -124
 6552 124
 5777 370
 4394 620


