# Created by Octave 3.8.2, Mon Jun 22 20:21:13 2020 CEST <damian@fptrucha.inv.usc.es>
# name: hd
# type: matrix
# rows: 6
# columns: 2
 5285 -620
 6975 -372
 7298 -124
 7018 124
 6384 370
 4672 620


