# Created by Octave 3.8.2, Mon Jun 22 12:04:38 2020 CEST <damian@fptrucha.inv.usc.es>
# name: hd
# type: matrix
# rows: 6
# columns: 2
 4882 -620
 6351 -372
 7024 -124
 6685 124
 5934 370
 4582 620


