# Created by Octave 3.8.2, Sat Jun 20 23:56:30 2020 CEST <damian@fptrucha.inv.usc.es>
# name: hd
# type: matrix
# rows: 6
# columns: 2
 5157 -620
 6942 -372
 6885 -124
 6290 124
 5668 370
 4219 620


