# Created by Octave 3.8.2, Sun Jun 21 01:54:45 2020 CEST <damian@fptrucha.inv.usc.es>
# name: hd
# type: matrix
# rows: 6
# columns: 2
 4944 -620
 6805 -372
 6628 -124
 6215 124
 5595 370
 4161 620


