# Created by Octave 3.8.2, Sat Jun 20 21:23:36 2020 CEST <damian@fptrucha.inv.usc.es>
# name: hd
# type: matrix
# rows: 6
# columns: 2
 5037 -620
 6840 -372
 6851 -124
 6369 124
 5696 370
 4240 620


