# Created by Octave 3.8.2, Mon Jun 22 11:32:03 2020 CEST <damian@fptrucha.inv.usc.es>
# name: hd
# type: matrix
# rows: 6
# columns: 2
 4791 -620
 6347 -372
 6808 -124
 6922 124
 5981 370
 4548 620


