# Created by Octave 3.8.2, Mon Jun 22 08:15:19 2020 CEST <damian@fptrucha.inv.usc.es>
# name: hd
# type: matrix
# rows: 6
# columns: 2
 4612 -620
 6272 -372
 6819 -124
 6545 124
 5828 370
 4509 620


