# Created by Octave 3.8.2, Mon Jun 22 14:37:28 2020 CEST <damian@fptrucha.inv.usc.es>
# name: hd
# type: matrix
# rows: 6
# columns: 2
 4922 -620
 6425 -372
 6920 -124
 6841 124
 5988 370
 4614 620


