# Created by Octave 3.8.2, Mon Jun 22 02:09:45 2020 CEST <damian@fptrucha.inv.usc.es>
# name: hd
# type: matrix
# rows: 6
# columns: 2
 5047 -620
 6562 -372
 6836 -124
 6538 124
 5964 370
 4375 620


