# Created by Octave 3.8.2, Sat Jun 20 16:39:14 2020 CEST <damian@fptrucha.inv.usc.es>
# name: hd
# type: matrix
# rows: 6
# columns: 2
 5345 -620
 7083 -372
 6968 -124
 6503 124
 5835 370
 4404 620


