# Created by Octave 3.8.2, Mon Jun 22 00:44:04 2020 CEST <damian@fptrucha.inv.usc.es>
# name: hd
# type: matrix
# rows: 6
# columns: 2
 5181 -620
 6807 -372
 6750 -124
 6367 124
 5532 370
 4154 620


