# Created by Octave 3.8.2, Mon Jun 22 02:27:54 2020 CEST <damian@fptrucha.inv.usc.es>
# name: hd
# type: matrix
# rows: 6
# columns: 2
 27 -620
 67 -372
 100 -124
 40 124
 7 370
 9 620


