# Created by Octave 3.8.2, Mon Jun 22 08:47:32 2020 CEST <damian@fptrucha.inv.usc.es>
# name: hd
# type: matrix
# rows: 6
# columns: 2
 4715 -620
 6170 -372
 6804 -124
 6647 124
 5838 370
 4532 620


