# Created by Octave 3.8.2, Mon Jun 22 02:56:38 2020 CEST <damian@fptrucha.inv.usc.es>
# name: hd
# type: matrix
# rows: 6
# columns: 2
 4585 -620
 5953 -372
 6445 -124
 6486 124
 5652 370
 4250 620


