# Created by Octave 3.8.2, Mon Jun 22 23:13:53 2020 CEST <damian@fptrucha.inv.usc.es>
# name: hd
# type: matrix
# rows: 6
# columns: 2
 5498 -620
 7047 -372
 7503 -124
 7262 124
 6359 370
 4808 620


