# Created by Octave 3.8.2, Mon Jun 22 10:05:55 2020 CEST <damian@fptrucha.inv.usc.es>
# name: hd
# type: matrix
# rows: 6
# columns: 2
 4723 -620
 6428 -372
 6794 -124
 6822 124
 5966 370
 4609 620


