# Created by Octave 3.8.2, Sat Jun 20 20:07:21 2020 CEST <damian@fptrucha.inv.usc.es>
# name: hd
# type: matrix
# rows: 6
# columns: 2
 5151 -620
 6875 -372
 6819 -124
 6495 124
 5623 370
 4207 620


