# Created by Octave 3.8.2, Mon Jun 22 14:03:32 2020 CEST <damian@fptrucha.inv.usc.es>
# name: hd
# type: matrix
# rows: 6
# columns: 2
 4976 -620
 6606 -372
 7114 -124
 6989 124
 6101 370
 4689 620


