# Created by Octave 3.8.2, Mon Jun 22 08:07:33 2020 CEST <damian@fptrucha.inv.usc.es>
# name: hd
# type: matrix
# rows: 6
# columns: 2
 4568 -620
 6107 -372
 6899 -124
 6605 124
 5789 370
 4390 620


