# Created by Octave 3.8.2, Mon Jun 22 11:36:52 2020 CEST <damian@fptrucha.inv.usc.es>
# name: hd
# type: matrix
# rows: 6
# columns: 2
 4859 -620
 6390 -372
 6976 -124
 6622 124
 6134 370
 4540 620


