# Created by Octave 3.8.2, Mon Jun 22 02:54:42 2020 CEST <damian@fptrucha.inv.usc.es>
# name: hd
# type: matrix
# rows: 6
# columns: 2
 4582 -620
 6137 -372
 6429 -124
 6411 124
 5623 370
 4274 620


