# Created by Octave 3.8.2, Mon Jun 22 02:45:08 2020 CEST <damian@fptrucha.inv.usc.es>
# name: hd
# type: matrix
# rows: 6
# columns: 2
 4504 -620
 5976 -372
 6577 -124
 6505 124
 5652 370
 4223 620


