# Created by Octave 3.8.2, Sat Jun 20 21:27:04 2020 CEST <damian@fptrucha.inv.usc.es>
# name: hd
# type: matrix
# rows: 6
# columns: 2
 3321 -620
 4513 -372
 4492 -124
 4194 124
 3664 370
 2763 620


