# Created by Octave 3.8.2, Sun Jun 21 03:08:33 2020 CEST <damian@fptrucha.inv.usc.es>
# name: hd
# type: matrix
# rows: 6
# columns: 2
 5156 -620
 6803 -372
 6740 -124
 6418 124
 5397 370
 4171 620


