# Created by Octave 3.8.2, Sat Jun 20 16:12:01 2020 CEST <damian@fptrucha.inv.usc.es>
# name: hd
# type: matrix
# rows: 6
# columns: 2
 5240 -620
 7055 -372
 6886 -124
 6648 124
 5863 370
 4414 620


