# Created by Octave 3.8.2, Sun Jun 21 02:23:55 2020 CEST <damian@fptrucha.inv.usc.es>
# name: hd
# type: matrix
# rows: 6
# columns: 2
 5161 -620
 6961 -372
 6845 -124
 6517 124
 5778 370
 4260 620


