# Created by Octave 3.8.2, Sun Jun 21 04:30:50 2020 CEST <damian@fptrucha.inv.usc.es>
# name: hd
# type: matrix
# rows: 6
# columns: 2
 5258 -620
 6875 -372
 6826 -124
 6439 124
 5670 370
 4240 620


