# Created by Octave 3.8.2, Sun Jun 21 03:43:57 2020 CEST <damian@fptrucha.inv.usc.es>
# name: hd
# type: matrix
# rows: 6
# columns: 2
 5301 -620
 6865 -372
 6648 -124
 6477 124
 5621 370
 4193 620


