# Created by Octave 3.8.2, Mon Jun 22 22:34:20 2020 CEST <damian@fptrucha.inv.usc.es>
# name: hd
# type: matrix
# rows: 6
# columns: 2
 5524 -620
 6967 -372
 7541 -124
 7095 124
 6280 370
 4749 620


