# Created by Octave 3.8.2, Mon Jun 22 03:40:41 2020 CEST <damian@fptrucha.inv.usc.es>
# name: hd
# type: matrix
# rows: 6
# columns: 2
 4649 -620
 6161 -372
 6500 -124
 6349 124
 5582 370
 4161 620


