# Created by Octave 3.8.2, Tue Jun 23 00:37:44 2020 CEST <damian@fptrucha.inv.usc.es>
# name: hd
# type: matrix
# rows: 6
# columns: 2
 5708 -620
 7102 -372
 7261 -124
 7090 124
 6333 370
 4736 620


