# Created by Octave 3.8.2, Mon Jun 22 03:53:46 2020 CEST <damian@fptrucha.inv.usc.es>
# name: hd
# type: matrix
# rows: 6
# columns: 2
 4679 -620
 6080 -372
 6628 -124
 6228 124
 5432 370
 4220 620


