# Created by Octave 3.8.2, Sun Jun 21 05:30:29 2020 CEST <damian@fptrucha.inv.usc.es>
# name: hd
# type: matrix
# rows: 6
# columns: 2
 5067 -620
 6878 -372
 6757 -124
 6298 124
 5627 370
 4197 620


