# Created by Octave 3.8.2, Sun Jun 21 07:42:11 2020 CEST <damian@fptrucha.inv.usc.es>
# name: hd
# type: matrix
# rows: 6
# columns: 2
 5350 -620
 7023 -372
 7139 -124
 6731 124
 5770 370
 4330 620


