# Created by Octave 3.8.2, Mon Jun 22 01:42:26 2020 CEST <damian@fptrucha.inv.usc.es>
# name: hd
# type: matrix
# rows: 6
# columns: 2
 5511 -620
 7115 -372
 7178 -124
 6668 124
 5783 370
 4374 620


