# Created by Octave 3.8.2, Mon Jun 22 15:00:46 2020 CEST <damian@fptrucha.inv.usc.es>
# name: hd
# type: matrix
# rows: 6
# columns: 2
 5149 -620
 6658 -372
 7358 -124
 7080 124
 6147 370
 4754 620


