# Created by Octave 3.8.2, Mon Jun 22 05:01:01 2020 CEST <damian@fptrucha.inv.usc.es>
# name: hd
# type: matrix
# rows: 6
# columns: 2
 4709 -620
 5897 -372
 6280 -124
 6077 124
 5308 370
 4010 620


