# Created by Octave 3.8.2, Sat Jun 20 14:08:07 2020 CEST <damian@fptrucha.inv.usc.es>
# name: hd
# type: matrix
# rows: 6
# columns: 2
 5355 -620
 7474 -372
 7169 -124
 7050 124
 6030 370
 4531 620


