# Created by Octave 3.8.2, Mon Jun 22 09:47:32 2020 CEST <damian@fptrucha.inv.usc.es>
# name: hd
# type: matrix
# rows: 6
# columns: 2
 4780 -620
 6356 -372
 6845 -124
 6742 124
 5933 370
 4398 620


