# Created by Octave 3.8.2, Mon Jun 22 04:05:13 2020 CEST <damian@fptrucha.inv.usc.es>
# name: hd
# type: matrix
# rows: 6
# columns: 2
 4655 -620
 5956 -372
 6478 -124
 6375 124
 5435 370
 4162 620


