# Created by Octave 3.8.2, Sat Jun 20 06:43:31 2020 CEST <damian@fptrucha.inv.usc.es>
# name: hd
# type: matrix
# rows: 6
# columns: 2
 6094 -620
 7783 -372
 7641 -124
 7462 124
 6443 370
 4660 620


