# Created by Octave 3.8.2, Sat Jun 20 13:52:05 2020 CEST <damian@fptrucha.inv.usc.es>
# name: hd
# type: matrix
# rows: 6
# columns: 2
 5540 -620
 7336 -372
 7336 -124
 7141 124
 6012 370
 4663 620


