# Created by Octave 3.8.2, Mon Jun 22 15:47:31 2020 CEST <damian@fptrucha.inv.usc.es>
# name: hd
# type: matrix
# rows: 6
# columns: 2
 5136 -620
 6871 -372
 7239 -124
 7153 124
 6211 370
 4787 620


