# Created by Octave 3.8.2, Mon Jun 22 15:01:53 2020 CEST <damian@fptrucha.inv.usc.es>
# name: hd
# type: matrix
# rows: 6
# columns: 2
 4962 -620
 6615 -372
 7227 -124
 6966 124
 6090 370
 4760 620


