# Created by Octave 3.8.2, Sat Jun 20 16:58:23 2020 CEST <damian@fptrucha.inv.usc.es>
# name: hd
# type: matrix
# rows: 6
# columns: 2
 5489 -620
 7024 -372
 7017 -124
 6700 124
 5821 370
 4327 620


