# Created by Octave 3.8.2, Mon Jun 22 23:50:19 2020 CEST <damian@fptrucha.inv.usc.es>
# name: hd
# type: matrix
# rows: 6
# columns: 2
 5637 -620
 7164 -372
 7462 -124
 7199 124
 6318 370
 4718 620


