# Created by Octave 3.8.2, Sat Jun 20 22:56:27 2020 CEST <damian@fptrucha.inv.usc.es>
# name: hd
# type: matrix
# rows: 6
# columns: 2
 5001 -620
 6814 -372
 6839 -124
 6421 124
 5564 370
 4141 620


