# Created by Octave 3.8.2, Sun Jun 21 03:46:11 2020 CEST <damian@fptrucha.inv.usc.es>
# name: hd
# type: matrix
# rows: 6
# columns: 2
 5272 -620
 7006 -372
 6802 -124
 6313 124
 5571 370
 4243 620


