# Created by Octave 3.8.2, Mon Jun 22 19:16:37 2020 CEST <damian@fptrucha.inv.usc.es>
# name: hd
# type: matrix
# rows: 6
# columns: 2
 3603 -620
 4656 -372
 4830 -124
 4699 124
 4027 370
 3023 620


