# Created by Octave 3.8.2, Sun Jun 21 02:34:37 2020 CEST <damian@fptrucha.inv.usc.es>
# name: hd
# type: matrix
# rows: 6
# columns: 2
 5265 -620
 6810 -372
 6846 -124
 6377 124
 5584 370
 4216 620


