# Created by Octave 3.8.2, Tue Jun 23 00:26:16 2020 CEST <damian@fptrucha.inv.usc.es>
# name: hd
# type: matrix
# rows: 6
# columns: 2
 5558 -620
 7149 -372
 7479 -124
 7139 124
 6346 370
 4755 620


