# Created by Octave 3.8.2, Mon Jun 22 00:25:00 2020 CEST <damian@fptrucha.inv.usc.es>
# name: hd
# type: matrix
# rows: 6
# columns: 2
 5383 -620
 7014 -372
 7294 -124
 6669 124
 5607 370
 4436 620


