# Created by Octave 3.8.2, Mon Jun 22 13:55:21 2020 CEST <damian@fptrucha.inv.usc.es>
# name: hd
# type: matrix
# rows: 6
# columns: 2
 4836 -620
 6411 -372
 7132 -124
 6860 124
 5982 370
 4632 620


