# Created by Octave 3.8.2, Mon Jun 22 05:52:27 2020 CEST <damian@fptrucha.inv.usc.es>
# name: hd
# type: matrix
# rows: 6
# columns: 2
 4563 -620
 6164 -372
 6685 -124
 6454 124
 5778 370
 4423 620


