# Created by Octave 3.8.2, Sat Jun 20 05:34:07 2020 CEST <damian@fptrucha.inv.usc.es>
# name: hd
# type: matrix
# rows: 6
# columns: 2
 5863 -620
 7740 -372
 7681 -124
 7261 124
 6198 370
 4635 620


