# Created by Octave 3.8.2, Sat Jun 20 13:43:52 2020 CEST <damian@fptrucha.inv.usc.es>
# name: hd
# type: matrix
# rows: 6
# columns: 2
 5720 -620
 7286 -372
 7413 -124
 7016 124
 6127 370
 4482 620


