# Created by Octave 3.8.2, Mon Jun 22 11:13:29 2020 CEST <damian@fptrucha.inv.usc.es>
# name: hd
# type: matrix
# rows: 6
# columns: 2
 4792 -620
 6469 -372
 6932 -124
 6848 124
 6015 370
 4706 620


