# Created by Octave 3.8.2, Mon Jun 22 23:30:23 2020 CEST <damian@fptrucha.inv.usc.es>
# name: hd
# type: matrix
# rows: 6
# columns: 2
 5467 -620
 7154 -372
 7556 -124
 7026 124
 6236 370
 4901 620


