# Created by Octave 3.8.2, Sun Jun 21 02:53:50 2020 CEST <damian@fptrucha.inv.usc.es>
# name: hd
# type: matrix
# rows: 6
# columns: 2
 5100 -620
 6780 -372
 6694 -124
 6314 124
 5382 370
 4061 620


