# Created by Octave 3.8.2, Mon Jun 22 03:16:58 2020 CEST <damian@fptrucha.inv.usc.es>
# name: hd
# type: matrix
# rows: 6
# columns: 2
 4615 -620
 5991 -372
 6425 -124
 6436 124
 5626 370
 4326 620


