# Created by Octave 3.8.2, Sat Jun 20 23:43:07 2020 CEST <damian@fptrucha.inv.usc.es>
# name: hd
# type: matrix
# rows: 6
# columns: 2
 5073 -620
 6750 -372
 6676 -124
 6387 124
 5433 370
 4271 620


