# Created by Octave 3.8.2, Sat Jun 20 02:04:22 2020 CEST <damian@fptrucha.inv.usc.es>
# name: hd
# type: matrix
# rows: 6
# columns: 2
 5900 -620
 7535 -372
 7418 -124
 6912 124
 6118 370
 4293 620


