# Created by Octave 3.8.2, Sat Jun 20 04:58:52 2020 CEST <damian@fptrucha.inv.usc.es>
# name: hd
# type: matrix
# rows: 6
# columns: 2
 5793 -620
 7607 -372
 7706 -124
 7269 124
 6286 370
 4638 620


