# Created by Octave 3.8.2, Sat Jun 20 13:38:54 2020 CEST <damian@fptrucha.inv.usc.es>
# name: hd
# type: matrix
# rows: 6
# columns: 2
 5535 -620
 7394 -372
 7367 -124
 6855 124
 6164 370
 4650 620


