# Created by Octave 3.8.2, Sat Jun 20 02:21:55 2020 CEST <damian@fptrucha.inv.usc.es>
# name: hd
# type: matrix
# rows: 6
# columns: 2
 5826 -620
 7579 -372
 7264 -124
 7156 124
 6116 370
 4330 620


