# Created by Octave 3.8.2, Mon Jun 22 09:28:10 2020 CEST <damian@fptrucha.inv.usc.es>
# name: hd
# type: matrix
# rows: 6
# columns: 2
 4648 -620
 6159 -372
 6892 -124
 6607 124
 5814 370
 4378 620


