# Created by Octave 3.8.2, Sat Jun 20 18:49:47 2020 CEST <damian@fptrucha.inv.usc.es>
# name: hd
# type: matrix
# rows: 6
# columns: 2
 5269 -620
 6939 -372
 7067 -124
 6602 124
 5671 370
 4235 620


