# Created by Octave 3.8.2, Mon Jun 22 10:40:02 2020 CEST <damian@fptrucha.inv.usc.es>
# name: hd
# type: matrix
# rows: 6
# columns: 2
 4855 -620
 6264 -372
 6751 -124
 6745 124
 5872 370
 4549 620


