# Created by Octave 3.8.2, Mon Jun 22 22:51:49 2020 CEST <damian@fptrucha.inv.usc.es>
# name: hd
# type: matrix
# rows: 6
# columns: 2
 5509 -620
 7014 -372
 7400 -124
 7156 124
 6252 370
 4821 620


