# Created by Octave 3.8.2, Mon Jun 22 03:14:30 2020 CEST <damian@fptrucha.inv.usc.es>
# name: hd
# type: matrix
# rows: 6
# columns: 2
 4619 -620
 6099 -372
 6561 -124
 6491 124
 5669 370
 4440 620


