# Created by Octave 3.8.2, Tue Jun 23 00:30:35 2020 CEST <damian@fptrucha.inv.usc.es>
# name: hd
# type: matrix
# rows: 6
# columns: 2
 5556 -620
 7114 -372
 7413 -124
 7070 124
 6278 370
 4652 620


