# Created by Octave 3.8.2, Sat Jun 20 16:18:35 2020 CEST <damian@fptrucha.inv.usc.es>
# name: hd
# type: matrix
# rows: 6
# columns: 2
 5393 -620
 7205 -372
 7039 -124
 6720 124
 5962 370
 4335 620


