# Created by Octave 3.8.2, Sat Jun 20 23:11:45 2020 CEST <damian@fptrucha.inv.usc.es>
# name: hd
# type: matrix
# rows: 6
# columns: 2
 5109 -620
 6871 -372
 6924 -124
 6563 124
 5676 370
 4174 620


