# Created by Octave 3.8.2, Mon Jun 22 07:31:26 2020 CEST <damian@fptrucha.inv.usc.es>
# name: hd
# type: matrix
# rows: 6
# columns: 2
 4689 -620
 6129 -372
 6577 -124
 6512 124
 5694 370
 4407 620


