# Created by Octave 3.8.2, Mon Jun 22 14:13:12 2020 CEST <damian@fptrucha.inv.usc.es>
# name: hd
# type: matrix
# rows: 6
# columns: 2
 4871 -620
 6502 -372
 6929 -124
 6997 124
 5984 370
 4645 620


