# Created by Octave 3.8.2, Sat Jun 20 19:12:41 2020 CEST <damian@fptrucha.inv.usc.es>
# name: hd
# type: matrix
# rows: 6
# columns: 2
 5297 -620
 7048 -372
 6849 -124
 6645 124
 5619 370
 4249 620


