# Created by Octave 3.8.2, Sat Jun 20 03:16:45 2020 CEST <damian@fptrucha.inv.usc.es>
# name: hd
# type: matrix
# rows: 6
# columns: 2
 5919 -620
 7627 -372
 7494 -124
 7366 124
 6133 370
 4523 620


