# Created by Octave 3.8.2, Sun Jun 21 07:48:08 2020 CEST <damian@fptrucha.inv.usc.es>
# name: hd
# type: matrix
# rows: 6
# columns: 2
 5402 -620
 7026 -372
 6890 -124
 6612 124
 5569 370
 4105 620


