# Created by Octave 3.8.2, Sun Jun 21 03:03:10 2020 CEST <damian@fptrucha.inv.usc.es>
# name: hd
# type: matrix
# rows: 6
# columns: 2
 3365 -620
 4563 -372
 4365 -124
 4050 124
 3732 370
 2606 620


