# Created by Octave 3.8.2, Sat Jun 20 11:07:00 2020 CEST <damian@fptrucha.inv.usc.es>
# name: hd
# type: matrix
# rows: 6
# columns: 2
 5707 -620
 7593 -372
 7719 -124
 7241 124
 6511 370
 4707 620


