# Created by Octave 3.8.2, Sat Jun 20 17:21:34 2020 CEST <damian@fptrucha.inv.usc.es>
# name: hd
# type: matrix
# rows: 6
# columns: 2
 5226 -620
 7108 -372
 7025 -124
 6578 124
 5703 370
 4373 620


