# Created by Octave 3.8.2, Sat Jun 20 13:37:32 2020 CEST <damian@fptrucha.inv.usc.es>
# name: hd
# type: matrix
# rows: 6
# columns: 2
 5648 -620
 7270 -372
 7405 -124
 7013 124
 6006 370
 4831 620


