# Created by Octave 3.8.2, Mon Jun 22 12:32:19 2020 CEST <damian@fptrucha.inv.usc.es>
# name: hd
# type: matrix
# rows: 6
# columns: 2
 4946 -620
 6475 -372
 6990 -124
 6738 124
 6017 370
 4532 620


