# Created by Octave 3.8.2, Sun Jun 21 07:59:25 2020 CEST <damian@fptrucha.inv.usc.es>
# name: hd
# type: matrix
# rows: 6
# columns: 2
 5242 -620
 6947 -372
 6907 -124
 6405 124
 5644 370
 4166 620


