# Created by Octave 3.8.2, Sat Jun 20 17:52:24 2020 CEST <damian@fptrucha.inv.usc.es>
# name: hd
# type: matrix
# rows: 6
# columns: 2
 5302 -620
 6877 -372
 6817 -124
 6495 124
 5734 370
 4265 620


