# Created by Octave 3.8.2, Sun Jun 21 00:40:19 2020 CEST <damian@fptrucha.inv.usc.es>
# name: hd
# type: matrix
# rows: 6
# columns: 2
 5050 -620
 6794 -372
 6872 -124
 6347 124
 5474 370
 4068 620


