# Created by Octave 3.8.2, Mon Jun 22 08:33:30 2020 CEST <damian@fptrucha.inv.usc.es>
# name: hd
# type: matrix
# rows: 6
# columns: 2
 4735 -620
 6300 -372
 6737 -124
 6637 124
 5887 370
 4462 620


