# Created by Octave 3.8.2, Sat Jun 20 03:39:46 2020 CEST <damian@fptrucha.inv.usc.es>
# name: hd
# type: matrix
# rows: 6
# columns: 2
 5704 -620
 7705 -372
 7238 -124
 7010 124
 5981 370
 4450 620


