# Created by Octave 3.8.2, Sat Jun 20 20:55:53 2020 CEST <damian@fptrucha.inv.usc.es>
# name: hd
# type: matrix
# rows: 6
# columns: 2
 5109 -620
 6901 -372
 6866 -124
 6568 124
 5589 370
 4241 620


