# Created by Octave 3.8.2, Sun Jun 21 05:01:35 2020 CEST <damian@fptrucha.inv.usc.es>
# name: hd
# type: matrix
# rows: 6
# columns: 2
 5269 -620
 6909 -372
 6868 -124
 6526 124
 5621 370
 4200 620


