# Created by Octave 3.8.2, Mon Jun 22 06:17:51 2020 CEST <damian@fptrucha.inv.usc.es>
# name: hd
# type: matrix
# rows: 6
# columns: 2
 4569 -620
 5881 -372
 6681 -124
 6502 124
 5670 370
 4329 620


