# Created by Octave 3.8.2, Mon Jun 22 21:19:44 2020 CEST <damian@fptrucha.inv.usc.es>
# name: hd
# type: matrix
# rows: 6
# columns: 2
 3615 -620
 4600 -372
 4875 -124
 4860 124
 4072 370
 3178 620


