# Created by Octave 3.8.2, Mon Jun 22 22:00:39 2020 CEST <damian@fptrucha.inv.usc.es>
# name: hd
# type: matrix
# rows: 6
# columns: 2
 5540 -620
 7095 -372
 7376 -124
 7153 124
 6290 370
 4750 620


