# Created by Octave 3.8.2, Sun Jun 21 06:28:21 2020 CEST <damian@fptrucha.inv.usc.es>
# name: hd
# type: matrix
# rows: 6
# columns: 2
 5099 -620
 6903 -372
 6799 -124
 6425 124
 5433 370
 4159 620


