# Created by Octave 3.8.2, Mon Jun 22 21:47:35 2020 CEST <damian@fptrucha.inv.usc.es>
# name: hd
# type: matrix
# rows: 6
# columns: 2
 5434 -620
 7011 -372
 7395 -124
 7215 124
 6376 370
 4765 620


