# Created by Octave 3.8.2, Mon Jun 22 07:37:06 2020 CEST <damian@fptrucha.inv.usc.es>
# name: hd
# type: matrix
# rows: 6
# columns: 2
 4647 -620
 6184 -372
 6647 -124
 6524 124
 5919 370
 4543 620


