# Created by Octave 3.8.2, Mon Jun 22 08:34:33 2020 CEST <damian@fptrucha.inv.usc.es>
# name: hd
# type: matrix
# rows: 6
# columns: 2
 4712 -620
 6160 -372
 6820 -124
 6533 124
 5941 370
 4322 620


