# Created by Octave 3.8.2, Sat Jun 20 22:46:07 2020 CEST <damian@fptrucha.inv.usc.es>
# name: hd
# type: matrix
# rows: 6
# columns: 2
 5243 -620
 6846 -372
 6654 -124
 6275 124
 5596 370
 4190 620


