# Created by Octave 3.8.2, Sat Jun 20 08:03:35 2020 CEST <damian@fptrucha.inv.usc.es>
# name: hd
# type: matrix
# rows: 6
# columns: 2
 6061 -620
 7876 -372
 7868 -124
 7330 124
 6347 370
 4644 620


