# Created by Octave 3.8.2, Sun Jun 21 01:16:26 2020 CEST <damian@fptrucha.inv.usc.es>
# name: hd
# type: matrix
# rows: 6
# columns: 2
 5258 -620
 6827 -372
 6679 -124
 6317 124
 5620 370
 4133 620


