# Created by Octave 3.8.2, Mon Jun 22 01:50:27 2020 CEST <damian@fptrucha.inv.usc.es>
# name: hd
# type: matrix
# rows: 6
# columns: 2
 3572 -620
 4682 -372
 4744 -124
 4527 124
 3911 370
 2850 620


