# Created by Octave 3.8.2, Sat Jun 20 21:01:01 2020 CEST <damian@fptrucha.inv.usc.es>
# name: hd
# type: matrix
# rows: 6
# columns: 2
 5076 -620
 6884 -372
 6660 -124
 6397 124
 5475 370
 4321 620


