# Created by Octave 3.8.2, Mon Jun 22 06:43:04 2020 CEST <damian@fptrucha.inv.usc.es>
# name: hd
# type: matrix
# rows: 6
# columns: 2
 4538 -620
 6014 -372
 6547 -124
 6485 124
 5624 370
 4247 620


