# Created by Octave 3.8.2, Mon Jun 22 00:51:10 2020 CEST <damian@fptrucha.inv.usc.es>
# name: hd
# type: matrix
# rows: 6
# columns: 2
 5230 -620
 6930 -372
 6972 -124
 6416 124
 5587 370
 4235 620


