# Created by Octave 3.8.2, Mon Jun 22 19:17:45 2020 CEST <damian@fptrucha.inv.usc.es>
# name: hd
# type: matrix
# rows: 6
# columns: 2
 5282 -620
 6819 -372
 7285 -124
 6876 124
 6127 370
 4710 620


