# Created by Octave 3.8.2, Mon Jun 22 02:06:10 2020 CEST <damian@fptrucha.inv.usc.es>
# name: hd
# type: matrix
# rows: 6
# columns: 2
 5195 -620
 6568 -372
 6807 -124
 6695 124
 5792 370
 4381 620


