# Created by Octave 3.8.2, Sat Jun 20 12:56:27 2020 CEST <damian@fptrucha.inv.usc.es>
# name: hd
# type: matrix
# rows: 6
# columns: 2
 5653 -620
 7491 -372
 7504 -124
 7036 124
 6215 370
 4706 620


