# Created by Octave 3.8.2, Mon Jun 22 11:08:12 2020 CEST <damian@fptrucha.inv.usc.es>
# name: hd
# type: matrix
# rows: 6
# columns: 2
 4842 -620
 6545 -372
 7023 -124
 6786 124
 6076 370
 4530 620


