# Created by Octave 3.8.2, Sun Jun 21 06:06:22 2020 CEST <damian@fptrucha.inv.usc.es>
# name: hd
# type: matrix
# rows: 6
# columns: 2
 5231 -620
 6851 -372
 6758 -124
 6490 124
 5667 370
 4131 620


