# Created by Octave 3.8.2, Sun Jun 21 02:59:14 2020 CEST <damian@fptrucha.inv.usc.es>
# name: hd
# type: matrix
# rows: 6
# columns: 2
 5156 -620
 6740 -372
 6764 -124
 6248 124
 5364 370
 4067 620


