# Created by Octave 3.8.2, Mon Jun 22 03:48:18 2020 CEST <damian@fptrucha.inv.usc.es>
# name: hd
# type: matrix
# rows: 6
# columns: 2
 4844 -620
 6202 -372
 6570 -124
 6538 124
 5605 370
 4320 620


