# Created by Octave 3.8.2, Sun Jun 21 07:49:15 2020 CEST <damian@fptrucha.inv.usc.es>
# name: hd
# type: matrix
# rows: 6
# columns: 2
 5236 -620
 6894 -372
 6773 -124
 6480 124
 5573 370
 4242 620


