# Created by Octave 3.8.2, Sat Jun 20 11:30:44 2020 CEST <damian@fptrucha.inv.usc.es>
# name: hd
# type: matrix
# rows: 6
# columns: 2
 5636 -620
 7665 -372
 7474 -124
 7158 124
 6276 370
 4753 620


