# Created by Octave 3.8.2, Sun Jun 21 06:52:00 2020 CEST <damian@fptrucha.inv.usc.es>
# name: hd
# type: matrix
# rows: 6
# columns: 2
 5246 -620
 6829 -372
 6708 -124
 6318 124
 5387 370
 4121 620


