# Created by Octave 3.8.2, Mon Jun 22 05:06:42 2020 CEST <damian@fptrucha.inv.usc.es>
# name: hd
# type: matrix
# rows: 6
# columns: 2
 4669 -620
 5879 -372
 6495 -124
 6276 124
 5403 370
 4091 620


