# Created by Octave 3.8.2, Sat Jun 20 13:54:50 2020 CEST <damian@fptrucha.inv.usc.es>
# name: hd
# type: matrix
# rows: 6
# columns: 2
 5657 -620
 7386 -372
 7248 -124
 7144 124
 6048 370
 4488 620


