# Created by Octave 3.8.2, Mon Jun 22 20:48:44 2020 CEST <damian@fptrucha.inv.usc.es>
# name: hd
# type: matrix
# rows: 6
# columns: 2
 5241 -620
 6985 -372
 7385 -124
 7099 124
 6246 370
 4642 620


