# Created by Octave 3.8.2, Sat Jun 20 21:12:02 2020 CEST <damian@fptrucha.inv.usc.es>
# name: hd
# type: matrix
# rows: 6
# columns: 2
 5099 -620
 6949 -372
 6823 -124
 6410 124
 5546 370
 4192 620


