# Created by Octave 3.8.2, Mon Jun 22 00:21:00 2020 CEST <damian@fptrucha.inv.usc.es>
# name: hd
# type: matrix
# rows: 6
# columns: 2
 5291 -620
 6751 -372
 6725 -124
 6361 124
 5551 370
 4130 620


