# Created by Octave 3.8.2, Mon Jun 22 01:20:03 2020 CEST <damian@fptrucha.inv.usc.es>
# name: hd
# type: matrix
# rows: 6
# columns: 2
 5112 -620
 6890 -372
 6732 -124
 6320 124
 5591 370
 4185 620


