# Created by Octave 3.8.2, Mon Jun 22 19:03:15 2020 CEST <damian@fptrucha.inv.usc.es>
# name: hd
# type: matrix
# rows: 6
# columns: 2
 5322 -620
 6785 -372
 7444 -124
 7017 124
 6043 370
 4673 620


