# Created by Octave 3.8.2, Sat Jun 20 17:30:46 2020 CEST <damian@fptrucha.inv.usc.es>
# name: hd
# type: matrix
# rows: 6
# columns: 2
 5214 -620
 7258 -372
 6841 -124
 6600 124
 5782 370
 4213 620


