# Created by Octave 3.8.2, Sat Jun 20 20:09:57 2020 CEST <damian@fptrucha.inv.usc.es>
# name: hd
# type: matrix
# rows: 6
# columns: 2
 5215 -620
 6882 -372
 6917 -124
 6521 124
 5691 370
 4189 620


