# Created by Octave 3.8.2, Sat Jun 20 03:00:42 2020 CEST <damian@fptrucha.inv.usc.es>
# name: hd
# type: matrix
# rows: 6
# columns: 2
 5761 -620
 7777 -372
 7504 -124
 7053 124
 6198 370
 4476 620


