# Created by Octave 3.8.2, Sat Jun 20 23:28:19 2020 CEST <damian@fptrucha.inv.usc.es>
# name: hd
# type: matrix
# rows: 6
# columns: 2
 5008 -620
 6875 -372
 6780 -124
 6513 124
 5514 370
 4249 620


