# Created by Octave 3.8.2, Mon Jun 22 03:43:33 2020 CEST <damian@fptrucha.inv.usc.es>
# name: hd
# type: matrix
# rows: 6
# columns: 2
 4642 -620
 5939 -372
 6459 -124
 6426 124
 5620 370
 4329 620


