# Created by Octave 3.8.2, Mon Jun 22 09:18:09 2020 CEST <damian@fptrucha.inv.usc.es>
# name: hd
# type: matrix
# rows: 6
# columns: 2
 4764 -620
 6158 -372
 6785 -124
 6709 124
 5858 370
 4491 620


