# Created by Octave 3.8.2, Sat Jun 20 20:40:40 2020 CEST <damian@fptrucha.inv.usc.es>
# name: hd
# type: matrix
# rows: 6
# columns: 2
 5177 -620
 6876 -372
 6820 -124
 6496 124
 5489 370
 4165 620


