# Created by Octave 3.8.2, Sat Jun 20 23:47:47 2020 CEST <damian@fptrucha.inv.usc.es>
# name: hd
# type: matrix
# rows: 6
# columns: 2
 5235 -620
 6871 -372
 6703 -124
 6459 124
 5642 370
 4305 620


