# Created by Octave 3.8.2, Mon Jun 22 05:30:17 2020 CEST <damian@fptrucha.inv.usc.es>
# name: hd
# type: matrix
# rows: 6
# columns: 2
 3111 -620
 4025 -372
 4276 -124
 4122 124
 3731 370
 2835 620


