# Created by Octave 3.8.2, Sat Jun 20 11:33:33 2020 CEST <damian@fptrucha.inv.usc.es>
# name: hd
# type: matrix
# rows: 6
# columns: 2
 5782 -620
 7607 -372
 7435 -124
 7172 124
 6405 370
 4662 620


