# Created by Octave 3.8.2, Sat Jun 20 19:05:25 2020 CEST <damian@fptrucha.inv.usc.es>
# name: hd
# type: matrix
# rows: 6
# columns: 2
 5250 -620
 6992 -372
 6744 -124
 6609 124
 5670 370
 4385 620


