# Created by Octave 3.8.2, Mon Jun 22 05:41:03 2020 CEST <damian@fptrucha.inv.usc.es>
# name: hd
# type: matrix
# rows: 6
# columns: 2
 4524 -620
 6104 -372
 6436 -124
 6440 124
 5548 370
 4319 620


