# Created by Octave 3.8.2, Sun Jun 21 06:59:18 2020 CEST <damian@fptrucha.inv.usc.es>
# name: hd
# type: matrix
# rows: 6
# columns: 2
 3230 -620
 4469 -372
 4324 -124
 4168 124
 3594 370
 2672 620


