# Created by Octave 3.8.2, Tue Jun 23 00:46:40 2020 CEST <damian@fptrucha.inv.usc.es>
# name: hd
# type: matrix
# rows: 6
# columns: 2
 2745 -620
 3484 -372
 3605 -124
 3364 124
 3081 370
 2293 620


