# Created by Octave 3.8.2, Sun Jun 21 00:38:12 2020 CEST <damian@fptrucha.inv.usc.es>
# name: hd
# type: matrix
# rows: 6
# columns: 2
 5059 -620
 6815 -372
 6693 -124
 6355 124
 5646 370
 4122 620


