# Created by Octave 3.8.2, Mon Jun 22 08:26:38 2020 CEST <damian@fptrucha.inv.usc.es>
# name: hd
# type: matrix
# rows: 6
# columns: 2
 4761 -620
 6245 -372
 6774 -124
 6667 124
 5795 370
 4551 620


