# Created by Octave 3.8.2, Sun Jun 21 02:51:39 2020 CEST <damian@fptrucha.inv.usc.es>
# name: hd
# type: matrix
# rows: 6
# columns: 2
 5115 -620
 6924 -372
 6561 -124
 6407 124
 5536 370
 4126 620


