# Created by Octave 3.8.2, Mon Jun 22 14:16:28 2020 CEST <damian@fptrucha.inv.usc.es>
# name: hd
# type: matrix
# rows: 6
# columns: 2
 4943 -620
 6485 -372
 6909 -124
 6955 124
 6043 370
 4624 620


