# Created by Octave 3.8.2, Mon Jun 22 12:11:31 2020 CEST <damian@fptrucha.inv.usc.es>
# name: hd
# type: matrix
# rows: 6
# columns: 2
 4793 -620
 6353 -372
 6809 -124
 6749 124
 6003 370
 4570 620


