# Created by Octave 3.8.2, Mon Jun 22 04:44:26 2020 CEST <damian@fptrucha.inv.usc.es>
# name: hd
# type: matrix
# rows: 6
# columns: 2
 4506 -620
 5946 -372
 6268 -124
 6133 124
 5255 370
 4024 620


