# Created by Octave 3.8.2, Sat Jun 20 12:19:03 2020 CEST <damian@fptrucha.inv.usc.es>
# name: hd
# type: matrix
# rows: 6
# columns: 2
 5914 -620
 7319 -372
 7472 -124
 7060 124
 6299 370
 4831 620


