# Created by Octave 3.8.2, Mon Jun 22 10:31:59 2020 CEST <damian@fptrucha.inv.usc.es>
# name: hd
# type: matrix
# rows: 6
# columns: 2
 4846 -620
 6410 -372
 6870 -124
 6573 124
 6043 370
 4625 620


