# Created by Octave 3.8.2, Sat Jun 20 16:57:02 2020 CEST <damian@fptrucha.inv.usc.es>
# name: hd
# type: matrix
# rows: 6
# columns: 2
 5291 -620
 7043 -372
 7142 -124
 6551 124
 5710 370
 4305 620


