# Created by Octave 3.8.2, Sat Jun 20 05:28:19 2020 CEST <damian@fptrucha.inv.usc.es>
# name: hd
# type: matrix
# rows: 6
# columns: 2
 5759 -620
 7684 -372
 7665 -124
 7234 124
 6340 370
 4590 620


