# Created by Octave 3.8.2, Sat Jun 20 08:22:12 2020 CEST <damian@fptrucha.inv.usc.es>
# name: hd
# type: matrix
# rows: 6
# columns: 2
 6103 -620
 7816 -372
 7835 -124
 7570 124
 6535 370
 4945 620


