# Created by Octave 3.8.2, Sun Jun 21 03:57:10 2020 CEST <damian@fptrucha.inv.usc.es>
# name: hd
# type: matrix
# rows: 6
# columns: 2
 5151 -620
 6938 -372
 6622 -124
 6399 124
 5585 370
 4099 620


