# Created by Octave 3.8.2, Sat Jun 20 12:33:51 2020 CEST <damian@fptrucha.inv.usc.es>
# name: hd
# type: matrix
# rows: 6
# columns: 2
 5803 -620
 7425 -372
 7563 -124
 7120 124
 6148 370
 4662 620


