# Created by Octave 3.8.2, Mon Jun 22 01:24:06 2020 CEST <damian@fptrucha.inv.usc.es>
# name: hd
# type: matrix
# rows: 6
# columns: 2
 5176 -620
 6707 -372
 6727 -124
 6301 124
 5567 370
 4271 620


