# Created by Octave 3.8.2, Mon Jun 22 03:29:30 2020 CEST <damian@fptrucha.inv.usc.es>
# name: hd
# type: matrix
# rows: 6
# columns: 2
 4583 -620
 5976 -372
 6539 -124
 6413 124
 5530 370
 4404 620


