# Created by Octave 3.8.2, Mon Jun 22 03:47:20 2020 CEST <damian@fptrucha.inv.usc.es>
# name: hd
# type: matrix
# rows: 6
# columns: 2
 4711 -620
 6056 -372
 6441 -124
 6534 124
 5656 370
 4137 620


