# Created by Octave 3.8.2, Mon Jun 22 13:48:56 2020 CEST <damian@fptrucha.inv.usc.es>
# name: hd
# type: matrix
# rows: 6
# columns: 2
 5185 -620
 6413 -372
 7068 -124
 7027 124
 5998 370
 4566 620


