# Created by Octave 3.8.2, Sat Jun 20 20:15:06 2020 CEST <damian@fptrucha.inv.usc.es>
# name: hd
# type: matrix
# rows: 6
# columns: 2
 5223 -620
 6960 -372
 6823 -124
 6584 124
 5833 370
 4246 620


