# Created by Octave 3.8.2, Mon Jun 22 13:30:03 2020 CEST <damian@fptrucha.inv.usc.es>
# name: hd
# type: matrix
# rows: 6
# columns: 2
 5052 -620
 6548 -372
 7049 -124
 6942 124
 6049 370
 4584 620


