# Created by Octave 3.8.2, Mon Jun 22 16:44:03 2020 CEST <damian@fptrucha.inv.usc.es>
# name: hd
# type: matrix
# rows: 6
# columns: 2
 5127 -620
 6800 -372
 7176 -124
 6990 124
 6236 370
 4643 620


