# Created by Octave 3.8.2, Mon Jun 22 16:42:54 2020 CEST <damian@fptrucha.inv.usc.es>
# name: hd
# type: matrix
# rows: 6
# columns: 2
 5170 -620
 6751 -372
 7240 -124
 7000 124
 6148 370
 4668 620


