# Created by Octave 3.8.2, Sun Jun 21 06:31:52 2020 CEST <damian@fptrucha.inv.usc.es>
# name: hd
# type: matrix
# rows: 6
# columns: 2
 5268 -620
 6947 -372
 6930 -124
 6536 124
 5588 370
 4194 620


