# Created by Octave 3.8.2, Sun Jun 21 02:00:06 2020 CEST <damian@fptrucha.inv.usc.es>
# name: hd
# type: matrix
# rows: 6
# columns: 2
 5050 -620
 6720 -372
 6722 -124
 6406 124
 5529 370
 4036 620


