# Created by Octave 3.8.2, Mon Jun 22 20:49:53 2020 CEST <damian@fptrucha.inv.usc.es>
# name: hd
# type: matrix
# rows: 6
# columns: 2
 5371 -620
 6815 -372
 7356 -124
 7011 124
 6282 370
 4803 620


