# Created by Octave 3.8.2, Mon Jun 22 14:53:25 2020 CEST <damian@fptrucha.inv.usc.es>
# name: hd
# type: matrix
# rows: 6
# columns: 2
 5025 -620
 6669 -372
 7056 -124
 7060 124
 6311 370
 4511 620


