# Created by Octave 3.8.2, Mon Jun 22 19:10:07 2020 CEST <damian@fptrucha.inv.usc.es>
# name: hd
# type: matrix
# rows: 6
# columns: 2
 5332 -620
 6891 -372
 7174 -124
 7042 124
 6354 370
 4702 620


