# Created by Octave 3.8.2, Sat Jun 20 08:46:51 2020 CEST <damian@fptrucha.inv.usc.es>
# name: hd
# type: matrix
# rows: 6
# columns: 2
 6096 -620
 7786 -372
 8028 -124
 7600 124
 6531 370
 4963 620


