# Created by Octave 3.8.2, Mon Jun 22 00:57:36 2020 CEST <damian@fptrucha.inv.usc.es>
# name: hd
# type: matrix
# rows: 6
# columns: 2
 5328 -620
 7158 -372
 7234 -124
 6672 124
 5857 370
 4298 620


