# Created by Octave 3.8.2, Sat Jun 20 20:31:35 2020 CEST <damian@fptrucha.inv.usc.es>
# name: hd
# type: matrix
# rows: 6
# columns: 2
 5373 -620
 6887 -372
 7192 -124
 6500 124
 5782 370
 4204 620


