# Created by Octave 3.8.2, Mon Jun 22 02:25:53 2020 CEST <damian@fptrucha.inv.usc.es>
# name: hd
# type: matrix
# rows: 6
# columns: 2
 3205 -620
 3428 -372
 3237 -124
 2159 124
 1433 370
 1015 620


