# Created by Octave 3.8.2, Mon Jun 22 02:53:45 2020 CEST <damian@fptrucha.inv.usc.es>
# name: hd
# type: matrix
# rows: 6
# columns: 2
 4514 -620
 6104 -372
 6439 -124
 6199 124
 5551 370
 4210 620


