# Created by Octave 3.8.2, Sat Jun 20 15:56:34 2020 CEST <damian@fptrucha.inv.usc.es>
# name: hd
# type: matrix
# rows: 6
# columns: 2
 5426 -620
 7330 -372
 7095 -124
 6612 124
 5771 370
 4416 620


