# Created by Octave 3.8.2, Sun Jun 21 06:13:08 2020 CEST <damian@fptrucha.inv.usc.es>
# name: hd
# type: matrix
# rows: 6
# columns: 2
 5277 -620
 6976 -372
 6713 -124
 6525 124
 5478 370
 4199 620


