# Created by Octave 3.8.2, Sun Jun 21 06:30:42 2020 CEST <damian@fptrucha.inv.usc.es>
# name: hd
# type: matrix
# rows: 6
# columns: 2
 5246 -620
 6829 -372
 6747 -124
 6486 124
 5604 370
 4217 620


