# Created by Octave 3.8.2, Mon Jun 22 10:07:01 2020 CEST <damian@fptrucha.inv.usc.es>
# name: hd
# type: matrix
# rows: 6
# columns: 2
 4822 -620
 6435 -372
 6890 -124
 6683 124
 5976 370
 4454 620


