# Created by Octave 3.8.2, Sun Jun 21 02:17:17 2020 CEST <damian@fptrucha.inv.usc.es>
# name: hd
# type: matrix
# rows: 6
# columns: 2
 5069 -620
 6822 -372
 6772 -124
 6511 124
 5525 370
 4140 620


