# Created by Octave 3.8.2, Sat Jun 20 20:59:44 2020 CEST <damian@fptrucha.inv.usc.es>
# name: hd
# type: matrix
# rows: 6
# columns: 2
 5260 -620
 6836 -372
 6848 -124
 6422 124
 5512 370
 4326 620


