# Created by Octave 3.8.2, Sun Jun 21 02:55:58 2020 CEST <damian@fptrucha.inv.usc.es>
# name: hd
# type: matrix
# rows: 6
# columns: 2
 5032 -620
 6753 -372
 6647 -124
 6195 124
 5423 370
 4174 620


