# Created by Octave 3.8.2, Mon Jun 22 21:16:38 2020 CEST <damian@fptrucha.inv.usc.es>
# name: hd
# type: matrix
# rows: 6
# columns: 2
 5315 -620
 6983 -372
 7453 -124
 7079 124
 6393 370
 4682 620


