# Created by Octave 3.8.2, Mon Jun 22 02:42:13 2020 CEST <damian@fptrucha.inv.usc.es>
# name: hd
# type: matrix
# rows: 6
# columns: 2
 3024 -620
 3981 -372
 4346 -124
 4256 124
 3713 370
 2821 620


