# Created by Octave 3.8.2, Mon Jun 22 09:13:59 2020 CEST <damian@fptrucha.inv.usc.es>
# name: hd
# type: matrix
# rows: 6
# columns: 2
 4717 -620
 6166 -372
 6817 -124
 6619 124
 6015 370
 4381 620


