# Created by Octave 3.8.2, Sat Jun 20 12:11:52 2020 CEST <damian@fptrucha.inv.usc.es>
# name: hd
# type: matrix
# rows: 6
# columns: 2
 5737 -620
 7308 -372
 7619 -124
 7189 124
 6122 370
 4831 620


