# Created by Octave 3.8.2, Sat Jun 20 19:19:08 2020 CEST <damian@fptrucha.inv.usc.es>
# name: hd
# type: matrix
# rows: 6
# columns: 2
 5293 -620
 6975 -372
 6910 -124
 6746 124
 5917 370
 4404 620


