# Created by Octave 3.8.2, Mon Jun 22 08:11:12 2020 CEST <damian@fptrucha.inv.usc.es>
# name: hd
# type: matrix
# rows: 6
# columns: 2
 4623 -620
 6190 -372
 6801 -124
 6573 124
 5954 370
 4435 620


