# Created by Octave 3.8.2, Sat Jun 20 07:34:36 2020 CEST <damian@fptrucha.inv.usc.es>
# name: hd
# type: matrix
# rows: 6
# columns: 2
 6119 -620
 7832 -372
 7950 -124
 7329 124
 6339 370
 4767 620


