# Created by Octave 3.8.2, Mon Jun 22 15:55:16 2020 CEST <damian@fptrucha.inv.usc.es>
# name: hd
# type: matrix
# rows: 6
# columns: 2
 5270 -620
 6748 -372
 7327 -124
 7022 124
 6204 370
 4777 620


