# Created by Octave 3.8.2, Mon Jun 22 10:36:55 2020 CEST <damian@fptrucha.inv.usc.es>
# name: hd
# type: matrix
# rows: 6
# columns: 2
 3205 -620
 4354 -372
 4778 -124
 4317 124
 3881 370
 3002 620


