# Created by Octave 3.8.2, Sat Jun 20 16:44:27 2020 CEST <damian@fptrucha.inv.usc.es>
# name: hd
# type: matrix
# rows: 6
# columns: 2
 5223 -620
 7043 -372
 6923 -124
 6634 124
 5598 370
 4186 620


