# Created by Octave 3.8.2, Mon Jun 22 03:44:32 2020 CEST <damian@fptrucha.inv.usc.es>
# name: hd
# type: matrix
# rows: 6
# columns: 2
 4587 -620
 6040 -372
 6408 -124
 6375 124
 5536 370
 4356 620


