# Created by Octave 3.8.2, Sat Jun 20 03:45:17 2020 CEST <damian@fptrucha.inv.usc.es>
# name: hd
# type: matrix
# rows: 6
# columns: 2
 5943 -620
 7804 -372
 7552 -124
 7092 124
 6213 370
 4543 620


