# Created by Octave 3.8.2, Mon Jun 22 15:11:42 2020 CEST <damian@fptrucha.inv.usc.es>
# name: hd
# type: matrix
# rows: 6
# columns: 2
 5201 -620
 6687 -372
 7238 -124
 7009 124
 6192 370
 4657 620


