# Created by Octave 3.8.2, Mon Jun 22 11:02:51 2020 CEST <damian@fptrucha.inv.usc.es>
# name: hd
# type: matrix
# rows: 6
# columns: 2
 4717 -620
 6510 -372
 7194 -124
 6824 124
 6070 370
 4719 620


