# Created by Octave 3.8.2, Mon Jun 22 13:41:51 2020 CEST <damian@fptrucha.inv.usc.es>
# name: hd
# type: matrix
# rows: 6
# columns: 2
 4958 -620
 6500 -372
 7011 -124
 6877 124
 6026 370
 4744 620


