# Created by Octave 3.8.2, Sat Jun 20 17:20:15 2020 CEST <damian@fptrucha.inv.usc.es>
# name: hd
# type: matrix
# rows: 6
# columns: 2
 5259 -620
 7196 -372
 6881 -124
 6579 124
 5777 370
 4325 620


