# Created by Octave 3.8.2, Mon Jun 22 21:01:13 2020 CEST <damian@fptrucha.inv.usc.es>
# name: hd
# type: matrix
# rows: 6
# columns: 2
 5286 -620
 6889 -372
 7363 -124
 7181 124
 6243 370
 4749 620


