# Created by Octave 3.8.2, Sat Jun 20 21:45:00 2020 CEST <damian@fptrucha.inv.usc.es>
# name: hd
# type: matrix
# rows: 6
# columns: 2
 5104 -620
 6790 -372
 6667 -124
 6422 124
 5605 370
 4237 620


