# Created by Octave 3.8.2, Sun Jun 21 06:21:51 2020 CEST <damian@fptrucha.inv.usc.es>
# name: hd
# type: matrix
# rows: 6
# columns: 2
 5258 -620
 6715 -372
 6629 -124
 6236 124
 5459 370
 4037 620


