# Created by Octave 3.8.2, Sat Jun 20 16:25:15 2020 CEST <damian@fptrucha.inv.usc.es>
# name: hd
# type: matrix
# rows: 6
# columns: 2
 5208 -620
 7039 -372
 7242 -124
 6635 124
 5845 370
 4484 620


