# Created by Octave 3.8.2, Sat Jun 20 12:32:29 2020 CEST <damian@fptrucha.inv.usc.es>
# name: hd
# type: matrix
# rows: 6
# columns: 2
 5679 -620
 7394 -372
 7500 -124
 6979 124
 6099 370
 4811 620


