# Created by Octave 3.8.2, Mon Jun 22 11:49:25 2020 CEST <damian@fptrucha.inv.usc.es>
# name: hd
# type: matrix
# rows: 6
# columns: 2
 4831 -620
 6377 -372
 6856 -124
 6739 124
 6169 370
 4579 620


