# Created by Octave 3.8.2, Sun Jun 21 00:48:35 2020 CEST <damian@fptrucha.inv.usc.es>
# name: hd
# type: matrix
# rows: 6
# columns: 2
 3412 -620
 4368 -372
 4565 -124
 4150 124
 3789 370
 2673 620


