# Created by Octave 3.8.2, Sat Jun 20 21:39:54 2020 CEST <damian@fptrucha.inv.usc.es>
# name: hd
# type: matrix
# rows: 6
# columns: 2
 5049 -620
 6810 -372
 6813 -124
 6470 124
 5731 370
 4157 620


