# Created by Octave 3.8.2, Sun Jun 21 02:01:11 2020 CEST <damian@fptrucha.inv.usc.es>
# name: hd
# type: matrix
# rows: 6
# columns: 2
 5315 -620
 6789 -372
 6838 -124
 6445 124
 5578 370
 4140 620


