# Created by Octave 3.8.2, Sat Jun 20 11:42:57 2020 CEST <damian@fptrucha.inv.usc.es>
# name: hd
# type: matrix
# rows: 6
# columns: 2
 5656 -620
 7511 -372
 7568 -124
 7176 124
 6320 370
 4645 620


