# Created by Octave 3.8.2, Mon Jun 22 03:03:01 2020 CEST <damian@fptrucha.inv.usc.es>
# name: hd
# type: matrix
# rows: 6
# columns: 2
 4699 -620
 6120 -372
 6476 -124
 6405 124
 5562 370
 4222 620


