# Created by Octave 3.8.2, Sun Jun 21 05:46:39 2020 CEST <damian@fptrucha.inv.usc.es>
# name: hd
# type: matrix
# rows: 6
# columns: 2
 5201 -620
 6849 -372
 6733 -124
 6303 124
 5715 370
 4104 620


