# Created by Octave 3.8.2, Mon Jun 22 14:20:46 2020 CEST <damian@fptrucha.inv.usc.es>
# name: hd
# type: matrix
# rows: 6
# columns: 2
 4860 -620
 6406 -372
 6943 -124
 7010 124
 6145 370
 4713 620


