# Created by Octave 3.8.2, Mon Jun 22 18:52:16 2020 CEST <damian@fptrucha.inv.usc.es>
# name: hd
# type: matrix
# rows: 6
# columns: 2
 5479 -620
 6790 -372
 7224 -124
 6918 124
 6069 370
 4604 620


