# Created by Octave 3.8.2, Sat Jun 20 22:33:35 2020 CEST <damian@fptrucha.inv.usc.es>
# name: hd
# type: matrix
# rows: 6
# columns: 2
 5210 -620
 6870 -372
 6810 -124
 6471 124
 5683 370
 4260 620


