# Created by Octave 3.8.2, Sat Jun 20 17:47:13 2020 CEST <damian@fptrucha.inv.usc.es>
# name: hd
# type: matrix
# rows: 6
# columns: 2
 5323 -620
 7088 -372
 7011 -124
 6576 124
 5701 370
 4270 620


