# Created by Octave 3.8.2, Mon Jun 22 04:50:03 2020 CEST <damian@fptrucha.inv.usc.es>
# name: hd
# type: matrix
# rows: 6
# columns: 2
 4642 -620
 5979 -372
 6329 -124
 6086 124
 5204 370
 3892 620


