# Created by Octave 3.8.2, Sat Jun 20 19:52:24 2020 CEST <damian@fptrucha.inv.usc.es>
# name: hd
# type: matrix
# rows: 6
# columns: 2
 5178 -620
 6932 -372
 7010 -124
 6681 124
 5785 370
 4400 620


