# Created by Octave 3.8.2, Mon Jun 22 22:21:36 2020 CEST <damian@fptrucha.inv.usc.es>
# name: hd
# type: matrix
# rows: 6
# columns: 2
 5543 -620
 7043 -372
 7462 -124
 7198 124
 6392 370
 4935 620


