# Created by Octave 3.8.2, Sun Jun 21 00:41:22 2020 CEST <damian@fptrucha.inv.usc.es>
# name: hd
# type: matrix
# rows: 6
# columns: 2
 5093 -620
 6634 -372
 6695 -124
 6369 124
 5480 370
 4176 620


