# Created by Octave 3.8.2, Mon Jun 22 18:34:19 2020 CEST <damian@fptrucha.inv.usc.es>
# name: hd
# type: matrix
# rows: 6
# columns: 2
 5087 -620
 6880 -372
 7307 -124
 7151 124
 6234 370
 4517 620


