# Created by Octave 3.8.2, Mon Jun 22 20:31:46 2020 CEST <damian@fptrucha.inv.usc.es>
# name: hd
# type: matrix
# rows: 6
# columns: 2
 5421 -620
 7104 -372
 7524 -124
 7107 124
 6306 370
 4722 620


