# Created by Octave 3.8.2, Sat Jun 20 21:32:12 2020 CEST <damian@fptrucha.inv.usc.es>
# name: hd
# type: matrix
# rows: 6
# columns: 2
 5158 -620
 6778 -372
 6845 -124
 6358 124
 5806 370
 4176 620


