# Created by Octave 3.8.2, Mon Jun 22 07:51:03 2020 CEST <damian@fptrucha.inv.usc.es>
# name: hd
# type: matrix
# rows: 6
# columns: 2
 2982 -620
 4095 -372
 4325 -124
 4322 124
 3799 370
 3065 620


