# Created by Octave 3.8.2, Mon Jun 22 08:30:19 2020 CEST <damian@fptrucha.inv.usc.es>
# name: hd
# type: matrix
# rows: 6
# columns: 2
 4708 -620
 6074 -372
 6765 -124
 6645 124
 5801 370
 4569 620


