# Created by Octave 3.8.2, Sat Jun 20 14:25:50 2020 CEST <damian@fptrucha.inv.usc.es>
# name: hd
# type: matrix
# rows: 6
# columns: 2
 5477 -620
 7389 -372
 7229 -124
 7066 124
 6030 370
 4599 620


