# Created by Octave 3.8.2, Mon Jun 22 06:11:50 2020 CEST <damian@fptrucha.inv.usc.es>
# name: hd
# type: matrix
# rows: 6
# columns: 2
 4520 -620
 5934 -372
 6665 -124
 6491 124
 5650 370
 4384 620


