# Created by Octave 3.8.2, Mon Jun 22 14:49:02 2020 CEST <damian@fptrucha.inv.usc.es>
# name: hd
# type: matrix
# rows: 6
# columns: 2
 4864 -620
 6595 -372
 7036 -124
 6898 124
 6262 370
 4662 620


