# Created by Octave 3.8.2, Sat Jun 20 23:26:59 2020 CEST <damian@fptrucha.inv.usc.es>
# name: hd
# type: matrix
# rows: 6
# columns: 2
 5169 -620
 6772 -372
 6667 -124
 6238 124
 5612 370
 4241 620


