# Created by Octave 3.8.2, Mon Jun 22 22:36:45 2020 CEST <damian@fptrucha.inv.usc.es>
# name: hd
# type: matrix
# rows: 6
# columns: 2
 5519 -620
 7080 -372
 7537 -124
 7253 124
 6323 370
 4662 620


