# Created by Octave 3.8.2, Sat Jun 20 22:20:29 2020 CEST <damian@fptrucha.inv.usc.es>
# name: hd
# type: matrix
# rows: 6
# columns: 2
 5273 -620
 6811 -372
 6959 -124
 6520 124
 5613 370
 4438 620


