# Created by Octave 3.8.2, Sat Jun 20 18:41:07 2020 CEST <damian@fptrucha.inv.usc.es>
# name: hd
# type: matrix
# rows: 6
# columns: 2
 5131 -620
 6991 -372
 6781 -124
 6497 124
 5587 370
 4256 620


