# Created by Octave 3.8.2, Mon Jun 22 02:51:53 2020 CEST <damian@fptrucha.inv.usc.es>
# name: hd
# type: matrix
# rows: 6
# columns: 2
 4581 -620
 6009 -372
 6348 -124
 6285 124
 5631 370
 4357 620


