# Created by Octave 3.8.2, Sun Jun 21 01:33:21 2020 CEST <damian@fptrucha.inv.usc.es>
# name: hd
# type: matrix
# rows: 6
# columns: 2
 5069 -620
 6695 -372
 6690 -124
 6242 124
 5642 370
 4276 620


