# Created by Octave 3.8.2, Mon Jun 22 16:47:25 2020 CEST <damian@fptrucha.inv.usc.es>
# name: hd
# type: matrix
# rows: 6
# columns: 2
 5218 -620
 6763 -372
 7123 -124
 7052 124
 6164 370
 4529 620


