# Created by Octave 3.8.2, Mon Jun 22 12:24:14 2020 CEST <damian@fptrucha.inv.usc.es>
# name: hd
# type: matrix
# rows: 6
# columns: 2
 4809 -620
 6564 -372
 7036 -124
 6745 124
 5959 370
 4573 620


