# Created by Octave 3.8.2, Sat Jun 20 13:41:39 2020 CEST <damian@fptrucha.inv.usc.es>
# name: hd
# type: matrix
# rows: 6
# columns: 2
 5608 -620
 7206 -372
 7342 -124
 6851 124
 6085 370
 4524 620


