# Created by Octave 3.8.2, Mon Jun 22 01:43:29 2020 CEST <damian@fptrucha.inv.usc.es>
# name: hd
# type: matrix
# rows: 6
# columns: 2
 5425 -620
 7121 -372
 7260 -124
 6673 124
 5922 370
 4296 620


