# Created by Octave 3.8.2, Tue Jun 23 00:38:57 2020 CEST <damian@fptrucha.inv.usc.es>
# name: hd
# type: matrix
# rows: 6
# columns: 2
 5653 -620
 7083 -372
 7522 -124
 7078 124
 6398 370
 4821 620


