# Created by Octave 3.8.2, Sat Jun 20 12:17:39 2020 CEST <damian@fptrucha.inv.usc.es>
# name: hd
# type: matrix
# rows: 6
# columns: 2
 5832 -620
 7566 -372
 7438 -124
 7122 124
 6157 370
 4736 620


