# Created by Octave 3.8.2, Sat Jun 20 14:23:09 2020 CEST <damian@fptrucha.inv.usc.es>
# name: hd
# type: matrix
# rows: 6
# columns: 2
 5511 -620
 7231 -372
 7092 -124
 6798 124
 5969 370
 4389 620


