# Created by Octave 3.8.2, Sun Jun 21 06:49:44 2020 CEST <damian@fptrucha.inv.usc.es>
# name: hd
# type: matrix
# rows: 6
# columns: 2
 5018 -620
 6900 -372
 6577 -124
 6345 124
 5458 370
 4117 620


