# Created by Octave 3.8.2, Mon Jun 22 11:54:16 2020 CEST <damian@fptrucha.inv.usc.es>
# name: hd
# type: matrix
# rows: 6
# columns: 2
 4715 -620
 6211 -372
 6814 -124
 6796 124
 5918 370
 4509 620


