# Created by Octave 3.8.2, Sun Jun 21 07:14:24 2020 CEST <damian@fptrucha.inv.usc.es>
# name: hd
# type: matrix
# rows: 6
# columns: 2
 5373 -620
 7028 -372
 7079 -124
 6457 124
 5705 370
 4174 620


