# Created by Octave 3.8.2, Sat Jun 20 02:09:39 2020 CEST <damian@fptrucha.inv.usc.es>
# name: hd
# type: matrix
# rows: 6
# columns: 2
 5720 -620
 7409 -372
 7192 -124
 7039 124
 6173 370
 4408 620


