# Created by Octave 3.8.2, Mon Jun 22 11:01:45 2020 CEST <damian@fptrucha.inv.usc.es>
# name: hd
# type: matrix
# rows: 6
# columns: 2
 4916 -620
 6545 -372
 7040 -124
 6768 124
 6114 370
 4666 620


