# Created by Octave 3.8.2, Sun Jun 21 06:10:54 2020 CEST <damian@fptrucha.inv.usc.es>
# name: hd
# type: matrix
# rows: 6
# columns: 2
 5248 -620
 6763 -372
 6694 -124
 6411 124
 5651 370
 4104 620


