# Created by Octave 3.8.2, Mon Jun 22 03:49:52 2020 CEST <damian@fptrucha.inv.usc.es>
# name: hd
# type: matrix
# rows: 6
# columns: 2
 3107 -620
 4025 -372
 4483 -124
 4153 124
 3693 370
 2723 620


