# Created by Octave 3.8.2, Sat Jun 20 09:43:18 2020 CEST <damian@fptrucha.inv.usc.es>
# name: hd
# type: matrix
# rows: 6
# columns: 2
 5961 -620
 7782 -372
 7971 -124
 7399 124
 6525 370
 4757 620


