# Created by Octave 3.8.2, Mon Jun 22 23:51:28 2020 CEST <damian@fptrucha.inv.usc.es>
# name: hd
# type: matrix
# rows: 6
# columns: 2
 5443 -620
 7151 -372
 7390 -124
 7045 124
 6179 370
 4689 620


