# Created by Octave 3.8.2, Sun Jun 21 01:49:21 2020 CEST <damian@fptrucha.inv.usc.es>
# name: hd
# type: matrix
# rows: 6
# columns: 2
 5118 -620
 6884 -372
 6751 -124
 6447 124
 5542 370
 4161 620


