# Created by Octave 3.8.2, Mon Jun 22 09:04:39 2020 CEST <damian@fptrucha.inv.usc.es>
# name: hd
# type: matrix
# rows: 6
# columns: 2
 4685 -620
 6188 -372
 6735 -124
 6760 124
 5897 370
 4561 620


