# Created by Octave 3.8.2, Sat Jun 20 18:12:58 2020 CEST <damian@fptrucha.inv.usc.es>
# name: hd
# type: matrix
# rows: 6
# columns: 2
 5145 -620
 6993 -372
 6967 -124
 6586 124
 5816 370
 4288 620


