# Created by Octave 3.8.2, Mon Jun 22 17:27:08 2020 CEST <damian@fptrucha.inv.usc.es>
# name: hd
# type: matrix
# rows: 6
# columns: 2
 5162 -620
 6702 -372
 7342 -124
 7116 124
 6226 370
 4601 620


