# Created by Octave 3.8.2, Sat Jun 20 17:14:54 2020 CEST <damian@fptrucha.inv.usc.es>
# name: hd
# type: matrix
# rows: 6
# columns: 2
 3352 -620
 4799 -372
 4487 -124
 4307 124
 3633 370
 2848 620


