# Created by Octave 3.8.2, Sun Jun 21 01:20:51 2020 CEST <damian@fptrucha.inv.usc.es>
# name: hd
# type: matrix
# rows: 6
# columns: 2
 5155 -620
 6684 -372
 6782 -124
 6559 124
 5640 370
 4169 620


