# Created by Octave 3.8.2, Mon Jun 22 19:18:51 2020 CEST <damian@fptrucha.inv.usc.es>
# name: hd
# type: matrix
# rows: 6
# columns: 2
 5200 -620
 6782 -372
 7253 -124
 6948 124
 6100 370
 4724 620


