# Created by Octave 3.8.2, Sun Jun 21 02:13:59 2020 CEST <damian@fptrucha.inv.usc.es>
# name: hd
# type: matrix
# rows: 6
# columns: 2
 5187 -620
 6779 -372
 6860 -124
 6356 124
 5569 370
 4222 620


