# Created by Octave 3.8.2, Sat Jun 20 23:44:21 2020 CEST <damian@fptrucha.inv.usc.es>
# name: hd
# type: matrix
# rows: 6
# columns: 2
 5012 -620
 6886 -372
 6828 -124
 6329 124
 5568 370
 4276 620


