# Created by Octave 3.8.2, Sun Jun 21 03:56:05 2020 CEST <damian@fptrucha.inv.usc.es>
# name: hd
# type: matrix
# rows: 6
# columns: 2
 5135 -620
 6829 -372
 6936 -124
 6387 124
 5550 370
 4212 620


