# Created by Octave 3.8.2, Sun Jun 21 03:24:27 2020 CEST <damian@fptrucha.inv.usc.es>
# name: hd
# type: matrix
# rows: 6
# columns: 2
 5036 -620
 6944 -372
 6712 -124
 6426 124
 5511 370
 4206 620


