# Created by Octave 3.8.2, Mon Jun 22 22:50:36 2020 CEST <damian@fptrucha.inv.usc.es>
# name: hd
# type: matrix
# rows: 6
# columns: 2
 5500 -620
 7250 -372
 7523 -124
 7252 124
 6192 370
 4750 620


