# Created by Octave 3.8.2, Mon Jun 22 12:46:55 2020 CEST <damian@fptrucha.inv.usc.es>
# name: hd
# type: matrix
# rows: 6
# columns: 2
 3229 -620
 4272 -372
 4678 -124
 4545 124
 3933 370
 3087 620


