# Created by Octave 3.8.2, Tue Jun 23 00:48:35 2020 CEST <damian@fptrucha.inv.usc.es>
# name: hd
# type: matrix
# rows: 6
# columns: 2
 3789 -620
 4745 -372
 4892 -124
 4662 124
 4105 370
 3106 620


