# Created by Octave 3.8.2, Mon Jun 22 18:17:14 2020 CEST <damian@fptrucha.inv.usc.es>
# name: hd
# type: matrix
# rows: 6
# columns: 2
 5258 -620
 6734 -372
 7207 -124
 7105 124
 6177 370
 4631 620


