# Created by Octave 3.8.2, Mon Jun 22 09:26:04 2020 CEST <damian@fptrucha.inv.usc.es>
# name: hd
# type: matrix
# rows: 6
# columns: 2
 4718 -620
 6263 -372
 6655 -124
 6643 124
 5850 370
 4581 620


