# Created by Octave 3.8.2, Sun Jun 21 02:57:03 2020 CEST <damian@fptrucha.inv.usc.es>
# name: hd
# type: matrix
# rows: 6
# columns: 2
 5197 -620
 6622 -372
 6680 -124
 6291 124
 5500 370
 4088 620


