# Created by Octave 3.8.2, Mon Jun 22 23:35:11 2020 CEST <damian@fptrucha.inv.usc.es>
# name: hd
# type: matrix
# rows: 6
# columns: 2
 5482 -620
 6937 -372
 7292 -124
 7247 124
 6337 370
 4860 620


