# Created by Octave 3.8.2, Mon Jun 22 03:31:25 2020 CEST <damian@fptrucha.inv.usc.es>
# name: hd
# type: matrix
# rows: 6
# columns: 2
 4641 -620
 6094 -372
 6569 -124
 6451 124
 5628 370
 4258 620


