# Created by Octave 3.8.2, Sat Jun 20 08:29:42 2020 CEST <damian@fptrucha.inv.usc.es>
# name: hd
# type: matrix
# rows: 6
# columns: 2
 6221 -620
 7892 -372
 8030 -124
 7568 124
 6506 370
 4902 620


