# Created by Octave 3.8.2, Sat Jun 20 20:39:23 2020 CEST <damian@fptrucha.inv.usc.es>
# name: hd
# type: matrix
# rows: 6
# columns: 2
 5376 -620
 6915 -372
 6784 -124
 6536 124
 5643 370
 4306 620


