# Created by Octave 3.8.2, Mon Jun 22 13:02:54 2020 CEST <damian@fptrucha.inv.usc.es>
# name: hd
# type: matrix
# rows: 6
# columns: 2
 5015 -620
 6633 -372
 7140 -124
 6954 124
 5960 370
 4646 620


