# Created by Octave 3.8.2, Sun Jun 21 04:12:11 2020 CEST <damian@fptrucha.inv.usc.es>
# name: hd
# type: matrix
# rows: 6
# columns: 2
 5199 -620
 6712 -372
 6793 -124
 6286 124
 5562 370
 4403 620


