# Created by Octave 3.8.2, Mon Jun 22 05:49:28 2020 CEST <damian@fptrucha.inv.usc.es>
# name: hd
# type: matrix
# rows: 6
# columns: 2
 4352 -620
 6060 -372
 6531 -124
 6486 124
 5664 370
 4321 620


