# Created by Octave 3.8.2, Mon Jun 22 04:19:59 2020 CEST <damian@fptrucha.inv.usc.es>
# name: hd
# type: matrix
# rows: 6
# columns: 2
 4738 -620
 5937 -372
 6485 -124
 6186 124
 5425 370
 4106 620


