# Created by Octave 3.8.2, Mon Jun 22 22:14:24 2020 CEST <damian@fptrucha.inv.usc.es>
# name: hd
# type: matrix
# rows: 6
# columns: 2
 5534 -620
 7030 -372
 7444 -124
 7313 124
 6294 370
 4867 620


