# Created by Octave 3.8.2, Mon Jun 22 18:21:46 2020 CEST <damian@fptrucha.inv.usc.es>
# name: hd
# type: matrix
# rows: 6
# columns: 2
 5303 -620
 6823 -372
 7349 -124
 7065 124
 6188 370
 4665 620


