# Created by Octave 3.8.2, Mon Jun 22 06:04:15 2020 CEST <damian@fptrucha.inv.usc.es>
# name: hd
# type: matrix
# rows: 6
# columns: 2
 4551 -620
 6144 -372
 6719 -124
 6406 124
 5531 370
 4298 620


