# Created by Octave 3.8.2, Sat Jun 20 23:53:23 2020 CEST <damian@fptrucha.inv.usc.es>
# name: hd
# type: matrix
# rows: 6
# columns: 2
 4991 -620
 6995 -372
 6784 -124
 6408 124
 5571 370
 4173 620


