# Created by Octave 3.8.2, Mon Jun 22 03:15:27 2020 CEST <damian@fptrucha.inv.usc.es>
# name: hd
# type: matrix
# rows: 6
# columns: 2
 4657 -620
 6037 -372
 6487 -124
 6463 124
 5620 370
 4255 620


