# Created by Octave 3.8.2, Sat Jun 20 20:57:10 2020 CEST <damian@fptrucha.inv.usc.es>
# name: hd
# type: matrix
# rows: 6
# columns: 2
 5085 -620
 6821 -372
 6843 -124
 6367 124
 5781 370
 4318 620


