# Created by Octave 3.8.2, Sat Jun 20 05:08:57 2020 CEST <damian@fptrucha.inv.usc.es>
# name: hd
# type: matrix
# rows: 6
# columns: 2
 5937 -620
 7437 -372
 7572 -124
 7339 124
 6270 370
 4634 620


