# Created by Octave 3.8.2, Sat Jun 20 13:33:22 2020 CEST <damian@fptrucha.inv.usc.es>
# name: hd
# type: matrix
# rows: 6
# columns: 2
 5632 -620
 7485 -372
 7342 -124
 7028 124
 6100 370
 4533 620


