# Created by Octave 3.8.2, Mon Jun 22 02:28:30 2020 CEST <damian@fptrucha.inv.usc.es>
# name: hd
# type: matrix
# rows: 6
# columns: 2
 3087 -620
 3761 -372
 4147 -124
 3676 124
 2824 370
 2189 620


