# Created by Octave 3.8.2, Sat Jun 20 17:22:53 2020 CEST <damian@fptrucha.inv.usc.es>
# name: hd
# type: matrix
# rows: 6
# columns: 2
 5198 -620
 7012 -372
 7121 -124
 6599 124
 5739 370
 4221 620


