# Created by Octave 3.8.2, Sat Jun 20 07:48:48 2020 CEST <damian@fptrucha.inv.usc.es>
# name: hd
# type: matrix
# rows: 6
# columns: 2
 4033 -620
 5190 -372
 5074 -124
 4783 124
 4266 370
 3064 620


