# Created by Octave 3.8.2, Mon Jun 22 02:57:38 2020 CEST <damian@fptrucha.inv.usc.es>
# name: hd
# type: matrix
# rows: 6
# columns: 2
 4615 -620
 6095 -372
 6583 -124
 6425 124
 5781 370
 4372 620


