# Created by Octave 3.8.2, Mon Jun 22 07:23:19 2020 CEST <damian@fptrucha.inv.usc.es>
# name: hd
# type: matrix
# rows: 6
# columns: 2
 4535 -620
 6055 -372
 6775 -124
 6502 124
 5693 370
 4368 620


