# Created by Octave 3.8.2, Sun Jun 21 07:53:44 2020 CEST <damian@fptrucha.inv.usc.es>
# name: hd
# type: matrix
# rows: 6
# columns: 2
 5089 -620
 6864 -372
 6811 -124
 6396 124
 5614 370
 4061 620


