# Created by Octave 3.8.2, Sat Jun 20 11:16:27 2020 CEST <damian@fptrucha.inv.usc.es>
# name: hd
# type: matrix
# rows: 6
# columns: 2
 5818 -620
 7580 -372
 7634 -124
 7216 124
 6338 370
 4744 620


