# Created by Octave 3.8.2, Sat Jun 20 11:51:24 2020 CEST <damian@fptrucha.inv.usc.es>
# name: hd
# type: matrix
# rows: 6
# columns: 2
 5633 -620
 7603 -372
 7641 -124
 7275 124
 6151 370
 4754 620


