# Created by Octave 3.8.2, Sat Jun 20 09:38:54 2020 CEST <damian@fptrucha.inv.usc.es>
# name: hd
# type: matrix
# rows: 6
# columns: 2
 6088 -620
 7908 -372
 7856 -124
 7539 124
 6652 370
 4824 620


