# Created by Octave 3.8.2, Mon Jun 22 03:49:16 2020 CEST <damian@fptrucha.inv.usc.es>
# name: hd
# type: matrix
# rows: 6
# columns: 2
 4637 -620
 6025 -372
 6624 -124
 6364 124
 5550 370
 4219 620


