# Created by Octave 3.8.2, Mon Jun 22 09:07:50 2020 CEST <damian@fptrucha.inv.usc.es>
# name: hd
# type: matrix
# rows: 6
# columns: 2
 4686 -620
 6310 -372
 6795 -124
 6479 124
 5929 370
 4516 620


