# Created by Octave 3.8.2, Mon Jun 22 13:27:50 2020 CEST <damian@fptrucha.inv.usc.es>
# name: hd
# type: matrix
# rows: 6
# columns: 2
 4962 -620
 6511 -372
 7186 -124
 6718 124
 5931 370
 4697 620


