# Created by Octave 3.8.2, Mon Jun 22 22:19:11 2020 CEST <damian@fptrucha.inv.usc.es>
# name: hd
# type: matrix
# rows: 6
# columns: 2
 5533 -620
 7020 -372
 7320 -124
 7261 124
 6323 370
 4793 620


