# Created by Octave 3.8.2, Sat Jun 20 21:34:43 2020 CEST <damian@fptrucha.inv.usc.es>
# name: hd
# type: matrix
# rows: 6
# columns: 2
 5110 -620
 6787 -372
 6700 -124
 6412 124
 5662 370
 4256 620


