# Created by Octave 3.8.2, Mon Jun 22 22:22:21 2020 CEST <damian@fptrucha.inv.usc.es>
# name: hd
# type: matrix
# rows: 6
# columns: 2
 3653 -620
 4598 -372
 4916 -124
 4709 124
 4076 370
 3134 620


