# Created by Octave 3.8.2, Mon Jun 22 11:07:05 2020 CEST <damian@fptrucha.inv.usc.es>
# name: hd
# type: matrix
# rows: 6
# columns: 2
 4722 -620
 6518 -372
 6908 -124
 6953 124
 6016 370
 4561 620


