# Created by Octave 3.8.2, Sat Jun 20 02:19:16 2020 CEST <damian@fptrucha.inv.usc.es>
# name: hd
# type: matrix
# rows: 6
# columns: 2
 5683 -620
 7609 -372
 7436 -124
 7026 124
 6181 370
 4454 620


