# Created by Octave 3.8.2, Mon Jun 22 09:09:56 2020 CEST <damian@fptrucha.inv.usc.es>
# name: hd
# type: matrix
# rows: 6
# columns: 2
 4636 -620
 6113 -372
 6652 -124
 6539 124
 5847 370
 4392 620


