# Created by Octave 3.8.2, Mon Jun 22 04:24:17 2020 CEST <damian@fptrucha.inv.usc.es>
# name: hd
# type: matrix
# rows: 6
# columns: 2
 4664 -620
 5918 -372
 6443 -124
 6346 124
 5284 370
 4054 620


