# Created by Octave 3.8.2, Sun Jun 21 01:37:43 2020 CEST <damian@fptrucha.inv.usc.es>
# name: hd
# type: matrix
# rows: 6
# columns: 2
 5363 -620
 6863 -372
 6584 -124
 6336 124
 5696 370
 4110 620


