# Created by Octave 3.8.2, Mon Jun 22 12:05:39 2020 CEST <damian@fptrucha.inv.usc.es>
# name: hd
# type: matrix
# rows: 6
# columns: 2
 4799 -620
 6391 -372
 6963 -124
 6757 124
 6092 370
 4641 620


