# Created by Octave 3.8.2, Mon Jun 22 23:42:22 2020 CEST <damian@fptrucha.inv.usc.es>
# name: hd
# type: matrix
# rows: 6
# columns: 2
 5637 -620
 6888 -372
 7426 -124
 7200 124
 6386 370
 4876 620


