# Created by Octave 3.8.2, Mon Jun 22 11:41:05 2020 CEST <damian@fptrucha.inv.usc.es>
# name: hd
# type: matrix
# rows: 6
# columns: 2
 4738 -620
 6350 -372
 7017 -124
 6740 124
 5984 370
 4592 620


