# Created by Octave 3.8.2, Mon Jun 22 02:37:50 2020 CEST <damian@fptrucha.inv.usc.es>
# name: hd
# type: matrix
# rows: 6
# columns: 2
 4656 -620
 5961 -372
 6527 -124
 6167 124
 5525 370
 4340 620


