# Created by Octave 3.8.2, Mon Jun 22 05:56:21 2020 CEST <damian@fptrucha.inv.usc.es>
# name: hd
# type: matrix
# rows: 6
# columns: 2
 4537 -620
 6108 -372
 6642 -124
 6462 124
 5543 370
 4184 620


