# Created by Octave 3.8.2, Mon Jun 22 17:54:23 2020 CEST <damian@fptrucha.inv.usc.es>
# name: hd
# type: matrix
# rows: 6
# columns: 2
 5108 -620
 6690 -372
 7302 -124
 7020 124
 6253 370
 4524 620


