# Created by Octave 3.8.2, Sun Jun 21 06:56:24 2020 CEST <damian@fptrucha.inv.usc.es>
# name: hd
# type: matrix
# rows: 6
# columns: 2
 5107 -620
 6737 -372
 6651 -124
 6209 124
 5403 370
 3960 620


