# Created by Octave 3.8.2, Mon Jun 22 05:55:22 2020 CEST <damian@fptrucha.inv.usc.es>
# name: hd
# type: matrix
# rows: 6
# columns: 2
 4639 -620
 5931 -372
 6455 -124
 6386 124
 5690 370
 4315 620


