# Created by Octave 3.8.2, Sat Jun 20 03:52:16 2020 CEST <damian@fptrucha.inv.usc.es>
# name: hd
# type: matrix
# rows: 6
# columns: 2
 5981 -620
 7739 -372
 7658 -124
 7045 124
 6401 370
 4577 620


