# Created by Octave 3.8.2, Mon Jun 22 20:13:33 2020 CEST <damian@fptrucha.inv.usc.es>
# name: hd
# type: matrix
# rows: 6
# columns: 2
 5336 -620
 7156 -372
 7392 -124
 6981 124
 6091 370
 4627 620


