# Created by Octave 3.8.2, Sat Jun 20 06:53:36 2020 CEST <damian@fptrucha.inv.usc.es>
# name: hd
# type: matrix
# rows: 6
# columns: 2
 6036 -620
 7831 -372
 7746 -124
 7323 124
 6410 370
 4621 620


