# Created by Octave 3.8.2, Mon Jun 22 16:06:01 2020 CEST <damian@fptrucha.inv.usc.es>
# name: hd
# type: matrix
# rows: 6
# columns: 2
 5083 -620
 6839 -372
 7236 -124
 7036 124
 6217 370
 4737 620


