# Created by Octave 3.8.2, Sun Jun 21 00:13:41 2020 CEST <damian@fptrucha.inv.usc.es>
# name: hd
# type: matrix
# rows: 6
# columns: 2
 5050 -620
 6773 -372
 6634 -124
 6522 124
 5534 370
 4063 620


