# Created by Octave 3.8.2, Sat Jun 20 15:55:14 2020 CEST <damian@fptrucha.inv.usc.es>
# name: hd
# type: matrix
# rows: 6
# columns: 2
 5361 -620
 7182 -372
 7018 -124
 6811 124
 5804 370
 4470 620


