# Created by Octave 3.8.2, Mon Jun 22 21:03:34 2020 CEST <damian@fptrucha.inv.usc.es>
# name: hd
# type: matrix
# rows: 6
# columns: 2
 5404 -620
 7023 -372
 7387 -124
 7099 124
 6161 370
 4730 620


