# Created by Octave 3.8.2, Mon Jun 22 12:10:31 2020 CEST <damian@fptrucha.inv.usc.es>
# name: hd
# type: matrix
# rows: 6
# columns: 2
 4905 -620
 6413 -372
 6888 -124
 6740 124
 5938 370
 4618 620


