# Created by Octave 3.8.2, Mon Jun 22 00:50:10 2020 CEST <damian@fptrucha.inv.usc.es>
# name: hd
# type: matrix
# rows: 6
# columns: 2
 5194 -620
 6907 -372
 6877 -124
 6354 124
 5613 370
 4397 620


