# Created by Octave 3.8.2, Mon Jun 22 15:02:59 2020 CEST <damian@fptrucha.inv.usc.es>
# name: hd
# type: matrix
# rows: 6
# columns: 2
 5106 -620
 6668 -372
 7213 -124
 6935 124
 6087 370
 4688 620


