# Created by Octave 3.8.2, Sun Jun 21 05:12:54 2020 CEST <damian@fptrucha.inv.usc.es>
# name: hd
# type: matrix
# rows: 6
# columns: 2
 5197 -620
 6800 -372
 6707 -124
 6547 124
 5519 370
 4284 620


