# Created by Octave 3.8.2, Sat Jun 20 02:01:49 2020 CEST <damian@fptrucha.inv.usc.es>
# name: hd
# type: matrix
# rows: 6
# columns: 2
 5828 -620
 7574 -372
 7412 -124
 7005 124
 6212 370
 4468 620


