# Created by Octave 3.8.2, Mon Jun 22 10:34:01 2020 CEST <damian@fptrucha.inv.usc.es>
# name: hd
# type: matrix
# rows: 6
# columns: 2
 4865 -620
 6427 -372
 6968 -124
 6649 124
 5861 370
 4583 620


