# Created by Octave 3.8.2, Sat Jun 20 05:24:08 2020 CEST <damian@fptrucha.inv.usc.es>
# name: hd
# type: matrix
# rows: 6
# columns: 2
 5903 -620
 7579 -372
 7651 -124
 7147 124
 6315 370
 4700 620


