# Created by Octave 3.8.2, Mon Jun 22 06:29:37 2020 CEST <damian@fptrucha.inv.usc.es>
# name: hd
# type: matrix
# rows: 6
# columns: 2
 4468 -620
 5966 -372
 6754 -124
 6412 124
 5751 370
 4314 620


