# Created by Octave 3.8.2, Mon Jun 22 10:52:41 2020 CEST <damian@fptrucha.inv.usc.es>
# name: hd
# type: matrix
# rows: 6
# columns: 2
 4860 -620
 6418 -372
 7034 -124
 6814 124
 5974 370
 4575 620


