# Created by Octave 3.8.2, Sun Jun 21 05:09:29 2020 CEST <damian@fptrucha.inv.usc.es>
# name: hd
# type: matrix
# rows: 6
# columns: 2
 5306 -620
 6793 -372
 6697 -124
 6233 124
 5679 370
 4106 620


