# Created by Octave 3.8.2, Mon Jun 22 13:36:24 2020 CEST <damian@fptrucha.inv.usc.es>
# name: hd
# type: matrix
# rows: 6
# columns: 2
 5009 -620
 6547 -372
 7090 -124
 6977 124
 6038 370
 4651 620


