# Created by Octave 3.8.2, Mon Jun 22 21:10:41 2020 CEST <damian@fptrucha.inv.usc.es>
# name: hd
# type: matrix
# rows: 6
# columns: 2
 5476 -620
 7006 -372
 7421 -124
 7240 124
 6281 370
 4673 620


