# Created by Octave 3.8.2, Mon Jun 22 21:11:54 2020 CEST <damian@fptrucha.inv.usc.es>
# name: hd
# type: matrix
# rows: 6
# columns: 2
 5393 -620
 6974 -372
 7413 -124
 7214 124
 6345 370
 4596 620


