# Created by Octave 3.8.2, Mon Jun 22 15:22:32 2020 CEST <damian@fptrucha.inv.usc.es>
# name: hd
# type: matrix
# rows: 6
# columns: 2
 5110 -620
 6902 -372
 7387 -124
 7015 124
 6265 370
 4759 620


