# Created by Octave 3.8.2, Mon Jun 22 06:45:08 2020 CEST <damian@fptrucha.inv.usc.es>
# name: hd
# type: matrix
# rows: 6
# columns: 2
 4484 -620
 5997 -372
 6724 -124
 6540 124
 5726 370
 4365 620


