# Created by Octave 3.8.2, Sat Jun 20 18:58:56 2020 CEST <damian@fptrucha.inv.usc.es>
# name: hd
# type: matrix
# rows: 6
# columns: 2
 5129 -620
 6868 -372
 6947 -124
 6550 124
 5748 370
 4262 620


