# Created by Octave 3.8.2, Sun Jun 21 03:48:25 2020 CEST <damian@fptrucha.inv.usc.es>
# name: hd
# type: matrix
# rows: 6
# columns: 2
 5180 -620
 6900 -372
 6783 -124
 6377 124
 5602 370
 4150 620


