# Created by Octave 3.8.2, Mon Jun 22 01:16:02 2020 CEST <damian@fptrucha.inv.usc.es>
# name: hd
# type: matrix
# rows: 6
# columns: 2
 5257 -620
 6896 -372
 6822 -124
 6360 124
 5636 370
 4191 620


