# Created by Octave 3.8.2, Sat Jun 20 15:49:55 2020 CEST <damian@fptrucha.inv.usc.es>
# name: hd
# type: matrix
# rows: 6
# columns: 2
 5264 -620
 7292 -372
 7128 -124
 6679 124
 5819 370
 4437 620


