# Created by Octave 3.8.2, Sat Jun 20 15:26:25 2020 CEST <damian@fptrucha.inv.usc.es>
# name: hd
# type: matrix
# rows: 6
# columns: 2
 5399 -620
 7232 -372
 7046 -124
 6718 124
 5806 370
 4514 620


