# Created by Octave 3.8.2, Mon Jun 22 08:32:27 2020 CEST <damian@fptrucha.inv.usc.es>
# name: hd
# type: matrix
# rows: 6
# columns: 2
 4716 -620
 6280 -372
 6783 -124
 6776 124
 5849 370
 4454 620


