# Created by Octave 3.8.2, Mon Jun 22 03:38:44 2020 CEST <damian@fptrucha.inv.usc.es>
# name: hd
# type: matrix
# rows: 6
# columns: 2
 4569 -620
 5982 -372
 6626 -124
 6389 124
 5615 370
 4370 620


