# Created by Octave 3.8.2, Sat Jun 20 14:48:29 2020 CEST <damian@fptrucha.inv.usc.es>
# name: hd
# type: matrix
# rows: 6
# columns: 2
 5544 -620
 7349 -372
 7403 -124
 6806 124
 6006 370
 4564 620


