# Created by Octave 3.8.2, Mon Jun 22 21:15:26 2020 CEST <damian@fptrucha.inv.usc.es>
# name: hd
# type: matrix
# rows: 6
# columns: 2
 5354 -620
 6851 -372
 7341 -124
 7097 124
 6293 370
 4664 620


