# Created by Octave 3.8.2, Sat Jun 20 04:36:37 2020 CEST <damian@fptrucha.inv.usc.es>
# name: hd
# type: matrix
# rows: 6
# columns: 2
 5888 -620
 7713 -372
 7650 -124
 7303 124
 6166 370
 4650 620


