# Created by Octave 3.8.2, Sat Jun 20 19:55:52 2020 CEST <damian@fptrucha.inv.usc.es>
# name: hd
# type: matrix
# rows: 6
# columns: 2
 3374 -620
 4567 -372
 4672 -124
 4282 124
 3757 370
 2812 620


