# Created by Octave 3.8.2, Mon Jun 22 07:47:22 2020 CEST <damian@fptrucha.inv.usc.es>
# name: hd
# type: matrix
# rows: 6
# columns: 2
 4676 -620
 6178 -372
 6618 -124
 6531 124
 5695 370
 4468 620


