# Created by Octave 3.8.2, Sun Jun 21 00:53:59 2020 CEST <damian@fptrucha.inv.usc.es>
# name: hd
# type: matrix
# rows: 6
# columns: 2
 5079 -620
 6770 -372
 6794 -124
 6324 124
 5383 370
 4257 620


