# Created by Octave 3.8.2, Mon Jun 22 05:35:09 2020 CEST <damian@fptrucha.inv.usc.es>
# name: hd
# type: matrix
# rows: 6
# columns: 2
 4521 -620
 6050 -372
 6584 -124
 6421 124
 5640 370
 4261 620


