# Created by Octave 3.8.2, Sat Jun 20 12:35:16 2020 CEST <damian@fptrucha.inv.usc.es>
# name: hd
# type: matrix
# rows: 6
# columns: 2
 5612 -620
 7679 -372
 7412 -124
 7209 124
 6097 370
 4524 620


