# Created by Octave 3.8.2, Mon Jun 22 16:17:08 2020 CEST <damian@fptrucha.inv.usc.es>
# name: hd
# type: matrix
# rows: 6
# columns: 2
 5147 -620
 6746 -372
 7223 -124
 7094 124
 6119 370
 4635 620


