# Created by Octave 3.8.2, Mon Jun 22 07:43:16 2020 CEST <damian@fptrucha.inv.usc.es>
# name: hd
# type: matrix
# rows: 6
# columns: 2
 4567 -620
 6131 -372
 6773 -124
 6716 124
 5817 370
 4415 620


