# Created by Octave 3.8.2, Sun Jun 21 00:51:50 2020 CEST <damian@fptrucha.inv.usc.es>
# name: hd
# type: matrix
# rows: 6
# columns: 2
 5116 -620
 6930 -372
 6788 -124
 6391 124
 5582 370
 4153 620


