# Created by Octave 3.8.2, Sun Jun 21 04:08:55 2020 CEST <damian@fptrucha.inv.usc.es>
# name: hd
# type: matrix
# rows: 6
# columns: 2
 5240 -620
 6544 -372
 6782 -124
 6338 124
 5610 370
 4226 620


