# Created by Octave 3.8.2, Mon Jun 22 09:50:50 2020 CEST <damian@fptrucha.inv.usc.es>
# name: hd
# type: matrix
# rows: 6
# columns: 2
 4794 -620
 6311 -372
 6747 -124
 6761 124
 5976 370
 4544 620


