# Created by Octave 3.8.2, Mon Jun 22 09:16:04 2020 CEST <damian@fptrucha.inv.usc.es>
# name: hd
# type: matrix
# rows: 6
# columns: 2
 4726 -620
 6081 -372
 6823 -124
 6818 124
 5857 370
 4419 620


