# Created by Octave 3.8.2, Mon Jun 22 15:13:57 2020 CEST <damian@fptrucha.inv.usc.es>
# name: hd
# type: matrix
# rows: 6
# columns: 2
 5007 -620
 6685 -372
 7253 -124
 7069 124
 6133 370
 4679 620


