# Created by Octave 3.8.2, Mon Jun 22 06:51:06 2020 CEST <damian@fptrucha.inv.usc.es>
# name: hd
# type: matrix
# rows: 6
# columns: 2
 4468 -620
 6025 -372
 6632 -124
 6469 124
 5656 370
 4463 620


