# Created by Octave 3.8.2, Mon Jun 22 14:15:25 2020 CEST <damian@fptrucha.inv.usc.es>
# name: hd
# type: matrix
# rows: 6
# columns: 2
 4894 -620
 6465 -372
 7099 -124
 6886 124
 5939 370
 4644 620


