# Created by Octave 3.8.2, Mon Jun 22 20:55:41 2020 CEST <damian@fptrucha.inv.usc.es>
# name: hd
# type: matrix
# rows: 6
# columns: 2
 5232 -620
 7143 -372
 7450 -124
 7181 124
 6245 370
 4753 620


