# Created by Octave 3.8.2, Mon Jun 22 06:07:52 2020 CEST <damian@fptrucha.inv.usc.es>
# name: hd
# type: matrix
# rows: 6
# columns: 2
 4666 -620
 5969 -372
 6443 -124
 6624 124
 5800 370
 4394 620


