# Created by Octave 3.8.2, Mon Jun 22 03:33:59 2020 CEST <damian@fptrucha.inv.usc.es>
# name: hd
# type: matrix
# rows: 6
# columns: 2
 4628 -620
 6233 -372
 6581 -124
 6439 124
 5567 370
 4337 620


