# Created by Octave 3.8.2, Sat Jun 20 05:07:28 2020 CEST <damian@fptrucha.inv.usc.es>
# name: hd
# type: matrix
# rows: 6
# columns: 2
 5787 -620
 7763 -372
 7647 -124
 7182 124
 6441 370
 4569 620


