# Created by Octave 3.8.2, Sat Jun 20 17:29:28 2020 CEST <damian@fptrucha.inv.usc.es>
# name: hd
# type: matrix
# rows: 6
# columns: 2
 5348 -620
 7083 -372
 6996 -124
 6658 124
 5703 370
 4387 620


