# Created by Octave 3.8.2, Sat Jun 20 02:28:17 2020 CEST <damian@fptrucha.inv.usc.es>
# name: hd
# type: matrix
# rows: 6
# columns: 2
 5763 -620
 7608 -372
 7528 -124
 7157 124
 6157 370
 4449 620


