# Created by Octave 3.8.2, Sat Jun 20 18:08:59 2020 CEST <damian@fptrucha.inv.usc.es>
# name: hd
# type: matrix
# rows: 6
# columns: 2
 5263 -620
 6887 -372
 6890 -124
 6656 124
 5606 370
 4250 620


