# Created by Octave 3.8.2, Mon Jun 22 08:50:41 2020 CEST <damian@fptrucha.inv.usc.es>
# name: hd
# type: matrix
# rows: 6
# columns: 2
 4674 -620
 6186 -372
 6897 -124
 6571 124
 5831 370
 4473 620


