# Created by Octave 3.8.2, Sun Jun 21 01:18:40 2020 CEST <damian@fptrucha.inv.usc.es>
# name: hd
# type: matrix
# rows: 6
# columns: 2
 5073 -620
 6634 -372
 6660 -124
 6431 124
 5657 370
 4157 620


