# Created by Octave 3.8.2, Sat Jun 20 03:11:18 2020 CEST <damian@fptrucha.inv.usc.es>
# name: hd
# type: matrix
# rows: 6
# columns: 2
 3778 -620
 4955 -372
 4963 -124
 4822 124
 3970 370
 2942 620


