# Created by Octave 3.8.2, Mon Jun 22 07:57:09 2020 CEST <damian@fptrucha.inv.usc.es>
# name: hd
# type: matrix
# rows: 6
# columns: 2
 4534 -620
 6223 -372
 6603 -124
 6675 124
 5892 370
 4449 620


