# Created by Octave 3.8.2, Sat Jun 20 11:23:35 2020 CEST <damian@fptrucha.inv.usc.es>
# name: hd
# type: matrix
# rows: 6
# columns: 2
 5685 -620
 7653 -372
 7727 -124
 7215 124
 6202 370
 4743 620


