# Created by Octave 3.8.2, Sun Jun 21 06:54:14 2020 CEST <damian@fptrucha.inv.usc.es>
# name: hd
# type: matrix
# rows: 6
# columns: 2
 5058 -620
 6699 -372
 6630 -124
 6341 124
 5351 370
 4036 620


