# Created by Octave 3.8.2, Sat Jun 20 04:45:17 2020 CEST <damian@fptrucha.inv.usc.es>
# name: hd
# type: matrix
# rows: 6
# columns: 2
 5914 -620
 7556 -372
 7609 -124
 7147 124
 6291 370
 4651 620


