# Created by Octave 3.8.2, Sun Jun 21 05:53:20 2020 CEST <damian@fptrucha.inv.usc.es>
# name: hd
# type: matrix
# rows: 6
# columns: 2
 5181 -620
 6807 -372
 6722 -124
 6401 124
 5577 370
 4174 620


