# Created by Octave 3.8.2, Mon Jun 22 06:32:35 2020 CEST <damian@fptrucha.inv.usc.es>
# name: hd
# type: matrix
# rows: 6
# columns: 2
 4520 -620
 6148 -372
 6618 -124
 6614 124
 5791 370
 4321 620


