# Created by Octave 3.8.2, Mon Jun 22 05:13:08 2020 CEST <damian@fptrucha.inv.usc.es>
# name: hd
# type: matrix
# rows: 6
# columns: 2
 3060 -620
 3964 -372
 4350 -124
 4175 124
 3594 370
 2720 620


