# Created by Octave 3.8.2, Mon Jun 22 18:15:25 2020 CEST <damian@fptrucha.inv.usc.es>
# name: hd
# type: matrix
# rows: 6
# columns: 2
 5168 -620
 6839 -372
 7301 -124
 7080 124
 6076 370
 4759 620


