# Created by Octave 3.8.2, Sat Jun 20 22:32:15 2020 CEST <damian@fptrucha.inv.usc.es>
# name: hd
# type: matrix
# rows: 6
# columns: 2
 5042 -620
 6980 -372
 6769 -124
 6509 124
 5700 370
 4175 620


