# Created by Octave 3.8.2, Sat Jun 20 09:46:12 2020 CEST <damian@fptrucha.inv.usc.es>
# name: hd
# type: matrix
# rows: 6
# columns: 2
 5839 -620
 7987 -372
 7785 -124
 7418 124
 6420 370
 4839 620


