# Created by Octave 3.8.2, Sat Jun 20 08:48:20 2020 CEST <damian@fptrucha.inv.usc.es>
# name: hd
# type: matrix
# rows: 6
# columns: 2
 6183 -620
 7926 -372
 7833 -124
 7586 124
 6495 370
 4777 620


