# Created by Octave 3.8.2, Mon Jun 22 04:12:25 2020 CEST <damian@fptrucha.inv.usc.es>
# name: hd
# type: matrix
# rows: 6
# columns: 2
 4609 -620
 6053 -372
 6359 -124
 6261 124
 5388 370
 4020 620


