# Created by Octave 3.8.2, Mon Jun 22 01:33:50 2020 CEST <damian@fptrucha.inv.usc.es>
# name: hd
# type: matrix
# rows: 6
# columns: 2
 5333 -620
 7025 -372
 7051 -124
 6543 124
 5616 370
 4248 620


