# Created by Octave 3.8.2, Mon Jun 22 03:08:44 2020 CEST <damian@fptrucha.inv.usc.es>
# name: hd
# type: matrix
# rows: 6
# columns: 2
 4555 -620
 6081 -372
 6506 -124
 6417 124
 5617 370
 4228 620


