# Created by Octave 3.8.2, Mon Jun 22 20:28:15 2020 CEST <damian@fptrucha.inv.usc.es>
# name: hd
# type: matrix
# rows: 6
# columns: 2
 5404 -620
 6888 -372
 7309 -124
 6913 124
 6268 370
 4916 620


