# Created by Octave 3.8.2, Sat Jun 20 20:11:18 2020 CEST <damian@fptrucha.inv.usc.es>
# name: hd
# type: matrix
# rows: 6
# columns: 2
 5253 -620
 6945 -372
 6831 -124
 6556 124
 5727 370
 4460 620


