# Created by Octave 3.8.2, Sun Jun 21 06:46:25 2020 CEST <damian@fptrucha.inv.usc.es>
# name: hd
# type: matrix
# rows: 6
# columns: 2
 5073 -620
 6982 -372
 6716 -124
 6274 124
 5598 370
 4088 620


