# Created by Octave 3.8.2, Sat Jun 20 07:24:28 2020 CEST <damian@fptrucha.inv.usc.es>
# name: hd
# type: matrix
# rows: 6
# columns: 2
 6019 -620
 7934 -372
 7982 -124
 7343 124
 6400 370
 4554 620


