# Created by Octave 3.8.2, Mon Jun 22 09:40:09 2020 CEST <damian@fptrucha.inv.usc.es>
# name: hd
# type: matrix
# rows: 6
# columns: 2
 3055 -620
 4129 -372
 4464 -124
 4287 124
 3874 370
 3014 620


