# Created by Octave 3.8.2, Mon Jun 22 09:39:31 2020 CEST <damian@fptrucha.inv.usc.es>
# name: hd
# type: matrix
# rows: 6
# columns: 2
 4786 -620
 6265 -372
 6730 -124
 6764 124
 5862 370
 4507 620


