# Created by Octave 3.8.2, Mon Jun 22 15:31:18 2020 CEST <damian@fptrucha.inv.usc.es>
# name: hd
# type: matrix
# rows: 6
# columns: 2
 5122 -620
 6680 -372
 7225 -124
 7032 124
 6105 370
 4750 620


