# Created by Octave 3.8.2, Sat Jun 20 07:54:39 2020 CEST <damian@fptrucha.inv.usc.es>
# name: hd
# type: matrix
# rows: 6
# columns: 2
 5290 -620
 8530 -372
 7925 -124
 7767 124
 6825 370
 4102 620


