# Created by Octave 3.8.2, Sat Jun 20 18:22:03 2020 CEST <damian@fptrucha.inv.usc.es>
# name: hd
# type: matrix
# rows: 6
# columns: 2
 4723 -620
 7726 -372
 7036 -124
 6802 124
 5964 370
 3631 620


