# Created by Octave 3.8.2, Mon Jun 22 07:56:06 2020 CEST <damian@fptrucha.inv.usc.es>
# name: hd
# type: matrix
# rows: 6
# columns: 2
 3957 -620
 6603 -372
 6931 -124
 6704 124
 6219 370
 3735 620


