# Created by Octave 3.8.2, Sat Jun 20 23:19:35 2020 CEST <damian@fptrucha.inv.usc.es>
# name: hd
# type: matrix
# rows: 6
# columns: 2
 4487 -620
 7358 -372
 7011 -124
 6549 124
 5733 370
 3510 620


