# Created by Octave 3.8.2, Tue Jun 23 00:43:42 2020 CEST <damian@fptrucha.inv.usc.es>
# name: hd
# type: matrix
# rows: 6
# columns: 2
 4672 -620
 7688 -372
 7561 -124
 7499 124
 6756 370
 4081 620


