# Created by Octave 3.8.2, Sat Jun 20 20:48:04 2020 CEST <damian@fptrucha.inv.usc.es>
# name: hd
# type: matrix
# rows: 6
# columns: 2
 4556 -620
 7391 -372
 7007 -124
 6840 124
 5812 370
 3652 620


