# Created by Octave 3.8.2, Sat Jun 20 22:33:37 2020 CEST <damian@fptrucha.inv.usc.es>
# name: hd
# type: matrix
# rows: 6
# columns: 2
 4632 -620
 7452 -372
 7099 -124
 6585 124
 5890 370
 3646 620


