# Created by Octave 3.8.2, Sat Jun 20 03:50:52 2020 CEST <damian@fptrucha.inv.usc.es>
# name: hd
# type: matrix
# rows: 6
# columns: 2
 5104 -620
 8264 -372
 7817 -124
 7317 124
 6714 370
 3890 620


