# Created by Octave 3.8.2, Sat Jun 20 22:53:54 2020 CEST <damian@fptrucha.inv.usc.es>
# name: hd
# type: matrix
# rows: 6
# columns: 2
 4499 -620
 7427 -372
 7028 -124
 6397 124
 5860 370
 3445 620


