# Created by Octave 3.8.2, Sat Jun 20 07:41:57 2020 CEST <damian@fptrucha.inv.usc.es>
# name: hd
# type: matrix
# rows: 6
# columns: 2
 5349 -620
 8508 -372
 7999 -124
 7795 124
 6739 370
 4053 620


