# Created by Octave 3.8.2, Sun Jun 21 06:44:13 2020 CEST <damian@fptrucha.inv.usc.es>
# name: hd
# type: matrix
# rows: 6
# columns: 2
 4543 -620
 7611 -372
 7093 -124
 6670 124
 5873 370
 3517 620


