# Created by Octave 3.8.2, Mon Jun 22 21:15:26 2020 CEST <damian@fptrucha.inv.usc.es>
# name: hd
# type: matrix
# rows: 6
# columns: 2
 4547 -620
 7504 -372
 7512 -124
 7318 124
 6808 370
 3911 620


