# Created by Octave 3.8.2, Sat Jun 20 18:30:43 2020 CEST <damian@fptrucha.inv.usc.es>
# name: hd
# type: matrix
# rows: 6
# columns: 2
 4644 -620
 7613 -372
 6987 -124
 6652 124
 6125 370
 3556 620


