# Created by Octave 3.8.2, Sat Jun 20 05:45:01 2020 CEST <damian@fptrucha.inv.usc.es>
# name: hd
# type: matrix
# rows: 6
# columns: 2
 5149 -620
 8501 -372
 7783 -124
 7678 124
 6784 370
 3967 620


