# Created by Octave 3.8.2, Mon Jun 22 18:16:09 2020 CEST <damian@fptrucha.inv.usc.es>
# name: hd
# type: matrix
# rows: 6
# columns: 2
 2916 -620
 5026 -372
 4941 -124
 4816 124
 4422 370
 2672 620


