# Created by Octave 3.8.2, Mon Jun 22 18:17:15 2020 CEST <damian@fptrucha.inv.usc.es>
# name: hd
# type: matrix
# rows: 6
# columns: 2
 4433 -620
 7339 -372
 7460 -124
 7416 124
 6561 370
 3903 620


