# Created by Octave 3.8.2, Mon Jun 22 21:59:28 2020 CEST <damian@fptrucha.inv.usc.es>
# name: hd
# type: matrix
# rows: 6
# columns: 2
 4583 -620
 7649 -372
 7750 -124
 7402 124
 6672 370
 3968 620


