# Created by Octave 3.8.2, Sat Jun 20 08:43:50 2020 CEST <damian@fptrucha.inv.usc.es>
# name: hd
# type: matrix
# rows: 6
# columns: 2
 5340 -620
 8607 -372
 8133 -124
 7778 124
 6858 370
 3983 620


