# Created by Octave 3.8.2, Sat Jun 20 21:20:59 2020 CEST <damian@fptrucha.inv.usc.es>
# name: hd
# type: matrix
# rows: 6
# columns: 2
 4603 -620
 7381 -372
 6858 -124
 6655 124
 5944 370
 3543 620


