# Created by Octave 3.8.2, Sat Jun 20 20:41:31 2020 CEST <damian@fptrucha.inv.usc.es>
# name: hd
# type: matrix
# rows: 6
# columns: 2
 3069 -620
 5005 -372
 4617 -124
 4328 124
 4064 370
 2429 620


