# Created by Octave 3.8.2, Mon Jun 22 10:16:33 2020 CEST <damian@fptrucha.inv.usc.es>
# name: hd
# type: matrix
# rows: 6
# columns: 2
 4199 -620
 7035 -372
 7221 -124
 6825 124
 6327 370
 3816 620


