# Created by Octave 3.8.2, Mon Jun 22 18:24:01 2020 CEST <damian@fptrucha.inv.usc.es>
# name: hd
# type: matrix
# rows: 6
# columns: 2
 4449 -620
 7383 -372
 7538 -124
 7218 124
 6539 370
 3919 620


