# Created by Octave 3.8.2, Sat Jun 20 15:18:21 2020 CEST <damian@fptrucha.inv.usc.es>
# name: hd
# type: matrix
# rows: 6
# columns: 2
 3084 -620
 5124 -372
 4829 -124
 4456 124
 4103 370
 2423 620


