# Created by Octave 3.8.2, Mon Jun 22 09:23:57 2020 CEST <damian@fptrucha.inv.usc.es>
# name: hd
# type: matrix
# rows: 6
# columns: 2
 3956 -620
 6856 -372
 7156 -124
 6854 124
 6205 370
 3789 620


