# Created by Octave 3.8.2, Mon Jun 22 16:33:19 2020 CEST <damian@fptrucha.inv.usc.es>
# name: hd
# type: matrix
# rows: 6
# columns: 2
 4351 -620
 7284 -372
 7446 -124
 7250 124
 6568 370
 4027 620


