# Created by Octave 3.8.2, Sat Jun 20 13:32:00 2020 CEST <damian@fptrucha.inv.usc.es>
# name: hd
# type: matrix
# rows: 6
# columns: 2
 4986 -620
 7963 -372
 7578 -124
 7195 124
 6423 370
 3777 620


