# Created by Octave 3.8.2, Mon Jun 22 16:02:37 2020 CEST <damian@fptrucha.inv.usc.es>
# name: hd
# type: matrix
# rows: 6
# columns: 2
 4484 -620
 7529 -372
 7708 -124
 7227 124
 6664 370
 3789 620


