# Created by Octave 3.8.2, Sun Jun 21 03:06:26 2020 CEST <damian@fptrucha.inv.usc.es>
# name: hd
# type: matrix
# rows: 6
# columns: 2
 4632 -620
 7388 -372
 6900 -124
 6594 124
 5943 370
 3461 620


