# Created by Octave 3.8.2, Mon Jun 22 07:45:18 2020 CEST <damian@fptrucha.inv.usc.es>
# name: hd
# type: matrix
# rows: 6
# columns: 2
 3929 -620
 6609 -372
 7020 -124
 6864 124
 6311 370
 3807 620


