# Created by Octave 3.8.2, Tue Jun 23 00:21:54 2020 CEST <damian@fptrucha.inv.usc.es>
# name: hd
# type: matrix
# rows: 6
# columns: 2
 4665 -620
 7862 -372
 7837 -124
 7501 124
 6782 370
 3983 620


