# Created by Octave 3.8.2, Mon Jun 22 19:47:22 2020 CEST <damian@fptrucha.inv.usc.es>
# name: hd
# type: matrix
# rows: 6
# columns: 2
 4504 -620
 7545 -372
 7702 -124
 7341 124
 6511 370
 4008 620


