# Created by Octave 3.8.2, Sun Jun 21 01:16:28 2020 CEST <damian@fptrucha.inv.usc.es>
# name: hd
# type: matrix
# rows: 6
# columns: 2
 4634 -620
 7426 -372
 6814 -124
 6586 124
 5828 370
 3546 620


