# Created by Octave 3.8.2, Mon Jun 22 22:25:53 2020 CEST <damian@fptrucha.inv.usc.es>
# name: hd
# type: matrix
# rows: 6
# columns: 2
 4564 -620
 7819 -372
 7557 -124
 7465 124
 6672 370
 3984 620


