# Created by Octave 3.8.2, Sun Jun 21 02:03:26 2020 CEST <damian@fptrucha.inv.usc.es>
# name: hd
# type: matrix
# rows: 6
# columns: 2
 4574 -620
 7436 -372
 7000 -124
 6563 124
 5723 370
 3489 620


