# Created by Octave 3.8.2, Mon Jun 22 23:09:29 2020 CEST <damian@fptrucha.inv.usc.es>
# name: hd
# type: matrix
# rows: 6
# columns: 2
 4616 -620
 7777 -372
 7877 -124
 7439 124
 6695 370
 4030 620


