# Created by Octave 3.8.2, Sat Jun 20 11:20:41 2020 CEST <damian@fptrucha.inv.usc.es>
# name: hd
# type: matrix
# rows: 6
# columns: 2
 5182 -620
 8446 -372
 7853 -124
 7410 124
 6572 370
 3944 620


