# Created by Octave 3.8.2, Mon Jun 22 12:30:13 2020 CEST <damian@fptrucha.inv.usc.es>
# name: hd
# type: matrix
# rows: 6
# columns: 2
 4199 -620
 7092 -372
 7421 -124
 7072 124
 6327 370
 3921 620


