# Created by Octave 3.8.2, Mon Jun 22 19:04:24 2020 CEST <damian@fptrucha.inv.usc.es>
# name: hd
# type: matrix
# rows: 6
# columns: 2
 4488 -620
 7615 -372
 7468 -124
 7130 124
 6522 370
 3977 620


