# Created by Octave 3.8.2, Mon Jun 22 13:05:42 2020 CEST <damian@fptrucha.inv.usc.es>
# name: hd
# type: matrix
# rows: 6
# columns: 2
 2760 -620
 4665 -372
 4707 -124
 4727 124
 4213 370
 2532 620


