# Created by Octave 3.8.2, Sat Jun 20 17:22:54 2020 CEST <damian@fptrucha.inv.usc.es>
# name: hd
# type: matrix
# rows: 6
# columns: 2
 4579 -620
 7705 -372
 7183 -124
 6872 124
 5944 370
 3607 620


