# Created by Octave 3.8.2, Mon Jun 22 18:20:38 2020 CEST <damian@fptrucha.inv.usc.es>
# name: hd
# type: matrix
# rows: 6
# columns: 2
 4438 -620
 7317 -372
 7543 -124
 7217 124
 6689 370
 3972 620


