# Created by Octave 3.8.2, Sat Jun 20 20:06:07 2020 CEST <damian@fptrucha.inv.usc.es>
# name: hd
# type: matrix
# rows: 6
# columns: 2
 4537 -620
 7714 -372
 7159 -124
 6723 124
 5955 370
 3546 620


