# Created by Octave 3.8.2, Sun Jun 21 08:18:40 2020 CEST <damian@fptrucha.inv.usc.es>
# name: hd
# type: matrix
# rows: 6
# columns: 2
 4489 -620
 7395 -372
 6826 -124
 6287 124
 5682 370
 3395 620


