# Created by Octave 3.8.2, Mon Jun 22 21:09:30 2020 CEST <damian@fptrucha.inv.usc.es>
# name: hd
# type: matrix
# rows: 6
# columns: 2
 4676 -620
 7681 -372
 7609 -124
 7452 124
 6736 370
 3966 620


