# Created by Octave 3.8.2, Sun Jun 21 04:39:53 2020 CEST <damian@fptrucha.inv.usc.es>
# name: hd
# type: matrix
# rows: 6
# columns: 2
 4567 -620
 7501 -372
 7057 -124
 6938 124
 5896 370
 3550 620


