# Created by Octave 3.8.2, Mon Jun 22 12:01:30 2020 CEST <damian@fptrucha.inv.usc.es>
# name: hd
# type: matrix
# rows: 6
# columns: 2
 4247 -620
 6902 -372
 7206 -124
 6887 124
 6273 370
 3834 620


