# Created by Octave 3.8.2, Sat Jun 20 23:40:31 2020 CEST <damian@fptrucha.inv.usc.es>
# name: hd
# type: matrix
# rows: 6
# columns: 2
 4461 -620
 7289 -372
 6929 -124
 6586 124
 5882 370
 3479 620


