# Created by Octave 3.8.2, Mon Jun 22 16:56:24 2020 CEST <damian@fptrucha.inv.usc.es>
# name: hd
# type: matrix
# rows: 6
# columns: 2
 4439 -620
 7359 -372
 7557 -124
 7371 124
 6615 370
 3863 620


