# Created by Octave 3.8.2, Mon Jun 22 07:04:38 2020 CEST <damian@fptrucha.inv.usc.es>
# name: hd
# type: matrix
# rows: 6
# columns: 2
 3907 -620
 6636 -372
 6932 -124
 6779 124
 6177 370
 3645 620


