# Created by Octave 3.8.2, Sat Jun 20 07:01:46 2020 CEST <damian@fptrucha.inv.usc.es>
# name: hd
# type: matrix
# rows: 6
# columns: 2
 5312 -620
 8513 -372
 8054 -124
 7736 124
 6796 370
 4118 620


