# Created by Octave 3.8.2, Mon Jun 22 21:57:05 2020 CEST <damian@fptrucha.inv.usc.es>
# name: hd
# type: matrix
# rows: 6
# columns: 2
 4615 -620
 7657 -372
 7762 -124
 7439 124
 6877 370
 3910 620


