# Created by Octave 3.8.2, Sun Jun 21 02:36:46 2020 CEST <damian@fptrucha.inv.usc.es>
# name: hd
# type: matrix
# rows: 6
# columns: 2
 4479 -620
 7390 -372
 6887 -124
 6585 124
 5810 370
 3513 620


