# Created by Octave 3.8.2, Sun Jun 21 00:15:55 2020 CEST <damian@fptrucha.inv.usc.es>
# name: hd
# type: matrix
# rows: 6
# columns: 2
 4527 -620
 7449 -372
 6996 -124
 6524 124
 5838 370
 3453 620


