# Created by Octave 3.8.2, Sat Jun 20 06:07:47 2020 CEST <damian@fptrucha.inv.usc.es>
# name: hd
# type: matrix
# rows: 6
# columns: 2
 5218 -620
 8592 -372
 7972 -124
 7581 124
 6716 370
 3984 620


