# Created by Octave 3.8.2, Mon Jun 22 07:36:04 2020 CEST <damian@fptrucha.inv.usc.es>
# name: hd
# type: matrix
# rows: 6
# columns: 2
 3911 -620
 6577 -372
 7087 -124
 6800 124
 6049 370
 3717 620


