# Created by Octave 3.8.2, Mon Jun 22 04:59:09 2020 CEST <damian@fptrucha.inv.usc.es>
# name: hd
# type: matrix
# rows: 6
# columns: 2
 4038 -620
 6433 -372
 6582 -124
 6468 124
 5605 370
 3331 620


