# Created by Octave 3.8.2, Sun Jun 21 01:15:22 2020 CEST <damian@fptrucha.inv.usc.es>
# name: hd
# type: matrix
# rows: 6
# columns: 2
 4440 -620
 7456 -372
 6905 -124
 6498 124
 5996 370
 3378 620


