# Created by Octave 3.8.2, Sat Jun 20 13:10:24 2020 CEST <damian@fptrucha.inv.usc.es>
# name: hd
# type: matrix
# rows: 6
# columns: 2
 5022 -620
 8347 -372
 7743 -124
 7378 124
 6420 370
 3872 620


