# Created by Octave 3.8.2, Sat Jun 20 04:53:11 2020 CEST <damian@fptrucha.inv.usc.es>
# name: hd
# type: matrix
# rows: 6
# columns: 2
 5054 -620
 8300 -372
 7784 -124
 7424 124
 6747 370
 4107 620


