# Created by Octave 3.8.2, Sat Jun 20 21:14:37 2020 CEST <damian@fptrucha.inv.usc.es>
# name: hd
# type: matrix
# rows: 6
# columns: 2
 4567 -620
 7501 -372
 6940 -124
 6656 124
 5847 370
 3512 620


