# Created by Octave 3.8.2, Sat Jun 20 13:36:07 2020 CEST <damian@fptrucha.inv.usc.es>
# name: hd
# type: matrix
# rows: 6
# columns: 2
 4948 -620
 8049 -372
 7633 -124
 7321 124
 6319 370
 3715 620


