# Created by Octave 3.8.2, Sat Jun 20 09:40:25 2020 CEST <damian@fptrucha.inv.usc.es>
# name: hd
# type: matrix
# rows: 6
# columns: 2
 5297 -620
 8523 -372
 8136 -124
 7739 124
 6854 370
 4003 620


