# Created by Octave 3.8.2, Sat Jun 20 21:23:38 2020 CEST <damian@fptrucha.inv.usc.es>
# name: hd
# type: matrix
# rows: 6
# columns: 2
 4554 -620
 7337 -372
 7024 -124
 6696 124
 5879 370
 3543 620


