# Created by Octave 3.8.2, Mon Jun 22 09:41:13 2020 CEST <damian@fptrucha.inv.usc.es>
# name: hd
# type: matrix
# rows: 6
# columns: 2
 4081 -620
 6745 -372
 7011 -124
 6820 124
 6328 370
 3750 620


