# Created by Octave 3.8.2, Mon Jun 22 07:38:12 2020 CEST <damian@fptrucha.inv.usc.es>
# name: hd
# type: matrix
# rows: 6
# columns: 2
 4015 -620
 6894 -372
 7059 -124
 6823 124
 6257 370
 3686 620


