# Created by Octave 3.8.2, Sat Jun 20 06:40:34 2020 CEST <damian@fptrucha.inv.usc.es>
# name: hd
# type: matrix
# rows: 6
# columns: 2
 5104 -620
 8415 -372
 7973 -124
 7471 124
 6702 370
 3903 620


