# Created by Octave 3.8.2, Sun Jun 21 04:49:35 2020 CEST <damian@fptrucha.inv.usc.es>
# name: hd
# type: matrix
# rows: 6
# columns: 2
 4468 -620
 7557 -372
 6956 -124
 6860 124
 5921 370
 3608 620


