# Created by Octave 3.8.2, Mon Jun 22 18:15:26 2020 CEST <damian@fptrucha.inv.usc.es>
# name: hd
# type: matrix
# rows: 6
# columns: 2
 4383 -620
 7498 -372
 7464 -124
 7232 124
 6609 370
 4037 620


