# Created by Octave 3.8.2, Sat Jun 20 09:06:10 2020 CEST <damian@fptrucha.inv.usc.es>
# name: hd
# type: matrix
# rows: 6
# columns: 2
 5391 -620
 8635 -372
 8033 -124
 7817 124
 6978 370
 4113 620


