# Created by Octave 3.8.2, Sat Jun 20 08:45:21 2020 CEST <damian@fptrucha.inv.usc.es>
# name: hd
# type: matrix
# rows: 6
# columns: 2
 5374 -620
 8703 -372
 8397 -124
 7635 124
 7023 370
 4031 620


