# Created by Octave 3.8.2, Sat Jun 20 22:02:40 2020 CEST <damian@fptrucha.inv.usc.es>
# name: hd
# type: matrix
# rows: 6
# columns: 2
 4573 -620
 7352 -372
 6832 -124
 6499 124
 5902 370
 3458 620


