# Created by Octave 3.8.2, Mon Jun 22 04:40:42 2020 CEST <damian@fptrucha.inv.usc.es>
# name: hd
# type: matrix
# rows: 6
# columns: 2
 3950 -620
 6395 -372
 6419 -124
 6454 124
 5563 370
 3235 620


