# Created by Octave 3.8.2, Sun Jun 21 06:52:02 2020 CEST <damian@fptrucha.inv.usc.es>
# name: hd
# type: matrix
# rows: 6
# columns: 2
 4575 -620
 7486 -372
 6893 -124
 6518 124
 5709 370
 3428 620


