# Created by Octave 3.8.2, Mon Jun 22 14:34:16 2020 CEST <damian@fptrucha.inv.usc.es>
# name: hd
# type: matrix
# rows: 6
# columns: 2
 4221 -620
 7067 -372
 7436 -124
 7179 124
 6518 370
 3866 620


