# Created by Octave 3.8.2, Mon Jun 22 22:15:38 2020 CEST <damian@fptrucha.inv.usc.es>
# name: hd
# type: matrix
# rows: 6
# columns: 2
 4581 -620
 7677 -372
 7765 -124
 7418 124
 6722 370
 4030 620


