# Created by Octave 3.8.2, Mon Jun 22 02:27:10 2020 CEST <damian@fptrucha.inv.usc.es>
# name: hd
# type: matrix
# rows: 6
# columns: 2
 532 -620
 483 -372
 975 -124
 61 124
 29 370
 14 620


