# Created by Octave 3.8.2, Mon Jun 22 20:48:45 2020 CEST <damian@fptrucha.inv.usc.es>
# name: hd
# type: matrix
# rows: 6
# columns: 2
 4467 -620
 7627 -372
 7558 -124
 7339 124
 6656 370
 3951 620


