# Created by Octave 3.8.2, Sun Jun 21 04:06:45 2020 CEST <damian@fptrucha.inv.usc.es>
# name: hd
# type: matrix
# rows: 6
# columns: 2
 4488 -620
 7456 -372
 6945 -124
 6680 124
 5720 370
 3512 620


