# Created by Octave 3.8.2, Mon Jun 22 04:21:53 2020 CEST <damian@fptrucha.inv.usc.es>
# name: hd
# type: matrix
# rows: 6
# columns: 2
 4009 -620
 6293 -372
 6642 -124
 6563 124
 5626 370
 3429 620


