# Created by Octave 3.8.2, Sat Jun 20 22:58:35 2020 CEST <damian@fptrucha.inv.usc.es>
# name: hd
# type: matrix
# rows: 6
# columns: 2
 2898 -620
 4883 -372
 4584 -124
 4471 124
 3922 370
 2357 620


