# Created by Octave 3.8.2, Mon Jun 22 00:34:13 2020 CEST <damian@fptrucha.inv.usc.es>
# name: hd
# type: matrix
# rows: 6
# columns: 2
 4548 -620
 7330 -372
 7047 -124
 6622 124
 5879 370
 3575 620


