# Created by Octave 3.8.2, Mon Jun 22 00:56:34 2020 CEST <damian@fptrucha.inv.usc.es>
# name: hd
# type: matrix
# rows: 6
# columns: 2
 4816 -620
 7912 -372
 7449 -124
 7112 124
 6211 370
 3707 620


