# Created by Octave 3.8.2, Mon Jun 22 08:58:57 2020 CEST <damian@fptrucha.inv.usc.es>
# name: hd
# type: matrix
# rows: 6
# columns: 2
 4016 -620
 6747 -372
 7013 -124
 7008 124
 6208 370
 3697 620


