# Created by Octave 3.8.2, Mon Jun 22 07:52:02 2020 CEST <damian@fptrucha.inv.usc.es>
# name: hd
# type: matrix
# rows: 6
# columns: 2
 4055 -620
 6637 -372
 7073 -124
 6758 124
 6156 370
 3742 620


