# Created by Octave 3.8.2, Sat Jun 20 21:46:22 2020 CEST <damian@fptrucha.inv.usc.es>
# name: hd
# type: matrix
# rows: 6
# columns: 2
 4632 -620
 7515 -372
 6915 -124
 6624 124
 5889 370
 3504 620


