# Created by Octave 3.8.2, Sat Jun 20 02:12:23 2020 CEST <damian@fptrucha.inv.usc.es>
# name: hd
# type: matrix
# rows: 6
# columns: 2
 5003 -620
 8041 -372
 7555 -124
 7321 124
 6462 370
 3994 620


