# Created by Octave 3.8.2, Mon Jun 22 06:13:54 2020 CEST <damian@fptrucha.inv.usc.es>
# name: hd
# type: matrix
# rows: 6
# columns: 2
 3781 -620
 6555 -372
 6978 -124
 6764 124
 6145 370
 3688 620


