# Created by Octave 3.8.2, Mon Jun 22 19:05:33 2020 CEST <damian@fptrucha.inv.usc.es>
# name: hd
# type: matrix
# rows: 6
# columns: 2
 4479 -620
 7738 -372
 7713 -124
 7318 124
 6583 370
 3930 620


