# Created by Octave 3.8.2, Mon Jun 22 16:06:01 2020 CEST <damian@fptrucha.inv.usc.es>
# name: hd
# type: matrix
# rows: 6
# columns: 2
 4371 -620
 7481 -372
 7509 -124
 7260 124
 6599 370
 3928 620


