# Created by Octave 3.8.2, Sat Jun 20 12:09:04 2020 CEST <damian@fptrucha.inv.usc.es>
# name: hd
# type: matrix
# rows: 6
# columns: 2
 5057 -620
 8167 -372
 7824 -124
 7377 124
 6499 370
 3855 620


