# Created by Octave 3.8.2, Mon Jun 22 08:49:37 2020 CEST <damian@fptrucha.inv.usc.es>
# name: hd
# type: matrix
# rows: 6
# columns: 2
 4041 -620
 6738 -372
 7051 -124
 6825 124
 6364 370
 3705 620


