# Created by Octave 3.8.2, Sun Jun 21 00:52:54 2020 CEST <damian@fptrucha.inv.usc.es>
# name: hd
# type: matrix
# rows: 6
# columns: 2
 4531 -620
 7324 -372
 6755 -124
 6500 124
 5593 370
 3500 620


