# Created by Octave 3.8.2, Sun Jun 21 06:39:33 2020 CEST <damian@fptrucha.inv.usc.es>
# name: hd
# type: matrix
# rows: 6
# columns: 2
 3191 -620
 5067 -372
 4774 -124
 4533 124
 3933 370
 2301 620


