# Created by Octave 3.8.2, Mon Jun 22 12:33:23 2020 CEST <damian@fptrucha.inv.usc.es>
# name: hd
# type: matrix
# rows: 6
# columns: 2
 4220 -620
 7161 -372
 7368 -124
 7133 124
 6422 370
 3799 620


