# Created by Octave 3.8.2, Mon Jun 22 03:05:52 2020 CEST <damian@fptrucha.inv.usc.es>
# name: hd
# type: matrix
# rows: 6
# columns: 2
 3992 -620
 6383 -372
 6749 -124
 6631 124
 6077 370
 3611 620


