# Created by Octave 3.8.2, Sat Jun 20 09:33:08 2020 CEST <damian@fptrucha.inv.usc.es>
# name: hd
# type: matrix
# rows: 6
# columns: 2
 3447 -620
 5656 -372
 5417 -124
 5119 124
 4608 370
 2628 620


