# Created by Octave 3.8.2, Mon Jun 22 03:30:27 2020 CEST <damian@fptrucha.inv.usc.es>
# name: hd
# type: matrix
# rows: 6
# columns: 2
 3854 -620
 6515 -372
 6813 -124
 6464 124
 5979 370
 3649 620


