# Created by Octave 3.8.2, Sat Jun 20 19:21:49 2020 CEST <damian@fptrucha.inv.usc.es>
# name: hd
# type: matrix
# rows: 6
# columns: 2
 4608 -620
 7665 -372
 6968 -124
 6671 124
 6067 370
 3538 620


