# Created by Octave 3.8.2, Sat Jun 20 15:17:30 2020 CEST <damian@fptrucha.inv.usc.es>
# name: hd
# type: matrix
# rows: 6
# columns: 2
 4654 -620
 7824 -372
 7287 -124
 6830 124
 6117 370
 3710 620


