# Created by Octave 3.8.2, Mon Jun 22 16:37:24 2020 CEST <damian@fptrucha.inv.usc.es>
# name: hd
# type: matrix
# rows: 6
# columns: 2
 2831 -620
 4767 -372
 4804 -124
 4860 124
 4313 370
 2545 620


