# Created by Octave 3.8.2, Mon Jun 22 02:58:36 2020 CEST <damian@fptrucha.inv.usc.es>
# name: hd
# type: matrix
# rows: 6
# columns: 2
 4035 -620
 6455 -372
 6752 -124
 6797 124
 5995 370
 3605 620


