# Created by Octave 3.8.2, Sat Jun 20 12:52:53 2020 CEST <damian@fptrucha.inv.usc.es>
# name: hd
# type: matrix
# rows: 6
# columns: 2
 5089 -620
 8299 -372
 7569 -124
 7381 124
 6499 370
 3916 620


