# Created by Octave 3.8.2, Sat Jun 20 12:38:15 2020 CEST <damian@fptrucha.inv.usc.es>
# name: hd
# type: matrix
# rows: 6
# columns: 2
 5095 -620
 8171 -372
 7751 -124
 7439 124
 6495 370
 3996 620


