# Created by Octave 3.8.2, Mon Jun 22 06:26:36 2020 CEST <damian@fptrucha.inv.usc.es>
# name: hd
# type: matrix
# rows: 6
# columns: 2
 3922 -620
 6411 -372
 6865 -124
 6875 124
 6044 370
 3700 620


