# Created by Octave 3.8.2, Sat Jun 20 03:33:26 2020 CEST <damian@fptrucha.inv.usc.es>
# name: hd
# type: matrix
# rows: 6
# columns: 2
 5056 -620
 8308 -372
 7800 -124
 7387 124
 6546 370
 4011 620


