# Created by Octave 3.8.2, Sun Jun 21 01:47:06 2020 CEST <damian@fptrucha.inv.usc.es>
# name: hd
# type: matrix
# rows: 6
# columns: 2
 4535 -620
 7306 -372
 7050 -124
 6602 124
 5962 370
 3564 620


