# Created by Octave 3.8.2, Mon Jun 22 14:01:51 2020 CEST <damian@fptrucha.inv.usc.es>
# name: hd
# type: matrix
# rows: 6
# columns: 2
 4250 -620
 7139 -372
 7328 -124
 7107 124
 6421 370
 3970 620


