# Created by Octave 3.8.2, Mon Jun 22 17:46:31 2020 CEST <damian@fptrucha.inv.usc.es>
# name: hd
# type: matrix
# rows: 6
# columns: 2
 4428 -620
 7533 -372
 7549 -124
 7335 124
 6710 370
 3895 620


