# Created by Octave 3.8.2, Sat Jun 20 03:57:54 2020 CEST <damian@fptrucha.inv.usc.es>
# name: hd
# type: matrix
# rows: 6
# columns: 2
 5128 -620
 8365 -372
 7759 -124
 7514 124
 6577 370
 3974 620


