# Created by Octave 3.8.2, Sun Jun 21 02:43:24 2020 CEST <damian@fptrucha.inv.usc.es>
# name: hd
# type: matrix
# rows: 6
# columns: 2
 4424 -620
 7400 -372
 6757 -124
 6566 124
 5849 370
 3531 620


