# Created by Octave 3.8.2, Mon Jun 22 00:32:10 2020 CEST <damian@fptrucha.inv.usc.es>
# name: hd
# type: matrix
# rows: 6
# columns: 2
 4774 -620
 7621 -372
 7154 -124
 6587 124
 6016 370
 3500 620


