# Created by Octave 3.8.2, Sun Jun 21 05:25:59 2020 CEST <damian@fptrucha.inv.usc.es>
# name: hd
# type: matrix
# rows: 6
# columns: 2
 4488 -620
 7375 -372
 6929 -124
 6434 124
 5746 370
 3550 620


