# Created by Octave 3.8.2, Mon Jun 22 01:08:16 2020 CEST <damian@fptrucha.inv.usc.es>
# name: hd
# type: matrix
# rows: 6
# columns: 2
 4727 -620
 7588 -372
 7061 -124
 6755 124
 5993 370
 3518 620


