# Created by Octave 3.8.2, Sun Jun 21 07:19:46 2020 CEST <damian@fptrucha.inv.usc.es>
# name: hd
# type: matrix
# rows: 6
# columns: 2
 3004 -620
 4830 -372
 4601 -124
 4292 124
 3870 370
 2190 620


