# Created by Octave 3.8.2, Sun Jun 21 08:16:27 2020 CEST <damian@fptrucha.inv.usc.es>
# name: hd
# type: matrix
# rows: 6
# columns: 2
 4580 -620
 7327 -372
 6838 -124
 6395 124
 5762 370
 3404 620


