# Created by Octave 3.8.2, Mon Jun 22 18:04:08 2020 CEST <damian@fptrucha.inv.usc.es>
# name: hd
# type: matrix
# rows: 6
# columns: 2
 4405 -620
 7320 -372
 7471 -124
 7282 124
 6582 370
 3938 620


