# Created by Octave 3.8.2, Sun Jun 21 00:31:40 2020 CEST <damian@fptrucha.inv.usc.es>
# name: hd
# type: matrix
# rows: 6
# columns: 2
 4426 -620
 7273 -372
 6849 -124
 6519 124
 5843 370
 3477 620


