# Created by Octave 3.8.2, Mon Jun 22 01:22:05 2020 CEST <damian@fptrucha.inv.usc.es>
# name: hd
# type: matrix
# rows: 6
# columns: 2
 4658 -620
 7507 -372
 6862 -124
 6484 124
 5858 370
 3527 620


