# Created by Octave 3.8.2, Sat Jun 20 08:38:35 2020 CEST <damian@fptrucha.inv.usc.es>
# name: hd
# type: matrix
# rows: 6
# columns: 2
 5313 -620
 8596 -372
 8303 -124
 7859 124
 6840 370
 4054 620


