# Created by Octave 3.8.2, Sat Jun 20 21:38:40 2020 CEST <damian@fptrucha.inv.usc.es>
# name: hd
# type: matrix
# rows: 6
# columns: 2
 4508 -620
 7452 -372
 6905 -124
 6731 124
 5887 370
 3511 620


