# Created by Octave 3.8.2, Sun Jun 21 00:11:36 2020 CEST <damian@fptrucha.inv.usc.es>
# name: hd
# type: matrix
# rows: 6
# columns: 2
 4569 -620
 7442 -372
 6854 -124
 6512 124
 5840 370
 3523 620


