# Created by Octave 3.8.2, Sun Jun 21 07:49:17 2020 CEST <damian@fptrucha.inv.usc.es>
# name: hd
# type: matrix
# rows: 6
# columns: 2
 4594 -620
 7528 -372
 7020 -124
 6643 124
 5813 370
 3600 620


