# Created by Octave 3.8.2, Sat Jun 20 10:54:03 2020 CEST <damian@fptrucha.inv.usc.es>
# name: hd
# type: matrix
# rows: 6
# columns: 2
 5097 -620
 8640 -372
 7880 -124
 7530 124
 6590 370
 3820 620


