# Created by Octave 3.8.2, Sat Jun 20 20:49:22 2020 CEST <damian@fptrucha.inv.usc.es>
# name: hd
# type: matrix
# rows: 6
# columns: 2
 4625 -620
 7379 -372
 6930 -124
 6576 124
 5870 370
 3499 620


