# Created by Octave 3.8.2, Mon Jun 22 21:11:55 2020 CEST <damian@fptrucha.inv.usc.es>
# name: hd
# type: matrix
# rows: 6
# columns: 2
 4537 -620
 7642 -372
 7707 -124
 7384 124
 6744 370
 3921 620


