# Created by Octave 3.8.2, Mon Jun 22 11:31:02 2020 CEST <damian@fptrucha.inv.usc.es>
# name: hd
# type: matrix
# rows: 6
# columns: 2
 4065 -620
 6979 -372
 7210 -124
 7041 124
 6396 370
 3809 620


