# Created by Octave 3.8.2, Mon Jun 22 10:19:17 2020 CEST <damian@fptrucha.inv.usc.es>
# name: hd
# type: matrix
# rows: 6
# columns: 2
 4238 -620
 7045 -372
 7308 -124
 7078 124
 6242 370
 3713 620


