# Created by Octave 3.8.2, Mon Jun 22 19:32:42 2020 CEST <damian@fptrucha.inv.usc.es>
# name: hd
# type: matrix
# rows: 6
# columns: 2
 4365 -620
 7631 -372
 7393 -124
 7235 124
 6709 370
 3940 620


