# Created by Octave 3.8.2, Sat Jun 20 08:49:48 2020 CEST <damian@fptrucha.inv.usc.es>
# name: hd
# type: matrix
# rows: 6
# columns: 2
 5338 -620
 8677 -372
 8268 -124
 7804 124
 7014 370
 4167 620


