# Created by Octave 3.8.2, Mon Jun 22 22:02:36 2020 CEST <damian@fptrucha.inv.usc.es>
# name: hd
# type: matrix
# rows: 6
# columns: 2
 4519 -620
 7707 -372
 7730 -124
 7516 124
 6649 370
 3976 620


