# Created by Octave 3.8.2, Sat Jun 20 18:15:37 2020 CEST <damian@fptrucha.inv.usc.es>
# name: hd
# type: matrix
# rows: 6
# columns: 2
 4717 -620
 7466 -372
 7053 -124
 6674 124
 6120 370
 3565 620


