# Created by Octave 3.8.2, Mon Jun 22 08:47:32 2020 CEST <damian@fptrucha.inv.usc.es>
# name: hd
# type: matrix
# rows: 6
# columns: 2
 4030 -620
 6737 -372
 7130 -124
 6879 124
 6248 370
 3682 620


