# Created by Octave 3.8.2, Sun Jun 21 02:07:25 2020 CEST <damian@fptrucha.inv.usc.es>
# name: hd
# type: matrix
# rows: 6
# columns: 2
 4560 -620
 7405 -372
 6891 -124
 6583 124
 5698 370
 3474 620


