# Created by Octave 3.8.2, Mon Jun 22 19:18:52 2020 CEST <damian@fptrucha.inv.usc.es>
# name: hd
# type: matrix
# rows: 6
# columns: 2
 4363 -620
 7399 -372
 7452 -124
 7264 124
 6620 370
 3909 620


