# Created by Octave 3.8.2, Sat Jun 20 21:09:30 2020 CEST <damian@fptrucha.inv.usc.es>
# name: hd
# type: matrix
# rows: 6
# columns: 2
 4464 -620
 7558 -372
 6963 -124
 6637 124
 5829 370
 3568 620


