# Created by Octave 3.8.2, Sat Jun 20 23:03:56 2020 CEST <damian@fptrucha.inv.usc.es>
# name: hd
# type: matrix
# rows: 6
# columns: 2
 4477 -620
 7278 -372
 7060 -124
 6638 124
 5813 370
 3510 620


