# Created by Octave 3.8.2, Sat Jun 20 15:14:49 2020 CEST <damian@fptrucha.inv.usc.es>
# name: hd
# type: matrix
# rows: 6
# columns: 2
 4690 -620
 7674 -372
 7230 -124
 7092 124
 6261 370
 3643 620


