# Created by Octave 3.8.2, Sun Jun 21 05:15:08 2020 CEST <damian@fptrucha.inv.usc.es>
# name: hd
# type: matrix
# rows: 6
# columns: 2
 4559 -620
 7414 -372
 6874 -124
 6686 124
 5779 370
 3520 620


