# Created by Octave 3.8.2, Sun Jun 21 05:21:32 2020 CEST <damian@fptrucha.inv.usc.es>
# name: hd
# type: matrix
# rows: 6
# columns: 2
 4612 -620
 7594 -372
 7026 -124
 6644 124
 5824 370
 3503 620


