# Created by Octave 3.8.2, Mon Jun 22 16:46:18 2020 CEST <damian@fptrucha.inv.usc.es>
# name: hd
# type: matrix
# rows: 6
# columns: 2
 4294 -620
 7267 -372
 7426 -124
 7305 124
 6475 370
 3858 620


