# Created by Octave 3.8.2, Sat Jun 20 02:30:58 2020 CEST <damian@fptrucha.inv.usc.es>
# name: hd
# type: matrix
# rows: 6
# columns: 2
 4936 -620
 8292 -372
 7537 -124
 7189 124
 6628 370
 3846 620


