# Created by Octave 3.8.2, Mon Jun 22 21:16:39 2020 CEST <damian@fptrucha.inv.usc.es>
# name: hd
# type: matrix
# rows: 6
# columns: 2
 4491 -620
 7660 -372
 7578 -124
 7522 124
 6759 370
 3895 620


