# Created by Octave 3.8.2, Mon Jun 22 16:49:40 2020 CEST <damian@fptrucha.inv.usc.es>
# name: hd
# type: matrix
# rows: 6
# columns: 2
 4416 -620
 7296 -372
 7562 -124
 7149 124
 6524 370
 3918 620


