# Created by Octave 3.8.2, Sat Jun 20 04:33:44 2020 CEST <damian@fptrucha.inv.usc.es>
# name: hd
# type: matrix
# rows: 6
# columns: 2
 5009 -620
 8389 -372
 7957 -124
 7399 124
 6671 370
 4000 620


