# Created by Octave 3.8.2, Mon Jun 22 06:42:08 2020 CEST <damian@fptrucha.inv.usc.es>
# name: hd
# type: matrix
# rows: 6
# columns: 2
 3886 -620
 6531 -372
 6778 -124
 6812 124
 6115 370
 3643 620


