# Created by Octave 3.8.2, Sat Jun 20 07:33:09 2020 CEST <damian@fptrucha.inv.usc.es>
# name: hd
# type: matrix
# rows: 6
# columns: 2
 5224 -620
 8545 -372
 7827 -124
 7640 124
 6772 370
 4044 620


