# Created by Octave 3.8.2, Mon Jun 22 15:00:47 2020 CEST <damian@fptrucha.inv.usc.es>
# name: hd
# type: matrix
# rows: 6
# columns: 2
 4428 -620
 7340 -372
 7547 -124
 7238 124
 6665 370
 3928 620


