# Created by Octave 3.8.2, Mon Jun 22 09:56:28 2020 CEST <damian@fptrucha.inv.usc.es>
# name: hd
# type: matrix
# rows: 6
# columns: 2
 4217 -620
 6913 -372
 7179 -124
 6908 124
 6320 370
 3880 620


