# Created by Octave 3.8.2, Tue Jun 23 00:03:18 2020 CEST <damian@fptrucha.inv.usc.es>
# name: hd
# type: matrix
# rows: 6
# columns: 2
 4732 -620
 7795 -372
 7641 -124
 7278 124
 6645 370
 3918 620


