# Created by Octave 3.8.2, Sat Jun 20 05:25:34 2020 CEST <damian@fptrucha.inv.usc.es>
# name: hd
# type: matrix
# rows: 6
# columns: 2
 5092 -620
 8519 -372
 7800 -124
 7636 124
 6793 370
 4045 620


