# Created by Octave 3.8.2, Sat Jun 20 12:39:39 2020 CEST <damian@fptrucha.inv.usc.es>
# name: hd
# type: matrix
# rows: 6
# columns: 2
 5100 -620
 8139 -372
 7767 -124
 7318 124
 6473 370
 3899 620


