# Created by Octave 3.8.2, Sat Jun 20 17:18:55 2020 CEST <damian@fptrucha.inv.usc.es>
# name: hd
# type: matrix
# rows: 6
# columns: 2
 4606 -620
 7744 -372
 7065 -124
 6718 124
 5942 370
 3653 620


