# Created by Octave 3.8.2, Mon Jun 22 03:32:24 2020 CEST <damian@fptrucha.inv.usc.es>
# name: hd
# type: matrix
# rows: 6
# columns: 2
 3914 -620
 6618 -372
 6783 -124
 6586 124
 6046 370
 3488 620


