# Created by Octave 3.8.2, Mon Jun 22 06:39:32 2020 CEST <damian@fptrucha.inv.usc.es>
# name: hd
# type: matrix
# rows: 6
# columns: 2
 3842 -620
 6527 -372
 6865 -124
 6843 124
 6119 370
 3624 620


