# Created by Octave 3.8.2, Sun Jun 21 04:56:17 2020 CEST <damian@fptrucha.inv.usc.es>
# name: hd
# type: matrix
# rows: 6
# columns: 2
 4633 -620
 7396 -372
 6848 -124
 6623 124
 5973 370
 3526 620


