# Created by Octave 3.8.2, Sat Jun 20 10:07:32 2020 CEST <damian@fptrucha.inv.usc.es>
# name: hd
# type: matrix
# rows: 6
# columns: 2
 5052 -620
 8486 -372
 7984 -124
 7644 124
 6716 370
 3983 620


