# Created by Octave 3.8.2, Mon Jun 22 13:07:51 2020 CEST <damian@fptrucha.inv.usc.es>
# name: hd
# type: matrix
# rows: 6
# columns: 2
 4272 -620
 7185 -372
 7389 -124
 7173 124
 6334 370
 3935 620


