# Created by Octave 3.8.2, Sat Jun 20 10:41:43 2020 CEST <damian@fptrucha.inv.usc.es>
# name: hd
# type: matrix
# rows: 6
# columns: 2
 5311 -620
 8460 -372
 8059 -124
 7718 124
 6809 370
 3985 620


