# Created by Octave 3.8.2, Mon Jun 22 06:46:09 2020 CEST <damian@fptrucha.inv.usc.es>
# name: hd
# type: matrix
# rows: 6
# columns: 2
 3891 -620
 6475 -372
 6824 -124
 6814 124
 6087 370
 3643 620


