# Created by Octave 3.8.2, Mon Jun 22 11:51:07 2020 CEST <damian@fptrucha.inv.usc.es>
# name: hd
# type: matrix
# rows: 6
# columns: 2
 2649 -620
 4444 -372
 4730 -124
 4743 124
 4186 370
 2581 620


