# Created by Octave 3.8.2, Mon Jun 22 17:31:36 2020 CEST <damian@fptrucha.inv.usc.es>
# name: hd
# type: matrix
# rows: 6
# columns: 2
 4284 -620
 7564 -372
 7513 -124
 7287 124
 6601 370
 3808 620


