# Created by Octave 3.8.2, Sat Jun 20 13:04:47 2020 CEST <damian@fptrucha.inv.usc.es>
# name: hd
# type: matrix
# rows: 6
# columns: 2
 5084 -620
 8127 -372
 7636 -124
 7315 124
 6423 370
 3925 620


