# Created by Octave 3.8.2, Mon Jun 22 18:48:47 2020 CEST <damian@fptrucha.inv.usc.es>
# name: hd
# type: matrix
# rows: 6
# columns: 2
 4497 -620
 7533 -372
 7451 -124
 7284 124
 6632 370
 4021 620


