# Created by Octave 3.8.2, Sun Jun 21 00:54:00 2020 CEST <damian@fptrucha.inv.usc.es>
# name: hd
# type: matrix
# rows: 6
# columns: 2
 4427 -620
 7423 -372
 6995 -124
 6486 124
 5732 370
 3544 620


