# Created by Octave 3.8.2, Mon Jun 22 13:38:35 2020 CEST <damian@fptrucha.inv.usc.es>
# name: hd
# type: matrix
# rows: 6
# columns: 2
 4271 -620
 7219 -372
 7379 -124
 7000 124
 6554 370
 3855 620


