# Created by Octave 3.8.2, Sat Jun 20 21:47:40 2020 CEST <damian@fptrucha.inv.usc.es>
# name: hd
# type: matrix
# rows: 6
# columns: 2
 4581 -620
 7433 -372
 6995 -124
 6636 124
 5803 370
 3478 620


