# Created by Octave 3.8.2, Mon Jun 22 13:44:39 2020 CEST <damian@fptrucha.inv.usc.es>
# name: hd
# type: matrix
# rows: 6
# columns: 2
 4275 -620
 7150 -372
 7408 -124
 7092 124
 6344 370
 3937 620


