# Created by Octave 3.8.2, Mon Jun 22 04:29:02 2020 CEST <damian@fptrucha.inv.usc.es>
# name: hd
# type: matrix
# rows: 6
# columns: 2
 4001 -620
 6387 -372
 6506 -124
 6414 124
 5605 370
 3238 620


