# Created by Octave 3.8.2, Sat Jun 20 15:26:26 2020 CEST <damian@fptrucha.inv.usc.es>
# name: hd
# type: matrix
# rows: 6
# columns: 2
 4850 -620
 7778 -372
 7212 -124
 7002 124
 6099 370
 3774 620


