# Created by Octave 3.8.2, Sat Jun 20 06:50:44 2020 CEST <damian@fptrucha.inv.usc.es>
# name: hd
# type: matrix
# rows: 6
# columns: 2
 5203 -620
 8501 -372
 8008 -124
 7624 124
 6797 370
 4073 620


