# Created by Octave 3.8.2, Mon Jun 22 14:06:46 2020 CEST <damian@fptrucha.inv.usc.es>
# name: hd
# type: matrix
# rows: 6
# columns: 2
 4213 -620
 7062 -372
 7359 -124
 7182 124
 6440 370
 3841 620


