# Created by Octave 3.8.2, Sat Jun 20 07:37:34 2020 CEST <damian@fptrucha.inv.usc.es>
# name: hd
# type: matrix
# rows: 6
# columns: 2
 5233 -620
 8566 -372
 8005 -124
 7683 124
 6691 370
 3989 620


