# Created by Octave 3.8.2, Sat Jun 20 19:09:21 2020 CEST <damian@fptrucha.inv.usc.es>
# name: hd
# type: matrix
# rows: 6
# columns: 2
 4606 -620
 7667 -372
 6965 -124
 6738 124
 6116 370
 3601 620


