# Created by Octave 3.8.2, Sat Jun 20 21:19:45 2020 CEST <damian@fptrucha.inv.usc.es>
# name: hd
# type: matrix
# rows: 6
# columns: 2
 4515 -620
 7511 -372
 6966 -124
 6685 124
 5974 370
 3544 620


