# Created by Octave 3.8.2, Mon Jun 22 08:48:35 2020 CEST <damian@fptrucha.inv.usc.es>
# name: hd
# type: matrix
# rows: 6
# columns: 2
 3898 -620
 6755 -372
 7118 -124
 6974 124
 6173 370
 3808 620


