# Created by Octave 3.8.2, Mon Jun 22 20:07:45 2020 CEST <damian@fptrucha.inv.usc.es>
# name: hd
# type: matrix
# rows: 6
# columns: 2
 4549 -620
 7604 -372
 7521 -124
 7419 124
 6771 370
 4046 620


