# Created by Octave 3.8.2, Mon Jun 22 06:05:54 2020 CEST <damian@fptrucha.inv.usc.es>
# name: hd
# type: matrix
# rows: 6
# columns: 2
 3936 -620
 6468 -372
 6990 -124
 6825 124
 6227 370
 3628 620


