# Created by Octave 3.8.2, Mon Jun 22 04:24:17 2020 CEST <damian@fptrucha.inv.usc.es>
# name: hd
# type: matrix
# rows: 6
# columns: 2
 4040 -620
 6443 -372
 6715 -124
 6534 124
 5644 370
 3333 620


