# Created by Octave 3.8.2, Sat Jun 20 13:29:13 2020 CEST <damian@fptrucha.inv.usc.es>
# name: hd
# type: matrix
# rows: 6
# columns: 2
 4945 -620
 8046 -372
 7522 -124
 7128 124
 6373 370
 3849 620


