# Created by Octave 3.8.2, Sun Jun 21 05:37:05 2020 CEST <damian@fptrucha.inv.usc.es>
# name: hd
# type: matrix
# rows: 6
# columns: 2
 4417 -620
 7526 -372
 6967 -124
 6719 124
 5917 370
 3524 620


