# Created by Octave 3.8.2, Mon Jun 22 10:12:20 2020 CEST <damian@fptrucha.inv.usc.es>
# name: hd
# type: matrix
# rows: 6
# columns: 2
 4179 -620
 6939 -372
 7257 -124
 6988 124
 6458 370
 3800 620


