# Created by Octave 3.8.2, Sat Jun 20 06:34:51 2020 CEST <damian@fptrucha.inv.usc.es>
# name: hd
# type: matrix
# rows: 6
# columns: 2
 5163 -620
 8451 -372
 8045 -124
 7533 124
 6878 370
 3996 620


