# Created by Octave 3.8.2, Sun Jun 21 05:42:19 2020 CEST <damian@fptrucha.inv.usc.es>
# name: hd
# type: matrix
# rows: 6
# columns: 2
 4440 -620
 7395 -372
 7060 -124
 6628 124
 5843 370
 3567 620


