# Created by Octave 3.8.2, Sat Jun 20 21:49:44 2020 CEST <damian@fptrucha.inv.usc.es>
# name: hd
# type: matrix
# rows: 6
# columns: 2
 2883 -620
 4984 -372
 4645 -124
 4370 124
 3852 370
 2380 620


