# Created by Octave 3.8.2, Mon Jun 22 02:34:03 2020 CEST <damian@fptrucha.inv.usc.es>
# name: hd
# type: matrix
# rows: 6
# columns: 2
 4078 -620
 6454 -372
 6735 -124
 6682 124
 5875 370
 3551 620


