# Created by Octave 3.8.2, Sat Jun 20 16:58:25 2020 CEST <damian@fptrucha.inv.usc.es>
# name: hd
# type: matrix
# rows: 6
# columns: 2
 4794 -620
 7676 -372
 7284 -124
 6806 124
 6179 370
 3639 620


