# Created by Octave 3.8.2, Sat Jun 20 09:27:45 2020 CEST <damian@fptrucha.inv.usc.es>
# name: hd
# type: matrix
# rows: 6
# columns: 2
 5214 -620
 8672 -372
 8252 -124
 7636 124
 6823 370
 4050 620


