# Created by Octave 3.8.2, Mon Jun 22 03:42:37 2020 CEST <damian@fptrucha.inv.usc.es>
# name: hd
# type: matrix
# rows: 6
# columns: 2
 4083 -620
 6630 -372
 6741 -124
 6628 124
 5987 370
 3597 620


