# Created by Octave 3.8.2, Sat Jun 20 16:57:03 2020 CEST <damian@fptrucha.inv.usc.es>
# name: hd
# type: matrix
# rows: 6
# columns: 2
 4655 -620
 7659 -372
 7294 -124
 6816 124
 5987 370
 3631 620


