# Created by Octave 3.8.2, Mon Jun 22 18:21:46 2020 CEST <damian@fptrucha.inv.usc.es>
# name: hd
# type: matrix
# rows: 6
# columns: 2
 4454 -620
 7460 -372
 7579 -124
 7302 124
 6626 370
 3972 620


