# Created by Octave 3.8.2, Sun Jun 21 08:01:21 2020 CEST <damian@fptrucha.inv.usc.es>
# name: hd
# type: matrix
# rows: 6
# columns: 2
 4654 -620
 7709 -372
 7224 -124
 6950 124
 6035 370
 3603 620


