# Created by Octave 3.8.2, Mon Jun 22 17:55:30 2020 CEST <damian@fptrucha.inv.usc.es>
# name: hd
# type: matrix
# rows: 6
# columns: 2
 4407 -620
 7513 -372
 7511 -124
 7262 124
 6690 370
 3992 620


