# Created by Octave 3.8.2, Sat Jun 20 21:17:13 2020 CEST <damian@fptrucha.inv.usc.es>
# name: hd
# type: matrix
# rows: 6
# columns: 2
 4640 -620
 7549 -372
 6978 -124
 6654 124
 5882 370
 3477 620


