# Created by Octave 3.8.2, Mon Jun 22 02:27:43 2020 CEST <damian@fptrucha.inv.usc.es>
# name: hd
# type: matrix
# rows: 6
# columns: 2
 54 -620
 75 -372
 358 -124
 9 124
 10 370
 2 620


