# Created by Octave 3.8.2, Mon Jun 22 05:53:24 2020 CEST <damian@fptrucha.inv.usc.es>
# name: hd
# type: matrix
# rows: 6
# columns: 2
 3805 -620
 6424 -372
 6826 -124
 6826 124
 5992 370
 3612 620


