# Created by Octave 3.8.2, Mon Jun 22 08:50:42 2020 CEST <damian@fptrucha.inv.usc.es>
# name: hd
# type: matrix
# rows: 6
# columns: 2
 3958 -620
 6828 -372
 7031 -124
 6924 124
 6162 370
 3729 620


