# Created by Octave 3.8.2, Mon Jun 22 14:21:26 2020 CEST <damian@fptrucha.inv.usc.es>
# name: hd
# type: matrix
# rows: 6
# columns: 2
 2732 -620
 4587 -372
 4827 -124
 4691 124
 4222 370
 2434 620


