# Created by Octave 3.8.2, Sat Jun 20 08:06:32 2020 CEST <damian@fptrucha.inv.usc.es>
# name: hd
# type: matrix
# rows: 6
# columns: 2
 5304 -620
 8645 -372
 7988 -124
 7682 124
 6808 370
 4113 620


