# Created by Octave 3.8.2, Sat Jun 20 23:56:34 2020 CEST <damian@fptrucha.inv.usc.es>
# name: hd
# type: matrix
# rows: 6
# columns: 2
 4584 -620
 7566 -372
 7040 -124
 6550 124
 5922 370
 3499 620


