# Created by Octave 3.8.2, Sat Jun 20 13:41:40 2020 CEST <damian@fptrucha.inv.usc.es>
# name: hd
# type: matrix
# rows: 6
# columns: 2
 4961 -620
 7997 -372
 7397 -124
 7182 124
 6338 370
 3741 620


