# Created by Octave 3.8.2, Mon Jun 22 11:32:03 2020 CEST <damian@fptrucha.inv.usc.es>
# name: hd
# type: matrix
# rows: 6
# columns: 2
 4152 -620
 6841 -372
 7163 -124
 7087 124
 6374 370
 3780 620


