# Created by Octave 3.8.2, Mon Jun 22 20:52:12 2020 CEST <damian@fptrucha.inv.usc.es>
# name: hd
# type: matrix
# rows: 6
# columns: 2
 4587 -620
 7545 -372
 7628 -124
 7328 124
 6633 370
 4080 620


