# Created by Octave 3.8.2, Mon Jun 22 12:40:52 2020 CEST <damian@fptrucha.inv.usc.es>
# name: hd
# type: matrix
# rows: 6
# columns: 2
 4167 -620
 7106 -372
 7276 -124
 7092 124
 6397 370
 3763 620


