# Created by Octave 3.8.2, Sat Jun 20 18:25:28 2020 CEST <damian@fptrucha.inv.usc.es>
# name: hd
# type: matrix
# rows: 6
# columns: 2
 4460 -620
 7520 -372
 7044 -124
 6837 124
 5945 370
 3594 620


