# Created by Octave 3.8.2, Mon Jun 22 16:44:04 2020 CEST <damian@fptrucha.inv.usc.es>
# name: hd
# type: matrix
# rows: 6
# columns: 2
 4388 -620
 7354 -372
 7434 -124
 7344 124
 6491 370
 3961 620


