# Created by Octave 3.8.2, Mon Jun 22 01:28:05 2020 CEST <damian@fptrucha.inv.usc.es>
# name: hd
# type: matrix
# rows: 6
# columns: 2
 4650 -620
 7714 -372
 7224 -124
 6605 124
 5915 370
 3517 620


