# Created by Octave 3.8.2, Mon Jun 22 04:49:09 2020 CEST <damian@fptrucha.inv.usc.es>
# name: hd
# type: matrix
# rows: 6
# columns: 2
 3946 -620
 6451 -372
 6651 -124
 6388 124
 5567 370
 3313 620


