# Created by Octave 3.8.2, Sun Jun 21 06:28:23 2020 CEST <damian@fptrucha.inv.usc.es>
# name: hd
# type: matrix
# rows: 6
# columns: 2
 4524 -620
 7589 -372
 6975 -124
 6502 124
 5680 370
 3548 620


