# Created by Octave 3.8.2, Sat Jun 20 12:32:30 2020 CEST <damian@fptrucha.inv.usc.es>
# name: hd
# type: matrix
# rows: 6
# columns: 2
 5008 -620
 8154 -372
 7679 -124
 7288 124
 6376 370
 3957 620


