# Created by Octave 3.8.2, Mon Jun 22 11:56:17 2020 CEST <damian@fptrucha.inv.usc.es>
# name: hd
# type: matrix
# rows: 6
# columns: 2
 4058 -620
 6941 -372
 7096 -124
 7016 124
 6309 370
 3765 620


