# Created by Octave 3.8.2, Sat Jun 20 10:59:44 2020 CEST <damian@fptrucha.inv.usc.es>
# name: hd
# type: matrix
# rows: 6
# columns: 2
 5099 -620
 8403 -372
 7868 -124
 7763 124
 6632 370
 3899 620


