# Created by Octave 3.8.2, Mon Jun 22 18:18:22 2020 CEST <damian@fptrucha.inv.usc.es>
# name: hd
# type: matrix
# rows: 6
# columns: 2
 4453 -620
 7431 -372
 7637 -124
 7393 124
 6408 370
 3929 620


