# Created by Octave 3.8.2, Sun Jun 21 06:49:46 2020 CEST <damian@fptrucha.inv.usc.es>
# name: hd
# type: matrix
# rows: 6
# columns: 2
 4437 -620
 7412 -372
 6914 -124
 6477 124
 5748 370
 3427 620


