# Created by Octave 3.8.2, Mon Jun 22 16:09:19 2020 CEST <damian@fptrucha.inv.usc.es>
# name: hd
# type: matrix
# rows: 6
# columns: 2
 4494 -620
 7467 -372
 7481 -124
 7226 124
 6494 370
 3876 620


