# Created by Octave 3.8.2, Sat Jun 20 05:58:05 2020 CEST <damian@fptrucha.inv.usc.es>
# name: hd
# type: matrix
# rows: 6
# columns: 2
 5078 -620
 8555 -372
 8029 -124
 7580 124
 6705 370
 3886 620


