# Created by Octave 3.8.2, Sat Jun 20 12:33:52 2020 CEST <damian@fptrucha.inv.usc.es>
# name: hd
# type: matrix
# rows: 6
# columns: 2
 5199 -620
 8169 -372
 7776 -124
 7361 124
 6409 370
 3807 620


