# Created by Octave 3.8.2, Sat Jun 20 18:46:20 2020 CEST <damian@fptrucha.inv.usc.es>
# name: hd
# type: matrix
# rows: 6
# columns: 2
 4563 -620
 7658 -372
 7172 -124
 6716 124
 6091 370
 3537 620


