# Created by Octave 3.8.2, Mon Jun 22 20:58:08 2020 CEST <damian@fptrucha.inv.usc.es>
# name: hd
# type: matrix
# rows: 6
# columns: 2
 4683 -620
 7456 -372
 7761 -124
 7539 124
 6678 370
 4001 620


