# Created by Octave 3.8.2, Sat Jun 20 23:09:15 2020 CEST <damian@fptrucha.inv.usc.es>
# name: hd
# type: matrix
# rows: 6
# columns: 2
 4581 -620
 7344 -372
 7007 -124
 6635 124
 5796 370
 3555 620


