# Created by Octave 3.8.2, Mon Jun 22 09:26:05 2020 CEST <damian@fptrucha.inv.usc.es>
# name: hd
# type: matrix
# rows: 6
# columns: 2
 4070 -620
 6740 -372
 6916 -124
 6872 124
 6337 370
 3775 620


