# Created by Octave 3.8.2, Mon Jun 22 06:10:52 2020 CEST <damian@fptrucha.inv.usc.es>
# name: hd
# type: matrix
# rows: 6
# columns: 2
 3925 -620
 6476 -372
 6771 -124
 6762 124
 6153 370
 3620 620


