# Created by Octave 3.8.2, Sun Jun 21 02:12:56 2020 CEST <damian@fptrucha.inv.usc.es>
# name: hd
# type: matrix
# rows: 6
# columns: 2
 4644 -620
 7486 -372
 6985 -124
 6551 124
 5821 370
 3542 620


