# Created by Octave 3.8.2, Sat Jun 20 10:16:11 2020 CEST <damian@fptrucha.inv.usc.es>
# name: hd
# type: matrix
# rows: 6
# columns: 2
 5176 -620
 8446 -372
 8062 -124
 7503 124
 6649 370
 3747 620


