# Created by Octave 3.8.2, Mon Jun 22 18:55:43 2020 CEST <damian@fptrucha.inv.usc.es>
# name: hd
# type: matrix
# rows: 6
# columns: 2
 4512 -620
 7422 -372
 7578 -124
 7227 124
 6630 370
 4022 620


