# Created by Octave 3.8.2, Mon Jun 22 17:18:00 2020 CEST <damian@fptrucha.inv.usc.es>
# name: hd
# type: matrix
# rows: 6
# columns: 2
 4326 -620
 7376 -372
 7559 -124
 7375 124
 6547 370
 3898 620


