# Created by Octave 3.8.2, Mon Jun 22 02:57:39 2020 CEST <damian@fptrucha.inv.usc.es>
# name: hd
# type: matrix
# rows: 6
# columns: 2
 4031 -620
 6572 -372
 6806 -124
 6769 124
 6071 370
 3622 620


