# Created by Octave 3.8.2, Mon Jun 22 20:22:22 2020 CEST <damian@fptrucha.inv.usc.es>
# name: hd
# type: matrix
# rows: 6
# columns: 2
 4475 -620
 7474 -372
 7603 -124
 7279 124
 6735 370
 3924 620


