# Created by Octave 3.8.2, Mon Jun 22 06:19:49 2020 CEST <damian@fptrucha.inv.usc.es>
# name: hd
# type: matrix
# rows: 6
# columns: 2
 3865 -620
 6450 -372
 7051 -124
 6716 124
 6306 370
 3645 620


