# Created by Octave 3.8.2, Sat Jun 20 16:45:47 2020 CEST <damian@fptrucha.inv.usc.es>
# name: hd
# type: matrix
# rows: 6
# columns: 2
 4653 -620
 7581 -372
 7087 -124
 6717 124
 6085 370
 3603 620


