# Created by Octave 3.8.2, Sun Jun 21 05:57:46 2020 CEST <damian@fptrucha.inv.usc.es>
# name: hd
# type: matrix
# rows: 6
# columns: 2
 4434 -620
 7245 -372
 6592 -124
 6349 124
 5749 370
 3426 620


