# Created by Octave 3.8.2, Sun Jun 21 03:46:13 2020 CEST <damian@fptrucha.inv.usc.es>
# name: hd
# type: matrix
# rows: 6
# columns: 2
 4593 -620
 7597 -372
 7022 -124
 6633 124
 5794 370
 3568 620


