# Created by Octave 3.8.2, Sat Jun 20 06:47:49 2020 CEST <damian@fptrucha.inv.usc.es>
# name: hd
# type: matrix
# rows: 6
# columns: 2
 5225 -620
 8393 -372
 8054 -124
 7679 124
 6791 370
 4054 620


