# Created by Octave 3.8.2, Mon Jun 22 07:23:20 2020 CEST <damian@fptrucha.inv.usc.es>
# name: hd
# type: matrix
# rows: 6
# columns: 2
 3850 -620
 6428 -372
 7125 -124
 6750 124
 6095 370
 3680 620


