# Created by Octave 3.8.2, Sat Jun 20 22:13:59 2020 CEST <damian@fptrucha.inv.usc.es>
# name: hd
# type: matrix
# rows: 6
# columns: 2
 4607 -620
 7537 -372
 7090 -124
 6646 124
 5945 370
 3510 620


