# Created by Octave 3.8.2, Tue Jun 23 00:05:41 2020 CEST <damian@fptrucha.inv.usc.es>
# name: hd
# type: matrix
# rows: 6
# columns: 2
 4753 -620
 7658 -372
 7737 -124
 7427 124
 6730 370
 4005 620


