# Created by Octave 3.8.2, Sun Jun 21 00:48:37 2020 CEST <damian@fptrucha.inv.usc.es>
# name: hd
# type: matrix
# rows: 6
# columns: 2
 3010 -620
 4815 -372
 4582 -124
 4407 124
 3925 370
 2218 620


