# Created by Octave 3.8.2, Sat Jun 20 18:07:42 2020 CEST <damian@fptrucha.inv.usc.es>
# name: hd
# type: matrix
# rows: 6
# columns: 2
 4605 -620
 7519 -372
 7040 -124
 6790 124
 6109 370
 3525 620


