# Created by Octave 3.8.2, Sat Jun 20 03:00:42 2020 CEST <damian@fptrucha.inv.usc.es>
# name: hd
# type: matrix
# rows: 6
# columns: 2
 5014 -620
 8276 -372
 7700 -124
 7315 124
 6552 370
 3912 620


