# Created by Octave 3.8.2, Sat Jun 20 22:41:01 2020 CEST <damian@fptrucha.inv.usc.es>
# name: hd
# type: matrix
# rows: 6
# columns: 2
 4555 -620
 7613 -372
 6954 -124
 6783 124
 5838 370
 3538 620


