# Created by Octave 3.8.2, Sat Jun 20 16:31:23 2020 CEST <damian@fptrucha.inv.usc.es>
# name: hd
# type: matrix
# rows: 6
# columns: 2
 4743 -620
 7870 -372
 7228 -124
 6882 124
 6089 370
 3684 620


