# Created by Octave 3.8.2, Mon Jun 22 13:28:57 2020 CEST <damian@fptrucha.inv.usc.es>
# name: hd
# type: matrix
# rows: 6
# columns: 2
 4267 -620
 7226 -372
 7204 -124
 7374 124
 6487 370
 3852 620


