# Created by Octave 3.8.2, Sat Jun 20 07:25:58 2020 CEST <damian@fptrucha.inv.usc.es>
# name: hd
# type: matrix
# rows: 6
# columns: 2
 5221 -620
 8727 -372
 7926 -124
 7717 124
 6981 370
 4014 620


