# Created by Octave 3.8.2, Sun Jun 21 03:45:04 2020 CEST <damian@fptrucha.inv.usc.es>
# name: hd
# type: matrix
# rows: 6
# columns: 2
 4572 -620
 7446 -372
 6924 -124
 6480 124
 5804 370
 3583 620


