# Created by Octave 3.8.2, Sat Jun 20 16:05:21 2020 CEST <damian@fptrucha.inv.usc.es>
# name: hd
# type: matrix
# rows: 6
# columns: 2
 3126 -620
 5123 -372
 4656 -124
 4602 124
 4051 370
 2451 620


