# Created by Octave 3.8.2, Mon Jun 22 10:43:15 2020 CEST <damian@fptrucha.inv.usc.es>
# name: hd
# type: matrix
# rows: 6
# columns: 2
 4219 -620
 6868 -372
 7074 -124
 6955 124
 6395 370
 3761 620


