# Created by Octave 3.8.2, Mon Jun 22 15:47:31 2020 CEST <damian@fptrucha.inv.usc.es>
# name: hd
# type: matrix
# rows: 6
# columns: 2
 4437 -620
 7422 -372
 7608 -124
 7472 124
 6532 370
 3926 620


