# Created by Octave 3.8.2, Sat Jun 20 19:15:17 2020 CEST <damian@fptrucha.inv.usc.es>
# name: hd
# type: matrix
# rows: 6
# columns: 2
 4632 -620
 7544 -372
 6992 -124
 6713 124
 5874 370
 3610 620


