# Created by Octave 3.8.2, Mon Jun 22 03:00:05 2020 CEST <damian@fptrucha.inv.usc.es>
# name: hd
# type: matrix
# rows: 6
# columns: 2
 3993 -620
 6400 -372
 6548 -124
 6781 124
 5980 370
 3610 620


