# Created by Octave 3.8.2, Sun Jun 21 04:30:52 2020 CEST <damian@fptrucha.inv.usc.es>
# name: hd
# type: matrix
# rows: 6
# columns: 2
 4620 -620
 7463 -372
 6920 -124
 6740 124
 5991 370
 3574 620


