# Created by Octave 3.8.2, Mon Jun 22 03:04:55 2020 CEST <damian@fptrucha.inv.usc.es>
# name: hd
# type: matrix
# rows: 6
# columns: 2
 4031 -620
 6491 -372
 6707 -124
 6617 124
 5949 370
 3623 620


