# Created by Octave 3.8.2, Sat Jun 20 17:25:31 2020 CEST <damian@fptrucha.inv.usc.es>
# name: hd
# type: matrix
# rows: 6
# columns: 2
 4738 -620
 7625 -372
 7101 -124
 6747 124
 6046 370
 3565 620


