# Created by Octave 3.8.2, Mon Jun 22 00:49:08 2020 CEST <damian@fptrucha.inv.usc.es>
# name: hd
# type: matrix
# rows: 6
# columns: 2
 4480 -620
 7623 -372
 7095 -124
 6687 124
 5841 370
 3512 620


