# Created by Octave 3.8.2, Sat Jun 20 04:08:42 2020 CEST <damian@fptrucha.inv.usc.es>
# name: hd
# type: matrix
# rows: 6
# columns: 2
 5233 -620
 8211 -372
 7680 -124
 7311 124
 6713 370
 4025 620


