# Created by Octave 3.8.2, Sun Jun 21 06:27:17 2020 CEST <damian@fptrucha.inv.usc.es>
# name: hd
# type: matrix
# rows: 6
# columns: 2
 4561 -620
 7309 -372
 6971 -124
 6399 124
 5678 370
 3598 620


