# Created by Octave 3.8.2, Sun Jun 21 03:58:19 2020 CEST <damian@fptrucha.inv.usc.es>
# name: hd
# type: matrix
# rows: 6
# columns: 2
 4453 -620
 7351 -372
 6850 -124
 6565 124
 5928 370
 3620 620


