# Created by Octave 3.8.2, Sat Jun 20 15:16:07 2020 CEST <damian@fptrucha.inv.usc.es>
# name: hd
# type: matrix
# rows: 6
# columns: 2
 4806 -620
 7793 -372
 7110 -124
 7020 124
 6069 370
 3647 620


