# Created by Octave 3.8.2, Sat Jun 20 15:39:44 2020 CEST <damian@fptrucha.inv.usc.es>
# name: hd
# type: matrix
# rows: 6
# columns: 2
 4843 -620
 7769 -372
 7348 -124
 6874 124
 6212 370
 3796 620


