# Created by Octave 3.8.2, Sat Jun 20 15:23:44 2020 CEST <damian@fptrucha.inv.usc.es>
# name: hd
# type: matrix
# rows: 6
# columns: 2
 4723 -620
 7857 -372
 7312 -124
 6956 124
 6188 370
 3721 620


