# Created by Octave 3.8.2, Sun Jun 21 02:21:46 2020 CEST <damian@fptrucha.inv.usc.es>
# name: hd
# type: matrix
# rows: 6
# columns: 2
 4473 -620
 7488 -372
 6933 -124
 6618 124
 5957 370
 3610 620


