# Created by Octave 3.8.2, Sun Jun 21 02:44:07 2020 CEST <damian@fptrucha.inv.usc.es>
# name: hd
# type: matrix
# rows: 6
# columns: 2
 2865 -620
 5004 -372
 4477 -124
 4198 124
 3744 370
 2241 620


