# Created by Octave 3.8.2, Sun Jun 21 00:29:33 2020 CEST <damian@fptrucha.inv.usc.es>
# name: hd
# type: matrix
# rows: 6
# columns: 2
 2969 -620
 5021 -372
 4483 -124
 4189 124
 3814 370
 2342 620


