# Created by Octave 3.8.2, Mon Jun 22 00:43:03 2020 CEST <damian@fptrucha.inv.usc.es>
# name: hd
# type: matrix
# rows: 6
# columns: 2
 4667 -620
 7653 -372
 7012 -124
 6679 124
 5889 370
 3556 620


