# Created by Octave 3.8.2, Mon Jun 22 02:27:31 2020 CEST <damian@fptrucha.inv.usc.es>
# name: hd
# type: matrix
# rows: 6
# columns: 2
 138 -620
 157 -372
 505 -124
 26 124
 14 370
 10 620


