# Created by Octave 3.8.2, Mon Jun 22 10:58:37 2020 CEST <damian@fptrucha.inv.usc.es>
# name: hd
# type: matrix
# rows: 6
# columns: 2
 4133 -620
 7029 -372
 7299 -124
 7033 124
 6422 370
 3847 620


