# Created by Octave 3.8.2, Sun Jun 21 07:43:23 2020 CEST <damian@fptrucha.inv.usc.es>
# name: hd
# type: matrix
# rows: 6
# columns: 2
 4727 -620
 7814 -372
 7242 -124
 6998 124
 6198 370
 3574 620


