# Created by Octave 3.8.2, Sun Jun 21 00:08:44 2020 CEST <damian@fptrucha.inv.usc.es>
# name: hd
# type: matrix
# rows: 6
# columns: 2
 4470 -620
 7329 -372
 7014 -124
 6611 124
 5859 370
 3449 620


