# Created by Octave 3.8.2, Sat Jun 20 04:20:07 2020 CEST <damian@fptrucha.inv.usc.es>
# name: hd
# type: matrix
# rows: 6
# columns: 2
 5002 -620
 8313 -372
 7828 -124
 7656 124
 6680 370
 3918 620


