# Created by Octave 3.8.2, Mon Jun 22 22:57:53 2020 CEST <damian@fptrucha.inv.usc.es>
# name: hd
# type: matrix
# rows: 6
# columns: 2
 4646 -620
 7676 -372
 7702 -124
 7623 124
 6796 370
 4149 620


