# Created by Octave 3.8.2, Mon Jun 22 17:22:37 2020 CEST <damian@fptrucha.inv.usc.es>
# name: hd
# type: matrix
# rows: 6
# columns: 2
 4357 -620
 7426 -372
 7571 -124
 7286 124
 6526 370
 3794 620


