# Created by Octave 3.8.2, Mon Jun 22 16:16:00 2020 CEST <damian@fptrucha.inv.usc.es>
# name: hd
# type: matrix
# rows: 6
# columns: 2
 4382 -620
 7399 -372
 7333 -124
 7152 124
 6736 370
 3864 620


