# Created by Octave 3.8.2, Sat Jun 20 16:44:28 2020 CEST <damian@fptrucha.inv.usc.es>
# name: hd
# type: matrix
# rows: 6
# columns: 2
 4626 -620
 7650 -372
 7107 -124
 6761 124
 5872 370
 3591 620


