# Created by Octave 3.8.2, Sat Jun 20 09:34:32 2020 CEST <damian@fptrucha.inv.usc.es>
# name: hd
# type: matrix
# rows: 6
# columns: 2
 5319 -620
 8561 -372
 8192 -124
 7830 124
 6882 370
 3956 620


