# Created by Octave 3.8.2, Sat Jun 20 23:11:47 2020 CEST <damian@fptrucha.inv.usc.es>
# name: hd
# type: matrix
# rows: 6
# columns: 2
 4540 -620
 7634 -372
 6957 -124
 6802 124
 5922 370
 3462 620


