# Created by Octave 3.8.2, Sun Jun 21 03:39:56 2020 CEST <damian@fptrucha.inv.usc.es>
# name: hd
# type: matrix
# rows: 6
# columns: 2
 4515 -620
 7476 -372
 6929 -124
 6560 124
 5790 370
 3507 620


