# Created by Octave 3.8.2, Mon Jun 22 23:57:23 2020 CEST <damian@fptrucha.inv.usc.es>
# name: hd
# type: matrix
# rows: 6
# columns: 2
 4826 -620
 7846 -372
 7704 -124
 7450 124
 6731 370
 4022 620


