# Created by Octave 3.8.2, Sat Jun 20 19:40:48 2020 CEST <damian@fptrucha.inv.usc.es>
# name: hd
# type: matrix
# rows: 6
# columns: 2
 4512 -620
 7697 -372
 6945 -124
 6811 124
 5971 370
 3661 620


