# Created by Octave 3.8.2, Mon Jun 22 19:25:53 2020 CEST <damian@fptrucha.inv.usc.es>
# name: hd
# type: matrix
# rows: 6
# columns: 2
 4444 -620
 7438 -372
 7446 -124
 7358 124
 6711 370
 3916 620


