# Created by Octave 3.8.2, Sun Jun 21 03:49:35 2020 CEST <damian@fptrucha.inv.usc.es>
# name: hd
# type: matrix
# rows: 6
# columns: 2
 4459 -620
 7324 -372
 7029 -124
 6569 124
 5750 370
 3461 620


