# Created by Octave 3.8.2, Sat Jun 20 05:32:45 2020 CEST <damian@fptrucha.inv.usc.es>
# name: hd
# type: matrix
# rows: 6
# columns: 2
 5150 -620
 8366 -372
 7821 -124
 7586 124
 6775 370
 4005 620


