# Created by Octave 3.8.2, Mon Jun 22 23:17:37 2020 CEST <damian@fptrucha.inv.usc.es>
# name: hd
# type: matrix
# rows: 6
# columns: 2
 4733 -620
 7781 -372
 7675 -124
 7623 124
 6779 370
 3997 620


