# Created by Octave 3.8.2, Mon Jun 22 03:39:44 2020 CEST <damian@fptrucha.inv.usc.es>
# name: hd
# type: matrix
# rows: 6
# columns: 2
 4023 -620
 6310 -372
 6776 -124
 6595 124
 6053 370
 3674 620


