# Created by Octave 3.8.2, Mon Jun 22 04:37:22 2020 CEST <damian@fptrucha.inv.usc.es>
# name: hd
# type: matrix
# rows: 6
# columns: 2
 4091 -620
 6398 -372
 6571 -124
 6455 124
 5685 370
 3305 620


