# Created by Octave 3.8.2, Sat Jun 20 23:24:27 2020 CEST <damian@fptrucha.inv.usc.es>
# name: hd
# type: matrix
# rows: 6
# columns: 2
 4594 -620
 7608 -372
 7083 -124
 6699 124
 5851 370
 3513 620


