# Created by Octave 3.8.2, Mon Jun 22 07:03:38 2020 CEST <damian@fptrucha.inv.usc.es>
# name: hd
# type: matrix
# rows: 6
# columns: 2
 3872 -620
 6434 -372
 6968 -124
 6669 124
 6088 370
 3737 620


