# Created by Octave 3.8.2, Sat Jun 20 09:37:25 2020 CEST <damian@fptrucha.inv.usc.es>
# name: hd
# type: matrix
# rows: 6
# columns: 2
 5297 -620
 8600 -372
 8167 -124
 7634 124
 6926 370
 3927 620


