# Created by Octave 3.8.2, Mon Jun 22 23:37:37 2020 CEST <damian@fptrucha.inv.usc.es>
# name: hd
# type: matrix
# rows: 6
# columns: 2
 4655 -620
 7847 -372
 7819 -124
 7301 124
 6654 370
 4053 620


