# Created by Octave 3.8.2, Mon Jun 22 09:17:07 2020 CEST <damian@fptrucha.inv.usc.es>
# name: hd
# type: matrix
# rows: 6
# columns: 2
 4079 -620
 6712 -372
 6995 -124
 6751 124
 6181 370
 3831 620


