# Created by Octave 3.8.2, Mon Jun 22 22:09:43 2020 CEST <damian@fptrucha.inv.usc.es>
# name: hd
# type: matrix
# rows: 6
# columns: 2
 4645 -620
 7460 -372
 7696 -124
 7515 124
 6945 370
 3974 620


