# Created by Octave 3.8.2, Mon Jun 22 15:21:24 2020 CEST <damian@fptrucha.inv.usc.es>
# name: hd
# type: matrix
# rows: 6
# columns: 2
 4407 -620
 7334 -372
 7497 -124
 7485 124
 6477 370
 3860 620


