# Created by Octave 3.8.2, Mon Jun 22 16:51:54 2020 CEST <damian@fptrucha.inv.usc.es>
# name: hd
# type: matrix
# rows: 6
# columns: 2
 4363 -620
 7410 -372
 7439 -124
 7283 124
 6539 370
 3852 620


