# Created by Octave 3.8.2, Sat Jun 20 02:48:24 2020 CEST <damian@fptrucha.inv.usc.es>
# name: hd
# type: matrix
# rows: 6
# columns: 2
 4877 -620
 8319 -372
 7469 -124
 7232 124
 6511 370
 3952 620


