# Created by Octave 3.8.2, Sun Jun 21 06:43:05 2020 CEST <damian@fptrucha.inv.usc.es>
# name: hd
# type: matrix
# rows: 6
# columns: 2
 4498 -620
 7655 -372
 7257 -124
 6831 124
 6049 370
 3572 620


