# Created by Octave 3.8.2, Sat Jun 20 11:22:11 2020 CEST <damian@fptrucha.inv.usc.es>
# name: hd
# type: matrix
# rows: 6
# columns: 2
 5176 -620
 8351 -372
 8006 -124
 7489 124
 6585 370
 4003 620


