# Created by Octave 3.8.2, Mon Jun 22 09:01:56 2020 CEST <damian@fptrucha.inv.usc.es>
# name: hd
# type: matrix
# rows: 6
# columns: 2
 4039 -620
 6731 -372
 7015 -124
 6873 124
 6175 370
 3795 620


