# Created by Octave 3.8.2, Sat Jun 20 04:56:01 2020 CEST <damian@fptrucha.inv.usc.es>
# name: hd
# type: matrix
# rows: 6
# columns: 2
 5179 -620
 8475 -372
 7823 -124
 7445 124
 6671 370
 4154 620


