# Created by Octave 3.8.2, Sat Jun 20 16:22:38 2020 CEST <damian@fptrucha.inv.usc.es>
# name: hd
# type: matrix
# rows: 6
# columns: 2
 4621 -620
 7799 -372
 7318 -124
 6869 124
 6125 370
 3662 620


