# Created by Octave 3.8.2, Tue Jun 23 00:30:36 2020 CEST <damian@fptrucha.inv.usc.es>
# name: hd
# type: matrix
# rows: 6
# columns: 2
 4640 -620
 7700 -372
 7674 -124
 7376 124
 6660 370
 4033 620


