# Created by Octave 3.8.2, Sat Jun 20 09:29:12 2020 CEST <damian@fptrucha.inv.usc.es>
# name: hd
# type: matrix
# rows: 6
# columns: 2
 5394 -620
 8489 -372
 8059 -124
 7774 124
 6812 370
 3969 620


