# Created by Octave 3.8.2, Sat Jun 20 06:05:24 2020 CEST <damian@fptrucha.inv.usc.es>
# name: hd
# type: matrix
# rows: 6
# columns: 2
 5200 -620
 8540 -372
 8007 -124
 7499 124
 6722 370
 3917 620


