# Created by Octave 3.8.2, Sat Jun 20 19:28:25 2020 CEST <damian@fptrucha.inv.usc.es>
# name: hd
# type: matrix
# rows: 6
# columns: 2
 4650 -620
 7483 -372
 7127 -124
 6726 124
 6095 370
 3557 620


