# Created by Octave 3.8.2, Sat Jun 20 11:58:25 2020 CEST <damian@fptrucha.inv.usc.es>
# name: hd
# type: matrix
# rows: 6
# columns: 2
 5117 -620
 8389 -372
 7797 -124
 7472 124
 6569 370
 3860 620


