# Created by Octave 3.8.2, Mon Jun 22 17:35:33 2020 CEST <damian@fptrucha.inv.usc.es>
# name: hd
# type: matrix
# rows: 6
# columns: 2
 4468 -620
 7212 -372
 7585 -124
 7261 124
 6579 370
 3942 620


