# Created by Octave 3.8.2, Sun Jun 21 04:57:25 2020 CEST <damian@fptrucha.inv.usc.es>
# name: hd
# type: matrix
# rows: 6
# columns: 2
 4678 -620
 7619 -372
 7094 -124
 6626 124
 5843 370
 3537 620


