# Created by Octave 3.8.2, Tue Jun 23 00:36:33 2020 CEST <damian@fptrucha.inv.usc.es>
# name: hd
# type: matrix
# rows: 6
# columns: 2
 4786 -620
 7787 -372
 7576 -124
 7524 124
 6752 370
 3983 620


