# Created by Octave 3.8.2, Sat Jun 20 11:57:00 2020 CEST <damian@fptrucha.inv.usc.es>
# name: hd
# type: matrix
# rows: 6
# columns: 2
 5060 -620
 8212 -372
 7821 -124
 7463 124
 6509 370
 3952 620


