# Created by Octave 3.8.2, Mon Jun 22 15:43:02 2020 CEST <damian@fptrucha.inv.usc.es>
# name: hd
# type: matrix
# rows: 6
# columns: 2
 4262 -620
 7498 -372
 7650 -124
 7345 124
 6594 370
 3897 620


