# Created by Octave 3.8.2, Sun Jun 21 05:04:58 2020 CEST <damian@fptrucha.inv.usc.es>
# name: hd
# type: matrix
# rows: 6
# columns: 2
 4583 -620
 7521 -372
 6977 -124
 6756 124
 5994 370
 3539 620


