# Created by Octave 3.8.2, Mon Jun 22 02:25:30 2020 CEST <damian@fptrucha.inv.usc.es>
# name: hd
# type: matrix
# rows: 6
# columns: 2
 2309 -620
 2915 -372
 3040 -124
 2381 124
 1678 370
 960 620


