# Created by Octave 3.8.2, Sun Jun 21 05:35:58 2020 CEST <damian@fptrucha.inv.usc.es>
# name: hd
# type: matrix
# rows: 6
# columns: 2
 4565 -620
 7434 -372
 6855 -124
 6693 124
 5950 370
 3501 620


