# Created by Octave 3.8.2, Mon Jun 22 06:50:08 2020 CEST <damian@fptrucha.inv.usc.es>
# name: hd
# type: matrix
# rows: 6
# columns: 2
 3783 -620
 6387 -372
 6930 -124
 6878 124
 6140 370
 3664 620


