# Created by Octave 3.8.2, Sat Jun 20 05:42:11 2020 CEST <damian@fptrucha.inv.usc.es>
# name: hd
# type: matrix
# rows: 6
# columns: 2
 5220 -620
 8369 -372
 7886 -124
 7573 124
 6876 370
 4054 620


