# Created by Octave 3.8.2, Sat Jun 20 02:36:34 2020 CEST <damian@fptrucha.inv.usc.es>
# name: hd
# type: matrix
# rows: 6
# columns: 2
 4939 -620
 8241 -372
 7751 -124
 7237 124
 6661 370
 3886 620


