# Created by Octave 3.8.2, Mon Jun 22 03:16:59 2020 CEST <damian@fptrucha.inv.usc.es>
# name: hd
# type: matrix
# rows: 6
# columns: 2
 4008 -620
 6478 -372
 6683 -124
 6617 124
 5990 370
 3643 620


