# Created by Octave 3.8.2, Mon Jun 22 10:01:34 2020 CEST <damian@fptrucha.inv.usc.es>
# name: hd
# type: matrix
# rows: 6
# columns: 2
 4163 -620
 7122 -372
 7331 -124
 6887 124
 6300 370
 3886 620


