# Created by Octave 3.8.2, Mon Jun 22 19:17:46 2020 CEST <damian@fptrucha.inv.usc.es>
# name: hd
# type: matrix
# rows: 6
# columns: 2
 4422 -620
 7434 -372
 7519 -124
 7174 124
 6530 370
 4020 620


