# Created by Octave 3.8.2, Sat Jun 20 21:52:22 2020 CEST <damian@fptrucha.inv.usc.es>
# name: hd
# type: matrix
# rows: 6
# columns: 2
 4562 -620
 7655 -372
 6872 -124
 6640 124
 5848 370
 3560 620


