# Created by Octave 3.8.2, Sun Jun 21 06:21:53 2020 CEST <damian@fptrucha.inv.usc.es>
# name: hd
# type: matrix
# rows: 6
# columns: 2
 4685 -620
 7348 -372
 6745 -124
 6394 124
 5698 370
 3464 620


