# Created by Octave 3.8.2, Mon Jun 22 13:18:34 2020 CEST <damian@fptrucha.inv.usc.es>
# name: hd
# type: matrix
# rows: 6
# columns: 2
 4219 -620
 7122 -372
 7361 -124
 7236 124
 6426 370
 3772 620


