# Created by Octave 3.8.2, Mon Jun 22 07:11:41 2020 CEST <damian@fptrucha.inv.usc.es>
# name: hd
# type: matrix
# rows: 6
# columns: 2
 3947 -620
 6563 -372
 6832 -124
 6892 124
 5961 370
 3646 620


