# Created by Octave 3.8.2, Sat Jun 20 15:34:17 2020 CEST <damian@fptrucha.inv.usc.es>
# name: hd
# type: matrix
# rows: 6
# columns: 2
 4715 -620
 8031 -372
 7257 -124
 7032 124
 6234 370
 3684 620


