# Created by Octave 3.8.2, Mon Jun 22 21:35:02 2020 CEST <damian@fptrucha.inv.usc.es>
# name: hd
# type: matrix
# rows: 6
# columns: 2
 4581 -620
 7794 -372
 7722 -124
 7469 124
 6627 370
 4031 620


