# Created by Octave 3.8.2, Mon Jun 22 21:19:00 2020 CEST <damian@fptrucha.inv.usc.es>
# name: hd
# type: matrix
# rows: 6
# columns: 2
 4623 -620
 7725 -372
 7708 -124
 7469 124
 6722 370
 3909 620


