# Created by Octave 3.8.2, Sat Jun 20 16:08:02 2020 CEST <damian@fptrucha.inv.usc.es>
# name: hd
# type: matrix
# rows: 6
# columns: 2
 4826 -620
 7758 -372
 7435 -124
 6864 124
 6050 370
 3554 620


