# Created by Octave 3.8.2, Sat Jun 20 07:03:11 2020 CEST <damian@fptrucha.inv.usc.es>
# name: hd
# type: matrix
# rows: 6
# columns: 2
 5224 -620
 8590 -372
 8109 -124
 7698 124
 6669 370
 4033 620


