# Created by Octave 3.8.2, Sat Jun 20 12:07:42 2020 CEST <damian@fptrucha.inv.usc.es>
# name: hd
# type: matrix
# rows: 6
# columns: 2
 4968 -620
 8238 -372
 7730 -124
 7363 124
 6522 370
 3885 620


