# Created by Octave 3.8.2, Sat Jun 20 20:19:52 2020 CEST <damian@fptrucha.inv.usc.es>
# name: hd
# type: matrix
# rows: 6
# columns: 2
 4672 -620
 7670 -372
 7072 -124
 6815 124
 6072 370
 3654 620


