# Created by Octave 3.8.2, Mon Jun 22 14:32:06 2020 CEST <damian@fptrucha.inv.usc.es>
# name: hd
# type: matrix
# rows: 6
# columns: 2
 4261 -620
 7097 -372
 7392 -124
 7137 124
 6466 370
 3791 620


