# Created by Octave 3.8.2, Mon Jun 22 06:53:04 2020 CEST <damian@fptrucha.inv.usc.es>
# name: hd
# type: matrix
# rows: 6
# columns: 2
 3850 -620
 6408 -372
 6965 -124
 6628 124
 6136 370
 3660 620


