# Created by Octave 3.8.2, Mon Jun 22 13:15:20 2020 CEST <damian@fptrucha.inv.usc.es>
# name: hd
# type: matrix
# rows: 6
# columns: 2
 4197 -620
 7208 -372
 7204 -124
 7094 124
 6493 370
 3944 620


