# Created by Octave 3.8.2, Mon Jun 22 14:38:34 2020 CEST <damian@fptrucha.inv.usc.es>
# name: hd
# type: matrix
# rows: 6
# columns: 2
 4307 -620
 7168 -372
 7318 -124
 7207 124
 6502 370
 3869 620


