# Created by Octave 3.8.2, Mon Jun 22 13:06:45 2020 CEST <damian@fptrucha.inv.usc.es>
# name: hd
# type: matrix
# rows: 6
# columns: 2
 4242 -620
 7189 -372
 7366 -124
 6944 124
 6490 370
 3889 620


