# Created by Octave 3.8.2, Sun Jun 21 07:54:53 2020 CEST <damian@fptrucha.inv.usc.es>
# name: hd
# type: matrix
# rows: 6
# columns: 2
 4580 -620
 7517 -372
 6912 -124
 6541 124
 5813 370
 3388 620


