# Created by Octave 3.8.2, Mon Jun 22 04:46:18 2020 CEST <damian@fptrucha.inv.usc.es>
# name: hd
# type: matrix
# rows: 6
# columns: 2
 4065 -620
 6412 -372
 6644 -124
 6414 124
 5561 370
 3382 620


