# Created by Octave 3.8.2, Sun Jun 21 05:28:10 2020 CEST <damian@fptrucha.inv.usc.es>
# name: hd
# type: matrix
# rows: 6
# columns: 2
 4488 -620
 7294 -372
 6901 -124
 6532 124
 5804 370
 3565 620


