# Created by Octave 3.8.2, Sat Jun 20 09:46:13 2020 CEST <damian@fptrucha.inv.usc.es>
# name: hd
# type: matrix
# rows: 6
# columns: 2
 5160 -620
 8644 -372
 8083 -124
 7702 124
 6766 370
 3933 620


