# Created by Octave 3.8.2, Sat Jun 20 06:42:04 2020 CEST <damian@fptrucha.inv.usc.es>
# name: hd
# type: matrix
# rows: 6
# columns: 2
 5168 -620
 8415 -372
 7828 -124
 7392 124
 6752 370
 4005 620


