# Created by Octave 3.8.2, Mon Jun 22 02:52:49 2020 CEST <damian@fptrucha.inv.usc.es>
# name: hd
# type: matrix
# rows: 6
# columns: 2
 3945 -620
 6401 -372
 6650 -124
 6617 124
 6034 370
 3604 620


