# Created by Octave 3.8.2, Sat Jun 20 21:28:20 2020 CEST <damian@fptrucha.inv.usc.es>
# name: hd
# type: matrix
# rows: 6
# columns: 2
 4576 -620
 7500 -372
 7001 -124
 6620 124
 5920 370
 3394 620


