# Created by Octave 3.8.2, Sat Jun 20 06:15:01 2020 CEST <damian@fptrucha.inv.usc.es>
# name: hd
# type: matrix
# rows: 6
# columns: 2
 5256 -620
 8472 -372
 8119 -124
 7520 124
 6567 370
 4076 620


