# Created by Octave 3.8.2, Mon Jun 22 12:24:14 2020 CEST <damian@fptrucha.inv.usc.es>
# name: hd
# type: matrix
# rows: 6
# columns: 2
 4144 -620
 7095 -372
 7257 -124
 7032 124
 6351 370
 3807 620


