# Created by Octave 3.8.2, Sun Jun 21 00:37:08 2020 CEST <damian@fptrucha.inv.usc.es>
# name: hd
# type: matrix
# rows: 6
# columns: 2
 4481 -620
 7348 -372
 6844 -124
 6724 124
 5847 370
 3517 620


