# Created by Octave 3.8.2, Mon Jun 22 06:35:33 2020 CEST <damian@fptrucha.inv.usc.es>
# name: hd
# type: matrix
# rows: 6
# columns: 2
 3766 -620
 6440 -372
 6937 -124
 6858 124
 6137 370
 3640 620


