# Created by Octave 3.8.2, Mon Jun 22 11:20:27 2020 CEST <damian@fptrucha.inv.usc.es>
# name: hd
# type: matrix
# rows: 6
# columns: 2
 4163 -620
 7034 -372
 7197 -124
 6913 124
 6440 370
 3889 620


