# Created by Octave 3.8.2, Sat Jun 20 19:10:11 2020 CEST <damian@fptrucha.inv.usc.es>
# name: hd
# type: matrix
# rows: 6
# columns: 2
 3010 -620
 4879 -372
 4531 -124
 4381 124
 3857 370
 2242 620


