# Created by Octave 3.8.2, Mon Jun 22 12:29:08 2020 CEST <damian@fptrucha.inv.usc.es>
# name: hd
# type: matrix
# rows: 6
# columns: 2
 4236 -620
 7083 -372
 7242 -124
 7144 124
 6448 370
 3914 620


