# Created by Octave 3.8.2, Mon Jun 22 23:58:37 2020 CEST <damian@fptrucha.inv.usc.es>
# name: hd
# type: matrix
# rows: 6
# columns: 2
 4699 -620
 7705 -372
 7690 -124
 7367 124
 6804 370
 3921 620


