# Created by Octave 3.8.2, Mon Jun 22 08:36:36 2020 CEST <damian@fptrucha.inv.usc.es>
# name: hd
# type: matrix
# rows: 6
# columns: 2
 4056 -620
 6670 -372
 7075 -124
 6865 124
 6216 370
 3816 620


