# Created by Octave 3.8.2, Mon Jun 22 12:46:56 2020 CEST <damian@fptrucha.inv.usc.es>
# name: hd
# type: matrix
# rows: 6
# columns: 2
 2811 -620
 4644 -372
 4884 -124
 4742 124
 4092 370
 2571 620


