# Created by Octave 3.8.2, Mon Jun 22 10:47:29 2020 CEST <damian@fptrucha.inv.usc.es>
# name: hd
# type: matrix
# rows: 6
# columns: 2
 4132 -620
 6919 -372
 7178 -124
 7017 124
 6340 370
 3830 620


