# Created by Octave 3.8.2, Mon Jun 22 21:31:30 2020 CEST <damian@fptrucha.inv.usc.es>
# name: hd
# type: matrix
# rows: 6
# columns: 2
 4575 -620
 7787 -372
 7655 -124
 7388 124
 6878 370
 4084 620


