# Created by Octave 3.8.2, Sat Jun 20 16:51:00 2020 CEST <damian@fptrucha.inv.usc.es>
# name: hd
# type: matrix
# rows: 6
# columns: 2
 4585 -620
 7746 -372
 7132 -124
 6813 124
 6092 370
 3641 620


