# Created by Octave 3.8.2, Mon Jun 22 09:42:17 2020 CEST <damian@fptrucha.inv.usc.es>
# name: hd
# type: matrix
# rows: 6
# columns: 2
 4189 -620
 6909 -372
 7113 -124
 6916 124
 6305 370
 3894 620


