# Created by Octave 3.8.2, Sun Jun 21 02:01:13 2020 CEST <damian@fptrucha.inv.usc.es>
# name: hd
# type: matrix
# rows: 6
# columns: 2
 4677 -620
 7415 -372
 6948 -124
 6665 124
 5923 370
 3477 620


