# Created by Octave 3.8.2, Sat Jun 20 23:50:41 2020 CEST <damian@fptrucha.inv.usc.es>
# name: hd
# type: matrix
# rows: 6
# columns: 2
 4556 -620
 7501 -372
 6896 -124
 6551 124
 5889 370
 3481 620


