# Created by Octave 3.8.2, Mon Jun 22 10:24:33 2020 CEST <damian@fptrucha.inv.usc.es>
# name: hd
# type: matrix
# rows: 6
# columns: 2
 4141 -620
 6856 -372
 7159 -124
 7084 124
 6332 370
 3880 620


