# Created by Octave 3.8.2, Mon Jun 22 14:47:58 2020 CEST <damian@fptrucha.inv.usc.es>
# name: hd
# type: matrix
# rows: 6
# columns: 2
 4410 -620
 7425 -372
 7464 -124
 7142 124
 6574 370
 3898 620


