# Created by Octave 3.8.2, Sat Jun 20 19:44:34 2020 CEST <damian@fptrucha.inv.usc.es>
# name: hd
# type: matrix
# rows: 6
# columns: 2
 4461 -620
 7442 -372
 7070 -124
 6570 124
 5912 370
 3612 620


