# Created by Octave 3.8.2, Mon Jun 22 13:19:38 2020 CEST <damian@fptrucha.inv.usc.es>
# name: hd
# type: matrix
# rows: 6
# columns: 2
 4316 -620
 7058 -372
 7398 -124
 7026 124
 6498 370
 3803 620


