# Created by Octave 3.8.2, Mon Jun 22 07:14:39 2020 CEST <damian@fptrucha.inv.usc.es>
# name: hd
# type: matrix
# rows: 6
# columns: 2
 3985 -620
 6508 -372
 6969 -124
 6637 124
 6107 370
 3731 620


