# Created by Octave 3.8.2, Sat Jun 20 22:15:19 2020 CEST <damian@fptrucha.inv.usc.es>
# name: hd
# type: matrix
# rows: 6
# columns: 2
 4681 -620
 7567 -372
 6936 -124
 6668 124
 5995 370
 3516 620


