# Created by Octave 3.8.2, Mon Jun 22 02:27:39 2020 CEST <damian@fptrucha.inv.usc.es>
# name: hd
# type: matrix
# rows: 6
# columns: 2
 67 -620
 87 -372
 386 -124
 19 124
 4 370
 4 620


