# Created by Octave 3.8.2, Mon Jun 22 03:40:41 2020 CEST <damian@fptrucha.inv.usc.es>
# name: hd
# type: matrix
# rows: 6
# columns: 2
 4030 -620
 6497 -372
 6729 -124
 6681 124
 6019 370
 3446 620


