# Created by Octave 3.8.2, Sat Jun 20 21:01:03 2020 CEST <damian@fptrucha.inv.usc.es>
# name: hd
# type: matrix
# rows: 6
# columns: 2
 4501 -620
 7481 -372
 6937 -124
 6549 124
 5763 370
 3582 620


