# Created by Octave 3.8.2, Mon Jun 22 13:45:43 2020 CEST <damian@fptrucha.inv.usc.es>
# name: hd
# type: matrix
# rows: 6
# columns: 2
 4292 -620
 7138 -372
 7378 -124
 7214 124
 6384 370
 3679 620


