# Created by Octave 3.8.2, Mon Jun 22 02:26:25 2020 CEST <damian@fptrucha.inv.usc.es>
# name: hd
# type: matrix
# rows: 6
# columns: 2
 1881 -620
 2358 -372
 2201 -124
 678 124
 322 370
 203 620


