# Created by Octave 3.8.2, Sat Jun 20 20:18:32 2020 CEST <damian@fptrucha.inv.usc.es>
# name: hd
# type: matrix
# rows: 6
# columns: 2
 3056 -620
 4976 -372
 4726 -124
 4532 124
 3924 370
 2335 620


