# Created by Octave 3.8.2, Sun Jun 21 05:14:02 2020 CEST <damian@fptrucha.inv.usc.es>
# name: hd
# type: matrix
# rows: 6
# columns: 2
 4630 -620
 7430 -372
 6978 -124
 6547 124
 5904 370
 3614 620


