# Created by Octave 3.8.2, Sun Jun 21 00:27:45 2020 CEST <damian@fptrucha.inv.usc.es>
# name: hd
# type: matrix
# rows: 6
# columns: 2
 4546 -620
 7316 -372
 6990 -124
 6698 124
 5731 370
 3536 620


