# Created by Octave 3.8.2, Sat Jun 20 15:01:25 2020 CEST <damian@fptrucha.inv.usc.es>
# name: hd
# type: matrix
# rows: 6
# columns: 2
 4773 -620
 7733 -372
 7421 -124
 7152 124
 6229 370
 3640 620


