# Created by Octave 3.8.2, Sat Jun 20 08:03:36 2020 CEST <damian@fptrucha.inv.usc.es>
# name: hd
# type: matrix
# rows: 6
# columns: 2
 5232 -620
 8410 -372
 8200 -124
 7589 124
 6738 370
 3957 620


