# Created by Octave 3.8.2, Sat Jun 20 20:58:28 2020 CEST <damian@fptrucha.inv.usc.es>
# name: hd
# type: matrix
# rows: 6
# columns: 2
 4610 -620
 7571 -372
 6820 -124
 6645 124
 5837 370
 3472 620


