# Created by Octave 3.8.2, Mon Jun 22 07:43:16 2020 CEST <damian@fptrucha.inv.usc.es>
# name: hd
# type: matrix
# rows: 6
# columns: 2
 3913 -620
 6552 -372
 7140 -124
 6906 124
 6277 370
 3631 620


