# Created by Octave 3.8.2, Sun Jun 21 06:17:39 2020 CEST <damian@fptrucha.inv.usc.es>
# name: hd
# type: matrix
# rows: 6
# columns: 2
 4500 -620
 7348 -372
 7078 -124
 6483 124
 5859 370
 3449 620


