# Created by Octave 3.8.2, Mon Jun 22 03:28:37 2020 CEST <damian@fptrucha.inv.usc.es>
# name: hd
# type: matrix
# rows: 6
# columns: 2
 4090 -620
 6519 -372
 6634 -124
 6650 124
 6037 370
 3634 620


