# Created by Octave 3.8.2, Mon Jun 22 16:34:29 2020 CEST <damian@fptrucha.inv.usc.es>
# name: hd
# type: matrix
# rows: 6
# columns: 2
 4394 -620
 7278 -372
 7542 -124
 7152 124
 6380 370
 3859 620


