# Created by Octave 3.8.2, Sun Jun 21 02:32:25 2020 CEST <damian@fptrucha.inv.usc.es>
# name: hd
# type: matrix
# rows: 6
# columns: 2
 4479 -620
 7330 -372
 6806 -124
 6534 124
 5768 370
 3406 620


