# Created by Octave 3.8.2, Sat Jun 20 07:19:18 2020 CEST <damian@fptrucha.inv.usc.es>
# name: hd
# type: matrix
# rows: 6
# columns: 2
 5277 -620
 8643 -372
 7950 -124
 7599 124
 6729 370
 3950 620


