# Created by Octave 3.8.2, Sun Jun 21 07:42:13 2020 CEST <damian@fptrucha.inv.usc.es>
# name: hd
# type: matrix
# rows: 6
# columns: 2
 4639 -620
 7615 -372
 7411 -124
 6930 124
 6115 370
 3633 620


