# Created by Octave 3.8.2, Mon Jun 22 22:34:21 2020 CEST <damian@fptrucha.inv.usc.es>
# name: hd
# type: matrix
# rows: 6
# columns: 2
 4730 -620
 7670 -372
 7581 -124
 7407 124
 6764 370
 4004 620


