# Created by Octave 3.8.2, Mon Jun 22 19:22:20 2020 CEST <damian@fptrucha.inv.usc.es>
# name: hd
# type: matrix
# rows: 6
# columns: 2
 4453 -620
 7407 -372
 7491 -124
 7317 124
 6683 370
 4069 620


