# Created by Octave 3.8.2, Mon Jun 22 15:34:37 2020 CEST <damian@fptrucha.inv.usc.es>
# name: hd
# type: matrix
# rows: 6
# columns: 2
 4380 -620
 7201 -372
 7375 -124
 7336 124
 6492 370
 3824 620


