# Created by Octave 3.8.2, Mon Jun 22 03:58:35 2020 CEST <damian@fptrucha.inv.usc.es>
# name: hd
# type: matrix
# rows: 6
# columns: 2
 3961 -620
 6363 -372
 6811 -124
 6523 124
 5920 370
 3384 620


