# Created by Octave 3.8.2, Sat Jun 20 14:06:48 2020 CEST <damian@fptrucha.inv.usc.es>
# name: hd
# type: matrix
# rows: 6
# columns: 2
 3245 -620
 5404 -372
 5103 -124
 4837 124
 4270 370
 2545 620


