# Created by Octave 3.8.2, Mon Jun 22 06:45:08 2020 CEST <damian@fptrucha.inv.usc.es>
# name: hd
# type: matrix
# rows: 6
# columns: 2
 3816 -620
 6502 -372
 6925 -124
 6878 124
 6035 370
 3680 620


