# Created by Octave 3.8.2, Mon Jun 22 02:19:52 2020 CEST <damian@fptrucha.inv.usc.es>
# name: hd
# type: matrix
# rows: 6
# columns: 2
 4435 -620
 7091 -372
 7009 -124
 6737 124
 6125 370
 3557 620


