# Created by Octave 3.8.2, Mon Jun 22 05:52:27 2020 CEST <damian@fptrucha.inv.usc.es>
# name: hd
# type: matrix
# rows: 6
# columns: 2
 3905 -620
 6589 -372
 6891 -124
 6737 124
 6200 370
 3745 620


