# Created by Octave 3.8.2, Mon Jun 22 09:31:18 2020 CEST <damian@fptrucha.inv.usc.es>
# name: hd
# type: matrix
# rows: 6
# columns: 2
 4030 -620
 6646 -372
 7199 -124
 6824 124
 6272 370
 3700 620


