# Created by Octave 3.8.2, Mon Jun 22 12:46:14 2020 CEST <damian@fptrucha.inv.usc.es>
# name: hd
# type: matrix
# rows: 6
# columns: 2
 4233 -620
 7193 -372
 7341 -124
 7120 124
 6425 370
 3913 620


