# Created by Octave 3.8.2, Sat Jun 20 17:37:20 2020 CEST <damian@fptrucha.inv.usc.es>
# name: hd
# type: matrix
# rows: 6
# columns: 2
 4527 -620
 7763 -372
 7024 -124
 6778 124
 6107 370
 3525 620


