# Created by Octave 3.8.2, Sat Jun 20 18:11:32 2020 CEST <damian@fptrucha.inv.usc.es>
# name: hd
# type: matrix
# rows: 6
# columns: 2
 4522 -620
 7804 -372
 7054 -124
 6801 124
 5903 370
 3672 620


