# Created by Octave 3.8.2, Mon Jun 22 15:31:19 2020 CEST <damian@fptrucha.inv.usc.es>
# name: hd
# type: matrix
# rows: 6
# columns: 2
 4440 -620
 7268 -372
 7565 -124
 7170 124
 6608 370
 3863 620


