# Created by Octave 3.8.2, Mon Jun 22 02:31:14 2020 CEST <damian@fptrucha.inv.usc.es>
# name: hd
# type: matrix
# rows: 6
# columns: 2
 4002 -620
 6571 -372
 6553 -124
 6686 124
 5959 370
 3618 620


