# Created by Octave 3.8.2, Sat Jun 20 14:16:28 2020 CEST <damian@fptrucha.inv.usc.es>
# name: hd
# type: matrix
# rows: 6
# columns: 2
 5006 -620
 7863 -372
 7423 -124
 7176 124
 6515 370
 3806 620


