# Created by Octave 3.8.2, Mon Jun 22 03:52:46 2020 CEST <damian@fptrucha.inv.usc.es>
# name: hd
# type: matrix
# rows: 6
# columns: 2
 4031 -620
 6593 -372
 6846 -124
 6583 124
 5821 370
 3601 620


