# Created by Octave 3.8.2, Sat Jun 20 07:10:28 2020 CEST <damian@fptrucha.inv.usc.es>
# name: hd
# type: matrix
# rows: 6
# columns: 2
 5236 -620
 8617 -372
 8111 -124
 7645 124
 6765 370
 4036 620


