# Created by Octave 3.8.2, Sat Jun 20 08:51:15 2020 CEST <damian@fptrucha.inv.usc.es>
# name: hd
# type: matrix
# rows: 6
# columns: 2
 5364 -620
 8470 -372
 8167 -124
 7834 124
 6874 370
 4036 620


