# Created by Octave 3.8.2, Sat Jun 20 11:27:57 2020 CEST <damian@fptrucha.inv.usc.es>
# name: hd
# type: matrix
# rows: 6
# columns: 2
 5078 -620
 8389 -372
 7906 -124
 7501 124
 6530 370
 3994 620


