# Created by Octave 3.8.2, Mon Jun 22 01:19:02 2020 CEST <damian@fptrucha.inv.usc.es>
# name: hd
# type: matrix
# rows: 6
# columns: 2
 4643 -620
 7596 -372
 6901 -124
 6539 124
 5889 370
 3495 620


