# Created by Octave 3.8.2, Sat Jun 20 02:19:16 2020 CEST <damian@fptrucha.inv.usc.es>
# name: hd
# type: matrix
# rows: 6
# columns: 2
 4853 -620
 8265 -372
 7485 -124
 7387 124
 6470 370
 3929 620


