# Created by Octave 3.8.2, Sat Jun 20 19:11:28 2020 CEST <damian@fptrucha.inv.usc.es>
# name: hd
# type: matrix
# rows: 6
# columns: 2
 4583 -620
 7751 -372
 7140 -124
 6740 124
 5846 370
 3568 620


