# Created by Octave 3.8.2, Sat Jun 20 16:12:02 2020 CEST <damian@fptrucha.inv.usc.es>
# name: hd
# type: matrix
# rows: 6
# columns: 2
 4656 -620
 7699 -372
 7082 -124
 6895 124
 6131 370
 3643 620


