# Created by Octave 3.8.2, Mon Jun 22 15:25:51 2020 CEST <damian@fptrucha.inv.usc.es>
# name: hd
# type: matrix
# rows: 6
# columns: 2
 4437 -620
 7330 -372
 7584 -124
 7188 124
 6509 370
 3821 620


