# Created by Octave 3.8.2, Sat Jun 20 09:47:40 2020 CEST <damian@fptrucha.inv.usc.es>
# name: hd
# type: matrix
# rows: 6
# columns: 2
 5294 -620
 8706 -372
 8052 -124
 7829 124
 6810 370
 4070 620


