# Created by Octave 3.8.2, Mon Jun 22 02:14:48 2020 CEST <damian@fptrucha.inv.usc.es>
# name: hd
# type: matrix
# rows: 6
# columns: 2
 4617 -620
 7319 -372
 6943 -124
 6801 124
 6036 370
 3606 620


