# Created by Octave 3.8.2, Sun Jun 21 02:47:20 2020 CEST <damian@fptrucha.inv.usc.es>
# name: hd
# type: matrix
# rows: 6
# columns: 2
 4496 -620
 7368 -372
 6705 -124
 6376 124
 5838 370
 3534 620


