# Created by Octave 3.8.2, Sat Jun 20 03:29:18 2020 CEST <damian@fptrucha.inv.usc.es>
# name: hd
# type: matrix
# rows: 6
# columns: 2
 5011 -620
 8287 -372
 7796 -124
 7321 124
 6620 370
 4023 620


