# Created by Octave 3.8.2, Sat Jun 20 08:17:44 2020 CEST <damian@fptrucha.inv.usc.es>
# name: hd
# type: matrix
# rows: 6
# columns: 2
 5446 -620
 8624 -372
 8251 -124
 7762 124
 7011 370
 4008 620


