# Created by Octave 3.8.2, Mon Jun 22 15:45:15 2020 CEST <damian@fptrucha.inv.usc.es>
# name: hd
# type: matrix
# rows: 6
# columns: 2
 4359 -620
 7536 -372
 7488 -124
 7342 124
 6474 370
 3869 620


