# Created by Octave 3.8.2, Sat Jun 20 13:45:17 2020 CEST <damian@fptrucha.inv.usc.es>
# name: hd
# type: matrix
# rows: 6
# columns: 2
 4978 -620
 7929 -372
 7523 -124
 7252 124
 6310 370
 3886 620


