# Created by Octave 3.8.2, Sat Jun 20 17:26:49 2020 CEST <damian@fptrucha.inv.usc.es>
# name: hd
# type: matrix
# rows: 6
# columns: 2
 4677 -620
 7663 -372
 7077 -124
 6788 124
 6052 370
 3582 620


