# Created by Octave 3.8.2, Mon Jun 22 05:50:27 2020 CEST <damian@fptrucha.inv.usc.es>
# name: hd
# type: matrix
# rows: 6
# columns: 2
 3903 -620
 6357 -372
 6754 -124
 6774 124
 6125 370
 3575 620


