# Created by Octave 3.8.2, Sat Jun 20 03:35:40 2020 CEST <damian@fptrucha.inv.usc.es>
# name: hd
# type: matrix
# rows: 6
# columns: 2
 3282 -620
 5447 -372
 5186 -124
 4827 124
 4341 370
 2614 620


