# Created by Octave 3.8.2, Sun Jun 21 06:35:19 2020 CEST <damian@fptrucha.inv.usc.es>
# name: hd
# type: matrix
# rows: 6
# columns: 2
 4730 -620
 7726 -372
 7289 -124
 6811 124
 6235 370
 3605 620


