# Created by Octave 3.8.2, Mon Jun 22 05:28:38 2020 CEST <damian@fptrucha.inv.usc.es>
# name: hd
# type: matrix
# rows: 6
# columns: 2
 3926 -620
 6590 -372
 6932 -124
 6731 124
 5799 370
 3627 620


