# Created by Octave 3.8.2, Mon Jun 22 18:26:22 2020 CEST <damian@fptrucha.inv.usc.es>
# name: hd
# type: matrix
# rows: 6
# columns: 2
 4412 -620
 7359 -372
 7491 -124
 7224 124
 6718 370
 3947 620


