# Created by Octave 3.8.2, Mon Jun 22 09:18:10 2020 CEST <damian@fptrucha.inv.usc.es>
# name: hd
# type: matrix
# rows: 6
# columns: 2
 4042 -620
 6700 -372
 6978 -124
 7052 124
 6202 370
 3791 620


