# Created by Octave 3.8.2, Mon Jun 22 23:47:54 2020 CEST <damian@fptrucha.inv.usc.es>
# name: hd
# type: matrix
# rows: 6
# columns: 2
 4716 -620
 7753 -372
 7701 -124
 7323 124
 6739 370
 4030 620


