# Created by Octave 3.8.2, Mon Jun 22 21:07:12 2020 CEST <damian@fptrucha.inv.usc.es>
# name: hd
# type: matrix
# rows: 6
# columns: 2
 4534 -620
 7645 -372
 7763 -124
 7424 124
 6740 370
 4037 620


