# Created by Octave 3.8.2, Sun Jun 21 07:27:38 2020 CEST <damian@fptrucha.inv.usc.es>
# name: hd
# type: matrix
# rows: 6
# columns: 2
 4480 -620
 7306 -372
 7134 -124
 6556 124
 5793 370
 3352 620


