# Created by Octave 3.8.2, Sun Jun 21 03:04:15 2020 CEST <damian@fptrucha.inv.usc.es>
# name: hd
# type: matrix
# rows: 6
# columns: 2
 4489 -620
 7261 -372
 6913 -124
 6567 124
 5749 370
 3534 620


