# Created by Octave 3.8.2, Sun Jun 21 04:11:08 2020 CEST <damian@fptrucha.inv.usc.es>
# name: hd
# type: matrix
# rows: 6
# columns: 2
 4564 -620
 7436 -372
 6972 -124
 6701 124
 5870 370
 3503 620


