# Created by Octave 3.8.2, Mon Jun 22 01:23:05 2020 CEST <damian@fptrucha.inv.usc.es>
# name: hd
# type: matrix
# rows: 6
# columns: 2
 4539 -620
 7313 -372
 6891 -124
 6427 124
 5872 370
 3492 620


