# Created by Octave 3.8.2, Mon Jun 22 01:53:38 2020 CEST <damian@fptrucha.inv.usc.es>
# name: hd
# type: matrix
# rows: 6
# columns: 2
 4634 -620
 7554 -372
 7252 -124
 7073 124
 6190 370
 3584 620


