# Created by Octave 3.8.2, Mon Jun 22 10:46:24 2020 CEST <damian@fptrucha.inv.usc.es>
# name: hd
# type: matrix
# rows: 6
# columns: 2
 4095 -620
 7030 -372
 7406 -124
 7035 124
 6353 370
 3775 620


