# Created by Octave 3.8.2, Sat Jun 20 05:31:15 2020 CEST <damian@fptrucha.inv.usc.es>
# name: hd
# type: matrix
# rows: 6
# columns: 2
 5157 -620
 8178 -372
 8082 -124
 7515 124
 6635 370
 4087 620


