# Created by Octave 3.8.2, Mon Jun 22 09:30:14 2020 CEST <damian@fptrucha.inv.usc.es>
# name: hd
# type: matrix
# rows: 6
# columns: 2
 3950 -620
 6750 -372
 7035 -124
 6820 124
 6312 370
 3749 620


