# Created by Octave 3.8.2, Mon Jun 22 16:22:13 2020 CEST <damian@fptrucha.inv.usc.es>
# name: hd
# type: matrix
# rows: 6
# columns: 2
 4310 -620
 7473 -372
 7409 -124
 7151 124
 6572 370
 3830 620


