# Created by Octave 3.8.2, Mon Jun 22 10:38:02 2020 CEST <damian@fptrucha.inv.usc.es>
# name: hd
# type: matrix
# rows: 6
# columns: 2
 4112 -620
 7105 -372
 7193 -124
 7000 124
 6385 370
 3763 620


