# Created by Octave 3.8.2, Mon Jun 22 11:49:25 2020 CEST <damian@fptrucha.inv.usc.es>
# name: hd
# type: matrix
# rows: 6
# columns: 2
 4118 -620
 6882 -372
 7172 -124
 7084 124
 6395 370
 3900 620


