# Created by Octave 3.8.2, Mon Jun 22 23:30:24 2020 CEST <damian@fptrucha.inv.usc.es>
# name: hd
# type: matrix
# rows: 6
# columns: 2
 4723 -620
 7732 -372
 7736 -124
 7375 124
 6692 370
 4082 620


