# Created by Octave 3.8.2, Mon Jun 22 02:27:51 2020 CEST <damian@fptrucha.inv.usc.es>
# name: hd
# type: matrix
# rows: 6
# columns: 2
 22 -620
 71 -372
 268 -124
 21 124
 12 370
 2 620


