# Created by Octave 3.8.2, Sat Jun 20 10:03:15 2020 CEST <damian@fptrucha.inv.usc.es>
# name: hd
# type: matrix
# rows: 6
# columns: 2
 5106 -620
 8531 -372
 7948 -124
 7536 124
 6727 370
 4095 620


