# Created by Octave 3.8.2, Mon Jun 22 08:39:40 2020 CEST <damian@fptrucha.inv.usc.es>
# name: hd
# type: matrix
# rows: 6
# columns: 2
 4094 -620
 6801 -372
 7029 -124
 6939 124
 6311 370
 3711 620


