# Created by Octave 3.8.2, Sat Jun 20 12:27:33 2020 CEST <damian@fptrucha.inv.usc.es>
# name: hd
# type: matrix
# rows: 6
# columns: 2
 5147 -620
 8074 -372
 7609 -124
 7462 124
 6459 370
 3916 620


