# Created by Octave 3.8.2, Mon Jun 22 13:40:48 2020 CEST <damian@fptrucha.inv.usc.es>
# name: hd
# type: matrix
# rows: 6
# columns: 2
 4231 -620
 7173 -372
 7363 -124
 6946 124
 6593 370
 3862 620


