# Created by Octave 3.8.2, Mon Jun 22 14:02:31 2020 CEST <damian@fptrucha.inv.usc.es>
# name: hd
# type: matrix
# rows: 6
# columns: 2
 2833 -620
 4764 -372
 4836 -124
 4618 124
 4204 370
 2542 620


