# Created by Octave 3.8.2, Sat Jun 20 18:06:21 2020 CEST <damian@fptrucha.inv.usc.es>
# name: hd
# type: matrix
# rows: 6
# columns: 2
 4706 -620
 7616 -372
 7038 -124
 6716 124
 5998 370
 3641 620


