# Created by Octave 3.8.2, Mon Jun 22 17:39:39 2020 CEST <damian@fptrucha.inv.usc.es>
# name: hd
# type: matrix
# rows: 6
# columns: 2
 4429 -620
 7371 -372
 7644 -124
 7465 124
 6699 370
 3870 620


