# Created by Octave 3.8.2, Sat Jun 20 22:20:31 2020 CEST <damian@fptrucha.inv.usc.es>
# name: hd
# type: matrix
# rows: 6
# columns: 2
 4699 -620
 7514 -372
 7024 -124
 6759 124
 5921 370
 3697 620


