# Created by Octave 3.8.2, Sun Jun 21 00:43:30 2020 CEST <damian@fptrucha.inv.usc.es>
# name: hd
# type: matrix
# rows: 6
# columns: 2
 4444 -620
 7198 -372
 6770 -124
 6608 124
 5846 370
 3558 620


