# Created by Octave 3.8.2, Mon Jun 22 04:50:59 2020 CEST <damian@fptrucha.inv.usc.es>
# name: hd
# type: matrix
# rows: 6
# columns: 2
 3974 -620
 6363 -372
 6612 -124
 6427 124
 5531 370
 3350 620


