# Created by Octave 3.8.2, Sat Jun 20 10:17:41 2020 CEST <damian@fptrucha.inv.usc.es>
# name: hd
# type: matrix
# rows: 6
# columns: 2
 5111 -620
 8505 -372
 7894 -124
 7516 124
 6834 370
 4038 620


