# Created by Octave 3.8.2, Sun Jun 21 03:15:04 2020 CEST <damian@fptrucha.inv.usc.es>
# name: hd
# type: matrix
# rows: 6
# columns: 2
 4511 -620
 7299 -372
 6733 -124
 6554 124
 5766 370
 3545 620


