# Created by Octave 3.8.2, Sun Jun 21 07:58:20 2020 CEST <damian@fptrucha.inv.usc.es>
# name: hd
# type: matrix
# rows: 6
# columns: 2
 4522 -620
 7365 -372
 6860 -124
 6563 124
 5807 370
 3433 620


