# Created by Octave 3.8.2, Sat Jun 20 22:34:54 2020 CEST <damian@fptrucha.inv.usc.es>
# name: hd
# type: matrix
# rows: 6
# columns: 2
 4495 -620
 7499 -372
 7040 -124
 6668 124
 5933 370
 3504 620


