# Created by Octave 3.8.2, Sat Jun 20 16:13:20 2020 CEST <damian@fptrucha.inv.usc.es>
# name: hd
# type: matrix
# rows: 6
# columns: 2
 4654 -620
 7653 -372
 7192 -124
 7003 124
 5942 370
 3725 620


