# Created by Octave 3.8.2, Sat Jun 20 04:39:28 2020 CEST <damian@fptrucha.inv.usc.es>
# name: hd
# type: matrix
# rows: 6
# columns: 2
 4931 -620
 8254 -372
 7765 -124
 7579 124
 6586 370
 4066 620


