# Created by Octave 3.8.2, Sun Jun 21 05:43:25 2020 CEST <damian@fptrucha.inv.usc.es>
# name: hd
# type: matrix
# rows: 6
# columns: 2
 4509 -620
 7466 -372
 6931 -124
 6586 124
 5814 370
 3497 620


