# Created by Octave 3.8.2, Mon Jun 22 20:40:35 2020 CEST <damian@fptrucha.inv.usc.es>
# name: hd
# type: matrix
# rows: 6
# columns: 2
 4503 -620
 7537 -372
 7545 -124
 7442 124
 6625 370
 4086 620


