# Created by Octave 3.8.2, Mon Jun 22 15:10:38 2020 CEST <damian@fptrucha.inv.usc.es>
# name: hd
# type: matrix
# rows: 6
# columns: 2
 4495 -620
 7485 -372
 7358 -124
 7447 124
 6497 370
 3800 620


