# Created by Octave 3.8.2, Mon Jun 22 09:38:29 2020 CEST <damian@fptrucha.inv.usc.es>
# name: hd
# type: matrix
# rows: 6
# columns: 2
 4077 -620
 6819 -372
 7063 -124
 6874 124
 6342 370
 3793 620


