# Created by Octave 3.8.2, Sun Jun 21 00:57:20 2020 CEST <damian@fptrucha.inv.usc.es>
# name: hd
# type: matrix
# rows: 6
# columns: 2
 4574 -620
 7356 -372
 6854 -124
 6502 124
 5920 370
 3491 620


