# Created by Octave 3.8.2, Sat Jun 20 06:44:57 2020 CEST <damian@fptrucha.inv.usc.es>
# name: hd
# type: matrix
# rows: 6
# columns: 2
 5134 -620
 8580 -372
 8045 -124
 7675 124
 6869 370
 3987 620


