# Created by Octave 3.8.2, Sat Jun 20 09:04:41 2020 CEST <damian@fptrucha.inv.usc.es>
# name: hd
# type: matrix
# rows: 6
# columns: 2
 5213 -620
 8540 -372
 8105 -124
 7724 124
 6886 370
 4025 620


