# Created by Octave 3.8.2, Sat Jun 20 12:11:53 2020 CEST <damian@fptrucha.inv.usc.es>
# name: hd
# type: matrix
# rows: 6
# columns: 2
 5064 -620
 8102 -372
 7806 -124
 7473 124
 6396 370
 3965 620


