# Created by Octave 3.8.2, Mon Jun 22 23:21:15 2020 CEST <damian@fptrucha.inv.usc.es>
# name: hd
# type: matrix
# rows: 6
# columns: 2
 4776 -620
 7632 -372
 7709 -124
 7352 124
 6767 370
 3904 620


