# Created by Octave 3.8.2, Mon Jun 22 01:39:15 2020 CEST <damian@fptrucha.inv.usc.es>
# name: hd
# type: matrix
# rows: 6
# columns: 2
 4983 -620
 7790 -372
 7383 -124
 6894 124
 6100 370
 3606 620


