# Created by Octave 3.8.2, Mon Jun 22 15:28:05 2020 CEST <damian@fptrucha.inv.usc.es>
# name: hd
# type: matrix
# rows: 6
# columns: 2
 4519 -620
 7328 -372
 7604 -124
 7408 124
 6416 370
 3868 620


