# Created by Octave 3.8.2, Sat Jun 20 23:06:35 2020 CEST <damian@fptrucha.inv.usc.es>
# name: hd
# type: matrix
# rows: 6
# columns: 2
 4655 -620
 7536 -372
 6865 -124
 6681 124
 5853 370
 3621 620


