# Created by Octave 3.8.2, Sat Jun 20 09:50:39 2020 CEST <damian@fptrucha.inv.usc.es>
# name: hd
# type: matrix
# rows: 6
# columns: 2
 5222 -620
 8648 -372
 7932 -124
 7669 124
 6802 370
 3998 620


