# Created by Octave 3.8.2, Mon Jun 22 16:26:39 2020 CEST <damian@fptrucha.inv.usc.es>
# name: hd
# type: matrix
# rows: 6
# columns: 2
 4404 -620
 7262 -372
 7400 -124
 7387 124
 6536 370
 3731 620


