# Created by Octave 3.8.2, Sun Jun 21 06:15:25 2020 CEST <damian@fptrucha.inv.usc.es>
# name: hd
# type: matrix
# rows: 6
# columns: 2
 4572 -620
 7480 -372
 6811 -124
 6592 124
 5769 370
 3402 620


