# Created by Octave 3.8.2, Sat Jun 20 08:55:48 2020 CEST <damian@fptrucha.inv.usc.es>
# name: hd
# type: matrix
# rows: 6
# columns: 2
 5255 -620
 8606 -372
 8242 -124
 7738 124
 7071 370
 4051 620


