# Created by Octave 3.8.2, Mon Jun 22 15:36:50 2020 CEST <damian@fptrucha.inv.usc.es>
# name: hd
# type: matrix
# rows: 6
# columns: 2
 4471 -620
 7347 -372
 7385 -124
 7295 124
 6568 370
 3795 620


