# Created by Octave 3.8.2, Mon Jun 22 02:18:52 2020 CEST <damian@fptrucha.inv.usc.es>
# name: hd
# type: matrix
# rows: 6
# columns: 2
 4558 -620
 6999 -372
 7054 -124
 6618 124
 5940 370
 3590 620


