# Created by Octave 3.8.2, Sun Jun 21 07:14:26 2020 CEST <damian@fptrucha.inv.usc.es>
# name: hd
# type: matrix
# rows: 6
# columns: 2
 4742 -620
 7614 -372
 7187 -124
 6818 124
 5936 370
 3519 620


