# Created by Octave 3.8.2, Sun Jun 21 03:56:07 2020 CEST <damian@fptrucha.inv.usc.es>
# name: hd
# type: matrix
# rows: 6
# columns: 2
 4561 -620
 7419 -372
 7064 -124
 6642 124
 5861 370
 3502 620


