# Created by Octave 3.8.2, Mon Jun 22 12:22:09 2020 CEST <damian@fptrucha.inv.usc.es>
# name: hd
# type: matrix
# rows: 6
# columns: 2
 4204 -620
 6859 -372
 7203 -124
 7055 124
 6438 370
 3754 620


