# Created by Octave 3.8.2, Sun Jun 21 06:41:55 2020 CEST <damian@fptrucha.inv.usc.es>
# name: hd
# type: matrix
# rows: 6
# columns: 2
 4688 -620
 7591 -372
 7260 -124
 6904 124
 5946 370
 3531 620


