# Created by Octave 3.8.2, Mon Jun 22 13:52:12 2020 CEST <damian@fptrucha.inv.usc.es>
# name: hd
# type: matrix
# rows: 6
# columns: 2
 4227 -620
 7045 -372
 7409 -124
 6982 124
 6546 370
 3849 620


