# Created by Octave 3.8.2, Mon Jun 22 14:23:30 2020 CEST <damian@fptrucha.inv.usc.es>
# name: hd
# type: matrix
# rows: 6
# columns: 2
 4185 -620
 7117 -372
 7210 -124
 6864 124
 6280 370
 3760 620


