# Created by Octave 3.8.2, Sat Jun 20 20:16:23 2020 CEST <damian@fptrucha.inv.usc.es>
# name: hd
# type: matrix
# rows: 6
# columns: 2
 4464 -620
 7632 -372
 6875 -124
 6624 124
 5974 370
 3624 620


