# Created by Octave 3.8.2, Sat Jun 20 19:27:06 2020 CEST <damian@fptrucha.inv.usc.es>
# name: hd
# type: matrix
# rows: 6
# columns: 2
 4640 -620
 7798 -372
 7159 -124
 6748 124
 6056 370
 3537 620


