# Created by Octave 3.8.2, Mon Jun 22 03:21:45 2020 CEST <damian@fptrucha.inv.usc.es>
# name: hd
# type: matrix
# rows: 6
# columns: 2
 3886 -620
 6337 -372
 6880 -124
 6636 124
 5973 370
 3490 620


