# Created by Octave 3.8.2, Mon Jun 22 04:05:14 2020 CEST <damian@fptrucha.inv.usc.es>
# name: hd
# type: matrix
# rows: 6
# columns: 2
 4033 -620
 6397 -372
 6677 -124
 6744 124
 5723 370
 3487 620


