# Created by Octave 3.8.2, Sat Jun 20 15:08:10 2020 CEST <damian@fptrucha.inv.usc.es>
# name: hd
# type: matrix
# rows: 6
# columns: 2
 4828 -620
 7786 -372
 7251 -124
 6960 124
 6164 370
 3660 620


