# Created by Octave 3.8.2, Mon Jun 22 19:49:43 2020 CEST <damian@fptrucha.inv.usc.es>
# name: hd
# type: matrix
# rows: 6
# columns: 2
 4422 -620
 7530 -372
 7591 -124
 7320 124
 6579 370
 3947 620


