# Created by Octave 3.8.2, Mon Jun 22 03:17:58 2020 CEST <damian@fptrucha.inv.usc.es>
# name: hd
# type: matrix
# rows: 6
# columns: 2
 4029 -620
 6500 -372
 6589 -124
 6552 124
 5910 370
 3625 620


