# Created by Octave 3.8.2, Sun Jun 21 02:42:16 2020 CEST <damian@fptrucha.inv.usc.es>
# name: hd
# type: matrix
# rows: 6
# columns: 2
 4525 -620
 7281 -372
 6812 -124
 6419 124
 5762 370
 3477 620


