# Created by Octave 3.8.2, Mon Jun 22 05:00:05 2020 CEST <damian@fptrucha.inv.usc.es>
# name: hd
# type: matrix
# rows: 6
# columns: 2
 3927 -620
 6425 -372
 6570 -124
 6488 124
 5549 370
 3318 620


