# Created by Octave 3.8.2, Mon Jun 22 08:54:49 2020 CEST <damian@fptrucha.inv.usc.es>
# name: hd
# type: matrix
# rows: 6
# columns: 2
 4034 -620
 6661 -372
 7061 -124
 6953 124
 6415 370
 3681 620


