# Created by Octave 3.8.2, Sun Jun 21 07:59:27 2020 CEST <damian@fptrucha.inv.usc.es>
# name: hd
# type: matrix
# rows: 6
# columns: 2
 4654 -620
 7537 -372
 7036 -124
 6683 124
 5927 370
 3474 620


