# Created by Octave 3.8.2, Mon Jun 22 08:51:46 2020 CEST <damian@fptrucha.inv.usc.es>
# name: hd
# type: matrix
# rows: 6
# columns: 2
 3956 -620
 6791 -372
 7096 -124
 6997 124
 6256 370
 3683 620


