# Created by Octave 3.8.2, Mon Jun 22 03:56:40 2020 CEST <damian@fptrucha.inv.usc.es>
# name: hd
# type: matrix
# rows: 6
# columns: 2
 4050 -620
 6628 -372
 6701 -124
 6624 124
 5842 370
 3404 620


