# Created by Octave 3.8.2, Mon Jun 22 22:08:31 2020 CEST <damian@fptrucha.inv.usc.es>
# name: hd
# type: matrix
# rows: 6
# columns: 2
 4675 -620
 7662 -372
 7717 -124
 7341 124
 6541 370
 4051 620


