# Created by Octave 3.8.2, Sat Jun 20 18:28:07 2020 CEST <damian@fptrucha.inv.usc.es>
# name: hd
# type: matrix
# rows: 6
# columns: 2
 4446 -620
 7736 -372
 7060 -124
 6828 124
 5951 370
 3638 620


