# Created by Octave 3.8.2, Mon Jun 22 18:32:04 2020 CEST <damian@fptrucha.inv.usc.es>
# name: hd
# type: matrix
# rows: 6
# columns: 2
 4427 -620
 7463 -372
 7449 -124
 7280 124
 6624 370
 3908 620


