# Created by Octave 3.8.2, Sat Jun 20 21:57:29 2020 CEST <damian@fptrucha.inv.usc.es>
# name: hd
# type: matrix
# rows: 6
# columns: 2
 4502 -620
 7546 -372
 7077 -124
 6630 124
 5959 370
 3578 620


