# Created by Octave 3.8.2, Sat Jun 20 13:14:29 2020 CEST <damian@fptrucha.inv.usc.es>
# name: hd
# type: matrix
# rows: 6
# columns: 2
 4934 -620
 7979 -372
 7605 -124
 7214 124
 6388 370
 3693 620


