# Created by Octave 3.8.2, Sun Jun 21 04:43:57 2020 CEST <damian@fptrucha.inv.usc.es>
# name: hd
# type: matrix
# rows: 6
# columns: 2
 4562 -620
 7423 -372
 6925 -124
 6738 124
 5955 370
 3520 620


