# Created by Octave 3.8.2, Mon Jun 22 01:29:06 2020 CEST <damian@fptrucha.inv.usc.es>
# name: hd
# type: matrix
# rows: 6
# columns: 2
 4511 -620
 7573 -372
 7071 -124
 6728 124
 5857 370
 3604 620


