# Created by Octave 3.8.2, Sun Jun 21 02:02:18 2020 CEST <damian@fptrucha.inv.usc.es>
# name: hd
# type: matrix
# rows: 6
# columns: 2
 4509 -620
 7382 -372
 6836 -124
 6533 124
 5812 370
 3518 620


