# Created by Octave 3.8.2, Sat Jun 20 08:10:56 2020 CEST <damian@fptrucha.inv.usc.es>
# name: hd
# type: matrix
# rows: 6
# columns: 2
 5481 -620
 8658 -372
 8149 -124
 7595 124
 7013 370
 4015 620


