# Created by Octave 3.8.2, Sat Jun 20 15:44:33 2020 CEST <damian@fptrucha.inv.usc.es>
# name: hd
# type: matrix
# rows: 6
# columns: 2
 4670 -620
 7747 -372
 7186 -124
 6820 124
 6209 370
 3597 620


