# Created by Octave 3.8.2, Mon Jun 22 07:35:05 2020 CEST <damian@fptrucha.inv.usc.es>
# name: hd
# type: matrix
# rows: 6
# columns: 2
 4052 -620
 6710 -372
 7011 -124
 6840 124
 6109 370
 3627 620


