# Created by Octave 3.8.2, Sat Jun 20 12:01:11 2020 CEST <damian@fptrucha.inv.usc.es>
# name: hd
# type: matrix
# rows: 6
# columns: 2
 5026 -620
 8291 -372
 7717 -124
 7432 124
 6669 370
 3861 620


