# Created by Octave 3.8.2, Mon Jun 22 03:47:20 2020 CEST <damian@fptrucha.inv.usc.es>
# name: hd
# type: matrix
# rows: 6
# columns: 2
 4038 -620
 6492 -372
 6784 -124
 6645 124
 6094 370
 3482 620


