# Created by Octave 3.8.2, Mon Jun 22 21:25:32 2020 CEST <damian@fptrucha.inv.usc.es>
# name: hd
# type: matrix
# rows: 6
# columns: 2
 4576 -620
 7727 -372
 7702 -124
 7449 124
 6782 370
 3958 620


