# Created by Octave 3.8.2, Mon Jun 22 05:48:32 2020 CEST <damian@fptrucha.inv.usc.es>
# name: hd
# type: matrix
# rows: 6
# columns: 2
 3749 -620
 6462 -372
 6823 -124
 6812 124
 6127 370
 3622 620


