# Created by Octave 3.8.2, Mon Jun 22 13:21:46 2020 CEST <damian@fptrucha.inv.usc.es>
# name: hd
# type: matrix
# rows: 6
# columns: 2
 4212 -620
 7174 -372
 7431 -124
 7139 124
 6557 370
 3847 620


