# Created by Octave 3.8.2, Sat Jun 20 18:38:32 2020 CEST <damian@fptrucha.inv.usc.es>
# name: hd
# type: matrix
# rows: 6
# columns: 2
 4487 -620
 7563 -372
 7085 -124
 6732 124
 5901 370
 3526 620


