# Created by Octave 3.8.2, Mon Jun 22 22:01:28 2020 CEST <damian@fptrucha.inv.usc.es>
# name: hd
# type: matrix
# rows: 6
# columns: 2
 3061 -620
 5116 -372
 5196 -124
 4962 124
 4335 370
 2577 620


