# Created by Octave 3.8.2, Sat Jun 20 19:12:42 2020 CEST <damian@fptrucha.inv.usc.es>
# name: hd
# type: matrix
# rows: 6
# columns: 2
 4700 -620
 7728 -372
 7063 -124
 6866 124
 5834 370
 3516 620


