# Created by Octave 3.8.2, Sun Jun 21 00:47:54 2020 CEST <damian@fptrucha.inv.usc.es>
# name: hd
# type: matrix
# rows: 6
# columns: 2
 4524 -620
 7438 -372
 6911 -124
 6698 124
 5792 370
 3456 620


