# Created by Octave 3.8.2, Mon Jun 22 04:11:27 2020 CEST <damian@fptrucha.inv.usc.es>
# name: hd
# type: matrix
# rows: 6
# columns: 2
 4060 -620
 6444 -372
 6484 -124
 6508 124
 5760 370
 3469 620


