# Created by Octave 3.8.2, Mon Jun 22 22:49:25 2020 CEST <damian@fptrucha.inv.usc.es>
# name: hd
# type: matrix
# rows: 6
# columns: 2
 4713 -620
 7926 -372
 7713 -124
 7487 124
 6810 370
 4031 620


