# Created by Octave 3.8.2, Sat Jun 20 17:02:19 2020 CEST <damian@fptrucha.inv.usc.es>
# name: hd
# type: matrix
# rows: 6
# columns: 2
 4548 -620
 7630 -372
 7000 -124
 6737 124
 5914 370
 3751 620


