# Created by Octave 3.8.2, Tue Jun 23 00:14:39 2020 CEST <damian@fptrucha.inv.usc.es>
# name: hd
# type: matrix
# rows: 6
# columns: 2
 4719 -620
 7651 -372
 7658 -124
 7152 124
 6586 370
 3944 620


