# Created by Octave 3.8.2, Sun Jun 21 04:28:33 2020 CEST <damian@fptrucha.inv.usc.es>
# name: hd
# type: matrix
# rows: 6
# columns: 2
 4510 -620
 7369 -372
 6907 -124
 6605 124
 5875 370
 3531 620


