# Created by Octave 3.8.2, Sat Jun 20 06:03:57 2020 CEST <damian@fptrucha.inv.usc.es>
# name: hd
# type: matrix
# rows: 6
# columns: 2
 5246 -620
 8423 -372
 7986 -124
 7616 124
 6764 370
 4016 620


