# Created by Octave 3.8.2, Mon Jun 22 12:41:56 2020 CEST <damian@fptrucha.inv.usc.es>
# name: hd
# type: matrix
# rows: 6
# columns: 2
 4242 -620
 7147 -372
 7079 -124
 7269 124
 6279 370
 3907 620


