# Created by Octave 3.8.2, Sat Jun 20 11:23:36 2020 CEST <damian@fptrucha.inv.usc.es>
# name: hd
# type: matrix
# rows: 6
# columns: 2
 5072 -620
 8451 -372
 7825 -124
 7410 124
 6570 370
 3897 620


