# Created by Octave 3.8.2, Sun Jun 21 04:33:02 2020 CEST <damian@fptrucha.inv.usc.es>
# name: hd
# type: matrix
# rows: 6
# columns: 2
 4546 -620
 7557 -372
 6969 -124
 6707 124
 5912 370
 3476 620


