# Created by Octave 3.8.2, Mon Jun 22 19:59:37 2020 CEST <damian@fptrucha.inv.usc.es>
# name: hd
# type: matrix
# rows: 6
# columns: 2
 4499 -620
 7583 -372
 7437 -124
 7132 124
 6594 370
 4120 620


