# Created by Octave 3.8.2, Mon Jun 22 21:36:14 2020 CEST <damian@fptrucha.inv.usc.es>
# name: hd
# type: matrix
# rows: 6
# columns: 2
 4585 -620
 7738 -372
 7680 -124
 7363 124
 6770 370
 4097 620


