# Created by Octave 3.8.2, Sat Jun 20 22:49:59 2020 CEST <damian@fptrucha.inv.usc.es>
# name: hd
# type: matrix
# rows: 6
# columns: 2
 4592 -620
 7293 -372
 6824 -124
 6575 124
 5913 370
 3558 620


