# Created by Octave 3.8.2, Mon Jun 22 07:49:23 2020 CEST <damian@fptrucha.inv.usc.es>
# name: hd
# type: matrix
# rows: 6
# columns: 2
 4057 -620
 6730 -372
 7011 -124
 6728 124
 6214 370
 3732 620


