# Created by Octave 3.8.2, Sat Jun 20 14:53:51 2020 CEST <damian@fptrucha.inv.usc.es>
# name: hd
# type: matrix
# rows: 6
# columns: 2
 4793 -620
 7846 -372
 7421 -124
 7072 124
 6302 370
 3786 620


