# Created by Octave 3.8.2, Sat Jun 20 23:44:23 2020 CEST <damian@fptrucha.inv.usc.es>
# name: hd
# type: matrix
# rows: 6
# columns: 2
 4428 -620
 7518 -372
 6984 -124
 6537 124
 5902 370
 3530 620


