# Created by Octave 3.8.2, Mon Jun 22 14:19:43 2020 CEST <damian@fptrucha.inv.usc.es>
# name: hd
# type: matrix
# rows: 6
# columns: 2
 4164 -620
 7079 -372
 7346 -124
 6961 124
 6407 370
 3889 620


