# Created by Octave 3.8.2, Sat Jun 20 16:17:19 2020 CEST <damian@fptrucha.inv.usc.es>
# name: hd
# type: matrix
# rows: 6
# columns: 2
 4723 -620
 7642 -372
 7184 -124
 6908 124
 6085 370
 3749 620


