# Created by Octave 3.8.2, Sun Jun 21 07:35:35 2020 CEST <damian@fptrucha.inv.usc.es>
# name: hd
# type: matrix
# rows: 6
# columns: 2
 4792 -620
 7592 -372
 7344 -124
 6986 124
 6139 370
 3676 620


