# Created by Octave 3.8.2, Sat Jun 20 21:12:03 2020 CEST <damian@fptrucha.inv.usc.es>
# name: hd
# type: matrix
# rows: 6
# columns: 2
 4560 -620
 7557 -372
 7066 -124
 6502 124
 5853 370
 3481 620


