# Created by Octave 3.8.2, Mon Jun 22 03:22:45 2020 CEST <damian@fptrucha.inv.usc.es>
# name: hd
# type: matrix
# rows: 6
# columns: 2
 3941 -620
 6536 -372
 6747 -124
 6557 124
 6012 370
 3630 620


