# Created by Octave 3.8.2, Mon Jun 22 05:01:58 2020 CEST <damian@fptrucha.inv.usc.es>
# name: hd
# type: matrix
# rows: 6
# columns: 2
 3920 -620
 6378 -372
 6698 -124
 6539 124
 5498 370
 3378 620


