# Created by Octave 3.8.2, Mon Jun 22 11:08:12 2020 CEST <damian@fptrucha.inv.usc.es>
# name: hd
# type: matrix
# rows: 6
# columns: 2
 4180 -620
 7114 -372
 7290 -124
 7063 124
 6385 370
 3770 620


