# Created by Octave 3.8.2, Mon Jun 22 09:07:50 2020 CEST <damian@fptrucha.inv.usc.es>
# name: hd
# type: matrix
# rows: 6
# columns: 2
 4015 -620
 6821 -372
 7032 -124
 6703 124
 6396 370
 3748 620


