# Created by Octave 3.8.2, Sat Jun 20 16:55:44 2020 CEST <damian@fptrucha.inv.usc.es>
# name: hd
# type: matrix
# rows: 6
# columns: 2
 4688 -620
 7638 -372
 7127 -124
 6784 124
 6054 370
 3549 620


