# Created by Octave 3.8.2, Mon Jun 22 11:45:15 2020 CEST <damian@fptrucha.inv.usc.es>
# name: hd
# type: matrix
# rows: 6
# columns: 2
 4118 -620
 6894 -372
 7426 -124
 7010 124
 6344 370
 3702 620


