# Created by Octave 3.8.2, Sat Jun 20 03:42:29 2020 CEST <damian@fptrucha.inv.usc.es>
# name: hd
# type: matrix
# rows: 6
# columns: 2
 5067 -620
 8200 -372
 7704 -124
 7398 124
 6522 370
 3782 620


