# Created by Octave 3.8.2, Mon Jun 22 16:11:33 2020 CEST <damian@fptrucha.inv.usc.es>
# name: hd
# type: matrix
# rows: 6
# columns: 2
 4331 -620
 7444 -372
 7517 -124
 7316 124
 6522 370
 3846 620


