# Created by Octave 3.8.2, Mon Jun 22 10:36:56 2020 CEST <damian@fptrucha.inv.usc.es>
# name: hd
# type: matrix
# rows: 6
# columns: 2
 2790 -620
 4701 -372
 4817 -124
 4645 124
 4120 370
 2464 620


