# Created by Octave 3.8.2, Mon Jun 22 22:33:08 2020 CEST <damian@fptrucha.inv.usc.es>
# name: hd
# type: matrix
# rows: 6
# columns: 2
 4765 -620
 7729 -372
 7748 -124
 7529 124
 6729 370
 3944 620


