# Created by Octave 3.8.2, Mon Jun 22 23:02:43 2020 CEST <damian@fptrucha.inv.usc.es>
# name: hd
# type: matrix
# rows: 6
# columns: 2
 4658 -620
 7762 -372
 7896 -124
 7527 124
 6920 370
 3926 620


