# Created by Octave 3.8.2, Sat Jun 20 22:23:07 2020 CEST <damian@fptrucha.inv.usc.es>
# name: hd
# type: matrix
# rows: 6
# columns: 2
 4537 -620
 7428 -372
 6928 -124
 6716 124
 5838 370
 3534 620


