# Created by Octave 3.8.2, Sat Jun 20 03:14:03 2020 CEST <damian@fptrucha.inv.usc.es>
# name: hd
# type: matrix
# rows: 6
# columns: 2
 4971 -620
 8316 -372
 7726 -124
 7552 124
 6691 370
 3920 620


