# Created by Octave 3.8.2, Mon Jun 22 13:16:25 2020 CEST <damian@fptrucha.inv.usc.es>
# name: hd
# type: matrix
# rows: 6
# columns: 2
 4332 -620
 7381 -372
 7280 -124
 6960 124
 6555 370
 3853 620


