# Created by Octave 3.8.2, Tue Jun 23 00:29:27 2020 CEST <damian@fptrucha.inv.usc.es>
# name: hd
# type: matrix
# rows: 6
# columns: 2
 4810 -620
 7758 -372
 7466 -124
 7422 124
 6720 370
 4024 620


