# Created by Octave 3.8.2, Sun Jun 21 00:56:16 2020 CEST <damian@fptrucha.inv.usc.es>
# name: hd
# type: matrix
# rows: 6
# columns: 2
 4569 -620
 7474 -372
 6976 -124
 6602 124
 5869 370
 3562 620


