# Created by Octave 3.8.2, Mon Jun 22 19:58:30 2020 CEST <damian@fptrucha.inv.usc.es>
# name: hd
# type: matrix
# rows: 6
# columns: 2
 4592 -620
 7609 -372
 7564 -124
 7207 124
 6534 370
 3962 620


