# Created by Octave 3.8.2, Sat Jun 20 21:15:54 2020 CEST <damian@fptrucha.inv.usc.es>
# name: hd
# type: matrix
# rows: 6
# columns: 2
 4515 -620
 7377 -372
 7008 -124
 6614 124
 5883 370
 3510 620


