# Created by Octave 3.8.2, Mon Jun 22 03:08:44 2020 CEST <damian@fptrucha.inv.usc.es>
# name: hd
# type: matrix
# rows: 6
# columns: 2
 3989 -620
 6456 -372
 6811 -124
 6605 124
 5989 370
 3554 620


