# Created by Octave 3.8.2, Mon Jun 22 05:19:00 2020 CEST <damian@fptrucha.inv.usc.es>
# name: hd
# type: matrix
# rows: 6
# columns: 2
 4040 -620
 6406 -372
 6698 -124
 6631 124
 5844 370
 3589 620


