# Created by Octave 3.8.2, Sat Jun 20 16:30:02 2020 CEST <damian@fptrucha.inv.usc.es>
# name: hd
# type: matrix
# rows: 6
# columns: 2
 4626 -620
 7939 -372
 7352 -124
 6983 124
 6027 370
 3635 620


