# Created by Octave 3.8.2, Mon Jun 22 19:14:44 2020 CEST <damian@fptrucha.inv.usc.es>
# name: hd
# type: matrix
# rows: 6
# columns: 2
 4481 -620
 7599 -372
 7527 -124
 7405 124
 6685 370
 3947 620


