# Created by Octave 3.8.2, Sat Jun 20 21:34:45 2020 CEST <damian@fptrucha.inv.usc.es>
# name: hd
# type: matrix
# rows: 6
# columns: 2
 4598 -620
 7331 -372
 6876 -124
 6623 124
 5931 370
 3568 620


