# Created by Octave 3.8.2, Sat Jun 20 20:30:16 2020 CEST <damian@fptrucha.inv.usc.es>
# name: hd
# type: matrix
# rows: 6
# columns: 2
 4385 -620
 7742 -372
 7035 -124
 6806 124
 6119 370
 3570 620


