# Created by Octave 3.8.2, Mon Jun 22 08:27:17 2020 CEST <damian@fptrucha.inv.usc.es>
# name: hd
# type: matrix
# rows: 6
# columns: 2
 2673 -620
 4386 -372
 4637 -124
 4509 124
 4156 370
 2496 620


