# Created by Octave 3.8.2, Sat Jun 20 17:17:31 2020 CEST <damian@fptrucha.inv.usc.es>
# name: hd
# type: matrix
# rows: 6
# columns: 2
 4536 -620
 7676 -372
 7125 -124
 6910 124
 5958 370
 3591 620


