# Created by Octave 3.8.2, Sat Jun 20 18:24:14 2020 CEST <damian@fptrucha.inv.usc.es>
# name: hd
# type: matrix
# rows: 6
# columns: 2
 3023 -620
 5038 -372
 4608 -124
 4423 124
 3926 370
 2251 620


