# Created by Octave 3.8.2, Sun Jun 21 01:57:59 2020 CEST <damian@fptrucha.inv.usc.es>
# name: hd
# type: matrix
# rows: 6
# columns: 2
 4529 -620
 7346 -372
 6749 -124
 6571 124
 5844 370
 3484 620


