# Created by Octave 3.8.2, Mon Jun 22 21:41:45 2020 CEST <damian@fptrucha.inv.usc.es>
# name: hd
# type: matrix
# rows: 6
# columns: 2
 4552 -620
 7780 -372
 7618 -124
 7270 124
 6581 370
 3990 620


