# Created by Octave 3.8.2, Sat Jun 20 18:20:46 2020 CEST <damian@fptrucha.inv.usc.es>
# name: hd
# type: matrix
# rows: 6
# columns: 2
 4570 -620
 7679 -372
 7085 -124
 6811 124
 5948 370
 3597 620


