# Created by Octave 3.8.2, Mon Jun 22 02:26:37 2020 CEST <damian@fptrucha.inv.usc.es>
# name: hd
# type: matrix
# rows: 6
# columns: 2
 1503 -620
 1653 -372
 1816 -124
 383 124
 187 370
 101 620


