# Created by Octave 3.8.2, Sun Jun 21 07:51:30 2020 CEST <damian@fptrucha.inv.usc.es>
# name: hd
# type: matrix
# rows: 6
# columns: 2
 4555 -620
 7481 -372
 7200 -124
 6551 124
 5734 370
 3430 620


