# Created by Octave 3.8.2, Mon Jun 22 06:51:07 2020 CEST <damian@fptrucha.inv.usc.es>
# name: hd
# type: matrix
# rows: 6
# columns: 2
 3863 -620
 6354 -372
 7026 -124
 6722 124
 6032 370
 3716 620


