# Created by Octave 3.8.2, Sun Jun 21 06:26:11 2020 CEST <damian@fptrucha.inv.usc.es>
# name: hd
# type: matrix
# rows: 6
# columns: 2
 4374 -620
 7207 -372
 6738 -124
 6485 124
 5761 370
 3404 620


