# Created by Octave 3.8.2, Mon Jun 22 04:19:00 2020 CEST <damian@fptrucha.inv.usc.es>
# name: hd
# type: matrix
# rows: 6
# columns: 2
 4009 -620
 6414 -372
 6593 -124
 6479 124
 5668 370
 3341 620


