# Created by Octave 3.8.2, Sun Jun 21 08:10:49 2020 CEST <damian@fptrucha.inv.usc.es>
# name: hd
# type: matrix
# rows: 6
# columns: 2
 4669 -620
 7754 -372
 6994 -124
 6740 124
 5981 370
 3548 620


