# Created by Octave 3.8.2, Sun Jun 21 02:34:39 2020 CEST <damian@fptrucha.inv.usc.es>
# name: hd
# type: matrix
# rows: 6
# columns: 2
 4544 -620
 7525 -372
 7011 -124
 6496 124
 5967 370
 3555 620


