# Created by Octave 3.8.2, Sat Jun 20 07:00:21 2020 CEST <damian@fptrucha.inv.usc.es>
# name: hd
# type: matrix
# rows: 6
# columns: 2
 5177 -620
 8524 -372
 8191 -124
 7629 124
 6821 370
 4060 620


