# Created by Octave 3.8.2, Sat Jun 20 11:12:45 2020 CEST <damian@fptrucha.inv.usc.es>
# name: hd
# type: matrix
# rows: 6
# columns: 2
 5158 -620
 8429 -372
 8046 -124
 7642 124
 6681 370
 3816 620


