# Created by Octave 3.8.2, Mon Jun 22 12:31:18 2020 CEST <damian@fptrucha.inv.usc.es>
# name: hd
# type: matrix
# rows: 6
# columns: 2
 4200 -620
 7262 -372
 7254 -124
 7009 124
 6314 370
 3844 620


