# Created by Octave 3.8.2, Sun Jun 21 01:55:50 2020 CEST <damian@fptrucha.inv.usc.es>
# name: hd
# type: matrix
# rows: 6
# columns: 2
 4413 -620
 7329 -372
 6739 -124
 6499 124
 5674 370
 3444 620


