# Created by Octave 3.8.2, Mon Jun 22 02:22:47 2020 CEST <damian@fptrucha.inv.usc.es>
# name: hd
# type: matrix
# rows: 6
# columns: 2
 4369 -620
 6865 -372
 6928 -124
 6632 124
 5760 370
 3414 620


