# Created by Octave 3.8.2, Mon Jun 22 09:54:15 2020 CEST <damian@fptrucha.inv.usc.es>
# name: hd
# type: matrix
# rows: 6
# columns: 2
 4229 -620
 6915 -372
 7233 -124
 7086 124
 6437 370
 3774 620


