# Created by Octave 3.8.2, Sun Jun 21 02:35:41 2020 CEST <damian@fptrucha.inv.usc.es>
# name: hd
# type: matrix
# rows: 6
# columns: 2
 4486 -620
 7352 -372
 6942 -124
 6451 124
 5826 370
 3471 620


