# Created by Octave 3.8.2, Mon Jun 22 07:16:16 2020 CEST <damian@fptrucha.inv.usc.es>
# name: hd
# type: matrix
# rows: 6
# columns: 2
 3933 -620
 6676 -372
 6918 -124
 6832 124
 6303 370
 3767 620


