# Created by Octave 3.8.2, Sat Jun 20 02:20:35 2020 CEST <damian@fptrucha.inv.usc.es>
# name: hd
# type: matrix
# rows: 6
# columns: 2
 4821 -620
 8124 -372
 7633 -124
 7320 124
 6418 370
 3840 620


