# Created by Octave 3.8.2, Mon Jun 22 09:59:26 2020 CEST <damian@fptrucha.inv.usc.es>
# name: hd
# type: matrix
# rows: 6
# columns: 2
 2705 -620
 4521 -372
 4704 -124
 4602 124
 4152 370
 2482 620


