# Created by Octave 3.8.2, Sat Jun 20 04:01:41 2020 CEST <damian@fptrucha.inv.usc.es>
# name: hd
# type: matrix
# rows: 6
# columns: 2
 5208 -620
 8517 -372
 8068 -124
 7641 124
 6758 370
 4032 620


