# Created by Octave 3.8.2, Mon Jun 22 02:37:51 2020 CEST <damian@fptrucha.inv.usc.es>
# name: hd
# type: matrix
# rows: 6
# columns: 2
 4062 -620
 6486 -372
 6689 -124
 6453 124
 5820 370
 3666 620


