# Created by Octave 3.8.2, Mon Jun 22 05:21:48 2020 CEST <damian@fptrucha.inv.usc.es>
# name: hd
# type: matrix
# rows: 6
# columns: 2
 3990 -620
 6517 -372
 6773 -124
 6592 124
 5925 370
 3437 620


