# Created by Octave 3.8.2, Sun Jun 21 00:04:28 2020 CEST <damian@fptrucha.inv.usc.es>
# name: hd
# type: matrix
# rows: 6
# columns: 2
 4510 -620
 7385 -372
 6783 -124
 6490 124
 5818 370
 3467 620


