# Created by Octave 3.8.2, Sat Jun 20 15:49:57 2020 CEST <damian@fptrucha.inv.usc.es>
# name: hd
# type: matrix
# rows: 6
# columns: 2
 4723 -620
 7919 -372
 7285 -124
 6843 124
 6184 370
 3665 620


