# Created by Octave 3.8.2, Sun Jun 21 00:28:51 2020 CEST <damian@fptrucha.inv.usc.es>
# name: hd
# type: matrix
# rows: 6
# columns: 2
 4490 -620
 7320 -372
 6858 -124
 6488 124
 5831 370
 3512 620


