# Created by Octave 3.8.2, Sat Jun 20 10:56:52 2020 CEST <damian@fptrucha.inv.usc.es>
# name: hd
# type: matrix
# rows: 6
# columns: 2
 5135 -620
 8351 -372
 7998 -124
 7513 124
 6647 370
 3993 620


