# Created by Octave 3.8.2, Mon Jun 22 06:02:14 2020 CEST <damian@fptrucha.inv.usc.es>
# name: hd
# type: matrix
# rows: 6
# columns: 2
 3756 -620
 6471 -372
 6874 -124
 6677 124
 6126 370
 3653 620


