# Created by Octave 3.8.2, Mon Jun 22 17:48:44 2020 CEST <damian@fptrucha.inv.usc.es>
# name: hd
# type: matrix
# rows: 6
# columns: 2
 4392 -620
 7240 -372
 7457 -124
 7297 124
 6631 370
 3907 620


