# Created by Octave 3.8.2, Sat Jun 20 09:38:54 2020 CEST <damian@fptrucha.inv.usc.es>
# name: hd
# type: matrix
# rows: 6
# columns: 2
 5449 -620
 8607 -372
 8082 -124
 7827 124
 6889 370
 4013 620


