# Created by Octave 3.8.2, Sun Jun 21 06:37:38 2020 CEST <damian@fptrucha.inv.usc.es>
# name: hd
# type: matrix
# rows: 6
# columns: 2
 4782 -620
 7677 -372
 7322 -124
 6919 124
 6106 370
 3596 620


