# Created by Octave 3.8.2, Mon Jun 22 14:24:35 2020 CEST <damian@fptrucha.inv.usc.es>
# name: hd
# type: matrix
# rows: 6
# columns: 2
 4049 -620
 7205 -372
 7414 -124
 7150 124
 6438 370
 3839 620


