# Created by Octave 3.8.2, Sat Jun 20 04:18:42 2020 CEST <damian@fptrucha.inv.usc.es>
# name: hd
# type: matrix
# rows: 6
# columns: 2
 5180 -620
 8438 -372
 7966 -124
 7590 124
 6793 370
 3905 620


