# Created by Octave 3.8.2, Mon Jun 22 09:05:41 2020 CEST <damian@fptrucha.inv.usc.es>
# name: hd
# type: matrix
# rows: 6
# columns: 2
 3933 -620
 6737 -372
 7029 -124
 6821 124
 6143 370
 3785 620


