# Created by Octave 3.8.2, Sat Jun 20 16:43:12 2020 CEST <damian@fptrucha.inv.usc.es>
# name: hd
# type: matrix
# rows: 6
# columns: 2
 4669 -620
 7667 -372
 7059 -124
 6742 124
 6079 370
 3553 620


