# Created by Octave 3.8.2, Mon Jun 22 03:59:31 2020 CEST <damian@fptrucha.inv.usc.es>
# name: hd
# type: matrix
# rows: 6
# columns: 2
 4086 -620
 6522 -372
 6650 -124
 6569 124
 5984 370
 3429 620


