# Created by Octave 3.8.2, Mon Jun 22 23:43:35 2020 CEST <damian@fptrucha.inv.usc.es>
# name: hd
# type: matrix
# rows: 6
# columns: 2
 4653 -620
 7712 -372
 7805 -124
 7455 124
 6714 370
 4010 620


