# Created by Octave 3.8.2, Mon Jun 22 06:17:51 2020 CEST <damian@fptrucha.inv.usc.es>
# name: hd
# type: matrix
# rows: 6
# columns: 2
 3848 -620
 6413 -372
 6897 -124
 6737 124
 6129 370
 3608 620


