# Created by Octave 3.8.2, Sat Jun 20 06:06:18 2020 CEST <damian@fptrucha.inv.usc.es>
# name: hd
# type: matrix
# rows: 6
# columns: 2
 3519 -620
 5501 -372
 5348 -124
 5133 124
 4514 370
 2573 620


