# Created by Octave 3.8.2, Sat Jun 20 06:16:29 2020 CEST <damian@fptrucha.inv.usc.es>
# name: hd
# type: matrix
# rows: 6
# columns: 2
 5260 -620
 8674 -372
 7920 -124
 7653 124
 6787 370
 4123 620


