# Created by Octave 3.8.2, Sat Jun 20 14:49:51 2020 CEST <damian@fptrucha.inv.usc.es>
# name: hd
# type: matrix
# rows: 6
# columns: 2
 4789 -620
 7909 -372
 7256 -124
 6967 124
 6138 370
 3854 620


