# Created by Octave 3.8.2, Sun Jun 21 01:26:57 2020 CEST <damian@fptrucha.inv.usc.es>
# name: hd
# type: matrix
# rows: 6
# columns: 2
 3035 -620
 4851 -372
 4526 -124
 4260 124
 3857 370
 2257 620


