# Created by Octave 3.8.2, Mon Jun 22 21:13:06 2020 CEST <damian@fptrucha.inv.usc.es>
# name: hd
# type: matrix
# rows: 6
# columns: 2
 4601 -620
 7616 -372
 7602 -124
 7243 124
 6688 370
 3978 620


