# Created by Octave 3.8.2, Sat Jun 20 05:52:18 2020 CEST <damian@fptrucha.inv.usc.es>
# name: hd
# type: matrix
# rows: 6
# columns: 2
 5209 -620
 8370 -372
 7993 -124
 7773 124
 6789 370
 4126 620


