# Created by Octave 3.8.2, Sun Jun 21 03:18:21 2020 CEST <damian@fptrucha.inv.usc.es>
# name: hd
# type: matrix
# rows: 6
# columns: 2
 4538 -620
 7333 -372
 6823 -124
 6487 124
 5866 370
 3528 620


