# Created by Octave 3.8.2, Mon Jun 22 23:59:49 2020 CEST <damian@fptrucha.inv.usc.es>
# name: hd
# type: matrix
# rows: 6
# columns: 2
 4822 -620
 7551 -372
 7946 -124
 7376 124
 6636 370
 3999 620


