# Created by Octave 3.8.2, Mon Jun 22 11:27:54 2020 CEST <damian@fptrucha.inv.usc.es>
# name: hd
# type: matrix
# rows: 6
# columns: 2
 4013 -620
 7005 -372
 7262 -124
 6845 124
 6412 370
 3757 620


