# Created by Octave 3.8.2, Mon Jun 22 17:56:13 2020 CEST <damian@fptrucha.inv.usc.es>
# name: hd
# type: matrix
# rows: 6
# columns: 2
 2984 -620
 4869 -372
 4870 -124
 4889 124
 4338 370
 2677 620


