# Created by Octave 3.8.2, Mon Jun 22 08:28:17 2020 CEST <damian@fptrucha.inv.usc.es>
# name: hd
# type: matrix
# rows: 6
# columns: 2
 4148 -620
 6772 -372
 6953 -124
 6736 124
 6366 370
 3692 620


