# Created by Octave 3.8.2, Sat Jun 20 09:41:52 2020 CEST <damian@fptrucha.inv.usc.es>
# name: hd
# type: matrix
# rows: 6
# columns: 2
 5247 -620
 8550 -372
 7978 -124
 7800 124
 6735 370
 3857 620


