# Created by Octave 3.8.2, Mon Jun 22 01:34:55 2020 CEST <damian@fptrucha.inv.usc.es>
# name: hd
# type: matrix
# rows: 6
# columns: 2
 4706 -620
 7654 -372
 7121 -124
 6714 124
 6035 370
 3664 620


