# Created by Octave 3.8.2, Sat Jun 20 11:41:38 2020 CEST <damian@fptrucha.inv.usc.es>
# name: hd
# type: matrix
# rows: 6
# columns: 2
 5159 -620
 8435 -372
 7905 -124
 7428 124
 6586 370
 3801 620


