# Created by Octave 3.8.2, Sun Jun 21 06:16:32 2020 CEST <damian@fptrucha.inv.usc.es>
# name: hd
# type: matrix
# rows: 6
# columns: 2
 4606 -620
 7331 -372
 7035 -124
 6466 124
 5891 370
 3516 620


