# Created by Octave 3.8.2, Sun Jun 21 03:52:49 2020 CEST <damian@fptrucha.inv.usc.es>
# name: hd
# type: matrix
# rows: 6
# columns: 2
 4503 -620
 7428 -372
 6827 -124
 6449 124
 5989 370
 3590 620


