# Created by Octave 3.8.2, Sat Jun 20 06:02:28 2020 CEST <damian@fptrucha.inv.usc.es>
# name: hd
# type: matrix
# rows: 6
# columns: 2
 5151 -620
 8433 -372
 8033 -124
 7682 124
 6748 370
 3978 620


