# Created by Octave 3.8.2, Sat Jun 20 07:11:57 2020 CEST <damian@fptrucha.inv.usc.es>
# name: hd
# type: matrix
# rows: 6
# columns: 2
 5184 -620
 8815 -372
 7987 -124
 7655 124
 6782 370
 4003 620


