# Created by Octave 3.8.2, Sat Jun 20 20:40:41 2020 CEST <damian@fptrucha.inv.usc.es>
# name: hd
# type: matrix
# rows: 6
# columns: 2
 4587 -620
 7520 -372
 6933 -124
 6709 124
 5842 370
 3432 620


