# Created by Octave 3.8.2, Mon Jun 22 10:55:28 2020 CEST <damian@fptrucha.inv.usc.es>
# name: hd
# type: matrix
# rows: 6
# columns: 2
 2787 -620
 4725 -372
 4833 -124
 4552 124
 4176 370
 2618 620


