# Created by Octave 3.8.2, Mon Jun 22 03:29:31 2020 CEST <damian@fptrucha.inv.usc.es>
# name: hd
# type: matrix
# rows: 6
# columns: 2
 3981 -620
 6407 -372
 6747 -124
 6721 124
 5905 370
 3684 620


