# Created by Octave 3.8.2, Mon Jun 22 06:24:32 2020 CEST <damian@fptrucha.inv.usc.es>
# name: hd
# type: matrix
# rows: 6
# columns: 2
 3783 -620
 6410 -372
 6992 -124
 6880 124
 6103 370
 3618 620


