# Created by Octave 3.8.2, Mon Jun 22 23:56:11 2020 CEST <damian@fptrucha.inv.usc.es>
# name: hd
# type: matrix
# rows: 6
# columns: 2
 4743 -620
 7808 -372
 7704 -124
 7449 124
 6852 370
 3926 620


