# Created by Octave 3.8.2, Mon Jun 22 21:00:01 2020 CEST <damian@fptrucha.inv.usc.es>
# name: hd
# type: matrix
# rows: 6
# columns: 2
 4589 -620
 7781 -372
 7559 -124
 7269 124
 6723 370
 4082 620


