# Created by Octave 3.8.2, Mon Jun 22 17:27:09 2020 CEST <damian@fptrucha.inv.usc.es>
# name: hd
# type: matrix
# rows: 6
# columns: 2
 4405 -620
 7357 -372
 7564 -124
 7289 124
 6636 370
 3898 620


