# Created by Octave 3.8.2, Sat Jun 20 10:48:52 2020 CEST <damian@fptrucha.inv.usc.es>
# name: hd
# type: matrix
# rows: 6
# columns: 2
 5116 -620
 8417 -372
 7971 -124
 7511 124
 6669 370
 3939 620


