# Created by Octave 3.8.2, Mon Jun 22 13:02:54 2020 CEST <damian@fptrucha.inv.usc.es>
# name: hd
# type: matrix
# rows: 6
# columns: 2
 4281 -620
 7197 -372
 7354 -124
 7163 124
 6463 370
 3890 620


