# Created by Octave 3.8.2, Sat Jun 20 14:57:16 2020 CEST <damian@fptrucha.inv.usc.es>
# name: hd
# type: matrix
# rows: 6
# columns: 2
 4718 -620
 7952 -372
 7302 -124
 7045 124
 6254 370
 3692 620


