# Created by Octave 3.8.2, Sat Jun 20 17:48:29 2020 CEST <damian@fptrucha.inv.usc.es>
# name: hd
# type: matrix
# rows: 6
# columns: 2
 4625 -620
 7718 -372
 7112 -124
 6898 124
 6068 370
 3525 620


