# Created by Octave 3.8.2, Sat Jun 20 03:25:07 2020 CEST <damian@fptrucha.inv.usc.es>
# name: hd
# type: matrix
# rows: 6
# columns: 2
 4855 -620
 8181 -372
 7541 -124
 7353 124
 6510 370
 3804 620


