# Created by Octave 3.8.2, Mon Jun 22 10:14:24 2020 CEST <damian@fptrucha.inv.usc.es>
# name: hd
# type: matrix
# rows: 6
# columns: 2
 4234 -620
 7025 -372
 7128 -124
 6898 124
 6228 370
 3847 620


