# Created by Octave 3.8.2, Mon Jun 22 02:04:05 2020 CEST <damian@fptrucha.inv.usc.es>
# name: hd
# type: matrix
# rows: 6
# columns: 2
 4612 -620
 7225 -372
 7019 -124
 6858 124
 6007 370
 3531 620


