# Created by Octave 3.8.2, Sat Jun 20 02:49:45 2020 CEST <damian@fptrucha.inv.usc.es>
# name: hd
# type: matrix
# rows: 6
# columns: 2
 5043 -620
 8260 -372
 7494 -124
 7378 124
 6568 370
 3840 620


