# Created by Octave 3.8.2, Mon Jun 22 16:39:35 2020 CEST <damian@fptrucha.inv.usc.es>
# name: hd
# type: matrix
# rows: 6
# columns: 2
 4404 -620
 7290 -372
 7560 -124
 7405 124
 6466 370
 3897 620


