# Created by Octave 3.8.2, Mon Jun 22 15:32:24 2020 CEST <damian@fptrucha.inv.usc.es>
# name: hd
# type: matrix
# rows: 6
# columns: 2
 4447 -620
 7283 -372
 7477 -124
 7170 124
 6475 370
 4000 620


