# Created by Octave 3.8.2, Sun Jun 21 06:25:06 2020 CEST <damian@fptrucha.inv.usc.es>
# name: hd
# type: matrix
# rows: 6
# columns: 2
 4571 -620
 7447 -372
 6967 -124
 6380 124
 5568 370
 3401 620


