# Created by Octave 3.8.2, Sun Jun 21 01:14:16 2020 CEST <damian@fptrucha.inv.usc.es>
# name: hd
# type: matrix
# rows: 6
# columns: 2
 4641 -620
 7470 -372
 6845 -124
 6707 124
 5873 370
 3496 620


