# Created by Octave 3.8.2, Sun Jun 21 00:18:04 2020 CEST <damian@fptrucha.inv.usc.es>
# name: hd
# type: matrix
# rows: 6
# columns: 2
 4495 -620
 7293 -372
 6881 -124
 6648 124
 5674 370
 3420 620


