# Created by Octave 3.8.2, Mon Jun 22 14:33:10 2020 CEST <damian@fptrucha.inv.usc.es>
# name: hd
# type: matrix
# rows: 6
# columns: 2
 4161 -620
 7126 -372
 7383 -124
 7121 124
 6452 370
 3832 620


