# Created by Octave 3.8.2, Mon Jun 22 06:58:38 2020 CEST <damian@fptrucha.inv.usc.es>
# name: hd
# type: matrix
# rows: 6
# columns: 2
 3741 -620
 6477 -372
 6819 -124
 6907 124
 6147 370
 3639 620


