# Created by Octave 3.8.2, Mon Jun 22 01:24:06 2020 CEST <damian@fptrucha.inv.usc.es>
# name: hd
# type: matrix
# rows: 6
# columns: 2
 4522 -620
 7400 -372
 6926 -124
 6434 124
 5899 370
 3568 620


