# Created by Octave 3.8.2, Mon Jun 22 22:27:05 2020 CEST <damian@fptrucha.inv.usc.es>
# name: hd
# type: matrix
# rows: 6
# columns: 2
 4642 -620
 7777 -372
 7747 -124
 7387 124
 6749 370
 4018 620


