# Created by Octave 3.8.2, Mon Jun 22 16:13:46 2020 CEST <damian@fptrucha.inv.usc.es>
# name: hd
# type: matrix
# rows: 6
# columns: 2
 4363 -620
 7257 -372
 7627 -124
 7306 124
 6423 370
 3812 620


