# Created by Octave 3.8.2, Sat Jun 20 12:16:14 2020 CEST <damian@fptrucha.inv.usc.es>
# name: hd
# type: matrix
# rows: 6
# columns: 2
 5155 -620
 8127 -372
 7787 -124
 7401 124
 6419 370
 3898 620


