# Created by Octave 3.8.2, Mon Jun 22 12:10:31 2020 CEST <damian@fptrucha.inv.usc.es>
# name: hd
# type: matrix
# rows: 6
# columns: 2
 4162 -620
 6991 -372
 7233 -124
 7004 124
 6323 370
 3789 620


