# Created by Octave 3.8.2, Mon Jun 22 04:28:08 2020 CEST <damian@fptrucha.inv.usc.es>
# name: hd
# type: matrix
# rows: 6
# columns: 2
 4010 -620
 6329 -372
 6603 -124
 6450 124
 5579 370
 3294 620


