# Created by Octave 3.8.2, Sat Jun 20 21:36:04 2020 CEST <damian@fptrucha.inv.usc.es>
# name: hd
# type: matrix
# rows: 6
# columns: 2
 4704 -620
 7484 -372
 6841 -124
 6514 124
 5755 370
 3478 620


