# Created by Octave 3.8.2, Mon Jun 22 23:51:29 2020 CEST <damian@fptrucha.inv.usc.es>
# name: hd
# type: matrix
# rows: 6
# columns: 2
 4584 -620
 7777 -372
 7625 -124
 7308 124
 6700 370
 3903 620


