# Created by Octave 3.8.2, Mon Jun 22 00:39:57 2020 CEST <damian@fptrucha.inv.usc.es>
# name: hd
# type: matrix
# rows: 6
# columns: 2
 4748 -620
 7478 -372
 7029 -124
 6716 124
 5879 370
 3494 620


