# Created by Octave 3.8.2, Sun Jun 21 00:34:54 2020 CEST <damian@fptrucha.inv.usc.es>
# name: hd
# type: matrix
# rows: 6
# columns: 2
 4506 -620
 7287 -372
 6770 -124
 6669 124
 5949 370
 3544 620


