# Created by Octave 3.8.2, Mon Jun 22 09:57:38 2020 CEST <damian@fptrucha.inv.usc.es>
# name: hd
# type: matrix
# rows: 6
# columns: 2
 4134 -620
 6811 -372
 6979 -124
 7047 124
 6196 370
 3919 620


