# Created by Octave 3.8.2, Mon Jun 22 12:44:06 2020 CEST <damian@fptrucha.inv.usc.es>
# name: hd
# type: matrix
# rows: 6
# columns: 2
 4265 -620
 7136 -372
 7284 -124
 7079 124
 6385 370
 3847 620


