# Created by Octave 3.8.2, Sat Jun 20 16:19:53 2020 CEST <damian@fptrucha.inv.usc.es>
# name: hd
# type: matrix
# rows: 6
# columns: 2
 4708 -620
 7649 -372
 7187 -124
 6932 124
 6017 370
 3718 620


