# Created by Octave 3.8.2, Mon Jun 22 09:53:10 2020 CEST <damian@fptrucha.inv.usc.es>
# name: hd
# type: matrix
# rows: 6
# columns: 2
 4277 -620
 6950 -372
 7253 -124
 7043 124
 6135 370
 3854 620


