# Created by Octave 3.8.2, Mon Jun 22 18:05:19 2020 CEST <damian@fptrucha.inv.usc.es>
# name: hd
# type: matrix
# rows: 6
# columns: 2
 4285 -620
 7429 -372
 7594 -124
 7234 124
 6411 370
 3819 620


