# Created by Octave 3.8.2, Sat Jun 20 16:37:59 2020 CEST <damian@fptrucha.inv.usc.es>
# name: hd
# type: matrix
# rows: 6
# columns: 2
 4693 -620
 7664 -372
 7146 -124
 6692 124
 5932 370
 3618 620


