# Created by Octave 3.8.2, Mon Jun 22 04:35:27 2020 CEST <damian@fptrucha.inv.usc.es>
# name: hd
# type: matrix
# rows: 6
# columns: 2
 4007 -620
 6372 -372
 6653 -124
 6496 124
 5538 370
 3306 620


