# Created by Octave 3.8.2, Mon Jun 22 21:24:21 2020 CEST <damian@fptrucha.inv.usc.es>
# name: hd
# type: matrix
# rows: 6
# columns: 2
 4730 -620
 7783 -372
 7670 -124
 7370 124
 6631 370
 3944 620


