# Created by Octave 3.8.2, Sat Jun 20 06:17:59 2020 CEST <damian@fptrucha.inv.usc.es>
# name: hd
# type: matrix
# rows: 6
# columns: 2
 5206 -620
 8455 -372
 8021 -124
 7652 124
 6698 370
 4128 620


