# Created by Octave 3.8.2, Sat Jun 20 03:15:24 2020 CEST <damian@fptrucha.inv.usc.es>
# name: hd
# type: matrix
# rows: 6
# columns: 2
 5151 -620
 8109 -372
 7623 -124
 7332 124
 6491 370
 3825 620


