# Created by Octave 3.8.2, Mon Jun 22 12:49:05 2020 CEST <damian@fptrucha.inv.usc.es>
# name: hd
# type: matrix
# rows: 6
# columns: 2
 4295 -620
 7004 -372
 7257 -124
 7051 124
 6561 370
 3841 620


