# Created by Octave 3.8.2, Sat Jun 20 12:20:25 2020 CEST <damian@fptrucha.inv.usc.es>
# name: hd
# type: matrix
# rows: 6
# columns: 2
 4929 -620
 8361 -372
 7821 -124
 7378 124
 6643 370
 3856 620


