# Created by Octave 3.8.2, Sat Jun 20 09:18:57 2020 CEST <damian@fptrucha.inv.usc.es>
# name: hd
# type: matrix
# rows: 6
# columns: 2
 5382 -620
 8692 -372
 8224 -124
 7719 124
 6766 370
 4019 620


