# Created by Octave 3.8.2, Mon Jun 22 04:58:12 2020 CEST <damian@fptrucha.inv.usc.es>
# name: hd
# type: matrix
# rows: 6
# columns: 2
 3888 -620
 6402 -372
 6634 -124
 6560 124
 5646 370
 3306 620


