# Created by Octave 3.8.2, Sat Jun 20 09:56:31 2020 CEST <damian@fptrucha.inv.usc.es>
# name: hd
# type: matrix
# rows: 6
# columns: 2
 5303 -620
 8490 -372
 8190 -124
 7856 124
 6845 370
 4060 620


