# Created by Octave 3.8.2, Mon Jun 22 01:31:48 2020 CEST <damian@fptrucha.inv.usc.es>
# name: hd
# type: matrix
# rows: 6
# columns: 2
 3043 -620
 5102 -372
 4691 -124
 4400 124
 3991 370
 2413 620


