# Created by Octave 3.8.2, Mon Jun 22 10:05:56 2020 CEST <damian@fptrucha.inv.usc.es>
# name: hd
# type: matrix
# rows: 6
# columns: 2
 4064 -620
 6939 -372
 7113 -124
 7008 124
 6388 370
 3830 620


