# Created by Octave 3.8.2, Sun Jun 21 05:30:31 2020 CEST <damian@fptrucha.inv.usc.es>
# name: hd
# type: matrix
# rows: 6
# columns: 2
 4433 -620
 7574 -372
 6855 -124
 6548 124
 5884 370
 3530 620


