# Created by Octave 3.8.2, Sat Jun 20 21:27:06 2020 CEST <damian@fptrucha.inv.usc.es>
# name: hd
# type: matrix
# rows: 6
# columns: 2
 2931 -620
 4984 -372
 4607 -124
 4266 124
 3797 370
 2362 620


