# Created by Octave 3.8.2, Mon Jun 22 02:35:02 2020 CEST <damian@fptrucha.inv.usc.es>
# name: hd
# type: matrix
# rows: 6
# columns: 2
 3969 -620
 6612 -372
 6672 -124
 6565 124
 6000 370
 3582 620


