# Created by Octave 3.8.2, Sat Jun 20 10:24:25 2020 CEST <damian@fptrucha.inv.usc.es>
# name: hd
# type: matrix
# rows: 6
# columns: 2
 3335 -620
 5436 -372
 5227 -124
 4943 124
 4449 370
 2578 620


