# Created by Octave 3.8.2, Mon Jun 22 00:37:52 2020 CEST <damian@fptrucha.inv.usc.es>
# name: hd
# type: matrix
# rows: 6
# columns: 2
 3098 -620
 5032 -372
 4733 -124
 4392 124
 3982 370
 2366 620


