# Created by Octave 3.8.2, Sat Jun 20 05:53:44 2020 CEST <damian@fptrucha.inv.usc.es>
# name: hd
# type: matrix
# rows: 6
# columns: 2
 5278 -620
 8338 -372
 7991 -124
 7545 124
 6830 370
 4058 620


