# Created by Octave 3.8.2, Sat Jun 20 02:15:07 2020 CEST <damian@fptrucha.inv.usc.es>
# name: hd
# type: matrix
# rows: 6
# columns: 2
 5022 -620
 8137 -372
 7773 -124
 7320 124
 6534 370
 3880 620


