# Created by Octave 3.8.2, Sat Jun 20 14:37:36 2020 CEST <damian@fptrucha.inv.usc.es>
# name: hd
# type: matrix
# rows: 6
# columns: 2
 4912 -620
 8146 -372
 7513 -124
 7017 124
 6266 370
 3777 620


