# Created by Octave 3.8.2, Mon Jun 22 22:41:31 2020 CEST <damian@fptrucha.inv.usc.es>
# name: hd
# type: matrix
# rows: 6
# columns: 2
 4680 -620
 7768 -372
 7653 -124
 7509 124
 6926 370
 3921 620


