# Created by Octave 3.8.2, Tue Jun 23 00:04:29 2020 CEST <damian@fptrucha.inv.usc.es>
# name: hd
# type: matrix
# rows: 6
# columns: 2
 4724 -620
 7896 -372
 7480 -124
 7486 124
 6804 370
 3944 620


