# Created by Octave 3.8.2, Sat Jun 20 17:11:31 2020 CEST <damian@fptrucha.inv.usc.es>
# name: hd
# type: matrix
# rows: 6
# columns: 2
 4852 -620
 7584 -372
 7323 -124
 6957 124
 5927 370
 3663 620


