# Created by Octave 3.8.2, Mon Jun 22 02:27:47 2020 CEST <damian@fptrucha.inv.usc.es>
# name: hd
# type: matrix
# rows: 6
# columns: 2
 36 -620
 72 -372
 295 -124
 21 124
 12 370
 1 620


