# Created by Octave 3.8.2, Mon Jun 22 02:32:10 2020 CEST <damian@fptrucha.inv.usc.es>
# name: hd
# type: matrix
# rows: 6
# columns: 2
 3987 -620
 6611 -372
 6549 -124
 6646 124
 6030 370
 3597 620


