# Created by Octave 3.8.2, Mon Jun 22 05:35:09 2020 CEST <damian@fptrucha.inv.usc.es>
# name: hd
# type: matrix
# rows: 6
# columns: 2
 3908 -620
 6433 -372
 6858 -124
 6723 124
 5980 370
 3575 620


