# Created by Octave 3.8.2, Sun Jun 21 07:36:48 2020 CEST <damian@fptrucha.inv.usc.es>
# name: hd
# type: matrix
# rows: 6
# columns: 2
 4706 -620
 7707 -372
 7381 -124
 6941 124
 6146 370
 3596 620


