# Created by Octave 3.8.2, Sun Jun 21 04:59:46 2020 CEST <damian@fptrucha.inv.usc.es>
# name: hd
# type: matrix
# rows: 6
# columns: 2
 4666 -620
 7646 -372
 6958 -124
 6650 124
 5886 370
 3667 620


