# Created by Octave 3.8.2, Sat Jun 20 02:47:01 2020 CEST <damian@fptrucha.inv.usc.es>
# name: hd
# type: matrix
# rows: 6
# columns: 2
 3296 -620
 5379 -372
 5059 -124
 4919 124
 4316 370
 2656 620


