# Created by Octave 3.8.2, Mon Jun 22 01:17:02 2020 CEST <damian@fptrucha.inv.usc.es>
# name: hd
# type: matrix
# rows: 6
# columns: 2
 4573 -620
 7500 -372
 7055 -124
 6649 124
 5782 370
 3606 620


