# Created by Octave 3.8.2, Sat Jun 20 14:52:31 2020 CEST <damian@fptrucha.inv.usc.es>
# name: hd
# type: matrix
# rows: 6
# columns: 2
 4944 -620
 7987 -372
 7090 -124
 7105 124
 6196 370
 3665 620


