# Created by Octave 3.8.2, Mon Jun 22 11:35:47 2020 CEST <damian@fptrucha.inv.usc.es>
# name: hd
# type: matrix
# rows: 6
# columns: 2
 4061 -620
 6989 -372
 7107 -124
 6891 124
 6277 370
 3858 620


