# Created by Octave 3.8.2, Sat Jun 20 17:36:06 2020 CEST <damian@fptrucha.inv.usc.es>
# name: hd
# type: matrix
# rows: 6
# columns: 2
 4705 -620
 7667 -372
 7022 -124
 6906 124
 6042 370
 3561 620


