# Created by Octave 3.8.2, Sun Jun 21 01:08:51 2020 CEST <damian@fptrucha.inv.usc.es>
# name: hd
# type: matrix
# rows: 6
# columns: 2
 4505 -620
 7326 -372
 6734 -124
 6594 124
 5819 370
 3552 620


