# Created by Octave 3.8.2, Sat Jun 20 15:47:13 2020 CEST <damian@fptrucha.inv.usc.es>
# name: hd
# type: matrix
# rows: 6
# columns: 2
 4737 -620
 7843 -372
 7315 -124
 6858 124
 6282 370
 3578 620


