# Created by Octave 3.8.2, Sun Jun 21 05:34:52 2020 CEST <damian@fptrucha.inv.usc.es>
# name: hd
# type: matrix
# rows: 6
# columns: 2
 4571 -620
 7323 -372
 7001 -124
 6511 124
 5900 370
 3455 620


