# Created by Octave 3.8.2, Sat Jun 20 22:31:03 2020 CEST <damian@fptrucha.inv.usc.es>
# name: hd
# type: matrix
# rows: 6
# columns: 2
 4694 -620
 7537 -372
 6822 -124
 6677 124
 6015 370
 3494 620


