# Created by Octave 3.8.2, Mon Jun 22 03:12:34 2020 CEST <damian@fptrucha.inv.usc.es>
# name: hd
# type: matrix
# rows: 6
# columns: 2
 3852 -620
 6517 -372
 6675 -124
 6732 124
 5974 370
 3625 620


