# Created by Octave 3.8.2, Sat Jun 20 20:27:41 2020 CEST <damian@fptrucha.inv.usc.es>
# name: hd
# type: matrix
# rows: 6
# columns: 2
 4557 -620
 7667 -372
 7041 -124
 6792 124
 6017 370
 3542 620


