# Created by Octave 3.8.2, Sat Jun 20 21:04:24 2020 CEST <damian@fptrucha.inv.usc.es>
# name: hd
# type: matrix
# rows: 6
# columns: 2
 3018 -620
 4928 -372
 4563 -124
 4347 124
 3807 370
 2292 620


