# Created by Octave 3.8.2, Sat Jun 20 09:23:21 2020 CEST <damian@fptrucha.inv.usc.es>
# name: hd
# type: matrix
# rows: 6
# columns: 2
 5265 -620
 8566 -372
 8091 -124
 7857 124
 6846 370
 4085 620


