# Created by Octave 3.8.2, Sat Jun 20 03:19:33 2020 CEST <damian@fptrucha.inv.usc.es>
# name: hd
# type: matrix
# rows: 6
# columns: 2
 4948 -620
 8102 -372
 7616 -124
 7313 124
 6606 370
 3930 620


