# Created by Octave 3.8.2, Sat Jun 20 19:45:55 2020 CEST <damian@fptrucha.inv.usc.es>
# name: hd
# type: matrix
# rows: 6
# columns: 2
 4522 -620
 7567 -372
 7237 -124
 6681 124
 5930 370
 3608 620


