# Created by Octave 3.8.2, Mon Jun 22 16:17:08 2020 CEST <damian@fptrucha.inv.usc.es>
# name: hd
# type: matrix
# rows: 6
# columns: 2
 4394 -620
 7392 -372
 7424 -124
 7292 124
 6529 370
 3933 620


