# Created by Octave 3.8.2, Sat Jun 20 19:16:35 2020 CEST <damian@fptrucha.inv.usc.es>
# name: hd
# type: matrix
# rows: 6
# columns: 2
 4747 -620
 7513 -372
 6989 -124
 6667 124
 6039 370
 3613 620


