# Created by Octave 3.8.2, Mon Jun 22 22:21:37 2020 CEST <damian@fptrucha.inv.usc.es>
# name: hd
# type: matrix
# rows: 6
# columns: 2
 4703 -620
 7767 -372
 7708 -124
 7459 124
 6832 370
 4104 620


