# Created by Octave 3.8.2, Mon Jun 22 11:34:44 2020 CEST <damian@fptrucha.inv.usc.es>
# name: hd
# type: matrix
# rows: 6
# columns: 2
 4023 -620
 6920 -372
 7306 -124
 7034 124
 6317 370
 3832 620


