# Created by Octave 3.8.2, Mon Jun 22 14:59:39 2020 CEST <damian@fptrucha.inv.usc.es>
# name: hd
# type: matrix
# rows: 6
# columns: 2
 2947 -620
 4783 -372
 4860 -124
 4768 124
 4136 370
 2627 620


