# Created by Octave 3.8.2, Mon Jun 22 14:39:40 2020 CEST <damian@fptrucha.inv.usc.es>
# name: hd
# type: matrix
# rows: 6
# columns: 2
 4324 -620
 7114 -372
 7345 -124
 7175 124
 6295 370
 3968 620


