# Created by Octave 3.8.2, Mon Jun 22 03:46:23 2020 CEST <damian@fptrucha.inv.usc.es>
# name: hd
# type: matrix
# rows: 6
# columns: 2
 3932 -620
 6506 -372
 6748 -124
 6619 124
 6020 370
 3629 620


