# Created by Octave 3.8.2, Mon Jun 22 11:12:24 2020 CEST <damian@fptrucha.inv.usc.es>
# name: hd
# type: matrix
# rows: 6
# columns: 2
 4285 -620
 7004 -372
 7086 -124
 7043 124
 6392 370
 3724 620


