# Created by Octave 3.8.2, Mon Jun 22 06:20:52 2020 CEST <damian@fptrucha.inv.usc.es>
# name: hd
# type: matrix
# rows: 6
# columns: 2
 3975 -620
 6682 -372
 7014 -124
 6711 124
 6058 370
 3755 620


