# Created by Octave 3.8.2, Mon Jun 22 12:55:26 2020 CEST <damian@fptrucha.inv.usc.es>
# name: hd
# type: matrix
# rows: 6
# columns: 2
 4158 -620
 7062 -372
 7354 -124
 7089 124
 6488 370
 3867 620


