# Created by Octave 3.8.2, Sat Jun 20 08:58:46 2020 CEST <damian@fptrucha.inv.usc.es>
# name: hd
# type: matrix
# rows: 6
# columns: 2
 5414 -620
 8705 -372
 8143 -124
 7805 124
 6882 370
 4047 620


