# Created by Octave 3.8.2, Mon Jun 22 21:45:15 2020 CEST <damian@fptrucha.inv.usc.es>
# name: hd
# type: matrix
# rows: 6
# columns: 2
 4731 -620
 7664 -372
 7750 -124
 7360 124
 6724 370
 4007 620


