# Created by Octave 3.8.2, Sun Jun 21 07:09:46 2020 CEST <damian@fptrucha.inv.usc.es>
# name: hd
# type: matrix
# rows: 6
# columns: 2
 4631 -620
 7706 -372
 7491 -124
 6796 124
 6000 370
 3582 620


