# Created by Octave 3.8.2, Sat Jun 20 10:23:31 2020 CEST <damian@fptrucha.inv.usc.es>
# name: hd
# type: matrix
# rows: 6
# columns: 2
 5195 -620
 8508 -372
 8031 -124
 7669 124
 6638 370
 3939 620


