# Created by Octave 3.8.2, Sat Jun 20 11:29:21 2020 CEST <damian@fptrucha.inv.usc.es>
# name: hd
# type: matrix
# rows: 6
# columns: 2
 5036 -620
 8240 -372
 7803 -124
 7530 124
 6490 370
 3893 620


