# Created by Octave 3.8.2, Mon Jun 22 17:07:09 2020 CEST <damian@fptrucha.inv.usc.es>
# name: hd
# type: matrix
# rows: 6
# columns: 2
 4347 -620
 7478 -372
 7483 -124
 7119 124
 6729 370
 3908 620


