# Created by Octave 3.8.2, Mon Jun 22 15:56:25 2020 CEST <damian@fptrucha.inv.usc.es>
# name: hd
# type: matrix
# rows: 6
# columns: 2
 4483 -620
 7479 -372
 7648 -124
 7123 124
 6553 370
 4002 620


