# Created by Octave 3.8.2, Sun Jun 21 00:12:39 2020 CEST <damian@fptrucha.inv.usc.es>
# name: hd
# type: matrix
# rows: 6
# columns: 2
 4473 -620
 7434 -372
 6886 -124
 6423 124
 5829 370
 3479 620


