# Created by Octave 3.8.2, Sun Jun 21 05:22:37 2020 CEST <damian@fptrucha.inv.usc.es>
# name: hd
# type: matrix
# rows: 6
# columns: 2
 4599 -620
 7338 -372
 6868 -124
 6670 124
 5949 370
 3487 620


