# Created by Octave 3.8.2, Mon Jun 22 05:07:40 2020 CEST <damian@fptrucha.inv.usc.es>
# name: hd
# type: matrix
# rows: 6
# columns: 2
 4025 -620
 6355 -372
 6545 -124
 6577 124
 5684 370
 3412 620


