# Created by Octave 3.8.2, Mon Jun 22 11:11:19 2020 CEST <damian@fptrucha.inv.usc.es>
# name: hd
# type: matrix
# rows: 6
# columns: 2
 4081 -620
 6954 -372
 7271 -124
 6998 124
 6362 370
 3948 620


