# Created by Octave 3.8.2, Sat Jun 20 02:53:48 2020 CEST <damian@fptrucha.inv.usc.es>
# name: hd
# type: matrix
# rows: 6
# columns: 2
 5022 -620
 8187 -372
 7675 -124
 7282 124
 6575 370
 3782 620


