# Created by Octave 3.8.2, Mon Jun 22 15:44:10 2020 CEST <damian@fptrucha.inv.usc.es>
# name: hd
# type: matrix
# rows: 6
# columns: 2
 4408 -620
 7396 -372
 7511 -124
 7202 124
 6352 370
 3968 620


