# Created by Octave 3.8.2, Sat Jun 20 19:59:44 2020 CEST <damian@fptrucha.inv.usc.es>
# name: hd
# type: matrix
# rows: 6
# columns: 2
 4613 -620
 7562 -372
 7001 -124
 6765 124
 5914 370
 3626 620


