# Created by Octave 3.8.2, Mon Jun 22 03:16:04 2020 CEST <damian@fptrucha.inv.usc.es>
# name: hd
# type: matrix
# rows: 6
# columns: 2
 2674 -620
 4330 -372
 4388 -124
 4481 124
 3920 370
 2450 620


