# Created by Octave 3.8.2, Sat Jun 20 21:48:56 2020 CEST <damian@fptrucha.inv.usc.es>
# name: hd
# type: matrix
# rows: 6
# columns: 2
 4537 -620
 7526 -372
 6938 -124
 6607 124
 5881 370
 3568 620


