# Created by Octave 3.8.2, Mon Jun 22 20:17:01 2020 CEST <damian@fptrucha.inv.usc.es>
# name: hd
# type: matrix
# rows: 6
# columns: 2
 4471 -620
 7514 -372
 7524 -124
 7259 124
 6600 370
 4065 620


