# Created by Octave 3.8.2, Sat Jun 20 10:06:06 2020 CEST <damian@fptrucha.inv.usc.es>
# name: hd
# type: matrix
# rows: 6
# columns: 2
 5285 -620
 8577 -372
 7813 -124
 7601 124
 6679 370
 3918 620


