# Created by Octave 3.8.2, Mon Jun 22 11:47:21 2020 CEST <damian@fptrucha.inv.usc.es>
# name: hd
# type: matrix
# rows: 6
# columns: 2
 4008 -620
 6701 -372
 7169 -124
 6946 124
 6338 370
 3818 620


