# Created by Octave 3.8.2, Sun Jun 21 07:32:06 2020 CEST <damian@fptrucha.inv.usc.es>
# name: hd
# type: matrix
# rows: 6
# columns: 2
 4384 -620
 7445 -372
 6970 -124
 6598 124
 5849 370
 3464 620


