# Created by Octave 3.8.2, Mon Jun 22 06:31:37 2020 CEST <damian@fptrucha.inv.usc.es>
# name: hd
# type: matrix
# rows: 6
# columns: 2
 3820 -620
 6596 -372
 6888 -124
 6707 124
 6079 370
 3766 620


