# Created by Octave 3.8.2, Mon Jun 22 09:10:58 2020 CEST <damian@fptrucha.inv.usc.es>
# name: hd
# type: matrix
# rows: 6
# columns: 2
 4071 -620
 6537 -372
 7100 -124
 6815 124
 6317 370
 3658 620


