# Created by Octave 3.8.2, Sat Jun 20 20:59:45 2020 CEST <damian@fptrucha.inv.usc.es>
# name: hd
# type: matrix
# rows: 6
# columns: 2
 4644 -620
 7522 -372
 7026 -124
 6613 124
 5825 370
 3574 620


