# Created by Octave 3.8.2, Mon Jun 22 12:43:04 2020 CEST <damian@fptrucha.inv.usc.es>
# name: hd
# type: matrix
# rows: 6
# columns: 2
 4236 -620
 7183 -372
 7371 -124
 7133 124
 6576 370
 3904 620


