# Created by Octave 3.8.2, Sat Jun 20 02:28:17 2020 CEST <damian@fptrucha.inv.usc.es>
# name: hd
# type: matrix
# rows: 6
# columns: 2
 4935 -620
 8257 -372
 7584 -124
 7359 124
 6618 370
 3909 620


