# Created by Octave 3.8.2, Sat Jun 20 10:01:50 2020 CEST <damian@fptrucha.inv.usc.es>
# name: hd
# type: matrix
# rows: 6
# columns: 2
 5169 -620
 8552 -372
 7949 -124
 7740 124
 6602 370
 4073 620


