# Created by Octave 3.8.2, Mon Jun 22 17:10:35 2020 CEST <damian@fptrucha.inv.usc.es>
# name: hd
# type: matrix
# rows: 6
# columns: 2
 4285 -620
 7304 -372
 7513 -124
 7215 124
 6659 370
 3963 620


