# Created by Octave 3.8.2, Sat Jun 20 13:03:24 2020 CEST <damian@fptrucha.inv.usc.es>
# name: hd
# type: matrix
# rows: 6
# columns: 2
 4966 -620
 8050 -372
 7628 -124
 7159 124
 6293 370
 3833 620


