# Created by Octave 3.8.2, Sat Jun 20 07:50:19 2020 CEST <damian@fptrucha.inv.usc.es>
# name: hd
# type: matrix
# rows: 6
# columns: 2
 5245 -620
 8512 -372
 8090 -124
 7904 124
 6796 370
 4070 620


