# Created by Octave 3.8.2, Sun Jun 21 00:25:36 2020 CEST <damian@fptrucha.inv.usc.es>
# name: hd
# type: matrix
# rows: 6
# columns: 2
 4398 -620
 7573 -372
 6828 -124
 6611 124
 5733 370
 3474 620


