# Created by Octave 3.8.2, Mon Jun 22 06:41:08 2020 CEST <damian@fptrucha.inv.usc.es>
# name: hd
# type: matrix
# rows: 6
# columns: 2
 3873 -620
 6475 -372
 7015 -124
 6844 124
 5928 370
 3756 620


