# Created by Octave 3.8.2, Mon Jun 22 21:58:18 2020 CEST <damian@fptrucha.inv.usc.es>
# name: hd
# type: matrix
# rows: 6
# columns: 2
 4558 -620
 7691 -372
 7771 -124
 7501 124
 6706 370
 4104 620


