# Created by Octave 3.8.2, Sun Jun 21 02:29:07 2020 CEST <damian@fptrucha.inv.usc.es>
# name: hd
# type: matrix
# rows: 6
# columns: 2
 4543 -620
 7522 -372
 7027 -124
 6801 124
 6012 370
 3563 620


