# Created by Octave 3.8.2, Tue Jun 23 00:06:51 2020 CEST <damian@fptrucha.inv.usc.es>
# name: hd
# type: matrix
# rows: 6
# columns: 2
 4786 -620
 7710 -372
 7624 -124
 7380 124
 6770 370
 4132 620


