# Created by Octave 3.8.2, Sat Jun 20 05:38:29 2020 CEST <damian@fptrucha.inv.usc.es>
# name: hd
# type: matrix
# rows: 6
# columns: 2
 5118 -620
 8489 -372
 7839 -124
 7720 124
 6905 370
 4011 620


