# Created by Octave 3.8.2, Mon Jun 22 08:04:25 2020 CEST <damian@fptrucha.inv.usc.es>
# name: hd
# type: matrix
# rows: 6
# columns: 2
 4074 -620
 6697 -372
 7064 -124
 6881 124
 6191 370
 3713 620


