# Created by Octave 3.8.2, Mon Jun 22 07:58:12 2020 CEST <damian@fptrucha.inv.usc.es>
# name: hd
# type: matrix
# rows: 6
# columns: 2
 3919 -620
 6784 -372
 7007 -124
 6762 124
 6240 370
 3694 620


