# Created by Octave 3.8.2, Sat Jun 20 11:45:42 2020 CEST <damian@fptrucha.inv.usc.es>
# name: hd
# type: matrix
# rows: 6
# columns: 2
 5027 -620
 8224 -372
 7683 -124
 7495 124
 6458 370
 3901 620


