# Created by Octave 3.8.2, Mon Jun 22 18:40:43 2020 CEST <damian@fptrucha.inv.usc.es>
# name: hd
# type: matrix
# rows: 6
# columns: 2
 4399 -620
 7484 -372
 7413 -124
 7345 124
 6607 370
 3941 620


