# Created by Octave 3.8.2, Mon Jun 22 15:40:50 2020 CEST <damian@fptrucha.inv.usc.es>
# name: hd
# type: matrix
# rows: 6
# columns: 2
 4417 -620
 7363 -372
 7493 -124
 7148 124
 6416 370
 3940 620


