# Created by Octave 3.8.2, Mon Jun 22 00:29:05 2020 CEST <damian@fptrucha.inv.usc.es>
# name: hd
# type: matrix
# rows: 6
# columns: 2
 4689 -620
 7732 -372
 7425 -124
 6812 124
 6039 370
 3570 620


