# Created by Octave 3.8.2, Sat Jun 20 14:34:49 2020 CEST <damian@fptrucha.inv.usc.es>
# name: hd
# type: matrix
# rows: 6
# columns: 2
 4872 -620
 8044 -372
 7343 -124
 7139 124
 6212 370
 3697 620


