# Created by Octave 3.8.2, Sat Jun 20 16:40:32 2020 CEST <damian@fptrucha.inv.usc.es>
# name: hd
# type: matrix
# rows: 6
# columns: 2
 4636 -620
 7663 -372
 7067 -124
 6981 124
 6118 370
 3697 620


