# Created by Octave 3.8.2, Sun Jun 21 05:55:35 2020 CEST <damian@fptrucha.inv.usc.es>
# name: hd
# type: matrix
# rows: 6
# columns: 2
 4453 -620
 7452 -372
 6969 -124
 6690 124
 5778 370
 3561 620


