# Created by Octave 3.8.2, Sat Jun 20 23:41:50 2020 CEST <damian@fptrucha.inv.usc.es>
# name: hd
# type: matrix
# rows: 6
# columns: 2
 4672 -620
 7428 -372
 7009 -124
 6499 124
 5751 370
 3568 620


