# Created by Octave 3.8.2, Mon Jun 22 07:50:25 2020 CEST <damian@fptrucha.inv.usc.es>
# name: hd
# type: matrix
# rows: 6
# columns: 2
 3906 -620
 6803 -372
 6909 -124
 6909 124
 6290 370
 3660 620


