# Created by Octave 3.8.2, Mon Jun 22 04:34:31 2020 CEST <damian@fptrucha.inv.usc.es>
# name: hd
# type: matrix
# rows: 6
# columns: 2
 3957 -620
 6401 -372
 6536 -124
 6320 124
 5523 370
 3218 620


