# Created by Octave 3.8.2, Sat Jun 20 04:28:16 2020 CEST <damian@fptrucha.inv.usc.es>
# name: hd
# type: matrix
# rows: 6
# columns: 2
 5093 -620
 8365 -372
 7961 -124
 7522 124
 6712 370
 3973 620


