# Created by Octave 3.8.2, Mon Jun 22 09:13:59 2020 CEST <damian@fptrucha.inv.usc.es>
# name: hd
# type: matrix
# rows: 6
# columns: 2
 4034 -620
 6827 -372
 6983 -124
 6912 124
 6270 370
 3689 620


