# Created by Octave 3.8.2, Sat Jun 20 03:26:31 2020 CEST <damian@fptrucha.inv.usc.es>
# name: hd
# type: matrix
# rows: 6
# columns: 2
 4957 -620
 8397 -372
 7656 -124
 7432 124
 6572 370
 3834 620


