# Created by Octave 3.8.2, Mon Jun 22 05:23:46 2020 CEST <damian@fptrucha.inv.usc.es>
# name: hd
# type: matrix
# rows: 6
# columns: 2
 4141 -620
 6587 -372
 6809 -124
 6621 124
 5951 370
 3471 620


