# Created by Octave 3.8.2, Mon Jun 22 04:50:03 2020 CEST <damian@fptrucha.inv.usc.es>
# name: hd
# type: matrix
# rows: 6
# columns: 2
 3974 -620
 6449 -372
 6475 -124
 6446 124
 5527 370
 3261 620


