# Created by Octave 3.8.2, Mon Jun 22 03:07:45 2020 CEST <damian@fptrucha.inv.usc.es>
# name: hd
# type: matrix
# rows: 6
# columns: 2
 3982 -620
 6520 -372
 6744 -124
 6527 124
 6101 370
 3565 620


