# Created by Octave 3.8.2, Mon Jun 22 00:47:08 2020 CEST <damian@fptrucha.inv.usc.es>
# name: hd
# type: matrix
# rows: 6
# columns: 2
 4658 -620
 7538 -372
 6970 -124
 6719 124
 5747 370
 3570 620


