# Created by Octave 3.8.2, Sat Jun 20 08:37:03 2020 CEST <damian@fptrucha.inv.usc.es>
# name: hd
# type: matrix
# rows: 6
# columns: 2
 5321 -620
 8572 -372
 8257 -124
 7784 124
 6909 370
 4067 620


