# Created by Octave 3.8.2, Sat Jun 20 09:10:04 2020 CEST <damian@fptrucha.inv.usc.es>
# name: hd
# type: matrix
# rows: 6
# columns: 2
 5373 -620
 8687 -372
 7942 -124
 7871 124
 6828 370
 4093 620


