# Created by Octave 3.8.2, Sat Jun 20 18:18:10 2020 CEST <damian@fptrucha.inv.usc.es>
# name: hd
# type: matrix
# rows: 6
# columns: 2
 4512 -620
 7617 -372
 7038 -124
 6740 124
 6061 370
 3620 620


