# Created by Octave 3.8.2, Sat Jun 20 11:42:58 2020 CEST <damian@fptrucha.inv.usc.es>
# name: hd
# type: matrix
# rows: 6
# columns: 2
 5012 -620
 8136 -372
 7886 -124
 7427 124
 6563 370
 3852 620


