# Created by Octave 3.8.2, Mon Jun 22 12:54:23 2020 CEST <damian@fptrucha.inv.usc.es>
# name: hd
# type: matrix
# rows: 6
# columns: 2
 4240 -620
 7202 -372
 7338 -124
 7023 124
 6356 370
 3885 620


