# Created by Octave 3.8.2, Mon Jun 22 17:20:17 2020 CEST <damian@fptrucha.inv.usc.es>
# name: hd
# type: matrix
# rows: 6
# columns: 2
 4415 -620
 7372 -372
 7616 -124
 7303 124
 6585 370
 3833 620


