# Created by Octave 3.8.2, Sun Jun 21 05:29:23 2020 CEST <damian@fptrucha.inv.usc.es>
# name: hd
# type: matrix
# rows: 6
# columns: 2
 4363 -620
 7480 -372
 6932 -124
 6503 124
 5898 370
 3439 620


