# Created by Octave 3.8.2, Mon Jun 22 22:10:53 2020 CEST <damian@fptrucha.inv.usc.es>
# name: hd
# type: matrix
# rows: 6
# columns: 2
 4660 -620
 7848 -372
 7717 -124
 7403 124
 6625 370
 3993 620


