# Created by Octave 3.8.2, Mon Jun 22 01:52:37 2020 CEST <damian@fptrucha.inv.usc.es>
# name: hd
# type: matrix
# rows: 6
# columns: 2
 4693 -620
 7590 -372
 7268 -124
 6929 124
 6143 370
 3660 620


