# Created by Octave 3.8.2, Sat Jun 20 02:24:09 2020 CEST <damian@fptrucha.inv.usc.es>
# name: hd
# type: matrix
# rows: 6
# columns: 2
 4910 -620
 8298 -372
 7671 -124
 7542 124
 6674 370
 3876 620


