# Created by Octave 3.8.2, Mon Jun 22 18:51:08 2020 CEST <damian@fptrucha.inv.usc.es>
# name: hd
# type: matrix
# rows: 6
# columns: 2
 4492 -620
 7558 -372
 7566 -124
 7172 124
 6622 370
 3990 620


