# Created by Octave 3.8.2, Sat Jun 20 20:17:43 2020 CEST <damian@fptrucha.inv.usc.es>
# name: hd
# type: matrix
# rows: 6
# columns: 2
 4646 -620
 7794 -372
 6960 -124
 6731 124
 6079 370
 3597 620


