# Created by Octave 3.8.2, Mon Jun 22 17:12:47 2020 CEST <damian@fptrucha.inv.usc.es>
# name: hd
# type: matrix
# rows: 6
# columns: 2
 4449 -620
 7331 -372
 7490 -124
 7169 124
 6559 370
 4035 620


