# Created by Octave 3.8.2, Mon Jun 22 07:21:19 2020 CEST <damian@fptrucha.inv.usc.es>
# name: hd
# type: matrix
# rows: 6
# columns: 2
 4035 -620
 6524 -372
 6977 -124
 6844 124
 6234 370
 3758 620


