# Created by Octave 3.8.2, Sat Jun 20 17:03:39 2020 CEST <damian@fptrucha.inv.usc.es>
# name: hd
# type: matrix
# rows: 6
# columns: 2
 4595 -620
 7603 -372
 6930 -124
 6784 124
 5942 370
 3581 620


