# Created by Octave 3.8.2, Mon Jun 22 05:24:43 2020 CEST <damian@fptrucha.inv.usc.es>
# name: hd
# type: matrix
# rows: 6
# columns: 2
 3889 -620
 6482 -372
 6909 -124
 6640 124
 5795 370
 3476 620


