# Created by Octave 3.8.2, Mon Jun 22 02:49:03 2020 CEST <damian@fptrucha.inv.usc.es>
# name: hd
# type: matrix
# rows: 6
# columns: 2
 3999 -620
 6634 -372
 6783 -124
 6520 124
 5966 370
 3610 620


