# Created by Octave 3.8.2, Mon Jun 22 22:06:08 2020 CEST <damian@fptrucha.inv.usc.es>
# name: hd
# type: matrix
# rows: 6
# columns: 2
 4488 -620
 7765 -372
 7789 -124
 7416 124
 6666 370
 4095 620


