# Created by Octave 3.8.2, Sun Jun 21 07:10:54 2020 CEST <damian@fptrucha.inv.usc.es>
# name: hd
# type: matrix
# rows: 6
# columns: 2
 4645 -620
 7706 -372
 7254 -124
 6813 124
 5990 370
 3560 620


