# Created by Octave 3.8.2, Mon Jun 22 22:24:42 2020 CEST <damian@fptrucha.inv.usc.es>
# name: hd
# type: matrix
# rows: 6
# columns: 2
 4652 -620
 7670 -372
 7690 -124
 7597 124
 6822 370
 4105 620


