# Created by Octave 3.8.2, Mon Jun 22 04:15:15 2020 CEST <damian@fptrucha.inv.usc.es>
# name: hd
# type: matrix
# rows: 6
# columns: 2
 3968 -620
 6503 -372
 6627 -124
 6448 124
 5650 370
 3399 620


