# Created by Octave 3.8.2, Sun Jun 21 03:57:12 2020 CEST <damian@fptrucha.inv.usc.es>
# name: hd
# type: matrix
# rows: 6
# columns: 2
 4475 -620
 7476 -372
 6989 -124
 6500 124
 5903 370
 3451 620


