# Created by Octave 3.8.2, Mon Jun 22 15:13:58 2020 CEST <damian@fptrucha.inv.usc.es>
# name: hd
# type: matrix
# rows: 6
# columns: 2
 4296 -620
 7353 -372
 7515 -124
 7332 124
 6454 370
 3876 620


