# Created by Octave 3.8.2, Sat Jun 20 04:32:18 2020 CEST <damian@fptrucha.inv.usc.es>
# name: hd
# type: matrix
# rows: 6
# columns: 2
 5065 -620
 8388 -372
 7773 -124
 7662 124
 6688 370
 3953 620


