# Created by Octave 3.8.2, Mon Jun 22 20:56:53 2020 CEST <damian@fptrucha.inv.usc.es>
# name: hd
# type: matrix
# rows: 6
# columns: 2
 4576 -620
 7530 -372
 7717 -124
 7280 124
 6835 370
 3994 620


