# Created by Octave 3.8.2, Sun Jun 21 00:10:33 2020 CEST <damian@fptrucha.inv.usc.es>
# name: hd
# type: matrix
# rows: 6
# columns: 2
 2954 -620
 4832 -372
 4526 -124
 4355 124
 3827 370
 2321 620


