# Created by Octave 3.8.2, Sat Jun 20 21:02:20 2020 CEST <damian@fptrucha.inv.usc.es>
# name: hd
# type: matrix
# rows: 6
# columns: 2
 4604 -620
 7461 -372
 7046 -124
 6628 124
 5845 370
 3488 620


