# Created by Octave 3.8.2, Sat Jun 20 08:32:41 2020 CEST <damian@fptrucha.inv.usc.es>
# name: hd
# type: matrix
# rows: 6
# columns: 2
 5289 -620
 8744 -372
 8232 -124
 7754 124
 6969 370
 4142 620


