# Created by Octave 3.8.2, Sat Jun 20 19:23:08 2020 CEST <damian@fptrucha.inv.usc.es>
# name: hd
# type: matrix
# rows: 6
# columns: 2
 4697 -620
 7670 -372
 7195 -124
 6857 124
 5800 370
 3504 620


