# Created by Octave 3.8.2, Mon Jun 22 07:26:23 2020 CEST <damian@fptrucha.inv.usc.es>
# name: hd
# type: matrix
# rows: 6
# columns: 2
 3940 -620
 6643 -372
 6923 -124
 6765 124
 6170 370
 3809 620


