# Created by Octave 3.8.2, Mon Jun 22 17:04:57 2020 CEST <damian@fptrucha.inv.usc.es>
# name: hd
# type: matrix
# rows: 6
# columns: 2
 4295 -620
 7306 -372
 7477 -124
 7182 124
 6585 370
 3857 620


