# Created by Octave 3.8.2, Sun Jun 21 04:54:05 2020 CEST <damian@fptrucha.inv.usc.es>
# name: hd
# type: matrix
# rows: 6
# columns: 2
 4744 -620
 7533 -372
 7064 -124
 6784 124
 5929 370
 3521 620


