# Created by Octave 3.8.2, Sat Jun 20 21:45:02 2020 CEST <damian@fptrucha.inv.usc.es>
# name: hd
# type: matrix
# rows: 6
# columns: 2
 4592 -620
 7425 -372
 6840 -124
 6564 124
 5833 370
 3571 620


