# Created by Octave 3.8.2, Mon Jun 22 08:44:51 2020 CEST <damian@fptrucha.inv.usc.es>
# name: hd
# type: matrix
# rows: 6
# columns: 2
 3895 -620
 6724 -372
 7246 -124
 6934 124
 6303 370
 3788 620


