# Created by Octave 3.8.2, Mon Jun 22 12:45:09 2020 CEST <damian@fptrucha.inv.usc.es>
# name: hd
# type: matrix
# rows: 6
# columns: 2
 4260 -620
 7103 -372
 7153 -124
 7059 124
 6413 370
 3780 620


