# Created by Octave 3.8.2, Sun Jun 21 06:22:57 2020 CEST <damian@fptrucha.inv.usc.es>
# name: hd
# type: matrix
# rows: 6
# columns: 2
 4530 -620
 7387 -372
 6816 -124
 6423 124
 5733 370
 3487 620


