# Created by Octave 3.8.2, Sat Jun 20 08:46:52 2020 CEST <damian@fptrucha.inv.usc.es>
# name: hd
# type: matrix
# rows: 6
# columns: 2
 5336 -620
 8598 -372
 8159 -124
 7921 124
 6858 370
 4132 620


