# Created by Octave 3.8.2, Sat Jun 20 09:32:11 2020 CEST <damian@fptrucha.inv.usc.es>
# name: hd
# type: matrix
# rows: 6
# columns: 2
 5285 -620
 8540 -372
 7927 -124
 7780 124
 6852 370
 4074 620


