# Created by Octave 3.8.2, Mon Jun 22 21:40:36 2020 CEST <damian@fptrucha.inv.usc.es>
# name: hd
# type: matrix
# rows: 6
# columns: 2
 3031 -620
 5080 -372
 5166 -124
 4880 124
 4442 370
 2653 620


