# Created by Octave 3.8.2, Sat Jun 20 16:54:25 2020 CEST <damian@fptrucha.inv.usc.es>
# name: hd
# type: matrix
# rows: 6
# columns: 2
 4786 -620
 7573 -372
 7167 -124
 6797 124
 5938 370
 3699 620


