# Created by Octave 3.8.2, Sat Jun 20 03:52:16 2020 CEST <damian@fptrucha.inv.usc.es>
# name: hd
# type: matrix
# rows: 6
# columns: 2
 5043 -620
 8495 -372
 7716 -124
 7293 124
 6847 370
 4007 620


