# Created by Octave 3.8.2, Sat Jun 20 14:41:36 2020 CEST <damian@fptrucha.inv.usc.es>
# name: hd
# type: matrix
# rows: 6
# columns: 2
 4585 -620
 7992 -372
 7351 -124
 7021 124
 6322 370
 3735 620


