# Created by Octave 3.8.2, Sat Jun 20 10:19:11 2020 CEST <damian@fptrucha.inv.usc.es>
# name: hd
# type: matrix
# rows: 6
# columns: 2
 5190 -620
 8429 -372
 7982 -124
 7569 124
 6877 370
 4128 620


