# Created by Octave 3.8.2, Sat Jun 20 11:09:55 2020 CEST <damian@fptrucha.inv.usc.es>
# name: hd
# type: matrix
# rows: 6
# columns: 2
 5150 -620
 8237 -372
 7896 -124
 7378 124
 6609 370
 3896 620


