# Created by Octave 3.8.2, Sat Jun 20 03:55:03 2020 CEST <damian@fptrucha.inv.usc.es>
# name: hd
# type: matrix
# rows: 6
# columns: 2
 5155 -620
 8107 -372
 7824 -124
 7321 124
 6652 370
 4106 620


