# Created by Octave 3.8.2, Mon Jun 22 22:00:40 2020 CEST <damian@fptrucha.inv.usc.es>
# name: hd
# type: matrix
# rows: 6
# columns: 2
 4713 -620
 7736 -372
 7640 -124
 7406 124
 6691 370
 4018 620


