# Created by Octave 3.8.2, Mon Jun 22 02:41:38 2020 CEST <damian@fptrucha.inv.usc.es>
# name: hd
# type: matrix
# rows: 6
# columns: 2
 4083 -620
 6489 -372
 6604 -124
 6547 124
 5987 370
 3597 620


