# Created by Octave 3.8.2, Mon Jun 22 16:47:25 2020 CEST <damian@fptrucha.inv.usc.es>
# name: hd
# type: matrix
# rows: 6
# columns: 2
 4458 -620
 7329 -372
 7498 -124
 7289 124
 6551 370
 3724 620


