# Created by Octave 3.8.2, Mon Jun 22 00:53:46 2020 CEST <damian@fptrucha.inv.usc.es>
# name: hd
# type: matrix
# rows: 6
# columns: 2
 2267 -620
 3845 -372
 3543 -124
 3333 124
 2896 370
 1746 620


