# Created by Octave 3.8.2, Mon Jun 22 18:30:56 2020 CEST <damian@fptrucha.inv.usc.es>
# name: hd
# type: matrix
# rows: 6
# columns: 2
 4482 -620
 7369 -372
 7494 -124
 7198 124
 6699 370
 3963 620


