# Created by Octave 3.8.2, Mon Jun 22 13:46:47 2020 CEST <damian@fptrucha.inv.usc.es>
# name: hd
# type: matrix
# rows: 6
# columns: 2
 4229 -620
 7089 -372
 7277 -124
 7074 124
 6367 370
 3953 620


