# Created by Octave 3.8.2, Mon Jun 22 05:59:17 2020 CEST <damian@fptrucha.inv.usc.es>
# name: hd
# type: matrix
# rows: 6
# columns: 2
 3802 -620
 6576 -372
 6914 -124
 6703 124
 6259 370
 3683 620


