# Created by Octave 3.8.2, Sat Jun 20 22:47:26 2020 CEST <damian@fptrucha.inv.usc.es>
# name: hd
# type: matrix
# rows: 6
# columns: 2
 4574 -620
 7491 -372
 7003 -124
 6634 124
 5939 370
 3480 620


