# Created by Octave 3.8.2, Sun Jun 21 05:53:22 2020 CEST <damian@fptrucha.inv.usc.es>
# name: hd
# type: matrix
# rows: 6
# columns: 2
 4513 -620
 7407 -372
 6971 -124
 6573 124
 5947 370
 3451 620


