# Created by Octave 3.8.2, Tue Jun 23 00:09:55 2020 CEST <damian@fptrucha.inv.usc.es>
# name: hd
# type: matrix
# rows: 6
# columns: 2
 4598 -620
 7553 -372
 7457 -124
 7200 124
 6547 370
 3847 620


