# Created by Octave 3.8.2, Sat Jun 20 21:33:29 2020 CEST <damian@fptrucha.inv.usc.es>
# name: hd
# type: matrix
# rows: 6
# columns: 2
 4586 -620
 7583 -372
 7027 -124
 6651 124
 5914 370
 3508 620


