# Created by Octave 3.8.2, Mon Jun 22 05:57:21 2020 CEST <damian@fptrucha.inv.usc.es>
# name: hd
# type: matrix
# rows: 6
# columns: 2
 3917 -620
 6464 -372
 6924 -124
 6691 124
 6176 370
 3677 620


