# Created by Octave 3.8.2, Tue Jun 23 00:26:17 2020 CEST <damian@fptrucha.inv.usc.es>
# name: hd
# type: matrix
# rows: 6
# columns: 2
 4609 -620
 7834 -372
 7742 -124
 7367 124
 6787 370
 4087 620


