# Created by Octave 3.8.2, Sat Jun 20 05:10:21 2020 CEST <damian@fptrucha.inv.usc.es>
# name: hd
# type: matrix
# rows: 6
# columns: 2
 5044 -620
 8248 -372
 7775 -124
 7455 124
 6750 370
 3919 620


