# Created by Octave 3.8.2, Sat Jun 20 21:39:56 2020 CEST <damian@fptrucha.inv.usc.es>
# name: hd
# type: matrix
# rows: 6
# columns: 2
 4470 -620
 7490 -372
 6945 -124
 6706 124
 5908 370
 3511 620


