# Created by Octave 3.8.2, Sun Jun 21 02:09:39 2020 CEST <damian@fptrucha.inv.usc.es>
# name: hd
# type: matrix
# rows: 6
# columns: 2
 4508 -620
 7329 -372
 6796 -124
 6591 124
 5817 370
 3554 620


