# Created by Octave 3.8.2, Sat Jun 20 23:21:41 2020 CEST <damian@fptrucha.inv.usc.es>
# name: hd
# type: matrix
# rows: 6
# columns: 2
 3008 -620
 5012 -372
 4499 -124
 4319 124
 3941 370
 2173 620


