# Created by Octave 3.8.2, Sun Jun 21 01:38:48 2020 CEST <damian@fptrucha.inv.usc.es>
# name: hd
# type: matrix
# rows: 6
# columns: 2
 4400 -620
 7243 -372
 6857 -124
 6520 124
 5872 370
 3433 620


