# Created by Octave 3.8.2, Mon Jun 22 15:07:20 2020 CEST <damian@fptrucha.inv.usc.es>
# name: hd
# type: matrix
# rows: 6
# columns: 2
 4436 -620
 7269 -372
 7480 -124
 7269 124
 6568 370
 3862 620


