# Created by Octave 3.8.2, Mon Jun 22 11:02:52 2020 CEST <damian@fptrucha.inv.usc.es>
# name: hd
# type: matrix
# rows: 6
# columns: 2
 4034 -620
 7050 -372
 7432 -124
 7197 124
 6356 370
 3965 620


