# Created by Octave 3.8.2, Sun Jun 21 03:41:47 2020 CEST <damian@fptrucha.inv.usc.es>
# name: hd
# type: matrix
# rows: 6
# columns: 2
 3033 -620
 4956 -372
 4605 -124
 4337 124
 3896 370
 2284 620


