# Created by Octave 3.8.2, Sat Jun 20 08:23:40 2020 CEST <damian@fptrucha.inv.usc.es>
# name: hd
# type: matrix
# rows: 6
# columns: 2
 5335 -620
 8502 -372
 8284 -124
 7773 124
 6957 370
 4069 620


