# Created by Octave 3.8.2, Sat Jun 20 07:23:05 2020 CEST <damian@fptrucha.inv.usc.es>
# name: hd
# type: matrix
# rows: 6
# columns: 2
 3524 -620
 5774 -372
 5322 -124
 5104 124
 4472 370
 2662 620


