# Created by Octave 3.8.2, Mon Jun 22 10:36:13 2020 CEST <damian@fptrucha.inv.usc.es>
# name: hd
# type: matrix
# rows: 6
# columns: 2
 4202 -620
 7217 -372
 7107 -124
 7129 124
 6323 370
 3896 620


