# Created by Octave 3.8.2, Sat Jun 20 11:04:09 2020 CEST <damian@fptrucha.inv.usc.es>
# name: hd
# type: matrix
# rows: 6
# columns: 2
 5086 -620
 8460 -372
 7903 -124
 7641 124
 6652 370
 3939 620


