# Created by Octave 3.8.2, Mon Jun 22 13:34:17 2020 CEST <damian@fptrucha.inv.usc.es>
# name: hd
# type: matrix
# rows: 6
# columns: 2
 4218 -620
 7032 -372
 7342 -124
 7078 124
 6332 370
 3841 620


