# Created by Octave 3.8.2, Mon Jun 22 00:46:07 2020 CEST <damian@fptrucha.inv.usc.es>
# name: hd
# type: matrix
# rows: 6
# columns: 2
 4647 -620
 7630 -372
 7042 -124
 6716 124
 5737 370
 3614 620


