# Created by Octave 3.8.2, Sat Jun 20 21:32:13 2020 CEST <damian@fptrucha.inv.usc.es>
# name: hd
# type: matrix
# rows: 6
# columns: 2
 4556 -620
 7438 -372
 7058 -124
 6518 124
 5995 370
 3556 620


