# Created by Octave 3.8.2, Sat Jun 20 12:04:55 2020 CEST <damian@fptrucha.inv.usc.es>
# name: hd
# type: matrix
# rows: 6
# columns: 2
 3358 -620
 5439 -372
 5143 -124
 4841 124
 4262 370
 2540 620


