# Created by Octave 3.8.2, Mon Jun 22 18:00:48 2020 CEST <damian@fptrucha.inv.usc.es>
# name: hd
# type: matrix
# rows: 6
# columns: 2
 4318 -620
 7280 -372
 7432 -124
 7351 124
 6522 370
 3900 620


