# Created by Octave 3.8.2, Sun Jun 21 02:41:11 2020 CEST <damian@fptrucha.inv.usc.es>
# name: hd
# type: matrix
# rows: 6
# columns: 2
 4584 -620
 7467 -372
 6831 -124
 6601 124
 5844 370
 3398 620


