# Created by Octave 3.8.2, Sat Jun 20 13:08:59 2020 CEST <damian@fptrucha.inv.usc.es>
# name: hd
# type: matrix
# rows: 6
# columns: 2
 4962 -620
 8269 -372
 7624 -124
 7319 124
 6467 370
 3903 620


