# Created by Octave 3.8.2, Sun Jun 21 01:48:15 2020 CEST <damian@fptrucha.inv.usc.es>
# name: hd
# type: matrix
# rows: 6
# columns: 2
 4589 -620
 7483 -372
 6970 -124
 6501 124
 5921 370
 3438 620


