# Created by Octave 3.8.2, Sat Jun 20 18:41:08 2020 CEST <damian@fptrucha.inv.usc.es>
# name: hd
# type: matrix
# rows: 6
# columns: 2
 4539 -620
 7669 -372
 6912 -124
 6615 124
 5924 370
 3584 620


