# Created by Octave 3.8.2, Sun Jun 21 03:32:15 2020 CEST <damian@fptrucha.inv.usc.es>
# name: hd
# type: matrix
# rows: 6
# columns: 2
 4494 -620
 7357 -372
 7042 -124
 6658 124
 5794 370
 3635 620


