# Created by Octave 3.8.2, Sun Jun 21 08:06:04 2020 CEST <damian@fptrucha.inv.usc.es>
# name: hd
# type: matrix
# rows: 6
# columns: 2
 4633 -620
 7748 -372
 7166 -124
 6846 124
 6128 370
 3635 620


