# Created by Octave 3.8.2, Mon Jun 22 15:29:10 2020 CEST <damian@fptrucha.inv.usc.es>
# name: hd
# type: matrix
# rows: 6
# columns: 2
 4585 -620
 7320 -372
 7558 -124
 7367 124
 6508 370
 3885 620


