# Created by Octave 3.8.2, Mon Jun 22 10:40:03 2020 CEST <damian@fptrucha.inv.usc.es>
# name: hd
# type: matrix
# rows: 6
# columns: 2
 4139 -620
 6960 -372
 6898 -124
 6927 124
 6334 370
 3778 620


