# Created by Octave 3.8.2, Sat Jun 20 10:20:37 2020 CEST <damian@fptrucha.inv.usc.es>
# name: hd
# type: matrix
# rows: 6
# columns: 2
 5182 -620
 8385 -372
 8105 -124
 7654 124
 6865 370
 3999 620


