# Created by Octave 3.8.2, Mon Jun 22 12:34:27 2020 CEST <damian@fptrucha.inv.usc.es>
# name: hd
# type: matrix
# rows: 6
# columns: 2
 4252 -620
 7095 -372
 7196 -124
 7009 124
 6359 370
 3964 620


