# Created by Octave 3.8.2, Mon Jun 22 11:15:10 2020 CEST <damian@fptrucha.inv.usc.es>
# name: hd
# type: matrix
# rows: 6
# columns: 2
 4168 -620
 6868 -372
 7279 -124
 6989 124
 6314 370
 3798 620


