# Created by Octave 3.8.2, Sat Jun 20 21:29:40 2020 CEST <damian@fptrucha.inv.usc.es>
# name: hd
# type: matrix
# rows: 6
# columns: 2
 4452 -620
 7616 -372
 6975 -124
 6615 124
 5863 370
 3534 620


