# Created by Octave 3.8.2, Sat Jun 20 16:26:38 2020 CEST <damian@fptrucha.inv.usc.es>
# name: hd
# type: matrix
# rows: 6
# columns: 2
 4727 -620
 7697 -372
 7300 -124
 6986 124
 6101 370
 3690 620


