# Created by Octave 3.8.2, Sat Jun 20 04:40:59 2020 CEST <damian@fptrucha.inv.usc.es>
# name: hd
# type: matrix
# rows: 6
# columns: 2
 5050 -620
 8406 -372
 7765 -124
 7516 124
 6594 370
 3997 620


