# Created by Octave 3.8.2, Mon Jun 22 02:23:41 2020 CEST <damian@fptrucha.inv.usc.es>
# name: hd
# type: matrix
# rows: 6
# columns: 2
 4230 -620
 6386 -372
 6647 -124
 6326 124
 5361 370
 3072 620


