# Created by Octave 3.8.2, Mon Jun 22 22:44:40 2020 CEST <damian@fptrucha.inv.usc.es>
# name: hd
# type: matrix
# rows: 6
# columns: 2
 4580 -620
 7653 -372
 7721 -124
 7252 124
 6662 370
 4024 620


