# Created by Octave 3.8.2, Sun Jun 21 00:17:00 2020 CEST <damian@fptrucha.inv.usc.es>
# name: hd
# type: matrix
# rows: 6
# columns: 2
 4422 -620
 7294 -372
 6855 -124
 6644 124
 5786 370
 3464 620


