# Created by Octave 3.8.2, Sat Jun 20 19:32:15 2020 CEST <damian@fptrucha.inv.usc.es>
# name: hd
# type: matrix
# rows: 6
# columns: 2
 4654 -620
 7496 -372
 6870 -124
 6631 124
 5792 370
 3539 620


