# Created by Octave 3.8.2, Sat Jun 20 07:22:10 2020 CEST <damian@fptrucha.inv.usc.es>
# name: hd
# type: matrix
# rows: 6
# columns: 2
 5219 -620
 8679 -372
 7948 -124
 7660 124
 6860 370
 4141 620


