# Created by Octave 3.8.2, Mon Jun 22 01:27:03 2020 CEST <damian@fptrucha.inv.usc.es>
# name: hd
# type: matrix
# rows: 6
# columns: 2
 4647 -620
 7493 -372
 7004 -124
 6716 124
 5816 370
 3603 620


