# Created by Octave 3.8.2, Sat Jun 20 15:10:49 2020 CEST <damian@fptrucha.inv.usc.es>
# name: hd
# type: matrix
# rows: 6
# columns: 2
 4848 -620
 7909 -372
 7286 -124
 6951 124
 6175 370
 3714 620


