# Created by Octave 3.8.2, Mon Jun 22 23:13:54 2020 CEST <damian@fptrucha.inv.usc.es>
# name: hd
# type: matrix
# rows: 6
# columns: 2
 4689 -620
 7754 -372
 7759 -124
 7440 124
 6793 370
 4042 620


