# Created by Octave 3.8.2, Sat Jun 20 06:56:30 2020 CEST <damian@fptrucha.inv.usc.es>
# name: hd
# type: matrix
# rows: 6
# columns: 2
 5230 -620
 8302 -372
 7936 -124
 7587 124
 6691 370
 3970 620


