# Created by Octave 3.8.2, Mon Jun 22 10:00:28 2020 CEST <damian@fptrucha.inv.usc.es>
# name: hd
# type: matrix
# rows: 6
# columns: 2
 4095 -620
 6877 -372
 7081 -124
 6982 124
 6465 370
 3697 620


