# Created by Octave 3.8.2, Mon Jun 22 21:10:42 2020 CEST <damian@fptrucha.inv.usc.es>
# name: hd
# type: matrix
# rows: 6
# columns: 2
 4568 -620
 7692 -372
 7672 -124
 7535 124
 6656 370
 3974 620


