# Created by Octave 3.8.2, Sat Jun 20 02:26:54 2020 CEST <damian@fptrucha.inv.usc.es>
# name: hd
# type: matrix
# rows: 6
# columns: 2
 4966 -620
 8090 -372
 7462 -124
 7256 124
 6511 370
 3819 620


