# Created by Octave 3.8.2, Sun Jun 21 01:18:42 2020 CEST <damian@fptrucha.inv.usc.es>
# name: hd
# type: matrix
# rows: 6
# columns: 2
 4444 -620
 7375 -372
 6762 -124
 6587 124
 5909 370
 3535 620


