# Created by Octave 3.8.2, Mon Jun 22 23:50:20 2020 CEST <damian@fptrucha.inv.usc.es>
# name: hd
# type: matrix
# rows: 6
# columns: 2
 4812 -620
 7822 -372
 7686 -124
 7402 124
 6665 370
 4111 620


