# Created by Octave 3.8.2, Mon Jun 22 08:14:17 2020 CEST <damian@fptrucha.inv.usc.es>
# name: hd
# type: matrix
# rows: 6
# columns: 2
 4026 -620
 6778 -372
 7063 -124
 6849 124
 6300 370
 3863 620


