# Created by Octave 3.8.2, Sat Jun 20 09:17:26 2020 CEST <damian@fptrucha.inv.usc.es>
# name: hd
# type: matrix
# rows: 6
# columns: 2
 5325 -620
 8586 -372
 8328 -124
 7895 124
 6790 370
 4095 620


