# Created by Octave 3.8.2, Mon Jun 22 09:43:19 2020 CEST <damian@fptrucha.inv.usc.es>
# name: hd
# type: matrix
# rows: 6
# columns: 2
 4111 -620
 6831 -372
 7119 -124
 6851 124
 6275 370
 3864 620


