# Created by Octave 3.8.2, Mon Jun 22 21:53:34 2020 CEST <damian@fptrucha.inv.usc.es>
# name: hd
# type: matrix
# rows: 6
# columns: 2
 4618 -620
 7501 -372
 7595 -124
 7377 124
 6804 370
 3917 620


