# Created by Octave 3.8.2, Mon Jun 22 08:16:20 2020 CEST <damian@fptrucha.inv.usc.es>
# name: hd
# type: matrix
# rows: 6
# columns: 2
 3945 -620
 6669 -372
 7087 -124
 6898 124
 6399 370
 3740 620


