# Created by Octave 3.8.2, Sat Jun 20 17:08:52 2020 CEST <damian@fptrucha.inv.usc.es>
# name: hd
# type: matrix
# rows: 6
# columns: 2
 4690 -620
 7665 -372
 7310 -124
 6784 124
 6151 370
 3639 620


