# Created by Octave 3.8.2, Sun Jun 21 03:01:27 2020 CEST <damian@fptrucha.inv.usc.es>
# name: hd
# type: matrix
# rows: 6
# columns: 2
 4373 -620
 7334 -372
 6702 -124
 6494 124
 5706 370
 3379 620


