# Created by Octave 3.8.2, Sat Jun 20 09:01:46 2020 CEST <damian@fptrucha.inv.usc.es>
# name: hd
# type: matrix
# rows: 6
# columns: 2
 5292 -620
 8547 -372
 8301 -124
 7885 124
 6934 370
 4076 620


