# Created by Octave 3.8.2, Sat Jun 20 20:01:04 2020 CEST <damian@fptrucha.inv.usc.es>
# name: hd
# type: matrix
# rows: 6
# columns: 2
 4621 -620
 7619 -372
 7210 -124
 6838 124
 5868 370
 3499 620


