# Created by Octave 3.8.2, Sat Jun 20 10:34:30 2020 CEST <damian@fptrucha.inv.usc.es>
# name: hd
# type: matrix
# rows: 6
# columns: 2
 5168 -620
 8299 -372
 7920 -124
 7720 124
 6799 370
 3923 620


