# Created by Octave 3.8.2, Mon Jun 22 23:03:56 2020 CEST <damian@fptrucha.inv.usc.es>
# name: hd
# type: matrix
# rows: 6
# columns: 2
 4624 -620
 7815 -372
 7901 -124
 7551 124
 6704 370
 3919 620


