# Created by Octave 3.8.2, Sat Jun 20 13:02:05 2020 CEST <damian@fptrucha.inv.usc.es>
# name: hd
# type: matrix
# rows: 6
# columns: 2
 5053 -620
 8098 -372
 7635 -124
 7307 124
 6502 370
 3815 620


