# Created by Octave 3.8.2, Mon Jun 22 17:45:24 2020 CEST <damian@fptrucha.inv.usc.es>
# name: hd
# type: matrix
# rows: 6
# columns: 2
 4328 -620
 7302 -372
 7675 -124
 7244 124
 6596 370
 3892 620


