# Created by Octave 3.8.2, Mon Jun 22 06:30:36 2020 CEST <damian@fptrucha.inv.usc.es>
# name: hd
# type: matrix
# rows: 6
# columns: 2
 3831 -620
 6579 -372
 6921 -124
 6786 124
 6172 370
 3723 620


