# Created by Octave 3.8.2, Sun Jun 21 01:29:06 2020 CEST <damian@fptrucha.inv.usc.es>
# name: hd
# type: matrix
# rows: 6
# columns: 2
 4425 -620
 7340 -372
 6896 -124
 6631 124
 5804 370
 3553 620


