# Created by Octave 3.8.2, Sat Jun 20 19:57:10 2020 CEST <damian@fptrucha.inv.usc.es>
# name: hd
# type: matrix
# rows: 6
# columns: 2
 4585 -620
 7688 -372
 6981 -124
 6759 124
 5971 370
 3557 620


