# Created by Octave 3.8.2, Mon Jun 22 10:15:29 2020 CEST <damian@fptrucha.inv.usc.es>
# name: hd
# type: matrix
# rows: 6
# columns: 2
 4143 -620
 6949 -372
 7245 -124
 6885 124
 6242 370
 3781 620


