# Created by Octave 3.8.2, Sun Jun 21 08:03:42 2020 CEST <damian@fptrucha.inv.usc.es>
# name: hd
# type: matrix
# rows: 6
# columns: 2
 4689 -620
 7690 -372
 7409 -124
 6838 124
 6007 370
 3566 620


