# Created by Octave 3.8.2, Mon Jun 22 17:02:44 2020 CEST <damian@fptrucha.inv.usc.es>
# name: hd
# type: matrix
# rows: 6
# columns: 2
 4349 -620
 7335 -372
 7561 -124
 7123 124
 6454 370
 3955 620


