# Created by Octave 3.8.2, Sat Jun 20 05:37:01 2020 CEST <damian@fptrucha.inv.usc.es>
# name: hd
# type: matrix
# rows: 6
# columns: 2
 5048 -620
 8465 -372
 8026 -124
 7671 124
 6781 370
 3994 620


