# Created by Octave 3.8.2, Sat Jun 20 18:56:25 2020 CEST <damian@fptrucha.inv.usc.es>
# name: hd
# type: matrix
# rows: 6
# columns: 2
 4673 -620
 7531 -372
 7104 -124
 6795 124
 5912 370
 3705 620


