# Created by Octave 3.8.2, Sat Jun 20 14:15:06 2020 CEST <damian@fptrucha.inv.usc.es>
# name: hd
# type: matrix
# rows: 6
# columns: 2
 4938 -620
 7996 -372
 7442 -124
 7078 124
 6392 370
 3775 620


