# Created by Octave 3.8.2, Mon Jun 22 04:53:52 2020 CEST <damian@fptrucha.inv.usc.es>
# name: hd
# type: matrix
# rows: 6
# columns: 2
 4049 -620
 6514 -372
 6687 -124
 6398 124
 5581 370
 3327 620


