# Created by Octave 3.8.2, Mon Jun 22 05:01:02 2020 CEST <damian@fptrucha.inv.usc.es>
# name: hd
# type: matrix
# rows: 6
# columns: 2
 3969 -620
 6433 -372
 6576 -124
 6378 124
 5616 370
 3309 620


