# Created by Octave 3.8.2, Sat Jun 20 14:55:58 2020 CEST <damian@fptrucha.inv.usc.es>
# name: hd
# type: matrix
# rows: 6
# columns: 2
 4728 -620
 7771 -372
 7310 -124
 7062 124
 6047 370
 3624 620


