# Created by Octave 3.8.2, Mon Jun 22 01:41:24 2020 CEST <damian@fptrucha.inv.usc.es>
# name: hd
# type: matrix
# rows: 6
# columns: 2
 4802 -620
 7868 -372
 7452 -124
 7015 124
 6240 370
 3703 620


