# Created by Octave 3.8.2, Sat Jun 20 17:49:49 2020 CEST <damian@fptrucha.inv.usc.es>
# name: hd
# type: matrix
# rows: 6
# columns: 2
 4624 -620
 7714 -372
 7185 -124
 6783 124
 5944 370
 3597 620


