# Created by Octave 3.8.2, Sun Jun 21 06:14:18 2020 CEST <damian@fptrucha.inv.usc.es>
# name: hd
# type: matrix
# rows: 6
# columns: 2
 4562 -620
 7498 -372
 6968 -124
 6434 124
 5843 370
 3402 620


