# Created by Octave 3.8.2, Mon Jun 22 13:58:40 2020 CEST <damian@fptrucha.inv.usc.es>
# name: hd
# type: matrix
# rows: 6
# columns: 2
 4282 -620
 6991 -372
 7263 -124
 7049 124
 6450 370
 3885 620


