# Created by Octave 3.8.2, Mon Jun 22 06:11:51 2020 CEST <damian@fptrucha.inv.usc.es>
# name: hd
# type: matrix
# rows: 6
# columns: 2
 3865 -620
 6355 -372
 6911 -124
 6761 124
 6003 370
 3749 620


