# Created by Octave 3.8.2, Mon Jun 22 05:40:02 2020 CEST <damian@fptrucha.inv.usc.es>
# name: hd
# type: matrix
# rows: 6
# columns: 2
 3825 -620
 6425 -372
 6892 -124
 6679 124
 5900 370
 3650 620


