# Created by Octave 3.8.2, Sun Jun 21 05:56:42 2020 CEST <damian@fptrucha.inv.usc.es>
# name: hd
# type: matrix
# rows: 6
# columns: 2
 4492 -620
 7442 -372
 7159 -124
 6673 124
 5817 370
 3596 620


