# Created by Octave 3.8.2, Mon Jun 22 19:12:23 2020 CEST <damian@fptrucha.inv.usc.es>
# name: hd
# type: matrix
# rows: 6
# columns: 2
 4559 -620
 7527 -372
 7463 -124
 7319 124
 6587 370
 4054 620


