# Created by Octave 3.8.2, Sun Jun 21 00:44:35 2020 CEST <damian@fptrucha.inv.usc.es>
# name: hd
# type: matrix
# rows: 6
# columns: 2
 4503 -620
 7307 -372
 7033 -124
 6383 124
 5713 370
 3485 620


