# Created by Octave 3.8.2, Sat Jun 20 17:47:14 2020 CEST <damian@fptrucha.inv.usc.es>
# name: hd
# type: matrix
# rows: 6
# columns: 2
 4606 -620
 7837 -372
 7109 -124
 6771 124
 6028 370
 3618 620


