# Created by Octave 3.8.2, Mon Jun 22 20:31:47 2020 CEST <damian@fptrucha.inv.usc.es>
# name: hd
# type: matrix
# rows: 6
# columns: 2
 4540 -620
 7840 -372
 7714 -124
 7321 124
 6783 370
 3986 620


