# Created by Octave 3.8.2, Sat Jun 20 15:22:20 2020 CEST <damian@fptrucha.inv.usc.es>
# name: hd
# type: matrix
# rows: 6
# columns: 2
 4827 -620
 7739 -372
 7105 -124
 6995 124
 6041 370
 3866 620


