# Created by Octave 3.8.2, Mon Jun 22 03:53:46 2020 CEST <damian@fptrucha.inv.usc.es>
# name: hd
# type: matrix
# rows: 6
# columns: 2
 4086 -620
 6485 -372
 6848 -124
 6481 124
 5807 370
 3560 620


