# Created by Octave 3.8.2, Sat Jun 20 16:34:00 2020 CEST <damian@fptrucha.inv.usc.es>
# name: hd
# type: matrix
# rows: 6
# columns: 2
 4681 -620
 7639 -372
 7211 -124
 6986 124
 6147 370
 3662 620


