# Created by Octave 3.8.2, Mon Jun 22 20:17:45 2020 CEST <damian@fptrucha.inv.usc.es>
# name: hd
# type: matrix
# rows: 6
# columns: 2
 3013 -620
 5071 -372
 4893 -124
 4783 124
 4414 370
 2671 620


