# Created by Octave 3.8.2, Sun Jun 21 00:21:17 2020 CEST <damian@fptrucha.inv.usc.es>
# name: hd
# type: matrix
# rows: 6
# columns: 2
 4560 -620
 7364 -372
 6847 -124
 6549 124
 5843 370
 3536 620


