# Created by Octave 3.8.2, Mon Jun 22 04:23:22 2020 CEST <damian@fptrucha.inv.usc.es>
# name: hd
# type: matrix
# rows: 6
# columns: 2
 2612 -620
 4236 -372
 4273 -124
 4259 124
 3526 370
 2215 620


