# Created by Octave 3.8.2, Sun Jun 21 05:51:12 2020 CEST <damian@fptrucha.inv.usc.es>
# name: hd
# type: matrix
# rows: 6
# columns: 2
 4558 -620
 7446 -372
 7006 -124
 6802 124
 5741 370
 3533 620


