# Created by Octave 3.8.2, Mon Jun 22 19:23:29 2020 CEST <damian@fptrucha.inv.usc.es>
# name: hd
# type: matrix
# rows: 6
# columns: 2
 4597 -620
 7459 -372
 7634 -124
 7385 124
 6618 370
 4013 620


