# Created by Octave 3.8.2, Mon Jun 22 10:57:34 2020 CEST <damian@fptrucha.inv.usc.es>
# name: hd
# type: matrix
# rows: 6
# columns: 2
 4212 -620
 7124 -372
 7368 -124
 6911 124
 6404 370
 3864 620


