# Created by Octave 3.8.2, Tue Jun 23 00:25:07 2020 CEST <damian@fptrucha.inv.usc.es>
# name: hd
# type: matrix
# rows: 6
# columns: 2
 3337 -620
 5727 -372
 5634 -124
 5358 124
 4916 370
 3007 620


