# Created by Octave 3.8.2, Sat Jun 20 13:06:11 2020 CEST <damian@fptrucha.inv.usc.es>
# name: hd
# type: matrix
# rows: 6
# columns: 2
 5089 -620
 8134 -372
 7486 -124
 7315 124
 6335 370
 3814 620


