# Created by Octave 3.8.2, Mon Jun 22 13:39:41 2020 CEST <damian@fptrucha.inv.usc.es>
# name: hd
# type: matrix
# rows: 6
# columns: 2
 4181 -620
 7267 -372
 7315 -124
 7055 124
 6530 370
 3837 620


