# Created by Octave 3.8.2, Mon Jun 22 05:22:47 2020 CEST <damian@fptrucha.inv.usc.es>
# name: hd
# type: matrix
# rows: 6
# columns: 2
 3925 -620
 6622 -372
 6828 -124
 6731 124
 5772 370
 3518 620


