# Created by Octave 3.8.2, Mon Jun 22 21:46:25 2020 CEST <damian@fptrucha.inv.usc.es>
# name: hd
# type: matrix
# rows: 6
# columns: 2
 4703 -620
 7635 -372
 7800 -124
 7418 124
 6597 370
 4044 620


