# Created by Octave 3.8.2, Sat Jun 20 18:34:37 2020 CEST <damian@fptrucha.inv.usc.es>
# name: hd
# type: matrix
# rows: 6
# columns: 2
 4599 -620
 7407 -372
 6980 -124
 6702 124
 6036 370
 3609 620


