# Created by Octave 3.8.2, Mon Jun 22 14:28:54 2020 CEST <damian@fptrucha.inv.usc.es>
# name: hd
# type: matrix
# rows: 6
# columns: 2
 4231 -620
 7173 -372
 7148 -124
 7200 124
 6475 370
 3959 620


