# Created by Octave 3.8.2, Mon Jun 22 05:10:35 2020 CEST <damian@fptrucha.inv.usc.es>
# name: hd
# type: matrix
# rows: 6
# columns: 2
 3901 -620
 6586 -372
 6529 -124
 6506 124
 5773 370
 3309 620


