# Created by Octave 3.8.2, Mon Jun 22 08:11:13 2020 CEST <damian@fptrucha.inv.usc.es>
# name: hd
# type: matrix
# rows: 6
# columns: 2
 3973 -620
 6667 -372
 7015 -124
 6914 124
 6320 370
 3687 620


