# Created by Octave 3.8.2, Sat Jun 20 04:15:46 2020 CEST <damian@fptrucha.inv.usc.es>
# name: hd
# type: matrix
# rows: 6
# columns: 2
 5104 -620
 8258 -372
 7904 -124
 7499 124
 6608 370
 3995 620


