# Created by Octave 3.8.2, Sat Jun 20 17:10:10 2020 CEST <damian@fptrucha.inv.usc.es>
# name: hd
# type: matrix
# rows: 6
# columns: 2
 4683 -620
 7900 -372
 7338 -124
 6886 124
 6120 370
 3686 620


