# Created by Octave 3.8.2, Mon Jun 22 20:58:54 2020 CEST <damian@fptrucha.inv.usc.es>
# name: hd
# type: matrix
# rows: 6
# columns: 2
 3069 -620
 5016 -372
 5037 -124
 4866 124
 4418 370
 2651 620


