# Created by Octave 3.8.2, Mon Jun 22 16:35:35 2020 CEST <damian@fptrucha.inv.usc.es>
# name: hd
# type: matrix
# rows: 6
# columns: 2
 4395 -620
 7214 -372
 7552 -124
 7308 124
 6564 370
 3922 620


