# Created by Octave 3.8.2, Sat Jun 20 23:10:31 2020 CEST <damian@fptrucha.inv.usc.es>
# name: hd
# type: matrix
# rows: 6
# columns: 2
 4574 -620
 7607 -372
 6896 -124
 6691 124
 5905 370
 3502 620


