# Created by Octave 3.8.2, Sat Jun 20 18:16:53 2020 CEST <damian@fptrucha.inv.usc.es>
# name: hd
# type: matrix
# rows: 6
# columns: 2
 4558 -620
 7515 -372
 7019 -124
 6626 124
 6080 370
 3567 620


