# Created by Octave 3.8.2, Sun Jun 21 07:57:11 2020 CEST <damian@fptrucha.inv.usc.es>
# name: hd
# type: matrix
# rows: 6
# columns: 2
 4427 -620
 7343 -372
 6900 -124
 6597 124
 5722 370
 3454 620


