# Created by Octave 3.8.2, Mon Jun 22 00:31:05 2020 CEST <damian@fptrucha.inv.usc.es>
# name: hd
# type: matrix
# rows: 6
# columns: 2
 4728 -620
 7714 -372
 7095 -124
 6621 124
 5909 370
 3507 620


