# Created by Octave 3.8.2, Mon Jun 22 15:49:42 2020 CEST <damian@fptrucha.inv.usc.es>
# name: hd
# type: matrix
# rows: 6
# columns: 2
 4395 -620
 7448 -372
 7616 -124
 7269 124
 6718 370
 3986 620


