# Created by Octave 3.8.2, Sun Jun 21 03:43:59 2020 CEST <damian@fptrucha.inv.usc.es>
# name: hd
# type: matrix
# rows: 6
# columns: 2
 4694 -620
 7515 -372
 6898 -124
 6454 124
 6010 370
 3534 620


