# Created by Octave 3.8.2, Mon Jun 22 08:15:20 2020 CEST <damian@fptrucha.inv.usc.es>
# name: hd
# type: matrix
# rows: 6
# columns: 2
 3943 -620
 6638 -372
 7192 -124
 6744 124
 6336 370
 3732 620


