# Created by Octave 3.8.2, Tue Jun 23 00:15:50 2020 CEST <damian@fptrucha.inv.usc.es>
# name: hd
# type: matrix
# rows: 6
# columns: 2
 4781 -620
 7685 -372
 7695 -124
 7389 124
 6722 370
 3987 620


