# Created by Octave 3.8.2, Sat Jun 20 05:59:35 2020 CEST <damian@fptrucha.inv.usc.es>
# name: hd
# type: matrix
# rows: 6
# columns: 2
 5025 -620
 8639 -372
 7930 -124
 7715 124
 6771 370
 3953 620


