# Created by Octave 3.8.2, Mon Jun 22 15:20:14 2020 CEST <damian@fptrucha.inv.usc.es>
# name: hd
# type: matrix
# rows: 6
# columns: 2
 4398 -620
 7429 -372
 7667 -124
 7320 124
 6495 370
 3907 620


