# Created by Octave 3.8.2, Mon Jun 22 19:42:40 2020 CEST <damian@fptrucha.inv.usc.es>
# name: hd
# type: matrix
# rows: 6
# columns: 2
 4548 -620
 7512 -372
 7635 -124
 7341 124
 6673 370
 3914 620


