# Created by Octave 3.8.2, Mon Jun 22 13:31:05 2020 CEST <damian@fptrucha.inv.usc.es>
# name: hd
# type: matrix
# rows: 6
# columns: 2
 4325 -620
 7156 -372
 7183 -124
 6931 124
 6526 370
 3873 620


