# Created by Octave 3.8.2, Mon Jun 22 10:20:21 2020 CEST <damian@fptrucha.inv.usc.es>
# name: hd
# type: matrix
# rows: 6
# columns: 2
 4219 -620
 6930 -372
 7120 -124
 7099 124
 6262 370
 3933 620


