# Created by Octave 3.8.2, Sat Jun 20 23:37:48 2020 CEST <damian@fptrucha.inv.usc.es>
# name: hd
# type: matrix
# rows: 6
# columns: 2
 4692 -620
 7536 -372
 6898 -124
 6697 124
 5853 370
 3467 620


