# Created by Octave 3.8.2, Sat Jun 20 02:56:33 2020 CEST <damian@fptrucha.inv.usc.es>
# name: hd
# type: matrix
# rows: 6
# columns: 2
 4910 -620
 8299 -372
 7698 -124
 7309 124
 6444 370
 3745 620


