# Created by Octave 3.8.2, Sat Jun 20 19:47:11 2020 CEST <damian@fptrucha.inv.usc.es>
# name: hd
# type: matrix
# rows: 6
# columns: 2
 4520 -620
 7576 -372
 7062 -124
 6737 124
 5964 370
 3635 620


