# Created by Octave 3.8.2, Sun Jun 21 07:24:15 2020 CEST <damian@fptrucha.inv.usc.es>
# name: hd
# type: matrix
# rows: 6
# columns: 2
 4579 -620
 7583 -372
 6992 -124
 6480 124
 5699 370
 3586 620


