# Created by Octave 3.8.2, Sat Jun 20 15:27:43 2020 CEST <damian@fptrucha.inv.usc.es>
# name: hd
# type: matrix
# rows: 6
# columns: 2
 4812 -620
 7756 -372
 7268 -124
 7012 124
 6083 370
 3712 620


