# Created by Octave 3.8.2, Mon Jun 22 13:41:52 2020 CEST <damian@fptrucha.inv.usc.es>
# name: hd
# type: matrix
# rows: 6
# columns: 2
 4217 -620
 7098 -372
 7213 -124
 7184 124
 6406 370
 3998 620


