# Created by Octave 3.8.2, Sat Jun 20 07:46:28 2020 CEST <damian@fptrucha.inv.usc.es>
# name: hd
# type: matrix
# rows: 6
# columns: 2
 5357 -620
 8673 -372
 8190 -124
 7694 124
 6968 370
 4001 620


