# Created by Octave 3.8.2, Mon Jun 22 08:12:12 2020 CEST <damian@fptrucha.inv.usc.es>
# name: hd
# type: matrix
# rows: 6
# columns: 2
 3968 -620
 6761 -372
 6937 -124
 6853 124
 6119 370
 3691 620


