# Created by Octave 3.8.2, Mon Jun 22 14:31:02 2020 CEST <damian@fptrucha.inv.usc.es>
# name: hd
# type: matrix
# rows: 6
# columns: 2
 4190 -620
 7130 -372
 7314 -124
 7139 124
 6436 370
 3874 620


