# Created by Octave 3.8.2, Sun Jun 21 02:31:19 2020 CEST <damian@fptrucha.inv.usc.es>
# name: hd
# type: matrix
# rows: 6
# columns: 2
 4539 -620
 7654 -372
 6931 -124
 6661 124
 5895 370
 3599 620


