# Created by Octave 3.8.2, Mon Jun 22 05:58:18 2020 CEST <damian@fptrucha.inv.usc.es>
# name: hd
# type: matrix
# rows: 6
# columns: 2
 3883 -620
 6414 -372
 6806 -124
 6788 124
 6053 370
 3672 620


