# Created by Octave 3.8.2, Sat Jun 20 02:52:26 2020 CEST <damian@fptrucha.inv.usc.es>
# name: hd
# type: matrix
# rows: 6
# columns: 2
 4919 -620
 8246 -372
 7611 -124
 7458 124
 6544 370
 3815 620


