# Created by Octave 3.8.2, Sat Jun 20 14:17:48 2020 CEST <damian@fptrucha.inv.usc.es>
# name: hd
# type: matrix
# rows: 6
# columns: 2
 4844 -620
 7898 -372
 7513 -124
 7147 124
 6334 370
 3855 620


