# Created by Octave 3.8.2, Mon Jun 22 03:41:40 2020 CEST <damian@fptrucha.inv.usc.es>
# name: hd
# type: matrix
# rows: 6
# columns: 2
 4040 -620
 6513 -372
 6731 -124
 6720 124
 6078 370
 3622 620


