# Created by Octave 3.8.2, Sun Jun 21 07:30:58 2020 CEST <damian@fptrucha.inv.usc.es>
# name: hd
# type: matrix
# rows: 6
# columns: 2
 4296 -620
 7553 -372
 6898 -124
 6563 124
 5675 370
 3589 620


