# Created by Octave 3.8.2, Sat Jun 20 19:43:22 2020 CEST <damian@fptrucha.inv.usc.es>
# name: hd
# type: matrix
# rows: 6
# columns: 2
 4636 -620
 7440 -372
 6913 -124
 6686 124
 5993 370
 3500 620


