# Created by Octave 3.8.2, Mon Jun 22 00:48:08 2020 CEST <damian@fptrucha.inv.usc.es>
# name: hd
# type: matrix
# rows: 6
# columns: 2
 4519 -620
 7540 -372
 6951 -124
 6580 124
 5806 370
 3526 620


