# Created by Octave 3.8.2, Mon Jun 22 14:42:27 2020 CEST <damian@fptrucha.inv.usc.es>
# name: hd
# type: matrix
# rows: 6
# columns: 2
 4251 -620
 7302 -372
 7465 -124
 7081 124
 6602 370
 3864 620


