# Created by Octave 3.8.2, Mon Jun 22 15:06:15 2020 CEST <damian@fptrucha.inv.usc.es>
# name: hd
# type: matrix
# rows: 6
# columns: 2
 4235 -620
 7409 -372
 7564 -124
 7379 124
 6580 370
 3873 620


