# Created by Octave 3.8.2, Mon Jun 22 06:44:06 2020 CEST <damian@fptrucha.inv.usc.es>
# name: hd
# type: matrix
# rows: 6
# columns: 2
 4589 -620
 5950 -372
 6624 -124
 6353 124
 5702 370
 4367 620


