# Created by Octave 3.8.2, Sat Jun 20 23:47:51 2020 CEST <damian@fptrucha.inv.usc.es>
# name: hd
# type: matrix
# rows: 6
# columns: 2
 5505 -620
 6783 -372
 6895 -124
 6458 124
 5496 370
 4078 620


