# Created by Octave 3.8.2, Sat Jun 20 23:21:42 2020 CEST <damian@fptrucha.inv.usc.es>
# name: hd
# type: matrix
# rows: 6
# columns: 2
 3568 -620
 4525 -372
 4578 -124
 4149 124
 3563 370
 2569 620


