# Created by Octave 3.8.2, Sun Jun 21 02:26:54 2020 CEST <damian@fptrucha.inv.usc.es>
# name: hd
# type: matrix
# rows: 6
# columns: 2
 5335 -620
 6821 -372
 6983 -124
 6517 124
 5415 370
 4059 620


