# Created by Octave 3.8.2, Sun Jun 21 00:49:42 2020 CEST <damian@fptrucha.inv.usc.es>
# name: hd
# type: matrix
# rows: 6
# columns: 2
 5264 -620
 6821 -372
 7019 -124
 6440 124
 5317 370
 4056 620


