# Created by Octave 3.8.2, Mon Jun 22 11:19:24 2020 CEST <damian@fptrucha.inv.usc.es>
# name: hd
# type: matrix
# rows: 6
# columns: 2
 4982 -620
 6403 -372
 7099 -124
 6589 124
 5924 370
 4516 620


