# Created by Octave 3.8.2, Sat Jun 20 22:57:48 2020 CEST <damian@fptrucha.inv.usc.es>
# name: hd
# type: matrix
# rows: 6
# columns: 2
 5297 -620
 6704 -372
 6882 -124
 6436 124
 5367 370
 3892 620


