# Created by Octave 3.8.2, Mon Jun 22 19:48:34 2020 CEST <damian@fptrucha.inv.usc.es>
# name: hd
# type: matrix
# rows: 6
# columns: 2
 5166 -620
 6769 -372
 7500 -124
 6886 124
 6303 370
 4734 620


