# Created by Octave 3.8.2, Sat Jun 20 11:44:20 2020 CEST <damian@fptrucha.inv.usc.es>
# name: hd
# type: matrix
# rows: 6
# columns: 2
 5949 -620
 7639 -372
 7770 -124
 7164 124
 6090 370
 4633 620


