# Created by Octave 3.8.2, Sat Jun 20 23:55:02 2020 CEST <damian@fptrucha.inv.usc.es>
# name: hd
# type: matrix
# rows: 6
# columns: 2
 5350 -620
 6835 -372
 6884 -124
 6479 124
 5361 370
 4143 620


