# Created by Octave 3.8.2, Mon Jun 22 12:23:12 2020 CEST <damian@fptrucha.inv.usc.es>
# name: hd
# type: matrix
# rows: 6
# columns: 2
 5055 -620
 6614 -372
 7182 -124
 6833 124
 5826 370
 4493 620


