# Created by Octave 3.8.2, Mon Jun 22 20:34:04 2020 CEST <damian@fptrucha.inv.usc.es>
# name: hd
# type: matrix
# rows: 6
# columns: 2
 5206 -620
 7149 -372
 7463 -124
 6923 124
 6219 370
 4777 620


