# Created by Octave 3.8.2, Mon Jun 22 04:18:04 2020 CEST <damian@fptrucha.inv.usc.es>
# name: hd
# type: matrix
# rows: 6
# columns: 2
 4684 -620
 5845 -372
 6456 -124
 6200 124
 5313 370
 3990 620


