# Created by Octave 3.8.2, Mon Jun 22 05:02:56 2020 CEST <damian@fptrucha.inv.usc.es>
# name: hd
# type: matrix
# rows: 6
# columns: 2
 4630 -620
 5977 -372
 6486 -124
 6188 124
 5389 370
 4018 620


