# Created by Octave 3.8.2, Mon Jun 22 23:02:44 2020 CEST <damian@fptrucha.inv.usc.es>
# name: hd
# type: matrix
# rows: 6
# columns: 2
 5520 -620
 7085 -372
 7735 -124
 7218 124
 6405 370
 4726 620


