# Created by Octave 3.8.2, Mon Jun 22 18:36:11 2020 CEST <damian@fptrucha.inv.usc.es>
# name: hd
# type: matrix
# rows: 6
# columns: 2
 3307 -620
 4424 -372
 4932 -124
 4506 124
 4050 370
 3147 620


