# Created by Octave 3.8.2, Sat Jun 20 07:24:29 2020 CEST <damian@fptrucha.inv.usc.es>
# name: hd
# type: matrix
# rows: 6
# columns: 2
 5948 -620
 7668 -372
 7816 -124
 7658 124
 6309 370
 4833 620


