# Created by Octave 3.8.2, Mon Jun 22 23:17:38 2020 CEST <damian@fptrucha.inv.usc.es>
# name: hd
# type: matrix
# rows: 6
# columns: 2
 5544 -620
 7152 -372
 7530 -124
 7222 124
 6319 370
 4821 620


