# Created by Octave 3.8.2, Mon Jun 22 16:49:41 2020 CEST <damian@fptrucha.inv.usc.es>
# name: hd
# type: matrix
# rows: 6
# columns: 2
 5146 -620
 6809 -372
 7248 -124
 6846 124
 6078 370
 4738 620


