# Created by Octave 3.8.2, Mon Jun 22 14:40:20 2020 CEST <damian@fptrucha.inv.usc.es>
# name: hd
# type: matrix
# rows: 6
# columns: 2
 3323 -620
 4224 -372
 4792 -124
 4552 124
 3960 370
 3062 620


