# Created by Octave 3.8.2, Sun Jun 21 03:10:46 2020 CEST <damian@fptrucha.inv.usc.es>
# name: hd
# type: matrix
# rows: 6
# columns: 2
 5195 -620
 6555 -372
 6916 -124
 6381 124
 5351 370
 4025 620


