# Created by Octave 3.8.2, Mon Jun 22 03:45:28 2020 CEST <damian@fptrucha.inv.usc.es>
# name: hd
# type: matrix
# rows: 6
# columns: 2
 4628 -620
 6022 -372
 6583 -124
 6223 124
 5676 370
 4303 620


