# Created by Octave 3.8.2, Sat Jun 20 04:54:35 2020 CEST <damian@fptrucha.inv.usc.es>
# name: hd
# type: matrix
# rows: 6
# columns: 2
 5976 -620
 7485 -372
 7819 -124
 7239 124
 6027 370
 4662 620


