# Created by Octave 3.8.2, Mon Jun 22 22:37:58 2020 CEST <damian@fptrucha.inv.usc.es>
# name: hd
# type: matrix
# rows: 6
# columns: 2
 5255 -620
 6993 -372
 7646 -124
 7053 124
 6280 370
 4820 620


