# Created by Octave 3.8.2, Sun Jun 21 05:06:07 2020 CEST <damian@fptrucha.inv.usc.es>
# name: hd
# type: matrix
# rows: 6
# columns: 2
 5377 -620
 6826 -372
 6833 -124
 6540 124
 5575 370
 4110 620


