# Created by Octave 3.8.2, Sat Jun 20 17:47:16 2020 CEST <damian@fptrucha.inv.usc.es>
# name: hd
# type: matrix
# rows: 6
# columns: 2
 5414 -620
 7054 -372
 7019 -124
 6542 124
 5673 370
 4267 620


