# Created by Octave 3.8.2, Mon Jun 22 10:16:33 2020 CEST <damian@fptrucha.inv.usc.es>
# name: hd
# type: matrix
# rows: 6
# columns: 2
 4939 -620
 6440 -372
 7055 -124
 6610 124
 5863 370
 4516 620


