# Created by Octave 3.8.2, Mon Jun 22 09:21:15 2020 CEST <damian@fptrucha.inv.usc.es>
# name: hd
# type: matrix
# rows: 6
# columns: 2
 4783 -620
 6306 -372
 6923 -124
 6466 124
 5922 370
 4555 620


