# Created by Octave 3.8.2, Sat Jun 20 03:32:05 2020 CEST <damian@fptrucha.inv.usc.es>
# name: hd
# type: matrix
# rows: 6
# columns: 2
 5655 -620
 7345 -372
 7683 -124
 7401 124
 6099 370
 4691 620


