# Created by Octave 3.8.2, Sun Jun 21 01:42:05 2020 CEST <damian@fptrucha.inv.usc.es>
# name: hd
# type: matrix
# rows: 6
# columns: 2
 5219 -620
 6734 -372
 6922 -124
 6324 124
 5532 370
 3993 620


