# Created by Octave 3.8.2, Mon Jun 22 01:09:20 2020 CEST <damian@fptrucha.inv.usc.es>
# name: hd
# type: matrix
# rows: 6
# columns: 2
 5481 -620
 7039 -372
 7101 -124
 6733 124
 5505 370
 4131 620


