# Created by Octave 3.8.2, Mon Jun 22 03:05:52 2020 CEST <damian@fptrucha.inv.usc.es>
# name: hd
# type: matrix
# rows: 6
# columns: 2
 4653 -620
 5867 -372
 6707 -124
 6353 124
 5537 370
 4326 620


