# Created by Octave 3.8.2, Sat Jun 20 23:06:36 2020 CEST <damian@fptrucha.inv.usc.es>
# name: hd
# type: matrix
# rows: 6
# columns: 2
 5494 -620
 6835 -372
 6941 -124
 6451 124
 5386 370
 4104 620


