# Created by Octave 3.8.2, Tue Jun 23 00:19:32 2020 CEST <damian@fptrucha.inv.usc.es>
# name: hd
# type: matrix
# rows: 6
# columns: 2
 5414 -620
 6969 -372
 7677 -124
 7050 124
 6380 370
 4923 620


