# Created by Octave 3.8.2, Sat Jun 20 19:55:05 2020 CEST <damian@fptrucha.inv.usc.es>
# name: hd
# type: matrix
# rows: 6
# columns: 2
 5330 -620
 6912 -372
 7045 -124
 6545 124
 5579 370
 4034 620


