# Created by Octave 3.8.2, Mon Jun 22 07:46:23 2020 CEST <damian@fptrucha.inv.usc.es>
# name: hd
# type: matrix
# rows: 6
# columns: 2
 4741 -620
 6046 -372
 6944 -124
 6383 124
 5848 370
 4259 620


