# Created by Octave 3.8.2, Mon Jun 22 23:24:51 2020 CEST <damian@fptrucha.inv.usc.es>
# name: hd
# type: matrix
# rows: 6
# columns: 2
 5540 -620
 6971 -372
 7636 -124
 7120 124
 6278 370
 4849 620


