# Created by Octave 3.8.2, Sun Jun 21 01:29:08 2020 CEST <damian@fptrucha.inv.usc.es>
# name: hd
# type: matrix
# rows: 6
# columns: 2
 5221 -620
 6584 -372
 6863 -124
 6466 124
 5372 370
 4143 620


