# Created by Octave 3.8.2, Sun Jun 21 07:10:56 2020 CEST <damian@fptrucha.inv.usc.es>
# name: hd
# type: matrix
# rows: 6
# columns: 2
 5456 -620
 7010 -372
 7057 -124
 6695 124
 5600 370
 4150 620


