# Created by Octave 3.8.2, Sat Jun 20 06:03:57 2020 CEST <damian@fptrucha.inv.usc.es>
# name: hd
# type: matrix
# rows: 6
# columns: 2
 5947 -620
 7593 -372
 7846 -124
 7532 124
 6339 370
 4794 620


