# Created by Octave 3.8.2, Sat Jun 20 22:25:45 2020 CEST <damian@fptrucha.inv.usc.es>
# name: hd
# type: matrix
# rows: 6
# columns: 2
 5418 -620
 6877 -372
 6970 -124
 6288 124
 5529 370
 4020 620


