# Created by Octave 3.8.2, Mon Jun 22 05:59:17 2020 CEST <damian@fptrucha.inv.usc.es>
# name: hd
# type: matrix
# rows: 6
# columns: 2
 4483 -620
 6040 -372
 6738 -124
 6404 124
 5848 370
 4424 620


