# Created by Octave 3.8.2, Sat Jun 20 22:10:36 2020 CEST <damian@fptrucha.inv.usc.es>
# name: hd
# type: matrix
# rows: 6
# columns: 2
 5314 -620
 6966 -372
 6846 -124
 6556 124
 5505 370
 4105 620


