# Created by Octave 3.8.2, Sun Jun 21 06:20:46 2020 CEST <damian@fptrucha.inv.usc.es>
# name: hd
# type: matrix
# rows: 6
# columns: 2
 5315 -620
 6834 -372
 6840 -124
 6446 124
 5366 370
 3977 620


