# Created by Octave 3.8.2, Sat Jun 20 13:13:05 2020 CEST <damian@fptrucha.inv.usc.es>
# name: hd
# type: matrix
# rows: 6
# columns: 2
 5968 -620
 7369 -372
 7440 -124
 7153 124
 5816 370
 4426 620


