# Created by Octave 3.8.2, Sat Jun 20 12:50:49 2020 CEST <damian@fptrucha.inv.usc.es>
# name: hd
# type: matrix
# rows: 6
# columns: 2
 6003 -620
 7440 -372
 7478 -124
 7177 124
 5883 370
 4386 620


