# Created by Octave 3.8.2, Sat Jun 20 02:33:44 2020 CEST <damian@fptrucha.inv.usc.es>
# name: hd
# type: matrix
# rows: 6
# columns: 2
 5497 -620
 7261 -372
 7602 -124
 7311 124
 6113 370
 4641 620


