# Created by Octave 3.8.2, Mon Jun 22 00:55:30 2020 CEST <damian@fptrucha.inv.usc.es>
# name: hd
# type: matrix
# rows: 6
# columns: 2
 3599 -620
 4765 -372
 4801 -124
 4454 124
 3666 370
 2771 620


