# Created by Octave 3.8.2, Sat Jun 20 03:52:16 2020 CEST <damian@fptrucha.inv.usc.es>
# name: hd
# type: matrix
# rows: 6
# columns: 2
 5654 -620
 7535 -372
 7688 -124
 7326 124
 6290 370
 4908 620


