# Created by Octave 3.8.2, Sat Jun 20 17:02:21 2020 CEST <damian@fptrucha.inv.usc.es>
# name: hd
# type: matrix
# rows: 6
# columns: 2
 5315 -620
 6894 -372
 6973 -124
 6572 124
 5517 370
 4309 620


