# Created by Octave 3.8.2, Sun Jun 21 02:32:27 2020 CEST <damian@fptrucha.inv.usc.es>
# name: hd
# type: matrix
# rows: 6
# columns: 2
 5273 -620
 6664 -372
 6737 -124
 6388 124
 5228 370
 4033 620


