# Created by Octave 3.8.2, Mon Jun 22 03:38:45 2020 CEST <damian@fptrucha.inv.usc.es>
# name: hd
# type: matrix
# rows: 6
# columns: 2
 4651 -620
 5948 -372
 6652 -124
 6180 124
 5762 370
 4358 620


