# Created by Octave 3.8.2, Mon Jun 22 00:39:57 2020 CEST <damian@fptrucha.inv.usc.es>
# name: hd
# type: matrix
# rows: 6
# columns: 2
 5393 -620
 6976 -372
 6877 -124
 6558 124
 5414 370
 4126 620


