# Created by Octave 3.8.2, Sat Jun 20 17:26:50 2020 CEST <damian@fptrucha.inv.usc.es>
# name: hd
# type: matrix
# rows: 6
# columns: 2
 5497 -620
 7044 -372
 7086 -124
 6541 124
 5539 370
 4132 620


