# Created by Octave 3.8.2, Mon Jun 22 20:32:57 2020 CEST <damian@fptrucha.inv.usc.es>
# name: hd
# type: matrix
# rows: 6
# columns: 2
 5280 -620
 6949 -372
 7340 -124
 7107 124
 6274 370
 4839 620


