# Created by Octave 3.8.2, Sun Jun 21 02:57:06 2020 CEST <damian@fptrucha.inv.usc.es>
# name: hd
# type: matrix
# rows: 6
# columns: 2
 5231 -620
 6623 -372
 6827 -124
 6283 124
 5396 370
 4018 620


