# Created by Octave 3.8.2, Mon Jun 22 22:21:38 2020 CEST <damian@fptrucha.inv.usc.es>
# name: hd
# type: matrix
# rows: 6
# columns: 2
 5447 -620
 7148 -372
 7645 -124
 7127 124
 6358 370
 4848 620


