# Created by Octave 3.8.2, Sat Jun 20 06:52:13 2020 CEST <damian@fptrucha.inv.usc.es>
# name: hd
# type: matrix
# rows: 6
# columns: 2
 5875 -620
 7589 -372
 7912 -124
 7549 124
 6321 370
 4913 620


