# Created by Octave 3.8.2, Sun Jun 21 06:31:55 2020 CEST <damian@fptrucha.inv.usc.es>
# name: hd
# type: matrix
# rows: 6
# columns: 2
 5289 -620
 6847 -372
 7130 -124
 6541 124
 5495 370
 4161 620


