# Created by Octave 3.8.2, Mon Jun 22 23:12:45 2020 CEST <damian@fptrucha.inv.usc.es>
# name: hd
# type: matrix
# rows: 6
# columns: 2
 5381 -620
 7196 -372
 7479 -124
 6922 124
 6428 370
 4802 620


