# Created by Octave 3.8.2, Mon Jun 22 07:22:21 2020 CEST <damian@fptrucha.inv.usc.es>
# name: hd
# type: matrix
# rows: 6
# columns: 2
 4665 -620
 6123 -372
 6673 -124
 6639 124
 5726 370
 4403 620


