# Created by Octave 3.8.2, Mon Jun 22 00:32:10 2020 CEST <damian@fptrucha.inv.usc.es>
# name: hd
# type: matrix
# rows: 6
# columns: 2
 5414 -620
 7099 -372
 7153 -124
 6370 124
 5483 370
 4133 620


