# Created by Octave 3.8.2, Mon Jun 22 18:47:37 2020 CEST <damian@fptrucha.inv.usc.es>
# name: hd
# type: matrix
# rows: 6
# columns: 2
 5087 -620
 6796 -372
 7425 -124
 6948 124
 6309 370
 4808 620


