# Created by Octave 3.8.2, Sat Jun 20 03:07:35 2020 CEST <damian@fptrucha.inv.usc.es>
# name: hd
# type: matrix
# rows: 6
# columns: 2
 5672 -620
 7435 -372
 7548 -124
 7219 124
 6276 370
 4725 620


