# Created by Octave 3.8.2, Mon Jun 22 04:51:55 2020 CEST <damian@fptrucha.inv.usc.es>
# name: hd
# type: matrix
# rows: 6
# columns: 2
 4607 -620
 5838 -372
 6535 -124
 6067 124
 5263 370
 4064 620


