# Created by Octave 3.8.2, Sun Jun 21 03:02:31 2020 CEST <damian@fptrucha.inv.usc.es>
# name: hd
# type: matrix
# rows: 6
# columns: 2
 5182 -620
 6575 -372
 6960 -124
 6116 124
 5341 370
 3902 620


