# Created by Octave 3.8.2, Sat Jun 20 13:11:45 2020 CEST <damian@fptrucha.inv.usc.es>
# name: hd
# type: matrix
# rows: 6
# columns: 2
 5856 -620
 7354 -372
 7471 -124
 6962 124
 5882 370
 4314 620


