# Created by Octave 3.8.2, Sun Jun 21 01:15:24 2020 CEST <damian@fptrucha.inv.usc.es>
# name: hd
# type: matrix
# rows: 6
# columns: 2
 5208 -620
 6801 -372
 6880 -124
 6329 124
 5435 370
 4020 620


