# Created by Octave 3.8.2, Mon Jun 22 08:48:35 2020 CEST <damian@fptrucha.inv.usc.es>
# name: hd
# type: matrix
# rows: 6
# columns: 2
 4661 -620
 6260 -372
 6951 -124
 6609 124
 5812 370
 4433 620


