# Created by Octave 3.8.2, Mon Jun 22 07:13:39 2020 CEST <damian@fptrucha.inv.usc.es>
# name: hd
# type: matrix
# rows: 6
# columns: 2
 4665 -620
 6113 -372
 6628 -124
 6386 124
 5840 370
 4388 620


