# Created by Octave 3.8.2, Sun Jun 21 00:25:38 2020 CEST <damian@fptrucha.inv.usc.es>
# name: hd
# type: matrix
# rows: 6
# columns: 2
 5198 -620
 6775 -372
 6922 -124
 6422 124
 5349 370
 3951 620


