# Created by Octave 3.8.2, Sat Jun 20 10:43:05 2020 CEST <damian@fptrucha.inv.usc.es>
# name: hd
# type: matrix
# rows: 6
# columns: 2
 6165 -620
 7570 -372
 7921 -124
 7376 124
 6175 370
 4509 620


