# Created by Octave 3.8.2, Mon Jun 22 10:47:29 2020 CEST <damian@fptrucha.inv.usc.es>
# name: hd
# type: matrix
# rows: 6
# columns: 2
 4950 -620
 6280 -372
 7096 -124
 6728 124
 5830 370
 4532 620


