# Created by Octave 3.8.2, Mon Jun 22 17:27:10 2020 CEST <damian@fptrucha.inv.usc.es>
# name: hd
# type: matrix
# rows: 6
# columns: 2
 5154 -620
 6685 -372
 7489 -124
 6880 124
 6237 370
 4704 620


