# Created by Octave 3.8.2, Sat Jun 20 21:02:22 2020 CEST <damian@fptrucha.inv.usc.es>
# name: hd
# type: matrix
# rows: 6
# columns: 2
 5426 -620
 6868 -372
 6885 -124
 6439 124
 5436 370
 4018 620


