# Created by Octave 3.8.2, Mon Jun 22 06:58:38 2020 CEST <damian@fptrucha.inv.usc.es>
# name: hd
# type: matrix
# rows: 6
# columns: 2
 4473 -620
 5977 -372
 6707 -124
 6556 124
 5675 370
 4342 620


