# Created by Octave 3.8.2, Mon Jun 22 15:59:16 2020 CEST <damian@fptrucha.inv.usc.es>
# name: hd
# type: matrix
# rows: 6
# columns: 2
 5321 -620
 6802 -372
 7470 -124
 6896 124
 6078 370
 4565 620


