# Created by Octave 3.8.2, Mon Jun 22 22:24:43 2020 CEST <damian@fptrucha.inv.usc.es>
# name: hd
# type: matrix
# rows: 6
# columns: 2
 5329 -620
 7137 -372
 7534 -124
 7238 124
 6337 370
 4961 620


