# Created by Octave 3.8.2, Mon Jun 22 19:40:22 2020 CEST <damian@fptrucha.inv.usc.es>
# name: hd
# type: matrix
# rows: 6
# columns: 2
 5239 -620
 6787 -372
 7341 -124
 6936 124
 6356 370
 4819 620


