# Created by Octave 3.8.2, Mon Jun 22 23:35:13 2020 CEST <damian@fptrucha.inv.usc.es>
# name: hd
# type: matrix
# rows: 6
# columns: 2
 5295 -620
 6982 -372
 7443 -124
 7112 124
 6322 370
 5001 620


