# Created by Octave 3.8.2, Mon Jun 22 19:57:23 2020 CEST <damian@fptrucha.inv.usc.es>
# name: hd
# type: matrix
# rows: 6
# columns: 2
 3527 -620
 4478 -372
 4976 -124
 4659 124
 4148 370
 3137 620


