# Created by Octave 3.8.2, Sat Jun 20 08:46:53 2020 CEST <damian@fptrucha.inv.usc.es>
# name: hd
# type: matrix
# rows: 6
# columns: 2
 6233 -620
 7823 -372
 8169 -124
 7571 124
 6421 370
 4787 620


