# Created by Octave 3.8.2, Mon Jun 22 04:54:47 2020 CEST <damian@fptrucha.inv.usc.es>
# name: hd
# type: matrix
# rows: 6
# columns: 2
 4569 -620
 5918 -372
 6483 -124
 6155 124
 5254 370
 4019 620


