# Created by Octave 3.8.2, Mon Jun 22 03:41:40 2020 CEST <damian@fptrucha.inv.usc.es>
# name: hd
# type: matrix
# rows: 6
# columns: 2
 4785 -620
 5930 -372
 6590 -124
 6368 124
 5641 370
 4390 620


