# Created by Octave 3.8.2, Mon Jun 22 23:05:54 2020 CEST <damian@fptrucha.inv.usc.es>
# name: hd
# type: matrix
# rows: 6
# columns: 2
 5540 -620
 7101 -372
 7658 -124
 7161 124
 6319 370
 4804 620


