# Created by Octave 3.8.2, Mon Jun 22 06:56:02 2020 CEST <damian@fptrucha.inv.usc.es>
# name: hd
# type: matrix
# rows: 6
# columns: 2
 4512 -620
 6101 -372
 6777 -124
 6426 124
 5676 370
 4309 620


