# Created by Octave 3.8.2, Sat Jun 20 18:42:28 2020 CEST <damian@fptrucha.inv.usc.es>
# name: hd
# type: matrix
# rows: 6
# columns: 2
 5313 -620
 6778 -372
 7139 -124
 6529 124
 5606 370
 4141 620


