# Created by Octave 3.8.2, Mon Jun 22 09:31:18 2020 CEST <damian@fptrucha.inv.usc.es>
# name: hd
# type: matrix
# rows: 6
# columns: 2
 4735 -620
 6210 -372
 6940 -124
 6579 124
 5796 370
 4411 620


