# Created by Octave 3.8.2, Sat Jun 20 17:16:16 2020 CEST <damian@fptrucha.inv.usc.es>
# name: hd
# type: matrix
# rows: 6
# columns: 2
 5417 -620
 7166 -372
 7109 -124
 6831 124
 5602 370
 4041 620


