# Created by Octave 3.8.2, Sat Jun 20 13:27:53 2020 CEST <damian@fptrucha.inv.usc.es>
# name: hd
# type: matrix
# rows: 6
# columns: 2
 5933 -620
 7259 -372
 7573 -124
 7005 124
 5904 370
 4403 620


