# Created by Octave 3.8.2, Sat Jun 20 02:47:01 2020 CEST <damian@fptrucha.inv.usc.es>
# name: hd
# type: matrix
# rows: 6
# columns: 2
 3752 -620
 4716 -372
 4995 -124
 4832 124
 4140 370
 3190 620


