# Created by Octave 3.8.2, Mon Jun 22 09:26:05 2020 CEST <damian@fptrucha.inv.usc.es>
# name: hd
# type: matrix
# rows: 6
# columns: 2
 4766 -620
 6147 -372
 6817 -124
 6602 124
 5846 370
 4532 620


