# Created by Octave 3.8.2, Mon Jun 22 13:11:06 2020 CEST <damian@fptrucha.inv.usc.es>
# name: hd
# type: matrix
# rows: 6
# columns: 2
 4872 -620
 6717 -372
 7166 -124
 6571 124
 6130 370
 4411 620


