# Created by Octave 3.8.2, Sat Jun 20 19:53:45 2020 CEST <damian@fptrucha.inv.usc.es>
# name: hd
# type: matrix
# rows: 6
# columns: 2
 5290 -620
 6728 -372
 6950 -124
 6580 124
 5709 370
 4109 620


