# Created by Octave 3.8.2, Mon Jun 22 19:59:38 2020 CEST <damian@fptrucha.inv.usc.es>
# name: hd
# type: matrix
# rows: 6
# columns: 2
 5177 -620
 6941 -372
 7372 -124
 6867 124
 6138 370
 4870 620


