# Created by Octave 3.8.2, Sat Jun 20 11:23:37 2020 CEST <damian@fptrucha.inv.usc.es>
# name: hd
# type: matrix
# rows: 6
# columns: 2
 6092 -620
 7604 -372
 7776 -124
 7236 124
 5909 370
 4608 620


