# Created by Octave 3.8.2, Sat Jun 20 19:38:13 2020 CEST <damian@fptrucha.inv.usc.es>
# name: hd
# type: matrix
# rows: 6
# columns: 2
 5480 -620
 7065 -372
 6986 -124
 6706 124
 5581 370
 4143 620


