# Created by Octave 3.8.2, Sun Jun 21 07:41:06 2020 CEST <damian@fptrucha.inv.usc.es>
# name: hd
# type: matrix
# rows: 6
# columns: 2
 5450 -620
 6969 -372
 7139 -124
 6727 124
 5453 370
 4081 620


