# Created by Octave 3.8.2, Mon Jun 22 08:32:28 2020 CEST <damian@fptrucha.inv.usc.es>
# name: hd
# type: matrix
# rows: 6
# columns: 2
 4747 -620
 6263 -372
 6887 -124
 6614 124
 5899 370
 4448 620


