# Created by Octave 3.8.2, Sat Jun 20 20:31:38 2020 CEST <damian@fptrucha.inv.usc.es>
# name: hd
# type: matrix
# rows: 6
# columns: 2
 5573 -620
 6901 -372
 7126 -124
 6776 124
 5503 370
 4059 620


