# Created by Octave 3.8.2, Mon Jun 22 06:54:05 2020 CEST <damian@fptrucha.inv.usc.es>
# name: hd
# type: matrix
# rows: 6
# columns: 2
 4617 -620
 6064 -372
 6700 -124
 6373 124
 5719 370
 4413 620


