# Created by Octave 3.8.2, Mon Jun 22 17:43:07 2020 CEST <damian@fptrucha.inv.usc.es>
# name: hd
# type: matrix
# rows: 6
# columns: 2
 5146 -620
 6769 -372
 7408 -124
 7202 124
 6195 370
 4685 620


