# Created by Octave 3.8.2, Sun Jun 21 00:28:53 2020 CEST <damian@fptrucha.inv.usc.es>
# name: hd
# type: matrix
# rows: 6
# columns: 2
 5253 -620
 6714 -372
 6780 -124
 6361 124
 5372 370
 4019 620


