# Created by Octave 3.8.2, Mon Jun 22 08:58:58 2020 CEST <damian@fptrucha.inv.usc.es>
# name: hd
# type: matrix
# rows: 6
# columns: 2
 4775 -620
 6192 -372
 6893 -124
 6589 124
 5935 370
 4305 620


