# Created by Octave 3.8.2, Mon Jun 22 05:42:03 2020 CEST <damian@fptrucha.inv.usc.es>
# name: hd
# type: matrix
# rows: 6
# columns: 2
 4587 -620
 6056 -372
 6552 -124
 6483 124
 5773 370
 4317 620


