# Created by Octave 3.8.2, Sat Jun 20 20:50:41 2020 CEST <damian@fptrucha.inv.usc.es>
# name: hd
# type: matrix
# rows: 6
# columns: 2
 5444 -620
 6941 -372
 7058 -124
 6472 124
 5537 370
 4119 620


