# Created by Octave 3.8.2, Sat Jun 20 02:39:16 2020 CEST <damian@fptrucha.inv.usc.es>
# name: hd
# type: matrix
# rows: 6
# columns: 2
 5640 -620
 7418 -372
 7589 -124
 7131 124
 6127 370
 4649 620


