# Created by Octave 3.8.2, Sat Jun 20 16:14:41 2020 CEST <damian@fptrucha.inv.usc.es>
# name: hd
# type: matrix
# rows: 6
# columns: 2
 5413 -620
 7039 -372
 7208 -124
 6745 124
 5650 370
 4248 620


