# Created by Octave 3.8.2, Mon Jun 22 08:35:36 2020 CEST <damian@fptrucha.inv.usc.es>
# name: hd
# type: matrix
# rows: 6
# columns: 2
 4787 -620
 6311 -372
 6902 -124
 6708 124
 5802 370
 4468 620


