# Created by Octave 3.8.2, Tue Jun 23 00:15:51 2020 CEST <damian@fptrucha.inv.usc.es>
# name: hd
# type: matrix
# rows: 6
# columns: 2
 5357 -620
 6950 -372
 7548 -124
 7156 124
 6285 370
 4963 620


