# Created by Octave 3.8.2, Sat Jun 20 12:19:05 2020 CEST <damian@fptrucha.inv.usc.es>
# name: hd
# type: matrix
# rows: 6
# columns: 2
 6167 -620
 7546 -372
 7608 -124
 7011 124
 6049 370
 4514 620


