# Created by Octave 3.8.2, Mon Jun 22 15:00:47 2020 CEST <damian@fptrucha.inv.usc.es>
# name: hd
# type: matrix
# rows: 6
# columns: 2
 5268 -620
 6752 -372
 7330 -124
 6948 124
 6156 370
 4692 620


