# Created by Octave 3.8.2, Mon Jun 22 16:53:03 2020 CEST <damian@fptrucha.inv.usc.es>
# name: hd
# type: matrix
# rows: 6
# columns: 2
 5192 -620
 6836 -372
 7275 -124
 6958 124
 6186 370
 4721 620


