# Created by Octave 3.8.2, Mon Jun 22 17:12:48 2020 CEST <damian@fptrucha.inv.usc.es>
# name: hd
# type: matrix
# rows: 6
# columns: 2
 5108 -620
 6740 -372
 7390 -124
 6849 124
 6233 370
 4713 620


