# Created by Octave 3.8.2, Sat Jun 20 21:05:42 2020 CEST <damian@fptrucha.inv.usc.es>
# name: hd
# type: matrix
# rows: 6
# columns: 2
 5368 -620
 6896 -372
 6922 -124
 6626 124
 5441 370
 4140 620


