# Created by Octave 3.8.2, Mon Jun 22 06:03:14 2020 CEST <damian@fptrucha.inv.usc.es>
# name: hd
# type: matrix
# rows: 6
# columns: 2
 4481 -620
 6016 -372
 6769 -124
 6318 124
 5683 370
 4342 620


