# Created by Octave 3.8.2, Mon Jun 22 01:43:30 2020 CEST <damian@fptrucha.inv.usc.es>
# name: hd
# type: matrix
# rows: 6
# columns: 2
 5659 -620
 7041 -372
 7325 -124
 6632 124
 5694 370
 4346 620


