# Created by Octave 3.8.2, Sat Jun 20 04:18:43 2020 CEST <damian@fptrucha.inv.usc.es>
# name: hd
# type: matrix
# rows: 6
# columns: 2
 5696 -620
 7667 -372
 7858 -124
 7566 124
 6300 370
 4785 620


