# Created by Octave 3.8.2, Mon Jun 22 07:04:39 2020 CEST <damian@fptrucha.inv.usc.es>
# name: hd
# type: matrix
# rows: 6
# columns: 2
 4570 -620
 6206 -372
 6792 -124
 6420 124
 5757 370
 4331 620


