# Created by Octave 3.8.2, Sat Jun 20 07:17:51 2020 CEST <damian@fptrucha.inv.usc.es>
# name: hd
# type: matrix
# rows: 6
# columns: 2
 5780 -620
 7747 -372
 7848 -124
 7594 124
 6268 370
 4715 620


