# Created by Octave 3.8.2, Sat Jun 20 10:48:53 2020 CEST <damian@fptrucha.inv.usc.es>
# name: hd
# type: matrix
# rows: 6
# columns: 2
 6083 -620
 7695 -372
 7800 -124
 7369 124
 6134 370
 4542 620


