# Created by Octave 3.8.2, Sat Jun 20 17:10:11 2020 CEST <damian@fptrucha.inv.usc.es>
# name: hd
# type: matrix
# rows: 6
# columns: 2
 5466 -620
 7118 -372
 7262 -124
 6780 124
 5697 370
 4290 620


