# Created by Octave 3.8.2, Mon Jun 22 15:47:32 2020 CEST <damian@fptrucha.inv.usc.es>
# name: hd
# type: matrix
# rows: 6
# columns: 2
 5236 -620
 6883 -372
 7501 -124
 7078 124
 6102 370
 4597 620


