# Created by Octave 3.8.2, Mon Jun 22 19:42:41 2020 CEST <damian@fptrucha.inv.usc.es>
# name: hd
# type: matrix
# rows: 6
# columns: 2
 5290 -620
 6807 -372
 7383 -124
 7139 124
 6244 370
 4760 620


