# Created by Octave 3.8.2, Mon Jun 22 13:27:52 2020 CEST <damian@fptrucha.inv.usc.es>
# name: hd
# type: matrix
# rows: 6
# columns: 2
 5024 -620
 6606 -372
 7120 -124
 6708 124
 5993 370
 4554 620


