# Created by Octave 3.8.2, Sat Jun 20 13:38:56 2020 CEST <damian@fptrucha.inv.usc.es>
# name: hd
# type: matrix
# rows: 6
# columns: 2
 5842 -620
 7400 -372
 7400 -124
 6904 124
 5941 370
 4478 620


