# Created by Octave 3.8.2, Sat Jun 20 15:14:50 2020 CEST <damian@fptrucha.inv.usc.es>
# name: hd
# type: matrix
# rows: 6
# columns: 2
 5534 -620
 7022 -372
 7221 -124
 6872 124
 5721 370
 4220 620


