# Created by Octave 3.8.2, Sat Jun 20 22:01:28 2020 CEST <damian@fptrucha.inv.usc.es>
# name: hd
# type: matrix
# rows: 6
# columns: 2
 5362 -620
 6758 -372
 6898 -124
 6454 124
 5492 370
 4147 620


