# Created by Octave 3.8.2, Sun Jun 21 04:16:41 2020 CEST <damian@fptrucha.inv.usc.es>
# name: hd
# type: matrix
# rows: 6
# columns: 2
 5260 -620
 6767 -372
 6787 -124
 6297 124
 5372 370
 4123 620


