# Created by Octave 3.8.2, Mon Jun 22 15:56:25 2020 CEST <damian@fptrucha.inv.usc.es>
# name: hd
# type: matrix
# rows: 6
# columns: 2
 5260 -620
 6880 -372
 7448 -124
 6880 124
 6099 370
 4721 620


