# Created by Octave 3.8.2, Mon Jun 22 12:13:43 2020 CEST <damian@fptrucha.inv.usc.es>
# name: hd
# type: matrix
# rows: 6
# columns: 2
 4886 -620
 6508 -372
 6986 -124
 6744 124
 6028 370
 4414 620


