# Created by Octave 3.8.2, Sat Jun 20 13:04:48 2020 CEST <damian@fptrucha.inv.usc.es>
# name: hd
# type: matrix
# rows: 6
# columns: 2
 5910 -620
 7462 -372
 7757 -124
 7029 124
 5944 370
 4408 620


