# Created by Octave 3.8.2, Mon Jun 22 11:31:03 2020 CEST <damian@fptrucha.inv.usc.es>
# name: hd
# type: matrix
# rows: 6
# columns: 2
 4775 -620
 6505 -372
 6942 -124
 6767 124
 6016 370
 4495 620


