# Created by Octave 3.8.2, Sat Jun 20 17:04:56 2020 CEST <damian@fptrucha.inv.usc.es>
# name: hd
# type: matrix
# rows: 6
# columns: 2
 5543 -620
 6871 -372
 7146 -124
 6717 124
 5519 370
 4178 620


