# Created by Octave 3.8.2, Sat Jun 20 17:24:13 2020 CEST <damian@fptrucha.inv.usc.es>
# name: hd
# type: matrix
# rows: 6
# columns: 2
 5451 -620
 6863 -372
 6846 -124
 6848 124
 5492 370
 4117 620


