# Created by Octave 3.8.2, Mon Jun 22 13:41:52 2020 CEST <damian@fptrucha.inv.usc.es>
# name: hd
# type: matrix
# rows: 6
# columns: 2
 4896 -620
 6615 -372
 7015 -124
 6848 124
 6103 370
 4639 620


