# Created by Octave 3.8.2, Mon Jun 22 12:45:09 2020 CEST <damian@fptrucha.inv.usc.es>
# name: hd
# type: matrix
# rows: 6
# columns: 2
 5029 -620
 6609 -372
 7023 -124
 6715 124
 5885 370
 4507 620


