# Created by Octave 3.8.2, Sun Jun 21 02:08:34 2020 CEST <damian@fptrucha.inv.usc.es>
# name: hd
# type: matrix
# rows: 6
# columns: 2
 5379 -620
 6719 -372
 6883 -124
 6414 124
 5417 370
 4197 620


