# Created by Octave 3.8.2, Mon Jun 22 18:04:09 2020 CEST <damian@fptrucha.inv.usc.es>
# name: hd
# type: matrix
# rows: 6
# columns: 2
 5140 -620
 6726 -372
 7272 -124
 6861 124
 6286 370
 4713 620


