# Created by Octave 3.8.2, Sat Jun 20 17:08:53 2020 CEST <damian@fptrucha.inv.usc.es>
# name: hd
# type: matrix
# rows: 6
# columns: 2
 5490 -620
 6885 -372
 7196 -124
 6778 124
 5626 370
 4264 620


