# Created by Octave 3.8.2, Mon Jun 22 14:45:46 2020 CEST <damian@fptrucha.inv.usc.es>
# name: hd
# type: matrix
# rows: 6
# columns: 2
 5119 -620
 6665 -372
 7335 -124
 6899 124
 5934 370
 4587 620


