# Created by Octave 3.8.2, Sat Jun 20 14:51:08 2020 CEST <damian@fptrucha.inv.usc.es>
# name: hd
# type: matrix
# rows: 6
# columns: 2
 5497 -620
 7213 -372
 7274 -124
 6893 124
 5687 370
 4286 620


