# Created by Octave 3.8.2, Mon Jun 22 00:23:58 2020 CEST <damian@fptrucha.inv.usc.es>
# name: hd
# type: matrix
# rows: 6
# columns: 2
 5438 -620
 6957 -372
 7094 -124
 6803 124
 5645 370
 4048 620


