# Created by Octave 3.8.2, Sun Jun 21 06:04:12 2020 CEST <damian@fptrucha.inv.usc.es>
# name: hd
# type: matrix
# rows: 6
# columns: 2
 5316 -620
 6752 -372
 6902 -124
 6504 124
 5557 370
 3984 620


