# Created by Octave 3.8.2, Sat Jun 20 12:59:18 2020 CEST <damian@fptrucha.inv.usc.es>
# name: hd
# type: matrix
# rows: 6
# columns: 2
 5962 -620
 7537 -372
 7676 -124
 6934 124
 6049 370
 4402 620


