# Created by Octave 3.8.2, Sat Jun 20 18:29:30 2020 CEST <damian@fptrucha.inv.usc.es>
# name: hd
# type: matrix
# rows: 6
# columns: 2
 5481 -620
 6909 -372
 7024 -124
 6649 124
 5643 370
 4115 620


