# Created by Octave 3.8.2, Mon Jun 22 05:00:05 2020 CEST <damian@fptrucha.inv.usc.es>
# name: hd
# type: matrix
# rows: 6
# columns: 2
 4593 -620
 6027 -372
 6229 -124
 6136 124
 5275 370
 4017 620


