# Created by Octave 3.8.2, Mon Jun 22 10:29:54 2020 CEST <damian@fptrucha.inv.usc.es>
# name: hd
# type: matrix
# rows: 6
# columns: 2
 5007 -620
 6358 -372
 6957 -124
 6558 124
 5852 370
 4372 620


