# Created by Octave 3.8.2, Mon Jun 22 05:15:02 2020 CEST <damian@fptrucha.inv.usc.es>
# name: hd
# type: matrix
# rows: 6
# columns: 2
 4726 -620
 5995 -372
 6621 -124
 6307 124
 5552 370
 4063 620


