# Created by Octave 3.8.2, Mon Jun 22 00:26:05 2020 CEST <damian@fptrucha.inv.usc.es>
# name: hd
# type: matrix
# rows: 6
# columns: 2
 5556 -620
 7059 -372
 7291 -124
 6809 124
 5640 370
 4358 620


