# Created by Octave 3.8.2, Mon Jun 22 07:26:24 2020 CEST <damian@fptrucha.inv.usc.es>
# name: hd
# type: matrix
# rows: 6
# columns: 2
 4640 -620
 6135 -372
 6754 -124
 6336 124
 5941 370
 4444 620


