# Created by Octave 3.8.2, Mon Jun 22 04:30:51 2020 CEST <damian@fptrucha.inv.usc.es>
# name: hd
# type: matrix
# rows: 6
# columns: 2
 4562 -620
 5931 -372
 6231 -124
 5925 124
 5317 370
 3967 620


