# Created by Octave 3.8.2, Mon Jun 22 02:31:15 2020 CEST <damian@fptrucha.inv.usc.es>
# name: hd
# type: matrix
# rows: 6
# columns: 2
 4748 -620
 5963 -372
 6602 -124
 6207 124
 5600 370
 4269 620


