# Created by Octave 3.8.2, Mon Jun 22 13:14:17 2020 CEST <damian@fptrucha.inv.usc.es>
# name: hd
# type: matrix
# rows: 6
# columns: 2
 4985 -620
 6474 -372
 7220 -124
 6738 124
 5954 370
 4551 620


