# Created by Octave 3.8.2, Mon Jun 22 06:48:07 2020 CEST <damian@fptrucha.inv.usc.es>
# name: hd
# type: matrix
# rows: 6
# columns: 2
 4574 -620
 6005 -372
 6722 -124
 6314 124
 5706 370
 4360 620


