# Created by Octave 3.8.2, Mon Jun 22 07:03:38 2020 CEST <damian@fptrucha.inv.usc.es>
# name: hd
# type: matrix
# rows: 6
# columns: 2
 4608 -620
 5935 -372
 6671 -124
 6446 124
 5716 370
 4392 620


