# Created by Octave 3.8.2, Tue Jun 23 00:38:59 2020 CEST <damian@fptrucha.inv.usc.es>
# name: hd
# type: matrix
# rows: 6
# columns: 2
 5399 -620
 7182 -372
 7642 -124
 7043 124
 6256 370
 5033 620


