# Created by Octave 3.8.2, Sat Jun 20 06:23:44 2020 CEST <damian@fptrucha.inv.usc.es>
# name: hd
# type: matrix
# rows: 6
# columns: 2
 5983 -620
 7885 -372
 7915 -124
 7375 124
 6306 370
 4854 620


