# Created by Octave 3.8.2, Sat Jun 20 19:24:29 2020 CEST <damian@fptrucha.inv.usc.es>
# name: hd
# type: matrix
# rows: 6
# columns: 2
 5382 -620
 7022 -372
 7066 -124
 6611 124
 5539 370
 4099 620


