# Created by Octave 3.8.2, Sat Jun 20 06:25:13 2020 CEST <damian@fptrucha.inv.usc.es>
# name: hd
# type: matrix
# rows: 6
# columns: 2
 5931 -620
 7608 -372
 7836 -124
 7522 124
 6359 370
 4702 620


