# Created by Octave 3.8.2, Mon Jun 22 13:25:40 2020 CEST <damian@fptrucha.inv.usc.es>
# name: hd
# type: matrix
# rows: 6
# columns: 2
 5056 -620
 6613 -372
 7189 -124
 6743 124
 6011 370
 4645 620


