# Created by Octave 3.8.2, Mon Jun 22 23:46:44 2020 CEST <damian@fptrucha.inv.usc.es>
# name: hd
# type: matrix
# rows: 6
# columns: 2
 3540 -620
 4680 -372
 5079 -124
 4743 124
 4188 370
 3232 620


