# Created by Octave 3.8.2, Mon Jun 22 04:35:27 2020 CEST <damian@fptrucha.inv.usc.es>
# name: hd
# type: matrix
# rows: 6
# columns: 2
 4647 -620
 5899 -372
 6366 -124
 6118 124
 5324 370
 4018 620


