# Created by Octave 3.8.2, Mon Jun 22 23:15:09 2020 CEST <damian@fptrucha.inv.usc.es>
# name: hd
# type: matrix
# rows: 6
# columns: 2
 5467 -620
 7056 -372
 7671 -124
 7159 124
 6317 370
 4803 620


