# Created by Octave 3.8.2, Mon Jun 22 16:11:34 2020 CEST <damian@fptrucha.inv.usc.es>
# name: hd
# type: matrix
# rows: 6
# columns: 2
 5232 -620
 6748 -372
 7345 -124
 6931 124
 6143 370
 4577 620


