# Created by Octave 3.8.2, Sun Jun 21 00:30:37 2020 CEST <damian@fptrucha.inv.usc.es>
# name: hd
# type: matrix
# rows: 6
# columns: 2
 5296 -620
 6611 -372
 6841 -124
 6393 124
 5315 370
 4046 620


