# Created by Octave 3.8.2, Sat Jun 20 13:25:05 2020 CEST <damian@fptrucha.inv.usc.es>
# name: hd
# type: matrix
# rows: 6
# columns: 2
 5915 -620
 7503 -372
 7629 -124
 7197 124
 5910 370
 4386 620


