# Created by Octave 3.8.2, Mon Jun 22 00:54:53 2020 CEST <damian@fptrucha.inv.usc.es>
# name: hd
# type: matrix
# rows: 6
# columns: 2
 5528 -620
 7176 -372
 7330 -124
 6753 124
 5731 370
 4163 620


