# Created by Octave 3.8.2, Sat Jun 20 02:17:55 2020 CEST <damian@fptrucha.inv.usc.es>
# name: hd
# type: matrix
# rows: 6
# columns: 2
 5623 -620
 7305 -372
 7609 -124
 7174 124
 6052 370
 4683 620


