# Created by Octave 3.8.2, Sat Jun 20 20:32:55 2020 CEST <damian@fptrucha.inv.usc.es>
# name: hd
# type: matrix
# rows: 6
# columns: 2
 5371 -620
 7088 -372
 6936 -124
 6532 124
 5729 370
 4120 620


