# Created by Octave 3.8.2, Mon Jun 22 10:43:15 2020 CEST <damian@fptrucha.inv.usc.es>
# name: hd
# type: matrix
# rows: 6
# columns: 2
 4953 -620
 6252 -372
 6996 -124
 6644 124
 5951 370
 4476 620


