# Created by Octave 3.8.2, Sat Jun 20 12:55:08 2020 CEST <damian@fptrucha.inv.usc.es>
# name: hd
# type: matrix
# rows: 6
# columns: 2
 5924 -620
 7440 -372
 7875 -124
 7031 124
 5894 370
 4534 620


