# Created by Octave 3.8.2, Sat Jun 20 14:32:06 2020 CEST <damian@fptrucha.inv.usc.es>
# name: hd
# type: matrix
# rows: 6
# columns: 2
 5728 -620
 7399 -372
 7336 -124
 6907 124
 5887 370
 4385 620


