# Created by Octave 3.8.2, Mon Jun 22 22:28:17 2020 CEST <damian@fptrucha.inv.usc.es>
# name: hd
# type: matrix
# rows: 6
# columns: 2
 5466 -620
 7082 -372
 7611 -124
 7056 124
 6378 370
 4793 620


