# Created by Octave 3.8.2, Mon Jun 22 17:11:41 2020 CEST <damian@fptrucha.inv.usc.es>
# name: hd
# type: matrix
# rows: 6
# columns: 2
 5094 -620
 6691 -372
 7369 -124
 6851 124
 6072 370
 4717 620


