# Created by Octave 3.8.2, Mon Jun 22 03:09:45 2020 CEST <damian@fptrucha.inv.usc.es>
# name: hd
# type: matrix
# rows: 6
# columns: 2
 4835 -620
 5966 -372
 6561 -124
 6411 124
 5636 370
 4412 620


