# Created by Octave 3.8.2, Sat Jun 20 18:47:12 2020 CEST <damian@fptrucha.inv.usc.es>
# name: hd
# type: matrix
# rows: 6
# columns: 2
 3526 -620
 4574 -372
 4664 -124
 4388 124
 3575 370
 2706 620


