# Created by Octave 3.8.2, Mon Jun 22 15:50:50 2020 CEST <damian@fptrucha.inv.usc.es>
# name: hd
# type: matrix
# rows: 6
# columns: 2
 5321 -620
 6893 -372
 7526 -124
 6933 124
 6043 370
 4501 620


