# Created by Octave 3.8.2, Mon Jun 22 19:28:09 2020 CEST <damian@fptrucha.inv.usc.es>
# name: hd
# type: matrix
# rows: 6
# columns: 2
 5135 -620
 6834 -372
 7440 -124
 7079 124
 6197 370
 4632 620


