# Created by Octave 3.8.2, Sun Jun 21 04:34:10 2020 CEST <damian@fptrucha.inv.usc.es>
# name: hd
# type: matrix
# rows: 6
# columns: 2
 5291 -620
 6759 -372
 6769 -124
 6448 124
 5505 370
 4079 620


