# Created by Octave 3.8.2, Mon Jun 22 17:21:26 2020 CEST <damian@fptrucha.inv.usc.es>
# name: hd
# type: matrix
# rows: 6
# columns: 2
 5238 -620
 6727 -372
 7447 -124
 6992 124
 6122 370
 4634 620


