# Created by Octave 3.8.2, Sat Jun 20 19:43:23 2020 CEST <damian@fptrucha.inv.usc.es>
# name: hd
# type: matrix
# rows: 6
# columns: 2
 5427 -620
 6857 -372
 6827 -124
 6393 124
 5653 370
 4011 620


