# Created by Octave 3.8.2, Mon Jun 22 05:14:05 2020 CEST <damian@fptrucha.inv.usc.es>
# name: hd
# type: matrix
# rows: 6
# columns: 2
 4674 -620
 6098 -372
 6670 -124
 6249 124
 5610 370
 4134 620


