# Created by Octave 3.8.2, Mon Jun 22 07:17:19 2020 CEST <damian@fptrucha.inv.usc.es>
# name: hd
# type: matrix
# rows: 6
# columns: 2
 4727 -620
 6122 -372
 6752 -124
 6431 124
 5916 370
 4404 620


