# Created by Octave 3.8.2, Sat Jun 20 15:35:37 2020 CEST <damian@fptrucha.inv.usc.es>
# name: hd
# type: matrix
# rows: 6
# columns: 2
 5482 -620
 7058 -372
 7094 -124
 6757 124
 5668 370
 4263 620


