# Created by Octave 3.8.2, Mon Jun 22 17:07:10 2020 CEST <damian@fptrucha.inv.usc.es>
# name: hd
# type: matrix
# rows: 6
# columns: 2
 5143 -620
 6804 -372
 7358 -124
 6831 124
 6230 370
 4698 620


