# Created by Octave 3.8.2, Sat Jun 20 09:23:21 2020 CEST <damian@fptrucha.inv.usc.es>
# name: hd
# type: matrix
# rows: 6
# columns: 2
 6169 -620
 7918 -372
 8011 -124
 7572 124
 6272 370
 4768 620


