# Created by Octave 3.8.2, Sat Jun 20 17:01:01 2020 CEST <damian@fptrucha.inv.usc.es>
# name: hd
# type: matrix
# rows: 6
# columns: 2
 5308 -620
 6828 -372
 7097 -124
 6631 124
 5622 370
 4198 620


