# Created by Octave 3.8.2, Sun Jun 21 04:45:06 2020 CEST <damian@fptrucha.inv.usc.es>
# name: hd
# type: matrix
# rows: 6
# columns: 2
 5306 -620
 6879 -372
 7023 -124
 6323 124
 5461 370
 4174 620


