# Created by Octave 3.8.2, Sat Jun 20 14:54:40 2020 CEST <damian@fptrucha.inv.usc.es>
# name: hd
# type: matrix
# rows: 6
# columns: 2
 3683 -620
 4688 -372
 4892 -124
 4476 124
 3732 370
 2747 620


