# Created by Octave 3.8.2, Mon Jun 22 14:44:39 2020 CEST <damian@fptrucha.inv.usc.es>
# name: hd
# type: matrix
# rows: 6
# columns: 2
 5038 -620
 6433 -372
 7156 -124
 6782 124
 6017 370
 4510 620


