# Created by Octave 3.8.2, Mon Jun 22 17:45:24 2020 CEST <damian@fptrucha.inv.usc.es>
# name: hd
# type: matrix
# rows: 6
# columns: 2
 5081 -620
 6656 -372
 7422 -124
 7030 124
 6216 370
 4632 620


