# Created by Octave 3.8.2, Mon Jun 22 11:25:47 2020 CEST <damian@fptrucha.inv.usc.es>
# name: hd
# type: matrix
# rows: 6
# columns: 2
 4770 -620
 6412 -372
 6892 -124
 6634 124
 6016 370
 4418 620


