# Created by Octave 3.8.2, Mon Jun 22 01:51:31 2020 CEST <damian@fptrucha.inv.usc.es>
# name: hd
# type: matrix
# rows: 6
# columns: 2
 5539 -620
 6908 -372
 7203 -124
 6671 124
 5727 370
 4329 620


