# Created by Octave 3.8.2, Sat Jun 20 14:25:52 2020 CEST <damian@fptrucha.inv.usc.es>
# name: hd
# type: matrix
# rows: 6
# columns: 2
 5776 -620
 7260 -372
 7477 -124
 7002 124
 5890 370
 4385 620


