# Created by Octave 3.8.2, Sun Jun 21 02:36:47 2020 CEST <damian@fptrucha.inv.usc.es>
# name: hd
# type: matrix
# rows: 6
# columns: 2
 5130 -620
 6791 -372
 6762 -124
 6442 124
 5416 370
 4123 620


