# Created by Octave 3.8.2, Mon Jun 22 18:21:47 2020 CEST <damian@fptrucha.inv.usc.es>
# name: hd
# type: matrix
# rows: 6
# columns: 2
 5197 -620
 6765 -372
 7396 -124
 7017 124
 6229 370
 4789 620


