# Created by Octave 3.8.2, Sat Jun 20 18:10:16 2020 CEST <damian@fptrucha.inv.usc.es>
# name: hd
# type: matrix
# rows: 6
# columns: 2
 5457 -620
 6802 -372
 6979 -124
 6693 124
 5444 370
 4153 620


