# Created by Octave 3.8.2, Mon Jun 22 02:50:57 2020 CEST <damian@fptrucha.inv.usc.es>
# name: hd
# type: matrix
# rows: 6
# columns: 2
 4770 -620
 6009 -372
 6650 -124
 6260 124
 5731 370
 4186 620


