# Created by Octave 3.8.2, Mon Jun 22 14:11:06 2020 CEST <damian@fptrucha.inv.usc.es>
# name: hd
# type: matrix
# rows: 6
# columns: 2
 5018 -620
 6457 -372
 7226 -124
 6795 124
 6077 370
 4494 620


