# Created by Octave 3.8.2, Mon Jun 22 01:14:00 2020 CEST <damian@fptrucha.inv.usc.es>
# name: hd
# type: matrix
# rows: 6
# columns: 2
 3486 -620
 4636 -372
 4523 -124
 4306 124
 3607 370
 2597 620


