# Created by Octave 3.8.2, Mon Jun 22 04:06:47 2020 CEST <damian@fptrucha.inv.usc.es>
# name: hd
# type: matrix
# rows: 6
# columns: 2
 3149 -620
 3875 -372
 4350 -124
 4012 124
 3627 370
 2675 620


