# Created by Octave 3.8.2, Sat Jun 20 11:29:22 2020 CEST <damian@fptrucha.inv.usc.es>
# name: hd
# type: matrix
# rows: 6
# columns: 2
 5884 -620
 7751 -372
 7627 -124
 7249 124
 6078 370
 4403 620


