# Created by Octave 3.8.2, Mon Jun 22 02:33:08 2020 CEST <damian@fptrucha.inv.usc.es>
# name: hd
# type: matrix
# rows: 6
# columns: 2
 4723 -620
 5872 -372
 6498 -124
 6397 124
 5637 370
 4270 620


