# Created by Octave 3.8.2, Mon Jun 22 02:20:52 2020 CEST <damian@fptrucha.inv.usc.es>
# name: hd
# type: matrix
# rows: 6
# columns: 2
 5276 -620
 6509 -372
 7033 -124
 6376 124
 5694 370
 4266 620


