# Created by Octave 3.8.2, Sat Jun 20 08:42:22 2020 CEST <damian@fptrucha.inv.usc.es>
# name: hd
# type: matrix
# rows: 6
# columns: 2
 6222 -620
 8004 -372
 8050 -124
 7536 124
 6364 370
 4921 620


