# Created by Octave 3.8.2, Sat Jun 20 05:24:09 2020 CEST <damian@fptrucha.inv.usc.es>
# name: hd
# type: matrix
# rows: 6
# columns: 2
 5828 -620
 7596 -372
 7664 -124
 7256 124
 6114 370
 4837 620


