# Created by Octave 3.8.2, Sat Jun 20 09:04:42 2020 CEST <damian@fptrucha.inv.usc.es>
# name: hd
# type: matrix
# rows: 6
# columns: 2
 6121 -620
 7794 -372
 8028 -124
 7436 124
 6407 370
 4707 620


