# Created by Octave 3.8.2, Sat Jun 20 07:09:03 2020 CEST <damian@fptrucha.inv.usc.es>
# name: hd
# type: matrix
# rows: 6
# columns: 2
 5931 -620
 7667 -372
 7999 -124
 7508 124
 6268 370
 4973 620


