# Created by Octave 3.8.2, Sat Jun 20 06:01:03 2020 CEST <damian@fptrucha.inv.usc.es>
# name: hd
# type: matrix
# rows: 6
# columns: 2
 5844 -620
 7768 -372
 7885 -124
 7500 124
 6189 370
 4823 620


