# Created by Octave 3.8.2, Sat Jun 20 18:55:07 2020 CEST <damian@fptrucha.inv.usc.es>
# name: hd
# type: matrix
# rows: 6
# columns: 2
 5375 -620
 6825 -372
 7055 -124
 6625 124
 5532 370
 4073 620


