# Created by Octave 3.8.2, Sun Jun 21 07:47:00 2020 CEST <damian@fptrucha.inv.usc.es>
# name: hd
# type: matrix
# rows: 6
# columns: 2
 5378 -620
 7099 -372
 7279 -124
 6683 124
 5544 370
 4253 620


