# Created by Octave 3.8.2, Sat Jun 20 13:06:12 2020 CEST <damian@fptrucha.inv.usc.es>
# name: hd
# type: matrix
# rows: 6
# columns: 2
 5965 -620
 7457 -372
 7528 -124
 7006 124
 5824 370
 4393 620


