# Created by Octave 3.8.2, Sat Jun 20 05:40:42 2020 CEST <damian@fptrucha.inv.usc.es>
# name: hd
# type: matrix
# rows: 6
# columns: 2
 3922 -620
 5088 -372
 5090 -124
 4867 124
 4071 370
 3162 620


