# Created by Octave 3.8.2, Sat Jun 20 20:21:10 2020 CEST <damian@fptrucha.inv.usc.es>
# name: hd
# type: matrix
# rows: 6
# columns: 2
 5428 -620
 6979 -372
 7170 -124
 6568 124
 5467 370
 4110 620


