# Created by Octave 3.8.2, Mon Jun 22 03:13:34 2020 CEST <damian@fptrucha.inv.usc.es>
# name: hd
# type: matrix
# rows: 6
# columns: 2
 4850 -620
 6014 -372
 6641 -124
 6544 124
 5644 370
 4277 620


