# Created by Octave 3.8.2, Sun Jun 21 02:37:54 2020 CEST <damian@fptrucha.inv.usc.es>
# name: hd
# type: matrix
# rows: 6
# columns: 2
 5278 -620
 6605 -372
 6994 -124
 6367 124
 5325 370
 4046 620


