# Created by Octave 3.8.2, Mon Jun 22 07:35:05 2020 CEST <damian@fptrucha.inv.usc.es>
# name: hd
# type: matrix
# rows: 6
# columns: 2
 4876 -620
 6161 -372
 6834 -124
 6508 124
 5735 370
 4235 620


