# Created by Octave 3.8.2, Sun Jun 21 06:15:27 2020 CEST <damian@fptrucha.inv.usc.es>
# name: hd
# type: matrix
# rows: 6
# columns: 2
 5358 -620
 6652 -372
 6826 -124
 6381 124
 5428 370
 3981 620


