# Created by Octave 3.8.2, Sat Jun 20 10:07:33 2020 CEST <damian@fptrucha.inv.usc.es>
# name: hd
# type: matrix
# rows: 6
# columns: 2
 5975 -620
 7832 -372
 7877 -124
 7380 124
 6205 370
 4596 620


