# Created by Octave 3.8.2, Mon Jun 22 15:11:43 2020 CEST <damian@fptrucha.inv.usc.es>
# name: hd
# type: matrix
# rows: 6
# columns: 2
 5204 -620
 6653 -372
 7511 -124
 6928 124
 6136 370
 4552 620


