# Created by Octave 3.8.2, Sat Jun 20 04:35:11 2020 CEST <damian@fptrucha.inv.usc.es>
# name: hd
# type: matrix
# rows: 6
# columns: 2
 5876 -620
 7487 -372
 7668 -124
 7418 124
 6153 370
 4801 620


