# Created by Octave 3.8.2, Sat Jun 20 19:42:06 2020 CEST <damian@fptrucha.inv.usc.es>
# name: hd
# type: matrix
# rows: 6
# columns: 2
 5421 -620
 7036 -372
 7042 -124
 6508 124
 5470 370
 4126 620


