# Created by Octave 3.8.2, Mon Jun 22 14:35:22 2020 CEST <damian@fptrucha.inv.usc.es>
# name: hd
# type: matrix
# rows: 6
# columns: 2
 5003 -620
 6663 -372
 7262 -124
 6798 124
 6127 370
 4596 620


