# Created by Octave 3.8.2, Sat Jun 20 12:07:43 2020 CEST <damian@fptrucha.inv.usc.es>
# name: hd
# type: matrix
# rows: 6
# columns: 2
 5873 -620
 7617 -372
 7544 -124
 7157 124
 6040 370
 4475 620


