# Created by Octave 3.8.2, Mon Jun 22 13:36:25 2020 CEST <damian@fptrucha.inv.usc.es>
# name: hd
# type: matrix
# rows: 6
# columns: 2
 5052 -620
 6682 -372
 7154 -124
 6805 124
 5980 370
 4639 620


