# Created by Octave 3.8.2, Sat Jun 20 07:37:35 2020 CEST <damian@fptrucha.inv.usc.es>
# name: hd
# type: matrix
# rows: 6
# columns: 2
 5914 -620
 7743 -372
 7918 -124
 7442 124
 6323 370
 4827 620


