# Created by Octave 3.8.2, Mon Jun 22 18:48:48 2020 CEST <damian@fptrucha.inv.usc.es>
# name: hd
# type: matrix
# rows: 6
# columns: 2
 5147 -620
 6815 -372
 7418 -124
 6877 124
 6264 370
 4897 620


