# Created by Octave 3.8.2, Mon Jun 22 18:55:43 2020 CEST <damian@fptrucha.inv.usc.es>
# name: hd
# type: matrix
# rows: 6
# columns: 2
 5155 -620
 6826 -372
 7267 -124
 7021 124
 6262 370
 4860 620


