# Created by Octave 3.8.2, Sat Jun 20 03:29:19 2020 CEST <damian@fptrucha.inv.usc.es>
# name: hd
# type: matrix
# rows: 6
# columns: 2
 5709 -620
 7475 -372
 7715 -124
 7290 124
 6121 370
 4748 620


