# Created by Octave 3.8.2, Mon Jun 22 03:24:46 2020 CEST <damian@fptrucha.inv.usc.es>
# name: hd
# type: matrix
# rows: 6
# columns: 2
 4810 -620
 5898 -372
 6521 -124
 6501 124
 5650 370
 4299 620


