# Created by Octave 3.8.2, Mon Jun 22 14:02:31 2020 CEST <damian@fptrucha.inv.usc.es>
# name: hd
# type: matrix
# rows: 6
# columns: 2
 3325 -620
 4411 -372
 4718 -124
 4367 124
 4041 370
 2935 620


