# Created by Octave 3.8.2, Mon Jun 22 09:44:20 2020 CEST <damian@fptrucha.inv.usc.es>
# name: hd
# type: matrix
# rows: 6
# columns: 2
 4722 -620
 6324 -372
 6985 -124
 6729 124
 5927 370
 4508 620


