# Created by Octave 3.8.2, Mon Jun 22 03:42:38 2020 CEST <damian@fptrucha.inv.usc.es>
# name: hd
# type: matrix
# rows: 6
# columns: 2
 4774 -620
 6064 -372
 6568 -124
 6221 124
 5762 370
 4277 620


