# Created by Octave 3.8.2, Sun Jun 21 04:10:03 2020 CEST <damian@fptrucha.inv.usc.es>
# name: hd
# type: matrix
# rows: 6
# columns: 2
 5241 -620
 6688 -372
 6976 -124
 6401 124
 5521 370
 4079 620


