# Created by Octave 3.8.2, Mon Jun 22 00:59:49 2020 CEST <damian@fptrucha.inv.usc.es>
# name: hd
# type: matrix
# rows: 6
# columns: 2
 5526 -620
 7284 -372
 7518 -124
 6825 124
 5546 370
 4170 620


