# Created by Octave 3.8.2, Sat Jun 20 22:35:47 2020 CEST <damian@fptrucha.inv.usc.es>
# name: hd
# type: matrix
# rows: 6
# columns: 2
 3497 -620
 4515 -372
 4524 -124
 4258 124
 3651 370
 2609 620


