# Created by Octave 3.8.2, Mon Jun 22 11:15:10 2020 CEST <damian@fptrucha.inv.usc.es>
# name: hd
# type: matrix
# rows: 6
# columns: 2
 4903 -620
 6317 -372
 7064 -124
 6807 124
 5845 370
 4480 620


