# Created by Octave 3.8.2, Mon Jun 22 03:32:24 2020 CEST <damian@fptrucha.inv.usc.es>
# name: hd
# type: matrix
# rows: 6
# columns: 2
 4634 -620
 6005 -372
 6547 -124
 6277 124
 5739 370
 4233 620


