# Created by Octave 3.8.2, Mon Jun 22 14:27:50 2020 CEST <damian@fptrucha.inv.usc.es>
# name: hd
# type: matrix
# rows: 6
# columns: 2
 4988 -620
 6431 -372
 7147 -124
 6697 124
 6140 370
 4617 620


