# Created by Octave 3.8.2, Mon Jun 22 08:11:13 2020 CEST <damian@fptrucha.inv.usc.es>
# name: hd
# type: matrix
# rows: 6
# columns: 2
 4700 -620
 6242 -372
 6721 -124
 6577 124
 5930 370
 4406 620


