# Created by Octave 3.8.2, Sat Jun 20 20:07:24 2020 CEST <damian@fptrucha.inv.usc.es>
# name: hd
# type: matrix
# rows: 6
# columns: 2
 5287 -620
 6974 -372
 6933 -124
 6446 124
 5416 370
 4114 620


