# Created by Octave 3.8.2, Sat Jun 20 20:11:21 2020 CEST <damian@fptrucha.inv.usc.es>
# name: hd
# type: matrix
# rows: 6
# columns: 2
 5333 -620
 6976 -372
 7017 -124
 6586 124
 5553 370
 4307 620


