# Created by Octave 3.8.2, Sat Jun 20 13:41:41 2020 CEST <damian@fptrucha.inv.usc.es>
# name: hd
# type: matrix
# rows: 6
# columns: 2
 5754 -620
 7365 -372
 7306 -124
 7034 124
 5814 370
 4343 620


