# Created by Octave 3.8.2, Mon Jun 22 01:28:06 2020 CEST <damian@fptrucha.inv.usc.es>
# name: hd
# type: matrix
# rows: 6
# columns: 2
 5407 -620
 7030 -372
 7049 -124
 6520 124
 5542 370
 4077 620


