# Created by Octave 3.8.2, Sat Jun 20 11:12:45 2020 CEST <damian@fptrucha.inv.usc.es>
# name: hd
# type: matrix
# rows: 6
# columns: 2
 6131 -620
 7734 -372
 7829 -124
 7458 124
 6146 370
 4474 620


