# Created by Octave 3.8.2, Sat Jun 20 18:38:33 2020 CEST <damian@fptrucha.inv.usc.es>
# name: hd
# type: matrix
# rows: 6
# columns: 2
 5297 -620
 6907 -372
 6978 -124
 6609 124
 5514 370
 3989 620


