# Created by Octave 3.8.2, Sun Jun 21 07:04:01 2020 CEST <damian@fptrucha.inv.usc.es>
# name: hd
# type: matrix
# rows: 6
# columns: 2
 5524 -620
 6983 -372
 7026 -124
 6773 124
 5537 370
 4054 620


