# Created by Octave 3.8.2, Mon Jun 22 03:53:46 2020 CEST <damian@fptrucha.inv.usc.es>
# name: hd
# type: matrix
# rows: 6
# columns: 2
 4848 -620
 5853 -372
 6663 -124
 6200 124
 5548 370
 4155 620


