# Created by Octave 3.8.2, Sat Jun 20 18:33:24 2020 CEST <damian@fptrucha.inv.usc.es>
# name: hd
# type: matrix
# rows: 6
# columns: 2
 5406 -620
 6836 -372
 6929 -124
 6577 124
 5513 370
 4002 620


