# Created by Octave 3.8.2, Sat Jun 20 07:27:24 2020 CEST <damian@fptrucha.inv.usc.es>
# name: hd
# type: matrix
# rows: 6
# columns: 2
 6002 -620
 7689 -372
 8083 -124
 7746 124
 6491 370
 4819 620


