# Created by Octave 3.8.2, Mon Jun 22 21:29:11 2020 CEST <damian@fptrucha.inv.usc.es>
# name: hd
# type: matrix
# rows: 6
# columns: 2
 5445 -620
 7083 -372
 7591 -124
 7158 124
 6282 370
 4862 620


