# Created by Octave 3.8.2, Sun Jun 21 01:53:44 2020 CEST <damian@fptrucha.inv.usc.es>
# name: hd
# type: matrix
# rows: 6
# columns: 2
 5300 -620
 6645 -372
 6882 -124
 6369 124
 5459 370
 4132 620


