# Created by Octave 3.8.2, Mon Jun 22 04:03:19 2020 CEST <damian@fptrucha.inv.usc.es>
# name: hd
# type: matrix
# rows: 6
# columns: 2
 4773 -620
 6030 -372
 6733 -124
 6275 124
 5546 370
 4252 620


