# Created by Octave 3.8.2, Mon Jun 22 07:21:19 2020 CEST <damian@fptrucha.inv.usc.es>
# name: hd
# type: matrix
# rows: 6
# columns: 2
 4759 -620
 6058 -372
 6764 -124
 6507 124
 5756 370
 4528 620


