# Created by Octave 3.8.2, Sat Jun 20 11:45:43 2020 CEST <damian@fptrucha.inv.usc.es>
# name: hd
# type: matrix
# rows: 6
# columns: 2
 5927 -620
 7467 -372
 7803 -124
 7082 124
 5976 370
 4533 620


