# Created by Octave 3.8.2, Sat Jun 20 02:49:45 2020 CEST <damian@fptrucha.inv.usc.es>
# name: hd
# type: matrix
# rows: 6
# columns: 2
 5629 -620
 7342 -372
 7568 -124
 7223 124
 6167 370
 4654 620


