# Created by Octave 3.8.2, Sat Jun 20 12:09:05 2020 CEST <damian@fptrucha.inv.usc.es>
# name: hd
# type: matrix
# rows: 6
# columns: 2
 5984 -620
 7534 -372
 7667 -124
 7163 124
 5963 370
 4468 620


