# Created by Octave 3.8.2, Sun Jun 21 04:20:03 2020 CEST <damian@fptrucha.inv.usc.es>
# name: hd
# type: matrix
# rows: 6
# columns: 2
 5349 -620
 6591 -372
 6808 -124
 6502 124
 5362 370
 4060 620


