# Created by Octave 3.8.2, Mon Jun 22 04:09:33 2020 CEST <damian@fptrucha.inv.usc.es>
# name: hd
# type: matrix
# rows: 6
# columns: 2
 4531 -620
 5953 -372
 6596 -124
 6260 124
 5491 370
 4079 620


