# Created by Octave 3.8.2, Mon Jun 22 04:07:41 2020 CEST <damian@fptrucha.inv.usc.es>
# name: hd
# type: matrix
# rows: 6
# columns: 2
 4798 -620
 5972 -372
 6536 -124
 6143 124
 5542 370
 4068 620


