# Created by Octave 3.8.2, Mon Jun 22 00:29:05 2020 CEST <damian@fptrucha.inv.usc.es>
# name: hd
# type: matrix
# rows: 6
# columns: 2
 5422 -620
 7146 -372
 7250 -124
 6658 124
 5587 370
 4204 620


