# Created by Octave 3.8.2, Mon Jun 22 14:03:34 2020 CEST <damian@fptrucha.inv.usc.es>
# name: hd
# type: matrix
# rows: 6
# columns: 2
 4978 -620
 6633 -372
 7300 -124
 6916 124
 6080 370
 4568 620


