# Created by Octave 3.8.2, Sat Jun 20 08:16:15 2020 CEST <damian@fptrucha.inv.usc.es>
# name: hd
# type: matrix
# rows: 6
# columns: 2
 5902 -620
 7837 -372
 8007 -124
 7722 124
 6355 370
 5064 620


