# Created by Octave 3.8.2, Mon Jun 22 05:12:29 2020 CEST <damian@fptrucha.inv.usc.es>
# name: hd
# type: matrix
# rows: 6
# columns: 2
 4616 -620
 5851 -372
 6532 -124
 6221 124
 5529 370
 4238 620


