# Created by Octave 3.8.2, Mon Jun 22 07:47:23 2020 CEST <damian@fptrucha.inv.usc.es>
# name: hd
# type: matrix
# rows: 6
# columns: 2
 4699 -620
 6107 -372
 6778 -124
 6544 124
 5790 370
 4248 620


