# Created by Octave 3.8.2, Mon Jun 22 09:22:56 2020 CEST <damian@fptrucha.inv.usc.es>
# name: hd
# type: matrix
# rows: 6
# columns: 2
 4674 -620
 6292 -372
 6892 -124
 6497 124
 5829 370
 4477 620


