# Created by Octave 3.8.2, Mon Jun 22 05:50:27 2020 CEST <damian@fptrucha.inv.usc.es>
# name: hd
# type: matrix
# rows: 6
# columns: 2
 4521 -620
 5918 -372
 6571 -124
 6409 124
 5772 370
 4297 620


