# Created by Octave 3.8.2, Mon Jun 22 16:20:03 2020 CEST <damian@fptrucha.inv.usc.es>
# name: hd
# type: matrix
# rows: 6
# columns: 2
 5277 -620
 6725 -372
 7289 -124
 6930 124
 6121 370
 4576 620


