# Created by Octave 3.8.2, Mon Jun 22 07:33:03 2020 CEST <damian@fptrucha.inv.usc.es>
# name: hd
# type: matrix
# rows: 6
# columns: 2
 2999 -620
 4054 -372
 4349 -124
 4278 124
 3882 370
 2901 620


