# Created by Octave 3.8.2, Sat Jun 20 05:27:00 2020 CEST <damian@fptrucha.inv.usc.es>
# name: hd
# type: matrix
# rows: 6
# columns: 2
 5716 -620
 7557 -372
 7827 -124
 7402 124
 6040 370
 4747 620


