# Created by Octave 3.8.2, Sun Jun 21 01:31:16 2020 CEST <damian@fptrucha.inv.usc.es>
# name: hd
# type: matrix
# rows: 6
# columns: 2
 5214 -620
 6739 -372
 6905 -124
 6277 124
 5356 370
 4013 620


