# Created by Octave 3.8.2, Mon Jun 22 17:03:50 2020 CEST <damian@fptrucha.inv.usc.es>
# name: hd
# type: matrix
# rows: 6
# columns: 2
 5007 -620
 6794 -372
 7360 -124
 6870 124
 6141 370
 4665 620


