# Created by Octave 3.8.2, Sat Jun 20 19:23:10 2020 CEST <damian@fptrucha.inv.usc.es>
# name: hd
# type: matrix
# rows: 6
# columns: 2
 5428 -620
 7031 -372
 7223 -124
 6507 124
 5445 370
 4089 620


