# Created by Octave 3.8.2, Sun Jun 21 05:38:14 2020 CEST <damian@fptrucha.inv.usc.es>
# name: hd
# type: matrix
# rows: 6
# columns: 2
 5395 -620
 6877 -372
 6908 -124
 6483 124
 5482 370
 4146 620


