# Created by Octave 3.8.2, Sun Jun 21 08:17:35 2020 CEST <damian@fptrucha.inv.usc.es>
# name: hd
# type: matrix
# rows: 6
# columns: 2
 5339 -620
 6670 -372
 6906 -124
 6347 124
 5385 370
 3915 620


