# Created by Octave 3.8.2, Mon Jun 22 23:00:19 2020 CEST <damian@fptrucha.inv.usc.es>
# name: hd
# type: matrix
# rows: 6
# columns: 2
 5557 -620
 7203 -372
 7568 -124
 7218 124
 6368 370
 4970 620


