# Created by Octave 3.8.2, Mon Jun 22 15:06:16 2020 CEST <damian@fptrucha.inv.usc.es>
# name: hd
# type: matrix
# rows: 6
# columns: 2
 5158 -620
 6762 -372
 7364 -124
 7079 124
 6107 370
 4570 620


