# Created by Octave 3.8.2, Sat Jun 20 09:14:26 2020 CEST <damian@fptrucha.inv.usc.es>
# name: hd
# type: matrix
# rows: 6
# columns: 2
 6245 -620
 7980 -372
 8106 -124
 7668 124
 6305 370
 4800 620


