# Created by Octave 3.8.2, Tue Jun 23 00:20:43 2020 CEST <damian@fptrucha.inv.usc.es>
# name: hd
# type: matrix
# rows: 6
# columns: 2
 5396 -620
 7113 -372
 7594 -124
 7084 124
 6303 370
 4918 620


