# Created by Octave 3.8.2, Mon Jun 22 16:51:54 2020 CEST <damian@fptrucha.inv.usc.es>
# name: hd
# type: matrix
# rows: 6
# columns: 2
 5184 -620
 6770 -372
 7380 -124
 6829 124
 6131 370
 4592 620


