# Created by Octave 3.8.2, Sat Jun 20 20:19:53 2020 CEST <damian@fptrucha.inv.usc.es>
# name: hd
# type: matrix
# rows: 6
# columns: 2
 5473 -620
 6990 -372
 7013 -124
 6557 124
 5731 370
 4191 620


