# Created by Octave 3.8.2, Sat Jun 20 11:01:17 2020 CEST <damian@fptrucha.inv.usc.es>
# name: hd
# type: matrix
# rows: 6
# columns: 2
 6032 -620
 7696 -372
 7742 -124
 7454 124
 6259 370
 4592 620


