# Created by Octave 3.8.2, Mon Jun 22 21:16:40 2020 CEST <damian@fptrucha.inv.usc.es>
# name: hd
# type: matrix
# rows: 6
# columns: 2
 5171 -620
 7015 -372
 7542 -124
 7173 124
 6391 370
 4613 620


