# Created by Octave 3.8.2, Sat Jun 20 09:11:33 2020 CEST <damian@fptrucha.inv.usc.es>
# name: hd
# type: matrix
# rows: 6
# columns: 2
 6169 -620
 7982 -372
 8104 -124
 7770 124
 6423 370
 4857 620


