# Created by Octave 3.8.2, Mon Jun 22 13:52:13 2020 CEST <damian@fptrucha.inv.usc.es>
# name: hd
# type: matrix
# rows: 6
# columns: 2
 5002 -620
 6581 -372
 7048 -124
 6750 124
 6045 370
 4632 620


