# Created by Octave 3.8.2, Sat Jun 20 23:37:50 2020 CEST <damian@fptrucha.inv.usc.es>
# name: hd
# type: matrix
# rows: 6
# columns: 2
 5505 -620
 6832 -372
 6954 -124
 6449 124
 5390 370
 4013 620


