# Created by Octave 3.8.2, Sat Jun 20 13:45:18 2020 CEST <damian@fptrucha.inv.usc.es>
# name: hd
# type: matrix
# rows: 6
# columns: 2
 5785 -620
 7293 -372
 7464 -124
 7034 124
 5959 370
 4343 620


