# Created by Octave 3.8.2, Sun Jun 21 07:01:35 2020 CEST <damian@fptrucha.inv.usc.es>
# name: hd
# type: matrix
# rows: 6
# columns: 2
 5372 -620
 6870 -372
 7107 -124
 6410 124
 5494 370
 4095 620


