# Created by Octave 3.8.2, Sun Jun 21 01:52:39 2020 CEST <damian@fptrucha.inv.usc.es>
# name: hd
# type: matrix
# rows: 6
# columns: 2
 5301 -620
 6753 -372
 6813 -124
 6384 124
 5391 370
 4063 620


