# Created by Octave 3.8.2, Mon Jun 22 18:18:22 2020 CEST <damian@fptrucha.inv.usc.es>
# name: hd
# type: matrix
# rows: 6
# columns: 2
 5110 -620
 6876 -372
 7469 -124
 7033 124
 6107 370
 4656 620


