# Created by Octave 3.8.2, Sun Jun 21 02:15:09 2020 CEST <damian@fptrucha.inv.usc.es>
# name: hd
# type: matrix
# rows: 6
# columns: 2
 5105 -620
 6793 -372
 6758 -124
 6438 124
 5382 370
 4094 620


