# Created by Octave 3.8.2, Mon Jun 22 23:03:57 2020 CEST <damian@fptrucha.inv.usc.es>
# name: hd
# type: matrix
# rows: 6
# columns: 2
 5434 -620
 7193 -372
 7738 -124
 7063 124
 6371 370
 4715 620


