# Created by Octave 3.8.2, Mon Jun 22 16:07:08 2020 CEST <damian@fptrucha.inv.usc.es>
# name: hd
# type: matrix
# rows: 6
# columns: 2
 5327 -620
 6898 -372
 7295 -124
 6938 124
 6044 370
 4590 620


