# Created by Octave 3.8.2, Mon Jun 22 23:57:25 2020 CEST <damian@fptrucha.inv.usc.es>
# name: hd
# type: matrix
# rows: 6
# columns: 2
 5469 -620
 7086 -372
 7637 -124
 7241 124
 6227 370
 4919 620


