# Created by Octave 3.8.2, Sun Jun 21 03:15:06 2020 CEST <damian@fptrucha.inv.usc.es>
# name: hd
# type: matrix
# rows: 6
# columns: 2
 5200 -620
 6602 -372
 6795 -124
 6340 124
 5337 370
 4134 620


