# Created by Octave 3.8.2, Mon Jun 22 02:26:46 2020 CEST <damian@fptrucha.inv.usc.es>
# name: hd
# type: matrix
# rows: 6
# columns: 2
 1216 -620
 1374 -372
 1084 -124
 372 124
 145 370
 82 620


