# Created by Octave 3.8.2, Sat Jun 20 17:20:17 2020 CEST <damian@fptrucha.inv.usc.es>
# name: hd
# type: matrix
# rows: 6
# columns: 2
 5491 -620
 7107 -372
 7153 -124
 6475 124
 5668 370
 4123 620


