# Created by Octave 3.8.2, Sun Jun 21 00:12:40 2020 CEST <damian@fptrucha.inv.usc.es>
# name: hd
# type: matrix
# rows: 6
# columns: 2
 5367 -620
 6686 -372
 6800 -124
 6265 124
 5352 370
 4054 620


