# Created by Octave 3.8.2, Mon Jun 22 16:34:30 2020 CEST <damian@fptrucha.inv.usc.es>
# name: hd
# type: matrix
# rows: 6
# columns: 2
 5231 -620
 6725 -372
 7368 -124
 6743 124
 5935 370
 4603 620


