# Created by Octave 3.8.2, Sat Jun 20 11:08:28 2020 CEST <damian@fptrucha.inv.usc.es>
# name: hd
# type: matrix
# rows: 6
# columns: 2
 6014 -620
 7728 -372
 7772 -124
 7231 124
 5954 370
 4436 620


