# Created by Octave 3.8.2, Sat Jun 20 22:23:09 2020 CEST <damian@fptrucha.inv.usc.es>
# name: hd
# type: matrix
# rows: 6
# columns: 2
 5303 -620
 6744 -372
 7006 -124
 6429 124
 5460 370
 4039 620


