# Created by Octave 3.8.2, Tue Jun 23 00:46:08 2020 CEST <damian@fptrucha.inv.usc.es>
# name: hd
# type: matrix
# rows: 6
# columns: 2
 5472 -620
 7097 -372
 7654 -124
 7053 124
 6231 370
 4794 620


