# Created by Octave 3.8.2, Mon Jun 22 13:56:29 2020 CEST <damian@fptrucha.inv.usc.es>
# name: hd
# type: matrix
# rows: 6
# columns: 2
 4979 -620
 6616 -372
 7060 -124
 6946 124
 6056 370
 4515 620


