# Created by Octave 3.8.2, Sun Jun 21 02:29:09 2020 CEST <damian@fptrucha.inv.usc.es>
# name: hd
# type: matrix
# rows: 6
# columns: 2
 5262 -620
 6851 -372
 7030 -124
 6486 124
 5699 370
 4140 620


