# Created by Octave 3.8.2, Sat Jun 20 21:51:04 2020 CEST <damian@fptrucha.inv.usc.es>
# name: hd
# type: matrix
# rows: 6
# columns: 2
 5347 -620
 6782 -372
 7022 -124
 6477 124
 5406 370
 4017 620


