# Created by Octave 3.8.2, Sat Jun 20 02:20:36 2020 CEST <damian@fptrucha.inv.usc.es>
# name: hd
# type: matrix
# rows: 6
# columns: 2
 5403 -620
 7255 -372
 7598 -124
 7188 124
 6005 370
 4707 620


