# Created by Octave 3.8.2, Tue Jun 23 00:46:42 2020 CEST <damian@fptrucha.inv.usc.es>
# name: hd
# type: matrix
# rows: 6
# columns: 2
 2590 -620
 3543 -372
 3679 -124
 3391 124
 3027 370
 2342 620


