# Created by Octave 3.8.2, Sat Jun 20 10:04:40 2020 CEST <damian@fptrucha.inv.usc.es>
# name: hd
# type: matrix
# rows: 6
# columns: 2
 6154 -620
 7709 -372
 8072 -124
 7401 124
 6220 370
 4595 620


