# Created by Octave 3.8.2, Sun Jun 21 08:12:02 2020 CEST <damian@fptrucha.inv.usc.es>
# name: hd
# type: matrix
# rows: 6
# columns: 2
 5340 -620
 6799 -372
 6858 -124
 6462 124
 5445 370
 4100 620


