# Created by Octave 3.8.2, Sun Jun 21 00:08:45 2020 CEST <damian@fptrucha.inv.usc.es>
# name: hd
# type: matrix
# rows: 6
# columns: 2
 5257 -620
 6695 -372
 6964 -124
 6445 124
 5438 370
 3933 620


