# Created by Octave 3.8.2, Sun Jun 21 08:01:23 2020 CEST <damian@fptrucha.inv.usc.es>
# name: hd
# type: matrix
# rows: 6
# columns: 2
 5325 -620
 7117 -372
 7161 -124
 6858 124
 5580 370
 4134 620


