# Created by Octave 3.8.2, Sat Jun 20 18:19:30 2020 CEST <damian@fptrucha.inv.usc.es>
# name: hd
# type: matrix
# rows: 6
# columns: 2
 5441 -620
 6937 -372
 7074 -124
 6631 124
 5602 370
 4231 620


