# Created by Octave 3.8.2, Sat Jun 20 05:31:15 2020 CEST <damian@fptrucha.inv.usc.es>
# name: hd
# type: matrix
# rows: 6
# columns: 2
 5870 -620
 7553 -372
 7793 -124
 7373 124
 6208 370
 4857 620


