# Created by Octave 3.8.2, Mon Jun 22 02:44:13 2020 CEST <damian@fptrucha.inv.usc.es>
# name: hd
# type: matrix
# rows: 6
# columns: 2
 4695 -620
 5911 -372
 6612 -124
 6222 124
 5674 370
 4304 620


