# Created by Octave 3.8.2, Mon Jun 22 12:30:13 2020 CEST <damian@fptrucha.inv.usc.es>
# name: hd
# type: matrix
# rows: 6
# columns: 2
 5048 -620
 6622 -372
 7144 -124
 6689 124
 6093 370
 4436 620


