# Created by Octave 3.8.2, Sun Jun 21 01:41:01 2020 CEST <damian@fptrucha.inv.usc.es>
# name: hd
# type: matrix
# rows: 6
# columns: 2
 5165 -620
 6775 -372
 6815 -124
 6420 124
 5270 370
 3984 620


