# Created by Octave 3.8.2, Sun Jun 21 04:46:13 2020 CEST <damian@fptrucha.inv.usc.es>
# name: hd
# type: matrix
# rows: 6
# columns: 2
 5311 -620
 6879 -372
 7131 -124
 6399 124
 5661 370
 4120 620


