# Created by Octave 3.8.2, Sat Jun 20 16:39:17 2020 CEST <damian@fptrucha.inv.usc.es>
# name: hd
# type: matrix
# rows: 6
# columns: 2
 5529 -620
 7123 -372
 7138 -124
 6636 124
 5529 370
 4183 620


