# Created by Octave 3.8.2, Sat Jun 20 09:35:56 2020 CEST <damian@fptrucha.inv.usc.es>
# name: hd
# type: matrix
# rows: 6
# columns: 2
 5937 -620
 7883 -372
 8042 -124
 7303 124
 6344 370
 4666 620


