# Created by Octave 3.8.2, Sun Jun 21 08:03:44 2020 CEST <damian@fptrucha.inv.usc.es>
# name: hd
# type: matrix
# rows: 6
# columns: 2
 5479 -620
 7072 -372
 7170 -124
 6686 124
 5627 370
 4165 620


