# Created by Octave 3.8.2, Sun Jun 21 06:09:52 2020 CEST <damian@fptrucha.inv.usc.es>
# name: hd
# type: matrix
# rows: 6
# columns: 2
 5316 -620
 6934 -372
 6918 -124
 6442 124
 5412 370
 4076 620


