# Created by Octave 3.8.2, Mon Jun 22 15:40:51 2020 CEST <damian@fptrucha.inv.usc.es>
# name: hd
# type: matrix
# rows: 6
# columns: 2
 5249 -620
 6782 -372
 7373 -124
 6793 124
 6056 370
 4524 620


