# Created by Octave 3.8.2, Sat Jun 20 11:42:58 2020 CEST <damian@fptrucha.inv.usc.es>
# name: hd
# type: matrix
# rows: 6
# columns: 2
 5835 -620
 7512 -372
 7787 -124
 7271 124
 6019 370
 4452 620


