# Created by Octave 3.8.2, Sat Jun 20 22:15:21 2020 CEST <damian@fptrucha.inv.usc.es>
# name: hd
# type: matrix
# rows: 6
# columns: 2
 5546 -620
 6840 -372
 6913 -124
 6512 124
 5434 370
 4118 620


