# Created by Octave 3.8.2, Mon Jun 22 19:13:33 2020 CEST <damian@fptrucha.inv.usc.es>
# name: hd
# type: matrix
# rows: 6
# columns: 2
 5183 -620
 6783 -372
 7450 -124
 6917 124
 6446 370
 4803 620


