# Created by Octave 3.8.2, Mon Jun 22 17:47:38 2020 CEST <damian@fptrucha.inv.usc.es>
# name: hd
# type: matrix
# rows: 6
# columns: 2
 5147 -620
 6869 -372
 7335 -124
 6969 124
 5978 370
 4793 620


