# Created by Octave 3.8.2, Mon Jun 22 20:17:46 2020 CEST <damian@fptrucha.inv.usc.es>
# name: hd
# type: matrix
# rows: 6
# columns: 2
 3548 -620
 4514 -372
 4884 -124
 4647 124
 4122 370
 3130 620


