# Created by Octave 3.8.2, Mon Jun 22 15:21:24 2020 CEST <damian@fptrucha.inv.usc.es>
# name: hd
# type: matrix
# rows: 6
# columns: 2
 5262 -620
 6739 -372
 7562 -124
 6955 124
 6053 370
 4489 620


