# Created by Octave 3.8.2, Sat Jun 20 06:36:16 2020 CEST <damian@fptrucha.inv.usc.es>
# name: hd
# type: matrix
# rows: 6
# columns: 2
 5940 -620
 7700 -372
 7913 -124
 7589 124
 6286 370
 4810 620


