# Created by Octave 3.8.2, Sat Jun 20 15:41:06 2020 CEST <damian@fptrucha.inv.usc.es>
# name: hd
# type: matrix
# rows: 6
# columns: 2
 5700 -620
 7017 -372
 7134 -124
 6777 124
 5692 370
 4161 620


