# Created by Octave 3.8.2, Mon Jun 22 15:07:21 2020 CEST <damian@fptrucha.inv.usc.es>
# name: hd
# type: matrix
# rows: 6
# columns: 2
 5221 -620
 6762 -372
 7317 -124
 7050 124
 6025 370
 4509 620


