# Created by Octave 3.8.2, Sat Jun 20 22:55:14 2020 CEST <damian@fptrucha.inv.usc.es>
# name: hd
# type: matrix
# rows: 6
# columns: 2
 5402 -620
 6636 -372
 6969 -124
 6477 124
 5453 370
 3975 620


