# Created by Octave 3.8.2, Mon Jun 22 16:41:49 2020 CEST <damian@fptrucha.inv.usc.es>
# name: hd
# type: matrix
# rows: 6
# columns: 2
 5209 -620
 6714 -372
 7279 -124
 6966 124
 6160 370
 4614 620


