# Created by Octave 3.8.2, Mon Jun 22 21:57:06 2020 CEST <damian@fptrucha.inv.usc.es>
# name: hd
# type: matrix
# rows: 6
# columns: 2
 5389 -620
 7016 -372
 7557 -124
 7050 124
 6379 370
 4869 620


