# Created by Octave 3.8.2, Mon Jun 22 17:31:37 2020 CEST <damian@fptrucha.inv.usc.es>
# name: hd
# type: matrix
# rows: 6
# columns: 2
 5093 -620
 6844 -372
 7374 -124
 6980 124
 6118 370
 4648 620


