# Created by Octave 3.8.2, Sat Jun 20 15:53:57 2020 CEST <damian@fptrucha.inv.usc.es>
# name: hd
# type: matrix
# rows: 6
# columns: 2
 5664 -620
 6933 -372
 7282 -124
 6654 124
 5585 370
 4312 620


