# Created by Octave 3.8.2, Mon Jun 22 19:20:04 2020 CEST <damian@fptrucha.inv.usc.es>
# name: hd
# type: matrix
# rows: 6
# columns: 2
 5181 -620
 6776 -372
 7386 -124
 6942 124
 6217 370
 4798 620


