# Created by Octave 3.8.2, Mon Jun 22 16:46:19 2020 CEST <damian@fptrucha.inv.usc.es>
# name: hd
# type: matrix
# rows: 6
# columns: 2
 5061 -620
 6590 -372
 7403 -124
 6862 124
 6083 370
 4626 620


