# Created by Octave 3.8.2, Sat Jun 20 23:07:58 2020 CEST <damian@fptrucha.inv.usc.es>
# name: hd
# type: matrix
# rows: 6
# columns: 2
 5296 -620
 6686 -372
 7021 -124
 6286 124
 5441 370
 4084 620


