# Created by Octave 3.8.2, Mon Jun 22 07:56:06 2020 CEST <damian@fptrucha.inv.usc.es>
# name: hd
# type: matrix
# rows: 6
# columns: 2
 4647 -620
 6173 -372
 6805 -124
 6397 124
 5761 370
 4366 620


