# Created by Octave 3.8.2, Sat Jun 20 14:33:28 2020 CEST <damian@fptrucha.inv.usc.es>
# name: hd
# type: matrix
# rows: 6
# columns: 2
 5757 -620
 7190 -372
 7359 -124
 6859 124
 5810 370
 4333 620


