# Created by Octave 3.8.2, Sat Jun 20 07:46:29 2020 CEST <damian@fptrucha.inv.usc.es>
# name: hd
# type: matrix
# rows: 6
# columns: 2
 6090 -620
 7774 -372
 8010 -124
 7634 124
 6512 370
 4863 620


