# Created by Octave 3.8.2, Sat Jun 20 20:30:17 2020 CEST <damian@fptrucha.inv.usc.es>
# name: hd
# type: matrix
# rows: 6
# columns: 2
 5270 -620
 6970 -372
 7055 -124
 6659 124
 5659 370
 4044 620


