# Created by Octave 3.8.2, Mon Jun 22 20:30:38 2020 CEST <damian@fptrucha.inv.usc.es>
# name: hd
# type: matrix
# rows: 6
# columns: 2
 5202 -620
 6931 -372
 7489 -124
 6986 124
 6320 370
 4770 620


