# Created by Octave 3.8.2, Mon Jun 22 10:33:01 2020 CEST <damian@fptrucha.inv.usc.es>
# name: hd
# type: matrix
# rows: 6
# columns: 2
 5011 -620
 6469 -372
 6887 -124
 6643 124
 5889 370
 4269 620


