# Created by Octave 3.8.2, Mon Jun 22 09:33:21 2020 CEST <damian@fptrucha.inv.usc.es>
# name: hd
# type: matrix
# rows: 6
# columns: 2
 4693 -620
 6375 -372
 6878 -124
 6486 124
 5777 370
 4470 620


