# Created by Octave 3.8.2, Sat Jun 20 04:33:44 2020 CEST <damian@fptrucha.inv.usc.es>
# name: hd
# type: matrix
# rows: 6
# columns: 2
 5833 -620
 7589 -372
 7709 -124
 7399 124
 6161 370
 4734 620


