# Created by Octave 3.8.2, Sat Jun 20 18:45:04 2020 CEST <damian@fptrucha.inv.usc.es>
# name: hd
# type: matrix
# rows: 6
# columns: 2
 5370 -620
 6831 -372
 7140 -124
 6567 124
 5506 370
 4210 620


