# Created by Octave 3.8.2, Sat Jun 20 18:15:38 2020 CEST <damian@fptrucha.inv.usc.es>
# name: hd
# type: matrix
# rows: 6
# columns: 2
 5476 -620
 6796 -372
 7029 -124
 6596 124
 5587 370
 4111 620


