# Created by Octave 3.8.2, Mon Jun 22 04:10:30 2020 CEST <damian@fptrucha.inv.usc.es>
# name: hd
# type: matrix
# rows: 6
# columns: 2
 4727 -620
 5777 -372
 6588 -124
 6271 124
 5473 370
 4237 620


