# Created by Octave 3.8.2, Mon Jun 22 08:41:48 2020 CEST <damian@fptrucha.inv.usc.es>
# name: hd
# type: matrix
# rows: 6
# columns: 2
 4808 -620
 6126 -372
 6765 -124
 6554 124
 5809 370
 4443 620


