# Created by Octave 3.8.2, Mon Jun 22 22:42:44 2020 CEST <damian@fptrucha.inv.usc.es>
# name: hd
# type: matrix
# rows: 6
# columns: 2
 5336 -620
 7156 -372
 7560 -124
 7084 124
 6173 370
 4855 620


