# Created by Octave 3.8.2, Sat Jun 20 06:53:37 2020 CEST <damian@fptrucha.inv.usc.es>
# name: hd
# type: matrix
# rows: 6
# columns: 2
 5710 -620
 7663 -372
 7820 -124
 7421 124
 6409 370
 4944 620


