# Created by Octave 3.8.2, Mon Jun 22 21:27:56 2020 CEST <damian@fptrucha.inv.usc.es>
# name: hd
# type: matrix
# rows: 6
# columns: 2
 5537 -620
 7025 -372
 7678 -124
 7117 124
 6288 370
 4758 620


