# Created by Octave 3.8.2, Sat Jun 20 09:33:09 2020 CEST <damian@fptrucha.inv.usc.es>
# name: hd
# type: matrix
# rows: 6
# columns: 2
 4100 -620
 5033 -372
 5457 -124
 4942 124
 4214 370
 3129 620


