# Created by Octave 3.8.2, Mon Jun 22 23:50:21 2020 CEST <damian@fptrucha.inv.usc.es>
# name: hd
# type: matrix
# rows: 6
# columns: 2
 5556 -620
 7104 -372
 7503 -124
 7118 124
 6336 370
 4881 620


