# Created by Octave 3.8.2, Mon Jun 22 05:13:08 2020 CEST <damian@fptrucha.inv.usc.es>
# name: hd
# type: matrix
# rows: 6
# columns: 2
 3046 -620
 3999 -372
 4272 -124
 4165 124
 3595 370
 2786 620


