# Created by Octave 3.8.2, Mon Jun 22 16:01:30 2020 CEST <damian@fptrucha.inv.usc.es>
# name: hd
# type: matrix
# rows: 6
# columns: 2
 5296 -620
 6671 -372
 7463 -124
 7014 124
 6015 370
 4603 620


