# Created by Octave 3.8.2, Sat Jun 20 17:40:46 2020 CEST <damian@fptrucha.inv.usc.es>
# name: hd
# type: matrix
# rows: 6
# columns: 2
 5383 -620
 6996 -372
 7167 -124
 6555 124
 5609 370
 4147 620


