# Created by Octave 3.8.2, Sat Jun 20 04:04:31 2020 CEST <damian@fptrucha.inv.usc.es>
# name: hd
# type: matrix
# rows: 6
# columns: 2
 5690 -620
 7482 -372
 7719 -124
 7241 124
 6213 370
 4797 620


