# Created by Octave 3.8.2, Sat Jun 20 19:25:48 2020 CEST <damian@fptrucha.inv.usc.es>
# name: hd
# type: matrix
# rows: 6
# columns: 2
 5613 -620
 6840 -372
 7020 -124
 6433 124
 5626 370
 4215 620


