# Created by Octave 3.8.2, Sun Jun 21 08:13:11 2020 CEST <damian@fptrucha.inv.usc.es>
# name: hd
# type: matrix
# rows: 6
# columns: 2
 5407 -620
 6851 -372
 6909 -124
 6465 124
 5474 370
 4071 620


