# Created by Octave 3.8.2, Mon Jun 22 19:07:52 2020 CEST <damian@fptrucha.inv.usc.es>
# name: hd
# type: matrix
# rows: 6
# columns: 2
 5297 -620
 6842 -372
 7455 -124
 6998 124
 6236 370
 4827 620


