# Created by Octave 3.8.2, Sat Jun 20 03:11:19 2020 CEST <damian@fptrucha.inv.usc.es>
# name: hd
# type: matrix
# rows: 6
# columns: 2
 3583 -620
 4803 -372
 5073 -124
 4871 124
 3992 370
 3108 620


