# Created by Octave 3.8.2, Sat Jun 20 13:53:31 2020 CEST <damian@fptrucha.inv.usc.es>
# name: hd
# type: matrix
# rows: 6
# columns: 2
 5619 -620
 7457 -372
 7411 -124
 7017 124
 5904 370
 4410 620


