# Created by Octave 3.8.2, Sun Jun 21 06:21:54 2020 CEST <damian@fptrucha.inv.usc.es>
# name: hd
# type: matrix
# rows: 6
# columns: 2
 5416 -620
 6724 -372
 6645 -124
 6321 124
 5258 370
 3970 620


