# Created by Octave 3.8.2, Sat Jun 20 12:02:38 2020 CEST <damian@fptrucha.inv.usc.es>
# name: hd
# type: matrix
# rows: 6
# columns: 2
 5872 -620
 7693 -372
 7744 -124
 7254 124
 5891 370
 4614 620


