# Created by Octave 3.8.2, Mon Jun 22 15:16:09 2020 CEST <damian@fptrucha.inv.usc.es>
# name: hd
# type: matrix
# rows: 6
# columns: 2
 5327 -620
 6916 -372
 7464 -124
 6865 124
 6069 370
 4635 620


