# Created by Octave 3.8.2, Mon Jun 22 06:45:08 2020 CEST <damian@fptrucha.inv.usc.es>
# name: hd
# type: matrix
# rows: 6
# columns: 2
 4507 -620
 5990 -372
 6738 -124
 6469 124
 5850 370
 4282 620


