# Created by Octave 3.8.2, Mon Jun 22 12:34:28 2020 CEST <damian@fptrucha.inv.usc.es>
# name: hd
# type: matrix
# rows: 6
# columns: 2
 4937 -620
 6599 -372
 7091 -124
 6705 124
 6014 370
 4529 620


