# Created by Octave 3.8.2, Sat Jun 20 11:19:19 2020 CEST <damian@fptrucha.inv.usc.es>
# name: hd
# type: matrix
# rows: 6
# columns: 2
 6074 -620
 7673 -372
 7638 -124
 7147 124
 6021 370
 4617 620


