# Created by Octave 3.8.2, Mon Jun 22 19:11:17 2020 CEST <damian@fptrucha.inv.usc.es>
# name: hd
# type: matrix
# rows: 6
# columns: 2
 5177 -620
 6796 -372
 7435 -124
 7014 124
 6106 370
 4754 620


