# Created by Octave 3.8.2, Mon Jun 22 09:58:45 2020 CEST <damian@fptrucha.inv.usc.es>
# name: hd
# type: matrix
# rows: 6
# columns: 2
 4922 -620
 6381 -372
 6820 -124
 6614 124
 5973 370
 4499 620


