# Created by Octave 3.8.2, Sat Jun 20 21:08:14 2020 CEST <damian@fptrucha.inv.usc.es>
# name: hd
# type: matrix
# rows: 6
# columns: 2
 5286 -620
 6969 -372
 7062 -124
 6519 124
 5463 370
 3955 620


