# Created by Octave 3.8.2, Mon Jun 22 17:58:31 2020 CEST <damian@fptrucha.inv.usc.es>
# name: hd
# type: matrix
# rows: 6
# columns: 2
 5269 -620
 6871 -372
 7435 -124
 6934 124
 6255 370
 4738 620


