# Created by Octave 3.8.2, Mon Jun 22 19:49:44 2020 CEST <damian@fptrucha.inv.usc.es>
# name: hd
# type: matrix
# rows: 6
# columns: 2
 5089 -620
 6931 -372
 7464 -124
 7081 124
 6118 370
 4706 620


