# Created by Octave 3.8.2, Sun Jun 21 03:41:48 2020 CEST <damian@fptrucha.inv.usc.es>
# name: hd
# type: matrix
# rows: 6
# columns: 2
 3544 -620
 4489 -372
 4586 -124
 4228 124
 3631 370
 2633 620


