# Created by Octave 3.8.2, Sun Jun 21 03:39:58 2020 CEST <damian@fptrucha.inv.usc.es>
# name: hd
# type: matrix
# rows: 6
# columns: 2
 5282 -620
 6833 -372
 6904 -124
 6292 124
 5418 370
 4048 620


