# Created by Octave 3.8.2, Mon Jun 22 01:15:00 2020 CEST <damian@fptrucha.inv.usc.es>
# name: hd
# type: matrix
# rows: 6
# columns: 2
 5303 -620
 7087 -372
 6967 -124
 6445 124
 5537 370
 4000 620


