# Created by Octave 3.8.2, Sun Jun 21 04:51:51 2020 CEST <damian@fptrucha.inv.usc.es>
# name: hd
# type: matrix
# rows: 6
# columns: 2
 5444 -620
 7050 -372
 6830 -124
 6655 124
 5642 370
 4151 620


