# Created by Octave 3.8.2, Mon Jun 22 02:26:55 2020 CEST <damian@fptrucha.inv.usc.es>
# name: hd
# type: matrix
# rows: 6
# columns: 2
 992 -620
 1014 -372
 944 -124
 286 124
 101 370
 55 620


