# Created by Octave 3.8.2, Mon Jun 22 00:21:56 2020 CEST <damian@fptrucha.inv.usc.es>
# name: hd
# type: matrix
# rows: 6
# columns: 2
 5139 -620
 6873 -372
 6941 -124
 6428 124
 5411 370
 4152 620


