# Created by Octave 3.8.2, Sat Jun 20 13:30:37 2020 CEST <damian@fptrucha.inv.usc.es>
# name: hd
# type: matrix
# rows: 6
# columns: 2
 5814 -620
 7292 -372
 7589 -124
 7008 124
 5877 370
 4345 620


