# Created by Octave 3.8.2, Sun Jun 21 03:55:02 2020 CEST <damian@fptrucha.inv.usc.es>
# name: hd
# type: matrix
# rows: 6
# columns: 2
 5248 -620
 6695 -372
 6908 -124
 6438 124
 5392 370
 3993 620


