# Created by Octave 3.8.2, Mon Jun 22 23:43:36 2020 CEST <damian@fptrucha.inv.usc.es>
# name: hd
# type: matrix
# rows: 6
# columns: 2
 5482 -620
 7126 -372
 7566 -124
 7147 124
 6258 370
 4770 620


