# Created by Octave 3.8.2, Sat Jun 20 09:44:46 2020 CEST <damian@fptrucha.inv.usc.es>
# name: hd
# type: matrix
# rows: 6
# columns: 2
 6138 -620
 7681 -372
 7988 -124
 7507 124
 6235 370
 4553 620


