# Created by Octave 3.8.2, Mon Jun 22 17:23:49 2020 CEST <damian@fptrucha.inv.usc.es>
# name: hd
# type: matrix
# rows: 6
# columns: 2
 5275 -620
 6821 -372
 7429 -124
 7174 124
 6015 370
 4717 620


