# Created by Octave 3.8.2, Mon Jun 22 10:03:46 2020 CEST <damian@fptrucha.inv.usc.es>
# name: hd
# type: matrix
# rows: 6
# columns: 2
 4821 -620
 6488 -372
 7035 -124
 6583 124
 5981 370
 4449 620


