# Created by Octave 3.8.2, Mon Jun 22 20:22:23 2020 CEST <damian@fptrucha.inv.usc.es>
# name: hd
# type: matrix
# rows: 6
# columns: 2
 5206 -620
 6783 -372
 7516 -124
 7025 124
 6225 370
 4735 620


