# Created by Octave 3.8.2, Mon Jun 22 02:27:40 2020 CEST <damian@fptrucha.inv.usc.es>
# name: hd
# type: matrix
# rows: 6
# columns: 2
 91 -620
 146 -372
 200 -124
 73 124
 41 370
 16 620


