# Created by Octave 3.8.2, Sun Jun 21 04:37:31 2020 CEST <damian@fptrucha.inv.usc.es>
# name: hd
# type: matrix
# rows: 6
# columns: 2
 5226 -620
 6845 -372
 6946 -124
 6498 124
 5547 370
 4177 620


