# Created by Octave 3.8.2, Sat Jun 20 15:38:26 2020 CEST <damian@fptrucha.inv.usc.es>
# name: hd
# type: matrix
# rows: 6
# columns: 2
 5655 -620
 7182 -372
 7285 -124
 6854 124
 5604 370
 4208 620


