# Created by Octave 3.8.2, Sun Jun 21 07:43:25 2020 CEST <damian@fptrucha.inv.usc.es>
# name: hd
# type: matrix
# rows: 6
# columns: 2
 5438 -620
 7140 -372
 7231 -124
 6866 124
 5693 370
 4185 620


