# Created by Octave 3.8.2, Mon Jun 22 01:03:04 2020 CEST <damian@fptrucha.inv.usc.es>
# name: hd
# type: matrix
# rows: 6
# columns: 2
 5571 -620
 7180 -372
 7290 -124
 6785 124
 5613 370
 4068 620


