# Created by Octave 3.8.2, Sun Jun 21 06:27:19 2020 CEST <damian@fptrucha.inv.usc.es>
# name: hd
# type: matrix
# rows: 6
# columns: 2
 5350 -620
 6591 -372
 6802 -124
 6366 124
 5357 370
 4050 620


