# Created by Octave 3.8.2, Mon Jun 22 10:00:28 2020 CEST <damian@fptrucha.inv.usc.es>
# name: hd
# type: matrix
# rows: 6
# columns: 2
 4804 -620
 6327 -372
 6953 -124
 6698 124
 5947 370
 4468 620


