# Created by Octave 3.8.2, Sat Jun 20 04:38:02 2020 CEST <damian@fptrucha.inv.usc.es>
# name: hd
# type: matrix
# rows: 6
# columns: 2
 5842 -620
 7613 -372
 7788 -124
 7584 124
 6077 370
 4653 620


