# Created by Octave 3.8.2, Mon Jun 22 02:18:53 2020 CEST <damian@fptrucha.inv.usc.es>
# name: hd
# type: matrix
# rows: 6
# columns: 2
 5208 -620
 6493 -372
 6927 -124
 6330 124
 5532 370
 4269 620


