# Created by Octave 3.8.2, Mon Jun 22 18:14:19 2020 CEST <damian@fptrucha.inv.usc.es>
# name: hd
# type: matrix
# rows: 6
# columns: 2
 5035 -620
 6658 -372
 7152 -124
 6968 124
 6156 370
 4718 620


