# Created by Octave 3.8.2, Mon Jun 22 07:53:03 2020 CEST <damian@fptrucha.inv.usc.es>
# name: hd
# type: matrix
# rows: 6
# columns: 2
 4748 -620
 6229 -372
 6729 -124
 6408 124
 5971 370
 4497 620


