# Created by Octave 3.8.2, Sun Jun 21 02:45:13 2020 CEST <damian@fptrucha.inv.usc.es>
# name: hd
# type: matrix
# rows: 6
# columns: 2
 5331 -620
 6639 -372
 7019 -124
 6497 124
 5249 370
 4087 620


