# Created by Octave 3.8.2, Mon Jun 22 23:07:04 2020 CEST <damian@fptrucha.inv.usc.es>
# name: hd
# type: matrix
# rows: 6
# columns: 2
 5467 -620
 7219 -372
 7832 -124
 7113 124
 6299 370
 4803 620


