# Created by Octave 3.8.2, Mon Jun 22 20:53:22 2020 CEST <damian@fptrucha.inv.usc.es>
# name: hd
# type: matrix
# rows: 6
# columns: 2
 5185 -620
 6897 -372
 7425 -124
 7033 124
 6303 370
 4862 620


