# Created by Octave 3.8.2, Sat Jun 20 10:33:08 2020 CEST <damian@fptrucha.inv.usc.es>
# name: hd
# type: matrix
# rows: 6
# columns: 2
 6042 -620
 7825 -372
 7754 -124
 7502 124
 6113 370
 4654 620


