# Created by Octave 3.8.2, Sun Jun 21 06:48:42 2020 CEST <damian@fptrucha.inv.usc.es>
# name: hd
# type: matrix
# rows: 6
# columns: 2
 5245 -620
 6749 -372
 6930 -124
 6411 124
 5312 370
 3918 620


