# Created by Octave 3.8.2, Sat Jun 20 14:08:09 2020 CEST <damian@fptrucha.inv.usc.es>
# name: hd
# type: matrix
# rows: 6
# columns: 2
 5623 -620
 7306 -372
 7431 -124
 6936 124
 5929 370
 4384 620


