# Created by Octave 3.8.2, Mon Jun 22 01:30:10 2020 CEST <damian@fptrucha.inv.usc.es>
# name: hd
# type: matrix
# rows: 6
# columns: 2
 5365 -620
 6913 -372
 7168 -124
 6598 124
 5426 370
 4231 620


