# Created by Octave 3.8.2, Sat Jun 20 06:33:26 2020 CEST <damian@fptrucha.inv.usc.es>
# name: hd
# type: matrix
# rows: 6
# columns: 2
 5883 -620
 7662 -372
 7930 -124
 7334 124
 6386 370
 4707 620


