# Created by Octave 3.8.2, Mon Jun 22 11:56:17 2020 CEST <damian@fptrucha.inv.usc.es>
# name: hd
# type: matrix
# rows: 6
# columns: 2
 4849 -620
 6407 -372
 6966 -124
 6650 124
 5858 370
 4455 620


