# Created by Octave 3.8.2, Mon Jun 22 16:35:36 2020 CEST <damian@fptrucha.inv.usc.es>
# name: hd
# type: matrix
# rows: 6
# columns: 2
 5163 -620
 6817 -372
 7323 -124
 6824 124
 6128 370
 4700 620


