# Created by Octave 3.8.2, Sat Jun 20 09:10:04 2020 CEST <damian@fptrucha.inv.usc.es>
# name: hd
# type: matrix
# rows: 6
# columns: 2
 6280 -620
 7865 -372
 7982 -124
 7547 124
 6320 370
 4800 620


