# Created by Octave 3.8.2, Mon Jun 22 05:40:03 2020 CEST <damian@fptrucha.inv.usc.es>
# name: hd
# type: matrix
# rows: 6
# columns: 2
 4481 -620
 5941 -372
 6656 -124
 6253 124
 5803 370
 4237 620


