# Created by Octave 3.8.2, Sat Jun 20 13:42:33 2020 CEST <damian@fptrucha.inv.usc.es>
# name: hd
# type: matrix
# rows: 6
# columns: 2
 3874 -620
 4820 -372
 4945 -124
 4516 124
 3877 370
 2963 620


