# Created by Octave 3.8.2, Mon Jun 22 10:12:21 2020 CEST <damian@fptrucha.inv.usc.es>
# name: hd
# type: matrix
# rows: 6
# columns: 2
 4981 -620
 6388 -372
 7059 -124
 6726 124
 6010 370
 4457 620


