# Created by Octave 3.8.2, Sun Jun 21 07:52:40 2020 CEST <damian@fptrucha.inv.usc.es>
# name: hd
# type: matrix
# rows: 6
# columns: 2
 5397 -620
 6915 -372
 7012 -124
 6361 124
 5531 370
 4023 620


