# Created by Octave 3.8.2, Mon Jun 22 06:57:39 2020 CEST <damian@fptrucha.inv.usc.es>
# name: hd
# type: matrix
# rows: 6
# columns: 2
 2890 -620
 3920 -372
 4289 -124
 4232 124
 3746 370
 2782 620


