# Created by Octave 3.8.2, Sat Jun 20 02:59:19 2020 CEST <damian@fptrucha.inv.usc.es>
# name: hd
# type: matrix
# rows: 6
# columns: 2
 5542 -620
 7452 -372
 7683 -124
 7095 124
 6108 370
 4724 620


