# Created by Octave 3.8.2, Mon Jun 22 22:14:26 2020 CEST <damian@fptrucha.inv.usc.es>
# name: hd
# type: matrix
# rows: 6
# columns: 2
 5394 -620
 7100 -372
 7590 -124
 7106 124
 6557 370
 4735 620


