# Created by Octave 3.8.2, Sat Jun 20 22:27:02 2020 CEST <damian@fptrucha.inv.usc.es>
# name: hd
# type: matrix
# rows: 6
# columns: 2
 5359 -620
 6742 -372
 6998 -124
 6428 124
 5365 370
 4064 620


