# Created by Octave 3.8.2, Sat Jun 20 16:01:54 2020 CEST <damian@fptrucha.inv.usc.es>
# name: hd
# type: matrix
# rows: 6
# columns: 2
 5653 -620
 6988 -372
 7083 -124
 6742 124
 5638 370
 4246 620


