# Created by Octave 3.8.2, Sat Jun 20 20:18:33 2020 CEST <damian@fptrucha.inv.usc.es>
# name: hd
# type: matrix
# rows: 6
# columns: 2
 3588 -620
 4489 -372
 4734 -124
 4373 124
 3652 370
 2713 620


