# Created by Octave 3.8.2, Mon Jun 22 15:19:09 2020 CEST <damian@fptrucha.inv.usc.es>
# name: hd
# type: matrix
# rows: 6
# columns: 2
 3416 -620
 4481 -372
 4866 -124
 4591 124
 3983 370
 2968 620


