# Created by Octave 3.8.2, Mon Jun 22 03:37:48 2020 CEST <damian@fptrucha.inv.usc.es>
# name: hd
# type: matrix
# rows: 6
# columns: 2
 4709 -620
 6121 -372
 6591 -124
 6315 124
 5693 370
 4285 620


