# Created by Octave 3.8.2, Mon Jun 22 10:57:34 2020 CEST <damian@fptrucha.inv.usc.es>
# name: hd
# type: matrix
# rows: 6
# columns: 2
 5074 -620
 6557 -372
 7051 -124
 6651 124
 5965 370
 4585 620


