# Created by Octave 3.8.2, Sat Jun 20 04:26:44 2020 CEST <damian@fptrucha.inv.usc.es>
# name: hd
# type: matrix
# rows: 6
# columns: 2
 5719 -620
 7578 -372
 7878 -124
 7345 124
 6409 370
 4859 620


