# Created by Octave 3.8.2, Mon Jun 22 14:42:27 2020 CEST <damian@fptrucha.inv.usc.es>
# name: hd
# type: matrix
# rows: 6
# columns: 2
 5098 -620
 6717 -372
 7288 -124
 6766 124
 6050 370
 4646 620


