# Created by Octave 3.8.2, Sat Jun 20 23:13:08 2020 CEST <damian@fptrucha.inv.usc.es>
# name: hd
# type: matrix
# rows: 6
# columns: 2
 5383 -620
 6811 -372
 6773 -124
 6401 124
 5369 370
 4194 620


