# Created by Octave 3.8.2, Sat Jun 20 08:34:07 2020 CEST <damian@fptrucha.inv.usc.es>
# name: hd
# type: matrix
# rows: 6
# columns: 2
 6226 -620
 8012 -372
 8155 -124
 7588 124
 6374 370
 4896 620


