# Created by Octave 3.8.2, Mon Jun 22 11:50:28 2020 CEST <damian@fptrucha.inv.usc.es>
# name: hd
# type: matrix
# rows: 6
# columns: 2
 4916 -620
 6271 -372
 6963 -124
 6575 124
 5925 370
 4418 620


