# Created by Octave 3.8.2, Mon Jun 22 23:32:47 2020 CEST <damian@fptrucha.inv.usc.es>
# name: hd
# type: matrix
# rows: 6
# columns: 2
 5388 -620
 7190 -372
 7597 -124
 7200 124
 6343 370
 4739 620


