# Created by Octave 3.8.2, Mon Jun 22 10:53:46 2020 CEST <damian@fptrucha.inv.usc.es>
# name: hd
# type: matrix
# rows: 6
# columns: 2
 4936 -620
 6412 -372
 6962 -124
 6678 124
 6034 370
 4434 620


