# Created by Octave 3.8.2, Mon Jun 22 11:28:57 2020 CEST <damian@fptrucha.inv.usc.es>
# name: hd
# type: matrix
# rows: 6
# columns: 2
 4912 -620
 6305 -372
 7002 -124
 6468 124
 5779 370
 4376 620


