# Created by Octave 3.8.2, Mon Jun 22 20:29:28 2020 CEST <damian@fptrucha.inv.usc.es>
# name: hd
# type: matrix
# rows: 6
# columns: 2
 5318 -620
 6880 -372
 7384 -124
 7228 124
 6373 370
 4733 620


