# Created by Octave 3.8.2, Sat Jun 20 21:43:47 2020 CEST <damian@fptrucha.inv.usc.es>
# name: hd
# type: matrix
# rows: 6
# columns: 2
 5235 -620
 6734 -372
 6826 -124
 6417 124
 5375 370
 4017 620


