# Created by Octave 3.8.2, Sat Jun 20 10:03:16 2020 CEST <damian@fptrucha.inv.usc.es>
# name: hd
# type: matrix
# rows: 6
# columns: 2
 6110 -620
 7774 -372
 7840 -124
 7353 124
 6087 370
 4779 620


