# Created by Octave 3.8.2, Sat Jun 20 15:06:51 2020 CEST <damian@fptrucha.inv.usc.es>
# name: hd
# type: matrix
# rows: 6
# columns: 2
 5737 -620
 7197 -372
 7212 -124
 6692 124
 5841 370
 4139 620


