# Created by Octave 3.8.2, Sat Jun 20 05:21:14 2020 CEST <damian@fptrucha.inv.usc.es>
# name: hd
# type: matrix
# rows: 6
# columns: 2
 5947 -620
 7377 -372
 7553 -124
 7309 124
 6245 370
 4707 620


