# Created by Octave 3.8.2, Mon Jun 22 10:02:40 2020 CEST <damian@fptrucha.inv.usc.es>
# name: hd
# type: matrix
# rows: 6
# columns: 2
 4895 -620
 6313 -372
 7205 -124
 6740 124
 5999 370
 4546 620


