# Created by Octave 3.8.2, Sat Jun 20 02:19:16 2020 CEST <damian@fptrucha.inv.usc.es>
# name: hd
# type: matrix
# rows: 6
# columns: 2
 5590 -620
 7185 -372
 7567 -124
 7284 124
 6036 370
 4727 620


