# Created by Octave 3.8.2, Mon Jun 22 23:37:38 2020 CEST <damian@fptrucha.inv.usc.es>
# name: hd
# type: matrix
# rows: 6
# columns: 2
 5490 -620
 7165 -372
 7615 -124
 6965 124
 6241 370
 4853 620


