# Created by Octave 3.8.2, Mon Jun 22 12:01:30 2020 CEST <damian@fptrucha.inv.usc.es>
# name: hd
# type: matrix
# rows: 6
# columns: 2
 4981 -620
 6354 -372
 7011 -124
 6628 124
 5852 370
 4523 620


