# Created by Octave 3.8.2, Mon Jun 22 21:00:02 2020 CEST <damian@fptrucha.inv.usc.es>
# name: hd
# type: matrix
# rows: 6
# columns: 2
 5355 -620
 7031 -372
 7370 -124
 7013 124
 6424 370
 4810 620


