# Created by Octave 3.8.2, Sat Jun 20 10:52:38 2020 CEST <damian@fptrucha.inv.usc.es>
# name: hd
# type: matrix
# rows: 6
# columns: 2
 6242 -620
 7636 -372
 7797 -124
 7405 124
 6110 370
 4621 620


