# Created by Octave 3.8.2, Sat Jun 20 21:10:51 2020 CEST <damian@fptrucha.inv.usc.es>
# name: hd
# type: matrix
# rows: 6
# columns: 2
 5462 -620
 6775 -372
 7053 -124
 6478 124
 5506 370
 4150 620


