# Created by Octave 3.8.2, Sat Jun 20 04:07:15 2020 CEST <damian@fptrucha.inv.usc.es>
# name: hd
# type: matrix
# rows: 6
# columns: 2
 5692 -620
 7479 -372
 7756 -124
 7267 124
 6201 370
 4719 620


