# Created by Octave 3.8.2, Mon Jun 22 02:10:45 2020 CEST <damian@fptrucha.inv.usc.es>
# name: hd
# type: matrix
# rows: 6
# columns: 2
 5148 -620
 6267 -372
 6661 -124
 6379 124
 5585 370
 4105 620


