# Created by Octave 3.8.2, Mon Jun 22 13:05:04 2020 CEST <damian@fptrucha.inv.usc.es>
# name: hd
# type: matrix
# rows: 6
# columns: 2
 5068 -620
 6521 -372
 7243 -124
 6649 124
 5983 370
 4608 620


