# Created by Octave 3.8.2, Mon Jun 22 02:07:09 2020 CEST <damian@fptrucha.inv.usc.es>
# name: hd
# type: matrix
# rows: 6
# columns: 2
 5317 -620
 6591 -372
 7017 -124
 6402 124
 5679 370
 4375 620


