# Created by Octave 3.8.2, Sat Jun 20 07:39:01 2020 CEST <damian@fptrucha.inv.usc.es>
# name: hd
# type: matrix
# rows: 6
# columns: 2
 5977 -620
 7760 -372
 7904 -124
 7486 124
 6388 370
 4881 620


