# Created by Octave 3.8.2, Mon Jun 22 22:08:32 2020 CEST <damian@fptrucha.inv.usc.es>
# name: hd
# type: matrix
# rows: 6
# columns: 2
 5374 -620
 7050 -372
 7588 -124
 7014 124
 6128 370
 4833 620


