# Created by Octave 3.8.2, Tue Jun 23 00:47:53 2020 CEST <damian@fptrucha.inv.usc.es>
# name: hd
# type: matrix
# rows: 6
# columns: 2
 5373 -620
 7078 -372
 7492 -124
 7210 124
 6310 370
 4835 620


