# Created by Octave 3.8.2, Mon Jun 22 08:38:40 2020 CEST <damian@fptrucha.inv.usc.es>
# name: hd
# type: matrix
# rows: 6
# columns: 2
 4713 -620
 6276 -372
 6923 -124
 6547 124
 5782 370
 4385 620


