# Created by Octave 3.8.2, Sun Jun 21 04:41:44 2020 CEST <damian@fptrucha.inv.usc.es>
# name: hd
# type: matrix
# rows: 6
# columns: 2
 5232 -620
 6799 -372
 7118 -124
 6430 124
 5469 370
 4191 620


