# Created by Octave 3.8.2, Sat Jun 20 11:50:00 2020 CEST <damian@fptrucha.inv.usc.es>
# name: hd
# type: matrix
# rows: 6
# columns: 2
 6043 -620
 7494 -372
 7780 -124
 7149 124
 6020 370
 4413 620


