# Created by Octave 3.8.2, Sun Jun 21 03:08:36 2020 CEST <damian@fptrucha.inv.usc.es>
# name: hd
# type: matrix
# rows: 6
# columns: 2
 5269 -620
 6703 -372
 6846 -124
 6393 124
 5435 370
 4039 620


