# Created by Octave 3.8.2, Mon Jun 22 23:53:52 2020 CEST <damian@fptrucha.inv.usc.es>
# name: hd
# type: matrix
# rows: 6
# columns: 2
 5388 -620
 7110 -372
 7573 -124
 7116 124
 6207 370
 4913 620


