# Created by Octave 3.8.2, Mon Jun 22 06:52:05 2020 CEST <damian@fptrucha.inv.usc.es>
# name: hd
# type: matrix
# rows: 6
# columns: 2
 4600 -620
 5910 -372
 6653 -124
 6236 124
 5732 370
 4457 620


