# Created by Octave 3.8.2, Mon Jun 22 07:07:42 2020 CEST <damian@fptrucha.inv.usc.es>
# name: hd
# type: matrix
# rows: 6
# columns: 2
 4631 -620
 6053 -372
 6767 -124
 6453 124
 5620 370
 4407 620


