# Created by Octave 3.8.2, Mon Jun 22 03:11:39 2020 CEST <damian@fptrucha.inv.usc.es>
# name: hd
# type: matrix
# rows: 6
# columns: 2
 4598 -620
 5990 -372
 6587 -124
 6153 124
 5749 370
 4243 620


