# Created by Octave 3.8.2, Tue Jun 23 00:42:34 2020 CEST <damian@fptrucha.inv.usc.es>
# name: hd
# type: matrix
# rows: 6
# columns: 2
 5537 -620
 7130 -372
 7483 -124
 7202 124
 6315 370
 4923 620


