# Created by Octave 3.8.2, Mon Jun 22 10:25:37 2020 CEST <damian@fptrucha.inv.usc.es>
# name: hd
# type: matrix
# rows: 6
# columns: 2
 4932 -620
 6437 -372
 6939 -124
 6715 124
 6017 370
 4543 620


