# Created by Octave 3.8.2, Mon Jun 22 11:12:25 2020 CEST <damian@fptrucha.inv.usc.es>
# name: hd
# type: matrix
# rows: 6
# columns: 2
 5051 -620
 6523 -372
 6874 -124
 6810 124
 5914 370
 4362 620


