# Created by Octave 3.8.2, Mon Jun 22 13:28:58 2020 CEST <damian@fptrucha.inv.usc.es>
# name: hd
# type: matrix
# rows: 6
# columns: 2
 5003 -620
 6511 -372
 7279 -124
 6910 124
 6084 370
 4623 620


