# Created by Octave 3.8.2, Sat Jun 20 21:34:46 2020 CEST <damian@fptrucha.inv.usc.es>
# name: hd
# type: matrix
# rows: 6
# columns: 2
 5378 -620
 6773 -372
 6846 -124
 6387 124
 5402 370
 4141 620


