# Created by Octave 3.8.2, Mon Jun 22 02:57:39 2020 CEST <damian@fptrucha.inv.usc.es>
# name: hd
# type: matrix
# rows: 6
# columns: 2
 4798 -620
 6103 -372
 6657 -124
 6366 124
 5667 370
 4280 620


