# Created by Octave 3.8.2, Sat Jun 20 16:10:41 2020 CEST <damian@fptrucha.inv.usc.es>
# name: hd
# type: matrix
# rows: 6
# columns: 2
 5424 -620
 7133 -372
 7309 -124
 6839 124
 5609 370
 4307 620


