# Created by Octave 3.8.2, Mon Jun 22 08:07:34 2020 CEST <damian@fptrucha.inv.usc.es>
# name: hd
# type: matrix
# rows: 6
# columns: 2
 4624 -620
 6254 -372
 6937 -124
 6434 124
 5701 370
 4408 620


