# Created by Octave 3.8.2, Sat Jun 20 08:25:15 2020 CEST <damian@fptrucha.inv.usc.es>
# name: hd
# type: matrix
# rows: 6
# columns: 2
 6058 -620
 7938 -372
 8131 -124
 7693 124
 6428 370
 4863 620


