# Created by Octave 3.8.2, Mon Jun 22 23:08:18 2020 CEST <damian@fptrucha.inv.usc.es>
# name: hd
# type: matrix
# rows: 6
# columns: 2
 5356 -620
 7135 -372
 7630 -124
 7195 124
 6412 370
 4857 620


