# Created by Octave 3.8.2, Mon Jun 22 03:36:49 2020 CEST <damian@fptrucha.inv.usc.es>
# name: hd
# type: matrix
# rows: 6
# columns: 2
 4738 -620
 6058 -372
 6587 -124
 6272 124
 5657 370
 4289 620


