# Created by Octave 3.8.2, Sat Jun 20 18:58:58 2020 CEST <damian@fptrucha.inv.usc.es>
# name: hd
# type: matrix
# rows: 6
# columns: 2
 5367 -620
 6863 -372
 6973 -124
 6653 124
 5596 370
 4052 620


