# Created by Octave 3.8.2, Mon Jun 22 11:37:55 2020 CEST <damian@fptrucha.inv.usc.es>
# name: hd
# type: matrix
# rows: 6
# columns: 2
 4959 -620
 6348 -372
 7030 -124
 6659 124
 5994 370
 4533 620


