# Created by Octave 3.8.2, Sat Jun 20 16:25:18 2020 CEST <damian@fptrucha.inv.usc.es>
# name: hd
# type: matrix
# rows: 6
# columns: 2
 5504 -620
 7023 -372
 7212 -124
 6786 124
 5720 370
 4208 620


