# Created by Octave 3.8.2, Sat Jun 20 16:18:37 2020 CEST <damian@fptrucha.inv.usc.es>
# name: hd
# type: matrix
# rows: 6
# columns: 2
 5657 -620
 7143 -372
 7195 -124
 6680 124
 5702 370
 4277 620


