# Created by Octave 3.8.2, Mon Jun 22 21:52:23 2020 CEST <damian@fptrucha.inv.usc.es>
# name: hd
# type: matrix
# rows: 6
# columns: 2
 5285 -620
 7040 -372
 7570 -124
 7167 124
 6103 370
 4912 620


