# Created by Octave 3.8.2, Mon Jun 22 14:26:48 2020 CEST <damian@fptrucha.inv.usc.es>
# name: hd
# type: matrix
# rows: 6
# columns: 2
 4960 -620
 6584 -372
 7017 -124
 6707 124
 5971 370
 4642 620


