# Created by Octave 3.8.2, Mon Jun 22 20:06:34 2020 CEST <damian@fptrucha.inv.usc.es>
# name: hd
# type: matrix
# rows: 6
# columns: 2
 5338 -620
 7011 -372
 7530 -124
 6970 124
 6379 370
 4782 620


