# Created by Octave 3.8.2, Sat Jun 20 06:34:52 2020 CEST <damian@fptrucha.inv.usc.es>
# name: hd
# type: matrix
# rows: 6
# columns: 2
 5829 -620
 7543 -372
 7915 -124
 7578 124
 6405 370
 4796 620


