# Created by Octave 3.8.2, Mon Jun 22 18:05:19 2020 CEST <damian@fptrucha.inv.usc.es>
# name: hd
# type: matrix
# rows: 6
# columns: 2
 5041 -620
 6780 -372
 7370 -124
 6907 124
 6144 370
 4530 620


