# Created by Octave 3.8.2, Mon Jun 22 13:43:35 2020 CEST <damian@fptrucha.inv.usc.es>
# name: hd
# type: matrix
# rows: 6
# columns: 2
 3299 -620
 4319 -372
 4763 -124
 4482 124
 3923 370
 3083 620


