# Created by Octave 3.8.2, Mon Jun 22 21:55:56 2020 CEST <damian@fptrucha.inv.usc.es>
# name: hd
# type: matrix
# rows: 6
# columns: 2
 5463 -620
 7037 -372
 7595 -124
 7275 124
 6179 370
 4758 620


