# Created by Octave 3.8.2, Sat Jun 20 05:13:11 2020 CEST <damian@fptrucha.inv.usc.es>
# name: hd
# type: matrix
# rows: 6
# columns: 2
 5794 -620
 7465 -372
 7617 -124
 7433 124
 6038 370
 4737 620


