# Created by Octave 3.8.2, Sat Jun 20 05:58:06 2020 CEST <damian@fptrucha.inv.usc.es>
# name: hd
# type: matrix
# rows: 6
# columns: 2
 5838 -620
 7751 -372
 7875 -124
 7518 124
 6151 370
 4700 620


