# Created by Octave 3.8.2, Mon Jun 22 02:53:46 2020 CEST <damian@fptrucha.inv.usc.es>
# name: hd
# type: matrix
# rows: 6
# columns: 2
 4769 -620
 5948 -372
 6575 -124
 6131 124
 5469 370
 4125 620


