# Created by Octave 3.8.2, Mon Jun 22 08:36:36 2020 CEST <damian@fptrucha.inv.usc.es>
# name: hd
# type: matrix
# rows: 6
# columns: 2
 4796 -620
 6239 -372
 6770 -124
 6586 124
 5795 370
 4512 620


