# Created by Octave 3.8.2, Sat Jun 20 10:34:31 2020 CEST <damian@fptrucha.inv.usc.es>
# name: hd
# type: matrix
# rows: 6
# columns: 2
 6077 -620
 7729 -372
 7850 -124
 7380 124
 6219 370
 4574 620


