# Created by Octave 3.8.2, Mon Jun 22 21:54:45 2020 CEST <damian@fptrucha.inv.usc.es>
# name: hd
# type: matrix
# rows: 6
# columns: 2
 5347 -620
 7046 -372
 7505 -124
 7056 124
 6200 370
 4805 620


