# Created by Octave 3.8.2, Mon Jun 22 02:27:03 2020 CEST <damian@fptrucha.inv.usc.es>
# name: hd
# type: matrix
# rows: 6
# columns: 2
 763 -620
 815 -372
 771 -124
 248 124
 84 370
 36 620


