# Created by Octave 3.8.2, Mon Jun 22 10:38:03 2020 CEST <damian@fptrucha.inv.usc.es>
# name: hd
# type: matrix
# rows: 6
# columns: 2
 4921 -620
 6410 -372
 7090 -124
 6802 124
 5910 370
 4425 620


