# Created by Octave 3.8.2, Sun Jun 21 03:16:13 2020 CEST <damian@fptrucha.inv.usc.es>
# name: hd
# type: matrix
# rows: 6
# columns: 2
 5175 -620
 6860 -372
 6696 -124
 6381 124
 5285 370
 4037 620


