# Created by Octave 3.8.2, Mon Jun 22 13:42:54 2020 CEST <damian@fptrucha.inv.usc.es>
# name: hd
# type: matrix
# rows: 6
# columns: 2
 5000 -620
 6487 -372
 7198 -124
 6694 124
 6122 370
 4431 620


