# Created by Octave 3.8.2, Mon Jun 22 20:27:04 2020 CEST <damian@fptrucha.inv.usc.es>
# name: hd
# type: matrix
# rows: 6
# columns: 2
 5451 -620
 6784 -372
 7566 -124
 7035 124
 6464 370
 4750 620


