# Created by Octave 3.8.2, Sat Jun 20 18:43:46 2020 CEST <damian@fptrucha.inv.usc.es>
# name: hd
# type: matrix
# rows: 6
# columns: 2
 5321 -620
 6956 -372
 7157 -124
 6564 124
 5428 370
 4187 620


