# Created by Octave 3.8.2, Sat Jun 20 11:24:58 2020 CEST <damian@fptrucha.inv.usc.es>
# name: hd
# type: matrix
# rows: 6
# columns: 2
 6005 -620
 7535 -372
 7614 -124
 7191 124
 6071 370
 4411 620


