# Created by Octave 3.8.2, Mon Jun 22 16:22:14 2020 CEST <damian@fptrucha.inv.usc.es>
# name: hd
# type: matrix
# rows: 6
# columns: 2
 5086 -620
 6849 -372
 7290 -124
 6783 124
 6092 370
 4645 620


