# Created by Octave 3.8.2, Mon Jun 22 16:38:29 2020 CEST <damian@fptrucha.inv.usc.es>
# name: hd
# type: matrix
# rows: 6
# columns: 2
 5102 -620
 6848 -372
 7450 -124
 6814 124
 6082 370
 4563 620


