# Created by Octave 3.8.2, Mon Jun 22 02:11:42 2020 CEST <damian@fptrucha.inv.usc.es>
# name: hd
# type: matrix
# rows: 6
# columns: 2
 5259 -620
 6289 -372
 6658 -124
 6303 124
 5486 370
 4199 620


