# Created by Octave 3.8.2, Mon Jun 22 10:05:56 2020 CEST <damian@fptrucha.inv.usc.es>
# name: hd
# type: matrix
# rows: 6
# columns: 2
 4871 -620
 6293 -372
 7044 -124
 6655 124
 5938 370
 4541 620


