# Created by Octave 3.8.2, Sat Jun 20 15:57:57 2020 CEST <damian@fptrucha.inv.usc.es>
# name: hd
# type: matrix
# rows: 6
# columns: 2
 5568 -620
 7070 -372
 7204 -124
 6799 124
 5642 370
 4131 620


