# Created by Octave 3.8.2, Mon Jun 22 10:49:36 2020 CEST <damian@fptrucha.inv.usc.es>
# name: hd
# type: matrix
# rows: 6
# columns: 2
 4919 -620
 6541 -372
 7005 -124
 6568 124
 5877 370
 4474 620


