# Created by Octave 3.8.2, Mon Jun 22 02:56:39 2020 CEST <damian@fptrucha.inv.usc.es>
# name: hd
# type: matrix
# rows: 6
# columns: 2
 4710 -620
 5958 -372
 6570 -124
 6279 124
 5575 370
 4279 620


