# Created by Octave 3.8.2, Sat Jun 20 05:29:48 2020 CEST <damian@fptrucha.inv.usc.es>
# name: hd
# type: matrix
# rows: 6
# columns: 2
 5899 -620
 7672 -372
 8013 -124
 7258 124
 6224 370
 4676 620


