# Created by Octave 3.8.2, Mon Jun 22 07:23:20 2020 CEST <damian@fptrucha.inv.usc.es>
# name: hd
# type: matrix
# rows: 6
# columns: 2
 4541 -620
 6081 -372
 6747 -124
 6455 124
 5737 370
 4367 620


