# Created by Octave 3.8.2, Sun Jun 21 05:11:50 2020 CEST <damian@fptrucha.inv.usc.es>
# name: hd
# type: matrix
# rows: 6
# columns: 2
 5297 -620
 6797 -372
 7102 -124
 6418 124
 5383 370
 4123 620


