# Created by Octave 3.8.2, Mon Jun 22 07:08:41 2020 CEST <damian@fptrucha.inv.usc.es>
# name: hd
# type: matrix
# rows: 6
# columns: 2
 4511 -620
 6002 -372
 6708 -124
 6424 124
 5797 370
 4364 620


