# Created by Octave 3.8.2, Mon Jun 22 17:38:29 2020 CEST <damian@fptrucha.inv.usc.es>
# name: hd
# type: matrix
# rows: 6
# columns: 2
 4999 -620
 6737 -372
 7503 -124
 6986 124
 6132 370
 4648 620


