# Created by Octave 3.8.2, Mon Jun 22 05:52:27 2020 CEST <damian@fptrucha.inv.usc.es>
# name: hd
# type: matrix
# rows: 6
# columns: 2
 4580 -620
 6019 -372
 6698 -124
 6430 124
 5876 370
 4464 620


