# Created by Octave 3.8.2, Mon Jun 22 19:53:08 2020 CEST <damian@fptrucha.inv.usc.es>
# name: hd
# type: matrix
# rows: 6
# columns: 2
 5116 -620
 6842 -372
 7377 -124
 7136 124
 6359 370
 4629 620


