# Created by Octave 3.8.2, Mon Jun 22 02:27:54 2020 CEST <damian@fptrucha.inv.usc.es>
# name: hd
# type: matrix
# rows: 6
# columns: 2
 30 -620
 61 -372
 92 -124
 42 124
 20 370
 5 620


