# Created by Octave 3.8.2, Sun Jun 21 04:39:54 2020 CEST <damian@fptrucha.inv.usc.es>
# name: hd
# type: matrix
# rows: 6
# columns: 2
 5246 -620
 6892 -372
 6985 -124
 6686 124
 5582 370
 4118 620


