# Created by Octave 3.8.2, Mon Jun 22 02:05:08 2020 CEST <damian@fptrucha.inv.usc.es>
# name: hd
# type: matrix
# rows: 6
# columns: 2
 5384 -620
 6662 -372
 7079 -124
 6389 124
 5719 370
 4277 620


