# Created by Octave 3.8.2, Mon Jun 22 15:17:17 2020 CEST <damian@fptrucha.inv.usc.es>
# name: hd
# type: matrix
# rows: 6
# columns: 2
 5188 -620
 6963 -372
 7360 -124
 6659 124
 6175 370
 4620 620


