# Created by Octave 3.8.2, Sat Jun 20 10:49:47 2020 CEST <damian@fptrucha.inv.usc.es>
# name: hd
# type: matrix
# rows: 6
# columns: 2
 3938 -620
 5113 -372
 5097 -124
 4819 124
 4040 370
 2976 620


