# Created by Octave 3.8.2, Sat Jun 20 19:51:07 2020 CEST <damian@fptrucha.inv.usc.es>
# name: hd
# type: matrix
# rows: 6
# columns: 2
 5281 -620
 6763 -372
 6981 -124
 6527 124
 5572 370
 4115 620


