# Created by Octave 3.8.2, Sun Jun 21 06:47:35 2020 CEST <damian@fptrucha.inv.usc.es>
# name: hd
# type: matrix
# rows: 6
# columns: 2
 5271 -620
 6726 -372
 6870 -124
 6486 124
 5381 370
 4038 620


