# Created by Octave 3.8.2, Mon Jun 22 05:04:50 2020 CEST <damian@fptrucha.inv.usc.es>
# name: hd
# type: matrix
# rows: 6
# columns: 2
 4731 -620
 5842 -372
 6567 -124
 6082 124
 5187 370
 4227 620


