# Created by Octave 3.8.2, Mon Jun 22 21:48:50 2020 CEST <damian@fptrucha.inv.usc.es>
# name: hd
# type: matrix
# rows: 6
# columns: 2
 5374 -620
 6895 -372
 7711 -124
 7151 124
 6295 370
 4852 620


