# Created by Octave 3.8.2, Sat Jun 20 10:54:04 2020 CEST <damian@fptrucha.inv.usc.es>
# name: hd
# type: matrix
# rows: 6
# columns: 2
 6104 -620
 7923 -372
 7803 -124
 7189 124
 6079 370
 4459 620


