# Created by Octave 3.8.2, Sun Jun 21 04:03:26 2020 CEST <damian@fptrucha.inv.usc.es>
# name: hd
# type: matrix
# rows: 6
# columns: 2
 5272 -620
 6659 -372
 7034 -124
 6439 124
 5479 370
 4012 620


