# Created by Octave 3.8.2, Mon Jun 22 16:58:14 2020 CEST <damian@fptrucha.inv.usc.es>
# name: hd
# type: matrix
# rows: 6
# columns: 2
 5189 -620
 6690 -372
 7195 -124
 6915 124
 6021 370
 4575 620


