# Created by Octave 3.8.2, Sun Jun 21 05:57:48 2020 CEST <damian@fptrucha.inv.usc.es>
# name: hd
# type: matrix
# rows: 6
# columns: 2
 5216 -620
 6484 -372
 6563 -124
 6253 124
 5374 370
 3905 620


