# Created by Octave 3.8.2, Mon Jun 22 22:18:03 2020 CEST <damian@fptrucha.inv.usc.es>
# name: hd
# type: matrix
# rows: 6
# columns: 2
 5327 -620
 6929 -372
 7448 -124
 7209 124
 6290 370
 4824 620


