# Created by Octave 3.8.2, Sun Jun 21 01:07:04 2020 CEST <damian@fptrucha.inv.usc.es>
# name: hd
# type: matrix
# rows: 6
# columns: 2
 5249 -620
 6825 -372
 6891 -124
 6553 124
 5195 370
 4036 620


