# Created by Octave 3.8.2, Mon Jun 22 03:47:21 2020 CEST <damian@fptrucha.inv.usc.es>
# name: hd
# type: matrix
# rows: 6
# columns: 2
 4785 -620
 5887 -372
 6566 -124
 6429 124
 5637 370
 4231 620


