# Created by Octave 3.8.2, Sat Jun 20 03:57:54 2020 CEST <damian@fptrucha.inv.usc.es>
# name: hd
# type: matrix
# rows: 6
# columns: 2
 5686 -620
 7533 -372
 7701 -124
 7308 124
 6299 370
 4790 620


