# Created by Octave 3.8.2, Sun Jun 21 07:21:59 2020 CEST <damian@fptrucha.inv.usc.es>
# name: hd
# type: matrix
# rows: 6
# columns: 2
 5290 -620
 6812 -372
 6991 -124
 6548 124
 5333 370
 3988 620


