# Created by Octave 3.8.2, Mon Jun 22 03:23:46 2020 CEST <damian@fptrucha.inv.usc.es>
# name: hd
# type: matrix
# rows: 6
# columns: 2
 4665 -620
 6206 -372
 6631 -124
 6347 124
 5682 370
 4361 620


