# Created by Octave 3.8.2, Sun Jun 21 04:35:17 2020 CEST <damian@fptrucha.inv.usc.es>
# name: hd
# type: matrix
# rows: 6
# columns: 2
 5302 -620
 6665 -372
 7095 -124
 6485 124
 5580 370
 4145 620


