# Created by Octave 3.8.2, Mon Jun 22 20:42:58 2020 CEST <damian@fptrucha.inv.usc.es>
# name: hd
# type: matrix
# rows: 6
# columns: 2
 5098 -620
 6777 -372
 7386 -124
 7228 124
 6285 370
 4668 620


