# Created by Octave 3.8.2, Mon Jun 22 06:59:38 2020 CEST <damian@fptrucha.inv.usc.es>
# name: hd
# type: matrix
# rows: 6
# columns: 2
 4517 -620
 5979 -372
 6720 -124
 6437 124
 5885 370
 4305 620


