# Created by Octave 3.8.2, Tue Jun 23 00:44:56 2020 CEST <damian@fptrucha.inv.usc.es>
# name: hd
# type: matrix
# rows: 6
# columns: 2
 5453 -620
 7149 -372
 7540 -124
 7153 124
 6478 370
 4745 620


