# Created by Octave 3.8.2, Sat Jun 20 14:49:52 2020 CEST <damian@fptrucha.inv.usc.es>
# name: hd
# type: matrix
# rows: 6
# columns: 2
 5581 -620
 7215 -372
 7282 -124
 6841 124
 5630 370
 4364 620


