# Created by Octave 3.8.2, Mon Jun 22 01:06:14 2020 CEST <damian@fptrucha.inv.usc.es>
# name: hd
# type: matrix
# rows: 6
# columns: 2
 5452 -620
 6922 -372
 7089 -124
 6653 124
 5665 370
 4246 620


