# Created by Octave 3.8.2, Sat Jun 20 21:03:37 2020 CEST <damian@fptrucha.inv.usc.es>
# name: hd
# type: matrix
# rows: 6
# columns: 2
 5295 -620
 6894 -372
 6945 -124
 6455 124
 5507 370
 4012 620


