# Created by Octave 3.8.2, Sat Jun 20 08:51:15 2020 CEST <damian@fptrucha.inv.usc.es>
# name: hd
# type: matrix
# rows: 6
# columns: 2
 6286 -620
 7793 -372
 8033 -124
 7470 124
 6471 370
 4692 620


