# Created by Octave 3.8.2, Sat Jun 20 16:59:43 2020 CEST <damian@fptrucha.inv.usc.es>
# name: hd
# type: matrix
# rows: 6
# columns: 2
 5515 -620
 7055 -372
 7083 -124
 6650 124
 5619 370
 4222 620


