# Created by Octave 3.8.2, Mon Jun 22 00:31:05 2020 CEST <damian@fptrucha.inv.usc.es>
# name: hd
# type: matrix
# rows: 6
# columns: 2
 5480 -620
 6998 -372
 6993 -124
 6533 124
 5472 370
 4098 620


