# Created by Octave 3.8.2, Sat Jun 20 19:11:30 2020 CEST <damian@fptrucha.inv.usc.es>
# name: hd
# type: matrix
# rows: 6
# columns: 2
 5418 -620
 7054 -372
 7055 -124
 6470 124
 5563 370
 4068 620


