# Created by Octave 3.8.2, Mon Jun 22 14:05:43 2020 CEST <damian@fptrucha.inv.usc.es>
# name: hd
# type: matrix
# rows: 6
# columns: 2
 4749 -620
 6449 -372
 7213 -124
 6689 124
 5929 370
 4538 620


