# Created by Octave 3.8.2, Sat Jun 20 23:40:32 2020 CEST <damian@fptrucha.inv.usc.es>
# name: hd
# type: matrix
# rows: 6
# columns: 2
 5257 -620
 6696 -372
 6760 -124
 6403 124
 5513 370
 3997 620


