# Created by Octave 3.8.2, Sun Jun 21 07:16:49 2020 CEST <damian@fptrucha.inv.usc.es>
# name: hd
# type: matrix
# rows: 6
# columns: 2
 5450 -620
 7001 -372
 6936 -124
 6530 124
 5473 370
 4168 620


