# Created by Octave 3.8.2, Sat Jun 20 20:10:00 2020 CEST <damian@fptrucha.inv.usc.es>
# name: hd
# type: matrix
# rows: 6
# columns: 2
 5337 -620
 6819 -372
 7208 -124
 6402 124
 5556 370
 4093 620


