# Created by Octave 3.8.2, Sun Jun 21 06:37:40 2020 CEST <damian@fptrucha.inv.usc.es>
# name: hd
# type: matrix
# rows: 6
# columns: 2
 5526 -620
 7024 -372
 7285 -124
 6746 124
 5600 370
 4221 620


