# Created by Octave 3.8.2, Sat Jun 20 04:56:01 2020 CEST <damian@fptrucha.inv.usc.es>
# name: hd
# type: matrix
# rows: 6
# columns: 2
 5878 -620
 7688 -372
 7872 -124
 7276 124
 6184 370
 4849 620


