# Created by Octave 3.8.2, Sat Jun 20 02:35:11 2020 CEST <damian@fptrucha.inv.usc.es>
# name: hd
# type: matrix
# rows: 6
# columns: 2
 5550 -620
 7561 -372
 7733 -124
 7263 124
 6130 370
 4879 620


