# Created by Octave 3.8.2, Sun Jun 21 06:33:03 2020 CEST <damian@fptrucha.inv.usc.es>
# name: hd
# type: matrix
# rows: 6
# columns: 2
 5397 -620
 6989 -372
 6999 -124
 6594 124
 5461 370
 4086 620


