# Created by Octave 3.8.2, Mon Jun 22 07:32:26 2020 CEST <damian@fptrucha.inv.usc.es>
# name: hd
# type: matrix
# rows: 6
# columns: 2
 4656 -620
 6136 -372
 6719 -124
 6614 124
 5738 370
 4346 620


