# Created by Octave 3.8.2, Sun Jun 21 08:00:14 2020 CEST <damian@fptrucha.inv.usc.es>
# name: hd
# type: matrix
# rows: 6
# columns: 2
 3567 -620
 4657 -372
 4718 -124
 4429 124
 3565 370
 2786 620


