# Created by Octave 3.8.2, Sat Jun 20 03:06:09 2020 CEST <damian@fptrucha.inv.usc.es>
# name: hd
# type: matrix
# rows: 6
# columns: 2
 5577 -620
 7276 -372
 7679 -124
 7405 124
 6140 370
 4675 620


