# Created by Octave 3.8.2, Sat Jun 20 16:31:24 2020 CEST <damian@fptrucha.inv.usc.es>
# name: hd
# type: matrix
# rows: 6
# columns: 2
 5697 -620
 7237 -372
 7143 -124
 6615 124
 5644 370
 4160 620


