# Created by Octave 3.8.2, Mon Jun 22 17:51:00 2020 CEST <damian@fptrucha.inv.usc.es>
# name: hd
# type: matrix
# rows: 6
# columns: 2
 5197 -620
 6722 -372
 7469 -124
 6983 124
 6230 370
 4643 620


