# Created by Octave 3.8.2, Mon Jun 22 03:46:24 2020 CEST <damian@fptrucha.inv.usc.es>
# name: hd
# type: matrix
# rows: 6
# columns: 2
 4693 -620
 5897 -372
 6661 -124
 6212 124
 5663 370
 4328 620


