# Created by Octave 3.8.2, Sat Jun 20 13:00:40 2020 CEST <damian@fptrucha.inv.usc.es>
# name: hd
# type: matrix
# rows: 6
# columns: 2
 5835 -620
 7562 -372
 7545 -124
 7170 124
 5840 370
 4348 620


