# Created by Octave 3.8.2, Mon Jun 22 19:00:55 2020 CEST <damian@fptrucha.inv.usc.es>
# name: hd
# type: matrix
# rows: 6
# columns: 2
 5185 -620
 6736 -372
 7365 -124
 6956 124
 6166 370
 4804 620


