# Created by Octave 3.8.2, Mon Jun 22 06:24:33 2020 CEST <damian@fptrucha.inv.usc.es>
# name: hd
# type: matrix
# rows: 6
# columns: 2
 4497 -620
 5983 -372
 6629 -124
 6558 124
 5750 370
 4369 620


