# Created by Octave 3.8.2, Tue Jun 23 00:25:08 2020 CEST <damian@fptrucha.inv.usc.es>
# name: hd
# type: matrix
# rows: 6
# columns: 2
 3747 -620
 5168 -372
 5586 -124
 5163 124
 4704 370
 3611 620


