# Created by Octave 3.8.2, Mon Jun 22 07:25:23 2020 CEST <damian@fptrucha.inv.usc.es>
# name: hd
# type: matrix
# rows: 6
# columns: 2
 4635 -620
 6168 -372
 6788 -124
 6521 124
 5813 370
 4422 620


