# Created by Octave 3.8.2, Mon Jun 22 07:19:19 2020 CEST <damian@fptrucha.inv.usc.es>
# name: hd
# type: matrix
# rows: 6
# columns: 2
 4751 -620
 6100 -372
 6754 -124
 6485 124
 5861 370
 4436 620


