# Created by Octave 3.8.2, Mon Jun 22 00:21:00 2020 CEST <damian@fptrucha.inv.usc.es>
# name: hd
# type: matrix
# rows: 6
# columns: 2
 5387 -620
 6690 -372
 6885 -124
 6496 124
 5390 370
 3961 620


