# Created by Octave 3.8.2, Mon Jun 22 19:36:09 2020 CEST <damian@fptrucha.inv.usc.es>
# name: hd
# type: matrix
# rows: 6
# columns: 2
 5220 -620
 6690 -372
 7322 -124
 7072 124
 6271 370
 4842 620


