# Created by Octave 3.8.2, Mon Jun 22 06:16:51 2020 CEST <damian@fptrucha.inv.usc.es>
# name: hd
# type: matrix
# rows: 6
# columns: 2
 4630 -620
 6119 -372
 6843 -124
 6607 124
 5706 370
 4425 620


