# Created by Octave 3.8.2, Tue Jun 23 00:43:44 2020 CEST <damian@fptrucha.inv.usc.es>
# name: hd
# type: matrix
# rows: 6
# columns: 2
 5371 -620
 6920 -372
 7477 -124
 7111 124
 6446 370
 4932 620


