# Created by Octave 3.8.2, Mon Jun 22 07:57:09 2020 CEST <damian@fptrucha.inv.usc.es>
# name: hd
# type: matrix
# rows: 6
# columns: 2
 4606 -620
 6165 -372
 6730 -124
 6609 124
 5814 370
 4452 620


