# Created by Octave 3.8.2, Mon Jun 22 08:49:38 2020 CEST <damian@fptrucha.inv.usc.es>
# name: hd
# type: matrix
# rows: 6
# columns: 2
 4751 -620
 6295 -372
 6778 -124
 6608 124
 5946 370
 4346 620


