# Created by Octave 3.8.2, Mon Jun 22 15:44:10 2020 CEST <damian@fptrucha.inv.usc.es>
# name: hd
# type: matrix
# rows: 6
# columns: 2
 5336 -620
 6816 -372
 7366 -124
 6778 124
 5946 370
 4595 620


