# Created by Octave 3.8.2, Sat Jun 20 22:07:59 2020 CEST <damian@fptrucha.inv.usc.es>
# name: hd
# type: matrix
# rows: 6
# columns: 2
 5360 -620
 6735 -372
 7216 -124
 6482 124
 5560 370
 4132 620


