# Created by Octave 3.8.2, Sat Jun 20 21:29:42 2020 CEST <damian@fptrucha.inv.usc.es>
# name: hd
# type: matrix
# rows: 6
# columns: 2
 5306 -620
 6978 -372
 6814 -124
 6528 124
 5403 370
 4026 620


