# Created by Octave 3.8.2, Sat Jun 20 22:52:39 2020 CEST <damian@fptrucha.inv.usc.es>
# name: hd
# type: matrix
# rows: 6
# columns: 2
 5437 -620
 6771 -372
 6854 -124
 6397 124
 5329 370
 4101 620


