# Created by Octave 3.8.2, Sat Jun 20 10:51:11 2020 CEST <damian@fptrucha.inv.usc.es>
# name: hd
# type: matrix
# rows: 6
# columns: 2
 5958 -620
 7642 -372
 7921 -124
 7202 124
 6135 370
 4597 620


