# Created by Octave 3.8.2, Sun Jun 21 06:18:49 2020 CEST <damian@fptrucha.inv.usc.es>
# name: hd
# type: matrix
# rows: 6
# columns: 2
 5338 -620
 6878 -372
 6920 -124
 6460 124
 5416 370
 4029 620


