# Created by Octave 3.8.2, Sat Jun 20 17:21:36 2020 CEST <damian@fptrucha.inv.usc.es>
# name: hd
# type: matrix
# rows: 6
# columns: 2
 5435 -620
 7154 -372
 7051 -124
 6703 124
 5463 370
 4207 620


