# Created by Octave 3.8.2, Sat Jun 20 06:17:59 2020 CEST <damian@fptrucha.inv.usc.es>
# name: hd
# type: matrix
# rows: 6
# columns: 2
 5812 -620
 7764 -372
 7836 -124
 7381 124
 6421 370
 4946 620


