# Created by Octave 3.8.2, Sun Jun 21 04:21:50 2020 CEST <damian@fptrucha.inv.usc.es>
# name: hd
# type: matrix
# rows: 6
# columns: 2
 5436 -620
 6720 -372
 6862 -124
 6406 124
 5416 370
 4100 620


