# Created by Octave 3.8.2, Sun Jun 21 01:39:56 2020 CEST <damian@fptrucha.inv.usc.es>
# name: hd
# type: matrix
# rows: 6
# columns: 2
 5174 -620
 6771 -372
 6829 -124
 6315 124
 5450 370
 4014 620


