# Created by Octave 3.8.2, Mon Jun 22 12:36:37 2020 CEST <damian@fptrucha.inv.usc.es>
# name: hd
# type: matrix
# rows: 6
# columns: 2
 4970 -620
 6464 -372
 7197 -124
 6683 124
 5882 370
 4465 620


