# Created by Octave 3.8.2, Sun Jun 21 01:24:07 2020 CEST <damian@fptrucha.inv.usc.es>
# name: hd
# type: matrix
# rows: 6
# columns: 2
 5187 -620
 6782 -372
 6851 -124
 6415 124
 5457 370
 4031 620


