# Created by Octave 3.8.2, Mon Jun 22 22:34:22 2020 CEST <damian@fptrucha.inv.usc.es>
# name: hd
# type: matrix
# rows: 6
# columns: 2
 5470 -620
 7161 -372
 7314 -124
 7048 124
 6328 370
 4835 620


