# Created by Octave 3.8.2, Mon Jun 22 09:37:28 2020 CEST <damian@fptrucha.inv.usc.es>
# name: hd
# type: matrix
# rows: 6
# columns: 2
 4714 -620
 6356 -372
 6715 -124
 6539 124
 5954 370
 4449 620


