# Created by Octave 3.8.2, Mon Jun 22 12:21:09 2020 CEST <damian@fptrucha.inv.usc.es>
# name: hd
# type: matrix
# rows: 6
# columns: 2
 4911 -620
 6519 -372
 7154 -124
 6686 124
 6011 370
 4439 620


