# Created by Octave 3.8.2, Sat Jun 20 13:03:25 2020 CEST <damian@fptrucha.inv.usc.es>
# name: hd
# type: matrix
# rows: 6
# columns: 2
 5816 -620
 7333 -372
 7727 -124
 6981 124
 5656 370
 4416 620


