# Created by Octave 3.8.2, Sat Jun 20 20:54:39 2020 CEST <damian@fptrucha.inv.usc.es>
# name: hd
# type: matrix
# rows: 6
# columns: 2
 5387 -620
 6773 -372
 7046 -124
 6578 124
 5595 370
 4166 620


