# Created by Octave 3.8.2, Mon Jun 22 09:16:05 2020 CEST <damian@fptrucha.inv.usc.es>
# name: hd
# type: matrix
# rows: 6
# columns: 2
 4606 -620
 6232 -372
 7046 -124
 6541 124
 5874 370
 4425 620


