# Created by Octave 3.8.2, Mon Jun 22 04:11:28 2020 CEST <damian@fptrucha.inv.usc.es>
# name: hd
# type: matrix
# rows: 6
# columns: 2
 4742 -620
 5804 -372
 6405 -124
 6040 124
 5521 370
 4213 620


