# Created by Octave 3.8.2, Sun Jun 21 02:50:37 2020 CEST <damian@fptrucha.inv.usc.es>
# name: hd
# type: matrix
# rows: 6
# columns: 2
 5218 -620
 6723 -372
 6881 -124
 6314 124
 5413 370
 4110 620


