# Created by Octave 3.8.2, Mon Jun 22 12:26:21 2020 CEST <damian@fptrucha.inv.usc.es>
# name: hd
# type: matrix
# rows: 6
# columns: 2
 4925 -620
 6595 -372
 7017 -124
 6759 124
 6108 370
 4582 620


