# Created by Octave 3.8.2, Sat Jun 20 17:57:42 2020 CEST <damian@fptrucha.inv.usc.es>
# name: hd
# type: matrix
# rows: 6
# columns: 2
 5546 -620
 6969 -372
 6867 -124
 6610 124
 5310 370
 4167 620


