# Created by Octave 3.8.2, Mon Jun 22 04:25:14 2020 CEST <damian@fptrucha.inv.usc.es>
# name: hd
# type: matrix
# rows: 6
# columns: 2
 4569 -620
 5977 -372
 6466 -124
 5983 124
 5326 370
 4061 620


