# Created by Octave 3.8.2, Mon Jun 22 15:31:19 2020 CEST <damian@fptrucha.inv.usc.es>
# name: hd
# type: matrix
# rows: 6
# columns: 2
 5278 -620
 6854 -372
 7213 -124
 6955 124
 6030 370
 4584 620


