# Created by Octave 3.8.2, Sun Jun 21 01:38:50 2020 CEST <damian@fptrucha.inv.usc.es>
# name: hd
# type: matrix
# rows: 6
# columns: 2
 5167 -620
 6529 -372
 6762 -124
 6468 124
 5390 370
 4009 620


