# Created by Octave 3.8.2, Mon Jun 22 05:06:43 2020 CEST <damian@fptrucha.inv.usc.es>
# name: hd
# type: matrix
# rows: 6
# columns: 2
 4615 -620
 5942 -372
 6505 -124
 6142 124
 5462 370
 4147 620


