# Created by Octave 3.8.2, Sat Jun 20 03:12:43 2020 CEST <damian@fptrucha.inv.usc.es>
# name: hd
# type: matrix
# rows: 6
# columns: 2
 5692 -620
 7415 -372
 7637 -124
 7320 124
 6123 370
 4685 620


