# Created by Octave 3.8.2, Mon Jun 22 09:14:00 2020 CEST <damian@fptrucha.inv.usc.es>
# name: hd
# type: matrix
# rows: 6
# columns: 2
 4826 -620
 6254 -372
 6839 -124
 6543 124
 5841 370
 4412 620


