# Created by Octave 3.8.2, Mon Jun 22 19:52:01 2020 CEST <damian@fptrucha.inv.usc.es>
# name: hd
# type: matrix
# rows: 6
# columns: 2
 5239 -620
 6889 -372
 7471 -124
 7024 124
 6280 370
 4779 620


