# Created by Octave 3.8.2, Mon Jun 22 05:07:41 2020 CEST <damian@fptrucha.inv.usc.es>
# name: hd
# type: matrix
# rows: 6
# columns: 2
 4644 -620
 5812 -372
 6437 -124
 6112 124
 5424 370
 4169 620


