# Created by Octave 3.8.2, Sat Jun 20 22:31:04 2020 CEST <damian@fptrucha.inv.usc.es>
# name: hd
# type: matrix
# rows: 6
# columns: 2
 5543 -620
 6847 -372
 6893 -124
 6410 124
 5425 370
 4121 620


