# Created by Octave 3.8.2, Mon Jun 22 13:15:21 2020 CEST <damian@fptrucha.inv.usc.es>
# name: hd
# type: matrix
# rows: 6
# columns: 2
 5003 -620
 6618 -372
 7112 -124
 6754 124
 6032 370
 4621 620


