# Created by Octave 3.8.2, Mon Jun 22 01:38:10 2020 CEST <damian@fptrucha.inv.usc.es>
# name: hd
# type: matrix
# rows: 6
# columns: 2
 5621 -620
 7203 -372
 7248 -124
 6656 124
 5691 370
 4260 620


