# Created by Octave 3.8.2, Sat Jun 20 04:36:38 2020 CEST <damian@fptrucha.inv.usc.es>
# name: hd
# type: matrix
# rows: 6
# columns: 2
 5837 -620
 7618 -372
 7836 -124
 7343 124
 5995 370
 4741 620


