# Created by Octave 3.8.2, Mon Jun 22 02:38:47 2020 CEST <damian@fptrucha.inv.usc.es>
# name: hd
# type: matrix
# rows: 6
# columns: 2
 4748 -620
 5888 -372
 6495 -124
 6180 124
 5749 370
 4324 620


