# Created by Octave 3.8.2, Sun Jun 21 04:28:35 2020 CEST <damian@fptrucha.inv.usc.es>
# name: hd
# type: matrix
# rows: 6
# columns: 2
 5260 -620
 6575 -372
 6937 -124
 6470 124
 5487 370
 4068 620


