# Created by Octave 3.8.2, Sun Jun 21 05:32:42 2020 CEST <damian@fptrucha.inv.usc.es>
# name: hd
# type: matrix
# rows: 6
# columns: 2
 5318 -620
 6791 -372
 6907 -124
 6437 124
 5424 370
 4098 620


