# Created by Octave 3.8.2, Mon Jun 22 10:10:13 2020 CEST <damian@fptrucha.inv.usc.es>
# name: hd
# type: matrix
# rows: 6
# columns: 2
 4893 -620
 6333 -372
 6955 -124
 6632 124
 5833 370
 4388 620


