# Created by Octave 3.8.2, Mon Jun 22 23:16:25 2020 CEST <damian@fptrucha.inv.usc.es>
# name: hd
# type: matrix
# rows: 6
# columns: 2
 5459 -620
 7309 -372
 7792 -124
 7344 124
 6378 370
 4728 620


