# Created by Octave 3.8.2, Mon Jun 22 00:27:07 2020 CEST <damian@fptrucha.inv.usc.es>
# name: hd
# type: matrix
# rows: 6
# columns: 2
 5493 -620
 7196 -372
 7219 -124
 6909 124
 5694 370
 4202 620


