# Created by Octave 3.8.2, Mon Jun 22 04:39:13 2020 CEST <damian@fptrucha.inv.usc.es>
# name: hd
# type: matrix
# rows: 6
# columns: 2
 4599 -620
 5865 -372
 6525 -124
 6148 124
 5296 370
 3975 620


