# Created by Octave 3.8.2, Mon Jun 22 15:33:32 2020 CEST <damian@fptrucha.inv.usc.es>
# name: hd
# type: matrix
# rows: 6
# columns: 2
 5325 -620
 6896 -372
 7362 -124
 6710 124
 6123 370
 4563 620


