# Created by Octave 3.8.2, Sat Jun 20 13:26:27 2020 CEST <damian@fptrucha.inv.usc.es>
# name: hd
# type: matrix
# rows: 6
# columns: 2
 5905 -620
 7247 -372
 7598 -124
 7024 124
 5941 370
 4239 620


