# Created by Octave 3.8.2, Mon Jun 22 20:23:33 2020 CEST <damian@fptrucha.inv.usc.es>
# name: hd
# type: matrix
# rows: 6
# columns: 2
 5196 -620
 6874 -372
 7327 -124
 7099 124
 6410 370
 4804 620


