# Created by Octave 3.8.2, Mon Jun 22 21:01:15 2020 CEST <damian@fptrucha.inv.usc.es>
# name: hd
# type: matrix
# rows: 6
# columns: 2
 5250 -620
 6929 -372
 7385 -124
 7028 124
 6319 370
 4800 620


