# Created by Octave 3.8.2, Sat Jun 20 10:58:18 2020 CEST <damian@fptrucha.inv.usc.es>
# name: hd
# type: matrix
# rows: 6
# columns: 2
 6152 -620
 7652 -372
 7830 -124
 7421 124
 6167 370
 4533 620


