# Created by Octave 3.8.2, Mon Jun 22 22:04:58 2020 CEST <damian@fptrucha.inv.usc.es>
# name: hd
# type: matrix
# rows: 6
# columns: 2
 5260 -620
 7064 -372
 7629 -124
 7158 124
 6248 370
 4829 620


