# Created by Octave 3.8.2, Mon Jun 22 02:25:53 2020 CEST <damian@fptrucha.inv.usc.es>
# name: hd
# type: matrix
# rows: 6
# columns: 2
 3275 -620
 3390 -372
 3150 -124
 2132 124
 1510 370
 1020 620


