# Created by Octave 3.8.2, Mon Jun 22 16:31:04 2020 CEST <damian@fptrucha.inv.usc.es>
# name: hd
# type: matrix
# rows: 6
# columns: 2
 5168 -620
 6901 -372
 7149 -124
 6999 124
 6206 370
 4574 620


