# Created by Octave 3.8.2, Sat Jun 20 17:55:03 2020 CEST <damian@fptrucha.inv.usc.es>
# name: hd
# type: matrix
# rows: 6
# columns: 2
 5455 -620
 7110 -372
 6980 -124
 6525 124
 5424 370
 4148 620


