# Created by Octave 3.8.2, Mon Jun 22 18:27:30 2020 CEST <damian@fptrucha.inv.usc.es>
# name: hd
# type: matrix
# rows: 6
# columns: 2
 5190 -620
 6704 -372
 7300 -124
 6908 124
 6245 370
 4808 620


