# Created by Octave 3.8.2, Mon Jun 22 17:09:28 2020 CEST <damian@fptrucha.inv.usc.es>
# name: hd
# type: matrix
# rows: 6
# columns: 2
 5192 -620
 6807 -372
 7343 -124
 6947 124
 6105 370
 4644 620


