# Created by Octave 3.8.2, Sat Jun 20 14:29:56 2020 CEST <damian@fptrucha.inv.usc.es>
# name: hd
# type: matrix
# rows: 6
# columns: 2
 5746 -620
 7313 -372
 7323 -124
 6744 124
 5842 370
 4391 620


