# Created by Octave 3.8.2, Sat Jun 20 02:36:34 2020 CEST <damian@fptrucha.inv.usc.es>
# name: hd
# type: matrix
# rows: 6
# columns: 2
 5531 -620
 7345 -372
 7629 -124
 7191 124
 6308 370
 4711 620


