# Created by Octave 3.8.2, Sat Jun 20 19:52:27 2020 CEST <damian@fptrucha.inv.usc.es>
# name: hd
# type: matrix
# rows: 6
# columns: 2
 5384 -620
 6819 -372
 7295 -124
 6592 124
 5616 370
 4280 620


