# Created by Octave 3.8.2, Sat Jun 20 21:52:24 2020 CEST <damian@fptrucha.inv.usc.es>
# name: hd
# type: matrix
# rows: 6
# columns: 2
 5383 -620
 6835 -372
 7011 -124
 6410 124
 5452 370
 4046 620


