# Created by Octave 3.8.2, Mon Jun 22 04:47:16 2020 CEST <damian@fptrucha.inv.usc.es>
# name: hd
# type: matrix
# rows: 6
# columns: 2
 4633 -620
 5747 -372
 6535 -124
 6050 124
 5287 370
 4004 620


