# Created by Octave 3.8.2, Sun Jun 21 07:31:00 2020 CEST <damian@fptrucha.inv.usc.es>
# name: hd
# type: matrix
# rows: 6
# columns: 2
 5117 -620
 6773 -372
 6931 -124
 6289 124
 5366 370
 4098 620


