# Created by Octave 3.8.2, Mon Jun 22 21:45:16 2020 CEST <damian@fptrucha.inv.usc.es>
# name: hd
# type: matrix
# rows: 6
# columns: 2
 5424 -620
 7178 -372
 7420 -124
 6978 124
 6403 370
 4833 620


