# Created by Octave 3.8.2, Sat Jun 20 14:48:31 2020 CEST <damian@fptrucha.inv.usc.es>
# name: hd
# type: matrix
# rows: 6
# columns: 2
 5758 -620
 7281 -372
 7452 -124
 7030 124
 5785 370
 4366 620


