# Created by Octave 3.8.2, Sat Jun 20 17:59:00 2020 CEST <damian@fptrucha.inv.usc.es>
# name: hd
# type: matrix
# rows: 6
# columns: 2
 5272 -620
 6830 -372
 7096 -124
 6521 124
 5638 370
 4101 620


