# Created by Octave 3.8.2, Sun Jun 21 05:52:18 2020 CEST <damian@fptrucha.inv.usc.es>
# name: hd
# type: matrix
# rows: 6
# columns: 2
 5273 -620
 6707 -372
 6883 -124
 6455 124
 5457 370
 4023 620


