# Created by Octave 3.8.2, Sat Jun 20 23:29:46 2020 CEST <damian@fptrucha.inv.usc.es>
# name: hd
# type: matrix
# rows: 6
# columns: 2
 5259 -620
 6722 -372
 6878 -124
 6385 124
 5463 370
 4098 620


