# Created by Octave 3.8.2, Mon Jun 22 06:09:54 2020 CEST <damian@fptrucha.inv.usc.es>
# name: hd
# type: matrix
# rows: 6
# columns: 2
 4599 -620
 6030 -372
 6716 -124
 6502 124
 5677 370
 4438 620


