# Created by Octave 3.8.2, Sat Jun 20 19:02:51 2020 CEST <damian@fptrucha.inv.usc.es>
# name: hd
# type: matrix
# rows: 6
# columns: 2
 5375 -620
 6699 -372
 6986 -124
 6596 124
 5481 370
 4107 620


