# Created by Octave 3.8.2, Sat Jun 20 19:59:45 2020 CEST <damian@fptrucha.inv.usc.es>
# name: hd
# type: matrix
# rows: 6
# columns: 2
 5445 -620
 6874 -372
 6984 -124
 6431 124
 5594 370
 4153 620


