# Created by Octave 3.8.2, Tue Jun 23 00:29:28 2020 CEST <damian@fptrucha.inv.usc.es>
# name: hd
# type: matrix
# rows: 6
# columns: 2
 5448 -620
 6991 -372
 7418 -124
 7074 124
 6365 370
 4904 620


