# Created by Octave 3.8.2, Sun Jun 21 06:12:05 2020 CEST <damian@fptrucha.inv.usc.es>
# name: hd
# type: matrix
# rows: 6
# columns: 2
 5326 -620
 6981 -372
 7043 -124
 6448 124
 5312 370
 4270 620


