# Created by Octave 3.8.2, Mon Jun 22 23:52:40 2020 CEST <damian@fptrucha.inv.usc.es>
# name: hd
# type: matrix
# rows: 6
# columns: 2
 5325 -620
 7088 -372
 7582 -124
 7178 124
 6357 370
 4817 620


