# Created by Octave 3.8.2, Sun Jun 21 07:35:37 2020 CEST <damian@fptrucha.inv.usc.es>
# name: hd
# type: matrix
# rows: 6
# columns: 2
 5479 -620
 7010 -372
 7282 -124
 6741 124
 5706 370
 4311 620


