# Created by Octave 3.8.2, Sun Jun 21 06:30:46 2020 CEST <damian@fptrucha.inv.usc.es>
# name: hd
# type: matrix
# rows: 6
# columns: 2
 5328 -620
 6790 -372
 6860 -124
 6686 124
 5397 370
 4068 620


