# Created by Octave 3.8.2, Sat Jun 20 07:14:50 2020 CEST <damian@fptrucha.inv.usc.es>
# name: hd
# type: matrix
# rows: 6
# columns: 2
 5964 -620
 7733 -372
 7870 -124
 7567 124
 6393 370
 4921 620


