# Created by Octave 3.8.2, Sun Jun 21 02:53:53 2020 CEST <damian@fptrucha.inv.usc.es>
# name: hd
# type: matrix
# rows: 6
# columns: 2
 5227 -620
 6753 -372
 6787 -124
 6283 124
 5317 370
 3964 620


