# Created by Octave 3.8.2, Mon Jun 22 22:20:24 2020 CEST <damian@fptrucha.inv.usc.es>
# name: hd
# type: matrix
# rows: 6
# columns: 2
 5343 -620
 6987 -372
 7553 -124
 7062 124
 6343 370
 4767 620


