# Created by Octave 3.8.2, Sun Jun 21 05:12:57 2020 CEST <damian@fptrucha.inv.usc.es>
# name: hd
# type: matrix
# rows: 6
# columns: 2
 5354 -620
 6814 -372
 6915 -124
 6337 124
 5435 370
 4199 620


