# Created by Octave 3.8.2, Sat Jun 20 18:18:11 2020 CEST <damian@fptrucha.inv.usc.es>
# name: hd
# type: matrix
# rows: 6
# columns: 2
 5203 -620
 7069 -372
 7091 -124
 6495 124
 5510 370
 4220 620


