# Created by Octave 3.8.2, Mon Jun 22 22:50:38 2020 CEST <damian@fptrucha.inv.usc.es>
# name: hd
# type: matrix
# rows: 6
# columns: 2
 5385 -620
 7274 -372
 7633 -124
 7197 124
 6253 370
 4725 620


