# Created by Octave 3.8.2, Sat Jun 20 14:24:33 2020 CEST <damian@fptrucha.inv.usc.es>
# name: hd
# type: matrix
# rows: 6
# columns: 2
 5744 -620
 7283 -372
 7346 -124
 6799 124
 5670 370
 4348 620


