# Created by Octave 3.8.2, Sat Jun 20 22:03:57 2020 CEST <damian@fptrucha.inv.usc.es>
# name: hd
# type: matrix
# rows: 6
# columns: 2
 5257 -620
 6685 -372
 6995 -124
 6524 124
 5389 370
 4123 620


