# Created by Octave 3.8.2, Mon Jun 22 04:43:32 2020 CEST <damian@fptrucha.inv.usc.es>
# name: hd
# type: matrix
# rows: 6
# columns: 2
 4617 -620
 5706 -372
 6391 -124
 5944 124
 5289 370
 3965 620


