# Created by Octave 3.8.2, Mon Jun 22 13:46:48 2020 CEST <damian@fptrucha.inv.usc.es>
# name: hd
# type: matrix
# rows: 6
# columns: 2
 5057 -620
 6458 -372
 7032 -124
 6745 124
 6011 370
 4686 620


