# Created by Octave 3.8.2, Sun Jun 21 01:48:16 2020 CEST <damian@fptrucha.inv.usc.es>
# name: hd
# type: matrix
# rows: 6
# columns: 2
 5295 -620
 6745 -372
 6918 -124
 6451 124
 5405 370
 4088 620


