# Created by Octave 3.8.2, Mon Jun 22 10:34:02 2020 CEST <damian@fptrucha.inv.usc.es>
# name: hd
# type: matrix
# rows: 6
# columns: 2
 4931 -620
 6423 -372
 7107 -124
 6513 124
 5898 370
 4481 620


