# Created by Octave 3.8.2, Sat Jun 20 06:56:31 2020 CEST <damian@fptrucha.inv.usc.es>
# name: hd
# type: matrix
# rows: 6
# columns: 2
 5841 -620
 7440 -372
 7913 -124
 7325 124
 6341 370
 4856 620


