# Created by Octave 3.8.2, Mon Jun 22 03:35:52 2020 CEST <damian@fptrucha.inv.usc.es>
# name: hd
# type: matrix
# rows: 6
# columns: 2
 4677 -620
 5902 -372
 6658 -124
 6309 124
 5567 370
 4224 620


