# Created by Octave 3.8.2, Sat Jun 20 22:44:53 2020 CEST <damian@fptrucha.inv.usc.es>
# name: hd
# type: matrix
# rows: 6
# columns: 2
 5358 -620
 6823 -372
 6912 -124
 6441 124
 5458 370
 4111 620


