# Created by Octave 3.8.2, Mon Jun 22 15:29:11 2020 CEST <damian@fptrucha.inv.usc.es>
# name: hd
# type: matrix
# rows: 6
# columns: 2
 5343 -620
 6800 -372
 7258 -124
 7053 124
 6152 370
 4617 620


