# Created by Octave 3.8.2, Mon Jun 22 08:40:42 2020 CEST <damian@fptrucha.inv.usc.es>
# name: hd
# type: matrix
# rows: 6
# columns: 2
 4802 -620
 6241 -372
 6761 -124
 6508 124
 5817 370
 4537 620


