# Created by Octave 3.8.2, Sun Jun 21 07:50:25 2020 CEST <damian@fptrucha.inv.usc.es>
# name: hd
# type: matrix
# rows: 6
# columns: 2
 5276 -620
 6803 -372
 6993 -124
 6525 124
 5499 370
 3986 620


