# Created by Octave 3.8.2, Mon Jun 22 19:10:09 2020 CEST <damian@fptrucha.inv.usc.es>
# name: hd
# type: matrix
# rows: 6
# columns: 2
 5057 -620
 6790 -372
 7429 -124
 7063 124
 6345 370
 4811 620


