# Created by Octave 3.8.2, Mon Jun 22 19:23:30 2020 CEST <damian@fptrucha.inv.usc.es>
# name: hd
# type: matrix
# rows: 6
# columns: 2
 5399 -620
 6693 -372
 7467 -124
 7046 124
 6214 370
 4887 620


