# Created by Octave 3.8.2, Mon Jun 22 03:34:55 2020 CEST <damian@fptrucha.inv.usc.es>
# name: hd
# type: matrix
# rows: 6
# columns: 2
 4675 -620
 5816 -372
 6536 -124
 6287 124
 5560 370
 4235 620


