# Created by Octave 3.8.2, Sat Jun 20 17:42:02 2020 CEST <damian@fptrucha.inv.usc.es>
# name: hd
# type: matrix
# rows: 6
# columns: 2
 5459 -620
 6871 -372
 6931 -124
 6659 124
 5572 370
 4156 620


