# Created by Octave 3.8.2, Tue Jun 23 00:37:46 2020 CEST <damian@fptrucha.inv.usc.es>
# name: hd
# type: matrix
# rows: 6
# columns: 2
 5513 -620
 7080 -372
 7356 -124
 7100 124
 6407 370
 4774 620


