# Created by Octave 3.8.2, Mon Jun 22 01:29:06 2020 CEST <damian@fptrucha.inv.usc.es>
# name: hd
# type: matrix
# rows: 6
# columns: 2
 5178 -620
 6982 -372
 6966 -124
 6521 124
 5508 370
 4189 620


