# Created by Octave 3.8.2, Mon Jun 22 05:35:10 2020 CEST <damian@fptrucha.inv.usc.es>
# name: hd
# type: matrix
# rows: 6
# columns: 2
 4589 -620
 6033 -372
 6516 -124
 6408 124
 5629 370
 4302 620


