# Created by Octave 3.8.2, Mon Jun 22 08:28:18 2020 CEST <damian@fptrucha.inv.usc.es>
# name: hd
# type: matrix
# rows: 6
# columns: 2
 4914 -620
 6200 -372
 6679 -124
 6590 124
 5801 370
 4483 620


