# Created by Octave 3.8.2, Sat Jun 20 15:10:50 2020 CEST <damian@fptrucha.inv.usc.es>
# name: hd
# type: matrix
# rows: 6
# columns: 2
 5720 -620
 7248 -372
 7222 -124
 6777 124
 5699 370
 4217 620


