# Created by Octave 3.8.2, Mon Jun 22 08:14:18 2020 CEST <damian@fptrucha.inv.usc.es>
# name: hd
# type: matrix
# rows: 6
# columns: 2
 4675 -620
 6320 -372
 6970 -124
 6486 124
 5943 370
 4485 620


