# Created by Octave 3.8.2, Mon Jun 22 06:19:49 2020 CEST <damian@fptrucha.inv.usc.es>
# name: hd
# type: matrix
# rows: 6
# columns: 2
 4541 -620
 6000 -372
 6732 -124
 6473 124
 5769 370
 4518 620


