# Created by Octave 3.8.2, Sat Jun 20 23:58:18 2020 CEST <damian@fptrucha.inv.usc.es>
# name: hd
# type: matrix
# rows: 6
# columns: 2
 5291 -620
 6820 -372
 6771 -124
 6308 124
 5243 370
 3949 620


