# Created by Octave 3.8.2, Sat Jun 20 02:29:38 2020 CEST <damian@fptrucha.inv.usc.es>
# name: hd
# type: matrix
# rows: 6
# columns: 2
 5493 -620
 7348 -372
 7558 -124
 7235 124
 6065 370
 4880 620


