# Created by Octave 3.8.2, Sat Jun 20 02:40:37 2020 CEST <damian@fptrucha.inv.usc.es>
# name: hd
# type: matrix
# rows: 6
# columns: 2
 5645 -620
 7448 -372
 7563 -124
 7248 124
 6165 370
 4828 620


