# Created by Octave 3.8.2, Sat Jun 20 14:57:17 2020 CEST <damian@fptrucha.inv.usc.es>
# name: hd
# type: matrix
# rows: 6
# columns: 2
 5633 -620
 7171 -372
 7265 -124
 6962 124
 5772 370
 4160 620


