# Created by Octave 3.8.2, Sat Jun 20 07:25:58 2020 CEST <damian@fptrucha.inv.usc.es>
# name: hd
# type: matrix
# rows: 6
# columns: 2
 6082 -620
 7618 -372
 7978 -124
 7643 124
 6393 370
 4872 620


