# Created by Octave 3.8.2, Sat Jun 20 16:13:21 2020 CEST <damian@fptrucha.inv.usc.es>
# name: hd
# type: matrix
# rows: 6
# columns: 2
 5554 -620
 6915 -372
 7156 -124
 6743 124
 5582 370
 4219 620


