# Created by Octave 3.8.2, Sat Jun 20 19:49:52 2020 CEST <damian@fptrucha.inv.usc.es>
# name: hd
# type: matrix
# rows: 6
# columns: 2
 5449 -620
 6870 -372
 6983 -124
 6576 124
 5414 370
 4048 620


