# Created by Octave 3.8.2, Sun Jun 21 01:02:45 2020 CEST <damian@fptrucha.inv.usc.es>
# name: hd
# type: matrix
# rows: 6
# columns: 2
 5304 -620
 6859 -372
 6807 -124
 6415 124
 5300 370
 3953 620


