# Created by Octave 3.8.2, Mon Jun 22 03:28:37 2020 CEST <damian@fptrucha.inv.usc.es>
# name: hd
# type: matrix
# rows: 6
# columns: 2
 4729 -620
 5948 -372
 6607 -124
 6192 124
 5684 370
 4404 620


