# Created by Octave 3.8.2, Sat Jun 20 10:24:25 2020 CEST <damian@fptrucha.inv.usc.es>
# name: hd
# type: matrix
# rows: 6
# columns: 2
 3983 -620
 4899 -372
 5198 -124
 4745 124
 4114 370
 3029 620


