# Created by Octave 3.8.2, Sat Jun 20 15:30:19 2020 CEST <damian@fptrucha.inv.usc.es>
# name: hd
# type: matrix
# rows: 6
# columns: 2
 5654 -620
 7195 -372
 7216 -124
 6880 124
 5620 370
 4260 620


