# Created by Octave 3.8.2, Mon Jun 22 03:16:04 2020 CEST <damian@fptrucha.inv.usc.es>
# name: hd
# type: matrix
# rows: 6
# columns: 2
 3142 -620
 3990 -372
 4308 -124
 4237 124
 3649 370
 2917 620


