# Created by Octave 3.8.2, Sun Jun 21 07:23:07 2020 CEST <damian@fptrucha.inv.usc.es>
# name: hd
# type: matrix
# rows: 6
# columns: 2
 5371 -620
 6809 -372
 6912 -124
 6613 124
 5318 370
 4142 620


