# Created by Octave 3.8.2, Mon Jun 22 09:19:15 2020 CEST <damian@fptrucha.inv.usc.es>
# name: hd
# type: matrix
# rows: 6
# columns: 2
 4883 -620
 6254 -372
 7008 -124
 6582 124
 5902 370
 4462 620


