# Created by Octave 3.8.2, Sat Jun 20 06:16:29 2020 CEST <damian@fptrucha.inv.usc.es>
# name: hd
# type: matrix
# rows: 6
# columns: 2
 5940 -620
 7769 -372
 7885 -124
 7544 124
 6362 370
 4917 620


