# Created by Octave 3.8.2, Mon Jun 22 21:24:22 2020 CEST <damian@fptrucha.inv.usc.es>
# name: hd
# type: matrix
# rows: 6
# columns: 2
 5485 -620
 7002 -372
 7555 -124
 7061 124
 6260 370
 4765 620


