# Created by Octave 3.8.2, Mon Jun 22 00:46:07 2020 CEST <damian@fptrucha.inv.usc.es>
# name: hd
# type: matrix
# rows: 6
# columns: 2
 5378 -620
 6979 -372
 7101 -124
 6448 124
 5322 370
 4158 620


