# Created by Octave 3.8.2, Sat Jun 20 13:14:30 2020 CEST <damian@fptrucha.inv.usc.es>
# name: hd
# type: matrix
# rows: 6
# columns: 2
 5889 -620
 7274 -372
 7533 -124
 6938 124
 5842 370
 4337 620


