# Created by Octave 3.8.2, Sat Jun 20 09:03:13 2020 CEST <damian@fptrucha.inv.usc.es>
# name: hd
# type: matrix
# rows: 6
# columns: 2
 6224 -620
 8005 -372
 8151 -124
 7623 124
 6357 370
 4893 620


