# Created by Octave 3.8.2, Mon Jun 22 19:50:53 2020 CEST <damian@fptrucha.inv.usc.es>
# name: hd
# type: matrix
# rows: 6
# columns: 2
 5167 -620
 6820 -372
 7319 -124
 7005 124
 6211 370
 4767 620


