# Created by Octave 3.8.2, Mon Jun 22 09:03:41 2020 CEST <damian@fptrucha.inv.usc.es>
# name: hd
# type: matrix
# rows: 6
# columns: 2
 3085 -620
 4098 -372
 4590 -124
 4251 124
 3801 370
 2880 620


