# Created by Octave 3.8.2, Mon Jun 22 10:24:34 2020 CEST <damian@fptrucha.inv.usc.es>
# name: hd
# type: matrix
# rows: 6
# columns: 2
 4860 -620
 6336 -372
 7041 -124
 6739 124
 5938 370
 4538 620


