# Created by Octave 3.8.2, Sat Jun 20 13:36:08 2020 CEST <damian@fptrucha.inv.usc.es>
# name: hd
# type: matrix
# rows: 6
# columns: 2
 5840 -620
 7349 -372
 7523 -124
 6965 124
 5978 370
 4330 620


