# Created by Octave 3.8.2, Sat Jun 20 09:41:53 2020 CEST <damian@fptrucha.inv.usc.es>
# name: hd
# type: matrix
# rows: 6
# columns: 2
 6209 -620
 7790 -372
 7839 -124
 7577 124
 6207 370
 4545 620


