# Created by Octave 3.8.2, Sat Jun 20 23:02:43 2020 CEST <damian@fptrucha.inv.usc.es>
# name: hd
# type: matrix
# rows: 6
# columns: 2
 5276 -620
 6735 -372
 6999 -124
 6475 124
 5485 370
 3988 620


