# Created by Octave 3.8.2, Sat Jun 20 23:14:27 2020 CEST <damian@fptrucha.inv.usc.es>
# name: hd
# type: matrix
# rows: 6
# columns: 2
 5247 -620
 6749 -372
 6983 -124
 6425 124
 5372 370
 3980 620


