# Created by Octave 3.8.2, Sat Jun 20 14:53:52 2020 CEST <damian@fptrucha.inv.usc.es>
# name: hd
# type: matrix
# rows: 6
# columns: 2
 5570 -620
 7234 -372
 7328 -124
 6946 124
 5797 370
 4345 620


