# Created by Octave 3.8.2, Sun Jun 21 06:29:34 2020 CEST <damian@fptrucha.inv.usc.es>
# name: hd
# type: matrix
# rows: 6
# columns: 2
 5334 -620
 6833 -372
 6787 -124
 6327 124
 5374 370
 4012 620


