# Created by Octave 3.8.2, Mon Jun 22 19:15:53 2020 CEST <damian@fptrucha.inv.usc.es>
# name: hd
# type: matrix
# rows: 6
# columns: 2
 5098 -620
 6808 -372
 7523 -124
 6874 124
 6301 370
 4749 620


