# Created by Octave 3.8.2, Mon Jun 22 09:07:51 2020 CEST <damian@fptrucha.inv.usc.es>
# name: hd
# type: matrix
# rows: 6
# columns: 2
 4736 -620
 6327 -372
 6835 -124
 6487 124
 5948 370
 4382 620


