# Created by Octave 3.8.2, Mon Jun 22 00:37:52 2020 CEST <damian@fptrucha.inv.usc.es>
# name: hd
# type: matrix
# rows: 6
# columns: 2
 3599 -620
 4516 -372
 4688 -124
 4383 124
 3627 370
 2790 620


