# Created by Octave 3.8.2, Mon Jun 22 17:08:18 2020 CEST <damian@fptrucha.inv.usc.es>
# name: hd
# type: matrix
# rows: 6
# columns: 2
 5161 -620
 6830 -372
 7399 -124
 6962 124
 6088 370
 4803 620


