# Created by Octave 3.8.2, Mon Jun 22 08:44:51 2020 CEST <damian@fptrucha.inv.usc.es>
# name: hd
# type: matrix
# rows: 6
# columns: 2
 4685 -620
 6253 -372
 6895 -124
 6641 124
 5984 370
 4432 620


