# Created by Octave 3.8.2, Sat Jun 20 15:16:08 2020 CEST <damian@fptrucha.inv.usc.es>
# name: hd
# type: matrix
# rows: 6
# columns: 2
 5619 -620
 7077 -372
 7191 -124
 6690 124
 5589 370
 4279 620


