# Created by Octave 3.8.2, Mon Jun 22 12:08:50 2020 CEST <damian@fptrucha.inv.usc.es>
# name: hd
# type: matrix
# rows: 6
# columns: 2
 5047 -620
 6415 -372
 6890 -124
 6740 124
 6064 370
 4470 620


