# Created by Octave 3.8.2, Mon Jun 22 22:55:29 2020 CEST <damian@fptrucha.inv.usc.es>
# name: hd
# type: matrix
# rows: 6
# columns: 2
 5416 -620
 7162 -372
 7635 -124
 7139 124
 6302 370
 4698 620


