# Created by Octave 3.8.2, Sat Jun 20 20:58:29 2020 CEST <damian@fptrucha.inv.usc.es>
# name: hd
# type: matrix
# rows: 6
# columns: 2
 5382 -620
 6933 -372
 6800 -124
 6455 124
 5396 370
 3989 620


