# Created by Octave 3.8.2, Sat Jun 20 17:33:28 2020 CEST <damian@fptrucha.inv.usc.es>
# name: hd
# type: matrix
# rows: 6
# columns: 2
 5544 -620
 6923 -372
 7158 -124
 6655 124
 5595 370
 4211 620


