# Created by Octave 3.8.2, Sat Jun 20 20:15:09 2020 CEST <damian@fptrucha.inv.usc.es>
# name: hd
# type: matrix
# rows: 6
# columns: 2
 5427 -620
 6961 -372
 6937 -124
 6509 124
 5653 370
 4182 620


