# Created by Octave 3.8.2, Sat Jun 20 19:10:12 2020 CEST <damian@fptrucha.inv.usc.es>
# name: hd
# type: matrix
# rows: 6
# columns: 2
 3538 -620
 4361 -372
 4545 -124
 4331 124
 3505 370
 2620 620


