# Created by Octave 3.8.2, Sun Jun 21 03:37:48 2020 CEST <damian@fptrucha.inv.usc.es>
# name: hd
# type: matrix
# rows: 6
# columns: 2
 5176 -620
 6755 -372
 7016 -124
 6417 124
 5587 370
 4208 620


