# Created by Octave 3.8.2, Sun Jun 21 05:40:09 2020 CEST <damian@fptrucha.inv.usc.es>
# name: hd
# type: matrix
# rows: 6
# columns: 2
 3336 -620
 4328 -372
 4501 -124
 4180 124
 3516 370
 2729 620


