# Created by Octave 3.8.2, Mon Jun 22 18:16:10 2020 CEST <damian@fptrucha.inv.usc.es>
# name: hd
# type: matrix
# rows: 6
# columns: 2
 3457 -620
 4537 -372
 4812 -124
 4606 124
 4161 370
 3220 620


