# Created by Octave 3.8.2, Mon Jun 22 18:33:11 2020 CEST <damian@fptrucha.inv.usc.es>
# name: hd
# type: matrix
# rows: 6
# columns: 2
 5169 -620
 6825 -372
 7396 -124
 6935 124
 6200 370
 4795 620


