# Created by Octave 3.8.2, Mon Jun 22 22:33:09 2020 CEST <damian@fptrucha.inv.usc.es>
# name: hd
# type: matrix
# rows: 6
# columns: 2
 5422 -620
 7238 -372
 7525 -124
 7088 124
 6483 370
 4688 620


