# Created by Octave 3.8.2, Mon Jun 22 11:54:17 2020 CEST <damian@fptrucha.inv.usc.es>
# name: hd
# type: matrix
# rows: 6
# columns: 2
 4912 -620
 6151 -372
 6882 -124
 6697 124
 5855 370
 4466 620


