# Created by Octave 3.8.2, Sun Jun 21 05:24:52 2020 CEST <damian@fptrucha.inv.usc.es>
# name: hd
# type: matrix
# rows: 6
# columns: 2
 5403 -620
 6644 -372
 6944 -124
 6542 124
 5477 370
 4237 620


