# Created by Octave 3.8.2, Mon Jun 22 22:00:41 2020 CEST <damian@fptrucha.inv.usc.es>
# name: hd
# type: matrix
# rows: 6
# columns: 2
 5412 -620
 7079 -372
 7474 -124
 7144 124
 6281 370
 4814 620


