# Created by Octave 3.8.2, Sun Jun 21 01:47:08 2020 CEST <damian@fptrucha.inv.usc.es>
# name: hd
# type: matrix
# rows: 6
# columns: 2
 5251 -620
 6700 -372
 6947 -124
 6427 124
 5577 370
 4117 620


