# Created by Octave 3.8.2, Mon Jun 22 05:21:49 2020 CEST <damian@fptrucha.inv.usc.es>
# name: hd
# type: matrix
# rows: 6
# columns: 2
 4649 -620
 6054 -372
 6494 -124
 6273 124
 5466 370
 4298 620


