# Created by Octave 3.8.2, Sun Jun 21 06:57:32 2020 CEST <damian@fptrucha.inv.usc.es>
# name: hd
# type: matrix
# rows: 6
# columns: 2
 5158 -620
 6650 -372
 6725 -124
 6314 124
 5357 370
 3897 620


