# Created by Octave 3.8.2, Sun Jun 21 05:29:25 2020 CEST <damian@fptrucha.inv.usc.es>
# name: hd
# type: matrix
# rows: 6
# columns: 2
 5140 -620
 6850 -372
 6785 -124
 6421 124
 5330 370
 4089 620


