# Created by Octave 3.8.2, Sat Jun 20 13:49:24 2020 CEST <damian@fptrucha.inv.usc.es>
# name: hd
# type: matrix
# rows: 6
# columns: 2
 5785 -620
 7272 -372
 7422 -124
 6919 124
 5802 370
 4371 620


