# Created by Octave 3.8.2, Mon Jun 22 18:44:11 2020 CEST <damian@fptrucha.inv.usc.es>
# name: hd
# type: matrix
# rows: 6
# columns: 2
 5206 -620
 6712 -372
 7443 -124
 7010 124
 6294 370
 4670 620


