# Created by Octave 3.8.2, Mon Jun 22 14:50:09 2020 CEST <damian@fptrucha.inv.usc.es>
# name: hd
# type: matrix
# rows: 6
# columns: 2
 5045 -620
 6538 -372
 7196 -124
 6874 124
 6128 370
 4608 620


