# Created by Octave 3.8.2, Sat Jun 20 14:27:15 2020 CEST <damian@fptrucha.inv.usc.es>
# name: hd
# type: matrix
# rows: 6
# columns: 2
 5849 -620
 7407 -372
 7445 -124
 7021 124
 5773 370
 4259 620


