# Created by Octave 3.8.2, Sat Jun 20 21:09:32 2020 CEST <damian@fptrucha.inv.usc.es>
# name: hd
# type: matrix
# rows: 6
# columns: 2
 5275 -620
 6901 -372
 6862 -124
 6475 124
 5450 370
 4056 620


