# Created by Octave 3.8.2, Sat Jun 20 19:06:43 2020 CEST <damian@fptrucha.inv.usc.es>
# name: hd
# type: matrix
# rows: 6
# columns: 2
 5462 -620
 6810 -372
 7014 -124
 6641 124
 5544 370
 4114 620


