# Created by Octave 3.8.2, Mon Jun 22 07:06:41 2020 CEST <damian@fptrucha.inv.usc.es>
# name: hd
# type: matrix
# rows: 6
# columns: 2
 4634 -620
 5957 -372
 6790 -124
 6462 124
 5787 370
 4335 620


