# Created by Octave 3.8.2, Sun Jun 21 05:33:48 2020 CEST <damian@fptrucha.inv.usc.es>
# name: hd
# type: matrix
# rows: 6
# columns: 2
 5368 -620
 6728 -372
 6939 -124
 6416 124
 5348 370
 4124 620


