# Created by Octave 3.8.2, Mon Jun 22 22:53:05 2020 CEST <damian@fptrucha.inv.usc.es>
# name: hd
# type: matrix
# rows: 6
# columns: 2
 5430 -620
 7124 -372
 7569 -124
 7199 124
 6356 370
 4885 620


