# Created by Octave 3.8.2, Sat Jun 20 18:37:14 2020 CEST <damian@fptrucha.inv.usc.es>
# name: hd
# type: matrix
# rows: 6
# columns: 2
 5481 -620
 6797 -372
 6926 -124
 6669 124
 5674 370
 4174 620


