# Created by Octave 3.8.2, Mon Jun 22 08:53:49 2020 CEST <damian@fptrucha.inv.usc.es>
# name: hd
# type: matrix
# rows: 6
# columns: 2
 4835 -620
 6223 -372
 6836 -124
 6497 124
 6032 370
 4442 620


