# Created by Octave 3.8.2, Mon Jun 22 18:19:31 2020 CEST <damian@fptrucha.inv.usc.es>
# name: hd
# type: matrix
# rows: 6
# columns: 2
 5159 -620
 6545 -372
 7509 -124
 6887 124
 6316 370
 4732 620


