# Created by Octave 3.8.2, Sun Jun 21 04:43:58 2020 CEST <damian@fptrucha.inv.usc.es>
# name: hd
# type: matrix
# rows: 6
# columns: 2
 5272 -620
 6663 -372
 7032 -124
 6516 124
 5509 370
 4131 620


