# Created by Octave 3.8.2, Sat Jun 20 23:52:07 2020 CEST <damian@fptrucha.inv.usc.es>
# name: hd
# type: matrix
# rows: 6
# columns: 2
 5214 -620
 6865 -372
 6888 -124
 6402 124
 5429 370
 4011 620


