# Created by Octave 3.8.2, Sat Jun 20 20:40:42 2020 CEST <damian@fptrucha.inv.usc.es>
# name: hd
# type: matrix
# rows: 6
# columns: 2
 5293 -620
 6889 -372
 6992 -124
 6441 124
 5439 370
 3969 620


