# Created by Octave 3.8.2, Mon Jun 22 19:33:51 2020 CEST <damian@fptrucha.inv.usc.es>
# name: hd
# type: matrix
# rows: 6
# columns: 2
 5104 -620
 6775 -372
 7343 -124
 6968 124
 6169 370
 4790 620


