# Created by Octave 3.8.2, Mon Jun 22 06:14:53 2020 CEST <damian@fptrucha.inv.usc.es>
# name: hd
# type: matrix
# rows: 6
# columns: 2
 4524 -620
 5980 -372
 6632 -124
 6517 124
 5696 370
 4338 620


