# Created by Octave 3.8.2, Mon Jun 22 15:22:34 2020 CEST <damian@fptrucha.inv.usc.es>
# name: hd
# type: matrix
# rows: 6
# columns: 2
 5298 -620
 6866 -372
 7551 -124
 6881 124
 6178 370
 4664 620


