# Created by Octave 3.8.2, Mon Jun 22 09:23:58 2020 CEST <damian@fptrucha.inv.usc.es>
# name: hd
# type: matrix
# rows: 6
# columns: 2
 4753 -620
 6306 -372
 6868 -124
 6526 124
 5835 370
 4528 620


