# Created by Octave 3.8.2, Mon Jun 22 07:58:13 2020 CEST <damian@fptrucha.inv.usc.es>
# name: hd
# type: matrix
# rows: 6
# columns: 2
 4666 -620
 6268 -372
 6813 -124
 6497 124
 5791 370
 4371 620


