# Created by Octave 3.8.2, Sat Jun 20 04:12:56 2020 CEST <damian@fptrucha.inv.usc.es>
# name: hd
# type: matrix
# rows: 6
# columns: 2
 5726 -620
 7479 -372
 7871 -124
 7412 124
 6381 370
 4823 620


