# Created by Octave 3.8.2, Sat Jun 20 13:48:03 2020 CEST <damian@fptrucha.inv.usc.es>
# name: hd
# type: matrix
# rows: 6
# columns: 2
 5775 -620
 7473 -372
 7428 -124
 6853 124
 5799 370
 4311 620


