# Created by Octave 3.8.2, Mon Jun 22 13:35:21 2020 CEST <damian@fptrucha.inv.usc.es>
# name: hd
# type: matrix
# rows: 6
# columns: 2
 5025 -620
 6514 -372
 7104 -124
 6671 124
 6127 370
 4514 620


