# Created by Octave 3.8.2, Sat Jun 20 19:40:49 2020 CEST <damian@fptrucha.inv.usc.es>
# name: hd
# type: matrix
# rows: 6
# columns: 2
 5320 -620
 6937 -372
 6970 -124
 6622 124
 5569 370
 4179 620


