# Created by Octave 3.8.2, Sat Jun 20 12:13:18 2020 CEST <damian@fptrucha.inv.usc.es>
# name: hd
# type: matrix
# rows: 6
# columns: 2
 6088 -620
 7514 -372
 7614 -124
 7069 124
 6009 370
 4523 620


