# Created by Octave 3.8.2, Mon Jun 22 12:44:06 2020 CEST <damian@fptrucha.inv.usc.es>
# name: hd
# type: matrix
# rows: 6
# columns: 2
 5138 -620
 6498 -372
 7118 -124
 6720 124
 5997 370
 4525 620


