# Created by Octave 3.8.2, Sat Jun 20 07:10:29 2020 CEST <damian@fptrucha.inv.usc.es>
# name: hd
# type: matrix
# rows: 6
# columns: 2
 5876 -620
 7870 -372
 7936 -124
 7570 124
 6371 370
 4787 620


