# Created by Octave 3.8.2, Mon Jun 22 19:46:12 2020 CEST <damian@fptrucha.inv.usc.es>
# name: hd
# type: matrix
# rows: 6
# columns: 2
 5235 -620
 6802 -372
 7605 -124
 7153 124
 6278 370
 4779 620


