# Created by Octave 3.8.2, Mon Jun 22 22:02:37 2020 CEST <damian@fptrucha.inv.usc.es>
# name: hd
# type: matrix
# rows: 6
# columns: 2
 5269 -620
 7037 -372
 7541 -124
 7141 124
 6378 370
 4731 620


