# Created by Octave 3.8.2, Mon Jun 22 04:12:25 2020 CEST <damian@fptrucha.inv.usc.es>
# name: hd
# type: matrix
# rows: 6
# columns: 2
 4598 -620
 5979 -372
 6538 -124
 5981 124
 5477 370
 4117 620


