# Created by Octave 3.8.2, Mon Jun 22 15:46:23 2020 CEST <damian@fptrucha.inv.usc.es>
# name: hd
# type: matrix
# rows: 6
# columns: 2
 5345 -620
 6767 -372
 7276 -124
 6799 124
 6274 370
 4539 620


