# Created by Octave 3.8.2, Mon Jun 22 01:21:06 2020 CEST <damian@fptrucha.inv.usc.es>
# name: hd
# type: matrix
# rows: 6
# columns: 2
 5313 -620
 7021 -372
 6917 -124
 6422 124
 5471 370
 4136 620


