# Created by Octave 3.8.2, Sun Jun 21 01:13:12 2020 CEST <damian@fptrucha.inv.usc.es>
# name: hd
# type: matrix
# rows: 6
# columns: 2
 5232 -620
 6860 -372
 6855 -124
 6369 124
 5396 370
 4045 620


