# Created by Octave 3.8.2, Sat Jun 20 21:18:32 2020 CEST <damian@fptrucha.inv.usc.es>
# name: hd
# type: matrix
# rows: 6
# columns: 2
 5231 -620
 6760 -372
 6790 -124
 6377 124
 5546 370
 4203 620


