# Created by Octave 3.8.2, Mon Jun 22 02:26:11 2020 CEST <damian@fptrucha.inv.usc.es>
# name: hd
# type: matrix
# rows: 6
# columns: 2
 2676 -620
 2740 -372
 2275 -124
 1298 124
 818 370
 573 620


