# Created by Octave 3.8.2, Sun Jun 21 04:18:57 2020 CEST <damian@fptrucha.inv.usc.es>
# name: hd
# type: matrix
# rows: 6
# columns: 2
 5236 -620
 6674 -372
 6902 -124
 6457 124
 5356 370
 4105 620


