# Created by Octave 3.8.2, Sat Jun 20 16:21:18 2020 CEST <damian@fptrucha.inv.usc.es>
# name: hd
# type: matrix
# rows: 6
# columns: 2
 5580 -620
 7167 -372
 7140 -124
 6726 124
 5532 370
 4162 620


