# Created by Octave 3.8.2, Sat Jun 20 15:34:18 2020 CEST <damian@fptrucha.inv.usc.es>
# name: hd
# type: matrix
# rows: 6
# columns: 2
 5622 -620
 7223 -372
 7261 -124
 6840 124
 5682 370
 4325 620


