# Created by Octave 3.8.2, Mon Jun 22 20:04:14 2020 CEST <damian@fptrucha.inv.usc.es>
# name: hd
# type: matrix
# rows: 6
# columns: 2
 5337 -620
 7008 -372
 7533 -124
 7145 124
 6144 370
 4698 620


