# Created by Octave 3.8.2, Mon Jun 22 06:02:15 2020 CEST <damian@fptrucha.inv.usc.es>
# name: hd
# type: matrix
# rows: 6
# columns: 2
 4482 -620
 5894 -372
 6572 -124
 6508 124
 5731 370
 4370 620


