# Created by Octave 3.8.2, Mon Jun 22 11:49:26 2020 CEST <damian@fptrucha.inv.usc.es>
# name: hd
# type: matrix
# rows: 6
# columns: 2
 4848 -620
 6434 -372
 6986 -124
 6673 124
 6033 370
 4577 620


