# Created by Octave 3.8.2, Sat Jun 20 21:22:21 2020 CEST <damian@fptrucha.inv.usc.es>
# name: hd
# type: matrix
# rows: 6
# columns: 2
 5348 -620
 6751 -372
 6992 -124
 6535 124
 5466 370
 4110 620


