# Created by Octave 3.8.2, Sat Jun 20 23:23:00 2020 CEST <damian@fptrucha.inv.usc.es>
# name: hd
# type: matrix
# rows: 6
# columns: 2
 5483 -620
 6831 -372
 6980 -124
 6626 124
 5550 370
 4070 620


