# Created by Octave 3.8.2, Sat Jun 20 19:58:27 2020 CEST <damian@fptrucha.inv.usc.es>
# name: hd
# type: matrix
# rows: 6
# columns: 2
 5432 -620
 6947 -372
 6912 -124
 6489 124
 5478 370
 4138 620


