# Created by Octave 3.8.2, Sun Jun 21 05:36:00 2020 CEST <damian@fptrucha.inv.usc.es>
# name: hd
# type: matrix
# rows: 6
# columns: 2
 5243 -620
 6806 -372
 6790 -124
 6448 124
 5653 370
 4058 620


