# Created by Octave 3.8.2, Mon Jun 22 20:18:55 2020 CEST <damian@fptrucha.inv.usc.es>
# name: hd
# type: matrix
# rows: 6
# columns: 2
 5171 -620
 6850 -372
 7393 -124
 7036 124
 6250 370
 4726 620


