# Created by Octave 3.8.2, Sat Jun 20 07:07:35 2020 CEST <damian@fptrucha.inv.usc.es>
# name: hd
# type: matrix
# rows: 6
# columns: 2
 5965 -620
 7849 -372
 7907 -124
 7462 124
 6262 370
 4872 620


