# Created by Octave 3.8.2, Sat Jun 20 15:12:11 2020 CEST <damian@fptrucha.inv.usc.es>
# name: hd
# type: matrix
# rows: 6
# columns: 2
 5667 -620
 7182 -372
 7279 -124
 6845 124
 5704 370
 4297 620


