# Created by Octave 3.8.2, Sat Jun 20 07:16:19 2020 CEST <damian@fptrucha.inv.usc.es>
# name: hd
# type: matrix
# rows: 6
# columns: 2
 5882 -620
 7723 -372
 7863 -124
 7585 124
 6317 370
 4787 620


