# Created by Octave 3.8.2, Sat Jun 20 06:40:34 2020 CEST <damian@fptrucha.inv.usc.es>
# name: hd
# type: matrix
# rows: 6
# columns: 2
 5761 -620
 7513 -372
 7945 -124
 7328 124
 6281 370
 4740 620


