# Created by Octave 3.8.2, Sat Jun 20 13:20:51 2020 CEST <damian@fptrucha.inv.usc.es>
# name: hd
# type: matrix
# rows: 6
# columns: 2
 5798 -620
 7575 -372
 7709 -124
 7154 124
 5800 370
 4418 620


