# Created by Octave 3.8.2, Sun Jun 21 01:00:34 2020 CEST <damian@fptrucha.inv.usc.es>
# name: hd
# type: matrix
# rows: 6
# columns: 2
 5147 -620
 6640 -372
 6920 -124
 6477 124
 5390 370
 4155 620


