# Created by Octave 3.8.2, Sat Jun 20 02:06:59 2020 CEST <damian@fptrucha.inv.usc.es>
# name: hd
# type: matrix
# rows: 6
# columns: 2
 5566 -620
 7208 -372
 7491 -124
 7131 124
 6058 370
 4686 620


