# Created by Octave 3.8.2, Mon Jun 22 13:59:46 2020 CEST <damian@fptrucha.inv.usc.es>
# name: hd
# type: matrix
# rows: 6
# columns: 2
 4971 -620
 6738 -372
 7224 -124
 6825 124
 5994 370
 4620 620


