# Created by Octave 3.8.2, Mon Jun 22 20:24:44 2020 CEST <damian@fptrucha.inv.usc.es>
# name: hd
# type: matrix
# rows: 6
# columns: 2
 5247 -620
 6997 -372
 7227 -124
 7212 124
 6048 370
 4753 620


