# Created by Octave 3.8.2, Mon Jun 22 03:43:34 2020 CEST <damian@fptrucha.inv.usc.es>
# name: hd
# type: matrix
# rows: 6
# columns: 2
 4687 -620
 5913 -372
 6519 -124
 6305 124
 5635 370
 4356 620


