# Created by Octave 3.8.2, Sat Jun 20 20:29:02 2020 CEST <damian@fptrucha.inv.usc.es>
# name: hd
# type: matrix
# rows: 6
# columns: 2
 5498 -620
 6798 -372
 7121 -124
 6610 124
 5537 370
 4099 620


