# Created by Octave 3.8.2, Sat Jun 20 11:22:12 2020 CEST <damian@fptrucha.inv.usc.es>
# name: hd
# type: matrix
# rows: 6
# columns: 2
 6092 -620
 7657 -372
 7944 -124
 7318 124
 5949 370
 4650 620


