# Created by Octave 3.8.2, Mon Jun 22 15:12:52 2020 CEST <damian@fptrucha.inv.usc.es>
# name: hd
# type: matrix
# rows: 6
# columns: 2
 5354 -620
 6936 -372
 7358 -124
 6972 124
 5966 370
 4528 620


