# Created by Octave 3.8.2, Sat Jun 20 20:27:43 2020 CEST <damian@fptrucha.inv.usc.es>
# name: hd
# type: matrix
# rows: 6
# columns: 2
 5373 -620
 7017 -372
 6989 -124
 6551 124
 5595 370
 4091 620


