# Created by Octave 3.8.2, Mon Jun 22 16:03:49 2020 CEST <damian@fptrucha.inv.usc.es>
# name: hd
# type: matrix
# rows: 6
# columns: 2
 5220 -620
 6761 -372
 7366 -124
 6971 124
 6078 370
 4607 620


