# Created by Octave 3.8.2, Sun Jun 21 00:55:11 2020 CEST <damian@fptrucha.inv.usc.es>
# name: hd
# type: matrix
# rows: 6
# columns: 2
 5255 -620
 6668 -372
 6905 -124
 6423 124
 5412 370
 4030 620


