# Created by Octave 3.8.2, Mon Jun 22 21:58:19 2020 CEST <damian@fptrucha.inv.usc.es>
# name: hd
# type: matrix
# rows: 6
# columns: 2
 5281 -620
 7017 -372
 7660 -124
 7152 124
 6338 370
 4883 620


