# Created by Octave 3.8.2, Sat Jun 20 04:17:13 2020 CEST <damian@fptrucha.inv.usc.es>
# name: hd
# type: matrix
# rows: 6
# columns: 2
 5696 -620
 7553 -372
 7668 -124
 7419 124
 6211 370
 4781 620


