# Created by Octave 3.8.2, Mon Jun 22 18:57:33 2020 CEST <damian@fptrucha.inv.usc.es>
# name: hd
# type: matrix
# rows: 6
# columns: 2
 5002 -620
 6763 -372
 7446 -124
 7007 124
 6319 370
 4762 620


