# Created by Octave 3.8.2, Mon Jun 22 11:04:59 2020 CEST <damian@fptrucha.inv.usc.es>
# name: hd
# type: matrix
# rows: 6
# columns: 2
 4937 -620
 6538 -372
 7148 -124
 6619 124
 5918 370
 4511 620


