# Created by Octave 3.8.2, Mon Jun 22 04:32:43 2020 CEST <damian@fptrucha.inv.usc.es>
# name: hd
# type: matrix
# rows: 6
# columns: 2
 4483 -620
 5974 -372
 6268 -124
 6010 124
 5151 370
 4088 620


