# Created by Octave 3.8.2, Mon Jun 22 08:29:17 2020 CEST <damian@fptrucha.inv.usc.es>
# name: hd
# type: matrix
# rows: 6
# columns: 2
 4672 -620
 6154 -372
 6806 -124
 6480 124
 5857 370
 4430 620


