# Created by Octave 3.8.2, Mon Jun 22 16:56:25 2020 CEST <damian@fptrucha.inv.usc.es>
# name: hd
# type: matrix
# rows: 6
# columns: 2
 5216 -620
 6778 -372
 7432 -124
 6922 124
 6178 370
 4678 620


