# Created by Octave 3.8.2, Mon Jun 22 03:19:52 2020 CEST <damian@fptrucha.inv.usc.es>
# name: hd
# type: matrix
# rows: 6
# columns: 2
 4709 -620
 6042 -372
 6612 -124
 6297 124
 5482 370
 4259 620


