# Created by Octave 3.8.2, Mon Jun 22 08:47:33 2020 CEST <damian@fptrucha.inv.usc.es>
# name: hd
# type: matrix
# rows: 6
# columns: 2
 4813 -620
 6159 -372
 6953 -124
 6651 124
 5759 370
 4371 620


