# Created by Octave 3.8.2, Sat Jun 20 04:45:17 2020 CEST <damian@fptrucha.inv.usc.es>
# name: hd
# type: matrix
# rows: 6
# columns: 2
 5732 -620
 7507 -372
 7779 -124
 7346 124
 6181 370
 4623 620


