# Created by Octave 3.8.2, Mon Jun 22 20:25:54 2020 CEST <damian@fptrucha.inv.usc.es>
# name: hd
# type: matrix
# rows: 6
# columns: 2
 5151 -620
 6834 -372
 7345 -124
 7037 124
 6263 370
 4711 620


