# Created by Octave 3.8.2, Mon Jun 22 09:54:15 2020 CEST <damian@fptrucha.inv.usc.es>
# name: hd
# type: matrix
# rows: 6
# columns: 2
 4989 -620
 6349 -372
 6965 -124
 6822 124
 6080 370
 4469 620


