# Created by Octave 3.8.2, Mon Jun 22 09:01:56 2020 CEST <damian@fptrucha.inv.usc.es>
# name: hd
# type: matrix
# rows: 6
# columns: 2
 4714 -620
 6218 -372
 6810 -124
 6596 124
 5776 370
 4514 620


