# Created by Octave 3.8.2, Sat Jun 20 15:02:47 2020 CEST <damian@fptrucha.inv.usc.es>
# name: hd
# type: matrix
# rows: 6
# columns: 2
 5630 -620
 7409 -372
 7345 -124
 6815 124
 5691 370
 4299 620


