# Created by Octave 3.8.2, Sat Jun 20 21:31:01 2020 CEST <damian@fptrucha.inv.usc.es>
# name: hd
# type: matrix
# rows: 6
# columns: 2
 5332 -620
 6835 -372
 6811 -124
 6603 124
 5326 370
 4230 620


