# Created by Octave 3.8.2, Mon Jun 22 13:31:06 2020 CEST <damian@fptrucha.inv.usc.es>
# name: hd
# type: matrix
# rows: 6
# columns: 2
 5007 -620
 6647 -372
 7166 -124
 6627 124
 5994 370
 4553 620


