# Created by Octave 3.8.2, Mon Jun 22 15:32:25 2020 CEST <damian@fptrucha.inv.usc.es>
# name: hd
# type: matrix
# rows: 6
# columns: 2
 5298 -620
 6756 -372
 7205 -124
 6871 124
 6126 370
 4596 620


