# Created by Octave 3.8.2, Sat Jun 20 20:59:47 2020 CEST <damian@fptrucha.inv.usc.es>
# name: hd
# type: matrix
# rows: 6
# columns: 2
 5445 -620
 6751 -372
 7115 -124
 6444 124
 5414 370
 4035 620


