# Created by Octave 3.8.2, Mon Jun 22 06:33:34 2020 CEST <damian@fptrucha.inv.usc.es>
# name: hd
# type: matrix
# rows: 6
# columns: 2
 4498 -620
 6043 -372
 6699 -124
 6484 124
 5812 370
 4336 620


