# Created by Octave 3.8.2, Mon Jun 22 01:56:44 2020 CEST <damian@fptrucha.inv.usc.es>
# name: hd
# type: matrix
# rows: 6
# columns: 2
 5427 -620
 6759 -372
 7253 -124
 6500 124
 5776 370
 4195 620


