# Created by Octave 3.8.2, Sat Jun 20 09:37:26 2020 CEST <damian@fptrucha.inv.usc.es>
# name: hd
# type: matrix
# rows: 6
# columns: 2
 6317 -620
 7792 -372
 8009 -124
 7575 124
 6229 370
 4629 620


