# Created by Octave 3.8.2, Mon Jun 22 13:30:05 2020 CEST <damian@fptrucha.inv.usc.es>
# name: hd
# type: matrix
# rows: 6
# columns: 2
 4979 -620
 6671 -372
 7173 -124
 6764 124
 6099 370
 4538 620


