# Created by Octave 3.8.2, Sun Jun 21 04:33:04 2020 CEST <damian@fptrucha.inv.usc.es>
# name: hd
# type: matrix
# rows: 6
# columns: 2
 5251 -620
 6841 -372
 6949 -124
 6529 124
 5558 370
 4039 620


