# Created by Octave 3.8.2, Sat Jun 20 03:25:07 2020 CEST <damian@fptrucha.inv.usc.es>
# name: hd
# type: matrix
# rows: 6
# columns: 2
 5633 -620
 7340 -372
 7446 -124
 7335 124
 5954 370
 4536 620


