# Created by Octave 3.8.2, Sun Jun 21 03:00:22 2020 CEST <damian@fptrucha.inv.usc.es>
# name: hd
# type: matrix
# rows: 6
# columns: 2
 5302 -620
 6740 -372
 6777 -124
 6275 124
 5327 370
 4168 620


