# Created by Octave 3.8.2, Mon Jun 22 04:33:37 2020 CEST <damian@fptrucha.inv.usc.es>
# name: hd
# type: matrix
# rows: 6
# columns: 2
 4526 -620
 5748 -372
 6181 -124
 6023 124
 5135 370
 3960 620


