# Created by Octave 3.8.2, Sun Jun 21 01:09:57 2020 CEST <damian@fptrucha.inv.usc.es>
# name: hd
# type: matrix
# rows: 6
# columns: 2
 5236 -620
 6874 -372
 6821 -124
 6311 124
 5387 370
 4109 620


