# Created by Octave 3.8.2, Sat Jun 20 19:32:16 2020 CEST <damian@fptrucha.inv.usc.es>
# name: hd
# type: matrix
# rows: 6
# columns: 2
 5399 -620
 6870 -372
 6833 -124
 6426 124
 5403 370
 4051 620


