# Created by Octave 3.8.2, Sun Jun 21 07:48:12 2020 CEST <damian@fptrucha.inv.usc.es>
# name: hd
# type: matrix
# rows: 6
# columns: 2
 5410 -620
 6941 -372
 7189 -124
 6447 124
 5567 370
 4050 620


