# Created by Octave 3.8.2, Mon Jun 22 09:49:43 2020 CEST <damian@fptrucha.inv.usc.es>
# name: hd
# type: matrix
# rows: 6
# columns: 2
 4909 -620
 6305 -372
 7011 -124
 6760 124
 5846 370
 4323 620


