# Created by Octave 3.8.2, Sat Jun 20 04:50:16 2020 CEST <damian@fptrucha.inv.usc.es>
# name: hd
# type: matrix
# rows: 6
# columns: 2
 3865 -620
 4982 -372
 5044 -124
 4763 124
 4039 370
 3146 620


