# Created by Octave 3.8.2, Sat Jun 20 17:25:32 2020 CEST <damian@fptrucha.inv.usc.es>
# name: hd
# type: matrix
# rows: 6
# columns: 2
 5518 -620
 6979 -372
 7108 -124
 6546 124
 5569 370
 4102 620


