# Created by Octave 3.8.2, Sat Jun 20 03:20:56 2020 CEST <damian@fptrucha.inv.usc.es>
# name: hd
# type: matrix
# rows: 6
# columns: 2
 5580 -620
 7375 -372
 7624 -124
 7234 124
 6198 370
 4769 620


