# Created by Octave 3.8.2, Sat Jun 20 07:03:11 2020 CEST <damian@fptrucha.inv.usc.es>
# name: hd
# type: matrix
# rows: 6
# columns: 2
 5880 -620
 7746 -372
 8012 -124
 7507 124
 6314 370
 4864 620


