# Created by Octave 3.8.2, Mon Jun 22 01:18:02 2020 CEST <damian@fptrucha.inv.usc.es>
# name: hd
# type: matrix
# rows: 6
# columns: 2
 5440 -620
 6857 -372
 6936 -124
 6467 124
 5508 370
 4084 620


