# Created by Octave 3.8.2, Mon Jun 22 12:05:41 2020 CEST <damian@fptrucha.inv.usc.es>
# name: hd
# type: matrix
# rows: 6
# columns: 2
 4848 -620
 6524 -372
 7016 -124
 6604 124
 6076 370
 4575 620


