# Created by Octave 3.8.2, Sat Jun 20 07:19:19 2020 CEST <damian@fptrucha.inv.usc.es>
# name: hd
# type: matrix
# rows: 6
# columns: 2
 5940 -620
 7730 -372
 7938 -124
 7470 124
 6395 370
 4675 620


