# Created by Octave 3.8.2, Sun Jun 21 06:17:41 2020 CEST <damian@fptrucha.inv.usc.es>
# name: hd
# type: matrix
# rows: 6
# columns: 2
 5267 -620
 6763 -372
 6902 -124
 6329 124
 5456 370
 4000 620


