# Created by Octave 3.8.2, Sat Jun 20 23:33:51 2020 CEST <damian@fptrucha.inv.usc.es>
# name: hd
# type: matrix
# rows: 6
# columns: 2
 5437 -620
 6798 -372
 6964 -124
 6474 124
 5463 370
 3922 620


