# Created by Octave 3.8.2, Sat Jun 20 15:39:46 2020 CEST <damian@fptrucha.inv.usc.es>
# name: hd
# type: matrix
# rows: 6
# columns: 2
 5704 -620
 7018 -372
 7266 -124
 6824 124
 5592 370
 4438 620


