# Created by Octave 3.8.2, Mon Jun 22 10:07:02 2020 CEST <damian@fptrucha.inv.usc.es>
# name: hd
# type: matrix
# rows: 6
# columns: 2
 4886 -620
 6493 -372
 7002 -124
 6645 124
 5843 370
 4391 620


