# Created by Octave 3.8.2, Sun Jun 21 06:43:07 2020 CEST <damian@fptrucha.inv.usc.es>
# name: hd
# type: matrix
# rows: 6
# columns: 2
 5344 -620
 6945 -372
 7101 -124
 6618 124
 5652 370
 4202 620


