# Created by Octave 3.8.2, Sat Jun 20 20:41:33 2020 CEST <damian@fptrucha.inv.usc.es>
# name: hd
# type: matrix
# rows: 6
# columns: 2
 3612 -620
 4509 -372
 4588 -124
 4284 124
 3781 370
 2738 620


