# Created by Octave 3.8.2, Mon Jun 22 06:23:32 2020 CEST <damian@fptrucha.inv.usc.es>
# name: hd
# type: matrix
# rows: 6
# columns: 2
 4615 -620
 5829 -372
 6769 -124
 6502 124
 5864 370
 4285 620


