# Created by Octave 3.8.2, Sun Jun 21 03:12:54 2020 CEST <damian@fptrucha.inv.usc.es>
# name: hd
# type: matrix
# rows: 6
# columns: 2
 5063 -620
 6642 -372
 6760 -124
 6338 124
 5406 370
 4004 620


