# Created by Octave 3.8.2, Mon Jun 22 07:45:18 2020 CEST <damian@fptrucha.inv.usc.es>
# name: hd
# type: matrix
# rows: 6
# columns: 2
 4742 -620
 6152 -372
 6661 -124
 6579 124
 5983 370
 4423 620


