# Created by Octave 3.8.2, Sun Jun 21 07:28:47 2020 CEST <damian@fptrucha.inv.usc.es>
# name: hd
# type: matrix
# rows: 6
# columns: 2
 5310 -620
 6794 -372
 6914 -124
 6298 124
 5318 370
 4080 620


