# Created by Octave 3.8.2, Mon Jun 22 17:32:45 2020 CEST <damian@fptrucha.inv.usc.es>
# name: hd
# type: matrix
# rows: 6
# columns: 2
 5182 -620
 6700 -372
 7325 -124
 6944 124
 6225 370
 4642 620


