# Created by Octave 3.8.2, Sun Jun 21 06:28:25 2020 CEST <damian@fptrucha.inv.usc.es>
# name: hd
# type: matrix
# rows: 6
# columns: 2
 5364 -620
 6801 -372
 6974 -124
 6312 124
 5291 370
 4076 620


