# Created by Octave 3.8.2, Mon Jun 22 06:31:37 2020 CEST <damian@fptrucha.inv.usc.es>
# name: hd
# type: matrix
# rows: 6
# columns: 2
 4468 -620
 6117 -372
 6754 -124
 6277 124
 5789 370
 4451 620


