# Created by Octave 3.8.2, Mon Jun 22 19:34:59 2020 CEST <damian@fptrucha.inv.usc.es>
# name: hd
# type: matrix
# rows: 6
# columns: 2
 5023 -620
 6768 -372
 7346 -124
 7131 124
 6172 370
 4804 620


