# Created by Octave 3.8.2, Mon Jun 22 09:43:20 2020 CEST <damian@fptrucha.inv.usc.es>
# name: hd
# type: matrix
# rows: 6
# columns: 2
 4928 -620
 6315 -372
 6812 -124
 6519 124
 5961 370
 4516 620


