# Created by Octave 3.8.2, Mon Jun 22 00:56:34 2020 CEST <damian@fptrucha.inv.usc.es>
# name: hd
# type: matrix
# rows: 6
# columns: 2
 5660 -620
 7215 -372
 7315 -124
 6931 124
 5769 370
 4317 620


