# Created by Octave 3.8.2, Mon Jun 22 10:23:31 2020 CEST <damian@fptrucha.inv.usc.es>
# name: hd
# type: matrix
# rows: 6
# columns: 2
 4914 -620
 6489 -372
 6926 -124
 6605 124
 5959 370
 4469 620


