# Created by Octave 3.8.2, Mon Jun 22 10:27:50 2020 CEST <damian@fptrucha.inv.usc.es>
# name: hd
# type: matrix
# rows: 6
# columns: 2
 4991 -620
 6305 -372
 7101 -124
 6661 124
 6009 370
 4436 620


