# Created by Octave 3.8.2, Mon Jun 22 14:12:09 2020 CEST <damian@fptrucha.inv.usc.es>
# name: hd
# type: matrix
# rows: 6
# columns: 2
 4904 -620
 6494 -372
 7151 -124
 6802 124
 6059 370
 4479 620


