# Created by Octave 3.8.2, Sat Jun 20 22:43:36 2020 CEST <damian@fptrucha.inv.usc.es>
# name: hd
# type: matrix
# rows: 6
# columns: 2
 5362 -620
 6766 -372
 7000 -124
 6339 124
 5471 370
 3941 620


