# Created by Octave 3.8.2, Sat Jun 20 02:44:49 2020 CEST <damian@fptrucha.inv.usc.es>
# name: hd
# type: matrix
# rows: 6
# columns: 2
 5682 -620
 7437 -372
 7628 -124
 7231 124
 6185 370
 4680 620


