# Created by Octave 3.8.2, Mon Jun 22 09:28:11 2020 CEST <damian@fptrucha.inv.usc.es>
# name: hd
# type: matrix
# rows: 6
# columns: 2
 4832 -620
 6167 -372
 6912 -124
 6470 124
 5790 370
 4327 620


