# Created by Octave 3.8.2, Mon Jun 22 06:55:04 2020 CEST <damian@fptrucha.inv.usc.es>
# name: hd
# type: matrix
# rows: 6
# columns: 2
 4552 -620
 5949 -372
 6659 -124
 6344 124
 5806 370
 4381 620


