# Created by Octave 3.8.2, Mon Jun 22 22:47:01 2020 CEST <damian@fptrucha.inv.usc.es>
# name: hd
# type: matrix
# rows: 6
# columns: 2
 5327 -620
 7116 -372
 7662 -124
 7188 124
 6374 370
 4838 620


