# Created by Octave 3.8.2, Mon Jun 22 18:29:48 2020 CEST <damian@fptrucha.inv.usc.es>
# name: hd
# type: matrix
# rows: 6
# columns: 2
 5126 -620
 6718 -372
 7464 -124
 7093 124
 6245 370
 4808 620


