# Created by Octave 3.8.2, Sat Jun 20 21:28:22 2020 CEST <damian@fptrucha.inv.usc.es>
# name: hd
# type: matrix
# rows: 6
# columns: 2
 5401 -620
 6813 -372
 6981 -124
 6500 124
 5341 370
 3975 620


