# Created by Octave 3.8.2, Sat Jun 20 22:38:28 2020 CEST <damian@fptrucha.inv.usc.es>
# name: hd
# type: matrix
# rows: 6
# columns: 2
 5370 -620
 6845 -372
 7004 -124
 6582 124
 5482 370
 4125 620


