# Created by Octave 3.8.2, Sat Jun 20 22:59:55 2020 CEST <damian@fptrucha.inv.usc.es>
# name: hd
# type: matrix
# rows: 6
# columns: 2
 5400 -620
 6717 -372
 7001 -124
 6504 124
 5389 370
 4056 620


