# Created by Octave 3.8.2, Mon Jun 22 18:34:20 2020 CEST <damian@fptrucha.inv.usc.es>
# name: hd
# type: matrix
# rows: 6
# columns: 2
 5155 -620
 6638 -372
 7364 -124
 7035 124
 6325 370
 4659 620


