# Created by Octave 3.8.2, Sun Jun 21 01:05:59 2020 CEST <damian@fptrucha.inv.usc.es>
# name: hd
# type: matrix
# rows: 6
# columns: 2
 5308 -620
 6587 -372
 6822 -124
 6311 124
 5266 370
 4063 620


