# Created by Octave 3.8.2, Sun Jun 21 06:55:23 2020 CEST <damian@fptrucha.inv.usc.es>
# name: hd
# type: matrix
# rows: 6
# columns: 2
 5130 -620
 6653 -372
 6778 -124
 6528 124
 5298 370
 4043 620


