# Created by Octave 3.8.2, Mon Jun 22 21:31:31 2020 CEST <damian@fptrucha.inv.usc.es>
# name: hd
# type: matrix
# rows: 6
# columns: 2
 5443 -620
 7018 -372
 7522 -124
 7076 124
 6474 370
 4834 620


