# Created by Octave 3.8.2, Mon Jun 22 12:52:17 2020 CEST <damian@fptrucha.inv.usc.es>
# name: hd
# type: matrix
# rows: 6
# columns: 2
 5108 -620
 6562 -372
 7109 -124
 6782 124
 6236 370
 4600 620


