# Created by Octave 3.8.2, Mon Jun 22 03:48:19 2020 CEST <damian@fptrucha.inv.usc.es>
# name: hd
# type: matrix
# rows: 6
# columns: 2
 4782 -620
 6174 -372
 6729 -124
 6353 124
 5703 370
 4338 620


