# Created by Octave 3.8.2, Sat Jun 20 05:59:36 2020 CEST <damian@fptrucha.inv.usc.es>
# name: hd
# type: matrix
# rows: 6
# columns: 2
 5859 -620
 7711 -372
 7783 -124
 7574 124
 6360 370
 4746 620


