# Created by Octave 3.8.2, Sun Jun 21 05:26:01 2020 CEST <damian@fptrucha.inv.usc.es>
# name: hd
# type: matrix
# rows: 6
# columns: 2
 5259 -620
 6714 -372
 6789 -124
 6351 124
 5281 370
 4128 620


