# Created by Octave 3.8.2, Sat Jun 20 11:14:12 2020 CEST <damian@fptrucha.inv.usc.es>
# name: hd
# type: matrix
# rows: 6
# columns: 2
 6173 -620
 7755 -372
 7944 -124
 7396 124
 5977 370
 4507 620


