# Created by Octave 3.8.2, Sat Jun 20 20:26:23 2020 CEST <damian@fptrucha.inv.usc.es>
# name: hd
# type: matrix
# rows: 6
# columns: 2
 5249 -620
 6883 -372
 7050 -124
 6529 124
 5521 370
 4107 620


