# Created by Octave 3.8.2, Sat Jun 20 16:53:09 2020 CEST <damian@fptrucha.inv.usc.es>
# name: hd
# type: matrix
# rows: 6
# columns: 2
 5490 -620
 6944 -372
 7148 -124
 6545 124
 5563 370
 4179 620


