# Created by Octave 3.8.2, Sun Jun 21 06:03:05 2020 CEST <damian@fptrucha.inv.usc.es>
# name: hd
# type: matrix
# rows: 6
# columns: 2
 5371 -620
 6887 -372
 6916 -124
 6376 124
 5403 370
 4007 620


