# Created by Octave 3.8.2, Mon Jun 22 06:35:33 2020 CEST <damian@fptrucha.inv.usc.es>
# name: hd
# type: matrix
# rows: 6
# columns: 2
 4483 -620
 5960 -372
 6702 -124
 6469 124
 5713 370
 4451 620


