# Created by Octave 3.8.2, Mon Jun 22 22:49:26 2020 CEST <damian@fptrucha.inv.usc.es>
# name: hd
# type: matrix
# rows: 6
# columns: 2
 5412 -620
 7365 -372
 7511 -124
 7213 124
 6328 370
 4851 620


