# Created by Octave 3.8.2, Mon Jun 22 05:54:22 2020 CEST <damian@fptrucha.inv.usc.es>
# name: hd
# type: matrix
# rows: 6
# columns: 2
 4579 -620
 6131 -372
 6649 -124
 6311 124
 5623 370
 4326 620


