# Created by Octave 3.8.2, Sat Jun 20 18:51:09 2020 CEST <damian@fptrucha.inv.usc.es>
# name: hd
# type: matrix
# rows: 6
# columns: 2
 5363 -620
 7045 -372
 7097 -124
 6638 124
 5613 370
 4078 620


