# Created by Octave 3.8.2, Mon Jun 22 16:50:46 2020 CEST <damian@fptrucha.inv.usc.es>
# name: hd
# type: matrix
# rows: 6
# columns: 2
 5241 -620
 6816 -372
 7346 -124
 6882 124
 6044 370
 4668 620


