# Created by Octave 3.8.2, Sun Jun 21 05:28:12 2020 CEST <damian@fptrucha.inv.usc.es>
# name: hd
# type: matrix
# rows: 6
# columns: 2
 5180 -620
 6806 -372
 6791 -124
 6318 124
 5377 370
 4112 620


