# Created by Octave 3.8.2, Mon Jun 22 21:03:36 2020 CEST <damian@fptrucha.inv.usc.es>
# name: hd
# type: matrix
# rows: 6
# columns: 2
 5258 -620
 7050 -372
 7479 -124
 7045 124
 6205 370
 4767 620


