# Created by Octave 3.8.2, Mon Jun 22 02:26:25 2020 CEST <damian@fptrucha.inv.usc.es>
# name: hd
# type: matrix
# rows: 6
# columns: 2
 2060 -620
 2278 -372
 1794 -124
 817 124
 381 370
 313 620


