# Created by Octave 3.8.2, Sat Jun 20 20:44:08 2020 CEST <damian@fptrucha.inv.usc.es>
# name: hd
# type: matrix
# rows: 6
# columns: 2
 5284 -620
 6919 -372
 7003 -124
 6498 124
 5645 370
 3992 620


