# Created by Octave 3.8.2, Mon Jun 22 09:46:28 2020 CEST <damian@fptrucha.inv.usc.es>
# name: hd
# type: matrix
# rows: 6
# columns: 2
 4882 -620
 6303 -372
 7040 -124
 6597 124
 5709 370
 4519 620


