# Created by Octave 3.8.2, Tue Jun 23 00:24:16 2020 CEST <damian@fptrucha.inv.usc.es>
# name: hd
# type: matrix
# rows: 6
# columns: 2
 5311 -620
 7012 -372
 7549 -124
 7136 124
 6307 370
 4903 620


