# Created by Octave 3.8.2, Sun Jun 21 07:13:14 2020 CEST <damian@fptrucha.inv.usc.es>
# name: hd
# type: matrix
# rows: 6
# columns: 2
 5340 -620
 6906 -372
 7131 -124
 6719 124
 5559 370
 4289 620


