# Created by Octave 3.8.2, Mon Jun 22 23:36:24 2020 CEST <damian@fptrucha.inv.usc.es>
# name: hd
# type: matrix
# rows: 6
# columns: 2
 5394 -620
 7298 -372
 7598 -124
 7165 124
 6337 370
 4817 620


