# Created by Octave 3.8.2, Sun Jun 21 07:44:35 2020 CEST <damian@fptrucha.inv.usc.es>
# name: hd
# type: matrix
# rows: 6
# columns: 2
 5483 -620
 7033 -372
 7185 -124
 6731 124
 5500 370
 4215 620


