# Created by Octave 3.8.2, Sat Jun 20 09:29:13 2020 CEST <damian@fptrucha.inv.usc.es>
# name: hd
# type: matrix
# rows: 6
# columns: 2
 6262 -620
 7873 -372
 7927 -124
 7644 124
 6053 370
 4738 620


