# Created by Octave 3.8.2, Mon Jun 22 00:30:05 2020 CEST <damian@fptrucha.inv.usc.es>
# name: hd
# type: matrix
# rows: 6
# columns: 2
 5457 -620
 6932 -372
 7183 -124
 6676 124
 5563 370
 4156 620


