# Created by Octave 3.8.2, Mon Jun 22 20:55:43 2020 CEST <damian@fptrucha.inv.usc.es>
# name: hd
# type: matrix
# rows: 6
# columns: 2
 5389 -620
 6928 -372
 7456 -124
 7131 124
 6365 370
 4735 620


