# Created by Octave 3.8.2, Sun Jun 21 00:48:38 2020 CEST <damian@fptrucha.inv.usc.es>
# name: hd
# type: matrix
# rows: 6
# columns: 2
 3485 -620
 4435 -372
 4523 -124
 4256 124
 3663 370
 2595 620


