# Created by Octave 3.8.2, Sat Jun 20 09:21:52 2020 CEST <damian@fptrucha.inv.usc.es>
# name: hd
# type: matrix
# rows: 6
# columns: 2
 6151 -620
 7872 -372
 8082 -124
 7664 124
 6529 370
 4774 620


