# Created by Octave 3.8.2, Mon Jun 22 14:59:40 2020 CEST <damian@fptrucha.inv.usc.es>
# name: hd
# type: matrix
# rows: 6
# columns: 2
 3476 -620
 4407 -372
 4748 -124
 4500 124
 3943 370
 3047 620


