# Created by Octave 3.8.2, Sat Jun 20 02:24:09 2020 CEST <damian@fptrucha.inv.usc.es>
# name: hd
# type: matrix
# rows: 6
# columns: 2
 5560 -620
 7433 -372
 7605 -124
 7414 124
 6220 370
 4739 620


