# Created by Octave 3.8.2, Mon Jun 22 17:10:36 2020 CEST <damian@fptrucha.inv.usc.es>
# name: hd
# type: matrix
# rows: 6
# columns: 2
 5015 -620
 6820 -372
 7192 -124
 6976 124
 6140 370
 4796 620


