# Created by Octave 3.8.2, Mon Jun 22 01:10:22 2020 CEST <damian@fptrucha.inv.usc.es>
# name: hd
# type: matrix
# rows: 6
# columns: 2
 5565 -620
 6832 -372
 7074 -124
 6412 124
 5508 370
 4154 620


