# Created by Octave 3.8.2, Mon Jun 22 03:02:02 2020 CEST <damian@fptrucha.inv.usc.es>
# name: hd
# type: matrix
# rows: 6
# columns: 2
 4533 -620
 5938 -372
 6613 -124
 6247 124
 5661 370
 4296 620


