# Created by Octave 3.8.2, Mon Jun 22 14:01:52 2020 CEST <damian@fptrucha.inv.usc.es>
# name: hd
# type: matrix
# rows: 6
# columns: 2
 5053 -620
 6545 -372
 7092 -124
 6848 124
 6031 370
 4646 620


