# Created by Octave 3.8.2, Mon Jun 22 10:44:18 2020 CEST <damian@fptrucha.inv.usc.es>
# name: hd
# type: matrix
# rows: 6
# columns: 2
 4983 -620
 6574 -372
 6904 -124
 6829 124
 6012 370
 4480 620


