# Created by Octave 3.8.2, Mon Jun 22 02:34:03 2020 CEST <damian@fptrucha.inv.usc.es>
# name: hd
# type: matrix
# rows: 6
# columns: 2
 4802 -620
 5972 -372
 6508 -124
 6258 124
 5668 370
 4167 620


