# Created by Octave 3.8.2, Sat Jun 20 10:55:29 2020 CEST <damian@fptrucha.inv.usc.es>
# name: hd
# type: matrix
# rows: 6
# columns: 2
 6205 -620
 7774 -372
 7858 -124
 7375 124
 6114 370
 4607 620


