# Created by Octave 3.8.2, Sat Jun 20 08:54:18 2020 CEST <damian@fptrucha.inv.usc.es>
# name: hd
# type: matrix
# rows: 6
# columns: 2
 6214 -620
 8001 -372
 8035 -124
 7756 124
 6430 370
 4711 620


