# Created by Octave 3.8.2, Sat Jun 20 16:08:03 2020 CEST <damian@fptrucha.inv.usc.es>
# name: hd
# type: matrix
# rows: 6
# columns: 2
 5705 -620
 7107 -372
 7267 -124
 6819 124
 5448 370
 4141 620


