# Created by Octave 3.8.2, Sat Jun 20 08:14:47 2020 CEST <damian@fptrucha.inv.usc.es>
# name: hd
# type: matrix
# rows: 6
# columns: 2
 3889 -620
 5058 -372
 5312 -124
 5090 124
 4166 370
 3118 620


