# Created by Octave 3.8.2, Mon Jun 22 01:05:11 2020 CEST <damian@fptrucha.inv.usc.es>
# name: hd
# type: matrix
# rows: 6
# columns: 2
 5556 -620
 6869 -372
 7133 -124
 6653 124
 5617 370
 4150 620


