# Created by Octave 3.8.2, Sun Jun 21 00:07:40 2020 CEST <damian@fptrucha.inv.usc.es>
# name: hd
# type: matrix
# rows: 6
# columns: 2
 5355 -620
 6848 -372
 6865 -124
 6527 124
 5376 370
 3969 620


