# Created by Octave 3.8.2, Mon Jun 22 04:16:12 2020 CEST <damian@fptrucha.inv.usc.es>
# name: hd
# type: matrix
# rows: 6
# columns: 2
 4703 -620
 5849 -372
 6545 -124
 6043 124
 5380 370
 4189 620


