# Created by Octave 3.8.2, Mon Jun 22 08:50:42 2020 CEST <damian@fptrucha.inv.usc.es>
# name: hd
# type: matrix
# rows: 6
# columns: 2
 4716 -620
 6269 -372
 6900 -124
 6483 124
 5844 370
 4420 620


