# Created by Octave 3.8.2, Mon Jun 22 04:31:47 2020 CEST <damian@fptrucha.inv.usc.es>
# name: hd
# type: matrix
# rows: 6
# columns: 2
 4636 -620
 5790 -372
 6314 -124
 6042 124
 5189 370
 4023 620


