# Created by Octave 3.8.2, Sat Jun 20 09:30:41 2020 CEST <damian@fptrucha.inv.usc.es>
# name: hd
# type: matrix
# rows: 6
# columns: 2
 6125 -620
 7787 -372
 8127 -124
 7557 124
 6356 370
 4788 620


