# Created by Octave 3.8.2, Sat Jun 20 11:16:29 2020 CEST <damian@fptrucha.inv.usc.es>
# name: hd
# type: matrix
# rows: 6
# columns: 2
 6109 -620
 7666 -372
 7838 -124
 7168 124
 6137 370
 4412 620


