# Created by Octave 3.8.2, Sat Jun 20 11:37:56 2020 CEST <damian@fptrucha.inv.usc.es>
# name: hd
# type: matrix
# rows: 6
# columns: 2
 5979 -620
 7574 -372
 7821 -124
 7129 124
 6096 370
 4360 620


