# Created by Octave 3.8.2, Mon Jun 22 17:13:57 2020 CEST <damian@fptrucha.inv.usc.es>
# name: hd
# type: matrix
# rows: 6
# columns: 2
 5077 -620
 6660 -372
 7309 -124
 6863 124
 6089 370
 4630 620


