# Created by Octave 3.8.2, Sat Jun 20 02:56:33 2020 CEST <damian@fptrucha.inv.usc.es>
# name: hd
# type: matrix
# rows: 6
# columns: 2
 5570 -620
 7460 -372
 7610 -124
 7069 124
 6081 370
 4615 620


