# Created by Octave 3.8.2, Sat Jun 20 15:29:01 2020 CEST <damian@fptrucha.inv.usc.es>
# name: hd
# type: matrix
# rows: 6
# columns: 2
 5596 -620
 7091 -372
 7227 -124
 6750 124
 5712 370
 4266 620


