# Created by Octave 3.8.2, Sat Jun 20 11:11:20 2020 CEST <damian@fptrucha.inv.usc.es>
# name: hd
# type: matrix
# rows: 6
# columns: 2
 5959 -620
 7630 -372
 7828 -124
 7082 124
 6210 370
 4560 620


