# Created by Octave 3.8.2, Mon Jun 22 09:50:51 2020 CEST <damian@fptrucha.inv.usc.es>
# name: hd
# type: matrix
# rows: 6
# columns: 2
 4745 -620
 6339 -372
 7043 -124
 6714 124
 5877 370
 4415 620


