# Created by Octave 3.8.2, Sat Jun 20 03:48:05 2020 CEST <damian@fptrucha.inv.usc.es>
# name: hd
# type: matrix
# rows: 6
# columns: 2
 5576 -620
 7567 -372
 7882 -124
 7359 124
 6091 370
 4869 620


