# Created by Octave 3.8.2, Mon Jun 22 21:51:12 2020 CEST <damian@fptrucha.inv.usc.es>
# name: hd
# type: matrix
# rows: 6
# columns: 2
 5419 -620
 6943 -372
 7479 -124
 7104 124
 6328 370
 4790 620


