# Created by Octave 3.8.2, Mon Jun 22 21:46:26 2020 CEST <damian@fptrucha.inv.usc.es>
# name: hd
# type: matrix
# rows: 6
# columns: 2
 5308 -620
 7051 -372
 7611 -124
 7159 124
 6292 370
 4776 620


