# Created by Octave 3.8.2, Mon Jun 22 12:54:24 2020 CEST <damian@fptrucha.inv.usc.es>
# name: hd
# type: matrix
# rows: 6
# columns: 2
 5025 -620
 6576 -372
 7138 -124
 6735 124
 5916 370
 4654 620


