# Created by Octave 3.8.2, Sat Jun 20 12:52:54 2020 CEST <damian@fptrucha.inv.usc.es>
# name: hd
# type: matrix
# rows: 6
# columns: 2
 6014 -620
 7524 -372
 7686 -124
 7085 124
 5984 370
 4460 620


