# Created by Octave 3.8.2, Sat Jun 20 04:41:00 2020 CEST <damian@fptrucha.inv.usc.es>
# name: hd
# type: matrix
# rows: 6
# columns: 2
 5705 -620
 7581 -372
 7793 -124
 7406 124
 6100 370
 4743 620


