# Created by Octave 3.8.2, Mon Jun 22 13:16:26 2020 CEST <damian@fptrucha.inv.usc.es>
# name: hd
# type: matrix
# rows: 6
# columns: 2
 5159 -620
 6723 -372
 7094 -124
 6767 124
 6057 370
 4561 620


