# Created by Octave 3.8.2, Sun Jun 21 04:05:38 2020 CEST <damian@fptrucha.inv.usc.es>
# name: hd
# type: matrix
# rows: 6
# columns: 2
 5329 -620
 6756 -372
 6929 -124
 6278 124
 5507 370
 4098 620


