# Created by Octave 3.8.2, Sat Jun 20 21:56:14 2020 CEST <damian@fptrucha.inv.usc.es>
# name: hd
# type: matrix
# rows: 6
# columns: 2
 5469 -620
 6856 -372
 7032 -124
 6575 124
 5362 370
 4101 620


