# Created by Octave 3.8.2, Sun Jun 21 00:21:18 2020 CEST <damian@fptrucha.inv.usc.es>
# name: hd
# type: matrix
# rows: 6
# columns: 2
 5390 -620
 6685 -372
 6879 -124
 6350 124
 5358 370
 4037 620


