# Created by Octave 3.8.2, Sat Jun 20 20:03:36 2020 CEST <damian@fptrucha.inv.usc.es>
# name: hd
# type: matrix
# rows: 6
# columns: 2
 5435 -620
 6936 -372
 7132 -124
 6630 124
 5521 370
 4059 620


