# Created by Octave 3.8.2, Sat Jun 20 12:35:18 2020 CEST <damian@fptrucha.inv.usc.es>
# name: hd
# type: matrix
# rows: 6
# columns: 2
 6041 -620
 7457 -372
 7699 -124
 7063 124
 5887 370
 4386 620


