# Created by Octave 3.8.2, Mon Jun 22 23:47:55 2020 CEST <damian@fptrucha.inv.usc.es>
# name: hd
# type: matrix
# rows: 6
# columns: 2
 5467 -620
 7103 -372
 7571 -124
 7022 124
 6232 370
 4867 620


