# Created by Octave 3.8.2, Sun Jun 21 05:15:09 2020 CEST <damian@fptrucha.inv.usc.es>
# name: hd
# type: matrix
# rows: 6
# columns: 2
 5327 -620
 6657 -372
 6860 -124
 6463 124
 5456 370
 4069 620


