# Created by Octave 3.8.2, Mon Jun 22 16:14:54 2020 CEST <damian@fptrucha.inv.usc.es>
# name: hd
# type: matrix
# rows: 6
# columns: 2
 5326 -620
 6884 -372
 7310 -124
 7064 124
 6090 370
 4653 620


