# Created by Octave 3.8.2, Mon Jun 22 21:30:20 2020 CEST <damian@fptrucha.inv.usc.es>
# name: hd
# type: matrix
# rows: 6
# columns: 2
 5293 -620
 6999 -372
 7411 -124
 7041 124
 6252 370
 4897 620


