# Created by Octave 3.8.2, Sat Jun 20 06:20:49 2020 CEST <damian@fptrucha.inv.usc.es>
# name: hd
# type: matrix
# rows: 6
# columns: 2
 5737 -620
 7685 -372
 7853 -124
 7324 124
 6215 370
 4699 620


