# Created by Octave 3.8.2, Mon Jun 22 09:20:15 2020 CEST <damian@fptrucha.inv.usc.es>
# name: hd
# type: matrix
# rows: 6
# columns: 2
 4830 -620
 6244 -372
 6812 -124
 6571 124
 5956 370
 4395 620


