# Created by Octave 3.8.2, Sun Jun 21 07:54:55 2020 CEST <damian@fptrucha.inv.usc.es>
# name: hd
# type: matrix
# rows: 6
# columns: 2
 5400 -620
 6760 -372
 6825 -124
 6463 124
 5294 370
 4009 620


