# Created by Octave 3.8.2, Sun Jun 21 00:52:56 2020 CEST <damian@fptrucha.inv.usc.es>
# name: hd
# type: matrix
# rows: 6
# columns: 2
 5232 -620
 6655 -372
 6774 -124
 6204 124
 5306 370
 4032 620


