# Created by Octave 3.8.2, Sun Jun 21 03:32:17 2020 CEST <damian@fptrucha.inv.usc.es>
# name: hd
# type: matrix
# rows: 6
# columns: 2
 5278 -620
 6689 -372
 6927 -124
 6517 124
 5417 370
 4152 620


