# Created by Octave 3.8.2, Mon Jun 22 05:46:55 2020 CEST <damian@fptrucha.inv.usc.es>
# name: hd
# type: matrix
# rows: 6
# columns: 2
 4521 -620
 6026 -372
 6613 -124
 6342 124
 5714 370
 4304 620


