# Created by Octave 3.8.2, Mon Jun 22 03:30:28 2020 CEST <damian@fptrucha.inv.usc.es>
# name: hd
# type: matrix
# rows: 6
# columns: 2
 4594 -620
 5867 -372
 6620 -124
 6257 124
 5544 370
 4392 620


