# Created by Octave 3.8.2, Mon Jun 22 05:43:58 2020 CEST <damian@fptrucha.inv.usc.es>
# name: hd
# type: matrix
# rows: 6
# columns: 2
 4529 -620
 5903 -372
 6673 -124
 6311 124
 5766 370
 4200 620


