# Created by Octave 3.8.2, Sun Jun 21 02:43:26 2020 CEST <damian@fptrucha.inv.usc.es>
# name: hd
# type: matrix
# rows: 6
# columns: 2
 5108 -620
 6741 -372
 6833 -124
 6418 124
 5360 370
 4067 620


