# Created by Octave 3.8.2, Mon Jun 22 03:03:02 2020 CEST <damian@fptrucha.inv.usc.es>
# name: hd
# type: matrix
# rows: 6
# columns: 2
 4705 -620
 6006 -372
 6630 -124
 6322 124
 5655 370
 4166 620


