# Created by Octave 3.8.2, Mon Jun 22 15:37:58 2020 CEST <damian@fptrucha.inv.usc.es>
# name: hd
# type: matrix
# rows: 6
# columns: 2
 5327 -620
 6823 -372
 7394 -124
 6936 124
 6094 370
 4612 620


