# Created by Octave 3.8.2, Mon Jun 22 16:08:14 2020 CEST <damian@fptrucha.inv.usc.es>
# name: hd
# type: matrix
# rows: 6
# columns: 2
 5231 -620
 6892 -372
 7339 -124
 6817 124
 6166 370
 4516 620


