# Created by Octave 3.8.2, Sat Jun 20 02:25:33 2020 CEST <damian@fptrucha.inv.usc.es>
# name: hd
# type: matrix
# rows: 6
# columns: 2
 5664 -620
 7384 -372
 7540 -124
 7145 124
 5978 370
 4784 620


