# Created by Octave 3.8.2, Sun Jun 21 03:51:46 2020 CEST <damian@fptrucha.inv.usc.es>
# name: hd
# type: matrix
# rows: 6
# columns: 2
 5401 -620
 6724 -372
 6829 -124
 6288 124
 5439 370
 3895 620


