# Created by Octave 3.8.2, Sun Jun 21 04:06:47 2020 CEST <damian@fptrucha.inv.usc.es>
# name: hd
# type: matrix
# rows: 6
# columns: 2
 5276 -620
 6682 -372
 6946 -124
 6476 124
 5304 370
 4117 620


