# Created by Octave 3.8.2, Sat Jun 20 20:35:35 2020 CEST <damian@fptrucha.inv.usc.es>
# name: hd
# type: matrix
# rows: 6
# columns: 2
 5465 -620
 6791 -372
 7131 -124
 6456 124
 5610 370
 4075 620


