# Created by Octave 3.8.2, Mon Jun 22 07:28:23 2020 CEST <damian@fptrucha.inv.usc.es>
# name: hd
# type: matrix
# rows: 6
# columns: 2
 4785 -620
 6097 -372
 6834 -124
 6543 124
 5790 370
 4287 620


