# Created by Octave 3.8.2, Sun Jun 21 02:03:28 2020 CEST <damian@fptrucha.inv.usc.es>
# name: hd
# type: matrix
# rows: 6
# columns: 2
 5241 -620
 6796 -372
 6955 -124
 6337 124
 5394 370
 4062 620


