# Created by Octave 3.8.2, Sat Jun 20 04:20:07 2020 CEST <damian@fptrucha.inv.usc.es>
# name: hd
# type: matrix
# rows: 6
# columns: 2
 5653 -620
 7375 -372
 7730 -124
 7524 124
 6365 370
 4750 620


