# Created by Octave 3.8.2, Sat Jun 20 17:14:09 2020 CEST <damian@fptrucha.inv.usc.es>
# name: hd
# type: matrix
# rows: 6
# columns: 2
 5434 -620
 7012 -372
 7006 -124
 6864 124
 5595 370
 4213 620


