# Created by Octave 3.8.2, Sun Jun 21 04:30:53 2020 CEST <damian@fptrucha.inv.usc.es>
# name: hd
# type: matrix
# rows: 6
# columns: 2
 5317 -620
 6813 -372
 6931 -124
 6529 124
 5558 370
 4160 620


