# Created by Octave 3.8.2, Mon Jun 22 05:26:39 2020 CEST <damian@fptrucha.inv.usc.es>
# name: hd
# type: matrix
# rows: 6
# columns: 2
 4661 -620
 5913 -372
 6707 -124
 6389 124
 5584 370
 4277 620


