# Created by Octave 3.8.2, Mon Jun 22 10:50:38 2020 CEST <damian@fptrucha.inv.usc.es>
# name: hd
# type: matrix
# rows: 6
# columns: 2
 5001 -620
 6359 -372
 7057 -124
 6468 124
 5974 370
 4449 620


