# Created by Octave 3.8.2, Mon Jun 22 06:28:38 2020 CEST <damian@fptrucha.inv.usc.es>
# name: hd
# type: matrix
# rows: 6
# columns: 2
 4559 -620
 5928 -372
 6714 -124
 6497 124
 5808 370
 4453 620


