# Created by Octave 3.8.2, Mon Jun 22 05:38:06 2020 CEST <damian@fptrucha.inv.usc.es>
# name: hd
# type: matrix
# rows: 6
# columns: 2
 4663 -620
 6097 -372
 6590 -124
 6372 124
 5825 370
 4406 620


