# Created by Octave 3.8.2, Mon Jun 22 13:57:34 2020 CEST <damian@fptrucha.inv.usc.es>
# name: hd
# type: matrix
# rows: 6
# columns: 2
 4999 -620
 6594 -372
 7061 -124
 6816 124
 5789 370
 4419 620


