# Created by Octave 3.8.2, Mon Jun 22 12:59:46 2020 CEST <damian@fptrucha.inv.usc.es>
# name: hd
# type: matrix
# rows: 6
# columns: 2
 5206 -620
 6368 -372
 7230 -124
 6760 124
 6148 370
 4471 620


