# Created by Octave 3.8.2, Sat Jun 20 20:17:44 2020 CEST <damian@fptrucha.inv.usc.es>
# name: hd
# type: matrix
# rows: 6
# columns: 2
 5469 -620
 6928 -372
 7035 -124
 6574 124
 5598 370
 4203 620


