# Created by Octave 3.8.2, Mon Jun 22 02:35:59 2020 CEST <damian@fptrucha.inv.usc.es>
# name: hd
# type: matrix
# rows: 6
# columns: 2
 4758 -620
 5953 -372
 6483 -124
 6276 124
 5604 370
 4320 620


