# Created by Octave 3.8.2, Mon Jun 22 11:42:09 2020 CEST <damian@fptrucha.inv.usc.es>
# name: hd
# type: matrix
# rows: 6
# columns: 2
 4833 -620
 6381 -372
 7003 -124
 6675 124
 5988 370
 4474 620


