# Created by Octave 3.8.2, Sat Jun 20 14:06:49 2020 CEST <damian@fptrucha.inv.usc.es>
# name: hd
# type: matrix
# rows: 6
# columns: 2
 3870 -620
 4965 -372
 4959 -124
 4828 124
 3854 370
 2928 620


