# Created by Octave 3.8.2, Sat Jun 20 13:59:07 2020 CEST <damian@fptrucha.inv.usc.es>
# name: hd
# type: matrix
# rows: 6
# columns: 2
 5898 -620
 7324 -372
 7566 -124
 7086 124
 5921 370
 4372 620


