# Created by Octave 3.8.2, Sat Jun 20 22:12:40 2020 CEST <damian@fptrucha.inv.usc.es>
# name: hd
# type: matrix
# rows: 6
# columns: 2
 3540 -620
 4437 -372
 4577 -124
 4306 124
 3620 370
 2734 620


