# Created by Octave 3.8.2, Sat Jun 20 04:00:14 2020 CEST <damian@fptrucha.inv.usc.es>
# name: hd
# type: matrix
# rows: 100
# columns: 2
 0 -3
 0 -2.939393939393939
 0 -2.878787878787879
 0 -2.818181818181818
 0 -2.757575757575758
 0 -2.696969696969697
 0 -2.636363636363636
 2 -2.575757575757576
 1 -2.515151515151515
 4 -2.454545454545455
 0 -2.393939393939394
 0 -2.333333333333333
 1 -2.272727272727272
 0 -2.212121212121212
 0 -2.151515151515151
 1 -2.090909090909091
 3 -2.03030303030303
 20 -1.96969696969697
 24 -1.909090909090909
 1 -1.848484848484848
 2 -1.787878787878788
 0 -1.727272727272727
 2 -1.666666666666667
 86 -1.606060606060606
 14 -1.545454545454545
 72 -1.484848484848485
 14 -1.424242424242424
 60 -1.363636363636364
 12 -1.303030303030303
 8 -1.242424242424242
 447 -1.181818181818182
 10 -1.121212121212121
 417 -1.060606060606061
 8 -1
 397 -0.9393939393939394
 14 -0.8787878787878789
 332 -0.8181818181818183
 707 -0.7575757575757573
 496 -0.6969696969696968
 799 -0.6363636363636362
 491 -0.5757575757575757
 720 -0.5151515151515151
 437 -0.4545454545454546
 625 -0.393939393939394
 3040 -0.333333333333333
 443 -0.2727272727272725
 2140 -0.2121212121212119
 2 -0.1515151515151514
 1884 -0.09090909090909083
 5 -0.03030303030303028
 1958 0.03030303030303028
 5 0.09090909090909083
 1684 0.1515151515151514
 1176 0.2121212121212124
 1694 0.2727272727272729
 1068 0.3333333333333335
 420 0.393939393939394
 686 0.4545454545454546
 462 0.5151515151515151
 605 0.5757575757575757
 421 0.6363636363636367
 526 0.6969696969696972
 359 0.7575757575757578
 8 0.8181818181818183
 383 0.8787878787878789
 8 0.9393939393939394
 353 1
 6 1.060606060606061
 324 1.121212121212121
 1 1.181818181818182
 21 1.242424242424242
 69 1.303030303030303
 14 1.363636363636363
 73 1.424242424242425
 18 1.484848484848485
 59 1.545454545454546
 2 1.606060606060606
 0 1.666666666666667
 1 1.727272727272728
 17 1.787878787878788
 1 1.848484848484849
 16 1.909090909090909
 6 1.96969696969697
 1 2.03030303030303
 0 2.090909090909091
 0 2.151515151515151
 1 2.212121212121212
 1 2.272727272727272
 0 2.333333333333334
 3 2.393939393939394
 0 2.454545454545455
 0 2.515151515151516
 0 2.575757575757576
 0 2.636363636363637
 0 2.696969696969697
 0 2.757575757575758
 0 2.818181818181818
 0 2.878787878787879
 0 2.939393939393939
 0 3


