# Created by Octave 3.8.2, Mon Jun 22 16:11:34 2020 CEST <damian@fptrucha.inv.usc.es>
# name: hd
# type: matrix
# rows: 100
# columns: 2
 0 -3
 0 -2.939393939393939
 0 -2.878787878787879
 0 -2.818181818181818
 0 -2.757575757575758
 0 -2.696969696969697
 0 -2.636363636363636
 0 -2.575757575757576
 1 -2.515151515151515
 8 -2.454545454545455
 1 -2.393939393939394
 0 -2.333333333333333
 0 -2.272727272727272
 0 -2.212121212121212
 0 -2.151515151515151
 2 -2.090909090909091
 4 -2.03030303030303
 34 -1.96969696969697
 52 -1.909090909090909
 0 -1.848484848484848
 3 -1.787878787878788
 0 -1.727272727272727
 1 -1.666666666666667
 100 -1.606060606060606
 40 -1.545454545454545
 112 -1.484848484848485
 23 -1.424242424242424
 112 -1.363636363636364
 22 -1.303030303030303
 17 -1.242424242424242
 568 -1.181818181818182
 13 -1.121212121212121
 572 -1.060606060606061
 19 -1
 543 -0.9393939393939394
 21 -0.8787878787878789
 521 -0.8181818181818183
 886 -0.7575757575757573
 663 -0.6969696969696968
 1056 -0.6363636363636362
 648 -0.5757575757575757
 941 -0.5151515151515151
 625 -0.4545454545454546
 937 -0.393939393939394
 4150 -0.333333333333333
 568 -0.2727272727272725
 2716 -0.2121212121212119
 23 -0.1515151515151514
 2711 -0.09090909090909083
 14 -0.03030303030303028
 2568 0.03030303030303028
 15 0.09090909090909083
 2386 0.1515151515151514
 1660 0.2121212121212124
 2373 0.2727272727272729
 1638 0.3333333333333335
 671 0.393939393939394
 948 0.4545454545454546
 700 0.5151515151515151
 816 0.5757575757575757
 666 0.6363636363636367
 870 0.6969696969696972
 593 0.7575757575757578
 13 0.8181818181818183
 579 0.8787878787878789
 15 0.9393939393939394
 552 1
 17 1.060606060606061
 546 1.121212121212121
 15 1.181818181818182
 35 1.242424242424242
 110 1.303030303030303
 37 1.363636363636363
 153 1.424242424242425
 41 1.484848484848485
 117 1.545454545454546
 3 1.606060606060606
 0 1.666666666666667
 0 1.727272727272728
 52 1.787878787878788
 2 1.848484848484849
 39 1.909090909090909
 3 1.96969696969697
 4 2.03030303030303
 0 2.090909090909091
 0 2.151515151515151
 3 2.212121212121212
 2 2.272727272727272
 0 2.333333333333334
 7 2.393939393939394
 0 2.454545454545455
 0 2.515151515151516
 0 2.575757575757576
 0 2.636363636363637
 0 2.696969696969697
 0 2.757575757575758
 0 2.818181818181818
 0 2.878787878787879
 0 2.939393939393939
 0 3


