# Created by Octave 3.8.2, Mon Jun 22 10:49:36 2020 CEST <damian@fptrucha.inv.usc.es>
# name: hd
# type: matrix
# rows: 100
# columns: 2
 0 -3
 0 -2.939393939393939
 0 -2.878787878787879
 0 -2.818181818181818
 0 -2.757575757575758
 0 -2.696969696969697
 0 -2.636363636363636
 1 -2.575757575757576
 1 -2.515151515151515
 7 -2.454545454545455
 1 -2.393939393939394
 0 -2.333333333333333
 3 -2.272727272727272
 0 -2.212121212121212
 0 -2.151515151515151
 2 -2.090909090909091
 9 -2.03030303030303
 26 -1.96969696969697
 41 -1.909090909090909
 1 -1.848484848484848
 3 -1.787878787878788
 0 -1.727272727272727
 1 -1.666666666666667
 84 -1.606060606060606
 31 -1.545454545454545
 83 -1.484848484848485
 30 -1.424242424242424
 107 -1.363636363636364
 23 -1.303030303030303
 14 -1.242424242424242
 495 -1.181818181818182
 22 -1.121212121212121
 495 -1.060606060606061
 17 -1
 540 -0.9393939393939394
 22 -0.8787878787878789
 535 -0.8181818181818183
 866 -0.7575757575757573
 656 -0.6969696969696968
 972 -0.6363636363636362
 637 -0.5757575757575757
 806 -0.5151515151515151
 586 -0.4545454545454546
 884 -0.393939393939394
 3997 -0.333333333333333
 558 -0.2727272727272725
 2655 -0.2121212121212119
 16 -0.1515151515151514
 2586 -0.09090909090909083
 18 -0.03030303030303028
 2517 0.03030303030303028
 17 0.09090909090909083
 2245 0.1515151515151514
 1584 0.2121212121212124
 2273 0.2727272727272729
 1600 0.3333333333333335
 653 0.393939393939394
 924 0.4545454545454546
 720 0.5151515151515151
 774 0.5757575757575757
 600 0.6363636363636367
 876 0.6969696969696972
 561 0.7575757575757578
 10 0.8181818181818183
 565 0.8787878787878789
 14 0.9393939393939394
 587 1
 17 1.060606060606061
 518 1.121212121212121
 15 1.181818181818182
 34 1.242424242424242
 104 1.303030303030303
 26 1.363636363636363
 99 1.424242424242425
 35 1.484848484848485
 96 1.545454545454546
 1 1.606060606060606
 0 1.666666666666667
 0 1.727272727272728
 38 1.787878787878788
 3 1.848484848484849
 32 1.909090909090909
 4 1.96969696969697
 0 2.03030303030303
 0 2.090909090909091
 0 2.151515151515151
 0 2.212121212121212
 1 2.272727272727272
 1 2.333333333333334
 9 2.393939393939394
 0 2.454545454545455
 0 2.515151515151516
 0 2.575757575757576
 0 2.636363636363637
 0 2.696969696969697
 0 2.757575757575758
 0 2.818181818181818
 0 2.878787878787879
 0 2.939393939393939
 0 3


