# Created by Octave 3.8.2, Mon Jun 22 09:39:32 2020 CEST <damian@fptrucha.inv.usc.es>
# name: hd
# type: matrix
# rows: 100
# columns: 2
 0 -3
 0 -2.939393939393939
 0 -2.878787878787879
 0 -2.818181818181818
 0 -2.757575757575758
 0 -2.696969696969697
 0 -2.636363636363636
 1 -2.575757575757576
 0 -2.515151515151515
 7 -2.454545454545455
 1 -2.393939393939394
 0 -2.333333333333333
 1 -2.272727272727272
 0 -2.212121212121212
 0 -2.151515151515151
 0 -2.090909090909091
 4 -2.03030303030303
 35 -1.96969696969697
 33 -1.909090909090909
 1 -1.848484848484848
 2 -1.787878787878788
 0 -1.727272727272727
 4 -1.666666666666667
 97 -1.606060606060606
 27 -1.545454545454545
 115 -1.484848484848485
 29 -1.424242424242424
 98 -1.363636363636364
 23 -1.303030303030303
 14 -1.242424242424242
 518 -1.181818181818182
 17 -1.121212121212121
 526 -1.060606060606061
 19 -1
 486 -0.9393939393939394
 22 -0.8787878787878789
 517 -0.8181818181818183
 895 -0.7575757575757573
 613 -0.6969696969696968
 905 -0.6363636363636362
 641 -0.5757575757575757
 891 -0.5151515151515151
 607 -0.4545454545454546
 896 -0.393939393939394
 4071 -0.333333333333333
 560 -0.2727272727272725
 2473 -0.2121212121212119
 7 -0.1515151515151514
 2533 -0.09090909090909083
 10 -0.03030303030303028
 2502 0.03030303030303028
 26 0.09090909090909083
 2197 0.1515151515151514
 1523 0.2121212121212124
 2270 0.2727272727272729
 1509 0.3333333333333335
 624 0.393939393939394
 891 0.4545454545454546
 666 0.5151515151515151
 829 0.5757575757575757
 672 0.6363636363636367
 828 0.6969696969696972
 537 0.7575757575757578
 16 0.8181818181818183
 541 0.8787878787878789
 19 0.9393939393939394
 519 1
 9 1.060606060606061
 504 1.121212121212121
 8 1.181818181818182
 42 1.242424242424242
 100 1.303030303030303
 29 1.363636363636363
 110 1.424242424242425
 31 1.484848484848485
 102 1.545454545454546
 5 1.606060606060606
 0 1.666666666666667
 3 1.727272727272728
 28 1.787878787878788
 5 1.848484848484849
 50 1.909090909090909
 7 1.96969696969697
 0 2.03030303030303
 0 2.090909090909091
 0 2.151515151515151
 0 2.212121212121212
 0 2.272727272727272
 1 2.333333333333334
 12 2.393939393939394
 0 2.454545454545455
 0 2.515151515151516
 0 2.575757575757576
 0 2.636363636363637
 0 2.696969696969697
 0 2.757575757575758
 0 2.818181818181818
 0 2.878787878787879
 0 2.939393939393939
 0 3


