# Created by Octave 3.8.2, Mon Jun 22 16:12:43 2020 CEST <damian@fptrucha.inv.usc.es>
# name: hd
# type: matrix
# rows: 100
# columns: 2
 0 -3
 0 -2.939393939393939
 0 -2.878787878787879
 0 -2.818181818181818
 0 -2.757575757575758
 0 -2.696969696969697
 0 -2.636363636363636
 0 -2.575757575757576
 0 -2.515151515151515
 7 -2.454545454545455
 0 -2.393939393939394
 1 -2.333333333333333
 1 -2.272727272727272
 0 -2.212121212121212
 0 -2.151515151515151
 1 -2.090909090909091
 6 -2.03030303030303
 37 -1.96969696969697
 37 -1.909090909090909
 1 -1.848484848484848
 1 -1.787878787878788
 0 -1.727272727272727
 5 -1.666666666666667
 121 -1.606060606060606
 28 -1.545454545454545
 111 -1.484848484848485
 26 -1.424242424242424
 96 -1.363636363636364
 21 -1.303030303030303
 8 -1.242424242424242
 590 -1.181818181818182
 18 -1.121212121212121
 551 -1.060606060606061
 17 -1
 544 -0.9393939393939394
 29 -0.8787878787878789
 542 -0.8181818181818183
 925 -0.7575757575757573
 627 -0.6969696969696968
 1034 -0.6363636363636362
 648 -0.5757575757575757
 927 -0.5151515151515151
 656 -0.4545454545454546
 910 -0.393939393939394
 4360 -0.333333333333333
 602 -0.2727272727272725
 2664 -0.2121212121212119
 13 -0.1515151515151514
 2777 -0.09090909090909083
 13 -0.03030303030303028
 2618 0.03030303030303028
 33 0.09090909090909083
 2390 0.1515151515151514
 1664 0.2121212121212124
 2330 0.2727272727272729
 1735 0.3333333333333335
 670 0.393939393939394
 900 0.4545454545454546
 759 0.5151515151515151
 913 0.5757575757575757
 625 0.6363636363636367
 851 0.6969696969696972
 624 0.7575757575757578
 17 0.8181818181818183
 629 0.8787878787878789
 23 0.9393939393939394
 544 1
 20 1.060606060606061
 533 1.121212121212121
 16 1.181818181818182
 39 1.242424242424242
 132 1.303030303030303
 37 1.363636363636363
 141 1.424242424242425
 44 1.484848484848485
 111 1.545454545454546
 2 1.606060606060606
 0 1.666666666666667
 1 1.727272727272728
 43 1.787878787878788
 4 1.848484848484849
 44 1.909090909090909
 5 1.96969696969697
 1 2.03030303030303
 0 2.090909090909091
 0 2.151515151515151
 2 2.212121212121212
 1 2.272727272727272
 1 2.333333333333334
 14 2.393939393939394
 0 2.454545454545455
 1 2.515151515151516
 0 2.575757575757576
 0 2.636363636363637
 0 2.696969696969697
 0 2.757575757575758
 0 2.818181818181818
 0 2.878787878787879
 0 2.939393939393939
 0 3


