# Created by Octave 3.8.2, Mon Jun 22 07:42:17 2020 CEST <damian@fptrucha.inv.usc.es>
# name: hd
# type: matrix
# rows: 100
# columns: 2
 0 -3
 0 -2.939393939393939
 0 -2.878787878787879
 0 -2.818181818181818
 0 -2.757575757575758
 0 -2.696969696969697
 0 -2.636363636363636
 1 -2.575757575757576
 1 -2.515151515151515
 8 -2.454545454545455
 1 -2.393939393939394
 0 -2.333333333333333
 0 -2.272727272727272
 0 -2.212121212121212
 0 -2.151515151515151
 3 -2.090909090909091
 1 -2.03030303030303
 33 -1.96969696969697
 43 -1.909090909090909
 0 -1.848484848484848
 3 -1.787878787878788
 0 -1.727272727272727
 5 -1.666666666666667
 94 -1.606060606060606
 30 -1.545454545454545
 115 -1.484848484848485
 28 -1.424242424242424
 111 -1.363636363636364
 27 -1.303030303030303
 9 -1.242424242424242
 507 -1.181818181818182
 18 -1.121212121212121
 497 -1.060606060606061
 18 -1
 546 -0.9393939393939394
 27 -0.8787878787878789
 495 -0.8181818181818183
 858 -0.7575757575757573
 558 -0.6969696969696968
 947 -0.6363636363636362
 591 -0.5757575757575757
 902 -0.5151515151515151
 574 -0.4545454545454546
 885 -0.393939393939394
 3940 -0.333333333333333
 590 -0.2727272727272725
 2454 -0.2121212121212119
 14 -0.1515151515151514
 2550 -0.09090909090909083
 14 -0.03030303030303028
 2366 0.03030303030303028
 19 0.09090909090909083
 2188 0.1515151515151514
 1506 0.2121212121212124
 2228 0.2727272727272729
 1497 0.3333333333333335
 647 0.393939393939394
 862 0.4545454545454546
 643 0.5151515151515151
 797 0.5757575757575757
 582 0.6363636363636367
 800 0.6969696969696972
 556 0.7575757575757578
 18 0.8181818181818183
 554 0.8787878787878789
 17 0.9393939393939394
 491 1
 18 1.060606060606061
 532 1.121212121212121
 9 1.181818181818182
 25 1.242424242424242
 111 1.303030303030303
 26 1.363636363636363
 98 1.424242424242425
 28 1.484848484848485
 96 1.545454545454546
 3 1.606060606060606
 0 1.666666666666667
 0 1.727272727272728
 49 1.787878787878788
 1 1.848484848484849
 27 1.909090909090909
 3 1.96969696969697
 3 2.03030303030303
 0 2.090909090909091
 0 2.151515151515151
 2 2.212121212121212
 1 2.272727272727272
 0 2.333333333333334
 4 2.393939393939394
 0 2.454545454545455
 2 2.515151515151516
 0 2.575757575757576
 0 2.636363636363637
 0 2.696969696969697
 0 2.757575757575758
 0 2.818181818181818
 0 2.878787878787879
 0 2.939393939393939
 0 3


