# Created by Octave 3.8.2, Mon Jun 22 02:16:51 2020 CEST <damian@fptrucha.inv.usc.es>
# name: hd
# type: matrix
# rows: 100
# columns: 2
 0 -3
 0 -2.939393939393939
 0 -2.878787878787879
 0 -2.818181818181818
 0 -2.757575757575758
 0 -2.696969696969697
 0 -2.636363636363636
 0 -2.575757575757576
 0 -2.515151515151515
 11 -2.454545454545455
 1 -2.393939393939394
 0 -2.333333333333333
 0 -2.272727272727272
 0 -2.212121212121212
 0 -2.151515151515151
 0 -2.090909090909091
 0 -2.03030303030303
 32 -1.96969696969697
 44 -1.909090909090909
 2 -1.848484848484848
 3 -1.787878787878788
 0 -1.727272727272727
 2 -1.666666666666667
 93 -1.606060606060606
 44 -1.545454545454545
 124 -1.484848484848485
 25 -1.424242424242424
 116 -1.363636363636364
 32 -1.303030303030303
 18 -1.242424242424242
 553 -1.181818181818182
 15 -1.121212121212121
 522 -1.060606060606061
 11 -1
 500 -0.9393939393939394
 17 -0.8787878787878789
 450 -0.8181818181818183
 960 -0.7575757575757573
 654 -0.6969696969696968
 1021 -0.6363636363636362
 650 -0.5757575757575757
 896 -0.5151515151515151
 595 -0.4545454545454546
 908 -0.393939393939394
 4167 -0.333333333333333
 541 -0.2727272727272725
 2577 -0.2121212121212119
 13 -0.1515151515151514
 2604 -0.09090909090909083
 14 -0.03030303030303028
 2466 0.03030303030303028
 22 0.09090909090909083
 2213 0.1515151515151514
 1817 0.2121212121212124
 2300 0.2727272727272729
 1662 0.3333333333333335
 653 0.393939393939394
 924 0.4545454545454546
 609 0.5151515151515151
 849 0.5757575757575757
 609 0.6363636363636367
 820 0.6969696969696972
 593 0.7575757575757578
 17 0.8181818181818183
 599 0.8787878787878789
 17 0.9393939393939394
 547 1
 18 1.060606060606061
 538 1.121212121212121
 17 1.181818181818182
 36 1.242424242424242
 103 1.303030303030303
 37 1.363636363636363
 107 1.424242424242425
 34 1.484848484848485
 114 1.545454545454546
 1 1.606060606060606
 0 1.666666666666667
 2 1.727272727272728
 54 1.787878787878788
 5 1.848484848484849
 40 1.909090909090909
 7 1.96969696969697
 1 2.03030303030303
 0 2.090909090909091
 0 2.151515151515151
 2 2.212121212121212
 0 2.272727272727272
 2 2.333333333333334
 12 2.393939393939394
 1 2.454545454545455
 0 2.515151515151516
 0 2.575757575757576
 0 2.636363636363637
 0 2.696969696969697
 0 2.757575757575758
 0 2.818181818181818
 0 2.878787878787879
 0 2.939393939393939
 0 3


