# Created by Octave 3.8.2, Sat Jun 20 16:54:28 2020 CEST <damian@fptrucha.inv.usc.es>
# name: hd
# type: matrix
# rows: 100
# columns: 2
 0 -3
 0 -2.939393939393939
 0 -2.878787878787879
 0 -2.818181818181818
 0 -2.757575757575758
 0 -2.696969696969697
 0 -2.636363636363636
 0 -2.575757575757576
 0 -2.515151515151515
 4 -2.454545454545455
 0 -2.393939393939394
 1 -2.333333333333333
 3 -2.272727272727272
 0 -2.212121212121212
 0 -2.151515151515151
 0 -2.090909090909091
 4 -2.03030303030303
 19 -1.96969696969697
 31 -1.909090909090909
 1 -1.848484848484848
 1 -1.787878787878788
 0 -1.727272727272727
 3 -1.666666666666667
 101 -1.606060606060606
 26 -1.545454545454545
 89 -1.484848484848485
 27 -1.424242424242424
 90 -1.363636363636364
 15 -1.303030303030303
 20 -1.242424242424242
 552 -1.181818181818182
 19 -1.121212121212121
 527 -1.060606060606061
 13 -1
 470 -0.9393939393939394
 12 -0.8787878787878789
 450 -0.8181818181818183
 998 -0.7575757575757573
 644 -0.6969696969696968
 1088 -0.6363636363636362
 673 -0.5757575757575757
 933 -0.5151515151515151
 571 -0.4545454545454546
 801 -0.393939393939394
 4406 -0.333333333333333
 572 -0.2727272727272725
 2815 -0.2121212121212119
 9 -0.1515151515151514
 2672 -0.09090909090909083
 9 -0.03030303030303028
 2519 0.03030303030303028
 7 0.09090909090909083
 2150 0.1515151515151514
 1679 0.2121212121212124
 2308 0.2727272727272729
 1656 0.3333333333333335
 647 0.393939393939394
 888 0.4545454545454546
 704 0.5151515151515151
 826 0.5757575757575757
 553 0.6363636363636367
 789 0.6969696969696972
 596 0.7575757575757578
 14 0.8181818181818183
 511 0.8787878787878789
 16 0.9393939393939394
 529 1
 11 1.060606060606061
 480 1.121212121212121
 9 1.181818181818182
 37 1.242424242424242
 95 1.303030303030303
 16 1.363636363636363
 96 1.424242424242425
 19 1.484848484848485
 82 1.545454545454546
 2 1.606060606060606
 0 1.666666666666667
 0 1.727272727272728
 23 1.787878787878788
 1 1.848484848484849
 19 1.909090909090909
 2 1.96969696969697
 1 2.03030303030303
 0 2.090909090909091
 0 2.151515151515151
 2 2.212121212121212
 0 2.272727272727272
 0 2.333333333333334
 4 2.393939393939394
 0 2.454545454545455
 0 2.515151515151516
 0 2.575757575757576
 0 2.636363636363637
 0 2.696969696969697
 0 2.757575757575758
 0 2.818181818181818
 0 2.878787878787879
 0 2.939393939393939
 0 3


