# Created by Octave 3.8.2, Sat Jun 20 17:06:15 2020 CEST <damian@fptrucha.inv.usc.es>
# name: hd
# type: matrix
# rows: 100
# columns: 2
 0 -3
 0 -2.939393939393939
 0 -2.878787878787879
 0 -2.818181818181818
 0 -2.757575757575758
 0 -2.696969696969697
 0 -2.636363636363636
 2 -2.575757575757576
 1 -2.515151515151515
 3 -2.454545454545455
 1 -2.393939393939394
 0 -2.333333333333333
 1 -2.272727272727272
 0 -2.212121212121212
 0 -2.151515151515151
 1 -2.090909090909091
 3 -2.03030303030303
 20 -1.96969696969697
 29 -1.909090909090909
 2 -1.848484848484848
 1 -1.787878787878788
 0 -1.727272727272727
 0 -1.666666666666667
 117 -1.606060606060606
 18 -1.545454545454545
 97 -1.484848484848485
 17 -1.424242424242424
 89 -1.363636363636364
 12 -1.303030303030303
 10 -1.242424242424242
 565 -1.181818181818182
 16 -1.121212121212121
 549 -1.060606060606061
 14 -1
 441 -0.9393939393939394
 17 -0.8787878787878789
 412 -0.8181818181818183
 1050 -0.7575757575757573
 636 -0.6969696969696968
 1082 -0.6363636363636362
 646 -0.5757575757575757
 886 -0.5151515151515151
 608 -0.4545454545454546
 838 -0.393939393939394
 4230 -0.333333333333333
 544 -0.2727272727272725
 2849 -0.2121212121212119
 15 -0.1515151515151514
 2720 -0.09090909090909083
 10 -0.03030303030303028
 2584 0.03030303030303028
 13 0.09090909090909083
 2298 0.1515151515151514
 1807 0.2121212121212124
 2192 0.2727272727272729
 1642 0.3333333333333335
 637 0.393939393939394
 950 0.4545454545454546
 623 0.5151515151515151
 797 0.5757575757575757
 603 0.6363636363636367
 783 0.6969696969696972
 598 0.7575757575757578
 13 0.8181818181818183
 542 0.8787878787878789
 15 0.9393939393939394
 489 1
 9 1.060606060606061
 504 1.121212121212121
 15 1.181818181818182
 37 1.242424242424242
 95 1.303030303030303
 25 1.363636363636363
 90 1.424242424242425
 31 1.484848484848485
 85 1.545454545454546
 0 1.606060606060606
 0 1.666666666666667
 1 1.727272727272728
 33 1.787878787878788
 6 1.848484848484849
 29 1.909090909090909
 4 1.96969696969697
 0 2.03030303030303
 0 2.090909090909091
 0 2.151515151515151
 1 2.212121212121212
 0 2.272727272727272
 1 2.333333333333334
 6 2.393939393939394
 0 2.454545454545455
 1 2.515151515151516
 0 2.575757575757576
 0 2.636363636363637
 0 2.696969696969697
 0 2.757575757575758
 0 2.818181818181818
 0 2.878787878787879
 0 2.939393939393939
 0 3


