# Created by Octave 3.8.2, Mon Jun 22 07:07:42 2020 CEST <damian@fptrucha.inv.usc.es>
# name: hd
# type: matrix
# rows: 100
# columns: 2
 0 -3
 0 -2.939393939393939
 0 -2.878787878787879
 0 -2.818181818181818
 0 -2.757575757575758
 0 -2.696969696969697
 0 -2.636363636363636
 0 -2.575757575757576
 0 -2.515151515151515
 6 -2.454545454545455
 1 -2.393939393939394
 1 -2.333333333333333
 3 -2.272727272727272
 0 -2.212121212121212
 0 -2.151515151515151
 1 -2.090909090909091
 4 -2.03030303030303
 27 -1.96969696969697
 32 -1.909090909090909
 1 -1.848484848484848
 2 -1.787878787878788
 0 -1.727272727272727
 2 -1.666666666666667
 95 -1.606060606060606
 33 -1.545454545454545
 112 -1.484848484848485
 32 -1.424242424242424
 115 -1.363636363636364
 32 -1.303030303030303
 11 -1.242424242424242
 500 -1.181818181818182
 13 -1.121212121212121
 524 -1.060606060606061
 16 -1
 470 -0.9393939393939394
 20 -0.8787878787878789
 506 -0.8181818181818183
 841 -0.7575757575757573
 603 -0.6969696969696968
 942 -0.6363636363636362
 589 -0.5757575757575757
 905 -0.5151515151515151
 568 -0.4545454545454546
 830 -0.393939393939394
 3809 -0.333333333333333
 568 -0.2727272727272725
 2319 -0.2121212121212119
 9 -0.1515151515151514
 2565 -0.09090909090909083
 16 -0.03030303030303028
 2333 0.03030303030303028
 31 0.09090909090909083
 2201 0.1515151515151514
 1492 0.2121212121212124
 2273 0.2727272727272729
 1534 0.3333333333333335
 624 0.393939393939394
 876 0.4545454545454546
 661 0.5151515151515151
 823 0.5757575757575757
 572 0.6363636363636367
 814 0.6969696969696972
 503 0.7575757575757578
 10 0.8181818181818183
 554 0.8787878787878789
 21 0.9393939393939394
 525 1
 13 1.060606060606061
 483 1.121212121212121
 11 1.181818181818182
 24 1.242424242424242
 92 1.303030303030303
 29 1.363636363636363
 104 1.424242424242425
 29 1.484848484848485
 99 1.545454545454546
 3 1.606060606060606
 0 1.666666666666667
 1 1.727272727272728
 36 1.787878787878788
 2 1.848484848484849
 23 1.909090909090909
 2 1.96969696969697
 1 2.03030303030303
 0 2.090909090909091
 0 2.151515151515151
 1 2.212121212121212
 0 2.272727272727272
 0 2.333333333333334
 4 2.393939393939394
 1 2.454545454545455
 3 2.515151515151516
 0 2.575757575757576
 0 2.636363636363637
 0 2.696969696969697
 0 2.757575757575758
 0 2.818181818181818
 0 2.878787878787879
 0 2.939393939393939
 0 3


