# Created by Octave 3.8.2, Sat Jun 20 16:49:43 2020 CEST <damian@fptrucha.inv.usc.es>
# name: hd
# type: matrix
# rows: 100
# columns: 2
 0 -3
 0 -2.939393939393939
 0 -2.878787878787879
 0 -2.818181818181818
 0 -2.757575757575758
 0 -2.696969696969697
 0 -2.636363636363636
 1 -2.575757575757576
 0 -2.515151515151515
 4 -2.454545454545455
 0 -2.393939393939394
 2 -2.333333333333333
 0 -2.272727272727272
 0 -2.212121212121212
 0 -2.151515151515151
 0 -2.090909090909091
 6 -2.03030303030303
 22 -1.96969696969697
 34 -1.909090909090909
 1 -1.848484848484848
 0 -1.787878787878788
 0 -1.727272727272727
 2 -1.666666666666667
 99 -1.606060606060606
 27 -1.545454545454545
 75 -1.484848484848485
 26 -1.424242424242424
 76 -1.363636363636364
 17 -1.303030303030303
 11 -1.242424242424242
 557 -1.181818181818182
 14 -1.121212121212121
 507 -1.060606060606061
 9 -1
 494 -0.9393939393939394
 9 -0.8787878787878789
 485 -0.8181818181818183
 997 -0.7575757575757573
 708 -0.6969696969696968
 1032 -0.6363636363636362
 658 -0.5757575757575757
 874 -0.5151515151515151
 590 -0.4545454545454546
 853 -0.393939393939394
 4265 -0.333333333333333
 553 -0.2727272727272725
 2905 -0.2121212121212119
 9 -0.1515151515151514
 2647 -0.09090909090909083
 7 -0.03030303030303028
 2547 0.03030303030303028
 11 0.09090909090909083
 2165 0.1515151515151514
 1712 0.2121212121212124
 2233 0.2727272727272729
 1687 0.3333333333333335
 624 0.393939393939394
 927 0.4545454545454546
 672 0.5151515151515151
 808 0.5757575757575757
 590 0.6363636363636367
 791 0.6969696969696972
 554 0.7575757575757578
 10 0.8181818181818183
 523 0.8787878787878789
 5 0.9393939393939394
 513 1
 12 1.060606060606061
 502 1.121212121212121
 12 1.181818181818182
 35 1.242424242424242
 92 1.303030303030303
 26 1.363636363636363
 95 1.424242424242425
 27 1.484848484848485
 91 1.545454545454546
 1 1.606060606060606
 0 1.666666666666667
 2 1.727272727272728
 27 1.787878787878788
 3 1.848484848484849
 36 1.909090909090909
 3 1.96969696969697
 0 2.03030303030303
 0 2.090909090909091
 0 2.151515151515151
 2 2.212121212121212
 0 2.272727272727272
 2 2.333333333333334
 6 2.393939393939394
 0 2.454545454545455
 0 2.515151515151516
 0 2.575757575757576
 0 2.636363636363637
 0 2.696969696969697
 0 2.757575757575758
 0 2.818181818181818
 0 2.878787878787879
 0 2.939393939393939
 0 3


