# Created by Octave 3.8.2, Sun Jun 21 01:51:34 2020 CEST <damian@fptrucha.inv.usc.es>
# name: hd
# type: matrix
# rows: 100
# columns: 2
 0 -3
 0 -2.939393939393939
 0 -2.878787878787879
 0 -2.818181818181818
 0 -2.757575757575758
 0 -2.696969696969697
 0 -2.636363636363636
 0 -2.575757575757576
 0 -2.515151515151515
 7 -2.454545454545455
 0 -2.393939393939394
 0 -2.333333333333333
 0 -2.272727272727272
 0 -2.212121212121212
 0 -2.151515151515151
 1 -2.090909090909091
 6 -2.03030303030303
 28 -1.96969696969697
 23 -1.909090909090909
 0 -1.848484848484848
 0 -1.787878787878788
 0 -1.727272727272727
 0 -1.666666666666667
 107 -1.606060606060606
 25 -1.545454545454545
 85 -1.484848484848485
 23 -1.424242424242424
 95 -1.363636363636364
 15 -1.303030303030303
 10 -1.242424242424242
 544 -1.181818181818182
 11 -1.121212121212121
 513 -1.060606060606061
 9 -1
 438 -0.9393939393939394
 11 -0.8787878787878789
 422 -0.8181818181818183
 945 -0.7575757575757573
 679 -0.6969696969696968
 991 -0.6363636363636362
 655 -0.5757575757575757
 842 -0.5151515151515151
 564 -0.4545454545454546
 846 -0.393939393939394
 4063 -0.333333333333333
 535 -0.2727272727272725
 2708 -0.2121212121212119
 4 -0.1515151515151514
 2560 -0.09090909090909083
 7 -0.03030303030303028
 2437 0.03030303030303028
 12 0.09090909090909083
 2104 0.1515151515151514
 1686 0.2121212121212124
 2205 0.2727272727272729
 1594 0.3333333333333335
 601 0.393939393939394
 931 0.4545454545454546
 604 0.5151515151515151
 760 0.5757575757575757
 574 0.6363636363636367
 812 0.6969696969696972
 573 0.7575757575757578
 13 0.8181818181818183
 470 0.8787878787878789
 11 0.9393939393939394
 512 1
 9 1.060606060606061
 474 1.121212121212121
 18 1.181818181818182
 23 1.242424242424242
 92 1.303030303030303
 24 1.363636363636363
 96 1.424242424242425
 21 1.484848484848485
 98 1.545454545454546
 2 1.606060606060606
 0 1.666666666666667
 2 1.727272727272728
 17 1.787878787878788
 3 1.848484848484849
 16 1.909090909090909
 3 1.96969696969697
 1 2.03030303030303
 0 2.090909090909091
 0 2.151515151515151
 0 2.212121212121212
 0 2.272727272727272
 0 2.333333333333334
 8 2.393939393939394
 0 2.454545454545455
 2 2.515151515151516
 0 2.575757575757576
 0 2.636363636363637
 0 2.696969696969697
 0 2.757575757575758
 0 2.818181818181818
 0 2.878787878787879
 0 2.939393939393939
 0 3


