# Created by Octave 3.8.2, Sun Jun 21 04:10:05 2020 CEST <damian@fptrucha.inv.usc.es>
# name: hd
# type: matrix
# rows: 100
# columns: 2
 0 -3
 0 -2.939393939393939
 0 -2.878787878787879
 0 -2.818181818181818
 0 -2.757575757575758
 0 -2.696969696969697
 0 -2.636363636363636
 1 -2.575757575757576
 0 -2.515151515151515
 4 -2.454545454545455
 0 -2.393939393939394
 0 -2.333333333333333
 3 -2.272727272727272
 0 -2.212121212121212
 0 -2.151515151515151
 1 -2.090909090909091
 4 -2.03030303030303
 27 -1.96969696969697
 25 -1.909090909090909
 0 -1.848484848484848
 1 -1.787878787878788
 0 -1.727272727272727
 0 -1.666666666666667
 96 -1.606060606060606
 21 -1.545454545454545
 87 -1.484848484848485
 21 -1.424242424242424
 85 -1.363636363636364
 16 -1.303030303030303
 14 -1.242424242424242
 529 -1.181818181818182
 18 -1.121212121212121
 474 -1.060606060606061
 14 -1
 460 -0.9393939393939394
 12 -0.8787878787878789
 430 -0.8181818181818183
 958 -0.7575757575757573
 623 -0.6969696969696968
 985 -0.6363636363636362
 615 -0.5757575757575757
 883 -0.5151515151515151
 541 -0.4545454545454546
 855 -0.393939393939394
 4255 -0.333333333333333
 515 -0.2727272727272725
 2822 -0.2121212121212119
 10 -0.1515151515151514
 2685 -0.09090909090909083
 11 -0.03030303030303028
 2459 0.03030303030303028
 6 0.09090909090909083
 2147 0.1515151515151514
 1685 0.2121212121212124
 2129 0.2727272727272729
 1579 0.3333333333333335
 632 0.393939393939394
 858 0.4545454545454546
 583 0.5151515151515151
 850 0.5757575757575757
 579 0.6363636363636367
 777 0.6969696969696972
 537 0.7575757575757578
 6 0.8181818181818183
 521 0.8787878787878789
 9 0.9393939393939394
 540 1
 12 1.060606060606061
 478 1.121212121212121
 11 1.181818181818182
 31 1.242424242424242
 82 1.303030303030303
 23 1.363636363636363
 96 1.424242424242425
 24 1.484848484848485
 75 1.545454545454546
 0 1.606060606060606
 0 1.666666666666667
 1 1.727272727272728
 32 1.787878787878788
 5 1.848484848484849
 31 1.909090909090909
 3 1.96969696969697
 1 2.03030303030303
 0 2.090909090909091
 0 2.151515151515151
 1 2.212121212121212
 0 2.272727272727272
 0 2.333333333333334
 2 2.393939393939394
 0 2.454545454545455
 0 2.515151515151516
 0 2.575757575757576
 0 2.636363636363637
 0 2.696969696969697
 0 2.757575757575758
 0 2.818181818181818
 0 2.878787878787879
 0 2.939393939393939
 0 3


