# Created by Octave 3.8.2, Tue Jun 23 00:12:20 2020 CEST <damian@fptrucha.inv.usc.es>
# name: hd
# type: matrix
# rows: 100
# columns: 2
 0 -3
 0 -2.939393939393939
 0 -2.878787878787879
 0 -2.818181818181818
 0 -2.757575757575758
 0 -2.696969696969697
 0 -2.636363636363636
 0 -2.575757575757576
 1 -2.515151515151515
 9 -2.454545454545455
 0 -2.393939393939394
 2 -2.333333333333333
 0 -2.272727272727272
 0 -2.212121212121212
 0 -2.151515151515151
 1 -2.090909090909091
 5 -2.03030303030303
 30 -1.96969696969697
 37 -1.909090909090909
 3 -1.848484848484848
 0 -1.787878787878788
 0 -1.727272727272727
 2 -1.666666666666667
 144 -1.606060606060606
 32 -1.545454545454545
 104 -1.484848484848485
 38 -1.424242424242424
 135 -1.363636363636364
 30 -1.303030303030303
 5 -1.242424242424242
 600 -1.181818181818182
 15 -1.121212121212121
 627 -1.060606060606061
 17 -1
 622 -0.9393939393939394
 19 -0.8787878787878789
 584 -0.8181818181818183
 1033 -0.7575757575757573
 747 -0.6969696969696968
 1156 -0.6363636363636362
 675 -0.5757575757575757
 990 -0.5151515151515151
 684 -0.4545454545454546
 1042 -0.393939393939394
 4523 -0.333333333333333
 617 -0.2727272727272725
 2818 -0.2121212121212119
 13 -0.1515151515151514
 2913 -0.09090909090909083
 11 -0.03030303030303028
 2702 0.03030303030303028
 21 0.09090909090909083
 2317 0.1515151515151514
 1622 0.2121212121212124
 2482 0.2727272727272729
 1676 0.3333333333333335
 655 0.393939393939394
 842 0.4545454545454546
 680 0.5151515151515151
 825 0.5757575757575757
 640 0.6363636363636367
 862 0.6969696969696972
 538 0.7575757575757578
 9 0.8181818181818183
 554 0.8787878787878789
 18 0.9393939393939394
 563 1
 12 1.060606060606061
 529 1.121212121212121
 6 1.181818181818182
 26 1.242424242424242
 99 1.303030303030303
 23 1.363636363636363
 107 1.424242424242425
 35 1.484848484848485
 88 1.545454545454546
 1 1.606060606060606
 0 1.666666666666667
 4 1.727272727272728
 42 1.787878787878788
 3 1.848484848484849
 20 1.909090909090909
 7 1.96969696969697
 3 2.03030303030303
 0 2.090909090909091
 0 2.151515151515151
 2 2.212121212121212
 0 2.272727272727272
 1 2.333333333333334
 9 2.393939393939394
 1 2.454545454545455
 3 2.515151515151516
 0 2.575757575757576
 0 2.636363636363637
 0 2.696969696969697
 0 2.757575757575758
 0 2.818181818181818
 0 2.878787878787879
 0 2.939393939393939
 0 3


