# Created by Octave 3.8.2, Sat Jun 20 09:08:37 2020 CEST <damian@fptrucha.inv.usc.es>
# name: hd
# type: matrix
# rows: 100
# columns: 2
 0 -3
 0 -2.939393939393939
 0 -2.878787878787879
 0 -2.818181818181818
 0 -2.757575757575758
 0 -2.696969696969697
 0 -2.636363636363636
 1 -2.575757575757576
 1 -2.515151515151515
 6 -2.454545454545455
 0 -2.393939393939394
 0 -2.333333333333333
 1 -2.272727272727272
 0 -2.212121212121212
 0 -2.151515151515151
 2 -2.090909090909091
 5 -2.03030303030303
 25 -1.96969696969697
 25 -1.909090909090909
 1 -1.848484848484848
 1 -1.787878787878788
 0 -1.727272727272727
 0 -1.666666666666667
 107 -1.606060606060606
 26 -1.545454545454545
 114 -1.484848484848485
 23 -1.424242424242424
 97 -1.363636363636364
 25 -1.303030303030303
 11 -1.242424242424242
 627 -1.181818181818182
 16 -1.121212121212121
 597 -1.060606060606061
 15 -1
 531 -0.9393939393939394
 11 -0.8787878787878789
 553 -0.8181818181818183
 1177 -0.7575757575757573
 755 -0.6969696969696968
 1163 -0.6363636363636362
 718 -0.5757575757575757
 1002 -0.5151515151515151
 646 -0.4545454545454546
 912 -0.393939393939394
 4689 -0.333333333333333
 620 -0.2727272727272725
 3191 -0.2121212121212119
 11 -0.1515151515151514
 2976 -0.09090909090909083
 19 -0.03030303030303028
 2815 0.03030303030303028
 18 0.09090909090909083
 2527 0.1515151515151514
 2006 0.2121212121212124
 2472 0.2727272727272729
 1841 0.3333333333333335
 687 0.393939393939394
 1064 0.4545454545454546
 765 0.5151515151515151
 919 0.5757575757575757
 675 0.6363636363636367
 884 0.6969696969696972
 689 0.7575757575757578
 12 0.8181818181818183
 620 0.8787878787878789
 15 0.9393939393939394
 635 1
 15 1.060606060606061
 565 1.121212121212121
 12 1.181818181818182
 31 1.242424242424242
 113 1.303030303030303
 24 1.363636363636363
 99 1.424242424242425
 22 1.484848484848485
 110 1.545454545454546
 1 1.606060606060606
 0 1.666666666666667
 2 1.727272727272728
 37 1.787878787878788
 3 1.848484848484849
 29 1.909090909090909
 2 1.96969696969697
 0 2.03030303030303
 0 2.090909090909091
 0 2.151515151515151
 0 2.212121212121212
 0 2.272727272727272
 1 2.333333333333334
 10 2.393939393939394
 2 2.454545454545455
 2 2.515151515151516
 0 2.575757575757576
 0 2.636363636363637
 0 2.696969696969697
 0 2.757575757575758
 0 2.818181818181818
 0 2.878787878787879
 0 2.939393939393939
 0 3


