# Created by Octave 3.8.2, Mon Jun 22 21:11:57 2020 CEST <damian@fptrucha.inv.usc.es>
# name: hd
# type: matrix
# rows: 100
# columns: 2
 0 -3
 0 -2.939393939393939
 0 -2.878787878787879
 0 -2.818181818181818
 0 -2.757575757575758
 0 -2.696969696969697
 0 -2.636363636363636
 1 -2.575757575757576
 2 -2.515151515151515
 4 -2.454545454545455
 0 -2.393939393939394
 2 -2.333333333333333
 3 -2.272727272727272
 0 -2.212121212121212
 0 -2.151515151515151
 1 -2.090909090909091
 2 -2.03030303030303
 32 -1.96969696969697
 38 -1.909090909090909
 0 -1.848484848484848
 1 -1.787878787878788
 0 -1.727272727272727
 3 -1.666666666666667
 129 -1.606060606060606
 36 -1.545454545454545
 111 -1.484848484848485
 33 -1.424242424242424
 107 -1.363636363636364
 30 -1.303030303030303
 13 -1.242424242424242
 596 -1.181818181818182
 23 -1.121212121212121
 532 -1.060606060606061
 14 -1
 531 -0.9393939393939394
 22 -0.8787878787878789
 541 -0.8181818181818183
 1005 -0.7575757575757573
 675 -0.6969696969696968
 1104 -0.6363636363636362
 684 -0.5757575757575757
 995 -0.5151515151515151
 635 -0.4545454545454546
 962 -0.393939393939394
 4401 -0.333333333333333
 668 -0.2727272727272725
 2867 -0.2121212121212119
 13 -0.1515151515151514
 2820 -0.09090909090909083
 12 -0.03030303030303028
 2716 0.03030303030303028
 14 0.09090909090909083
 2467 0.1515151515151514
 1573 0.2121212121212124
 2372 0.2727272727272729
 1688 0.3333333333333335
 689 0.393939393939394
 910 0.4545454545454546
 688 0.5151515151515151
 867 0.5757575757575757
 667 0.6363636363636367
 834 0.6969696969696972
 555 0.7575757575757578
 12 0.8181818181818183
 617 0.8787878787878789
 16 0.9393939393939394
 547 1
 13 1.060606060606061
 508 1.121212121212121
 13 1.181818181818182
 25 1.242424242424242
 117 1.303030303030303
 26 1.363636363636363
 128 1.424242424242425
 27 1.484848484848485
 108 1.545454545454546
 1 1.606060606060606
 0 1.666666666666667
 0 1.727272727272728
 41 1.787878787878788
 4 1.848484848484849
 26 1.909090909090909
 3 1.96969696969697
 1 2.03030303030303
 0 2.090909090909091
 0 2.151515151515151
 1 2.212121212121212
 1 2.272727272727272
 1 2.333333333333334
 11 2.393939393939394
 0 2.454545454545455
 0 2.515151515151516
 0 2.575757575757576
 0 2.636363636363637
 0 2.696969696969697
 0 2.757575757575758
 0 2.818181818181818
 0 2.878787878787879
 0 2.939393939393939
 0 3


