# Created by Octave 3.8.2, Mon Jun 22 17:40:48 2020 CEST <damian@fptrucha.inv.usc.es>
# name: hd
# type: matrix
# rows: 100
# columns: 2
 0 -3
 0 -2.939393939393939
 0 -2.878787878787879
 0 -2.818181818181818
 0 -2.757575757575758
 0 -2.696969696969697
 0 -2.636363636363636
 2 -2.575757575757576
 0 -2.515151515151515
 3 -2.454545454545455
 1 -2.393939393939394
 0 -2.333333333333333
 1 -2.272727272727272
 0 -2.212121212121212
 0 -2.151515151515151
 1 -2.090909090909091
 6 -2.03030303030303
 29 -1.96969696969697
 36 -1.909090909090909
 1 -1.848484848484848
 3 -1.787878787878788
 0 -1.727272727272727
 0 -1.666666666666667
 108 -1.606060606060606
 37 -1.545454545454545
 138 -1.484848484848485
 31 -1.424242424242424
 128 -1.363636363636364
 29 -1.303030303030303
 14 -1.242424242424242
 618 -1.181818181818182
 22 -1.121212121212121
 625 -1.060606060606061
 24 -1
 573 -0.9393939393939394
 21 -0.8787878787878789
 585 -0.8181818181818183
 992 -0.7575757575757573
 640 -0.6969696969696968
 1063 -0.6363636363636362
 637 -0.5757575757575757
 884 -0.5151515151515151
 594 -0.4545454545454546
 954 -0.393939393939394
 4344 -0.333333333333333
 582 -0.2727272727272725
 2704 -0.2121212121212119
 14 -0.1515151515151514
 2785 -0.09090909090909083
 16 -0.03030303030303028
 2649 0.03030303030303028
 15 0.09090909090909083
 2311 0.1515151515151514
 1642 0.2121212121212124
 2305 0.2727272727272729
 1633 0.3333333333333335
 660 0.393939393939394
 970 0.4545454545454546
 660 0.5151515151515151
 864 0.5757575757575757
 630 0.6363636363636367
 924 0.6969696969696972
 528 0.7575757575757578
 18 0.8181818181818183
 573 0.8787878787878789
 11 0.9393939393939394
 592 1
 6 1.060606060606061
 534 1.121212121212121
 22 1.181818181818182
 32 1.242424242424242
 141 1.303030303030303
 34 1.363636363636363
 121 1.424242424242425
 29 1.484848484848485
 127 1.545454545454546
 2 1.606060606060606
 0 1.666666666666667
 2 1.727272727272728
 48 1.787878787878788
 5 1.848484848484849
 47 1.909090909090909
 4 1.96969696969697
 0 2.03030303030303
 0 2.090909090909091
 0 2.151515151515151
 5 2.212121212121212
 0 2.272727272727272
 0 2.333333333333334
 12 2.393939393939394
 0 2.454545454545455
 2 2.515151515151516
 0 2.575757575757576
 0 2.636363636363637
 0 2.696969696969697
 0 2.757575757575758
 0 2.818181818181818
 0 2.878787878787879
 0 2.939393939393939
 0 3


