# Created by Octave 3.8.2, Mon Jun 22 14:55:36 2020 CEST <damian@fptrucha.inv.usc.es>
# name: hd
# type: matrix
# rows: 100
# columns: 2
 0 -3
 0 -2.939393939393939
 0 -2.878787878787879
 0 -2.818181818181818
 0 -2.757575757575758
 0 -2.696969696969697
 0 -2.636363636363636
 0 -2.575757575757576
 1 -2.515151515151515
 6 -2.454545454545455
 0 -2.393939393939394
 0 -2.333333333333333
 1 -2.272727272727272
 0 -2.212121212121212
 0 -2.151515151515151
 0 -2.090909090909091
 3 -2.03030303030303
 24 -1.96969696969697
 34 -1.909090909090909
 3 -1.848484848484848
 0 -1.787878787878788
 0 -1.727272727272727
 3 -1.666666666666667
 107 -1.606060606060606
 29 -1.545454545454545
 115 -1.484848484848485
 26 -1.424242424242424
 115 -1.363636363636364
 26 -1.303030303030303
 9 -1.242424242424242
 561 -1.181818181818182
 9 -1.121212121212121
 559 -1.060606060606061
 15 -1
 569 -0.9393939393939394
 20 -0.8787878787878789
 542 -0.8181818181818183
 886 -0.7575757575757573
 637 -0.6969696969696968
 948 -0.6363636363636362
 633 -0.5757575757575757
 901 -0.5151515151515151
 637 -0.4545454545454546
 904 -0.393939393939394
 4296 -0.333333333333333
 601 -0.2727272727272725
 2622 -0.2121212121212119
 16 -0.1515151515151514
 2773 -0.09090909090909083
 16 -0.03030303030303028
 2568 0.03030303030303028
 23 0.09090909090909083
 2346 0.1515151515151514
 1554 0.2121212121212124
 2352 0.2727272727272729
 1641 0.3333333333333335
 668 0.393939393939394
 940 0.4545454545454546
 688 0.5151515151515151
 833 0.5757575757575757
 648 0.6363636363636367
 838 0.6969696969696972
 593 0.7575757575757578
 14 0.8181818181818183
 583 0.8787878787878789
 18 0.9393939393939394
 553 1
 20 1.060606060606061
 491 1.121212121212121
 13 1.181818181818182
 31 1.242424242424242
 125 1.303030303030303
 29 1.363636363636363
 113 1.424242424242425
 43 1.484848484848485
 105 1.545454545454546
 5 1.606060606060606
 0 1.666666666666667
 3 1.727272727272728
 43 1.787878787878788
 7 1.848484848484849
 43 1.909090909090909
 4 1.96969696969697
 1 2.03030303030303
 0 2.090909090909091
 0 2.151515151515151
 1 2.212121212121212
 0 2.272727272727272
 0 2.333333333333334
 9 2.393939393939394
 0 2.454545454545455
 2 2.515151515151516
 0 2.575757575757576
 0 2.636363636363637
 0 2.696969696969697
 0 2.757575757575758
 0 2.818181818181818
 0 2.878787878787879
 0 2.939393939393939
 0 3


