# Created by Octave 3.8.2, Sat Jun 20 14:16:30 2020 CEST <damian@fptrucha.inv.usc.es>
# name: hd
# type: matrix
# rows: 100
# columns: 2
 0 -3
 0 -2.939393939393939
 0 -2.878787878787879
 0 -2.818181818181818
 0 -2.757575757575758
 0 -2.696969696969697
 0 -2.636363636363636
 2 -2.575757575757576
 0 -2.515151515151515
 3 -2.454545454545455
 0 -2.393939393939394
 2 -2.333333333333333
 1 -2.272727272727272
 0 -2.212121212121212
 0 -2.151515151515151
 0 -2.090909090909091
 3 -2.03030303030303
 27 -1.96969696969697
 29 -1.909090909090909
 3 -1.848484848484848
 2 -1.787878787878788
 0 -1.727272727272727
 2 -1.666666666666667
 87 -1.606060606060606
 28 -1.545454545454545
 83 -1.484848484848485
 20 -1.424242424242424
 99 -1.363636363636364
 17 -1.303030303030303
 12 -1.242424242424242
 552 -1.181818181818182
 16 -1.121212121212121
 554 -1.060606060606061
 12 -1
 440 -0.9393939393939394
 13 -0.8787878787878789
 468 -0.8181818181818183
 1091 -0.7575757575757573
 679 -0.6969696969696968
 997 -0.6363636363636362
 630 -0.5757575757575757
 902 -0.5151515151515151
 620 -0.4545454545454546
 862 -0.393939393939394
 4581 -0.333333333333333
 568 -0.2727272727272725
 2966 -0.2121212121212119
 9 -0.1515151515151514
 2787 -0.09090909090909083
 12 -0.03030303030303028
 2638 0.03030303030303028
 15 0.09090909090909083
 2344 0.1515151515151514
 1883 0.2121212121212124
 2355 0.2727272727272729
 1699 0.3333333333333335
 650 0.393939393939394
 958 0.4545454545454546
 728 0.5151515151515151
 914 0.5757575757575757
 640 0.6363636363636367
 851 0.6969696969696972
 660 0.7575757575757578
 14 0.8181818181818183
 595 0.8787878787878789
 20 0.9393939393939394
 568 1
 10 1.060606060606061
 536 1.121212121212121
 13 1.181818181818182
 34 1.242424242424242
 117 1.303030303030303
 27 1.363636363636363
 117 1.424242424242425
 20 1.484848484848485
 114 1.545454545454546
 1 1.606060606060606
 0 1.666666666666667
 0 1.727272727272728
 31 1.787878787878788
 2 1.848484848484849
 39 1.909090909090909
 5 1.96969696969697
 1 2.03030303030303
 0 2.090909090909091
 0 2.151515151515151
 4 2.212121212121212
 1 2.272727272727272
 0 2.333333333333334
 6 2.393939393939394
 0 2.454545454545455
 0 2.515151515151516
 0 2.575757575757576
 0 2.636363636363637
 0 2.696969696969697
 0 2.757575757575758
 0 2.818181818181818
 0 2.878787878787879
 0 2.939393939393939
 0 3


