# Created by Octave 3.8.2, Sun Jun 21 04:21:52 2020 CEST <damian@fptrucha.inv.usc.es>
# name: hd
# type: matrix
# rows: 100
# columns: 2
 0 -3
 0 -2.939393939393939
 0 -2.878787878787879
 0 -2.818181818181818
 0 -2.757575757575758
 0 -2.696969696969697
 0 -2.636363636363636
 2 -2.575757575757576
 0 -2.515151515151515
 1 -2.454545454545455
 0 -2.393939393939394
 0 -2.333333333333333
 0 -2.272727272727272
 0 -2.212121212121212
 0 -2.151515151515151
 1 -2.090909090909091
 1 -2.03030303030303
 21 -1.96969696969697
 21 -1.909090909090909
 0 -1.848484848484848
 1 -1.787878787878788
 0 -1.727272727272727
 0 -1.666666666666667
 107 -1.606060606060606
 26 -1.545454545454545
 84 -1.484848484848485
 17 -1.424242424242424
 91 -1.363636363636364
 21 -1.303030303030303
 11 -1.242424242424242
 582 -1.181818181818182
 13 -1.121212121212121
 524 -1.060606060606061
 16 -1
 415 -0.9393939393939394
 9 -0.8787878787878789
 473 -0.8181818181818183
 892 -0.7575757575757573
 659 -0.6969696969696968
 997 -0.6363636363636362
 645 -0.5757575757575757
 849 -0.5151515151515151
 538 -0.4545454545454546
 828 -0.393939393939394
 4168 -0.333333333333333
 553 -0.2727272727272725
 2813 -0.2121212121212119
 11 -0.1515151515151514
 2589 -0.09090909090909083
 9 -0.03030303030303028
 2459 0.03030303030303028
 13 0.09090909090909083
 2160 0.1515151515151514
 1812 0.2121212121212124
 2163 0.2727272727272729
 1666 0.3333333333333335
 543 0.393939393939394
 850 0.4545454545454546
 597 0.5151515151515151
 795 0.5757575757575757
 532 0.6363636363636367
 811 0.6969696969696972
 562 0.7575757575757578
 8 0.8181818181818183
 498 0.8787878787878789
 15 0.9393939393939394
 536 1
 16 1.060606060606061
 480 1.121212121212121
 12 1.181818181818182
 22 1.242424242424242
 105 1.303030303030303
 21 1.363636363636363
 118 1.424242424242425
 16 1.484848484848485
 72 1.545454545454546
 0 1.606060606060606
 0 1.666666666666667
 1 1.727272727272728
 29 1.787878787878788
 4 1.848484848484849
 26 1.909090909090909
 3 1.96969696969697
 0 2.03030303030303
 0 2.090909090909091
 0 2.151515151515151
 2 2.212121212121212
 0 2.272727272727272
 0 2.333333333333334
 5 2.393939393939394
 0 2.454545454545455
 0 2.515151515151516
 0 2.575757575757576
 0 2.636363636363637
 0 2.696969696969697
 0 2.757575757575758
 0 2.818181818181818
 0 2.878787878787879
 0 2.939393939393939
 0 3


