# Created by Octave 3.8.2, Sun Jun 21 02:16:18 2020 CEST <damian@fptrucha.inv.usc.es>
# name: hd
# type: matrix
# rows: 100
# columns: 2
 0 -3
 0 -2.939393939393939
 0 -2.878787878787879
 0 -2.818181818181818
 0 -2.757575757575758
 0 -2.696969696969697
 0 -2.636363636363636
 1 -2.575757575757576
 1 -2.515151515151515
 4 -2.454545454545455
 1 -2.393939393939394
 0 -2.333333333333333
 2 -2.272727272727272
 0 -2.212121212121212
 0 -2.151515151515151
 0 -2.090909090909091
 3 -2.03030303030303
 20 -1.96969696969697
 19 -1.909090909090909
 1 -1.848484848484848
 3 -1.787878787878788
 0 -1.727272727272727
 2 -1.666666666666667
 100 -1.606060606060606
 24 -1.545454545454545
 97 -1.484848484848485
 22 -1.424242424242424
 87 -1.363636363636364
 24 -1.303030303030303
 12 -1.242424242424242
 611 -1.181818181818182
 18 -1.121212121212121
 469 -1.060606060606061
 14 -1
 452 -0.9393939393939394
 14 -0.8787878787878789
 449 -0.8181818181818183
 976 -0.7575757575757573
 612 -0.6969696969696968
 994 -0.6363636363636362
 631 -0.5757575757575757
 861 -0.5151515151515151
 535 -0.4545454545454546
 815 -0.393939393939394
 4124 -0.333333333333333
 531 -0.2727272727272725
 2973 -0.2121212121212119
 13 -0.1515151515151514
 2612 -0.09090909090909083
 11 -0.03030303030303028
 2491 0.03030303030303028
 16 0.09090909090909083
 2202 0.1515151515151514
 1611 0.2121212121212124
 2161 0.2727272727272729
 1586 0.3333333333333335
 615 0.393939393939394
 878 0.4545454545454546
 626 0.5151515151515151
 779 0.5757575757575757
 558 0.6363636363636367
 792 0.6969696969696972
 580 0.7575757575757578
 7 0.8181818181818183
 549 0.8787878787878789
 9 0.9393939393939394
 468 1
 12 1.060606060606061
 467 1.121212121212121
 8 1.181818181818182
 24 1.242424242424242
 102 1.303030303030303
 21 1.363636363636363
 92 1.424242424242425
 13 1.484848484848485
 82 1.545454545454546
 3 1.606060606060606
 0 1.666666666666667
 0 1.727272727272728
 20 1.787878787878788
 3 1.848484848484849
 25 1.909090909090909
 3 1.96969696969697
 1 2.03030303030303
 0 2.090909090909091
 0 2.151515151515151
 1 2.212121212121212
 1 2.272727272727272
 1 2.333333333333334
 9 2.393939393939394
 2 2.454545454545455
 1 2.515151515151516
 0 2.575757575757576
 0 2.636363636363637
 0 2.696969696969697
 0 2.757575757575758
 0 2.818181818181818
 0 2.878787878787879
 0 2.939393939393939
 0 3


