# Created by Octave 3.8.2, Mon Jun 22 06:45:09 2020 CEST <damian@fptrucha.inv.usc.es>
# name: hd
# type: matrix
# rows: 100
# columns: 2
 0 -3
 0 -2.939393939393939
 0 -2.878787878787879
 0 -2.818181818181818
 0 -2.757575757575758
 0 -2.696969696969697
 0 -2.636363636363636
 3 -2.575757575757576
 0 -2.515151515151515
 15 -2.454545454545455
 0 -2.393939393939394
 0 -2.333333333333333
 2 -2.272727272727272
 0 -2.212121212121212
 0 -2.151515151515151
 4 -2.090909090909091
 1 -2.03030303030303
 34 -1.96969696969697
 35 -1.909090909090909
 1 -1.848484848484848
 2 -1.787878787878788
 0 -1.727272727272727
 1 -1.666666666666667
 91 -1.606060606060606
 38 -1.545454545454545
 118 -1.484848484848485
 24 -1.424242424242424
 102 -1.363636363636364
 32 -1.303030303030303
 18 -1.242424242424242
 482 -1.181818181818182
 17 -1.121212121212121
 511 -1.060606060606061
 12 -1
 524 -0.9393939393939394
 22 -0.8787878787878789
 504 -0.8181818181818183
 845 -0.7575757575757573
 578 -0.6969696969696968
 927 -0.6363636363636362
 587 -0.5757575757575757
 873 -0.5151515151515151
 624 -0.4545454545454546
 910 -0.393939393939394
 3710 -0.333333333333333
 567 -0.2727272727272725
 2347 -0.2121212121212119
 8 -0.1515151515151514
 2568 -0.09090909090909083
 16 -0.03030303030303028
 2391 0.03030303030303028
 23 0.09090909090909083
 2139 0.1515151515151514
 1437 0.2121212121212124
 2186 0.2727272727272729
 1460 0.3333333333333335
 639 0.393939393939394
 850 0.4545454545454546
 663 0.5151515151515151
 797 0.5757575757575757
 644 0.6363636363636367
 848 0.6969696969696972
 503 0.7575757575757578
 16 0.8181818181818183
 525 0.8787878787878789
 17 0.9393939393939394
 551 1
 17 1.060606060606061
 449 1.121212121212121
 22 1.181818181818182
 26 1.242424242424242
 93 1.303030303030303
 37 1.363636363636363
 114 1.424242424242425
 38 1.484848484848485
 85 1.545454545454546
 2 1.606060606060606
 0 1.666666666666667
 3 1.727272727272728
 30 1.787878787878788
 4 1.848484848484849
 41 1.909090909090909
 10 1.96969696969697
 5 2.03030303030303
 0 2.090909090909091
 0 2.151515151515151
 2 2.212121212121212
 1 2.272727272727272
 2 2.333333333333334
 11 2.393939393939394
 0 2.454545454545455
 2 2.515151515151516
 0 2.575757575757576
 0 2.636363636363637
 0 2.696969696969697
 0 2.757575757575758
 0 2.818181818181818
 0 2.878787878787879
 0 2.939393939393939
 0 3


