# Created by Octave 3.8.2, Sat Jun 20 03:09:00 2020 CEST <damian@fptrucha.inv.usc.es>
# name: hd
# type: matrix
# rows: 100
# columns: 2
 0 -3
 0 -2.939393939393939
 0 -2.878787878787879
 0 -2.818181818181818
 0 -2.757575757575758
 0 -2.696969696969697
 0 -2.636363636363636
 0 -2.575757575757576
 0 -2.515151515151515
 3 -2.454545454545455
 1 -2.393939393939394
 0 -2.333333333333333
 1 -2.272727272727272
 0 -2.212121212121212
 0 -2.151515151515151
 1 -2.090909090909091
 2 -2.03030303030303
 32 -1.96969696969697
 29 -1.909090909090909
 1 -1.848484848484848
 0 -1.787878787878788
 0 -1.727272727272727
 0 -1.666666666666667
 106 -1.606060606060606
 26 -1.545454545454545
 114 -1.484848484848485
 26 -1.424242424242424
 102 -1.363636363636364
 21 -1.303030303030303
 13 -1.242424242424242
 646 -1.181818181818182
 25 -1.121212121212121
 627 -1.060606060606061
 19 -1
 521 -0.9393939393939394
 16 -0.8787878787878789
 529 -0.8181818181818183
 1085 -0.7575757575757573
 762 -0.6969696969696968
 1208 -0.6363636363636362
 769 -0.5757575757575757
 1030 -0.5151515151515151
 647 -0.4545454545454546
 983 -0.393939393939394
 4690 -0.333333333333333
 593 -0.2727272727272725
 3059 -0.2121212121212119
 6 -0.1515151515151514
 3004 -0.09090909090909083
 8 -0.03030303030303028
 2809 0.03030303030303028
 12 0.09090909090909083
 2552 0.1515151515151514
 1854 0.2121212121212124
 2400 0.2727272727272729
 1671 0.3333333333333335
 705 0.393939393939394
 923 0.4545454545454546
 715 0.5151515151515151
 938 0.5757575757575757
 616 0.6363636363636367
 847 0.6969696969696972
 575 0.7575757575757578
 12 0.8181818181818183
 537 0.8787878787878789
 16 0.9393939393939394
 514 1
 12 1.060606060606061
 504 1.121212121212121
 11 1.181818181818182
 32 1.242424242424242
 108 1.303030303030303
 24 1.363636363636363
 90 1.424242424242425
 21 1.484848484848485
 81 1.545454545454546
 2 1.606060606060606
 0 1.666666666666667
 1 1.727272727272728
 27 1.787878787878788
 4 1.848484848484849
 21 1.909090909090909
 4 1.96969696969697
 1 2.03030303030303
 0 2.090909090909091
 0 2.151515151515151
 2 2.212121212121212
 0 2.272727272727272
 1 2.333333333333334
 4 2.393939393939394
 0 2.454545454545455
 0 2.515151515151516
 0 2.575757575757576
 0 2.636363636363637
 0 2.696969696969697
 0 2.757575757575758
 0 2.818181818181818
 0 2.878787878787879
 0 2.939393939393939
 0 3


