# Created by Octave 3.8.2, Mon Jun 22 01:47:45 2020 CEST <damian@fptrucha.inv.usc.es>
# name: hd
# type: matrix
# rows: 100
# columns: 2
 0 -3
 0 -2.939393939393939
 0 -2.878787878787879
 0 -2.818181818181818
 0 -2.757575757575758
 0 -2.696969696969697
 0 -2.636363636363636
 3 -2.575757575757576
 0 -2.515151515151515
 5 -2.454545454545455
 1 -2.393939393939394
 0 -2.333333333333333
 0 -2.272727272727272
 0 -2.212121212121212
 0 -2.151515151515151
 0 -2.090909090909091
 5 -2.03030303030303
 25 -1.96969696969697
 31 -1.909090909090909
 0 -1.848484848484848
 1 -1.787878787878788
 0 -1.727272727272727
 3 -1.666666666666667
 98 -1.606060606060606
 20 -1.545454545454545
 113 -1.484848484848485
 23 -1.424242424242424
 103 -1.363636363636364
 19 -1.303030303030303
 8 -1.242424242424242
 531 -1.181818181818182
 14 -1.121212121212121
 519 -1.060606060606061
 10 -1
 470 -0.9393939393939394
 21 -0.8787878787878789
 491 -0.8181818181818183
 1022 -0.7575757575757573
 658 -0.6969696969696968
 1021 -0.6363636363636362
 630 -0.5757575757575757
 904 -0.5151515151515151
 576 -0.4545454545454546
 903 -0.393939393939394
 4166 -0.333333333333333
 520 -0.2727272727272725
 2897 -0.2121212121212119
 11 -0.1515151515151514
 2660 -0.09090909090909083
 8 -0.03030303030303028
 2428 0.03030303030303028
 10 0.09090909090909083
 2213 0.1515151515151514
 1818 0.2121212121212124
 2325 0.2727272727272729
 1714 0.3333333333333335
 674 0.393939393939394
 896 0.4545454545454546
 678 0.5151515151515151
 822 0.5757575757575757
 644 0.6363636363636367
 818 0.6969696969696972
 600 0.7575757575757578
 9 0.8181818181818183
 582 0.8787878787878789
 23 0.9393939393939394
 529 1
 13 1.060606060606061
 481 1.121212121212121
 5 1.181818181818182
 27 1.242424242424242
 94 1.303030303030303
 32 1.363636363636363
 113 1.424242424242425
 24 1.484848484848485
 111 1.545454545454546
 3 1.606060606060606
 0 1.666666666666667
 2 1.727272727272728
 35 1.787878787878788
 5 1.848484848484849
 33 1.909090909090909
 3 1.96969696969697
 0 2.03030303030303
 0 2.090909090909091
 0 2.151515151515151
 1 2.212121212121212
 0 2.272727272727272
 0 2.333333333333334
 4 2.393939393939394
 0 2.454545454545455
 0 2.515151515151516
 0 2.575757575757576
 0 2.636363636363637
 0 2.696969696969697
 0 2.757575757575758
 0 2.818181818181818
 0 2.878787878787879
 0 2.939393939393939
 0 3


