# Created by Octave 3.8.2, Sat Jun 20 12:07:44 2020 CEST <damian@fptrucha.inv.usc.es>
# name: hd
# type: matrix
# rows: 100
# columns: 2
 0 -3
 0 -2.939393939393939
 0 -2.878787878787879
 0 -2.818181818181818
 0 -2.757575757575758
 0 -2.696969696969697
 0 -2.636363636363636
 2 -2.575757575757576
 0 -2.515151515151515
 3 -2.454545454545455
 0 -2.393939393939394
 0 -2.333333333333333
 3 -2.272727272727272
 0 -2.212121212121212
 0 -2.151515151515151
 3 -2.090909090909091
 3 -2.03030303030303
 21 -1.96969696969697
 28 -1.909090909090909
 0 -1.848484848484848
 1 -1.787878787878788
 0 -1.727272727272727
 2 -1.666666666666667
 82 -1.606060606060606
 34 -1.545454545454545
 102 -1.484848484848485
 18 -1.424242424242424
 86 -1.363636363636364
 17 -1.303030303030303
 18 -1.242424242424242
 567 -1.181818181818182
 11 -1.121212121212121
 550 -1.060606060606061
 17 -1
 453 -0.9393939393939394
 26 -0.8787878787878789
 512 -0.8181818181818183
 1091 -0.7575757575757573
 766 -0.6969696969696968
 1066 -0.6363636363636362
 698 -0.5757575757575757
 925 -0.5151515151515151
 604 -0.4545454545454546
 929 -0.393939393939394
 4421 -0.333333333333333
 539 -0.2727272727272725
 3108 -0.2121212121212119
 9 -0.1515151515151514
 2868 -0.09090909090909083
 9 -0.03030303030303028
 2766 0.03030303030303028
 11 0.09090909090909083
 2400 0.1515151515151514
 1919 0.2121212121212124
 2433 0.2727272727272729
 1791 0.3333333333333335
 671 0.393939393939394
 977 0.4545454545454546
 724 0.5151515151515151
 877 0.5757575757575757
 652 0.6363636363636367
 887 0.6969696969696972
 679 0.7575757575757578
 19 0.8181818181818183
 647 0.8787878787878789
 12 0.9393939393939394
 545 1
 12 1.060606060606061
 569 1.121212121212121
 10 1.181818181818182
 44 1.242424242424242
 99 1.303030303030303
 26 1.363636363636363
 117 1.424242424242425
 26 1.484848484848485
 99 1.545454545454546
 3 1.606060606060606
 0 1.666666666666667
 1 1.727272727272728
 33 1.787878787878788
 7 1.848484848484849
 40 1.909090909090909
 2 1.96969696969697
 0 2.03030303030303
 0 2.090909090909091
 0 2.151515151515151
 2 2.212121212121212
 1 2.272727272727272
 1 2.333333333333334
 12 2.393939393939394
 0 2.454545454545455
 0 2.515151515151516
 0 2.575757575757576
 0 2.636363636363637
 0 2.696969696969697
 0 2.757575757575758
 0 2.818181818181818
 0 2.878787878787879
 0 2.939393939393939
 0 3


