# Created by Octave 3.8.2, Mon Jun 22 09:53:11 2020 CEST <damian@fptrucha.inv.usc.es>
# name: hd
# type: matrix
# rows: 100
# columns: 2
 0 -3
 0 -2.939393939393939
 0 -2.878787878787879
 0 -2.818181818181818
 0 -2.757575757575758
 0 -2.696969696969697
 0 -2.636363636363636
 2 -2.575757575757576
 0 -2.515151515151515
 5 -2.454545454545455
 0 -2.393939393939394
 0 -2.333333333333333
 2 -2.272727272727272
 0 -2.212121212121212
 0 -2.151515151515151
 2 -2.090909090909091
 4 -2.03030303030303
 36 -1.96969696969697
 36 -1.909090909090909
 0 -1.848484848484848
 1 -1.787878787878788
 0 -1.727272727272727
 2 -1.666666666666667
 101 -1.606060606060606
 22 -1.545454545454545
 106 -1.484848484848485
 29 -1.424242424242424
 116 -1.363636363636364
 17 -1.303030303030303
 12 -1.242424242424242
 530 -1.181818181818182
 9 -1.121212121212121
 539 -1.060606060606061
 11 -1
 511 -0.9393939393939394
 30 -0.8787878787878789
 492 -0.8181818181818183
 885 -0.7575757575757573
 628 -0.6969696969696968
 965 -0.6363636363636362
 623 -0.5757575757575757
 875 -0.5151515151515151
 632 -0.4545454545454546
 851 -0.393939393939394
 4070 -0.333333333333333
 558 -0.2727272727272725
 2537 -0.2121212121212119
 14 -0.1515151515151514
 2705 -0.09090909090909083
 16 -0.03030303030303028
 2506 0.03030303030303028
 19 0.09090909090909083
 2223 0.1515151515151514
 1520 0.2121212121212124
 2382 0.2727272727272729
 1599 0.3333333333333335
 625 0.393939393939394
 892 0.4545454545454546
 710 0.5151515151515151
 787 0.5757575757575757
 614 0.6363636363636367
 858 0.6969696969696972
 571 0.7575757575757578
 12 0.8181818181818183
 573 0.8787878787878789
 24 0.9393939393939394
 520 1
 17 1.060606060606061
 538 1.121212121212121
 10 1.181818181818182
 30 1.242424242424242
 119 1.303030303030303
 23 1.363636363636363
 113 1.424242424242425
 37 1.484848484848485
 110 1.545454545454546
 2 1.606060606060606
 0 1.666666666666667
 2 1.727272727272728
 35 1.787878787878788
 2 1.848484848484849
 46 1.909090909090909
 4 1.96969696969697
 2 2.03030303030303
 0 2.090909090909091
 0 2.151515151515151
 0 2.212121212121212
 0 2.272727272727272
 2 2.333333333333334
 10 2.393939393939394
 0 2.454545454545455
 1 2.515151515151516
 0 2.575757575757576
 0 2.636363636363637
 0 2.696969696969697
 0 2.757575757575758
 0 2.818181818181818
 0 2.878787878787879
 0 2.939393939393939
 0 3


