# Created by Octave 3.8.2, Sat Jun 20 02:12:24 2020 CEST <damian@fptrucha.inv.usc.es>
# name: hd
# type: matrix
# rows: 100
# columns: 2
 0 -3
 0 -2.939393939393939
 0 -2.878787878787879
 0 -2.818181818181818
 0 -2.757575757575758
 0 -2.696969696969697
 0 -2.636363636363636
 0 -2.575757575757576
 0 -2.515151515151515
 6 -2.454545454545455
 0 -2.393939393939394
 1 -2.333333333333333
 2 -2.272727272727272
 0 -2.212121212121212
 0 -2.151515151515151
 1 -2.090909090909091
 6 -2.03030303030303
 28 -1.96969696969697
 36 -1.909090909090909
 2 -1.848484848484848
 2 -1.787878787878788
 0 -1.727272727272727
 1 -1.666666666666667
 127 -1.606060606060606
 27 -1.545454545454545
 95 -1.484848484848485
 29 -1.424242424242424
 86 -1.363636363636364
 20 -1.303030303030303
 9 -1.242424242424242
 623 -1.181818181818182
 20 -1.121212121212121
 605 -1.060606060606061
 14 -1
 556 -0.9393939393939394
 9 -0.8787878787878789
 562 -0.8181818181818183
 1101 -0.7575757575757573
 745 -0.6969696969696968
 1133 -0.6363636363636362
 692 -0.5757575757575757
 1019 -0.5151515151515151
 610 -0.4545454545454546
 952 -0.393939393939394
 4608 -0.333333333333333
 625 -0.2727272727272725
 3032 -0.2121212121212119
 7 -0.1515151515151514
 2830 -0.09090909090909083
 7 -0.03030303030303028
 2789 0.03030303030303028
 14 0.09090909090909083
 2374 0.1515151515151514
 1858 0.2121212121212124
 2546 0.2727272727272729
 1616 0.3333333333333335
 663 0.393939393939394
 940 0.4545454545454546
 662 0.5151515151515151
 827 0.5757575757575757
 570 0.6363636363636367
 808 0.6969696969696972
 509 0.7575757575757578
 12 0.8181818181818183
 537 0.8787878787878789
 10 0.9393939393939394
 506 1
 11 1.060606060606061
 463 1.121212121212121
 10 1.181818181818182
 25 1.242424242424242
 100 1.303030303030303
 17 1.363636363636363
 87 1.424242424242425
 21 1.484848484848485
 93 1.545454545454546
 1 1.606060606060606
 0 1.666666666666667
 0 1.727272727272728
 35 1.787878787878788
 7 1.848484848484849
 23 1.909090909090909
 5 1.96969696969697
 1 2.03030303030303
 0 2.090909090909091
 0 2.151515151515151
 1 2.212121212121212
 1 2.272727272727272
 0 2.333333333333334
 4 2.393939393939394
 0 2.454545454545455
 2 2.515151515151516
 0 2.575757575757576
 0 2.636363636363637
 0 2.696969696969697
 0 2.757575757575758
 0 2.818181818181818
 0 2.878787878787879
 0 2.939393939393939
 0 3


