# Created by Octave 3.8.2, Sun Jun 21 02:04:36 2020 CEST <damian@fptrucha.inv.usc.es>
# name: hd
# type: matrix
# rows: 100
# columns: 2
 0 -3
 0 -2.939393939393939
 0 -2.878787878787879
 0 -2.818181818181818
 0 -2.757575757575758
 0 -2.696969696969697
 0 -2.636363636363636
 0 -2.575757575757576
 1 -2.515151515151515
 4 -2.454545454545455
 1 -2.393939393939394
 1 -2.333333333333333
 0 -2.272727272727272
 0 -2.212121212121212
 0 -2.151515151515151
 1 -2.090909090909091
 6 -2.03030303030303
 22 -1.96969696969697
 33 -1.909090909090909
 1 -1.848484848484848
 1 -1.787878787878788
 0 -1.727272727272727
 0 -1.666666666666667
 87 -1.606060606060606
 26 -1.545454545454545
 83 -1.484848484848485
 17 -1.424242424242424
 70 -1.363636363636364
 17 -1.303030303030303
 10 -1.242424242424242
 517 -1.181818181818182
 12 -1.121212121212121
 497 -1.060606060606061
 10 -1
 416 -0.9393939393939394
 14 -0.8787878787878789
 421 -0.8181818181818183
 954 -0.7575757575757573
 659 -0.6969696969696968
 995 -0.6363636363636362
 617 -0.5757575757575757
 821 -0.5151515151515151
 552 -0.4545454545454546
 785 -0.393939393939394
 4115 -0.333333333333333
 549 -0.2727272727272725
 2844 -0.2121212121212119
 6 -0.1515151515151514
 2587 -0.09090909090909083
 10 -0.03030303030303028
 2437 0.03030303030303028
 8 0.09090909090909083
 2189 0.1515151515151514
 1641 0.2121212121212124
 2223 0.2727272727272729
 1638 0.3333333333333335
 624 0.393939393939394
 897 0.4545454545454546
 615 0.5151515151515151
 758 0.5757575757575757
 572 0.6363636363636367
 769 0.6969696969696972
 564 0.7575757575757578
 4 0.8181818181818183
 516 0.8787878787878789
 12 0.9393939393939394
 504 1
 15 1.060606060606061
 436 1.121212121212121
 11 1.181818181818182
 23 1.242424242424242
 89 1.303030303030303
 19 1.363636363636363
 92 1.424242424242425
 25 1.484848484848485
 89 1.545454545454546
 2 1.606060606060606
 0 1.666666666666667
 2 1.727272727272728
 29 1.787878787878788
 3 1.848484848484849
 28 1.909090909090909
 4 1.96969696969697
 0 2.03030303030303
 0 2.090909090909091
 0 2.151515151515151
 3 2.212121212121212
 1 2.272727272727272
 0 2.333333333333334
 6 2.393939393939394
 0 2.454545454545455
 2 2.515151515151516
 0 2.575757575757576
 0 2.636363636363637
 0 2.696969696969697
 0 2.757575757575758
 0 2.818181818181818
 0 2.878787878787879
 0 2.939393939393939
 0 3


