# Created by Octave 3.8.2, Mon Jun 22 19:28:10 2020 CEST <damian@fptrucha.inv.usc.es>
# name: hd
# type: matrix
# rows: 100
# columns: 2
 0 -3
 0 -2.939393939393939
 0 -2.878787878787879
 0 -2.818181818181818
 0 -2.757575757575758
 0 -2.696969696969697
 0 -2.636363636363636
 2 -2.575757575757576
 4 -2.515151515151515
 4 -2.454545454545455
 1 -2.393939393939394
 0 -2.333333333333333
 1 -2.272727272727272
 0 -2.212121212121212
 0 -2.151515151515151
 5 -2.090909090909091
 3 -2.03030303030303
 38 -1.96969696969697
 36 -1.909090909090909
 2 -1.848484848484848
 0 -1.787878787878788
 0 -1.727272727272727
 3 -1.666666666666667
 100 -1.606060606060606
 24 -1.545454545454545
 112 -1.484848484848485
 27 -1.424242424242424
 114 -1.363636363636364
 16 -1.303030303030303
 17 -1.242424242424242
 652 -1.181818181818182
 23 -1.121212121212121
 560 -1.060606060606061
 14 -1
 561 -0.9393939393939394
 28 -0.8787878787878789
 550 -0.8181818181818183
 958 -0.7575757575757573
 687 -0.6969696969696968
 1080 -0.6363636363636362
 630 -0.5757575757575757
 980 -0.5151515151515151
 663 -0.4545454545454546
 936 -0.393939393939394
 4363 -0.333333333333333
 590 -0.2727272727272725
 2785 -0.2121212121212119
 11 -0.1515151515151514
 2839 -0.09090909090909083
 12 -0.03030303030303028
 2656 0.03030303030303028
 18 0.09090909090909083
 2385 0.1515151515151514
 1530 0.2121212121212124
 2299 0.2727272727272729
 1657 0.3333333333333335
 660 0.393939393939394
 913 0.4545454545454546
 721 0.5151515151515151
 836 0.5757575757575757
 672 0.6363636363636367
 877 0.6969696969696972
 566 0.7575757575757578
 9 0.8181818181818183
 552 0.8787878787878789
 16 0.9393939393939394
 510 1
 16 1.060606060606061
 500 1.121212121212121
 14 1.181818181818182
 27 1.242424242424242
 106 1.303030303030303
 23 1.363636363636363
 103 1.424242424242425
 17 1.484848484848485
 108 1.545454545454546
 3 1.606060606060606
 0 1.666666666666667
 4 1.727272727272728
 39 1.787878787878788
 4 1.848484848484849
 27 1.909090909090909
 3 1.96969696969697
 1 2.03030303030303
 0 2.090909090909091
 0 2.151515151515151
 5 2.212121212121212
 0 2.272727272727272
 1 2.333333333333334
 6 2.393939393939394
 1 2.454545454545455
 1 2.515151515151516
 0 2.575757575757576
 0 2.636363636363637
 0 2.696969696969697
 0 2.757575757575758
 0 2.818181818181818
 0 2.878787878787879
 0 2.939393939393939
 0 3


