# Created by Octave 3.8.2, Sun Jun 21 07:59:31 2020 CEST <damian@fptrucha.inv.usc.es>
# name: hd
# type: matrix
# rows: 100
# columns: 2
 0 -3
 0 -2.939393939393939
 0 -2.878787878787879
 0 -2.818181818181818
 0 -2.757575757575758
 0 -2.696969696969697
 0 -2.636363636363636
 0 -2.575757575757576
 0 -2.515151515151515
 6 -2.454545454545455
 0 -2.393939393939394
 0 -2.333333333333333
 4 -2.272727272727272
 0 -2.212121212121212
 0 -2.151515151515151
 1 -2.090909090909091
 6 -2.03030303030303
 20 -1.96969696969697
 22 -1.909090909090909
 0 -1.848484848484848
 0 -1.787878787878788
 0 -1.727272727272727
 5 -1.666666666666667
 104 -1.606060606060606
 11 -1.545454545454545
 102 -1.484848484848485
 14 -1.424242424242424
 87 -1.363636363636364
 12 -1.303030303030303
 17 -1.242424242424242
 543 -1.181818181818182
 14 -1.121212121212121
 502 -1.060606060606061
 12 -1
 467 -0.9393939393939394
 10 -0.8787878787878789
 434 -0.8181818181818183
 1026 -0.7575757575757573
 612 -0.6969696969696968
 1035 -0.6363636363636362
 633 -0.5757575757575757
 849 -0.5151515151515151
 582 -0.4545454545454546
 838 -0.393939393939394
 4197 -0.333333333333333
 523 -0.2727272727272725
 2922 -0.2121212121212119
 12 -0.1515151515151514
 2692 -0.09090909090909083
 6 -0.03030303030303028
 2469 0.03030303030303028
 10 0.09090909090909083
 2173 0.1515151515151514
 1696 0.2121212121212124
 2126 0.2727272727272729
 1618 0.3333333333333335
 584 0.393939393939394
 883 0.4545454545454546
 639 0.5151515151515151
 821 0.5757575757575757
 590 0.6363636363636367
 804 0.6969696969696972
 566 0.7575757575757578
 11 0.8181818181818183
 550 0.8787878787878789
 13 0.9393939393939394
 520 1
 10 1.060606060606061
 484 1.121212121212121
 6 1.181818181818182
 25 1.242424242424242
 91 1.303030303030303
 28 1.363636363636363
 86 1.424242424242425
 26 1.484848484848485
 87 1.545454545454546
 1 1.606060606060606
 0 1.666666666666667
 3 1.727272727272728
 28 1.787878787878788
 2 1.848484848484849
 25 1.909090909090909
 4 1.96969696969697
 2 2.03030303030303
 0 2.090909090909091
 0 2.151515151515151
 1 2.212121212121212
 0 2.272727272727272
 0 2.333333333333334
 9 2.393939393939394
 0 2.454545454545455
 0 2.515151515151516
 0 2.575757575757576
 0 2.636363636363637
 0 2.696969696969697
 0 2.757575757575758
 0 2.818181818181818
 0 2.878787878787879
 0 2.939393939393939
 0 3


