# Created by Octave 3.8.2, Mon Jun 22 08:47:33 2020 CEST <damian@fptrucha.inv.usc.es>
# name: hd
# type: matrix
# rows: 100
# columns: 2
 0 -3
 0 -2.939393939393939
 0 -2.878787878787879
 0 -2.818181818181818
 0 -2.757575757575758
 0 -2.696969696969697
 0 -2.636363636363636
 1 -2.575757575757576
 0 -2.515151515151515
 12 -2.454545454545455
 0 -2.393939393939394
 0 -2.333333333333333
 0 -2.272727272727272
 0 -2.212121212121212
 0 -2.151515151515151
 0 -2.090909090909091
 0 -2.03030303030303
 30 -1.96969696969697
 27 -1.909090909090909
 3 -1.848484848484848
 0 -1.787878787878788
 0 -1.727272727272727
 3 -1.666666666666667
 97 -1.606060606060606
 20 -1.545454545454545
 118 -1.484848484848485
 33 -1.424242424242424
 113 -1.363636363636364
 27 -1.303030303030303
 13 -1.242424242424242
 549 -1.181818181818182
 14 -1.121212121212121
 518 -1.060606060606061
 22 -1
 498 -0.9393939393939394
 13 -0.8787878787878789
 480 -0.8181818181818183
 842 -0.7575757575757573
 588 -0.6969696969696968
 904 -0.6363636363636362
 616 -0.5757575757575757
 902 -0.5151515151515151
 565 -0.4545454545454546
 845 -0.393939393939394
 3933 -0.333333333333333
 561 -0.2727272727272725
 2452 -0.2121212121212119
 14 -0.1515151515151514
 2573 -0.09090909090909083
 19 -0.03030303030303028
 2482 0.03030303030303028
 21 0.09090909090909083
 2229 0.1515151515151514
 1488 0.2121212121212124
 2269 0.2727272727272729
 1503 0.3333333333333335
 695 0.393939393939394
 878 0.4545454545454546
 670 0.5151515151515151
 786 0.5757575757575757
 643 0.6363636363636367
 796 0.6969696969696972
 569 0.7575757575757578
 17 0.8181818181818183
 546 0.8787878787878789
 14 0.9393939393939394
 553 1
 23 1.060606060606061
 573 1.121212121212121
 18 1.181818181818182
 34 1.242424242424242
 100 1.303030303030303
 23 1.363636363636363
 123 1.424242424242425
 40 1.484848484848485
 106 1.545454545454546
 5 1.606060606060606
 0 1.666666666666667
 2 1.727272727272728
 30 1.787878787878788
 8 1.848484848484849
 34 1.909090909090909
 8 1.96969696969697
 1 2.03030303030303
 0 2.090909090909091
 0 2.151515151515151
 2 2.212121212121212
 0 2.272727272727272
 1 2.333333333333334
 8 2.393939393939394
 2 2.454545454545455
 1 2.515151515151516
 0 2.575757575757576
 0 2.636363636363637
 0 2.696969696969697
 0 2.757575757575758
 0 2.818181818181818
 0 2.878787878787879
 0 2.939393939393939
 0 3


