# Created by Octave 3.8.2, Mon Jun 22 11:44:14 2020 CEST <damian@fptrucha.inv.usc.es>
# name: hd
# type: matrix
# rows: 100
# columns: 2
 0 -3
 0 -2.939393939393939
 0 -2.878787878787879
 0 -2.818181818181818
 0 -2.757575757575758
 0 -2.696969696969697
 0 -2.636363636363636
 4 -2.575757575757576
 0 -2.515151515151515
 10 -2.454545454545455
 1 -2.393939393939394
 0 -2.333333333333333
 0 -2.272727272727272
 0 -2.212121212121212
 0 -2.151515151515151
 1 -2.090909090909091
 4 -2.03030303030303
 41 -1.96969696969697
 39 -1.909090909090909
 5 -1.848484848484848
 1 -1.787878787878788
 0 -1.727272727272727
 3 -1.666666666666667
 102 -1.606060606060606
 24 -1.545454545454545
 104 -1.484848484848485
 35 -1.424242424242424
 105 -1.363636363636364
 20 -1.303030303030303
 10 -1.242424242424242
 530 -1.181818181818182
 16 -1.121212121212121
 523 -1.060606060606061
 20 -1
 511 -0.9393939393939394
 20 -0.8787878787878789
 501 -0.8181818181818183
 851 -0.7575757575757573
 596 -0.6969696969696968
 935 -0.6363636363636362
 586 -0.5757575757575757
 887 -0.5151515151515151
 568 -0.4545454545454546
 901 -0.393939393939394
 3919 -0.333333333333333
 579 -0.2727272727272725
 2607 -0.2121212121212119
 18 -0.1515151515151514
 2698 -0.09090909090909083
 11 -0.03030303030303028
 2465 0.03030303030303028
 16 0.09090909090909083
 2284 0.1515151515151514
 1505 0.2121212121212124
 2280 0.2727272727272729
 1526 0.3333333333333335
 642 0.393939393939394
 959 0.4545454545454546
 667 0.5151515151515151
 843 0.5757575757575757
 613 0.6363636363636367
 892 0.6969696969696972
 518 0.7575757575757578
 10 0.8181818181818183
 535 0.8787878787878789
 23 0.9393939393939394
 566 1
 17 1.060606060606061
 541 1.121212121212121
 14 1.181818181818182
 26 1.242424242424242
 118 1.303030303030303
 29 1.363636363636363
 112 1.424242424242425
 44 1.484848484848485
 101 1.545454545454546
 4 1.606060606060606
 0 1.666666666666667
 2 1.727272727272728
 40 1.787878787878788
 5 1.848484848484849
 37 1.909090909090909
 4 1.96969696969697
 3 2.03030303030303
 0 2.090909090909091
 0 2.151515151515151
 1 2.212121212121212
 2 2.272727272727272
 2 2.333333333333334
 7 2.393939393939394
 2 2.454545454545455
 0 2.515151515151516
 0 2.575757575757576
 0 2.636363636363637
 0 2.696969696969697
 0 2.757575757575758
 0 2.818181818181818
 0 2.878787878787879
 0 2.939393939393939
 0 3


