# Created by Octave 3.8.2, Mon Jun 22 09:28:12 2020 CEST <damian@fptrucha.inv.usc.es>
# name: hd
# type: matrix
# rows: 100
# columns: 2
 0 -3
 0 -2.939393939393939
 0 -2.878787878787879
 0 -2.818181818181818
 0 -2.757575757575758
 0 -2.696969696969697
 0 -2.636363636363636
 0 -2.575757575757576
 1 -2.515151515151515
 5 -2.454545454545455
 1 -2.393939393939394
 0 -2.333333333333333
 0 -2.272727272727272
 0 -2.212121212121212
 0 -2.151515151515151
 1 -2.090909090909091
 3 -2.03030303030303
 28 -1.96969696969697
 29 -1.909090909090909
 1 -1.848484848484848
 2 -1.787878787878788
 0 -1.727272727272727
 4 -1.666666666666667
 88 -1.606060606060606
 21 -1.545454545454545
 100 -1.484848484848485
 27 -1.424242424242424
 103 -1.363636363636364
 27 -1.303030303030303
 7 -1.242424242424242
 509 -1.181818181818182
 14 -1.121212121212121
 517 -1.060606060606061
 14 -1
 512 -0.9393939393939394
 18 -0.8787878787878789
 517 -0.8181818181818183
 831 -0.7575757575757573
 592 -0.6969696969696968
 917 -0.6363636363636362
 604 -0.5757575757575757
 891 -0.5151515151515151
 605 -0.4545454545454546
 877 -0.393939393939394
 3906 -0.333333333333333
 525 -0.2727272727272725
 2447 -0.2121212121212119
 12 -0.1515151515151514
 2631 -0.09090909090909083
 8 -0.03030303030303028
 2410 0.03030303030303028
 24 0.09090909090909083
 2261 0.1515151515151514
 1514 0.2121212121212124
 2237 0.2727272727272729
 1533 0.3333333333333335
 635 0.393939393939394
 891 0.4545454545454546
 610 0.5151515151515151
 808 0.5757575757575757
 575 0.6363636363636367
 854 0.6969696969696972
 551 0.7575757575757578
 13 0.8181818181818183
 563 0.8787878787878789
 27 0.9393939393939394
 569 1
 11 1.060606060606061
 491 1.121212121212121
 9 1.181818181818182
 28 1.242424242424242
 127 1.303030303030303
 30 1.363636363636363
 94 1.424242424242425
 42 1.484848484848485
 92 1.545454545454546
 1 1.606060606060606
 0 1.666666666666667
 1 1.727272727272728
 45 1.787878787878788
 4 1.848484848484849
 34 1.909090909090909
 5 1.96969696969697
 2 2.03030303030303
 0 2.090909090909091
 0 2.151515151515151
 1 2.212121212121212
 0 2.272727272727272
 0 2.333333333333334
 10 2.393939393939394
 1 2.454545454545455
 0 2.515151515151516
 0 2.575757575757576
 0 2.636363636363637
 0 2.696969696969697
 0 2.757575757575758
 0 2.818181818181818
 0 2.878787878787879
 0 2.939393939393939
 0 3


