# Created by Octave 3.8.2, Mon Jun 22 07:15:18 2020 CEST <damian@fptrucha.inv.usc.es>
# name: hd
# type: matrix
# rows: 100
# columns: 2
 0 -3
 0 -2.939393939393939
 0 -2.878787878787879
 0 -2.818181818181818
 0 -2.757575757575758
 0 -2.696969696969697
 0 -2.636363636363636
 0 -2.575757575757576
 1 -2.515151515151515
 6 -2.454545454545455
 3 -2.393939393939394
 0 -2.333333333333333
 3 -2.272727272727272
 0 -2.212121212121212
 0 -2.151515151515151
 0 -2.090909090909091
 3 -2.03030303030303
 19 -1.96969696969697
 22 -1.909090909090909
 2 -1.848484848484848
 1 -1.787878787878788
 0 -1.727272727272727
 1 -1.666666666666667
 62 -1.606060606060606
 16 -1.545454545454545
 78 -1.484848484848485
 17 -1.424242424242424
 74 -1.363636363636364
 20 -1.303030303030303
 8 -1.242424242424242
 314 -1.181818181818182
 9 -1.121212121212121
 358 -1.060606060606061
 7 -1
 315 -0.9393939393939394
 16 -0.8787878787878789
 317 -0.8181818181818183
 547 -0.7575757575757573
 390 -0.6969696969696968
 619 -0.6363636363636362
 396 -0.5757575757575757
 584 -0.5151515151515151
 394 -0.4545454545454546
 564 -0.393939393939394
 2495 -0.333333333333333
 331 -0.2727272727272725
 1541 -0.2121212121212119
 12 -0.1515151515151514
 1662 -0.09090909090909083
 10 -0.03030303030303028
 1552 0.03030303030303028
 20 0.09090909090909083
 1501 0.1515151515151514
 961 0.2121212121212124
 1487 0.2727272727272729
 960 0.3333333333333335
 448 0.393939393939394
 594 0.4545454545454546
 434 0.5151515151515151
 543 0.5757575757575757
 410 0.6363636363636367
 583 0.6969696969696972
 331 0.7575757575757578
 11 0.8181818181818183
 362 0.8787878787878789
 8 0.9393939393939394
 309 1
 12 1.060606060606061
 352 1.121212121212121
 11 1.181818181818182
 22 1.242424242424242
 75 1.303030303030303
 13 1.363636363636363
 70 1.424242424242425
 30 1.484848484848485
 65 1.545454545454546
 0 1.606060606060606
 0 1.666666666666667
 2 1.727272727272728
 18 1.787878787878788
 2 1.848484848484849
 30 1.909090909090909
 4 1.96969696969697
 0 2.03030303030303
 0 2.090909090909091
 0 2.151515151515151
 1 2.212121212121212
 1 2.272727272727272
 0 2.333333333333334
 8 2.393939393939394
 0 2.454545454545455
 0 2.515151515151516
 0 2.575757575757576
 0 2.636363636363637
 0 2.696969696969697
 0 2.757575757575758
 0 2.818181818181818
 0 2.878787878787879
 0 2.939393939393939
 0 3


