# Created by Octave 3.8.2, Sat Jun 20 21:33:32 2020 CEST <damian@fptrucha.inv.usc.es>
# name: hd
# type: matrix
# rows: 100
# columns: 2
 0 -3
 0 -2.939393939393939
 0 -2.878787878787879
 0 -2.818181818181818
 0 -2.757575757575758
 0 -2.696969696969697
 0 -2.636363636363636
 0 -2.575757575757576
 1 -2.515151515151515
 3 -2.454545454545455
 0 -2.393939393939394
 0 -2.333333333333333
 0 -2.272727272727272
 0 -2.212121212121212
 0 -2.151515151515151
 1 -2.090909090909091
 2 -2.03030303030303
 17 -1.96969696969697
 15 -1.909090909090909
 1 -1.848484848484848
 0 -1.787878787878788
 0 -1.727272727272727
 2 -1.666666666666667
 100 -1.606060606060606
 23 -1.545454545454545
 83 -1.484848484848485
 21 -1.424242424242424
 80 -1.363636363636364
 18 -1.303030303030303
 9 -1.242424242424242
 553 -1.181818181818182
 11 -1.121212121212121
 540 -1.060606060606061
 8 -1
 407 -0.9393939393939394
 21 -0.8787878787878789
 398 -0.8181818181818183
 892 -0.7575757575757573
 692 -0.6969696969696968
 1031 -0.6363636363636362
 624 -0.5757575757575757
 828 -0.5151515151515151
 536 -0.4545454545454546
 852 -0.393939393939394
 4184 -0.333333333333333
 552 -0.2727272727272725
 2806 -0.2121212121212119
 9 -0.1515151515151514
 2622 -0.09090909090909083
 11 -0.03030303030303028
 2496 0.03030303030303028
 9 0.09090909090909083
 2218 0.1515151515151514
 1767 0.2121212121212124
 2144 0.2727272727272729
 1649 0.3333333333333335
 629 0.393939393939394
 877 0.4545454545454546
 648 0.5151515151515151
 809 0.5757575757575757
 577 0.6363636363636367
 810 0.6969696969696972
 597 0.7575757575757578
 14 0.8181818181818183
 545 0.8787878787878789
 16 0.9393939393939394
 501 1
 13 1.060606060606061
 510 1.121212121212121
 6 1.181818181818182
 32 1.242424242424242
 103 1.303030303030303
 25 1.363636363636363
 114 1.424242424242425
 25 1.484848484848485
 96 1.545454545454546
 1 1.606060606060606
 0 1.666666666666667
 3 1.727272727272728
 32 1.787878787878788
 3 1.848484848484849
 32 1.909090909090909
 5 1.96969696969697
 0 2.03030303030303
 0 2.090909090909091
 0 2.151515151515151
 3 2.212121212121212
 1 2.272727272727272
 0 2.333333333333334
 5 2.393939393939394
 0 2.454545454545455
 1 2.515151515151516
 0 2.575757575757576
 0 2.636363636363637
 0 2.696969696969697
 0 2.757575757575758
 0 2.818181818181818
 0 2.878787878787879
 0 2.939393939393939
 0 3


