# Created by Octave 3.8.2, Mon Jun 22 13:46:49 2020 CEST <damian@fptrucha.inv.usc.es>
# name: hd
# type: matrix
# rows: 100
# columns: 2
 0 -3
 0 -2.939393939393939
 0 -2.878787878787879
 0 -2.818181818181818
 0 -2.757575757575758
 0 -2.696969696969697
 0 -2.636363636363636
 2 -2.575757575757576
 1 -2.515151515151515
 5 -2.454545454545455
 1 -2.393939393939394
 0 -2.333333333333333
 3 -2.272727272727272
 0 -2.212121212121212
 0 -2.151515151515151
 3 -2.090909090909091
 6 -2.03030303030303
 48 -1.96969696969697
 29 -1.909090909090909
 1 -1.848484848484848
 1 -1.787878787878788
 0 -1.727272727272727
 2 -1.666666666666667
 90 -1.606060606060606
 31 -1.545454545454545
 117 -1.484848484848485
 41 -1.424242424242424
 138 -1.363636363636364
 24 -1.303030303030303
 15 -1.242424242424242
 532 -1.181818181818182
 23 -1.121212121212121
 558 -1.060606060606061
 27 -1
 518 -0.9393939393939394
 12 -0.8787878787878789
 539 -0.8181818181818183
 882 -0.7575757575757573
 604 -0.6969696969696968
 1003 -0.6363636363636362
 640 -0.5757575757575757
 878 -0.5151515151515151
 618 -0.4545454545454546
 938 -0.393939393939394
 4106 -0.333333333333333
 635 -0.2727272727272725
 2567 -0.2121212121212119
 9 -0.1515151515151514
 2653 -0.09090909090909083
 16 -0.03030303030303028
 2543 0.03030303030303028
 18 0.09090909090909083
 2307 0.1515151515151514
 1602 0.2121212121212124
 2393 0.2727272727272729
 1573 0.3333333333333335
 619 0.393939393939394
 901 0.4545454545454546
 654 0.5151515151515151
 802 0.5757575757575757
 603 0.6363636363636367
 862 0.6969696969696972
 544 0.7575757575757578
 15 0.8181818181818183
 617 0.8787878787878789
 24 0.9393939393939394
 495 1
 19 1.060606060606061
 527 1.121212121212121
 19 1.181818181818182
 36 1.242424242424242
 113 1.303030303030303
 31 1.363636363636363
 109 1.424242424242425
 34 1.484848484848485
 119 1.545454545454546
 2 1.606060606060606
 0 1.666666666666667
 3 1.727272727272728
 42 1.787878787878788
 2 1.848484848484849
 26 1.909090909090909
 3 1.96969696969697
 4 2.03030303030303
 0 2.090909090909091
 0 2.151515151515151
 1 2.212121212121212
 0 2.272727272727272
 1 2.333333333333334
 9 2.393939393939394
 1 2.454545454545455
 0 2.515151515151516
 0 2.575757575757576
 0 2.636363636363637
 0 2.696969696969697
 0 2.757575757575758
 0 2.818181818181818
 0 2.878787878787879
 0 2.939393939393939
 0 3


