# Created by Octave 3.8.2, Sun Jun 21 02:07:29 2020 CEST <damian@fptrucha.inv.usc.es>
# name: hd
# type: matrix
# rows: 100
# columns: 2
 0 -3
 0 -2.939393939393939
 0 -2.878787878787879
 0 -2.818181818181818
 0 -2.757575757575758
 0 -2.696969696969697
 0 -2.636363636363636
 1 -2.575757575757576
 0 -2.515151515151515
 4 -2.454545454545455
 1 -2.393939393939394
 0 -2.333333333333333
 2 -2.272727272727272
 0 -2.212121212121212
 0 -2.151515151515151
 2 -2.090909090909091
 4 -2.03030303030303
 20 -1.96969696969697
 16 -1.909090909090909
 1 -1.848484848484848
 2 -1.787878787878788
 0 -1.727272727272727
 0 -1.666666666666667
 108 -1.606060606060606
 22 -1.545454545454545
 87 -1.484848484848485
 21 -1.424242424242424
 77 -1.363636363636364
 15 -1.303030303030303
 8 -1.242424242424242
 527 -1.181818181818182
 15 -1.121212121212121
 484 -1.060606060606061
 17 -1
 435 -0.9393939393939394
 13 -0.8787878787878789
 399 -0.8181818181818183
 1005 -0.7575757575757573
 643 -0.6969696969696968
 1018 -0.6363636363636362
 615 -0.5757575757575757
 848 -0.5151515151515151
 554 -0.4545454545454546
 859 -0.393939393939394
 4087 -0.333333333333333
 533 -0.2727272727272725
 2841 -0.2121212121212119
 9 -0.1515151515151514
 2554 -0.09090909090909083
 10 -0.03030303030303028
 2439 0.03030303030303028
 7 0.09090909090909083
 2167 0.1515151515151514
 1694 0.2121212121212124
 2122 0.2727272727272729
 1599 0.3333333333333335
 597 0.393939393939394
 814 0.4545454545454546
 657 0.5151515151515151
 780 0.5757575757575757
 541 0.6363636363636367
 786 0.6969696969696972
 522 0.7575757575757578
 8 0.8181818181818183
 569 0.8787878787878789
 11 0.9393939393939394
 528 1
 3 1.060606060606061
 449 1.121212121212121
 12 1.181818181818182
 26 1.242424242424242
 106 1.303030303030303
 16 1.363636363636363
 96 1.424242424242425
 34 1.484848484848485
 83 1.545454545454546
 2 1.606060606060606
 0 1.666666666666667
 0 1.727272727272728
 35 1.787878787878788
 3 1.848484848484849
 31 1.909090909090909
 2 1.96969696969697
 0 2.03030303030303
 0 2.090909090909091
 0 2.151515151515151
 2 2.212121212121212
 0 2.272727272727272
 1 2.333333333333334
 9 2.393939393939394
 0 2.454545454545455
 3 2.515151515151516
 0 2.575757575757576
 0 2.636363636363637
 0 2.696969696969697
 0 2.757575757575758
 0 2.818181818181818
 0 2.878787878787879
 0 2.939393939393939
 0 3


