# Created by Octave 3.8.2, Sun Jun 21 02:48:27 2020 CEST <damian@fptrucha.inv.usc.es>
# name: hd
# type: matrix
# rows: 100
# columns: 2
 0 -3
 0 -2.939393939393939
 0 -2.878787878787879
 0 -2.818181818181818
 0 -2.757575757575758
 0 -2.696969696969697
 0 -2.636363636363636
 1 -2.575757575757576
 2 -2.515151515151515
 4 -2.454545454545455
 0 -2.393939393939394
 0 -2.333333333333333
 3 -2.272727272727272
 0 -2.212121212121212
 0 -2.151515151515151
 1 -2.090909090909091
 2 -2.03030303030303
 24 -1.96969696969697
 25 -1.909090909090909
 0 -1.848484848484848
 0 -1.787878787878788
 0 -1.727272727272727
 0 -1.666666666666667
 83 -1.606060606060606
 31 -1.545454545454545
 86 -1.484848484848485
 21 -1.424242424242424
 79 -1.363636363636364
 22 -1.303030303030303
 12 -1.242424242424242
 508 -1.181818181818182
 10 -1.121212121212121
 481 -1.060606060606061
 14 -1
 419 -0.9393939393939394
 17 -0.8787878787878789
 411 -0.8181818181818183
 927 -0.7575757575757573
 638 -0.6969696969696968
 990 -0.6363636363636362
 584 -0.5757575757575757
 787 -0.5151515151515151
 549 -0.4545454545454546
 788 -0.393939393939394
 4036 -0.333333333333333
 533 -0.2727272727272725
 2749 -0.2121212121212119
 9 -0.1515151515151514
 2634 -0.09090909090909083
 10 -0.03030303030303028
 2423 0.03030303030303028
 12 0.09090909090909083
 2026 0.1515151515151514
 1743 0.2121212121212124
 2110 0.2727272727272729
 1561 0.3333333333333335
 626 0.393939393939394
 834 0.4545454545454546
 587 0.5151515151515151
 758 0.5757575757575757
 620 0.6363636363636367
 721 0.6969696969696972
 569 0.7575757575757578
 11 0.8181818181818183
 489 0.8787878787878789
 9 0.9393939393939394
 514 1
 6 1.060606060606061
 460 1.121212121212121
 12 1.181818181818182
 29 1.242424242424242
 83 1.303030303030303
 16 1.363636363636363
 100 1.424242424242425
 20 1.484848484848485
 84 1.545454545454546
 1 1.606060606060606
 0 1.666666666666667
 0 1.727272727272728
 27 1.787878787878788
 2 1.848484848484849
 35 1.909090909090909
 1 1.96969696969697
 0 2.03030303030303
 0 2.090909090909091
 0 2.151515151515151
 3 2.212121212121212
 0 2.272727272727272
 1 2.333333333333334
 4 2.393939393939394
 0 2.454545454545455
 0 2.515151515151516
 0 2.575757575757576
 0 2.636363636363637
 0 2.696969696969697
 0 2.757575757575758
 0 2.818181818181818
 0 2.878787878787879
 0 2.939393939393939
 0 3


