# Created by Octave 3.8.2, Mon Jun 22 11:47:23 2020 CEST <damian@fptrucha.inv.usc.es>
# name: hd
# type: matrix
# rows: 100
# columns: 2
 0 -3
 0 -2.939393939393939
 0 -2.878787878787879
 0 -2.818181818181818
 0 -2.757575757575758
 0 -2.696969696969697
 0 -2.636363636363636
 0 -2.575757575757576
 2 -2.515151515151515
 5 -2.454545454545455
 0 -2.393939393939394
 0 -2.333333333333333
 1 -2.272727272727272
 0 -2.212121212121212
 0 -2.151515151515151
 1 -2.090909090909091
 2 -2.03030303030303
 23 -1.96969696969697
 27 -1.909090909090909
 3 -1.848484848484848
 0 -1.787878787878788
 0 -1.727272727272727
 0 -1.666666666666667
 96 -1.606060606060606
 32 -1.545454545454545
 108 -1.484848484848485
 26 -1.424242424242424
 105 -1.363636363636364
 31 -1.303030303030303
 13 -1.242424242424242
 528 -1.181818181818182
 18 -1.121212121212121
 549 -1.060606060606061
 16 -1
 522 -0.9393939393939394
 16 -0.8787878787878789
 499 -0.8181818181818183
 849 -0.7575757575757573
 605 -0.6969696969696968
 917 -0.6363636363636362
 627 -0.5757575757575757
 919 -0.5151515151515151
 586 -0.4545454545454546
 921 -0.393939393939394
 3902 -0.333333333333333
 560 -0.2727272727272725
 2485 -0.2121212121212119
 15 -0.1515151515151514
 2540 -0.09090909090909083
 25 -0.03030303030303028
 2493 0.03030303030303028
 20 0.09090909090909083
 2264 0.1515151515151514
 1514 0.2121212121212124
 2323 0.2727272727272729
 1510 0.3333333333333335
 640 0.393939393939394
 865 0.4545454545454546
 623 0.5151515151515151
 823 0.5757575757575757
 659 0.6363636363636367
 855 0.6969696969696972
 525 0.7575757575757578
 11 0.8181818181818183
 577 0.8787878787878789
 16 0.9393939393939394
 561 1
 12 1.060606060606061
 528 1.121212121212121
 17 1.181818181818182
 21 1.242424242424242
 130 1.303030303030303
 39 1.363636363636363
 123 1.424242424242425
 31 1.484848484848485
 113 1.545454545454546
 2 1.606060606060606
 0 1.666666666666667
 2 1.727272727272728
 47 1.787878787878788
 10 1.848484848484849
 32 1.909090909090909
 3 1.96969696969697
 1 2.03030303030303
 0 2.090909090909091
 0 2.151515151515151
 2 2.212121212121212
 1 2.272727272727272
 3 2.333333333333334
 8 2.393939393939394
 1 2.454545454545455
 1 2.515151515151516
 0 2.575757575757576
 0 2.636363636363637
 0 2.696969696969697
 0 2.757575757575758
 0 2.818181818181818
 0 2.878787878787879
 0 2.939393939393939
 0 3


