# Created by Octave 3.8.2, Sat Jun 20 02:25:34 2020 CEST <damian@fptrucha.inv.usc.es>
# name: hd
# type: matrix
# rows: 100
# columns: 2
 0 -3
 0 -2.939393939393939
 0 -2.878787878787879
 0 -2.818181818181818
 0 -2.757575757575758
 0 -2.696969696969697
 0 -2.636363636363636
 2 -2.575757575757576
 1 -2.515151515151515
 5 -2.454545454545455
 0 -2.393939393939394
 0 -2.333333333333333
 0 -2.272727272727272
 0 -2.212121212121212
 0 -2.151515151515151
 1 -2.090909090909091
 3 -2.03030303030303
 28 -1.96969696969697
 22 -1.909090909090909
 1 -1.848484848484848
 1 -1.787878787878788
 0 -1.727272727272727
 2 -1.666666666666667
 127 -1.606060606060606
 31 -1.545454545454545
 95 -1.484848484848485
 24 -1.424242424242424
 100 -1.363636363636364
 22 -1.303030303030303
 15 -1.242424242424242
 656 -1.181818181818182
 12 -1.121212121212121
 638 -1.060606060606061
 9 -1
 519 -0.9393939393939394
 16 -0.8787878787878789
 512 -0.8181818181818183
 1087 -0.7575757575757573
 744 -0.6969696969696968
 1175 -0.6363636363636362
 749 -0.5757575757575757
 934 -0.5151515151515151
 659 -0.4545454545454546
 982 -0.393939393939394
 4663 -0.333333333333333
 625 -0.2727272727272725
 3146 -0.2121212121212119
 11 -0.1515151515151514
 2818 -0.09090909090909083
 10 -0.03030303030303028
 2683 0.03030303030303028
 15 0.09090909090909083
 2380 0.1515151515151514
 1790 0.2121212121212124
 2541 0.2727272727272729
 1684 0.3333333333333335
 627 0.393939393939394
 874 0.4545454545454546
 715 0.5151515151515151
 836 0.5757575757575757
 550 0.6363636363636367
 798 0.6969696969696972
 565 0.7575757575757578
 11 0.8181818181818183
 564 0.8787878787878789
 20 0.9393939393939394
 504 1
 10 1.060606060606061
 498 1.121212121212121
 3 1.181818181818182
 25 1.242424242424242
 84 1.303030303030303
 28 1.363636363636363
 77 1.424242424242425
 26 1.484848484848485
 84 1.545454545454546
 1 1.606060606060606
 0 1.666666666666667
 0 1.727272727272728
 28 1.787878787878788
 1 1.848484848484849
 22 1.909090909090909
 2 1.96969696969697
 0 2.03030303030303
 0 2.090909090909091
 0 2.151515151515151
 1 2.212121212121212
 1 2.272727272727272
 1 2.333333333333334
 0 2.393939393939394
 1 2.454545454545455
 0 2.515151515151516
 0 2.575757575757576
 0 2.636363636363637
 0 2.696969696969697
 0 2.757575757575758
 0 2.818181818181818
 0 2.878787878787879
 0 2.939393939393939
 0 3


