# Created by Octave 3.8.2, Sat Jun 20 15:19:40 2020 CEST <damian@fptrucha.inv.usc.es>
# name: hd
# type: matrix
# rows: 100
# columns: 2
 0 -3
 0 -2.939393939393939
 0 -2.878787878787879
 0 -2.818181818181818
 0 -2.757575757575758
 0 -2.696969696969697
 0 -2.636363636363636
 0 -2.575757575757576
 0 -2.515151515151515
 2 -2.454545454545455
 1 -2.393939393939394
 0 -2.333333333333333
 0 -2.272727272727272
 0 -2.212121212121212
 0 -2.151515151515151
 3 -2.090909090909091
 6 -2.03030303030303
 29 -1.96969696969697
 24 -1.909090909090909
 2 -1.848484848484848
 0 -1.787878787878788
 0 -1.727272727272727
 1 -1.666666666666667
 104 -1.606060606060606
 17 -1.545454545454545
 95 -1.484848484848485
 15 -1.424242424242424
 73 -1.363636363636364
 21 -1.303030303030303
 16 -1.242424242424242
 503 -1.181818181818182
 15 -1.121212121212121
 510 -1.060606060606061
 9 -1
 455 -0.9393939393939394
 13 -0.8787878787878789
 481 -0.8181818181818183
 1004 -0.7575757575757573
 661 -0.6969696969696968
 1039 -0.6363636363636362
 644 -0.5757575757575757
 901 -0.5151515151515151
 571 -0.4545454545454546
 809 -0.393939393939394
 4315 -0.333333333333333
 526 -0.2727272727272725
 2891 -0.2121212121212119
 8 -0.1515151515151514
 2733 -0.09090909090909083
 6 -0.03030303030303028
 2528 0.03030303030303028
 5 0.09090909090909083
 2248 0.1515151515151514
 1815 0.2121212121212124
 2252 0.2727272727272729
 1706 0.3333333333333335
 670 0.393939393939394
 950 0.4545454545454546
 684 0.5151515151515151
 834 0.5757575757575757
 612 0.6363636363636367
 851 0.6969696969696972
 601 0.7575757575757578
 10 0.8181818181818183
 605 0.8787878787878789
 14 0.9393939393939394
 559 1
 12 1.060606060606061
 569 1.121212121212121
 15 1.181818181818182
 29 1.242424242424242
 103 1.303030303030303
 34 1.363636363636363
 103 1.424242424242425
 23 1.484848484848485
 93 1.545454545454546
 1 1.606060606060606
 0 1.666666666666667
 1 1.727272727272728
 34 1.787878787878788
 1 1.848484848484849
 33 1.909090909090909
 1 1.96969696969697
 0 2.03030303030303
 0 2.090909090909091
 0 2.151515151515151
 1 2.212121212121212
 0 2.272727272727272
 1 2.333333333333334
 11 2.393939393939394
 0 2.454545454545455
 0 2.515151515151516
 0 2.575757575757576
 0 2.636363636363637
 0 2.696969696969697
 0 2.757575757575758
 0 2.818181818181818
 0 2.878787878787879
 0 2.939393939393939
 0 3


