# Created by Octave 3.8.2, Sat Jun 20 04:43:51 2020 CEST <damian@fptrucha.inv.usc.es>
# name: hd
# type: matrix
# rows: 100
# columns: 2
 0 -3
 0 -2.939393939393939
 0 -2.878787878787879
 0 -2.818181818181818
 0 -2.757575757575758
 0 -2.696969696969697
 0 -2.636363636363636
 2 -2.575757575757576
 0 -2.515151515151515
 3 -2.454545454545455
 0 -2.393939393939394
 0 -2.333333333333333
 2 -2.272727272727272
 0 -2.212121212121212
 0 -2.151515151515151
 1 -2.090909090909091
 4 -2.03030303030303
 25 -1.96969696969697
 35 -1.909090909090909
 0 -1.848484848484848
 0 -1.787878787878788
 0 -1.727272727272727
 0 -1.666666666666667
 103 -1.606060606060606
 16 -1.545454545454545
 101 -1.484848484848485
 28 -1.424242424242424
 93 -1.363636363636364
 16 -1.303030303030303
 9 -1.242424242424242
 619 -1.181818181818182
 16 -1.121212121212121
 563 -1.060606060606061
 11 -1
 528 -0.9393939393939394
 15 -0.8787878787878789
 497 -0.8181818181818183
 1144 -0.7575757575757573
 756 -0.6969696969696968
 1127 -0.6363636363636362
 691 -0.5757575757575757
 1041 -0.5151515151515151
 654 -0.4545454545454546
 968 -0.393939393939394
 4615 -0.333333333333333
 593 -0.2727272727272725
 3106 -0.2121212121212119
 5 -0.1515151515151514
 2916 -0.09090909090909083
 11 -0.03030303030303028
 2751 0.03030303030303028
 10 0.09090909090909083
 2447 0.1515151515151514
 1956 0.2121212121212124
 2541 0.2727272727272729
 1751 0.3333333333333335
 648 0.393939393939394
 972 0.4545454545454546
 739 0.5151515151515151
 885 0.5757575757575757
 609 0.6363636363636367
 827 0.6969696969696972
 626 0.7575757575757578
 13 0.8181818181818183
 567 0.8787878787878789
 21 0.9393939393939394
 505 1
 12 1.060606060606061
 511 1.121212121212121
 6 1.181818181818182
 33 1.242424242424242
 96 1.303030303030303
 34 1.363636363636363
 86 1.424242424242425
 29 1.484848484848485
 111 1.545454545454546
 1 1.606060606060606
 0 1.666666666666667
 1 1.727272727272728
 27 1.787878787878788
 4 1.848484848484849
 25 1.909090909090909
 2 1.96969696969697
 1 2.03030303030303
 0 2.090909090909091
 0 2.151515151515151
 0 2.212121212121212
 1 2.272727272727272
 0 2.333333333333334
 5 2.393939393939394
 1 2.454545454545455
 1 2.515151515151516
 0 2.575757575757576
 0 2.636363636363637
 0 2.696969696969697
 0 2.757575757575758
 0 2.818181818181818
 0 2.878787878787879
 0 2.939393939393939
 0 3


