# Created by Octave 3.8.2, Sat Jun 20 16:58:28 2020 CEST <damian@fptrucha.inv.usc.es>
# name: hd
# type: matrix
# rows: 100
# columns: 2
 0 -3
 0 -2.939393939393939
 0 -2.878787878787879
 0 -2.818181818181818
 0 -2.757575757575758
 0 -2.696969696969697
 0 -2.636363636363636
 2 -2.575757575757576
 0 -2.515151515151515
 2 -2.454545454545455
 0 -2.393939393939394
 0 -2.333333333333333
 1 -2.272727272727272
 0 -2.212121212121212
 0 -2.151515151515151
 2 -2.090909090909091
 2 -2.03030303030303
 30 -1.96969696969697
 24 -1.909090909090909
 2 -1.848484848484848
 1 -1.787878787878788
 0 -1.727272727272727
 1 -1.666666666666667
 88 -1.606060606060606
 24 -1.545454545454545
 85 -1.484848484848485
 21 -1.424242424242424
 92 -1.363636363636364
 23 -1.303030303030303
 15 -1.242424242424242
 568 -1.181818181818182
 14 -1.121212121212121
 501 -1.060606060606061
 18 -1
 455 -0.9393939393939394
 15 -0.8787878787878789
 474 -0.8181818181818183
 1040 -0.7575757575757573
 676 -0.6969696969696968
 1078 -0.6363636363636362
 668 -0.5757575757575757
 866 -0.5151515151515151
 551 -0.4545454545454546
 892 -0.393939393939394
 4408 -0.333333333333333
 549 -0.2727272727272725
 2922 -0.2121212121212119
 9 -0.1515151515151514
 2777 -0.09090909090909083
 5 -0.03030303030303028
 2502 0.03030303030303028
 12 0.09090909090909083
 2225 0.1515151515151514
 1722 0.2121212121212124
 2278 0.2727272727272729
 1650 0.3333333333333335
 638 0.393939393939394
 926 0.4545454545454546
 630 0.5151515151515151
 849 0.5757575757575757
 588 0.6363636363636367
 787 0.6969696969696972
 555 0.7575757575757578
 12 0.8181818181818183
 581 0.8787878787878789
 9 0.9393939393939394
 542 1
 11 1.060606060606061
 515 1.121212121212121
 6 1.181818181818182
 29 1.242424242424242
 89 1.303030303030303
 22 1.363636363636363
 101 1.424242424242425
 25 1.484848484848485
 86 1.545454545454546
 2 1.606060606060606
 0 1.666666666666667
 4 1.727272727272728
 37 1.787878787878788
 3 1.848484848484849
 25 1.909090909090909
 2 1.96969696969697
 3 2.03030303030303
 0 2.090909090909091
 0 2.151515151515151
 3 2.212121212121212
 1 2.272727272727272
 1 2.333333333333334
 5 2.393939393939394
 0 2.454545454545455
 1 2.515151515151516
 0 2.575757575757576
 0 2.636363636363637
 0 2.696969696969697
 0 2.757575757575758
 0 2.818181818181818
 0 2.878787878787879
 0 2.939393939393939
 0 3


