# Created by Octave 3.8.2, Sat Jun 20 05:21:14 2020 CEST <damian@fptrucha.inv.usc.es>
# name: hd
# type: matrix
# rows: 100
# columns: 2
 0 -3
 0 -2.939393939393939
 0 -2.878787878787879
 0 -2.818181818181818
 0 -2.757575757575758
 0 -2.696969696969697
 0 -2.636363636363636
 1 -2.575757575757576
 0 -2.515151515151515
 7 -2.454545454545455
 0 -2.393939393939394
 0 -2.333333333333333
 0 -2.272727272727272
 0 -2.212121212121212
 0 -2.151515151515151
 1 -2.090909090909091
 2 -2.03030303030303
 26 -1.96969696969697
 33 -1.909090909090909
 0 -1.848484848484848
 1 -1.787878787878788
 0 -1.727272727272727
 0 -1.666666666666667
 112 -1.606060606060606
 22 -1.545454545454545
 98 -1.484848484848485
 23 -1.424242424242424
 94 -1.363636363636364
 17 -1.303030303030303
 14 -1.242424242424242
 599 -1.181818181818182
 16 -1.121212121212121
 602 -1.060606060606061
 15 -1
 491 -0.9393939393939394
 20 -0.8787878787878789
 505 -0.8181818181818183
 1093 -0.7575757575757573
 686 -0.6969696969696968
 1171 -0.6363636363636362
 747 -0.5757575757575757
 1015 -0.5151515151515151
 669 -0.4545454545454546
 931 -0.393939393939394
 4756 -0.333333333333333
 589 -0.2727272727272725
 3098 -0.2121212121212119
 13 -0.1515151515151514
 2817 -0.09090909090909083
 12 -0.03030303030303028
 2742 0.03030303030303028
 15 0.09090909090909083
 2579 0.1515151515151514
 1915 0.2121212121212124
 2437 0.2727272727272729
 1691 0.3333333333333335
 630 0.393939393939394
 896 0.4545454545454546
 724 0.5151515151515151
 866 0.5757575757575757
 669 0.6363636363636367
 812 0.6969696969696972
 668 0.7575757575757578
 7 0.8181818181818183
 616 0.8787878787878789
 18 0.9393939393939394
 521 1
 10 1.060606060606061
 534 1.121212121212121
 13 1.181818181818182
 31 1.242424242424242
 103 1.303030303030303
 28 1.363636363636363
 105 1.424242424242425
 19 1.484848484848485
 106 1.545454545454546
 4 1.606060606060606
 0 1.666666666666667
 2 1.727272727272728
 29 1.787878787878788
 3 1.848484848484849
 31 1.909090909090909
 4 1.96969696969697
 2 2.03030303030303
 0 2.090909090909091
 0 2.151515151515151
 2 2.212121212121212
 0 2.272727272727272
 2 2.333333333333334
 6 2.393939393939394
 0 2.454545454545455
 2 2.515151515151516
 0 2.575757575757576
 0 2.636363636363637
 0 2.696969696969697
 0 2.757575757575758
 0 2.818181818181818
 0 2.878787878787879
 0 2.939393939393939
 0 3


