# Created by Octave 3.8.2, Sun Jun 21 07:51:34 2020 CEST <damian@fptrucha.inv.usc.es>
# name: hd
# type: matrix
# rows: 100
# columns: 2
 0 -3
 0 -2.939393939393939
 0 -2.878787878787879
 0 -2.818181818181818
 0 -2.757575757575758
 0 -2.696969696969697
 0 -2.636363636363636
 2 -2.575757575757576
 0 -2.515151515151515
 5 -2.454545454545455
 0 -2.393939393939394
 1 -2.333333333333333
 0 -2.272727272727272
 0 -2.212121212121212
 0 -2.151515151515151
 1 -2.090909090909091
 5 -2.03030303030303
 32 -1.96969696969697
 26 -1.909090909090909
 1 -1.848484848484848
 0 -1.787878787878788
 0 -1.727272727272727
 1 -1.666666666666667
 99 -1.606060606060606
 19 -1.545454545454545
 88 -1.484848484848485
 27 -1.424242424242424
 85 -1.363636363636364
 21 -1.303030303030303
 8 -1.242424242424242
 526 -1.181818181818182
 15 -1.121212121212121
 510 -1.060606060606061
 10 -1
 420 -0.9393939393939394
 16 -0.8787878787878789
 398 -0.8181818181818183
 931 -0.7575757575757573
 651 -0.6969696969696968
 1012 -0.6363636363636362
 627 -0.5757575757575757
 884 -0.5151515151515151
 561 -0.4545454545454546
 795 -0.393939393939394
 4158 -0.333333333333333
 540 -0.2727272727272725
 2869 -0.2121212121212119
 6 -0.1515151515151514
 2730 -0.09090909090909083
 9 -0.03030303030303028
 2512 0.03030303030303028
 7 0.09090909090909083
 2133 0.1515151515151514
 1742 0.2121212121212124
 2105 0.2727272727272729
 1653 0.3333333333333335
 633 0.393939393939394
 847 0.4545454545454546
 609 0.5151515151515151
 756 0.5757575757575757
 573 0.6363636363636367
 769 0.6969696969696972
 535 0.7575757575757578
 14 0.8181818181818183
 544 0.8787878787878789
 12 0.9393939393939394
 514 1
 4 1.060606060606061
 454 1.121212121212121
 8 1.181818181818182
 25 1.242424242424242
 117 1.303030303030303
 23 1.363636363636363
 92 1.424242424242425
 21 1.484848484848485
 95 1.545454545454546
 0 1.606060606060606
 0 1.666666666666667
 0 1.727272727272728
 31 1.787878787878788
 4 1.848484848484849
 21 1.909090909090909
 1 1.96969696969697
 2 2.03030303030303
 0 2.090909090909091
 0 2.151515151515151
 2 2.212121212121212
 0 2.272727272727272
 2 2.333333333333334
 2 2.393939393939394
 0 2.454545454545455
 0 2.515151515151516
 0 2.575757575757576
 0 2.636363636363637
 0 2.696969696969697
 0 2.757575757575758
 0 2.818181818181818
 0 2.878787878787879
 0 2.939393939393939
 0 3


