# Created by Octave 3.8.2, Mon Jun 22 23:35:15 2020 CEST <damian@fptrucha.inv.usc.es>
# name: hd
# type: matrix
# rows: 100
# columns: 2
 0 -3
 0 -2.939393939393939
 0 -2.878787878787879
 0 -2.818181818181818
 0 -2.757575757575758
 0 -2.696969696969697
 0 -2.636363636363636
 3 -2.575757575757576
 0 -2.515151515151515
 2 -2.454545454545455
 2 -2.393939393939394
 0 -2.333333333333333
 2 -2.272727272727272
 0 -2.212121212121212
 0 -2.151515151515151
 0 -2.090909090909091
 5 -2.03030303030303
 39 -1.96969696969697
 37 -1.909090909090909
 0 -1.848484848484848
 4 -1.787878787878788
 0 -1.727272727272727
 1 -1.666666666666667
 96 -1.606060606060606
 33 -1.545454545454545
 120 -1.484848484848485
 31 -1.424242424242424
 113 -1.363636363636364
 27 -1.303030303030303
 15 -1.242424242424242
 605 -1.181818181818182
 14 -1.121212121212121
 612 -1.060606060606061
 22 -1
 570 -0.9393939393939394
 20 -0.8787878787878789
 536 -0.8181818181818183
 982 -0.7575757575757573
 774 -0.6969696969696968
 1073 -0.6363636363636362
 678 -0.5757575757575757
 969 -0.5151515151515151
 665 -0.4545454545454546
 990 -0.393939393939394
 4518 -0.333333333333333
 659 -0.2727272727272725
 2741 -0.2121212121212119
 15 -0.1515151515151514
 2685 -0.09090909090909083
 14 -0.03030303030303028
 2637 0.03030303030303028
 14 0.09090909090909083
 2395 0.1515151515151514
 1641 0.2121212121212124
 2565 0.2727272727272729
 1648 0.3333333333333335
 689 0.393939393939394
 990 0.4545454545454546
 701 0.5151515151515151
 838 0.5757575757575757
 686 0.6363636363636367
 853 0.6969696969696972
 569 0.7575757575757578
 11 0.8181818181818183
 636 0.8787878787878789
 23 0.9393939393939394
 557 1
 16 1.060606060606061
 536 1.121212121212121
 7 1.181818181818182
 29 1.242424242424242
 100 1.303030303030303
 30 1.363636363636363
 91 1.424242424242425
 26 1.484848484848485
 109 1.545454545454546
 4 1.606060606060606
 0 1.666666666666667
 2 1.727272727272728
 30 1.787878787878788
 3 1.848484848484849
 29 1.909090909090909
 3 1.96969696969697
 0 2.03030303030303
 0 2.090909090909091
 0 2.151515151515151
 2 2.212121212121212
 0 2.272727272727272
 2 2.333333333333334
 11 2.393939393939394
 0 2.454545454545455
 0 2.515151515151516
 0 2.575757575757576
 0 2.636363636363637
 0 2.696969696969697
 0 2.757575757575758
 0 2.818181818181818
 0 2.878787878787879
 0 2.939393939393939
 0 3


