# Created by Octave 3.8.2, Sat Jun 20 22:44:55 2020 CEST <damian@fptrucha.inv.usc.es>
# name: hd
# type: matrix
# rows: 100
# columns: 2
 0 -3
 0 -2.939393939393939
 0 -2.878787878787879
 0 -2.818181818181818
 0 -2.757575757575758
 0 -2.696969696969697
 0 -2.636363636363636
 1 -2.575757575757576
 0 -2.515151515151515
 1 -2.454545454545455
 0 -2.393939393939394
 0 -2.333333333333333
 2 -2.272727272727272
 0 -2.212121212121212
 0 -2.151515151515151
 3 -2.090909090909091
 2 -2.03030303030303
 20 -1.96969696969697
 25 -1.909090909090909
 6 -1.848484848484848
 2 -1.787878787878788
 0 -1.727272727272727
 2 -1.666666666666667
 73 -1.606060606060606
 26 -1.545454545454545
 91 -1.484848484848485
 22 -1.424242424242424
 79 -1.363636363636364
 13 -1.303030303030303
 10 -1.242424242424242
 526 -1.181818181818182
 9 -1.121212121212121
 459 -1.060606060606061
 11 -1
 446 -0.9393939393939394
 13 -0.8787878787878789
 426 -0.8181818181818183
 933 -0.7575757575757573
 605 -0.6969696969696968
 1044 -0.6363636363636362
 597 -0.5757575757575757
 820 -0.5151515151515151
 585 -0.4545454545454546
 784 -0.393939393939394
 4099 -0.333333333333333
 534 -0.2727272727272725
 2890 -0.2121212121212119
 12 -0.1515151515151514
 2571 -0.09090909090909083
 5 -0.03030303030303028
 2528 0.03030303030303028
 12 0.09090909090909083
 2243 0.1515151515151514
 1773 0.2121212121212124
 2222 0.2727272727272729
 1682 0.3333333333333335
 651 0.393939393939394
 880 0.4545454545454546
 631 0.5151515151515151
 814 0.5757575757575757
 552 0.6363636363636367
 773 0.6969696969696972
 591 0.7575757575757578
 16 0.8181818181818183
 513 0.8787878787878789
 8 0.9393939393939394
 510 1
 7 1.060606060606061
 482 1.121212121212121
 9 1.181818181818182
 24 1.242424242424242
 98 1.303030303030303
 32 1.363636363636363
 115 1.424242424242425
 32 1.484848484848485
 88 1.545454545454546
 4 1.606060606060606
 0 1.666666666666667
 2 1.727272727272728
 28 1.787878787878788
 2 1.848484848484849
 25 1.909090909090909
 0 1.96969696969697
 0 2.03030303030303
 0 2.090909090909091
 0 2.151515151515151
 0 2.212121212121212
 1 2.272727272727272
 0 2.333333333333334
 7 2.393939393939394
 0 2.454545454545455
 1 2.515151515151516
 0 2.575757575757576
 0 2.636363636363637
 0 2.696969696969697
 0 2.757575757575758
 0 2.818181818181818
 0 2.878787878787879
 0 2.939393939393939
 0 3


