# Created by Octave 3.8.2, Mon Jun 22 13:30:05 2020 CEST <damian@fptrucha.inv.usc.es>
# name: hd
# type: matrix
# rows: 100
# columns: 2
 0 -3
 0 -2.939393939393939
 0 -2.878787878787879
 0 -2.818181818181818
 0 -2.757575757575758
 0 -2.696969696969697
 0 -2.636363636363636
 2 -2.575757575757576
 1 -2.515151515151515
 3 -2.454545454545455
 2 -2.393939393939394
 0 -2.333333333333333
 1 -2.272727272727272
 0 -2.212121212121212
 0 -2.151515151515151
 2 -2.090909090909091
 3 -2.03030303030303
 34 -1.96969696969697
 44 -1.909090909090909
 2 -1.848484848484848
 2 -1.787878787878788
 0 -1.727272727272727
 2 -1.666666666666667
 112 -1.606060606060606
 30 -1.545454545454545
 123 -1.484848484848485
 32 -1.424242424242424
 114 -1.363636363636364
 20 -1.303030303030303
 16 -1.242424242424242
 576 -1.181818181818182
 27 -1.121212121212121
 551 -1.060606060606061
 11 -1
 544 -0.9393939393939394
 19 -0.8787878787878789
 507 -0.8181818181818183
 967 -0.7575757575757573
 676 -0.6969696969696968
 960 -0.6363636363636362
 627 -0.5757575757575757
 918 -0.5151515151515151
 588 -0.4545454545454546
 920 -0.393939393939394
 4116 -0.333333333333333
 559 -0.2727272727272725
 2584 -0.2121212121212119
 9 -0.1515151515151514
 2646 -0.09090909090909083
 10 -0.03030303030303028
 2570 0.03030303030303028
 19 0.09090909090909083
 2320 0.1515151515151514
 1596 0.2121212121212124
 2324 0.2727272727272729
 1641 0.3333333333333335
 696 0.393939393939394
 908 0.4545454545454546
 653 0.5151515151515151
 816 0.5757575757575757
 630 0.6363636363636367
 888 0.6969696969696972
 543 0.7575757575757578
 18 0.8181818181818183
 576 0.8787878787878789
 17 0.9393939393939394
 567 1
 18 1.060606060606061
 500 1.121212121212121
 10 1.181818181818182
 33 1.242424242424242
 97 1.303030303030303
 32 1.363636363636363
 130 1.424242424242425
 43 1.484848484848485
 114 1.545454545454546
 3 1.606060606060606
 0 1.666666666666667
 4 1.727272727272728
 33 1.787878787878788
 11 1.848484848484849
 34 1.909090909090909
 3 1.96969696969697
 1 2.03030303030303
 0 2.090909090909091
 0 2.151515151515151
 1 2.212121212121212
 0 2.272727272727272
 2 2.333333333333334
 9 2.393939393939394
 2 2.454545454545455
 2 2.515151515151516
 0 2.575757575757576
 0 2.636363636363637
 0 2.696969696969697
 0 2.757575757575758
 0 2.818181818181818
 0 2.878787878787879
 0 2.939393939393939
 0 3


