# Created by Octave 3.8.2, Sun Jun 21 02:03:30 2020 CEST <damian@fptrucha.inv.usc.es>
# name: hd
# type: matrix
# rows: 100
# columns: 2
 0 -3
 0 -2.939393939393939
 0 -2.878787878787879
 0 -2.818181818181818
 0 -2.757575757575758
 0 -2.696969696969697
 0 -2.636363636363636
 0 -2.575757575757576
 3 -2.515151515151515
 10 -2.454545454545455
 0 -2.393939393939394
 2 -2.333333333333333
 1 -2.272727272727272
 0 -2.212121212121212
 0 -2.151515151515151
 0 -2.090909090909091
 2 -2.03030303030303
 28 -1.96969696969697
 16 -1.909090909090909
 1 -1.848484848484848
 3 -1.787878787878788
 0 -1.727272727272727
 0 -1.666666666666667
 109 -1.606060606060606
 23 -1.545454545454545
 93 -1.484848484848485
 23 -1.424242424242424
 81 -1.363636363636364
 24 -1.303030303030303
 10 -1.242424242424242
 563 -1.181818181818182
 17 -1.121212121212121
 512 -1.060606060606061
 10 -1
 432 -0.9393939393939394
 6 -0.8787878787878789
 465 -0.8181818181818183
 956 -0.7575757575757573
 658 -0.6969696969696968
 1007 -0.6363636363636362
 636 -0.5757575757575757
 818 -0.5151515151515151
 536 -0.4545454545454546
 828 -0.393939393939394
 4198 -0.333333333333333
 500 -0.2727272727272725
 2875 -0.2121212121212119
 7 -0.1515151515151514
 2654 -0.09090909090909083
 14 -0.03030303030303028
 2508 0.03030303030303028
 15 0.09090909090909083
 2088 0.1515151515151514
 1651 0.2121212121212124
 2165 0.2727272727272729
 1575 0.3333333333333335
 624 0.393939393939394
 836 0.4545454545454546
 629 0.5151515151515151
 714 0.5757575757575757
 563 0.6363636363636367
 790 0.6969696969696972
 539 0.7575757575757578
 13 0.8181818181818183
 541 0.8787878787878789
 8 0.9393939393939394
 510 1
 9 1.060606060606061
 457 1.121212121212121
 14 1.181818181818182
 25 1.242424242424242
 97 1.303030303030303
 22 1.363636363636363
 105 1.424242424242425
 23 1.484848484848485
 80 1.545454545454546
 2 1.606060606060606
 0 1.666666666666667
 3 1.727272727272728
 21 1.787878787878788
 1 1.848484848484849
 24 1.909090909090909
 5 1.96969696969697
 3 2.03030303030303
 0 2.090909090909091
 0 2.151515151515151
 0 2.212121212121212
 0 2.272727272727272
 0 2.333333333333334
 3 2.393939393939394
 0 2.454545454545455
 1 2.515151515151516
 0 2.575757575757576
 0 2.636363636363637
 0 2.696969696969697
 0 2.757575757575758
 0 2.818181818181818
 0 2.878787878787879
 0 2.939393939393939
 0 3


