# Created by Octave 3.8.2, Sat Jun 20 03:46:40 2020 CEST <damian@fptrucha.inv.usc.es>
# name: hd
# type: matrix
# rows: 100
# columns: 2
 0 -3
 0 -2.939393939393939
 0 -2.878787878787879
 0 -2.818181818181818
 0 -2.757575757575758
 0 -2.696969696969697
 0 -2.636363636363636
 1 -2.575757575757576
 1 -2.515151515151515
 8 -2.454545454545455
 0 -2.393939393939394
 0 -2.333333333333333
 1 -2.272727272727272
 0 -2.212121212121212
 0 -2.151515151515151
 0 -2.090909090909091
 5 -2.03030303030303
 31 -1.96969696969697
 36 -1.909090909090909
 4 -1.848484848484848
 4 -1.787878787878788
 0 -1.727272727272727
 1 -1.666666666666667
 134 -1.606060606060606
 21 -1.545454545454545
 112 -1.484848484848485
 25 -1.424242424242424
 103 -1.363636363636364
 15 -1.303030303030303
 20 -1.242424242424242
 684 -1.181818181818182
 16 -1.121212121212121
 660 -1.060606060606061
 17 -1
 535 -0.9393939393939394
 16 -0.8787878787878789
 518 -0.8181818181818183
 1133 -0.7575757575757573
 766 -0.6969696969696968
 1138 -0.6363636363636362
 753 -0.5757575757575757
 1039 -0.5151515151515151
 664 -0.4545454545454546
 992 -0.393939393939394
 4694 -0.333333333333333
 590 -0.2727272727272725
 3036 -0.2121212121212119
 11 -0.1515151515151514
 2857 -0.09090909090909083
 8 -0.03030303030303028
 2864 0.03030303030303028
 9 0.09090909090909083
 2559 0.1515151515151514
 1773 0.2121212121212124
 2455 0.2727272727272729
 1694 0.3333333333333335
 609 0.393939393939394
 901 0.4545454545454546
 664 0.5151515151515151
 854 0.5757575757575757
 562 0.6363636363636367
 796 0.6969696969696972
 541 0.7575757575757578
 12 0.8181818181818183
 494 0.8787878787878789
 12 0.9393939393939394
 488 1
 17 1.060606060606061
 430 1.121212121212121
 3 1.181818181818182
 14 1.242424242424242
 97 1.303030303030303
 27 1.363636363636363
 101 1.424242424242425
 19 1.484848484848485
 92 1.545454545454546
 1 1.606060606060606
 0 1.666666666666667
 1 1.727272727272728
 32 1.787878787878788
 3 1.848484848484849
 25 1.909090909090909
 1 1.96969696969697
 1 2.03030303030303
 0 2.090909090909091
 0 2.151515151515151
 0 2.212121212121212
 1 2.272727272727272
 0 2.333333333333334
 5 2.393939393939394
 0 2.454545454545455
 1 2.515151515151516
 0 2.575757575757576
 0 2.636363636363637
 0 2.696969696969697
 0 2.757575757575758
 0 2.818181818181818
 0 2.878787878787879
 0 2.939393939393939
 0 3


