# Created by Octave 3.8.2, Mon Jun 22 23:16:26 2020 CEST <damian@fptrucha.inv.usc.es>
# name: hd
# type: matrix
# rows: 100
# columns: 2
 0 -3
 0 -2.939393939393939
 0 -2.878787878787879
 0 -2.818181818181818
 0 -2.757575757575758
 0 -2.696969696969697
 0 -2.636363636363636
 1 -2.575757575757576
 0 -2.515151515151515
 6 -2.454545454545455
 0 -2.393939393939394
 1 -2.333333333333333
 0 -2.272727272727272
 0 -2.212121212121212
 0 -2.151515151515151
 4 -2.090909090909091
 3 -2.03030303030303
 40 -1.96969696969697
 38 -1.909090909090909
 4 -1.848484848484848
 2 -1.787878787878788
 0 -1.727272727272727
 5 -1.666666666666667
 108 -1.606060606060606
 36 -1.545454545454545
 117 -1.484848484848485
 29 -1.424242424242424
 112 -1.363636363636364
 20 -1.303030303030303
 15 -1.242424242424242
 601 -1.181818181818182
 23 -1.121212121212121
 645 -1.060606060606061
 14 -1
 550 -0.9393939393939394
 25 -0.8787878787878789
 533 -0.8181818181818183
 987 -0.7575757575757573
 725 -0.6969696969696968
 1056 -0.6363636363636362
 703 -0.5757575757575757
 985 -0.5151515151515151
 691 -0.4545454545454546
 988 -0.393939393939394
 4455 -0.333333333333333
 629 -0.2727272727272725
 2919 -0.2121212121212119
 7 -0.1515151515151514
 2918 -0.09090909090909083
 19 -0.03030303030303028
 2724 0.03030303030303028
 12 0.09090909090909083
 2448 0.1515151515151514
 1645 0.2121212121212124
 2469 0.2727272727272729
 1759 0.3333333333333335
 724 0.393939393939394
 948 0.4545454545454546
 733 0.5151515151515151
 839 0.5757575757575757
 697 0.6363636363636367
 854 0.6969696969696972
 637 0.7575757575757578
 9 0.8181818181818183
 684 0.8787878787878789
 15 0.9393939393939394
 639 1
 26 1.060606060606061
 539 1.121212121212121
 13 1.181818181818182
 36 1.242424242424242
 115 1.303030303030303
 40 1.363636363636363
 142 1.424242424242425
 35 1.484848484848485
 122 1.545454545454546
 2 1.606060606060606
 0 1.666666666666667
 4 1.727272727272728
 39 1.787878787878788
 1 1.848484848484849
 31 1.909090909090909
 4 1.96969696969697
 1 2.03030303030303
 0 2.090909090909091
 0 2.151515151515151
 0 2.212121212121212
 0 2.272727272727272
 0 2.333333333333334
 8 2.393939393939394
 0 2.454545454545455
 2 2.515151515151516
 0 2.575757575757576
 0 2.636363636363637
 0 2.696969696969697
 0 2.757575757575758
 0 2.818181818181818
 0 2.878787878787879
 0 2.939393939393939
 0 3


