# Created by Octave 3.8.2, Mon Jun 22 16:17:10 2020 CEST <damian@fptrucha.inv.usc.es>
# name: hd
# type: matrix
# rows: 100
# columns: 2
 0 -3
 0 -2.939393939393939
 0 -2.878787878787879
 0 -2.818181818181818
 0 -2.757575757575758
 0 -2.696969696969697
 0 -2.636363636363636
 2 -2.575757575757576
 3 -2.515151515151515
 11 -2.454545454545455
 1 -2.393939393939394
 0 -2.333333333333333
 1 -2.272727272727272
 0 -2.212121212121212
 0 -2.151515151515151
 2 -2.090909090909091
 1 -2.03030303030303
 24 -1.96969696969697
 54 -1.909090909090909
 1 -1.848484848484848
 0 -1.787878787878788
 0 -1.727272727272727
 2 -1.666666666666667
 112 -1.606060606060606
 34 -1.545454545454545
 98 -1.484848484848485
 25 -1.424242424242424
 109 -1.363636363636364
 27 -1.303030303030303
 17 -1.242424242424242
 554 -1.181818181818182
 20 -1.121212121212121
 559 -1.060606060606061
 26 -1
 528 -0.9393939393939394
 17 -0.8787878787878789
 566 -0.8181818181818183
 897 -0.7575757575757573
 709 -0.6969696969696968
 1039 -0.6363636363636362
 674 -0.5757575757575757
 927 -0.5151515151515151
 670 -0.4545454545454546
 944 -0.393939393939394
 4272 -0.333333333333333
 622 -0.2727272727272725
 2635 -0.2121212121212119
 14 -0.1515151515151514
 2685 -0.09090909090909083
 12 -0.03030303030303028
 2618 0.03030303030303028
 12 0.09090909090909083
 2306 0.1515151515151514
 1650 0.2121212121212124
 2346 0.2727272727272729
 1615 0.3333333333333335
 674 0.393939393939394
 909 0.4545454545454546
 657 0.5151515151515151
 849 0.5757575757575757
 630 0.6363636363636367
 921 0.6969696969696972
 610 0.7575757575757578
 16 0.8181818181818183
 582 0.8787878787878789
 18 0.9393939393939394
 582 1
 12 1.060606060606061
 502 1.121212121212121
 12 1.181818181818182
 30 1.242424242424242
 125 1.303030303030303
 38 1.363636363636363
 112 1.424242424242425
 26 1.484848484848485
 117 1.545454545454546
 3 1.606060606060606
 0 1.666666666666667
 1 1.727272727272728
 37 1.787878787878788
 7 1.848484848484849
 40 1.909090909090909
 3 1.96969696969697
 1 2.03030303030303
 0 2.090909090909091
 0 2.151515151515151
 2 2.212121212121212
 0 2.272727272727272
 0 2.333333333333334
 7 2.393939393939394
 0 2.454545454545455
 0 2.515151515151516
 0 2.575757575757576
 0 2.636363636363637
 0 2.696969696969697
 0 2.757575757575758
 0 2.818181818181818
 0 2.878787878787879
 0 2.939393939393939
 0 3


