# Created by Octave 3.8.2, Sun Jun 21 01:43:12 2020 CEST <damian@fptrucha.inv.usc.es>
# name: hd
# type: matrix
# rows: 100
# columns: 2
 0 -3
 0 -2.939393939393939
 0 -2.878787878787879
 0 -2.818181818181818
 0 -2.757575757575758
 0 -2.696969696969697
 0 -2.636363636363636
 2 -2.575757575757576
 2 -2.515151515151515
 5 -2.454545454545455
 0 -2.393939393939394
 0 -2.333333333333333
 0 -2.272727272727272
 0 -2.212121212121212
 0 -2.151515151515151
 0 -2.090909090909091
 3 -2.03030303030303
 13 -1.96969696969697
 20 -1.909090909090909
 0 -1.848484848484848
 1 -1.787878787878788
 0 -1.727272727272727
 3 -1.666666666666667
 108 -1.606060606060606
 18 -1.545454545454545
 107 -1.484848484848485
 17 -1.424242424242424
 78 -1.363636363636364
 23 -1.303030303030303
 7 -1.242424242424242
 544 -1.181818181818182
 16 -1.121212121212121
 488 -1.060606060606061
 14 -1
 431 -0.9393939393939394
 13 -0.8787878787878789
 452 -0.8181818181818183
 996 -0.7575757575757573
 639 -0.6969696969696968
 953 -0.6363636363636362
 622 -0.5757575757575757
 837 -0.5151515151515151
 530 -0.4545454545454546
 824 -0.393939393939394
 4121 -0.333333333333333
 508 -0.2727272727272725
 2852 -0.2121212121212119
 5 -0.1515151515151514
 2551 -0.09090909090909083
 10 -0.03030303030303028
 2330 0.03030303030303028
 12 0.09090909090909083
 2196 0.1515151515151514
 1615 0.2121212121212124
 2216 0.2727272727272729
 1567 0.3333333333333335
 645 0.393939393939394
 907 0.4545454545454546
 664 0.5151515151515151
 811 0.5757575757575757
 609 0.6363636363636367
 769 0.6969696969696972
 568 0.7575757575757578
 12 0.8181818181818183
 523 0.8787878787878789
 12 0.9393939393939394
 503 1
 13 1.060606060606061
 552 1.121212121212121
 5 1.181818181818182
 21 1.242424242424242
 85 1.303030303030303
 26 1.363636363636363
 86 1.424242424242425
 31 1.484848484848485
 75 1.545454545454546
 3 1.606060606060606
 0 1.666666666666667
 1 1.727272727272728
 32 1.787878787878788
 4 1.848484848484849
 30 1.909090909090909
 3 1.96969696969697
 0 2.03030303030303
 0 2.090909090909091
 0 2.151515151515151
 0 2.212121212121212
 2 2.272727272727272
 2 2.333333333333334
 8 2.393939393939394
 0 2.454545454545455
 2 2.515151515151516
 0 2.575757575757576
 0 2.636363636363637
 0 2.696969696969697
 0 2.757575757575758
 0 2.818181818181818
 0 2.878787878787879
 0 2.939393939393939
 0 3


