# Created by Octave 3.8.2, Mon Jun 22 03:35:53 2020 CEST <damian@fptrucha.inv.usc.es>
# name: hd
# type: matrix
# rows: 100
# columns: 2
 0 -3
 0 -2.939393939393939
 0 -2.878787878787879
 0 -2.818181818181818
 0 -2.757575757575758
 0 -2.696969696969697
 0 -2.636363636363636
 2 -2.575757575757576
 1 -2.515151515151515
 8 -2.454545454545455
 0 -2.393939393939394
 1 -2.333333333333333
 2 -2.272727272727272
 0 -2.212121212121212
 0 -2.151515151515151
 2 -2.090909090909091
 4 -2.03030303030303
 26 -1.96969696969697
 37 -1.909090909090909
 1 -1.848484848484848
 4 -1.787878787878788
 0 -1.727272727272727
 1 -1.666666666666667
 98 -1.606060606060606
 33 -1.545454545454545
 133 -1.484848484848485
 26 -1.424242424242424
 110 -1.363636363636364
 18 -1.303030303030303
 15 -1.242424242424242
 533 -1.181818181818182
 22 -1.121212121212121
 490 -1.060606060606061
 16 -1
 428 -0.9393939393939394
 26 -0.8787878787878789
 477 -0.8181818181818183
 823 -0.7575757575757573
 581 -0.6969696969696968
 896 -0.6363636363636362
 589 -0.5757575757575757
 850 -0.5151515151515151
 602 -0.4545454545454546
 877 -0.393939393939394
 3746 -0.333333333333333
 514 -0.2727272727272725
 2303 -0.2121212121212119
 12 -0.1515151515151514
 2476 -0.09090909090909083
 11 -0.03030303030303028
 2363 0.03030303030303028
 25 0.09090909090909083
 2121 0.1515151515151514
 1499 0.2121212121212124
 2238 0.2727272727272729
 1466 0.3333333333333335
 631 0.393939393939394
 855 0.4545454545454546
 607 0.5151515151515151
 784 0.5757575757575757
 613 0.6363636363636367
 794 0.6969696969696972
 495 0.7575757575757578
 16 0.8181818181818183
 545 0.8787878787878789
 29 0.9393939393939394
 516 1
 12 1.060606060606061
 450 1.121212121212121
 22 1.181818181818182
 32 1.242424242424242
 100 1.303030303030303
 28 1.363636363636363
 95 1.424242424242425
 36 1.484848484848485
 89 1.545454545454546
 5 1.606060606060606
 0 1.666666666666667
 2 1.727272727272728
 29 1.787878787878788
 3 1.848484848484849
 21 1.909090909090909
 4 1.96969696969697
 2 2.03030303030303
 0 2.090909090909091
 0 2.151515151515151
 2 2.212121212121212
 0 2.272727272727272
 1 2.333333333333334
 11 2.393939393939394
 2 2.454545454545455
 0 2.515151515151516
 0 2.575757575757576
 0 2.636363636363637
 0 2.696969696969697
 0 2.757575757575758
 0 2.818181818181818
 0 2.878787878787879
 0 2.939393939393939
 0 3


