# Created by Octave 3.8.2, Sat Jun 20 19:32:18 2020 CEST <damian@fptrucha.inv.usc.es>
# name: hd
# type: matrix
# rows: 100
# columns: 2
 0 -3
 0 -2.939393939393939
 0 -2.878787878787879
 0 -2.818181818181818
 0 -2.757575757575758
 0 -2.696969696969697
 0 -2.636363636363636
 1 -2.575757575757576
 0 -2.515151515151515
 3 -2.454545454545455
 0 -2.393939393939394
 0 -2.333333333333333
 1 -2.272727272727272
 0 -2.212121212121212
 0 -2.151515151515151
 0 -2.090909090909091
 5 -2.03030303030303
 17 -1.96969696969697
 29 -1.909090909090909
 1 -1.848484848484848
 3 -1.787878787878788
 0 -1.727272727272727
 2 -1.666666666666667
 81 -1.606060606060606
 14 -1.545454545454545
 97 -1.484848484848485
 22 -1.424242424242424
 76 -1.363636363636364
 7 -1.303030303030303
 11 -1.242424242424242
 521 -1.181818181818182
 22 -1.121212121212121
 502 -1.060606060606061
 10 -1
 473 -0.9393939393939394
 20 -0.8787878787878789
 454 -0.8181818181818183
 970 -0.7575757575757573
 675 -0.6969696969696968
 995 -0.6363636363636362
 624 -0.5757575757575757
 846 -0.5151515151515151
 562 -0.4545454545454546
 785 -0.393939393939394
 4145 -0.333333333333333
 534 -0.2727272727272725
 2912 -0.2121212121212119
 6 -0.1515151515151514
 2513 -0.09090909090909083
 9 -0.03030303030303028
 2450 0.03030303030303028
 8 0.09090909090909083
 2132 0.1515151515151514
 1742 0.2121212121212124
 2174 0.2727272727272729
 1628 0.3333333333333335
 636 0.393939393939394
 898 0.4545454545454546
 634 0.5151515151515151
 819 0.5757575757575757
 556 0.6363636363636367
 810 0.6969696969696972
 557 0.7575757575757578
 14 0.8181818181818183
 518 0.8787878787878789
 5 0.9393939393939394
 530 1
 8 1.060606060606061
 489 1.121212121212121
 12 1.181818181818182
 34 1.242424242424242
 93 1.303030303030303
 20 1.363636363636363
 92 1.424242424242425
 36 1.484848484848485
 66 1.545454545454546
 0 1.606060606060606
 0 1.666666666666667
 1 1.727272727272728
 36 1.787878787878788
 5 1.848484848484849
 21 1.909090909090909
 2 1.96969696969697
 0 2.03030303030303
 0 2.090909090909091
 0 2.151515151515151
 0 2.212121212121212
 0 2.272727272727272
 0 2.333333333333334
 7 2.393939393939394
 0 2.454545454545455
 1 2.515151515151516
 0 2.575757575757576
 0 2.636363636363637
 0 2.696969696969697
 0 2.757575757575758
 0 2.818181818181818
 0 2.878787878787879
 0 2.939393939393939
 0 3


