# Created by Octave 3.8.2, Mon Jun 22 00:43:03 2020 CEST <damian@fptrucha.inv.usc.es>
# name: hd
# type: matrix
# rows: 100
# columns: 2
 0 -3
 0 -2.939393939393939
 0 -2.878787878787879
 0 -2.818181818181818
 0 -2.757575757575758
 0 -2.696969696969697
 0 -2.636363636363636
 2 -2.575757575757576
 0 -2.515151515151515
 7 -2.454545454545455
 0 -2.393939393939394
 1 -2.333333333333333
 2 -2.272727272727272
 0 -2.212121212121212
 0 -2.151515151515151
 0 -2.090909090909091
 2 -2.03030303030303
 22 -1.96969696969697
 25 -1.909090909090909
 0 -1.848484848484848
 3 -1.787878787878788
 0 -1.727272727272727
 1 -1.666666666666667
 97 -1.606060606060606
 11 -1.545454545454545
 89 -1.484848484848485
 21 -1.424242424242424
 78 -1.363636363636364
 18 -1.303030303030303
 11 -1.242424242424242
 558 -1.181818181818182
 17 -1.121212121212121
 499 -1.060606060606061
 15 -1
 454 -0.9393939393939394
 12 -0.8787878787878789
 472 -0.8181818181818183
 950 -0.7575757575757573
 678 -0.6969696969696968
 990 -0.6363636363636362
 660 -0.5757575757575757
 884 -0.5151515151515151
 579 -0.4545454545454546
 855 -0.393939393939394
 4193 -0.333333333333333
 506 -0.2727272727272725
 2935 -0.2121212121212119
 7 -0.1515151515151514
 2658 -0.09090909090909083
 7 -0.03030303030303028
 2452 0.03030303030303028
 14 0.09090909090909083
 2218 0.1515151515151514
 1846 0.2121212121212124
 2210 0.2727272727272729
 1619 0.3333333333333335
 610 0.393939393939394
 911 0.4545454545454546
 640 0.5151515151515151
 738 0.5757575757575757
 569 0.6363636363636367
 815 0.6969696969696972
 576 0.7575757575757578
 12 0.8181818181818183
 494 0.8787878787878789
 12 0.9393939393939394
 496 1
 10 1.060606060606061
 486 1.121212121212121
 16 1.181818181818182
 23 1.242424242424242
 96 1.303030303030303
 22 1.363636363636363
 91 1.424242424242425
 25 1.484848484848485
 76 1.545454545454546
 1 1.606060606060606
 0 1.666666666666667
 1 1.727272727272728
 27 1.787878787878788
 3 1.848484848484849
 17 1.909090909090909
 4 1.96969696969697
 0 2.03030303030303
 0 2.090909090909091
 0 2.151515151515151
 1 2.212121212121212
 0 2.272727272727272
 1 2.333333333333334
 3 2.393939393939394
 0 2.454545454545455
 2 2.515151515151516
 0 2.575757575757576
 0 2.636363636363637
 0 2.696969696969697
 0 2.757575757575758
 0 2.818181818181818
 0 2.878787878787879
 0 2.939393939393939
 0 3


