# Created by Octave 3.8.2, Sat Jun 20 05:15:31 2020 CEST <damian@fptrucha.inv.usc.es>
# name: hd
# type: matrix
# rows: 100
# columns: 2
 0 -3
 0 -2.939393939393939
 0 -2.878787878787879
 0 -2.818181818181818
 0 -2.757575757575758
 0 -2.696969696969697
 0 -2.636363636363636
 0 -2.575757575757576
 1 -2.515151515151515
 5 -2.454545454545455
 0 -2.393939393939394
 0 -2.333333333333333
 1 -2.272727272727272
 0 -2.212121212121212
 0 -2.151515151515151
 0 -2.090909090909091
 5 -2.03030303030303
 13 -1.96969696969697
 15 -1.909090909090909
 0 -1.848484848484848
 1 -1.787878787878788
 0 -1.727272727272727
 3 -1.666666666666667
 84 -1.606060606060606
 24 -1.545454545454545
 55 -1.484848484848485
 15 -1.424242424242424
 57 -1.363636363636364
 9 -1.303030303030303
 17 -1.242424242424242
 403 -1.181818181818182
 5 -1.121212121212121
 405 -1.060606060606061
 13 -1
 323 -0.9393939393939394
 17 -0.8787878787878789
 332 -0.8181818181818183
 743 -0.7575757575757573
 497 -0.6969696969696968
 807 -0.6363636363636362
 474 -0.5757575757575757
 624 -0.5151515151515151
 434 -0.4545454545454546
 598 -0.393939393939394
 3112 -0.333333333333333
 400 -0.2727272727272725
 2072 -0.2121212121212119
 4 -0.1515151515151514
 1897 -0.09090909090909083
 9 -0.03030303030303028
 1921 0.03030303030303028
 5 0.09090909090909083
 1633 0.1515151515151514
 1191 0.2121212121212124
 1568 0.2727272727272729
 1157 0.3333333333333335
 458 0.393939393939394
 623 0.4545454545454546
 478 0.5151515151515151
 603 0.5757575757575757
 421 0.6363636363636367
 554 0.6969696969696972
 425 0.7575757575757578
 7 0.8181818181818183
 379 0.8787878787878789
 12 0.9393939393939394
 340 1
 9 1.060606060606061
 354 1.121212121212121
 7 1.181818181818182
 8 1.242424242424242
 67 1.303030303030303
 16 1.363636363636363
 74 1.424242424242425
 18 1.484848484848485
 57 1.545454545454546
 0 1.606060606060606
 0 1.666666666666667
 1 1.727272727272728
 25 1.787878787878788
 2 1.848484848484849
 24 1.909090909090909
 6 1.96969696969697
 2 2.03030303030303
 0 2.090909090909091
 0 2.151515151515151
 0 2.212121212121212
 0 2.272727272727272
 1 2.333333333333334
 5 2.393939393939394
 0 2.454545454545455
 0 2.515151515151516
 0 2.575757575757576
 0 2.636363636363637
 0 2.696969696969697
 0 2.757575757575758
 0 2.818181818181818
 0 2.878787878787879
 0 2.939393939393939
 0 3


