# Created by Octave 3.8.2, Sun Jun 21 03:57:15 2020 CEST <damian@fptrucha.inv.usc.es>
# name: hd
# type: matrix
# rows: 100
# columns: 2
 0 -3
 0 -2.939393939393939
 0 -2.878787878787879
 0 -2.818181818181818
 0 -2.757575757575758
 0 -2.696969696969697
 0 -2.636363636363636
 0 -2.575757575757576
 1 -2.515151515151515
 2 -2.454545454545455
 0 -2.393939393939394
 0 -2.333333333333333
 0 -2.272727272727272
 0 -2.212121212121212
 0 -2.151515151515151
 1 -2.090909090909091
 5 -2.03030303030303
 31 -1.96969696969697
 26 -1.909090909090909
 0 -1.848484848484848
 0 -1.787878787878788
 0 -1.727272727272727
 2 -1.666666666666667
 96 -1.606060606060606
 26 -1.545454545454545
 113 -1.484848484848485
 22 -1.424242424242424
 79 -1.363636363636364
 18 -1.303030303030303
 8 -1.242424242424242
 532 -1.181818181818182
 17 -1.121212121212121
 514 -1.060606060606061
 5 -1
 448 -0.9393939393939394
 13 -0.8787878787878789
 441 -0.8181818181818183
 961 -0.7575757575757573
 649 -0.6969696969696968
 978 -0.6363636363636362
 666 -0.5757575757575757
 878 -0.5151515151515151
 501 -0.4545454545454546
 844 -0.393939393939394
 4152 -0.333333333333333
 525 -0.2727272727272725
 2871 -0.2121212121212119
 9 -0.1515151515151514
 2514 -0.09090909090909083
 10 -0.03030303030303028
 2350 0.03030303030303028
 2 0.09090909090909083
 2192 0.1515151515151514
 1723 0.2121212121212124
 2154 0.2727272727272729
 1636 0.3333333333333335
 640 0.393939393939394
 927 0.4545454545454546
 614 0.5151515151515151
 788 0.5757575757575757
 551 0.6363636363636367
 764 0.6969696969696972
 522 0.7575757575757578
 7 0.8181818181818183
 517 0.8787878787878789
 12 0.9393939393939394
 515 1
 14 1.060606060606061
 475 1.121212121212121
 11 1.181818181818182
 22 1.242424242424242
 104 1.303030303030303
 15 1.363636363636363
 117 1.424242424242425
 25 1.484848484848485
 81 1.545454545454546
 3 1.606060606060606
 0 1.666666666666667
 0 1.727272727272728
 20 1.787878787878788
 4 1.848484848484849
 21 1.909090909090909
 0 1.96969696969697
 2 2.03030303030303
 0 2.090909090909091
 0 2.151515151515151
 0 2.212121212121212
 2 2.272727272727272
 0 2.333333333333334
 5 2.393939393939394
 1 2.454545454545455
 0 2.515151515151516
 0 2.575757575757576
 0 2.636363636363637
 0 2.696969696969697
 0 2.757575757575758
 0 2.818181818181818
 0 2.878787878787879
 0 2.939393939393939
 0 3


