# Created by Octave 3.8.2, Sun Jun 21 05:23:48 2020 CEST <damian@fptrucha.inv.usc.es>
# name: hd
# type: matrix
# rows: 100
# columns: 2
 0 -3
 0 -2.939393939393939
 0 -2.878787878787879
 0 -2.818181818181818
 0 -2.757575757575758
 0 -2.696969696969697
 0 -2.636363636363636
 0 -2.575757575757576
 0 -2.515151515151515
 7 -2.454545454545455
 1 -2.393939393939394
 0 -2.333333333333333
 1 -2.272727272727272
 0 -2.212121212121212
 0 -2.151515151515151
 1 -2.090909090909091
 1 -2.03030303030303
 25 -1.96969696969697
 27 -1.909090909090909
 1 -1.848484848484848
 3 -1.787878787878788
 0 -1.727272727272727
 4 -1.666666666666667
 111 -1.606060606060606
 23 -1.545454545454545
 109 -1.484848484848485
 27 -1.424242424242424
 97 -1.363636363636364
 15 -1.303030303030303
 8 -1.242424242424242
 553 -1.181818181818182
 18 -1.121212121212121
 539 -1.060606060606061
 8 -1
 444 -0.9393939393939394
 13 -0.8787878787878789
 416 -0.8181818181818183
 960 -0.7575757575757573
 660 -0.6969696969696968
 938 -0.6363636363636362
 604 -0.5757575757575757
 873 -0.5151515151515151
 543 -0.4545454545454546
 815 -0.393939393939394
 4219 -0.333333333333333
 535 -0.2727272727272725
 2845 -0.2121212121212119
 11 -0.1515151515151514
 2623 -0.09090909090909083
 9 -0.03030303030303028
 2416 0.03030303030303028
 12 0.09090909090909083
 2052 0.1515151515151514
 1737 0.2121212121212124
 2154 0.2727272727272729
 1621 0.3333333333333335
 677 0.393939393939394
 836 0.4545454545454546
 626 0.5151515151515151
 780 0.5757575757575757
 582 0.6363636363636367
 786 0.6969696969696972
 557 0.7575757575757578
 8 0.8181818181818183
 573 0.8787878787878789
 13 0.9393939393939394
 490 1
 12 1.060606060606061
 457 1.121212121212121
 12 1.181818181818182
 25 1.242424242424242
 96 1.303030303030303
 21 1.363636363636363
 83 1.424242424242425
 25 1.484848484848485
 77 1.545454545454546
 1 1.606060606060606
 0 1.666666666666667
 1 1.727272727272728
 25 1.787878787878788
 4 1.848484848484849
 20 1.909090909090909
 2 1.96969696969697
 0 2.03030303030303
 0 2.090909090909091
 0 2.151515151515151
 3 2.212121212121212
 1 2.272727272727272
 1 2.333333333333334
 6 2.393939393939394
 0 2.454545454545455
 0 2.515151515151516
 0 2.575757575757576
 0 2.636363636363637
 0 2.696969696969697
 0 2.757575757575758
 0 2.818181818181818
 0 2.878787878787879
 0 2.939393939393939
 0 3


