# Created by Octave 3.8.2, Mon Jun 22 18:37:18 2020 CEST <damian@fptrucha.inv.usc.es>
# name: hd
# type: matrix
# rows: 100
# columns: 2
 0 -3
 0 -2.939393939393939
 0 -2.878787878787879
 0 -2.818181818181818
 0 -2.757575757575758
 0 -2.696969696969697
 0 -2.636363636363636
 1 -2.575757575757576
 0 -2.515151515151515
 5 -2.454545454545455
 0 -2.393939393939394
 0 -2.333333333333333
 0 -2.272727272727272
 0 -2.212121212121212
 0 -2.151515151515151
 2 -2.090909090909091
 3 -2.03030303030303
 32 -1.96969696969697
 38 -1.909090909090909
 0 -1.848484848484848
 3 -1.787878787878788
 0 -1.727272727272727
 2 -1.666666666666667
 98 -1.606060606060606
 28 -1.545454545454545
 143 -1.484848484848485
 37 -1.424242424242424
 103 -1.363636363636364
 25 -1.303030303030303
 16 -1.242424242424242
 641 -1.181818181818182
 18 -1.121212121212121
 529 -1.060606060606061
 14 -1
 604 -0.9393939393939394
 23 -0.8787878787878789
 521 -0.8181818181818183
 1019 -0.7575757575757573
 669 -0.6969696969696968
 1084 -0.6363636363636362
 693 -0.5757575757575757
 944 -0.5151515151515151
 678 -0.4545454545454546
 990 -0.393939393939394
 4393 -0.333333333333333
 557 -0.2727272727272725
 2767 -0.2121212121212119
 14 -0.1515151515151514
 2802 -0.09090909090909083
 13 -0.03030303030303028
 2628 0.03030303030303028
 16 0.09090909090909083
 2413 0.1515151515151514
 1534 0.2121212121212124
 2422 0.2727272727272729
 1542 0.3333333333333335
 687 0.393939393939394
 960 0.4545454545454546
 641 0.5151515151515151
 765 0.5757575757575757
 626 0.6363636363636367
 875 0.6969696969696972
 564 0.7575757575757578
 16 0.8181818181818183
 576 0.8787878787878789
 20 0.9393939393939394
 516 1
 16 1.060606060606061
 473 1.121212121212121
 15 1.181818181818182
 37 1.242424242424242
 98 1.303030303030303
 23 1.363636363636363
 107 1.424242424242425
 30 1.484848484848485
 92 1.545454545454546
 0 1.606060606060606
 0 1.666666666666667
 4 1.727272727272728
 40 1.787878787878788
 9 1.848484848484849
 29 1.909090909090909
 12 1.96969696969697
 3 2.03030303030303
 0 2.090909090909091
 0 2.151515151515151
 1 2.212121212121212
 0 2.272727272727272
 0 2.333333333333334
 9 2.393939393939394
 0 2.454545454545455
 1 2.515151515151516
 0 2.575757575757576
 0 2.636363636363637
 0 2.696969696969697
 0 2.757575757575758
 0 2.818181818181818
 0 2.878787878787879
 0 2.939393939393939
 0 3


