# Created by Octave 3.8.2, Mon Jun 22 23:26:47 2020 CEST <damian@fptrucha.inv.usc.es>
# name: hd
# type: matrix
# rows: 100
# columns: 2
 0 -3
 0 -2.939393939393939
 0 -2.878787878787879
 0 -2.818181818181818
 0 -2.757575757575758
 0 -2.696969696969697
 0 -2.636363636363636
 0 -2.575757575757576
 0 -2.515151515151515
 11 -2.454545454545455
 0 -2.393939393939394
 1 -2.333333333333333
 1 -2.272727272727272
 0 -2.212121212121212
 0 -2.151515151515151
 3 -2.090909090909091
 4 -2.03030303030303
 25 -1.96969696969697
 38 -1.909090909090909
 5 -1.848484848484848
 3 -1.787878787878788
 0 -1.727272727272727
 1 -1.666666666666667
 101 -1.606060606060606
 27 -1.545454545454545
 116 -1.484848484848485
 34 -1.424242424242424
 115 -1.363636363636364
 26 -1.303030303030303
 29 -1.242424242424242
 615 -1.181818181818182
 15 -1.121212121212121
 564 -1.060606060606061
 16 -1
 506 -0.9393939393939394
 15 -0.8787878787878789
 508 -0.8181818181818183
 956 -0.7575757575757573
 707 -0.6969696969696968
 1062 -0.6363636363636362
 652 -0.5757575757575757
 934 -0.5151515151515151
 610 -0.4545454545454546
 1001 -0.393939393939394
 4631 -0.333333333333333
 619 -0.2727272727272725
 2860 -0.2121212121212119
 15 -0.1515151515151514
 2690 -0.09090909090909083
 14 -0.03030303030303028
 2657 0.03030303030303028
 17 0.09090909090909083
 2482 0.1515151515151514
 1717 0.2121212121212124
 2491 0.2727272727272729
 1710 0.3333333333333335
 734 0.393939393939394
 968 0.4545454545454546
 668 0.5151515151515151
 876 0.5757575757575757
 694 0.6363636363636367
 871 0.6969696969696972
 613 0.7575757575757578
 18 0.8181818181818183
 625 0.8787878787878789
 22 0.9393939393939394
 572 1
 22 1.060606060606061
 578 1.121212121212121
 11 1.181818181818182
 40 1.242424242424242
 132 1.303030303030303
 35 1.363636363636363
 110 1.424242424242425
 42 1.484848484848485
 131 1.545454545454546
 1 1.606060606060606
 0 1.666666666666667
 0 1.727272727272728
 46 1.787878787878788
 5 1.848484848484849
 47 1.909090909090909
 8 1.96969696969697
 3 2.03030303030303
 0 2.090909090909091
 0 2.151515151515151
 2 2.212121212121212
 0 2.272727272727272
 2 2.333333333333334
 10 2.393939393939394
 0 2.454545454545455
 2 2.515151515151516
 0 2.575757575757576
 0 2.636363636363637
 0 2.696969696969697
 0 2.757575757575758
 0 2.818181818181818
 0 2.878787878787879
 0 2.939393939393939
 0 3


