# Created by Octave 3.8.2, Mon Jun 22 13:45:44 2020 CEST <damian@fptrucha.inv.usc.es>
# name: hd
# type: matrix
# rows: 100
# columns: 2
 0 -3
 0 -2.939393939393939
 0 -2.878787878787879
 0 -2.818181818181818
 0 -2.757575757575758
 0 -2.696969696969697
 0 -2.636363636363636
 2 -2.575757575757576
 2 -2.515151515151515
 12 -2.454545454545455
 1 -2.393939393939394
 0 -2.333333333333333
 4 -2.272727272727272
 0 -2.212121212121212
 0 -2.151515151515151
 0 -2.090909090909091
 5 -2.03030303030303
 29 -1.96969696969697
 40 -1.909090909090909
 1 -1.848484848484848
 0 -1.787878787878788
 0 -1.727272727272727
 2 -1.666666666666667
 115 -1.606060606060606
 29 -1.545454545454545
 114 -1.484848484848485
 30 -1.424242424242424
 123 -1.363636363636364
 21 -1.303030303030303
 16 -1.242424242424242
 551 -1.181818181818182
 15 -1.121212121212121
 500 -1.060606060606061
 18 -1
 539 -0.9393939393939394
 30 -0.8787878787878789
 518 -0.8181818181818183
 924 -0.7575757575757573
 628 -0.6969696969696968
 989 -0.6363636363636362
 630 -0.5757575757575757
 876 -0.5151515151515151
 636 -0.4545454545454546
 918 -0.393939393939394
 4041 -0.333333333333333
 549 -0.2727272727272725
 2611 -0.2121212121212119
 24 -0.1515151515151514
 2726 -0.09090909090909083
 24 -0.03030303030303028
 2499 0.03030303030303028
 17 0.09090909090909083
 2315 0.1515151515151514
 1630 0.2121212121212124
 2239 0.2727272727272729
 1647 0.3333333333333335
 683 0.393939393939394
 964 0.4545454545454546
 667 0.5151515151515151
 836 0.5757575757575757
 604 0.6363636363636367
 826 0.6969696969696972
 535 0.7575757575757578
 14 0.8181818181818183
 598 0.8787878787878789
 20 0.9393939393939394
 556 1
 18 1.060606060606061
 572 1.121212121212121
 19 1.181818181818182
 26 1.242424242424242
 102 1.303030303030303
 37 1.363636363636363
 119 1.424242424242425
 29 1.484848484848485
 109 1.545454545454546
 4 1.606060606060606
 0 1.666666666666667
 5 1.727272727272728
 36 1.787878787878788
 3 1.848484848484849
 42 1.909090909090909
 3 1.96969696969697
 1 2.03030303030303
 0 2.090909090909091
 0 2.151515151515151
 1 2.212121212121212
 0 2.272727272727272
 3 2.333333333333334
 12 2.393939393939394
 0 2.454545454545455
 1 2.515151515151516
 0 2.575757575757576
 0 2.636363636363637
 0 2.696969696969697
 0 2.757575757575758
 0 2.818181818181818
 0 2.878787878787879
 0 2.939393939393939
 0 3


