# Created by Octave 3.8.2, Mon Jun 22 07:09:40 2020 CEST <damian@fptrucha.inv.usc.es>
# name: hd
# type: matrix
# rows: 100
# columns: 2
 0 -3
 0 -2.939393939393939
 0 -2.878787878787879
 0 -2.818181818181818
 0 -2.757575757575758
 0 -2.696969696969697
 0 -2.636363636363636
 0 -2.575757575757576
 1 -2.515151515151515
 4 -2.454545454545455
 1 -2.393939393939394
 0 -2.333333333333333
 1 -2.272727272727272
 0 -2.212121212121212
 0 -2.151515151515151
 2 -2.090909090909091
 1 -2.03030303030303
 30 -1.96969696969697
 32 -1.909090909090909
 2 -1.848484848484848
 3 -1.787878787878788
 0 -1.727272727272727
 5 -1.666666666666667
 83 -1.606060606060606
 21 -1.545454545454545
 113 -1.484848484848485
 24 -1.424242424242424
 114 -1.363636363636364
 25 -1.303030303030303
 20 -1.242424242424242
 495 -1.181818181818182
 19 -1.121212121212121
 507 -1.060606060606061
 18 -1
 494 -0.9393939393939394
 22 -0.8787878787878789
 487 -0.8181818181818183
 819 -0.7575757575757573
 570 -0.6969696969696968
 868 -0.6363636363636362
 588 -0.5757575757575757
 808 -0.5151515151515151
 609 -0.4545454545454546
 888 -0.393939393939394
 3818 -0.333333333333333
 530 -0.2727272727272725
 2389 -0.2121212121212119
 13 -0.1515151515151514
 2454 -0.09090909090909083
 21 -0.03030303030303028
 2372 0.03030303030303028
 22 0.09090909090909083
 2219 0.1515151515151514
 1478 0.2121212121212124
 2223 0.2727272727272729
 1498 0.3333333333333335
 638 0.393939393939394
 879 0.4545454545454546
 685 0.5151515151515151
 757 0.5757575757575757
 571 0.6363636363636367
 754 0.6969696969696972
 494 0.7575757575757578
 17 0.8181818181818183
 539 0.8787878787878789
 16 0.9393939393939394
 477 1
 13 1.060606060606061
 476 1.121212121212121
 8 1.181818181818182
 27 1.242424242424242
 94 1.303030303030303
 25 1.363636363636363
 87 1.424242424242425
 30 1.484848484848485
 106 1.545454545454546
 1 1.606060606060606
 0 1.666666666666667
 2 1.727272727272728
 38 1.787878787878788
 0 1.848484848484849
 44 1.909090909090909
 6 1.96969696969697
 0 2.03030303030303
 0 2.090909090909091
 0 2.151515151515151
 4 2.212121212121212
 0 2.272727272727272
 1 2.333333333333334
 3 2.393939393939394
 0 2.454545454545455
 2 2.515151515151516
 0 2.575757575757576
 0 2.636363636363637
 0 2.696969696969697
 0 2.757575757575758
 0 2.818181818181818
 0 2.878787878787879
 0 2.939393939393939
 0 3


