# Created by Octave 3.8.2, Sat Jun 20 07:59:10 2020 CEST <damian@fptrucha.inv.usc.es>
# name: hd
# type: matrix
# rows: 100
# columns: 2
 0 -3
 0 -2.939393939393939
 0 -2.878787878787879
 0 -2.818181818181818
 0 -2.757575757575758
 0 -2.696969696969697
 0 -2.636363636363636
 1 -2.575757575757576
 0 -2.515151515151515
 7 -2.454545454545455
 0 -2.393939393939394
 0 -2.333333333333333
 2 -2.272727272727272
 0 -2.212121212121212
 0 -2.151515151515151
 2 -2.090909090909091
 3 -2.03030303030303
 33 -1.96969696969697
 50 -1.909090909090909
 1 -1.848484848484848
 3 -1.787878787878788
 0 -1.727272727272727
 3 -1.666666666666667
 128 -1.606060606060606
 25 -1.545454545454545
 117 -1.484848484848485
 29 -1.424242424242424
 110 -1.363636363636364
 26 -1.303030303030303
 18 -1.242424242424242
 662 -1.181818181818182
 20 -1.121212121212121
 624 -1.060606060606061
 20 -1
 573 -0.9393939393939394
 10 -0.8787878787878789
 523 -0.8181818181818183
 1195 -0.7575757575757573
 814 -0.6969696969696968
 1256 -0.6363636363636362
 758 -0.5757575757575757
 1045 -0.5151515151515151
 653 -0.4545454545454546
 986 -0.393939393939394
 4854 -0.333333333333333
 674 -0.2727272727272725
 3115 -0.2121212121212119
 12 -0.1515151515151514
 2957 -0.09090909090909083
 12 -0.03030303030303028
 2927 0.03030303030303028
 11 0.09090909090909083
 2431 0.1515151515151514
 1944 0.2121212121212124
 2500 0.2727272727272729
 1731 0.3333333333333335
 701 0.393939393939394
 1018 0.4545454545454546
 696 0.5151515151515151
 891 0.5757575757575757
 664 0.6363636363636367
 918 0.6969696969696972
 675 0.7575757575757578
 13 0.8181818181818183
 567 0.8787878787878789
 10 0.9393939393939394
 527 1
 8 1.060606060606061
 567 1.121212121212121
 12 1.181818181818182
 31 1.242424242424242
 108 1.303030303030303
 26 1.363636363636363
 99 1.424242424242425
 32 1.484848484848485
 101 1.545454545454546
 2 1.606060606060606
 0 1.666666666666667
 5 1.727272727272728
 29 1.787878787878788
 3 1.848484848484849
 34 1.909090909090909
 3 1.96969696969697
 0 2.03030303030303
 0 2.090909090909091
 0 2.151515151515151
 0 2.212121212121212
 1 2.272727272727272
 1 2.333333333333334
 5 2.393939393939394
 0 2.454545454545455
 0 2.515151515151516
 0 2.575757575757576
 0 2.636363636363637
 0 2.696969696969697
 0 2.757575757575758
 0 2.818181818181818
 0 2.878787878787879
 0 2.939393939393939
 0 3


