# Created by Octave 3.8.2, Mon Jun 22 05:40:03 2020 CEST <damian@fptrucha.inv.usc.es>
# name: hd
# type: matrix
# rows: 100
# columns: 2
 0 -3
 0 -2.939393939393939
 0 -2.878787878787879
 0 -2.818181818181818
 0 -2.757575757575758
 0 -2.696969696969697
 0 -2.636363636363636
 3 -2.575757575757576
 0 -2.515151515151515
 8 -2.454545454545455
 0 -2.393939393939394
 0 -2.333333333333333
 1 -2.272727272727272
 0 -2.212121212121212
 0 -2.151515151515151
 2 -2.090909090909091
 6 -2.03030303030303
 26 -1.96969696969697
 46 -1.909090909090909
 3 -1.848484848484848
 2 -1.787878787878788
 0 -1.727272727272727
 3 -1.666666666666667
 102 -1.606060606060606
 30 -1.545454545454545
 130 -1.484848484848485
 28 -1.424242424242424
 113 -1.363636363636364
 20 -1.303030303030303
 16 -1.242424242424242
 504 -1.181818181818182
 14 -1.121212121212121
 512 -1.060606060606061
 24 -1
 515 -0.9393939393939394
 27 -0.8787878787878789
 487 -0.8181818181818183
 825 -0.7575757575757573
 559 -0.6969696969696968
 908 -0.6363636363636362
 559 -0.5757575757575757
 860 -0.5151515151515151
 592 -0.4545454545454546
 895 -0.393939393939394
 3700 -0.333333333333333
 573 -0.2727272727272725
 2355 -0.2121212121212119
 13 -0.1515151515151514
 2508 -0.09090909090909083
 16 -0.03030303030303028
 2346 0.03030303030303028
 22 0.09090909090909083
 2211 0.1515151515151514
 1387 0.2121212121212124
 2155 0.2727272727272729
 1464 0.3333333333333335
 659 0.393939393939394
 825 0.4545454545454546
 600 0.5151515151515151
 735 0.5757575757575757
 585 0.6363636363636367
 846 0.6969696969696972
 488 0.7575757575757578
 7 0.8181818181818183
 547 0.8787878787878789
 20 0.9393939393939394
 524 1
 14 1.060606060606061
 444 1.121212121212121
 21 1.181818181818182
 23 1.242424242424242
 99 1.303030303030303
 28 1.363636363636363
 101 1.424242424242425
 38 1.484848484848485
 105 1.545454545454546
 5 1.606060606060606
 0 1.666666666666667
 2 1.727272727272728
 30 1.787878787878788
 7 1.848484848484849
 27 1.909090909090909
 2 1.96969696969697
 3 2.03030303030303
 0 2.090909090909091
 0 2.151515151515151
 2 2.212121212121212
 1 2.272727272727272
 1 2.333333333333334
 11 2.393939393939394
 0 2.454545454545455
 1 2.515151515151516
 0 2.575757575757576
 0 2.636363636363637
 0 2.696969696969697
 0 2.757575757575758
 0 2.818181818181818
 0 2.878787878787879
 0 2.939393939393939
 0 3


