# Created by Octave 3.8.2, Sat Jun 20 21:49:00 2020 CEST <damian@fptrucha.inv.usc.es>
# name: hd
# type: matrix
# rows: 100
# columns: 2
 0 -3
 0 -2.939393939393939
 0 -2.878787878787879
 0 -2.818181818181818
 0 -2.757575757575758
 0 -2.696969696969697
 0 -2.636363636363636
 1 -2.575757575757576
 0 -2.515151515151515
 6 -2.454545454545455
 0 -2.393939393939394
 0 -2.333333333333333
 0 -2.272727272727272
 0 -2.212121212121212
 0 -2.151515151515151
 2 -2.090909090909091
 0 -2.03030303030303
 27 -1.96969696969697
 11 -1.909090909090909
 0 -1.848484848484848
 2 -1.787878787878788
 0 -1.727272727272727
 2 -1.666666666666667
 81 -1.606060606060606
 20 -1.545454545454545
 84 -1.484848484848485
 16 -1.424242424242424
 85 -1.363636363636364
 12 -1.303030303030303
 12 -1.242424242424242
 514 -1.181818181818182
 15 -1.121212121212121
 493 -1.060606060606061
 13 -1
 406 -0.9393939393939394
 17 -0.8787878787878789
 462 -0.8181818181818183
 871 -0.7575757575757573
 660 -0.6969696969696968
 965 -0.6363636363636362
 556 -0.5757575757575757
 878 -0.5151515151515151
 551 -0.4545454545454546
 810 -0.393939393939394
 4169 -0.333333333333333
 545 -0.2727272727272725
 2947 -0.2121212121212119
 2 -0.1515151515151514
 2569 -0.09090909090909083
 8 -0.03030303030303028
 2481 0.03030303030303028
 9 0.09090909090909083
 2141 0.1515151515151514
 1746 0.2121212121212124
 2188 0.2727272727272729
 1661 0.3333333333333335
 629 0.393939393939394
 905 0.4545454545454546
 642 0.5151515151515151
 823 0.5757575757575757
 576 0.6363636363636367
 814 0.6969696969696972
 554 0.7575757575757578
 17 0.8181818181818183
 562 0.8787878787878789
 9 0.9393939393939394
 520 1
 15 1.060606060606061
 501 1.121212121212121
 6 1.181818181818182
 24 1.242424242424242
 107 1.303030303030303
 22 1.363636363636363
 111 1.424242424242425
 22 1.484848484848485
 81 1.545454545454546
 1 1.606060606060606
 0 1.666666666666667
 1 1.727272727272728
 37 1.787878787878788
 2 1.848484848484849
 26 1.909090909090909
 1 1.96969696969697
 2 2.03030303030303
 0 2.090909090909091
 0 2.151515151515151
 1 2.212121212121212
 1 2.272727272727272
 0 2.333333333333334
 6 2.393939393939394
 0 2.454545454545455
 1 2.515151515151516
 0 2.575757575757576
 0 2.636363636363637
 0 2.696969696969697
 0 2.757575757575758
 0 2.818181818181818
 0 2.878787878787879
 0 2.939393939393939
 0 3


