# Created by Octave 3.8.2, Sun Jun 21 00:31:43 2020 CEST <damian@fptrucha.inv.usc.es>
# name: hd
# type: matrix
# rows: 100
# columns: 2
 0 -3
 0 -2.939393939393939
 0 -2.878787878787879
 0 -2.818181818181818
 0 -2.757575757575758
 0 -2.696969696969697
 0 -2.636363636363636
 0 -2.575757575757576
 0 -2.515151515151515
 2 -2.454545454545455
 0 -2.393939393939394
 0 -2.333333333333333
 1 -2.272727272727272
 0 -2.212121212121212
 0 -2.151515151515151
 1 -2.090909090909091
 4 -2.03030303030303
 18 -1.96969696969697
 28 -1.909090909090909
 2 -1.848484848484848
 1 -1.787878787878788
 0 -1.727272727272727
 2 -1.666666666666667
 82 -1.606060606060606
 21 -1.545454545454545
 73 -1.484848484848485
 21 -1.424242424242424
 68 -1.363636363636364
 12 -1.303030303030303
 16 -1.242424242424242
 500 -1.181818181818182
 24 -1.121212121212121
 465 -1.060606060606061
 10 -1
 443 -0.9393939393939394
 9 -0.8787878787878789
 473 -0.8181818181818183
 959 -0.7575757575757573
 621 -0.6969696969696968
 997 -0.6363636363636362
 565 -0.5757575757575757
 871 -0.5151515151515151
 565 -0.4545454545454546
 758 -0.393939393939394
 4087 -0.333333333333333
 487 -0.2727272727272725
 2735 -0.2121212121212119
 10 -0.1515151515151514
 2560 -0.09090909090909083
 12 -0.03030303030303028
 2370 0.03030303030303028
 10 0.09090909090909083
 2106 0.1515151515151514
 1633 0.2121212121212124
 2168 0.2727272727272729
 1647 0.3333333333333335
 625 0.393939393939394
 928 0.4545454545454546
 629 0.5151515151515151
 755 0.5757575757575757
 592 0.6363636363636367
 792 0.6969696969696972
 560 0.7575757575757578
 17 0.8181818181818183
 554 0.8787878787878789
 13 0.9393939393939394
 533 1
 17 1.060606060606061
 476 1.121212121212121
 9 1.181818181818182
 27 1.242424242424242
 104 1.303030303030303
 23 1.363636363636363
 98 1.424242424242425
 24 1.484848484848485
 105 1.545454545454546
 2 1.606060606060606
 0 1.666666666666667
 1 1.727272727272728
 24 1.787878787878788
 3 1.848484848484849
 27 1.909090909090909
 3 1.96969696969697
 0 2.03030303030303
 0 2.090909090909091
 0 2.151515151515151
 0 2.212121212121212
 1 2.272727272727272
 1 2.333333333333334
 7 2.393939393939394
 0 2.454545454545455
 0 2.515151515151516
 0 2.575757575757576
 0 2.636363636363637
 0 2.696969696969697
 0 2.757575757575758
 0 2.818181818181818
 0 2.878787878787879
 0 2.939393939393939
 0 3


