# Created by Octave 3.8.2, Mon Jun 22 20:14:42 2020 CEST <damian@fptrucha.inv.usc.es>
# name: hd
# type: matrix
# rows: 100
# columns: 2
 0 -3
 0 -2.939393939393939
 0 -2.878787878787879
 0 -2.818181818181818
 0 -2.757575757575758
 0 -2.696969696969697
 0 -2.636363636363636
 0 -2.575757575757576
 2 -2.515151515151515
 13 -2.454545454545455
 1 -2.393939393939394
 2 -2.333333333333333
 1 -2.272727272727272
 0 -2.212121212121212
 0 -2.151515151515151
 2 -2.090909090909091
 3 -2.03030303030303
 46 -1.96969696969697
 34 -1.909090909090909
 3 -1.848484848484848
 2 -1.787878787878788
 0 -1.727272727272727
 2 -1.666666666666667
 139 -1.606060606060606
 25 -1.545454545454545
 135 -1.484848484848485
 25 -1.424242424242424
 113 -1.363636363636364
 21 -1.303030303030303
 11 -1.242424242424242
 648 -1.181818181818182
 18 -1.121212121212121
 593 -1.060606060606061
 19 -1
 550 -0.9393939393939394
 20 -0.8787878787878789
 530 -0.8181818181818183
 966 -0.7575757575757573
 674 -0.6969696969696968
 1014 -0.6363636363636362
 701 -0.5757575757575757
 988 -0.5151515151515151
 611 -0.4545454545454546
 1027 -0.393939393939394
 4366 -0.333333333333333
 599 -0.2727272727272725
 2808 -0.2121212121212119
 17 -0.1515151515151514
 2868 -0.09090909090909083
 8 -0.03030303030303028
 2545 0.03030303030303028
 17 0.09090909090909083
 2503 0.1515151515151514
 1592 0.2121212121212124
 2433 0.2727272727272729
 1677 0.3333333333333335
 629 0.393939393939394
 888 0.4545454545454546
 690 0.5151515151515151
 818 0.5757575757575757
 622 0.6363636363636367
 836 0.6969696969696972
 548 0.7575757575757578
 13 0.8181818181818183
 582 0.8787878787878789
 20 0.9393939393939394
 511 1
 15 1.060606060606061
 538 1.121212121212121
 14 1.181818181818182
 22 1.242424242424242
 98 1.303030303030303
 23 1.363636363636363
 112 1.424242424242425
 25 1.484848484848485
 113 1.545454545454546
 5 1.606060606060606
 0 1.666666666666667
 2 1.727272727272728
 45 1.787878787878788
 2 1.848484848484849
 35 1.909090909090909
 6 1.96969696969697
 1 2.03030303030303
 0 2.090909090909091
 0 2.151515151515151
 1 2.212121212121212
 0 2.272727272727272
 0 2.333333333333334
 11 2.393939393939394
 0 2.454545454545455
 2 2.515151515151516
 0 2.575757575757576
 0 2.636363636363637
 0 2.696969696969697
 0 2.757575757575758
 0 2.818181818181818
 0 2.878787878787879
 0 2.939393939393939
 0 3


