# Created by Octave 3.8.2, Sat Jun 20 16:01:56 2020 CEST <damian@fptrucha.inv.usc.es>
# name: hd
# type: matrix
# rows: 100
# columns: 2
 0 -3
 0 -2.939393939393939
 0 -2.878787878787879
 0 -2.818181818181818
 0 -2.757575757575758
 0 -2.696969696969697
 0 -2.636363636363636
 0 -2.575757575757576
 0 -2.515151515151515
 3 -2.454545454545455
 1 -2.393939393939394
 0 -2.333333333333333
 1 -2.272727272727272
 0 -2.212121212121212
 0 -2.151515151515151
 1 -2.090909090909091
 0 -2.03030303030303
 14 -1.96969696969697
 27 -1.909090909090909
 1 -1.848484848484848
 1 -1.787878787878788
 0 -1.727272727272727
 2 -1.666666666666667
 87 -1.606060606060606
 14 -1.545454545454545
 92 -1.484848484848485
 21 -1.424242424242424
 76 -1.363636363636364
 21 -1.303030303030303
 7 -1.242424242424242
 514 -1.181818181818182
 18 -1.121212121212121
 550 -1.060606060606061
 21 -1
 421 -0.9393939393939394
 16 -0.8787878787878789
 408 -0.8181818181818183
 986 -0.7575757575757573
 681 -0.6969696969696968
 979 -0.6363636363636362
 636 -0.5757575757575757
 897 -0.5151515151515151
 596 -0.4545454545454546
 832 -0.393939393939394
 4265 -0.333333333333333
 540 -0.2727272727272725
 2950 -0.2121212121212119
 18 -0.1515151515151514
 2719 -0.09090909090909083
 9 -0.03030303030303028
 2584 0.03030303030303028
 11 0.09090909090909083
 2335 0.1515151515151514
 1875 0.2121212121212124
 2324 0.2727272727272729
 1649 0.3333333333333335
 641 0.393939393939394
 890 0.4545454545454546
 624 0.5151515151515151
 825 0.5757575757575757
 615 0.6363636363636367
 805 0.6969696969696972
 641 0.7575757575757578
 17 0.8181818181818183
 525 0.8787878787878789
 6 0.9393939393939394
 560 1
 9 1.060606060606061
 525 1.121212121212121
 8 1.181818181818182
 26 1.242424242424242
 100 1.303030303030303
 30 1.363636363636363
 108 1.424242424242425
 17 1.484848484848485
 105 1.545454545454546
 2 1.606060606060606
 0 1.666666666666667
 0 1.727272727272728
 28 1.787878787878788
 3 1.848484848484849
 25 1.909090909090909
 3 1.96969696969697
 1 2.03030303030303
 0 2.090909090909091
 0 2.151515151515151
 2 2.212121212121212
 0 2.272727272727272
 0 2.333333333333334
 6 2.393939393939394
 0 2.454545454545455
 0 2.515151515151516
 0 2.575757575757576
 0 2.636363636363637
 0 2.696969696969697
 0 2.757575757575758
 0 2.818181818181818
 0 2.878787878787879
 0 2.939393939393939
 0 3


