# Created by Octave 3.8.2, Sat Jun 20 06:25:14 2020 CEST <damian@fptrucha.inv.usc.es>
# name: hd
# type: matrix
# rows: 100
# columns: 2
 0 -3
 0 -2.939393939393939
 0 -2.878787878787879
 0 -2.818181818181818
 0 -2.757575757575758
 0 -2.696969696969697
 0 -2.636363636363636
 2 -2.575757575757576
 1 -2.515151515151515
 6 -2.454545454545455
 0 -2.393939393939394
 0 -2.333333333333333
 1 -2.272727272727272
 0 -2.212121212121212
 0 -2.151515151515151
 3 -2.090909090909091
 4 -2.03030303030303
 30 -1.96969696969697
 32 -1.909090909090909
 2 -1.848484848484848
 1 -1.787878787878788
 0 -1.727272727272727
 1 -1.666666666666667
 134 -1.606060606060606
 29 -1.545454545454545
 135 -1.484848484848485
 33 -1.424242424242424
 111 -1.363636363636364
 17 -1.303030303030303
 18 -1.242424242424242
 651 -1.181818181818182
 20 -1.121212121212121
 605 -1.060606060606061
 19 -1
 604 -0.9393939393939394
 10 -0.8787878787878789
 556 -0.8181818181818183
 1210 -0.7575757575757573
 763 -0.6969696969696968
 1114 -0.6363636363636362
 762 -0.5757575757575757
 1054 -0.5151515151515151
 690 -0.4545454545454546
 1010 -0.393939393939394
 4787 -0.333333333333333
 617 -0.2727272727272725
 3145 -0.2121212121212119
 5 -0.1515151515151514
 2959 -0.09090909090909083
 10 -0.03030303030303028
 2859 0.03030303030303028
 11 0.09090909090909083
 2471 0.1515151515151514
 1860 0.2121212121212124
 2445 0.2727272727272729
 1784 0.3333333333333335
 698 0.393939393939394
 944 0.4545454545454546
 687 0.5151515151515151
 899 0.5757575757575757
 637 0.6363636363636367
 784 0.6969696969696972
 609 0.7575757575757578
 19 0.8181818181818183
 514 0.8787878787878789
 14 0.9393939393939394
 548 1
 12 1.060606060606061
 535 1.121212121212121
 6 1.181818181818182
 27 1.242424242424242
 107 1.303030303030303
 25 1.363636363636363
 94 1.424242424242425
 28 1.484848484848485
 98 1.545454545454546
 2 1.606060606060606
 0 1.666666666666667
 2 1.727272727272728
 30 1.787878787878788
 6 1.848484848484849
 34 1.909090909090909
 9 1.96969696969697
 0 2.03030303030303
 0 2.090909090909091
 0 2.151515151515151
 0 2.212121212121212
 2 2.272727272727272
 1 2.333333333333334
 5 2.393939393939394
 1 2.454545454545455
 0 2.515151515151516
 0 2.575757575757576
 0 2.636363636363637
 0 2.696969696969697
 0 2.757575757575758
 0 2.818181818181818
 0 2.878787878787879
 0 2.939393939393939
 0 3


