# Created by Octave 3.8.2, Sun Jun 21 07:01:38 2020 CEST <damian@fptrucha.inv.usc.es>
# name: hd
# type: matrix
# rows: 100
# columns: 2
 0 -3
 0 -2.939393939393939
 0 -2.878787878787879
 0 -2.818181818181818
 0 -2.757575757575758
 0 -2.696969696969697
 0 -2.636363636363636
 1 -2.575757575757576
 0 -2.515151515151515
 5 -2.454545454545455
 0 -2.393939393939394
 0 -2.333333333333333
 1 -2.272727272727272
 0 -2.212121212121212
 0 -2.151515151515151
 0 -2.090909090909091
 2 -2.03030303030303
 31 -1.96969696969697
 22 -1.909090909090909
 0 -1.848484848484848
 0 -1.787878787878788
 0 -1.727272727272727
 1 -1.666666666666667
 94 -1.606060606060606
 27 -1.545454545454545
 80 -1.484848484848485
 25 -1.424242424242424
 91 -1.363636363636364
 22 -1.303030303030303
 7 -1.242424242424242
 555 -1.181818181818182
 6 -1.121212121212121
 486 -1.060606060606061
 17 -1
 458 -0.9393939393939394
 15 -0.8787878787878789
 462 -0.8181818181818183
 995 -0.7575757575757573
 696 -0.6969696969696968
 1065 -0.6363636363636362
 692 -0.5757575757575757
 869 -0.5151515151515151
 571 -0.4545454545454546
 818 -0.393939393939394
 4250 -0.333333333333333
 528 -0.2727272727272725
 2844 -0.2121212121212119
 5 -0.1515151515151514
 2686 -0.09090909090909083
 12 -0.03030303030303028
 2477 0.03030303030303028
 11 0.09090909090909083
 2142 0.1515151515151514
 1675 0.2121212121212124
 2165 0.2727272727272729
 1627 0.3333333333333335
 636 0.393939393939394
 834 0.4545454545454546
 635 0.5151515151515151
 754 0.5757575757575757
 593 0.6363636363636367
 798 0.6969696969696972
 592 0.7575757575757578
 16 0.8181818181818183
 539 0.8787878787878789
 14 0.9393939393939394
 517 1
 7 1.060606060606061
 468 1.121212121212121
 15 1.181818181818182
 35 1.242424242424242
 82 1.303030303030303
 21 1.363636363636363
 95 1.424242424242425
 23 1.484848484848485
 85 1.545454545454546
 1 1.606060606060606
 0 1.666666666666667
 0 1.727272727272728
 23 1.787878787878788
 1 1.848484848484849
 17 1.909090909090909
 3 1.96969696969697
 2 2.03030303030303
 0 2.090909090909091
 0 2.151515151515151
 0 2.212121212121212
 2 2.272727272727272
 0 2.333333333333334
 4 2.393939393939394
 0 2.454545454545455
 0 2.515151515151516
 0 2.575757575757576
 0 2.636363636363637
 0 2.696969696969697
 0 2.757575757575758
 0 2.818181818181818
 0 2.878787878787879
 0 2.939393939393939
 0 3


