# Created by Octave 3.8.2, Sat Jun 20 17:20:19 2020 CEST <damian@fptrucha.inv.usc.es>
# name: hd
# type: matrix
# rows: 100
# columns: 2
 0 -3
 0 -2.939393939393939
 0 -2.878787878787879
 0 -2.818181818181818
 0 -2.757575757575758
 0 -2.696969696969697
 0 -2.636363636363636
 1 -2.575757575757576
 0 -2.515151515151515
 4 -2.454545454545455
 0 -2.393939393939394
 1 -2.333333333333333
 2 -2.272727272727272
 0 -2.212121212121212
 0 -2.151515151515151
 1 -2.090909090909091
 3 -2.03030303030303
 15 -1.96969696969697
 30 -1.909090909090909
 0 -1.848484848484848
 0 -1.787878787878788
 0 -1.727272727272727
 1 -1.666666666666667
 84 -1.606060606060606
 29 -1.545454545454545
 87 -1.484848484848485
 15 -1.424242424242424
 77 -1.363636363636364
 17 -1.303030303030303
 11 -1.242424242424242
 541 -1.181818181818182
 12 -1.121212121212121
 481 -1.060606060606061
 10 -1
 454 -0.9393939393939394
 14 -0.8787878787878789
 400 -0.8181818181818183
 1019 -0.7575757575757573
 663 -0.6969696969696968
 1096 -0.6363636363636362
 663 -0.5757575757575757
 855 -0.5151515151515151
 557 -0.4545454545454546
 855 -0.393939393939394
 4136 -0.333333333333333
 539 -0.2727272727272725
 3005 -0.2121212121212119
 5 -0.1515151515151514
 2587 -0.09090909090909083
 8 -0.03030303030303028
 2536 0.03030303030303028
 7 0.09090909090909083
 2258 0.1515151515151514
 1814 0.2121212121212124
 2278 0.2727272727272729
 1682 0.3333333333333335
 664 0.393939393939394
 919 0.4545454545454546
 658 0.5151515151515151
 817 0.5757575757575757
 621 0.6363636363636367
 829 0.6969696969696972
 614 0.7575757575757578
 9 0.8181818181818183
 562 0.8787878787878789
 12 0.9393939393939394
 559 1
 11 1.060606060606061
 450 1.121212121212121
 6 1.181818181818182
 29 1.242424242424242
 100 1.303030303030303
 27 1.363636363636363
 113 1.424242424242425
 26 1.484848484848485
 75 1.545454545454546
 0 1.606060606060606
 0 1.666666666666667
 1 1.727272727272728
 31 1.787878787878788
 1 1.848484848484849
 18 1.909090909090909
 2 1.96969696969697
 0 2.03030303030303
 0 2.090909090909091
 0 2.151515151515151
 0 2.212121212121212
 0 2.272727272727272
 0 2.333333333333334
 9 2.393939393939394
 0 2.454545454545455
 1 2.515151515151516
 0 2.575757575757576
 0 2.636363636363637
 0 2.696969696969697
 0 2.757575757575758
 0 2.818181818181818
 0 2.878787878787879
 0 2.939393939393939
 0 3


