# Created by Octave 3.8.2, Mon Jun 22 03:11:39 2020 CEST <damian@fptrucha.inv.usc.es>
# name: hd
# type: matrix
# rows: 100
# columns: 2
 0 -3
 0 -2.939393939393939
 0 -2.878787878787879
 0 -2.818181818181818
 0 -2.757575757575758
 0 -2.696969696969697
 0 -2.636363636363636
 0 -2.575757575757576
 3 -2.515151515151515
 12 -2.454545454545455
 1 -2.393939393939394
 1 -2.333333333333333
 1 -2.272727272727272
 0 -2.212121212121212
 0 -2.151515151515151
 1 -2.090909090909091
 5 -2.03030303030303
 30 -1.96969696969697
 43 -1.909090909090909
 4 -1.848484848484848
 1 -1.787878787878788
 0 -1.727272727272727
 0 -1.666666666666667
 93 -1.606060606060606
 28 -1.545454545454545
 104 -1.484848484848485
 41 -1.424242424242424
 105 -1.363636363636364
 21 -1.303030303030303
 18 -1.242424242424242
 537 -1.181818181818182
 12 -1.121212121212121
 479 -1.060606060606061
 18 -1
 509 -0.9393939393939394
 19 -0.8787878787878789
 448 -0.8181818181818183
 868 -0.7575757575757573
 571 -0.6969696969696968
 885 -0.6363636363636362
 571 -0.5757575757575757
 834 -0.5151515151515151
 594 -0.4545454545454546
 878 -0.393939393939394
 3689 -0.333333333333333
 611 -0.2727272727272725
 2381 -0.2121212121212119
 8 -0.1515151515151514
 2505 -0.09090909090909083
 20 -0.03030303030303028
 2250 0.03030303030303028
 25 0.09090909090909083
 2159 0.1515151515151514
 1546 0.2121212121212124
 2143 0.2727272727272729
 1427 0.3333333333333335
 618 0.393939393939394
 833 0.4545454545454546
 631 0.5151515151515151
 767 0.5757575757575757
 610 0.6363636363636367
 838 0.6969696969696972
 472 0.7575757575757578
 13 0.8181818181818183
 531 0.8787878787878789
 24 0.9393939393939394
 498 1
 11 1.060606060606061
 452 1.121212121212121
 16 1.181818181818182
 32 1.242424242424242
 110 1.303030303030303
 38 1.363636363636363
 97 1.424242424242425
 33 1.484848484848485
 84 1.545454545454546
 2 1.606060606060606
 0 1.666666666666667
 0 1.727272727272728
 42 1.787878787878788
 7 1.848484848484849
 41 1.909090909090909
 3 1.96969696969697
 0 2.03030303030303
 0 2.090909090909091
 0 2.151515151515151
 0 2.212121212121212
 1 2.272727272727272
 1 2.333333333333334
 13 2.393939393939394
 0 2.454545454545455
 3 2.515151515151516
 0 2.575757575757576
 0 2.636363636363637
 0 2.696969696969697
 0 2.757575757575758
 0 2.818181818181818
 0 2.878787878787879
 0 2.939393939393939
 0 3


