# Created by Octave 3.8.2, Sat Jun 20 11:39:23 2020 CEST <damian@fptrucha.inv.usc.es>
# name: hd
# type: matrix
# rows: 100
# columns: 2
 0 -3
 0 -2.939393939393939
 0 -2.878787878787879
 0 -2.818181818181818
 0 -2.757575757575758
 0 -2.696969696969697
 0 -2.636363636363636
 0 -2.575757575757576
 0 -2.515151515151515
 8 -2.454545454545455
 0 -2.393939393939394
 1 -2.333333333333333
 1 -2.272727272727272
 0 -2.212121212121212
 0 -2.151515151515151
 1 -2.090909090909091
 2 -2.03030303030303
 20 -1.96969696969697
 23 -1.909090909090909
 1 -1.848484848484848
 1 -1.787878787878788
 0 -1.727272727272727
 1 -1.666666666666667
 97 -1.606060606060606
 23 -1.545454545454545
 94 -1.484848484848485
 17 -1.424242424242424
 87 -1.363636363636364
 19 -1.303030303030303
 16 -1.242424242424242
 560 -1.181818181818182
 8 -1.121212121212121
 557 -1.060606060606061
 13 -1
 480 -0.9393939393939394
 16 -0.8787878787878789
 493 -0.8181818181818183
 1060 -0.7575757575757573
 689 -0.6969696969696968
 1074 -0.6363636363636362
 674 -0.5757575757575757
 974 -0.5151515151515151
 647 -0.4545454545454546
 859 -0.393939393939394
 4642 -0.333333333333333
 569 -0.2727272727272725
 3124 -0.2121212121212119
 11 -0.1515151515151514
 2909 -0.09090909090909083
 13 -0.03030303030303028
 2828 0.03030303030303028
 12 0.09090909090909083
 2378 0.1515151515151514
 1973 0.2121212121212124
 2424 0.2727272727272729
 1903 0.3333333333333335
 718 0.393939393939394
 986 0.4545454545454546
 756 0.5151515151515151
 875 0.5757575757575757
 670 0.6363636363636367
 886 0.6969696969696972
 676 0.7575757575757578
 16 0.8181818181818183
 526 0.8787878787878789
 17 0.9393939393939394
 609 1
 15 1.060606060606061
 540 1.121212121212121
 14 1.181818181818182
 29 1.242424242424242
 117 1.303030303030303
 29 1.363636363636363
 139 1.424242424242425
 32 1.484848484848485
 100 1.545454545454546
 3 1.606060606060606
 0 1.666666666666667
 3 1.727272727272728
 35 1.787878787878788
 8 1.848484848484849
 29 1.909090909090909
 2 1.96969696969697
 2 2.03030303030303
 0 2.090909090909091
 0 2.151515151515151
 1 2.212121212121212
 1 2.272727272727272
 0 2.333333333333334
 6 2.393939393939394
 1 2.454545454545455
 1 2.515151515151516
 0 2.575757575757576
 0 2.636363636363637
 0 2.696969696969697
 0 2.757575757575758
 0 2.818181818181818
 0 2.878787878787879
 0 2.939393939393939
 0 3


