# Created by Octave 3.8.2, Mon Jun 22 15:29:12 2020 CEST <damian@fptrucha.inv.usc.es>
# name: hd
# type: matrix
# rows: 100
# columns: 2
 0 -3
 0 -2.939393939393939
 0 -2.878787878787879
 0 -2.818181818181818
 0 -2.757575757575758
 0 -2.696969696969697
 0 -2.636363636363636
 2 -2.575757575757576
 0 -2.515151515151515
 9 -2.454545454545455
 0 -2.393939393939394
 1 -2.333333333333333
 0 -2.272727272727272
 0 -2.212121212121212
 0 -2.151515151515151
 0 -2.090909090909091
 4 -2.03030303030303
 37 -1.96969696969697
 44 -1.909090909090909
 0 -1.848484848484848
 1 -1.787878787878788
 0 -1.727272727272727
 3 -1.666666666666667
 98 -1.606060606060606
 23 -1.545454545454545
 125 -1.484848484848485
 34 -1.424242424242424
 112 -1.363636363636364
 17 -1.303030303030303
 15 -1.242424242424242
 550 -1.181818181818182
 23 -1.121212121212121
 585 -1.060606060606061
 16 -1
 516 -0.9393939393939394
 19 -0.8787878787878789
 528 -0.8181818181818183
 938 -0.7575757575757573
 642 -0.6969696969696968
 982 -0.6363636363636362
 633 -0.5757575757575757
 978 -0.5151515151515151
 618 -0.4545454545454546
 993 -0.393939393939394
 4336 -0.333333333333333
 587 -0.2727272727272725
 2756 -0.2121212121212119
 9 -0.1515151515151514
 2737 -0.09090909090909083
 15 -0.03030303030303028
 2645 0.03030303030303028
 18 0.09090909090909083
 2412 0.1515151515151514
 1662 0.2121212121212124
 2414 0.2727272727272729
 1694 0.3333333333333335
 706 0.393939393939394
 892 0.4545454545454546
 714 0.5151515151515151
 822 0.5757575757575757
 597 0.6363636363636367
 837 0.6969696969696972
 546 0.7575757575757578
 20 0.8181818181818183
 543 0.8787878787878789
 17 0.9393939393939394
 565 1
 9 1.060606060606061
 539 1.121212121212121
 19 1.181818181818182
 50 1.242424242424242
 99 1.303030303030303
 31 1.363636363636363
 121 1.424242424242425
 38 1.484848484848485
 116 1.545454545454546
 0 1.606060606060606
 0 1.666666666666667
 0 1.727272727272728
 42 1.787878787878788
 6 1.848484848484849
 41 1.909090909090909
 4 1.96969696969697
 2 2.03030303030303
 0 2.090909090909091
 0 2.151515151515151
 2 2.212121212121212
 0 2.272727272727272
 1 2.333333333333334
 11 2.393939393939394
 1 2.454545454545455
 1 2.515151515151516
 0 2.575757575757576
 0 2.636363636363637
 0 2.696969696969697
 0 2.757575757575758
 0 2.818181818181818
 0 2.878787878787879
 0 2.939393939393939
 0 3


