# Created by Octave 3.8.2, Sat Jun 20 10:40:14 2020 CEST <damian@fptrucha.inv.usc.es>
# name: hd
# type: matrix
# rows: 100
# columns: 2
 0 -3
 0 -2.939393939393939
 0 -2.878787878787879
 0 -2.818181818181818
 0 -2.757575757575758
 0 -2.696969696969697
 0 -2.636363636363636
 4 -2.575757575757576
 1 -2.515151515151515
 5 -2.454545454545455
 0 -2.393939393939394
 0 -2.333333333333333
 0 -2.272727272727272
 0 -2.212121212121212
 0 -2.151515151515151
 2 -2.090909090909091
 3 -2.03030303030303
 19 -1.96969696969697
 26 -1.909090909090909
 0 -1.848484848484848
 3 -1.787878787878788
 0 -1.727272727272727
 1 -1.666666666666667
 103 -1.606060606060606
 24 -1.545454545454545
 86 -1.484848484848485
 30 -1.424242424242424
 88 -1.363636363636364
 17 -1.303030303030303
 18 -1.242424242424242
 580 -1.181818181818182
 27 -1.121212121212121
 525 -1.060606060606061
 15 -1
 475 -0.9393939393939394
 14 -0.8787878787878789
 508 -0.8181818181818183
 1179 -0.7575757575757573
 767 -0.6969696969696968
 1123 -0.6363636363636362
 655 -0.5757575757575757
 1002 -0.5151515151515151
 704 -0.4545454545454546
 926 -0.393939393939394
 4653 -0.333333333333333
 603 -0.2727272727272725
 3130 -0.2121212121212119
 15 -0.1515151515151514
 2945 -0.09090909090909083
 3 -0.03030303030303028
 2847 0.03030303030303028
 7 0.09090909090909083
 2383 0.1515151515151514
 1936 0.2121212121212124
 2465 0.2727272727272729
 1862 0.3333333333333335
 705 0.393939393939394
 1027 0.4545454545454546
 742 0.5151515151515151
 893 0.5757575757575757
 638 0.6363636363636367
 875 0.6969696969696972
 660 0.7575757575757578
 14 0.8181818181818183
 618 0.8787878787878789
 16 0.9393939393939394
 611 1
 14 1.060606060606061
 568 1.121212121212121
 14 1.181818181818182
 26 1.242424242424242
 121 1.303030303030303
 29 1.363636363636363
 105 1.424242424242425
 24 1.484848484848485
 100 1.545454545454546
 2 1.606060606060606
 0 1.666666666666667
 1 1.727272727272728
 37 1.787878787878788
 4 1.848484848484849
 37 1.909090909090909
 3 1.96969696969697
 0 2.03030303030303
 0 2.090909090909091
 0 2.151515151515151
 2 2.212121212121212
 2 2.272727272727272
 1 2.333333333333334
 7 2.393939393939394
 0 2.454545454545455
 2 2.515151515151516
 0 2.575757575757576
 0 2.636363636363637
 0 2.696969696969697
 0 2.757575757575758
 0 2.818181818181818
 0 2.878787878787879
 0 2.939393939393939
 0 3


