# Created by Octave 3.8.2, Sat Jun 20 14:58:44 2020 CEST <damian@fptrucha.inv.usc.es>
# name: hd
# type: matrix
# rows: 100
# columns: 2
 0 -3
 0 -2.939393939393939
 0 -2.878787878787879
 0 -2.818181818181818
 0 -2.757575757575758
 0 -2.696969696969697
 0 -2.636363636363636
 0 -2.575757575757576
 0 -2.515151515151515
 2 -2.454545454545455
 0 -2.393939393939394
 0 -2.333333333333333
 0 -2.272727272727272
 0 -2.212121212121212
 0 -2.151515151515151
 0 -2.090909090909091
 1 -2.03030303030303
 20 -1.96969696969697
 28 -1.909090909090909
 0 -1.848484848484848
 0 -1.787878787878788
 0 -1.727272727272727
 1 -1.666666666666667
 96 -1.606060606060606
 19 -1.545454545454545
 103 -1.484848484848485
 32 -1.424242424242424
 72 -1.363636363636364
 22 -1.303030303030303
 10 -1.242424242424242
 518 -1.181818181818182
 11 -1.121212121212121
 491 -1.060606060606061
 11 -1
 451 -0.9393939393939394
 15 -0.8787878787878789
 475 -0.8181818181818183
 1024 -0.7575757575757573
 653 -0.6969696969696968
 1046 -0.6363636363636362
 647 -0.5757575757575757
 932 -0.5151515151515151
 592 -0.4545454545454546
 908 -0.393939393939394
 4422 -0.333333333333333
 581 -0.2727272727272725
 3007 -0.2121212121212119
 9 -0.1515151515151514
 2837 -0.09090909090909083
 7 -0.03030303030303028
 2705 0.03030303030303028
 10 0.09090909090909083
 2215 0.1515151515151514
 1764 0.2121212121212124
 2289 0.2727272727272729
 1791 0.3333333333333335
 677 0.393939393939394
 954 0.4545454545454546
 662 0.5151515151515151
 899 0.5757575757575757
 644 0.6363636363636367
 874 0.6969696969696972
 568 0.7575757575757578
 8 0.8181818181818183
 584 0.8787878787878789
 13 0.9393939393939394
 507 1
 11 1.060606060606061
 539 1.121212121212121
 10 1.181818181818182
 26 1.242424242424242
 126 1.303030303030303
 26 1.363636363636363
 113 1.424242424242425
 29 1.484848484848485
 82 1.545454545454546
 1 1.606060606060606
 0 1.666666666666667
 2 1.727272727272728
 44 1.787878787878788
 5 1.848484848484849
 30 1.909090909090909
 4 1.96969696969697
 3 2.03030303030303
 0 2.090909090909091
 0 2.151515151515151
 1 2.212121212121212
 2 2.272727272727272
 1 2.333333333333334
 7 2.393939393939394
 1 2.454545454545455
 1 2.515151515151516
 0 2.575757575757576
 0 2.636363636363637
 0 2.696969696969697
 0 2.757575757575758
 0 2.818181818181818
 0 2.878787878787879
 0 2.939393939393939
 0 3


