# Created by Octave 3.8.2, Mon Jun 22 06:33:34 2020 CEST <damian@fptrucha.inv.usc.es>
# name: hd
# type: matrix
# rows: 100
# columns: 2
 0 -3
 0 -2.939393939393939
 0 -2.878787878787879
 0 -2.818181818181818
 0 -2.757575757575758
 0 -2.696969696969697
 0 -2.636363636363636
 2 -2.575757575757576
 2 -2.515151515151515
 11 -2.454545454545455
 0 -2.393939393939394
 0 -2.333333333333333
 1 -2.272727272727272
 0 -2.212121212121212
 0 -2.151515151515151
 3 -2.090909090909091
 4 -2.03030303030303
 40 -1.96969696969697
 41 -1.909090909090909
 1 -1.848484848484848
 1 -1.787878787878788
 0 -1.727272727272727
 2 -1.666666666666667
 112 -1.606060606060606
 24 -1.545454545454545
 109 -1.484848484848485
 22 -1.424242424242424
 105 -1.363636363636364
 23 -1.303030303030303
 21 -1.242424242424242
 519 -1.181818181818182
 14 -1.121212121212121
 528 -1.060606060606061
 18 -1
 542 -0.9393939393939394
 23 -0.8787878787878789
 516 -0.8181818181818183
 780 -0.7575757575757573
 596 -0.6969696969696968
 914 -0.6363636363636362
 647 -0.5757575757575757
 892 -0.5151515151515151
 594 -0.4545454545454546
 914 -0.393939393939394
 3770 -0.333333333333333
 546 -0.2727272727272725
 2407 -0.2121212121212119
 7 -0.1515151515151514
 2479 -0.09090909090909083
 33 -0.03030303030303028
 2351 0.03030303030303028
 16 0.09090909090909083
 2144 0.1515151515151514
 1428 0.2121212121212124
 2181 0.2727272727272729
 1511 0.3333333333333335
 625 0.393939393939394
 832 0.4545454545454546
 677 0.5151515151515151
 745 0.5757575757575757
 629 0.6363636363636367
 810 0.6969696969696972
 520 0.7575757575757578
 9 0.8181818181818183
 528 0.8787878787878789
 18 0.9393939393939394
 507 1
 25 1.060606060606061
 532 1.121212121212121
 13 1.181818181818182
 30 1.242424242424242
 99 1.303030303030303
 32 1.363636363636363
 108 1.424242424242425
 37 1.484848484848485
 96 1.545454545454546
 8 1.606060606060606
 0 1.666666666666667
 0 1.727272727272728
 38 1.787878787878788
 5 1.848484848484849
 36 1.909090909090909
 4 1.96969696969697
 2 2.03030303030303
 0 2.090909090909091
 0 2.151515151515151
 3 2.212121212121212
 1 2.272727272727272
 2 2.333333333333334
 7 2.393939393939394
 0 2.454545454545455
 0 2.515151515151516
 0 2.575757575757576
 0 2.636363636363637
 0 2.696969696969697
 0 2.757575757575758
 0 2.818181818181818
 0 2.878787878787879
 0 2.939393939393939
 0 3


