# Created by Octave 3.8.2, Sat Jun 20 19:17:57 2020 CEST <damian@fptrucha.inv.usc.es>
# name: hd
# type: matrix
# rows: 100
# columns: 2
 0 -3
 0 -2.939393939393939
 0 -2.878787878787879
 0 -2.818181818181818
 0 -2.757575757575758
 0 -2.696969696969697
 0 -2.636363636363636
 2 -2.575757575757576
 0 -2.515151515151515
 6 -2.454545454545455
 0 -2.393939393939394
 0 -2.333333333333333
 0 -2.272727272727272
 0 -2.212121212121212
 0 -2.151515151515151
 1 -2.090909090909091
 2 -2.03030303030303
 26 -1.96969696969697
 27 -1.909090909090909
 1 -1.848484848484848
 1 -1.787878787878788
 0 -1.727272727272727
 3 -1.666666666666667
 96 -1.606060606060606
 29 -1.545454545454545
 78 -1.484848484848485
 15 -1.424242424242424
 73 -1.363636363636364
 15 -1.303030303030303
 14 -1.242424242424242
 565 -1.181818181818182
 13 -1.121212121212121
 514 -1.060606060606061
 9 -1
 449 -0.9393939393939394
 12 -0.8787878787878789
 430 -0.8181818181818183
 971 -0.7575757575757573
 677 -0.6969696969696968
 1025 -0.6363636363636362
 631 -0.5757575757575757
 881 -0.5151515151515151
 589 -0.4545454545454546
 798 -0.393939393939394
 4237 -0.333333333333333
 571 -0.2727272727272725
 2988 -0.2121212121212119
 11 -0.1515151515151514
 2642 -0.09090909090909083
 7 -0.03030303030303028
 2491 0.03030303030303028
 14 0.09090909090909083
 2225 0.1515151515151514
 1747 0.2121212121212124
 2302 0.2727272727272729
 1706 0.3333333333333335
 632 0.393939393939394
 923 0.4545454545454546
 677 0.5151515151515151
 788 0.5757575757575757
 653 0.6363636363636367
 812 0.6969696969696972
 605 0.7575757575757578
 5 0.8181818181818183
 550 0.8787878787878789
 7 0.9393939393939394
 516 1
 10 1.060606060606061
 511 1.121212121212121
 6 1.181818181818182
 28 1.242424242424242
 93 1.303030303030303
 22 1.363636363636363
 104 1.424242424242425
 31 1.484848484848485
 101 1.545454545454546
 1 1.606060606060606
 0 1.666666666666667
 0 1.727272727272728
 39 1.787878787878788
 1 1.848484848484849
 36 1.909090909090909
 3 1.96969696969697
 0 2.03030303030303
 0 2.090909090909091
 0 2.151515151515151
 2 2.212121212121212
 1 2.272727272727272
 1 2.333333333333334
 3 2.393939393939394
 0 2.454545454545455
 2 2.515151515151516
 0 2.575757575757576
 0 2.636363636363637
 0 2.696969696969697
 0 2.757575757575758
 0 2.818181818181818
 0 2.878787878787879
 0 2.939393939393939
 0 3


