# Created by Octave 3.8.2, Sat Jun 20 23:05:17 2020 CEST <damian@fptrucha.inv.usc.es>
# name: hd
# type: matrix
# rows: 100
# columns: 2
 0 -3
 0 -2.939393939393939
 0 -2.878787878787879
 0 -2.818181818181818
 0 -2.757575757575758
 0 -2.696969696969697
 0 -2.636363636363636
 2 -2.575757575757576
 1 -2.515151515151515
 5 -2.454545454545455
 1 -2.393939393939394
 1 -2.333333333333333
 1 -2.272727272727272
 0 -2.212121212121212
 0 -2.151515151515151
 0 -2.090909090909091
 1 -2.03030303030303
 23 -1.96969696969697
 25 -1.909090909090909
 1 -1.848484848484848
 0 -1.787878787878788
 0 -1.727272727272727
 3 -1.666666666666667
 88 -1.606060606060606
 16 -1.545454545454545
 81 -1.484848484848485
 18 -1.424242424242424
 70 -1.363636363636364
 15 -1.303030303030303
 14 -1.242424242424242
 520 -1.181818181818182
 11 -1.121212121212121
 467 -1.060606060606061
 10 -1
 433 -0.9393939393939394
 16 -0.8787878787878789
 432 -0.8181818181818183
 954 -0.7575757575757573
 678 -0.6969696969696968
 991 -0.6363636363636362
 592 -0.5757575757575757
 843 -0.5151515151515151
 555 -0.4545454545454546
 818 -0.393939393939394
 4120 -0.333333333333333
 504 -0.2727272727272725
 2903 -0.2121212121212119
 8 -0.1515151515151514
 2573 -0.09090909090909083
 4 -0.03030303030303028
 2490 0.03030303030303028
 12 0.09090909090909083
 2216 0.1515151515151514
 1692 0.2121212121212124
 2212 0.2727272727272729
 1591 0.3333333333333335
 662 0.393939393939394
 918 0.4545454545454546
 672 0.5151515151515151
 826 0.5757575757575757
 558 0.6363636363636367
 761 0.6969696969696972
 578 0.7575757575757578
 16 0.8181818181818183
 553 0.8787878787878789
 7 0.9393939393939394
 528 1
 8 1.060606060606061
 460 1.121212121212121
 11 1.181818181818182
 17 1.242424242424242
 93 1.303030303030303
 24 1.363636363636363
 95 1.424242424242425
 22 1.484848484848485
 100 1.545454545454546
 0 1.606060606060606
 0 1.666666666666667
 3 1.727272727272728
 22 1.787878787878788
 3 1.848484848484849
 27 1.909090909090909
 3 1.96969696969697
 0 2.03030303030303
 0 2.090909090909091
 0 2.151515151515151
 1 2.212121212121212
 0 2.272727272727272
 1 2.333333333333334
 8 2.393939393939394
 1 2.454545454545455
 0 2.515151515151516
 0 2.575757575757576
 0 2.636363636363637
 0 2.696969696969697
 0 2.757575757575758
 0 2.818181818181818
 0 2.878787878787879
 0 2.939393939393939
 0 3


