# Created by Octave 3.8.2, Mon Jun 22 22:53:07 2020 CEST <damian@fptrucha.inv.usc.es>
# name: hd
# type: matrix
# rows: 100
# columns: 2
 0 -3
 0 -2.939393939393939
 0 -2.878787878787879
 0 -2.818181818181818
 0 -2.757575757575758
 0 -2.696969696969697
 0 -2.636363636363636
 0 -2.575757575757576
 0 -2.515151515151515
 4 -2.454545454545455
 0 -2.393939393939394
 0 -2.333333333333333
 0 -2.272727272727272
 0 -2.212121212121212
 0 -2.151515151515151
 3 -2.090909090909091
 2 -2.03030303030303
 26 -1.96969696969697
 35 -1.909090909090909
 1 -1.848484848484848
 3 -1.787878787878788
 0 -1.727272727272727
 1 -1.666666666666667
 109 -1.606060606060606
 30 -1.545454545454545
 134 -1.484848484848485
 23 -1.424242424242424
 119 -1.363636363636364
 31 -1.303030303030303
 16 -1.242424242424242
 550 -1.181818181818182
 24 -1.121212121212121
 601 -1.060606060606061
 20 -1
 514 -0.9393939393939394
 31 -0.8787878787878789
 560 -0.8181818181818183
 978 -0.7575757575757573
 746 -0.6969696969696968
 1038 -0.6363636363636362
 708 -0.5757575757575757
 967 -0.5151515151515151
 697 -0.4545454545454546
 983 -0.393939393939394
 4449 -0.333333333333333
 636 -0.2727272727272725
 2832 -0.2121212121212119
 16 -0.1515151515151514
 2947 -0.09090909090909083
 17 -0.03030303030303028
 2688 0.03030303030303028
 14 0.09090909090909083
 2469 0.1515151515151514
 1623 0.2121212121212124
 2504 0.2727272727272729
 1718 0.3333333333333335
 634 0.393939393939394
 920 0.4545454545454546
 683 0.5151515151515151
 886 0.5757575757575757
 703 0.6363636363636367
 888 0.6969696969696972
 618 0.7575757575757578
 24 0.8181818181818183
 604 0.8787878787878789
 12 0.9393939393939394
 574 1
 12 1.060606060606061
 520 1.121212121212121
 6 1.181818181818182
 46 1.242424242424242
 144 1.303030303030303
 38 1.363636363636363
 124 1.424242424242425
 39 1.484848484848485
 115 1.545454545454546
 3 1.606060606060606
 0 1.666666666666667
 4 1.727272727272728
 35 1.787878787878788
 4 1.848484848484849
 44 1.909090909090909
 6 1.96969696969697
 1 2.03030303030303
 0 2.090909090909091
 0 2.151515151515151
 2 2.212121212121212
 0 2.272727272727272
 0 2.333333333333334
 6 2.393939393939394
 0 2.454545454545455
 1 2.515151515151516
 0 2.575757575757576
 0 2.636363636363637
 0 2.696969696969697
 0 2.757575757575758
 0 2.818181818181818
 0 2.878787878787879
 0 2.939393939393939
 0 3


