# Created by Octave 3.8.2, Sat Jun 20 15:29:03 2020 CEST <damian@fptrucha.inv.usc.es>
# name: hd
# type: matrix
# rows: 100
# columns: 2
 0 -3
 0 -2.939393939393939
 0 -2.878787878787879
 0 -2.818181818181818
 0 -2.757575757575758
 0 -2.696969696969697
 0 -2.636363636363636
 1 -2.575757575757576
 0 -2.515151515151515
 5 -2.454545454545455
 1 -2.393939393939394
 0 -2.333333333333333
 0 -2.272727272727272
 0 -2.212121212121212
 0 -2.151515151515151
 1 -2.090909090909091
 4 -2.03030303030303
 13 -1.96969696969697
 27 -1.909090909090909
 0 -1.848484848484848
 1 -1.787878787878788
 0 -1.727272727272727
 4 -1.666666666666667
 89 -1.606060606060606
 23 -1.545454545454545
 102 -1.484848484848485
 24 -1.424242424242424
 90 -1.363636363636364
 13 -1.303030303030303
 8 -1.242424242424242
 547 -1.181818181818182
 14 -1.121212121212121
 512 -1.060606060606061
 10 -1
 440 -0.9393939393939394
 11 -0.8787878787878789
 447 -0.8181818181818183
 989 -0.7575757575757573
 682 -0.6969696969696968
 1061 -0.6363636363636362
 628 -0.5757575757575757
 904 -0.5151515151515151
 569 -0.4545454545454546
 875 -0.393939393939394
 4298 -0.333333333333333
 551 -0.2727272727272725
 2965 -0.2121212121212119
 16 -0.1515151515151514
 2728 -0.09090909090909083
 10 -0.03030303030303028
 2599 0.03030303030303028
 11 0.09090909090909083
 2291 0.1515151515151514
 1825 0.2121212121212124
 2311 0.2727272727272729
 1714 0.3333333333333335
 648 0.393939393939394
 955 0.4545454545454546
 675 0.5151515151515151
 808 0.5757575757575757
 537 0.6363636363636367
 868 0.6969696969696972
 645 0.7575757575757578
 8 0.8181818181818183
 568 0.8787878787878789
 9 0.9393939393939394
 528 1
 8 1.060606060606061
 539 1.121212121212121
 13 1.181818181818182
 19 1.242424242424242
 92 1.303030303030303
 30 1.363636363636363
 98 1.424242424242425
 30 1.484848484848485
 74 1.545454545454546
 2 1.606060606060606
 0 1.666666666666667
 2 1.727272727272728
 36 1.787878787878788
 3 1.848484848484849
 27 1.909090909090909
 2 1.96969696969697
 0 2.03030303030303
 0 2.090909090909091
 0 2.151515151515151
 0 2.212121212121212
 0 2.272727272727272
 0 2.333333333333334
 4 2.393939393939394
 0 2.454545454545455
 0 2.515151515151516
 0 2.575757575757576
 0 2.636363636363637
 0 2.696969696969697
 0 2.757575757575758
 0 2.818181818181818
 0 2.878787878787879
 0 2.939393939393939
 0 3


