# Created by Octave 3.8.2, Sat Jun 20 21:10:53 2020 CEST <damian@fptrucha.inv.usc.es>
# name: hd
# type: matrix
# rows: 100
# columns: 2
 0 -3
 0 -2.939393939393939
 0 -2.878787878787879
 0 -2.818181818181818
 0 -2.757575757575758
 0 -2.696969696969697
 0 -2.636363636363636
 0 -2.575757575757576
 0 -2.515151515151515
 4 -2.454545454545455
 0 -2.393939393939394
 0 -2.333333333333333
 2 -2.272727272727272
 0 -2.212121212121212
 0 -2.151515151515151
 3 -2.090909090909091
 3 -2.03030303030303
 23 -1.96969696969697
 27 -1.909090909090909
 0 -1.848484848484848
 4 -1.787878787878788
 0 -1.727272727272727
 1 -1.666666666666667
 77 -1.606060606060606
 10 -1.545454545454545
 79 -1.484848484848485
 10 -1.424242424242424
 67 -1.363636363636364
 14 -1.303030303030303
 10 -1.242424242424242
 546 -1.181818181818182
 7 -1.121212121212121
 488 -1.060606060606061
 19 -1
 447 -0.9393939393939394
 14 -0.8787878787878789
 419 -0.8181818181818183
 944 -0.7575757575757573
 646 -0.6969696969696968
 1011 -0.6363636363636362
 668 -0.5757575757575757
 842 -0.5151515151515151
 583 -0.4545454545454546
 817 -0.393939393939394
 4214 -0.333333333333333
 510 -0.2727272727272725
 2842 -0.2121212121212119
 4 -0.1515151515151514
 2647 -0.09090909090909083
 11 -0.03030303030303028
 2442 0.03030303030303028
 10 0.09090909090909083
 2177 0.1515151515151514
 1777 0.2121212121212124
 2307 0.2727272727272729
 1647 0.3333333333333335
 622 0.393939393939394
 936 0.4545454545454546
 679 0.5151515151515151
 809 0.5757575757575757
 612 0.6363636363636367
 812 0.6969696969696972
 560 0.7575757575757578
 20 0.8181818181818183
 536 0.8787878787878789
 9 0.9393939393939394
 488 1
 13 1.060606060606061
 527 1.121212121212121
 9 1.181818181818182
 23 1.242424242424242
 97 1.303030303030303
 21 1.363636363636363
 88 1.424242424242425
 18 1.484848484848485
 93 1.545454545454546
 1 1.606060606060606
 0 1.666666666666667
 1 1.727272727272728
 34 1.787878787878788
 5 1.848484848484849
 25 1.909090909090909
 4 1.96969696969697
 0 2.03030303030303
 0 2.090909090909091
 0 2.151515151515151
 1 2.212121212121212
 0 2.272727272727272
 0 2.333333333333334
 7 2.393939393939394
 0 2.454545454545455
 1 2.515151515151516
 0 2.575757575757576
 0 2.636363636363637
 0 2.696969696969697
 0 2.757575757575758
 0 2.818181818181818
 0 2.878787878787879
 0 2.939393939393939
 0 3


