# Created by Octave 3.8.2, Mon Jun 22 15:26:59 2020 CEST <damian@fptrucha.inv.usc.es>
# name: hd
# type: matrix
# rows: 100
# columns: 2
 0 -3
 0 -2.939393939393939
 0 -2.878787878787879
 0 -2.818181818181818
 0 -2.757575757575758
 0 -2.696969696969697
 0 -2.636363636363636
 1 -2.575757575757576
 0 -2.515151515151515
 5 -2.454545454545455
 1 -2.393939393939394
 0 -2.333333333333333
 0 -2.272727272727272
 0 -2.212121212121212
 0 -2.151515151515151
 1 -2.090909090909091
 5 -2.03030303030303
 38 -1.96969696969697
 33 -1.909090909090909
 2 -1.848484848484848
 3 -1.787878787878788
 0 -1.727272727272727
 2 -1.666666666666667
 123 -1.606060606060606
 22 -1.545454545454545
 115 -1.484848484848485
 24 -1.424242424242424
 111 -1.363636363636364
 21 -1.303030303030303
 11 -1.242424242424242
 592 -1.181818181818182
 12 -1.121212121212121
 580 -1.060606060606061
 12 -1
 535 -0.9393939393939394
 18 -0.8787878787878789
 531 -0.8181818181818183
 900 -0.7575757575757573
 655 -0.6969696969696968
 1059 -0.6363636363636362
 673 -0.5757575757575757
 952 -0.5151515151515151
 643 -0.4545454545454546
 925 -0.393939393939394
 4290 -0.333333333333333
 604 -0.2727272727272725
 2686 -0.2121212121212119
 15 -0.1515151515151514
 2736 -0.09090909090909083
 11 -0.03030303030303028
 2587 0.03030303030303028
 18 0.09090909090909083
 2322 0.1515151515151514
 1605 0.2121212121212124
 2406 0.2727272727272729
 1614 0.3333333333333335
 634 0.393939393939394
 925 0.4545454545454546
 685 0.5151515151515151
 849 0.5757575757575757
 662 0.6363636363636367
 813 0.6969696969696972
 560 0.7575757575757578
 10 0.8181818181818183
 566 0.8787878787878789
 15 0.9393939393939394
 564 1
 14 1.060606060606061
 501 1.121212121212121
 11 1.181818181818182
 33 1.242424242424242
 126 1.303030303030303
 36 1.363636363636363
 112 1.424242424242425
 40 1.484848484848485
 105 1.545454545454546
 3 1.606060606060606
 0 1.666666666666667
 0 1.727272727272728
 37 1.787878787878788
 5 1.848484848484849
 38 1.909090909090909
 1 1.96969696969697
 1 2.03030303030303
 0 2.090909090909091
 0 2.151515151515151
 1 2.212121212121212
 2 2.272727272727272
 1 2.333333333333334
 13 2.393939393939394
 1 2.454545454545455
 2 2.515151515151516
 0 2.575757575757576
 0 2.636363636363637
 0 2.696969696969697
 0 2.757575757575758
 0 2.818181818181818
 0 2.878787878787879
 0 2.939393939393939
 0 3


