# Created by Octave 3.8.2, Mon Jun 22 14:46:53 2020 CEST <damian@fptrucha.inv.usc.es>
# name: hd
# type: matrix
# rows: 100
# columns: 2
 0 -3
 0 -2.939393939393939
 0 -2.878787878787879
 0 -2.818181818181818
 0 -2.757575757575758
 0 -2.696969696969697
 0 -2.636363636363636
 2 -2.575757575757576
 0 -2.515151515151515
 9 -2.454545454545455
 1 -2.393939393939394
 0 -2.333333333333333
 0 -2.272727272727272
 0 -2.212121212121212
 0 -2.151515151515151
 1 -2.090909090909091
 5 -2.03030303030303
 35 -1.96969696969697
 34 -1.909090909090909
 0 -1.848484848484848
 2 -1.787878787878788
 0 -1.727272727272727
 4 -1.666666666666667
 98 -1.606060606060606
 14 -1.545454545454545
 109 -1.484848484848485
 26 -1.424242424242424
 98 -1.363636363636364
 16 -1.303030303030303
 16 -1.242424242424242
 523 -1.181818181818182
 18 -1.121212121212121
 531 -1.060606060606061
 14 -1
 543 -0.9393939393939394
 30 -0.8787878787878789
 517 -0.8181818181818183
 918 -0.7575757575757573
 670 -0.6969696969696968
 1007 -0.6363636363636362
 645 -0.5757575757575757
 924 -0.5151515151515151
 596 -0.4545454545454546
 916 -0.393939393939394
 4088 -0.333333333333333
 589 -0.2727272727272725
 2638 -0.2121212121212119
 12 -0.1515151515151514
 2793 -0.09090909090909083
 22 -0.03030303030303028
 2581 0.03030303030303028
 18 0.09090909090909083
 2427 0.1515151515151514
 1594 0.2121212121212124
 2469 0.2727272727272729
 1666 0.3333333333333335
 653 0.393939393939394
 962 0.4545454545454546
 677 0.5151515151515151
 862 0.5757575757575757
 663 0.6363636363636367
 872 0.6969696969696972
 579 0.7575757575757578
 12 0.8181818181818183
 578 0.8787878787878789
 16 0.9393939393939394
 575 1
 19 1.060606060606061
 544 1.121212121212121
 19 1.181818181818182
 30 1.242424242424242
 117 1.303030303030303
 35 1.363636363636363
 121 1.424242424242425
 27 1.484848484848485
 114 1.545454545454546
 0 1.606060606060606
 0 1.666666666666667
 1 1.727272727272728
 40 1.787878787878788
 4 1.848484848484849
 32 1.909090909090909
 1 1.96969696969697
 1 2.03030303030303
 0 2.090909090909091
 0 2.151515151515151
 1 2.212121212121212
 0 2.272727272727272
 1 2.333333333333334
 7 2.393939393939394
 0 2.454545454545455
 0 2.515151515151516
 0 2.575757575757576
 0 2.636363636363637
 0 2.696969696969697
 0 2.757575757575758
 0 2.818181818181818
 0 2.878787878787879
 0 2.939393939393939
 0 3


