# Created by Octave 3.8.2, Mon Jun 22 11:02:53 2020 CEST <damian@fptrucha.inv.usc.es>
# name: hd
# type: matrix
# rows: 100
# columns: 2
 0 -3
 0 -2.939393939393939
 0 -2.878787878787879
 0 -2.818181818181818
 0 -2.757575757575758
 0 -2.696969696969697
 0 -2.636363636363636
 2 -2.575757575757576
 0 -2.515151515151515
 10 -2.454545454545455
 0 -2.393939393939394
 0 -2.333333333333333
 2 -2.272727272727272
 0 -2.212121212121212
 0 -2.151515151515151
 3 -2.090909090909091
 5 -2.03030303030303
 20 -1.96969696969697
 36 -1.909090909090909
 4 -1.848484848484848
 2 -1.787878787878788
 0 -1.727272727272727
 2 -1.666666666666667
 93 -1.606060606060606
 27 -1.545454545454545
 105 -1.484848484848485
 20 -1.424242424242424
 102 -1.363636363636364
 23 -1.303030303030303
 11 -1.242424242424242
 514 -1.181818181818182
 16 -1.121212121212121
 529 -1.060606060606061
 17 -1
 538 -0.9393939393939394
 23 -0.8787878787878789
 470 -0.8181818181818183
 825 -0.7575757575757573
 642 -0.6969696969696968
 962 -0.6363636363636362
 630 -0.5757575757575757
 946 -0.5151515151515151
 632 -0.4545454545454546
 932 -0.393939393939394
 3955 -0.333333333333333
 577 -0.2727272727272725
 2641 -0.2121212121212119
 15 -0.1515151515151514
 2770 -0.09090909090909083
 13 -0.03030303030303028
 2594 0.03030303030303028
 24 0.09090909090909083
 2341 0.1515151515151514
 1568 0.2121212121212124
 2468 0.2727272727272729
 1590 0.3333333333333335
 665 0.393939393939394
 880 0.4545454545454546
 674 0.5151515151515151
 821 0.5757575757575757
 647 0.6363636363636367
 857 0.6969696969696972
 537 0.7575757575757578
 16 0.8181818181818183
 563 0.8787878787878789
 20 0.9393939393939394
 583 1
 13 1.060606060606061
 500 1.121212121212121
 17 1.181818181818182
 27 1.242424242424242
 112 1.303030303030303
 20 1.363636363636363
 118 1.424242424242425
 32 1.484848484848485
 118 1.545454545454546
 1 1.606060606060606
 0 1.666666666666667
 0 1.727272727272728
 47 1.787878787878788
 12 1.848484848484849
 36 1.909090909090909
 7 1.96969696969697
 1 2.03030303030303
 0 2.090909090909091
 0 2.151515151515151
 2 2.212121212121212
 0 2.272727272727272
 0 2.333333333333334
 7 2.393939393939394
 0 2.454545454545455
 2 2.515151515151516
 0 2.575757575757576
 0 2.636363636363637
 0 2.696969696969697
 0 2.757575757575758
 0 2.818181818181818
 0 2.878787878787879
 0 2.939393939393939
 0 3


