# Created by Octave 3.8.2, Mon Jun 22 01:55:43 2020 CEST <damian@fptrucha.inv.usc.es>
# name: hd
# type: matrix
# rows: 100
# columns: 2
 0 -3
 0 -2.939393939393939
 0 -2.878787878787879
 0 -2.818181818181818
 0 -2.757575757575758
 0 -2.696969696969697
 0 -2.636363636363636
 1 -2.575757575757576
 1 -2.515151515151515
 3 -2.454545454545455
 0 -2.393939393939394
 0 -2.333333333333333
 0 -2.272727272727272
 0 -2.212121212121212
 0 -2.151515151515151
 0 -2.090909090909091
 4 -2.03030303030303
 30 -1.96969696969697
 38 -1.909090909090909
 2 -1.848484848484848
 3 -1.787878787878788
 0 -1.727272727272727
 1 -1.666666666666667
 96 -1.606060606060606
 24 -1.545454545454545
 112 -1.484848484848485
 20 -1.424242424242424
 102 -1.363636363636364
 18 -1.303030303030303
 15 -1.242424242424242
 565 -1.181818181818182
 20 -1.121212121212121
 509 -1.060606060606061
 12 -1
 515 -0.9393939393939394
 17 -0.8787878787878789
 471 -0.8181818181818183
 1076 -0.7575757575757573
 657 -0.6969696969696968
 1011 -0.6363636363636362
 633 -0.5757575757575757
 849 -0.5151515151515151
 582 -0.4545454545454546
 895 -0.393939393939394
 4323 -0.333333333333333
 560 -0.2727272727272725
 2598 -0.2121212121212119
 10 -0.1515151515151514
 2606 -0.09090909090909083
 4 -0.03030303030303028
 2380 0.03030303030303028
 19 0.09090909090909083
 2197 0.1515151515151514
 1797 0.2121212121212124
 2309 0.2727272727272729
 1651 0.3333333333333335
 685 0.393939393939394
 918 0.4545454545454546
 616 0.5151515151515151
 822 0.5757575757575757
 657 0.6363636363636367
 805 0.6969696969696972
 622 0.7575757575757578
 13 0.8181818181818183
 621 0.8787878787878789
 22 0.9393939393939394
 530 1
 13 1.060606060606061
 498 1.121212121212121
 13 1.181818181818182
 37 1.242424242424242
 115 1.303030303030303
 27 1.363636363636363
 125 1.424242424242425
 28 1.484848484848485
 108 1.545454545454546
 2 1.606060606060606
 0 1.666666666666667
 1 1.727272727272728
 35 1.787878787878788
 9 1.848484848484849
 32 1.909090909090909
 3 1.96969696969697
 2 2.03030303030303
 0 2.090909090909091
 0 2.151515151515151
 0 2.212121212121212
 0 2.272727272727272
 1 2.333333333333334
 14 2.393939393939394
 0 2.454545454545455
 1 2.515151515151516
 0 2.575757575757576
 0 2.636363636363637
 0 2.696969696969697
 0 2.757575757575758
 0 2.818181818181818
 0 2.878787878787879
 0 2.939393939393939
 0 3


