# Created by Octave 3.8.2, Tue Jun 23 00:28:19 2020 CEST <damian@fptrucha.inv.usc.es>
# name: hd
# type: matrix
# rows: 100
# columns: 2
 0 -3
 0 -2.939393939393939
 0 -2.878787878787879
 0 -2.818181818181818
 0 -2.757575757575758
 0 -2.696969696969697
 0 -2.636363636363636
 0 -2.575757575757576
 1 -2.515151515151515
 7 -2.454545454545455
 0 -2.393939393939394
 0 -2.333333333333333
 0 -2.272727272727272
 0 -2.212121212121212
 0 -2.151515151515151
 1 -2.090909090909091
 3 -2.03030303030303
 28 -1.96969696969697
 32 -1.909090909090909
 0 -1.848484848484848
 2 -1.787878787878788
 0 -1.727272727272727
 0 -1.666666666666667
 77 -1.606060606060606
 15 -1.545454545454545
 85 -1.484848484848485
 14 -1.424242424242424
 72 -1.363636363636364
 24 -1.303030303030303
 13 -1.242424242424242
 473 -1.181818181818182
 12 -1.121212121212121
 385 -1.060606060606061
 8 -1
 396 -0.9393939393939394
 15 -0.8787878787878789
 354 -0.8181818181818183
 730 -0.7575757575757573
 484 -0.6969696969696968
 742 -0.6363636363636362
 502 -0.5757575757575757
 695 -0.5151515151515151
 458 -0.4545454545454546
 653 -0.393939393939394
 3037 -0.333333333333333
 446 -0.2727272727272725
 1962 -0.2121212121212119
 5 -0.1515151515151514
 1800 -0.09090909090909083
 9 -0.03030303030303028
 1743 0.03030303030303028
 9 0.09090909090909083
 1619 0.1515151515151514
 1112 0.2121212121212124
 1669 0.2727272727272729
 1043 0.3333333333333335
 437 0.393939393939394
 611 0.4545454545454546
 443 0.5151515151515151
 568 0.5757575757575757
 440 0.6363636363636367
 602 0.6969696969696972
 345 0.7575757575757578
 12 0.8181818181818183
 327 0.8787878787878789
 12 0.9393939393939394
 342 1
 12 1.060606060606061
 323 1.121212121212121
 5 1.181818181818182
 26 1.242424242424242
 82 1.303030303030303
 16 1.363636363636363
 64 1.424242424242425
 18 1.484848484848485
 59 1.545454545454546
 0 1.606060606060606
 0 1.666666666666667
 0 1.727272727272728
 12 1.787878787878788
 3 1.848484848484849
 25 1.909090909090909
 1 1.96969696969697
 1 2.03030303030303
 0 2.090909090909091
 0 2.151515151515151
 1 2.212121212121212
 0 2.272727272727272
 2 2.333333333333334
 7 2.393939393939394
 0 2.454545454545455
 1 2.515151515151516
 0 2.575757575757576
 0 2.636363636363637
 0 2.696969696969697
 0 2.757575757575758
 0 2.818181818181818
 0 2.878787878787879
 0 2.939393939393939
 0 3


