# Created by Octave 3.8.2, Mon Jun 22 09:36:26 2020 CEST <damian@fptrucha.inv.usc.es>
# name: hd
# type: matrix
# rows: 100
# columns: 2
 0 -3
 0 -2.939393939393939
 0 -2.878787878787879
 0 -2.818181818181818
 0 -2.757575757575758
 0 -2.696969696969697
 0 -2.636363636363636
 0 -2.575757575757576
 2 -2.515151515151515
 9 -2.454545454545455
 2 -2.393939393939394
 1 -2.333333333333333
 2 -2.272727272727272
 0 -2.212121212121212
 0 -2.151515151515151
 0 -2.090909090909091
 4 -2.03030303030303
 26 -1.96969696969697
 43 -1.909090909090909
 2 -1.848484848484848
 1 -1.787878787878788
 0 -1.727272727272727
 5 -1.666666666666667
 104 -1.606060606060606
 36 -1.545454545454545
 92 -1.484848484848485
 32 -1.424242424242424
 113 -1.363636363636364
 24 -1.303030303030303
 13 -1.242424242424242
 506 -1.181818181818182
 20 -1.121212121212121
 540 -1.060606060606061
 18 -1
 502 -0.9393939393939394
 19 -0.8787878787878789
 476 -0.8181818181818183
 830 -0.7575757575757573
 583 -0.6969696969696968
 958 -0.6363636363636362
 650 -0.5757575757575757
 853 -0.5151515151515151
 577 -0.4545454545454546
 885 -0.393939393939394
 3842 -0.333333333333333
 571 -0.2727272727272725
 2550 -0.2121212121212119
 17 -0.1515151515151514
 2631 -0.09090909090909083
 23 -0.03030303030303028
 2548 0.03030303030303028
 12 0.09090909090909083
 2376 0.1515151515151514
 1541 0.2121212121212124
 2393 0.2727272727272729
 1525 0.3333333333333335
 627 0.393939393939394
 936 0.4545454545454546
 609 0.5151515151515151
 869 0.5757575757575757
 626 0.6363636363636367
 802 0.6969696969696972
 502 0.7575757575757578
 15 0.8181818181818183
 548 0.8787878787878789
 19 0.9393939393939394
 513 1
 12 1.060606060606061
 528 1.121212121212121
 7 1.181818181818182
 24 1.242424242424242
 118 1.303030303030303
 29 1.363636363636363
 123 1.424242424242425
 32 1.484848484848485
 97 1.545454545454546
 3 1.606060606060606
 0 1.666666666666667
 1 1.727272727272728
 42 1.787878787878788
 5 1.848484848484849
 29 1.909090909090909
 1 1.96969696969697
 4 2.03030303030303
 0 2.090909090909091
 0 2.151515151515151
 2 2.212121212121212
 0 2.272727272727272
 0 2.333333333333334
 8 2.393939393939394
 1 2.454545454545455
 1 2.515151515151516
 0 2.575757575757576
 0 2.636363636363637
 0 2.696969696969697
 0 2.757575757575758
 0 2.818181818181818
 0 2.878787878787879
 0 2.939393939393939
 0 3


