# Created by Octave 3.8.2, Mon Jun 22 10:38:03 2020 CEST <damian@fptrucha.inv.usc.es>
# name: hd
# type: matrix
# rows: 100
# columns: 2
 0 -3
 0 -2.939393939393939
 0 -2.878787878787879
 0 -2.818181818181818
 0 -2.757575757575758
 0 -2.696969696969697
 0 -2.636363636363636
 2 -2.575757575757576
 1 -2.515151515151515
 5 -2.454545454545455
 0 -2.393939393939394
 0 -2.333333333333333
 2 -2.272727272727272
 0 -2.212121212121212
 0 -2.151515151515151
 1 -2.090909090909091
 3 -2.03030303030303
 21 -1.96969696969697
 33 -1.909090909090909
 1 -1.848484848484848
 1 -1.787878787878788
 0 -1.727272727272727
 1 -1.666666666666667
 83 -1.606060606060606
 39 -1.545454545454545
 105 -1.484848484848485
 18 -1.424242424242424
 104 -1.363636363636364
 22 -1.303030303030303
 15 -1.242424242424242
 550 -1.181818181818182
 13 -1.121212121212121
 514 -1.060606060606061
 16 -1
 509 -0.9393939393939394
 24 -0.8787878787878789
 490 -0.8181818181818183
 878 -0.7575757575757573
 601 -0.6969696969696968
 969 -0.6363636363636362
 623 -0.5757575757575757
 912 -0.5151515151515151
 654 -0.4545454545454546
 892 -0.393939393939394
 3994 -0.333333333333333
 528 -0.2727272727272725
 2647 -0.2121212121212119
 15 -0.1515151515151514
 2760 -0.09090909090909083
 13 -0.03030303030303028
 2500 0.03030303030303028
 25 0.09090909090909083
 2278 0.1515151515151514
 1563 0.2121212121212124
 2329 0.2727272727272729
 1538 0.3333333333333335
 633 0.393939393939394
 832 0.4545454545454546
 672 0.5151515151515151
 846 0.5757575757575757
 673 0.6363636363636367
 847 0.6969696969696972
 544 0.7575757575757578
 8 0.8181818181818183
 521 0.8787878787878789
 26 0.9393939393939394
 562 1
 12 1.060606060606061
 539 1.121212121212121
 15 1.181818181818182
 36 1.242424242424242
 107 1.303030303030303
 41 1.363636363636363
 106 1.424242424242425
 38 1.484848484848485
 102 1.545454545454546
 2 1.606060606060606
 0 1.666666666666667
 3 1.727272727272728
 45 1.787878787878788
 8 1.848484848484849
 32 1.909090909090909
 2 1.96969696969697
 0 2.03030303030303
 0 2.090909090909091
 0 2.151515151515151
 4 2.212121212121212
 1 2.272727272727272
 1 2.333333333333334
 6 2.393939393939394
 1 2.454545454545455
 1 2.515151515151516
 0 2.575757575757576
 0 2.636363636363637
 0 2.696969696969697
 0 2.757575757575758
 0 2.818181818181818
 0 2.878787878787879
 0 2.939393939393939
 0 3


