# Created by Octave 3.8.2, Sun Jun 21 01:27:01 2020 CEST <damian@fptrucha.inv.usc.es>
# name: hd
# type: matrix
# rows: 100
# columns: 2
 0 -3
 0 -2.939393939393939
 0 -2.878787878787879
 0 -2.818181818181818
 0 -2.757575757575758
 0 -2.696969696969697
 0 -2.636363636363636
 1 -2.575757575757576
 0 -2.515151515151515
 1 -2.454545454545455
 0 -2.393939393939394
 0 -2.333333333333333
 0 -2.272727272727272
 0 -2.212121212121212
 0 -2.151515151515151
 0 -2.090909090909091
 1 -2.03030303030303
 18 -1.96969696969697
 17 -1.909090909090909
 1 -1.848484848484848
 1 -1.787878787878788
 0 -1.727272727272727
 0 -1.666666666666667
 62 -1.606060606060606
 11 -1.545454545454545
 67 -1.484848484848485
 11 -1.424242424242424
 40 -1.363636363636364
 12 -1.303030303030303
 4 -1.242424242424242
 350 -1.181818181818182
 11 -1.121212121212121
 306 -1.060606060606061
 9 -1
 300 -0.9393939393939394
 7 -0.8787878787878789
 260 -0.8181818181818183
 639 -0.7575757575757573
 439 -0.6969696969696968
 644 -0.6363636363636362
 398 -0.5757575757575757
 551 -0.5151515151515151
 359 -0.4545454545454546
 524 -0.393939393939394
 2815 -0.333333333333333
 335 -0.2727272727272725
 1893 -0.2121212121212119
 4 -0.1515151515151514
 1651 -0.09090909090909083
 5 -0.03030303030303028
 1619 0.03030303030303028
 6 0.09090909090909083
 1420 0.1515151515151514
 1059 0.2121212121212124
 1413 0.2727272727272729
 1073 0.3333333333333335
 416 0.393939393939394
 568 0.4545454545454546
 390 0.5151515151515151
 529 0.5757575757575757
 370 0.6363636363636367
 493 0.6969696969696972
 365 0.7575757575757578
 9 0.8181818181818183
 363 0.8787878787878789
 5 0.9393939393939394
 335 1
 7 1.060606060606061
 337 1.121212121212121
 6 1.181818181818182
 18 1.242424242424242
 44 1.303030303030303
 12 1.363636363636363
 60 1.424242424242425
 13 1.484848484848485
 64 1.545454545454546
 1 1.606060606060606
 0 1.666666666666667
 1 1.727272727272728
 17 1.787878787878788
 4 1.848484848484849
 15 1.909090909090909
 4 1.96969696969697
 0 2.03030303030303
 0 2.090909090909091
 0 2.151515151515151
 1 2.212121212121212
 0 2.272727272727272
 1 2.333333333333334
 1 2.393939393939394
 0 2.454545454545455
 0 2.515151515151516
 0 2.575757575757576
 0 2.636363636363637
 0 2.696969696969697
 0 2.757575757575758
 0 2.818181818181818
 0 2.878787878787879
 0 2.939393939393939
 0 3


