# Created by Octave 3.8.2, Sun Jun 21 00:29:36 2020 CEST <damian@fptrucha.inv.usc.es>
# name: hd
# type: matrix
# rows: 100
# columns: 2
 0 -3
 0 -2.939393939393939
 0 -2.878787878787879
 0 -2.818181818181818
 0 -2.757575757575758
 0 -2.696969696969697
 0 -2.636363636363636
 0 -2.575757575757576
 0 -2.515151515151515
 2 -2.454545454545455
 0 -2.393939393939394
 0 -2.333333333333333
 2 -2.272727272727272
 0 -2.212121212121212
 0 -2.151515151515151
 0 -2.090909090909091
 1 -2.03030303030303
 14 -1.96969696969697
 17 -1.909090909090909
 0 -1.848484848484848
 0 -1.787878787878788
 0 -1.727272727272727
 1 -1.666666666666667
 75 -1.606060606060606
 11 -1.545454545454545
 52 -1.484848484848485
 9 -1.424242424242424
 47 -1.363636363636364
 13 -1.303030303030303
 10 -1.242424242424242
 318 -1.181818181818182
 7 -1.121212121212121
 313 -1.060606060606061
 7 -1
 287 -0.9393939393939394
 11 -0.8787878787878789
 266 -0.8181818181818183
 586 -0.7575757575757573
 449 -0.6969696969696968
 640 -0.6363636363636362
 372 -0.5757575757575757
 549 -0.5151515151515151
 349 -0.4545454545454546
 497 -0.393939393939394
 2693 -0.333333333333333
 333 -0.2727272727272725
 1993 -0.2121212121212119
 3 -0.1515151515151514
 1707 -0.09090909090909083
 4 -0.03030303030303028
 1573 0.03030303030303028
 13 0.09090909090909083
 1409 0.1515151515151514
 1145 0.2121212121212124
 1431 0.2727272727272729
 1074 0.3333333333333335
 398 0.393939393939394
 576 0.4545454545454546
 411 0.5151515151515151
 528 0.5757575757575757
 391 0.6363636363636367
 563 0.6969696969696972
 374 0.7575757575757578
 10 0.8181818181818183
 338 0.8787878787878789
 16 0.9393939393939394
 303 1
 6 1.060606060606061
 334 1.121212121212121
 7 1.181818181818182
 16 1.242424242424242
 73 1.303030303030303
 19 1.363636363636363
 61 1.424242424242425
 10 1.484848484848485
 51 1.545454545454546
 1 1.606060606060606
 0 1.666666666666667
 2 1.727272727272728
 15 1.787878787878788
 3 1.848484848484849
 21 1.909090909090909
 1 1.96969696969697
 1 2.03030303030303
 0 2.090909090909091
 0 2.151515151515151
 1 2.212121212121212
 0 2.272727272727272
 0 2.333333333333334
 4 2.393939393939394
 1 2.454545454545455
 0 2.515151515151516
 0 2.575757575757576
 0 2.636363636363637
 0 2.696969696969697
 0 2.757575757575758
 0 2.818181818181818
 0 2.878787878787879
 0 2.939393939393939
 0 3


