# Created by Octave 3.8.2, Sun Jun 21 03:37:50 2020 CEST <damian@fptrucha.inv.usc.es>
# name: hd
# type: matrix
# rows: 100
# columns: 2
 0 -3
 0 -2.939393939393939
 0 -2.878787878787879
 0 -2.818181818181818
 0 -2.757575757575758
 0 -2.696969696969697
 0 -2.636363636363636
 1 -2.575757575757576
 0 -2.515151515151515
 6 -2.454545454545455
 0 -2.393939393939394
 2 -2.333333333333333
 1 -2.272727272727272
 0 -2.212121212121212
 0 -2.151515151515151
 0 -2.090909090909091
 4 -2.03030303030303
 20 -1.96969696969697
 30 -1.909090909090909
 1 -1.848484848484848
 1 -1.787878787878788
 0 -1.727272727272727
 3 -1.666666666666667
 114 -1.606060606060606
 16 -1.545454545454545
 66 -1.484848484848485
 22 -1.424242424242424
 89 -1.363636363636364
 17 -1.303030303030303
 12 -1.242424242424242
 553 -1.181818181818182
 12 -1.121212121212121
 505 -1.060606060606061
 11 -1
 488 -0.9393939393939394
 14 -0.8787878787878789
 443 -0.8181818181818183
 980 -0.7575757575757573
 661 -0.6969696969696968
 1040 -0.6363636363636362
 631 -0.5757575757575757
 886 -0.5151515151515151
 539 -0.4545454545454546
 850 -0.393939393939394
 4125 -0.333333333333333
 521 -0.2727272727272725
 2826 -0.2121212121212119
 8 -0.1515151515151514
 2632 -0.09090909090909083
 11 -0.03030303030303028
 2471 0.03030303030303028
 10 0.09090909090909083
 2167 0.1515151515151514
 1770 0.2121212121212124
 2246 0.2727272727272729
 1568 0.3333333333333335
 632 0.393939393939394
 869 0.4545454545454546
 569 0.5151515151515151
 785 0.5757575757575757
 575 0.6363636363636367
 809 0.6969696969696972
 508 0.7575757575757578
 9 0.8181818181818183
 543 0.8787878787878789
 10 0.9393939393939394
 525 1
 12 1.060606060606061
 510 1.121212121212121
 16 1.181818181818182
 27 1.242424242424242
 90 1.303030303030303
 30 1.363636363636363
 94 1.424242424242425
 22 1.484848484848485
 85 1.545454545454546
 0 1.606060606060606
 0 1.666666666666667
 2 1.727272727272728
 29 1.787878787878788
 3 1.848484848484849
 21 1.909090909090909
 4 1.96969696969697
 1 2.03030303030303
 0 2.090909090909091
 0 2.151515151515151
 1 2.212121212121212
 1 2.272727272727272
 0 2.333333333333334
 4 2.393939393939394
 0 2.454545454545455
 0 2.515151515151516
 0 2.575757575757576
 0 2.636363636363637
 0 2.696969696969697
 0 2.757575757575758
 0 2.818181818181818
 0 2.878787878787879
 0 2.939393939393939
 0 3


