# Created by Octave 3.8.2, Mon Jun 22 09:09:57 2020 CEST <damian@fptrucha.inv.usc.es>
# name: hd
# type: matrix
# rows: 100
# columns: 2
 0 -3
 0 -2.939393939393939
 0 -2.878787878787879
 0 -2.818181818181818
 0 -2.757575757575758
 0 -2.696969696969697
 0 -2.636363636363636
 1 -2.575757575757576
 2 -2.515151515151515
 9 -2.454545454545455
 0 -2.393939393939394
 1 -2.333333333333333
 0 -2.272727272727272
 0 -2.212121212121212
 0 -2.151515151515151
 0 -2.090909090909091
 1 -2.03030303030303
 32 -1.96969696969697
 33 -1.909090909090909
 1 -1.848484848484848
 1 -1.787878787878788
 0 -1.727272727272727
 0 -1.666666666666667
 108 -1.606060606060606
 21 -1.545454545454545
 115 -1.484848484848485
 26 -1.424242424242424
 101 -1.363636363636364
 19 -1.303030303030303
 20 -1.242424242424242
 586 -1.181818181818182
 14 -1.121212121212121
 521 -1.060606060606061
 12 -1
 532 -0.9393939393939394
 20 -0.8787878787878789
 489 -0.8181818181818183
 815 -0.7575757575757573
 558 -0.6969696969696968
 932 -0.6363636363636362
 541 -0.5757575757575757
 839 -0.5151515151515151
 551 -0.4545454545454546
 901 -0.393939393939394
 3894 -0.333333333333333
 559 -0.2727272727272725
 2467 -0.2121212121212119
 10 -0.1515151515151514
 2544 -0.09090909090909083
 15 -0.03030303030303028
 2425 0.03030303030303028
 26 0.09090909090909083
 2221 0.1515151515151514
 1444 0.2121212121212124
 2192 0.2727272727272729
 1510 0.3333333333333335
 621 0.393939393939394
 896 0.4545454545454546
 635 0.5151515151515151
 854 0.5757575757575757
 621 0.6363636363636367
 840 0.6969696969696972
 521 0.7575757575757578
 15 0.8181818181818183
 507 0.8787878787878789
 18 0.9393939393939394
 509 1
 12 1.060606060606061
 502 1.121212121212121
 9 1.181818181818182
 25 1.242424242424242
 107 1.303030303030303
 26 1.363636363636363
 115 1.424242424242425
 35 1.484848484848485
 117 1.545454545454546
 3 1.606060606060606
 0 1.666666666666667
 2 1.727272727272728
 30 1.787878787878788
 2 1.848484848484849
 33 1.909090909090909
 3 1.96969696969697
 1 2.03030303030303
 0 2.090909090909091
 0 2.151515151515151
 0 2.212121212121212
 3 2.272727272727272
 1 2.333333333333334
 5 2.393939393939394
 0 2.454545454545455
 2 2.515151515151516
 0 2.575757575757576
 0 2.636363636363637
 0 2.696969696969697
 0 2.757575757575758
 0 2.818181818181818
 0 2.878787878787879
 0 2.939393939393939
 0 3


