# Created by Octave 3.8.2, Sun Jun 21 02:30:16 2020 CEST <damian@fptrucha.inv.usc.es>
# name: hd
# type: matrix
# rows: 100
# columns: 2
 0 -3
 0 -2.939393939393939
 0 -2.878787878787879
 0 -2.818181818181818
 0 -2.757575757575758
 0 -2.696969696969697
 0 -2.636363636363636
 1 -2.575757575757576
 2 -2.515151515151515
 2 -2.454545454545455
 0 -2.393939393939394
 1 -2.333333333333333
 1 -2.272727272727272
 0 -2.212121212121212
 0 -2.151515151515151
 3 -2.090909090909091
 2 -2.03030303030303
 23 -1.96969696969697
 26 -1.909090909090909
 2 -1.848484848484848
 1 -1.787878787878788
 0 -1.727272727272727
 1 -1.666666666666667
 116 -1.606060606060606
 25 -1.545454545454545
 91 -1.484848484848485
 14 -1.424242424242424
 102 -1.363636363636364
 22 -1.303030303030303
 16 -1.242424242424242
 593 -1.181818181818182
 15 -1.121212121212121
 551 -1.060606060606061
 8 -1
 445 -0.9393939393939394
 11 -0.8787878787878789
 445 -0.8181818181818183
 985 -0.7575757575757573
 673 -0.6969696969696968
 955 -0.6363636363636362
 622 -0.5757575757575757
 828 -0.5151515151515151
 569 -0.4545454545454546
 831 -0.393939393939394
 4122 -0.333333333333333
 548 -0.2727272727272725
 2759 -0.2121212121212119
 8 -0.1515151515151514
 2667 -0.09090909090909083
 9 -0.03030303030303028
 2464 0.03030303030303028
 16 0.09090909090909083
 2138 0.1515151515151514
 1672 0.2121212121212124
 2155 0.2727272727272729
 1572 0.3333333333333335
 643 0.393939393939394
 911 0.4545454545454546
 674 0.5151515151515151
 772 0.5757575757575757
 556 0.6363636363636367
 823 0.6969696969696972
 535 0.7575757575757578
 14 0.8181818181818183
 561 0.8787878787878789
 21 0.9393939393939394
 504 1
 13 1.060606060606061
 465 1.121212121212121
 5 1.181818181818182
 25 1.242424242424242
 95 1.303030303030303
 20 1.363636363636363
 100 1.424242424242425
 30 1.484848484848485
 96 1.545454545454546
 3 1.606060606060606
 0 1.666666666666667
 1 1.727272727272728
 29 1.787878787878788
 2 1.848484848484849
 23 1.909090909090909
 1 1.96969696969697
 2 2.03030303030303
 0 2.090909090909091
 0 2.151515151515151
 3 2.212121212121212
 1 2.272727272727272
 1 2.333333333333334
 8 2.393939393939394
 0 2.454545454545455
 0 2.515151515151516
 0 2.575757575757576
 0 2.636363636363637
 0 2.696969696969697
 0 2.757575757575758
 0 2.818181818181818
 0 2.878787878787879
 0 2.939393939393939
 0 3


