# Created by Octave 3.8.2, Mon Jun 22 17:48:46 2020 CEST <damian@fptrucha.inv.usc.es>
# name: hd
# type: matrix
# rows: 100
# columns: 2
 0 -3
 0 -2.939393939393939
 0 -2.878787878787879
 0 -2.818181818181818
 0 -2.757575757575758
 0 -2.696969696969697
 0 -2.636363636363636
 1 -2.575757575757576
 1 -2.515151515151515
 7 -2.454545454545455
 0 -2.393939393939394
 0 -2.333333333333333
 1 -2.272727272727272
 0 -2.212121212121212
 0 -2.151515151515151
 1 -2.090909090909091
 4 -2.03030303030303
 41 -1.96969696969697
 44 -1.909090909090909
 6 -1.848484848484848
 1 -1.787878787878788
 0 -1.727272727272727
 2 -1.666666666666667
 109 -1.606060606060606
 26 -1.545454545454545
 117 -1.484848484848485
 31 -1.424242424242424
 119 -1.363636363636364
 24 -1.303030303030303
 12 -1.242424242424242
 594 -1.181818181818182
 20 -1.121212121212121
 609 -1.060606060606061
 22 -1
 532 -0.9393939393939394
 25 -0.8787878787878789
 534 -0.8181818181818183
 968 -0.7575757575757573
 656 -0.6969696969696968
 993 -0.6363636363636362
 635 -0.5757575757575757
 961 -0.5151515151515151
 646 -0.4545454545454546
 956 -0.393939393939394
 4213 -0.333333333333333
 632 -0.2727272727272725
 2673 -0.2121212121212119
 10 -0.1515151515151514
 2702 -0.09090909090909083
 21 -0.03030303030303028
 2579 0.03030303030303028
 15 0.09090909090909083
 2392 0.1515151515151514
 1564 0.2121212121212124
 2368 0.2727272727272729
 1610 0.3333333333333335
 647 0.393939393939394
 952 0.4545454545454546
 662 0.5151515151515151
 850 0.5757575757575757
 626 0.6363636363636367
 855 0.6969696969696972
 563 0.7575757575757578
 13 0.8181818181818183
 547 0.8787878787878789
 21 0.9393939393939394
 569 1
 13 1.060606060606061
 573 1.121212121212121
 16 1.181818181818182
 21 1.242424242424242
 106 1.303030303030303
 37 1.363636363636363
 112 1.424242424242425
 35 1.484848484848485
 111 1.545454545454546
 5 1.606060606060606
 0 1.666666666666667
 2 1.727272727272728
 46 1.787878787878788
 3 1.848484848484849
 38 1.909090909090909
 5 1.96969696969697
 1 2.03030303030303
 0 2.090909090909091
 0 2.151515151515151
 2 2.212121212121212
 1 2.272727272727272
 2 2.333333333333334
 8 2.393939393939394
 1 2.454545454545455
 4 2.515151515151516
 0 2.575757575757576
 0 2.636363636363637
 0 2.696969696969697
 0 2.757575757575758
 0 2.818181818181818
 0 2.878787878787879
 0 2.939393939393939
 0 3


