# Created by Octave 3.8.2, Sat Jun 20 07:01:48 2020 CEST <damian@fptrucha.inv.usc.es>
# name: hd
# type: matrix
# rows: 100
# columns: 2
 0 -3
 0 -2.939393939393939
 0 -2.878787878787879
 0 -2.818181818181818
 0 -2.757575757575758
 0 -2.696969696969697
 0 -2.636363636363636
 2 -2.575757575757576
 0 -2.515151515151515
 4 -2.454545454545455
 0 -2.393939393939394
 0 -2.333333333333333
 2 -2.272727272727272
 0 -2.212121212121212
 0 -2.151515151515151
 4 -2.090909090909091
 7 -2.03030303030303
 38 -1.96969696969697
 35 -1.909090909090909
 0 -1.848484848484848
 2 -1.787878787878788
 0 -1.727272727272727
 1 -1.666666666666667
 146 -1.606060606060606
 27 -1.545454545454545
 111 -1.484848484848485
 20 -1.424242424242424
 106 -1.363636363636364
 26 -1.303030303030303
 21 -1.242424242424242
 655 -1.181818181818182
 19 -1.121212121212121
 619 -1.060606060606061
 18 -1
 579 -0.9393939393939394
 16 -0.8787878787878789
 569 -0.8181818181818183
 1200 -0.7575757575757573
 765 -0.6969696969696968
 1199 -0.6363636363636362
 730 -0.5757575757575757
 1099 -0.5151515151515151
 752 -0.4545454545454546
 950 -0.393939393939394
 4897 -0.333333333333333
 689 -0.2727272727272725
 3173 -0.2121212121212119
 14 -0.1515151515151514
 3034 -0.09090909090909083
 11 -0.03030303030303028
 2904 0.03030303030303028
 7 0.09090909090909083
 2488 0.1515151515151514
 1907 0.2121212121212124
 2554 0.2727272727272729
 1788 0.3333333333333335
 670 0.393939393939394
 1006 0.4545454545454546
 650 0.5151515151515151
 881 0.5757575757575757
 597 0.6363636363636367
 856 0.6969696969696972
 601 0.7575757575757578
 6 0.8181818181818183
 541 0.8787878787878789
 14 0.9393939393939394
 516 1
 18 1.060606060606061
 516 1.121212121212121
 11 1.181818181818182
 32 1.242424242424242
 92 1.303030303030303
 26 1.363636363636363
 105 1.424242424242425
 39 1.484848484848485
 92 1.545454545454546
 3 1.606060606060606
 0 1.666666666666667
 2 1.727272727272728
 26 1.787878787878788
 4 1.848484848484849
 29 1.909090909090909
 0 1.96969696969697
 0 2.03030303030303
 0 2.090909090909091
 0 2.151515151515151
 0 2.212121212121212
 0 2.272727272727272
 0 2.333333333333334
 7 2.393939393939394
 0 2.454545454545455
 1 2.515151515151516
 0 2.575757575757576
 0 2.636363636363637
 0 2.696969696969697
 0 2.757575757575758
 0 2.818181818181818
 0 2.878787878787879
 0 2.939393939393939
 0 3


