# Created by Octave 3.8.2, Mon Jun 22 21:19:03 2020 CEST <damian@fptrucha.inv.usc.es>
# name: hd
# type: matrix
# rows: 100
# columns: 2
 0 -3
 0 -2.939393939393939
 0 -2.878787878787879
 0 -2.818181818181818
 0 -2.757575757575758
 0 -2.696969696969697
 0 -2.636363636363636
 0 -2.575757575757576
 0 -2.515151515151515
 6 -2.454545454545455
 1 -2.393939393939394
 1 -2.333333333333333
 2 -2.272727272727272
 0 -2.212121212121212
 0 -2.151515151515151
 0 -2.090909090909091
 6 -2.03030303030303
 30 -1.96969696969697
 36 -1.909090909090909
 1 -1.848484848484848
 2 -1.787878787878788
 0 -1.727272727272727
 4 -1.666666666666667
 127 -1.606060606060606
 27 -1.545454545454545
 116 -1.484848484848485
 31 -1.424242424242424
 89 -1.363636363636364
 35 -1.303030303030303
 8 -1.242424242424242
 593 -1.181818181818182
 19 -1.121212121212121
 568 -1.060606060606061
 23 -1
 579 -0.9393939393939394
 13 -0.8787878787878789
 573 -0.8181818181818183
 967 -0.7575757575757573
 710 -0.6969696969696968
 1022 -0.6363636363636362
 654 -0.5757575757575757
 993 -0.5151515151515151
 669 -0.4545454545454546
 997 -0.393939393939394
 4450 -0.333333333333333
 572 -0.2727272727272725
 2890 -0.2121212121212119
 11 -0.1515151515151514
 2789 -0.09090909090909083
 12 -0.03030303030303028
 2680 0.03030303030303028
 14 0.09090909090909083
 2447 0.1515151515151514
 1670 0.2121212121212124
 2431 0.2727272727272729
 1709 0.3333333333333335
 690 0.393939393939394
 946 0.4545454545454546
 682 0.5151515151515151
 845 0.5757575757575757
 629 0.6363636363636367
 859 0.6969696969696972
 609 0.7575757575757578
 20 0.8181818181818183
 592 0.8787878787878789
 13 0.9393939393939394
 552 1
 9 1.060606060606061
 555 1.121212121212121
 10 1.181818181818182
 25 1.242424242424242
 139 1.303030303030303
 41 1.363636363636363
 120 1.424242424242425
 40 1.484848484848485
 115 1.545454545454546
 3 1.606060606060606
 0 1.666666666666667
 1 1.727272727272728
 32 1.787878787878788
 4 1.848484848484849
 32 1.909090909090909
 2 1.96969696969697
 0 2.03030303030303
 0 2.090909090909091
 0 2.151515151515151
 0 2.212121212121212
 1 2.272727272727272
 0 2.333333333333334
 11 2.393939393939394
 1 2.454545454545455
 1 2.515151515151516
 0 2.575757575757576
 0 2.636363636363637
 0 2.696969696969697
 0 2.757575757575758
 0 2.818181818181818
 0 2.878787878787879
 0 2.939393939393939
 0 3


