# Created by Octave 3.8.2, Mon Jun 22 03:30:28 2020 CEST <damian@fptrucha.inv.usc.es>
# name: hd
# type: matrix
# rows: 100
# columns: 2
 0 -3
 0 -2.939393939393939
 0 -2.878787878787879
 0 -2.818181818181818
 0 -2.757575757575758
 0 -2.696969696969697
 0 -2.636363636363636
 2 -2.575757575757576
 0 -2.515151515151515
 5 -2.454545454545455
 0 -2.393939393939394
 0 -2.333333333333333
 2 -2.272727272727272
 0 -2.212121212121212
 0 -2.151515151515151
 2 -2.090909090909091
 2 -2.03030303030303
 35 -1.96969696969697
 39 -1.909090909090909
 3 -1.848484848484848
 2 -1.787878787878788
 0 -1.727272727272727
 0 -1.666666666666667
 98 -1.606060606060606
 38 -1.545454545454545
 114 -1.484848484848485
 18 -1.424242424242424
 119 -1.363636363636364
 30 -1.303030303030303
 10 -1.242424242424242
 506 -1.181818181818182
 8 -1.121212121212121
 521 -1.060606060606061
 20 -1
 490 -0.9393939393939394
 28 -0.8787878787878789
 530 -0.8181818181818183
 785 -0.7575757575757573
 580 -0.6969696969696968
 959 -0.6363636363636362
 608 -0.5757575757575757
 861 -0.5151515151515151
 574 -0.4545454545454546
 860 -0.393939393939394
 3793 -0.333333333333333
 582 -0.2727272727272725
 2378 -0.2121212121212119
 8 -0.1515151515151514
 2457 -0.09090909090909083
 16 -0.03030303030303028
 2313 0.03030303030303028
 22 0.09090909090909083
 2087 0.1515151515151514
 1495 0.2121212121212124
 2217 0.2727272727272729
 1439 0.3333333333333335
 618 0.393939393939394
 820 0.4545454545454546
 559 0.5151515151515151
 801 0.5757575757575757
 572 0.6363636363636367
 771 0.6969696969696972
 469 0.7575757575757578
 19 0.8181818181818183
 491 0.8787878787878789
 19 0.9393939393939394
 488 1
 23 1.060606060606061
 482 1.121212121212121
 12 1.181818181818182
 32 1.242424242424242
 99 1.303030303030303
 30 1.363636363636363
 91 1.424242424242425
 30 1.484848484848485
 97 1.545454545454546
 1 1.606060606060606
 0 1.666666666666667
 0 1.727272727272728
 34 1.787878787878788
 10 1.848484848484849
 31 1.909090909090909
 4 1.96969696969697
 3 2.03030303030303
 0 2.090909090909091
 0 2.151515151515151
 1 2.212121212121212
 0 2.272727272727272
 1 2.333333333333334
 9 2.393939393939394
 0 2.454545454545455
 1 2.515151515151516
 0 2.575757575757576
 0 2.636363636363637
 0 2.696969696969697
 0 2.757575757575758
 0 2.818181818181818
 0 2.878787878787879
 0 2.939393939393939
 0 3


