# Created by Octave 3.8.2, Sun Jun 21 05:45:39 2020 CEST <damian@fptrucha.inv.usc.es>
# name: hd
# type: matrix
# rows: 100
# columns: 2
 0 -3
 0 -2.939393939393939
 0 -2.878787878787879
 0 -2.818181818181818
 0 -2.757575757575758
 0 -2.696969696969697
 0 -2.636363636363636
 1 -2.575757575757576
 1 -2.515151515151515
 6 -2.454545454545455
 0 -2.393939393939394
 0 -2.333333333333333
 0 -2.272727272727272
 0 -2.212121212121212
 0 -2.151515151515151
 1 -2.090909090909091
 4 -2.03030303030303
 18 -1.96969696969697
 21 -1.909090909090909
 1 -1.848484848484848
 0 -1.787878787878788
 0 -1.727272727272727
 2 -1.666666666666667
 97 -1.606060606060606
 17 -1.545454545454545
 112 -1.484848484848485
 23 -1.424242424242424
 97 -1.363636363636364
 22 -1.303030303030303
 14 -1.242424242424242
 571 -1.181818181818182
 8 -1.121212121212121
 534 -1.060606060606061
 8 -1
 469 -0.9393939393939394
 16 -0.8787878787878789
 448 -0.8181818181818183
 997 -0.7575757575757573
 650 -0.6969696969696968
 1006 -0.6363636363636362
 664 -0.5757575757575757
 871 -0.5151515151515151
 551 -0.4545454545454546
 853 -0.393939393939394
 4110 -0.333333333333333
 556 -0.2727272727272725
 2808 -0.2121212121212119
 5 -0.1515151515151514
 2618 -0.09090909090909083
 6 -0.03030303030303028
 2441 0.03030303030303028
 8 0.09090909090909083
 2225 0.1515151515151514
 1682 0.2121212121212124
 2157 0.2727272727272729
 1585 0.3333333333333335
 625 0.393939393939394
 904 0.4545454545454546
 656 0.5151515151515151
 727 0.5757575757575757
 615 0.6363636363636367
 786 0.6969696969696972
 509 0.7575757575757578
 12 0.8181818181818183
 542 0.8787878787878789
 17 0.9393939393939394
 479 1
 9 1.060606060606061
 468 1.121212121212121
 4 1.181818181818182
 29 1.242424242424242
 88 1.303030303030303
 30 1.363636363636363
 87 1.424242424242425
 33 1.484848484848485
 86 1.545454545454546
 4 1.606060606060606
 0 1.666666666666667
 1 1.727272727272728
 32 1.787878787878788
 4 1.848484848484849
 24 1.909090909090909
 3 1.96969696969697
 0 2.03030303030303
 0 2.090909090909091
 0 2.151515151515151
 3 2.212121212121212
 2 2.272727272727272
 0 2.333333333333334
 3 2.393939393939394
 0 2.454545454545455
 2 2.515151515151516
 0 2.575757575757576
 0 2.636363636363637
 0 2.696969696969697
 0 2.757575757575758
 0 2.818181818181818
 0 2.878787878787879
 0 2.939393939393939
 0 3


