# Created by Octave 3.8.2, Sat Jun 20 17:49:52 2020 CEST <damian@fptrucha.inv.usc.es>
# name: hd
# type: matrix
# rows: 100
# columns: 2
 0 -3
 0 -2.939393939393939
 0 -2.878787878787879
 0 -2.818181818181818
 0 -2.757575757575758
 0 -2.696969696969697
 0 -2.636363636363636
 2 -2.575757575757576
 0 -2.515151515151515
 5 -2.454545454545455
 0 -2.393939393939394
 0 -2.333333333333333
 2 -2.272727272727272
 0 -2.212121212121212
 0 -2.151515151515151
 1 -2.090909090909091
 3 -2.03030303030303
 22 -1.96969696969697
 34 -1.909090909090909
 1 -1.848484848484848
 0 -1.787878787878788
 0 -1.727272727272727
 2 -1.666666666666667
 90 -1.606060606060606
 25 -1.545454545454545
 94 -1.484848484848485
 14 -1.424242424242424
 88 -1.363636363636364
 15 -1.303030303030303
 7 -1.242424242424242
 573 -1.181818181818182
 13 -1.121212121212121
 496 -1.060606060606061
 15 -1
 447 -0.9393939393939394
 13 -0.8787878787878789
 434 -0.8181818181818183
 992 -0.7575757575757573
 683 -0.6969696969696968
 1015 -0.6363636363636362
 605 -0.5757575757575757
 893 -0.5151515151515151
 524 -0.4545454545454546
 874 -0.393939393939394
 4153 -0.333333333333333
 530 -0.2727272727272725
 2952 -0.2121212121212119
 7 -0.1515151515151514
 2726 -0.09090909090909083
 3 -0.03030303030303028
 2497 0.03030303030303028
 5 0.09090909090909083
 2199 0.1515151515151514
 1728 0.2121212121212124
 2195 0.2727272727272729
 1626 0.3333333333333335
 652 0.393939393939394
 927 0.4545454545454546
 654 0.5151515151515151
 824 0.5757575757575757
 666 0.6363636363636367
 837 0.6969696969696972
 606 0.7575757575757578
 13 0.8181818181818183
 580 0.8787878787878789
 9 0.9393939393939394
 530 1
 14 1.060606060606061
 447 1.121212121212121
 14 1.181818181818182
 32 1.242424242424242
 100 1.303030303030303
 24 1.363636363636363
 106 1.424242424242425
 29 1.484848484848485
 108 1.545454545454546
 2 1.606060606060606
 0 1.666666666666667
 0 1.727272727272728
 30 1.787878787878788
 1 1.848484848484849
 24 1.909090909090909
 3 1.96969696969697
 0 2.03030303030303
 0 2.090909090909091
 0 2.151515151515151
 1 2.212121212121212
 0 2.272727272727272
 2 2.333333333333334
 7 2.393939393939394
 1 2.454545454545455
 1 2.515151515151516
 0 2.575757575757576
 0 2.636363636363637
 0 2.696969696969697
 0 2.757575757575758
 0 2.818181818181818
 0 2.878787878787879
 0 2.939393939393939
 0 3


