# Created by Octave 3.8.2, Mon Jun 22 10:15:31 2020 CEST <damian@fptrucha.inv.usc.es>
# name: hd
# type: matrix
# rows: 100
# columns: 2
 0 -3
 0 -2.939393939393939
 0 -2.878787878787879
 0 -2.818181818181818
 0 -2.757575757575758
 0 -2.696969696969697
 0 -2.636363636363636
 3 -2.575757575757576
 1 -2.515151515151515
 4 -2.454545454545455
 0 -2.393939393939394
 1 -2.333333333333333
 0 -2.272727272727272
 0 -2.212121212121212
 0 -2.151515151515151
 0 -2.090909090909091
 7 -2.03030303030303
 26 -1.96969696969697
 37 -1.909090909090909
 0 -1.848484848484848
 1 -1.787878787878788
 0 -1.727272727272727
 2 -1.666666666666667
 97 -1.606060606060606
 30 -1.545454545454545
 88 -1.484848484848485
 31 -1.424242424242424
 92 -1.363636363636364
 18 -1.303030303030303
 14 -1.242424242424242
 489 -1.181818181818182
 12 -1.121212121212121
 547 -1.060606060606061
 16 -1
 484 -0.9393939393939394
 26 -0.8787878787878789
 483 -0.8181818181818183
 839 -0.7575757575757573
 645 -0.6969696969696968
 968 -0.6363636363636362
 644 -0.5757575757575757
 881 -0.5151515151515151
 556 -0.4545454545454546
 919 -0.393939393939394
 4090 -0.333333333333333
 575 -0.2727272727272725
 2531 -0.2121212121212119
 10 -0.1515151515151514
 2662 -0.09090909090909083
 15 -0.03030303030303028
 2568 0.03030303030303028
 23 0.09090909090909083
 2228 0.1515151515151514
 1549 0.2121212121212124
 2287 0.2727272727272729
 1516 0.3333333333333335
 673 0.393939393939394
 879 0.4545454545454546
 614 0.5151515151515151
 819 0.5757575757575757
 616 0.6363636363636367
 844 0.6969696969696972
 572 0.7575757575757578
 21 0.8181818181818183
 591 0.8787878787878789
 16 0.9393939393939394
 530 1
 19 1.060606060606061
 506 1.121212121212121
 17 1.181818181818182
 32 1.242424242424242
 113 1.303030303030303
 27 1.363636363636363
 97 1.424242424242425
 26 1.484848484848485
 118 1.545454545454546
 4 1.606060606060606
 0 1.666666666666667
 4 1.727272727272728
 38 1.787878787878788
 8 1.848484848484849
 29 1.909090909090909
 2 1.96969696969697
 5 2.03030303030303
 0 2.090909090909091
 0 2.151515151515151
 1 2.212121212121212
 1 2.272727272727272
 0 2.333333333333334
 8 2.393939393939394
 0 2.454545454545455
 0 2.515151515151516
 0 2.575757575757576
 0 2.636363636363637
 0 2.696969696969697
 0 2.757575757575758
 0 2.818181818181818
 0 2.878787878787879
 0 2.939393939393939
 0 3


