# Created by Octave 3.8.2, Sat Jun 20 11:19:20 2020 CEST <damian@fptrucha.inv.usc.es>
# name: hd
# type: matrix
# rows: 100
# columns: 2
 0 -3
 0 -2.939393939393939
 0 -2.878787878787879
 0 -2.818181818181818
 0 -2.757575757575758
 0 -2.696969696969697
 0 -2.636363636363636
 1 -2.575757575757576
 0 -2.515151515151515
 3 -2.454545454545455
 0 -2.393939393939394
 0 -2.333333333333333
 0 -2.272727272727272
 0 -2.212121212121212
 0 -2.151515151515151
 0 -2.090909090909091
 5 -2.03030303030303
 24 -1.96969696969697
 27 -1.909090909090909
 0 -1.848484848484848
 1 -1.787878787878788
 0 -1.727272727272727
 3 -1.666666666666667
 110 -1.606060606060606
 19 -1.545454545454545
 105 -1.484848484848485
 20 -1.424242424242424
 88 -1.363636363636364
 22 -1.303030303030303
 15 -1.242424242424242
 567 -1.181818181818182
 19 -1.121212121212121
 572 -1.060606060606061
 12 -1
 449 -0.9393939393939394
 14 -0.8787878787878789
 465 -0.8181818181818183
 1091 -0.7575757575757573
 751 -0.6969696969696968
 1064 -0.6363636363636362
 672 -0.5757575757575757
 969 -0.5151515151515151
 606 -0.4545454545454546
 848 -0.393939393939394
 4670 -0.333333333333333
 609 -0.2727272727272725
 3137 -0.2121212121212119
 11 -0.1515151515151514
 2895 -0.09090909090909083
 17 -0.03030303030303028
 2695 0.03030303030303028
 6 0.09090909090909083
 2488 0.1515151515151514
 1917 0.2121212121212124
 2521 0.2727272727272729
 1865 0.3333333333333335
 689 0.393939393939394
 993 0.4545454545454546
 700 0.5151515151515151
 910 0.5757575757575757
 620 0.6363636363636367
 879 0.6969696969696972
 680 0.7575757575757578
 17 0.8181818181818183
 619 0.8787878787878789
 16 0.9393939393939394
 582 1
 14 1.060606060606061
 533 1.121212121212121
 4 1.181818181818182
 32 1.242424242424242
 123 1.303030303030303
 28 1.363636363636363
 126 1.424242424242425
 27 1.484848484848485
 115 1.545454545454546
 2 1.606060606060606
 0 1.666666666666667
 1 1.727272727272728
 32 1.787878787878788
 3 1.848484848484849
 31 1.909090909090909
 3 1.96969696969697
 2 2.03030303030303
 0 2.090909090909091
 0 2.151515151515151
 1 2.212121212121212
 3 2.272727272727272
 1 2.333333333333334
 11 2.393939393939394
 0 2.454545454545455
 0 2.515151515151516
 0 2.575757575757576
 0 2.636363636363637
 0 2.696969696969697
 0 2.757575757575758
 0 2.818181818181818
 0 2.878787878787879
 0 2.939393939393939
 0 3


