# Created by Octave 3.8.2, Sat Jun 20 05:29:48 2020 CEST <damian@fptrucha.inv.usc.es>
# name: hd
# type: matrix
# rows: 100
# columns: 2
 0 -3
 0 -2.939393939393939
 0 -2.878787878787879
 0 -2.818181818181818
 0 -2.757575757575758
 0 -2.696969696969697
 0 -2.636363636363636
 3 -2.575757575757576
 1 -2.515151515151515
 6 -2.454545454545455
 1 -2.393939393939394
 0 -2.333333333333333
 2 -2.272727272727272
 0 -2.212121212121212
 0 -2.151515151515151
 0 -2.090909090909091
 7 -2.03030303030303
 27 -1.96969696969697
 29 -1.909090909090909
 1 -1.848484848484848
 2 -1.787878787878788
 0 -1.727272727272727
 4 -1.666666666666667
 114 -1.606060606060606
 29 -1.545454545454545
 89 -1.484848484848485
 43 -1.424242424242424
 115 -1.363636363636364
 11 -1.303030303030303
 11 -1.242424242424242
 681 -1.181818181818182
 26 -1.121212121212121
 575 -1.060606060606061
 17 -1
 482 -0.9393939393939394
 13 -0.8787878787878789
 516 -0.8181818181818183
 1049 -0.7575757575757573
 775 -0.6969696969696968
 1196 -0.6363636363636362
 765 -0.5757575757575757
 994 -0.5151515151515151
 687 -0.4545454545454546
 951 -0.393939393939394
 4728 -0.333333333333333
 604 -0.2727272727272725
 3194 -0.2121212121212119
 16 -0.1515151515151514
 2950 -0.09090909090909083
 9 -0.03030303030303028
 2799 0.03030303030303028
 13 0.09090909090909083
 2491 0.1515151515151514
 1925 0.2121212121212124
 2451 0.2727272727272729
 1864 0.3333333333333335
 691 0.393939393939394
 971 0.4545454545454546
 677 0.5151515151515151
 856 0.5757575757575757
 668 0.6363636363636367
 835 0.6969696969696972
 580 0.7575757575757578
 13 0.8181818181818183
 581 0.8787878787878789
 13 0.9393939393939394
 592 1
 6 1.060606060606061
 479 1.121212121212121
 13 1.181818181818182
 30 1.242424242424242
 104 1.303030303030303
 21 1.363636363636363
 115 1.424242424242425
 17 1.484848484848485
 126 1.545454545454546
 0 1.606060606060606
 0 1.666666666666667
 3 1.727272727272728
 35 1.787878787878788
 1 1.848484848484849
 35 1.909090909090909
 5 1.96969696969697
 0 2.03030303030303
 0 2.090909090909091
 0 2.151515151515151
 0 2.212121212121212
 0 2.272727272727272
 1 2.333333333333334
 7 2.393939393939394
 1 2.454545454545455
 0 2.515151515151516
 0 2.575757575757576
 0 2.636363636363637
 0 2.696969696969697
 0 2.757575757575758
 0 2.818181818181818
 0 2.878787878787879
 0 2.939393939393939
 0 3


