# Created by Octave 3.8.2, Sun Jun 21 02:12:59 2020 CEST <damian@fptrucha.inv.usc.es>
# name: hd
# type: matrix
# rows: 100
# columns: 2
 0 -3
 0 -2.939393939393939
 0 -2.878787878787879
 0 -2.818181818181818
 0 -2.757575757575758
 0 -2.696969696969697
 0 -2.636363636363636
 0 -2.575757575757576
 0 -2.515151515151515
 5 -2.454545454545455
 1 -2.393939393939394
 1 -2.333333333333333
 3 -2.272727272727272
 0 -2.212121212121212
 0 -2.151515151515151
 0 -2.090909090909091
 3 -2.03030303030303
 28 -1.96969696969697
 25 -1.909090909090909
 0 -1.848484848484848
 1 -1.787878787878788
 0 -1.727272727272727
 0 -1.666666666666667
 89 -1.606060606060606
 28 -1.545454545454545
 89 -1.484848484848485
 32 -1.424242424242424
 80 -1.363636363636364
 19 -1.303030303030303
 9 -1.242424242424242
 575 -1.181818181818182
 17 -1.121212121212121
 514 -1.060606060606061
 12 -1
 448 -0.9393939393939394
 13 -0.8787878787878789
 492 -0.8181818181818183
 930 -0.7575757575757573
 607 -0.6969696969696968
 1009 -0.6363636363636362
 683 -0.5757575757575757
 883 -0.5151515151515151
 550 -0.4545454545454546
 868 -0.393939393939394
 4232 -0.333333333333333
 523 -0.2727272727272725
 2878 -0.2121212121212119
 9 -0.1515151515151514
 2532 -0.09090909090909083
 10 -0.03030303030303028
 2419 0.03030303030303028
 7 0.09090909090909083
 2134 0.1515151515151514
 1712 0.2121212121212124
 2236 0.2727272727272729
 1679 0.3333333333333335
 619 0.393939393939394
 803 0.4545454545454546
 635 0.5151515151515151
 792 0.5757575757575757
 563 0.6363636363636367
 760 0.6969696969696972
 554 0.7575757575757578
 13 0.8181818181818183
 502 0.8787878787878789
 14 0.9393939393939394
 526 1
 7 1.060606060606061
 442 1.121212121212121
 8 1.181818181818182
 24 1.242424242424242
 95 1.303030303030303
 12 1.363636363636363
 107 1.424242424242425
 23 1.484848484848485
 70 1.545454545454546
 0 1.606060606060606
 0 1.666666666666667
 2 1.727272727272728
 33 1.787878787878788
 2 1.848484848484849
 25 1.909090909090909
 3 1.96969696969697
 0 2.03030303030303
 0 2.090909090909091
 0 2.151515151515151
 3 2.212121212121212
 2 2.272727272727272
 0 2.333333333333334
 3 2.393939393939394
 1 2.454545454545455
 1 2.515151515151516
 0 2.575757575757576
 0 2.636363636363637
 0 2.696969696969697
 0 2.757575757575758
 0 2.818181818181818
 0 2.878787878787879
 0 2.939393939393939
 0 3


