# Created by Octave 3.8.2, Sun Jun 21 07:49:22 2020 CEST <damian@fptrucha.inv.usc.es>
# name: hd
# type: matrix
# rows: 100
# columns: 2
 0 -3
 0 -2.939393939393939
 0 -2.878787878787879
 0 -2.818181818181818
 0 -2.757575757575758
 0 -2.696969696969697
 0 -2.636363636363636
 1 -2.575757575757576
 0 -2.515151515151515
 6 -2.454545454545455
 1 -2.393939393939394
 0 -2.333333333333333
 1 -2.272727272727272
 0 -2.212121212121212
 0 -2.151515151515151
 0 -2.090909090909091
 3 -2.03030303030303
 23 -1.96969696969697
 24 -1.909090909090909
 2 -1.848484848484848
 1 -1.787878787878788
 0 -1.727272727272727
 2 -1.666666666666667
 106 -1.606060606060606
 27 -1.545454545454545
 87 -1.484848484848485
 25 -1.424242424242424
 85 -1.363636363636364
 19 -1.303030303030303
 16 -1.242424242424242
 537 -1.181818181818182
 8 -1.121212121212121
 515 -1.060606060606061
 10 -1
 426 -0.9393939393939394
 10 -0.8787878787878789
 446 -0.8181818181818183
 942 -0.7575757575757573
 661 -0.6969696969696968
 998 -0.6363636363636362
 615 -0.5757575757575757
 873 -0.5151515151515151
 549 -0.4545454545454546
 822 -0.393939393939394
 4210 -0.333333333333333
 560 -0.2727272727272725
 2897 -0.2121212121212119
 9 -0.1515151515151514
 2602 -0.09090909090909083
 11 -0.03030303030303028
 2494 0.03030303030303028
 10 0.09090909090909083
 2112 0.1515151515151514
 1715 0.2121212121212124
 2199 0.2727272727272729
 1628 0.3333333333333335
 629 0.393939393939394
 876 0.4545454545454546
 665 0.5151515151515151
 754 0.5757575757575757
 566 0.6363636363636367
 818 0.6969696969696972
 549 0.7575757575757578
 13 0.8181818181818183
 561 0.8787878787878789
 13 0.9393939393939394
 499 1
 12 1.060606060606061
 513 1.121212121212121
 15 1.181818181818182
 27 1.242424242424242
 104 1.303030303030303
 23 1.363636363636363
 111 1.424242424242425
 20 1.484848484848485
 84 1.545454545454546
 2 1.606060606060606
 0 1.666666666666667
 4 1.727272727272728
 23 1.787878787878788
 1 1.848484848484849
 22 1.909090909090909
 1 1.96969696969697
 1 2.03030303030303
 0 2.090909090909091
 0 2.151515151515151
 1 2.212121212121212
 0 2.272727272727272
 0 2.333333333333334
 3 2.393939393939394
 0 2.454545454545455
 0 2.515151515151516
 0 2.575757575757576
 0 2.636363636363637
 0 2.696969696969697
 0 2.757575757575758
 0 2.818181818181818
 0 2.878787878787879
 0 2.939393939393939
 0 3


