# Created by Octave 3.8.2, Sat Jun 20 09:55:05 2020 CEST <damian@fptrucha.inv.usc.es>
# name: hd
# type: matrix
# rows: 100
# columns: 2
 0 -3
 0 -2.939393939393939
 0 -2.878787878787879
 0 -2.818181818181818
 0 -2.757575757575758
 0 -2.696969696969697
 0 -2.636363636363636
 1 -2.575757575757576
 0 -2.515151515151515
 9 -2.454545454545455
 1 -2.393939393939394
 1 -2.333333333333333
 1 -2.272727272727272
 0 -2.212121212121212
 0 -2.151515151515151
 2 -2.090909090909091
 2 -2.03030303030303
 19 -1.96969696969697
 31 -1.909090909090909
 1 -1.848484848484848
 1 -1.787878787878788
 0 -1.727272727272727
 2 -1.666666666666667
 103 -1.606060606060606
 25 -1.545454545454545
 110 -1.484848484848485
 35 -1.424242424242424
 97 -1.363636363636364
 22 -1.303030303030303
 16 -1.242424242424242
 622 -1.181818181818182
 18 -1.121212121212121
 579 -1.060606060606061
 18 -1
 491 -0.9393939393939394
 15 -0.8787878787878789
 489 -0.8181818181818183
 1140 -0.7575757575757573
 789 -0.6969696969696968
 1117 -0.6363636363636362
 710 -0.5757575757575757
 1015 -0.5151515151515151
 634 -0.4545454545454546
 964 -0.393939393939394
 4792 -0.333333333333333
 606 -0.2727272727272725
 3297 -0.2121212121212119
 6 -0.1515151515151514
 2955 -0.09090909090909083
 11 -0.03030303030303028
 2810 0.03030303030303028
 12 0.09090909090909083
 2540 0.1515151515151514
 2015 0.2121212121212124
 2509 0.2727272727272729
 1936 0.3333333333333335
 705 0.393939393939394
 1006 0.4545454545454546
 751 0.5151515151515151
 950 0.5757575757575757
 662 0.6363636363636367
 884 0.6969696969696972
 641 0.7575757575757578
 12 0.8181818181818183
 663 0.8787878787878789
 7 0.9393939393939394
 642 1
 14 1.060606060606061
 585 1.121212121212121
 12 1.181818181818182
 38 1.242424242424242
 131 1.303030303030303
 41 1.363636363636363
 120 1.424242424242425
 34 1.484848484848485
 115 1.545454545454546
 5 1.606060606060606
 0 1.666666666666667
 2 1.727272727272728
 36 1.787878787878788
 3 1.848484848484849
 32 1.909090909090909
 5 1.96969696969697
 0 2.03030303030303
 0 2.090909090909091
 0 2.151515151515151
 2 2.212121212121212
 1 2.272727272727272
 0 2.333333333333334
 7 2.393939393939394
 3 2.454545454545455
 0 2.515151515151516
 0 2.575757575757576
 0 2.636363636363637
 0 2.696969696969697
 0 2.757575757575758
 0 2.818181818181818
 0 2.878787878787879
 0 2.939393939393939
 0 3


