# Created by Octave 3.8.2, Mon Jun 22 04:30:51 2020 CEST <damian@fptrucha.inv.usc.es>
# name: hd
# type: matrix
# rows: 100
# columns: 2
 0 -3
 0 -2.939393939393939
 0 -2.878787878787879
 0 -2.818181818181818
 0 -2.757575757575758
 0 -2.696969696969697
 0 -2.636363636363636
 1 -2.575757575757576
 0 -2.515151515151515
 8 -2.454545454545455
 1 -2.393939393939394
 1 -2.333333333333333
 1 -2.272727272727272
 0 -2.212121212121212
 0 -2.151515151515151
 3 -2.090909090909091
 4 -2.03030303030303
 42 -1.96969696969697
 45 -1.909090909090909
 1 -1.848484848484848
 1 -1.787878787878788
 0 -1.727272727272727
 2 -1.666666666666667
 102 -1.606060606060606
 29 -1.545454545454545
 113 -1.484848484848485
 40 -1.424242424242424
 101 -1.363636363636364
 24 -1.303030303030303
 14 -1.242424242424242
 522 -1.181818181818182
 15 -1.121212121212121
 496 -1.060606060606061
 13 -1
 517 -0.9393939393939394
 15 -0.8787878787878789
 451 -0.8181818181818183
 879 -0.7575757575757573
 587 -0.6969696969696968
 883 -0.6363636363636362
 554 -0.5757575757575757
 814 -0.5151515151515151
 577 -0.4545454545454546
 789 -0.393939393939394
 3595 -0.333333333333333
 501 -0.2727272727272725
 2281 -0.2121212121212119
 13 -0.1515151515151514
 2274 -0.09090909090909083
 15 -0.03030303030303028
 2176 0.03030303030303028
 11 0.09090909090909083
 2022 0.1515151515151514
 1529 0.2121212121212124
 2061 0.2727272727272729
 1442 0.3333333333333335
 581 0.393939393939394
 770 0.4545454545454546
 539 0.5151515151515151
 692 0.5757575757575757
 529 0.6363636363636367
 707 0.6969696969696972
 482 0.7575757575757578
 11 0.8181818181818183
 537 0.8787878787878789
 21 0.9393939393939394
 479 1
 20 1.060606060606061
 477 1.121212121212121
 12 1.181818181818182
 26 1.242424242424242
 113 1.303030303030303
 39 1.363636363636363
 103 1.424242424242425
 33 1.484848484848485
 101 1.545454545454546
 3 1.606060606060606
 0 1.666666666666667
 2 1.727272727272728
 36 1.787878787878788
 8 1.848484848484849
 26 1.909090909090909
 3 1.96969696969697
 1 2.03030303030303
 0 2.090909090909091
 0 2.151515151515151
 1 2.212121212121212
 0 2.272727272727272
 1 2.333333333333334
 14 2.393939393939394
 0 2.454545454545455
 1 2.515151515151516
 0 2.575757575757576
 0 2.636363636363637
 0 2.696969696969697
 0 2.757575757575758
 0 2.818181818181818
 0 2.878787878787879
 0 2.939393939393939
 0 3


