# Created by Octave 3.8.2, Mon Jun 22 05:16:57 2020 CEST <damian@fptrucha.inv.usc.es>
# name: hd
# type: matrix
# rows: 100
# columns: 2
 0 -3
 0 -2.939393939393939
 0 -2.878787878787879
 0 -2.818181818181818
 0 -2.757575757575758
 0 -2.696969696969697
 0 -2.636363636363636
 1 -2.575757575757576
 0 -2.515151515151515
 7 -2.454545454545455
 4 -2.393939393939394
 0 -2.333333333333333
 1 -2.272727272727272
 0 -2.212121212121212
 0 -2.151515151515151
 2 -2.090909090909091
 2 -2.03030303030303
 46 -1.96969696969697
 43 -1.909090909090909
 3 -1.848484848484848
 4 -1.787878787878788
 0 -1.727272727272727
 5 -1.666666666666667
 100 -1.606060606060606
 35 -1.545454545454545
 122 -1.484848484848485
 11 -1.424242424242424
 116 -1.363636363636364
 24 -1.303030303030303
 11 -1.242424242424242
 498 -1.181818181818182
 17 -1.121212121212121
 504 -1.060606060606061
 21 -1
 526 -0.9393939393939394
 23 -0.8787878787878789
 460 -0.8181818181818183
 896 -0.7575757575757573
 638 -0.6969696969696968
 886 -0.6363636363636362
 558 -0.5757575757575757
 819 -0.5151515151515151
 558 -0.4545454545454546
 867 -0.393939393939394
 3817 -0.333333333333333
 560 -0.2727272727272725
 2338 -0.2121212121212119
 17 -0.1515151515151514
 2475 -0.09090909090909083
 9 -0.03030303030303028
 2207 0.03030303030303028
 24 0.09090909090909083
 2109 0.1515151515151514
 1410 0.2121212121212124
 2053 0.2727272727272729
 1467 0.3333333333333335
 624 0.393939393939394
 813 0.4545454545454546
 602 0.5151515151515151
 719 0.5757575757575757
 587 0.6363636363636367
 715 0.6969696969696972
 529 0.7575757575757578
 16 0.8181818181818183
 558 0.8787878787878789
 18 0.9393939393939394
 482 1
 12 1.060606060606061
 489 1.121212121212121
 15 1.181818181818182
 29 1.242424242424242
 96 1.303030303030303
 28 1.363636363636363
 116 1.424242424242425
 33 1.484848484848485
 106 1.545454545454546
 0 1.606060606060606
 0 1.666666666666667
 3 1.727272727272728
 50 1.787878787878788
 4 1.848484848484849
 36 1.909090909090909
 3 1.96969696969697
 3 2.03030303030303
 0 2.090909090909091
 0 2.151515151515151
 0 2.212121212121212
 1 2.272727272727272
 4 2.333333333333334
 11 2.393939393939394
 1 2.454545454545455
 0 2.515151515151516
 0 2.575757575757576
 0 2.636363636363637
 0 2.696969696969697
 0 2.757575757575758
 0 2.818181818181818
 0 2.878787878787879
 0 2.939393939393939
 0 3


