# Created by Octave 3.8.2, Mon Jun 22 23:52:41 2020 CEST <damian@fptrucha.inv.usc.es>
# name: hd
# type: matrix
# rows: 100
# columns: 2
 0 -3
 0 -2.939393939393939
 0 -2.878787878787879
 0 -2.818181818181818
 0 -2.757575757575758
 0 -2.696969696969697
 0 -2.636363636363636
 2 -2.575757575757576
 3 -2.515151515151515
 10 -2.454545454545455
 1 -2.393939393939394
 0 -2.333333333333333
 0 -2.272727272727272
 0 -2.212121212121212
 0 -2.151515151515151
 0 -2.090909090909091
 3 -2.03030303030303
 45 -1.96969696969697
 36 -1.909090909090909
 2 -1.848484848484848
 1 -1.787878787878788
 0 -1.727272727272727
 0 -1.666666666666667
 117 -1.606060606060606
 30 -1.545454545454545
 96 -1.484848484848485
 25 -1.424242424242424
 121 -1.363636363636364
 26 -1.303030303030303
 11 -1.242424242424242
 655 -1.181818181818182
 21 -1.121212121212121
 650 -1.060606060606061
 24 -1
 548 -0.9393939393939394
 24 -0.8787878787878789
 544 -0.8181818181818183
 1060 -0.7575757575757573
 698 -0.6969696969696968
 1116 -0.6363636363636362
 682 -0.5757575757575757
 956 -0.5151515151515151
 651 -0.4545454545454546
 1004 -0.393939393939394
 4476 -0.333333333333333
 640 -0.2727272727272725
 2870 -0.2121212121212119
 15 -0.1515151515151514
 2758 -0.09090909090909083
 11 -0.03030303030303028
 2693 0.03030303030303028
 16 0.09090909090909083
 2445 0.1515151515151514
 1639 0.2121212121212124
 2469 0.2727272727272729
 1682 0.3333333333333335
 697 0.393939393939394
 923 0.4545454545454546
 682 0.5151515151515151
 843 0.5757575757575757
 669 0.6363636363636367
 857 0.6969696969696972
 561 0.7575757575757578
 15 0.8181818181818183
 563 0.8787878787878789
 16 0.9393939393939394
 571 1
 17 1.060606060606061
 522 1.121212121212121
 16 1.181818181818182
 38 1.242424242424242
 103 1.303030303030303
 31 1.363636363636363
 110 1.424242424242425
 37 1.484848484848485
 102 1.545454545454546
 0 1.606060606060606
 0 1.666666666666667
 1 1.727272727272728
 41 1.787878787878788
 6 1.848484848484849
 36 1.909090909090909
 6 1.96969696969697
 1 2.03030303030303
 0 2.090909090909091
 0 2.151515151515151
 2 2.212121212121212
 0 2.272727272727272
 0 2.333333333333334
 3 2.393939393939394
 1 2.454545454545455
 1 2.515151515151516
 0 2.575757575757576
 0 2.636363636363637
 0 2.696969696969697
 0 2.757575757575758
 0 2.818181818181818
 0 2.878787878787879
 0 2.939393939393939
 0 3


