# Created by Octave 3.8.2, Sun Jun 21 02:06:24 2020 CEST <damian@fptrucha.inv.usc.es>
# name: hd
# type: matrix
# rows: 100
# columns: 2
 0 -3
 0 -2.939393939393939
 0 -2.878787878787879
 0 -2.818181818181818
 0 -2.757575757575758
 0 -2.696969696969697
 0 -2.636363636363636
 1 -2.575757575757576
 2 -2.515151515151515
 1 -2.454545454545455
 0 -2.393939393939394
 0 -2.333333333333333
 1 -2.272727272727272
 0 -2.212121212121212
 0 -2.151515151515151
 3 -2.090909090909091
 2 -2.03030303030303
 36 -1.96969696969697
 23 -1.909090909090909
 0 -1.848484848484848
 1 -1.787878787878788
 0 -1.727272727272727
 2 -1.666666666666667
 100 -1.606060606060606
 21 -1.545454545454545
 94 -1.484848484848485
 18 -1.424242424242424
 64 -1.363636363636364
 18 -1.303030303030303
 7 -1.242424242424242
 506 -1.181818181818182
 7 -1.121212121212121
 478 -1.060606060606061
 12 -1
 457 -0.9393939393939394
 19 -0.8787878787878789
 435 -0.8181818181818183
 935 -0.7575757575757573
 662 -0.6969696969696968
 1023 -0.6363636363636362
 585 -0.5757575757575757
 873 -0.5151515151515151
 522 -0.4545454545454546
 747 -0.393939393939394
 4225 -0.333333333333333
 547 -0.2727272727272725
 2854 -0.2121212121212119
 3 -0.1515151515151514
 2573 -0.09090909090909083
 10 -0.03030303030303028
 2515 0.03030303030303028
 11 0.09090909090909083
 2159 0.1515151515151514
 1632 0.2121212121212124
 2176 0.2727272727272729
 1545 0.3333333333333335
 630 0.393939393939394
 903 0.4545454545454546
 652 0.5151515151515151
 777 0.5757575757575757
 577 0.6363636363636367
 774 0.6969696969696972
 582 0.7575757575757578
 17 0.8181818181818183
 501 0.8787878787878789
 15 0.9393939393939394
 453 1
 15 1.060606060606061
 468 1.121212121212121
 11 1.181818181818182
 30 1.242424242424242
 82 1.303030303030303
 16 1.363636363636363
 85 1.424242424242425
 21 1.484848484848485
 100 1.545454545454546
 0 1.606060606060606
 0 1.666666666666667
 3 1.727272727272728
 25 1.787878787878788
 4 1.848484848484849
 26 1.909090909090909
 4 1.96969696969697
 1 2.03030303030303
 0 2.090909090909091
 0 2.151515151515151
 2 2.212121212121212
 0 2.272727272727272
 1 2.333333333333334
 8 2.393939393939394
 1 2.454545454545455
 1 2.515151515151516
 0 2.575757575757576
 0 2.636363636363637
 0 2.696969696969697
 0 2.757575757575758
 0 2.818181818181818
 0 2.878787878787879
 0 2.939393939393939
 0 3


