# Created by Octave 3.8.2, Sun Jun 21 00:17:04 2020 CEST <damian@fptrucha.inv.usc.es>
# name: hd
# type: matrix
# rows: 100
# columns: 2
 0 -3
 0 -2.939393939393939
 0 -2.878787878787879
 0 -2.818181818181818
 0 -2.757575757575758
 0 -2.696969696969697
 0 -2.636363636363636
 0 -2.575757575757576
 0 -2.515151515151515
 2 -2.454545454545455
 0 -2.393939393939394
 0 -2.333333333333333
 2 -2.272727272727272
 0 -2.212121212121212
 0 -2.151515151515151
 0 -2.090909090909091
 0 -2.03030303030303
 13 -1.96969696969697
 30 -1.909090909090909
 2 -1.848484848484848
 1 -1.787878787878788
 0 -1.727272727272727
 3 -1.666666666666667
 85 -1.606060606060606
 35 -1.545454545454545
 95 -1.484848484848485
 15 -1.424242424242424
 84 -1.363636363636364
 17 -1.303030303030303
 12 -1.242424242424242
 496 -1.181818181818182
 9 -1.121212121212121
 491 -1.060606060606061
 11 -1
 415 -0.9393939393939394
 14 -0.8787878787878789
 456 -0.8181818181818183
 884 -0.7575757575757573
 620 -0.6969696969696968
 946 -0.6363636363636362
 617 -0.5757575757575757
 851 -0.5151515151515151
 581 -0.4545454545454546
 793 -0.393939393939394
 4096 -0.333333333333333
 502 -0.2727272727272725
 2848 -0.2121212121212119
 8 -0.1515151515151514
 2585 -0.09090909090909083
 11 -0.03030303030303028
 2482 0.03030303030303028
 9 0.09090909090909083
 2116 0.1515151515151514
 1653 0.2121212121212124
 2142 0.2727272727272729
 1553 0.3333333333333335
 610 0.393939393939394
 862 0.4545454545454546
 635 0.5151515151515151
 791 0.5757575757575757
 569 0.6363636363636367
 782 0.6969696969696972
 576 0.7575757575757578
 11 0.8181818181818183
 524 0.8787878787878789
 15 0.9393939393939394
 545 1
 10 1.060606060606061
 501 1.121212121212121
 9 1.181818181818182
 27 1.242424242424242
 108 1.303030303030303
 26 1.363636363636363
 111 1.424242424242425
 23 1.484848484848485
 80 1.545454545454546
 1 1.606060606060606
 0 1.666666666666667
 2 1.727272727272728
 22 1.787878787878788
 2 1.848484848484849
 25 1.909090909090909
 4 1.96969696969697
 2 2.03030303030303
 0 2.090909090909091
 0 2.151515151515151
 0 2.212121212121212
 0 2.272727272727272
 1 2.333333333333334
 6 2.393939393939394
 0 2.454545454545455
 0 2.515151515151516
 0 2.575757575757576
 0 2.636363636363637
 0 2.696969696969697
 0 2.757575757575758
 0 2.818181818181818
 0 2.878787878787879
 0 2.939393939393939
 0 3


