# Created by Octave 3.8.2, Sat Jun 20 18:16:56 2020 CEST <damian@fptrucha.inv.usc.es>
# name: hd
# type: matrix
# rows: 100
# columns: 2
 0 -3
 0 -2.939393939393939
 0 -2.878787878787879
 0 -2.818181818181818
 0 -2.757575757575758
 0 -2.696969696969697
 0 -2.636363636363636
 1 -2.575757575757576
 1 -2.515151515151515
 1 -2.454545454545455
 0 -2.393939393939394
 0 -2.333333333333333
 1 -2.272727272727272
 0 -2.212121212121212
 0 -2.151515151515151
 1 -2.090909090909091
 5 -2.03030303030303
 19 -1.96969696969697
 25 -1.909090909090909
 2 -1.848484848484848
 0 -1.787878787878788
 0 -1.727272727272727
 3 -1.666666666666667
 80 -1.606060606060606
 18 -1.545454545454545
 76 -1.484848484848485
 21 -1.424242424242424
 78 -1.363636363636364
 21 -1.303030303030303
 13 -1.242424242424242
 545 -1.181818181818182
 8 -1.121212121212121
 521 -1.060606060606061
 11 -1
 428 -0.9393939393939394
 15 -0.8787878787878789
 444 -0.8181818181818183
 1011 -0.7575757575757573
 662 -0.6969696969696968
 934 -0.6363636363636362
 661 -0.5757575757575757
 850 -0.5151515151515151
 523 -0.4545454545454546
 819 -0.393939393939394
 4138 -0.333333333333333
 518 -0.2727272727272725
 2927 -0.2121212121212119
 8 -0.1515151515151514
 2642 -0.09090909090909083
 8 -0.03030303030303028
 2547 0.03030303030303028
 16 0.09090909090909083
 2199 0.1515151515151514
 1733 0.2121212121212124
 2259 0.2727272727272729
 1597 0.3333333333333335
 631 0.393939393939394
 870 0.4545454545454546
 650 0.5151515151515151
 805 0.5757575757575757
 648 0.6363636363636367
 777 0.6969696969696972
 576 0.7575757575757578
 14 0.8181818181818183
 558 0.8787878787878789
 10 0.9393939393939394
 488 1
 16 1.060606060606061
 498 1.121212121212121
 12 1.181818181818182
 29 1.242424242424242
 86 1.303030303030303
 15 1.363636363636363
 98 1.424242424242425
 24 1.484848484848485
 98 1.545454545454546
 1 1.606060606060606
 0 1.666666666666667
 0 1.727272727272728
 30 1.787878787878788
 4 1.848484848484849
 27 1.909090909090909
 3 1.96969696969697
 0 2.03030303030303
 0 2.090909090909091
 0 2.151515151515151
 1 2.212121212121212
 1 2.272727272727272
 0 2.333333333333334
 4 2.393939393939394
 0 2.454545454545455
 1 2.515151515151516
 0 2.575757575757576
 0 2.636363636363637
 0 2.696969696969697
 0 2.757575757575758
 0 2.818181818181818
 0 2.878787878787879
 0 2.939393939393939
 0 3


