# Created by Octave 3.8.2, Mon Jun 22 01:37:05 2020 CEST <damian@fptrucha.inv.usc.es>
# name: hd
# type: matrix
# rows: 100
# columns: 2
 0 -3
 0 -2.939393939393939
 0 -2.878787878787879
 0 -2.818181818181818
 0 -2.757575757575758
 0 -2.696969696969697
 0 -2.636363636363636
 1 -2.575757575757576
 0 -2.515151515151515
 7 -2.454545454545455
 0 -2.393939393939394
 0 -2.333333333333333
 2 -2.272727272727272
 0 -2.212121212121212
 0 -2.151515151515151
 1 -2.090909090909091
 2 -2.03030303030303
 28 -1.96969696969697
 35 -1.909090909090909
 2 -1.848484848484848
 1 -1.787878787878788
 0 -1.727272727272727
 1 -1.666666666666667
 90 -1.606060606060606
 31 -1.545454545454545
 94 -1.484848484848485
 24 -1.424242424242424
 96 -1.363636363636364
 19 -1.303030303030303
 17 -1.242424242424242
 570 -1.181818181818182
 12 -1.121212121212121
 524 -1.060606060606061
 19 -1
 447 -0.9393939393939394
 13 -0.8787878787878789
 467 -0.8181818181818183
 1011 -0.7575757575757573
 726 -0.6969696969696968
 1117 -0.6363636363636362
 602 -0.5757575757575757
 932 -0.5151515151515151
 605 -0.4545454545454546
 834 -0.393939393939394
 4394 -0.333333333333333
 569 -0.2727272727272725
 2920 -0.2121212121212119
 14 -0.1515151515151514
 2790 -0.09090909090909083
 12 -0.03030303030303028
 2594 0.03030303030303028
 11 0.09090909090909083
 2265 0.1515151515151514
 1784 0.2121212121212124
 2299 0.2727272727272729
 1767 0.3333333333333335
 683 0.393939393939394
 906 0.4545454545454546
 627 0.5151515151515151
 858 0.5757575757575757
 591 0.6363636363636367
 873 0.6969696969696972
 627 0.7575757575757578
 17 0.8181818181818183
 550 0.8787878787878789
 13 0.9393939393939394
 554 1
 9 1.060606060606061
 470 1.121212121212121
 11 1.181818181818182
 29 1.242424242424242
 89 1.303030303030303
 32 1.363636363636363
 104 1.424242424242425
 41 1.484848484848485
 99 1.545454545454546
 2 1.606060606060606
 0 1.666666666666667
 1 1.727272727272728
 26 1.787878787878788
 4 1.848484848484849
 30 1.909090909090909
 5 1.96969696969697
 1 2.03030303030303
 0 2.090909090909091
 0 2.151515151515151
 0 2.212121212121212
 1 2.272727272727272
 1 2.333333333333334
 7 2.393939393939394
 0 2.454545454545455
 1 2.515151515151516
 0 2.575757575757576
 0 2.636363636363637
 0 2.696969696969697
 0 2.757575757575758
 0 2.818181818181818
 0 2.878787878787879
 0 2.939393939393939
 0 3


