# Created by Octave 3.8.2, Sun Jun 21 02:37:56 2020 CEST <damian@fptrucha.inv.usc.es>
# name: hd
# type: matrix
# rows: 100
# columns: 2
 0 -3
 0 -2.939393939393939
 0 -2.878787878787879
 0 -2.818181818181818
 0 -2.757575757575758
 0 -2.696969696969697
 0 -2.636363636363636
 1 -2.575757575757576
 1 -2.515151515151515
 7 -2.454545454545455
 1 -2.393939393939394
 1 -2.333333333333333
 2 -2.272727272727272
 0 -2.212121212121212
 0 -2.151515151515151
 0 -2.090909090909091
 3 -2.03030303030303
 28 -1.96969696969697
 22 -1.909090909090909
 1 -1.848484848484848
 3 -1.787878787878788
 0 -1.727272727272727
 0 -1.666666666666667
 96 -1.606060606060606
 26 -1.545454545454545
 70 -1.484848484848485
 24 -1.424242424242424
 77 -1.363636363636364
 20 -1.303030303030303
 11 -1.242424242424242
 617 -1.181818181818182
 12 -1.121212121212121
 475 -1.060606060606061
 13 -1
 430 -0.9393939393939394
 13 -0.8787878787878789
 462 -0.8181818181818183
 919 -0.7575757575757573
 638 -0.6969696969696968
 1051 -0.6363636363636362
 650 -0.5757575757575757
 888 -0.5151515151515151
 540 -0.4545454545454546
 800 -0.393939393939394
 4057 -0.333333333333333
 518 -0.2727272727272725
 2775 -0.2121212121212119
 8 -0.1515151515151514
 2595 -0.09090909090909083
 5 -0.03030303030303028
 2396 0.03030303030303028
 11 0.09090909090909083
 2151 0.1515151515151514
 1684 0.2121212121212124
 2139 0.2727272727272729
 1568 0.3333333333333335
 615 0.393939393939394
 834 0.4545454545454546
 660 0.5151515151515151
 799 0.5757575757575757
 577 0.6363636363636367
 751 0.6969696969696972
 590 0.7575757575757578
 12 0.8181818181818183
 553 0.8787878787878789
 6 0.9393939393939394
 493 1
 13 1.060606060606061
 469 1.121212121212121
 11 1.181818181818182
 24 1.242424242424242
 102 1.303030303030303
 20 1.363636363636363
 99 1.424242424242425
 29 1.484848484848485
 76 1.545454545454546
 1 1.606060606060606
 0 1.666666666666667
 1 1.727272727272728
 36 1.787878787878788
 3 1.848484848484849
 21 1.909090909090909
 3 1.96969696969697
 1 2.03030303030303
 0 2.090909090909091
 0 2.151515151515151
 0 2.212121212121212
 1 2.272727272727272
 0 2.333333333333334
 6 2.393939393939394
 0 2.454545454545455
 0 2.515151515151516
 0 2.575757575757576
 0 2.636363636363637
 0 2.696969696969697
 0 2.757575757575758
 0 2.818181818181818
 0 2.878787878787879
 0 2.939393939393939
 0 3


