# Created by Octave 3.8.2, Mon Jun 22 23:02:45 2020 CEST <damian@fptrucha.inv.usc.es>
# name: hd
# type: matrix
# rows: 100
# columns: 2
 0 -3
 0 -2.939393939393939
 0 -2.878787878787879
 0 -2.818181818181818
 0 -2.757575757575758
 0 -2.696969696969697
 0 -2.636363636363636
 1 -2.575757575757576
 0 -2.515151515151515
 7 -2.454545454545455
 1 -2.393939393939394
 0 -2.333333333333333
 0 -2.272727272727272
 0 -2.212121212121212
 0 -2.151515151515151
 2 -2.090909090909091
 8 -2.03030303030303
 37 -1.96969696969697
 34 -1.909090909090909
 3 -1.848484848484848
 2 -1.787878787878788
 0 -1.727272727272727
 2 -1.666666666666667
 129 -1.606060606060606
 26 -1.545454545454545
 100 -1.484848484848485
 21 -1.424242424242424
 109 -1.363636363636364
 14 -1.303030303030303
 11 -1.242424242424242
 619 -1.181818181818182
 20 -1.121212121212121
 609 -1.060606060606061
 17 -1
 548 -0.9393939393939394
 15 -0.8787878787878789
 561 -0.8181818181818183
 995 -0.7575757575757573
 708 -0.6969696969696968
 1031 -0.6363636363636362
 736 -0.5757575757575757
 922 -0.5151515151515151
 683 -0.4545454545454546
 962 -0.393939393939394
 4530 -0.333333333333333
 579 -0.2727272727272725
 2818 -0.2121212121212119
 17 -0.1515151515151514
 2895 -0.09090909090909083
 26 -0.03030303030303028
 2648 0.03030303030303028
 16 0.09090909090909083
 2505 0.1515151515151514
 1717 0.2121212121212124
 2446 0.2727272727272729
 1702 0.3333333333333335
 742 0.393939393939394
 1005 0.4545454545454546
 700 0.5151515151515151
 889 0.5757575757575757
 710 0.6363636363636367
 857 0.6969696969696972
 614 0.7575757575757578
 13 0.8181818181818183
 619 0.8787878787878789
 19 0.9393939393939394
 558 1
 16 1.060606060606061
 560 1.121212121212121
 11 1.181818181818182
 31 1.242424242424242
 124 1.303030303030303
 25 1.363636363636363
 124 1.424242424242425
 33 1.484848484848485
 84 1.545454545454546
 4 1.606060606060606
 0 1.666666666666667
 3 1.727272727272728
 38 1.787878787878788
 5 1.848484848484849
 50 1.909090909090909
 7 1.96969696969697
 3 2.03030303030303
 0 2.090909090909091
 0 2.151515151515151
 4 2.212121212121212
 0 2.272727272727272
 0 2.333333333333334
 7 2.393939393939394
 0 2.454545454545455
 2 2.515151515151516
 0 2.575757575757576
 0 2.636363636363637
 0 2.696969696969697
 0 2.757575757575758
 0 2.818181818181818
 0 2.878787878787879
 0 2.939393939393939
 0 3


