# Created by Octave 3.8.2, Sun Jun 21 04:59:50 2020 CEST <damian@fptrucha.inv.usc.es>
# name: hd
# type: matrix
# rows: 100
# columns: 2
 0 -3
 0 -2.939393939393939
 0 -2.878787878787879
 0 -2.818181818181818
 0 -2.757575757575758
 0 -2.696969696969697
 0 -2.636363636363636
 0 -2.575757575757576
 0 -2.515151515151515
 1 -2.454545454545455
 1 -2.393939393939394
 1 -2.333333333333333
 1 -2.272727272727272
 0 -2.212121212121212
 0 -2.151515151515151
 2 -2.090909090909091
 5 -2.03030303030303
 23 -1.96969696969697
 28 -1.909090909090909
 1 -1.848484848484848
 1 -1.787878787878788
 0 -1.727272727272727
 2 -1.666666666666667
 99 -1.606060606060606
 24 -1.545454545454545
 88 -1.484848484848485
 30 -1.424242424242424
 98 -1.363636363636364
 16 -1.303030303030303
 6 -1.242424242424242
 569 -1.181818181818182
 5 -1.121212121212121
 526 -1.060606060606061
 7 -1
 483 -0.9393939393939394
 15 -0.8787878787878789
 470 -0.8181818181818183
 1010 -0.7575757575757573
 714 -0.6969696969696968
 1025 -0.6363636363636362
 634 -0.5757575757575757
 845 -0.5151515151515151
 577 -0.4545454545454546
 833 -0.393939393939394
 4232 -0.333333333333333
 576 -0.2727272727272725
 2875 -0.2121212121212119
 11 -0.1515151515151514
 2554 -0.09090909090909083
 6 -0.03030303030303028
 2472 0.03030303030303028
 11 0.09090909090909083
 2134 0.1515151515151514
 1725 0.2121212121212124
 2248 0.2727272727272729
 1646 0.3333333333333335
 628 0.393939393939394
 896 0.4545454545454546
 585 0.5151515151515151
 808 0.5757575757575757
 579 0.6363636363636367
 821 0.6969696969696972
 572 0.7575757575757578
 9 0.8181818181818183
 543 0.8787878787878789
 11 0.9393939393939394
 490 1
 7 1.060606060606061
 482 1.121212121212121
 10 1.181818181818182
 25 1.242424242424242
 95 1.303030303030303
 21 1.363636363636363
 93 1.424242424242425
 19 1.484848484848485
 77 1.545454545454546
 0 1.606060606060606
 0 1.666666666666667
 2 1.727272727272728
 26 1.787878787878788
 4 1.848484848484849
 23 1.909090909090909
 6 1.96969696969697
 0 2.03030303030303
 0 2.090909090909091
 0 2.151515151515151
 0 2.212121212121212
 0 2.272727272727272
 0 2.333333333333334
 11 2.393939393939394
 0 2.454545454545455
 0 2.515151515151516
 0 2.575757575757576
 0 2.636363636363637
 0 2.696969696969697
 0 2.757575757575758
 0 2.818181818181818
 0 2.878787878787879
 0 2.939393939393939
 0 3


