# Created by Octave 3.8.2, Sun Jun 21 03:26:45 2020 CEST <damian@fptrucha.inv.usc.es>
# name: hd
# type: matrix
# rows: 100
# columns: 2
 0 -3
 0 -2.939393939393939
 0 -2.878787878787879
 0 -2.818181818181818
 0 -2.757575757575758
 0 -2.696969696969697
 0 -2.636363636363636
 0 -2.575757575757576
 2 -2.515151515151515
 7 -2.454545454545455
 0 -2.393939393939394
 0 -2.333333333333333
 1 -2.272727272727272
 0 -2.212121212121212
 0 -2.151515151515151
 1 -2.090909090909091
 1 -2.03030303030303
 19 -1.96969696969697
 24 -1.909090909090909
 2 -1.848484848484848
 1 -1.787878787878788
 0 -1.727272727272727
 2 -1.666666666666667
 107 -1.606060606060606
 24 -1.545454545454545
 81 -1.484848484848485
 15 -1.424242424242424
 71 -1.363636363636364
 11 -1.303030303030303
 16 -1.242424242424242
 538 -1.181818181818182
 5 -1.121212121212121
 510 -1.060606060606061
 15 -1
 431 -0.9393939393939394
 13 -0.8787878787878789
 445 -0.8181818181818183
 942 -0.7575757575757573
 688 -0.6969696969696968
 985 -0.6363636363636362
 624 -0.5757575757575757
 781 -0.5151515151515151
 593 -0.4545454545454546
 840 -0.393939393939394
 4159 -0.333333333333333
 541 -0.2727272727272725
 2881 -0.2121212121212119
 7 -0.1515151515151514
 2458 -0.09090909090909083
 11 -0.03030303030303028
 2516 0.03030303030303028
 14 0.09090909090909083
 2150 0.1515151515151514
 1726 0.2121212121212124
 2138 0.2727272727272729
 1510 0.3333333333333335
 599 0.393939393939394
 845 0.4545454545454546
 600 0.5151515151515151
 754 0.5757575757575757
 588 0.6363636363636367
 762 0.6969696969696972
 599 0.7575757575757578
 11 0.8181818181818183
 530 0.8787878787878789
 10 0.9393939393939394
 500 1
 8 1.060606060606061
 487 1.121212121212121
 6 1.181818181818182
 26 1.242424242424242
 84 1.303030303030303
 27 1.363636363636363
 90 1.424242424242425
 21 1.484848484848485
 81 1.545454545454546
 1 1.606060606060606
 0 1.666666666666667
 1 1.727272727272728
 28 1.787878787878788
 3 1.848484848484849
 26 1.909090909090909
 5 1.96969696969697
 0 2.03030303030303
 0 2.090909090909091
 0 2.151515151515151
 0 2.212121212121212
 0 2.272727272727272
 1 2.333333333333334
 6 2.393939393939394
 1 2.454545454545455
 0 2.515151515151516
 0 2.575757575757576
 0 2.636363636363637
 0 2.696969696969697
 0 2.757575757575758
 0 2.818181818181818
 0 2.878787878787879
 0 2.939393939393939
 0 3


