# Created by Octave 3.8.2, Mon Jun 22 16:56:26 2020 CEST <damian@fptrucha.inv.usc.es>
# name: hd
# type: matrix
# rows: 100
# columns: 2
 0 -3
 0 -2.939393939393939
 0 -2.878787878787879
 0 -2.818181818181818
 0 -2.757575757575758
 0 -2.696969696969697
 0 -2.636363636363636
 1 -2.575757575757576
 0 -2.515151515151515
 10 -2.454545454545455
 4 -2.393939393939394
 0 -2.333333333333333
 0 -2.272727272727272
 0 -2.212121212121212
 0 -2.151515151515151
 1 -2.090909090909091
 1 -2.03030303030303
 41 -1.96969696969697
 36 -1.909090909090909
 3 -1.848484848484848
 3 -1.787878787878788
 0 -1.727272727272727
 1 -1.666666666666667
 107 -1.606060606060606
 28 -1.545454545454545
 111 -1.484848484848485
 33 -1.424242424242424
 117 -1.363636363636364
 25 -1.303030303030303
 17 -1.242424242424242
 598 -1.181818181818182
 19 -1.121212121212121
 498 -1.060606060606061
 21 -1
 555 -0.9393939393939394
 24 -0.8787878787878789
 542 -0.8181818181818183
 979 -0.7575757575757573
 613 -0.6969696969696968
 1019 -0.6363636363636362
 645 -0.5757575757575757
 935 -0.5151515151515151
 634 -0.4545454545454546
 979 -0.393939393939394
 4248 -0.333333333333333
 582 -0.2727272727272725
 2697 -0.2121212121212119
 14 -0.1515151515151514
 2770 -0.09090909090909083
 19 -0.03030303030303028
 2594 0.03030303030303028
 20 0.09090909090909083
 2369 0.1515151515151514
 1593 0.2121212121212124
 2382 0.2727272727272729
 1644 0.3333333333333335
 717 0.393939393939394
 923 0.4545454545454546
 726 0.5151515151515151
 826 0.5757575757575757
 636 0.6363636363636367
 855 0.6969696969696972
 595 0.7575757575757578
 14 0.8181818181818183
 625 0.8787878787878789
 12 0.9393939393939394
 562 1
 14 1.060606060606061
 535 1.121212121212121
 14 1.181818181818182
 48 1.242424242424242
 149 1.303030303030303
 36 1.363636363636363
 114 1.424242424242425
 35 1.484848484848485
 128 1.545454545454546
 2 1.606060606060606
 0 1.666666666666667
 2 1.727272727272728
 36 1.787878787878788
 7 1.848484848484849
 38 1.909090909090909
 4 1.96969696969697
 2 2.03030303030303
 0 2.090909090909091
 0 2.151515151515151
 2 2.212121212121212
 0 2.272727272727272
 2 2.333333333333334
 12 2.393939393939394
 0 2.454545454545455
 1 2.515151515151516
 0 2.575757575757576
 0 2.636363636363637
 0 2.696969696969697
 0 2.757575757575758
 0 2.818181818181818
 0 2.878787878787879
 0 2.939393939393939
 0 3


