# Created by Octave 3.8.2, Sat Jun 20 07:48:50 2020 CEST <damian@fptrucha.inv.usc.es>
# name: hd
# type: matrix
# rows: 100
# columns: 2
 0 -3
 0 -2.939393939393939
 0 -2.878787878787879
 0 -2.818181818181818
 0 -2.757575757575758
 0 -2.696969696969697
 0 -2.636363636363636
 0 -2.575757575757576
 0 -2.515151515151515
 6 -2.454545454545455
 1 -2.393939393939394
 1 -2.333333333333333
 1 -2.272727272727272
 0 -2.212121212121212
 0 -2.151515151515151
 2 -2.090909090909091
 4 -2.03030303030303
 16 -1.96969696969697
 17 -1.909090909090909
 0 -1.848484848484848
 1 -1.787878787878788
 0 -1.727272727272727
 0 -1.666666666666667
 84 -1.606060606060606
 17 -1.545454545454545
 79 -1.484848484848485
 14 -1.424242424242424
 73 -1.363636363636364
 18 -1.303030303030303
 9 -1.242424242424242
 476 -1.181818181818182
 18 -1.121212121212121
 419 -1.060606060606061
 14 -1
 384 -0.9393939393939394
 12 -0.8787878787878789
 336 -0.8181818181818183
 810 -0.7575757575757573
 503 -0.6969696969696968
 798 -0.6363636363636362
 458 -0.5757575757575757
 659 -0.5151515151515151
 457 -0.4545454545454546
 645 -0.393939393939394
 3066 -0.333333333333333
 459 -0.2727272727272725
 2135 -0.2121212121212119
 10 -0.1515151515151514
 1898 -0.09090909090909083
 8 -0.03030303030303028
 1863 0.03030303030303028
 5 0.09090909090909083
 1663 0.1515151515151514
 1251 0.2121212121212124
 1650 0.2727272727272729
 1145 0.3333333333333335
 435 0.393939393939394
 635 0.4545454545454546
 503 0.5151515151515151
 563 0.5757575757575757
 429 0.6363636363636367
 506 0.6969696969696972
 403 0.7575757575757578
 15 0.8181818181818183
 378 0.8787878787878789
 10 0.9393939393939394
 354 1
 12 1.060606060606061
 356 1.121212121212121
 5 1.181818181818182
 17 1.242424242424242
 76 1.303030303030303
 26 1.363636363636363
 67 1.424242424242425
 17 1.484848484848485
 58 1.545454545454546
 0 1.606060606060606
 0 1.666666666666667
 0 1.727272727272728
 24 1.787878787878788
 2 1.848484848484849
 22 1.909090909090909
 2 1.96969696969697
 2 2.03030303030303
 0 2.090909090909091
 0 2.151515151515151
 0 2.212121212121212
 0 2.272727272727272
 0 2.333333333333334
 7 2.393939393939394
 0 2.454545454545455
 1 2.515151515151516
 0 2.575757575757576
 0 2.636363636363637
 0 2.696969696969697
 0 2.757575757575758
 0 2.818181818181818
 0 2.878787878787879
 0 2.939393939393939
 0 3


