# Created by Octave 3.8.2, Mon Jun 22 10:11:18 2020 CEST <damian@fptrucha.inv.usc.es>
# name: hd
# type: matrix
# rows: 100
# columns: 2
 0 -3
 0 -2.939393939393939
 0 -2.878787878787879
 0 -2.818181818181818
 0 -2.757575757575758
 0 -2.696969696969697
 0 -2.636363636363636
 1 -2.575757575757576
 1 -2.515151515151515
 8 -2.454545454545455
 1 -2.393939393939394
 0 -2.333333333333333
 0 -2.272727272727272
 0 -2.212121212121212
 0 -2.151515151515151
 2 -2.090909090909091
 1 -2.03030303030303
 37 -1.96969696969697
 35 -1.909090909090909
 2 -1.848484848484848
 1 -1.787878787878788
 0 -1.727272727272727
 3 -1.666666666666667
 98 -1.606060606060606
 20 -1.545454545454545
 110 -1.484848484848485
 27 -1.424242424242424
 93 -1.363636363636364
 21 -1.303030303030303
 11 -1.242424242424242
 505 -1.181818181818182
 12 -1.121212121212121
 549 -1.060606060606061
 12 -1
 511 -0.9393939393939394
 24 -0.8787878787878789
 527 -0.8181818181818183
 799 -0.7575757575757573
 630 -0.6969696969696968
 928 -0.6363636363636362
 640 -0.5757575757575757
 923 -0.5151515151515151
 585 -0.4545454545454546
 877 -0.393939393939394
 4013 -0.333333333333333
 594 -0.2727272727272725
 2611 -0.2121212121212119
 10 -0.1515151515151514
 2660 -0.09090909090909083
 14 -0.03030303030303028
 2488 0.03030303030303028
 17 0.09090909090909083
 2258 0.1515151515151514
 1615 0.2121212121212124
 2385 0.2727272727272729
 1557 0.3333333333333335
 669 0.393939393939394
 921 0.4545454545454546
 630 0.5151515151515151
 846 0.5757575757575757
 639 0.6363636363636367
 816 0.6969696969696972
 558 0.7575757575757578
 5 0.8181818181818183
 543 0.8787878787878789
 22 0.9393939393939394
 559 1
 17 1.060606060606061
 505 1.121212121212121
 12 1.181818181818182
 36 1.242424242424242
 109 1.303030303030303
 32 1.363636363636363
 103 1.424242424242425
 23 1.484848484848485
 93 1.545454545454546
 1 1.606060606060606
 0 1.666666666666667
 0 1.727272727272728
 48 1.787878787878788
 4 1.848484848484849
 44 1.909090909090909
 6 1.96969696969697
 0 2.03030303030303
 0 2.090909090909091
 0 2.151515151515151
 0 2.212121212121212
 0 2.272727272727272
 1 2.333333333333334
 8 2.393939393939394
 0 2.454545454545455
 0 2.515151515151516
 0 2.575757575757576
 0 2.636363636363637
 0 2.696969696969697
 0 2.757575757575758
 0 2.818181818181818
 0 2.878787878787879
 0 2.939393939393939
 0 3


