# Created by Octave 3.8.2, Mon Jun 22 08:23:34 2020 CEST <damian@fptrucha.inv.usc.es>
# name: hd
# type: matrix
# rows: 100
# columns: 2
 0 -3
 0 -2.939393939393939
 0 -2.878787878787879
 0 -2.818181818181818
 0 -2.757575757575758
 0 -2.696969696969697
 0 -2.636363636363636
 3 -2.575757575757576
 0 -2.515151515151515
 8 -2.454545454545455
 3 -2.393939393939394
 2 -2.333333333333333
 1 -2.272727272727272
 0 -2.212121212121212
 0 -2.151515151515151
 2 -2.090909090909091
 2 -2.03030303030303
 29 -1.96969696969697
 43 -1.909090909090909
 2 -1.848484848484848
 3 -1.787878787878788
 0 -1.727272727272727
 0 -1.666666666666667
 113 -1.606060606060606
 25 -1.545454545454545
 111 -1.484848484848485
 29 -1.424242424242424
 98 -1.363636363636364
 21 -1.303030303030303
 18 -1.242424242424242
 503 -1.181818181818182
 17 -1.121212121212121
 570 -1.060606060606061
 19 -1
 480 -0.9393939393939394
 27 -0.8787878787878789
 508 -0.8181818181818183
 819 -0.7575757575757573
 583 -0.6969696969696968
 956 -0.6363636363636362
 672 -0.5757575757575757
 890 -0.5151515151515151
 589 -0.4545454545454546
 934 -0.393939393939394
 3920 -0.333333333333333
 591 -0.2727272727272725
 2587 -0.2121212121212119
 13 -0.1515151515151514
 2557 -0.09090909090909083
 25 -0.03030303030303028
 2411 0.03030303030303028
 19 0.09090909090909083
 2310 0.1515151515151514
 1506 0.2121212121212124
 2219 0.2727272727272729
 1535 0.3333333333333335
 680 0.393939393939394
 873 0.4545454545454546
 678 0.5151515151515151
 800 0.5757575757575757
 650 0.6363636363636367
 837 0.6969696969696972
 504 0.7575757575757578
 13 0.8181818181818183
 567 0.8787878787878789
 30 0.9393939393939394
 562 1
 14 1.060606060606061
 521 1.121212121212121
 12 1.181818181818182
 25 1.242424242424242
 111 1.303030303030303
 34 1.363636363636363
 123 1.424242424242425
 31 1.484848484848485
 93 1.545454545454546
 5 1.606060606060606
 0 1.666666666666667
 3 1.727272727272728
 40 1.787878787878788
 3 1.848484848484849
 32 1.909090909090909
 3 1.96969696969697
 2 2.03030303030303
 0 2.090909090909091
 0 2.151515151515151
 3 2.212121212121212
 1 2.272727272727272
 3 2.333333333333334
 7 2.393939393939394
 0 2.454545454545455
 1 2.515151515151516
 0 2.575757575757576
 0 2.636363636363637
 0 2.696969696969697
 0 2.757575757575758
 0 2.818181818181818
 0 2.878787878787879
 0 2.939393939393939
 0 3


