# Created by Octave 3.8.2, Sat Jun 20 23:06:39 2020 CEST <damian@fptrucha.inv.usc.es>
# name: hd
# type: matrix
# rows: 100
# columns: 2
 0 -3
 0 -2.939393939393939
 0 -2.878787878787879
 0 -2.818181818181818
 0 -2.757575757575758
 0 -2.696969696969697
 0 -2.636363636363636
 1 -2.575757575757576
 0 -2.515151515151515
 4 -2.454545454545455
 1 -2.393939393939394
 0 -2.333333333333333
 1 -2.272727272727272
 0 -2.212121212121212
 0 -2.151515151515151
 1 -2.090909090909091
 4 -2.03030303030303
 24 -1.96969696969697
 22 -1.909090909090909
 0 -1.848484848484848
 1 -1.787878787878788
 0 -1.727272727272727
 3 -1.666666666666667
 83 -1.606060606060606
 15 -1.545454545454545
 88 -1.484848484848485
 6 -1.424242424242424
 75 -1.363636363636364
 15 -1.303030303030303
 12 -1.242424242424242
 503 -1.181818181818182
 14 -1.121212121212121
 504 -1.060606060606061
 13 -1
 422 -0.9393939393939394
 13 -0.8787878787878789
 449 -0.8181818181818183
 947 -0.7575757575757573
 667 -0.6969696969696968
 1015 -0.6363636363636362
 627 -0.5757575757575757
 835 -0.5151515151515151
 525 -0.4545454545454546
 759 -0.393939393939394
 4178 -0.333333333333333
 547 -0.2727272727272725
 2854 -0.2121212121212119
 6 -0.1515151515151514
 2539 -0.09090909090909083
 15 -0.03030303030303028
 2498 0.03030303030303028
 10 0.09090909090909083
 2140 0.1515151515151514
 1766 0.2121212121212124
 2225 0.2727272727272729
 1623 0.3333333333333335
 636 0.393939393939394
 933 0.4545454545454546
 665 0.5151515151515151
 796 0.5757575757575757
 590 0.6363636363636367
 833 0.6969696969696972
 614 0.7575757575757578
 14 0.8181818181818183
 527 0.8787878787878789
 19 0.9393939393939394
 559 1
 7 1.060606060606061
 500 1.121212121212121
 3 1.181818181818182
 30 1.242424242424242
 109 1.303030303030303
 20 1.363636363636363
 117 1.424242424242425
 20 1.484848484848485
 86 1.545454545454546
 3 1.606060606060606
 0 1.666666666666667
 1 1.727272727272728
 26 1.787878787878788
 4 1.848484848484849
 35 1.909090909090909
 6 1.96969696969697
 1 2.03030303030303
 0 2.090909090909091
 0 2.151515151515151
 1 2.212121212121212
 0 2.272727272727272
 0 2.333333333333334
 6 2.393939393939394
 0 2.454545454545455
 0 2.515151515151516
 0 2.575757575757576
 0 2.636363636363637
 0 2.696969696969697
 0 2.757575757575758
 0 2.818181818181818
 0 2.878787878787879
 0 2.939393939393939
 0 3


