# Created by Octave 3.8.2, Sun Jun 21 03:52:53 2020 CEST <damian@fptrucha.inv.usc.es>
# name: hd
# type: matrix
# rows: 100
# columns: 2
 0 -3
 0 -2.939393939393939
 0 -2.878787878787879
 0 -2.818181818181818
 0 -2.757575757575758
 0 -2.696969696969697
 0 -2.636363636363636
 1 -2.575757575757576
 2 -2.515151515151515
 3 -2.454545454545455
 1 -2.393939393939394
 1 -2.333333333333333
 2 -2.272727272727272
 0 -2.212121212121212
 0 -2.151515151515151
 1 -2.090909090909091
 2 -2.03030303030303
 23 -1.96969696969697
 20 -1.909090909090909
 0 -1.848484848484848
 0 -1.787878787878788
 0 -1.727272727272727
 3 -1.666666666666667
 102 -1.606060606060606
 28 -1.545454545454545
 102 -1.484848484848485
 21 -1.424242424242424
 81 -1.363636363636364
 20 -1.303030303030303
 10 -1.242424242424242
 571 -1.181818181818182
 18 -1.121212121212121
 480 -1.060606060606061
 10 -1
 401 -0.9393939393939394
 13 -0.8787878787878789
 456 -0.8181818181818183
 941 -0.7575757575757573
 655 -0.6969696969696968
 1040 -0.6363636363636362
 623 -0.5757575757575757
 819 -0.5151515151515151
 567 -0.4545454545454546
 746 -0.393939393939394
 4117 -0.333333333333333
 541 -0.2727272727272725
 2835 -0.2121212121212119
 11 -0.1515151515151514
 2614 -0.09090909090909083
 7 -0.03030303030303028
 2397 0.03030303030303028
 8 0.09090909090909083
 2160 0.1515151515151514
 1742 0.2121212121212124
 2195 0.2727272727272729
 1560 0.3333333333333335
 603 0.393939393939394
 858 0.4545454545454546
 661 0.5151515151515151
 823 0.5757575757575757
 584 0.6363636363636367
 829 0.6969696969696972
 526 0.7575757575757578
 8 0.8181818181818183
 508 0.8787878787878789
 4 0.9393939393939394
 474 1
 11 1.060606060606061
 492 1.121212121212121
 11 1.181818181818182
 19 1.242424242424242
 84 1.303030303030303
 23 1.363636363636363
 118 1.424242424242425
 32 1.484848484848485
 96 1.545454545454546
 2 1.606060606060606
 0 1.666666666666667
 4 1.727272727272728
 26 1.787878787878788
 3 1.848484848484849
 23 1.909090909090909
 2 1.96969696969697
 2 2.03030303030303
 0 2.090909090909091
 0 2.151515151515151
 1 2.212121212121212
 0 2.272727272727272
 0 2.333333333333334
 7 2.393939393939394
 0 2.454545454545455
 2 2.515151515151516
 0 2.575757575757576
 0 2.636363636363637
 0 2.696969696969697
 0 2.757575757575758
 0 2.818181818181818
 0 2.878787878787879
 0 2.939393939393939
 0 3


