# Created by Octave 3.8.2, Mon Jun 22 10:58:38 2020 CEST <damian@fptrucha.inv.usc.es>
# name: hd
# type: matrix
# rows: 100
# columns: 2
 0 -3
 0 -2.939393939393939
 0 -2.878787878787879
 0 -2.818181818181818
 0 -2.757575757575758
 0 -2.696969696969697
 0 -2.636363636363636
 2 -2.575757575757576
 0 -2.515151515151515
 10 -2.454545454545455
 0 -2.393939393939394
 0 -2.333333333333333
 0 -2.272727272727272
 0 -2.212121212121212
 0 -2.151515151515151
 2 -2.090909090909091
 5 -2.03030303030303
 40 -1.96969696969697
 36 -1.909090909090909
 0 -1.848484848484848
 0 -1.787878787878788
 0 -1.727272727272727
 1 -1.666666666666667
 96 -1.606060606060606
 37 -1.545454545454545
 121 -1.484848484848485
 38 -1.424242424242424
 115 -1.363636363636364
 27 -1.303030303030303
 14 -1.242424242424242
 557 -1.181818181818182
 19 -1.121212121212121
 541 -1.060606060606061
 15 -1
 485 -0.9393939393939394
 21 -0.8787878787878789
 536 -0.8181818181818183
 928 -0.7575757575757573
 656 -0.6969696969696968
 956 -0.6363636363636362
 658 -0.5757575757575757
 851 -0.5151515151515151
 598 -0.4545454545454546
 921 -0.393939393939394
 3946 -0.333333333333333
 563 -0.2727272727272725
 2536 -0.2121212121212119
 16 -0.1515151515151514
 2641 -0.09090909090909083
 15 -0.03030303030303028
 2497 0.03030303030303028
 16 0.09090909090909083
 2312 0.1515151515151514
 1558 0.2121212121212124
 2365 0.2727272727272729
 1611 0.3333333333333335
 667 0.393939393939394
 899 0.4545454545454546
 613 0.5151515151515151
 842 0.5757575757575757
 676 0.6363636363636367
 853 0.6969696969696972
 562 0.7575757575757578
 12 0.8181818181818183
 580 0.8787878787878789
 30 0.9393939393939394
 589 1
 25 1.060606060606061
 477 1.121212121212121
 14 1.181818181818182
 16 1.242424242424242
 138 1.303030303030303
 25 1.363636363636363
 121 1.424242424242425
 41 1.484848484848485
 119 1.545454545454546
 5 1.606060606060606
 0 1.666666666666667
 2 1.727272727272728
 35 1.787878787878788
 4 1.848484848484849
 32 1.909090909090909
 7 1.96969696969697
 1 2.03030303030303
 0 2.090909090909091
 0 2.151515151515151
 1 2.212121212121212
 0 2.272727272727272
 0 2.333333333333334
 13 2.393939393939394
 0 2.454545454545455
 2 2.515151515151516
 0 2.575757575757576
 0 2.636363636363637
 0 2.696969696969697
 0 2.757575757575758
 0 2.818181818181818
 0 2.878787878787879
 0 2.939393939393939
 0 3


