# Created by Octave 3.8.2, Mon Jun 22 06:23:32 2020 CEST <damian@fptrucha.inv.usc.es>
# name: hd
# type: matrix
# rows: 100
# columns: 2
 0 -3
 0 -2.939393939393939
 0 -2.878787878787879
 0 -2.818181818181818
 0 -2.757575757575758
 0 -2.696969696969697
 0 -2.636363636363636
 0 -2.575757575757576
 1 -2.515151515151515
 4 -2.454545454545455
 0 -2.393939393939394
 0 -2.333333333333333
 0 -2.272727272727272
 0 -2.212121212121212
 0 -2.151515151515151
 3 -2.090909090909091
 3 -2.03030303030303
 30 -1.96969696969697
 33 -1.909090909090909
 2 -1.848484848484848
 4 -1.787878787878788
 0 -1.727272727272727
 3 -1.666666666666667
 107 -1.606060606060606
 16 -1.545454545454545
 117 -1.484848484848485
 33 -1.424242424242424
 138 -1.363636363636364
 29 -1.303030303030303
 13 -1.242424242424242
 537 -1.181818181818182
 16 -1.121212121212121
 548 -1.060606060606061
 16 -1
 522 -0.9393939393939394
 19 -0.8787878787878789
 493 -0.8181818181818183
 824 -0.7575757575757573
 579 -0.6969696969696968
 943 -0.6363636363636362
 567 -0.5757575757575757
 895 -0.5151515151515151
 595 -0.4545454545454546
 939 -0.393939393939394
 3761 -0.333333333333333
 540 -0.2727272727272725
 2298 -0.2121212121212119
 13 -0.1515151515151514
 2564 -0.09090909090909083
 14 -0.03030303030303028
 2440 0.03030303030303028
 20 0.09090909090909083
 2255 0.1515151515151514
 1487 0.2121212121212124
 2186 0.2727272727272729
 1436 0.3333333333333335
 661 0.393939393939394
 848 0.4545454545454546
 620 0.5151515151515151
 776 0.5757575757575757
 641 0.6363636363636367
 799 0.6969696969696972
 450 0.7575757575757578
 16 0.8181818181818183
 494 0.8787878787878789
 19 0.9393939393939394
 496 1
 25 1.060606060606061
 468 1.121212121212121
 13 1.181818181818182
 27 1.242424242424242
 110 1.303030303030303
 33 1.363636363636363
 94 1.424242424242425
 24 1.484848484848485
 113 1.545454545454546
 1 1.606060606060606
 0 1.666666666666667
 3 1.727272727272728
 36 1.787878787878788
 2 1.848484848484849
 30 1.909090909090909
 10 1.96969696969697
 1 2.03030303030303
 0 2.090909090909091
 0 2.151515151515151
 1 2.212121212121212
 1 2.272727272727272
 3 2.333333333333334
 5 2.393939393939394
 1 2.454545454545455
 0 2.515151515151516
 0 2.575757575757576
 0 2.636363636363637
 0 2.696969696969697
 0 2.757575757575758
 0 2.818181818181818
 0 2.878787878787879
 0 2.939393939393939
 0 3


