# Created by Octave 3.8.2, Sat Jun 20 18:24:17 2020 CEST <damian@fptrucha.inv.usc.es>
# name: hd
# type: matrix
# rows: 100
# columns: 2
 0 -3
 0 -2.939393939393939
 0 -2.878787878787879
 0 -2.818181818181818
 0 -2.757575757575758
 0 -2.696969696969697
 0 -2.636363636363636
 0 -2.575757575757576
 1 -2.515151515151515
 0 -2.454545454545455
 1 -2.393939393939394
 0 -2.333333333333333
 0 -2.272727272727272
 0 -2.212121212121212
 0 -2.151515151515151
 0 -2.090909090909091
 1 -2.03030303030303
 9 -1.96969696969697
 12 -1.909090909090909
 0 -1.848484848484848
 2 -1.787878787878788
 0 -1.727272727272727
 0 -1.666666666666667
 45 -1.606060606060606
 20 -1.545454545454545
 52 -1.484848484848485
 14 -1.424242424242424
 45 -1.363636363636364
 7 -1.303030303030303
 5 -1.242424242424242
 362 -1.181818181818182
 13 -1.121212121212121
 312 -1.060606060606061
 3 -1
 303 -0.9393939393939394
 10 -0.8787878787878789
 302 -0.8181818181818183
 650 -0.7575757575757573
 439 -0.6969696969696968
 698 -0.6363636363636362
 393 -0.5757575757575757
 592 -0.5151515151515151
 365 -0.4545454545454546
 515 -0.393939393939394
 2782 -0.333333333333333
 345 -0.2727272727272725
 1869 -0.2121212121212119
 6 -0.1515151515151514
 1721 -0.09090909090909083
 6 -0.03030303030303028
 1702 0.03030303030303028
 7 0.09090909090909083
 1386 0.1515151515151514
 1153 0.2121212121212124
 1397 0.2727272727272729
 1086 0.3333333333333335
 414 0.393939393939394
 580 0.4545454545454546
 433 0.5151515151515151
 540 0.5757575757575757
 385 0.6363636363636367
 508 0.6969696969696972
 396 0.7575757575757578
 13 0.8181818181818183
 355 0.8787878787878789
 12 0.9393939393939394
 343 1
 7 1.060606060606061
 354 1.121212121212121
 8 1.181818181818182
 15 1.242424242424242
 65 1.303030303030303
 11 1.363636363636363
 61 1.424242424242425
 13 1.484848484848485
 71 1.545454545454546
 1 1.606060606060606
 0 1.666666666666667
 1 1.727272727272728
 24 1.787878787878788
 2 1.848484848484849
 19 1.909090909090909
 3 1.96969696969697
 1 2.03030303030303
 0 2.090909090909091
 0 2.151515151515151
 0 2.212121212121212
 0 2.272727272727272
 0 2.333333333333334
 2 2.393939393939394
 1 2.454545454545455
 0 2.515151515151516
 0 2.575757575757576
 0 2.636363636363637
 0 2.696969696969697
 0 2.757575757575758
 0 2.818181818181818
 0 2.878787878787879
 0 2.939393939393939
 0 3


