# Created by Octave 3.8.2, Sun Jun 21 06:44:17 2020 CEST <damian@fptrucha.inv.usc.es>
# name: hd
# type: matrix
# rows: 100
# columns: 2
 0 -3
 0 -2.939393939393939
 0 -2.878787878787879
 0 -2.818181818181818
 0 -2.757575757575758
 0 -2.696969696969697
 0 -2.636363636363636
 4 -2.575757575757576
 1 -2.515151515151515
 6 -2.454545454545455
 2 -2.393939393939394
 0 -2.333333333333333
 1 -2.272727272727272
 0 -2.212121212121212
 0 -2.151515151515151
 0 -2.090909090909091
 6 -2.03030303030303
 20 -1.96969696969697
 24 -1.909090909090909
 2 -1.848484848484848
 1 -1.787878787878788
 0 -1.727272727272727
 1 -1.666666666666667
 89 -1.606060606060606
 19 -1.545454545454545
 100 -1.484848484848485
 20 -1.424242424242424
 74 -1.363636363636364
 14 -1.303030303030303
 11 -1.242424242424242
 579 -1.181818181818182
 13 -1.121212121212121
 517 -1.060606060606061
 8 -1
 465 -0.9393939393939394
 3 -0.8787878787878789
 413 -0.8181818181818183
 950 -0.7575757575757573
 677 -0.6969696969696968
 1061 -0.6363636363636362
 652 -0.5757575757575757
 865 -0.5151515151515151
 566 -0.4545454545454546
 830 -0.393939393939394
 4190 -0.333333333333333
 520 -0.2727272727272725
 2874 -0.2121212121212119
 8 -0.1515151515151514
 2693 -0.09090909090909083
 9 -0.03030303030303028
 2476 0.03030303030303028
 10 0.09090909090909083
 2172 0.1515151515151514
 1668 0.2121212121212124
 2187 0.2727272727272729
 1640 0.3333333333333335
 615 0.393939393939394
 823 0.4545454545454546
 714 0.5151515151515151
 800 0.5757575757575757
 548 0.6363636363636367
 799 0.6969696969696972
 534 0.7575757575757578
 15 0.8181818181818183
 538 0.8787878787878789
 17 0.9393939393939394
 525 1
 11 1.060606060606061
 524 1.121212121212121
 9 1.181818181818182
 22 1.242424242424242
 94 1.303030303030303
 22 1.363636363636363
 74 1.424242424242425
 23 1.484848484848485
 89 1.545454545454546
 1 1.606060606060606
 0 1.666666666666667
 1 1.727272727272728
 25 1.787878787878788
 2 1.848484848484849
 26 1.909090909090909
 7 1.96969696969697
 1 2.03030303030303
 0 2.090909090909091
 0 2.151515151515151
 0 2.212121212121212
 0 2.272727272727272
 0 2.333333333333334
 6 2.393939393939394
 1 2.454545454545455
 0 2.515151515151516
 0 2.575757575757576
 0 2.636363636363637
 0 2.696969696969697
 0 2.757575757575758
 0 2.818181818181818
 0 2.878787878787879
 0 2.939393939393939
 0 3


