# Created by Octave 3.8.2, Sat Jun 20 09:15:59 2020 CEST <damian@fptrucha.inv.usc.es>
# name: hd
# type: matrix
# rows: 100
# columns: 2
 0 -3
 0 -2.939393939393939
 0 -2.878787878787879
 0 -2.818181818181818
 0 -2.757575757575758
 0 -2.696969696969697
 0 -2.636363636363636
 0 -2.575757575757576
 0 -2.515151515151515
 5 -2.454545454545455
 0 -2.393939393939394
 1 -2.333333333333333
 1 -2.272727272727272
 0 -2.212121212121212
 0 -2.151515151515151
 1 -2.090909090909091
 4 -2.03030303030303
 38 -1.96969696969697
 27 -1.909090909090909
 1 -1.848484848484848
 1 -1.787878787878788
 0 -1.727272727272727
 2 -1.666666666666667
 107 -1.606060606060606
 23 -1.545454545454545
 108 -1.484848484848485
 28 -1.424242424242424
 114 -1.363636363636364
 23 -1.303030303030303
 15 -1.242424242424242
 601 -1.181818181818182
 15 -1.121212121212121
 590 -1.060606060606061
 15 -1
 529 -0.9393939393939394
 15 -0.8787878787878789
 559 -0.8181818181818183
 1157 -0.7575757575757573
 726 -0.6969696969696968
 1176 -0.6363636363636362
 714 -0.5757575757575757
 1010 -0.5151515151515151
 673 -0.4545454545454546
 959 -0.393939393939394
 4888 -0.333333333333333
 640 -0.2727272727272725
 3332 -0.2121212121212119
 14 -0.1515151515151514
 3066 -0.09090909090909083
 11 -0.03030303030303028
 2791 0.03030303030303028
 13 0.09090909090909083
 2504 0.1515151515151514
 2029 0.2121212121212124
 2475 0.2727272727272729
 1891 0.3333333333333335
 740 0.393939393939394
 1044 0.4545454545454546
 736 0.5151515151515151
 920 0.5757575757575757
 650 0.6363636363636367
 901 0.6969696969696972
 651 0.7575757575757578
 13 0.8181818181818183
 591 0.8787878787878789
 15 0.9393939393939394
 597 1
 9 1.060606060606061
 523 1.121212121212121
 14 1.181818181818182
 39 1.242424242424242
 122 1.303030303030303
 22 1.363636363636363
 127 1.424242424242425
 27 1.484848484848485
 105 1.545454545454546
 0 1.606060606060606
 0 1.666666666666667
 1 1.727272727272728
 33 1.787878787878788
 7 1.848484848484849
 36 1.909090909090909
 3 1.96969696969697
 0 2.03030303030303
 0 2.090909090909091
 0 2.151515151515151
 2 2.212121212121212
 0 2.272727272727272
 0 2.333333333333334
 7 2.393939393939394
 1 2.454545454545455
 0 2.515151515151516
 0 2.575757575757576
 0 2.636363636363637
 0 2.696969696969697
 0 2.757575757575758
 0 2.818181818181818
 0 2.878787878787879
 0 2.939393939393939
 0 3


