# Created by Octave 3.8.2, Mon Jun 22 15:39:46 2020 CEST <damian@fptrucha.inv.usc.es>
# name: hd
# type: matrix
# rows: 100
# columns: 2
 0 -3
 0 -2.939393939393939
 0 -2.878787878787879
 0 -2.818181818181818
 0 -2.757575757575758
 0 -2.696969696969697
 0 -2.636363636363636
 2 -2.575757575757576
 1 -2.515151515151515
 5 -2.454545454545455
 0 -2.393939393939394
 0 -2.333333333333333
 0 -2.272727272727272
 0 -2.212121212121212
 0 -2.151515151515151
 2 -2.090909090909091
 6 -2.03030303030303
 35 -1.96969696969697
 32 -1.909090909090909
 1 -1.848484848484848
 1 -1.787878787878788
 0 -1.727272727272727
 0 -1.666666666666667
 103 -1.606060606060606
 25 -1.545454545454545
 118 -1.484848484848485
 29 -1.424242424242424
 111 -1.363636363636364
 26 -1.303030303030303
 18 -1.242424242424242
 522 -1.181818181818182
 14 -1.121212121212121
 560 -1.060606060606061
 17 -1
 509 -0.9393939393939394
 16 -0.8787878787878789
 532 -0.8181818181818183
 937 -0.7575757575757573
 656 -0.6969696969696968
 982 -0.6363636363636362
 602 -0.5757575757575757
 855 -0.5151515151515151
 580 -0.4545454545454546
 955 -0.393939393939394
 4210 -0.333333333333333
 564 -0.2727272727272725
 2723 -0.2121212121212119
 11 -0.1515151515151514
 2690 -0.09090909090909083
 23 -0.03030303030303028
 2598 0.03030303030303028
 20 0.09090909090909083
 2406 0.1515151515151514
 1654 0.2121212121212124
 2435 0.2727272727272729
 1694 0.3333333333333335
 692 0.393939393939394
 951 0.4545454545454546
 681 0.5151515151515151
 854 0.5757575757575757
 631 0.6363636363636367
 899 0.6969696969696972
 591 0.7575757575757578
 11 0.8181818181818183
 580 0.8787878787878789
 16 0.9393939393939394
 614 1
 15 1.060606060606061
 613 1.121212121212121
 13 1.181818181818182
 29 1.242424242424242
 134 1.303030303030303
 25 1.363636363636363
 145 1.424242424242425
 31 1.484848484848485
 135 1.545454545454546
 4 1.606060606060606
 0 1.666666666666667
 0 1.727272727272728
 40 1.787878787878788
 4 1.848484848484849
 45 1.909090909090909
 4 1.96969696969697
 0 2.03030303030303
 0 2.090909090909091
 0 2.151515151515151
 1 2.212121212121212
 1 2.272727272727272
 1 2.333333333333334
 13 2.393939393939394
 1 2.454545454545455
 1 2.515151515151516
 0 2.575757575757576
 0 2.636363636363637
 0 2.696969696969697
 0 2.757575757575758
 0 2.818181818181818
 0 2.878787878787879
 0 2.939393939393939
 0 3


