# Created by Octave 3.8.2, Mon Jun 22 20:31:49 2020 CEST <damian@fptrucha.inv.usc.es>
# name: hd
# type: matrix
# rows: 100
# columns: 2
 0 -3
 0 -2.939393939393939
 0 -2.878787878787879
 0 -2.818181818181818
 0 -2.757575757575758
 0 -2.696969696969697
 0 -2.636363636363636
 1 -2.575757575757576
 2 -2.515151515151515
 13 -2.454545454545455
 0 -2.393939393939394
 1 -2.333333333333333
 0 -2.272727272727272
 0 -2.212121212121212
 0 -2.151515151515151
 2 -2.090909090909091
 0 -2.03030303030303
 28 -1.96969696969697
 41 -1.909090909090909
 3 -1.848484848484848
 0 -1.787878787878788
 0 -1.727272727272727
 3 -1.666666666666667
 115 -1.606060606060606
 37 -1.545454545454545
 112 -1.484848484848485
 24 -1.424242424242424
 120 -1.363636363636364
 16 -1.303030303030303
 22 -1.242424242424242
 677 -1.181818181818182
 15 -1.121212121212121
 627 -1.060606060606061
 20 -1
 574 -0.9393939393939394
 22 -0.8787878787878789
 574 -0.8181818181818183
 981 -0.7575757575757573
 631 -0.6969696969696968
 1118 -0.6363636363636362
 678 -0.5757575757575757
 971 -0.5151515151515151
 588 -0.4545454545454546
 947 -0.393939393939394
 4481 -0.333333333333333
 650 -0.2727272727272725
 2858 -0.2121212121212119
 8 -0.1515151515151514
 2869 -0.09090909090909083
 20 -0.03030303030303028
 2673 0.03030303030303028
 19 0.09090909090909083
 2409 0.1515151515151514
 1623 0.2121212121212124
 2450 0.2727272727272729
 1765 0.3333333333333335
 642 0.393939393939394
 898 0.4545454545454546
 683 0.5151515151515151
 852 0.5757575757575757
 650 0.6363636363636367
 842 0.6969696969696972
 587 0.7575757575757578
 11 0.8181818181818183
 555 0.8787878787878789
 20 0.9393939393939394
 540 1
 14 1.060606060606061
 523 1.121212121212121
 17 1.181818181818182
 47 1.242424242424242
 114 1.303030303030303
 32 1.363636363636363
 112 1.424242424242425
 36 1.484848484848485
 130 1.545454545454546
 2 1.606060606060606
 0 1.666666666666667
 1 1.727272727272728
 28 1.787878787878788
 1 1.848484848484849
 36 1.909090909090909
 6 1.96969696969697
 0 2.03030303030303
 0 2.090909090909091
 0 2.151515151515151
 3 2.212121212121212
 1 2.272727272727272
 2 2.333333333333334
 10 2.393939393939394
 0 2.454545454545455
 1 2.515151515151516
 0 2.575757575757576
 0 2.636363636363637
 0 2.696969696969697
 0 2.757575757575758
 0 2.818181818181818
 0 2.878787878787879
 0 2.939393939393939
 0 3


