# Created by Octave 3.8.2, Mon Jun 22 03:33:03 2020 CEST <damian@fptrucha.inv.usc.es>
# name: hd
# type: matrix
# rows: 100
# columns: 2
 0 -3
 0 -2.939393939393939
 0 -2.878787878787879
 0 -2.818181818181818
 0 -2.757575757575758
 0 -2.696969696969697
 0 -2.636363636363636
 1 -2.575757575757576
 0 -2.515151515151515
 6 -2.454545454545455
 0 -2.393939393939394
 0 -2.333333333333333
 0 -2.272727272727272
 0 -2.212121212121212
 0 -2.151515151515151
 2 -2.090909090909091
 1 -2.03030303030303
 18 -1.96969696969697
 22 -1.909090909090909
 1 -1.848484848484848
 2 -1.787878787878788
 0 -1.727272727272727
 0 -1.666666666666667
 63 -1.606060606060606
 30 -1.545454545454545
 81 -1.484848484848485
 6 -1.424242424242424
 68 -1.363636363636364
 15 -1.303030303030303
 11 -1.242424242424242
 297 -1.181818181818182
 8 -1.121212121212121
 371 -1.060606060606061
 6 -1
 308 -0.9393939393939394
 15 -0.8787878787878789
 335 -0.8181818181818183
 623 -0.7575757575757573
 419 -0.6969696969696968
 608 -0.6363636363636362
 395 -0.5757575757575757
 541 -0.5151515151515151
 377 -0.4545454545454546
 560 -0.393939393939394
 2449 -0.333333333333333
 381 -0.2727272727272725
 1607 -0.2121212121212119
 13 -0.1515151515151514
 1642 -0.09090909090909083
 12 -0.03030303030303028
 1587 0.03030303030303028
 16 0.09090909090909083
 1485 0.1515151515151514
 987 0.2121212121212124
 1343 0.2727272727272729
 957 0.3333333333333335
 372 0.393939393939394
 534 0.4545454545454546
 399 0.5151515151515151
 524 0.5757575757575757
 381 0.6363636363636367
 577 0.6969696969696972
 315 0.7575757575757578
 10 0.8181818181818183
 317 0.8787878787878789
 9 0.9393939393939394
 345 1
 11 1.060606060606061
 346 1.121212121212121
 6 1.181818181818182
 16 1.242424242424242
 71 1.303030303030303
 15 1.363636363636363
 54 1.424242424242425
 15 1.484848484848485
 78 1.545454545454546
 2 1.606060606060606
 0 1.666666666666667
 2 1.727272727272728
 24 1.787878787878788
 2 1.848484848484849
 23 1.909090909090909
 5 1.96969696969697
 1 2.03030303030303
 0 2.090909090909091
 0 2.151515151515151
 3 2.212121212121212
 0 2.272727272727272
 1 2.333333333333334
 3 2.393939393939394
 0 2.454545454545455
 1 2.515151515151516
 0 2.575757575757576
 0 2.636363636363637
 0 2.696969696969697
 0 2.757575757575758
 0 2.818181818181818
 0 2.878787878787879
 0 2.939393939393939
 0 3


