# Created by Octave 3.8.2, Sun Jun 21 07:13:17 2020 CEST <damian@fptrucha.inv.usc.es>
# name: hd
# type: matrix
# rows: 100
# columns: 2
 0 -3
 0 -2.939393939393939
 0 -2.878787878787879
 0 -2.818181818181818
 0 -2.757575757575758
 0 -2.696969696969697
 0 -2.636363636363636
 2 -2.575757575757576
 0 -2.515151515151515
 5 -2.454545454545455
 2 -2.393939393939394
 1 -2.333333333333333
 0 -2.272727272727272
 0 -2.212121212121212
 0 -2.151515151515151
 4 -2.090909090909091
 4 -2.03030303030303
 28 -1.96969696969697
 26 -1.909090909090909
 2 -1.848484848484848
 1 -1.787878787878788
 0 -1.727272727272727
 4 -1.666666666666667
 102 -1.606060606060606
 27 -1.545454545454545
 104 -1.484848484848485
 21 -1.424242424242424
 83 -1.363636363636364
 28 -1.303030303030303
 9 -1.242424242424242
 575 -1.181818181818182
 11 -1.121212121212121
 509 -1.060606060606061
 9 -1
 436 -0.9393939393939394
 22 -0.8787878787878789
 440 -0.8181818181818183
 992 -0.7575757575757573
 632 -0.6969696969696968
 1039 -0.6363636363636362
 658 -0.5757575757575757
 880 -0.5151515151515151
 631 -0.4545454545454546
 855 -0.393939393939394
 4284 -0.333333333333333
 552 -0.2727272727272725
 2874 -0.2121212121212119
 8 -0.1515151515151514
 2666 -0.09090909090909083
 8 -0.03030303030303028
 2585 0.03030303030303028
 10 0.09090909090909083
 2234 0.1515151515151514
 1706 0.2121212121212124
 2271 0.2727272727272729
 1667 0.3333333333333335
 633 0.393939393939394
 903 0.4545454545454546
 704 0.5151515151515151
 786 0.5757575757575757
 589 0.6363636363636367
 763 0.6969696969696972
 554 0.7575757575757578
 6 0.8181818181818183
 586 0.8787878787878789
 12 0.9393939393939394
 508 1
 6 1.060606060606061
 461 1.121212121212121
 16 1.181818181818182
 27 1.242424242424242
 82 1.303030303030303
 17 1.363636363636363
 91 1.424242424242425
 20 1.484848484848485
 101 1.545454545454546
 0 1.606060606060606
 0 1.666666666666667
 0 1.727272727272728
 26 1.787878787878788
 1 1.848484848484849
 34 1.909090909090909
 3 1.96969696969697
 1 2.03030303030303
 0 2.090909090909091
 0 2.151515151515151
 0 2.212121212121212
 0 2.272727272727272
 1 2.333333333333334
 6 2.393939393939394
 0 2.454545454545455
 0 2.515151515151516
 0 2.575757575757576
 0 2.636363636363637
 0 2.696969696969697
 0 2.757575757575758
 0 2.818181818181818
 0 2.878787878787879
 0 2.939393939393939
 0 3


