# Created by Octave 3.8.2, Sun Jun 21 06:40:47 2020 CEST <damian@fptrucha.inv.usc.es>
# name: hd
# type: matrix
# rows: 100
# columns: 2
 0 -3
 0 -2.939393939393939
 0 -2.878787878787879
 0 -2.818181818181818
 0 -2.757575757575758
 0 -2.696969696969697
 0 -2.636363636363636
 1 -2.575757575757576
 0 -2.515151515151515
 6 -2.454545454545455
 0 -2.393939393939394
 0 -2.333333333333333
 2 -2.272727272727272
 0 -2.212121212121212
 0 -2.151515151515151
 1 -2.090909090909091
 4 -2.03030303030303
 18 -1.96969696969697
 17 -1.909090909090909
 2 -1.848484848484848
 4 -1.787878787878788
 0 -1.727272727272727
 1 -1.666666666666667
 94 -1.606060606060606
 24 -1.545454545454545
 80 -1.484848484848485
 24 -1.424242424242424
 80 -1.363636363636364
 17 -1.303030303030303
 12 -1.242424242424242
 557 -1.181818181818182
 12 -1.121212121212121
 529 -1.060606060606061
 14 -1
 488 -0.9393939393939394
 12 -0.8787878787878789
 445 -0.8181818181818183
 1015 -0.7575757575757573
 697 -0.6969696969696968
 1062 -0.6363636363636362
 640 -0.5757575757575757
 851 -0.5151515151515151
 581 -0.4545454545454546
 839 -0.393939393939394
 4223 -0.333333333333333
 511 -0.2727272727272725
 2929 -0.2121212121212119
 4 -0.1515151515151514
 2684 -0.09090909090909083
 3 -0.03030303030303028
 2594 0.03030303030303028
 9 0.09090909090909083
 2175 0.1515151515151514
 1784 0.2121212121212124
 2202 0.2727272727272729
 1610 0.3333333333333335
 607 0.393939393939394
 874 0.4545454545454546
 694 0.5151515151515151
 814 0.5757575757575757
 572 0.6363636363636367
 801 0.6969696969696972
 580 0.7575757575757578
 16 0.8181818181818183
 580 0.8787878787878789
 14 0.9393939393939394
 520 1
 10 1.060606060606061
 496 1.121212121212121
 7 1.181818181818182
 24 1.242424242424242
 92 1.303030303030303
 19 1.363636363636363
 109 1.424242424242425
 25 1.484848484848485
 74 1.545454545454546
 1 1.606060606060606
 0 1.666666666666667
 2 1.727272727272728
 33 1.787878787878788
 3 1.848484848484849
 29 1.909090909090909
 5 1.96969696969697
 2 2.03030303030303
 0 2.090909090909091
 0 2.151515151515151
 0 2.212121212121212
 0 2.272727272727272
 0 2.333333333333334
 5 2.393939393939394
 0 2.454545454545455
 0 2.515151515151516
 0 2.575757575757576
 0 2.636363636363637
 0 2.696969696969697
 0 2.757575757575758
 0 2.818181818181818
 0 2.878787878787879
 0 2.939393939393939
 0 3


