# Created by Octave 3.8.2, Mon Jun 22 09:03:01 2020 CEST <damian@fptrucha.inv.usc.es>
# name: hd
# type: matrix
# rows: 100
# columns: 2
 0 -3
 0 -2.939393939393939
 0 -2.878787878787879
 0 -2.818181818181818
 0 -2.757575757575758
 0 -2.696969696969697
 0 -2.636363636363636
 4 -2.575757575757576
 0 -2.515151515151515
 5 -2.454545454545455
 2 -2.393939393939394
 1 -2.333333333333333
 0 -2.272727272727272
 0 -2.212121212121212
 0 -2.151515151515151
 5 -2.090909090909091
 4 -2.03030303030303
 21 -1.96969696969697
 36 -1.909090909090909
 1 -1.848484848484848
 1 -1.787878787878788
 0 -1.727272727272727
 1 -1.666666666666667
 112 -1.606060606060606
 20 -1.545454545454545
 113 -1.484848484848485
 22 -1.424242424242424
 105 -1.363636363636364
 27 -1.303030303030303
 10 -1.242424242424242
 506 -1.181818181818182
 12 -1.121212121212121
 518 -1.060606060606061
 8 -1
 519 -0.9393939393939394
 19 -0.8787878787878789
 467 -0.8181818181818183
 877 -0.7575757575757573
 612 -0.6969696969696968
 894 -0.6363636363636362
 634 -0.5757575757575757
 920 -0.5151515151515151
 580 -0.4545454545454546
 898 -0.393939393939394
 3931 -0.333333333333333
 587 -0.2727272727272725
 2421 -0.2121212121212119
 11 -0.1515151515151514
 2550 -0.09090909090909083
 18 -0.03030303030303028
 2402 0.03030303030303028
 24 0.09090909090909083
 2289 0.1515151515151514
 1556 0.2121212121212124
 2304 0.2727272727272729
 1539 0.3333333333333335
 699 0.393939393939394
 859 0.4545454545454546
 660 0.5151515151515151
 846 0.5757575757575757
 613 0.6363636363636367
 831 0.6969696969696972
 521 0.7575757575757578
 14 0.8181818181818183
 545 0.8787878787878789
 23 0.9393939393939394
 542 1
 12 1.060606060606061
 505 1.121212121212121
 13 1.181818181818182
 22 1.242424242424242
 101 1.303030303030303
 34 1.363636363636363
 121 1.424242424242425
 34 1.484848484848485
 104 1.545454545454546
 6 1.606060606060606
 0 1.666666666666667
 2 1.727272727272728
 35 1.787878787878788
 5 1.848484848484849
 33 1.909090909090909
 4 1.96969696969697
 6 2.03030303030303
 0 2.090909090909091
 0 2.151515151515151
 2 2.212121212121212
 0 2.272727272727272
 0 2.333333333333334
 3 2.393939393939394
 0 2.454545454545455
 0 2.515151515151516
 0 2.575757575757576
 0 2.636363636363637
 0 2.696969696969697
 0 2.757575757575758
 0 2.818181818181818
 0 2.878787878787879
 0 2.939393939393939
 0 3


