# Created by Octave 3.8.2, Mon Jun 22 13:53:17 2020 CEST <damian@fptrucha.inv.usc.es>
# name: hd
# type: matrix
# rows: 100
# columns: 2
 0 -3
 0 -2.939393939393939
 0 -2.878787878787879
 0 -2.818181818181818
 0 -2.757575757575758
 0 -2.696969696969697
 0 -2.636363636363636
 2 -2.575757575757576
 0 -2.515151515151515
 3 -2.454545454545455
 0 -2.393939393939394
 0 -2.333333333333333
 2 -2.272727272727272
 0 -2.212121212121212
 0 -2.151515151515151
 2 -2.090909090909091
 3 -2.03030303030303
 37 -1.96969696969697
 36 -1.909090909090909
 1 -1.848484848484848
 1 -1.787878787878788
 0 -1.727272727272727
 5 -1.666666666666667
 99 -1.606060606060606
 35 -1.545454545454545
 129 -1.484848484848485
 31 -1.424242424242424
 108 -1.363636363636364
 25 -1.303030303030303
 24 -1.242424242424242
 599 -1.181818181818182
 14 -1.121212121212121
 542 -1.060606060606061
 22 -1
 522 -0.9393939393939394
 21 -0.8787878787878789
 533 -0.8181818181818183
 919 -0.7575757575757573
 654 -0.6969696969696968
 990 -0.6363636363636362
 595 -0.5757575757575757
 965 -0.5151515151515151
 620 -0.4545454545454546
 910 -0.393939393939394
 4193 -0.333333333333333
 589 -0.2727272727272725
 2657 -0.2121212121212119
 15 -0.1515151515151514
 2612 -0.09090909090909083
 19 -0.03030303030303028
 2498 0.03030303030303028
 16 0.09090909090909083
 2327 0.1515151515151514
 1547 0.2121212121212124
 2213 0.2727272727272729
 1638 0.3333333333333335
 637 0.393939393939394
 952 0.4545454545454546
 690 0.5151515151515151
 856 0.5757575757575757
 655 0.6363636363636367
 804 0.6969696969696972
 557 0.7575757575757578
 10 0.8181818181818183
 584 0.8787878787878789
 18 0.9393939393939394
 590 1
 10 1.060606060606061
 547 1.121212121212121
 13 1.181818181818182
 36 1.242424242424242
 135 1.303030303030303
 34 1.363636363636363
 124 1.424242424242425
 49 1.484848484848485
 115 1.545454545454546
 3 1.606060606060606
 0 1.666666666666667
 1 1.727272727272728
 44 1.787878787878788
 7 1.848484848484849
 42 1.909090909090909
 3 1.96969696969697
 1 2.03030303030303
 0 2.090909090909091
 0 2.151515151515151
 3 2.212121212121212
 0 2.272727272727272
 0 2.333333333333334
 8 2.393939393939394
 1 2.454545454545455
 2 2.515151515151516
 0 2.575757575757576
 0 2.636363636363637
 0 2.696969696969697
 0 2.757575757575758
 0 2.818181818181818
 0 2.878787878787879
 0 2.939393939393939
 0 3


