# Created by Octave 3.8.2, Sun Jun 21 08:09:44 2020 CEST <damian@fptrucha.inv.usc.es>
# name: hd
# type: matrix
# rows: 100
# columns: 2
 0 -3
 0 -2.939393939393939
 0 -2.878787878787879
 0 -2.818181818181818
 0 -2.757575757575758
 0 -2.696969696969697
 0 -2.636363636363636
 2 -2.575757575757576
 0 -2.515151515151515
 5 -2.454545454545455
 0 -2.393939393939394
 0 -2.333333333333333
 0 -2.272727272727272
 0 -2.212121212121212
 0 -2.151515151515151
 1 -2.090909090909091
 5 -2.03030303030303
 27 -1.96969696969697
 31 -1.909090909090909
 1 -1.848484848484848
 4 -1.787878787878788
 0 -1.727272727272727
 0 -1.666666666666667
 92 -1.606060606060606
 13 -1.545454545454545
 97 -1.484848484848485
 20 -1.424242424242424
 69 -1.363636363636364
 20 -1.303030303030303
 7 -1.242424242424242
 547 -1.181818181818182
 9 -1.121212121212121
 532 -1.060606060606061
 7 -1
 414 -0.9393939393939394
 14 -0.8787878787878789
 423 -0.8181818181818183
 981 -0.7575757575757573
 658 -0.6969696969696968
 1004 -0.6363636363636362
 648 -0.5757575757575757
 885 -0.5151515151515151
 547 -0.4545454545454546
 852 -0.393939393939394
 4288 -0.333333333333333
 553 -0.2727272727272725
 2759 -0.2121212121212119
 9 -0.1515151515151514
 2690 -0.09090909090909083
 11 -0.03030303030303028
 2554 0.03030303030303028
 11 0.09090909090909083
 2155 0.1515151515151514
 1816 0.2121212121212124
 2248 0.2727272727272729
 1688 0.3333333333333335
 597 0.393939393939394
 947 0.4545454545454546
 655 0.5151515151515151
 792 0.5757575757575757
 549 0.6363636363636367
 791 0.6969696969696972
 551 0.7575757575757578
 11 0.8181818181818183
 538 0.8787878787878789
 20 0.9393939393939394
 516 1
 10 1.060606060606061
 480 1.121212121212121
 12 1.181818181818182
 30 1.242424242424242
 102 1.303030303030303
 33 1.363636363636363
 98 1.424242424242425
 29 1.484848484848485
 107 1.545454545454546
 1 1.606060606060606
 0 1.666666666666667
 2 1.727272727272728
 36 1.787878787878788
 0 1.848484848484849
 40 1.909090909090909
 6 1.96969696969697
 0 2.03030303030303
 0 2.090909090909091
 0 2.151515151515151
 1 2.212121212121212
 0 2.272727272727272
 1 2.333333333333334
 7 2.393939393939394
 0 2.454545454545455
 1 2.515151515151516
 0 2.575757575757576
 0 2.636363636363637
 0 2.696969696969697
 0 2.757575757575758
 0 2.818181818181818
 0 2.878787878787879
 0 2.939393939393939
 0 3


