# Created by Octave 3.8.2, Mon Jun 22 14:43:34 2020 CEST <damian@fptrucha.inv.usc.es>
# name: hd
# type: matrix
# rows: 100
# columns: 2
 0 -3
 0 -2.939393939393939
 0 -2.878787878787879
 0 -2.818181818181818
 0 -2.757575757575758
 0 -2.696969696969697
 0 -2.636363636363636
 2 -2.575757575757576
 0 -2.515151515151515
 7 -2.454545454545455
 1 -2.393939393939394
 0 -2.333333333333333
 1 -2.272727272727272
 0 -2.212121212121212
 0 -2.151515151515151
 0 -2.090909090909091
 2 -2.03030303030303
 30 -1.96969696969697
 34 -1.909090909090909
 1 -1.848484848484848
 2 -1.787878787878788
 0 -1.727272727272727
 3 -1.666666666666667
 108 -1.606060606060606
 33 -1.545454545454545
 119 -1.484848484848485
 25 -1.424242424242424
 83 -1.363636363636364
 27 -1.303030303030303
 12 -1.242424242424242
 530 -1.181818181818182
 13 -1.121212121212121
 517 -1.060606060606061
 18 -1
 536 -0.9393939393939394
 18 -0.8787878787878789
 526 -0.8181818181818183
 874 -0.7575757575757573
 604 -0.6969696969696968
 1008 -0.6363636363636362
 662 -0.5757575757575757
 956 -0.5151515151515151
 601 -0.4545454545454546
 869 -0.393939393939394
 4112 -0.333333333333333
 610 -0.2727272727272725
 2680 -0.2121212121212119
 14 -0.1515151515151514
 2652 -0.09090909090909083
 9 -0.03030303030303028
 2702 0.03030303030303028
 18 0.09090909090909083
 2394 0.1515151515151514
 1572 0.2121212121212124
 2427 0.2727272727272729
 1625 0.3333333333333335
 675 0.393939393939394
 874 0.4545454545454546
 698 0.5151515151515151
 811 0.5757575757575757
 640 0.6363636363636367
 884 0.6969696969696972
 596 0.7575757575757578
 10 0.8181818181818183
 610 0.8787878787878789
 16 0.9393939393939394
 539 1
 14 1.060606060606061
 626 1.121212121212121
 12 1.181818181818182
 35 1.242424242424242
 121 1.303030303030303
 31 1.363636363636363
 116 1.424242424242425
 24 1.484848484848485
 112 1.545454545454546
 2 1.606060606060606
 0 1.666666666666667
 4 1.727272727272728
 36 1.787878787878788
 3 1.848484848484849
 38 1.909090909090909
 6 1.96969696969697
 0 2.03030303030303
 0 2.090909090909091
 0 2.151515151515151
 1 2.212121212121212
 2 2.272727272727272
 2 2.333333333333334
 17 2.393939393939394
 0 2.454545454545455
 1 2.515151515151516
 0 2.575757575757576
 0 2.636363636363637
 0 2.696969696969697
 0 2.757575757575758
 0 2.818181818181818
 0 2.878787878787879
 0 2.939393939393939
 0 3


