# Created by Octave 3.8.2, Mon Jun 22 06:53:05 2020 CEST <damian@fptrucha.inv.usc.es>
# name: hd
# type: matrix
# rows: 100
# columns: 2
 0 -3
 0 -2.939393939393939
 0 -2.878787878787879
 0 -2.818181818181818
 0 -2.757575757575758
 0 -2.696969696969697
 0 -2.636363636363636
 1 -2.575757575757576
 0 -2.515151515151515
 8 -2.454545454545455
 3 -2.393939393939394
 0 -2.333333333333333
 0 -2.272727272727272
 0 -2.212121212121212
 0 -2.151515151515151
 2 -2.090909090909091
 1 -2.03030303030303
 32 -1.96969696969697
 25 -1.909090909090909
 0 -1.848484848484848
 2 -1.787878787878788
 0 -1.727272727272727
 2 -1.666666666666667
 78 -1.606060606060606
 21 -1.545454545454545
 105 -1.484848484848485
 36 -1.424242424242424
 125 -1.363636363636364
 21 -1.303030303030303
 11 -1.242424242424242
 491 -1.181818181818182
 17 -1.121212121212121
 487 -1.060606060606061
 13 -1
 470 -0.9393939393939394
 29 -0.8787878787878789
 464 -0.8181818181818183
 772 -0.7575757575757573
 549 -0.6969696969696968
 868 -0.6363636363636362
 602 -0.5757575757575757
 855 -0.5151515151515151
 602 -0.4545454545454546
 861 -0.393939393939394
 3851 -0.333333333333333
 544 -0.2727272727272725
 2432 -0.2121212121212119
 12 -0.1515151515151514
 2611 -0.09090909090909083
 14 -0.03030303030303028
 2349 0.03030303030303028
 29 0.09090909090909083
 2158 0.1515151515151514
 1395 0.2121212121212124
 2245 0.2727272727272729
 1488 0.3333333333333335
 628 0.393939393939394
 827 0.4545454545454546
 596 0.5151515151515151
 833 0.5757575757575757
 613 0.6363636363636367
 802 0.6969696969696972
 508 0.7575757575757578
 15 0.8181818181818183
 497 0.8787878787878789
 23 0.9393939393939394
 513 1
 15 1.060606060606061
 541 1.121212121212121
 15 1.181818181818182
 17 1.242424242424242
 125 1.303030303030303
 20 1.363636363636363
 121 1.424242424242425
 29 1.484848484848485
 120 1.545454545454546
 5 1.606060606060606
 0 1.666666666666667
 4 1.727272727272728
 43 1.787878787878788
 5 1.848484848484849
 33 1.909090909090909
 5 1.96969696969697
 1 2.03030303030303
 0 2.090909090909091
 0 2.151515151515151
 1 2.212121212121212
 0 2.272727272727272
 0 2.333333333333334
 10 2.393939393939394
 0 2.454545454545455
 1 2.515151515151516
 0 2.575757575757576
 0 2.636363636363637
 0 2.696969696969697
 0 2.757575757575758
 0 2.818181818181818
 0 2.878787878787879
 0 2.939393939393939
 0 3


