# Created by Octave 3.8.2, Mon Jun 22 22:12:05 2020 CEST <damian@fptrucha.inv.usc.es>
# name: hd
# type: matrix
# rows: 100
# columns: 2
 0 -3
 0 -2.939393939393939
 0 -2.878787878787879
 0 -2.818181818181818
 0 -2.757575757575758
 0 -2.696969696969697
 0 -2.636363636363636
 1 -2.575757575757576
 0 -2.515151515151515
 8 -2.454545454545455
 1 -2.393939393939394
 0 -2.333333333333333
 1 -2.272727272727272
 0 -2.212121212121212
 0 -2.151515151515151
 2 -2.090909090909091
 3 -2.03030303030303
 32 -1.96969696969697
 56 -1.909090909090909
 1 -1.848484848484848
 3 -1.787878787878788
 0 -1.727272727272727
 0 -1.666666666666667
 119 -1.606060606060606
 33 -1.545454545454545
 112 -1.484848484848485
 41 -1.424242424242424
 128 -1.363636363636364
 28 -1.303030303030303
 16 -1.242424242424242
 604 -1.181818181818182
 22 -1.121212121212121
 592 -1.060606060606061
 18 -1
 541 -0.9393939393939394
 19 -0.8787878787878789
 536 -0.8181818181818183
 1051 -0.7575757575757573
 730 -0.6969696969696968
 1101 -0.6363636363636362
 697 -0.5757575757575757
 935 -0.5151515151515151
 644 -0.4545454545454546
 997 -0.393939393939394
 4488 -0.333333333333333
 640 -0.2727272727272725
 2797 -0.2121212121212119
 8 -0.1515151515151514
 2810 -0.09090909090909083
 8 -0.03030303030303028
 2767 0.03030303030303028
 25 0.09090909090909083
 2425 0.1515151515151514
 1663 0.2121212121212124
 2385 0.2727272727272729
 1686 0.3333333333333335
 687 0.393939393939394
 926 0.4545454545454546
 709 0.5151515151515151
 777 0.5757575757575757
 654 0.6363636363636367
 853 0.6969696969696972
 595 0.7575757575757578
 15 0.8181818181818183
 585 0.8787878787878789
 11 0.9393939393939394
 584 1
 15 1.060606060606061
 518 1.121212121212121
 10 1.181818181818182
 31 1.242424242424242
 115 1.303030303030303
 46 1.363636363636363
 117 1.424242424242425
 25 1.484848484848485
 113 1.545454545454546
 0 1.606060606060606
 0 1.666666666666667
 1 1.727272727272728
 44 1.787878787878788
 3 1.848484848484849
 36 1.909090909090909
 4 1.96969696969697
 0 2.03030303030303
 0 2.090909090909091
 0 2.151515151515151
 1 2.212121212121212
 0 2.272727272727272
 1 2.333333333333334
 8 2.393939393939394
 0 2.454545454545455
 1 2.515151515151516
 0 2.575757575757576
 0 2.636363636363637
 0 2.696969696969697
 0 2.757575757575758
 0 2.818181818181818
 0 2.878787878787879
 0 2.939393939393939
 0 3


