# Created by Octave 3.8.2, Sun Jun 21 03:00:24 2020 CEST <damian@fptrucha.inv.usc.es>
# name: hd
# type: matrix
# rows: 100
# columns: 2
 0 -3
 0 -2.939393939393939
 0 -2.878787878787879
 0 -2.818181818181818
 0 -2.757575757575758
 0 -2.696969696969697
 0 -2.636363636363636
 2 -2.575757575757576
 1 -2.515151515151515
 2 -2.454545454545455
 0 -2.393939393939394
 0 -2.333333333333333
 1 -2.272727272727272
 0 -2.212121212121212
 0 -2.151515151515151
 0 -2.090909090909091
 4 -2.03030303030303
 17 -1.96969696969697
 21 -1.909090909090909
 2 -1.848484848484848
 4 -1.787878787878788
 0 -1.727272727272727
 0 -1.666666666666667
 87 -1.606060606060606
 19 -1.545454545454545
 89 -1.484848484848485
 11 -1.424242424242424
 84 -1.363636363636364
 20 -1.303030303030303
 6 -1.242424242424242
 539 -1.181818181818182
 10 -1.121212121212121
 485 -1.060606060606061
 11 -1
 443 -0.9393939393939394
 14 -0.8787878787878789
 439 -0.8181818181818183
 928 -0.7575757575757573
 677 -0.6969696969696968
 996 -0.6363636363636362
 624 -0.5757575757575757
 820 -0.5151515151515151
 568 -0.4545454545454546
 818 -0.393939393939394
 4143 -0.333333333333333
 550 -0.2727272727272725
 2857 -0.2121212121212119
 9 -0.1515151515151514
 2532 -0.09090909090909083
 7 -0.03030303030303028
 2436 0.03030303030303028
 9 0.09090909090909083
 2187 0.1515151515151514
 1707 0.2121212121212124
 2168 0.2727272727272729
 1604 0.3333333333333335
 590 0.393939393939394
 871 0.4545454545454546
 563 0.5151515151515151
 808 0.5757575757575757
 517 0.6363636363636367
 765 0.6969696969696972
 588 0.7575757575757578
 9 0.8181818181818183
 520 0.8787878787878789
 8 0.9393939393939394
 496 1
 14 1.060606060606061
 464 1.121212121212121
 12 1.181818181818182
 35 1.242424242424242
 95 1.303030303030303
 21 1.363636363636363
 90 1.424242424242425
 18 1.484848484848485
 83 1.545454545454546
 1 1.606060606060606
 0 1.666666666666667
 0 1.727272727272728
 27 1.787878787878788
 2 1.848484848484849
 30 1.909090909090909
 4 1.96969696969697
 0 2.03030303030303
 0 2.090909090909091
 0 2.151515151515151
 1 2.212121212121212
 0 2.272727272727272
 0 2.333333333333334
 5 2.393939393939394
 0 2.454545454545455
 1 2.515151515151516
 0 2.575757575757576
 0 2.636363636363637
 0 2.696969696969697
 0 2.757575757575758
 0 2.818181818181818
 0 2.878787878787879
 0 2.939393939393939
 0 3


