# Created by Octave 3.8.2, Mon Jun 22 20:08:54 2020 CEST <damian@fptrucha.inv.usc.es>
# name: hd
# type: matrix
# rows: 100
# columns: 2
 0 -3
 0 -2.939393939393939
 0 -2.878787878787879
 0 -2.818181818181818
 0 -2.757575757575758
 0 -2.696969696969697
 0 -2.636363636363636
 1 -2.575757575757576
 0 -2.515151515151515
 8 -2.454545454545455
 1 -2.393939393939394
 0 -2.333333333333333
 2 -2.272727272727272
 0 -2.212121212121212
 0 -2.151515151515151
 1 -2.090909090909091
 4 -2.03030303030303
 48 -1.96969696969697
 33 -1.909090909090909
 0 -1.848484848484848
 0 -1.787878787878788
 0 -1.727272727272727
 2 -1.666666666666667
 134 -1.606060606060606
 26 -1.545454545454545
 123 -1.484848484848485
 30 -1.424242424242424
 123 -1.363636363636364
 27 -1.303030303030303
 19 -1.242424242424242
 593 -1.181818181818182
 19 -1.121212121212121
 577 -1.060606060606061
 14 -1
 556 -0.9393939393939394
 19 -0.8787878787878789
 549 -0.8181818181818183
 1035 -0.7575757575757573
 744 -0.6969696969696968
 1038 -0.6363636363636362
 709 -0.5757575757575757
 946 -0.5151515151515151
 624 -0.4545454545454546
 946 -0.393939393939394
 4289 -0.333333333333333
 573 -0.2727272727272725
 2772 -0.2121212121212119
 13 -0.1515151515151514
 2746 -0.09090909090909083
 11 -0.03030303030303028
 2615 0.03030303030303028
 18 0.09090909090909083
 2296 0.1515151515151514
 1560 0.2121212121212124
 2416 0.2727272727272729
 1631 0.3333333333333335
 626 0.393939393939394
 893 0.4545454545454546
 668 0.5151515151515151
 810 0.5757575757575757
 674 0.6363636363636367
 873 0.6969696969696972
 564 0.7575757575757578
 15 0.8181818181818183
 547 0.8787878787878789
 13 0.9393939393939394
 533 1
 16 1.060606060606061
 515 1.121212121212121
 8 1.181818181818182
 32 1.242424242424242
 109 1.303030303030303
 19 1.363636363636363
 111 1.424242424242425
 26 1.484848484848485
 112 1.545454545454546
 3 1.606060606060606
 0 1.666666666666667
 1 1.727272727272728
 44 1.787878787878788
 2 1.848484848484849
 33 1.909090909090909
 2 1.96969696969697
 2 2.03030303030303
 0 2.090909090909091
 0 2.151515151515151
 2 2.212121212121212
 1 2.272727272727272
 0 2.333333333333334
 4 2.393939393939394
 1 2.454545454545455
 0 2.515151515151516
 0 2.575757575757576
 0 2.636363636363637
 0 2.696969696969697
 0 2.757575757575758
 0 2.818181818181818
 0 2.878787878787879
 0 2.939393939393939
 0 3


