# Created by Octave 3.8.2, Mon Jun 22 16:20:03 2020 CEST <damian@fptrucha.inv.usc.es>
# name: hd
# type: matrix
# rows: 100
# columns: 2
 0 -3
 0 -2.939393939393939
 0 -2.878787878787879
 0 -2.818181818181818
 0 -2.757575757575758
 0 -2.696969696969697
 0 -2.636363636363636
 1 -2.575757575757576
 1 -2.515151515151515
 13 -2.454545454545455
 0 -2.393939393939394
 0 -2.333333333333333
 0 -2.272727272727272
 0 -2.212121212121212
 0 -2.151515151515151
 1 -2.090909090909091
 8 -2.03030303030303
 35 -1.96969696969697
 34 -1.909090909090909
 3 -1.848484848484848
 2 -1.787878787878788
 0 -1.727272727272727
 0 -1.666666666666667
 109 -1.606060606060606
 41 -1.545454545454545
 119 -1.484848484848485
 36 -1.424242424242424
 131 -1.363636363636364
 17 -1.303030303030303
 16 -1.242424242424242
 543 -1.181818181818182
 13 -1.121212121212121
 529 -1.060606060606061
 15 -1
 499 -0.9393939393939394
 12 -0.8787878787878789
 505 -0.8181818181818183
 943 -0.7575757575757573
 680 -0.6969696969696968
 1027 -0.6363636363636362
 690 -0.5757575757575757
 948 -0.5151515151515151
 660 -0.4545454545454546
 1018 -0.393939393939394
 4239 -0.333333333333333
 569 -0.2727272727272725
 2672 -0.2121212121212119
 12 -0.1515151515151514
 2669 -0.09090909090909083
 20 -0.03030303030303028
 2553 0.03030303030303028
 17 0.09090909090909083
 2326 0.1515151515151514
 1633 0.2121212121212124
 2377 0.2727272727272729
 1618 0.3333333333333335
 691 0.393939393939394
 923 0.4545454545454546
 677 0.5151515151515151
 820 0.5757575757575757
 635 0.6363636363636367
 882 0.6969696969696972
 613 0.7575757575757578
 21 0.8181818181818183
 574 0.8787878787878789
 23 0.9393939393939394
 562 1
 14 1.060606060606061
 567 1.121212121212121
 10 1.181818181818182
 42 1.242424242424242
 100 1.303030303030303
 25 1.363636363636363
 130 1.424242424242425
 33 1.484848484848485
 111 1.545454545454546
 1 1.606060606060606
 0 1.666666666666667
 2 1.727272727272728
 38 1.787878787878788
 5 1.848484848484849
 43 1.909090909090909
 6 1.96969696969697
 1 2.03030303030303
 0 2.090909090909091
 0 2.151515151515151
 1 2.212121212121212
 0 2.272727272727272
 0 2.333333333333334
 14 2.393939393939394
 0 2.454545454545455
 0 2.515151515151516
 0 2.575757575757576
 0 2.636363636363637
 0 2.696969696969697
 0 2.757575757575758
 0 2.818181818181818
 0 2.878787878787879
 0 2.939393939393939
 0 3


