# Created by Octave 3.8.2, Mon Jun 22 18:56:28 2020 CEST <damian@fptrucha.inv.usc.es>
# name: hd
# type: matrix
# rows: 100
# columns: 2
 0 -3
 0 -2.939393939393939
 0 -2.878787878787879
 0 -2.818181818181818
 0 -2.757575757575758
 0 -2.696969696969697
 0 -2.636363636363636
 3 -2.575757575757576
 1 -2.515151515151515
 11 -2.454545454545455
 1 -2.393939393939394
 2 -2.333333333333333
 0 -2.272727272727272
 0 -2.212121212121212
 0 -2.151515151515151
 0 -2.090909090909091
 4 -2.03030303030303
 16 -1.96969696969697
 21 -1.909090909090909
 0 -1.848484848484848
 1 -1.787878787878788
 0 -1.727272727272727
 0 -1.666666666666667
 78 -1.606060606060606
 22 -1.545454545454545
 78 -1.484848484848485
 19 -1.424242424242424
 81 -1.363636363636364
 20 -1.303030303030303
 10 -1.242424242424242
 418 -1.181818181818182
 10 -1.121212121212121
 411 -1.060606060606061
 19 -1
 399 -0.9393939393939394
 14 -0.8787878787878789
 407 -0.8181818181818183
 621 -0.7575757575757573
 458 -0.6969696969696968
 715 -0.6363636363636362
 458 -0.5757575757575757
 649 -0.5151515151515151
 433 -0.4545454545454546
 639 -0.393939393939394
 2765 -0.333333333333333
 421 -0.2727272727272725
 1906 -0.2121212121212119
 10 -0.1515151515151514
 1827 -0.09090909090909083
 11 -0.03030303030303028
 1694 0.03030303030303028
 6 0.09090909090909083
 1533 0.1515151515151514
 1090 0.2121212121212124
 1569 0.2727272727272729
 1050 0.3333333333333335
 430 0.393939393939394
 631 0.4545454545454546
 452 0.5151515151515151
 532 0.5757575757575757
 443 0.6363636363636367
 570 0.6969696969696972
 350 0.7575757575757578
 3 0.8181818181818183
 316 0.8787878787878789
 9 0.9393939393939394
 356 1
 7 1.060606060606061
 325 1.121212121212121
 7 1.181818181818182
 25 1.242424242424242
 67 1.303030303030303
 19 1.363636363636363
 73 1.424242424242425
 17 1.484848484848485
 63 1.545454545454546
 3 1.606060606060606
 0 1.666666666666667
 1 1.727272727272728
 25 1.787878787878788
 2 1.848484848484849
 18 1.909090909090909
 3 1.96969696969697
 0 2.03030303030303
 0 2.090909090909091
 0 2.151515151515151
 1 2.212121212121212
 0 2.272727272727272
 2 2.333333333333334
 6 2.393939393939394
 0 2.454545454545455
 0 2.515151515151516
 0 2.575757575757576
 0 2.636363636363637
 0 2.696969696969697
 0 2.757575757575758
 0 2.818181818181818
 0 2.878787878787879
 0 2.939393939393939
 0 3


