# Created by Octave 3.8.2, Sat Jun 20 02:48:24 2020 CEST <damian@fptrucha.inv.usc.es>
# name: hd
# type: matrix
# rows: 100
# columns: 2
 0 -3
 0 -2.939393939393939
 0 -2.878787878787879
 0 -2.818181818181818
 0 -2.757575757575758
 0 -2.696969696969697
 0 -2.636363636363636
 0 -2.575757575757576
 0 -2.515151515151515
 8 -2.454545454545455
 0 -2.393939393939394
 0 -2.333333333333333
 1 -2.272727272727272
 0 -2.212121212121212
 0 -2.151515151515151
 1 -2.090909090909091
 3 -2.03030303030303
 21 -1.96969696969697
 28 -1.909090909090909
 2 -1.848484848484848
 2 -1.787878787878788
 0 -1.727272727272727
 1 -1.666666666666667
 127 -1.606060606060606
 24 -1.545454545454545
 106 -1.484848484848485
 18 -1.424242424242424
 77 -1.363636363636364
 24 -1.303030303030303
 15 -1.242424242424242
 627 -1.181818181818182
 21 -1.121212121212121
 629 -1.060606060606061
 11 -1
 490 -0.9393939393939394
 12 -0.8787878787878789
 524 -0.8181818181818183
 1101 -0.7575757575757573
 753 -0.6969696969696968
 1233 -0.6363636363636362
 653 -0.5757575757575757
 977 -0.5151515151515151
 635 -0.4545454545454546
 962 -0.393939393939394
 4458 -0.333333333333333
 623 -0.2727272727272725
 3092 -0.2121212121212119
 7 -0.1515151515151514
 2854 -0.09090909090909083
 6 -0.03030303030303028
 2770 0.03030303030303028
 13 0.09090909090909083
 2456 0.1515151515151514
 1824 0.2121212121212124
 2506 0.2727272727272729
 1596 0.3333333333333335
 647 0.393939393939394
 966 0.4545454545454546
 646 0.5151515151515151
 826 0.5757575757575757
 598 0.6363636363636367
 788 0.6969696969696972
 598 0.7575757575757578
 20 0.8181818181818183
 528 0.8787878787878789
 12 0.9393939393939394
 468 1
 13 1.060606060606061
 488 1.121212121212121
 18 1.181818181818182
 29 1.242424242424242
 104 1.303030303030303
 28 1.363636363636363
 98 1.424242424242425
 24 1.484848484848485
 96 1.545454545454546
 2 1.606060606060606
 0 1.666666666666667
 2 1.727272727272728
 33 1.787878787878788
 0 1.848484848484849
 25 1.909090909090909
 2 1.96969696969697
 1 2.03030303030303
 0 2.090909090909091
 0 2.151515151515151
 3 2.212121212121212
 0 2.272727272727272
 0 2.333333333333334
 4 2.393939393939394
 0 2.454545454545455
 2 2.515151515151516
 0 2.575757575757576
 0 2.636363636363637
 0 2.696969696969697
 0 2.757575757575758
 0 2.818181818181818
 0 2.878787878787879
 0 2.939393939393939
 0 3


