# Created by Octave 3.8.2, Sat Jun 20 14:29:57 2020 CEST <damian@fptrucha.inv.usc.es>
# name: hd
# type: matrix
# rows: 100
# columns: 2
 0 -3
 0 -2.939393939393939
 0 -2.878787878787879
 0 -2.818181818181818
 0 -2.757575757575758
 0 -2.696969696969697
 0 -2.636363636363636
 3 -2.575757575757576
 1 -2.515151515151515
 4 -2.454545454545455
 0 -2.393939393939394
 1 -2.333333333333333
 0 -2.272727272727272
 0 -2.212121212121212
 0 -2.151515151515151
 0 -2.090909090909091
 4 -2.03030303030303
 27 -1.96969696969697
 23 -1.909090909090909
 2 -1.848484848484848
 1 -1.787878787878788
 0 -1.727272727272727
 1 -1.666666666666667
 101 -1.606060606060606
 23 -1.545454545454545
 84 -1.484848484848485
 15 -1.424242424242424
 82 -1.363636363636364
 19 -1.303030303030303
 12 -1.242424242424242
 523 -1.181818181818182
 11 -1.121212121212121
 556 -1.060606060606061
 15 -1
 470 -0.9393939393939394
 23 -0.8787878787878789
 460 -0.8181818181818183
 1035 -0.7575757575757573
 668 -0.6969696969696968
 1054 -0.6363636363636362
 626 -0.5757575757575757
 879 -0.5151515151515151
 630 -0.4545454545454546
 893 -0.393939393939394
 4422 -0.333333333333333
 586 -0.2727272727272725
 3081 -0.2121212121212119
 12 -0.1515151515151514
 2837 -0.09090909090909083
 11 -0.03030303030303028
 2505 0.03030303030303028
 8 0.09090909090909083
 2301 0.1515151515151514
 1863 0.2121212121212124
 2392 0.2727272727272729
 1751 0.3333333333333335
 635 0.393939393939394
 892 0.4545454545454546
 670 0.5151515151515151
 807 0.5757575757575757
 618 0.6363636363636367
 873 0.6969696969696972
 602 0.7575757575757578
 9 0.8181818181818183
 584 0.8787878787878789
 13 0.9393939393939394
 581 1
 8 1.060606060606061
 541 1.121212121212121
 15 1.181818181818182
 32 1.242424242424242
 100 1.303030303030303
 29 1.363636363636363
 102 1.424242424242425
 35 1.484848484848485
 108 1.545454545454546
 3 1.606060606060606
 0 1.666666666666667
 1 1.727272727272728
 38 1.787878787878788
 5 1.848484848484849
 32 1.909090909090909
 6 1.96969696969697
 0 2.03030303030303
 0 2.090909090909091
 0 2.151515151515151
 2 2.212121212121212
 0 2.272727272727272
 0 2.333333333333334
 2 2.393939393939394
 1 2.454545454545455
 0 2.515151515151516
 0 2.575757575757576
 0 2.636363636363637
 0 2.696969696969697
 0 2.757575757575758
 0 2.818181818181818
 0 2.878787878787879
 0 2.939393939393939
 0 3


