# Created by Octave 3.8.2, Sat Jun 20 08:10:58 2020 CEST <damian@fptrucha.inv.usc.es>
# name: hd
# type: matrix
# rows: 100
# columns: 2
 0 -3
 0 -2.939393939393939
 0 -2.878787878787879
 0 -2.818181818181818
 0 -2.757575757575758
 0 -2.696969696969697
 0 -2.636363636363636
 4 -2.575757575757576
 0 -2.515151515151515
 3 -2.454545454545455
 0 -2.393939393939394
 1 -2.333333333333333
 0 -2.272727272727272
 0 -2.212121212121212
 0 -2.151515151515151
 2 -2.090909090909091
 7 -2.03030303030303
 29 -1.96969696969697
 49 -1.909090909090909
 2 -1.848484848484848
 4 -1.787878787878788
 0 -1.727272727272727
 1 -1.666666666666667
 123 -1.606060606060606
 27 -1.545454545454545
 113 -1.484848484848485
 30 -1.424242424242424
 97 -1.363636363636364
 32 -1.303030303030303
 19 -1.242424242424242
 679 -1.181818181818182
 18 -1.121212121212121
 670 -1.060606060606061
 17 -1
 622 -0.9393939393939394
 12 -0.8787878787878789
 606 -0.8181818181818183
 1276 -0.7575757575757573
 874 -0.6969696969696968
 1234 -0.6363636363636362
 767 -0.5757575757575757
 1111 -0.5151515151515151
 693 -0.4545454545454546
 980 -0.393939393939394
 5082 -0.333333333333333
 656 -0.2727272727272725
 3226 -0.2121212121212119
 12 -0.1515151515151514
 2954 -0.09090909090909083
 9 -0.03030303030303028
 2768 0.03030303030303028
 17 0.09090909090909083
 2518 0.1515151515151514
 1797 0.2121212121212124
 2486 0.2727272727272729
 1823 0.3333333333333335
 666 0.393939393939394
 946 0.4545454545454546
 693 0.5151515151515151
 895 0.5757575757575757
 664 0.6363636363636367
 851 0.6969696969696972
 608 0.7575757575757578
 12 0.8181818181818183
 564 0.8787878787878789
 25 0.9393939393939394
 521 1
 14 1.060606060606061
 505 1.121212121212121
 10 1.181818181818182
 37 1.242424242424242
 102 1.303030303030303
 33 1.363636363636363
 108 1.424242424242425
 30 1.484848484848485
 87 1.545454545454546
 2 1.606060606060606
 0 1.666666666666667
 3 1.727272727272728
 41 1.787878787878788
 2 1.848484848484849
 32 1.909090909090909
 2 1.96969696969697
 2 2.03030303030303
 0 2.090909090909091
 0 2.151515151515151
 1 2.212121212121212
 1 2.272727272727272
 0 2.333333333333334
 4 2.393939393939394
 0 2.454545454545455
 0 2.515151515151516
 0 2.575757575757576
 0 2.636363636363637
 0 2.696969696969697
 0 2.757575757575758
 0 2.818181818181818
 0 2.878787878787879
 0 2.939393939393939
 0 3


