# Created by Octave 3.8.2, Mon Jun 22 00:27:07 2020 CEST <damian@fptrucha.inv.usc.es>
# name: hd
# type: matrix
# rows: 100
# columns: 2
 0 -3
 0 -2.939393939393939
 0 -2.878787878787879
 0 -2.818181818181818
 0 -2.757575757575758
 0 -2.696969696969697
 0 -2.636363636363636
 1 -2.575757575757576
 0 -2.515151515151515
 4 -2.454545454545455
 1 -2.393939393939394
 0 -2.333333333333333
 1 -2.272727272727272
 0 -2.212121212121212
 0 -2.151515151515151
 2 -2.090909090909091
 0 -2.03030303030303
 20 -1.96969696969697
 35 -1.909090909090909
 1 -1.848484848484848
 3 -1.787878787878788
 0 -1.727272727272727
 4 -1.666666666666667
 91 -1.606060606060606
 22 -1.545454545454545
 110 -1.484848484848485
 26 -1.424242424242424
 85 -1.363636363636364
 19 -1.303030303030303
 8 -1.242424242424242
 540 -1.181818181818182
 17 -1.121212121212121
 571 -1.060606060606061
 12 -1
 511 -0.9393939393939394
 18 -0.8787878787878789
 446 -0.8181818181818183
 1024 -0.7575757575757573
 716 -0.6969696969696968
 1047 -0.6363636363636362
 669 -0.5757575757575757
 909 -0.5151515151515151
 577 -0.4545454545454546
 912 -0.393939393939394
 4275 -0.333333333333333
 523 -0.2727272727272725
 2994 -0.2121212121212119
 11 -0.1515151515151514
 2730 -0.09090909090909083
 6 -0.03030303030303028
 2637 0.03030303030303028
 12 0.09090909090909083
 2151 0.1515151515151514
 1709 0.2121212121212124
 2256 0.2727272727272729
 1726 0.3333333333333335
 638 0.393939393939394
 889 0.4545454545454546
 705 0.5151515151515151
 836 0.5757575757575757
 648 0.6363636363636367
 819 0.6969696969696972
 613 0.7575757575757578
 12 0.8181818181818183
 552 0.8787878787878789
 11 0.9393939393939394
 555 1
 15 1.060606060606061
 525 1.121212121212121
 11 1.181818181818182
 28 1.242424242424242
 105 1.303030303030303
 28 1.363636363636363
 102 1.424242424242425
 25 1.484848484848485
 98 1.545454545454546
 1 1.606060606060606
 0 1.666666666666667
 0 1.727272727272728
 28 1.787878787878788
 2 1.848484848484849
 26 1.909090909090909
 1 1.96969696969697
 0 2.03030303030303
 0 2.090909090909091
 0 2.151515151515151
 1 2.212121212121212
 0 2.272727272727272
 0 2.333333333333334
 6 2.393939393939394
 0 2.454545454545455
 1 2.515151515151516
 0 2.575757575757576
 0 2.636363636363637
 0 2.696969696969697
 0 2.757575757575758
 0 2.818181818181818
 0 2.878787878787879
 0 2.939393939393939
 0 3


