# Created by Octave 3.8.2, Sun Jun 21 02:15:11 2020 CEST <damian@fptrucha.inv.usc.es>
# name: hd
# type: matrix
# rows: 100
# columns: 2
 0 -3
 0 -2.939393939393939
 0 -2.878787878787879
 0 -2.818181818181818
 0 -2.757575757575758
 0 -2.696969696969697
 0 -2.636363636363636
 1 -2.575757575757576
 0 -2.515151515151515
 4 -2.454545454545455
 0 -2.393939393939394
 0 -2.333333333333333
 0 -2.272727272727272
 0 -2.212121212121212
 0 -2.151515151515151
 5 -2.090909090909091
 4 -2.03030303030303
 27 -1.96969696969697
 26 -1.909090909090909
 1 -1.848484848484848
 2 -1.787878787878788
 0 -1.727272727272727
 1 -1.666666666666667
 101 -1.606060606060606
 18 -1.545454545454545
 75 -1.484848484848485
 21 -1.424242424242424
 76 -1.363636363636364
 24 -1.303030303030303
 14 -1.242424242424242
 518 -1.181818181818182
 13 -1.121212121212121
 489 -1.060606060606061
 12 -1
 436 -0.9393939393939394
 6 -0.8787878787878789
 424 -0.8181818181818183
 948 -0.7575757575757573
 657 -0.6969696969696968
 951 -0.6363636363636362
 598 -0.5757575757575757
 882 -0.5151515151515151
 547 -0.4545454545454546
 814 -0.393939393939394
 4077 -0.333333333333333
 539 -0.2727272727272725
 2856 -0.2121212121212119
 10 -0.1515151515151514
 2516 -0.09090909090909083
 7 -0.03030303030303028
 2493 0.03030303030303028
 14 0.09090909090909083
 2189 0.1515151515151514
 1665 0.2121212121212124
 2177 0.2727272727272729
 1609 0.3333333333333335
 647 0.393939393939394
 875 0.4545454545454546
 603 0.5151515151515151
 782 0.5757575757575757
 548 0.6363636363636367
 744 0.6969696969696972
 522 0.7575757575757578
 6 0.8181818181818183
 552 0.8787878787878789
 15 0.9393939393939394
 505 1
 8 1.060606060606061
 497 1.121212121212121
 7 1.181818181818182
 25 1.242424242424242
 75 1.303030303030303
 24 1.363636363636363
 108 1.424242424242425
 24 1.484848484848485
 92 1.545454545454546
 2 1.606060606060606
 0 1.666666666666667
 0 1.727272727272728
 30 1.787878787878788
 4 1.848484848484849
 17 1.909090909090909
 0 1.96969696969697
 0 2.03030303030303
 0 2.090909090909091
 0 2.151515151515151
 3 2.212121212121212
 0 2.272727272727272
 0 2.333333333333334
 8 2.393939393939394
 0 2.454545454545455
 0 2.515151515151516
 0 2.575757575757576
 0 2.636363636363637
 0 2.696969696969697
 0 2.757575757575758
 0 2.818181818181818
 0 2.878787878787879
 0 2.939393939393939
 0 3


