# Created by Octave 3.8.2, Tue Jun 23 00:25:09 2020 CEST <damian@fptrucha.inv.usc.es>
# name: hd
# type: matrix
# rows: 100
# columns: 2
 0 -3
 0 -2.939393939393939
 0 -2.878787878787879
 0 -2.818181818181818
 0 -2.757575757575758
 0 -2.696969696969697
 0 -2.636363636363636
 1 -2.575757575757576
 1 -2.515151515151515
 11 -2.454545454545455
 1 -2.393939393939394
 0 -2.333333333333333
 1 -2.272727272727272
 0 -2.212121212121212
 0 -2.151515151515151
 1 -2.090909090909091
 3 -2.03030303030303
 23 -1.96969696969697
 26 -1.909090909090909
 2 -1.848484848484848
 1 -1.787878787878788
 0 -1.727272727272727
 4 -1.666666666666667
 100 -1.606060606060606
 28 -1.545454545454545
 102 -1.484848484848485
 23 -1.424242424242424
 77 -1.363636363636364
 20 -1.303030303030303
 13 -1.242424242424242
 504 -1.181818181818182
 13 -1.121212121212121
 450 -1.060606060606061
 6 -1
 426 -0.9393939393939394
 17 -0.8787878787878789
 376 -0.8181818181818183
 792 -0.7575757575757573
 565 -0.6969696969696968
 813 -0.6363636363636362
 526 -0.5757575757575757
 711 -0.5151515151515151
 489 -0.4545454545454546
 761 -0.393939393939394
 3287 -0.333333333333333
 463 -0.2727272727272725
 2091 -0.2121212121212119
 7 -0.1515151515151514
 2058 -0.09090909090909083
 12 -0.03030303030303028
 1923 0.03030303030303028
 11 0.09090909090909083
 1734 0.1515151515151514
 1200 0.2121212121212124
 1844 0.2727272727272729
 1204 0.3333333333333335
 521 0.393939393939394
 657 0.4545454545454546
 450 0.5151515151515151
 623 0.5757575757575757
 462 0.6363636363636367
 644 0.6969696969696972
 387 0.7575757575757578
 11 0.8181818181818183
 381 0.8787878787878789
 11 0.9393939393939394
 383 1
 9 1.060606060606061
 372 1.121212121212121
 6 1.181818181818182
 13 1.242424242424242
 74 1.303030303030303
 25 1.363636363636363
 74 1.424242424242425
 30 1.484848484848485
 68 1.545454545454546
 0 1.606060606060606
 0 1.666666666666667
 0 1.727272727272728
 19 1.787878787878788
 2 1.848484848484849
 20 1.909090909090909
 5 1.96969696969697
 2 2.03030303030303
 0 2.090909090909091
 0 2.151515151515151
 3 2.212121212121212
 0 2.272727272727272
 1 2.333333333333334
 2 2.393939393939394
 1 2.454545454545455
 2 2.515151515151516
 0 2.575757575757576
 0 2.636363636363637
 0 2.696969696969697
 0 2.757575757575758
 0 2.818181818181818
 0 2.878787878787879
 0 2.939393939393939
 0 3


