# Created by Octave 3.8.2, Sat Jun 20 23:49:23 2020 CEST <damian@fptrucha.inv.usc.es>
# name: hd
# type: matrix
# rows: 100
# columns: 2
 0 -3
 0 -2.939393939393939
 0 -2.878787878787879
 0 -2.818181818181818
 0 -2.757575757575758
 0 -2.696969696969697
 0 -2.636363636363636
 1 -2.575757575757576
 0 -2.515151515151515
 6 -2.454545454545455
 0 -2.393939393939394
 0 -2.333333333333333
 0 -2.272727272727272
 0 -2.212121212121212
 0 -2.151515151515151
 0 -2.090909090909091
 3 -2.03030303030303
 15 -1.96969696969697
 23 -1.909090909090909
 0 -1.848484848484848
 0 -1.787878787878788
 0 -1.727272727272727
 3 -1.666666666666667
 104 -1.606060606060606
 17 -1.545454545454545
 84 -1.484848484848485
 23 -1.424242424242424
 86 -1.363636363636364
 22 -1.303030303030303
 7 -1.242424242424242
 508 -1.181818181818182
 12 -1.121212121212121
 470 -1.060606060606061
 8 -1
 408 -0.9393939393939394
 15 -0.8787878787878789
 379 -0.8181818181818183
 966 -0.7575757575757573
 629 -0.6969696969696968
 972 -0.6363636363636362
 589 -0.5757575757575757
 829 -0.5151515151515151
 539 -0.4545454545454546
 853 -0.393939393939394
 4064 -0.333333333333333
 529 -0.2727272727272725
 2722 -0.2121212121212119
 7 -0.1515151515151514
 2491 -0.09090909090909083
 5 -0.03030303030303028
 2400 0.03030303030303028
 8 0.09090909090909083
 2178 0.1515151515151514
 1770 0.2121212121212124
 2163 0.2727272727272729
 1662 0.3333333333333335
 654 0.393939393939394
 879 0.4545454545454546
 673 0.5151515151515151
 821 0.5757575757575757
 578 0.6363636363636367
 752 0.6969696969696972
 594 0.7575757575757578
 14 0.8181818181818183
 582 0.8787878787878789
 15 0.9393939393939394
 468 1
 6 1.060606060606061
 463 1.121212121212121
 9 1.181818181818182
 21 1.242424242424242
 111 1.303030303030303
 26 1.363636363636363
 94 1.424242424242425
 32 1.484848484848485
 97 1.545454545454546
 2 1.606060606060606
 0 1.666666666666667
 3 1.727272727272728
 26 1.787878787878788
 0 1.848484848484849
 28 1.909090909090909
 4 1.96969696969697
 1 2.03030303030303
 0 2.090909090909091
 0 2.151515151515151
 2 2.212121212121212
 0 2.272727272727272
 0 2.333333333333334
 4 2.393939393939394
 0 2.454545454545455
 0 2.515151515151516
 0 2.575757575757576
 0 2.636363636363637
 0 2.696969696969697
 0 2.757575757575758
 0 2.818181818181818
 0 2.878787878787879
 0 2.939393939393939
 0 3


