# Created by Octave 3.8.2, Sat Jun 20 09:35:57 2020 CEST <damian@fptrucha.inv.usc.es>
# name: hd
# type: matrix
# rows: 100
# columns: 2
 0 -3
 0 -2.939393939393939
 0 -2.878787878787879
 0 -2.818181818181818
 0 -2.757575757575758
 0 -2.696969696969697
 0 -2.636363636363636
 0 -2.575757575757576
 1 -2.515151515151515
 4 -2.454545454545455
 1 -2.393939393939394
 0 -2.333333333333333
 1 -2.272727272727272
 0 -2.212121212121212
 0 -2.151515151515151
 2 -2.090909090909091
 2 -2.03030303030303
 21 -1.96969696969697
 28 -1.909090909090909
 0 -1.848484848484848
 1 -1.787878787878788
 0 -1.727272727272727
 2 -1.666666666666667
 116 -1.606060606060606
 23 -1.545454545454545
 105 -1.484848484848485
 31 -1.424242424242424
 95 -1.363636363636364
 20 -1.303030303030303
 8 -1.242424242424242
 611 -1.181818181818182
 14 -1.121212121212121
 595 -1.060606060606061
 13 -1
 515 -0.9393939393939394
 23 -0.8787878787878789
 524 -0.8181818181818183
 1171 -0.7575757575757573
 766 -0.6969696969696968
 1157 -0.6363636363636362
 722 -0.5757575757575757
 971 -0.5151515151515151
 636 -0.4545454545454546
 978 -0.393939393939394
 4521 -0.333333333333333
 595 -0.2727272727272725
 3204 -0.2121212121212119
 8 -0.1515151515151514
 2957 -0.09090909090909083
 9 -0.03030303030303028
 2711 0.03030303030303028
 11 0.09090909090909083
 2517 0.1515151515151514
 2008 0.2121212121212124
 2500 0.2727272727272729
 1869 0.3333333333333335
 738 0.393939393939394
 1036 0.4545454545454546
 718 0.5151515151515151
 957 0.5757575757575757
 658 0.6363636363636367
 894 0.6969696969696972
 650 0.7575757575757578
 17 0.8181818181818183
 650 0.8787878787878789
 14 0.9393939393939394
 626 1
 12 1.060606060606061
 563 1.121212121212121
 14 1.181818181818182
 40 1.242424242424242
 100 1.303030303030303
 33 1.363636363636363
 108 1.424242424242425
 33 1.484848484848485
 133 1.545454545454546
 0 1.606060606060606
 0 1.666666666666667
 1 1.727272727272728
 50 1.787878787878788
 4 1.848484848484849
 38 1.909090909090909
 4 1.96969696969697
 2 2.03030303030303
 0 2.090909090909091
 0 2.151515151515151
 2 2.212121212121212
 0 2.272727272727272
 1 2.333333333333334
 11 2.393939393939394
 0 2.454545454545455
 1 2.515151515151516
 0 2.575757575757576
 0 2.636363636363637
 0 2.696969696969697
 0 2.757575757575758
 0 2.818181818181818
 0 2.878787878787879
 0 2.939393939393939
 0 3


