# Created by Octave 3.8.2, Mon Jun 22 04:40:43 2020 CEST <damian@fptrucha.inv.usc.es>
# name: hd
# type: matrix
# rows: 100
# columns: 2
 0 -3
 0 -2.939393939393939
 0 -2.878787878787879
 0 -2.818181818181818
 0 -2.757575757575758
 0 -2.696969696969697
 0 -2.636363636363636
 0 -2.575757575757576
 0 -2.515151515151515
 7 -2.454545454545455
 0 -2.393939393939394
 0 -2.333333333333333
 1 -2.272727272727272
 0 -2.212121212121212
 0 -2.151515151515151
 2 -2.090909090909091
 2 -2.03030303030303
 42 -1.96969696969697
 42 -1.909090909090909
 0 -1.848484848484848
 1 -1.787878787878788
 0 -1.727272727272727
 1 -1.666666666666667
 103 -1.606060606060606
 25 -1.545454545454545
 121 -1.484848484848485
 33 -1.424242424242424
 107 -1.363636363636364
 26 -1.303030303030303
 11 -1.242424242424242
 521 -1.181818181818182
 18 -1.121212121212121
 475 -1.060606060606061
 13 -1
 496 -0.9393939393939394
 21 -0.8787878787878789
 471 -0.8181818181818183
 832 -0.7575757575757573
 553 -0.6969696969696968
 892 -0.6363636363636362
 592 -0.5757575757575757
 816 -0.5151515151515151
 586 -0.4545454545454546
 835 -0.393939393939394
 3702 -0.333333333333333
 512 -0.2727272727272725
 2331 -0.2121212121212119
 14 -0.1515151515151514
 2321 -0.09090909090909083
 22 -0.03030303030303028
 2217 0.03030303030303028
 16 0.09090909090909083
 1980 0.1515151515151514
 1483 0.2121212121212124
 1979 0.2727272727272729
 1429 0.3333333333333335
 531 0.393939393939394
 844 0.4545454545454546
 569 0.5151515151515151
 725 0.5757575757575757
 537 0.6363636363636367
 697 0.6969696969696972
 456 0.7575757575757578
 14 0.8181818181818183
 488 0.8787878787878789
 21 0.9393939393939394
 509 1
 18 1.060606060606061
 453 1.121212121212121
 11 1.181818181818182
 19 1.242424242424242
 95 1.303030303030303
 23 1.363636363636363
 117 1.424242424242425
 44 1.484848484848485
 99 1.545454545454546
 2 1.606060606060606
 0 1.666666666666667
 3 1.727272727272728
 38 1.787878787878788
 5 1.848484848484849
 33 1.909090909090909
 5 1.96969696969697
 2 2.03030303030303
 0 2.090909090909091
 0 2.151515151515151
 0 2.212121212121212
 0 2.272727272727272
 0 2.333333333333334
 7 2.393939393939394
 0 2.454545454545455
 0 2.515151515151516
 0 2.575757575757576
 0 2.636363636363637
 0 2.696969696969697
 0 2.757575757575758
 0 2.818181818181818
 0 2.878787878787879
 0 2.939393939393939
 0 3


