# Created by Octave 3.8.2, Sat Jun 20 12:31:12 2020 CEST <damian@fptrucha.inv.usc.es>
# name: hd
# type: matrix
# rows: 100
# columns: 2
 0 -3
 0 -2.939393939393939
 0 -2.878787878787879
 0 -2.818181818181818
 0 -2.757575757575758
 0 -2.696969696969697
 0 -2.636363636363636
 0 -2.575757575757576
 0 -2.515151515151515
 2 -2.454545454545455
 0 -2.393939393939394
 2 -2.333333333333333
 1 -2.272727272727272
 0 -2.212121212121212
 0 -2.151515151515151
 2 -2.090909090909091
 3 -2.03030303030303
 18 -1.96969696969697
 23 -1.909090909090909
 3 -1.848484848484848
 2 -1.787878787878788
 0 -1.727272727272727
 2 -1.666666666666667
 93 -1.606060606060606
 26 -1.545454545454545
 100 -1.484848484848485
 18 -1.424242424242424
 94 -1.363636363636364
 21 -1.303030303030303
 12 -1.242424242424242
 581 -1.181818181818182
 16 -1.121212121212121
 547 -1.060606060606061
 18 -1
 438 -0.9393939393939394
 9 -0.8787878787878789
 460 -0.8181818181818183
 1003 -0.7575757575757573
 707 -0.6969696969696968
 1102 -0.6363636363636362
 667 -0.5757575757575757
 933 -0.5151515151515151
 597 -0.4545454545454546
 948 -0.393939393939394
 4354 -0.333333333333333
 577 -0.2727272727272725
 2968 -0.2121212121212119
 12 -0.1515151515151514
 2916 -0.09090909090909083
 18 -0.03030303030303028
 2651 0.03030303030303028
 8 0.09090909090909083
 2471 0.1515151515151514
 1968 0.2121212121212124
 2488 0.2727272727272729
 1802 0.3333333333333335
 639 0.393939393939394
 1004 0.4545454545454546
 718 0.5151515151515151
 871 0.5757575757575757
 650 0.6363636363636367
 967 0.6969696969696972
 670 0.7575757575757578
 11 0.8181818181818183
 617 0.8787878787878789
 15 0.9393939393939394
 565 1
 12 1.060606060606061
 571 1.121212121212121
 8 1.181818181818182
 41 1.242424242424242
 111 1.303030303030303
 19 1.363636363636363
 115 1.424242424242425
 29 1.484848484848485
 111 1.545454545454546
 4 1.606060606060606
 0 1.666666666666667
 1 1.727272727272728
 32 1.787878787878788
 2 1.848484848484849
 30 1.909090909090909
 8 1.96969696969697
 3 2.03030303030303
 0 2.090909090909091
 0 2.151515151515151
 0 2.212121212121212
 2 2.272727272727272
 1 2.333333333333334
 5 2.393939393939394
 1 2.454545454545455
 1 2.515151515151516
 0 2.575757575757576
 0 2.636363636363637
 0 2.696969696969697
 0 2.757575757575758
 0 2.818181818181818
 0 2.878787878787879
 0 2.939393939393939
 0 3


