# Created by Octave 3.8.2, Sat Jun 20 14:05:59 2020 CEST <damian@fptrucha.inv.usc.es>
# name: hd
# type: matrix
# rows: 100
# columns: 2
 0 -3
 0 -2.939393939393939
 0 -2.878787878787879
 0 -2.818181818181818
 0 -2.757575757575758
 0 -2.696969696969697
 0 -2.636363636363636
 0 -2.575757575757576
 0 -2.515151515151515
 6 -2.454545454545455
 1 -2.393939393939394
 0 -2.333333333333333
 2 -2.272727272727272
 0 -2.212121212121212
 0 -2.151515151515151
 0 -2.090909090909091
 3 -2.03030303030303
 28 -1.96969696969697
 29 -1.909090909090909
 1 -1.848484848484848
 1 -1.787878787878788
 0 -1.727272727272727
 1 -1.666666666666667
 101 -1.606060606060606
 29 -1.545454545454545
 95 -1.484848484848485
 26 -1.424242424242424
 96 -1.363636363636364
 20 -1.303030303030303
 8 -1.242424242424242
 571 -1.181818181818182
 13 -1.121212121212121
 517 -1.060606060606061
 16 -1
 469 -0.9393939393939394
 22 -0.8787878787878789
 470 -0.8181818181818183
 1006 -0.7575757575757573
 735 -0.6969696969696968
 1132 -0.6363636363636362
 660 -0.5757575757575757
 930 -0.5151515151515151
 587 -0.4545454545454546
 841 -0.393939393939394
 4554 -0.333333333333333
 567 -0.2727272727272725
 2995 -0.2121212121212119
 8 -0.1515151515151514
 2819 -0.09090909090909083
 5 -0.03030303030303028
 2617 0.03030303030303028
 17 0.09090909090909083
 2296 0.1515151515151514
 1882 0.2121212121212124
 2244 0.2727272727272729
 1752 0.3333333333333335
 706 0.393939393939394
 945 0.4545454545454546
 681 0.5151515151515151
 837 0.5757575757575757
 651 0.6363636363636367
 862 0.6969696969696972
 624 0.7575757575757578
 15 0.8181818181818183
 623 0.8787878787878789
 13 0.9393939393939394
 545 1
 10 1.060606060606061
 553 1.121212121212121
 5 1.181818181818182
 34 1.242424242424242
 111 1.303030303030303
 37 1.363636363636363
 108 1.424242424242425
 22 1.484848484848485
 90 1.545454545454546
 2 1.606060606060606
 0 1.666666666666667
 2 1.727272727272728
 35 1.787878787878788
 3 1.848484848484849
 27 1.909090909090909
 4 1.96969696969697
 2 2.03030303030303
 0 2.090909090909091
 0 2.151515151515151
 1 2.212121212121212
 1 2.272727272727272
 2 2.333333333333334
 12 2.393939393939394
 0 2.454545454545455
 0 2.515151515151516
 0 2.575757575757576
 0 2.636363636363637
 0 2.696969696969697
 0 2.757575757575758
 0 2.818181818181818
 0 2.878787878787879
 0 2.939393939393939
 0 3


