# Created by Octave 3.8.2, Sat Jun 20 03:53:42 2020 CEST <damian@fptrucha.inv.usc.es>
# name: hd
# type: matrix
# rows: 100
# columns: 2
 0 -3
 0 -2.939393939393939
 0 -2.878787878787879
 0 -2.818181818181818
 0 -2.757575757575758
 0 -2.696969696969697
 0 -2.636363636363636
 4 -2.575757575757576
 0 -2.515151515151515
 4 -2.454545454545455
 0 -2.393939393939394
 0 -2.333333333333333
 0 -2.272727272727272
 0 -2.212121212121212
 0 -2.151515151515151
 2 -2.090909090909091
 4 -2.03030303030303
 35 -1.96969696969697
 24 -1.909090909090909
 1 -1.848484848484848
 2 -1.787878787878788
 0 -1.727272727272727
 1 -1.666666666666667
 108 -1.606060606060606
 20 -1.545454545454545
 111 -1.484848484848485
 21 -1.424242424242424
 103 -1.363636363636364
 22 -1.303030303030303
 13 -1.242424242424242
 647 -1.181818181818182
 15 -1.121212121212121
 621 -1.060606060606061
 9 -1
 533 -0.9393939393939394
 17 -0.8787878787878789
 559 -0.8181818181818183
 1218 -0.7575757575757573
 762 -0.6969696969696968
 1195 -0.6363636363636362
 717 -0.5757575757575757
 1035 -0.5151515151515151
 694 -0.4545454545454546
 1027 -0.393939393939394
 4606 -0.333333333333333
 576 -0.2727272727272725
 3219 -0.2121212121212119
 14 -0.1515151515151514
 2861 -0.09090909090909083
 13 -0.03030303030303028
 2743 0.03030303030303028
 18 0.09090909090909083
 2482 0.1515151515151514
 1771 0.2121212121212124
 2582 0.2727272727272729
 1700 0.3333333333333335
 651 0.393939393939394
 961 0.4545454545454546
 784 0.5151515151515151
 845 0.5757575757575757
 634 0.6363636363636367
 864 0.6969696969696972
 575 0.7575757575757578
 12 0.8181818181818183
 495 0.8787878787878789
 11 0.9393939393939394
 494 1
 15 1.060606060606061
 477 1.121212121212121
 10 1.181818181818182
 26 1.242424242424242
 98 1.303030303030303
 27 1.363636363636363
 80 1.424242424242425
 33 1.484848484848485
 91 1.545454545454546
 1 1.606060606060606
 0 1.666666666666667
 2 1.727272727272728
 22 1.787878787878788
 4 1.848484848484849
 24 1.909090909090909
 3 1.96969696969697
 0 2.03030303030303
 0 2.090909090909091
 0 2.151515151515151
 3 2.212121212121212
 0 2.272727272727272
 0 2.333333333333334
 7 2.393939393939394
 0 2.454545454545455
 1 2.515151515151516
 0 2.575757575757576
 0 2.636363636363637
 0 2.696969696969697
 0 2.757575757575758
 0 2.818181818181818
 0 2.878787878787879
 0 2.939393939393939
 0 3


