# Created by Octave 3.8.2, Sun Jun 21 03:36:44 2020 CEST <damian@fptrucha.inv.usc.es>
# name: hd
# type: matrix
# rows: 100
# columns: 2
 0 -3
 0 -2.939393939393939
 0 -2.878787878787879
 0 -2.818181818181818
 0 -2.757575757575758
 0 -2.696969696969697
 0 -2.636363636363636
 0 -2.575757575757576
 2 -2.515151515151515
 6 -2.454545454545455
 0 -2.393939393939394
 0 -2.333333333333333
 0 -2.272727272727272
 0 -2.212121212121212
 0 -2.151515151515151
 2 -2.090909090909091
 1 -2.03030303030303
 32 -1.96969696969697
 25 -1.909090909090909
 0 -1.848484848484848
 1 -1.787878787878788
 0 -1.727272727272727
 1 -1.666666666666667
 87 -1.606060606060606
 25 -1.545454545454545
 88 -1.484848484848485
 18 -1.424242424242424
 96 -1.363636363636364
 21 -1.303030303030303
 9 -1.242424242424242
 559 -1.181818181818182
 10 -1.121212121212121
 490 -1.060606060606061
 13 -1
 422 -0.9393939393939394
 13 -0.8787878787878789
 471 -0.8181818181818183
 960 -0.7575757575757573
 652 -0.6969696969696968
 1034 -0.6363636363636362
 627 -0.5757575757575757
 889 -0.5151515151515151
 581 -0.4545454545454546
 803 -0.393939393939394
 4050 -0.333333333333333
 495 -0.2727272727272725
 2972 -0.2121212121212119
 10 -0.1515151515151514
 2560 -0.09090909090909083
 8 -0.03030303030303028
 2554 0.03030303030303028
 11 0.09090909090909083
 2222 0.1515151515151514
 1689 0.2121212121212124
 2216 0.2727272727272729
 1611 0.3333333333333335
 640 0.393939393939394
 886 0.4545454545454546
 686 0.5151515151515151
 765 0.5757575757575757
 589 0.6363636363636367
 797 0.6969696969696972
 577 0.7575757575757578
 13 0.8181818181818183
 524 0.8787878787878789
 8 0.9393939393939394
 482 1
 9 1.060606060606061
 460 1.121212121212121
 8 1.181818181818182
 32 1.242424242424242
 94 1.303030303030303
 20 1.363636363636363
 97 1.424242424242425
 29 1.484848484848485
 86 1.545454545454546
 2 1.606060606060606
 0 1.666666666666667
 1 1.727272727272728
 35 1.787878787878788
 2 1.848484848484849
 31 1.909090909090909
 4 1.96969696969697
 2 2.03030303030303
 0 2.090909090909091
 0 2.151515151515151
 1 2.212121212121212
 0 2.272727272727272
 0 2.333333333333334
 5 2.393939393939394
 0 2.454545454545455
 1 2.515151515151516
 0 2.575757575757576
 0 2.636363636363637
 0 2.696969696969697
 0 2.757575757575758
 0 2.818181818181818
 0 2.878787878787879
 0 2.939393939393939
 0 3


