# Created by Octave 3.8.2, Mon Jun 22 19:42:42 2020 CEST <damian@fptrucha.inv.usc.es>
# name: hd
# type: matrix
# rows: 100
# columns: 2
 0 -3
 0 -2.939393939393939
 0 -2.878787878787879
 0 -2.818181818181818
 0 -2.757575757575758
 0 -2.696969696969697
 0 -2.636363636363636
 1 -2.575757575757576
 2 -2.515151515151515
 13 -2.454545454545455
 0 -2.393939393939394
 1 -2.333333333333333
 1 -2.272727272727272
 0 -2.212121212121212
 0 -2.151515151515151
 3 -2.090909090909091
 4 -2.03030303030303
 46 -1.96969696969697
 40 -1.909090909090909
 1 -1.848484848484848
 1 -1.787878787878788
 0 -1.727272727272727
 2 -1.666666666666667
 129 -1.606060606060606
 30 -1.545454545454545
 116 -1.484848484848485
 33 -1.424242424242424
 104 -1.363636363636364
 28 -1.303030303030303
 8 -1.242424242424242
 629 -1.181818181818182
 14 -1.121212121212121
 597 -1.060606060606061
 19 -1
 548 -0.9393939393939394
 21 -0.8787878787878789
 567 -0.8181818181818183
 963 -0.7575757575757573
 682 -0.6969696969696968
 1069 -0.6363636363636362
 669 -0.5757575757575757
 977 -0.5151515151515151
 650 -0.4545454545454546
 952 -0.393939393939394
 4442 -0.333333333333333
 644 -0.2727272727272725
 2750 -0.2121212121212119
 15 -0.1515151515151514
 2766 -0.09090909090909083
 20 -0.03030303030303028
 2659 0.03030303030303028
 19 0.09090909090909083
 2391 0.1515151515151514
 1660 0.2121212121212124
 2372 0.2727272727272729
 1640 0.3333333333333335
 666 0.393939393939394
 884 0.4545454545454546
 703 0.5151515151515151
 817 0.5757575757575757
 636 0.6363636363636367
 847 0.6969696969696972
 544 0.7575757575757578
 14 0.8181818181818183
 558 0.8787878787878789
 20 0.9393939393939394
 546 1
 15 1.060606060606061
 540 1.121212121212121
 15 1.181818181818182
 31 1.242424242424242
 117 1.303030303030303
 34 1.363636363636363
 106 1.424242424242425
 35 1.484848484848485
 83 1.545454545454546
 6 1.606060606060606
 0 1.666666666666667
 1 1.727272727272728
 37 1.787878787878788
 4 1.848484848484849
 37 1.909090909090909
 8 1.96969696969697
 1 2.03030303030303
 0 2.090909090909091
 0 2.151515151515151
 2 2.212121212121212
 2 2.272727272727272
 4 2.333333333333334
 12 2.393939393939394
 0 2.454545454545455
 0 2.515151515151516
 0 2.575757575757576
 0 2.636363636363637
 0 2.696969696969697
 0 2.757575757575758
 0 2.818181818181818
 0 2.878787878787879
 0 2.939393939393939
 0 3


