# Created by Octave 3.8.2, Mon Jun 22 05:22:48 2020 CEST <damian@fptrucha.inv.usc.es>
# name: hd
# type: matrix
# rows: 100
# columns: 2
 0 -3
 0 -2.939393939393939
 0 -2.878787878787879
 0 -2.818181818181818
 0 -2.757575757575758
 0 -2.696969696969697
 0 -2.636363636363636
 3 -2.575757575757576
 2 -2.515151515151515
 10 -2.454545454545455
 1 -2.393939393939394
 0 -2.333333333333333
 1 -2.272727272727272
 0 -2.212121212121212
 0 -2.151515151515151
 1 -2.090909090909091
 3 -2.03030303030303
 33 -1.96969696969697
 51 -1.909090909090909
 0 -1.848484848484848
 0 -1.787878787878788
 0 -1.727272727272727
 1 -1.666666666666667
 107 -1.606060606060606
 31 -1.545454545454545
 131 -1.484848484848485
 28 -1.424242424242424
 117 -1.363636363636364
 26 -1.303030303030303
 16 -1.242424242424242
 506 -1.181818181818182
 14 -1.121212121212121
 486 -1.060606060606061
 17 -1
 510 -0.9393939393939394
 16 -0.8787878787878789
 483 -0.8181818181818183
 882 -0.7575757575757573
 617 -0.6969696969696968
 902 -0.6363636363636362
 609 -0.5757575757575757
 825 -0.5151515151515151
 583 -0.4545454545454546
 904 -0.393939393939394
 3703 -0.333333333333333
 518 -0.2727272727272725
 2471 -0.2121212121212119
 21 -0.1515151515151514
 2483 -0.09090909090909083
 20 -0.03030303030303028
 2338 0.03030303030303028
 19 0.09090909090909083
 2033 0.1515151515151514
 1412 0.2121212121212124
 2186 0.2727272727272729
 1458 0.3333333333333335
 578 0.393939393939394
 859 0.4545454545454546
 618 0.5151515151515151
 765 0.5757575757575757
 590 0.6363636363636367
 757 0.6969696969696972
 529 0.7575757575757578
 14 0.8181818181818183
 540 0.8787878787878789
 22 0.9393939393939394
 530 1
 17 1.060606060606061
 480 1.121212121212121
 17 1.181818181818182
 33 1.242424242424242
 102 1.303030303030303
 29 1.363636363636363
 115 1.424242424242425
 31 1.484848484848485
 88 1.545454545454546
 4 1.606060606060606
 0 1.666666666666667
 4 1.727272727272728
 33 1.787878787878788
 4 1.848484848484849
 31 1.909090909090909
 5 1.96969696969697
 0 2.03030303030303
 0 2.090909090909091
 0 2.151515151515151
 5 2.212121212121212
 3 2.272727272727272
 1 2.333333333333334
 11 2.393939393939394
 1 2.454545454545455
 2 2.515151515151516
 0 2.575757575757576
 0 2.636363636363637
 0 2.696969696969697
 0 2.757575757575758
 0 2.818181818181818
 0 2.878787878787879
 0 2.939393939393939
 0 3


