# Created by Octave 3.8.2, Mon Jun 22 08:56:53 2020 CEST <damian@fptrucha.inv.usc.es>
# name: hd
# type: matrix
# rows: 100
# columns: 2
 0 -3
 0 -2.939393939393939
 0 -2.878787878787879
 0 -2.818181818181818
 0 -2.757575757575758
 0 -2.696969696969697
 0 -2.636363636363636
 0 -2.575757575757576
 0 -2.515151515151515
 8 -2.454545454545455
 0 -2.393939393939394
 0 -2.333333333333333
 0 -2.272727272727272
 0 -2.212121212121212
 0 -2.151515151515151
 0 -2.090909090909091
 3 -2.03030303030303
 34 -1.96969696969697
 46 -1.909090909090909
 3 -1.848484848484848
 1 -1.787878787878788
 0 -1.727272727272727
 0 -1.666666666666667
 82 -1.606060606060606
 25 -1.545454545454545
 110 -1.484848484848485
 23 -1.424242424242424
 111 -1.363636363636364
 24 -1.303030303030303
 6 -1.242424242424242
 561 -1.181818181818182
 15 -1.121212121212121
 504 -1.060606060606061
 14 -1
 496 -0.9393939393939394
 14 -0.8787878787878789
 501 -0.8181818181818183
 815 -0.7575757575757573
 600 -0.6969696969696968
 886 -0.6363636363636362
 615 -0.5757575757575757
 877 -0.5151515151515151
 600 -0.4545454545454546
 925 -0.393939393939394
 3931 -0.333333333333333
 557 -0.2727272727272725
 2505 -0.2121212121212119
 11 -0.1515151515151514
 2577 -0.09090909090909083
 17 -0.03030303030303028
 2392 0.03030303030303028
 26 0.09090909090909083
 2210 0.1515151515151514
 1471 0.2121212121212124
 2273 0.2727272727272729
 1545 0.3333333333333335
 673 0.393939393939394
 890 0.4545454545454546
 675 0.5151515151515151
 734 0.5757575757575757
 623 0.6363636363636367
 839 0.6969696969696972
 536 0.7575757575757578
 10 0.8181818181818183
 537 0.8787878787878789
 16 0.9393939393939394
 536 1
 17 1.060606060606061
 524 1.121212121212121
 10 1.181818181818182
 22 1.242424242424242
 83 1.303030303030303
 39 1.363636363636363
 121 1.424242424242425
 23 1.484848484848485
 122 1.545454545454546
 3 1.606060606060606
 0 1.666666666666667
 2 1.727272727272728
 32 1.787878787878788
 6 1.848484848484849
 36 1.909090909090909
 2 1.96969696969697
 1 2.03030303030303
 0 2.090909090909091
 0 2.151515151515151
 1 2.212121212121212
 3 2.272727272727272
 0 2.333333333333334
 7 2.393939393939394
 1 2.454545454545455
 2 2.515151515151516
 0 2.575757575757576
 0 2.636363636363637
 0 2.696969696969697
 0 2.757575757575758
 0 2.818181818181818
 0 2.878787878787879
 0 2.939393939393939
 0 3


