# Created by Octave 3.8.2, Mon Jun 22 11:05:00 2020 CEST <damian@fptrucha.inv.usc.es>
# name: hd
# type: matrix
# rows: 100
# columns: 2
 0 -3
 0 -2.939393939393939
 0 -2.878787878787879
 0 -2.818181818181818
 0 -2.757575757575758
 0 -2.696969696969697
 0 -2.636363636363636
 0 -2.575757575757576
 0 -2.515151515151515
 5 -2.454545454545455
 1 -2.393939393939394
 1 -2.333333333333333
 0 -2.272727272727272
 0 -2.212121212121212
 0 -2.151515151515151
 0 -2.090909090909091
 5 -2.03030303030303
 33 -1.96969696969697
 43 -1.909090909090909
 5 -1.848484848484848
 1 -1.787878787878788
 0 -1.727272727272727
 3 -1.666666666666667
 95 -1.606060606060606
 14 -1.545454545454545
 107 -1.484848484848485
 31 -1.424242424242424
 113 -1.363636363636364
 18 -1.303030303030303
 18 -1.242424242424242
 529 -1.181818181818182
 17 -1.121212121212121
 534 -1.060606060606061
 17 -1
 526 -0.9393939393939394
 23 -0.8787878787878789
 528 -0.8181818181818183
 856 -0.7575757575757573
 646 -0.6969696969696968
 939 -0.6363636363636362
 615 -0.5757575757575757
 873 -0.5151515151515151
 629 -0.4545454545454546
 851 -0.393939393939394
 4065 -0.333333333333333
 567 -0.2727272727272725
 2661 -0.2121212121212119
 14 -0.1515151515151514
 2766 -0.09090909090909083
 11 -0.03030303030303028
 2517 0.03030303030303028
 16 0.09090909090909083
 2316 0.1515151515151514
 1535 0.2121212121212124
 2288 0.2727272727272729
 1513 0.3333333333333335
 683 0.393939393939394
 908 0.4545454545454546
 640 0.5151515151515151
 779 0.5757575757575757
 646 0.6363636363636367
 851 0.6969696969696972
 552 0.7575757575757578
 14 0.8181818181818183
 625 0.8787878787878789
 16 0.9393939393939394
 538 1
 8 1.060606060606061
 523 1.121212121212121
 13 1.181818181818182
 34 1.242424242424242
 109 1.303030303030303
 45 1.363636363636363
 103 1.424242424242425
 21 1.484848484848485
 118 1.545454545454546
 2 1.606060606060606
 0 1.666666666666667
 0 1.727272727272728
 30 1.787878787878788
 3 1.848484848484849
 50 1.909090909090909
 5 1.96969696969697
 2 2.03030303030303
 0 2.090909090909091
 0 2.151515151515151
 2 2.212121212121212
 1 2.272727272727272
 0 2.333333333333334
 5 2.393939393939394
 0 2.454545454545455
 0 2.515151515151516
 0 2.575757575757576
 0 2.636363636363637
 0 2.696969696969697
 0 2.757575757575758
 0 2.818181818181818
 0 2.878787878787879
 0 2.939393939393939
 0 3


