# Created by Octave 3.8.2, Mon Jun 22 20:55:44 2020 CEST <damian@fptrucha.inv.usc.es>
# name: hd
# type: matrix
# rows: 100
# columns: 2
 0 -3
 0 -2.939393939393939
 0 -2.878787878787879
 0 -2.818181818181818
 0 -2.757575757575758
 0 -2.696969696969697
 0 -2.636363636363636
 1 -2.575757575757576
 1 -2.515151515151515
 6 -2.454545454545455
 0 -2.393939393939394
 0 -2.333333333333333
 2 -2.272727272727272
 0 -2.212121212121212
 0 -2.151515151515151
 1 -2.090909090909091
 5 -2.03030303030303
 48 -1.96969696969697
 32 -1.909090909090909
 0 -1.848484848484848
 4 -1.787878787878788
 0 -1.727272727272727
 3 -1.666666666666667
 99 -1.606060606060606
 23 -1.545454545454545
 120 -1.484848484848485
 34 -1.424242424242424
 141 -1.363636363636364
 14 -1.303030303030303
 13 -1.242424242424242
 545 -1.181818181818182
 7 -1.121212121212121
 601 -1.060606060606061
 15 -1
 541 -0.9393939393939394
 22 -0.8787878787878789
 524 -0.8181818181818183
 938 -0.7575757575757573
 630 -0.6969696969696968
 1147 -0.6363636363636362
 693 -0.5757575757575757
 1010 -0.5151515151515151
 608 -0.4545454545454546
 985 -0.393939393939394
 4486 -0.333333333333333
 634 -0.2727272727272725
 2831 -0.2121212121212119
 16 -0.1515151515151514
 2790 -0.09090909090909083
 11 -0.03030303030303028
 2745 0.03030303030303028
 11 0.09090909090909083
 2372 0.1515151515151514
 1659 0.2121212121212124
 2416 0.2727272727272729
 1739 0.3333333333333335
 647 0.393939393939394
 873 0.4545454545454546
 641 0.5151515151515151
 853 0.5757575757575757
 679 0.6363636363636367
 917 0.6969696969696972
 569 0.7575757575757578
 16 0.8181818181818183
 551 0.8787878787878789
 20 0.9393939393939394
 609 1
 15 1.060606060606061
 525 1.121212121212121
 14 1.181818181818182
 38 1.242424242424242
 127 1.303030303030303
 36 1.363636363636363
 109 1.424242424242425
 27 1.484848484848485
 101 1.545454545454546
 1 1.606060606060606
 0 1.666666666666667
 2 1.727272727272728
 47 1.787878787878788
 3 1.848484848484849
 40 1.909090909090909
 7 1.96969696969697
 2 2.03030303030303
 0 2.090909090909091
 0 2.151515151515151
 3 2.212121212121212
 0 2.272727272727272
 0 2.333333333333334
 8 2.393939393939394
 0 2.454545454545455
 1 2.515151515151516
 0 2.575757575757576
 0 2.636363636363637
 0 2.696969696969697
 0 2.757575757575758
 0 2.818181818181818
 0 2.878787878787879
 0 2.939393939393939
 0 3


