# Created by Octave 3.8.2, Mon Jun 22 23:36:25 2020 CEST <damian@fptrucha.inv.usc.es>
# name: hd
# type: matrix
# rows: 100
# columns: 2
 0 -3
 0 -2.939393939393939
 0 -2.878787878787879
 0 -2.818181818181818
 0 -2.757575757575758
 0 -2.696969696969697
 0 -2.636363636363636
 0 -2.575757575757576
 0 -2.515151515151515
 11 -2.454545454545455
 1 -2.393939393939394
 3 -2.333333333333333
 1 -2.272727272727272
 0 -2.212121212121212
 0 -2.151515151515151
 2 -2.090909090909091
 3 -2.03030303030303
 23 -1.96969696969697
 43 -1.909090909090909
 3 -1.848484848484848
 2 -1.787878787878788
 0 -1.727272727272727
 2 -1.666666666666667
 93 -1.606060606060606
 30 -1.545454545454545
 112 -1.484848484848485
 27 -1.424242424242424
 130 -1.363636363636364
 24 -1.303030303030303
 16 -1.242424242424242
 618 -1.181818181818182
 18 -1.121212121212121
 591 -1.060606060606061
 26 -1
 587 -0.9393939393939394
 17 -0.8787878787878789
 515 -0.8181818181818183
 1024 -0.7575757575757573
 737 -0.6969696969696968
 1080 -0.6363636363636362
 699 -0.5757575757575757
 994 -0.5151515151515151
 621 -0.4545454545454546
 974 -0.393939393939394
 4486 -0.333333333333333
 613 -0.2727272727272725
 2978 -0.2121212121212119
 9 -0.1515151515151514
 2838 -0.09090909090909083
 8 -0.03030303030303028
 2672 0.03030303030303028
 13 0.09090909090909083
 2360 0.1515151515151514
 1633 0.2121212121212124
 2496 0.2727272727272729
 1734 0.3333333333333335
 693 0.393939393939394
 927 0.4545454545454546
 729 0.5151515151515151
 871 0.5757575757575757
 665 0.6363636363636367
 931 0.6969696969696972
 564 0.7575757575757578
 15 0.8181818181818183
 591 0.8787878787878789
 14 0.9393939393939394
 569 1
 13 1.060606060606061
 532 1.121212121212121
 17 1.181818181818182
 37 1.242424242424242
 133 1.303030303030303
 30 1.363636363636363
 135 1.424242424242425
 33 1.484848484848485
 121 1.545454545454546
 3 1.606060606060606
 0 1.666666666666667
 1 1.727272727272728
 53 1.787878787878788
 2 1.848484848484849
 40 1.909090909090909
 5 1.96969696969697
 2 2.03030303030303
 0 2.090909090909091
 0 2.151515151515151
 1 2.212121212121212
 0 2.272727272727272
 2 2.333333333333334
 12 2.393939393939394
 0 2.454545454545455
 1 2.515151515151516
 0 2.575757575757576
 0 2.636363636363637
 0 2.696969696969697
 0 2.757575757575758
 0 2.818181818181818
 0 2.878787878787879
 0 2.939393939393939
 0 3


