# Created by Octave 3.8.2, Mon Jun 22 01:31:48 2020 CEST <damian@fptrucha.inv.usc.es>
# name: hd
# type: matrix
# rows: 100
# columns: 2
 0 -3
 0 -2.939393939393939
 0 -2.878787878787879
 0 -2.818181818181818
 0 -2.757575757575758
 0 -2.696969696969697
 0 -2.636363636363636
 0 -2.575757575757576
 0 -2.515151515151515
 5 -2.454545454545455
 0 -2.393939393939394
 0 -2.333333333333333
 1 -2.272727272727272
 0 -2.212121212121212
 0 -2.151515151515151
 0 -2.090909090909091
 0 -2.03030303030303
 14 -1.96969696969697
 16 -1.909090909090909
 1 -1.848484848484848
 2 -1.787878787878788
 0 -1.727272727272727
 0 -1.666666666666667
 61 -1.606060606060606
 9 -1.545454545454545
 57 -1.484848484848485
 11 -1.424242424242424
 46 -1.363636363636364
 11 -1.303030303030303
 4 -1.242424242424242
 347 -1.181818181818182
 9 -1.121212121212121
 324 -1.060606060606061
 7 -1
 304 -0.9393939393939394
 8 -0.8787878787878789
 294 -0.8181818181818183
 663 -0.7575757575757573
 474 -0.6969696969696968
 694 -0.6363636363636362
 420 -0.5757575757575757
 553 -0.5151515151515151
 336 -0.4545454545454546
 572 -0.393939393939394
 2748 -0.333333333333333
 354 -0.2727272727272725
 1971 -0.2121212121212119
 2 -0.1515151515151514
 1717 -0.09090909090909083
 4 -0.03030303030303028
 1646 0.03030303030303028
 8 0.09090909090909083
 1422 0.1515151515151514
 1162 0.2121212121212124
 1447 0.2727272727272729
 1117 0.3333333333333335
 455 0.393939393939394
 583 0.4545454545454546
 421 0.5151515151515151
 566 0.5757575757575757
 406 0.6363636363636367
 595 0.6969696969696972
 372 0.7575757575757578
 8 0.8181818181818183
 375 0.8787878787878789
 9 0.9393939393939394
 353 1
 3 1.060606060606061
 350 1.121212121212121
 9 1.181818181818182
 13 1.242424242424242
 86 1.303030303030303
 11 1.363636363636363
 58 1.424242424242425
 18 1.484848484848485
 62 1.545454545454546
 1 1.606060606060606
 0 1.666666666666667
 0 1.727272727272728
 15 1.787878787878788
 6 1.848484848484849
 13 1.909090909090909
 2 1.96969696969697
 2 2.03030303030303
 0 2.090909090909091
 0 2.151515151515151
 1 2.212121212121212
 0 2.272727272727272
 0 2.333333333333334
 6 2.393939393939394
 0 2.454545454545455
 0 2.515151515151516
 0 2.575757575757576
 0 2.636363636363637
 0 2.696969696969697
 0 2.757575757575758
 0 2.818181818181818
 0 2.878787878787879
 0 2.939393939393939
 0 3


