# Created by Octave 3.8.2, Mon Jun 22 22:21:39 2020 CEST <damian@fptrucha.inv.usc.es>
# name: hd
# type: matrix
# rows: 100
# columns: 2
 0 -3
 0 -2.939393939393939
 0 -2.878787878787879
 0 -2.818181818181818
 0 -2.757575757575758
 0 -2.696969696969697
 0 -2.636363636363636
 0 -2.575757575757576
 1 -2.515151515151515
 3 -2.454545454545455
 0 -2.393939393939394
 1 -2.333333333333333
 0 -2.272727272727272
 0 -2.212121212121212
 0 -2.151515151515151
 1 -2.090909090909091
 6 -2.03030303030303
 27 -1.96969696969697
 52 -1.909090909090909
 2 -1.848484848484848
 2 -1.787878787878788
 0 -1.727272727272727
 1 -1.666666666666667
 109 -1.606060606060606
 31 -1.545454545454545
 106 -1.484848484848485
 24 -1.424242424242424
 110 -1.363636363636364
 30 -1.303030303030303
 12 -1.242424242424242
 643 -1.181818181818182
 16 -1.121212121212121
 574 -1.060606060606061
 19 -1
 548 -0.9393939393939394
 16 -0.8787878787878789
 520 -0.8181818181818183
 1013 -0.7575757575757573
 710 -0.6969696969696968
 1070 -0.6363636363636362
 678 -0.5757575757575757
 920 -0.5151515151515151
 649 -0.4545454545454546
 954 -0.393939393939394
 4512 -0.333333333333333
 600 -0.2727272727272725
 2883 -0.2121212121212119
 14 -0.1515151515151514
 2841 -0.09090909090909083
 11 -0.03030303030303028
 2683 0.03030303030303028
 19 0.09090909090909083
 2499 0.1515151515151514
 1630 0.2121212121212124
 2570 0.2727272727272729
 1712 0.3333333333333335
 706 0.393939393939394
 950 0.4545454545454546
 720 0.5151515151515151
 871 0.5757575757575757
 659 0.6363636363636367
 897 0.6969696969696972
 606 0.7575757575757578
 8 0.8181818181818183
 599 0.8787878787878789
 19 0.9393939393939394
 550 1
 20 1.060606060606061
 548 1.121212121212121
 10 1.181818181818182
 39 1.242424242424242
 116 1.303030303030303
 24 1.363636363636363
 120 1.424242424242425
 39 1.484848484848485
 129 1.545454545454546
 6 1.606060606060606
 0 1.666666666666667
 1 1.727272727272728
 50 1.787878787878788
 8 1.848484848484849
 40 1.909090909090909
 3 1.96969696969697
 1 2.03030303030303
 0 2.090909090909091
 0 2.151515151515151
 1 2.212121212121212
 3 2.272727272727272
 1 2.333333333333334
 4 2.393939393939394
 1 2.454545454545455
 2 2.515151515151516
 0 2.575757575757576
 0 2.636363636363637
 0 2.696969696969697
 0 2.757575757575758
 0 2.818181818181818
 0 2.878787878787879
 0 2.939393939393939
 0 3


