# Created by Octave 3.8.2, Mon Jun 22 05:23:47 2020 CEST <damian@fptrucha.inv.usc.es>
# name: hd
# type: matrix
# rows: 100
# columns: 2
 0 -3
 0 -2.939393939393939
 0 -2.878787878787879
 0 -2.818181818181818
 0 -2.757575757575758
 0 -2.696969696969697
 0 -2.636363636363636
 2 -2.575757575757576
 1 -2.515151515151515
 10 -2.454545454545455
 1 -2.393939393939394
 1 -2.333333333333333
 0 -2.272727272727272
 0 -2.212121212121212
 0 -2.151515151515151
 1 -2.090909090909091
 5 -2.03030303030303
 42 -1.96969696969697
 43 -1.909090909090909
 2 -1.848484848484848
 3 -1.787878787878788
 0 -1.727272727272727
 1 -1.666666666666667
 86 -1.606060606060606
 17 -1.545454545454545
 113 -1.484848484848485
 27 -1.424242424242424
 112 -1.363636363636364
 22 -1.303030303030303
 16 -1.242424242424242
 509 -1.181818181818182
 18 -1.121212121212121
 496 -1.060606060606061
 20 -1
 487 -0.9393939393939394
 20 -0.8787878787878789
 528 -0.8181818181818183
 914 -0.7575757575757573
 596 -0.6969696969696968
 929 -0.6363636363636362
 574 -0.5757575757575757
 839 -0.5151515151515151
 581 -0.4545454545454546
 870 -0.393939393939394
 3831 -0.333333333333333
 532 -0.2727272727272725
 2417 -0.2121212121212119
 14 -0.1515151515151514
 2517 -0.09090909090909083
 14 -0.03030303030303028
 2282 0.03030303030303028
 23 0.09090909090909083
 2141 0.1515151515151514
 1503 0.2121212121212124
 2172 0.2727272727272729
 1430 0.3333333333333335
 639 0.393939393939394
 892 0.4545454545454546
 611 0.5151515151515151
 751 0.5757575757575757
 601 0.6363636363636367
 714 0.6969696969696972
 514 0.7575757575757578
 17 0.8181818181818183
 535 0.8787878787878789
 16 0.9393939393939394
 494 1
 11 1.060606060606061
 478 1.121212121212121
 11 1.181818181818182
 35 1.242424242424242
 107 1.303030303030303
 18 1.363636363636363
 119 1.424242424242425
 48 1.484848484848485
 107 1.545454545454546
 1 1.606060606060606
 0 1.666666666666667
 2 1.727272727272728
 36 1.787878787878788
 7 1.848484848484849
 33 1.909090909090909
 6 1.96969696969697
 0 2.03030303030303
 0 2.090909090909091
 0 2.151515151515151
 2 2.212121212121212
 0 2.272727272727272
 1 2.333333333333334
 9 2.393939393939394
 1 2.454545454545455
 2 2.515151515151516
 0 2.575757575757576
 0 2.636363636363637
 0 2.696969696969697
 0 2.757575757575758
 0 2.818181818181818
 0 2.878787878787879
 0 2.939393939393939
 0 3


