# Created by Octave 3.8.2, Sat Jun 20 22:06:42 2020 CEST <damian@fptrucha.inv.usc.es>
# name: hd
# type: matrix
# rows: 100
# columns: 2
 0 -3
 0 -2.939393939393939
 0 -2.878787878787879
 0 -2.818181818181818
 0 -2.757575757575758
 0 -2.696969696969697
 0 -2.636363636363636
 0 -2.575757575757576
 1 -2.515151515151515
 2 -2.454545454545455
 1 -2.393939393939394
 0 -2.333333333333333
 3 -2.272727272727272
 0 -2.212121212121212
 0 -2.151515151515151
 1 -2.090909090909091
 2 -2.03030303030303
 23 -1.96969696969697
 22 -1.909090909090909
 1 -1.848484848484848
 2 -1.787878787878788
 0 -1.727272727272727
 1 -1.666666666666667
 91 -1.606060606060606
 18 -1.545454545454545
 89 -1.484848484848485
 30 -1.424242424242424
 63 -1.363636363636364
 17 -1.303030303030303
 9 -1.242424242424242
 499 -1.181818181818182
 14 -1.121212121212121
 475 -1.060606060606061
 6 -1
 419 -0.9393939393939394
 14 -0.8787878787878789
 441 -0.8181818181818183
 998 -0.7575757575757573
 663 -0.6969696969696968
 945 -0.6363636363636362
 593 -0.5757575757575757
 858 -0.5151515151515151
 551 -0.4545454545454546
 827 -0.393939393939394
 4185 -0.333333333333333
 560 -0.2727272727272725
 2778 -0.2121212121212119
 13 -0.1515151515151514
 2540 -0.09090909090909083
 10 -0.03030303030303028
 2463 0.03030303030303028
 11 0.09090909090909083
 2190 0.1515151515151514
 1764 0.2121212121212124
 2156 0.2727272727272729
 1570 0.3333333333333335
 612 0.393939393939394
 902 0.4545454545454546
 626 0.5151515151515151
 761 0.5757575757575757
 561 0.6363636363636367
 757 0.6969696969696972
 519 0.7575757575757578
 9 0.8181818181818183
 522 0.8787878787878789
 11 0.9393939393939394
 567 1
 9 1.060606060606061
 429 1.121212121212121
 9 1.181818181818182
 28 1.242424242424242
 93 1.303030303030303
 25 1.363636363636363
 92 1.424242424242425
 31 1.484848484848485
 92 1.545454545454546
 1 1.606060606060606
 0 1.666666666666667
 0 1.727272727272728
 39 1.787878787878788
 4 1.848484848484849
 17 1.909090909090909
 6 1.96969696969697
 1 2.03030303030303
 0 2.090909090909091
 0 2.151515151515151
 1 2.212121212121212
 0 2.272727272727272
 1 2.333333333333334
 5 2.393939393939394
 0 2.454545454545455
 3 2.515151515151516
 0 2.575757575757576
 0 2.636363636363637
 0 2.696969696969697
 0 2.757575757575758
 0 2.818181818181818
 0 2.878787878787879
 0 2.939393939393939
 0 3


