# Created by Octave 3.8.2, Sat Jun 20 04:23:01 2020 CEST <damian@fptrucha.inv.usc.es>
# name: hd
# type: matrix
# rows: 100
# columns: 2
 0 -3
 0 -2.939393939393939
 0 -2.878787878787879
 0 -2.818181818181818
 0 -2.757575757575758
 0 -2.696969696969697
 0 -2.636363636363636
 1 -2.575757575757576
 0 -2.515151515151515
 7 -2.454545454545455
 0 -2.393939393939394
 1 -2.333333333333333
 0 -2.272727272727272
 0 -2.212121212121212
 0 -2.151515151515151
 1 -2.090909090909091
 3 -2.03030303030303
 25 -1.96969696969697
 33 -1.909090909090909
 1 -1.848484848484848
 2 -1.787878787878788
 0 -1.727272727272727
 1 -1.666666666666667
 107 -1.606060606060606
 23 -1.545454545454545
 122 -1.484848484848485
 24 -1.424242424242424
 104 -1.363636363636364
 22 -1.303030303030303
 15 -1.242424242424242
 663 -1.181818181818182
 16 -1.121212121212121
 617 -1.060606060606061
 15 -1
 538 -0.9393939393939394
 14 -0.8787878787878789
 530 -0.8181818181818183
 1143 -0.7575757575757573
 770 -0.6969696969696968
 1144 -0.6363636363636362
 741 -0.5757575757575757
 1038 -0.5151515151515151
 656 -0.4545454545454546
 951 -0.393939393939394
 4644 -0.333333333333333
 610 -0.2727272727272725
 3258 -0.2121212121212119
 9 -0.1515151515151514
 2923 -0.09090909090909083
 8 -0.03030303030303028
 2788 0.03030303030303028
 10 0.09090909090909083
 2445 0.1515151515151514
 1782 0.2121212121212124
 2480 0.2727272727272729
 1741 0.3333333333333335
 617 0.393939393939394
 964 0.4545454545454546
 696 0.5151515151515151
 858 0.5757575757575757
 566 0.6363636363636367
 799 0.6969696969696972
 593 0.7575757575757578
 11 0.8181818181818183
 515 0.8787878787878789
 10 0.9393939393939394
 544 1
 10 1.060606060606061
 467 1.121212121212121
 16 1.181818181818182
 29 1.242424242424242
 83 1.303030303030303
 19 1.363636363636363
 98 1.424242424242425
 26 1.484848484848485
 85 1.545454545454546
 3 1.606060606060606
 0 1.666666666666667
 2 1.727272727272728
 18 1.787878787878788
 4 1.848484848484849
 28 1.909090909090909
 2 1.96969696969697
 0 2.03030303030303
 0 2.090909090909091
 0 2.151515151515151
 0 2.212121212121212
 0 2.272727272727272
 0 2.333333333333334
 1 2.393939393939394
 1 2.454545454545455
 2 2.515151515151516
 0 2.575757575757576
 0 2.636363636363637
 0 2.696969696969697
 0 2.757575757575758
 0 2.818181818181818
 0 2.878787878787879
 0 2.939393939393939
 0 3


