# Created by Octave 3.8.2, Mon Jun 22 03:06:49 2020 CEST <damian@fptrucha.inv.usc.es>
# name: hd
# type: matrix
# rows: 100
# columns: 2
 0 -3
 0 -2.939393939393939
 0 -2.878787878787879
 0 -2.818181818181818
 0 -2.757575757575758
 0 -2.696969696969697
 0 -2.636363636363636
 2 -2.575757575757576
 0 -2.515151515151515
 10 -2.454545454545455
 1 -2.393939393939394
 2 -2.333333333333333
 1 -2.272727272727272
 0 -2.212121212121212
 0 -2.151515151515151
 6 -2.090909090909091
 5 -2.03030303030303
 31 -1.96969696969697
 41 -1.909090909090909
 3 -1.848484848484848
 1 -1.787878787878788
 0 -1.727272727272727
 3 -1.666666666666667
 85 -1.606060606060606
 30 -1.545454545454545
 116 -1.484848484848485
 33 -1.424242424242424
 117 -1.363636363636364
 26 -1.303030303030303
 15 -1.242424242424242
 532 -1.181818181818182
 13 -1.121212121212121
 501 -1.060606060606061
 25 -1
 509 -0.9393939393939394
 26 -0.8787878787878789
 520 -0.8181818181818183
 887 -0.7575757575757573
 612 -0.6969696969696968
 910 -0.6363636363636362
 578 -0.5757575757575757
 832 -0.5151515151515151
 591 -0.4545454545454546
 876 -0.393939393939394
 3775 -0.333333333333333
 549 -0.2727272727272725
 2341 -0.2121212121212119
 11 -0.1515151515151514
 2414 -0.09090909090909083
 11 -0.03030303030303028
 2292 0.03030303030303028
 27 0.09090909090909083
 2164 0.1515151515151514
 1502 0.2121212121212124
 2151 0.2727272727272729
 1430 0.3333333333333335
 631 0.393939393939394
 839 0.4545454545454546
 650 0.5151515151515151
 745 0.5757575757575757
 603 0.6363636363636367
 783 0.6969696969696972
 478 0.7575757575757578
 3 0.8181818181818183
 523 0.8787878787878789
 17 0.9393939393939394
 486 1
 22 1.060606060606061
 508 1.121212121212121
 10 1.181818181818182
 35 1.242424242424242
 93 1.303030303030303
 31 1.363636363636363
 129 1.424242424242425
 27 1.484848484848485
 93 1.545454545454546
 3 1.606060606060606
 0 1.666666666666667
 2 1.727272727272728
 40 1.787878787878788
 4 1.848484848484849
 44 1.909090909090909
 7 1.96969696969697
 0 2.03030303030303
 0 2.090909090909091
 0 2.151515151515151
 3 2.212121212121212
 1 2.272727272727272
 4 2.333333333333334
 7 2.393939393939394
 1 2.454545454545455
 0 2.515151515151516
 0 2.575757575757576
 0 2.636363636363637
 0 2.696969696969697
 0 2.757575757575758
 0 2.818181818181818
 0 2.878787878787879
 0 2.939393939393939
 0 3


