# Created by Octave 3.8.2, Sat Jun 20 19:24:31 2020 CEST <damian@fptrucha.inv.usc.es>
# name: hd
# type: matrix
# rows: 100
# columns: 2
 0 -3
 0 -2.939393939393939
 0 -2.878787878787879
 0 -2.818181818181818
 0 -2.757575757575758
 0 -2.696969696969697
 0 -2.636363636363636
 0 -2.575757575757576
 1 -2.515151515151515
 3 -2.454545454545455
 0 -2.393939393939394
 2 -2.333333333333333
 2 -2.272727272727272
 0 -2.212121212121212
 0 -2.151515151515151
 1 -2.090909090909091
 4 -2.03030303030303
 16 -1.96969696969697
 23 -1.909090909090909
 4 -1.848484848484848
 1 -1.787878787878788
 0 -1.727272727272727
 1 -1.666666666666667
 100 -1.606060606060606
 23 -1.545454545454545
 83 -1.484848484848485
 17 -1.424242424242424
 76 -1.363636363636364
 18 -1.303030303030303
 10 -1.242424242424242
 518 -1.181818181818182
 16 -1.121212121212121
 463 -1.060606060606061
 14 -1
 465 -0.9393939393939394
 15 -0.8787878787878789
 427 -0.8181818181818183
 998 -0.7575757575757573
 690 -0.6969696969696968
 1059 -0.6363636363636362
 608 -0.5757575757575757
 874 -0.5151515151515151
 583 -0.4545454545454546
 825 -0.393939393939394
 4166 -0.333333333333333
 545 -0.2727272727272725
 2948 -0.2121212121212119
 10 -0.1515151515151514
 2705 -0.09090909090909083
 12 -0.03030303030303028
 2572 0.03030303030303028
 11 0.09090909090909083
 2184 0.1515151515151514
 1681 0.2121212121212124
 2237 0.2727272727272729
 1647 0.3333333333333335
 607 0.393939393939394
 901 0.4545454545454546
 615 0.5151515151515151
 847 0.5757575757575757
 581 0.6363636363636367
 843 0.6969696969696972
 593 0.7575757575757578
 12 0.8181818181818183
 569 0.8787878787878789
 11 0.9393939393939394
 506 1
 17 1.060606060606061
 503 1.121212121212121
 12 1.181818181818182
 32 1.242424242424242
 100 1.303030303030303
 14 1.363636363636363
 103 1.424242424242425
 28 1.484848484848485
 94 1.545454545454546
 0 1.606060606060606
 0 1.666666666666667
 3 1.727272727272728
 25 1.787878787878788
 7 1.848484848484849
 27 1.909090909090909
 2 1.96969696969697
 0 2.03030303030303
 0 2.090909090909091
 0 2.151515151515151
 1 2.212121212121212
 1 2.272727272727272
 1 2.333333333333334
 5 2.393939393939394
 0 2.454545454545455
 1 2.515151515151516
 0 2.575757575757576
 0 2.636363636363637
 0 2.696969696969697
 0 2.757575757575758
 0 2.818181818181818
 0 2.878787878787879
 0 2.939393939393939
 0 3


