# Created by Octave 3.8.2, Mon Jun 22 13:24:38 2020 CEST <damian@fptrucha.inv.usc.es>
# name: hd
# type: matrix
# rows: 100
# columns: 2
 0 -3
 0 -2.939393939393939
 0 -2.878787878787879
 0 -2.818181818181818
 0 -2.757575757575758
 0 -2.696969696969697
 0 -2.636363636363636
 1 -2.575757575757576
 1 -2.515151515151515
 4 -2.454545454545455
 0 -2.393939393939394
 0 -2.333333333333333
 2 -2.272727272727272
 0 -2.212121212121212
 0 -2.151515151515151
 2 -2.090909090909091
 2 -2.03030303030303
 18 -1.96969696969697
 25 -1.909090909090909
 1 -1.848484848484848
 0 -1.787878787878788
 0 -1.727272727272727
 1 -1.666666666666667
 69 -1.606060606060606
 19 -1.545454545454545
 72 -1.484848484848485
 23 -1.424242424242424
 77 -1.363636363636364
 19 -1.303030303030303
 11 -1.242424242424242
 365 -1.181818181818182
 9 -1.121212121212121
 341 -1.060606060606061
 13 -1
 342 -0.9393939393939394
 12 -0.8787878787878789
 364 -0.8181818181818183
 599 -0.7575757575757573
 438 -0.6969696969696968
 664 -0.6363636363636362
 435 -0.5757575757575757
 601 -0.5151515151515151
 385 -0.4545454545454546
 605 -0.393939393939394
 2663 -0.333333333333333
 387 -0.2727272727272725
 1763 -0.2121212121212119
 10 -0.1515151515151514
 1734 -0.09090909090909083
 11 -0.03030303030303028
 1722 0.03030303030303028
 14 0.09090909090909083
 1556 0.1515151515151514
 1069 0.2121212121212124
 1546 0.2727272727272729
 1026 0.3333333333333335
 409 0.393939393939394
 637 0.4545454545454546
 457 0.5151515151515151
 536 0.5757575757575757
 413 0.6363636363636367
 533 0.6969696969696972
 351 0.7575757575757578
 8 0.8181818181818183
 383 0.8787878787878789
 8 0.9393939393939394
 371 1
 13 1.060606060606061
 316 1.121212121212121
 6 1.181818181818182
 21 1.242424242424242
 78 1.303030303030303
 22 1.363636363636363
 84 1.424242424242425
 12 1.484848484848485
 83 1.545454545454546
 3 1.606060606060606
 0 1.666666666666667
 0 1.727272727272728
 27 1.787878787878788
 2 1.848484848484849
 27 1.909090909090909
 4 1.96969696969697
 3 2.03030303030303
 0 2.090909090909091
 0 2.151515151515151
 2 2.212121212121212
 2 2.272727272727272
 0 2.333333333333334
 2 2.393939393939394
 0 2.454545454545455
 0 2.515151515151516
 0 2.575757575757576
 0 2.636363636363637
 0 2.696969696969697
 0 2.757575757575758
 0 2.818181818181818
 0 2.878787878787879
 0 2.939393939393939
 0 3


