# Created by Octave 3.8.2, Mon Jun 22 11:57:22 2020 CEST <damian@fptrucha.inv.usc.es>
# name: hd
# type: matrix
# rows: 100
# columns: 2
 0 -3
 0 -2.939393939393939
 0 -2.878787878787879
 0 -2.818181818181818
 0 -2.757575757575758
 0 -2.696969696969697
 0 -2.636363636363636
 2 -2.575757575757576
 0 -2.515151515151515
 14 -2.454545454545455
 0 -2.393939393939394
 1 -2.333333333333333
 1 -2.272727272727272
 0 -2.212121212121212
 0 -2.151515151515151
 1 -2.090909090909091
 6 -2.03030303030303
 38 -1.96969696969697
 27 -1.909090909090909
 2 -1.848484848484848
 0 -1.787878787878788
 0 -1.727272727272727
 1 -1.666666666666667
 103 -1.606060606060606
 30 -1.545454545454545
 109 -1.484848484848485
 22 -1.424242424242424
 123 -1.363636363636364
 19 -1.303030303030303
 11 -1.242424242424242
 519 -1.181818181818182
 18 -1.121212121212121
 461 -1.060606060606061
 23 -1
 516 -0.9393939393939394
 21 -0.8787878787878789
 489 -0.8181818181818183
 880 -0.7575757575757573
 655 -0.6969696969696968
 909 -0.6363636363636362
 642 -0.5757575757575757
 872 -0.5151515151515151
 604 -0.4545454545454546
 847 -0.393939393939394
 4000 -0.333333333333333
 592 -0.2727272727272725
 2523 -0.2121212121212119
 10 -0.1515151515151514
 2634 -0.09090909090909083
 11 -0.03030303030303028
 2561 0.03030303030303028
 19 0.09090909090909083
 2343 0.1515151515151514
 1561 0.2121212121212124
 2408 0.2727272727272729
 1520 0.3333333333333335
 644 0.393939393939394
 874 0.4545454545454546
 658 0.5151515151515151
 822 0.5757575757575757
 618 0.6363636363636367
 853 0.6969696969696972
 544 0.7575757575757578
 12 0.8181818181818183
 598 0.8787878787878789
 22 0.9393939393939394
 567 1
 20 1.060606060606061
 547 1.121212121212121
 10 1.181818181818182
 29 1.242424242424242
 107 1.303030303030303
 30 1.363636363636363
 122 1.424242424242425
 33 1.484848484848485
 101 1.545454545454546
 4 1.606060606060606
 0 1.666666666666667
 3 1.727272727272728
 38 1.787878787878788
 5 1.848484848484849
 42 1.909090909090909
 4 1.96969696969697
 2 2.03030303030303
 0 2.090909090909091
 0 2.151515151515151
 2 2.212121212121212
 1 2.272727272727272
 3 2.333333333333334
 8 2.393939393939394
 0 2.454545454545455
 2 2.515151515151516
 0 2.575757575757576
 0 2.636363636363637
 0 2.696969696969697
 0 2.757575757575758
 0 2.818181818181818
 0 2.878787878787879
 0 2.939393939393939
 0 3


