# Created by Octave 3.8.2, Mon Jun 22 03:31:26 2020 CEST <damian@fptrucha.inv.usc.es>
# name: hd
# type: matrix
# rows: 100
# columns: 2
 0 -3
 0 -2.939393939393939
 0 -2.878787878787879
 0 -2.818181818181818
 0 -2.757575757575758
 0 -2.696969696969697
 0 -2.636363636363636
 1 -2.575757575757576
 1 -2.515151515151515
 7 -2.454545454545455
 1 -2.393939393939394
 3 -2.333333333333333
 1 -2.272727272727272
 0 -2.212121212121212
 0 -2.151515151515151
 2 -2.090909090909091
 4 -2.03030303030303
 32 -1.96969696969697
 43 -1.909090909090909
 2 -1.848484848484848
 1 -1.787878787878788
 0 -1.727272727272727
 3 -1.666666666666667
 109 -1.606060606060606
 37 -1.545454545454545
 117 -1.484848484848485
 22 -1.424242424242424
 110 -1.363636363636364
 34 -1.303030303030303
 20 -1.242424242424242
 466 -1.181818181818182
 17 -1.121212121212121
 526 -1.060606060606061
 9 -1
 522 -0.9393939393939394
 31 -0.8787878787878789
 483 -0.8181818181818183
 855 -0.7575757575757573
 559 -0.6969696969696968
 872 -0.6363636363636362
 597 -0.5757575757575757
 809 -0.5151515151515151
 576 -0.4545454545454546
 897 -0.393939393939394
 3928 -0.333333333333333
 593 -0.2727272727272725
 2377 -0.2121212121212119
 14 -0.1515151515151514
 2481 -0.09090909090909083
 17 -0.03030303030303028
 2386 0.03030303030303028
 21 0.09090909090909083
 2197 0.1515151515151514
 1517 0.2121212121212124
 2196 0.2727272727272729
 1499 0.3333333333333335
 614 0.393939393939394
 836 0.4545454545454546
 558 0.5151515151515151
 765 0.5757575757575757
 574 0.6363636363636367
 800 0.6969696969696972
 496 0.7575757575757578
 10 0.8181818181818183
 497 0.8787878787878789
 25 0.9393939393939394
 468 1
 20 1.060606060606061
 465 1.121212121212121
 19 1.181818181818182
 23 1.242424242424242
 116 1.303030303030303
 33 1.363636363636363
 98 1.424242424242425
 35 1.484848484848485
 97 1.545454545454546
 2 1.606060606060606
 0 1.666666666666667
 3 1.727272727272728
 36 1.787878787878788
 3 1.848484848484849
 34 1.909090909090909
 4 1.96969696969697
 2 2.03030303030303
 0 2.090909090909091
 0 2.151515151515151
 0 2.212121212121212
 1 2.272727272727272
 0 2.333333333333334
 12 2.393939393939394
 0 2.454545454545455
 0 2.515151515151516
 0 2.575757575757576
 0 2.636363636363637
 0 2.696969696969697
 0 2.757575757575758
 0 2.818181818181818
 0 2.878787878787879
 0 2.939393939393939
 0 3


