# Created by Octave 3.8.2, Sun Jun 21 04:35:19 2020 CEST <damian@fptrucha.inv.usc.es>
# name: hd
# type: matrix
# rows: 100
# columns: 2
 0 -3
 0 -2.939393939393939
 0 -2.878787878787879
 0 -2.818181818181818
 0 -2.757575757575758
 0 -2.696969696969697
 0 -2.636363636363636
 0 -2.575757575757576
 0 -2.515151515151515
 3 -2.454545454545455
 0 -2.393939393939394
 0 -2.333333333333333
 1 -2.272727272727272
 0 -2.212121212121212
 0 -2.151515151515151
 1 -2.090909090909091
 5 -2.03030303030303
 28 -1.96969696969697
 22 -1.909090909090909
 1 -1.848484848484848
 2 -1.787878787878788
 0 -1.727272727272727
 2 -1.666666666666667
 85 -1.606060606060606
 23 -1.545454545454545
 97 -1.484848484848485
 18 -1.424242424242424
 71 -1.363636363636364
 12 -1.303030303030303
 10 -1.242424242424242
 563 -1.181818181818182
 17 -1.121212121212121
 566 -1.060606060606061
 12 -1
 477 -0.9393939393939394
 18 -0.8787878787878789
 480 -0.8181818181818183
 1002 -0.7575757575757573
 630 -0.6969696969696968
 1034 -0.6363636363636362
 653 -0.5757575757575757
 896 -0.5151515151515151
 544 -0.4545454545454546
 829 -0.393939393939394
 4186 -0.333333333333333
 510 -0.2727272727272725
 2787 -0.2121212121212119
 12 -0.1515151515151514
 2741 -0.09090909090909083
 7 -0.03030303030303028
 2431 0.03030303030303028
 9 0.09090909090909083
 2272 0.1515151515151514
 1729 0.2121212121212124
 2182 0.2727272727272729
 1550 0.3333333333333335
 638 0.393939393939394
 851 0.4545454545454546
 632 0.5151515151515151
 773 0.5757575757575757
 600 0.6363636363636367
 737 0.6969696969696972
 537 0.7575757575757578
 8 0.8181818181818183
 525 0.8787878787878789
 11 0.9393939393939394
 487 1
 11 1.060606060606061
 505 1.121212121212121
 11 1.181818181818182
 24 1.242424242424242
 99 1.303030303030303
 17 1.363636363636363
 115 1.424242424242425
 15 1.484848484848485
 88 1.545454545454546
 1 1.606060606060606
 0 1.666666666666667
 0 1.727272727272728
 33 1.787878787878788
 3 1.848484848484849
 21 1.909090909090909
 5 1.96969696969697
 0 2.03030303030303
 0 2.090909090909091
 0 2.151515151515151
 2 2.212121212121212
 0 2.272727272727272
 1 2.333333333333334
 2 2.393939393939394
 1 2.454545454545455
 1 2.515151515151516
 0 2.575757575757576
 0 2.636363636363637
 0 2.696969696969697
 0 2.757575757575758
 0 2.818181818181818
 0 2.878787878787879
 0 2.939393939393939
 0 3


