# Created by Octave 3.8.2, Mon Jun 22 07:10:42 2020 CEST <damian@fptrucha.inv.usc.es>
# name: hd
# type: matrix
# rows: 100
# columns: 2
 0 -3
 0 -2.939393939393939
 0 -2.878787878787879
 0 -2.818181818181818
 0 -2.757575757575758
 0 -2.696969696969697
 0 -2.636363636363636
 0 -2.575757575757576
 1 -2.515151515151515
 13 -2.454545454545455
 4 -2.393939393939394
 0 -2.333333333333333
 1 -2.272727272727272
 0 -2.212121212121212
 0 -2.151515151515151
 3 -2.090909090909091
 2 -2.03030303030303
 25 -1.96969696969697
 44 -1.909090909090909
 0 -1.848484848484848
 0 -1.787878787878788
 0 -1.727272727272727
 1 -1.666666666666667
 90 -1.606060606060606
 30 -1.545454545454545
 107 -1.484848484848485
 29 -1.424242424242424
 120 -1.363636363636364
 29 -1.303030303030303
 12 -1.242424242424242
 550 -1.181818181818182
 11 -1.121212121212121
 533 -1.060606060606061
 16 -1
 537 -0.9393939393939394
 16 -0.8787878787878789
 548 -0.8181818181818183
 832 -0.7575757575757573
 597 -0.6969696969696968
 935 -0.6363636363636362
 572 -0.5757575757575757
 809 -0.5151515151515151
 599 -0.4545454545454546
 862 -0.393939393939394
 3790 -0.333333333333333
 517 -0.2727272727272725
 2464 -0.2121212121212119
 15 -0.1515151515151514
 2577 -0.09090909090909083
 16 -0.03030303030303028
 2387 0.03030303030303028
 20 0.09090909090909083
 2241 0.1515151515151514
 1529 0.2121212121212124
 2245 0.2727272727272729
 1462 0.3333333333333335
 636 0.393939393939394
 881 0.4545454545454546
 642 0.5151515151515151
 824 0.5757575757575757
 599 0.6363636363636367
 872 0.6969696969696972
 468 0.7575757575757578
 6 0.8181818181818183
 527 0.8787878787878789
 15 0.9393939393939394
 516 1
 19 1.060606060606061
 514 1.121212121212121
 12 1.181818181818182
 23 1.242424242424242
 107 1.303030303030303
 29 1.363636363636363
 104 1.424242424242425
 20 1.484848484848485
 89 1.545454545454546
 2 1.606060606060606
 0 1.666666666666667
 2 1.727272727272728
 24 1.787878787878788
 4 1.848484848484849
 38 1.909090909090909
 3 1.96969696969697
 2 2.03030303030303
 0 2.090909090909091
 0 2.151515151515151
 1 2.212121212121212
 2 2.272727272727272
 2 2.333333333333334
 9 2.393939393939394
 0 2.454545454545455
 2 2.515151515151516
 0 2.575757575757576
 0 2.636363636363637
 0 2.696969696969697
 0 2.757575757575758
 0 2.818181818181818
 0 2.878787878787879
 0 2.939393939393939
 0 3


