# Created by Octave 3.8.2, Sat Jun 20 19:00:18 2020 CEST <damian@fptrucha.inv.usc.es>
# name: hd
# type: matrix
# rows: 100
# columns: 2
 0 -3
 0 -2.939393939393939
 0 -2.878787878787879
 0 -2.818181818181818
 0 -2.757575757575758
 0 -2.696969696969697
 0 -2.636363636363636
 1 -2.575757575757576
 1 -2.515151515151515
 4 -2.454545454545455
 0 -2.393939393939394
 1 -2.333333333333333
 1 -2.272727272727272
 0 -2.212121212121212
 0 -2.151515151515151
 1 -2.090909090909091
 0 -2.03030303030303
 14 -1.96969696969697
 23 -1.909090909090909
 1 -1.848484848484848
 2 -1.787878787878788
 0 -1.727272727272727
 4 -1.666666666666667
 95 -1.606060606060606
 27 -1.545454545454545
 85 -1.484848484848485
 21 -1.424242424242424
 77 -1.363636363636364
 17 -1.303030303030303
 12 -1.242424242424242
 563 -1.181818181818182
 12 -1.121212121212121
 496 -1.060606060606061
 14 -1
 501 -0.9393939393939394
 11 -0.8787878787878789
 414 -0.8181818181818183
 989 -0.7575757575757573
 687 -0.6969696969696968
 1009 -0.6363636363636362
 584 -0.5757575757575757
 886 -0.5151515151515151
 544 -0.4545454545454546
 833 -0.393939393939394
 4106 -0.333333333333333
 535 -0.2727272727272725
 2878 -0.2121212121212119
 9 -0.1515151515151514
 2688 -0.09090909090909083
 12 -0.03030303030303028
 2617 0.03030303030303028
 10 0.09090909090909083
 2260 0.1515151515151514
 1745 0.2121212121212124
 2092 0.2727272727272729
 1652 0.3333333333333335
 672 0.393939393939394
 873 0.4545454545454546
 704 0.5151515151515151
 834 0.5757575757575757
 538 0.6363636363636367
 808 0.6969696969696972
 589 0.7575757575757578
 12 0.8181818181818183
 548 0.8787878787878789
 8 0.9393939393939394
 575 1
 10 1.060606060606061
 458 1.121212121212121
 8 1.181818181818182
 33 1.242424242424242
 101 1.303030303030303
 20 1.363636363636363
 103 1.424242424242425
 22 1.484848484848485
 103 1.545454545454546
 0 1.606060606060606
 0 1.666666666666667
 1 1.727272727272728
 27 1.787878787878788
 3 1.848484848484849
 24 1.909090909090909
 2 1.96969696969697
 1 2.03030303030303
 0 2.090909090909091
 0 2.151515151515151
 2 2.212121212121212
 0 2.272727272727272
 0 2.333333333333334
 5 2.393939393939394
 0 2.454545454545455
 4 2.515151515151516
 0 2.575757575757576
 0 2.636363636363637
 0 2.696969696969697
 0 2.757575757575758
 0 2.818181818181818
 0 2.878787878787879
 0 2.939393939393939
 0 3


