# Created by Octave 3.8.2, Sat Jun 20 05:45:02 2020 CEST <damian@fptrucha.inv.usc.es>
# name: hd
# type: matrix
# rows: 100
# columns: 2
 0 -3
 0 -2.939393939393939
 0 -2.878787878787879
 0 -2.818181818181818
 0 -2.757575757575758
 0 -2.696969696969697
 0 -2.636363636363636
 1 -2.575757575757576
 0 -2.515151515151515
 2 -2.454545454545455
 0 -2.393939393939394
 1 -2.333333333333333
 1 -2.272727272727272
 0 -2.212121212121212
 0 -2.151515151515151
 1 -2.090909090909091
 8 -2.03030303030303
 20 -1.96969696969697
 35 -1.909090909090909
 0 -1.848484848484848
 1 -1.787878787878788
 0 -1.727272727272727
 1 -1.666666666666667
 121 -1.606060606060606
 27 -1.545454545454545
 102 -1.484848484848485
 34 -1.424242424242424
 96 -1.363636363636364
 26 -1.303030303030303
 14 -1.242424242424242
 667 -1.181818181818182
 15 -1.121212121212121
 562 -1.060606060606061
 9 -1
 527 -0.9393939393939394
 15 -0.8787878787878789
 536 -0.8181818181818183
 1120 -0.7575757575757573
 717 -0.6969696969696968
 1150 -0.6363636363636362
 768 -0.5757575757575757
 1030 -0.5151515151515151
 677 -0.4545454545454546
 998 -0.393939393939394
 4776 -0.333333333333333
 654 -0.2727272727272725
 3224 -0.2121212121212119
 8 -0.1515151515151514
 2874 -0.09090909090909083
 13 -0.03030303030303028
 2848 0.03030303030303028
 6 0.09090909090909083
 2527 0.1515151515151514
 1880 0.2121212121212124
 2474 0.2727272727272729
 1740 0.3333333333333335
 693 0.393939393939394
 1009 0.4545454545454546
 734 0.5151515151515151
 896 0.5757575757575757
 613 0.6363636363636367
 816 0.6969696969696972
 632 0.7575757575757578
 16 0.8181818181818183
 558 0.8787878787878789
 13 0.9393939393939394
 539 1
 14 1.060606060606061
 547 1.121212121212121
 6 1.181818181818182
 36 1.242424242424242
 104 1.303030303030303
 31 1.363636363636363
 97 1.424242424242425
 25 1.484848484848485
 89 1.545454545454546
 1 1.606060606060606
 0 1.666666666666667
 1 1.727272727272728
 40 1.787878787878788
 0 1.848484848484849
 35 1.909090909090909
 5 1.96969696969697
 1 2.03030303030303
 0 2.090909090909091
 0 2.151515151515151
 0 2.212121212121212
 0 2.272727272727272
 0 2.333333333333334
 4 2.393939393939394
 1 2.454545454545455
 0 2.515151515151516
 0 2.575757575757576
 0 2.636363636363637
 0 2.696969696969697
 0 2.757575757575758
 0 2.818181818181818
 0 2.878787878787879
 0 2.939393939393939
 0 3


