# Created by Octave 3.8.2, Mon Jun 22 16:47:27 2020 CEST <damian@fptrucha.inv.usc.es>
# name: hd
# type: matrix
# rows: 100
# columns: 2
 0 -3
 0 -2.939393939393939
 0 -2.878787878787879
 0 -2.818181818181818
 0 -2.757575757575758
 0 -2.696969696969697
 0 -2.636363636363636
 0 -2.575757575757576
 2 -2.515151515151515
 11 -2.454545454545455
 1 -2.393939393939394
 0 -2.333333333333333
 0 -2.272727272727272
 0 -2.212121212121212
 0 -2.151515151515151
 2 -2.090909090909091
 0 -2.03030303030303
 33 -1.96969696969697
 35 -1.909090909090909
 0 -1.848484848484848
 1 -1.787878787878788
 0 -1.727272727272727
 2 -1.666666666666667
 90 -1.606060606060606
 25 -1.545454545454545
 117 -1.484848484848485
 29 -1.424242424242424
 118 -1.363636363636364
 24 -1.303030303030303
 15 -1.242424242424242
 591 -1.181818181818182
 23 -1.121212121212121
 545 -1.060606060606061
 17 -1
 524 -0.9393939393939394
 30 -0.8787878787878789
 513 -0.8181818181818183
 946 -0.7575757575757573
 664 -0.6969696969696968
 1042 -0.6363636363636362
 641 -0.5757575757575757
 889 -0.5151515151515151
 655 -0.4545454545454546
 942 -0.393939393939394
 4268 -0.333333333333333
 595 -0.2727272727272725
 2686 -0.2121212121212119
 11 -0.1515151515151514
 2722 -0.09090909090909083
 10 -0.03030303030303028
 2558 0.03030303030303028
 26 0.09090909090909083
 2335 0.1515151515151514
 1647 0.2121212121212124
 2210 0.2727272727272729
 1613 0.3333333333333335
 690 0.393939393939394
 943 0.4545454545454546
 632 0.5151515151515151
 864 0.5757575757575757
 628 0.6363636363636367
 857 0.6969696969696972
 543 0.7575757575757578
 16 0.8181818181818183
 647 0.8787878787878789
 16 0.9393939393939394
 585 1
 15 1.060606060606061
 569 1.121212121212121
 10 1.181818181818182
 35 1.242424242424242
 129 1.303030303030303
 47 1.363636363636363
 127 1.424242424242425
 27 1.484848484848485
 118 1.545454545454546
 5 1.606060606060606
 0 1.666666666666667
 2 1.727272727272728
 49 1.787878787878788
 5 1.848484848484849
 54 1.909090909090909
 7 1.96969696969697
 2 2.03030303030303
 0 2.090909090909091
 0 2.151515151515151
 2 2.212121212121212
 1 2.272727272727272
 2 2.333333333333334
 13 2.393939393939394
 1 2.454545454545455
 0 2.515151515151516
 0 2.575757575757576
 0 2.636363636363637
 0 2.696969696969697
 0 2.757575757575758
 0 2.818181818181818
 0 2.878787878787879
 0 2.939393939393939
 0 3


