# Created by Octave 3.8.2, Sat Jun 20 11:33:36 2020 CEST <damian@fptrucha.inv.usc.es>
# name: hd
# type: matrix
# rows: 100
# columns: 2
 0 -3
 0 -2.939393939393939
 0 -2.878787878787879
 0 -2.818181818181818
 0 -2.757575757575758
 0 -2.696969696969697
 0 -2.636363636363636
 1 -2.575757575757576
 0 -2.515151515151515
 5 -2.454545454545455
 0 -2.393939393939394
 0 -2.333333333333333
 1 -2.272727272727272
 0 -2.212121212121212
 0 -2.151515151515151
 0 -2.090909090909091
 4 -2.03030303030303
 26 -1.96969696969697
 25 -1.909090909090909
 1 -1.848484848484848
 2 -1.787878787878788
 0 -1.727272727272727
 0 -1.666666666666667
 97 -1.606060606060606
 28 -1.545454545454545
 91 -1.484848484848485
 22 -1.424242424242424
 90 -1.363636363636364
 16 -1.303030303030303
 15 -1.242424242424242
 545 -1.181818181818182
 16 -1.121212121212121
 564 -1.060606060606061
 17 -1
 473 -0.9393939393939394
 14 -0.8787878787878789
 457 -0.8181818181818183
 1091 -0.7575757575757573
 739 -0.6969696969696968
 1033 -0.6363636363636362
 734 -0.5757575757575757
 918 -0.5151515151515151
 613 -0.4545454545454546
 867 -0.393939393939394
 4672 -0.333333333333333
 563 -0.2727272727272725
 3093 -0.2121212121212119
 11 -0.1515151515151514
 2774 -0.09090909090909083
 11 -0.03030303030303028
 2736 0.03030303030303028
 13 0.09090909090909083
 2514 0.1515151515151514
 2016 0.2121212121212124
 2347 0.2727272727272729
 1843 0.3333333333333335
 715 0.393939393939394
 960 0.4545454545454546
 742 0.5151515151515151
 890 0.5757575757575757
 661 0.6363636363636367
 837 0.6969696969696972
 658 0.7575757575757578
 11 0.8181818181818183
 663 0.8787878787878789
 20 0.9393939393939394
 622 1
 15 1.060606060606061
 611 1.121212121212121
 10 1.181818181818182
 36 1.242424242424242
 117 1.303030303030303
 27 1.363636363636363
 138 1.424242424242425
 28 1.484848484848485
 102 1.545454545454546
 1 1.606060606060606
 0 1.666666666666667
 1 1.727272727272728
 37 1.787878787878788
 3 1.848484848484849
 42 1.909090909090909
 5 1.96969696969697
 0 2.03030303030303
 0 2.090909090909091
 0 2.151515151515151
 0 2.212121212121212
 1 2.272727272727272
 0 2.333333333333334
 10 2.393939393939394
 0 2.454545454545455
 2 2.515151515151516
 0 2.575757575757576
 0 2.636363636363637
 0 2.696969696969697
 0 2.757575757575758
 0 2.818181818181818
 0 2.878787878787879
 0 2.939393939393939
 0 3


