# Created by Octave 3.8.2, Sun Jun 21 01:11:04 2020 CEST <damian@fptrucha.inv.usc.es>
# name: hd
# type: matrix
# rows: 100
# columns: 2
 0 -3
 0 -2.939393939393939
 0 -2.878787878787879
 0 -2.818181818181818
 0 -2.757575757575758
 0 -2.696969696969697
 0 -2.636363636363636
 0 -2.575757575757576
 0 -2.515151515151515
 4 -2.454545454545455
 0 -2.393939393939394
 1 -2.333333333333333
 0 -2.272727272727272
 0 -2.212121212121212
 0 -2.151515151515151
 1 -2.090909090909091
 2 -2.03030303030303
 23 -1.96969696969697
 31 -1.909090909090909
 1 -1.848484848484848
 2 -1.787878787878788
 0 -1.727272727272727
 0 -1.666666666666667
 81 -1.606060606060606
 22 -1.545454545454545
 94 -1.484848484848485
 15 -1.424242424242424
 78 -1.363636363636364
 24 -1.303030303030303
 14 -1.242424242424242
 542 -1.181818181818182
 14 -1.121212121212121
 485 -1.060606060606061
 7 -1
 422 -0.9393939393939394
 20 -0.8787878787878789
 433 -0.8181818181818183
 948 -0.7575757575757573
 654 -0.6969696969696968
 1007 -0.6363636363636362
 674 -0.5757575757575757
 868 -0.5151515151515151
 552 -0.4545454545454546
 830 -0.393939393939394
 4073 -0.333333333333333
 502 -0.2727272727272725
 2819 -0.2121212121212119
 10 -0.1515151515151514
 2567 -0.09090909090909083
 8 -0.03030303030303028
 2451 0.03030303030303028
 8 0.09090909090909083
 2110 0.1515151515151514
 1706 0.2121212121212124
 2099 0.2727272727272729
 1579 0.3333333333333335
 620 0.393939393939394
 811 0.4545454545454546
 652 0.5151515151515151
 773 0.5757575757575757
 569 0.6363636363636367
 760 0.6969696969696972
 565 0.7575757575757578
 7 0.8181818181818183
 548 0.8787878787878789
 11 0.9393939393939394
 502 1
 7 1.060606060606061
 506 1.121212121212121
 1 1.181818181818182
 28 1.242424242424242
 106 1.303030303030303
 16 1.363636363636363
 92 1.424242424242425
 21 1.484848484848485
 82 1.545454545454546
 0 1.606060606060606
 0 1.666666666666667
 3 1.727272727272728
 29 1.787878787878788
 1 1.848484848484849
 23 1.909090909090909
 2 1.96969696969697
 0 2.03030303030303
 0 2.090909090909091
 0 2.151515151515151
 1 2.212121212121212
 0 2.272727272727272
 0 2.333333333333334
 7 2.393939393939394
 0 2.454545454545455
 1 2.515151515151516
 0 2.575757575757576
 0 2.636363636363637
 0 2.696969696969697
 0 2.757575757575758
 0 2.818181818181818
 0 2.878787878787879
 0 2.939393939393939
 0 3


