# Created by Octave 3.8.2, Sun Jun 21 02:56:04 2020 CEST <damian@fptrucha.inv.usc.es>
# name: hd
# type: matrix
# rows: 100
# columns: 2
 0 -3
 0 -2.939393939393939
 0 -2.878787878787879
 0 -2.818181818181818
 0 -2.757575757575758
 0 -2.696969696969697
 0 -2.636363636363636
 0 -2.575757575757576
 2 -2.515151515151515
 2 -2.454545454545455
 0 -2.393939393939394
 0 -2.333333333333333
 1 -2.272727272727272
 0 -2.212121212121212
 0 -2.151515151515151
 2 -2.090909090909091
 3 -2.03030303030303
 23 -1.96969696969697
 23 -1.909090909090909
 2 -1.848484848484848
 1 -1.787878787878788
 0 -1.727272727272727
 2 -1.666666666666667
 94 -1.606060606060606
 21 -1.545454545454545
 86 -1.484848484848485
 26 -1.424242424242424
 64 -1.363636363636364
 21 -1.303030303030303
 16 -1.242424242424242
 546 -1.181818181818182
 13 -1.121212121212121
 531 -1.060606060606061
 16 -1
 478 -0.9393939393939394
 18 -0.8787878787878789
 389 -0.8181818181818183
 945 -0.7575757575757573
 623 -0.6969696969696968
 1066 -0.6363636363636362
 591 -0.5757575757575757
 836 -0.5151515151515151
 582 -0.4545454545454546
 792 -0.393939393939394
 3997 -0.333333333333333
 531 -0.2727272727272725
 2739 -0.2121212121212119
 6 -0.1515151515151514
 2563 -0.09090909090909083
 10 -0.03030303030303028
 2433 0.03030303030303028
 10 0.09090909090909083
 2121 0.1515151515151514
 1676 0.2121212121212124
 2162 0.2727272727272729
 1544 0.3333333333333335
 596 0.393939393939394
 850 0.4545454545454546
 639 0.5151515151515151
 757 0.5757575757575757
 571 0.6363636363636367
 777 0.6969696969696972
 533 0.7575757575757578
 9 0.8181818181818183
 469 0.8787878787878789
 18 0.9393939393939394
 495 1
 13 1.060606060606061
 483 1.121212121212121
 15 1.181818181818182
 27 1.242424242424242
 84 1.303030303030303
 18 1.363636363636363
 82 1.424242424242425
 29 1.484848484848485
 92 1.545454545454546
 2 1.606060606060606
 0 1.666666666666667
 1 1.727272727272728
 20 1.787878787878788
 6 1.848484848484849
 16 1.909090909090909
 3 1.96969696969697
 2 2.03030303030303
 0 2.090909090909091
 0 2.151515151515151
 2 2.212121212121212
 1 2.272727272727272
 0 2.333333333333334
 7 2.393939393939394
 0 2.454545454545455
 0 2.515151515151516
 0 2.575757575757576
 0 2.636363636363637
 0 2.696969696969697
 0 2.757575757575758
 0 2.818181818181818
 0 2.878787878787879
 0 2.939393939393939
 0 3


