# Created by Octave 3.8.2, Mon Jun 22 15:09:33 2020 CEST <damian@fptrucha.inv.usc.es>
# name: hd
# type: matrix
# rows: 100
# columns: 2
 0 -3
 0 -2.939393939393939
 0 -2.878787878787879
 0 -2.818181818181818
 0 -2.757575757575758
 0 -2.696969696969697
 0 -2.636363636363636
 3 -2.575757575757576
 3 -2.515151515151515
 5 -2.454545454545455
 0 -2.393939393939394
 1 -2.333333333333333
 4 -2.272727272727272
 0 -2.212121212121212
 0 -2.151515151515151
 2 -2.090909090909091
 1 -2.03030303030303
 31 -1.96969696969697
 36 -1.909090909090909
 0 -1.848484848484848
 0 -1.787878787878788
 0 -1.727272727272727
 1 -1.666666666666667
 88 -1.606060606060606
 28 -1.545454545454545
 99 -1.484848484848485
 22 -1.424242424242424
 109 -1.363636363636364
 25 -1.303030303030303
 9 -1.242424242424242
 526 -1.181818181818182
 17 -1.121212121212121
 526 -1.060606060606061
 14 -1
 489 -0.9393939393939394
 20 -0.8787878787878789
 513 -0.8181818181818183
 925 -0.7575757575757573
 625 -0.6969696969696968
 954 -0.6363636363636362
 650 -0.5757575757575757
 896 -0.5151515151515151
 640 -0.4545454545454546
 879 -0.393939393939394
 4190 -0.333333333333333
 559 -0.2727272727272725
 2782 -0.2121212121212119
 10 -0.1515151515151514
 2766 -0.09090909090909083
 21 -0.03030303030303028
 2608 0.03030303030303028
 13 0.09090909090909083
 2325 0.1515151515151514
 1560 0.2121212121212124
 2387 0.2727272727272729
 1691 0.3333333333333335
 715 0.393939393939394
 932 0.4545454545454546
 701 0.5151515151515151
 783 0.5757575757575757
 634 0.6363636363636367
 862 0.6969696969696972
 564 0.7575757575757578
 18 0.8181818181818183
 625 0.8787878787878789
 15 0.9393939393939394
 550 1
 11 1.060606060606061
 535 1.121212121212121
 9 1.181818181818182
 30 1.242424242424242
 120 1.303030303030303
 41 1.363636363636363
 114 1.424242424242425
 34 1.484848484848485
 102 1.545454545454546
 3 1.606060606060606
 0 1.666666666666667
 1 1.727272727272728
 49 1.787878787878788
 4 1.848484848484849
 38 1.909090909090909
 4 1.96969696969697
 0 2.03030303030303
 0 2.090909090909091
 0 2.151515151515151
 1 2.212121212121212
 1 2.272727272727272
 1 2.333333333333334
 8 2.393939393939394
 1 2.454545454545455
 2 2.515151515151516
 0 2.575757575757576
 0 2.636363636363637
 0 2.696969696969697
 0 2.757575757575758
 0 2.818181818181818
 0 2.878787878787879
 0 2.939393939393939
 0 3


