# Created by Octave 3.8.2, Sat Jun 20 04:26:45 2020 CEST <damian@fptrucha.inv.usc.es>
# name: hd
# type: matrix
# rows: 100
# columns: 2
 0 -3
 0 -2.939393939393939
 0 -2.878787878787879
 0 -2.818181818181818
 0 -2.757575757575758
 0 -2.696969696969697
 0 -2.636363636363636
 0 -2.575757575757576
 0 -2.515151515151515
 9 -2.454545454545455
 0 -2.393939393939394
 0 -2.333333333333333
 2 -2.272727272727272
 0 -2.212121212121212
 0 -2.151515151515151
 0 -2.090909090909091
 9 -2.03030303030303
 26 -1.96969696969697
 42 -1.909090909090909
 1 -1.848484848484848
 2 -1.787878787878788
 0 -1.727272727272727
 1 -1.666666666666667
 127 -1.606060606060606
 32 -1.545454545454545
 115 -1.484848484848485
 33 -1.424242424242424
 119 -1.363636363636364
 21 -1.303030303030303
 9 -1.242424242424242
 669 -1.181818181818182
 15 -1.121212121212121
 625 -1.060606060606061
 14 -1
 582 -0.9393939393939394
 25 -0.8787878787878789
 543 -0.8181818181818183
 1248 -0.7575757575757573
 757 -0.6969696969696968
 1251 -0.6363636363636362
 755 -0.5757575757575757
 1018 -0.5151515151515151
 659 -0.4545454545454546
 1028 -0.393939393939394
 4743 -0.333333333333333
 649 -0.2727272727272725
 3168 -0.2121212121212119
 12 -0.1515151515151514
 2939 -0.09090909090909083
 13 -0.03030303030303028
 2807 0.03030303030303028
 16 0.09090909090909083
 2496 0.1515151515151514
 1818 0.2121212121212124
 2458 0.2727272727272729
 1731 0.3333333333333335
 675 0.393939393939394
 952 0.4545454545454546
 714 0.5151515151515151
 868 0.5757575757575757
 625 0.6363636363636367
 865 0.6969696969696972
 601 0.7575757575757578
 5 0.8181818181818183
 505 0.8787878787878789
 13 0.9393939393939394
 522 1
 11 1.060606060606061
 462 1.121212121212121
 11 1.181818181818182
 19 1.242424242424242
 90 1.303030303030303
 21 1.363636363636363
 96 1.424242424242425
 17 1.484848484848485
 68 1.545454545454546
 0 1.606060606060606
 0 1.666666666666667
 1 1.727272727272728
 17 1.787878787878788
 2 1.848484848484849
 22 1.909090909090909
 3 1.96969696969697
 1 2.03030303030303
 0 2.090909090909091
 0 2.151515151515151
 5 2.212121212121212
 1 2.272727272727272
 0 2.333333333333334
 7 2.393939393939394
 0 2.454545454545455
 2 2.515151515151516
 0 2.575757575757576
 0 2.636363636363637
 0 2.696969696969697
 0 2.757575757575758
 0 2.818181818181818
 0 2.878787878787879
 0 2.939393939393939
 0 3


