# Created by Octave 3.8.2, Mon Jun 22 06:37:32 2020 CEST <damian@fptrucha.inv.usc.es>
# name: hd
# type: matrix
# rows: 100
# columns: 2
 0 -3
 0 -2.939393939393939
 0 -2.878787878787879
 0 -2.818181818181818
 0 -2.757575757575758
 0 -2.696969696969697
 0 -2.636363636363636
 1 -2.575757575757576
 3 -2.515151515151515
 9 -2.454545454545455
 0 -2.393939393939394
 0 -2.333333333333333
 2 -2.272727272727272
 0 -2.212121212121212
 0 -2.151515151515151
 4 -2.090909090909091
 3 -2.03030303030303
 37 -1.96969696969697
 43 -1.909090909090909
 0 -1.848484848484848
 0 -1.787878787878788
 0 -1.727272727272727
 2 -1.666666666666667
 94 -1.606060606060606
 22 -1.545454545454545
 119 -1.484848484848485
 22 -1.424242424242424
 129 -1.363636363636364
 21 -1.303030303030303
 14 -1.242424242424242
 503 -1.181818181818182
 13 -1.121212121212121
 489 -1.060606060606061
 18 -1
 517 -0.9393939393939394
 21 -0.8787878787878789
 517 -0.8181818181818183
 873 -0.7575757575757573
 581 -0.6969696969696968
 915 -0.6363636363636362
 613 -0.5757575757575757
 896 -0.5151515151515151
 561 -0.4545454545454546
 881 -0.393939393939394
 3861 -0.333333333333333
 583 -0.2727272727272725
 2414 -0.2121212121212119
 20 -0.1515151515151514
 2470 -0.09090909090909083
 16 -0.03030303030303028
 2426 0.03030303030303028
 24 0.09090909090909083
 2229 0.1515151515151514
 1401 0.2121212121212124
 2170 0.2727272727272729
 1425 0.3333333333333335
 613 0.393939393939394
 880 0.4545454545454546
 674 0.5151515151515151
 789 0.5757575757575757
 646 0.6363636363636367
 787 0.6969696969696972
 526 0.7575757575757578
 11 0.8181818181818183
 543 0.8787878787878789
 18 0.9393939393939394
 558 1
 26 1.060606060606061
 512 1.121212121212121
 11 1.181818181818182
 30 1.242424242424242
 94 1.303030303030303
 32 1.363636363636363
 115 1.424242424242425
 40 1.484848484848485
 117 1.545454545454546
 1 1.606060606060606
 0 1.666666666666667
 2 1.727272727272728
 41 1.787878787878788
 5 1.848484848484849
 26 1.909090909090909
 7 1.96969696969697
 1 2.03030303030303
 0 2.090909090909091
 0 2.151515151515151
 5 2.212121212121212
 2 2.272727272727272
 2 2.333333333333334
 11 2.393939393939394
 1 2.454545454545455
 3 2.515151515151516
 0 2.575757575757576
 0 2.636363636363637
 0 2.696969696969697
 0 2.757575757575758
 0 2.818181818181818
 0 2.878787878787879
 0 2.939393939393939
 0 3


