# Created by Octave 3.8.2, Sat Jun 20 11:59:48 2020 CEST <damian@fptrucha.inv.usc.es>
# name: hd
# type: matrix
# rows: 100
# columns: 2
 0 -3
 0 -2.939393939393939
 0 -2.878787878787879
 0 -2.818181818181818
 0 -2.757575757575758
 0 -2.696969696969697
 0 -2.636363636363636
 2 -2.575757575757576
 0 -2.515151515151515
 6 -2.454545454545455
 0 -2.393939393939394
 0 -2.333333333333333
 1 -2.272727272727272
 0 -2.212121212121212
 0 -2.151515151515151
 2 -2.090909090909091
 8 -2.03030303030303
 27 -1.96969696969697
 28 -1.909090909090909
 3 -1.848484848484848
 1 -1.787878787878788
 0 -1.727272727272727
 2 -1.666666666666667
 80 -1.606060606060606
 31 -1.545454545454545
 82 -1.484848484848485
 32 -1.424242424242424
 81 -1.363636363636364
 19 -1.303030303030303
 14 -1.242424242424242
 597 -1.181818181818182
 19 -1.121212121212121
 540 -1.060606060606061
 10 -1
 511 -0.9393939393939394
 13 -0.8787878787878789
 491 -0.8181818181818183
 1076 -0.7575757575757573
 692 -0.6969696969696968
 1127 -0.6363636363636362
 709 -0.5757575757575757
 983 -0.5151515151515151
 611 -0.4545454545454546
 914 -0.393939393939394
 4567 -0.333333333333333
 557 -0.2727272727272725
 3052 -0.2121212121212119
 6 -0.1515151515151514
 2890 -0.09090909090909083
 12 -0.03030303030303028
 2726 0.03030303030303028
 10 0.09090909090909083
 2420 0.1515151515151514
 1949 0.2121212121212124
 2481 0.2727272727272729
 1805 0.3333333333333335
 615 0.393939393939394
 997 0.4545454545454546
 706 0.5151515151515151
 916 0.5757575757575757
 619 0.6363636363636367
 890 0.6969696969696972
 678 0.7575757575757578
 16 0.8181818181818183
 610 0.8787878787878789
 18 0.9393939393939394
 587 1
 10 1.060606060606061
 580 1.121212121212121
 16 1.181818181818182
 31 1.242424242424242
 123 1.303030303030303
 33 1.363636363636363
 132 1.424242424242425
 32 1.484848484848485
 96 1.545454545454546
 4 1.606060606060606
 0 1.666666666666667
 4 1.727272727272728
 38 1.787878787878788
 7 1.848484848484849
 44 1.909090909090909
 5 1.96969696969697
 0 2.03030303030303
 0 2.090909090909091
 0 2.151515151515151
 2 2.212121212121212
 0 2.272727272727272
 1 2.333333333333334
 13 2.393939393939394
 0 2.454545454545455
 0 2.515151515151516
 0 2.575757575757576
 0 2.636363636363637
 0 2.696969696969697
 0 2.757575757575758
 0 2.818181818181818
 0 2.878787878787879
 0 2.939393939393939
 0 3


