# Created by Octave 3.8.2, Sun Jun 21 05:52:21 2020 CEST <damian@fptrucha.inv.usc.es>
# name: hd
# type: matrix
# rows: 100
# columns: 2
 0 -3
 0 -2.939393939393939
 0 -2.878787878787879
 0 -2.818181818181818
 0 -2.757575757575758
 0 -2.696969696969697
 0 -2.636363636363636
 1 -2.575757575757576
 0 -2.515151515151515
 9 -2.454545454545455
 0 -2.393939393939394
 0 -2.333333333333333
 2 -2.272727272727272
 0 -2.212121212121212
 0 -2.151515151515151
 2 -2.090909090909091
 1 -2.03030303030303
 16 -1.96969696969697
 35 -1.909090909090909
 1 -1.848484848484848
 0 -1.787878787878788
 0 -1.727272727272727
 1 -1.666666666666667
 89 -1.606060606060606
 29 -1.545454545454545
 85 -1.484848484848485
 14 -1.424242424242424
 85 -1.363636363636364
 11 -1.303030303030303
 13 -1.242424242424242
 564 -1.181818181818182
 16 -1.121212121212121
 489 -1.060606060606061
 18 -1
 446 -0.9393939393939394
 14 -0.8787878787878789
 458 -0.8181818181818183
 964 -0.7575757575757573
 638 -0.6969696969696968
 1036 -0.6363636363636362
 616 -0.5757575757575757
 870 -0.5151515151515151
 576 -0.4545454545454546
 802 -0.393939393939394
 4069 -0.333333333333333
 525 -0.2727272727272725
 2783 -0.2121212121212119
 7 -0.1515151515151514
 2550 -0.09090909090909083
 10 -0.03030303030303028
 2525 0.03030303030303028
 8 0.09090909090909083
 2202 0.1515151515151514
 1711 0.2121212121212124
 2095 0.2727272727272729
 1666 0.3333333333333335
 629 0.393939393939394
 871 0.4545454545454546
 593 0.5151515151515151
 786 0.5757575757575757
 601 0.6363636363636367
 786 0.6969696969696972
 569 0.7575757575757578
 8 0.8181818181818183
 522 0.8787878787878789
 14 0.9393939393939394
 481 1
 9 1.060606060606061
 467 1.121212121212121
 10 1.181818181818182
 40 1.242424242424242
 93 1.303030303030303
 10 1.363636363636363
 84 1.424242424242425
 31 1.484848484848485
 79 1.545454545454546
 0 1.606060606060606
 0 1.666666666666667
 1 1.727272727272728
 28 1.787878787878788
 4 1.848484848484849
 18 1.909090909090909
 2 1.96969696969697
 1 2.03030303030303
 0 2.090909090909091
 0 2.151515151515151
 0 2.212121212121212
 1 2.272727272727272
 0 2.333333333333334
 7 2.393939393939394
 1 2.454545454545455
 0 2.515151515151516
 0 2.575757575757576
 0 2.636363636363637
 0 2.696969696969697
 0 2.757575757575758
 0 2.818181818181818
 0 2.878787878787879
 0 2.939393939393939
 0 3


