# Created by Octave 3.8.2, Sat Jun 20 06:12:12 2020 CEST <damian@fptrucha.inv.usc.es>
# name: hd
# type: matrix
# rows: 100
# columns: 2
 0 -3
 0 -2.939393939393939
 0 -2.878787878787879
 0 -2.818181818181818
 0 -2.757575757575758
 0 -2.696969696969697
 0 -2.636363636363636
 0 -2.575757575757576
 0 -2.515151515151515
 8 -2.454545454545455
 0 -2.393939393939394
 0 -2.333333333333333
 1 -2.272727272727272
 0 -2.212121212121212
 0 -2.151515151515151
 0 -2.090909090909091
 12 -2.03030303030303
 25 -1.96969696969697
 26 -1.909090909090909
 1 -1.848484848484848
 1 -1.787878787878788
 0 -1.727272727272727
 4 -1.666666666666667
 127 -1.606060606060606
 37 -1.545454545454545
 111 -1.484848484848485
 23 -1.424242424242424
 133 -1.363636363636364
 18 -1.303030303030303
 18 -1.242424242424242
 683 -1.181818181818182
 14 -1.121212121212121
 669 -1.060606060606061
 16 -1
 543 -0.9393939393939394
 15 -0.8787878787878789
 502 -0.8181818181818183
 1193 -0.7575757575757573
 776 -0.6969696969696968
 1202 -0.6363636363636362
 755 -0.5757575757575757
 1059 -0.5151515151515151
 646 -0.4545454545454546
 1030 -0.393939393939394
 4917 -0.333333333333333
 653 -0.2727272727272725
 3184 -0.2121212121212119
 5 -0.1515151515151514
 3041 -0.09090909090909083
 16 -0.03030303030303028
 2758 0.03030303030303028
 13 0.09090909090909083
 2385 0.1515151515151514
 1900 0.2121212121212124
 2468 0.2727272727272729
 1800 0.3333333333333335
 669 0.393939393939394
 964 0.4545454545454546
 730 0.5151515151515151
 908 0.5757575757575757
 621 0.6363636363636367
 845 0.6969696969696972
 579 0.7575757575757578
 11 0.8181818181818183
 572 0.8787878787878789
 17 0.9393939393939394
 545 1
 7 1.060606060606061
 533 1.121212121212121
 12 1.181818181818182
 27 1.242424242424242
 94 1.303030303030303
 25 1.363636363636363
 110 1.424242424242425
 23 1.484848484848485
 93 1.545454545454546
 1 1.606060606060606
 0 1.666666666666667
 1 1.727272727272728
 37 1.787878787878788
 4 1.848484848484849
 30 1.909090909090909
 0 1.96969696969697
 1 2.03030303030303
 0 2.090909090909091
 0 2.151515151515151
 1 2.212121212121212
 0 2.272727272727272
 0 2.333333333333334
 6 2.393939393939394
 0 2.454545454545455
 0 2.515151515151516
 0 2.575757575757576
 0 2.636363636363637
 0 2.696969696969697
 0 2.757575757575758
 0 2.818181818181818
 0 2.878787878787879
 0 2.939393939393939
 0 3


