# Created by Octave 3.8.2, Mon Jun 22 21:20:55 2020 CEST <damian@fptrucha.inv.usc.es>
# name: hd
# type: matrix
# rows: 100
# columns: 2
 0 -3
 0 -2.939393939393939
 0 -2.878787878787879
 0 -2.818181818181818
 0 -2.757575757575758
 0 -2.696969696969697
 0 -2.636363636363636
 2 -2.575757575757576
 1 -2.515151515151515
 15 -2.454545454545455
 0 -2.393939393939394
 0 -2.333333333333333
 0 -2.272727272727272
 0 -2.212121212121212
 0 -2.151515151515151
 0 -2.090909090909091
 2 -2.03030303030303
 44 -1.96969696969697
 35 -1.909090909090909
 1 -1.848484848484848
 1 -1.787878787878788
 0 -1.727272727272727
 1 -1.666666666666667
 108 -1.606060606060606
 37 -1.545454545454545
 119 -1.484848484848485
 15 -1.424242424242424
 113 -1.363636363636364
 26 -1.303030303030303
 15 -1.242424242424242
 603 -1.181818181818182
 18 -1.121212121212121
 585 -1.060606060606061
 23 -1
 569 -0.9393939393939394
 25 -0.8787878787878789
 545 -0.8181818181818183
 1013 -0.7575757575757573
 677 -0.6969696969696968
 1090 -0.6363636363636362
 646 -0.5757575757575757
 991 -0.5151515151515151
 665 -0.4545454545454546
 993 -0.393939393939394
 4309 -0.333333333333333
 632 -0.2727272727272725
 2761 -0.2121212121212119
 13 -0.1515151515151514
 2821 -0.09090909090909083
 10 -0.03030303030303028
 2634 0.03030303030303028
 17 0.09090909090909083
 2387 0.1515151515151514
 1632 0.2121212121212124
 2405 0.2727272727272729
 1697 0.3333333333333335
 680 0.393939393939394
 924 0.4545454545454546
 640 0.5151515151515151
 823 0.5757575757575757
 670 0.6363636363636367
 872 0.6969696969696972
 604 0.7575757575757578
 16 0.8181818181818183
 575 0.8787878787878789
 18 0.9393939393939394
 574 1
 14 1.060606060606061
 525 1.121212121212121
 15 1.181818181818182
 23 1.242424242424242
 124 1.303030303030303
 22 1.363636363636363
 127 1.424242424242425
 38 1.484848484848485
 87 1.545454545454546
 4 1.606060606060606
 0 1.666666666666667
 0 1.727272727272728
 38 1.787878787878788
 4 1.848484848484849
 36 1.909090909090909
 5 1.96969696969697
 4 2.03030303030303
 0 2.090909090909091
 0 2.151515151515151
 5 2.212121212121212
 0 2.272727272727272
 0 2.333333333333334
 11 2.393939393939394
 0 2.454545454545455
 2 2.515151515151516
 0 2.575757575757576
 0 2.636363636363637
 0 2.696969696969697
 0 2.757575757575758
 0 2.818181818181818
 0 2.878787878787879
 0 2.939393939393939
 0 3


