# Created by Octave 3.8.2, Sun Jun 21 06:12:07 2020 CEST <damian@fptrucha.inv.usc.es>
# name: hd
# type: matrix
# rows: 100
# columns: 2
 0 -3
 0 -2.939393939393939
 0 -2.878787878787879
 0 -2.818181818181818
 0 -2.757575757575758
 0 -2.696969696969697
 0 -2.636363636363636
 1 -2.575757575757576
 2 -2.515151515151515
 5 -2.454545454545455
 0 -2.393939393939394
 0 -2.333333333333333
 0 -2.272727272727272
 0 -2.212121212121212
 0 -2.151515151515151
 1 -2.090909090909091
 2 -2.03030303030303
 27 -1.96969696969697
 18 -1.909090909090909
 0 -1.848484848484848
 1 -1.787878787878788
 0 -1.727272727272727
 1 -1.666666666666667
 101 -1.606060606060606
 19 -1.545454545454545
 110 -1.484848484848485
 23 -1.424242424242424
 81 -1.363636363636364
 16 -1.303030303030303
 14 -1.242424242424242
 561 -1.181818181818182
 9 -1.121212121212121
 555 -1.060606060606061
 11 -1
 432 -0.9393939393939394
 18 -0.8787878787878789
 431 -0.8181818181818183
 992 -0.7575757575757573
 623 -0.6969696969696968
 1071 -0.6363636363636362
 604 -0.5757575757575757
 907 -0.5151515151515151
 533 -0.4545454545454546
 786 -0.393939393939394
 4117 -0.333333333333333
 535 -0.2727272727272725
 2932 -0.2121212121212119
 11 -0.1515151515151514
 2605 -0.09090909090909083
 7 -0.03030303030303028
 2377 0.03030303030303028
 11 0.09090909090909083
 2111 0.1515151515151514
 1772 0.2121212121212124
 2358 0.2727272727272729
 1713 0.3333333333333335
 657 0.393939393939394
 868 0.4545454545454546
 618 0.5151515151515151
 824 0.5757575757575757
 548 0.6363636363636367
 769 0.6969696969696972
 541 0.7575757575757578
 17 0.8181818181818183
 538 0.8787878787878789
 10 0.9393939393939394
 543 1
 7 1.060606060606061
 492 1.121212121212121
 2 1.181818181818182
 27 1.242424242424242
 96 1.303030303030303
 26 1.363636363636363
 101 1.424242424242425
 31 1.484848484848485
 80 1.545454545454546
 2 1.606060606060606
 0 1.666666666666667
 2 1.727272727272728
 29 1.787878787878788
 6 1.848484848484849
 30 1.909090909090909
 1 1.96969696969697
 2 2.03030303030303
 0 2.090909090909091
 0 2.151515151515151
 1 2.212121212121212
 0 2.272727272727272
 2 2.333333333333334
 6 2.393939393939394
 0 2.454545454545455
 0 2.515151515151516
 0 2.575757575757576
 0 2.636363636363637
 0 2.696969696969697
 0 2.757575757575758
 0 2.818181818181818
 0 2.878787878787879
 0 2.939393939393939
 0 3


