# Created by Octave 3.8.2, Sat Jun 20 08:43:51 2020 CEST <damian@fptrucha.inv.usc.es>
# name: hd
# type: matrix
# rows: 100
# columns: 2
 0 -3
 0 -2.939393939393939
 0 -2.878787878787879
 0 -2.818181818181818
 0 -2.757575757575758
 0 -2.696969696969697
 0 -2.636363636363636
 4 -2.575757575757576
 1 -2.515151515151515
 10 -2.454545454545455
 0 -2.393939393939394
 0 -2.333333333333333
 2 -2.272727272727272
 0 -2.212121212121212
 0 -2.151515151515151
 3 -2.090909090909091
 4 -2.03030303030303
 32 -1.96969696969697
 30 -1.909090909090909
 2 -1.848484848484848
 5 -1.787878787878788
 0 -1.727272727272727
 1 -1.666666666666667
 128 -1.606060606060606
 34 -1.545454545454545
 108 -1.484848484848485
 28 -1.424242424242424
 100 -1.363636363636364
 24 -1.303030303030303
 11 -1.242424242424242
 647 -1.181818181818182
 24 -1.121212121212121
 595 -1.060606060606061
 11 -1
 527 -0.9393939393939394
 14 -0.8787878787878789
 570 -0.8181818181818183
 1198 -0.7575757575757573
 810 -0.6969696969696968
 1202 -0.6363636363636362
 699 -0.5757575757575757
 1052 -0.5151515151515151
 697 -0.4545454545454546
 944 -0.393939393939394
 4786 -0.333333333333333
 628 -0.2727272727272725
 3146 -0.2121212121212119
 9 -0.1515151515151514
 2989 -0.09090909090909083
 3 -0.03030303030303028
 2881 0.03030303030303028
 17 0.09090909090909083
 2480 0.1515151515151514
 1939 0.2121212121212124
 2439 0.2727272727272729
 1803 0.3333333333333335
 736 0.393939393939394
 1027 0.4545454545454546
 716 0.5151515151515151
 913 0.5757575757575757
 652 0.6363636363636367
 889 0.6969696969696972
 668 0.7575757575757578
 13 0.8181818181818183
 632 0.8787878787878789
 17 0.9393939393939394
 600 1
 12 1.060606060606061
 589 1.121212121212121
 15 1.181818181818182
 40 1.242424242424242
 143 1.303030303030303
 37 1.363636363636363
 111 1.424242424242425
 30 1.484848484848485
 114 1.545454545454546
 3 1.606060606060606
 0 1.666666666666667
 2 1.727272727272728
 37 1.787878787878788
 3 1.848484848484849
 40 1.909090909090909
 6 1.96969696969697
 1 2.03030303030303
 0 2.090909090909091
 0 2.151515151515151
 2 2.212121212121212
 0 2.272727272727272
 0 2.333333333333334
 12 2.393939393939394
 1 2.454545454545455
 1 2.515151515151516
 0 2.575757575757576
 0 2.636363636363637
 0 2.696969696969697
 0 2.757575757575758
 0 2.818181818181818
 0 2.878787878787879
 0 2.939393939393939
 0 3


