# Created by Octave 3.8.2, Mon Jun 22 17:09:29 2020 CEST <damian@fptrucha.inv.usc.es>
# name: hd
# type: matrix
# rows: 100
# columns: 2
 0 -3
 0 -2.939393939393939
 0 -2.878787878787879
 0 -2.818181818181818
 0 -2.757575757575758
 0 -2.696969696969697
 0 -2.636363636363636
 3 -2.575757575757576
 1 -2.515151515151515
 5 -2.454545454545455
 1 -2.393939393939394
 0 -2.333333333333333
 0 -2.272727272727272
 0 -2.212121212121212
 0 -2.151515151515151
 1 -2.090909090909091
 5 -2.03030303030303
 39 -1.96969696969697
 32 -1.909090909090909
 1 -1.848484848484848
 4 -1.787878787878788
 0 -1.727272727272727
 4 -1.666666666666667
 97 -1.606060606060606
 38 -1.545454545454545
 107 -1.484848484848485
 33 -1.424242424242424
 118 -1.363636363636364
 18 -1.303030303030303
 14 -1.242424242424242
 606 -1.181818181818182
 19 -1.121212121212121
 596 -1.060606060606061
 7 -1
 520 -0.9393939393939394
 21 -0.8787878787878789
 495 -0.8181818181818183
 921 -0.7575757575757573
 661 -0.6969696969696968
 1007 -0.6363636363636362
 675 -0.5757575757575757
 934 -0.5151515151515151
 659 -0.4545454545454546
 965 -0.393939393939394
 4305 -0.333333333333333
 617 -0.2727272727272725
 2804 -0.2121212121212119
 18 -0.1515151515151514
 2643 -0.09090909090909083
 12 -0.03030303030303028
 2573 0.03030303030303028
 21 0.09090909090909083
 2383 0.1515151515151514
 1561 0.2121212121212124
 2381 0.2727272727272729
 1590 0.3333333333333335
 702 0.393939393939394
 965 0.4545454545454546
 624 0.5151515151515151
 821 0.5757575757575757
 647 0.6363636363636367
 815 0.6969696969696972
 597 0.7575757575757578
 9 0.8181818181818183
 598 0.8787878787878789
 17 0.9393939393939394
 575 1
 21 1.060606060606061
 571 1.121212121212121
 16 1.181818181818182
 34 1.242424242424242
 132 1.303030303030303
 36 1.363636363636363
 117 1.424242424242425
 28 1.484848484848485
 110 1.545454545454546
 3 1.606060606060606
 0 1.666666666666667
 2 1.727272727272728
 36 1.787878787878788
 0 1.848484848484849
 37 1.909090909090909
 1 1.96969696969697
 0 2.03030303030303
 0 2.090909090909091
 0 2.151515151515151
 0 2.212121212121212
 0 2.272727272727272
 1 2.333333333333334
 7 2.393939393939394
 1 2.454545454545455
 0 2.515151515151516
 0 2.575757575757576
 0 2.636363636363637
 0 2.696969696969697
 0 2.757575757575758
 0 2.818181818181818
 0 2.878787878787879
 0 2.939393939393939
 0 3


