# Created by Octave 3.8.2, Sun Jun 21 02:01:17 2020 CEST <damian@fptrucha.inv.usc.es>
# name: hd
# type: matrix
# rows: 100
# columns: 2
 0 -3
 0 -2.939393939393939
 0 -2.878787878787879
 0 -2.818181818181818
 0 -2.757575757575758
 0 -2.696969696969697
 0 -2.636363636363636
 2 -2.575757575757576
 1 -2.515151515151515
 6 -2.454545454545455
 1 -2.393939393939394
 0 -2.333333333333333
 0 -2.272727272727272
 0 -2.212121212121212
 0 -2.151515151515151
 2 -2.090909090909091
 3 -2.03030303030303
 28 -1.96969696969697
 30 -1.909090909090909
 0 -1.848484848484848
 2 -1.787878787878788
 0 -1.727272727272727
 2 -1.666666666666667
 104 -1.606060606060606
 14 -1.545454545454545
 95 -1.484848484848485
 26 -1.424242424242424
 78 -1.363636363636364
 16 -1.303030303030303
 9 -1.242424242424242
 539 -1.181818181818182
 17 -1.121212121212121
 495 -1.060606060606061
 14 -1
 417 -0.9393939393939394
 13 -0.8787878787878789
 480 -0.8181818181818183
 961 -0.7575757575757573
 657 -0.6969696969696968
 994 -0.6363636363636362
 620 -0.5757575757575757
 866 -0.5151515151515151
 604 -0.4545454545454546
 800 -0.393939393939394
 4248 -0.333333333333333
 531 -0.2727272727272725
 2811 -0.2121212121212119
 6 -0.1515151515151514
 2669 -0.09090909090909083
 10 -0.03030303030303028
 2453 0.03030303030303028
 17 0.09090909090909083
 2178 0.1515151515151514
 1703 0.2121212121212124
 2142 0.2727272727272729
 1597 0.3333333333333335
 584 0.393939393939394
 937 0.4545454545454546
 645 0.5151515151515151
 828 0.5757575757575757
 580 0.6363636363636367
 782 0.6969696969696972
 550 0.7575757575757578
 12 0.8181818181818183
 507 0.8787878787878789
 14 0.9393939393939394
 500 1
 5 1.060606060606061
 480 1.121212121212121
 8 1.181818181818182
 34 1.242424242424242
 103 1.303030303030303
 15 1.363636363636363
 99 1.424242424242425
 19 1.484848484848485
 76 1.545454545454546
 1 1.606060606060606
 0 1.666666666666667
 2 1.727272727272728
 25 1.787878787878788
 1 1.848484848484849
 26 1.909090909090909
 1 1.96969696969697
 0 2.03030303030303
 0 2.090909090909091
 0 2.151515151515151
 2 2.212121212121212
 0 2.272727272727272
 0 2.333333333333334
 7 2.393939393939394
 0 2.454545454545455
 1 2.515151515151516
 0 2.575757575757576
 0 2.636363636363637
 0 2.696969696969697
 0 2.757575757575758
 0 2.818181818181818
 0 2.878787878787879
 0 2.939393939393939
 0 3


