# Created by Octave 3.8.2, Sun Jun 21 08:18:44 2020 CEST <damian@fptrucha.inv.usc.es>
# name: hd
# type: matrix
# rows: 100
# columns: 2
 0 -3
 0 -2.939393939393939
 0 -2.878787878787879
 0 -2.818181818181818
 0 -2.757575757575758
 0 -2.696969696969697
 0 -2.636363636363636
 0 -2.575757575757576
 2 -2.515151515151515
 4 -2.454545454545455
 1 -2.393939393939394
 1 -2.333333333333333
 0 -2.272727272727272
 0 -2.212121212121212
 0 -2.151515151515151
 3 -2.090909090909091
 6 -2.03030303030303
 17 -1.96969696969697
 20 -1.909090909090909
 2 -1.848484848484848
 2 -1.787878787878788
 0 -1.727272727272727
 2 -1.666666666666667
 81 -1.606060606060606
 17 -1.545454545454545
 79 -1.484848484848485
 14 -1.424242424242424
 85 -1.363636363636364
 21 -1.303030303030303
 14 -1.242424242424242
 507 -1.181818181818182
 9 -1.121212121212121
 539 -1.060606060606061
 11 -1
 424 -0.9393939393939394
 12 -0.8787878787878789
 417 -0.8181818181818183
 951 -0.7575757575757573
 592 -0.6969696969696968
 999 -0.6363636363636362
 630 -0.5757575757575757
 862 -0.5151515151515151
 509 -0.4545454545454546
 795 -0.393939393939394
 4074 -0.333333333333333
 533 -0.2727272727272725
 2924 -0.2121212121212119
 13 -0.1515151515151514
 2603 -0.09090909090909083
 5 -0.03030303030303028
 2378 0.03030303030303028
 17 0.09090909090909083
 2119 0.1515151515151514
 1636 0.2121212121212124
 2117 0.2727272727272729
 1590 0.3333333333333335
 580 0.393939393939394
 825 0.4545454545454546
 595 0.5151515151515151
 780 0.5757575757575757
 531 0.6363636363636367
 722 0.6969696969696972
 576 0.7575757575757578
 10 0.8181818181818183
 460 0.8787878787878789
 16 0.9393939393939394
 487 1
 16 1.060606060606061
 449 1.121212121212121
 9 1.181818181818182
 28 1.242424242424242
 82 1.303030303030303
 16 1.363636363636363
 85 1.424242424242425
 29 1.484848484848485
 75 1.545454545454546
 1 1.606060606060606
 0 1.666666666666667
 0 1.727272727272728
 26 1.787878787878788
 3 1.848484848484849
 21 1.909090909090909
 3 1.96969696969697
 0 2.03030303030303
 0 2.090909090909091
 0 2.151515151515151
 1 2.212121212121212
 0 2.272727272727272
 1 2.333333333333334
 7 2.393939393939394
 0 2.454545454545455
 3 2.515151515151516
 0 2.575757575757576
 0 2.636363636363637
 0 2.696969696969697
 0 2.757575757575758
 0 2.818181818181818
 0 2.878787878787879
 0 2.939393939393939
 0 3


