# Created by Octave 3.8.2, Sat Jun 20 23:14:29 2020 CEST <damian@fptrucha.inv.usc.es>
# name: hd
# type: matrix
# rows: 100
# columns: 2
 0 -3
 0 -2.939393939393939
 0 -2.878787878787879
 0 -2.818181818181818
 0 -2.757575757575758
 0 -2.696969696969697
 0 -2.636363636363636
 3 -2.575757575757576
 1 -2.515151515151515
 2 -2.454545454545455
 1 -2.393939393939394
 0 -2.333333333333333
 1 -2.272727272727272
 0 -2.212121212121212
 0 -2.151515151515151
 1 -2.090909090909091
 3 -2.03030303030303
 25 -1.96969696969697
 21 -1.909090909090909
 0 -1.848484848484848
 0 -1.787878787878788
 0 -1.727272727272727
 4 -1.666666666666667
 105 -1.606060606060606
 24 -1.545454545454545
 85 -1.484848484848485
 23 -1.424242424242424
 79 -1.363636363636364
 13 -1.303030303030303
 14 -1.242424242424242
 523 -1.181818181818182
 10 -1.121212121212121
 479 -1.060606060606061
 8 -1
 416 -0.9393939393939394
 17 -0.8787878787878789
 420 -0.8181818181818183
 980 -0.7575757575757573
 637 -0.6969696969696968
 981 -0.6363636363636362
 657 -0.5757575757575757
 818 -0.5151515151515151
 581 -0.4545454545454546
 824 -0.393939393939394
 4019 -0.333333333333333
 526 -0.2727272727272725
 2755 -0.2121212121212119
 9 -0.1515151515151514
 2602 -0.09090909090909083
 11 -0.03030303030303028
 2455 0.03030303030303028
 10 0.09090909090909083
 2160 0.1515151515151514
 1701 0.2121212121212124
 2135 0.2727272727272729
 1619 0.3333333333333335
 647 0.393939393939394
 887 0.4545454545454546
 630 0.5151515151515151
 830 0.5757575757575757
 558 0.6363636363636367
 790 0.6969696969696972
 581 0.7575757575757578
 11 0.8181818181818183
 568 0.8787878787878789
 10 0.9393939393939394
 541 1
 6 1.060606060606061
 484 1.121212121212121
 10 1.181818181818182
 25 1.242424242424242
 101 1.303030303030303
 28 1.363636363636363
 109 1.424242424242425
 22 1.484848484848485
 89 1.545454545454546
 1 1.606060606060606
 0 1.666666666666667
 3 1.727272727272728
 25 1.787878787878788
 2 1.848484848484849
 28 1.909090909090909
 5 1.96969696969697
 0 2.03030303030303
 0 2.090909090909091
 0 2.151515151515151
 0 2.212121212121212
 0 2.272727272727272
 0 2.333333333333334
 6 2.393939393939394
 1 2.454545454545455
 0 2.515151515151516
 0 2.575757575757576
 0 2.636363636363637
 0 2.696969696969697
 0 2.757575757575758
 0 2.818181818181818
 0 2.878787878787879
 0 2.939393939393939
 0 3


