# Created by Octave 3.8.2, Sat Jun 20 11:05:37 2020 CEST <damian@fptrucha.inv.usc.es>
# name: hd
# type: matrix
# rows: 100
# columns: 2
 0 -3
 0 -2.939393939393939
 0 -2.878787878787879
 0 -2.818181818181818
 0 -2.757575757575758
 0 -2.696969696969697
 0 -2.636363636363636
 0 -2.575757575757576
 1 -2.515151515151515
 6 -2.454545454545455
 0 -2.393939393939394
 2 -2.333333333333333
 0 -2.272727272727272
 0 -2.212121212121212
 0 -2.151515151515151
 1 -2.090909090909091
 4 -2.03030303030303
 21 -1.96969696969697
 37 -1.909090909090909
 0 -1.848484848484848
 2 -1.787878787878788
 0 -1.727272727272727
 2 -1.666666666666667
 102 -1.606060606060606
 29 -1.545454545454545
 102 -1.484848484848485
 32 -1.424242424242424
 95 -1.363636363636364
 19 -1.303030303030303
 12 -1.242424242424242
 625 -1.181818181818182
 16 -1.121212121212121
 573 -1.060606060606061
 9 -1
 496 -0.9393939393939394
 13 -0.8787878787878789
 501 -0.8181818181818183
 1114 -0.7575757575757573
 795 -0.6969696969696968
 1140 -0.6363636363636362
 691 -0.5757575757575757
 1024 -0.5151515151515151
 623 -0.4545454545454546
 937 -0.393939393939394
 4582 -0.333333333333333
 628 -0.2727272727272725
 3121 -0.2121212121212119
 8 -0.1515151515151514
 2913 -0.09090909090909083
 6 -0.03030303030303028
 2742 0.03030303030303028
 14 0.09090909090909083
 2442 0.1515151515151514
 2050 0.2121212121212124
 2473 0.2727272727272729
 1892 0.3333333333333335
 709 0.393939393939394
 971 0.4545454545454546
 740 0.5151515151515151
 966 0.5757575757575757
 686 0.6363636363636367
 895 0.6969696969696972
 698 0.7575757575757578
 10 0.8181818181818183
 626 0.8787878787878789
 14 0.9393939393939394
 591 1
 12 1.060606060606061
 584 1.121212121212121
 6 1.181818181818182
 33 1.242424242424242
 114 1.303030303030303
 20 1.363636363636363
 140 1.424242424242425
 28 1.484848484848485
 91 1.545454545454546
 3 1.606060606060606
 0 1.666666666666667
 1 1.727272727272728
 40 1.787878787878788
 2 1.848484848484849
 39 1.909090909090909
 7 1.96969696969697
 1 2.03030303030303
 0 2.090909090909091
 0 2.151515151515151
 2 2.212121212121212
 1 2.272727272727272
 1 2.333333333333334
 5 2.393939393939394
 0 2.454545454545455
 0 2.515151515151516
 0 2.575757575757576
 0 2.636363636363637
 0 2.696969696969697
 0 2.757575757575758
 0 2.818181818181818
 0 2.878787878787879
 0 2.939393939393939
 0 3


