# Created by Octave 3.8.2, Sat Jun 20 07:24:30 2020 CEST <damian@fptrucha.inv.usc.es>
# name: hd
# type: matrix
# rows: 100
# columns: 2
 0 -3
 0 -2.939393939393939
 0 -2.878787878787879
 0 -2.818181818181818
 0 -2.757575757575758
 0 -2.696969696969697
 0 -2.636363636363636
 3 -2.575757575757576
 0 -2.515151515151515
 5 -2.454545454545455
 0 -2.393939393939394
 2 -2.333333333333333
 2 -2.272727272727272
 0 -2.212121212121212
 0 -2.151515151515151
 3 -2.090909090909091
 5 -2.03030303030303
 30 -1.96969696969697
 41 -1.909090909090909
 1 -1.848484848484848
 0 -1.787878787878788
 0 -1.727272727272727
 3 -1.666666666666667
 123 -1.606060606060606
 26 -1.545454545454545
 88 -1.484848484848485
 29 -1.424242424242424
 108 -1.363636363636364
 24 -1.303030303030303
 17 -1.242424242424242
 671 -1.181818181818182
 21 -1.121212121212121
 683 -1.060606060606061
 11 -1
 587 -0.9393939393939394
 19 -0.8787878787878789
 618 -0.8181818181818183
 1160 -0.7575757575757573
 746 -0.6969696969696968
 1166 -0.6363636363636362
 745 -0.5757575757575757
 1099 -0.5151515151515151
 759 -0.4545454545454546
 979 -0.393939393939394
 4766 -0.333333333333333
 592 -0.2727272727272725
 3213 -0.2121212121212119
 10 -0.1515151515151514
 2941 -0.09090909090909083
 11 -0.03030303030303028
 2842 0.03030303030303028
 14 0.09090909090909083
 2524 0.1515151515151514
 1950 0.2121212121212124
 2483 0.2727272727272729
 1814 0.3333333333333335
 662 0.393939393939394
 913 0.4545454545454546
 728 0.5151515151515151
 892 0.5757575757575757
 618 0.6363636363636367
 806 0.6969696969696972
 605 0.7575757575757578
 19 0.8181818181818183
 551 0.8787878787878789
 19 0.9393939393939394
 561 1
 15 1.060606060606061
 476 1.121212121212121
 8 1.181818181818182
 27 1.242424242424242
 87 1.303030303030303
 18 1.363636363636363
 102 1.424242424242425
 20 1.484848484848485
 99 1.545454545454546
 4 1.606060606060606
 0 1.666666666666667
 2 1.727272727272728
 25 1.787878787878788
 1 1.848484848484849
 23 1.909090909090909
 1 1.96969696969697
 2 2.03030303030303
 0 2.090909090909091
 0 2.151515151515151
 2 2.212121212121212
 1 2.272727272727272
 1 2.333333333333334
 9 2.393939393939394
 0 2.454545454545455
 1 2.515151515151516
 0 2.575757575757576
 0 2.636363636363637
 0 2.696969696969697
 0 2.757575757575758
 0 2.818181818181818
 0 2.878787878787879
 0 2.939393939393939
 0 3


