# Created by Octave 3.8.2, Sat Jun 20 07:56:10 2020 CEST <damian@fptrucha.inv.usc.es>
# name: hd
# type: matrix
# rows: 100
# columns: 2
 0 -3
 0 -2.939393939393939
 0 -2.878787878787879
 0 -2.818181818181818
 0 -2.757575757575758
 0 -2.696969696969697
 0 -2.636363636363636
 0 -2.575757575757576
 0 -2.515151515151515
 10 -2.454545454545455
 0 -2.393939393939394
 1 -2.333333333333333
 1 -2.272727272727272
 0 -2.212121212121212
 0 -2.151515151515151
 0 -2.090909090909091
 3 -2.03030303030303
 25 -1.96969696969697
 38 -1.909090909090909
 0 -1.848484848484848
 1 -1.787878787878788
 0 -1.727272727272727
 2 -1.666666666666667
 122 -1.606060606060606
 17 -1.545454545454545
 104 -1.484848484848485
 40 -1.424242424242424
 112 -1.363636363636364
 33 -1.303030303030303
 17 -1.242424242424242
 658 -1.181818181818182
 15 -1.121212121212121
 655 -1.060606060606061
 12 -1
 572 -0.9393939393939394
 21 -0.8787878787878789
 504 -0.8181818181818183
 1296 -0.7575757575757573
 745 -0.6969696969696968
 1254 -0.6363636363636362
 770 -0.5757575757575757
 1046 -0.5151515151515151
 710 -0.4545454545454546
 981 -0.393939393939394
 4836 -0.333333333333333
 633 -0.2727272727272725
 3183 -0.2121212121212119
 7 -0.1515151515151514
 3056 -0.09090909090909083
 9 -0.03030303030303028
 2888 0.03030303030303028
 15 0.09090909090909083
 2453 0.1515151515151514
 1899 0.2121212121212124
 2561 0.2727272727272729
 1811 0.3333333333333335
 705 0.393939393939394
 994 0.4545454545454546
 706 0.5151515151515151
 937 0.5757575757575757
 644 0.6363636363636367
 795 0.6969696969696972
 570 0.7575757575757578
 17 0.8181818181818183
 554 0.8787878787878789
 14 0.9393939393939394
 532 1
 11 1.060606060606061
 510 1.121212121212121
 5 1.181818181818182
 26 1.242424242424242
 104 1.303030303030303
 23 1.363636363636363
 107 1.424242424242425
 38 1.484848484848485
 97 1.545454545454546
 1 1.606060606060606
 0 1.666666666666667
 3 1.727272727272728
 24 1.787878787878788
 5 1.848484848484849
 26 1.909090909090909
 7 1.96969696969697
 0 2.03030303030303
 0 2.090909090909091
 0 2.151515151515151
 0 2.212121212121212
 0 2.272727272727272
 1 2.333333333333334
 4 2.393939393939394
 1 2.454545454545455
 0 2.515151515151516
 0 2.575757575757576
 0 2.636363636363637
 0 2.696969696969697
 0 2.757575757575758
 0 2.818181818181818
 0 2.878787878787879
 0 2.939393939393939
 0 3


