# Created by Octave 3.8.2, Sat Jun 20 11:47:13 2020 CEST <damian@fptrucha.inv.usc.es>
# name: hd
# type: matrix
# rows: 100
# columns: 2
 0 -3
 0 -2.939393939393939
 0 -2.878787878787879
 0 -2.818181818181818
 0 -2.757575757575758
 0 -2.696969696969697
 0 -2.636363636363636
 2 -2.575757575757576
 0 -2.515151515151515
 2 -2.454545454545455
 0 -2.393939393939394
 0 -2.333333333333333
 2 -2.272727272727272
 0 -2.212121212121212
 0 -2.151515151515151
 4 -2.090909090909091
 0 -2.03030303030303
 29 -1.96969696969697
 35 -1.909090909090909
 0 -1.848484848484848
 1 -1.787878787878788
 0 -1.727272727272727
 2 -1.666666666666667
 78 -1.606060606060606
 20 -1.545454545454545
 98 -1.484848484848485
 19 -1.424242424242424
 99 -1.363636363636364
 16 -1.303030303030303
 10 -1.242424242424242
 559 -1.181818181818182
 16 -1.121212121212121
 569 -1.060606060606061
 15 -1
 459 -0.9393939393939394
 10 -0.8787878787878789
 467 -0.8181818181818183
 1046 -0.7575757575757573
 713 -0.6969696969696968
 1117 -0.6363636363636362
 692 -0.5757575757575757
 1019 -0.5151515151515151
 643 -0.4545454545454546
 887 -0.393939393939394
 4513 -0.333333333333333
 560 -0.2727272727272725
 3190 -0.2121212121212119
 9 -0.1515151515151514
 2822 -0.09090909090909083
 8 -0.03030303030303028
 2756 0.03030303030303028
 16 0.09090909090909083
 2382 0.1515151515151514
 1990 0.2121212121212124
 2355 0.2727272727272729
 1842 0.3333333333333335
 660 0.393939393939394
 1025 0.4545454545454546
 731 0.5151515151515151
 873 0.5757575757575757
 641 0.6363636363636367
 906 0.6969696969696972
 691 0.7575757575757578
 9 0.8181818181818183
 626 0.8787878787878789
 16 0.9393939393939394
 594 1
 16 1.060606060606061
 566 1.121212121212121
 9 1.181818181818182
 38 1.242424242424242
 114 1.303030303030303
 28 1.363636363636363
 117 1.424242424242425
 24 1.484848484848485
 114 1.545454545454546
 2 1.606060606060606
 0 1.666666666666667
 1 1.727272727272728
 39 1.787878787878788
 4 1.848484848484849
 40 1.909090909090909
 5 1.96969696969697
 0 2.03030303030303
 0 2.090909090909091
 0 2.151515151515151
 1 2.212121212121212
 1 2.272727272727272
 0 2.333333333333334
 17 2.393939393939394
 0 2.454545454545455
 1 2.515151515151516
 0 2.575757575757576
 0 2.636363636363637
 0 2.696969696969697
 0 2.757575757575758
 0 2.818181818181818
 0 2.878787878787879
 0 2.939393939393939
 0 3


