# Created by Octave 3.8.2, Sat Jun 20 02:05:41 2020 CEST <damian@fptrucha.inv.usc.es>
# name: hd
# type: matrix
# rows: 100
# columns: 2
 0 -3
 0 -2.939393939393939
 0 -2.878787878787879
 0 -2.818181818181818
 0 -2.757575757575758
 0 -2.696969696969697
 0 -2.636363636363636
 1 -2.575757575757576
 3 -2.515151515151515
 8 -2.454545454545455
 0 -2.393939393939394
 0 -2.333333333333333
 0 -2.272727272727272
 0 -2.212121212121212
 0 -2.151515151515151
 1 -2.090909090909091
 4 -2.03030303030303
 29 -1.96969696969697
 21 -1.909090909090909
 1 -1.848484848484848
 1 -1.787878787878788
 0 -1.727272727272727
 3 -1.666666666666667
 121 -1.606060606060606
 22 -1.545454545454545
 84 -1.484848484848485
 24 -1.424242424242424
 101 -1.363636363636364
 23 -1.303030303030303
 19 -1.242424242424242
 612 -1.181818181818182
 15 -1.121212121212121
 584 -1.060606060606061
 11 -1
 558 -0.9393939393939394
 11 -0.8787878787878789
 532 -0.8181818181818183
 1157 -0.7575757575757573
 737 -0.6969696969696968
 1134 -0.6363636363636362
 720 -0.5757575757575757
 965 -0.5151515151515151
 689 -0.4545454545454546
 956 -0.393939393939394
 4613 -0.333333333333333
 618 -0.2727272727272725
 3023 -0.2121212121212119
 12 -0.1515151515151514
 2856 -0.09090909090909083
 8 -0.03030303030303028
 2794 0.03030303030303028
 5 0.09090909090909083
 2408 0.1515151515151514
 1730 0.2121212121212124
 2458 0.2727272727272729
 1683 0.3333333333333335
 627 0.393939393939394
 883 0.4545454545454546
 651 0.5151515151515151
 801 0.5757575757575757
 569 0.6363636363636367
 821 0.6969696969696972
 550 0.7575757575757578
 25 0.8181818181818183
 515 0.8787878787878789
 7 0.9393939393939394
 464 1
 12 1.060606060606061
 444 1.121212121212121
 14 1.181818181818182
 18 1.242424242424242
 102 1.303030303030303
 27 1.363636363636363
 79 1.424242424242425
 25 1.484848484848485
 77 1.545454545454546
 0 1.606060606060606
 0 1.666666666666667
 0 1.727272727272728
 28 1.787878787878788
 3 1.848484848484849
 24 1.909090909090909
 3 1.96969696969697
 1 2.03030303030303
 0 2.090909090909091
 0 2.151515151515151
 1 2.212121212121212
 1 2.272727272727272
 0 2.333333333333334
 6 2.393939393939394
 0 2.454545454545455
 1 2.515151515151516
 0 2.575757575757576
 0 2.636363636363637
 0 2.696969696969697
 0 2.757575757575758
 0 2.818181818181818
 0 2.878787878787879
 0 2.939393939393939
 0 3


