# Created by Octave 3.8.2, Mon Jun 22 10:24:34 2020 CEST <damian@fptrucha.inv.usc.es>
# name: hd
# type: matrix
# rows: 100
# columns: 2
 0 -3
 0 -2.939393939393939
 0 -2.878787878787879
 0 -2.818181818181818
 0 -2.757575757575758
 0 -2.696969696969697
 0 -2.636363636363636
 1 -2.575757575757576
 0 -2.515151515151515
 13 -2.454545454545455
 4 -2.393939393939394
 1 -2.333333333333333
 2 -2.272727272727272
 0 -2.212121212121212
 0 -2.151515151515151
 3 -2.090909090909091
 3 -2.03030303030303
 21 -1.96969696969697
 31 -1.909090909090909
 1 -1.848484848484848
 1 -1.787878787878788
 0 -1.727272727272727
 2 -1.666666666666667
 107 -1.606060606060606
 27 -1.545454545454545
 98 -1.484848484848485
 30 -1.424242424242424
 87 -1.363636363636364
 18 -1.303030303030303
 12 -1.242424242424242
 519 -1.181818181818182
 15 -1.121212121212121
 541 -1.060606060606061
 19 -1
 518 -0.9393939393939394
 14 -0.8787878787878789
 512 -0.8181818181818183
 827 -0.7575757575757573
 558 -0.6969696969696968
 936 -0.6363636363636362
 638 -0.5757575757575757
 891 -0.5151515151515151
 614 -0.4545454545454546
 911 -0.393939393939394
 4003 -0.333333333333333
 568 -0.2727272727272725
 2612 -0.2121212121212119
 12 -0.1515151515151514
 2603 -0.09090909090909083
 14 -0.03030303030303028
 2528 0.03030303030303028
 21 0.09090909090909083
 2325 0.1515151515151514
 1507 0.2121212121212124
 2449 0.2727272727272729
 1555 0.3333333333333335
 698 0.393939393939394
 939 0.4545454545454546
 668 0.5151515151515151
 781 0.5757575757575757
 635 0.6363636363636367
 803 0.6969696969696972
 528 0.7575757575757578
 10 0.8181818181818183
 556 0.8787878787878789
 15 0.9393939393939394
 564 1
 19 1.060606060606061
 555 1.121212121212121
 13 1.181818181818182
 32 1.242424242424242
 101 1.303030303030303
 28 1.363636363636363
 109 1.424242424242425
 27 1.484848484848485
 101 1.545454545454546
 1 1.606060606060606
 0 1.666666666666667
 3 1.727272727272728
 29 1.787878787878788
 3 1.848484848484849
 35 1.909090909090909
 8 1.96969696969697
 1 2.03030303030303
 0 2.090909090909091
 0 2.151515151515151
 3 2.212121212121212
 1 2.272727272727272
 1 2.333333333333334
 11 2.393939393939394
 0 2.454545454545455
 2 2.515151515151516
 0 2.575757575757576
 0 2.636363636363637
 0 2.696969696969697
 0 2.757575757575758
 0 2.818181818181818
 0 2.878787878787879
 0 2.939393939393939
 0 3


