# Created by Octave 3.8.2, Mon Jun 22 09:48:38 2020 CEST <damian@fptrucha.inv.usc.es>
# name: hd
# type: matrix
# rows: 100
# columns: 2
 0 -3
 0 -2.939393939393939
 0 -2.878787878787879
 0 -2.818181818181818
 0 -2.757575757575758
 0 -2.696969696969697
 0 -2.636363636363636
 3 -2.575757575757576
 0 -2.515151515151515
 9 -2.454545454545455
 2 -2.393939393939394
 0 -2.333333333333333
 1 -2.272727272727272
 0 -2.212121212121212
 0 -2.151515151515151
 1 -2.090909090909091
 3 -2.03030303030303
 30 -1.96969696969697
 32 -1.909090909090909
 1 -1.848484848484848
 2 -1.787878787878788
 0 -1.727272727272727
 3 -1.666666666666667
 100 -1.606060606060606
 29 -1.545454545454545
 116 -1.484848484848485
 26 -1.424242424242424
 118 -1.363636363636364
 26 -1.303030303030303
 15 -1.242424242424242
 500 -1.181818181818182
 11 -1.121212121212121
 504 -1.060606060606061
 17 -1
 522 -0.9393939393939394
 18 -0.8787878787878789
 486 -0.8181818181818183
 859 -0.7575757575757573
 617 -0.6969696969696968
 892 -0.6363636363636362
 605 -0.5757575757575757
 857 -0.5151515151515151
 585 -0.4545454545454546
 847 -0.393939393939394
 3971 -0.333333333333333
 575 -0.2727272727272725
 2519 -0.2121212121212119
 16 -0.1515151515151514
 2677 -0.09090909090909083
 16 -0.03030303030303028
 2566 0.03030303030303028
 19 0.09090909090909083
 2266 0.1515151515151514
 1567 0.2121212121212124
 2271 0.2727272727272729
 1540 0.3333333333333335
 644 0.393939393939394
 943 0.4545454545454546
 663 0.5151515151515151
 762 0.5757575757575757
 634 0.6363636363636367
 835 0.6969696969696972
 531 0.7575757575757578
 7 0.8181818181818183
 599 0.8787878787878789
 25 0.9393939393939394
 543 1
 21 1.060606060606061
 492 1.121212121212121
 15 1.181818181818182
 34 1.242424242424242
 120 1.303030303030303
 20 1.363636363636363
 109 1.424242424242425
 19 1.484848484848485
 106 1.545454545454546
 2 1.606060606060606
 0 1.666666666666667
 1 1.727272727272728
 35 1.787878787878788
 5 1.848484848484849
 38 1.909090909090909
 7 1.96969696969697
 1 2.03030303030303
 0 2.090909090909091
 0 2.151515151515151
 2 2.212121212121212
 0 2.272727272727272
 0 2.333333333333334
 14 2.393939393939394
 1 2.454545454545455
 0 2.515151515151516
 0 2.575757575757576
 0 2.636363636363637
 0 2.696969696969697
 0 2.757575757575758
 0 2.818181818181818
 0 2.878787878787879
 0 2.939393939393939
 0 3


