# Created by Octave 3.8.2, Sun Jun 21 04:02:23 2020 CEST <damian@fptrucha.inv.usc.es>
# name: hd
# type: matrix
# rows: 100
# columns: 2
 0 -3
 0 -2.939393939393939
 0 -2.878787878787879
 0 -2.818181818181818
 0 -2.757575757575758
 0 -2.696969696969697
 0 -2.636363636363636
 2 -2.575757575757576
 0 -2.515151515151515
 4 -2.454545454545455
 1 -2.393939393939394
 0 -2.333333333333333
 0 -2.272727272727272
 0 -2.212121212121212
 0 -2.151515151515151
 1 -2.090909090909091
 1 -2.03030303030303
 17 -1.96969696969697
 25 -1.909090909090909
 2 -1.848484848484848
 0 -1.787878787878788
 0 -1.727272727272727
 1 -1.666666666666667
 85 -1.606060606060606
 16 -1.545454545454545
 84 -1.484848484848485
 29 -1.424242424242424
 91 -1.363636363636364
 17 -1.303030303030303
 14 -1.242424242424242
 539 -1.181818181818182
 11 -1.121212121212121
 532 -1.060606060606061
 12 -1
 433 -0.9393939393939394
 10 -0.8787878787878789
 410 -0.8181818181818183
 1009 -0.7575757575757573
 667 -0.6969696969696968
 1029 -0.6363636363636362
 621 -0.5757575757575757
 833 -0.5151515151515151
 597 -0.4545454545454546
 841 -0.393939393939394
 4126 -0.333333333333333
 558 -0.2727272727272725
 2870 -0.2121212121212119
 9 -0.1515151515151514
 2613 -0.09090909090909083
 9 -0.03030303030303028
 2501 0.03030303030303028
 17 0.09090909090909083
 2112 0.1515151515151514
 1730 0.2121212121212124
 2213 0.2727272727272729
 1666 0.3333333333333335
 604 0.393939393939394
 925 0.4545454545454546
 660 0.5151515151515151
 809 0.5757575757575757
 600 0.6363636363636367
 766 0.6969696969696972
 554 0.7575757575757578
 5 0.8181818181818183
 548 0.8787878787878789
 10 0.9393939393939394
 494 1
 10 1.060606060606061
 451 1.121212121212121
 13 1.181818181818182
 21 1.242424242424242
 80 1.303030303030303
 26 1.363636363636363
 72 1.424242424242425
 23 1.484848484848485
 74 1.545454545454546
 1 1.606060606060606
 0 1.666666666666667
 3 1.727272727272728
 20 1.787878787878788
 0 1.848484848484849
 28 1.909090909090909
 1 1.96969696969697
 0 2.03030303030303
 0 2.090909090909091
 0 2.151515151515151
 1 2.212121212121212
 0 2.272727272727272
 1 2.333333333333334
 7 2.393939393939394
 0 2.454545454545455
 1 2.515151515151516
 0 2.575757575757576
 0 2.636363636363637
 0 2.696969696969697
 0 2.757575757575758
 0 2.818181818181818
 0 2.878787878787879
 0 2.939393939393939
 0 3


