# Created by Octave 3.8.2, Tue Jun 23 00:41:23 2020 CEST <damian@fptrucha.inv.usc.es>
# name: hd
# type: matrix
# rows: 100
# columns: 2
 0 -3
 0 -2.939393939393939
 0 -2.878787878787879
 0 -2.818181818181818
 0 -2.757575757575758
 0 -2.696969696969697
 0 -2.636363636363636
 1 -2.575757575757576
 1 -2.515151515151515
 3 -2.454545454545455
 0 -2.393939393939394
 0 -2.333333333333333
 0 -2.272727272727272
 0 -2.212121212121212
 0 -2.151515151515151
 3 -2.090909090909091
 3 -2.03030303030303
 30 -1.96969696969697
 35 -1.909090909090909
 0 -1.848484848484848
 2 -1.787878787878788
 0 -1.727272727272727
 0 -1.666666666666667
 129 -1.606060606060606
 34 -1.545454545454545
 126 -1.484848484848485
 26 -1.424242424242424
 110 -1.363636363636364
 25 -1.303030303030303
 11 -1.242424242424242
 665 -1.181818181818182
 20 -1.121212121212121
 573 -1.060606060606061
 10 -1
 555 -0.9393939393939394
 22 -0.8787878787878789
 556 -0.8181818181818183
 1001 -0.7575757575757573
 701 -0.6969696969696968
 1111 -0.6363636363636362
 680 -0.5757575757575757
 1018 -0.5151515151515151
 615 -0.4545454545454546
 965 -0.393939393939394
 4475 -0.333333333333333
 609 -0.2727272727272725
 2917 -0.2121212121212119
 12 -0.1515151515151514
 2860 -0.09090909090909083
 11 -0.03030303030303028
 2687 0.03030303030303028
 21 0.09090909090909083
 2477 0.1515151515151514
 1712 0.2121212121212124
 2483 0.2727272727272729
 1606 0.3333333333333335
 628 0.393939393939394
 900 0.4545454545454546
 674 0.5151515151515151
 850 0.5757575757575757
 666 0.6363636363636367
 902 0.6969696969696972
 580 0.7575757575757578
 12 0.8181818181818183
 590 0.8787878787878789
 18 0.9393939393939394
 532 1
 24 1.060606060606061
 552 1.121212121212121
 13 1.181818181818182
 39 1.242424242424242
 105 1.303030303030303
 22 1.363636363636363
 103 1.424242424242425
 27 1.484848484848485
 108 1.545454545454546
 4 1.606060606060606
 0 1.666666666666667
 4 1.727272727272728
 33 1.787878787878788
 6 1.848484848484849
 30 1.909090909090909
 2 1.96969696969697
 1 2.03030303030303
 0 2.090909090909091
 0 2.151515151515151
 1 2.212121212121212
 0 2.272727272727272
 0 2.333333333333334
 6 2.393939393939394
 0 2.454545454545455
 1 2.515151515151516
 0 2.575757575757576
 0 2.636363636363637
 0 2.696969696969697
 0 2.757575757575758
 0 2.818181818181818
 0 2.878787878787879
 0 2.939393939393939
 0 3


