# Created by Octave 3.8.2, Tue Jun 23 00:42:35 2020 CEST <damian@fptrucha.inv.usc.es>
# name: hd
# type: matrix
# rows: 100
# columns: 2
 0 -3
 0 -2.939393939393939
 0 -2.878787878787879
 0 -2.818181818181818
 0 -2.757575757575758
 0 -2.696969696969697
 0 -2.636363636363636
 1 -2.575757575757576
 0 -2.515151515151515
 12 -2.454545454545455
 2 -2.393939393939394
 1 -2.333333333333333
 2 -2.272727272727272
 0 -2.212121212121212
 0 -2.151515151515151
 2 -2.090909090909091
 4 -2.03030303030303
 30 -1.96969696969697
 28 -1.909090909090909
 0 -1.848484848484848
 0 -1.787878787878788
 0 -1.727272727272727
 0 -1.666666666666667
 123 -1.606060606060606
 37 -1.545454545454545
 121 -1.484848484848485
 25 -1.424242424242424
 111 -1.363636363636364
 36 -1.303030303030303
 13 -1.242424242424242
 617 -1.181818181818182
 20 -1.121212121212121
 612 -1.060606060606061
 18 -1
 608 -0.9393939393939394
 21 -0.8787878787878789
 603 -0.8181818181818183
 1062 -0.7575757575757573
 697 -0.6969696969696968
 1089 -0.6363636363636362
 672 -0.5757575757575757
 1005 -0.5151515151515151
 655 -0.4545454545454546
 940 -0.393939393939394
 4541 -0.333333333333333
 651 -0.2727272727272725
 2909 -0.2121212121212119
 5 -0.1515151515151514
 2785 -0.09090909090909083
 10 -0.03030303030303028
 2662 0.03030303030303028
 16 0.09090909090909083
 2394 0.1515151515151514
 1702 0.2121212121212124
 2515 0.2727272727272729
 1674 0.3333333333333335
 678 0.393939393939394
 939 0.4545454545454546
 665 0.5151515151515151
 863 0.5757575757575757
 660 0.6363636363636367
 888 0.6969696969696972
 603 0.7575757575757578
 18 0.8181818181818183
 569 0.8787878787878789
 11 0.9393939393939394
 541 1
 11 1.060606060606061
 552 1.121212121212121
 12 1.181818181818182
 27 1.242424242424242
 132 1.303030303030303
 29 1.363636363636363
 121 1.424242424242425
 28 1.484848484848485
 112 1.545454545454546
 1 1.606060606060606
 0 1.666666666666667
 1 1.727272727272728
 36 1.787878787878788
 6 1.848484848484849
 37 1.909090909090909
 3 1.96969696969697
 3 2.03030303030303
 0 2.090909090909091
 0 2.151515151515151
 2 2.212121212121212
 0 2.272727272727272
 0 2.333333333333334
 11 2.393939393939394
 0 2.454545454545455
 0 2.515151515151516
 0 2.575757575757576
 0 2.636363636363637
 0 2.696969696969697
 0 2.757575757575758
 0 2.818181818181818
 0 2.878787878787879
 0 2.939393939393939
 0 3


