# Created by Octave 3.8.2, Mon Jun 22 08:04:26 2020 CEST <damian@fptrucha.inv.usc.es>
# name: hd
# type: matrix
# rows: 100
# columns: 2
 0 -3
 0 -2.939393939393939
 0 -2.878787878787879
 0 -2.818181818181818
 0 -2.757575757575758
 0 -2.696969696969697
 0 -2.636363636363636
 1 -2.575757575757576
 0 -2.515151515151515
 5 -2.454545454545455
 0 -2.393939393939394
 0 -2.333333333333333
 2 -2.272727272727272
 0 -2.212121212121212
 0 -2.151515151515151
 3 -2.090909090909091
 5 -2.03030303030303
 25 -1.96969696969697
 40 -1.909090909090909
 1 -1.848484848484848
 0 -1.787878787878788
 0 -1.727272727272727
 0 -1.666666666666667
 100 -1.606060606060606
 30 -1.545454545454545
 107 -1.484848484848485
 29 -1.424242424242424
 105 -1.363636363636364
 23 -1.303030303030303
 11 -1.242424242424242
 469 -1.181818181818182
 16 -1.121212121212121
 538 -1.060606060606061
 21 -1
 509 -0.9393939393939394
 27 -0.8787878787878789
 495 -0.8181818181818183
 911 -0.7575757575757573
 571 -0.6969696969696968
 962 -0.6363636363636362
 612 -0.5757575757575757
 882 -0.5151515151515151
 609 -0.4545454545454546
 894 -0.393939393939394
 4001 -0.333333333333333
 587 -0.2727272727272725
 2497 -0.2121212121212119
 9 -0.1515151515151514
 2557 -0.09090909090909083
 17 -0.03030303030303028
 2397 0.03030303030303028
 27 0.09090909090909083
 2224 0.1515151515151514
 1450 0.2121212121212124
 2225 0.2727272727272729
 1544 0.3333333333333335
 657 0.393939393939394
 903 0.4545454545454546
 668 0.5151515151515151
 762 0.5757575757575757
 642 0.6363636363636367
 838 0.6969696969696972
 521 0.7575757575757578
 11 0.8181818181818183
 514 0.8787878787878789
 18 0.9393939393939394
 528 1
 10 1.060606060606061
 488 1.121212121212121
 16 1.181818181818182
 26 1.242424242424242
 106 1.303030303030303
 25 1.363636363636363
 110 1.424242424242425
 28 1.484848484848485
 108 1.545454545454546
 4 1.606060606060606
 0 1.666666666666667
 2 1.727272727272728
 35 1.787878787878788
 8 1.848484848484849
 29 1.909090909090909
 6 1.96969696969697
 7 2.03030303030303
 0 2.090909090909091
 0 2.151515151515151
 2 2.212121212121212
 2 2.272727272727272
 0 2.333333333333334
 7 2.393939393939394
 1 2.454545454545455
 0 2.515151515151516
 0 2.575757575757576
 0 2.636363636363637
 0 2.696969696969697
 0 2.757575757575758
 0 2.818181818181818
 0 2.878787878787879
 0 2.939393939393939
 0 3


