# Created by Octave 3.8.2, Mon Jun 22 23:11:36 2020 CEST <damian@fptrucha.inv.usc.es>
# name: hd
# type: matrix
# rows: 100
# columns: 2
 0 -3
 0 -2.939393939393939
 0 -2.878787878787879
 0 -2.818181818181818
 0 -2.757575757575758
 0 -2.696969696969697
 0 -2.636363636363636
 0 -2.575757575757576
 0 -2.515151515151515
 5 -2.454545454545455
 0 -2.393939393939394
 1 -2.333333333333333
 1 -2.272727272727272
 0 -2.212121212121212
 0 -2.151515151515151
 1 -2.090909090909091
 2 -2.03030303030303
 26 -1.96969696969697
 25 -1.909090909090909
 2 -1.848484848484848
 3 -1.787878787878788
 0 -1.727272727272727
 2 -1.666666666666667
 84 -1.606060606060606
 15 -1.545454545454545
 104 -1.484848484848485
 31 -1.424242424242424
 86 -1.363636363636364
 22 -1.303030303030303
 11 -1.242424242424242
 427 -1.181818181818182
 10 -1.121212121212121
 488 -1.060606060606061
 12 -1
 396 -0.9393939393939394
 9 -0.8787878787878789
 415 -0.8181818181818183
 812 -0.7575757575757573
 530 -0.6969696969696968
 814 -0.6363636363636362
 565 -0.5757575757575757
 737 -0.5151515151515151
 520 -0.4545454545454546
 779 -0.393939393939394
 3428 -0.333333333333333
 511 -0.2727272727272725
 2238 -0.2121212121212119
 11 -0.1515151515151514
 2192 -0.09090909090909083
 5 -0.03030303030303028
 2110 0.03030303030303028
 16 0.09090909090909083
 1867 0.1515151515151514
 1299 0.2121212121212124
 1817 0.2727272727272729
 1328 0.3333333333333335
 552 0.393939393939394
 766 0.4545454545454546
 560 0.5151515151515151
 649 0.5757575757575757
 506 0.6363636363636367
 660 0.6969696969696972
 446 0.7575757575757578
 9 0.8181818181818183
 488 0.8787878787878789
 11 0.9393939393939394
 431 1
 9 1.060606060606061
 450 1.121212121212121
 9 1.181818181818182
 36 1.242424242424242
 109 1.303030303030303
 23 1.363636363636363
 98 1.424242424242425
 23 1.484848484848485
 98 1.545454545454546
 2 1.606060606060606
 0 1.666666666666667
 2 1.727272727272728
 28 1.787878787878788
 1 1.848484848484849
 30 1.909090909090909
 0 1.96969696969697
 2 2.03030303030303
 0 2.090909090909091
 0 2.151515151515151
 2 2.212121212121212
 0 2.272727272727272
 0 2.333333333333334
 3 2.393939393939394
 0 2.454545454545455
 1 2.515151515151516
 0 2.575757575757576
 0 2.636363636363637
 0 2.696969696969697
 0 2.757575757575758
 0 2.818181818181818
 0 2.878787878787879
 0 2.939393939393939
 0 3


