# Created by Octave 3.8.2, Sat Jun 20 05:49:20 2020 CEST <damian@fptrucha.inv.usc.es>
# name: hd
# type: matrix
# rows: 100
# columns: 2
 0 -3
 0 -2.939393939393939
 0 -2.878787878787879
 0 -2.818181818181818
 0 -2.757575757575758
 0 -2.696969696969697
 0 -2.636363636363636
 0 -2.575757575757576
 0 -2.515151515151515
 7 -2.454545454545455
 0 -2.393939393939394
 0 -2.333333333333333
 1 -2.272727272727272
 0 -2.212121212121212
 0 -2.151515151515151
 3 -2.090909090909091
 1 -2.03030303030303
 33 -1.96969696969697
 29 -1.909090909090909
 1 -1.848484848484848
 0 -1.787878787878788
 0 -1.727272727272727
 2 -1.666666666666667
 131 -1.606060606060606
 23 -1.545454545454545
 102 -1.484848484848485
 28 -1.424242424242424
 109 -1.363636363636364
 21 -1.303030303030303
 22 -1.242424242424242
 609 -1.181818181818182
 20 -1.121212121212121
 603 -1.060606060606061
 14 -1
 577 -0.9393939393939394
 20 -0.8787878787878789
 490 -0.8181818181818183
 1179 -0.7575757575757573
 789 -0.6969696969696968
 1167 -0.6363636363636362
 719 -0.5757575757575757
 1047 -0.5151515151515151
 694 -0.4545454545454546
 955 -0.393939393939394
 4719 -0.333333333333333
 657 -0.2727272727272725
 3174 -0.2121212121212119
 10 -0.1515151515151514
 2949 -0.09090909090909083
 7 -0.03030303030303028
 2684 0.03030303030303028
 7 0.09090909090909083
 2469 0.1515151515151514
 1882 0.2121212121212124
 2528 0.2727272727272729
 1802 0.3333333333333335
 708 0.393939393939394
 932 0.4545454545454546
 703 0.5151515151515151
 913 0.5757575757575757
 679 0.6363636363636367
 828 0.6969696969696972
 625 0.7575757575757578
 11 0.8181818181818183
 606 0.8787878787878789
 17 0.9393939393939394
 563 1
 13 1.060606060606061
 546 1.121212121212121
 6 1.181818181818182
 39 1.242424242424242
 116 1.303030303030303
 30 1.363636363636363
 112 1.424242424242425
 23 1.484848484848485
 97 1.545454545454546
 0 1.606060606060606
 0 1.666666666666667
 1 1.727272727272728
 28 1.787878787878788
 0 1.848484848484849
 29 1.909090909090909
 3 1.96969696969697
 4 2.03030303030303
 0 2.090909090909091
 0 2.151515151515151
 0 2.212121212121212
 0 2.272727272727272
 1 2.333333333333334
 8 2.393939393939394
 0 2.454545454545455
 1 2.515151515151516
 0 2.575757575757576
 0 2.636363636363637
 0 2.696969696969697
 0 2.757575757575758
 0 2.818181818181818
 0 2.878787878787879
 0 2.939393939393939
 0 3


