# Created by Octave 3.8.2, Mon Jun 22 00:54:53 2020 CEST <damian@fptrucha.inv.usc.es>
# name: hd
# type: matrix
# rows: 100
# columns: 2
 0 -3
 0 -2.939393939393939
 0 -2.878787878787879
 0 -2.818181818181818
 0 -2.757575757575758
 0 -2.696969696969697
 0 -2.636363636363636
 1 -2.575757575757576
 0 -2.515151515151515
 3 -2.454545454545455
 0 -2.393939393939394
 0 -2.333333333333333
 1 -2.272727272727272
 0 -2.212121212121212
 0 -2.151515151515151
 0 -2.090909090909091
 2 -2.03030303030303
 21 -1.96969696969697
 23 -1.909090909090909
 1 -1.848484848484848
 3 -1.787878787878788
 0 -1.727272727272727
 1 -1.666666666666667
 110 -1.606060606060606
 18 -1.545454545454545
 63 -1.484848484848485
 25 -1.424242424242424
 107 -1.363636363636364
 15 -1.303030303030303
 16 -1.242424242424242
 582 -1.181818181818182
 11 -1.121212121212121
 517 -1.060606060606061
 11 -1
 484 -0.9393939393939394
 9 -0.8787878787878789
 430 -0.8181818181818183
 959 -0.7575757575757573
 701 -0.6969696969696968
 1038 -0.6363636363636362
 628 -0.5757575757575757
 880 -0.5151515151515151
 599 -0.4545454545454546
 856 -0.393939393939394
 4298 -0.333333333333333
 529 -0.2727272727272725
 2980 -0.2121212121212119
 5 -0.1515151515151514
 2769 -0.09090909090909083
 9 -0.03030303030303028
 2598 0.03030303030303028
 10 0.09090909090909083
 2268 0.1515151515151514
 1778 0.2121212121212124
 2250 0.2727272727272729
 1792 0.3333333333333335
 692 0.393939393939394
 918 0.4545454545454546
 666 0.5151515151515151
 875 0.5757575757575757
 600 0.6363636363636367
 891 0.6969696969696972
 573 0.7575757575757578
 12 0.8181818181818183
 542 0.8787878787878789
 12 0.9393939393939394
 541 1
 7 1.060606060606061
 467 1.121212121212121
 5 1.181818181818182
 25 1.242424242424242
 102 1.303030303030303
 23 1.363636363636363
 112 1.424242424242425
 24 1.484848484848485
 112 1.545454545454546
 1 1.606060606060606
 0 1.666666666666667
 2 1.727272727272728
 29 1.787878787878788
 5 1.848484848484849
 33 1.909090909090909
 2 1.96969696969697
 2 2.03030303030303
 0 2.090909090909091
 0 2.151515151515151
 2 2.212121212121212
 1 2.272727272727272
 2 2.333333333333334
 2 2.393939393939394
 0 2.454545454545455
 0 2.515151515151516
 0 2.575757575757576
 0 2.636363636363637
 0 2.696969696969697
 0 2.757575757575758
 0 2.818181818181818
 0 2.878787878787879
 0 2.939393939393939
 0 3


