# Created by Octave 3.8.2, Mon Jun 22 12:02:33 2020 CEST <damian@fptrucha.inv.usc.es>
# name: hd
# type: matrix
# rows: 100
# columns: 2
 0 -3
 0 -2.939393939393939
 0 -2.878787878787879
 0 -2.818181818181818
 0 -2.757575757575758
 0 -2.696969696969697
 0 -2.636363636363636
 1 -2.575757575757576
 1 -2.515151515151515
 7 -2.454545454545455
 0 -2.393939393939394
 0 -2.333333333333333
 1 -2.272727272727272
 0 -2.212121212121212
 0 -2.151515151515151
 1 -2.090909090909091
 3 -2.03030303030303
 24 -1.96969696969697
 40 -1.909090909090909
 1 -1.848484848484848
 4 -1.787878787878788
 0 -1.727272727272727
 2 -1.666666666666667
 108 -1.606060606060606
 22 -1.545454545454545
 125 -1.484848484848485
 33 -1.424242424242424
 101 -1.363636363636364
 29 -1.303030303030303
 11 -1.242424242424242
 540 -1.181818181818182
 14 -1.121212121212121
 538 -1.060606060606061
 18 -1
 522 -0.9393939393939394
 20 -0.8787878787878789
 536 -0.8181818181818183
 898 -0.7575757575757573
 559 -0.6969696969696968
 971 -0.6363636363636362
 613 -0.5757575757575757
 882 -0.5151515151515151
 578 -0.4545454545454546
 968 -0.393939393939394
 4111 -0.333333333333333
 617 -0.2727272727272725
 2527 -0.2121212121212119
 15 -0.1515151515151514
 2551 -0.09090909090909083
 10 -0.03030303030303028
 2488 0.03030303030303028
 13 0.09090909090909083
 2262 0.1515151515151514
 1551 0.2121212121212124
 2337 0.2727272727272729
 1561 0.3333333333333335
 700 0.393939393939394
 939 0.4545454545454546
 683 0.5151515151515151
 817 0.5757575757575757
 669 0.6363636363636367
 798 0.6969696969696972
 530 0.7575757575757578
 13 0.8181818181818183
 582 0.8787878787878789
 19 0.9393939393939394
 552 1
 14 1.060606060606061
 563 1.121212121212121
 10 1.181818181818182
 42 1.242424242424242
 119 1.303030303030303
 28 1.363636363636363
 117 1.424242424242425
 30 1.484848484848485
 102 1.545454545454546
 4 1.606060606060606
 0 1.666666666666667
 0 1.727272727272728
 30 1.787878787878788
 4 1.848484848484849
 26 1.909090909090909
 7 1.96969696969697
 1 2.03030303030303
 0 2.090909090909091
 0 2.151515151515151
 2 2.212121212121212
 0 2.272727272727272
 1 2.333333333333334
 16 2.393939393939394
 1 2.454545454545455
 2 2.515151515151516
 0 2.575757575757576
 0 2.636363636363637
 0 2.696969696969697
 0 2.757575757575758
 0 2.818181818181818
 0 2.878787878787879
 0 2.939393939393939
 0 3


