# Created by Octave 3.8.2, Mon Jun 22 07:20:19 2020 CEST <damian@fptrucha.inv.usc.es>
# name: hd
# type: matrix
# rows: 100
# columns: 2
 0 -3
 0 -2.939393939393939
 0 -2.878787878787879
 0 -2.818181818181818
 0 -2.757575757575758
 0 -2.696969696969697
 0 -2.636363636363636
 0 -2.575757575757576
 1 -2.515151515151515
 8 -2.454545454545455
 0 -2.393939393939394
 1 -2.333333333333333
 0 -2.272727272727272
 0 -2.212121212121212
 0 -2.151515151515151
 0 -2.090909090909091
 7 -2.03030303030303
 21 -1.96969696969697
 39 -1.909090909090909
 1 -1.848484848484848
 4 -1.787878787878788
 0 -1.727272727272727
 3 -1.666666666666667
 97 -1.606060606060606
 26 -1.545454545454545
 106 -1.484848484848485
 46 -1.424242424242424
 89 -1.363636363636364
 22 -1.303030303030303
 13 -1.242424242424242
 489 -1.181818181818182
 15 -1.121212121212121
 474 -1.060606060606061
 17 -1
 523 -0.9393939393939394
 18 -0.8787878787878789
 493 -0.8181818181818183
 842 -0.7575757575757573
 540 -0.6969696969696968
 962 -0.6363636363636362
 576 -0.5757575757575757
 833 -0.5151515151515151
 623 -0.4545454545454546
 842 -0.393939393939394
 3840 -0.333333333333333
 549 -0.2727272727272725
 2437 -0.2121212121212119
 13 -0.1515151515151514
 2561 -0.09090909090909083
 16 -0.03030303030303028
 2385 0.03030303030303028
 27 0.09090909090909083
 2216 0.1515151515151514
 1515 0.2121212121212124
 2292 0.2727272727272729
 1432 0.3333333333333335
 629 0.393939393939394
 829 0.4545454545454546
 666 0.5151515151515151
 783 0.5757575757575757
 649 0.6363636363636367
 773 0.6969696969696972
 537 0.7575757575757578
 8 0.8181818181818183
 574 0.8787878787878789
 19 0.9393939393939394
 552 1
 23 1.060606060606061
 457 1.121212121212121
 9 1.181818181818182
 24 1.242424242424242
 95 1.303030303030303
 27 1.363636363636363
 96 1.424242424242425
 20 1.484848484848485
 97 1.545454545454546
 6 1.606060606060606
 0 1.666666666666667
 5 1.727272727272728
 43 1.787878787878788
 0 1.848484848484849
 30 1.909090909090909
 4 1.96969696969697
 1 2.03030303030303
 0 2.090909090909091
 0 2.151515151515151
 0 2.212121212121212
 1 2.272727272727272
 2 2.333333333333334
 7 2.393939393939394
 2 2.454545454545455
 1 2.515151515151516
 0 2.575757575757576
 0 2.636363636363637
 0 2.696969696969697
 0 2.757575757575758
 0 2.818181818181818
 0 2.878787878787879
 0 2.939393939393939
 0 3


