# Created by Octave 3.8.2, Mon Jun 22 04:21:53 2020 CEST <damian@fptrucha.inv.usc.es>
# name: hd
# type: matrix
# rows: 100
# columns: 2
 0 -3
 0 -2.939393939393939
 0 -2.878787878787879
 0 -2.818181818181818
 0 -2.757575757575758
 0 -2.696969696969697
 0 -2.636363636363636
 2 -2.575757575757576
 1 -2.515151515151515
 14 -2.454545454545455
 2 -2.393939393939394
 1 -2.333333333333333
 0 -2.272727272727272
 0 -2.212121212121212
 0 -2.151515151515151
 1 -2.090909090909091
 5 -2.03030303030303
 37 -1.96969696969697
 46 -1.909090909090909
 0 -1.848484848484848
 0 -1.787878787878788
 0 -1.727272727272727
 3 -1.666666666666667
 113 -1.606060606060606
 31 -1.545454545454545
 113 -1.484848484848485
 30 -1.424242424242424
 122 -1.363636363636364
 24 -1.303030303030303
 18 -1.242424242424242
 567 -1.181818181818182
 16 -1.121212121212121
 527 -1.060606060606061
 25 -1
 545 -0.9393939393939394
 19 -0.8787878787878789
 500 -0.8181818181818183
 865 -0.7575757575757573
 589 -0.6969696969696968
 848 -0.6363636363636362
 583 -0.5757575757575757
 786 -0.5151515151515151
 550 -0.4545454545454546
 833 -0.393939393939394
 3791 -0.333333333333333
 555 -0.2727272727272725
 2244 -0.2121212121212119
 16 -0.1515151515151514
 2348 -0.09090909090909083
 11 -0.03030303030303028
 2224 0.03030303030303028
 20 0.09090909090909083
 1990 0.1515151515151514
 1452 0.2121212121212124
 2090 0.2727272727272729
 1353 0.3333333333333335
 642 0.393939393939394
 885 0.4545454545454546
 570 0.5151515151515151
 674 0.5757575757575757
 544 0.6363636363636367
 747 0.6969696969696972
 461 0.7575757575757578
 8 0.8181818181818183
 531 0.8787878787878789
 18 0.9393939393939394
 529 1
 15 1.060606060606061
 481 1.121212121212121
 9 1.181818181818182
 35 1.242424242424242
 110 1.303030303030303
 28 1.363636363636363
 126 1.424242424242425
 31 1.484848484848485
 101 1.545454545454546
 2 1.606060606060606
 0 1.666666666666667
 3 1.727272727272728
 46 1.787878787878788
 4 1.848484848484849
 36 1.909090909090909
 0 1.96969696969697
 1 2.03030303030303
 0 2.090909090909091
 0 2.151515151515151
 3 2.212121212121212
 1 2.272727272727272
 1 2.333333333333334
 9 2.393939393939394
 0 2.454545454545455
 1 2.515151515151516
 0 2.575757575757576
 0 2.636363636363637
 0 2.696969696969697
 0 2.757575757575758
 0 2.818181818181818
 0 2.878787878787879
 0 2.939393939393939
 0 3


