# Created by Octave 3.8.2, Sat Jun 20 21:47:43 2020 CEST <damian@fptrucha.inv.usc.es>
# name: hd
# type: matrix
# rows: 100
# columns: 2
 0 -3
 0 -2.939393939393939
 0 -2.878787878787879
 0 -2.818181818181818
 0 -2.757575757575758
 0 -2.696969696969697
 0 -2.636363636363636
 0 -2.575757575757576
 2 -2.515151515151515
 3 -2.454545454545455
 0 -2.393939393939394
 0 -2.333333333333333
 1 -2.272727272727272
 0 -2.212121212121212
 0 -2.151515151515151
 0 -2.090909090909091
 2 -2.03030303030303
 16 -1.96969696969697
 26 -1.909090909090909
 1 -1.848484848484848
 2 -1.787878787878788
 0 -1.727272727272727
 0 -1.666666666666667
 99 -1.606060606060606
 28 -1.545454545454545
 91 -1.484848484848485
 21 -1.424242424242424
 78 -1.363636363636364
 15 -1.303030303030303
 5 -1.242424242424242
 522 -1.181818181818182
 16 -1.121212121212121
 483 -1.060606060606061
 11 -1
 428 -0.9393939393939394
 12 -0.8787878787878789
 418 -0.8181818181818183
 967 -0.7575757575757573
 639 -0.6969696969696968
 987 -0.6363636363636362
 594 -0.5757575757575757
 867 -0.5151515151515151
 550 -0.4545454545454546
 797 -0.393939393939394
 4170 -0.333333333333333
 526 -0.2727272727272725
 2853 -0.2121212121212119
 7 -0.1515151515151514
 2558 -0.09090909090909083
 9 -0.03030303030303028
 2531 0.03030303030303028
 9 0.09090909090909083
 2098 0.1515151515151514
 1728 0.2121212121212124
 2173 0.2727272727272729
 1653 0.3333333333333335
 674 0.393939393939394
 845 0.4545454545454546
 644 0.5151515151515151
 810 0.5757575757575757
 578 0.6363636363636367
 750 0.6969696969696972
 559 0.7575757575757578
 6 0.8181818181818183
 542 0.8787878787878789
 15 0.9393939393939394
 538 1
 14 1.060606060606061
 472 1.121212121212121
 8 1.181818181818182
 39 1.242424242424242
 96 1.303030303030303
 24 1.363636363636363
 103 1.424242424242425
 21 1.484848484848485
 101 1.545454545454546
 1 1.606060606060606
 0 1.666666666666667
 3 1.727272727272728
 43 1.787878787878788
 4 1.848484848484849
 19 1.909090909090909
 6 1.96969696969697
 3 2.03030303030303
 0 2.090909090909091
 0 2.151515151515151
 0 2.212121212121212
 0 2.272727272727272
 0 2.333333333333334
 11 2.393939393939394
 0 2.454545454545455
 1 2.515151515151516
 0 2.575757575757576
 0 2.636363636363637
 0 2.696969696969697
 0 2.757575757575758
 0 2.818181818181818
 0 2.878787878787879
 0 2.939393939393939
 0 3


