# Created by Octave 3.8.2, Sat Jun 20 21:39:59 2020 CEST <damian@fptrucha.inv.usc.es>
# name: hd
# type: matrix
# rows: 100
# columns: 2
 0 -3
 0 -2.939393939393939
 0 -2.878787878787879
 0 -2.818181818181818
 0 -2.757575757575758
 0 -2.696969696969697
 0 -2.636363636363636
 1 -2.575757575757576
 0 -2.515151515151515
 0 -2.454545454545455
 0 -2.393939393939394
 0 -2.333333333333333
 3 -2.272727272727272
 0 -2.212121212121212
 0 -2.151515151515151
 0 -2.090909090909091
 2 -2.03030303030303
 22 -1.96969696969697
 27 -1.909090909090909
 2 -1.848484848484848
 1 -1.787878787878788
 0 -1.727272727272727
 3 -1.666666666666667
 75 -1.606060606060606
 22 -1.545454545454545
 89 -1.484848484848485
 28 -1.424242424242424
 75 -1.363636363636364
 10 -1.303030303030303
 20 -1.242424242424242
 523 -1.181818181818182
 16 -1.121212121212121
 497 -1.060606060606061
 11 -1
 460 -0.9393939393939394
 8 -0.8787878787878789
 407 -0.8181818181818183
 931 -0.7575757575757573
 650 -0.6969696969696968
 965 -0.6363636363636362
 584 -0.5757575757575757
 859 -0.5151515151515151
 537 -0.4545454545454546
 801 -0.393939393939394
 4065 -0.333333333333333
 550 -0.2727272727272725
 2902 -0.2121212121212119
 7 -0.1515151515151514
 2569 -0.09090909090909083
 12 -0.03030303030303028
 2473 0.03030303030303028
 10 0.09090909090909083
 2251 0.1515151515151514
 1693 0.2121212121212124
 2174 0.2727272727272729
 1698 0.3333333333333335
 627 0.393939393939394
 915 0.4545454545454546
 652 0.5151515151515151
 798 0.5757575757575757
 578 0.6363636363636367
 748 0.6969696969696972
 564 0.7575757575757578
 17 0.8181818181818183
 591 0.8787878787878789
 13 0.9393939393939394
 547 1
 8 1.060606060606061
 485 1.121212121212121
 9 1.181818181818182
 26 1.242424242424242
 102 1.303030303030303
 25 1.363636363636363
 107 1.424242424242425
 32 1.484848484848485
 84 1.545454545454546
 0 1.606060606060606
 0 1.666666666666667
 4 1.727272727272728
 24 1.787878787878788
 3 1.848484848484849
 27 1.909090909090909
 5 1.96969696969697
 0 2.03030303030303
 0 2.090909090909091
 0 2.151515151515151
 0 2.212121212121212
 0 2.272727272727272
 0 2.333333333333334
 5 2.393939393939394
 1 2.454545454545455
 0 2.515151515151516
 0 2.575757575757576
 0 2.636363636363637
 0 2.696969696969697
 0 2.757575757575758
 0 2.818181818181818
 0 2.878787878787879
 0 2.939393939393939
 0 3


