# Created by Octave 3.8.2, Mon Jun 22 19:54:19 2020 CEST <damian@fptrucha.inv.usc.es>
# name: hd
# type: matrix
# rows: 100
# columns: 2
 0 -3
 0 -2.939393939393939
 0 -2.878787878787879
 0 -2.818181818181818
 0 -2.757575757575758
 0 -2.696969696969697
 0 -2.636363636363636
 2 -2.575757575757576
 0 -2.515151515151515
 6 -2.454545454545455
 0 -2.393939393939394
 0 -2.333333333333333
 1 -2.272727272727272
 0 -2.212121212121212
 0 -2.151515151515151
 2 -2.090909090909091
 4 -2.03030303030303
 32 -1.96969696969697
 33 -1.909090909090909
 1 -1.848484848484848
 3 -1.787878787878788
 0 -1.727272727272727
 2 -1.666666666666667
 116 -1.606060606060606
 30 -1.545454545454545
 115 -1.484848484848485
 28 -1.424242424242424
 137 -1.363636363636364
 27 -1.303030303030303
 13 -1.242424242424242
 590 -1.181818181818182
 13 -1.121212121212121
 625 -1.060606060606061
 24 -1
 563 -0.9393939393939394
 18 -0.8787878787878789
 575 -0.8181818181818183
 924 -0.7575757575757573
 692 -0.6969696969696968
 1070 -0.6363636363636362
 721 -0.5757575757575757
 1008 -0.5151515151515151
 632 -0.4545454545454546
 1020 -0.393939393939394
 4326 -0.333333333333333
 628 -0.2727272727272725
 2802 -0.2121212121212119
 18 -0.1515151515151514
 2775 -0.09090909090909083
 11 -0.03030303030303028
 2573 0.03030303030303028
 8 0.09090909090909083
 2441 0.1515151515151514
 1572 0.2121212121212124
 2409 0.2727272727272729
 1648 0.3333333333333335
 662 0.393939393939394
 976 0.4545454545454546
 654 0.5151515151515151
 793 0.5757575757575757
 631 0.6363636363636367
 839 0.6969696969696972
 505 0.7575757575757578
 20 0.8181818181818183
 561 0.8787878787878789
 12 0.9393939393939394
 553 1
 17 1.060606060606061
 558 1.121212121212121
 8 1.181818181818182
 36 1.242424242424242
 118 1.303030303030303
 30 1.363636363636363
 108 1.424242424242425
 26 1.484848484848485
 105 1.545454545454546
 0 1.606060606060606
 0 1.666666666666667
 2 1.727272727272728
 33 1.787878787878788
 7 1.848484848484849
 42 1.909090909090909
 4 1.96969696969697
 1 2.03030303030303
 0 2.090909090909091
 0 2.151515151515151
 1 2.212121212121212
 1 2.272727272727272
 1 2.333333333333334
 8 2.393939393939394
 0 2.454545454545455
 0 2.515151515151516
 0 2.575757575757576
 0 2.636363636363637
 0 2.696969696969697
 0 2.757575757575758
 0 2.818181818181818
 0 2.878787878787879
 0 2.939393939393939
 0 3


