# Created by Octave 3.8.2, Mon Jun 22 22:36:48 2020 CEST <damian@fptrucha.inv.usc.es>
# name: hd
# type: matrix
# rows: 100
# columns: 2
 0 -3
 0 -2.939393939393939
 0 -2.878787878787879
 0 -2.818181818181818
 0 -2.757575757575758
 0 -2.696969696969697
 0 -2.636363636363636
 1 -2.575757575757576
 2 -2.515151515151515
 6 -2.454545454545455
 2 -2.393939393939394
 2 -2.333333333333333
 1 -2.272727272727272
 0 -2.212121212121212
 0 -2.151515151515151
 1 -2.090909090909091
 10 -2.03030303030303
 44 -1.96969696969697
 34 -1.909090909090909
 1 -1.848484848484848
 1 -1.787878787878788
 0 -1.727272727272727
 4 -1.666666666666667
 129 -1.606060606060606
 36 -1.545454545454545
 103 -1.484848484848485
 30 -1.424242424242424
 121 -1.363636363636364
 19 -1.303030303030303
 16 -1.242424242424242
 620 -1.181818181818182
 28 -1.121212121212121
 541 -1.060606060606061
 18 -1
 571 -0.9393939393939394
 18 -0.8787878787878789
 580 -0.8181818181818183
 1030 -0.7575757575757573
 697 -0.6969696969696968
 1099 -0.6363636363636362
 696 -0.5757575757575757
 1007 -0.5151515151515151
 644 -0.4545454545454546
 1020 -0.393939393939394
 4431 -0.333333333333333
 678 -0.2727272727272725
 2835 -0.2121212121212119
 11 -0.1515151515151514
 2891 -0.09090909090909083
 12 -0.03030303030303028
 2703 0.03030303030303028
 12 0.09090909090909083
 2426 0.1515151515151514
 1704 0.2121212121212124
 2368 0.2727272727272729
 1690 0.3333333333333335
 670 0.393939393939394
 931 0.4545454545454546
 681 0.5151515151515151
 844 0.5757575757575757
 666 0.6363636363636367
 856 0.6969696969696972
 555 0.7575757575757578
 13 0.8181818181818183
 577 0.8787878787878789
 23 0.9393939393939394
 549 1
 12 1.060606060606061
 547 1.121212121212121
 13 1.181818181818182
 33 1.242424242424242
 129 1.303030303030303
 31 1.363636363636363
 105 1.424242424242425
 34 1.484848484848485
 113 1.545454545454546
 4 1.606060606060606
 0 1.666666666666667
 0 1.727272727272728
 41 1.787878787878788
 1 1.848484848484849
 34 1.909090909090909
 6 1.96969696969697
 0 2.03030303030303
 0 2.090909090909091
 0 2.151515151515151
 0 2.212121212121212
 0 2.272727272727272
 1 2.333333333333334
 10 2.393939393939394
 0 2.454545454545455
 2 2.515151515151516
 0 2.575757575757576
 0 2.636363636363637
 0 2.696969696969697
 0 2.757575757575758
 0 2.818181818181818
 0 2.878787878787879
 0 2.939393939393939
 0 3


