# Created by Octave 3.8.2, Mon Jun 22 10:17:36 2020 CEST <damian@fptrucha.inv.usc.es>
# name: hd
# type: matrix
# rows: 100
# columns: 2
 0 -3
 0 -2.939393939393939
 0 -2.878787878787879
 0 -2.818181818181818
 0 -2.757575757575758
 0 -2.696969696969697
 0 -2.636363636363636
 2 -2.575757575757576
 0 -2.515151515151515
 13 -2.454545454545455
 1 -2.393939393939394
 0 -2.333333333333333
 0 -2.272727272727272
 0 -2.212121212121212
 0 -2.151515151515151
 0 -2.090909090909091
 9 -2.03030303030303
 33 -1.96969696969697
 35 -1.909090909090909
 0 -1.848484848484848
 3 -1.787878787878788
 0 -1.727272727272727
 1 -1.666666666666667
 86 -1.606060606060606
 35 -1.545454545454545
 100 -1.484848484848485
 28 -1.424242424242424
 91 -1.363636363636364
 28 -1.303030303030303
 16 -1.242424242424242
 530 -1.181818181818182
 12 -1.121212121212121
 520 -1.060606060606061
 22 -1
 502 -0.9393939393939394
 20 -0.8787878787878789
 473 -0.8181818181818183
 887 -0.7575757575757573
 693 -0.6969696969696968
 902 -0.6363636363636362
 637 -0.5757575757575757
 958 -0.5151515151515151
 579 -0.4545454545454546
 895 -0.393939393939394
 4093 -0.333333333333333
 593 -0.2727272727272725
 2581 -0.2121212121212119
 11 -0.1515151515151514
 2659 -0.09090909090909083
 14 -0.03030303030303028
 2448 0.03030303030303028
 21 0.09090909090909083
 2259 0.1515151515151514
 1541 0.2121212121212124
 2318 0.2727272727272729
 1530 0.3333333333333335
 697 0.393939393939394
 913 0.4545454545454546
 669 0.5151515151515151
 768 0.5757575757575757
 631 0.6363636363636367
 799 0.6969696969696972
 553 0.7575757575757578
 5 0.8181818181818183
 543 0.8787878787878789
 12 0.9393939393939394
 511 1
 8 1.060606060606061
 525 1.121212121212121
 4 1.181818181818182
 28 1.242424242424242
 106 1.303030303030303
 26 1.363636363636363
 92 1.424242424242425
 38 1.484848484848485
 116 1.545454545454546
 3 1.606060606060606
 0 1.666666666666667
 2 1.727272727272728
 27 1.787878787878788
 3 1.848484848484849
 33 1.909090909090909
 5 1.96969696969697
 1 2.03030303030303
 0 2.090909090909091
 0 2.151515151515151
 0 2.212121212121212
 0 2.272727272727272
 0 2.333333333333334
 3 2.393939393939394
 1 2.454545454545455
 1 2.515151515151516
 0 2.575757575757576
 0 2.636363636363637
 0 2.696969696969697
 0 2.757575757575758
 0 2.818181818181818
 0 2.878787878787879
 0 2.939393939393939
 0 3


