# Created by Octave 3.8.2, Sat Jun 20 09:30:42 2020 CEST <damian@fptrucha.inv.usc.es>
# name: hd
# type: matrix
# rows: 100
# columns: 2
 0 -3
 0 -2.939393939393939
 0 -2.878787878787879
 0 -2.818181818181818
 0 -2.757575757575758
 0 -2.696969696969697
 0 -2.636363636363636
 1 -2.575757575757576
 0 -2.515151515151515
 4 -2.454545454545455
 0 -2.393939393939394
 1 -2.333333333333333
 0 -2.272727272727272
 0 -2.212121212121212
 0 -2.151515151515151
 0 -2.090909090909091
 6 -2.03030303030303
 29 -1.96969696969697
 30 -1.909090909090909
 1 -1.848484848484848
 2 -1.787878787878788
 0 -1.727272727272727
 2 -1.666666666666667
 89 -1.606060606060606
 23 -1.545454545454545
 93 -1.484848484848485
 31 -1.424242424242424
 102 -1.363636363636364
 21 -1.303030303030303
 18 -1.242424242424242
 599 -1.181818181818182
 18 -1.121212121212121
 574 -1.060606060606061
 20 -1
 539 -0.9393939393939394
 20 -0.8787878787878789
 484 -0.8181818181818183
 1118 -0.7575757575757573
 735 -0.6969696969696968
 1234 -0.6363636363636362
 709 -0.5757575757575757
 1021 -0.5151515151515151
 684 -0.4545454545454546
 1008 -0.393939393939394
 4768 -0.333333333333333
 602 -0.2727272727272725
 3178 -0.2121212121212119
 9 -0.1515151515151514
 3021 -0.09090909090909083
 13 -0.03030303030303028
 2921 0.03030303030303028
 11 0.09090909090909083
 2468 0.1515151515151514
 1995 0.2121212121212124
 2585 0.2727272727272729
 1921 0.3333333333333335
 757 0.393939393939394
 993 0.4545454545454546
 720 0.5151515151515151
 929 0.5757575757575757
 666 0.6363636363636367
 888 0.6969696969696972
 655 0.7575757575757578
 14 0.8181818181818183
 638 0.8787878787878789
 24 0.9393939393939394
 627 1
 7 1.060606060606061
 567 1.121212121212121
 8 1.181818181818182
 32 1.242424242424242
 134 1.303030303030303
 17 1.363636363636363
 119 1.424242424242425
 36 1.484848484848485
 109 1.545454545454546
 2 1.606060606060606
 0 1.666666666666667
 0 1.727272727272728
 32 1.787878787878788
 1 1.848484848484849
 30 1.909090909090909
 7 1.96969696969697
 2 2.03030303030303
 0 2.090909090909091
 0 2.151515151515151
 1 2.212121212121212
 0 2.272727272727272
 0 2.333333333333334
 15 2.393939393939394
 1 2.454545454545455
 1 2.515151515151516
 0 2.575757575757576
 0 2.636363636363637
 0 2.696969696969697
 0 2.757575757575758
 0 2.818181818181818
 0 2.878787878787879
 0 2.939393939393939
 0 3


