# Created by Octave 3.8.2, Sat Jun 20 04:01:42 2020 CEST <damian@fptrucha.inv.usc.es>
# name: hd
# type: matrix
# rows: 100
# columns: 2
 0 -3
 0 -2.939393939393939
 0 -2.878787878787879
 0 -2.818181818181818
 0 -2.757575757575758
 0 -2.696969696969697
 0 -2.636363636363636
 1 -2.575757575757576
 1 -2.515151515151515
 7 -2.454545454545455
 0 -2.393939393939394
 0 -2.333333333333333
 1 -2.272727272727272
 0 -2.212121212121212
 0 -2.151515151515151
 1 -2.090909090909091
 5 -2.03030303030303
 32 -1.96969696969697
 34 -1.909090909090909
 0 -1.848484848484848
 2 -1.787878787878788
 0 -1.727272727272727
 2 -1.666666666666667
 119 -1.606060606060606
 28 -1.545454545454545
 113 -1.484848484848485
 28 -1.424242424242424
 110 -1.363636363636364
 15 -1.303030303030303
 15 -1.242424242424242
 655 -1.181818181818182
 13 -1.121212121212121
 624 -1.060606060606061
 18 -1
 515 -0.9393939393939394
 15 -0.8787878787878789
 547 -0.8181818181818183
 1162 -0.7575757575757573
 754 -0.6969696969696968
 1250 -0.6363636363636362
 774 -0.5757575757575757
 1116 -0.5151515151515151
 663 -0.4545454545454546
 982 -0.393939393939394
 4814 -0.333333333333333
 644 -0.2727272727272725
 3270 -0.2121212121212119
 8 -0.1515151515151514
 2983 -0.09090909090909083
 10 -0.03030303030303028
 2935 0.03030303030303028
 10 0.09090909090909083
 2497 0.1515151515151514
 1895 0.2121212121212124
 2544 0.2727272727272729
 1776 0.3333333333333335
 638 0.393939393939394
 962 0.4545454545454546
 672 0.5151515151515151
 806 0.5757575757575757
 625 0.6363636363636367
 824 0.6969696969696972
 572 0.7575757575757578
 13 0.8181818181818183
 547 0.8787878787878789
 9 0.9393939393939394
 554 1
 13 1.060606060606061
 516 1.121212121212121
 6 1.181818181818182
 31 1.242424242424242
 106 1.303030303030303
 28 1.363636363636363
 101 1.424242424242425
 30 1.484848484848485
 112 1.545454545454546
 0 1.606060606060606
 0 1.666666666666667
 2 1.727272727272728
 28 1.787878787878788
 2 1.848484848484849
 24 1.909090909090909
 6 1.96969696969697
 3 2.03030303030303
 0 2.090909090909091
 0 2.151515151515151
 2 2.212121212121212
 0 2.272727272727272
 0 2.333333333333334
 4 2.393939393939394
 0 2.454545454545455
 0 2.515151515151516
 0 2.575757575757576
 0 2.636363636363637
 0 2.696969696969697
 0 2.757575757575758
 0 2.818181818181818
 0 2.878787878787879
 0 2.939393939393939
 0 3


