# Created by Octave 3.8.2, Mon Jun 22 04:55:41 2020 CEST <damian@fptrucha.inv.usc.es>
# name: hd
# type: matrix
# rows: 100
# columns: 2
 0 -3
 0 -2.939393939393939
 0 -2.878787878787879
 0 -2.818181818181818
 0 -2.757575757575758
 0 -2.696969696969697
 0 -2.636363636363636
 2 -2.575757575757576
 0 -2.515151515151515
 9 -2.454545454545455
 1 -2.393939393939394
 0 -2.333333333333333
 1 -2.272727272727272
 0 -2.212121212121212
 0 -2.151515151515151
 4 -2.090909090909091
 7 -2.03030303030303
 26 -1.96969696969697
 43 -1.909090909090909
 0 -1.848484848484848
 1 -1.787878787878788
 0 -1.727272727272727
 4 -1.666666666666667
 105 -1.606060606060606
 33 -1.545454545454545
 133 -1.484848484848485
 32 -1.424242424242424
 118 -1.363636363636364
 27 -1.303030303030303
 17 -1.242424242424242
 548 -1.181818181818182
 17 -1.121212121212121
 518 -1.060606060606061
 20 -1
 472 -0.9393939393939394
 13 -0.8787878787878789
 468 -0.8181818181818183
 933 -0.7575757575757573
 553 -0.6969696969696968
 860 -0.6363636363636362
 516 -0.5757575757575757
 780 -0.5151515151515151
 590 -0.4545454545454546
 842 -0.393939393939394
 3566 -0.333333333333333
 532 -0.2727272727272725
 2297 -0.2121212121212119
 12 -0.1515151515151514
 2333 -0.09090909090909083
 19 -0.03030303030303028
 2266 0.03030303030303028
 15 0.09090909090909083
 2009 0.1515151515151514
 1501 0.2121212121212124
 2005 0.2727272727272729
 1366 0.3333333333333335
 554 0.393939393939394
 823 0.4545454545454546
 573 0.5151515151515151
 694 0.5757575757575757
 577 0.6363636363636367
 744 0.6969696969696972
 487 0.7575757575757578
 12 0.8181818181818183
 515 0.8787878787878789
 12 0.9393939393939394
 477 1
 11 1.060606060606061
 429 1.121212121212121
 11 1.181818181818182
 36 1.242424242424242
 113 1.303030303030303
 29 1.363636363636363
 107 1.424242424242425
 36 1.484848484848485
 113 1.545454545454546
 2 1.606060606060606
 0 1.666666666666667
 2 1.727272727272728
 35 1.787878787878788
 10 1.848484848484849
 31 1.909090909090909
 1 1.96969696969697
 2 2.03030303030303
 0 2.090909090909091
 0 2.151515151515151
 1 2.212121212121212
 0 2.272727272727272
 0 2.333333333333334
 9 2.393939393939394
 0 2.454545454545455
 0 2.515151515151516
 0 2.575757575757576
 0 2.636363636363637
 0 2.696969696969697
 0 2.757575757575758
 0 2.818181818181818
 0 2.878787878787879
 0 2.939393939393939
 0 3


