# Created by Octave 3.8.2, Mon Jun 22 23:10:45 2020 CEST <damian@fptrucha.inv.usc.es>
# name: hd
# type: matrix
# rows: 100
# columns: 2
 0 -3
 0 -2.939393939393939
 0 -2.878787878787879
 0 -2.818181818181818
 0 -2.757575757575758
 0 -2.696969696969697
 0 -2.636363636363636
 2 -2.575757575757576
 0 -2.515151515151515
 11 -2.454545454545455
 1 -2.393939393939394
 1 -2.333333333333333
 0 -2.272727272727272
 0 -2.212121212121212
 0 -2.151515151515151
 1 -2.090909090909091
 7 -2.03030303030303
 45 -1.96969696969697
 40 -1.909090909090909
 2 -1.848484848484848
 2 -1.787878787878788
 0 -1.727272727272727
 2 -1.666666666666667
 103 -1.606060606060606
 30 -1.545454545454545
 111 -1.484848484848485
 31 -1.424242424242424
 104 -1.363636363636364
 29 -1.303030303030303
 15 -1.242424242424242
 594 -1.181818181818182
 13 -1.121212121212121
 587 -1.060606060606061
 22 -1
 588 -0.9393939393939394
 24 -0.8787878787878789
 562 -0.8181818181818183
 1001 -0.7575757575757573
 699 -0.6969696969696968
 1095 -0.6363636363636362
 669 -0.5757575757575757
 1002 -0.5151515151515151
 669 -0.4545454545454546
 998 -0.393939393939394
 4525 -0.333333333333333
 630 -0.2727272727272725
 2845 -0.2121212121212119
 16 -0.1515151515151514
 2805 -0.09090909090909083
 12 -0.03030303030303028
 2735 0.03030303030303028
 14 0.09090909090909083
 2377 0.1515151515151514
 1726 0.2121212121212124
 2487 0.2727272727272729
 1743 0.3333333333333335
 663 0.393939393939394
 970 0.4545454545454546
 629 0.5151515151515151
 795 0.5757575757575757
 730 0.6363636363636367
 865 0.6969696969696972
 562 0.7575757575757578
 12 0.8181818181818183
 557 0.8787878787878789
 13 0.9393939393939394
 622 1
 17 1.060606060606061
 568 1.121212121212121
 9 1.181818181818182
 34 1.242424242424242
 122 1.303030303030303
 33 1.363636363636363
 121 1.424242424242425
 31 1.484848484848485
 121 1.545454545454546
 1 1.606060606060606
 0 1.666666666666667
 2 1.727272727272728
 36 1.787878787878788
 3 1.848484848484849
 40 1.909090909090909
 6 1.96969696969697
 0 2.03030303030303
 0 2.090909090909091
 0 2.151515151515151
 3 2.212121212121212
 1 2.272727272727272
 1 2.333333333333334
 5 2.393939393939394
 0 2.454545454545455
 1 2.515151515151516
 0 2.575757575757576
 0 2.636363636363637
 0 2.696969696969697
 0 2.757575757575758
 0 2.818181818181818
 0 2.878787878787879
 0 2.939393939393939
 0 3


