# Created by Octave 3.8.2, Mon Jun 22 02:18:53 2020 CEST <damian@fptrucha.inv.usc.es>
# name: hd
# type: matrix
# rows: 100
# columns: 2
 0 -3
 0 -2.939393939393939
 0 -2.878787878787879
 0 -2.818181818181818
 0 -2.757575757575758
 0 -2.696969696969697
 0 -2.636363636363636
 1 -2.575757575757576
 0 -2.515151515151515
 8 -2.454545454545455
 1 -2.393939393939394
 0 -2.333333333333333
 0 -2.272727272727272
 0 -2.212121212121212
 0 -2.151515151515151
 3 -2.090909090909091
 2 -2.03030303030303
 32 -1.96969696969697
 41 -1.909090909090909
 2 -1.848484848484848
 0 -1.787878787878788
 0 -1.727272727272727
 2 -1.666666666666667
 114 -1.606060606060606
 28 -1.545454545454545
 87 -1.484848484848485
 27 -1.424242424242424
 119 -1.363636363636364
 31 -1.303030303030303
 19 -1.242424242424242
 533 -1.181818181818182
 17 -1.121212121212121
 490 -1.060606060606061
 14 -1
 486 -0.9393939393939394
 18 -0.8787878787878789
 471 -0.8181818181818183
 1006 -0.7575757575757573
 648 -0.6969696969696968
 934 -0.6363636363636362
 651 -0.5757575757575757
 843 -0.5151515151515151
 599 -0.4545454545454546
 833 -0.393939393939394
 4134 -0.333333333333333
 550 -0.2727272727272725
 2539 -0.2121212121212119
 11 -0.1515151515151514
 2608 -0.09090909090909083
 16 -0.03030303030303028
 2295 0.03030303030303028
 14 0.09090909090909083
 2078 0.1515151515151514
 1673 0.2121212121212124
 2171 0.2727272727272729
 1544 0.3333333333333335
 712 0.393939393939394
 850 0.4545454545454546
 661 0.5151515151515151
 760 0.5757575757575757
 632 0.6363636363636367
 808 0.6969696969696972
 550 0.7575757575757578
 6 0.8181818181818183
 531 0.8787878787878789
 16 0.9393939393939394
 506 1
 17 1.060606060606061
 509 1.121212121212121
 10 1.181818181818182
 23 1.242424242424242
 113 1.303030303030303
 28 1.363636363636363
 114 1.424242424242425
 22 1.484848484848485
 92 1.545454545454546
 0 1.606060606060606
 0 1.666666666666667
 1 1.727272727272728
 47 1.787878787878788
 8 1.848484848484849
 34 1.909090909090909
 4 1.96969696969697
 2 2.03030303030303
 0 2.090909090909091
 0 2.151515151515151
 1 2.212121212121212
 0 2.272727272727272
 0 2.333333333333334
 7 2.393939393939394
 1 2.454545454545455
 1 2.515151515151516
 0 2.575757575757576
 0 2.636363636363637
 0 2.696969696969697
 0 2.757575757575758
 0 2.818181818181818
 0 2.878787878787879
 0 2.939393939393939
 0 3


