# Created by Octave 3.8.2, Mon Jun 22 04:38:19 2020 CEST <damian@fptrucha.inv.usc.es>
# name: hd
# type: matrix
# rows: 100
# columns: 2
 0 -3
 0 -2.939393939393939
 0 -2.878787878787879
 0 -2.818181818181818
 0 -2.757575757575758
 0 -2.696969696969697
 0 -2.636363636363636
 0 -2.575757575757576
 1 -2.515151515151515
 7 -2.454545454545455
 0 -2.393939393939394
 3 -2.333333333333333
 0 -2.272727272727272
 0 -2.212121212121212
 0 -2.151515151515151
 1 -2.090909090909091
 1 -2.03030303030303
 45 -1.96969696969697
 36 -1.909090909090909
 1 -1.848484848484848
 2 -1.787878787878788
 0 -1.727272727272727
 1 -1.666666666666667
 107 -1.606060606060606
 22 -1.545454545454545
 138 -1.484848484848485
 36 -1.424242424242424
 125 -1.363636363636364
 34 -1.303030303030303
 14 -1.242424242424242
 519 -1.181818181818182
 17 -1.121212121212121
 520 -1.060606060606061
 20 -1
 511 -0.9393939393939394
 23 -0.8787878787878789
 447 -0.8181818181818183
 829 -0.7575757575757573
 578 -0.6969696969696968
 868 -0.6363636363636362
 529 -0.5757575757575757
 812 -0.5151515151515151
 566 -0.4545454545454546
 812 -0.393939393939394
 3643 -0.333333333333333
 488 -0.2727272727272725
 2276 -0.2121212121212119
 11 -0.1515151515151514
 2355 -0.09090909090909083
 14 -0.03030303030303028
 2242 0.03030303030303028
 24 0.09090909090909083
 1999 0.1515151515151514
 1496 0.2121212121212124
 2090 0.2727272727272729
 1377 0.3333333333333335
 566 0.393939393939394
 798 0.4545454545454546
 561 0.5151515151515151
 712 0.5757575757575757
 602 0.6363636363636367
 756 0.6969696969696972
 504 0.7575757575757578
 13 0.8181818181818183
 498 0.8787878787878789
 12 0.9393939393939394
 490 1
 17 1.060606060606061
 495 1.121212121212121
 13 1.181818181818182
 27 1.242424242424242
 119 1.303030303030303
 35 1.363636363636363
 122 1.424242424242425
 23 1.484848484848485
 119 1.545454545454546
 1 1.606060606060606
 0 1.666666666666667
 2 1.727272727272728
 29 1.787878787878788
 6 1.848484848484849
 44 1.909090909090909
 2 1.96969696969697
 0 2.03030303030303
 0 2.090909090909091
 0 2.151515151515151
 4 2.212121212121212
 2 2.272727272727272
 0 2.333333333333334
 6 2.393939393939394
 0 2.454545454545455
 2 2.515151515151516
 0 2.575757575757576
 0 2.636363636363637
 0 2.696969696969697
 0 2.757575757575758
 0 2.818181818181818
 0 2.878787878787879
 0 2.939393939393939
 0 3


