# Created by Octave 3.8.2, Mon Jun 22 10:30:57 2020 CEST <damian@fptrucha.inv.usc.es>
# name: hd
# type: matrix
# rows: 100
# columns: 2
 0 -3
 0 -2.939393939393939
 0 -2.878787878787879
 0 -2.818181818181818
 0 -2.757575757575758
 0 -2.696969696969697
 0 -2.636363636363636
 0 -2.575757575757576
 1 -2.515151515151515
 5 -2.454545454545455
 3 -2.393939393939394
 1 -2.333333333333333
 1 -2.272727272727272
 0 -2.212121212121212
 0 -2.151515151515151
 1 -2.090909090909091
 3 -2.03030303030303
 21 -1.96969696969697
 31 -1.909090909090909
 0 -1.848484848484848
 1 -1.787878787878788
 0 -1.727272727272727
 3 -1.666666666666667
 101 -1.606060606060606
 23 -1.545454545454545
 117 -1.484848484848485
 20 -1.424242424242424
 111 -1.363636363636364
 32 -1.303030303030303
 12 -1.242424242424242
 522 -1.181818181818182
 18 -1.121212121212121
 524 -1.060606060606061
 14 -1
 503 -0.9393939393939394
 14 -0.8787878787878789
 502 -0.8181818181818183
 803 -0.7575757575757573
 613 -0.6969696969696968
 910 -0.6363636363636362
 631 -0.5757575757575757
 854 -0.5151515151515151
 595 -0.4545454545454546
 877 -0.393939393939394
 4057 -0.333333333333333
 575 -0.2727272727272725
 2578 -0.2121212121212119
 11 -0.1515151515151514
 2548 -0.09090909090909083
 15 -0.03030303030303028
 2433 0.03030303030303028
 16 0.09090909090909083
 2311 0.1515151515151514
 1553 0.2121212121212124
 2309 0.2727272727272729
 1565 0.3333333333333335
 695 0.393939393939394
 900 0.4545454545454546
 667 0.5151515151515151
 774 0.5757575757575757
 597 0.6363636363636367
 847 0.6969696969696972
 537 0.7575757575757578
 10 0.8181818181818183
 558 0.8787878787878789
 18 0.9393939393939394
 521 1
 12 1.060606060606061
 493 1.121212121212121
 14 1.181818181818182
 31 1.242424242424242
 107 1.303030303030303
 32 1.363636363636363
 107 1.424242424242425
 33 1.484848484848485
 108 1.545454545454546
 4 1.606060606060606
 0 1.666666666666667
 1 1.727272727272728
 31 1.787878787878788
 5 1.848484848484849
 36 1.909090909090909
 5 1.96969696969697
 3 2.03030303030303
 0 2.090909090909091
 0 2.151515151515151
 3 2.212121212121212
 0 2.272727272727272
 1 2.333333333333334
 7 2.393939393939394
 0 2.454545454545455
 1 2.515151515151516
 0 2.575757575757576
 0 2.636363636363637
 0 2.696969696969697
 0 2.757575757575758
 0 2.818181818181818
 0 2.878787878787879
 0 2.939393939393939
 0 3


