# Created by Octave 3.8.2, Sun Jun 21 07:25:31 2020 CEST <damian@fptrucha.inv.usc.es>
# name: hd
# type: matrix
# rows: 100
# columns: 2
 0 -3
 0 -2.939393939393939
 0 -2.878787878787879
 0 -2.818181818181818
 0 -2.757575757575758
 0 -2.696969696969697
 0 -2.636363636363636
 2 -2.575757575757576
 1 -2.515151515151515
 4 -2.454545454545455
 0 -2.393939393939394
 0 -2.333333333333333
 0 -2.272727272727272
 0 -2.212121212121212
 0 -2.151515151515151
 0 -2.090909090909091
 3 -2.03030303030303
 29 -1.96969696969697
 25 -1.909090909090909
 2 -1.848484848484848
 0 -1.787878787878788
 0 -1.727272727272727
 1 -1.666666666666667
 80 -1.606060606060606
 20 -1.545454545454545
 88 -1.484848484848485
 17 -1.424242424242424
 78 -1.363636363636364
 14 -1.303030303030303
 12 -1.242424242424242
 527 -1.181818181818182
 7 -1.121212121212121
 537 -1.060606060606061
 15 -1
 414 -0.9393939393939394
 22 -0.8787878787878789
 420 -0.8181818181818183
 908 -0.7575757575757573
 617 -0.6969696969696968
 980 -0.6363636363636362
 628 -0.5757575757575757
 846 -0.5151515151515151
 531 -0.4545454545454546
 808 -0.393939393939394
 4066 -0.333333333333333
 537 -0.2727272727272725
 2858 -0.2121212121212119
 7 -0.1515151515151514
 2587 -0.09090909090909083
 7 -0.03030303030303028
 2369 0.03030303030303028
 6 0.09090909090909083
 2153 0.1515151515151514
 1751 0.2121212121212124
 2054 0.2727272727272729
 1593 0.3333333333333335
 593 0.393939393939394
 920 0.4545454545454546
 637 0.5151515151515151
 760 0.5757575757575757
 584 0.6363636363636367
 749 0.6969696969696972
 523 0.7575757575757578
 11 0.8181818181818183
 490 0.8787878787878789
 11 0.9393939393939394
 492 1
 8 1.060606060606061
 498 1.121212121212121
 12 1.181818181818182
 28 1.242424242424242
 89 1.303030303030303
 26 1.363636363636363
 102 1.424242424242425
 28 1.484848484848485
 73 1.545454545454546
 0 1.606060606060606
 0 1.666666666666667
 2 1.727272727272728
 30 1.787878787878788
 3 1.848484848484849
 27 1.909090909090909
 3 1.96969696969697
 0 2.03030303030303
 0 2.090909090909091
 0 2.151515151515151
 2 2.212121212121212
 0 2.272727272727272
 0 2.333333333333334
 5 2.393939393939394
 0 2.454545454545455
 0 2.515151515151516
 0 2.575757575757576
 0 2.636363636363637
 0 2.696969696969697
 0 2.757575757575758
 0 2.818181818181818
 0 2.878787878787879
 0 2.939393939393939
 0 3


