# Created by Octave 3.8.2, Sat Jun 20 17:48:32 2020 CEST <damian@fptrucha.inv.usc.es>
# name: hd
# type: matrix
# rows: 100
# columns: 2
 0 -3
 0 -2.939393939393939
 0 -2.878787878787879
 0 -2.818181818181818
 0 -2.757575757575758
 0 -2.696969696969697
 0 -2.636363636363636
 1 -2.575757575757576
 0 -2.515151515151515
 9 -2.454545454545455
 1 -2.393939393939394
 1 -2.333333333333333
 2 -2.272727272727272
 0 -2.212121212121212
 0 -2.151515151515151
 2 -2.090909090909091
 4 -2.03030303030303
 21 -1.96969696969697
 30 -1.909090909090909
 2 -1.848484848484848
 0 -1.787878787878788
 0 -1.727272727272727
 1 -1.666666666666667
 89 -1.606060606060606
 17 -1.545454545454545
 104 -1.484848484848485
 17 -1.424242424242424
 76 -1.363636363636364
 17 -1.303030303030303
 7 -1.242424242424242
 514 -1.181818181818182
 19 -1.121212121212121
 491 -1.060606060606061
 6 -1
 456 -0.9393939393939394
 14 -0.8787878787878789
 464 -0.8181818181818183
 961 -0.7575757575757573
 676 -0.6969696969696968
 1038 -0.6363636363636362
 636 -0.5757575757575757
 886 -0.5151515151515151
 618 -0.4545454545454546
 859 -0.393939393939394
 4253 -0.333333333333333
 524 -0.2727272727272725
 2981 -0.2121212121212119
 6 -0.1515151515151514
 2650 -0.09090909090909083
 10 -0.03030303030303028
 2543 0.03030303030303028
 13 0.09090909090909083
 2172 0.1515151515151514
 1701 0.2121212121212124
 2159 0.2727272727272729
 1713 0.3333333333333335
 621 0.393939393939394
 861 0.4545454545454546
 712 0.5151515151515151
 883 0.5757575757575757
 577 0.6363636363636367
 826 0.6969696969696972
 592 0.7575757575757578
 11 0.8181818181818183
 569 0.8787878787878789
 11 0.9393939393939394
 535 1
 8 1.060606060606061
 521 1.121212121212121
 15 1.181818181818182
 23 1.242424242424242
 102 1.303030303030303
 22 1.363636363636363
 104 1.424242424242425
 29 1.484848484848485
 81 1.545454545454546
 0 1.606060606060606
 0 1.666666666666667
 0 1.727272727272728
 28 1.787878787878788
 1 1.848484848484849
 34 1.909090909090909
 3 1.96969696969697
 2 2.03030303030303
 0 2.090909090909091
 0 2.151515151515151
 2 2.212121212121212
 0 2.272727272727272
 2 2.333333333333334
 7 2.393939393939394
 0 2.454545454545455
 0 2.515151515151516
 0 2.575757575757576
 0 2.636363636363637
 0 2.696969696969697
 0 2.757575757575758
 0 2.818181818181818
 0 2.878787878787879
 0 2.939393939393939
 0 3


