# Created by Octave 3.8.2, Sat Jun 20 22:52:41 2020 CEST <damian@fptrucha.inv.usc.es>
# name: hd
# type: matrix
# rows: 100
# columns: 2
 0 -3
 0 -2.939393939393939
 0 -2.878787878787879
 0 -2.818181818181818
 0 -2.757575757575758
 0 -2.696969696969697
 0 -2.636363636363636
 1 -2.575757575757576
 1 -2.515151515151515
 5 -2.454545454545455
 0 -2.393939393939394
 0 -2.333333333333333
 1 -2.272727272727272
 0 -2.212121212121212
 0 -2.151515151515151
 0 -2.090909090909091
 4 -2.03030303030303
 22 -1.96969696969697
 26 -1.909090909090909
 4 -1.848484848484848
 0 -1.787878787878788
 0 -1.727272727272727
 2 -1.666666666666667
 66 -1.606060606060606
 23 -1.545454545454545
 82 -1.484848484848485
 24 -1.424242424242424
 80 -1.363636363636364
 18 -1.303030303030303
 11 -1.242424242424242
 537 -1.181818181818182
 9 -1.121212121212121
 489 -1.060606060606061
 11 -1
 447 -0.9393939393939394
 15 -0.8787878787878789
 443 -0.8181818181818183
 1008 -0.7575757575757573
 644 -0.6969696969696968
 992 -0.6363636363636362
 591 -0.5757575757575757
 842 -0.5151515151515151
 534 -0.4545454545454546
 792 -0.393939393939394
 4201 -0.333333333333333
 502 -0.2727272727272725
 2799 -0.2121212121212119
 9 -0.1515151515151514
 2572 -0.09090909090909083
 11 -0.03030303030303028
 2460 0.03030303030303028
 4 0.09090909090909083
 2137 0.1515151515151514
 1761 0.2121212121212124
 2177 0.2727272727272729
 1622 0.3333333333333335
 612 0.393939393939394
 906 0.4545454545454546
 684 0.5151515151515151
 805 0.5757575757575757
 578 0.6363636363636367
 742 0.6969696969696972
 608 0.7575757575757578
 6 0.8181818181818183
 530 0.8787878787878789
 8 0.9393939393939394
 500 1
 13 1.060606060606061
 472 1.121212121212121
 10 1.181818181818182
 28 1.242424242424242
 102 1.303030303030303
 24 1.363636363636363
 84 1.424242424242425
 28 1.484848484848485
 97 1.545454545454546
 1 1.606060606060606
 0 1.666666666666667
 4 1.727272727272728
 22 1.787878787878788
 3 1.848484848484849
 24 1.909090909090909
 8 1.96969696969697
 2 2.03030303030303
 0 2.090909090909091
 0 2.151515151515151
 0 2.212121212121212
 0 2.272727272727272
 1 2.333333333333334
 6 2.393939393939394
 0 2.454545454545455
 2 2.515151515151516
 0 2.575757575757576
 0 2.636363636363637
 0 2.696969696969697
 0 2.757575757575758
 0 2.818181818181818
 0 2.878787878787879
 0 2.939393939393939
 0 3


