# Created by Octave 3.8.2, Sat Jun 20 08:51:16 2020 CEST <damian@fptrucha.inv.usc.es>
# name: hd
# type: matrix
# rows: 100
# columns: 2
 0 -3
 0 -2.939393939393939
 0 -2.878787878787879
 0 -2.818181818181818
 0 -2.757575757575758
 0 -2.696969696969697
 0 -2.636363636363636
 1 -2.575757575757576
 0 -2.515151515151515
 4 -2.454545454545455
 0 -2.393939393939394
 0 -2.333333333333333
 0 -2.272727272727272
 0 -2.212121212121212
 0 -2.151515151515151
 0 -2.090909090909091
 4 -2.03030303030303
 22 -1.96969696969697
 28 -1.909090909090909
 0 -1.848484848484848
 0 -1.787878787878788
 0 -1.727272727272727
 2 -1.666666666666667
 110 -1.606060606060606
 27 -1.545454545454545
 115 -1.484848484848485
 20 -1.424242424242424
 106 -1.363636363636364
 14 -1.303030303030303
 10 -1.242424242424242
 617 -1.181818181818182
 15 -1.121212121212121
 619 -1.060606060606061
 13 -1
 561 -0.9393939393939394
 23 -0.8787878787878789
 517 -0.8181818181818183
 1141 -0.7575757575757573
 754 -0.6969696969696968
 1101 -0.6363636363636362
 691 -0.5757575757575757
 1013 -0.5151515151515151
 677 -0.4545454545454546
 999 -0.393939393939394
 4829 -0.333333333333333
 611 -0.2727272727272725
 3140 -0.2121212121212119
 12 -0.1515151515151514
 3004 -0.09090909090909083
 9 -0.03030303030303028
 2809 0.03030303030303028
 10 0.09090909090909083
 2575 0.1515151515151514
 2028 0.2121212121212124
 2486 0.2727272727272729
 1885 0.3333333333333335
 752 0.393939393939394
 1044 0.4545454545454546
 709 0.5151515151515151
 942 0.5757575757575757
 669 0.6363636363636367
 930 0.6969696969696972
 669 0.7575757575757578
 16 0.8181818181818183
 640 0.8787878787878789
 16 0.9393939393939394
 631 1
 15 1.060606060606061
 538 1.121212121212121
 11 1.181818181818182
 31 1.242424242424242
 116 1.303030303030303
 31 1.363636363636363
 128 1.424242424242425
 38 1.484848484848485
 116 1.545454545454546
 2 1.606060606060606
 0 1.666666666666667
 1 1.727272727272728
 36 1.787878787878788
 8 1.848484848484849
 38 1.909090909090909
 3 1.96969696969697
 0 2.03030303030303
 0 2.090909090909091
 0 2.151515151515151
 3 2.212121212121212
 1 2.272727272727272
 2 2.333333333333334
 7 2.393939393939394
 0 2.454545454545455
 0 2.515151515151516
 0 2.575757575757576
 0 2.636363636363637
 0 2.696969696969697
 0 2.757575757575758
 0 2.818181818181818
 0 2.878787878787879
 0 2.939393939393939
 0 3


