# Created by Octave 3.8.2, Sat Jun 20 15:30:20 2020 CEST <damian@fptrucha.inv.usc.es>
# name: hd
# type: matrix
# rows: 100
# columns: 2
 0 -3
 0 -2.939393939393939
 0 -2.878787878787879
 0 -2.818181818181818
 0 -2.757575757575758
 0 -2.696969696969697
 0 -2.636363636363636
 1 -2.575757575757576
 0 -2.515151515151515
 4 -2.454545454545455
 0 -2.393939393939394
 1 -2.333333333333333
 0 -2.272727272727272
 0 -2.212121212121212
 0 -2.151515151515151
 3 -2.090909090909091
 3 -2.03030303030303
 29 -1.96969696969697
 21 -1.909090909090909
 1 -1.848484848484848
 1 -1.787878787878788
 0 -1.727272727272727
 1 -1.666666666666667
 95 -1.606060606060606
 21 -1.545454545454545
 81 -1.484848484848485
 26 -1.424242424242424
 72 -1.363636363636364
 13 -1.303030303030303
 17 -1.242424242424242
 553 -1.181818181818182
 9 -1.121212121212121
 511 -1.060606060606061
 11 -1
 423 -0.9393939393939394
 12 -0.8787878787878789
 432 -0.8181818181818183
 994 -0.7575757575757573
 728 -0.6969696969696968
 1020 -0.6363636363636362
 696 -0.5757575757575757
 899 -0.5151515151515151
 595 -0.4545454545454546
 828 -0.393939393939394
 4393 -0.333333333333333
 564 -0.2727272727272725
 3030 -0.2121212121212119
 10 -0.1515151515151514
 2696 -0.09090909090909083
 7 -0.03030303030303028
 2699 0.03030303030303028
 12 0.09090909090909083
 2272 0.1515151515151514
 1809 0.2121212121212124
 2339 0.2727272727272729
 1704 0.3333333333333335
 643 0.393939393939394
 887 0.4545454545454546
 670 0.5151515151515151
 828 0.5757575757575757
 570 0.6363636363636367
 848 0.6969696969696972
 563 0.7575757575757578
 5 0.8181818181818183
 541 0.8787878787878789
 12 0.9393939393939394
 559 1
 15 1.060606060606061
 544 1.121212121212121
 7 1.181818181818182
 48 1.242424242424242
 113 1.303030303030303
 30 1.363636363636363
 110 1.424242424242425
 34 1.484848484848485
 87 1.545454545454546
 0 1.606060606060606
 0 1.666666666666667
 5 1.727272727272728
 27 1.787878787878788
 3 1.848484848484849
 24 1.909090909090909
 6 1.96969696969697
 1 2.03030303030303
 0 2.090909090909091
 0 2.151515151515151
 0 2.212121212121212
 0 2.272727272727272
 0 2.333333333333334
 9 2.393939393939394
 0 2.454545454545455
 0 2.515151515151516
 0 2.575757575757576
 0 2.636363636363637
 0 2.696969696969697
 0 2.757575757575758
 0 2.818181818181818
 0 2.878787878787879
 0 2.939393939393939
 0 3


