# Created by Octave 3.8.2, Sun Jun 21 01:39:58 2020 CEST <damian@fptrucha.inv.usc.es>
# name: hd
# type: matrix
# rows: 100
# columns: 2
 0 -3
 0 -2.939393939393939
 0 -2.878787878787879
 0 -2.818181818181818
 0 -2.757575757575758
 0 -2.696969696969697
 0 -2.636363636363636
 0 -2.575757575757576
 1 -2.515151515151515
 4 -2.454545454545455
 0 -2.393939393939394
 0 -2.333333333333333
 0 -2.272727272727272
 0 -2.212121212121212
 0 -2.151515151515151
 2 -2.090909090909091
 2 -2.03030303030303
 24 -1.96969696969697
 26 -1.909090909090909
 2 -1.848484848484848
 1 -1.787878787878788
 0 -1.727272727272727
 2 -1.666666666666667
 118 -1.606060606060606
 20 -1.545454545454545
 101 -1.484848484848485
 21 -1.424242424242424
 77 -1.363636363636364
 11 -1.303030303030303
 15 -1.242424242424242
 496 -1.181818181818182
 17 -1.121212121212121
 476 -1.060606060606061
 11 -1
 437 -0.9393939393939394
 17 -0.8787878787878789
 440 -0.8181818181818183
 983 -0.7575757575757573
 633 -0.6969696969696968
 1038 -0.6363636363636362
 621 -0.5757575757575757
 874 -0.5151515151515151
 482 -0.4545454545454546
 821 -0.393939393939394
 4091 -0.333333333333333
 512 -0.2727272727272725
 2884 -0.2121212121212119
 9 -0.1515151515151514
 2608 -0.09090909090909083
 12 -0.03030303030303028
 2470 0.03030303030303028
 9 0.09090909090909083
 2199 0.1515151515151514
 1641 0.2121212121212124
 2189 0.2727272727272729
 1603 0.3333333333333335
 630 0.393939393939394
 858 0.4545454545454546
 607 0.5151515151515151
 761 0.5757575757575757
 563 0.6363636363636367
 736 0.6969696969696972
 554 0.7575757575757578
 9 0.8181818181818183
 518 0.8787878787878789
 8 0.9393939393939394
 454 1
 8 1.060606060606061
 483 1.121212121212121
 9 1.181818181818182
 16 1.242424242424242
 79 1.303030303030303
 26 1.363636363636363
 85 1.424242424242425
 24 1.484848484848485
 74 1.545454545454546
 1 1.606060606060606
 0 1.666666666666667
 0 1.727272727272728
 20 1.787878787878788
 3 1.848484848484849
 17 1.909090909090909
 1 1.96969696969697
 2 2.03030303030303
 0 2.090909090909091
 0 2.151515151515151
 0 2.212121212121212
 1 2.272727272727272
 1 2.333333333333334
 3 2.393939393939394
 1 2.454545454545455
 1 2.515151515151516
 0 2.575757575757576
 0 2.636363636363637
 0 2.696969696969697
 0 2.757575757575758
 0 2.818181818181818
 0 2.878787878787879
 0 2.939393939393939
 0 3


