# Created by Octave 3.8.2, Sat Jun 20 05:14:36 2020 CEST <damian@fptrucha.inv.usc.es>
# name: hd
# type: matrix
# rows: 100
# columns: 2
 0 -3
 0 -2.939393939393939
 0 -2.878787878787879
 0 -2.818181818181818
 0 -2.757575757575758
 0 -2.696969696969697
 0 -2.636363636363636
 2 -2.575757575757576
 0 -2.515151515151515
 4 -2.454545454545455
 1 -2.393939393939394
 0 -2.333333333333333
 0 -2.272727272727272
 0 -2.212121212121212
 0 -2.151515151515151
 1 -2.090909090909091
 0 -2.03030303030303
 28 -1.96969696969697
 32 -1.909090909090909
 1 -1.848484848484848
 1 -1.787878787878788
 0 -1.727272727272727
 1 -1.666666666666667
 109 -1.606060606060606
 24 -1.545454545454545
 106 -1.484848484848485
 23 -1.424242424242424
 108 -1.363636363636364
 12 -1.303030303030303
 12 -1.242424242424242
 614 -1.181818181818182
 16 -1.121212121212121
 568 -1.060606060606061
 20 -1
 531 -0.9393939393939394
 11 -0.8787878787878789
 493 -0.8181818181818183
 1117 -0.7575757575757573
 731 -0.6969696969696968
 1179 -0.6363636363636362
 687 -0.5757575757575757
 988 -0.5151515151515151
 670 -0.4545454545454546
 965 -0.393939393939394
 4623 -0.333333333333333
 604 -0.2727272727272725
 3225 -0.2121212121212119
 10 -0.1515151515151514
 2959 -0.09090909090909083
 15 -0.03030303030303028
 2705 0.03030303030303028
 11 0.09090909090909083
 2423 0.1515151515151514
 1923 0.2121212121212124
 2406 0.2727272727272729
 1700 0.3333333333333335
 633 0.393939393939394
 915 0.4545454545454546
 615 0.5151515151515151
 942 0.5757575757575757
 672 0.6363636363636367
 802 0.6969696969696972
 584 0.7575757575757578
 13 0.8181818181818183
 590 0.8787878787878789
 13 0.9393939393939394
 562 1
 8 1.060606060606061
 486 1.121212121212121
 10 1.181818181818182
 36 1.242424242424242
 104 1.303030303030303
 25 1.363636363636363
 97 1.424242424242425
 35 1.484848484848485
 118 1.545454545454546
 1 1.606060606060606
 0 1.666666666666667
 0 1.727272727272728
 32 1.787878787878788
 4 1.848484848484849
 26 1.909090909090909
 4 1.96969696969697
 0 2.03030303030303
 0 2.090909090909091
 0 2.151515151515151
 1 2.212121212121212
 0 2.272727272727272
 1 2.333333333333334
 6 2.393939393939394
 0 2.454545454545455
 0 2.515151515151516
 0 2.575757575757576
 0 2.636363636363637
 0 2.696969696969697
 0 2.757575757575758
 0 2.818181818181818
 0 2.878787878787879
 0 2.939393939393939
 0 3


