# Created by Octave 3.8.2, Mon Jun 22 01:58:49 2020 CEST <damian@fptrucha.inv.usc.es>
# name: hd
# type: matrix
# rows: 100
# columns: 2
 0 -3
 0 -2.939393939393939
 0 -2.878787878787879
 0 -2.818181818181818
 0 -2.757575757575758
 0 -2.696969696969697
 0 -2.636363636363636
 2 -2.575757575757576
 0 -2.515151515151515
 4 -2.454545454545455
 1 -2.393939393939394
 0 -2.333333333333333
 0 -2.272727272727272
 0 -2.212121212121212
 0 -2.151515151515151
 0 -2.090909090909091
 3 -2.03030303030303
 30 -1.96969696969697
 35 -1.909090909090909
 0 -1.848484848484848
 1 -1.787878787878788
 0 -1.727272727272727
 2 -1.666666666666667
 99 -1.606060606060606
 26 -1.545454545454545
 91 -1.484848484848485
 21 -1.424242424242424
 104 -1.363636363636364
 22 -1.303030303030303
 23 -1.242424242424242
 536 -1.181818181818182
 11 -1.121212121212121
 490 -1.060606060606061
 18 -1
 481 -0.9393939393939394
 17 -0.8787878787878789
 484 -0.8181818181818183
 1007 -0.7575757575757573
 677 -0.6969696969696968
 1035 -0.6363636363636362
 663 -0.5757575757575757
 864 -0.5151515151515151
 604 -0.4545454545454546
 810 -0.393939393939394
 4250 -0.333333333333333
 555 -0.2727272727272725
 2719 -0.2121212121212119
 13 -0.1515151515151514
 2582 -0.09090909090909083
 10 -0.03030303030303028
 2420 0.03030303030303028
 16 0.09090909090909083
 2210 0.1515151515151514
 1735 0.2121212121212124
 2171 0.2727272727272729
 1637 0.3333333333333335
 663 0.393939393939394
 993 0.4545454545454546
 693 0.5151515151515151
 779 0.5757575757575757
 626 0.6363636363636367
 824 0.6969696969696972
 585 0.7575757575757578
 11 0.8181818181818183
 563 0.8787878787878789
 15 0.9393939393939394
 526 1
 19 1.060606060606061
 513 1.121212121212121
 9 1.181818181818182
 24 1.242424242424242
 131 1.303030303030303
 28 1.363636363636363
 111 1.424242424242425
 24 1.484848484848485
 111 1.545454545454546
 1 1.606060606060606
 0 1.666666666666667
 2 1.727272727272728
 41 1.787878787878788
 2 1.848484848484849
 39 1.909090909090909
 3 1.96969696969697
 0 2.03030303030303
 0 2.090909090909091
 0 2.151515151515151
 1 2.212121212121212
 0 2.272727272727272
 0 2.333333333333334
 8 2.393939393939394
 1 2.454545454545455
 2 2.515151515151516
 0 2.575757575757576
 0 2.636363636363637
 0 2.696969696969697
 0 2.757575757575758
 0 2.818181818181818
 0 2.878787878787879
 0 2.939393939393939
 0 3


