# Created by Octave 3.8.2, Sat Jun 20 13:42:34 2020 CEST <damian@fptrucha.inv.usc.es>
# name: hd
# type: matrix
# rows: 100
# columns: 2
 0 -3
 0 -2.939393939393939
 0 -2.878787878787879
 0 -2.818181818181818
 0 -2.757575757575758
 0 -2.696969696969697
 0 -2.636363636363636
 1 -2.575757575757576
 0 -2.515151515151515
 9 -2.454545454545455
 0 -2.393939393939394
 0 -2.333333333333333
 2 -2.272727272727272
 0 -2.212121212121212
 0 -2.151515151515151
 0 -2.090909090909091
 1 -2.03030303030303
 13 -1.96969696969697
 26 -1.909090909090909
 2 -1.848484848484848
 1 -1.787878787878788
 0 -1.727272727272727
 2 -1.666666666666667
 69 -1.606060606060606
 19 -1.545454545454545
 54 -1.484848484848485
 12 -1.424242424242424
 65 -1.363636363636364
 13 -1.303030303030303
 10 -1.242424242424242
 418 -1.181818181818182
 8 -1.121212121212121
 349 -1.060606060606061
 8 -1
 329 -0.9393939393939394
 7 -0.8787878787878789
 322 -0.8181818181818183
 677 -0.7575757575757573
 443 -0.6969696969696968
 699 -0.6363636363636362
 461 -0.5757575757575757
 581 -0.5151515151515151
 371 -0.4545454545454546
 604 -0.393939393939394
 2916 -0.333333333333333
 346 -0.2727272727272725
 1968 -0.2121212121212119
 4 -0.1515151515151514
 1791 -0.09090909090909083
 5 -0.03030303030303028
 1715 0.03030303030303028
 8 0.09090909090909083
 1573 0.1515151515151514
 1284 0.2121212121212124
 1619 0.2727272727272729
 1210 0.3333333333333335
 454 0.393939393939394
 642 0.4545454545454546
 497 0.5151515151515151
 548 0.5757575757575757
 422 0.6363636363636367
 531 0.6969696969696972
 419 0.7575757575757578
 10 0.8181818181818183
 389 0.8787878787878789
 7 0.9393939393939394
 365 1
 8 1.060606060606061
 352 1.121212121212121
 5 1.181818181818182
 26 1.242424242424242
 70 1.303030303030303
 20 1.363636363636363
 77 1.424242424242425
 22 1.484848484848485
 67 1.545454545454546
 1 1.606060606060606
 0 1.666666666666667
 0 1.727272727272728
 20 1.787878787878788
 1 1.848484848484849
 18 1.909090909090909
 3 1.96969696969697
 0 2.03030303030303
 0 2.090909090909091
 0 2.151515151515151
 1 2.212121212121212
 1 2.272727272727272
 0 2.333333333333334
 3 2.393939393939394
 0 2.454545454545455
 1 2.515151515151516
 0 2.575757575757576
 0 2.636363636363637
 0 2.696969696969697
 0 2.757575757575758
 0 2.818181818181818
 0 2.878787878787879
 0 2.939393939393939
 0 3


