# Created by Octave 3.8.2, Mon Jun 22 05:51:29 2020 CEST <damian@fptrucha.inv.usc.es>
# name: hd
# type: matrix
# rows: 100
# columns: 2
 0 -3
 0 -2.939393939393939
 0 -2.878787878787879
 0 -2.818181818181818
 0 -2.757575757575758
 0 -2.696969696969697
 0 -2.636363636363636
 0 -2.575757575757576
 1 -2.515151515151515
 5 -2.454545454545455
 0 -2.393939393939394
 1 -2.333333333333333
 1 -2.272727272727272
 0 -2.212121212121212
 0 -2.151515151515151
 1 -2.090909090909091
 3 -2.03030303030303
 33 -1.96969696969697
 38 -1.909090909090909
 0 -1.848484848484848
 1 -1.787878787878788
 0 -1.727272727272727
 2 -1.666666666666667
 100 -1.606060606060606
 27 -1.545454545454545
 107 -1.484848484848485
 33 -1.424242424242424
 108 -1.363636363636364
 33 -1.303030303030303
 14 -1.242424242424242
 515 -1.181818181818182
 11 -1.121212121212121
 548 -1.060606060606061
 21 -1
 487 -0.9393939393939394
 25 -0.8787878787878789
 502 -0.8181818181818183
 786 -0.7575757575757573
 625 -0.6969696969696968
 874 -0.6363636363636362
 645 -0.5757575757575757
 870 -0.5151515151515151
 587 -0.4545454545454546
 873 -0.393939393939394
 3805 -0.333333333333333
 551 -0.2727272727272725
 2354 -0.2121212121212119
 10 -0.1515151515151514
 2523 -0.09090909090909083
 15 -0.03030303030303028
 2372 0.03030303030303028
 25 0.09090909090909083
 2106 0.1515151515151514
 1458 0.2121212121212124
 2202 0.2727272727272729
 1383 0.3333333333333335
 577 0.393939393939394
 871 0.4545454545454546
 615 0.5151515151515151
 751 0.5757575757575757
 611 0.6363636363636367
 816 0.6969696969696972
 506 0.7575757575757578
 17 0.8181818181818183
 545 0.8787878787878789
 11 0.9393939393939394
 496 1
 21 1.060606060606061
 449 1.121212121212121
 15 1.181818181818182
 26 1.242424242424242
 99 1.303030303030303
 31 1.363636363636363
 97 1.424242424242425
 26 1.484848484848485
 87 1.545454545454546
 4 1.606060606060606
 0 1.666666666666667
 1 1.727272727272728
 25 1.787878787878788
 4 1.848484848484849
 24 1.909090909090909
 4 1.96969696969697
 2 2.03030303030303
 0 2.090909090909091
 0 2.151515151515151
 3 2.212121212121212
 3 2.272727272727272
 2 2.333333333333334
 7 2.393939393939394
 2 2.454545454545455
 0 2.515151515151516
 0 2.575757575757576
 0 2.636363636363637
 0 2.696969696969697
 0 2.757575757575758
 0 2.818181818181818
 0 2.878787878787879
 0 2.939393939393939
 0 3


