# Created by Octave 3.8.2, Sat Jun 20 18:43:47 2020 CEST <damian@fptrucha.inv.usc.es>
# name: hd
# type: matrix
# rows: 100
# columns: 2
 0 -3
 0 -2.939393939393939
 0 -2.878787878787879
 0 -2.818181818181818
 0 -2.757575757575758
 0 -2.696969696969697
 0 -2.636363636363636
 3 -2.575757575757576
 0 -2.515151515151515
 4 -2.454545454545455
 1 -2.393939393939394
 1 -2.333333333333333
 1 -2.272727272727272
 0 -2.212121212121212
 0 -2.151515151515151
 3 -2.090909090909091
 2 -2.03030303030303
 12 -1.96969696969697
 32 -1.909090909090909
 1 -1.848484848484848
 1 -1.787878787878788
 0 -1.727272727272727
 1 -1.666666666666667
 109 -1.606060606060606
 26 -1.545454545454545
 77 -1.484848484848485
 19 -1.424242424242424
 77 -1.363636363636364
 24 -1.303030303030303
 9 -1.242424242424242
 542 -1.181818181818182
 16 -1.121212121212121
 485 -1.060606060606061
 13 -1
 415 -0.9393939393939394
 16 -0.8787878787878789
 462 -0.8181818181818183
 965 -0.7575757575757573
 667 -0.6969696969696968
 1059 -0.6363636363636362
 665 -0.5757575757575757
 847 -0.5151515151515151
 559 -0.4545454545454546
 817 -0.393939393939394
 4098 -0.333333333333333
 531 -0.2727272727272725
 2894 -0.2121212121212119
 13 -0.1515151515151514
 2657 -0.09090909090909083
 10 -0.03030303030303028
 2539 0.03030303030303028
 14 0.09090909090909083
 2184 0.1515151515151514
 1732 0.2121212121212124
 2230 0.2727272727272729
 1676 0.3333333333333335
 657 0.393939393939394
 915 0.4545454545454546
 623 0.5151515151515151
 860 0.5757575757575757
 577 0.6363636363636367
 787 0.6969696969696972
 627 0.7575757575757578
 9 0.8181818181818183
 557 0.8787878787878789
 18 0.9393939393939394
 513 1
 16 1.060606060606061
 476 1.121212121212121
 11 1.181818181818182
 38 1.242424242424242
 97 1.303030303030303
 32 1.363636363636363
 108 1.424242424242425
 30 1.484848484848485
 87 1.545454545454546
 1 1.606060606060606
 0 1.666666666666667
 1 1.727272727272728
 23 1.787878787878788
 0 1.848484848484849
 27 1.909090909090909
 4 1.96969696969697
 1 2.03030303030303
 0 2.090909090909091
 0 2.151515151515151
 2 2.212121212121212
 0 2.272727272727272
 1 2.333333333333334
 5 2.393939393939394
 0 2.454545454545455
 1 2.515151515151516
 0 2.575757575757576
 0 2.636363636363637
 0 2.696969696969697
 0 2.757575757575758
 0 2.818181818181818
 0 2.878787878787879
 0 2.939393939393939
 0 3


