# Created by Octave 3.8.2, Mon Jun 22 12:04:40 2020 CEST <damian@fptrucha.inv.usc.es>
# name: hd
# type: matrix
# rows: 100
# columns: 2
 0 -3
 0 -2.939393939393939
 0 -2.878787878787879
 0 -2.818181818181818
 0 -2.757575757575758
 0 -2.696969696969697
 0 -2.636363636363636
 0 -2.575757575757576
 4 -2.515151515151515
 7 -2.454545454545455
 0 -2.393939393939394
 0 -2.333333333333333
 1 -2.272727272727272
 0 -2.212121212121212
 0 -2.151515151515151
 2 -2.090909090909091
 3 -2.03030303030303
 29 -1.96969696969697
 34 -1.909090909090909
 1 -1.848484848484848
 0 -1.787878787878788
 0 -1.727272727272727
 1 -1.666666666666667
 95 -1.606060606060606
 20 -1.545454545454545
 104 -1.484848484848485
 22 -1.424242424242424
 105 -1.363636363636364
 27 -1.303030303030303
 9 -1.242424242424242
 503 -1.181818181818182
 15 -1.121212121212121
 500 -1.060606060606061
 17 -1
 497 -0.9393939393939394
 18 -0.8787878787878789
 480 -0.8181818181818183
 863 -0.7575757575757573
 631 -0.6969696969696968
 1017 -0.6363636363636362
 618 -0.5757575757575757
 911 -0.5151515151515151
 573 -0.4545454545454546
 905 -0.393939393939394
 4090 -0.333333333333333
 590 -0.2727272727272725
 2479 -0.2121212121212119
 11 -0.1515151515151514
 2677 -0.09090909090909083
 18 -0.03030303030303028
 2486 0.03030303030303028
 15 0.09090909090909083
 2220 0.1515151515151514
 1559 0.2121212121212124
 2292 0.2727272727272729
 1604 0.3333333333333335
 652 0.393939393939394
 897 0.4545454545454546
 660 0.5151515151515151
 864 0.5757575757575757
 701 0.6363636363636367
 840 0.6969696969696972
 571 0.7575757575757578
 17 0.8181818181818183
 570 0.8787878787878789
 19 0.9393939393939394
 556 1
 12 1.060606060606061
 529 1.121212121212121
 13 1.181818181818182
 22 1.242424242424242
 105 1.303030303030303
 23 1.363636363636363
 126 1.424242424242425
 27 1.484848484848485
 100 1.545454545454546
 0 1.606060606060606
 0 1.666666666666667
 0 1.727272727272728
 37 1.787878787878788
 8 1.848484848484849
 35 1.909090909090909
 6 1.96969696969697
 2 2.03030303030303
 0 2.090909090909091
 0 2.151515151515151
 1 2.212121212121212
 0 2.272727272727272
 1 2.333333333333334
 7 2.393939393939394
 2 2.454545454545455
 2 2.515151515151516
 0 2.575757575757576
 0 2.636363636363637
 0 2.696969696969697
 0 2.757575757575758
 0 2.818181818181818
 0 2.878787878787879
 0 2.939393939393939
 0 3


