# Created by Octave 3.8.2, Mon Jun 22 19:18:54 2020 CEST <damian@fptrucha.inv.usc.es>
# name: hd
# type: matrix
# rows: 100
# columns: 2
 0 -3
 0 -2.939393939393939
 0 -2.878787878787879
 0 -2.818181818181818
 0 -2.757575757575758
 0 -2.696969696969697
 0 -2.636363636363636
 2 -2.575757575757576
 1 -2.515151515151515
 12 -2.454545454545455
 1 -2.393939393939394
 0 -2.333333333333333
 1 -2.272727272727272
 0 -2.212121212121212
 0 -2.151515151515151
 2 -2.090909090909091
 8 -2.03030303030303
 36 -1.96969696969697
 43 -1.909090909090909
 0 -1.848484848484848
 1 -1.787878787878788
 0 -1.727272727272727
 0 -1.666666666666667
 129 -1.606060606060606
 39 -1.545454545454545
 119 -1.484848484848485
 25 -1.424242424242424
 117 -1.363636363636364
 24 -1.303030303030303
 17 -1.242424242424242
 602 -1.181818181818182
 11 -1.121212121212121
 572 -1.060606060606061
 10 -1
 542 -0.9393939393939394
 22 -0.8787878787878789
 487 -0.8181818181818183
 991 -0.7575757575757573
 637 -0.6969696969696968
 1060 -0.6363636363636362
 654 -0.5757575757575757
 933 -0.5151515151515151
 656 -0.4545454545454546
 978 -0.393939393939394
 4210 -0.333333333333333
 573 -0.2727272727272725
 2728 -0.2121212121212119
 14 -0.1515151515151514
 2774 -0.09090909090909083
 7 -0.03030303030303028
 2536 0.03030303030303028
 18 0.09090909090909083
 2377 0.1515151515151514
 1559 0.2121212121212124
 2399 0.2727272727272729
 1616 0.3333333333333335
 638 0.393939393939394
 967 0.4545454545454546
 684 0.5151515151515151
 865 0.5757575757575757
 648 0.6363636363636367
 874 0.6969696969696972
 550 0.7575757575757578
 9 0.8181818181818183
 551 0.8787878787878789
 23 0.9393939393939394
 550 1
 19 1.060606060606061
 575 1.121212121212121
 17 1.181818181818182
 30 1.242424242424242
 114 1.303030303030303
 27 1.363636363636363
 85 1.424242424242425
 35 1.484848484848485
 114 1.545454545454546
 0 1.606060606060606
 0 1.666666666666667
 0 1.727272727272728
 35 1.787878787878788
 8 1.848484848484849
 26 1.909090909090909
 6 1.96969696969697
 2 2.03030303030303
 0 2.090909090909091
 0 2.151515151515151
 1 2.212121212121212
 0 2.272727272727272
 1 2.333333333333334
 9 2.393939393939394
 0 2.454545454545455
 1 2.515151515151516
 0 2.575757575757576
 0 2.636363636363637
 0 2.696969696969697
 0 2.757575757575758
 0 2.818181818181818
 0 2.878787878787879
 0 2.939393939393939
 0 3


