# Created by Octave 3.8.2, Mon Jun 22 02:24:30 2020 CEST <damian@fptrucha.inv.usc.es>
# name: hd
# type: matrix
# rows: 100
# columns: 2
 0 -3
 0 -2.939393939393939
 0 -2.878787878787879
 0 -2.818181818181818
 0 -2.757575757575758
 0 -2.696969696969697
 0 -2.636363636363636
 1 -2.575757575757576
 1 -2.515151515151515
 14 -2.454545454545455
 0 -2.393939393939394
 0 -2.333333333333333
 0 -2.272727272727272
 0 -2.212121212121212
 0 -2.151515151515151
 0 -2.090909090909091
 7 -2.03030303030303
 30 -1.96969696969697
 47 -1.909090909090909
 1 -1.848484848484848
 1 -1.787878787878788
 0 -1.727272727272727
 2 -1.666666666666667
 109 -1.606060606060606
 23 -1.545454545454545
 106 -1.484848484848485
 38 -1.424242424242424
 109 -1.363636363636364
 20 -1.303030303030303
 14 -1.242424242424242
 496 -1.181818181818182
 24 -1.121212121212121
 522 -1.060606060606061
 13 -1
 433 -0.9393939393939394
 28 -0.8787878787878789
 417 -0.8181818181818183
 862 -0.7575757575757573
 479 -0.6969696969696968
 807 -0.6363636363636362
 508 -0.5757575757575757
 639 -0.5151515151515151
 496 -0.4545454545454546
 729 -0.393939393939394
 3550 -0.333333333333333
 390 -0.2727272727272725
 2029 -0.2121212121212119
 16 -0.1515151515151514
 2164 -0.09090909090909083
 12 -0.03030303030303028
 1953 0.03030303030303028
 25 0.09090909090909083
 1572 0.1515151515151514
 1524 0.2121212121212124
 1674 0.2727272727272729
 1318 0.3333333333333335
 492 0.393939393939394
 716 0.4545454545454546
 488 0.5151515151515151
 542 0.5757575757575757
 402 0.6363636363636367
 550 0.6969696969696972
 520 0.7575757575757578
 12 0.8181818181818183
 512 0.8787878787878789
 19 0.9393939393939394
 470 1
 15 1.060606060606061
 429 1.121212121212121
 10 1.181818181818182
 34 1.242424242424242
 109 1.303030303030303
 31 1.363636363636363
 106 1.424242424242425
 34 1.484848484848485
 95 1.545454545454546
 1 1.606060606060606
 0 1.666666666666667
 0 1.727272727272728
 47 1.787878787878788
 6 1.848484848484849
 54 1.909090909090909
 6 1.96969696969697
 0 2.03030303030303
 0 2.090909090909091
 0 2.151515151515151
 2 2.212121212121212
 0 2.272727272727272
 4 2.333333333333334
 11 2.393939393939394
 0 2.454545454545455
 2 2.515151515151516
 0 2.575757575757576
 0 2.636363636363637
 0 2.696969696969697
 0 2.757575757575758
 0 2.818181818181818
 0 2.878787878787879
 0 2.939393939393939
 0 3


