# Created by Octave 3.8.2, Sat Jun 20 19:55:56 2020 CEST <damian@fptrucha.inv.usc.es>
# name: hd
# type: matrix
# rows: 100
# columns: 2
 0 -3
 0 -2.939393939393939
 0 -2.878787878787879
 0 -2.818181818181818
 0 -2.757575757575758
 0 -2.696969696969697
 0 -2.636363636363636
 0 -2.575757575757576
 0 -2.515151515151515
 2 -2.454545454545455
 1 -2.393939393939394
 0 -2.333333333333333
 1 -2.272727272727272
 0 -2.212121212121212
 0 -2.151515151515151
 2 -2.090909090909091
 2 -2.03030303030303
 16 -1.96969696969697
 15 -1.909090909090909
 0 -1.848484848484848
 1 -1.787878787878788
 0 -1.727272727272727
 0 -1.666666666666667
 53 -1.606060606060606
 9 -1.545454545454545
 54 -1.484848484848485
 18 -1.424242424242424
 53 -1.363636363636364
 15 -1.303030303030303
 10 -1.242424242424242
 353 -1.181818181818182
 9 -1.121212121212121
 327 -1.060606060606061
 9 -1
 309 -0.9393939393939394
 10 -0.8787878787878789
 269 -0.8181818181818183
 603 -0.7575757575757573
 436 -0.6969696969696968
 651 -0.6363636363636362
 402 -0.5757575757575757
 571 -0.5151515151515151
 367 -0.4545454545454546
 530 -0.393939393939394
 2751 -0.333333333333333
 386 -0.2727272727272725
 1948 -0.2121212121212119
 4 -0.1515151515151514
 1783 -0.09090909090909083
 6 -0.03030303030303028
 1648 0.03030303030303028
 7 0.09090909090909083
 1434 0.1515151515151514
 1136 0.2121212121212124
 1420 0.2727272727272729
 1159 0.3333333333333335
 415 0.393939393939394
 626 0.4545454545454546
 426 0.5151515151515151
 569 0.5757575757575757
 409 0.6363636363636367
 541 0.6969696969696972
 393 0.7575757575757578
 11 0.8181818181818183
 343 0.8787878787878789
 7 0.9393939393939394
 303 1
 9 1.060606060606061
 323 1.121212121212121
 4 1.181818181818182
 20 1.242424242424242
 67 1.303030303030303
 20 1.363636363636363
 67 1.424242424242425
 16 1.484848484848485
 67 1.545454545454546
 1 1.606060606060606
 0 1.666666666666667
 1 1.727272727272728
 21 1.787878787878788
 1 1.848484848484849
 12 1.909090909090909
 2 1.96969696969697
 0 2.03030303030303
 0 2.090909090909091
 0 2.151515151515151
 0 2.212121212121212
 0 2.272727272727272
 0 2.333333333333334
 8 2.393939393939394
 1 2.454545454545455
 1 2.515151515151516
 0 2.575757575757576
 0 2.636363636363637
 0 2.696969696969697
 0 2.757575757575758
 0 2.818181818181818
 0 2.878787878787879
 0 2.939393939393939
 0 3


