# Created by Octave 3.8.2, Sat Jun 20 03:16:46 2020 CEST <damian@fptrucha.inv.usc.es>
# name: hd
# type: matrix
# rows: 100
# columns: 2
 0 -3
 0 -2.939393939393939
 0 -2.878787878787879
 0 -2.818181818181818
 0 -2.757575757575758
 0 -2.696969696969697
 0 -2.636363636363636
 1 -2.575757575757576
 0 -2.515151515151515
 8 -2.454545454545455
 1 -2.393939393939394
 0 -2.333333333333333
 1 -2.272727272727272
 0 -2.212121212121212
 0 -2.151515151515151
 2 -2.090909090909091
 2 -2.03030303030303
 26 -1.96969696969697
 28 -1.909090909090909
 0 -1.848484848484848
 2 -1.787878787878788
 0 -1.727272727272727
 0 -1.666666666666667
 124 -1.606060606060606
 29 -1.545454545454545
 100 -1.484848484848485
 24 -1.424242424242424
 96 -1.363636363636364
 25 -1.303030303030303
 15 -1.242424242424242
 688 -1.181818181818182
 14 -1.121212121212121
 618 -1.060606060606061
 8 -1
 559 -0.9393939393939394
 23 -0.8787878787878789
 527 -0.8181818181818183
 1105 -0.7575757575757573
 788 -0.6969696969696968
 1180 -0.6363636363636362
 741 -0.5757575757575757
 998 -0.5151515151515151
 646 -0.4545454545454546
 1061 -0.393939393939394
 4605 -0.333333333333333
 602 -0.2727272727272725
 3087 -0.2121212121212119
 12 -0.1515151515151514
 2893 -0.09090909090909083
 13 -0.03030303030303028
 2865 0.03030303030303028
 13 0.09090909090909083
 2459 0.1515151515151514
 1827 0.2121212121212124
 2536 0.2727272727272729
 1691 0.3333333333333335
 648 0.393939393939394
 952 0.4545454545454546
 669 0.5151515151515151
 842 0.5757575757575757
 578 0.6363636363636367
 789 0.6969696969696972
 555 0.7575757575757578
 15 0.8181818181818183
 517 0.8787878787878789
 19 0.9393939393939394
 515 1
 11 1.060606060606061
 480 1.121212121212121
 9 1.181818181818182
 31 1.242424242424242
 105 1.303030303030303
 25 1.363636363636363
 103 1.424242424242425
 26 1.484848484848485
 62 1.545454545454546
 4 1.606060606060606
 0 1.666666666666667
 0 1.727272727272728
 20 1.787878787878788
 1 1.848484848484849
 31 1.909090909090909
 5 1.96969696969697
 2 2.03030303030303
 0 2.090909090909091
 0 2.151515151515151
 0 2.212121212121212
 0 2.272727272727272
 0 2.333333333333334
 5 2.393939393939394
 0 2.454545454545455
 0 2.515151515151516
 0 2.575757575757576
 0 2.636363636363637
 0 2.696969696969697
 0 2.757575757575758
 0 2.818181818181818
 0 2.878787878787879
 0 2.939393939393939
 0 3


