# Created by Octave 3.8.2, Mon Jun 22 07:48:22 2020 CEST <damian@fptrucha.inv.usc.es>
# name: hd
# type: matrix
# rows: 100
# columns: 2
 0 -3
 0 -2.939393939393939
 0 -2.878787878787879
 0 -2.818181818181818
 0 -2.757575757575758
 0 -2.696969696969697
 0 -2.636363636363636
 2 -2.575757575757576
 0 -2.515151515151515
 7 -2.454545454545455
 1 -2.393939393939394
 0 -2.333333333333333
 1 -2.272727272727272
 0 -2.212121212121212
 0 -2.151515151515151
 4 -2.090909090909091
 4 -2.03030303030303
 36 -1.96969696969697
 43 -1.909090909090909
 1 -1.848484848484848
 0 -1.787878787878788
 0 -1.727272727272727
 0 -1.666666666666667
 83 -1.606060606060606
 33 -1.545454545454545
 100 -1.484848484848485
 29 -1.424242424242424
 91 -1.363636363636364
 22 -1.303030303030303
 8 -1.242424242424242
 513 -1.181818181818182
 13 -1.121212121212121
 533 -1.060606060606061
 18 -1
 508 -0.9393939393939394
 19 -0.8787878787878789
 534 -0.8181818181818183
 814 -0.7575757575757573
 626 -0.6969696969696968
 908 -0.6363636363636362
 628 -0.5757575757575757
 838 -0.5151515151515151
 609 -0.4545454545454546
 902 -0.393939393939394
 3802 -0.333333333333333
 563 -0.2727272727272725
 2490 -0.2121212121212119
 10 -0.1515151515151514
 2602 -0.09090909090909083
 19 -0.03030303030303028
 2495 0.03030303030303028
 27 0.09090909090909083
 2200 0.1515151515151514
 1500 0.2121212121212124
 2327 0.2727272727272729
 1543 0.3333333333333335
 636 0.393939393939394
 856 0.4545454545454546
 683 0.5151515151515151
 831 0.5757575757575757
 595 0.6363636363636367
 833 0.6969696969696972
 519 0.7575757575757578
 15 0.8181818181818183
 514 0.8787878787878789
 14 0.9393939393939394
 506 1
 20 1.060606060606061
 501 1.121212121212121
 17 1.181818181818182
 24 1.242424242424242
 116 1.303030303030303
 30 1.363636363636363
 105 1.424242424242425
 30 1.484848484848485
 97 1.545454545454546
 2 1.606060606060606
 0 1.666666666666667
 1 1.727272727272728
 37 1.787878787878788
 6 1.848484848484849
 25 1.909090909090909
 1 1.96969696969697
 4 2.03030303030303
 0 2.090909090909091
 0 2.151515151515151
 1 2.212121212121212
 1 2.272727272727272
 1 2.333333333333334
 7 2.393939393939394
 0 2.454545454545455
 2 2.515151515151516
 0 2.575757575757576
 0 2.636363636363637
 0 2.696969696969697
 0 2.757575757575758
 0 2.818181818181818
 0 2.878787878787879
 0 2.939393939393939
 0 3


