# Created by Octave 3.8.2, Mon Jun 22 20:00:48 2020 CEST <damian@fptrucha.inv.usc.es>
# name: hd
# type: matrix
# rows: 100
# columns: 2
 0 -3
 0 -2.939393939393939
 0 -2.878787878787879
 0 -2.818181818181818
 0 -2.757575757575758
 0 -2.696969696969697
 0 -2.636363636363636
 1 -2.575757575757576
 0 -2.515151515151515
 6 -2.454545454545455
 0 -2.393939393939394
 0 -2.333333333333333
 0 -2.272727272727272
 0 -2.212121212121212
 0 -2.151515151515151
 1 -2.090909090909091
 6 -2.03030303030303
 43 -1.96969696969697
 36 -1.909090909090909
 3 -1.848484848484848
 1 -1.787878787878788
 0 -1.727272727272727
 2 -1.666666666666667
 111 -1.606060606060606
 34 -1.545454545454545
 132 -1.484848484848485
 31 -1.424242424242424
 120 -1.363636363636364
 27 -1.303030303030303
 19 -1.242424242424242
 639 -1.181818181818182
 15 -1.121212121212121
 567 -1.060606060606061
 13 -1
 523 -0.9393939393939394
 23 -0.8787878787878789
 536 -0.8181818181818183
 967 -0.7575757575757573
 639 -0.6969696969696968
 1110 -0.6363636363636362
 637 -0.5757575757575757
 898 -0.5151515151515151
 670 -0.4545454545454546
 948 -0.393939393939394
 4367 -0.333333333333333
 615 -0.2727272727272725
 2754 -0.2121212121212119
 13 -0.1515151515151514
 2801 -0.09090909090909083
 15 -0.03030303030303028
 2564 0.03030303030303028
 19 0.09090909090909083
 2367 0.1515151515151514
 1585 0.2121212121212124
 2492 0.2727272727272729
 1677 0.3333333333333335
 683 0.393939393939394
 927 0.4545454545454546
 698 0.5151515151515151
 843 0.5757575757575757
 639 0.6363636363636367
 899 0.6969696969696972
 586 0.7575757575757578
 9 0.8181818181818183
 558 0.8787878787878789
 13 0.9393939393939394
 542 1
 15 1.060606060606061
 509 1.121212121212121
 11 1.181818181818182
 26 1.242424242424242
 101 1.303030303030303
 29 1.363636363636363
 107 1.424242424242425
 30 1.484848484848485
 106 1.545454545454546
 5 1.606060606060606
 0 1.666666666666667
 1 1.727272727272728
 44 1.787878787878788
 4 1.848484848484849
 35 1.909090909090909
 2 1.96969696969697
 1 2.03030303030303
 0 2.090909090909091
 0 2.151515151515151
 3 2.212121212121212
 0 2.272727272727272
 0 2.333333333333334
 19 2.393939393939394
 0 2.454545454545455
 3 2.515151515151516
 0 2.575757575757576
 0 2.636363636363637
 0 2.696969696969697
 0 2.757575757575758
 0 2.818181818181818
 0 2.878787878787879
 0 2.939393939393939
 0 3


