# Created by Octave 3.8.2, Mon Jun 22 08:53:50 2020 CEST <damian@fptrucha.inv.usc.es>
# name: hd
# type: matrix
# rows: 100
# columns: 2
 0 -3
 0 -2.939393939393939
 0 -2.878787878787879
 0 -2.818181818181818
 0 -2.757575757575758
 0 -2.696969696969697
 0 -2.636363636363636
 1 -2.575757575757576
 1 -2.515151515151515
 6 -2.454545454545455
 1 -2.393939393939394
 1 -2.333333333333333
 0 -2.272727272727272
 0 -2.212121212121212
 0 -2.151515151515151
 0 -2.090909090909091
 4 -2.03030303030303
 44 -1.96969696969697
 29 -1.909090909090909
 4 -1.848484848484848
 2 -1.787878787878788
 0 -1.727272727272727
 5 -1.666666666666667
 94 -1.606060606060606
 27 -1.545454545454545
 106 -1.484848484848485
 33 -1.424242424242424
 109 -1.363636363636364
 35 -1.303030303030303
 11 -1.242424242424242
 527 -1.181818181818182
 19 -1.121212121212121
 524 -1.060606060606061
 14 -1
 542 -0.9393939393939394
 16 -0.8787878787878789
 514 -0.8181818181818183
 899 -0.7575757575757573
 594 -0.6969696969696968
 938 -0.6363636363636362
 611 -0.5757575757575757
 822 -0.5151515151515151
 586 -0.4545454545454546
 891 -0.393939393939394
 3879 -0.333333333333333
 565 -0.2727272727272725
 2454 -0.2121212121212119
 14 -0.1515151515151514
 2563 -0.09090909090909083
 19 -0.03030303030303028
 2483 0.03030303030303028
 21 0.09090909090909083
 2277 0.1515151515151514
 1617 0.2121212121212124
 2289 0.2727272727272729
 1543 0.3333333333333335
 659 0.393939393939394
 863 0.4545454545454546
 634 0.5151515151515151
 787 0.5757575757575757
 666 0.6363636363636367
 890 0.6969696969696972
 514 0.7575757575757578
 17 0.8181818181818183
 561 0.8787878787878789
 17 0.9393939393939394
 504 1
 15 1.060606060606061
 527 1.121212121212121
 12 1.181818181818182
 31 1.242424242424242
 99 1.303030303030303
 21 1.363636363636363
 79 1.424242424242425
 39 1.484848484848485
 98 1.545454545454546
 3 1.606060606060606
 0 1.666666666666667
 3 1.727272727272728
 27 1.787878787878788
 5 1.848484848484849
 35 1.909090909090909
 6 1.96969696969697
 0 2.03030303030303
 0 2.090909090909091
 0 2.151515151515151
 0 2.212121212121212
 1 2.272727272727272
 0 2.333333333333334
 15 2.393939393939394
 0 2.454545454545455
 3 2.515151515151516
 0 2.575757575757576
 0 2.636363636363637
 0 2.696969696969697
 0 2.757575757575758
 0 2.818181818181818
 0 2.878787878787879
 0 2.939393939393939
 0 3


