# Created by Octave 3.8.2, Mon Jun 22 16:46:20 2020 CEST <damian@fptrucha.inv.usc.es>
# name: hd
# type: matrix
# rows: 100
# columns: 2
 0 -3
 0 -2.939393939393939
 0 -2.878787878787879
 0 -2.818181818181818
 0 -2.757575757575758
 0 -2.696969696969697
 0 -2.636363636363636
 1 -2.575757575757576
 1 -2.515151515151515
 14 -2.454545454545455
 2 -2.393939393939394
 2 -2.333333333333333
 0 -2.272727272727272
 0 -2.212121212121212
 0 -2.151515151515151
 2 -2.090909090909091
 5 -2.03030303030303
 36 -1.96969696969697
 46 -1.909090909090909
 1 -1.848484848484848
 3 -1.787878787878788
 0 -1.727272727272727
 4 -1.666666666666667
 111 -1.606060606060606
 29 -1.545454545454545
 120 -1.484848484848485
 21 -1.424242424242424
 134 -1.363636363636364
 36 -1.303030303030303
 13 -1.242424242424242
 591 -1.181818181818182
 16 -1.121212121212121
 574 -1.060606060606061
 21 -1
 548 -0.9393939393939394
 15 -0.8787878787878789
 516 -0.8181818181818183
 904 -0.7575757575757573
 655 -0.6969696969696968
 1036 -0.6363636363636362
 661 -0.5757575757575757
 885 -0.5151515151515151
 652 -0.4545454545454546
 934 -0.393939393939394
 4156 -0.333333333333333
 576 -0.2727272727272725
 2645 -0.2121212121212119
 9 -0.1515151515151514
 2731 -0.09090909090909083
 20 -0.03030303030303028
 2537 0.03030303030303028
 18 0.09090909090909083
 2345 0.1515151515151514
 1591 0.2121212121212124
 2385 0.2727272727272729
 1577 0.3333333333333335
 669 0.393939393939394
 938 0.4545454545454546
 682 0.5151515151515151
 811 0.5757575757575757
 649 0.6363636363636367
 842 0.6969696969696972
 536 0.7575757575757578
 16 0.8181818181818183
 555 0.8787878787878789
 26 0.9393939393939394
 595 1
 7 1.060606060606061
 544 1.121212121212121
 14 1.181818181818182
 25 1.242424242424242
 106 1.303030303030303
 42 1.363636363636363
 126 1.424242424242425
 37 1.484848484848485
 115 1.545454545454546
 2 1.606060606060606
 0 1.666666666666667
 0 1.727272727272728
 40 1.787878787878788
 5 1.848484848484849
 41 1.909090909090909
 4 1.96969696969697
 4 2.03030303030303
 0 2.090909090909091
 0 2.151515151515151
 1 2.212121212121212
 2 2.272727272727272
 1 2.333333333333334
 11 2.393939393939394
 0 2.454545454545455
 0 2.515151515151516
 0 2.575757575757576
 0 2.636363636363637
 0 2.696969696969697
 0 2.757575757575758
 0 2.818181818181818
 0 2.878787878787879
 0 2.939393939393939
 0 3


