# Created by Octave 3.8.2, Tue Jun 23 00:43:45 2020 CEST <damian@fptrucha.inv.usc.es>
# name: hd
# type: matrix
# rows: 100
# columns: 2
 0 -3
 0 -2.939393939393939
 0 -2.878787878787879
 0 -2.818181818181818
 0 -2.757575757575758
 0 -2.696969696969697
 0 -2.636363636363636
 1 -2.575757575757576
 0 -2.515151515151515
 7 -2.454545454545455
 0 -2.393939393939394
 0 -2.333333333333333
 0 -2.272727272727272
 0 -2.212121212121212
 0 -2.151515151515151
 0 -2.090909090909091
 6 -2.03030303030303
 31 -1.96969696969697
 46 -1.909090909090909
 2 -1.848484848484848
 2 -1.787878787878788
 0 -1.727272727272727
 2 -1.666666666666667
 118 -1.606060606060606
 31 -1.545454545454545
 134 -1.484848484848485
 30 -1.424242424242424
 136 -1.363636363636364
 22 -1.303030303030303
 12 -1.242424242424242
 604 -1.181818181818182
 22 -1.121212121212121
 583 -1.060606060606061
 11 -1
 551 -0.9393939393939394
 15 -0.8787878787878789
 555 -0.8181818181818183
 1019 -0.7575757575757573
 730 -0.6969696969696968
 1078 -0.6363636363636362
 710 -0.5757575757575757
 948 -0.5151515151515151
 671 -0.4545454545454546
 1061 -0.393939393939394
 4528 -0.333333333333333
 610 -0.2727272727272725
 2829 -0.2121212121212119
 13 -0.1515151515151514
 2814 -0.09090909090909083
 12 -0.03030303030303028
 2725 0.03030303030303028
 20 0.09090909090909083
 2453 0.1515151515151514
 1668 0.2121212121212124
 2539 0.2727272727272729
 1598 0.3333333333333335
 680 0.393939393939394
 901 0.4545454545454546
 665 0.5151515151515151
 832 0.5757575757575757
 667 0.6363636363636367
 896 0.6969696969696972
 534 0.7575757575757578
 10 0.8181818181818183
 541 0.8787878787878789
 21 0.9393939393939394
 525 1
 6 1.060606060606061
 499 1.121212121212121
 9 1.181818181818182
 35 1.242424242424242
 104 1.303030303030303
 32 1.363636363636363
 112 1.424242424242425
 22 1.484848484848485
 118 1.545454545454546
 2 1.606060606060606
 0 1.666666666666667
 4 1.727272727272728
 45 1.787878787878788
 2 1.848484848484849
 22 1.909090909090909
 8 1.96969696969697
 1 2.03030303030303
 0 2.090909090909091
 0 2.151515151515151
 3 2.212121212121212
 0 2.272727272727272
 1 2.333333333333334
 12 2.393939393939394
 1 2.454545454545455
 0 2.515151515151516
 0 2.575757575757576
 0 2.636363636363637
 0 2.696969696969697
 0 2.757575757575758
 0 2.818181818181818
 0 2.878787878787879
 0 2.939393939393939
 0 3


