# Created by Octave 3.8.2, Sat Jun 20 12:04:03 2020 CEST <damian@fptrucha.inv.usc.es>
# name: hd
# type: matrix
# rows: 100
# columns: 2
 0 -3
 0 -2.939393939393939
 0 -2.878787878787879
 0 -2.818181818181818
 0 -2.757575757575758
 0 -2.696969696969697
 0 -2.636363636363636
 0 -2.575757575757576
 2 -2.515151515151515
 6 -2.454545454545455
 1 -2.393939393939394
 2 -2.333333333333333
 2 -2.272727272727272
 0 -2.212121212121212
 0 -2.151515151515151
 1 -2.090909090909091
 1 -2.03030303030303
 25 -1.96969696969697
 27 -1.909090909090909
 1 -1.848484848484848
 2 -1.787878787878788
 0 -1.727272727272727
 1 -1.666666666666667
 104 -1.606060606060606
 19 -1.545454545454545
 101 -1.484848484848485
 20 -1.424242424242424
 89 -1.363636363636364
 18 -1.303030303030303
 13 -1.242424242424242
 570 -1.181818181818182
 21 -1.121212121212121
 553 -1.060606060606061
 13 -1
 482 -0.9393939393939394
 12 -0.8787878787878789
 471 -0.8181818181818183
 1054 -0.7575757575757573
 662 -0.6969696969696968
 1115 -0.6363636363636362
 634 -0.5757575757575757
 962 -0.5151515151515151
 610 -0.4545454545454546
 888 -0.393939393939394
 4612 -0.333333333333333
 583 -0.2727272727272725
 3044 -0.2121212121212119
 7 -0.1515151515151514
 2810 -0.09090909090909083
 12 -0.03030303030303028
 2725 0.03030303030303028
 6 0.09090909090909083
 2445 0.1515151515151514
 1966 0.2121212121212124
 2406 0.2727272727272729
 1871 0.3333333333333335
 663 0.393939393939394
 1020 0.4545454545454546
 784 0.5151515151515151
 953 0.5757575757575757
 589 0.6363636363636367
 847 0.6969696969696972
 646 0.7575757575757578
 12 0.8181818181818183
 593 0.8787878787878789
 14 0.9393939393939394
 619 1
 10 1.060606060606061
 556 1.121212121212121
 14 1.181818181818182
 35 1.242424242424242
 106 1.303030303030303
 21 1.363636363636363
 127 1.424242424242425
 28 1.484848484848485
 110 1.545454545454546
 3 1.606060606060606
 0 1.666666666666667
 2 1.727272727272728
 37 1.787878787878788
 6 1.848484848484849
 35 1.909090909090909
 2 1.96969696969697
 0 2.03030303030303
 0 2.090909090909091
 0 2.151515151515151
 1 2.212121212121212
 0 2.272727272727272
 2 2.333333333333334
 11 2.393939393939394
 0 2.454545454545455
 0 2.515151515151516
 0 2.575757575757576
 0 2.636363636363637
 0 2.696969696969697
 0 2.757575757575758
 0 2.818181818181818
 0 2.878787878787879
 0 2.939393939393939
 0 3


