# Created by Octave 3.8.2, Mon Jun 22 00:36:14 2020 CEST <damian@fptrucha.inv.usc.es>
# name: hd
# type: matrix
# rows: 100
# columns: 2
 0 -3
 0 -2.939393939393939
 0 -2.878787878787879
 0 -2.818181818181818
 0 -2.757575757575758
 0 -2.696969696969697
 0 -2.636363636363636
 0 -2.575757575757576
 1 -2.515151515151515
 0 -2.454545454545455
 0 -2.393939393939394
 0 -2.333333333333333
 1 -2.272727272727272
 0 -2.212121212121212
 0 -2.151515151515151
 3 -2.090909090909091
 2 -2.03030303030303
 24 -1.96969696969697
 23 -1.909090909090909
 0 -1.848484848484848
 2 -1.787878787878788
 0 -1.727272727272727
 2 -1.666666666666667
 93 -1.606060606060606
 20 -1.545454545454545
 87 -1.484848484848485
 15 -1.424242424242424
 100 -1.363636363636364
 16 -1.303030303030303
 19 -1.242424242424242
 526 -1.181818181818182
 12 -1.121212121212121
 495 -1.060606060606061
 14 -1
 462 -0.9393939393939394
 17 -0.8787878787878789
 437 -0.8181818181818183
 960 -0.7575757575757573
 678 -0.6969696969696968
 1051 -0.6363636363636362
 614 -0.5757575757575757
 868 -0.5151515151515151
 561 -0.4545454545454546
 821 -0.393939393939394
 4096 -0.333333333333333
 483 -0.2727272727272725
 2798 -0.2121212121212119
 7 -0.1515151515151514
 2719 -0.09090909090909083
 9 -0.03030303030303028
 2510 0.03030303030303028
 14 0.09090909090909083
 2160 0.1515151515151514
 1716 0.2121212121212124
 2129 0.2727272727272729
 1609 0.3333333333333335
 631 0.393939393939394
 864 0.4545454545454546
 636 0.5151515151515151
 791 0.5757575757575757
 595 0.6363636363636367
 771 0.6969696969696972
 545 0.7575757575757578
 13 0.8181818181818183
 534 0.8787878787878789
 10 0.9393939393939394
 485 1
 6 1.060606060606061
 482 1.121212121212121
 6 1.181818181818182
 26 1.242424242424242
 85 1.303030303030303
 27 1.363636363636363
 103 1.424242424242425
 30 1.484848484848485
 77 1.545454545454546
 0 1.606060606060606
 0 1.666666666666667
 2 1.727272727272728
 23 1.787878787878788
 5 1.848484848484849
 17 1.909090909090909
 3 1.96969696969697
 0 2.03030303030303
 0 2.090909090909091
 0 2.151515151515151
 1 2.212121212121212
 0 2.272727272727272
 0 2.333333333333334
 3 2.393939393939394
 0 2.454545454545455
 1 2.515151515151516
 0 2.575757575757576
 0 2.636363636363637
 0 2.696969696969697
 0 2.757575757575758
 0 2.818181818181818
 0 2.878787878787879
 0 2.939393939393939
 0 3


