# Created by Octave 3.8.2, Sat Jun 20 16:40:35 2020 CEST <damian@fptrucha.inv.usc.es>
# name: hd
# type: matrix
# rows: 100
# columns: 2
 0 -3
 0 -2.939393939393939
 0 -2.878787878787879
 0 -2.818181818181818
 0 -2.757575757575758
 0 -2.696969696969697
 0 -2.636363636363636
 1 -2.575757575757576
 1 -2.515151515151515
 4 -2.454545454545455
 0 -2.393939393939394
 1 -2.333333333333333
 0 -2.272727272727272
 0 -2.212121212121212
 0 -2.151515151515151
 1 -2.090909090909091
 3 -2.03030303030303
 9 -1.96969696969697
 32 -1.909090909090909
 1 -1.848484848484848
 0 -1.787878787878788
 0 -1.727272727272727
 1 -1.666666666666667
 100 -1.606060606060606
 28 -1.545454545454545
 107 -1.484848484848485
 22 -1.424242424242424
 76 -1.363636363636364
 13 -1.303030303030303
 17 -1.242424242424242
 521 -1.181818181818182
 17 -1.121212121212121
 507 -1.060606060606061
 8 -1
 447 -0.9393939393939394
 8 -0.8787878787878789
 422 -0.8181818181818183
 991 -0.7575757575757573
 696 -0.6969696969696968
 1019 -0.6363636363636362
 663 -0.5757575757575757
 828 -0.5151515151515151
 606 -0.4545454545454546
 849 -0.393939393939394
 4246 -0.333333333333333
 551 -0.2727272727272725
 2888 -0.2121212121212119
 2 -0.1515151515151514
 2597 -0.09090909090909083
 14 -0.03030303030303028
 2610 0.03030303030303028
 12 0.09090909090909083
 2305 0.1515151515151514
 1686 0.2121212121212124
 2300 0.2727272727272729
 1708 0.3333333333333335
 645 0.393939393939394
 925 0.4545454545454546
 689 0.5151515151515151
 835 0.5757575757575757
 611 0.6363636363636367
 830 0.6969696969696972
 596 0.7575757575757578
 10 0.8181818181818183
 581 0.8787878787878789
 8 0.9393939393939394
 531 1
 15 1.060606060606061
 504 1.121212121212121
 9 1.181818181818182
 26 1.242424242424242
 97 1.303030303030303
 20 1.363636363636363
 106 1.424242424242425
 26 1.484848484848485
 88 1.545454545454546
 1 1.606060606060606
 0 1.666666666666667
 1 1.727272727272728
 37 1.787878787878788
 3 1.848484848484849
 27 1.909090909090909
 6 1.96969696969697
 3 2.03030303030303
 0 2.090909090909091
 0 2.151515151515151
 1 2.212121212121212
 1 2.272727272727272
 1 2.333333333333334
 10 2.393939393939394
 0 2.454545454545455
 1 2.515151515151516
 0 2.575757575757576
 0 2.636363636363637
 0 2.696969696969697
 0 2.757575757575758
 0 2.818181818181818
 0 2.878787878787879
 0 2.939393939393939
 0 3


