# Created by Octave 3.8.2, Mon Jun 22 11:01:47 2020 CEST <damian@fptrucha.inv.usc.es>
# name: hd
# type: matrix
# rows: 100
# columns: 2
 0 -3
 0 -2.939393939393939
 0 -2.878787878787879
 0 -2.818181818181818
 0 -2.757575757575758
 0 -2.696969696969697
 0 -2.636363636363636
 0 -2.575757575757576
 0 -2.515151515151515
 10 -2.454545454545455
 0 -2.393939393939394
 0 -2.333333333333333
 1 -2.272727272727272
 0 -2.212121212121212
 0 -2.151515151515151
 1 -2.090909090909091
 4 -2.03030303030303
 34 -1.96969696969697
 32 -1.909090909090909
 5 -1.848484848484848
 0 -1.787878787878788
 0 -1.727272727272727
 1 -1.666666666666667
 96 -1.606060606060606
 18 -1.545454545454545
 103 -1.484848484848485
 23 -1.424242424242424
 122 -1.363636363636364
 25 -1.303030303030303
 11 -1.242424242424242
 568 -1.181818181818182
 16 -1.121212121212121
 542 -1.060606060606061
 16 -1
 506 -0.9393939393939394
 21 -0.8787878787878789
 479 -0.8181818181818183
 904 -0.7575757575757573
 623 -0.6969696969696968
 994 -0.6363636363636362
 684 -0.5757575757575757
 895 -0.5151515151515151
 604 -0.4545454545454546
 925 -0.393939393939394
 4042 -0.333333333333333
 581 -0.2727272727272725
 2636 -0.2121212121212119
 12 -0.1515151515151514
 2665 -0.09090909090909083
 20 -0.03030303030303028
 2538 0.03030303030303028
 15 0.09090909090909083
 2384 0.1515151515151514
 1518 0.2121212121212124
 2332 0.2727272727272729
 1605 0.3333333333333335
 678 0.393939393939394
 857 0.4545454545454546
 676 0.5151515151515151
 849 0.5757575757575757
 647 0.6363636363636367
 895 0.6969696969696972
 574 0.7575757575757578
 13 0.8181818181818183
 531 0.8787878787878789
 20 0.9393939393939394
 574 1
 19 1.060606060606061
 543 1.121212121212121
 16 1.181818181818182
 38 1.242424242424242
 126 1.303030303030303
 22 1.363636363636363
 103 1.424242424242425
 33 1.484848484848485
 108 1.545454545454546
 3 1.606060606060606
 0 1.666666666666667
 5 1.727272727272728
 45 1.787878787878788
 5 1.848484848484849
 37 1.909090909090909
 4 1.96969696969697
 2 2.03030303030303
 0 2.090909090909091
 0 2.151515151515151
 1 2.212121212121212
 0 2.272727272727272
 0 2.333333333333334
 12 2.393939393939394
 0 2.454545454545455
 2 2.515151515151516
 0 2.575757575757576
 0 2.636363636363637
 0 2.696969696969697
 0 2.757575757575758
 0 2.818181818181818
 0 2.878787878787879
 0 2.939393939393939
 0 3


