# Created by Octave 3.8.2, Mon Jun 22 23:21:18 2020 CEST <damian@fptrucha.inv.usc.es>
# name: hd
# type: matrix
# rows: 100
# columns: 2
 0 -3
 0 -2.939393939393939
 0 -2.878787878787879
 0 -2.818181818181818
 0 -2.757575757575758
 0 -2.696969696969697
 0 -2.636363636363636
 0 -2.575757575757576
 0 -2.515151515151515
 4 -2.454545454545455
 0 -2.393939393939394
 1 -2.333333333333333
 0 -2.272727272727272
 0 -2.212121212121212
 0 -2.151515151515151
 2 -2.090909090909091
 4 -2.03030303030303
 30 -1.96969696969697
 44 -1.909090909090909
 1 -1.848484848484848
 2 -1.787878787878788
 0 -1.727272727272727
 6 -1.666666666666667
 115 -1.606060606060606
 28 -1.545454545454545
 127 -1.484848484848485
 27 -1.424242424242424
 100 -1.363636363636364
 22 -1.303030303030303
 5 -1.242424242424242
 592 -1.181818181818182
 15 -1.121212121212121
 580 -1.060606060606061
 13 -1
 537 -0.9393939393939394
 15 -0.8787878787878789
 506 -0.8181818181818183
 973 -0.7575757575757573
 705 -0.6969696969696968
 1075 -0.6363636363636362
 679 -0.5757575757575757
 858 -0.5151515151515151
 610 -0.4545454545454546
 960 -0.393939393939394
 4644 -0.333333333333333
 627 -0.2727272727272725
 2812 -0.2121212121212119
 13 -0.1515151515151514
 2855 -0.09090909090909083
 19 -0.03030303030303028
 2612 0.03030303030303028
 28 0.09090909090909083
 2457 0.1515151515151514
 1639 0.2121212121212124
 2375 0.2727272727272729
 1700 0.3333333333333335
 730 0.393939393939394
 948 0.4545454545454546
 677 0.5151515151515151
 889 0.5757575757575757
 672 0.6363636363636367
 861 0.6969696969696972
 593 0.7575757575757578
 11 0.8181818181818183
 618 0.8787878787878789
 20 0.9393939393939394
 589 1
 11 1.060606060606061
 504 1.121212121212121
 12 1.181818181818182
 32 1.242424242424242
 107 1.303030303030303
 42 1.363636363636363
 132 1.424242424242425
 25 1.484848484848485
 117 1.545454545454546
 2 1.606060606060606
 0 1.666666666666667
 3 1.727272727272728
 49 1.787878787878788
 7 1.848484848484849
 51 1.909090909090909
 5 1.96969696969697
 2 2.03030303030303
 0 2.090909090909091
 0 2.151515151515151
 0 2.212121212121212
 0 2.272727272727272
 2 2.333333333333334
 12 2.393939393939394
 0 2.454545454545455
 0 2.515151515151516
 0 2.575757575757576
 0 2.636363636363637
 0 2.696969696969697
 0 2.757575757575758
 0 2.818181818181818
 0 2.878787878787879
 0 2.939393939393939
 0 3


