# Created by Octave 3.8.2, Mon Jun 22 06:26:37 2020 CEST <damian@fptrucha.inv.usc.es>
# name: hd
# type: matrix
# rows: 100
# columns: 2
 0 -3
 0 -2.939393939393939
 0 -2.878787878787879
 0 -2.818181818181818
 0 -2.757575757575758
 0 -2.696969696969697
 0 -2.636363636363636
 2 -2.575757575757576
 1 -2.515151515151515
 8 -2.454545454545455
 1 -2.393939393939394
 1 -2.333333333333333
 0 -2.272727272727272
 0 -2.212121212121212
 0 -2.151515151515151
 1 -2.090909090909091
 3 -2.03030303030303
 32 -1.96969696969697
 33 -1.909090909090909
 2 -1.848484848484848
 7 -1.787878787878788
 0 -1.727272727272727
 2 -1.666666666666667
 102 -1.606060606060606
 28 -1.545454545454545
 110 -1.484848484848485
 29 -1.424242424242424
 104 -1.363636363636364
 22 -1.303030303030303
 19 -1.242424242424242
 523 -1.181818181818182
 11 -1.121212121212121
 515 -1.060606060606061
 16 -1
 541 -0.9393939393939394
 28 -0.8787878787878789
 528 -0.8181818181818183
 890 -0.7575757575757573
 596 -0.6969696969696968
 916 -0.6363636363636362
 540 -0.5757575757575757
 863 -0.5151515151515151
 589 -0.4545454545454546
 903 -0.393939393939394
 3798 -0.333333333333333
 579 -0.2727272727272725
 2305 -0.2121212121212119
 20 -0.1515151515151514
 2550 -0.09090909090909083
 15 -0.03030303030303028
 2418 0.03030303030303028
 22 0.09090909090909083
 2250 0.1515151515151514
 1400 0.2121212121212124
 2231 0.2727272727272729
 1476 0.3333333333333335
 585 0.393939393939394
 889 0.4545454545454546
 658 0.5151515151515151
 739 0.5757575757575757
 573 0.6363636363636367
 808 0.6969696969696972
 458 0.7575757575757578
 20 0.8181818181818183
 566 0.8787878787878789
 15 0.9393939393939394
 524 1
 15 1.060606060606061
 460 1.121212121212121
 15 1.181818181818182
 26 1.242424242424242
 84 1.303030303030303
 34 1.363636363636363
 108 1.424242424242425
 29 1.484848484848485
 92 1.545454545454546
 2 1.606060606060606
 0 1.666666666666667
 3 1.727272727272728
 36 1.787878787878788
 1 1.848484848484849
 34 1.909090909090909
 1 1.96969696969697
 1 2.03030303030303
 0 2.090909090909091
 0 2.151515151515151
 3 2.212121212121212
 0 2.272727272727272
 1 2.333333333333334
 6 2.393939393939394
 0 2.454545454545455
 1 2.515151515151516
 0 2.575757575757576
 0 2.636363636363637
 0 2.696969696969697
 0 2.757575757575758
 0 2.818181818181818
 0 2.878787878787879
 0 2.939393939393939
 0 3


