# Created by Octave 3.8.2, Mon Jun 22 14:37:30 2020 CEST <damian@fptrucha.inv.usc.es>
# name: hd
# type: matrix
# rows: 100
# columns: 2
 0 -3
 0 -2.939393939393939
 0 -2.878787878787879
 0 -2.818181818181818
 0 -2.757575757575758
 0 -2.696969696969697
 0 -2.636363636363636
 1 -2.575757575757576
 1 -2.515151515151515
 6 -2.454545454545455
 1 -2.393939393939394
 0 -2.333333333333333
 3 -2.272727272727272
 0 -2.212121212121212
 0 -2.151515151515151
 3 -2.090909090909091
 4 -2.03030303030303
 27 -1.96969696969697
 37 -1.909090909090909
 4 -1.848484848484848
 2 -1.787878787878788
 0 -1.727272727272727
 2 -1.666666666666667
 102 -1.606060606060606
 22 -1.545454545454545
 88 -1.484848484848485
 30 -1.424242424242424
 115 -1.363636363636364
 16 -1.303030303030303
 9 -1.242424242424242
 510 -1.181818181818182
 16 -1.121212121212121
 494 -1.060606060606061
 16 -1
 493 -0.9393939393939394
 13 -0.8787878787878789
 485 -0.8181818181818183
 906 -0.7575757575757573
 581 -0.6969696969696968
 936 -0.6363636363636362
 631 -0.5757575757575757
 923 -0.5151515151515151
 618 -0.4545454545454546
 926 -0.393939393939394
 4126 -0.333333333333333
 569 -0.2727272727272725
 2667 -0.2121212121212119
 6 -0.1515151515151514
 2580 -0.09090909090909083
 16 -0.03030303030303028
 2588 0.03030303030303028
 27 0.09090909090909083
 2324 0.1515151515151514
 1514 0.2121212121212124
 2414 0.2727272727272729
 1600 0.3333333333333335
 630 0.393939393939394
 951 0.4545454545454546
 620 0.5151515151515151
 822 0.5757575757575757
 601 0.6363636363636367
 845 0.6969696969696972
 555 0.7575757575757578
 8 0.8181818181818183
 563 0.8787878787878789
 8 0.9393939393939394
 565 1
 17 1.060606060606061
 529 1.121212121212121
 14 1.181818181818182
 34 1.242424242424242
 107 1.303030303030303
 25 1.363636363636363
 119 1.424242424242425
 27 1.484848484848485
 107 1.545454545454546
 5 1.606060606060606
 0 1.666666666666667
 1 1.727272727272728
 51 1.787878787878788
 11 1.848484848484849
 30 1.909090909090909
 3 1.96969696969697
 2 2.03030303030303
 0 2.090909090909091
 0 2.151515151515151
 0 2.212121212121212
 2 2.272727272727272
 0 2.333333333333334
 5 2.393939393939394
 0 2.454545454545455
 1 2.515151515151516
 0 2.575757575757576
 0 2.636363636363637
 0 2.696969696969697
 0 2.757575757575758
 0 2.818181818181818
 0 2.878787878787879
 0 2.939393939393939
 0 3


