# Created by Octave 3.8.2, Mon Jun 22 22:54:16 2020 CEST <damian@fptrucha.inv.usc.es>
# name: hd
# type: matrix
# rows: 100
# columns: 2
 0 -3
 0 -2.939393939393939
 0 -2.878787878787879
 0 -2.818181818181818
 0 -2.757575757575758
 0 -2.696969696969697
 0 -2.636363636363636
 3 -2.575757575757576
 0 -2.515151515151515
 9 -2.454545454545455
 0 -2.393939393939394
 0 -2.333333333333333
 2 -2.272727272727272
 0 -2.212121212121212
 0 -2.151515151515151
 2 -2.090909090909091
 4 -2.03030303030303
 31 -1.96969696969697
 28 -1.909090909090909
 0 -1.848484848484848
 0 -1.787878787878788
 0 -1.727272727272727
 1 -1.666666666666667
 130 -1.606060606060606
 34 -1.545454545454545
 118 -1.484848484848485
 32 -1.424242424242424
 135 -1.363636363636364
 30 -1.303030303030303
 13 -1.242424242424242
 618 -1.181818181818182
 16 -1.121212121212121
 617 -1.060606060606061
 16 -1
 557 -0.9393939393939394
 16 -0.8787878787878789
 542 -0.8181818181818183
 970 -0.7575757575757573
 688 -0.6969696969696968
 1113 -0.6363636363636362
 684 -0.5757575757575757
 970 -0.5151515151515151
 670 -0.4545454545454546
 963 -0.393939393939394
 4429 -0.333333333333333
 590 -0.2727272727272725
 2797 -0.2121212121212119
 14 -0.1515151515151514
 2834 -0.09090909090909083
 20 -0.03030303030303028
 2599 0.03030303030303028
 26 0.09090909090909083
 2491 0.1515151515151514
 1719 0.2121212121212124
 2495 0.2727272727272729
 1668 0.3333333333333335
 671 0.393939393939394
 977 0.4545454545454546
 687 0.5151515151515151
 890 0.5757575757575757
 643 0.6363636363636367
 891 0.6969696969696972
 619 0.7575757575757578
 17 0.8181818181818183
 614 0.8787878787878789
 17 0.9393939393939394
 571 1
 12 1.060606060606061
 511 1.121212121212121
 12 1.181818181818182
 38 1.242424242424242
 112 1.303030303030303
 32 1.363636363636363
 116 1.424242424242425
 37 1.484848484848485
 119 1.545454545454546
 2 1.606060606060606
 0 1.666666666666667
 3 1.727272727272728
 41 1.787878787878788
 1 1.848484848484849
 36 1.909090909090909
 5 1.96969696969697
 2 2.03030303030303
 0 2.090909090909091
 0 2.151515151515151
 0 2.212121212121212
 1 2.272727272727272
 2 2.333333333333334
 11 2.393939393939394
 0 2.454545454545455
 3 2.515151515151516
 0 2.575757575757576
 0 2.636363636363637
 0 2.696969696969697
 0 2.757575757575758
 0 2.818181818181818
 0 2.878787878787879
 0 2.939393939393939
 0 3


