# Created by Octave 3.8.2, Sat Jun 20 20:18:35 2020 CEST <damian@fptrucha.inv.usc.es>
# name: hd
# type: matrix
# rows: 100
# columns: 2
 0 -3
 0 -2.939393939393939
 0 -2.878787878787879
 0 -2.818181818181818
 0 -2.757575757575758
 0 -2.696969696969697
 0 -2.636363636363636
 1 -2.575757575757576
 0 -2.515151515151515
 1 -2.454545454545455
 0 -2.393939393939394
 0 -2.333333333333333
 0 -2.272727272727272
 0 -2.212121212121212
 0 -2.151515151515151
 2 -2.090909090909091
 1 -2.03030303030303
 14 -1.96969696969697
 14 -1.909090909090909
 1 -1.848484848484848
 0 -1.787878787878788
 0 -1.727272727272727
 4 -1.666666666666667
 71 -1.606060606060606
 17 -1.545454545454545
 53 -1.484848484848485
 13 -1.424242424242424
 66 -1.363636363636364
 9 -1.303030303030303
 5 -1.242424242424242
 357 -1.181818181818182
 12 -1.121212121212121
 356 -1.060606060606061
 6 -1
 313 -0.9393939393939394
 11 -0.8787878787878789
 267 -0.8181818181818183
 613 -0.7575757575757573
 414 -0.6969696969696968
 706 -0.6363636363636362
 393 -0.5757575757575757
 578 -0.5151515151515151
 399 -0.4545454545454546
 554 -0.393939393939394
 2835 -0.333333333333333
 348 -0.2727272727272725
 1856 -0.2121212121212119
 6 -0.1515151515151514
 1783 -0.09090909090909083
 11 -0.03030303030303028
 1597 0.03030303030303028
 11 0.09090909090909083
 1429 0.1515151515151514
 1158 0.2121212121212124
 1461 0.2727272727272729
 1105 0.3333333333333335
 417 0.393939393939394
 635 0.4545454545454546
 480 0.5151515151515151
 543 0.5757575757575757
 380 0.6363636363636367
 514 0.6969696969696972
 379 0.7575757575757578
 9 0.8181818181818183
 387 0.8787878787878789
 6 0.9393939393939394
 350 1
 8 1.060606060606061
 306 1.121212121212121
 7 1.181818181818182
 17 1.242424242424242
 56 1.303030303030303
 14 1.363636363636363
 58 1.424242424242425
 17 1.484848484848485
 60 1.545454545454546
 0 1.606060606060606
 0 1.666666666666667
 1 1.727272727272728
 22 1.787878787878788
 1 1.848484848484849
 22 1.909090909090909
 1 1.96969696969697
 1 2.03030303030303
 0 2.090909090909091
 0 2.151515151515151
 0 2.212121212121212
 0 2.272727272727272
 0 2.333333333333334
 7 2.393939393939394
 0 2.454545454545455
 0 2.515151515151516
 0 2.575757575757576
 0 2.636363636363637
 0 2.696969696969697
 0 2.757575757575758
 0 2.818181818181818
 0 2.878787878787879
 0 2.939393939393939
 0 3


