# Created by Octave 3.8.2, Mon Jun 22 16:53:04 2020 CEST <damian@fptrucha.inv.usc.es>
# name: hd
# type: matrix
# rows: 100
# columns: 2
 0 -3
 0 -2.939393939393939
 0 -2.878787878787879
 0 -2.818181818181818
 0 -2.757575757575758
 0 -2.696969696969697
 0 -2.636363636363636
 2 -2.575757575757576
 0 -2.515151515151515
 8 -2.454545454545455
 1 -2.393939393939394
 0 -2.333333333333333
 0 -2.272727272727272
 0 -2.212121212121212
 0 -2.151515151515151
 1 -2.090909090909091
 3 -2.03030303030303
 15 -1.96969696969697
 46 -1.909090909090909
 2 -1.848484848484848
 1 -1.787878787878788
 0 -1.727272727272727
 1 -1.666666666666667
 112 -1.606060606060606
 30 -1.545454545454545
 107 -1.484848484848485
 31 -1.424242424242424
 113 -1.363636363636364
 34 -1.303030303030303
 17 -1.242424242424242
 569 -1.181818181818182
 21 -1.121212121212121
 571 -1.060606060606061
 17 -1
 535 -0.9393939393939394
 21 -0.8787878787878789
 520 -0.8181818181818183
 958 -0.7575757575757573
 672 -0.6969696969696968
 993 -0.6363636363636362
 649 -0.5757575757575757
 936 -0.5151515151515151
 629 -0.4545454545454546
 979 -0.393939393939394
 4297 -0.333333333333333
 629 -0.2727272727272725
 2689 -0.2121212121212119
 15 -0.1515151515151514
 2729 -0.09090909090909083
 13 -0.03030303030303028
 2614 0.03030303030303028
 12 0.09090909090909083
 2380 0.1515151515151514
 1539 0.2121212121212124
 2431 0.2727272727272729
 1673 0.3333333333333335
 668 0.393939393939394
 945 0.4545454545454546
 676 0.5151515151515151
 879 0.5757575757575757
 650 0.6363636363636367
 860 0.6969696969696972
 603 0.7575757575757578
 15 0.8181818181818183
 610 0.8787878787878789
 10 0.9393939393939394
 541 1
 13 1.060606060606061
 484 1.121212121212121
 12 1.181818181818182
 31 1.242424242424242
 125 1.303030303030303
 37 1.363636363636363
 127 1.424242424242425
 31 1.484848484848485
 118 1.545454545454546
 2 1.606060606060606
 0 1.666666666666667
 1 1.727272727272728
 45 1.787878787878788
 6 1.848484848484849
 40 1.909090909090909
 5 1.96969696969697
 2 2.03030303030303
 0 2.090909090909091
 0 2.151515151515151
 2 2.212121212121212
 0 2.272727272727272
 0 2.333333333333334
 11 2.393939393939394
 1 2.454545454545455
 3 2.515151515151516
 0 2.575757575757576
 0 2.636363636363637
 0 2.696969696969697
 0 2.757575757575758
 0 2.818181818181818
 0 2.878787878787879
 0 2.939393939393939
 0 3


