# Created by Octave 3.8.2, Mon Jun 22 08:34:35 2020 CEST <damian@fptrucha.inv.usc.es>
# name: hd
# type: matrix
# rows: 100
# columns: 2
 0 -3
 0 -2.939393939393939
 0 -2.878787878787879
 0 -2.818181818181818
 0 -2.757575757575758
 0 -2.696969696969697
 0 -2.636363636363636
 1 -2.575757575757576
 0 -2.515151515151515
 10 -2.454545454545455
 0 -2.393939393939394
 2 -2.333333333333333
 1 -2.272727272727272
 0 -2.212121212121212
 0 -2.151515151515151
 1 -2.090909090909091
 1 -2.03030303030303
 26 -1.96969696969697
 40 -1.909090909090909
 2 -1.848484848484848
 2 -1.787878787878788
 0 -1.727272727272727
 6 -1.666666666666667
 114 -1.606060606060606
 26 -1.545454545454545
 98 -1.484848484848485
 33 -1.424242424242424
 111 -1.363636363636364
 24 -1.303030303030303
 11 -1.242424242424242
 501 -1.181818181818182
 13 -1.121212121212121
 506 -1.060606060606061
 17 -1
 494 -0.9393939393939394
 22 -0.8787878787878789
 488 -0.8181818181818183
 872 -0.7575757575757573
 579 -0.6969696969696968
 905 -0.6363636363636362
 600 -0.5757575757575757
 872 -0.5151515151515151
 614 -0.4545454545454546
 891 -0.393939393939394
 3929 -0.333333333333333
 572 -0.2727272727272725
 2460 -0.2121212121212119
 16 -0.1515151515151514
 2620 -0.09090909090909083
 18 -0.03030303030303028
 2363 0.03030303030303028
 18 0.09090909090909083
 2317 0.1515151515151514
 1491 0.2121212121212124
 2231 0.2727272727272729
 1510 0.3333333333333335
 632 0.393939393939394
 891 0.4545454545454546
 653 0.5151515151515151
 839 0.5757575757575757
 620 0.6363636363636367
 740 0.6969696969696972
 532 0.7575757575757578
 19 0.8181818181818183
 555 0.8787878787878789
 18 0.9393939393939394
 511 1
 15 1.060606060606061
 510 1.121212121212121
 11 1.181818181818182
 35 1.242424242424242
 88 1.303030303030303
 33 1.363636363636363
 119 1.424242424242425
 39 1.484848484848485
 91 1.545454545454546
 5 1.606060606060606
 0 1.666666666666667
 3 1.727272727272728
 42 1.787878787878788
 6 1.848484848484849
 27 1.909090909090909
 4 1.96969696969697
 3 2.03030303030303
 0 2.090909090909091
 0 2.151515151515151
 1 2.212121212121212
 2 2.272727272727272
 0 2.333333333333334
 16 2.393939393939394
 0 2.454545454545455
 0 2.515151515151516
 0 2.575757575757576
 0 2.636363636363637
 0 2.696969696969697
 0 2.757575757575758
 0 2.818181818181818
 0 2.878787878787879
 0 2.939393939393939
 0 3


