# Created by Octave 3.8.2, Sun Jun 21 00:13:46 2020 CEST <damian@fptrucha.inv.usc.es>
# name: hd
# type: matrix
# rows: 100
# columns: 2
 0 -3
 0 -2.939393939393939
 0 -2.878787878787879
 0 -2.818181818181818
 0 -2.757575757575758
 0 -2.696969696969697
 0 -2.636363636363636
 1 -2.575757575757576
 0 -2.515151515151515
 4 -2.454545454545455
 0 -2.393939393939394
 1 -2.333333333333333
 0 -2.272727272727272
 0 -2.212121212121212
 0 -2.151515151515151
 2 -2.090909090909091
 4 -2.03030303030303
 20 -1.96969696969697
 15 -1.909090909090909
 1 -1.848484848484848
 1 -1.787878787878788
 0 -1.727272727272727
 1 -1.666666666666667
 95 -1.606060606060606
 17 -1.545454545454545
 89 -1.484848484848485
 18 -1.424242424242424
 71 -1.363636363636364
 17 -1.303030303030303
 11 -1.242424242424242
 518 -1.181818181818182
 12 -1.121212121212121
 475 -1.060606060606061
 11 -1
 462 -0.9393939393939394
 16 -0.8787878787878789
 459 -0.8181818181818183
 974 -0.7575757575757573
 618 -0.6969696969696968
 1004 -0.6363636363636362
 623 -0.5757575757575757
 825 -0.5151515151515151
 498 -0.4545454545454546
 812 -0.393939393939394
 4078 -0.333333333333333
 505 -0.2727272727272725
 2847 -0.2121212121212119
 9 -0.1515151515151514
 2555 -0.09090909090909083
 14 -0.03030303030303028
 2554 0.03030303030303028
 9 0.09090909090909083
 2204 0.1515151515151514
 1681 0.2121212121212124
 2104 0.2727272727272729
 1565 0.3333333333333335
 593 0.393939393939394
 876 0.4545454545454546
 595 0.5151515151515151
 805 0.5757575757575757
 578 0.6363636363636367
 759 0.6969696969696972
 609 0.7575757575757578
 7 0.8181818181818183
 541 0.8787878787878789
 10 0.9393939393939394
 495 1
 12 1.060606060606061
 459 1.121212121212121
 12 1.181818181818182
 21 1.242424242424242
 98 1.303030303030303
 26 1.363636363636363
 102 1.424242424242425
 21 1.484848484848485
 90 1.545454545454546
 4 1.606060606060606
 0 1.666666666666667
 0 1.727272727272728
 28 1.787878787878788
 2 1.848484848484849
 20 1.909090909090909
 2 1.96969696969697
 2 2.03030303030303
 0 2.090909090909091
 0 2.151515151515151
 1 2.212121212121212
 0 2.272727272727272
 0 2.333333333333334
 7 2.393939393939394
 0 2.454545454545455
 1 2.515151515151516
 0 2.575757575757576
 0 2.636363636363637
 0 2.696969696969697
 0 2.757575757575758
 0 2.818181818181818
 0 2.878787878787879
 0 2.939393939393939
 0 3


