# Created by Octave 3.8.2, Sat Jun 20 07:53:11 2020 CEST <damian@fptrucha.inv.usc.es>
# name: hd
# type: matrix
# rows: 100
# columns: 2
 0 -3
 0 -2.939393939393939
 0 -2.878787878787879
 0 -2.818181818181818
 0 -2.757575757575758
 0 -2.696969696969697
 0 -2.636363636363636
 0 -2.575757575757576
 1 -2.515151515151515
 11 -2.454545454545455
 1 -2.393939393939394
 0 -2.333333333333333
 1 -2.272727272727272
 0 -2.212121212121212
 0 -2.151515151515151
 4 -2.090909090909091
 7 -2.03030303030303
 33 -1.96969696969697
 39 -1.909090909090909
 1 -1.848484848484848
 2 -1.787878787878788
 0 -1.727272727272727
 4 -1.666666666666667
 124 -1.606060606060606
 27 -1.545454545454545
 112 -1.484848484848485
 28 -1.424242424242424
 86 -1.363636363636364
 18 -1.303030303030303
 15 -1.242424242424242
 632 -1.181818181818182
 15 -1.121212121212121
 577 -1.060606060606061
 16 -1
 525 -0.9393939393939394
 16 -0.8787878787878789
 559 -0.8181818181818183
 1184 -0.7575757575757573
 770 -0.6969696969696968
 1154 -0.6363636363636362
 761 -0.5757575757575757
 1096 -0.5151515151515151
 693 -0.4545454545454546
 1031 -0.393939393939394
 4858 -0.333333333333333
 609 -0.2727272727272725
 3140 -0.2121212121212119
 11 -0.1515151515151514
 3021 -0.09090909090909083
 14 -0.03030303030303028
 2871 0.03030303030303028
 7 0.09090909090909083
 2604 0.1515151515151514
 1897 0.2121212121212124
 2422 0.2727272727272729
 1798 0.3333333333333335
 701 0.393939393939394
 964 0.4545454545454546
 764 0.5151515151515151
 855 0.5757575757575757
 633 0.6363636363636367
 866 0.6969696969696972
 619 0.7575757575757578
 15 0.8181818181818183
 565 0.8787878787878789
 19 0.9393939393939394
 521 1
 10 1.060606060606061
 515 1.121212121212121
 14 1.181818181818182
 37 1.242424242424242
 123 1.303030303030303
 26 1.363636363636363
 114 1.424242424242425
 36 1.484848484848485
 86 1.545454545454546
 5 1.606060606060606
 0 1.666666666666667
 2 1.727272727272728
 37 1.787878787878788
 1 1.848484848484849
 35 1.909090909090909
 5 1.96969696969697
 1 2.03030303030303
 0 2.090909090909091
 0 2.151515151515151
 1 2.212121212121212
 0 2.272727272727272
 1 2.333333333333334
 7 2.393939393939394
 0 2.454545454545455
 0 2.515151515151516
 0 2.575757575757576
 0 2.636363636363637
 0 2.696969696969697
 0 2.757575757575758
 0 2.818181818181818
 0 2.878787878787879
 0 2.939393939393939
 0 3


