# Created by Octave 3.8.2, Sun Jun 21 05:32:45 2020 CEST <damian@fptrucha.inv.usc.es>
# name: hd
# type: matrix
# rows: 100
# columns: 2
 0 -3
 0 -2.939393939393939
 0 -2.878787878787879
 0 -2.818181818181818
 0 -2.757575757575758
 0 -2.696969696969697
 0 -2.636363636363636
 1 -2.575757575757576
 1 -2.515151515151515
 8 -2.454545454545455
 0 -2.393939393939394
 0 -2.333333333333333
 0 -2.272727272727272
 0 -2.212121212121212
 0 -2.151515151515151
 0 -2.090909090909091
 1 -2.03030303030303
 25 -1.96969696969697
 25 -1.909090909090909
 2 -1.848484848484848
 0 -1.787878787878788
 0 -1.727272727272727
 3 -1.666666666666667
 87 -1.606060606060606
 18 -1.545454545454545
 83 -1.484848484848485
 27 -1.424242424242424
 78 -1.363636363636364
 22 -1.303030303030303
 14 -1.242424242424242
 543 -1.181818181818182
 18 -1.121212121212121
 516 -1.060606060606061
 16 -1
 459 -0.9393939393939394
 13 -0.8787878787878789
 446 -0.8181818181818183
 950 -0.7575757575757573
 645 -0.6969696969696968
 1012 -0.6363636363636362
 643 -0.5757575757575757
 846 -0.5151515151515151
 560 -0.4545454545454546
 829 -0.393939393939394
 4139 -0.333333333333333
 563 -0.2727272727272725
 2828 -0.2121212121212119
 14 -0.1515151515151514
 2557 -0.09090909090909083
 7 -0.03030303030303028
 2471 0.03030303030303028
 12 0.09090909090909083
 2205 0.1515151515151514
 1671 0.2121212121212124
 2164 0.2727272727272729
 1631 0.3333333333333335
 638 0.393939393939394
 884 0.4545454545454546
 651 0.5151515151515151
 787 0.5757575757575757
 546 0.6363636363636367
 724 0.6969696969696972
 583 0.7575757575757578
 13 0.8181818181818183
 576 0.8787878787878789
 8 0.9393939393939394
 498 1
 7 1.060606060606061
 476 1.121212121212121
 14 1.181818181818182
 32 1.242424242424242
 110 1.303030303030303
 18 1.363636363636363
 102 1.424242424242425
 20 1.484848484848485
 74 1.545454545454546
 2 1.606060606060606
 0 1.666666666666667
 2 1.727272727272728
 19 1.787878787878788
 1 1.848484848484849
 21 1.909090909090909
 1 1.96969696969697
 2 2.03030303030303
 0 2.090909090909091
 0 2.151515151515151
 1 2.212121212121212
 0 2.272727272727272
 0 2.333333333333334
 9 2.393939393939394
 1 2.454545454545455
 2 2.515151515151516
 0 2.575757575757576
 0 2.636363636363637
 0 2.696969696969697
 0 2.757575757575758
 0 2.818181818181818
 0 2.878787878787879
 0 2.939393939393939
 0 3


