# Created by Octave 3.8.2, Sun Jun 21 07:52:43 2020 CEST <damian@fptrucha.inv.usc.es>
# name: hd
# type: matrix
# rows: 100
# columns: 2
 0 -3
 0 -2.939393939393939
 0 -2.878787878787879
 0 -2.818181818181818
 0 -2.757575757575758
 0 -2.696969696969697
 0 -2.636363636363636
 3 -2.575757575757576
 1 -2.515151515151515
 6 -2.454545454545455
 2 -2.393939393939394
 2 -2.333333333333333
 0 -2.272727272727272
 0 -2.212121212121212
 0 -2.151515151515151
 1 -2.090909090909091
 0 -2.03030303030303
 20 -1.96969696969697
 28 -1.909090909090909
 1 -1.848484848484848
 3 -1.787878787878788
 0 -1.727272727272727
 0 -1.666666666666667
 86 -1.606060606060606
 19 -1.545454545454545
 83 -1.484848484848485
 29 -1.424242424242424
 75 -1.363636363636364
 19 -1.303030303030303
 18 -1.242424242424242
 547 -1.181818181818182
 11 -1.121212121212121
 552 -1.060606060606061
 15 -1
 459 -0.9393939393939394
 13 -0.8787878787878789
 432 -0.8181818181818183
 1028 -0.7575757575757573
 646 -0.6969696969696968
 1022 -0.6363636363636362
 644 -0.5757575757575757
 854 -0.5151515151515151
 534 -0.4545454545454546
 867 -0.393939393939394
 4233 -0.333333333333333
 551 -0.2727272727272725
 2796 -0.2121212121212119
 8 -0.1515151515151514
 2688 -0.09090909090909083
 8 -0.03030303030303028
 2417 0.03030303030303028
 7 0.09090909090909083
 2165 0.1515151515151514
 1685 0.2121212121212124
 2114 0.2727272727272729
 1724 0.3333333333333335
 605 0.393939393939394
 877 0.4545454545454546
 633 0.5151515151515151
 788 0.5757575757575757
 566 0.6363636363636367
 809 0.6969696969696972
 570 0.7575757575757578
 13 0.8181818181818183
 550 0.8787878787878789
 5 0.9393939393939394
 512 1
 11 1.060606060606061
 460 1.121212121212121
 6 1.181818181818182
 37 1.242424242424242
 100 1.303030303030303
 21 1.363636363636363
 91 1.424242424242425
 19 1.484848484848485
 77 1.545454545454546
 1 1.606060606060606
 0 1.666666666666667
 2 1.727272727272728
 20 1.787878787878788
 3 1.848484848484849
 21 1.909090909090909
 10 1.96969696969697
 4 2.03030303030303
 0 2.090909090909091
 0 2.151515151515151
 2 2.212121212121212
 1 2.272727272727272
 1 2.333333333333334
 7 2.393939393939394
 0 2.454545454545455
 1 2.515151515151516
 0 2.575757575757576
 0 2.636363636363637
 0 2.696969696969697
 0 2.757575757575758
 0 2.818181818181818
 0 2.878787878787879
 0 2.939393939393939
 0 3


