# Created by Octave 3.8.2, Sat Jun 20 22:35:49 2020 CEST <damian@fptrucha.inv.usc.es>
# name: hd
# type: matrix
# rows: 100
# columns: 2
 0 -3
 0 -2.939393939393939
 0 -2.878787878787879
 0 -2.818181818181818
 0 -2.757575757575758
 0 -2.696969696969697
 0 -2.636363636363636
 0 -2.575757575757576
 0 -2.515151515151515
 2 -2.454545454545455
 0 -2.393939393939394
 0 -2.333333333333333
 0 -2.272727272727272
 0 -2.212121212121212
 0 -2.151515151515151
 2 -2.090909090909091
 0 -2.03030303030303
 11 -1.96969696969697
 20 -1.909090909090909
 0 -1.848484848484848
 0 -1.787878787878788
 0 -1.727272727272727
 0 -1.666666666666667
 42 -1.606060606060606
 13 -1.545454545454545
 60 -1.484848484848485
 13 -1.424242424242424
 59 -1.363636363636364
 14 -1.303030303030303
 6 -1.242424242424242
 381 -1.181818181818182
 7 -1.121212121212121
 314 -1.060606060606061
 9 -1
 262 -0.9393939393939394
 7 -0.8787878787878789
 277 -0.8181818181818183
 618 -0.7575757575757573
 442 -0.6969696969696968
 657 -0.6363636363636362
 380 -0.5757575757575757
 602 -0.5151515151515151
 392 -0.4545454545454546
 539 -0.393939393939394
 2641 -0.333333333333333
 331 -0.2727272727272725
 1900 -0.2121212121212119
 3 -0.1515151515151514
 1673 -0.09090909090909083
 10 -0.03030303030303028
 1588 0.03030303030303028
 7 0.09090909090909083
 1532 0.1515151515151514
 1143 0.2121212121212124
 1426 0.2727272727272729
 1088 0.3333333333333335
 410 0.393939393939394
 598 0.4545454545454546
 449 0.5151515151515151
 516 0.5757575757575757
 379 0.6363636363636367
 510 0.6969696969696972
 389 0.7575757575757578
 6 0.8181818181818183
 345 0.8787878787878789
 5 0.9393939393939394
 322 1
 6 1.060606060606061
 339 1.121212121212121
 5 1.181818181818182
 12 1.242424242424242
 68 1.303030303030303
 12 1.363636363636363
 77 1.424242424242425
 21 1.484848484848485
 64 1.545454545454546
 0 1.606060606060606
 0 1.666666666666667
 0 1.727272727272728
 17 1.787878787878788
 1 1.848484848484849
 18 1.909090909090909
 3 1.96969696969697
 1 2.03030303030303
 0 2.090909090909091
 0 2.151515151515151
 3 2.212121212121212
 0 2.272727272727272
 1 2.333333333333334
 4 2.393939393939394
 1 2.454545454545455
 1 2.515151515151516
 0 2.575757575757576
 0 2.636363636363637
 0 2.696969696969697
 0 2.757575757575758
 0 2.818181818181818
 0 2.878787878787879
 0 2.939393939393939
 0 3


