# Created by Octave 3.8.2, Sat Jun 20 17:42:04 2020 CEST <damian@fptrucha.inv.usc.es>
# name: hd
# type: matrix
# rows: 100
# columns: 2
 0 -3
 0 -2.939393939393939
 0 -2.878787878787879
 0 -2.818181818181818
 0 -2.757575757575758
 0 -2.696969696969697
 0 -2.636363636363636
 3 -2.575757575757576
 0 -2.515151515151515
 5 -2.454545454545455
 1 -2.393939393939394
 1 -2.333333333333333
 3 -2.272727272727272
 0 -2.212121212121212
 0 -2.151515151515151
 2 -2.090909090909091
 3 -2.03030303030303
 21 -1.96969696969697
 22 -1.909090909090909
 1 -1.848484848484848
 0 -1.787878787878788
 0 -1.727272727272727
 3 -1.666666666666667
 107 -1.606060606060606
 32 -1.545454545454545
 87 -1.484848484848485
 13 -1.424242424242424
 86 -1.363636363636364
 16 -1.303030303030303
 21 -1.242424242424242
 544 -1.181818181818182
 19 -1.121212121212121
 528 -1.060606060606061
 19 -1
 488 -0.9393939393939394
 14 -0.8787878787878789
 448 -0.8181818181818183
 967 -0.7575757575757573
 663 -0.6969696969696968
 978 -0.6363636363636362
 624 -0.5757575757575757
 899 -0.5151515151515151
 579 -0.4545454545454546
 821 -0.393939393939394
 4289 -0.333333333333333
 539 -0.2727272727272725
 2913 -0.2121212121212119
 7 -0.1515151515151514
 2578 -0.09090909090909083
 16 -0.03030303030303028
 2538 0.03030303030303028
 13 0.09090909090909083
 2280 0.1515151515151514
 1699 0.2121212121212124
 2218 0.2727272727272729
 1606 0.3333333333333335
 621 0.393939393939394
 915 0.4545454545454546
 610 0.5151515151515151
 809 0.5757575757575757
 564 0.6363636363636367
 746 0.6969696969696972
 604 0.7575757575757578
 8 0.8181818181818183
 563 0.8787878787878789
 11 0.9393939393939394
 498 1
 18 1.060606060606061
 514 1.121212121212121
 9 1.181818181818182
 23 1.242424242424242
 110 1.303030303030303
 19 1.363636363636363
 100 1.424242424242425
 28 1.484848484848485
 100 1.545454545454546
 2 1.606060606060606
 0 1.666666666666667
 1 1.727272727272728
 28 1.787878787878788
 1 1.848484848484849
 23 1.909090909090909
 2 1.96969696969697
 1 2.03030303030303
 0 2.090909090909091
 0 2.151515151515151
 1 2.212121212121212
 0 2.272727272727272
 0 2.333333333333334
 4 2.393939393939394
 1 2.454545454545455
 0 2.515151515151516
 0 2.575757575757576
 0 2.636363636363637
 0 2.696969696969697
 0 2.757575757575758
 0 2.818181818181818
 0 2.878787878787879
 0 2.939393939393939
 0 3


