# Created by Octave 3.8.2, Mon Jun 22 15:24:44 2020 CEST <damian@fptrucha.inv.usc.es>
# name: hd
# type: matrix
# rows: 100
# columns: 2
 0 -3
 0 -2.939393939393939
 0 -2.878787878787879
 0 -2.818181818181818
 0 -2.757575757575758
 0 -2.696969696969697
 0 -2.636363636363636
 0 -2.575757575757576
 0 -2.515151515151515
 11 -2.454545454545455
 1 -2.393939393939394
 0 -2.333333333333333
 1 -2.272727272727272
 0 -2.212121212121212
 0 -2.151515151515151
 0 -2.090909090909091
 9 -2.03030303030303
 31 -1.96969696969697
 30 -1.909090909090909
 3 -1.848484848484848
 1 -1.787878787878788
 0 -1.727272727272727
 3 -1.666666666666667
 113 -1.606060606060606
 27 -1.545454545454545
 132 -1.484848484848485
 25 -1.424242424242424
 109 -1.363636363636364
 26 -1.303030303030303
 17 -1.242424242424242
 594 -1.181818181818182
 13 -1.121212121212121
 586 -1.060606060606061
 14 -1
 520 -0.9393939393939394
 19 -0.8787878787878789
 549 -0.8181818181818183
 942 -0.7575757575757573
 595 -0.6969696969696968
 1092 -0.6363636363636362
 653 -0.5757575757575757
 916 -0.5151515151515151
 682 -0.4545454545454546
 960 -0.393939393939394
 4276 -0.333333333333333
 604 -0.2727272727272725
 2668 -0.2121212121212119
 14 -0.1515151515151514
 2746 -0.09090909090909083
 17 -0.03030303030303028
 2505 0.03030303030303028
 18 0.09090909090909083
 2301 0.1515151515151514
 1573 0.2121212121212124
 2333 0.2727272727272729
 1607 0.3333333333333335
 669 0.393939393939394
 886 0.4545454545454546
 665 0.5151515151515151
 772 0.5757575757575757
 634 0.6363636363636367
 839 0.6969696969696972
 596 0.7575757575757578
 13 0.8181818181818183
 587 0.8787878787878789
 21 0.9393939393939394
 545 1
 14 1.060606060606061
 542 1.121212121212121
 18 1.181818181818182
 32 1.242424242424242
 136 1.303030303030303
 35 1.363636363636363
 115 1.424242424242425
 31 1.484848484848485
 121 1.545454545454546
 4 1.606060606060606
 0 1.666666666666667
 0 1.727272727272728
 38 1.787878787878788
 5 1.848484848484849
 42 1.909090909090909
 4 1.96969696969697
 3 2.03030303030303
 0 2.090909090909091
 0 2.151515151515151
 1 2.212121212121212
 0 2.272727272727272
 2 2.333333333333334
 7 2.393939393939394
 0 2.454545454545455
 1 2.515151515151516
 0 2.575757575757576
 0 2.636363636363637
 0 2.696969696969697
 0 2.757575757575758
 0 2.818181818181818
 0 2.878787878787879
 0 2.939393939393939
 0 3


