# Created by Octave 3.8.2, Mon Jun 22 22:06:10 2020 CEST <damian@fptrucha.inv.usc.es>
# name: hd
# type: matrix
# rows: 100
# columns: 2
 0 -3
 0 -2.939393939393939
 0 -2.878787878787879
 0 -2.818181818181818
 0 -2.757575757575758
 0 -2.696969696969697
 0 -2.636363636363636
 1 -2.575757575757576
 1 -2.515151515151515
 11 -2.454545454545455
 1 -2.393939393939394
 1 -2.333333333333333
 1 -2.272727272727272
 0 -2.212121212121212
 0 -2.151515151515151
 2 -2.090909090909091
 0 -2.03030303030303
 35 -1.96969696969697
 33 -1.909090909090909
 3 -1.848484848484848
 0 -1.787878787878788
 0 -1.727272727272727
 2 -1.666666666666667
 111 -1.606060606060606
 34 -1.545454545454545
 107 -1.484848484848485
 23 -1.424242424242424
 120 -1.363636363636364
 31 -1.303030303030303
 24 -1.242424242424242
 611 -1.181818181818182
 14 -1.121212121212121
 594 -1.060606060606061
 16 -1
 547 -0.9393939393939394
 20 -0.8787878787878789
 553 -0.8181818181818183
 993 -0.7575757575757573
 722 -0.6969696969696968
 1088 -0.6363636363636362
 682 -0.5757575757575757
 956 -0.5151515151515151
 637 -0.4545454545454546
 969 -0.393939393939394
 4250 -0.333333333333333
 644 -0.2727272727272725
 2852 -0.2121212121212119
 14 -0.1515151515151514
 2806 -0.09090909090909083
 17 -0.03030303030303028
 2679 0.03030303030303028
 17 0.09090909090909083
 2424 0.1515151515151514
 1660 0.2121212121212124
 2496 0.2727272727272729
 1736 0.3333333333333335
 717 0.393939393939394
 930 0.4545454545454546
 668 0.5151515151515151
 852 0.5757575757575757
 690 0.6363636363636367
 912 0.6969696969696972
 589 0.7575757575757578
 11 0.8181818181818183
 616 0.8787878787878789
 16 0.9393939393939394
 589 1
 9 1.060606060606061
 568 1.121212121212121
 14 1.181818181818182
 39 1.242424242424242
 104 1.303030303030303
 34 1.363636363636363
 108 1.424242424242425
 34 1.484848484848485
 88 1.545454545454546
 0 1.606060606060606
 0 1.666666666666667
 2 1.727272727272728
 33 1.787878787878788
 2 1.848484848484849
 33 1.909090909090909
 2 1.96969696969697
 1 2.03030303030303
 0 2.090909090909091
 0 2.151515151515151
 2 2.212121212121212
 1 2.272727272727272
 2 2.333333333333334
 12 2.393939393939394
 2 2.454545454545455
 1 2.515151515151516
 0 2.575757575757576
 0 2.636363636363637
 0 2.696969696969697
 0 2.757575757575758
 0 2.818181818181818
 0 2.878787878787879
 0 2.939393939393939
 0 3


