# Created by Octave 3.8.2, Mon Jun 22 01:09:20 2020 CEST <damian@fptrucha.inv.usc.es>
# name: hd
# type: matrix
# rows: 100
# columns: 2
 0 -3
 0 -2.939393939393939
 0 -2.878787878787879
 0 -2.818181818181818
 0 -2.757575757575758
 0 -2.696969696969697
 0 -2.636363636363636
 2 -2.575757575757576
 0 -2.515151515151515
 2 -2.454545454545455
 0 -2.393939393939394
 0 -2.333333333333333
 1 -2.272727272727272
 0 -2.212121212121212
 0 -2.151515151515151
 1 -2.090909090909091
 0 -2.03030303030303
 26 -1.96969696969697
 29 -1.909090909090909
 2 -1.848484848484848
 1 -1.787878787878788
 0 -1.727272727272727
 5 -1.666666666666667
 97 -1.606060606060606
 22 -1.545454545454545
 85 -1.484848484848485
 21 -1.424242424242424
 63 -1.363636363636364
 25 -1.303030303030303
 16 -1.242424242424242
 540 -1.181818181818182
 15 -1.121212121212121
 499 -1.060606060606061
 8 -1
 475 -0.9393939393939394
 6 -0.8787878787878789
 438 -0.8181818181818183
 1039 -0.7575757575757573
 719 -0.6969696969696968
 1044 -0.6363636363636362
 622 -0.5757575757575757
 894 -0.5151515151515151
 635 -0.4545454545454546
 827 -0.393939393939394
 4262 -0.333333333333333
 532 -0.2727272727272725
 2833 -0.2121212121212119
 10 -0.1515151515151514
 2736 -0.09090909090909083
 4 -0.03030303030303028
 2665 0.03030303030303028
 8 0.09090909090909083
 2163 0.1515151515151514
 1781 0.2121212121212124
 2182 0.2727272727272729
 1713 0.3333333333333335
 614 0.393939393939394
 865 0.4545454545454546
 632 0.5151515151515151
 797 0.5757575757575757
 611 0.6363636363636367
 797 0.6969696969696972
 588 0.7575757575757578
 8 0.8181818181818183
 547 0.8787878787878789
 14 0.9393939393939394
 533 1
 8 1.060606060606061
 457 1.121212121212121
 10 1.181818181818182
 21 1.242424242424242
 100 1.303030303030303
 25 1.363636363636363
 107 1.424242424242425
 27 1.484848484848485
 95 1.545454545454546
 1 1.606060606060606
 0 1.666666666666667
 2 1.727272727272728
 31 1.787878787878788
 6 1.848484848484849
 30 1.909090909090909
 2 1.96969696969697
 1 2.03030303030303
 0 2.090909090909091
 0 2.151515151515151
 3 2.212121212121212
 0 2.272727272727272
 2 2.333333333333334
 8 2.393939393939394
 0 2.454545454545455
 0 2.515151515151516
 0 2.575757575757576
 0 2.636363636363637
 0 2.696969696969697
 0 2.757575757575758
 0 2.818181818181818
 0 2.878787878787879
 0 2.939393939393939
 0 3


