# Created by Octave 3.8.2, Mon Jun 22 17:31:38 2020 CEST <damian@fptrucha.inv.usc.es>
# name: hd
# type: matrix
# rows: 100
# columns: 2
 0 -3
 0 -2.939393939393939
 0 -2.878787878787879
 0 -2.818181818181818
 0 -2.757575757575758
 0 -2.696969696969697
 0 -2.636363636363636
 1 -2.575757575757576
 0 -2.515151515151515
 7 -2.454545454545455
 0 -2.393939393939394
 1 -2.333333333333333
 1 -2.272727272727272
 0 -2.212121212121212
 0 -2.151515151515151
 1 -2.090909090909091
 7 -2.03030303030303
 24 -1.96969696969697
 38 -1.909090909090909
 3 -1.848484848484848
 1 -1.787878787878788
 0 -1.727272727272727
 3 -1.666666666666667
 123 -1.606060606060606
 27 -1.545454545454545
 121 -1.484848484848485
 25 -1.424242424242424
 139 -1.363636363636364
 25 -1.303030303030303
 9 -1.242424242424242
 575 -1.181818181818182
 21 -1.121212121212121
 594 -1.060606060606061
 13 -1
 559 -0.9393939393939394
 15 -0.8787878787878789
 544 -0.8181818181818183
 927 -0.7575757575757573
 701 -0.6969696969696968
 1076 -0.6363636363636362
 630 -0.5757575757575757
 950 -0.5151515151515151
 653 -0.4545454545454546
 951 -0.393939393939394
 4279 -0.333333333333333
 636 -0.2727272727272725
 2764 -0.2121212121212119
 12 -0.1515151515151514
 2719 -0.09090909090909083
 10 -0.03030303030303028
 2566 0.03030303030303028
 15 0.09090909090909083
 2342 0.1515151515151514
 1555 0.2121212121212124
 2314 0.2727272727272729
 1630 0.3333333333333335
 687 0.393939393939394
 920 0.4545454545454546
 652 0.5151515151515151
 843 0.5757575757575757
 625 0.6363636363636367
 822 0.6969696969696972
 575 0.7575757575757578
 18 0.8181818181818183
 610 0.8787878787878789
 13 0.9393939393939394
 591 1
 16 1.060606060606061
 543 1.121212121212121
 13 1.181818181818182
 32 1.242424242424242
 105 1.303030303030303
 41 1.363636363636363
 103 1.424242424242425
 37 1.484848484848485
 105 1.545454545454546
 0 1.606060606060606
 0 1.666666666666667
 2 1.727272727272728
 38 1.787878787878788
 5 1.848484848484849
 29 1.909090909090909
 9 1.96969696969697
 3 2.03030303030303
 0 2.090909090909091
 0 2.151515151515151
 3 2.212121212121212
 0 2.272727272727272
 0 2.333333333333334
 7 2.393939393939394
 3 2.454545454545455
 0 2.515151515151516
 0 2.575757575757576
 0 2.636363636363637
 0 2.696969696969697
 0 2.757575757575758
 0 2.818181818181818
 0 2.878787878787879
 0 2.939393939393939
 0 3


