# Created by Octave 3.8.2, Sat Jun 20 10:22:07 2020 CEST <damian@fptrucha.inv.usc.es>
# name: hd
# type: matrix
# rows: 100
# columns: 2
 0 -3
 0 -2.939393939393939
 0 -2.878787878787879
 0 -2.818181818181818
 0 -2.757575757575758
 0 -2.696969696969697
 0 -2.636363636363636
 2 -2.575757575757576
 1 -2.515151515151515
 5 -2.454545454545455
 0 -2.393939393939394
 0 -2.333333333333333
 0 -2.272727272727272
 0 -2.212121212121212
 0 -2.151515151515151
 0 -2.090909090909091
 2 -2.03030303030303
 20 -1.96969696969697
 32 -1.909090909090909
 2 -1.848484848484848
 2 -1.787878787878788
 0 -1.727272727272727
 2 -1.666666666666667
 108 -1.606060606060606
 27 -1.545454545454545
 111 -1.484848484848485
 23 -1.424242424242424
 101 -1.363636363636364
 14 -1.303030303030303
 11 -1.242424242424242
 578 -1.181818181818182
 25 -1.121212121212121
 564 -1.060606060606061
 14 -1
 515 -0.9393939393939394
 11 -0.8787878787878789
 497 -0.8181818181818183
 1107 -0.7575757575757573
 765 -0.6969696969696968
 1172 -0.6363636363636362
 700 -0.5757575757575757
 1042 -0.5151515151515151
 679 -0.4545454545454546
 902 -0.393939393939394
 4712 -0.333333333333333
 585 -0.2727272727272725
 3112 -0.2121212121212119
 17 -0.1515151515151514
 2994 -0.09090909090909083
 8 -0.03030303030303028
 2831 0.03030303030303028
 11 0.09090909090909083
 2463 0.1515151515151514
 2063 0.2121212121212124
 2386 0.2727272727272729
 1896 0.3333333333333335
 754 0.393939393939394
 969 0.4545454545454546
 706 0.5151515151515151
 936 0.5757575757575757
 618 0.6363636363636367
 861 0.6969696969696972
 661 0.7575757575757578
 12 0.8181818181818183
 633 0.8787878787878789
 10 0.9393939393939394
 608 1
 15 1.060606060606061
 579 1.121212121212121
 10 1.181818181818182
 40 1.242424242424242
 105 1.303030303030303
 40 1.363636363636363
 124 1.424242424242425
 35 1.484848484848485
 106 1.545454545454546
 4 1.606060606060606
 0 1.666666666666667
 1 1.727272727272728
 35 1.787878787878788
 6 1.848484848484849
 46 1.909090909090909
 4 1.96969696969697
 1 2.03030303030303
 0 2.090909090909091
 0 2.151515151515151
 0 2.212121212121212
 0 2.272727272727272
 3 2.333333333333334
 9 2.393939393939394
 0 2.454545454545455
 1 2.515151515151516
 0 2.575757575757576
 0 2.636363636363637
 0 2.696969696969697
 0 2.757575757575758
 0 2.818181818181818
 0 2.878787878787879
 0 2.939393939393939
 0 3


