# Created by Octave 3.8.2, Mon Jun 22 02:26:37 2020 CEST <damian@fptrucha.inv.usc.es>
# name: hd
# type: matrix
# rows: 100
# columns: 2
 0 -3
 0 -2.939393939393939
 0 -2.878787878787879
 0 -2.818181818181818
 0 -2.757575757575758
 0 -2.696969696969697
 0 -2.636363636363636
 1 -2.575757575757576
 0 -2.515151515151515
 6 -2.454545454545455
 0 -2.393939393939394
 0 -2.333333333333333
 0 -2.272727272727272
 0 -2.212121212121212
 0 -2.151515151515151
 1 -2.090909090909091
 1 -2.03030303030303
 26 -1.96969696969697
 7 -1.909090909090909
 1 -1.848484848484848
 0 -1.787878787878788
 0 -1.727272727272727
 1 -1.666666666666667
 26 -1.606060606060606
 11 -1.545454545454545
 22 -1.484848484848485
 7 -1.424242424242424
 20 -1.363636363636364
 0 -1.303030303030303
 6 -1.242424242424242
 166 -1.181818181818182
 5 -1.121212121212121
 192 -1.060606060606061
 7 -1
 36 -0.9393939393939394
 2 -0.8787878787878789
 26 -0.8181818181818183
 370 -0.7575757575757573
 102 -0.6969696969696968
 220 -0.6363636363636362
 217 -0.5757575757575757
 71 -0.5151515151515151
 29 -0.4545454545454546
 56 -0.393939393939394
 889 -0.333333333333333
 29 -0.2727272727272725
 589 -0.2121212121212119
 11 -0.1515151515151514
 631 -0.09090909090909083
 19 -0.03030303030303028
 105 0.03030303030303028
 10 0.09090909090909083
 45 0.1515151515151514
 430 0.2121212121212124
 66 0.2727272727272729
 507 0.3333333333333335
 26 0.393939393939394
 37 0.4545454545454546
 27 0.5151515151515151
 27 0.5757575757575757
 21 0.6363636363636367
 20 0.6969696969696972
 157 0.7575757575757578
 6 0.8181818181818183
 145 0.8787878787878789
 3 0.9393939393939394
 50 1
 2 1.060606060606061
 20 1.121212121212121
 1 1.181818181818182
 20 1.242424242424242
 70 1.303030303030303
 2 1.363636363636363
 8 1.424242424242425
 3 1.484848484848485
 3 1.545454545454546
 1 1.606060606060606
 0 1.666666666666667
 1 1.727272727272728
 20 1.787878787878788
 0 1.848484848484849
 3 1.909090909090909
 1 1.96969696969697
 0 2.03030303030303
 0 2.090909090909091
 0 2.151515151515151
 0 2.212121212121212
 1 2.272727272727272
 0 2.333333333333334
 2 2.393939393939394
 0 2.454545454545455
 0 2.515151515151516
 0 2.575757575757576
 0 2.636363636363637
 0 2.696969696969697
 0 2.757575757575758
 0 2.818181818181818
 0 2.878787878787879
 0 2.939393939393939
 0 3


