# Created by Octave 3.8.2, Sat Jun 20 02:30:59 2020 CEST <damian@fptrucha.inv.usc.es>
# name: hd
# type: matrix
# rows: 100
# columns: 2
 0 -3
 0 -2.939393939393939
 0 -2.878787878787879
 0 -2.818181818181818
 0 -2.757575757575758
 0 -2.696969696969697
 0 -2.636363636363636
 0 -2.575757575757576
 0 -2.515151515151515
 7 -2.454545454545455
 0 -2.393939393939394
 0 -2.333333333333333
 0 -2.272727272727272
 0 -2.212121212121212
 0 -2.151515151515151
 3 -2.090909090909091
 2 -2.03030303030303
 32 -1.96969696969697
 22 -1.909090909090909
 0 -1.848484848484848
 1 -1.787878787878788
 0 -1.727272727272727
 3 -1.666666666666667
 120 -1.606060606060606
 29 -1.545454545454545
 123 -1.484848484848485
 23 -1.424242424242424
 97 -1.363636363636364
 23 -1.303030303030303
 15 -1.242424242424242
 664 -1.181818181818182
 14 -1.121212121212121
 575 -1.060606060606061
 16 -1
 507 -0.9393939393939394
 8 -0.8787878787878789
 520 -0.8181818181818183
 1167 -0.7575757575757573
 768 -0.6969696969696968
 1194 -0.6363636363636362
 744 -0.5757575757575757
 1018 -0.5151515151515151
 630 -0.4545454545454546
 1027 -0.393939393939394
 4623 -0.333333333333333
 595 -0.2727272727272725
 3125 -0.2121212121212119
 5 -0.1515151515151514
 2717 -0.09090909090909083
 12 -0.03030303030303028
 2681 0.03030303030303028
 10 0.09090909090909083
 2417 0.1515151515151514
 1792 0.2121212121212124
 2452 0.2727272727272729
 1642 0.3333333333333335
 636 0.393939393939394
 881 0.4545454545454546
 682 0.5151515151515151
 829 0.5757575757575757
 622 0.6363636363636367
 792 0.6969696969696972
 607 0.7575757575757578
 8 0.8181818181818183
 527 0.8787878787878789
 12 0.9393939393939394
 479 1
 13 1.060606060606061
 478 1.121212121212121
 10 1.181818181818182
 28 1.242424242424242
 104 1.303030303030303
 27 1.363636363636363
 96 1.424242424242425
 24 1.484848484848485
 83 1.545454545454546
 0 1.606060606060606
 0 1.666666666666667
 1 1.727272727272728
 25 1.787878787878788
 5 1.848484848484849
 22 1.909090909090909
 2 1.96969696969697
 0 2.03030303030303
 0 2.090909090909091
 0 2.151515151515151
 4 2.212121212121212
 2 2.272727272727272
 0 2.333333333333334
 5 2.393939393939394
 0 2.454545454545455
 1 2.515151515151516
 0 2.575757575757576
 0 2.636363636363637
 0 2.696969696969697
 0 2.757575757575758
 0 2.818181818181818
 0 2.878787878787879
 0 2.939393939393939
 0 3


