# Created by Octave 3.8.2, Mon Jun 22 16:00:24 2020 CEST <damian@fptrucha.inv.usc.es>
# name: hd
# type: matrix
# rows: 100
# columns: 2
 0 -3
 0 -2.939393939393939
 0 -2.878787878787879
 0 -2.818181818181818
 0 -2.757575757575758
 0 -2.696969696969697
 0 -2.636363636363636
 0 -2.575757575757576
 0 -2.515151515151515
 9 -2.454545454545455
 0 -2.393939393939394
 0 -2.333333333333333
 1 -2.272727272727272
 0 -2.212121212121212
 0 -2.151515151515151
 0 -2.090909090909091
 3 -2.03030303030303
 29 -1.96969696969697
 30 -1.909090909090909
 3 -1.848484848484848
 1 -1.787878787878788
 0 -1.727272727272727
 4 -1.666666666666667
 102 -1.606060606060606
 33 -1.545454545454545
 95 -1.484848484848485
 26 -1.424242424242424
 102 -1.363636363636364
 22 -1.303030303030303
 9 -1.242424242424242
 629 -1.181818181818182
 16 -1.121212121212121
 522 -1.060606060606061
 11 -1
 541 -0.9393939393939394
 26 -0.8787878787878789
 531 -0.8181818181818183
 988 -0.7575757575757573
 676 -0.6969696969696968
 1050 -0.6363636363636362
 659 -0.5757575757575757
 959 -0.5151515151515151
 572 -0.4545454545454546
 964 -0.393939393939394
 4198 -0.333333333333333
 589 -0.2727272727272725
 2744 -0.2121212121212119
 10 -0.1515151515151514
 2759 -0.09090909090909083
 13 -0.03030303030303028
 2552 0.03030303030303028
 20 0.09090909090909083
 2412 0.1515151515151514
 1590 0.2121212121212124
 2366 0.2727272727272729
 1707 0.3333333333333335
 682 0.393939393939394
 947 0.4545454545454546
 690 0.5151515151515151
 825 0.5757575757575757
 628 0.6363636363636367
 869 0.6969696969696972
 558 0.7575757575757578
 19 0.8181818181818183
 607 0.8787878787878789
 20 0.9393939393939394
 560 1
 12 1.060606060606061
 543 1.121212121212121
 8 1.181818181818182
 38 1.242424242424242
 136 1.303030303030303
 33 1.363636363636363
 109 1.424242424242425
 39 1.484848484848485
 122 1.545454545454546
 1 1.606060606060606
 0 1.666666666666667
 3 1.727272727272728
 57 1.787878787878788
 4 1.848484848484849
 42 1.909090909090909
 5 1.96969696969697
 3 2.03030303030303
 0 2.090909090909091
 0 2.151515151515151
 1 2.212121212121212
 0 2.272727272727272
 0 2.333333333333334
 9 2.393939393939394
 3 2.454545454545455
 1 2.515151515151516
 0 2.575757575757576
 0 2.636363636363637
 0 2.696969696969697
 0 2.757575757575758
 0 2.818181818181818
 0 2.878787878787879
 0 2.939393939393939
 0 3


