# Created by Octave 3.8.2, Sun Jun 21 06:18:51 2020 CEST <damian@fptrucha.inv.usc.es>
# name: hd
# type: matrix
# rows: 100
# columns: 2
 0 -3
 0 -2.939393939393939
 0 -2.878787878787879
 0 -2.818181818181818
 0 -2.757575757575758
 0 -2.696969696969697
 0 -2.636363636363636
 1 -2.575757575757576
 0 -2.515151515151515
 2 -2.454545454545455
 0 -2.393939393939394
 0 -2.333333333333333
 1 -2.272727272727272
 0 -2.212121212121212
 0 -2.151515151515151
 1 -2.090909090909091
 3 -2.03030303030303
 23 -1.96969696969697
 28 -1.909090909090909
 1 -1.848484848484848
 1 -1.787878787878788
 0 -1.727272727272727
 2 -1.666666666666667
 88 -1.606060606060606
 23 -1.545454545454545
 92 -1.484848484848485
 14 -1.424242424242424
 64 -1.363636363636364
 18 -1.303030303030303
 9 -1.242424242424242
 524 -1.181818181818182
 20 -1.121212121212121
 459 -1.060606060606061
 13 -1
 452 -0.9393939393939394
 7 -0.8787878787878789
 404 -0.8181818181818183
 948 -0.7575757575757573
 684 -0.6969696969696968
 1021 -0.6363636363636362
 619 -0.5757575757575757
 894 -0.5151515151515151
 618 -0.4545454545454546
 810 -0.393939393939394
 4258 -0.333333333333333
 526 -0.2727272727272725
 2916 -0.2121212121212119
 12 -0.1515151515151514
 2632 -0.09090909090909083
 8 -0.03030303030303028
 2479 0.03030303030303028
 10 0.09090909090909083
 2073 0.1515151515151514
 1682 0.2121212121212124
 2158 0.2727272727272729
 1619 0.3333333333333335
 622 0.393939393939394
 869 0.4545454545454546
 645 0.5151515151515151
 770 0.5757575757575757
 545 0.6363636363636367
 841 0.6969696969696972
 593 0.7575757575757578
 10 0.8181818181818183
 537 0.8787878787878789
 14 0.9393939393939394
 504 1
 5 1.060606060606061
 458 1.121212121212121
 12 1.181818181818182
 20 1.242424242424242
 93 1.303030303030303
 20 1.363636363636363
 98 1.424242424242425
 24 1.484848484848485
 86 1.545454545454546
 0 1.606060606060606
 0 1.666666666666667
 1 1.727272727272728
 27 1.787878787878788
 0 1.848484848484849
 22 1.909090909090909
 0 1.96969696969697
 1 2.03030303030303
 0 2.090909090909091
 0 2.151515151515151
 0 2.212121212121212
 0 2.272727272727272
 1 2.333333333333334
 6 2.393939393939394
 0 2.454545454545455
 0 2.515151515151516
 0 2.575757575757576
 0 2.636363636363637
 0 2.696969696969697
 0 2.757575757575758
 0 2.818181818181818
 0 2.878787878787879
 0 2.939393939393939
 0 3


