# Created by Octave 3.8.2, Mon Jun 22 10:00:29 2020 CEST <damian@fptrucha.inv.usc.es>
# name: hd
# type: matrix
# rows: 100
# columns: 2
 0 -3
 0 -2.939393939393939
 0 -2.878787878787879
 0 -2.818181818181818
 0 -2.757575757575758
 0 -2.696969696969697
 0 -2.636363636363636
 1 -2.575757575757576
 1 -2.515151515151515
 9 -2.454545454545455
 2 -2.393939393939394
 0 -2.333333333333333
 1 -2.272727272727272
 0 -2.212121212121212
 0 -2.151515151515151
 1 -2.090909090909091
 7 -2.03030303030303
 28 -1.96969696969697
 36 -1.909090909090909
 1 -1.848484848484848
 1 -1.787878787878788
 0 -1.727272727272727
 3 -1.666666666666667
 101 -1.606060606060606
 32 -1.545454545454545
 90 -1.484848484848485
 33 -1.424242424242424
 113 -1.363636363636364
 22 -1.303030303030303
 12 -1.242424242424242
 512 -1.181818181818182
 22 -1.121212121212121
 561 -1.060606060606061
 17 -1
 509 -0.9393939393939394
 21 -0.8787878787878789
 526 -0.8181818181818183
 884 -0.7575757575757573
 576 -0.6969696969696968
 967 -0.6363636363636362
 596 -0.5757575757575757
 879 -0.5151515151515151
 614 -0.4545454545454546
 914 -0.393939393939394
 4035 -0.333333333333333
 533 -0.2727272727272725
 2584 -0.2121212121212119
 10 -0.1515151515151514
 2635 -0.09090909090909083
 17 -0.03030303030303028
 2474 0.03030303030303028
 25 0.09090909090909083
 2335 0.1515151515151514
 1457 0.2121212121212124
 2288 0.2727272727272729
 1508 0.3333333333333335
 629 0.393939393939394
 893 0.4545454545454546
 634 0.5151515151515151
 803 0.5757575757575757
 644 0.6363636363636367
 825 0.6969696969696972
 542 0.7575757575757578
 14 0.8181818181818183
 556 0.8787878787878789
 8 0.9393939393939394
 526 1
 23 1.060606060606061
 566 1.121212121212121
 9 1.181818181818182
 25 1.242424242424242
 100 1.303030303030303
 34 1.363636363636363
 119 1.424242424242425
 41 1.484848484848485
 114 1.545454545454546
 4 1.606060606060606
 0 1.666666666666667
 0 1.727272727272728
 35 1.787878787878788
 4 1.848484848484849
 40 1.909090909090909
 3 1.96969696969697
 5 2.03030303030303
 0 2.090909090909091
 0 2.151515151515151
 0 2.212121212121212
 0 2.272727272727272
 1 2.333333333333334
 6 2.393939393939394
 1 2.454545454545455
 0 2.515151515151516
 0 2.575757575757576
 0 2.636363636363637
 0 2.696969696969697
 0 2.757575757575758
 0 2.818181818181818
 0 2.878787878787879
 0 2.939393939393939
 0 3


