# Created by Octave 3.8.2, Mon Jun 22 17:00:29 2020 CEST <damian@fptrucha.inv.usc.es>
# name: hd
# type: matrix
# rows: 100
# columns: 2
 0 -3
 0 -2.939393939393939
 0 -2.878787878787879
 0 -2.818181818181818
 0 -2.757575757575758
 0 -2.696969696969697
 0 -2.636363636363636
 5 -2.575757575757576
 1 -2.515151515151515
 6 -2.454545454545455
 1 -2.393939393939394
 1 -2.333333333333333
 4 -2.272727272727272
 0 -2.212121212121212
 0 -2.151515151515151
 4 -2.090909090909091
 6 -2.03030303030303
 31 -1.96969696969697
 34 -1.909090909090909
 3 -1.848484848484848
 0 -1.787878787878788
 0 -1.727272727272727
 3 -1.666666666666667
 96 -1.606060606060606
 28 -1.545454545454545
 133 -1.484848484848485
 29 -1.424242424242424
 102 -1.363636363636364
 23 -1.303030303030303
 7 -1.242424242424242
 576 -1.181818181818182
 20 -1.121212121212121
 556 -1.060606060606061
 20 -1
 507 -0.9393939393939394
 26 -0.8787878787878789
 543 -0.8181818181818183
 927 -0.7575757575757573
 651 -0.6969696969696968
 1006 -0.6363636363636362
 677 -0.5757575757575757
 945 -0.5151515151515151
 624 -0.4545454545454546
 923 -0.393939393939394
 4246 -0.333333333333333
 570 -0.2727272727272725
 2685 -0.2121212121212119
 13 -0.1515151515151514
 2746 -0.09090909090909083
 14 -0.03030303030303028
 2541 0.03030303030303028
 23 0.09090909090909083
 2391 0.1515151515151514
 1580 0.2121212121212124
 2365 0.2727272727272729
 1661 0.3333333333333335
 658 0.393939393939394
 945 0.4545454545454546
 687 0.5151515151515151
 862 0.5757575757575757
 612 0.6363636363636367
 865 0.6969696969696972
 604 0.7575757575757578
 14 0.8181818181818183
 592 0.8787878787878789
 28 0.9393939393939394
 517 1
 14 1.060606060606061
 535 1.121212121212121
 13 1.181818181818182
 27 1.242424242424242
 107 1.303030303030303
 33 1.363636363636363
 122 1.424242424242425
 36 1.484848484848485
 103 1.545454545454546
 2 1.606060606060606
 0 1.666666666666667
 1 1.727272727272728
 48 1.787878787878788
 2 1.848484848484849
 39 1.909090909090909
 4 1.96969696969697
 2 2.03030303030303
 0 2.090909090909091
 0 2.151515151515151
 1 2.212121212121212
 0 2.272727272727272
 0 2.333333333333334
 10 2.393939393939394
 1 2.454545454545455
 0 2.515151515151516
 0 2.575757575757576
 0 2.636363636363637
 0 2.696969696969697
 0 2.757575757575758
 0 2.818181818181818
 0 2.878787878787879
 0 2.939393939393939
 0 3


