# Created by Octave 3.8.2, Mon Jun 22 14:21:28 2020 CEST <damian@fptrucha.inv.usc.es>
# name: hd
# type: matrix
# rows: 100
# columns: 2
 0 -3
 0 -2.939393939393939
 0 -2.878787878787879
 0 -2.818181818181818
 0 -2.757575757575758
 0 -2.696969696969697
 0 -2.636363636363636
 2 -2.575757575757576
 1 -2.515151515151515
 4 -2.454545454545455
 0 -2.393939393939394
 0 -2.333333333333333
 0 -2.272727272727272
 0 -2.212121212121212
 0 -2.151515151515151
 0 -2.090909090909091
 1 -2.03030303030303
 19 -1.96969696969697
 25 -1.909090909090909
 1 -1.848484848484848
 1 -1.787878787878788
 0 -1.727272727272727
 2 -1.666666666666667
 59 -1.606060606060606
 12 -1.545454545454545
 68 -1.484848484848485
 21 -1.424242424242424
 83 -1.363636363636364
 14 -1.303030303030303
 10 -1.242424242424242
 336 -1.181818181818182
 12 -1.121212121212121
 344 -1.060606060606061
 15 -1
 375 -0.9393939393939394
 10 -0.8787878787878789
 342 -0.8181818181818183
 569 -0.7575757575757573
 411 -0.6969696969696968
 645 -0.6363636363636362
 396 -0.5757575757575757
 601 -0.5151515151515151
 403 -0.4545454545454546
 606 -0.393939393939394
 2693 -0.333333333333333
 381 -0.2727272727272725
 1700 -0.2121212121212119
 9 -0.1515151515151514
 1832 -0.09090909090909083
 13 -0.03030303030303028
 1646 0.03030303030303028
 12 0.09090909090909083
 1502 0.1515151515151514
 975 0.2121212121212124
 1470 0.2727272727272729
 1049 0.3333333333333335
 438 0.393939393939394
 603 0.4545454545454546
 416 0.5151515151515151
 538 0.5757575757575757
 434 0.6363636363636367
 538 0.6969696969696972
 353 0.7575757575757578
 3 0.8181818181818183
 371 0.8787878787878789
 14 0.9393939393939394
 375 1
 12 1.060606060606061
 355 1.121212121212121
 8 1.181818181818182
 20 1.242424242424242
 76 1.303030303030303
 18 1.363636363636363
 78 1.424242424242425
 25 1.484848484848485
 72 1.545454545454546
 1 1.606060606060606
 0 1.666666666666667
 1 1.727272727272728
 32 1.787878787878788
 5 1.848484848484849
 22 1.909090909090909
 4 1.96969696969697
 0 2.03030303030303
 0 2.090909090909091
 0 2.151515151515151
 2 2.212121212121212
 0 2.272727272727272
 1 2.333333333333334
 8 2.393939393939394
 0 2.454545454545455
 0 2.515151515151516
 0 2.575757575757576
 0 2.636363636363637
 0 2.696969696969697
 0 2.757575757575758
 0 2.818181818181818
 0 2.878787878787879
 0 2.939393939393939
 0 3


