# Created by Octave 3.8.2, Mon Jun 22 07:49:24 2020 CEST <damian@fptrucha.inv.usc.es>
# name: hd
# type: matrix
# rows: 100
# columns: 2
 0 -3
 0 -2.939393939393939
 0 -2.878787878787879
 0 -2.818181818181818
 0 -2.757575757575758
 0 -2.696969696969697
 0 -2.636363636363636
 0 -2.575757575757576
 0 -2.515151515151515
 10 -2.454545454545455
 1 -2.393939393939394
 0 -2.333333333333333
 1 -2.272727272727272
 0 -2.212121212121212
 0 -2.151515151515151
 1 -2.090909090909091
 5 -2.03030303030303
 24 -1.96969696969697
 30 -1.909090909090909
 0 -1.848484848484848
 1 -1.787878787878788
 0 -1.727272727272727
 1 -1.666666666666667
 112 -1.606060606060606
 17 -1.545454545454545
 107 -1.484848484848485
 30 -1.424242424242424
 116 -1.363636363636364
 22 -1.303030303030303
 19 -1.242424242424242
 475 -1.181818181818182
 13 -1.121212121212121
 509 -1.060606060606061
 15 -1
 505 -0.9393939393939394
 24 -0.8787878787878789
 492 -0.8181818181818183
 914 -0.7575757575757573
 568 -0.6969696969696968
 905 -0.6363636363636362
 562 -0.5757575757575757
 876 -0.5151515151515151
 627 -0.4545454545454546
 858 -0.393939393939394
 3946 -0.333333333333333
 512 -0.2727272727272725
 2607 -0.2121212121212119
 13 -0.1515151515151514
 2638 -0.09090909090909083
 15 -0.03030303030303028
 2308 0.03030303030303028
 25 0.09090909090909083
 2211 0.1515151515151514
 1442 0.2121212121212124
 2290 0.2727272727272729
 1478 0.3333333333333335
 657 0.393939393939394
 904 0.4545454545454546
 630 0.5151515151515151
 837 0.5757575757575757
 651 0.6363636363636367
 854 0.6969696969696972
 495 0.7575757575757578
 13 0.8181818181818183
 536 0.8787878787878789
 22 0.9393939393939394
 510 1
 18 1.060606060606061
 499 1.121212121212121
 15 1.181818181818182
 27 1.242424242424242
 109 1.303030303030303
 22 1.363636363636363
 127 1.424242424242425
 30 1.484848484848485
 102 1.545454545454546
 4 1.606060606060606
 0 1.666666666666667
 1 1.727272727272728
 30 1.787878787878788
 8 1.848484848484849
 35 1.909090909090909
 1 1.96969696969697
 1 2.03030303030303
 0 2.090909090909091
 0 2.151515151515151
 0 2.212121212121212
 1 2.272727272727272
 1 2.333333333333334
 2 2.393939393939394
 1 2.454545454545455
 4 2.515151515151516
 0 2.575757575757576
 0 2.636363636363637
 0 2.696969696969697
 0 2.757575757575758
 0 2.818181818181818
 0 2.878787878787879
 0 2.939393939393939
 0 3


