# Created by Octave 3.8.2, Mon Jun 22 09:17:08 2020 CEST <damian@fptrucha.inv.usc.es>
# name: hd
# type: matrix
# rows: 100
# columns: 2
 0 -3
 0 -2.939393939393939
 0 -2.878787878787879
 0 -2.818181818181818
 0 -2.757575757575758
 0 -2.696969696969697
 0 -2.636363636363636
 2 -2.575757575757576
 0 -2.515151515151515
 8 -2.454545454545455
 1 -2.393939393939394
 0 -2.333333333333333
 2 -2.272727272727272
 0 -2.212121212121212
 0 -2.151515151515151
 5 -2.090909090909091
 4 -2.03030303030303
 35 -1.96969696969697
 41 -1.909090909090909
 3 -1.848484848484848
 4 -1.787878787878788
 0 -1.727272727272727
 3 -1.666666666666667
 88 -1.606060606060606
 26 -1.545454545454545
 93 -1.484848484848485
 22 -1.424242424242424
 110 -1.363636363636364
 28 -1.303030303030303
 15 -1.242424242424242
 543 -1.181818181818182
 15 -1.121212121212121
 549 -1.060606060606061
 12 -1
 478 -0.9393939393939394
 15 -0.8787878787878789
 485 -0.8181818181818183
 891 -0.7575757575757573
 625 -0.6969696969696968
 888 -0.6363636363636362
 611 -0.5757575757575757
 883 -0.5151515151515151
 576 -0.4545454545454546
 861 -0.393939393939394
 3954 -0.333333333333333
 590 -0.2727272727272725
 2451 -0.2121212121212119
 12 -0.1515151515151514
 2541 -0.09090909090909083
 20 -0.03030303030303028
 2450 0.03030303030303028
 25 0.09090909090909083
 2219 0.1515151515151514
 1463 0.2121212121212124
 2373 0.2727272727272729
 1540 0.3333333333333335
 628 0.393939393939394
 864 0.4545454545454546
 612 0.5151515151515151
 775 0.5757575757575757
 650 0.6363636363636367
 795 0.6969696969696972
 538 0.7575757575757578
 14 0.8181818181818183
 538 0.8787878787878789
 10 0.9393939393939394
 521 1
 11 1.060606060606061
 499 1.121212121212121
 15 1.181818181818182
 24 1.242424242424242
 111 1.303030303030303
 29 1.363636363636363
 117 1.424242424242425
 30 1.484848484848485
 112 1.545454545454546
 1 1.606060606060606
 0 1.666666666666667
 4 1.727272727272728
 30 1.787878787878788
 2 1.848484848484849
 37 1.909090909090909
 6 1.96969696969697
 4 2.03030303030303
 0 2.090909090909091
 0 2.151515151515151
 4 2.212121212121212
 0 2.272727272727272
 1 2.333333333333334
 7 2.393939393939394
 0 2.454545454545455
 0 2.515151515151516
 0 2.575757575757576
 0 2.636363636363637
 0 2.696969696969697
 0 2.757575757575758
 0 2.818181818181818
 0 2.878787878787879
 0 2.939393939393939
 0 3


