# Created by Octave 3.8.2, Sun Jun 21 01:15:26 2020 CEST <damian@fptrucha.inv.usc.es>
# name: hd
# type: matrix
# rows: 100
# columns: 2
 0 -3
 0 -2.939393939393939
 0 -2.878787878787879
 0 -2.818181818181818
 0 -2.757575757575758
 0 -2.696969696969697
 0 -2.636363636363636
 0 -2.575757575757576
 0 -2.515151515151515
 3 -2.454545454545455
 0 -2.393939393939394
 0 -2.333333333333333
 0 -2.272727272727272
 0 -2.212121212121212
 0 -2.151515151515151
 1 -2.090909090909091
 4 -2.03030303030303
 24 -1.96969696969697
 23 -1.909090909090909
 0 -1.848484848484848
 3 -1.787878787878788
 0 -1.727272727272727
 0 -1.666666666666667
 89 -1.606060606060606
 18 -1.545454545454545
 82 -1.484848484848485
 18 -1.424242424242424
 76 -1.363636363636364
 14 -1.303030303030303
 12 -1.242424242424242
 504 -1.181818181818182
 10 -1.121212121212121
 475 -1.060606060606061
 11 -1
 411 -0.9393939393939394
 14 -0.8787878787878789
 469 -0.8181818181818183
 932 -0.7575757575757573
 655 -0.6969696969696968
 1014 -0.6363636363636362
 592 -0.5757575757575757
 849 -0.5151515151515151
 599 -0.4545454545454546
 814 -0.393939393939394
 4109 -0.333333333333333
 470 -0.2727272727272725
 2867 -0.2121212121212119
 7 -0.1515151515151514
 2595 -0.09090909090909083
 11 -0.03030303030303028
 2368 0.03030303030303028
 15 0.09090909090909083
 2201 0.1515151515151514
 1708 0.2121212121212124
 2142 0.2727272727272729
 1635 0.3333333333333335
 625 0.393939393939394
 902 0.4545454545454546
 633 0.5151515151515151
 791 0.5757575757575757
 575 0.6363636363636367
 759 0.6969696969696972
 544 0.7575757575757578
 21 0.8181818181818183
 553 0.8787878787878789
 13 0.9393939393939394
 502 1
 10 1.060606060606061
 499 1.121212121212121
 5 1.181818181818182
 27 1.242424242424242
 87 1.303030303030303
 25 1.363636363636363
 84 1.424242424242425
 19 1.484848484848485
 94 1.545454545454546
 0 1.606060606060606
 0 1.666666666666667
 1 1.727272727272728
 24 1.787878787878788
 3 1.848484848484849
 24 1.909090909090909
 1 1.96969696969697
 1 2.03030303030303
 0 2.090909090909091
 0 2.151515151515151
 0 2.212121212121212
 2 2.272727272727272
 0 2.333333333333334
 4 2.393939393939394
 0 2.454545454545455
 1 2.515151515151516
 0 2.575757575757576
 0 2.636363636363637
 0 2.696969696969697
 0 2.757575757575758
 0 2.818181818181818
 0 2.878787878787879
 0 2.939393939393939
 0 3


