# Created by Octave 3.8.2, Sat Jun 20 23:15:49 2020 CEST <damian@fptrucha.inv.usc.es>
# name: hd
# type: matrix
# rows: 100
# columns: 2
 0 -3
 0 -2.939393939393939
 0 -2.878787878787879
 0 -2.818181818181818
 0 -2.757575757575758
 0 -2.696969696969697
 0 -2.636363636363636
 4 -2.575757575757576
 0 -2.515151515151515
 3 -2.454545454545455
 0 -2.393939393939394
 0 -2.333333333333333
 0 -2.272727272727272
 0 -2.212121212121212
 0 -2.151515151515151
 2 -2.090909090909091
 8 -2.03030303030303
 18 -1.96969696969697
 17 -1.909090909090909
 2 -1.848484848484848
 0 -1.787878787878788
 0 -1.727272727272727
 1 -1.666666666666667
 93 -1.606060606060606
 21 -1.545454545454545
 88 -1.484848484848485
 23 -1.424242424242424
 70 -1.363636363636364
 19 -1.303030303030303
 10 -1.242424242424242
 583 -1.181818181818182
 10 -1.121212121212121
 464 -1.060606060606061
 14 -1
 456 -0.9393939393939394
 12 -0.8787878787878789
 404 -0.8181818181818183
 981 -0.7575757575757573
 636 -0.6969696969696968
 1029 -0.6363636363636362
 627 -0.5757575757575757
 873 -0.5151515151515151
 565 -0.4545454545454546
 851 -0.393939393939394
 4146 -0.333333333333333
 529 -0.2727272727272725
 2857 -0.2121212121212119
 3 -0.1515151515151514
 2593 -0.09090909090909083
 10 -0.03030303030303028
 2504 0.03030303030303028
 12 0.09090909090909083
 2133 0.1515151515151514
 1678 0.2121212121212124
 2165 0.2727272727272729
 1585 0.3333333333333335
 603 0.393939393939394
 859 0.4545454545454546
 639 0.5151515151515151
 802 0.5757575757575757
 604 0.6363636363636367
 850 0.6969696969696972
 580 0.7575757575757578
 11 0.8181818181818183
 561 0.8787878787878789
 8 0.9393939393939394
 546 1
 11 1.060606060606061
 492 1.121212121212121
 15 1.181818181818182
 26 1.242424242424242
 91 1.303030303030303
 23 1.363636363636363
 86 1.424242424242425
 23 1.484848484848485
 99 1.545454545454546
 1 1.606060606060606
 0 1.666666666666667
 0 1.727272727272728
 25 1.787878787878788
 3 1.848484848484849
 30 1.909090909090909
 2 1.96969696969697
 0 2.03030303030303
 0 2.090909090909091
 0 2.151515151515151
 2 2.212121212121212
 0 2.272727272727272
 0 2.333333333333334
 1 2.393939393939394
 0 2.454545454545455
 0 2.515151515151516
 0 2.575757575757576
 0 2.636363636363637
 0 2.696969696969697
 0 2.757575757575758
 0 2.818181818181818
 0 2.878787878787879
 0 2.939393939393939
 0 3


