# Created by Octave 3.8.2, Mon Jun 22 00:39:57 2020 CEST <damian@fptrucha.inv.usc.es>
# name: hd
# type: matrix
# rows: 100
# columns: 2
 0 -3
 0 -2.939393939393939
 0 -2.878787878787879
 0 -2.818181818181818
 0 -2.757575757575758
 0 -2.696969696969697
 0 -2.636363636363636
 3 -2.575757575757576
 1 -2.515151515151515
 4 -2.454545454545455
 1 -2.393939393939394
 1 -2.333333333333333
 0 -2.272727272727272
 0 -2.212121212121212
 0 -2.151515151515151
 0 -2.090909090909091
 5 -2.03030303030303
 29 -1.96969696969697
 25 -1.909090909090909
 0 -1.848484848484848
 3 -1.787878787878788
 0 -1.727272727272727
 2 -1.666666666666667
 104 -1.606060606060606
 24 -1.545454545454545
 88 -1.484848484848485
 23 -1.424242424242424
 93 -1.363636363636364
 17 -1.303030303030303
 15 -1.242424242424242
 514 -1.181818181818182
 13 -1.121212121212121
 525 -1.060606060606061
 8 -1
 444 -0.9393939393939394
 7 -0.8787878787878789
 435 -0.8181818181818183
 1028 -0.7575757575757573
 653 -0.6969696969696968
 941 -0.6363636363636362
 613 -0.5757575757575757
 819 -0.5151515151515151
 558 -0.4545454545454546
 863 -0.393939393939394
 4284 -0.333333333333333
 532 -0.2727272727272725
 2941 -0.2121212121212119
 6 -0.1515151515151514
 2645 -0.09090909090909083
 10 -0.03030303030303028
 2553 0.03030303030303028
 12 0.09090909090909083
 2150 0.1515151515151514
 1640 0.2121212121212124
 2201 0.2727272727272729
 1661 0.3333333333333335
 671 0.393939393939394
 870 0.4545454545454546
 640 0.5151515151515151
 819 0.5757575757575757
 564 0.6363636363636367
 734 0.6969696969696972
 594 0.7575757575757578
 8 0.8181818181818183
 528 0.8787878787878789
 13 0.9393939393939394
 473 1
 14 1.060606060606061
 485 1.121212121212121
 13 1.181818181818182
 21 1.242424242424242
 97 1.303030303030303
 26 1.363636363636363
 95 1.424242424242425
 23 1.484848484848485
 86 1.545454545454546
 4 1.606060606060606
 0 1.666666666666667
 0 1.727272727272728
 22 1.787878787878788
 3 1.848484848484849
 31 1.909090909090909
 1 1.96969696969697
 1 2.03030303030303
 0 2.090909090909091
 0 2.151515151515151
 3 2.212121212121212
 1 2.272727272727272
 1 2.333333333333334
 8 2.393939393939394
 0 2.454545454545455
 1 2.515151515151516
 0 2.575757575757576
 0 2.636363636363637
 0 2.696969696969697
 0 2.757575757575758
 0 2.818181818181818
 0 2.878787878787879
 0 2.939393939393939
 0 3


