# Created by Octave 3.8.2, Sat Jun 20 13:34:47 2020 CEST <damian@fptrucha.inv.usc.es>
# name: hd
# type: matrix
# rows: 100
# columns: 2
 0 -3
 0 -2.939393939393939
 0 -2.878787878787879
 0 -2.818181818181818
 0 -2.757575757575758
 0 -2.696969696969697
 0 -2.636363636363636
 0 -2.575757575757576
 0 -2.515151515151515
 6 -2.454545454545455
 1 -2.393939393939394
 2 -2.333333333333333
 0 -2.272727272727272
 0 -2.212121212121212
 0 -2.151515151515151
 0 -2.090909090909091
 3 -2.03030303030303
 23 -1.96969696969697
 19 -1.909090909090909
 1 -1.848484848484848
 1 -1.787878787878788
 0 -1.727272727272727
 0 -1.666666666666667
 113 -1.606060606060606
 23 -1.545454545454545
 90 -1.484848484848485
 17 -1.424242424242424
 94 -1.363636363636364
 27 -1.303030303030303
 6 -1.242424242424242
 564 -1.181818181818182
 10 -1.121212121212121
 500 -1.060606060606061
 14 -1
 455 -0.9393939393939394
 17 -0.8787878787878789
 488 -0.8181818181818183
 1101 -0.7575757575757573
 700 -0.6969696969696968
 1064 -0.6363636363636362
 682 -0.5757575757575757
 972 -0.5151515151515151
 598 -0.4545454545454546
 892 -0.393939393939394
 4515 -0.333333333333333
 588 -0.2727272727272725
 3092 -0.2121212121212119
 10 -0.1515151515151514
 2907 -0.09090909090909083
 6 -0.03030303030303028
 2689 0.03030303030303028
 7 0.09090909090909083
 2331 0.1515151515151514
 1903 0.2121212121212124
 2313 0.2727272727272729
 1814 0.3333333333333335
 630 0.393939393939394
 1012 0.4545454545454546
 716 0.5151515151515151
 889 0.5757575757575757
 632 0.6363636363636367
 843 0.6969696969696972
 599 0.7575757575757578
 15 0.8181818181818183
 628 0.8787878787878789
 8 0.9393939393939394
 615 1
 17 1.060606060606061
 538 1.121212121212121
 15 1.181818181818182
 29 1.242424242424242
 112 1.303030303030303
 28 1.363636363636363
 122 1.424242424242425
 29 1.484848484848485
 112 1.545454545454546
 0 1.606060606060606
 0 1.666666666666667
 2 1.727272727272728
 36 1.787878787878788
 2 1.848484848484849
 30 1.909090909090909
 1 1.96969696969697
 1 2.03030303030303
 0 2.090909090909091
 0 2.151515151515151
 0 2.212121212121212
 0 2.272727272727272
 1 2.333333333333334
 7 2.393939393939394
 0 2.454545454545455
 0 2.515151515151516
 0 2.575757575757576
 0 2.636363636363637
 0 2.696969696969697
 0 2.757575757575758
 0 2.818181818181818
 0 2.878787878787879
 0 2.939393939393939
 0 3


