# Created by Octave 3.8.2, Mon Jun 22 19:20:06 2020 CEST <damian@fptrucha.inv.usc.es>
# name: hd
# type: matrix
# rows: 100
# columns: 2
 0 -3
 0 -2.939393939393939
 0 -2.878787878787879
 0 -2.818181818181818
 0 -2.757575757575758
 0 -2.696969696969697
 0 -2.636363636363636
 2 -2.575757575757576
 0 -2.515151515151515
 14 -2.454545454545455
 1 -2.393939393939394
 0 -2.333333333333333
 2 -2.272727272727272
 0 -2.212121212121212
 0 -2.151515151515151
 5 -2.090909090909091
 4 -2.03030303030303
 36 -1.96969696969697
 37 -1.909090909090909
 1 -1.848484848484848
 0 -1.787878787878788
 0 -1.727272727272727
 1 -1.666666666666667
 113 -1.606060606060606
 31 -1.545454545454545
 123 -1.484848484848485
 22 -1.424242424242424
 111 -1.363636363636364
 35 -1.303030303030303
 11 -1.242424242424242
 578 -1.181818181818182
 20 -1.121212121212121
 602 -1.060606060606061
 16 -1
 565 -0.9393939393939394
 17 -0.8787878787878789
 563 -0.8181818181818183
 948 -0.7575757575757573
 685 -0.6969696969696968
 1176 -0.6363636363636362
 645 -0.5757575757575757
 899 -0.5151515151515151
 629 -0.4545454545454546
 970 -0.393939393939394
 4482 -0.333333333333333
 571 -0.2727272727272725
 2761 -0.2121212121212119
 14 -0.1515151515151514
 2791 -0.09090909090909083
 18 -0.03030303030303028
 2658 0.03030303030303028
 17 0.09090909090909083
 2381 0.1515151515151514
 1544 0.2121212121212124
 2440 0.2727272727272729
 1618 0.3333333333333335
 660 0.393939393939394
 859 0.4545454545454546
 661 0.5151515151515151
 811 0.5757575757575757
 655 0.6363636363636367
 835 0.6969696969696972
 542 0.7575757575757578
 20 0.8181818181818183
 538 0.8787878787878789
 23 0.9393939393939394
 507 1
 18 1.060606060606061
 506 1.121212121212121
 6 1.181818181818182
 26 1.242424242424242
 110 1.303030303030303
 29 1.363636363636363
 114 1.424242424242425
 35 1.484848484848485
 104 1.545454545454546
 0 1.606060606060606
 0 1.666666666666667
 1 1.727272727272728
 38 1.787878787878788
 2 1.848484848484849
 34 1.909090909090909
 3 1.96969696969697
 2 2.03030303030303
 0 2.090909090909091
 0 2.151515151515151
 1 2.212121212121212
 1 2.272727272727272
 0 2.333333333333334
 2 2.393939393939394
 0 2.454545454545455
 0 2.515151515151516
 0 2.575757575757576
 0 2.636363636363637
 0 2.696969696969697
 0 2.757575757575758
 0 2.818181818181818
 0 2.878787878787879
 0 2.939393939393939
 0 3


