# Created by Octave 3.8.2, Mon Jun 22 08:17:23 2020 CEST <damian@fptrucha.inv.usc.es>
# name: hd
# type: matrix
# rows: 100
# columns: 2
 0 -3
 0 -2.939393939393939
 0 -2.878787878787879
 0 -2.818181818181818
 0 -2.757575757575758
 0 -2.696969696969697
 0 -2.636363636363636
 1 -2.575757575757576
 1 -2.515151515151515
 11 -2.454545454545455
 0 -2.393939393939394
 0 -2.333333333333333
 0 -2.272727272727272
 0 -2.212121212121212
 0 -2.151515151515151
 4 -2.090909090909091
 5 -2.03030303030303
 31 -1.96969696969697
 40 -1.909090909090909
 2 -1.848484848484848
 1 -1.787878787878788
 0 -1.727272727272727
 2 -1.666666666666667
 116 -1.606060606060606
 36 -1.545454545454545
 104 -1.484848484848485
 25 -1.424242424242424
 97 -1.363636363636364
 19 -1.303030303030303
 12 -1.242424242424242
 555 -1.181818181818182
 6 -1.121212121212121
 494 -1.060606060606061
 18 -1
 528 -0.9393939393939394
 19 -0.8787878787878789
 487 -0.8181818181818183
 833 -0.7575757575757573
 568 -0.6969696969696968
 887 -0.6363636363636362
 664 -0.5757575757575757
 820 -0.5151515151515151
 562 -0.4545454545454546
 885 -0.393939393939394
 3987 -0.333333333333333
 583 -0.2727272727272725
 2514 -0.2121212121212119
 12 -0.1515151515151514
 2583 -0.09090909090909083
 14 -0.03030303030303028
 2396 0.03030303030303028
 26 0.09090909090909083
 2263 0.1515151515151514
 1443 0.2121212121212124
 2297 0.2727272727272729
 1456 0.3333333333333335
 638 0.393939393939394
 896 0.4545454545454546
 662 0.5151515151515151
 784 0.5757575757575757
 634 0.6363636363636367
 898 0.6969696969696972
 482 0.7575757575757578
 14 0.8181818181818183
 591 0.8787878787878789
 23 0.9393939393939394
 510 1
 8 1.060606060606061
 503 1.121212121212121
 10 1.181818181818182
 32 1.242424242424242
 104 1.303030303030303
 26 1.363636363636363
 113 1.424242424242425
 37 1.484848484848485
 90 1.545454545454546
 2 1.606060606060606
 0 1.666666666666667
 1 1.727272727272728
 34 1.787878787878788
 3 1.848484848484849
 36 1.909090909090909
 5 1.96969696969697
 4 2.03030303030303
 0 2.090909090909091
 0 2.151515151515151
 1 2.212121212121212
 1 2.272727272727272
 0 2.333333333333334
 8 2.393939393939394
 1 2.454545454545455
 1 2.515151515151516
 0 2.575757575757576
 0 2.636363636363637
 0 2.696969696969697
 0 2.757575757575758
 0 2.818181818181818
 0 2.878787878787879
 0 2.939393939393939
 0 3


