# Created by Octave 3.8.2, Sun Jun 21 05:11:53 2020 CEST <damian@fptrucha.inv.usc.es>
# name: hd
# type: matrix
# rows: 100
# columns: 2
 0 -3
 0 -2.939393939393939
 0 -2.878787878787879
 0 -2.818181818181818
 0 -2.757575757575758
 0 -2.696969696969697
 0 -2.636363636363636
 0 -2.575757575757576
 2 -2.515151515151515
 6 -2.454545454545455
 1 -2.393939393939394
 2 -2.333333333333333
 1 -2.272727272727272
 0 -2.212121212121212
 0 -2.151515151515151
 0 -2.090909090909091
 7 -2.03030303030303
 26 -1.96969696969697
 21 -1.909090909090909
 1 -1.848484848484848
 1 -1.787878787878788
 0 -1.727272727272727
 3 -1.666666666666667
 104 -1.606060606060606
 28 -1.545454545454545
 105 -1.484848484848485
 28 -1.424242424242424
 76 -1.363636363636364
 17 -1.303030303030303
 15 -1.242424242424242
 548 -1.181818181818182
 15 -1.121212121212121
 540 -1.060606060606061
 11 -1
 429 -0.9393939393939394
 22 -0.8787878787878789
 434 -0.8181818181818183
 1065 -0.7575757575757573
 625 -0.6969696969696968
 1045 -0.6363636363636362
 649 -0.5757575757575757
 869 -0.5151515151515151
 552 -0.4545454545454546
 842 -0.393939393939394
 4281 -0.333333333333333
 530 -0.2727272727272725
 2825 -0.2121212121212119
 12 -0.1515151515151514
 2712 -0.09090909090909083
 12 -0.03030303030303028
 2460 0.03030303030303028
 13 0.09090909090909083
 2164 0.1515151515151514
 1645 0.2121212121212124
 2168 0.2727272727272729
 1584 0.3333333333333335
 617 0.393939393939394
 882 0.4545454545454546
 611 0.5151515151515151
 750 0.5757575757575757
 528 0.6363636363636367
 748 0.6969696969696972
 537 0.7575757575757578
 5 0.8181818181818183
 521 0.8787878787878789
 14 0.9393939393939394
 510 1
 7 1.060606060606061
 470 1.121212121212121
 8 1.181818181818182
 30 1.242424242424242
 84 1.303030303030303
 18 1.363636363636363
 101 1.424242424242425
 17 1.484848484848485
 85 1.545454545454546
 4 1.606060606060606
 0 1.666666666666667
 1 1.727272727272728
 38 1.787878787878788
 2 1.848484848484849
 25 1.909090909090909
 2 1.96969696969697
 2 2.03030303030303
 0 2.090909090909091
 0 2.151515151515151
 2 2.212121212121212
 1 2.272727272727272
 0 2.333333333333334
 2 2.393939393939394
 1 2.454545454545455
 1 2.515151515151516
 0 2.575757575757576
 0 2.636363636363637
 0 2.696969696969697
 0 2.757575757575758
 0 2.818181818181818
 0 2.878787878787879
 0 2.939393939393939
 0 3


