# Created by Octave 3.8.2, Sun Jun 21 02:32:29 2020 CEST <damian@fptrucha.inv.usc.es>
# name: hd
# type: matrix
# rows: 100
# columns: 2
 0 -3
 0 -2.939393939393939
 0 -2.878787878787879
 0 -2.818181818181818
 0 -2.757575757575758
 0 -2.696969696969697
 0 -2.636363636363636
 0 -2.575757575757576
 0 -2.515151515151515
 4 -2.454545454545455
 1 -2.393939393939394
 0 -2.333333333333333
 1 -2.272727272727272
 0 -2.212121212121212
 0 -2.151515151515151
 2 -2.090909090909091
 2 -2.03030303030303
 20 -1.96969696969697
 23 -1.909090909090909
 1 -1.848484848484848
 3 -1.787878787878788
 0 -1.727272727272727
 2 -1.666666666666667
 100 -1.606060606060606
 20 -1.545454545454545
 74 -1.484848484848485
 16 -1.424242424242424
 91 -1.363636363636364
 16 -1.303030303030303
 10 -1.242424242424242
 519 -1.181818181818182
 17 -1.121212121212121
 483 -1.060606060606061
 13 -1
 436 -0.9393939393939394
 7 -0.8787878787878789
 436 -0.8181818181818183
 986 -0.7575757575757573
 639 -0.6969696969696968
 950 -0.6363636363636362
 647 -0.5757575757575757
 900 -0.5151515151515151
 567 -0.4545454545454546
 812 -0.393939393939394
 4052 -0.333333333333333
 521 -0.2727272727272725
 2732 -0.2121212121212119
 10 -0.1515151515151514
 2433 -0.09090909090909083
 11 -0.03030303030303028
 2400 0.03030303030303028
 6 0.09090909090909083
 2109 0.1515151515151514
 1712 0.2121212121212124
 2150 0.2727272727272729
 1627 0.3333333333333335
 631 0.393939393939394
 887 0.4545454545454546
 603 0.5151515151515151
 782 0.5757575757575757
 567 0.6363636363636367
 708 0.6969696969696972
 589 0.7575757575757578
 11 0.8181818181818183
 506 0.8787878787878789
 17 0.9393939393939394
 538 1
 6 1.060606060606061
 505 1.121212121212121
 8 1.181818181818182
 22 1.242424242424242
 106 1.303030303030303
 17 1.363636363636363
 94 1.424242424242425
 20 1.484848484848485
 87 1.545454545454546
 2 1.606060606060606
 0 1.666666666666667
 1 1.727272727272728
 22 1.787878787878788
 3 1.848484848484849
 19 1.909090909090909
 3 1.96969696969697
 1 2.03030303030303
 0 2.090909090909091
 0 2.151515151515151
 1 2.212121212121212
 0 2.272727272727272
 0 2.333333333333334
 5 2.393939393939394
 0 2.454545454545455
 1 2.515151515151516
 0 2.575757575757576
 0 2.636363636363637
 0 2.696969696969697
 0 2.757575757575758
 0 2.818181818181818
 0 2.878787878787879
 0 2.939393939393939
 0 3


