# Created by Octave 3.8.2, Sat Jun 20 18:01:11 2020 CEST <damian@fptrucha.inv.usc.es>
# name: hd
# type: matrix
# rows: 100
# columns: 2
 0 -3
 0 -2.939393939393939
 0 -2.878787878787879
 0 -2.818181818181818
 0 -2.757575757575758
 0 -2.696969696969697
 0 -2.636363636363636
 1 -2.575757575757576
 1 -2.515151515151515
 1 -2.454545454545455
 1 -2.393939393939394
 0 -2.333333333333333
 0 -2.272727272727272
 0 -2.212121212121212
 0 -2.151515151515151
 1 -2.090909090909091
 2 -2.03030303030303
 14 -1.96969696969697
 16 -1.909090909090909
 0 -1.848484848484848
 2 -1.787878787878788
 0 -1.727272727272727
 0 -1.666666666666667
 60 -1.606060606060606
 9 -1.545454545454545
 39 -1.484848484848485
 16 -1.424242424242424
 59 -1.363636363636364
 9 -1.303030303030303
 14 -1.242424242424242
 394 -1.181818181818182
 8 -1.121212121212121
 376 -1.060606060606061
 10 -1
 261 -0.9393939393939394
 15 -0.8787878787878789
 275 -0.8181818181818183
 640 -0.7575757575757573
 419 -0.6969696969696968
 665 -0.6363636363636362
 421 -0.5757575757575757
 575 -0.5151515151515151
 370 -0.4545454545454546
 549 -0.393939393939394
 2753 -0.333333333333333
 352 -0.2727272727272725
 1925 -0.2121212121212119
 9 -0.1515151515151514
 1780 -0.09090909090909083
 4 -0.03030303030303028
 1659 0.03030303030303028
 13 0.09090909090909083
 1483 0.1515151515151514
 1134 0.2121212121212124
 1507 0.2727272727272729
 1123 0.3333333333333335
 379 0.393939393939394
 602 0.4545454545454546
 443 0.5151515151515151
 513 0.5757575757575757
 419 0.6363636363636367
 548 0.6969696969696972
 371 0.7575757575757578
 11 0.8181818181818183
 370 0.8787878787878789
 5 0.9393939393939394
 326 1
 8 1.060606060606061
 335 1.121212121212121
 6 1.181818181818182
 14 1.242424242424242
 59 1.303030303030303
 15 1.363636363636363
 63 1.424242424242425
 10 1.484848484848485
 66 1.545454545454546
 0 1.606060606060606
 0 1.666666666666667
 1 1.727272727272728
 15 1.787878787878788
 2 1.848484848484849
 22 1.909090909090909
 0 1.96969696969697
 0 2.03030303030303
 0 2.090909090909091
 0 2.151515151515151
 0 2.212121212121212
 0 2.272727272727272
 0 2.333333333333334
 3 2.393939393939394
 0 2.454545454545455
 1 2.515151515151516
 0 2.575757575757576
 0 2.636363636363637
 0 2.696969696969697
 0 2.757575757575758
 0 2.818181818181818
 0 2.878787878787879
 0 2.939393939393939
 0 3


