# Created by Octave 3.8.2, Mon Jun 22 04:06:47 2020 CEST <damian@fptrucha.inv.usc.es>
# name: hd
# type: matrix
# rows: 100
# columns: 2
 0 -3
 0 -2.939393939393939
 0 -2.878787878787879
 0 -2.818181818181818
 0 -2.757575757575758
 0 -2.696969696969697
 0 -2.636363636363636
 2 -2.575757575757576
 0 -2.515151515151515
 6 -2.454545454545455
 0 -2.393939393939394
 0 -2.333333333333333
 1 -2.272727272727272
 0 -2.212121212121212
 0 -2.151515151515151
 1 -2.090909090909091
 1 -2.03030303030303
 18 -1.96969696969697
 29 -1.909090909090909
 3 -1.848484848484848
 1 -1.787878787878788
 0 -1.727272727272727
 3 -1.666666666666667
 53 -1.606060606060606
 17 -1.545454545454545
 61 -1.484848484848485
 24 -1.424242424242424
 92 -1.363636363636364
 11 -1.303030303030303
 15 -1.242424242424242
 329 -1.181818181818182
 11 -1.121212121212121
 348 -1.060606060606061
 11 -1
 334 -0.9393939393939394
 11 -0.8787878787878789
 295 -0.8181818181818183
 570 -0.7575757575757573
 401 -0.6969696969696968
 579 -0.6363636363636362
 391 -0.5757575757575757
 548 -0.5151515151515151
 400 -0.4545454545454546
 584 -0.393939393939394
 2500 -0.333333333333333
 344 -0.2727272727272725
 1479 -0.2121212121212119
 7 -0.1515151515151514
 1649 -0.09090909090909083
 13 -0.03030303030303028
 1486 0.03030303030303028
 19 0.09090909090909083
 1370 0.1515151515151514
 1007 0.2121212121212124
 1348 0.2727272727272729
 946 0.3333333333333335
 410 0.393939393939394
 547 0.4545454545454546
 390 0.5151515151515151
 439 0.5757575757575757
 376 0.6363636363636367
 504 0.6969696969696972
 333 0.7575757575757578
 9 0.8181818181818183
 354 0.8787878787878789
 14 0.9393939393939394
 346 1
 7 1.060606060606061
 317 1.121212121212121
 8 1.181818181818182
 22 1.242424242424242
 77 1.303030303030303
 17 1.363636363636363
 74 1.424242424242425
 14 1.484848484848485
 58 1.545454545454546
 2 1.606060606060606
 0 1.666666666666667
 4 1.727272727272728
 18 1.787878787878788
 2 1.848484848484849
 16 1.909090909090909
 4 1.96969696969697
 2 2.03030303030303
 0 2.090909090909091
 0 2.151515151515151
 0 2.212121212121212
 0 2.272727272727272
 1 2.333333333333334
 4 2.393939393939394
 0 2.454545454545455
 1 2.515151515151516
 0 2.575757575757576
 0 2.636363636363637
 0 2.696969696969697
 0 2.757575757575758
 0 2.818181818181818
 0 2.878787878787879
 0 2.939393939393939
 0 3


