# Created by Octave 3.8.2, Sat Jun 20 21:54:59 2020 CEST <damian@fptrucha.inv.usc.es>
# name: hd
# type: matrix
# rows: 100
# columns: 2
 0 -3
 0 -2.939393939393939
 0 -2.878787878787879
 0 -2.818181818181818
 0 -2.757575757575758
 0 -2.696969696969697
 0 -2.636363636363636
 1 -2.575757575757576
 1 -2.515151515151515
 5 -2.454545454545455
 0 -2.393939393939394
 0 -2.333333333333333
 0 -2.272727272727272
 0 -2.212121212121212
 0 -2.151515151515151
 1 -2.090909090909091
 5 -2.03030303030303
 26 -1.96969696969697
 22 -1.909090909090909
 0 -1.848484848484848
 2 -1.787878787878788
 0 -1.727272727272727
 3 -1.666666666666667
 104 -1.606060606060606
 23 -1.545454545454545
 79 -1.484848484848485
 24 -1.424242424242424
 71 -1.363636363636364
 11 -1.303030303030303
 15 -1.242424242424242
 522 -1.181818181818182
 11 -1.121212121212121
 488 -1.060606060606061
 10 -1
 437 -0.9393939393939394
 7 -0.8787878787878789
 440 -0.8181818181818183
 924 -0.7575757575757573
 656 -0.6969696969696968
 970 -0.6363636363636362
 655 -0.5757575757575757
 836 -0.5151515151515151
 544 -0.4545454545454546
 815 -0.393939393939394
 4176 -0.333333333333333
 509 -0.2727272727272725
 2811 -0.2121212121212119
 10 -0.1515151515151514
 2700 -0.09090909090909083
 7 -0.03030303030303028
 2583 0.03030303030303028
 10 0.09090909090909083
 2167 0.1515151515151514
 1711 0.2121212121212124
 2242 0.2727272727272729
 1643 0.3333333333333335
 623 0.393939393939394
 837 0.4545454545454546
 623 0.5151515151515151
 825 0.5757575757575757
 585 0.6363636363636367
 782 0.6969696969696972
 530 0.7575757575757578
 13 0.8181818181818183
 548 0.8787878787878789
 10 0.9393939393939394
 565 1
 5 1.060606060606061
 479 1.121212121212121
 11 1.181818181818182
 26 1.242424242424242
 93 1.303030303030303
 24 1.363636363636363
 112 1.424242424242425
 23 1.484848484848485
 116 1.545454545454546
 1 1.606060606060606
 0 1.666666666666667
 0 1.727272727272728
 32 1.787878787878788
 4 1.848484848484849
 23 1.909090909090909
 0 1.96969696969697
 0 2.03030303030303
 0 2.090909090909091
 0 2.151515151515151
 1 2.212121212121212
 0 2.272727272727272
 1 2.333333333333334
 12 2.393939393939394
 0 2.454545454545455
 1 2.515151515151516
 0 2.575757575757576
 0 2.636363636363637
 0 2.696969696969697
 0 2.757575757575758
 0 2.818181818181818
 0 2.878787878787879
 0 2.939393939393939
 0 3


