# Created by Octave 3.8.2, Sat Jun 20 19:31:03 2020 CEST <damian@fptrucha.inv.usc.es>
# name: hd
# type: matrix
# rows: 100
# columns: 2
 0 -3
 0 -2.939393939393939
 0 -2.878787878787879
 0 -2.818181818181818
 0 -2.757575757575758
 0 -2.696969696969697
 0 -2.636363636363636
 4 -2.575757575757576
 0 -2.515151515151515
 6 -2.454545454545455
 0 -2.393939393939394
 0 -2.333333333333333
 0 -2.272727272727272
 0 -2.212121212121212
 0 -2.151515151515151
 0 -2.090909090909091
 5 -2.03030303030303
 20 -1.96969696969697
 18 -1.909090909090909
 2 -1.848484848484848
 3 -1.787878787878788
 0 -1.727272727272727
 3 -1.666666666666667
 88 -1.606060606060606
 26 -1.545454545454545
 87 -1.484848484848485
 21 -1.424242424242424
 87 -1.363636363636364
 21 -1.303030303030303
 11 -1.242424242424242
 590 -1.181818181818182
 14 -1.121212121212121
 486 -1.060606060606061
 11 -1
 399 -0.9393939393939394
 18 -0.8787878787878789
 428 -0.8181818181818183
 1000 -0.7575757575757573
 630 -0.6969696969696968
 1015 -0.6363636363636362
 644 -0.5757575757575757
 876 -0.5151515151515151
 596 -0.4545454545454546
 817 -0.393939393939394
 4169 -0.333333333333333
 507 -0.2727272727272725
 2810 -0.2121212121212119
 9 -0.1515151515151514
 2625 -0.09090909090909083
 6 -0.03030303030303028
 2429 0.03030303030303028
 8 0.09090909090909083
 2197 0.1515151515151514
 1737 0.2121212121212124
 2330 0.2727272727272729
 1623 0.3333333333333335
 644 0.393939393939394
 881 0.4545454545454546
 640 0.5151515151515151
 834 0.5757575757575757
 622 0.6363636363636367
 758 0.6969696969696972
 645 0.7575757575757578
 10 0.8181818181818183
 534 0.8787878787878789
 18 0.9393939393939394
 526 1
 13 1.060606060606061
 498 1.121212121212121
 9 1.181818181818182
 32 1.242424242424242
 106 1.303030303030303
 29 1.363636363636363
 99 1.424242424242425
 16 1.484848484848485
 95 1.545454545454546
 1 1.606060606060606
 0 1.666666666666667
 2 1.727272727272728
 28 1.787878787878788
 6 1.848484848484849
 28 1.909090909090909
 4 1.96969696969697
 0 2.03030303030303
 0 2.090909090909091
 0 2.151515151515151
 1 2.212121212121212
 0 2.272727272727272
 1 2.333333333333334
 5 2.393939393939394
 0 2.454545454545455
 1 2.515151515151516
 0 2.575757575757576
 0 2.636363636363637
 0 2.696969696969697
 0 2.757575757575758
 0 2.818181818181818
 0 2.878787878787879
 0 2.939393939393939
 0 3


