# Created by Octave 3.8.2, Mon Jun 22 06:08:53 2020 CEST <damian@fptrucha.inv.usc.es>
# name: hd
# type: matrix
# rows: 100
# columns: 2
 0 -3
 0 -2.939393939393939
 0 -2.878787878787879
 0 -2.818181818181818
 0 -2.757575757575758
 0 -2.696969696969697
 0 -2.636363636363636
 1 -2.575757575757576
 2 -2.515151515151515
 11 -2.454545454545455
 0 -2.393939393939394
 1 -2.333333333333333
 0 -2.272727272727272
 0 -2.212121212121212
 0 -2.151515151515151
 0 -2.090909090909091
 7 -2.03030303030303
 35 -1.96969696969697
 41 -1.909090909090909
 1 -1.848484848484848
 0 -1.787878787878788
 0 -1.727272727272727
 2 -1.666666666666667
 95 -1.606060606060606
 36 -1.545454545454545
 88 -1.484848484848485
 27 -1.424242424242424
 120 -1.363636363636364
 32 -1.303030303030303
 15 -1.242424242424242
 494 -1.181818181818182
 21 -1.121212121212121
 502 -1.060606060606061
 14 -1
 497 -0.9393939393939394
 33 -0.8787878787878789
 529 -0.8181818181818183
 833 -0.7575757575757573
 562 -0.6969696969696968
 896 -0.6363636363636362
 619 -0.5757575757575757
 796 -0.5151515151515151
 597 -0.4545454545454546
 882 -0.393939393939394
 3773 -0.333333333333333
 597 -0.2727272727272725
 2344 -0.2121212121212119
 13 -0.1515151515151514
 2582 -0.09090909090909083
 18 -0.03030303030303028
 2423 0.03030303030303028
 23 0.09090909090909083
 2155 0.1515151515151514
 1421 0.2121212121212124
 2205 0.2727272727272729
 1501 0.3333333333333335
 637 0.393939393939394
 898 0.4545454545454546
 633 0.5151515151515151
 787 0.5757575757575757
 605 0.6363636363636367
 844 0.6969696969696972
 468 0.7575757575757578
 9 0.8181818181818183
 538 0.8787878787878789
 13 0.9393939393939394
 472 1
 17 1.060606060606061
 500 1.121212121212121
 10 1.181818181818182
 23 1.242424242424242
 112 1.303030303030303
 29 1.363636363636363
 120 1.424242424242425
 34 1.484848484848485
 95 1.545454545454546
 6 1.606060606060606
 0 1.666666666666667
 0 1.727272727272728
 25 1.787878787878788
 3 1.848484848484849
 38 1.909090909090909
 3 1.96969696969697
 3 2.03030303030303
 0 2.090909090909091
 0 2.151515151515151
 2 2.212121212121212
 0 2.272727272727272
 1 2.333333333333334
 5 2.393939393939394
 2 2.454545454545455
 1 2.515151515151516
 0 2.575757575757576
 0 2.636363636363637
 0 2.696969696969697
 0 2.757575757575758
 0 2.818181818181818
 0 2.878787878787879
 0 2.939393939393939
 0 3


