# Created by Octave 3.8.2, Mon Jun 22 14:19:44 2020 CEST <damian@fptrucha.inv.usc.es>
# name: hd
# type: matrix
# rows: 100
# columns: 2
 0 -3
 0 -2.939393939393939
 0 -2.878787878787879
 0 -2.818181818181818
 0 -2.757575757575758
 0 -2.696969696969697
 0 -2.636363636363636
 3 -2.575757575757576
 0 -2.515151515151515
 12 -2.454545454545455
 1 -2.393939393939394
 1 -2.333333333333333
 0 -2.272727272727272
 0 -2.212121212121212
 0 -2.151515151515151
 0 -2.090909090909091
 5 -2.03030303030303
 36 -1.96969696969697
 39 -1.909090909090909
 0 -1.848484848484848
 0 -1.787878787878788
 0 -1.727272727272727
 2 -1.666666666666667
 104 -1.606060606060606
 39 -1.545454545454545
 104 -1.484848484848485
 28 -1.424242424242424
 116 -1.363636363636364
 23 -1.303030303030303
 9 -1.242424242424242
 566 -1.181818181818182
 17 -1.121212121212121
 522 -1.060606060606061
 18 -1
 478 -0.9393939393939394
 25 -0.8787878787878789
 505 -0.8181818181818183
 890 -0.7575757575757573
 636 -0.6969696969696968
 999 -0.6363636363636362
 603 -0.5757575757575757
 909 -0.5151515151515151
 618 -0.4545454545454546
 916 -0.393939393939394
 3999 -0.333333333333333
 601 -0.2727272727272725
 2599 -0.2121212121212119
 14 -0.1515151515151514
 2686 -0.09090909090909083
 14 -0.03030303030303028
 2482 0.03030303030303028
 17 0.09090909090909083
 2348 0.1515151515151514
 1559 0.2121212121212124
 2386 0.2727272727272729
 1670 0.3333333333333335
 638 0.393939393939394
 886 0.4545454545454546
 662 0.5151515151515151
 840 0.5757575757575757
 641 0.6363636363636367
 853 0.6969696969696972
 523 0.7575757575757578
 12 0.8181818181818183
 579 0.8787878787878789
 22 0.9393939393939394
 533 1
 17 1.060606060606061
 498 1.121212121212121
 9 1.181818181818182
 44 1.242424242424242
 117 1.303030303030303
 31 1.363636363636363
 116 1.424242424242425
 27 1.484848484848485
 112 1.545454545454546
 2 1.606060606060606
 0 1.666666666666667
 0 1.727272727272728
 42 1.787878787878788
 8 1.848484848484849
 20 1.909090909090909
 3 1.96969696969697
 3 2.03030303030303
 0 2.090909090909091
 0 2.151515151515151
 0 2.212121212121212
 2 2.272727272727272
 0 2.333333333333334
 7 2.393939393939394
 0 2.454545454545455
 0 2.515151515151516
 0 2.575757575757576
 0 2.636363636363637
 0 2.696969696969697
 0 2.757575757575758
 0 2.818181818181818
 0 2.878787878787879
 0 2.939393939393939
 0 3


