# Created by Octave 3.8.2, Mon Jun 22 03:53:47 2020 CEST <damian@fptrucha.inv.usc.es>
# name: hd
# type: matrix
# rows: 100
# columns: 2
 0 -3
 0 -2.939393939393939
 0 -2.878787878787879
 0 -2.818181818181818
 0 -2.757575757575758
 0 -2.696969696969697
 0 -2.636363636363636
 1 -2.575757575757576
 0 -2.515151515151515
 12 -2.454545454545455
 0 -2.393939393939394
 3 -2.333333333333333
 3 -2.272727272727272
 0 -2.212121212121212
 0 -2.151515151515151
 2 -2.090909090909091
 4 -2.03030303030303
 34 -1.96969696969697
 38 -1.909090909090909
 3 -1.848484848484848
 0 -1.787878787878788
 0 -1.727272727272727
 0 -1.666666666666667
 85 -1.606060606060606
 33 -1.545454545454545
 110 -1.484848484848485
 20 -1.424242424242424
 119 -1.363636363636364
 23 -1.303030303030303
 13 -1.242424242424242
 541 -1.181818181818182
 14 -1.121212121212121
 510 -1.060606060606061
 14 -1
 509 -0.9393939393939394
 22 -0.8787878787878789
 464 -0.8181818181818183
 823 -0.7575757575757573
 583 -0.6969696969696968
 896 -0.6363636363636362
 621 -0.5757575757575757
 894 -0.5151515151515151
 557 -0.4545454545454546
 839 -0.393939393939394
 3831 -0.333333333333333
 540 -0.2727272727272725
 2284 -0.2121212121212119
 12 -0.1515151515151514
 2482 -0.09090909090909083
 18 -0.03030303030303028
 2258 0.03030303030303028
 21 0.09090909090909083
 2102 0.1515151515151514
 1575 0.2121212121212124
 2128 0.2727272727272729
 1461 0.3333333333333335
 612 0.393939393939394
 866 0.4545454545454546
 593 0.5151515151515151
 748 0.5757575757575757
 567 0.6363636363636367
 829 0.6969696969696972
 539 0.7575757575757578
 11 0.8181818181818183
 490 0.8787878787878789
 32 0.9393939393939394
 486 1
 18 1.060606060606061
 487 1.121212121212121
 20 1.181818181818182
 26 1.242424242424242
 102 1.303030303030303
 26 1.363636363636363
 106 1.424242424242425
 28 1.484848484848485
 92 1.545454545454546
 3 1.606060606060606
 0 1.666666666666667
 3 1.727272727272728
 25 1.787878787878788
 2 1.848484848484849
 39 1.909090909090909
 2 1.96969696969697
 0 2.03030303030303
 0 2.090909090909091
 0 2.151515151515151
 3 2.212121212121212
 1 2.272727272727272
 0 2.333333333333334
 9 2.393939393939394
 0 2.454545454545455
 0 2.515151515151516
 0 2.575757575757576
 0 2.636363636363637
 0 2.696969696969697
 0 2.757575757575758
 0 2.818181818181818
 0 2.878787878787879
 0 2.939393939393939
 0 3


