# Created by Octave 3.8.2, Sun Jun 21 04:47:21 2020 CEST <damian@fptrucha.inv.usc.es>
# name: hd
# type: matrix
# rows: 100
# columns: 2
 0 -3
 0 -2.939393939393939
 0 -2.878787878787879
 0 -2.818181818181818
 0 -2.757575757575758
 0 -2.696969696969697
 0 -2.636363636363636
 1 -2.575757575757576
 0 -2.515151515151515
 5 -2.454545454545455
 0 -2.393939393939394
 2 -2.333333333333333
 0 -2.272727272727272
 0 -2.212121212121212
 0 -2.151515151515151
 2 -2.090909090909091
 3 -2.03030303030303
 27 -1.96969696969697
 30 -1.909090909090909
 0 -1.848484848484848
 1 -1.787878787878788
 0 -1.727272727272727
 1 -1.666666666666667
 89 -1.606060606060606
 26 -1.545454545454545
 92 -1.484848484848485
 27 -1.424242424242424
 90 -1.363636363636364
 24 -1.303030303030303
 13 -1.242424242424242
 524 -1.181818181818182
 10 -1.121212121212121
 498 -1.060606060606061
 13 -1
 473 -0.9393939393939394
 18 -0.8787878787878789
 461 -0.8181818181818183
 975 -0.7575757575757573
 649 -0.6969696969696968
 933 -0.6363636363636362
 619 -0.5757575757575757
 938 -0.5151515151515151
 579 -0.4545454545454546
 829 -0.393939393939394
 4184 -0.333333333333333
 539 -0.2727272727272725
 2717 -0.2121212121212119
 8 -0.1515151515151514
 2603 -0.09090909090909083
 12 -0.03030303030303028
 2480 0.03030303030303028
 20 0.09090909090909083
 2261 0.1515151515151514
 1665 0.2121212121212124
 2229 0.2727272727272729
 1611 0.3333333333333335
 611 0.393939393939394
 857 0.4545454545454546
 645 0.5151515151515151
 840 0.5757575757575757
 599 0.6363636363636367
 751 0.6969696969696972
 540 0.7575757575757578
 18 0.8181818181818183
 549 0.8787878787878789
 4 0.9393939393939394
 497 1
 15 1.060606060606061
 447 1.121212121212121
 8 1.181818181818182
 32 1.242424242424242
 89 1.303030303030303
 22 1.363636363636363
 92 1.424242424242425
 23 1.484848484848485
 77 1.545454545454546
 2 1.606060606060606
 0 1.666666666666667
 2 1.727272727272728
 33 1.787878787878788
 1 1.848484848484849
 25 1.909090909090909
 0 1.96969696969697
 0 2.03030303030303
 0 2.090909090909091
 0 2.151515151515151
 1 2.212121212121212
 1 2.272727272727272
 3 2.333333333333334
 7 2.393939393939394
 0 2.454545454545455
 0 2.515151515151516
 0 2.575757575757576
 0 2.636363636363637
 0 2.696969696969697
 0 2.757575757575758
 0 2.818181818181818
 0 2.878787878787879
 0 2.939393939393939
 0 3


