# Created by Octave 3.8.2, Mon Jun 22 02:07:09 2020 CEST <damian@fptrucha.inv.usc.es>
# name: hd
# type: matrix
# rows: 100
# columns: 2
 0 -3
 0 -2.939393939393939
 0 -2.878787878787879
 0 -2.818181818181818
 0 -2.757575757575758
 0 -2.696969696969697
 0 -2.636363636363636
 4 -2.575757575757576
 2 -2.515151515151515
 4 -2.454545454545455
 0 -2.393939393939394
 1 -2.333333333333333
 1 -2.272727272727272
 0 -2.212121212121212
 0 -2.151515151515151
 4 -2.090909090909091
 4 -2.03030303030303
 24 -1.96969696969697
 42 -1.909090909090909
 1 -1.848484848484848
 3 -1.787878787878788
 0 -1.727272727272727
 2 -1.666666666666667
 122 -1.606060606060606
 23 -1.545454545454545
 88 -1.484848484848485
 28 -1.424242424242424
 108 -1.363636363636364
 23 -1.303030303030303
 17 -1.242424242424242
 547 -1.181818181818182
 18 -1.121212121212121
 524 -1.060606060606061
 6 -1
 505 -0.9393939393939394
 21 -0.8787878787878789
 482 -0.8181818181818183
 1011 -0.7575757575757573
 654 -0.6969696969696968
 1040 -0.6363636363636362
 623 -0.5757575757575757
 872 -0.5151515151515151
 592 -0.4545454545454546
 829 -0.393939393939394
 4066 -0.333333333333333
 594 -0.2727272727272725
 2551 -0.2121212121212119
 12 -0.1515151515151514
 2601 -0.09090909090909083
 9 -0.03030303030303028
 2363 0.03030303030303028
 14 0.09090909090909083
 2268 0.1515151515151514
 1764 0.2121212121212124
 2293 0.2727272727272729
 1595 0.3333333333333335
 611 0.393939393939394
 881 0.4545454545454546
 621 0.5151515151515151
 744 0.5757575757575757
 576 0.6363636363636367
 807 0.6969696969696972
 581 0.7575757575757578
 17 0.8181818181818183
 581 0.8787878787878789
 12 0.9393939393939394
 527 1
 22 1.060606060606061
 509 1.121212121212121
 6 1.181818181818182
 29 1.242424242424242
 118 1.303030303030303
 33 1.363636363636363
 106 1.424242424242425
 38 1.484848484848485
 110 1.545454545454546
 3 1.606060606060606
 0 1.666666666666667
 1 1.727272727272728
 37 1.787878787878788
 4 1.848484848484849
 29 1.909090909090909
 3 1.96969696969697
 1 2.03030303030303
 0 2.090909090909091
 0 2.151515151515151
 3 2.212121212121212
 1 2.272727272727272
 1 2.333333333333334
 14 2.393939393939394
 0 2.454545454545455
 0 2.515151515151516
 0 2.575757575757576
 0 2.636363636363637
 0 2.696969696969697
 0 2.757575757575758
 0 2.818181818181818
 0 2.878787878787879
 0 2.939393939393939
 0 3


