# Created by Octave 3.8.2, Sun Jun 21 07:54:58 2020 CEST <damian@fptrucha.inv.usc.es>
# name: hd
# type: matrix
# rows: 100
# columns: 2
 0 -3
 0 -2.939393939393939
 0 -2.878787878787879
 0 -2.818181818181818
 0 -2.757575757575758
 0 -2.696969696969697
 0 -2.636363636363636
 1 -2.575757575757576
 1 -2.515151515151515
 1 -2.454545454545455
 0 -2.393939393939394
 0 -2.333333333333333
 0 -2.272727272727272
 0 -2.212121212121212
 0 -2.151515151515151
 1 -2.090909090909091
 3 -2.03030303030303
 24 -1.96969696969697
 33 -1.909090909090909
 2 -1.848484848484848
 1 -1.787878787878788
 0 -1.727272727272727
 0 -1.666666666666667
 85 -1.606060606060606
 21 -1.545454545454545
 93 -1.484848484848485
 17 -1.424242424242424
 72 -1.363636363636364
 21 -1.303030303030303
 14 -1.242424242424242
 524 -1.181818181818182
 13 -1.121212121212121
 547 -1.060606060606061
 8 -1
 416 -0.9393939393939394
 10 -0.8787878787878789
 418 -0.8181818181818183
 939 -0.7575757575757573
 641 -0.6969696969696968
 1005 -0.6363636363636362
 629 -0.5757575757575757
 865 -0.5151515151515151
 549 -0.4545454545454546
 754 -0.393939393939394
 4225 -0.333333333333333
 528 -0.2727272727272725
 2894 -0.2121212121212119
 10 -0.1515151515151514
 2538 -0.09090909090909083
 9 -0.03030303030303028
 2517 0.03030303030303028
 16 0.09090909090909083
 2154 0.1515151515151514
 1698 0.2121212121212124
 2132 0.2727272727272729
 1596 0.3333333333333335
 616 0.393939393939394
 886 0.4545454545454546
 620 0.5151515151515151
 769 0.5757575757575757
 603 0.6363636363636367
 711 0.6969696969696972
 597 0.7575757575757578
 8 0.8181818181818183
 511 0.8787878787878789
 9 0.9393939393939394
 506 1
 13 1.060606060606061
 455 1.121212121212121
 10 1.181818181818182
 27 1.242424242424242
 80 1.303030303030303
 35 1.363636363636363
 100 1.424242424242425
 19 1.484848484848485
 66 1.545454545454546
 1 1.606060606060606
 0 1.666666666666667
 1 1.727272727272728
 36 1.787878787878788
 2 1.848484848484849
 26 1.909090909090909
 4 1.96969696969697
 1 2.03030303030303
 0 2.090909090909091
 0 2.151515151515151
 3 2.212121212121212
 0 2.272727272727272
 0 2.333333333333334
 9 2.393939393939394
 1 2.454545454545455
 1 2.515151515151516
 0 2.575757575757576
 0 2.636363636363637
 0 2.696969696969697
 0 2.757575757575758
 0 2.818181818181818
 0 2.878787878787879
 0 2.939393939393939
 0 3


