# Created by Octave 3.8.2, Sat Jun 20 07:30:17 2020 CEST <damian@fptrucha.inv.usc.es>
# name: hd
# type: matrix
# rows: 100
# columns: 2
 0 -3
 0 -2.939393939393939
 0 -2.878787878787879
 0 -2.818181818181818
 0 -2.757575757575758
 0 -2.696969696969697
 0 -2.636363636363636
 2 -2.575757575757576
 1 -2.515151515151515
 7 -2.454545454545455
 0 -2.393939393939394
 0 -2.333333333333333
 1 -2.272727272727272
 0 -2.212121212121212
 0 -2.151515151515151
 2 -2.090909090909091
 4 -2.03030303030303
 34 -1.96969696969697
 37 -1.909090909090909
 2 -1.848484848484848
 3 -1.787878787878788
 0 -1.727272727272727
 0 -1.666666666666667
 132 -1.606060606060606
 31 -1.545454545454545
 109 -1.484848484848485
 32 -1.424242424242424
 96 -1.363636363636364
 23 -1.303030303030303
 21 -1.242424242424242
 639 -1.181818181818182
 22 -1.121212121212121
 628 -1.060606060606061
 13 -1
 550 -0.9393939393939394
 19 -0.8787878787878789
 539 -0.8181818181818183
 1179 -0.7575757575757573
 813 -0.6969696969696968
 1271 -0.6363636363636362
 765 -0.5757575757575757
 989 -0.5151515151515151
 731 -0.4545454545454546
 1016 -0.393939393939394
 4858 -0.333333333333333
 650 -0.2727272727272725
 3197 -0.2121212121212119
 10 -0.1515151515151514
 2915 -0.09090909090909083
 12 -0.03030303030303028
 2865 0.03030303030303028
 7 0.09090909090909083
 2531 0.1515151515151514
 1910 0.2121212121212124
 2545 0.2727272727272729
 1731 0.3333333333333335
 676 0.393939393939394
 953 0.4545454545454546
 718 0.5151515151515151
 940 0.5757575757575757
 647 0.6363636363636367
 897 0.6969696969696972
 564 0.7575757575757578
 6 0.8181818181818183
 571 0.8787878787878789
 18 0.9393939393939394
 537 1
 11 1.060606060606061
 546 1.121212121212121
 6 1.181818181818182
 29 1.242424242424242
 103 1.303030303030303
 29 1.363636363636363
 108 1.424242424242425
 21 1.484848484848485
 89 1.545454545454546
 1 1.606060606060606
 0 1.666666666666667
 2 1.727272727272728
 30 1.787878787878788
 2 1.848484848484849
 22 1.909090909090909
 2 1.96969696969697
 0 2.03030303030303
 0 2.090909090909091
 0 2.151515151515151
 3 2.212121212121212
 0 2.272727272727272
 1 2.333333333333334
 7 2.393939393939394
 1 2.454545454545455
 1 2.515151515151516
 0 2.575757575757576
 0 2.636363636363637
 0 2.696969696969697
 0 2.757575757575758
 0 2.818181818181818
 0 2.878787878787879
 0 2.939393939393939
 0 3


