# Created by Octave 3.8.2, Sat Jun 20 22:37:10 2020 CEST <damian@fptrucha.inv.usc.es>
# name: hd
# type: matrix
# rows: 100
# columns: 2
 0 -3
 0 -2.939393939393939
 0 -2.878787878787879
 0 -2.818181818181818
 0 -2.757575757575758
 0 -2.696969696969697
 0 -2.636363636363636
 3 -2.575757575757576
 0 -2.515151515151515
 3 -2.454545454545455
 0 -2.393939393939394
 0 -2.333333333333333
 2 -2.272727272727272
 0 -2.212121212121212
 0 -2.151515151515151
 2 -2.090909090909091
 0 -2.03030303030303
 17 -1.96969696969697
 23 -1.909090909090909
 1 -1.848484848484848
 1 -1.787878787878788
 0 -1.727272727272727
 0 -1.666666666666667
 75 -1.606060606060606
 19 -1.545454545454545
 87 -1.484848484848485
 23 -1.424242424242424
 77 -1.363636363636364
 22 -1.303030303030303
 12 -1.242424242424242
 535 -1.181818181818182
 12 -1.121212121212121
 449 -1.060606060606061
 12 -1
 401 -0.9393939393939394
 9 -0.8787878787878789
 422 -0.8181818181818183
 925 -0.7575757575757573
 625 -0.6969696969696968
 1043 -0.6363636363636362
 615 -0.5757575757575757
 855 -0.5151515151515151
 520 -0.4545454545454546
 866 -0.393939393939394
 4098 -0.333333333333333
 490 -0.2727272727272725
 2847 -0.2121212121212119
 9 -0.1515151515151514
 2603 -0.09090909090909083
 6 -0.03030303030303028
 2478 0.03030303030303028
 10 0.09090909090909083
 2119 0.1515151515151514
 1789 0.2121212121212124
 2187 0.2727272727272729
 1611 0.3333333333333335
 692 0.393939393939394
 856 0.4545454545454546
 650 0.5151515151515151
 800 0.5757575757575757
 552 0.6363636363636367
 772 0.6969696969696972
 580 0.7575757575757578
 11 0.8181818181818183
 564 0.8787878787878789
 16 0.9393939393939394
 563 1
 12 1.060606060606061
 497 1.121212121212121
 12 1.181818181818182
 27 1.242424242424242
 114 1.303030303030303
 24 1.363636363636363
 117 1.424242424242425
 25 1.484848484848485
 84 1.545454545454546
 1 1.606060606060606
 0 1.666666666666667
 1 1.727272727272728
 30 1.787878787878788
 1 1.848484848484849
 24 1.909090909090909
 5 1.96969696969697
 2 2.03030303030303
 0 2.090909090909091
 0 2.151515151515151
 0 2.212121212121212
 0 2.272727272727272
 0 2.333333333333334
 6 2.393939393939394
 0 2.454545454545455
 1 2.515151515151516
 0 2.575757575757576
 0 2.636363636363637
 0 2.696969696969697
 0 2.757575757575758
 0 2.818181818181818
 0 2.878787878787879
 0 2.939393939393939
 0 3


