# Created by Octave 3.8.2, Mon Jun 22 11:53:13 2020 CEST <damian@fptrucha.inv.usc.es>
# name: hd
# type: matrix
# rows: 100
# columns: 2
 0 -3
 0 -2.939393939393939
 0 -2.878787878787879
 0 -2.818181818181818
 0 -2.757575757575758
 0 -2.696969696969697
 0 -2.636363636363636
 0 -2.575757575757576
 0 -2.515151515151515
 6 -2.454545454545455
 1 -2.393939393939394
 1 -2.333333333333333
 2 -2.272727272727272
 0 -2.212121212121212
 0 -2.151515151515151
 1 -2.090909090909091
 4 -2.03030303030303
 32 -1.96969696969697
 24 -1.909090909090909
 0 -1.848484848484848
 4 -1.787878787878788
 0 -1.727272727272727
 1 -1.666666666666667
 97 -1.606060606060606
 33 -1.545454545454545
 123 -1.484848484848485
 27 -1.424242424242424
 108 -1.363636363636364
 20 -1.303030303030303
 7 -1.242424242424242
 511 -1.181818181818182
 17 -1.121212121212121
 532 -1.060606060606061
 22 -1
 477 -0.9393939393939394
 23 -0.8787878787878789
 494 -0.8181818181818183
 869 -0.7575757575757573
 630 -0.6969696969696968
 955 -0.6363636363636362
 632 -0.5757575757575757
 879 -0.5151515151515151
 621 -0.4545454545454546
 962 -0.393939393939394
 4046 -0.333333333333333
 583 -0.2727272727272725
 2494 -0.2121212121212119
 12 -0.1515151515151514
 2616 -0.09090909090909083
 16 -0.03030303030303028
 2442 0.03030303030303028
 20 0.09090909090909083
 2305 0.1515151515151514
 1479 0.2121212121212124
 2369 0.2727272727272729
 1547 0.3333333333333335
 652 0.393939393939394
 899 0.4545454545454546
 680 0.5151515151515151
 812 0.5757575757575757
 604 0.6363636363636367
 871 0.6969696969696972
 537 0.7575757575757578
 10 0.8181818181818183
 595 0.8787878787878789
 22 0.9393939393939394
 519 1
 18 1.060606060606061
 536 1.121212121212121
 13 1.181818181818182
 40 1.242424242424242
 110 1.303030303030303
 27 1.363636363636363
 105 1.424242424242425
 35 1.484848484848485
 103 1.545454545454546
 2 1.606060606060606
 0 1.666666666666667
 1 1.727272727272728
 39 1.787878787878788
 8 1.848484848484849
 37 1.909090909090909
 4 1.96969696969697
 1 2.03030303030303
 0 2.090909090909091
 0 2.151515151515151
 2 2.212121212121212
 0 2.272727272727272
 2 2.333333333333334
 9 2.393939393939394
 0 2.454545454545455
 0 2.515151515151516
 0 2.575757575757576
 0 2.636363636363637
 0 2.696969696969697
 0 2.757575757575758
 0 2.818181818181818
 0 2.878787878787879
 0 2.939393939393939
 0 3


