# Created by Octave 3.8.2, Mon Jun 22 00:22:56 2020 CEST <damian@fptrucha.inv.usc.es>
# name: hd
# type: matrix
# rows: 100
# columns: 2
 0 -3
 0 -2.939393939393939
 0 -2.878787878787879
 0 -2.818181818181818
 0 -2.757575757575758
 0 -2.696969696969697
 0 -2.636363636363636
 1 -2.575757575757576
 0 -2.515151515151515
 7 -2.454545454545455
 0 -2.393939393939394
 0 -2.333333333333333
 1 -2.272727272727272
 0 -2.212121212121212
 0 -2.151515151515151
 3 -2.090909090909091
 5 -2.03030303030303
 24 -1.96969696969697
 29 -1.909090909090909
 1 -1.848484848484848
 0 -1.787878787878788
 0 -1.727272727272727
 1 -1.666666666666667
 95 -1.606060606060606
 17 -1.545454545454545
 80 -1.484848484848485
 21 -1.424242424242424
 78 -1.363636363636364
 13 -1.303030303030303
 14 -1.242424242424242
 507 -1.181818181818182
 13 -1.121212121212121
 511 -1.060606060606061
 8 -1
 439 -0.9393939393939394
 13 -0.8787878787878789
 431 -0.8181818181818183
 969 -0.7575757575757573
 656 -0.6969696969696968
 1019 -0.6363636363636362
 646 -0.5757575757575757
 865 -0.5151515151515151
 573 -0.4545454545454546
 846 -0.393939393939394
 4177 -0.333333333333333
 549 -0.2727272727272725
 2900 -0.2121212121212119
 6 -0.1515151515151514
 2667 -0.09090909090909083
 8 -0.03030303030303028
 2414 0.03030303030303028
 9 0.09090909090909083
 2201 0.1515151515151514
 1737 0.2121212121212124
 2146 0.2727272727272729
 1653 0.3333333333333335
 646 0.393939393939394
 913 0.4545454545454546
 648 0.5151515151515151
 769 0.5757575757575757
 560 0.6363636363636367
 784 0.6969696969696972
 559 0.7575757575757578
 9 0.8181818181818183
 560 0.8787878787878789
 7 0.9393939393939394
 489 1
 15 1.060606060606061
 469 1.121212121212121
 9 1.181818181818182
 22 1.242424242424242
 96 1.303030303030303
 33 1.363636363636363
 99 1.424242424242425
 22 1.484848484848485
 99 1.545454545454546
 2 1.606060606060606
 0 1.666666666666667
 1 1.727272727272728
 30 1.787878787878788
 3 1.848484848484849
 19 1.909090909090909
 3 1.96969696969697
 0 2.03030303030303
 0 2.090909090909091
 0 2.151515151515151
 1 2.212121212121212
 0 2.272727272727272
 0 2.333333333333334
 2 2.393939393939394
 1 2.454545454545455
 0 2.515151515151516
 0 2.575757575757576
 0 2.636363636363637
 0 2.696969696969697
 0 2.757575757575758
 0 2.818181818181818
 0 2.878787878787879
 0 2.939393939393939
 0 3


