# Created by Octave 3.8.2, Sun Jun 21 03:44:03 2020 CEST <damian@fptrucha.inv.usc.es>
# name: hd
# type: matrix
# rows: 100
# columns: 2
 0 -3
 0 -2.939393939393939
 0 -2.878787878787879
 0 -2.818181818181818
 0 -2.757575757575758
 0 -2.696969696969697
 0 -2.636363636363636
 0 -2.575757575757576
 0 -2.515151515151515
 2 -2.454545454545455
 0 -2.393939393939394
 0 -2.333333333333333
 2 -2.272727272727272
 0 -2.212121212121212
 0 -2.151515151515151
 3 -2.090909090909091
 3 -2.03030303030303
 13 -1.96969696969697
 21 -1.909090909090909
 3 -1.848484848484848
 0 -1.787878787878788
 0 -1.727272727272727
 2 -1.666666666666667
 94 -1.606060606060606
 18 -1.545454545454545
 72 -1.484848484848485
 18 -1.424242424242424
 82 -1.363636363636364
 21 -1.303030303030303
 9 -1.242424242424242
 549 -1.181818181818182
 14 -1.121212121212121
 518 -1.060606060606061
 11 -1
 422 -0.9393939393939394
 13 -0.8787878787878789
 454 -0.8181818181818183
 976 -0.7575757575757573
 668 -0.6969696969696968
 1008 -0.6363636363636362
 609 -0.5757575757575757
 839 -0.5151515151515151
 510 -0.4545454545454546
 831 -0.393939393939394
 4267 -0.333333333333333
 545 -0.2727272727272725
 2860 -0.2121212121212119
 6 -0.1515151515151514
 2577 -0.09090909090909083
 15 -0.03030303030303028
 2438 0.03030303030303028
 8 0.09090909090909083
 2222 0.1515151515151514
 1742 0.2121212121212124
 2204 0.2727272727272729
 1592 0.3333333333333335
 616 0.393939393939394
 872 0.4545454545454546
 630 0.5151515151515151
 802 0.5757575757575757
 610 0.6363636363636367
 753 0.6969696969696972
 573 0.7575757575757578
 12 0.8181818181818183
 568 0.8787878787878789
 9 0.9393939393939394
 485 1
 10 1.060606060606061
 476 1.121212121212121
 14 1.181818181818182
 25 1.242424242424242
 111 1.303030303030303
 21 1.363636363636363
 89 1.424242424242425
 18 1.484848484848485
 81 1.545454545454546
 2 1.606060606060606
 0 1.666666666666667
 1 1.727272727272728
 34 1.787878787878788
 3 1.848484848484849
 20 1.909090909090909
 3 1.96969696969697
 0 2.03030303030303
 0 2.090909090909091
 0 2.151515151515151
 1 2.212121212121212
 0 2.272727272727272
 0 2.333333333333334
 5 2.393939393939394
 0 2.454545454545455
 0 2.515151515151516
 0 2.575757575757576
 0 2.636363636363637
 0 2.696969696969697
 0 2.757575757575758
 0 2.818181818181818
 0 2.878787878787879
 0 2.939393939393939
 0 3


