# Created by Octave 3.8.2, Sun Jun 21 03:20:35 2020 CEST <damian@fptrucha.inv.usc.es>
# name: hd
# type: matrix
# rows: 100
# columns: 2
 0 -3
 0 -2.939393939393939
 0 -2.878787878787879
 0 -2.818181818181818
 0 -2.757575757575758
 0 -2.696969696969697
 0 -2.636363636363636
 2 -2.575757575757576
 2 -2.515151515151515
 8 -2.454545454545455
 1 -2.393939393939394
 0 -2.333333333333333
 1 -2.272727272727272
 0 -2.212121212121212
 0 -2.151515151515151
 1 -2.090909090909091
 3 -2.03030303030303
 24 -1.96969696969697
 34 -1.909090909090909
 2 -1.848484848484848
 0 -1.787878787878788
 0 -1.727272727272727
 2 -1.666666666666667
 92 -1.606060606060606
 18 -1.545454545454545
 80 -1.484848484848485
 23 -1.424242424242424
 73 -1.363636363636364
 21 -1.303030303030303
 12 -1.242424242424242
 540 -1.181818181818182
 15 -1.121212121212121
 515 -1.060606060606061
 8 -1
 468 -0.9393939393939394
 10 -0.8787878787878789
 431 -0.8181818181818183
 907 -0.7575757575757573
 613 -0.6969696969696968
 974 -0.6363636363636362
 626 -0.5757575757575757
 856 -0.5151515151515151
 537 -0.4545454545454546
 813 -0.393939393939394
 4270 -0.333333333333333
 532 -0.2727272727272725
 2754 -0.2121212121212119
 7 -0.1515151515151514
 2550 -0.09090909090909083
 10 -0.03030303030303028
 2440 0.03030303030303028
 9 0.09090909090909083
 2194 0.1515151515151514
 1647 0.2121212121212124
 2130 0.2727272727272729
 1596 0.3333333333333335
 645 0.393939393939394
 893 0.4545454545454546
 640 0.5151515151515151
 790 0.5757575757575757
 572 0.6363636363636367
 752 0.6969696969696972
 591 0.7575757575757578
 3 0.8181818181818183
 571 0.8787878787878789
 15 0.9393939393939394
 483 1
 14 1.060606060606061
 446 1.121212121212121
 12 1.181818181818182
 20 1.242424242424242
 98 1.303030303030303
 30 1.363636363636363
 92 1.424242424242425
 25 1.484848484848485
 83 1.545454545454546
 1 1.606060606060606
 0 1.666666666666667
 0 1.727272727272728
 25 1.787878787878788
 2 1.848484848484849
 32 1.909090909090909
 5 1.96969696969697
 1 2.03030303030303
 0 2.090909090909091
 0 2.151515151515151
 0 2.212121212121212
 0 2.272727272727272
 0 2.333333333333334
 4 2.393939393939394
 0 2.454545454545455
 0 2.515151515151516
 0 2.575757575757576
 0 2.636363636363637
 0 2.696969696969697
 0 2.757575757575758
 0 2.818181818181818
 0 2.878787878787879
 0 2.939393939393939
 0 3


