# Created by Octave 3.8.2, Mon Jun 22 18:27:31 2020 CEST <damian@fptrucha.inv.usc.es>
# name: hd
# type: matrix
# rows: 100
# columns: 2
 0 -3
 0 -2.939393939393939
 0 -2.878787878787879
 0 -2.818181818181818
 0 -2.757575757575758
 0 -2.696969696969697
 0 -2.636363636363636
 1 -2.575757575757576
 0 -2.515151515151515
 10 -2.454545454545455
 0 -2.393939393939394
 0 -2.333333333333333
 2 -2.272727272727272
 0 -2.212121212121212
 0 -2.151515151515151
 1 -2.090909090909091
 3 -2.03030303030303
 35 -1.96969696969697
 40 -1.909090909090909
 0 -1.848484848484848
 1 -1.787878787878788
 0 -1.727272727272727
 2 -1.666666666666667
 121 -1.606060606060606
 26 -1.545454545454545
 118 -1.484848484848485
 25 -1.424242424242424
 121 -1.363636363636364
 34 -1.303030303030303
 12 -1.242424242424242
 607 -1.181818181818182
 19 -1.121212121212121
 582 -1.060606060606061
 17 -1
 568 -0.9393939393939394
 21 -0.8787878787878789
 537 -0.8181818181818183
 918 -0.7575757575757573
 686 -0.6969696969696968
 1073 -0.6363636363636362
 641 -0.5757575757575757
 950 -0.5151515151515151
 669 -0.4545454545454546
 979 -0.393939393939394
 4367 -0.333333333333333
 628 -0.2727272727272725
 2733 -0.2121212121212119
 8 -0.1515151515151514
 2746 -0.09090909090909083
 17 -0.03030303030303028
 2603 0.03030303030303028
 19 0.09090909090909083
 2387 0.1515151515151514
 1564 0.2121212121212124
 2483 0.2727272727272729
 1584 0.3333333333333335
 653 0.393939393939394
 896 0.4545454545454546
 623 0.5151515151515151
 789 0.5757575757575757
 677 0.6363636363636367
 826 0.6969696969696972
 552 0.7575757575757578
 11 0.8181818181818183
 571 0.8787878787878789
 20 0.9393939393939394
 496 1
 26 1.060606060606061
 509 1.121212121212121
 13 1.181818181818182
 31 1.242424242424242
 111 1.303030303030303
 20 1.363636363636363
 125 1.424242424242425
 33 1.484848484848485
 120 1.545454545454546
 0 1.606060606060606
 0 1.666666666666667
 2 1.727272727272728
 44 1.787878787878788
 3 1.848484848484849
 33 1.909090909090909
 5 1.96969696969697
 1 2.03030303030303
 0 2.090909090909091
 0 2.151515151515151
 0 2.212121212121212
 2 2.272727272727272
 0 2.333333333333334
 5 2.393939393939394
 0 2.454545454545455
 0 2.515151515151516
 0 2.575757575757576
 0 2.636363636363637
 0 2.696969696969697
 0 2.757575757575758
 0 2.818181818181818
 0 2.878787878787879
 0 2.939393939393939
 0 3


