# Created by Octave 3.8.2, Mon Jun 22 11:24:43 2020 CEST <damian@fptrucha.inv.usc.es>
# name: hd
# type: matrix
# rows: 100
# columns: 2
 0 -3
 0 -2.939393939393939
 0 -2.878787878787879
 0 -2.818181818181818
 0 -2.757575757575758
 0 -2.696969696969697
 0 -2.636363636363636
 1 -2.575757575757576
 0 -2.515151515151515
 10 -2.454545454545455
 2 -2.393939393939394
 0 -2.333333333333333
 2 -2.272727272727272
 0 -2.212121212121212
 0 -2.151515151515151
 1 -2.090909090909091
 6 -2.03030303030303
 45 -1.96969696969697
 32 -1.909090909090909
 0 -1.848484848484848
 2 -1.787878787878788
 0 -1.727272727272727
 0 -1.666666666666667
 91 -1.606060606060606
 37 -1.545454545454545
 103 -1.484848484848485
 28 -1.424242424242424
 117 -1.363636363636364
 31 -1.303030303030303
 10 -1.242424242424242
 553 -1.181818181818182
 17 -1.121212121212121
 503 -1.060606060606061
 14 -1
 493 -0.9393939393939394
 29 -0.8787878787878789
 477 -0.8181818181818183
 838 -0.7575757575757573
 603 -0.6969696969696968
 998 -0.6363636363636362
 629 -0.5757575757575757
 839 -0.5151515151515151
 599 -0.4545454545454546
 910 -0.393939393939394
 3990 -0.333333333333333
 604 -0.2727272727272725
 2667 -0.2121212121212119
 16 -0.1515151515151514
 2585 -0.09090909090909083
 19 -0.03030303030303028
 2513 0.03030303030303028
 26 0.09090909090909083
 2292 0.1515151515151514
 1639 0.2121212121212124
 2300 0.2727272727272729
 1516 0.3333333333333335
 627 0.393939393939394
 965 0.4545454545454546
 632 0.5151515151515151
 816 0.5757575757575757
 681 0.6363636363636367
 872 0.6969696969696972
 503 0.7575757575757578
 7 0.8181818181818183
 547 0.8787878787878789
 7 0.9393939393939394
 538 1
 22 1.060606060606061
 509 1.121212121212121
 26 1.181818181818182
 23 1.242424242424242
 101 1.303030303030303
 33 1.363636363636363
 115 1.424242424242425
 33 1.484848484848485
 101 1.545454545454546
 0 1.606060606060606
 0 1.666666666666667
 2 1.727272727272728
 33 1.787878787878788
 3 1.848484848484849
 38 1.909090909090909
 7 1.96969696969697
 1 2.03030303030303
 0 2.090909090909091
 0 2.151515151515151
 2 2.212121212121212
 2 2.272727272727272
 1 2.333333333333334
 14 2.393939393939394
 0 2.454545454545455
 0 2.515151515151516
 0 2.575757575757576
 0 2.636363636363637
 0 2.696969696969697
 0 2.757575757575758
 0 2.818181818181818
 0 2.878787878787879
 0 2.939393939393939
 0 3


