# Created by Octave 3.8.2, Mon Jun 22 13:32:11 2020 CEST <damian@fptrucha.inv.usc.es>
# name: hd
# type: matrix
# rows: 100
# columns: 2
 0 -3
 0 -2.939393939393939
 0 -2.878787878787879
 0 -2.818181818181818
 0 -2.757575757575758
 0 -2.696969696969697
 0 -2.636363636363636
 3 -2.575757575757576
 3 -2.515151515151515
 6 -2.454545454545455
 2 -2.393939393939394
 1 -2.333333333333333
 2 -2.272727272727272
 0 -2.212121212121212
 0 -2.151515151515151
 3 -2.090909090909091
 5 -2.03030303030303
 39 -1.96969696969697
 32 -1.909090909090909
 1 -1.848484848484848
 4 -1.787878787878788
 0 -1.727272727272727
 2 -1.666666666666667
 98 -1.606060606060606
 28 -1.545454545454545
 129 -1.484848484848485
 26 -1.424242424242424
 112 -1.363636363636364
 20 -1.303030303030303
 16 -1.242424242424242
 571 -1.181818181818182
 16 -1.121212121212121
 504 -1.060606060606061
 21 -1
 521 -0.9393939393939394
 17 -0.8787878787878789
 511 -0.8181818181818183
 910 -0.7575757575757573
 631 -0.6969696969696968
 982 -0.6363636363636362
 608 -0.5757575757575757
 884 -0.5151515151515151
 614 -0.4545454545454546
 933 -0.393939393939394
 4066 -0.333333333333333
 628 -0.2727272727272725
 2671 -0.2121212121212119
 11 -0.1515151515151514
 2687 -0.09090909090909083
 14 -0.03030303030303028
 2507 0.03030303030303028
 28 0.09090909090909083
 2394 0.1515151515151514
 1564 0.2121212121212124
 2287 0.2727272727272729
 1593 0.3333333333333335
 708 0.393939393939394
 900 0.4545454545454546
 626 0.5151515151515151
 840 0.5757575757575757
 632 0.6363636363636367
 860 0.6969696969696972
 524 0.7575757575757578
 9 0.8181818181818183
 569 0.8787878787878789
 21 0.9393939393939394
 542 1
 15 1.060606060606061
 513 1.121212121212121
 18 1.181818181818182
 30 1.242424242424242
 115 1.303030303030303
 29 1.363636363636363
 98 1.424242424242425
 27 1.484848484848485
 123 1.545454545454546
 7 1.606060606060606
 0 1.666666666666667
 5 1.727272727272728
 31 1.787878787878788
 2 1.848484848484849
 42 1.909090909090909
 5 1.96969696969697
 2 2.03030303030303
 0 2.090909090909091
 0 2.151515151515151
 1 2.212121212121212
 1 2.272727272727272
 0 2.333333333333334
 14 2.393939393939394
 0 2.454545454545455
 0 2.515151515151516
 0 2.575757575757576
 0 2.636363636363637
 0 2.696969696969697
 0 2.757575757575758
 0 2.818181818181818
 0 2.878787878787879
 0 2.939393939393939
 0 3


