# Created by Octave 3.8.2, Sat Jun 20 06:50:45 2020 CEST <damian@fptrucha.inv.usc.es>
# name: hd
# type: matrix
# rows: 100
# columns: 2
 0 -3
 0 -2.939393939393939
 0 -2.878787878787879
 0 -2.818181818181818
 0 -2.757575757575758
 0 -2.696969696969697
 0 -2.636363636363636
 0 -2.575757575757576
 0 -2.515151515151515
 9 -2.454545454545455
 1 -2.393939393939394
 0 -2.333333333333333
 2 -2.272727272727272
 0 -2.212121212121212
 0 -2.151515151515151
 1 -2.090909090909091
 6 -2.03030303030303
 39 -1.96969696969697
 44 -1.909090909090909
 0 -1.848484848484848
 1 -1.787878787878788
 0 -1.727272727272727
 2 -1.666666666666667
 122 -1.606060606060606
 29 -1.545454545454545
 122 -1.484848484848485
 43 -1.424242424242424
 115 -1.363636363636364
 31 -1.303030303030303
 12 -1.242424242424242
 647 -1.181818181818182
 15 -1.121212121212121
 654 -1.060606060606061
 14 -1
 552 -0.9393939393939394
 14 -0.8787878787878789
 532 -0.8181818181818183
 1205 -0.7575757575757573
 821 -0.6969696969696968
 1185 -0.6363636363636362
 745 -0.5757575757575757
 1100 -0.5151515151515151
 661 -0.4545454545454546
 975 -0.393939393939394
 4806 -0.333333333333333
 693 -0.2727272727272725
 3133 -0.2121212121212119
 13 -0.1515151515151514
 2963 -0.09090909090909083
 12 -0.03030303030303028
 2853 0.03030303030303028
 9 0.09090909090909083
 2487 0.1515151515151514
 1910 0.2121212121212124
 2514 0.2727272727272729
 1801 0.3333333333333335
 689 0.393939393939394
 966 0.4545454545454546
 730 0.5151515151515151
 885 0.5757575757575757
 634 0.6363636363636367
 841 0.6969696969696972
 564 0.7575757575757578
 6 0.8181818181818183
 517 0.8787878787878789
 15 0.9393939393939394
 511 1
 19 1.060606060606061
 495 1.121212121212121
 9 1.181818181818182
 21 1.242424242424242
 101 1.303030303030303
 25 1.363636363636363
 90 1.424242424242425
 32 1.484848484848485
 93 1.545454545454546
 3 1.606060606060606
 0 1.666666666666667
 0 1.727272727272728
 28 1.787878787878788
 0 1.848484848484849
 19 1.909090909090909
 4 1.96969696969697
 2 2.03030303030303
 0 2.090909090909091
 0 2.151515151515151
 1 2.212121212121212
 0 2.272727272727272
 1 2.333333333333334
 9 2.393939393939394
 2 2.454545454545455
 1 2.515151515151516
 0 2.575757575757576
 0 2.636363636363637
 0 2.696969696969697
 0 2.757575757575758
 0 2.818181818181818
 0 2.878787878787879
 0 2.939393939393939
 0 3


