# Created by Octave 3.8.2, Sat Jun 20 16:16:04 2020 CEST <damian@fptrucha.inv.usc.es>
# name: hd
# type: matrix
# rows: 100
# columns: 2
 0 -3
 0 -2.939393939393939
 0 -2.878787878787879
 0 -2.818181818181818
 0 -2.757575757575758
 0 -2.696969696969697
 0 -2.636363636363636
 4 -2.575757575757576
 0 -2.515151515151515
 0 -2.454545454545455
 1 -2.393939393939394
 0 -2.333333333333333
 0 -2.272727272727272
 0 -2.212121212121212
 0 -2.151515151515151
 0 -2.090909090909091
 0 -2.03030303030303
 22 -1.96969696969697
 27 -1.909090909090909
 2 -1.848484848484848
 0 -1.787878787878788
 0 -1.727272727272727
 2 -1.666666666666667
 91 -1.606060606060606
 22 -1.545454545454545
 71 -1.484848484848485
 16 -1.424242424242424
 82 -1.363636363636364
 14 -1.303030303030303
 11 -1.242424242424242
 544 -1.181818181818182
 18 -1.121212121212121
 490 -1.060606060606061
 13 -1
 457 -0.9393939393939394
 8 -0.8787878787878789
 410 -0.8181818181818183
 958 -0.7575757575757573
 669 -0.6969696969696968
 1043 -0.6363636363636362
 650 -0.5757575757575757
 862 -0.5151515151515151
 582 -0.4545454545454546
 859 -0.393939393939394
 4247 -0.333333333333333
 524 -0.2727272727272725
 3008 -0.2121212121212119
 5 -0.1515151515151514
 2679 -0.09090909090909083
 10 -0.03030303030303028
 2645 0.03030303030303028
 10 0.09090909090909083
 2234 0.1515151515151514
 1786 0.2121212121212124
 2283 0.2727272727272729
 1748 0.3333333333333335
 653 0.393939393939394
 962 0.4545454545454546
 657 0.5151515151515151
 811 0.5757575757575757
 583 0.6363636363636367
 827 0.6969696969696972
 578 0.7575757575757578
 9 0.8181818181818183
 588 0.8787878787878789
 15 0.9393939393939394
 540 1
 16 1.060606060606061
 508 1.121212121212121
 6 1.181818181818182
 24 1.242424242424242
 101 1.303030303030303
 25 1.363636363636363
 110 1.424242424242425
 26 1.484848484848485
 109 1.545454545454546
 5 1.606060606060606
 0 1.666666666666667
 2 1.727272727272728
 39 1.787878787878788
 3 1.848484848484849
 29 1.909090909090909
 1 1.96969696969697
 0 2.03030303030303
 0 2.090909090909091
 0 2.151515151515151
 1 2.212121212121212
 0 2.272727272727272
 0 2.333333333333334
 4 2.393939393939394
 0 2.454545454545455
 1 2.515151515151516
 0 2.575757575757576
 0 2.636363636363637
 0 2.696969696969697
 0 2.757575757575758
 0 2.818181818181818
 0 2.878787878787879
 0 2.939393939393939
 0 3


