# Created by Octave 3.8.2, Mon Jun 22 21:23:12 2020 CEST <damian@fptrucha.inv.usc.es>
# name: hd
# type: matrix
# rows: 100
# columns: 2
 0 -3
 0 -2.939393939393939
 0 -2.878787878787879
 0 -2.818181818181818
 0 -2.757575757575758
 0 -2.696969696969697
 0 -2.636363636363636
 1 -2.575757575757576
 0 -2.515151515151515
 7 -2.454545454545455
 2 -2.393939393939394
 0 -2.333333333333333
 0 -2.272727272727272
 0 -2.212121212121212
 0 -2.151515151515151
 3 -2.090909090909091
 4 -2.03030303030303
 43 -1.96969696969697
 44 -1.909090909090909
 2 -1.848484848484848
 0 -1.787878787878788
 0 -1.727272727272727
 2 -1.666666666666667
 136 -1.606060606060606
 23 -1.545454545454545
 118 -1.484848484848485
 21 -1.424242424242424
 124 -1.363636363636364
 33 -1.303030303030303
 18 -1.242424242424242
 628 -1.181818181818182
 20 -1.121212121212121
 605 -1.060606060606061
 15 -1
 588 -0.9393939393939394
 13 -0.8787878787878789
 586 -0.8181818181818183
 969 -0.7575757575757573
 691 -0.6969696969696968
 1099 -0.6363636363636362
 656 -0.5757575757575757
 954 -0.5151515151515151
 675 -0.4545454545454546
 1006 -0.393939393939394
 4457 -0.333333333333333
 594 -0.2727272727272725
 2821 -0.2121212121212119
 18 -0.1515151515151514
 2679 -0.09090909090909083
 11 -0.03030303030303028
 2584 0.03030303030303028
 15 0.09090909090909083
 2507 0.1515151515151514
 1531 0.2121212121212124
 2495 0.2727272727272729
 1678 0.3333333333333335
 629 0.393939393939394
 921 0.4545454545454546
 688 0.5151515151515151
 820 0.5757575757575757
 622 0.6363636363636367
 840 0.6969696969696972
 539 0.7575757575757578
 17 0.8181818181818183
 568 0.8787878787878789
 18 0.9393939393939394
 548 1
 11 1.060606060606061
 513 1.121212121212121
 14 1.181818181818182
 25 1.242424242424242
 128 1.303030303030303
 28 1.363636363636363
 102 1.424242424242425
 37 1.484848484848485
 104 1.545454545454546
 3 1.606060606060606
 0 1.666666666666667
 4 1.727272727272728
 33 1.787878787878788
 5 1.848484848484849
 32 1.909090909090909
 3 1.96969696969697
 3 2.03030303030303
 0 2.090909090909091
 0 2.151515151515151
 3 2.212121212121212
 0 2.272727272727272
 1 2.333333333333334
 13 2.393939393939394
 0 2.454545454545455
 1 2.515151515151516
 0 2.575757575757576
 0 2.636363636363637
 0 2.696969696969697
 0 2.757575757575758
 0 2.818181818181818
 0 2.878787878787879
 0 2.939393939393939
 0 3


