# Created by Octave 3.8.2, Mon Jun 22 05:41:04 2020 CEST <damian@fptrucha.inv.usc.es>
# name: hd
# type: matrix
# rows: 100
# columns: 2
 0 -3
 0 -2.939393939393939
 0 -2.878787878787879
 0 -2.818181818181818
 0 -2.757575757575758
 0 -2.696969696969697
 0 -2.636363636363636
 1 -2.575757575757576
 0 -2.515151515151515
 9 -2.454545454545455
 0 -2.393939393939394
 0 -2.333333333333333
 1 -2.272727272727272
 0 -2.212121212121212
 0 -2.151515151515151
 2 -2.090909090909091
 0 -2.03030303030303
 36 -1.96969696969697
 51 -1.909090909090909
 3 -1.848484848484848
 2 -1.787878787878788
 0 -1.727272727272727
 2 -1.666666666666667
 107 -1.606060606060606
 30 -1.545454545454545
 110 -1.484848484848485
 32 -1.424242424242424
 114 -1.363636363636364
 32 -1.303030303030303
 17 -1.242424242424242
 476 -1.181818181818182
 17 -1.121212121212121
 476 -1.060606060606061
 17 -1
 534 -0.9393939393939394
 19 -0.8787878787878789
 489 -0.8181818181818183
 846 -0.7575757575757573
 608 -0.6969696969696968
 916 -0.6363636363636362
 605 -0.5757575757575757
 814 -0.5151515151515151
 583 -0.4545454545454546
 859 -0.393939393939394
 3655 -0.333333333333333
 578 -0.2727272727272725
 2465 -0.2121212121212119
 8 -0.1515151515151514
 2433 -0.09090909090909083
 13 -0.03030303030303028
 2384 0.03030303030303028
 25 0.09090909090909083
 2194 0.1515151515151514
 1443 0.2121212121212124
 2183 0.2727272727272729
 1370 0.3333333333333335
 640 0.393939393939394
 912 0.4545454545454546
 620 0.5151515151515151
 722 0.5757575757575757
 573 0.6363636363636367
 814 0.6969696969696972
 503 0.7575757575757578
 18 0.8181818181818183
 505 0.8787878787878789
 15 0.9393939393939394
 464 1
 17 1.060606060606061
 526 1.121212121212121
 13 1.181818181818182
 16 1.242424242424242
 99 1.303030303030303
 21 1.363636363636363
 116 1.424242424242425
 34 1.484848484848485
 85 1.545454545454546
 2 1.606060606060606
 0 1.666666666666667
 0 1.727272727272728
 33 1.787878787878788
 3 1.848484848484849
 37 1.909090909090909
 7 1.96969696969697
 3 2.03030303030303
 0 2.090909090909091
 0 2.151515151515151
 1 2.212121212121212
 1 2.272727272727272
 0 2.333333333333334
 10 2.393939393939394
 0 2.454545454545455
 2 2.515151515151516
 0 2.575757575757576
 0 2.636363636363637
 0 2.696969696969697
 0 2.757575757575758
 0 2.818181818181818
 0 2.878787878787879
 0 2.939393939393939
 0 3


