# Created by Octave 3.8.2, Mon Jun 22 01:50:28 2020 CEST <damian@fptrucha.inv.usc.es>
# name: hd
# type: matrix
# rows: 100
# columns: 2
 0 -3
 0 -2.939393939393939
 0 -2.878787878787879
 0 -2.818181818181818
 0 -2.757575757575758
 0 -2.696969696969697
 0 -2.636363636363636
 5 -2.575757575757576
 1 -2.515151515151515
 1 -2.454545454545455
 1 -2.393939393939394
 0 -2.333333333333333
 0 -2.272727272727272
 0 -2.212121212121212
 0 -2.151515151515151
 1 -2.090909090909091
 2 -2.03030303030303
 15 -1.96969696969697
 26 -1.909090909090909
 2 -1.848484848484848
 1 -1.787878787878788
 0 -1.727272727272727
 1 -1.666666666666667
 62 -1.606060606060606
 12 -1.545454545454545
 77 -1.484848484848485
 24 -1.424242424242424
 71 -1.363636363636364
 13 -1.303030303030303
 7 -1.242424242424242
 386 -1.181818181818182
 15 -1.121212121212121
 357 -1.060606060606061
 11 -1
 325 -0.9393939393939394
 12 -0.8787878787878789
 327 -0.8181818181818183
 690 -0.7575757575757573
 436 -0.6969696969696968
 656 -0.6363636363636362
 443 -0.5757575757575757
 566 -0.5151515151515151
 376 -0.4545454545454546
 567 -0.393939393939394
 2895 -0.333333333333333
 370 -0.2727272727272725
 1899 -0.2121212121212119
 5 -0.1515151515151514
 1839 -0.09090909090909083
 4 -0.03030303030303028
 1708 0.03030303030303028
 4 0.09090909090909083
 1493 0.1515151515151514
 1187 0.2121212121212124
 1406 0.2727272727272729
 1142 0.3333333333333335
 458 0.393939393939394
 580 0.4545454545454546
 432 0.5151515151515151
 538 0.5757575757575757
 386 0.6363636363636367
 581 0.6969696969696972
 385 0.7575757575757578
 7 0.8181818181818183
 405 0.8787878787878789
 6 0.9393939393939394
 359 1
 12 1.060606060606061
 347 1.121212121212121
 7 1.181818181818182
 28 1.242424242424242
 69 1.303030303030303
 17 1.363636363636363
 77 1.424242424242425
 16 1.484848484848485
 67 1.545454545454546
 2 1.606060606060606
 0 1.666666666666667
 1 1.727272727272728
 26 1.787878787878788
 3 1.848484848484849
 22 1.909090909090909
 2 1.96969696969697
 1 2.03030303030303
 0 2.090909090909091
 0 2.151515151515151
 1 2.212121212121212
 0 2.272727272727272
 1 2.333333333333334
 8 2.393939393939394
 0 2.454545454545455
 1 2.515151515151516
 0 2.575757575757576
 0 2.636363636363637
 0 2.696969696969697
 0 2.757575757575758
 0 2.818181818181818
 0 2.878787878787879
 0 2.939393939393939
 0 3


