# Created by Octave 3.8.2, Sat Jun 20 10:31:42 2020 CEST <damian@fptrucha.inv.usc.es>
# name: hd
# type: matrix
# rows: 100
# columns: 2
 0 -3
 0 -2.939393939393939
 0 -2.878787878787879
 0 -2.818181818181818
 0 -2.757575757575758
 0 -2.696969696969697
 0 -2.636363636363636
 0 -2.575757575757576
 0 -2.515151515151515
 8 -2.454545454545455
 1 -2.393939393939394
 0 -2.333333333333333
 1 -2.272727272727272
 0 -2.212121212121212
 0 -2.151515151515151
 2 -2.090909090909091
 0 -2.03030303030303
 25 -1.96969696969697
 32 -1.909090909090909
 2 -1.848484848484848
 4 -1.787878787878788
 0 -1.727272727272727
 3 -1.666666666666667
 110 -1.606060606060606
 15 -1.545454545454545
 94 -1.484848484848485
 24 -1.424242424242424
 86 -1.363636363636364
 16 -1.303030303030303
 15 -1.242424242424242
 571 -1.181818181818182
 14 -1.121212121212121
 534 -1.060606060606061
 6 -1
 507 -0.9393939393939394
 18 -0.8787878787878789
 482 -0.8181818181818183
 1106 -0.7575757575757573
 756 -0.6969696969696968
 1169 -0.6363636363636362
 652 -0.5757575757575757
 961 -0.5151515151515151
 622 -0.4545454545454546
 939 -0.393939393939394
 4645 -0.333333333333333
 589 -0.2727272727272725
 3183 -0.2121212121212119
 8 -0.1515151515151514
 2906 -0.09090909090909083
 10 -0.03030303030303028
 2798 0.03030303030303028
 14 0.09090909090909083
 2445 0.1515151515151514
 1982 0.2121212121212124
 2456 0.2727272727272729
 1908 0.3333333333333335
 671 0.393939393939394
 1010 0.4545454545454546
 744 0.5151515151515151
 930 0.5757575757575757
 682 0.6363636363636367
 868 0.6969696969696972
 710 0.7575757575757578
 14 0.8181818181818183
 619 0.8787878787878789
 14 0.9393939393939394
 593 1
 7 1.060606060606061
 563 1.121212121212121
 16 1.181818181818182
 35 1.242424242424242
 121 1.303030303030303
 26 1.363636363636363
 121 1.424242424242425
 27 1.484848484848485
 103 1.545454545454546
 3 1.606060606060606
 0 1.666666666666667
 0 1.727272727272728
 42 1.787878787878788
 3 1.848484848484849
 35 1.909090909090909
 4 1.96969696969697
 0 2.03030303030303
 0 2.090909090909091
 0 2.151515151515151
 0 2.212121212121212
 0 2.272727272727272
 1 2.333333333333334
 11 2.393939393939394
 0 2.454545454545455
 0 2.515151515151516
 0 2.575757575757576
 0 2.636363636363637
 0 2.696969696969697
 0 2.757575757575758
 0 2.818181818181818
 0 2.878787878787879
 0 2.939393939393939
 0 3


