# Created by Octave 3.8.2, Sun Jun 21 01:54:50 2020 CEST <damian@fptrucha.inv.usc.es>
# name: hd
# type: matrix
# rows: 100
# columns: 2
 0 -3
 0 -2.939393939393939
 0 -2.878787878787879
 0 -2.818181818181818
 0 -2.757575757575758
 0 -2.696969696969697
 0 -2.636363636363636
 2 -2.575757575757576
 0 -2.515151515151515
 3 -2.454545454545455
 0 -2.393939393939394
 2 -2.333333333333333
 0 -2.272727272727272
 0 -2.212121212121212
 0 -2.151515151515151
 2 -2.090909090909091
 3 -2.03030303030303
 15 -1.96969696969697
 21 -1.909090909090909
 2 -1.848484848484848
 0 -1.787878787878788
 0 -1.727272727272727
 1 -1.666666666666667
 82 -1.606060606060606
 21 -1.545454545454545
 91 -1.484848484848485
 10 -1.424242424242424
 87 -1.363636363636364
 18 -1.303030303030303
 13 -1.242424242424242
 505 -1.181818181818182
 13 -1.121212121212121
 482 -1.060606060606061
 15 -1
 470 -0.9393939393939394
 20 -0.8787878787878789
 428 -0.8181818181818183
 949 -0.7575757575757573
 645 -0.6969696969696968
 993 -0.6363636363636362
 650 -0.5757575757575757
 855 -0.5151515151515151
 527 -0.4545454545454546
 784 -0.393939393939394
 3978 -0.333333333333333
 551 -0.2727272727272725
 2876 -0.2121212121212119
 9 -0.1515151515151514
 2489 -0.09090909090909083
 9 -0.03030303030303028
 2418 0.03030303030303028
 11 0.09090909090909083
 2123 0.1515151515151514
 1666 0.2121212121212124
 2171 0.2727272727272729
 1586 0.3333333333333335
 562 0.393939393939394
 847 0.4545454545454546
 641 0.5151515151515151
 826 0.5757575757575757
 567 0.6363636363636367
 744 0.6969696969696972
 561 0.7575757575757578
 11 0.8181818181818183
 532 0.8787878787878789
 12 0.9393939393939394
 502 1
 14 1.060606060606061
 494 1.121212121212121
 10 1.181818181818182
 23 1.242424242424242
 90 1.303030303030303
 28 1.363636363636363
 92 1.424242424242425
 29 1.484848484848485
 97 1.545454545454546
 1 1.606060606060606
 0 1.666666666666667
 1 1.727272727272728
 29 1.787878787878788
 4 1.848484848484849
 25 1.909090909090909
 4 1.96969696969697
 0 2.03030303030303
 0 2.090909090909091
 0 2.151515151515151
 2 2.212121212121212
 0 2.272727272727272
 0 2.333333333333334
 4 2.393939393939394
 0 2.454545454545455
 0 2.515151515151516
 0 2.575757575757576
 0 2.636363636363637
 0 2.696969696969697
 0 2.757575757575758
 0 2.818181818181818
 0 2.878787878787879
 0 2.939393939393939
 0 3


