# Created by Octave 3.8.2, Mon Jun 22 17:27:11 2020 CEST <damian@fptrucha.inv.usc.es>
# name: hd
# type: matrix
# rows: 100
# columns: 2
 0 -3
 0 -2.939393939393939
 0 -2.878787878787879
 0 -2.818181818181818
 0 -2.757575757575758
 0 -2.696969696969697
 0 -2.636363636363636
 1 -2.575757575757576
 0 -2.515151515151515
 13 -2.454545454545455
 2 -2.393939393939394
 0 -2.333333333333333
 1 -2.272727272727272
 0 -2.212121212121212
 0 -2.151515151515151
 5 -2.090909090909091
 2 -2.03030303030303
 34 -1.96969696969697
 48 -1.909090909090909
 2 -1.848484848484848
 3 -1.787878787878788
 0 -1.727272727272727
 2 -1.666666666666667
 110 -1.606060606060606
 26 -1.545454545454545
 130 -1.484848484848485
 26 -1.424242424242424
 99 -1.363636363636364
 27 -1.303030303030303
 16 -1.242424242424242
 586 -1.181818181818182
 12 -1.121212121212121
 561 -1.060606060606061
 23 -1
 561 -0.9393939393939394
 15 -0.8787878787878789
 560 -0.8181818181818183
 979 -0.7575757575757573
 630 -0.6969696969696968
 1043 -0.6363636363636362
 653 -0.5757575757575757
 927 -0.5151515151515151
 599 -0.4545454545454546
 975 -0.393939393939394
 4260 -0.333333333333333
 645 -0.2727272727272725
 2628 -0.2121212121212119
 10 -0.1515151515151514
 2853 -0.09090909090909083
 21 -0.03030303030303028
 2600 0.03030303030303028
 13 0.09090909090909083
 2376 0.1515151515151514
 1599 0.2121212121212124
 2338 0.2727272727272729
 1632 0.3333333333333335
 662 0.393939393939394
 950 0.4545454545454546
 640 0.5151515151515151
 862 0.5757575757575757
 668 0.6363636363636367
 854 0.6969696969696972
 595 0.7575757575757578
 11 0.8181818181818183
 602 0.8787878787878789
 14 0.9393939393939394
 574 1
 18 1.060606060606061
 512 1.121212121212121
 18 1.181818181818182
 27 1.242424242424242
 121 1.303030303030303
 25 1.363636363636363
 117 1.424242424242425
 31 1.484848484848485
 99 1.545454545454546
 5 1.606060606060606
 0 1.666666666666667
 0 1.727272727272728
 39 1.787878787878788
 0 1.848484848484849
 46 1.909090909090909
 3 1.96969696969697
 2 2.03030303030303
 0 2.090909090909091
 0 2.151515151515151
 0 2.212121212121212
 1 2.272727272727272
 1 2.333333333333334
 4 2.393939393939394
 1 2.454545454545455
 1 2.515151515151516
 0 2.575757575757576
 0 2.636363636363637
 0 2.696969696969697
 0 2.757575757575758
 0 2.818181818181818
 0 2.878787878787879
 0 2.939393939393939
 0 3


