# Created by Octave 3.8.2, Mon Jun 22 13:42:55 2020 CEST <damian@fptrucha.inv.usc.es>
# name: hd
# type: matrix
# rows: 100
# columns: 2
 0 -3
 0 -2.939393939393939
 0 -2.878787878787879
 0 -2.818181818181818
 0 -2.757575757575758
 0 -2.696969696969697
 0 -2.636363636363636
 0 -2.575757575757576
 0 -2.515151515151515
 5 -2.454545454545455
 1 -2.393939393939394
 1 -2.333333333333333
 1 -2.272727272727272
 0 -2.212121212121212
 0 -2.151515151515151
 1 -2.090909090909091
 3 -2.03030303030303
 34 -1.96969696969697
 38 -1.909090909090909
 2 -1.848484848484848
 0 -1.787878787878788
 0 -1.727272727272727
 5 -1.666666666666667
 101 -1.606060606060606
 30 -1.545454545454545
 88 -1.484848484848485
 27 -1.424242424242424
 101 -1.363636363636364
 23 -1.303030303030303
 13 -1.242424242424242
 553 -1.181818181818182
 19 -1.121212121212121
 583 -1.060606060606061
 12 -1
 537 -0.9393939393939394
 18 -0.8787878787878789
 514 -0.8181818181818183
 864 -0.7575757575757573
 598 -0.6969696969696968
 992 -0.6363636363636362
 616 -0.5757575757575757
 883 -0.5151515151515151
 655 -0.4545454545454546
 951 -0.393939393939394
 4094 -0.333333333333333
 555 -0.2727272727272725
 2614 -0.2121212121212119
 17 -0.1515151515151514
 2752 -0.09090909090909083
 16 -0.03030303030303028
 2502 0.03030303030303028
 13 0.09090909090909083
 2347 0.1515151515151514
 1567 0.2121212121212124
 2261 0.2727272727272729
 1601 0.3333333333333335
 662 0.393939393939394
 871 0.4545454545454546
 648 0.5151515151515151
 784 0.5757575757575757
 641 0.6363636363636367
 878 0.6969696969696972
 578 0.7575757575757578
 15 0.8181818181818183
 575 0.8787878787878789
 19 0.9393939393939394
 607 1
 16 1.060606060606061
 488 1.121212121212121
 11 1.181818181818182
 27 1.242424242424242
 111 1.303030303030303
 30 1.363636363636363
 111 1.424242424242425
 22 1.484848484848485
 97 1.545454545454546
 1 1.606060606060606
 0 1.666666666666667
 3 1.727272727272728
 56 1.787878787878788
 3 1.848484848484849
 47 1.909090909090909
 7 1.96969696969697
 1 2.03030303030303
 0 2.090909090909091
 0 2.151515151515151
 1 2.212121212121212
 0 2.272727272727272
 1 2.333333333333334
 10 2.393939393939394
 0 2.454545454545455
 3 2.515151515151516
 0 2.575757575757576
 0 2.636363636363637
 0 2.696969696969697
 0 2.757575757575758
 0 2.818181818181818
 0 2.878787878787879
 0 2.939393939393939
 0 3


