# Created by Octave 3.8.2, Sat Jun 20 23:25:50 2020 CEST <damian@fptrucha.inv.usc.es>
# name: hd
# type: matrix
# rows: 100
# columns: 2
 0 -3
 0 -2.939393939393939
 0 -2.878787878787879
 0 -2.818181818181818
 0 -2.757575757575758
 0 -2.696969696969697
 0 -2.636363636363636
 2 -2.575757575757576
 0 -2.515151515151515
 4 -2.454545454545455
 0 -2.393939393939394
 1 -2.333333333333333
 1 -2.272727272727272
 0 -2.212121212121212
 0 -2.151515151515151
 0 -2.090909090909091
 3 -2.03030303030303
 16 -1.96969696969697
 25 -1.909090909090909
 2 -1.848484848484848
 0 -1.787878787878788
 0 -1.727272727272727
 2 -1.666666666666667
 95 -1.606060606060606
 22 -1.545454545454545
 96 -1.484848484848485
 17 -1.424242424242424
 85 -1.363636363636364
 10 -1.303030303030303
 12 -1.242424242424242
 511 -1.181818181818182
 11 -1.121212121212121
 467 -1.060606060606061
 18 -1
 424 -0.9393939393939394
 16 -0.8787878787878789
 428 -0.8181818181818183
 981 -0.7575757575757573
 609 -0.6969696969696968
 992 -0.6363636363636362
 571 -0.5757575757575757
 820 -0.5151515151515151
 594 -0.4545454545454546
 783 -0.393939393939394
 4189 -0.333333333333333
 502 -0.2727272727272725
 2890 -0.2121212121212119
 7 -0.1515151515151514
 2587 -0.09090909090909083
 11 -0.03030303030303028
 2462 0.03030303030303028
 7 0.09090909090909083
 2215 0.1515151515151514
 1621 0.2121212121212124
 2140 0.2727272727272729
 1652 0.3333333333333335
 630 0.393939393939394
 887 0.4545454545454546
 624 0.5151515151515151
 820 0.5757575757575757
 551 0.6363636363636367
 780 0.6969696969696972
 613 0.7575757575757578
 6 0.8181818181818183
 565 0.8787878787878789
 12 0.9393939393939394
 530 1
 13 1.060606060606061
 511 1.121212121212121
 12 1.181818181818182
 25 1.242424242424242
 87 1.303030303030303
 29 1.363636363636363
 119 1.424242424242425
 27 1.484848484848485
 84 1.545454545454546
 1 1.606060606060606
 0 1.666666666666667
 0 1.727272727272728
 26 1.787878787878788
 2 1.848484848484849
 25 1.909090909090909
 3 1.96969696969697
 0 2.03030303030303
 0 2.090909090909091
 0 2.151515151515151
 0 2.212121212121212
 0 2.272727272727272
 0 2.333333333333334
 3 2.393939393939394
 0 2.454545454545455
 0 2.515151515151516
 0 2.575757575757576
 0 2.636363636363637
 0 2.696969696969697
 0 2.757575757575758
 0 2.818181818181818
 0 2.878787878787879
 0 2.939393939393939
 0 3


