# Created by Octave 3.8.2, Sat Jun 20 21:09:33 2020 CEST <damian@fptrucha.inv.usc.es>
# name: hd
# type: matrix
# rows: 100
# columns: 2
 0 -3
 0 -2.939393939393939
 0 -2.878787878787879
 0 -2.818181818181818
 0 -2.757575757575758
 0 -2.696969696969697
 0 -2.636363636363636
 2 -2.575757575757576
 1 -2.515151515151515
 2 -2.454545454545455
 1 -2.393939393939394
 0 -2.333333333333333
 1 -2.272727272727272
 0 -2.212121212121212
 0 -2.151515151515151
 1 -2.090909090909091
 2 -2.03030303030303
 12 -1.96969696969697
 30 -1.909090909090909
 1 -1.848484848484848
 0 -1.787878787878788
 0 -1.727272727272727
 1 -1.666666666666667
 99 -1.606060606060606
 24 -1.545454545454545
 88 -1.484848484848485
 16 -1.424242424242424
 74 -1.363636363636364
 25 -1.303030303030303
 11 -1.242424242424242
 541 -1.181818181818182
 18 -1.121212121212121
 507 -1.060606060606061
 13 -1
 423 -0.9393939393939394
 11 -0.8787878787878789
 396 -0.8181818181818183
 968 -0.7575757575757573
 650 -0.6969696969696968
 978 -0.6363636363636362
 568 -0.5757575757575757
 891 -0.5151515151515151
 567 -0.4545454545454546
 830 -0.393939393939394
 4016 -0.333333333333333
 528 -0.2727272727272725
 2855 -0.2121212121212119
 11 -0.1515151515151514
 2605 -0.09090909090909083
 9 -0.03030303030303028
 2432 0.03030303030303028
 9 0.09090909090909083
 2189 0.1515151515151514
 1699 0.2121212121212124
 2206 0.2727272727272729
 1696 0.3333333333333335
 599 0.393939393939394
 896 0.4545454545454546
 656 0.5151515151515151
 773 0.5757575757575757
 591 0.6363636363636367
 812 0.6969696969696972
 608 0.7575757575757578
 14 0.8181818181818183
 561 0.8787878787878789
 10 0.9393939393939394
 537 1
 9 1.060606060606061
 498 1.121212121212121
 9 1.181818181818182
 39 1.242424242424242
 100 1.303030303030303
 20 1.363636363636363
 99 1.424242424242425
 22 1.484848484848485
 93 1.545454545454546
 0 1.606060606060606
 0 1.666666666666667
 3 1.727272727272728
 18 1.787878787878788
 2 1.848484848484849
 30 1.909090909090909
 3 1.96969696969697
 0 2.03030303030303
 0 2.090909090909091
 0 2.151515151515151
 0 2.212121212121212
 0 2.272727272727272
 0 2.333333333333334
 10 2.393939393939394
 0 2.454545454545455
 0 2.515151515151516
 0 2.575757575757576
 0 2.636363636363637
 0 2.696969696969697
 0 2.757575757575758
 0 2.818181818181818
 0 2.878787878787879
 0 2.939393939393939
 0 3


