# Created by Octave 3.8.2, Mon Jun 22 13:50:03 2020 CEST <damian@fptrucha.inv.usc.es>
# name: hd
# type: matrix
# rows: 100
# columns: 2
 0 -3
 0 -2.939393939393939
 0 -2.878787878787879
 0 -2.818181818181818
 0 -2.757575757575758
 0 -2.696969696969697
 0 -2.636363636363636
 3 -2.575757575757576
 0 -2.515151515151515
 11 -2.454545454545455
 1 -2.393939393939394
 1 -2.333333333333333
 1 -2.272727272727272
 0 -2.212121212121212
 0 -2.151515151515151
 2 -2.090909090909091
 5 -2.03030303030303
 35 -1.96969696969697
 35 -1.909090909090909
 1 -1.848484848484848
 5 -1.787878787878788
 0 -1.727272727272727
 3 -1.666666666666667
 113 -1.606060606060606
 29 -1.545454545454545
 108 -1.484848484848485
 26 -1.424242424242424
 118 -1.363636363636364
 31 -1.303030303030303
 13 -1.242424242424242
 564 -1.181818181818182
 14 -1.121212121212121
 505 -1.060606060606061
 3 -1
 477 -0.9393939393939394
 26 -0.8787878787878789
 531 -0.8181818181818183
 919 -0.7575757575757573
 624 -0.6969696969696968
 1026 -0.6363636363636362
 619 -0.5757575757575757
 962 -0.5151515151515151
 609 -0.4545454545454546
 860 -0.393939393939394
 4124 -0.333333333333333
 580 -0.2727272727272725
 2637 -0.2121212121212119
 12 -0.1515151515151514
 2720 -0.09090909090909083
 11 -0.03030303030303028
 2462 0.03030303030303028
 15 0.09090909090909083
 2187 0.1515151515151514
 1596 0.2121212121212124
 2391 0.2727272727272729
 1591 0.3333333333333335
 648 0.393939393939394
 955 0.4545454545454546
 658 0.5151515151515151
 830 0.5757575757575757
 607 0.6363636363636367
 862 0.6969696969696972
 557 0.7575757575757578
 15 0.8181818181818183
 580 0.8787878787878789
 16 0.9393939393939394
 600 1
 16 1.060606060606061
 576 1.121212121212121
 14 1.181818181818182
 42 1.242424242424242
 106 1.303030303030303
 31 1.363636363636363
 132 1.424242424242425
 38 1.484848484848485
 103 1.545454545454546
 4 1.606060606060606
 0 1.666666666666667
 4 1.727272727272728
 36 1.787878787878788
 5 1.848484848484849
 46 1.909090909090909
 3 1.96969696969697
 3 2.03030303030303
 0 2.090909090909091
 0 2.151515151515151
 2 2.212121212121212
 3 2.272727272727272
 2 2.333333333333334
 7 2.393939393939394
 1 2.454545454545455
 4 2.515151515151516
 0 2.575757575757576
 0 2.636363636363637
 0 2.696969696969697
 0 2.757575757575758
 0 2.818181818181818
 0 2.878787878787879
 0 2.939393939393939
 0 3


