# Created by Octave 3.8.2, Sun Jun 21 00:11:39 2020 CEST <damian@fptrucha.inv.usc.es>
# name: hd
# type: matrix
# rows: 100
# columns: 2
 0 -3
 0 -2.939393939393939
 0 -2.878787878787879
 0 -2.818181818181818
 0 -2.757575757575758
 0 -2.696969696969697
 0 -2.636363636363636
 0 -2.575757575757576
 0 -2.515151515151515
 2 -2.454545454545455
 0 -2.393939393939394
 0 -2.333333333333333
 0 -2.272727272727272
 0 -2.212121212121212
 0 -2.151515151515151
 4 -2.090909090909091
 7 -2.03030303030303
 20 -1.96969696969697
 29 -1.909090909090909
 1 -1.848484848484848
 0 -1.787878787878788
 0 -1.727272727272727
 1 -1.666666666666667
 91 -1.606060606060606
 22 -1.545454545454545
 90 -1.484848484848485
 10 -1.424242424242424
 74 -1.363636363636364
 17 -1.303030303030303
 9 -1.242424242424242
 538 -1.181818181818182
 19 -1.121212121212121
 510 -1.060606060606061
 14 -1
 437 -0.9393939393939394
 14 -0.8787878787878789
 416 -0.8181818181818183
 953 -0.7575757575757573
 623 -0.6969696969696968
 977 -0.6363636363636362
 612 -0.5757575757575757
 811 -0.5151515151515151
 556 -0.4545454545454546
 782 -0.393939393939394
 4130 -0.333333333333333
 550 -0.2727272727272725
 2849 -0.2121212121212119
 5 -0.1515151515151514
 2572 -0.09090909090909083
 4 -0.03030303030303028
 2433 0.03030303030303028
 16 0.09090909090909083
 2139 0.1515151515151514
 1760 0.2121212121212124
 2177 0.2727272727272729
 1558 0.3333333333333335
 625 0.393939393939394
 882 0.4545454545454546
 647 0.5151515151515151
 813 0.5757575757575757
 575 0.6363636363636367
 787 0.6969696969696972
 581 0.7575757575757578
 11 0.8181818181818183
 542 0.8787878787878789
 16 0.9393939393939394
 484 1
 10 1.060606060606061
 478 1.121212121212121
 14 1.181818181818182
 38 1.242424242424242
 94 1.303030303030303
 26 1.363636363636363
 101 1.424242424242425
 25 1.484848484848485
 90 1.545454545454546
 3 1.606060606060606
 0 1.666666666666667
 1 1.727272727272728
 26 1.787878787878788
 5 1.848484848484849
 27 1.909090909090909
 2 1.96969696969697
 0 2.03030303030303
 0 2.090909090909091
 0 2.151515151515151
 0 2.212121212121212
 0 2.272727272727272
 1 2.333333333333334
 4 2.393939393939394
 0 2.454545454545455
 0 2.515151515151516
 0 2.575757575757576
 0 2.636363636363637
 0 2.696969696969697
 0 2.757575757575758
 0 2.818181818181818
 0 2.878787878787879
 0 2.939393939393939
 0 3


