# Created by Octave 3.8.2, Sun Jun 21 00:22:26 2020 CEST <damian@fptrucha.inv.usc.es>
# name: hd
# type: matrix
# rows: 100
# columns: 2
 0 -3
 0 -2.939393939393939
 0 -2.878787878787879
 0 -2.818181818181818
 0 -2.757575757575758
 0 -2.696969696969697
 0 -2.636363636363636
 0 -2.575757575757576
 0 -2.515151515151515
 4 -2.454545454545455
 0 -2.393939393939394
 0 -2.333333333333333
 0 -2.272727272727272
 0 -2.212121212121212
 0 -2.151515151515151
 0 -2.090909090909091
 4 -2.03030303030303
 20 -1.96969696969697
 23 -1.909090909090909
 0 -1.848484848484848
 1 -1.787878787878788
 0 -1.727272727272727
 1 -1.666666666666667
 100 -1.606060606060606
 29 -1.545454545454545
 92 -1.484848484848485
 19 -1.424242424242424
 84 -1.363636363636364
 15 -1.303030303030303
 8 -1.242424242424242
 502 -1.181818181818182
 22 -1.121212121212121
 496 -1.060606060606061
 8 -1
 425 -0.9393939393939394
 11 -0.8787878787878789
 416 -0.8181818181818183
 917 -0.7575757575757573
 619 -0.6969696969696968
 1003 -0.6363636363636362
 546 -0.5757575757575757
 833 -0.5151515151515151
 557 -0.4545454545454546
 823 -0.393939393939394
 4124 -0.333333333333333
 511 -0.2727272727272725
 2879 -0.2121212121212119
 8 -0.1515151515151514
 2457 -0.09090909090909083
 3 -0.03030303030303028
 2447 0.03030303030303028
 12 0.09090909090909083
 2111 0.1515151515151514
 1778 0.2121212121212124
 2196 0.2727272727272729
 1634 0.3333333333333335
 645 0.393939393939394
 919 0.4545454545454546
 653 0.5151515151515151
 825 0.5757575757575757
 585 0.6363636363636367
 771 0.6969696969696972
 572 0.7575757575757578
 14 0.8181818181818183
 550 0.8787878787878789
 11 0.9393939393939394
 519 1
 11 1.060606060606061
 526 1.121212121212121
 8 1.181818181818182
 29 1.242424242424242
 108 1.303030303030303
 21 1.363636363636363
 97 1.424242424242425
 21 1.484848484848485
 96 1.545454545454546
 1 1.606060606060606
 0 1.666666666666667
 1 1.727272727272728
 36 1.787878787878788
 6 1.848484848484849
 21 1.909090909090909
 1 1.96969696969697
 5 2.03030303030303
 0 2.090909090909091
 0 2.151515151515151
 0 2.212121212121212
 0 2.272727272727272
 0 2.333333333333334
 5 2.393939393939394
 1 2.454545454545455
 0 2.515151515151516
 0 2.575757575757576
 0 2.636363636363637
 0 2.696969696969697
 0 2.757575757575758
 0 2.818181818181818
 0 2.878787878787879
 0 2.939393939393939
 0 3


