# Created by Octave 3.8.2, Mon Jun 22 19:31:36 2020 CEST <damian@fptrucha.inv.usc.es>
# name: hd
# type: matrix
# rows: 100
# columns: 2
 0 -3
 0 -2.939393939393939
 0 -2.878787878787879
 0 -2.818181818181818
 0 -2.757575757575758
 0 -2.696969696969697
 0 -2.636363636363636
 3 -2.575757575757576
 0 -2.515151515151515
 4 -2.454545454545455
 0 -2.393939393939394
 1 -2.333333333333333
 0 -2.272727272727272
 0 -2.212121212121212
 0 -2.151515151515151
 1 -2.090909090909091
 1 -2.03030303030303
 25 -1.96969696969697
 44 -1.909090909090909
 3 -1.848484848484848
 2 -1.787878787878788
 0 -1.727272727272727
 3 -1.666666666666667
 122 -1.606060606060606
 27 -1.545454545454545
 117 -1.484848484848485
 26 -1.424242424242424
 121 -1.363636363636364
 21 -1.303030303030303
 13 -1.242424242424242
 623 -1.181818181818182
 16 -1.121212121212121
 539 -1.060606060606061
 19 -1
 549 -0.9393939393939394
 16 -0.8787878787878789
 577 -0.8181818181818183
 935 -0.7575757575757573
 695 -0.6969696969696968
 1053 -0.6363636363636362
 691 -0.5757575757575757
 980 -0.5151515151515151
 661 -0.4545454545454546
 1017 -0.393939393939394
 4309 -0.333333333333333
 637 -0.2727272727272725
 2721 -0.2121212121212119
 14 -0.1515151515151514
 2820 -0.09090909090909083
 11 -0.03030303030303028
 2583 0.03030303030303028
 17 0.09090909090909083
 2442 0.1515151515151514
 1536 0.2121212121212124
 2426 0.2727272727272729
 1681 0.3333333333333335
 686 0.393939393939394
 915 0.4545454545454546
 691 0.5151515151515151
 816 0.5757575757575757
 663 0.6363636363636367
 819 0.6969696969696972
 584 0.7575757575757578
 10 0.8181818181818183
 571 0.8787878787878789
 15 0.9393939393939394
 514 1
 14 1.060606060606061
 481 1.121212121212121
 14 1.181818181818182
 19 1.242424242424242
 123 1.303030303030303
 29 1.363636363636363
 106 1.424242424242425
 29 1.484848484848485
 102 1.545454545454546
 2 1.606060606060606
 0 1.666666666666667
 2 1.727272727272728
 31 1.787878787878788
 4 1.848484848484849
 46 1.909090909090909
 7 1.96969696969697
 3 2.03030303030303
 0 2.090909090909091
 0 2.151515151515151
 0 2.212121212121212
 0 2.272727272727272
 2 2.333333333333334
 4 2.393939393939394
 0 2.454545454545455
 2 2.515151515151516
 0 2.575757575757576
 0 2.636363636363637
 0 2.696969696969697
 0 2.757575757575758
 0 2.818181818181818
 0 2.878787878787879
 0 2.939393939393939
 0 3


