# Created by Octave 3.8.2, Mon Jun 22 20:22:24 2020 CEST <damian@fptrucha.inv.usc.es>
# name: hd
# type: matrix
# rows: 100
# columns: 2
 0 -3
 0 -2.939393939393939
 0 -2.878787878787879
 0 -2.818181818181818
 0 -2.757575757575758
 0 -2.696969696969697
 0 -2.636363636363636
 2 -2.575757575757576
 0 -2.515151515151515
 3 -2.454545454545455
 2 -2.393939393939394
 0 -2.333333333333333
 1 -2.272727272727272
 0 -2.212121212121212
 0 -2.151515151515151
 0 -2.090909090909091
 7 -2.03030303030303
 34 -1.96969696969697
 37 -1.909090909090909
 2 -1.848484848484848
 1 -1.787878787878788
 0 -1.727272727272727
 1 -1.666666666666667
 112 -1.606060606060606
 31 -1.545454545454545
 102 -1.484848484848485
 34 -1.424242424242424
 113 -1.363636363636364
 22 -1.303030303030303
 12 -1.242424242424242
 620 -1.181818181818182
 20 -1.121212121212121
 565 -1.060606060606061
 18 -1
 546 -0.9393939393939394
 23 -0.8787878787878789
 598 -0.8181818181818183
 973 -0.7575757575757573
 658 -0.6969696969696968
 1087 -0.6363636363636362
 691 -0.5757575757575757
 970 -0.5151515151515151
 640 -0.4545454545454546
 954 -0.393939393939394
 4350 -0.333333333333333
 600 -0.2727272727272725
 2763 -0.2121212121212119
 10 -0.1515151515151514
 2809 -0.09090909090909083
 17 -0.03030303030303028
 2594 0.03030303030303028
 12 0.09090909090909083
 2442 0.1515151515151514
 1560 0.2121212121212124
 2402 0.2727272727272729
 1606 0.3333333333333335
 674 0.393939393939394
 894 0.4545454545454546
 676 0.5151515151515151
 870 0.5757575757575757
 645 0.6363636363636367
 863 0.6969696969696972
 561 0.7575757575757578
 13 0.8181818181818183
 549 0.8787878787878789
 26 0.9393939393939394
 584 1
 13 1.060606060606061
 520 1.121212121212121
 20 1.181818181818182
 33 1.242424242424242
 120 1.303030303030303
 32 1.363636363636363
 119 1.424242424242425
 24 1.484848484848485
 108 1.545454545454546
 2 1.606060606060606
 0 1.666666666666667
 0 1.727272727272728
 46 1.787878787878788
 4 1.848484848484849
 32 1.909090909090909
 6 1.96969696969697
 3 2.03030303030303
 0 2.090909090909091
 0 2.151515151515151
 0 2.212121212121212
 0 2.272727272727272
 0 2.333333333333334
 9 2.393939393939394
 0 2.454545454545455
 0 2.515151515151516
 0 2.575757575757576
 0 2.636363636363637
 0 2.696969696969697
 0 2.757575757575758
 0 2.818181818181818
 0 2.878787878787879
 0 2.939393939393939
 0 3


