# Created by Octave 3.8.2, Sun Jun 21 08:12:04 2020 CEST <damian@fptrucha.inv.usc.es>
# name: hd
# type: matrix
# rows: 100
# columns: 2
 0 -3
 0 -2.939393939393939
 0 -2.878787878787879
 0 -2.818181818181818
 0 -2.757575757575758
 0 -2.696969696969697
 0 -2.636363636363636
 2 -2.575757575757576
 1 -2.515151515151515
 12 -2.454545454545455
 0 -2.393939393939394
 0 -2.333333333333333
 0 -2.272727272727272
 0 -2.212121212121212
 0 -2.151515151515151
 4 -2.090909090909091
 6 -2.03030303030303
 17 -1.96969696969697
 25 -1.909090909090909
 2 -1.848484848484848
 0 -1.787878787878788
 0 -1.727272727272727
 3 -1.666666666666667
 93 -1.606060606060606
 16 -1.545454545454545
 101 -1.484848484848485
 23 -1.424242424242424
 76 -1.363636363636364
 23 -1.303030303030303
 17 -1.242424242424242
 507 -1.181818181818182
 14 -1.121212121212121
 535 -1.060606060606061
 11 -1
 489 -0.9393939393939394
 11 -0.8787878787878789
 432 -0.8181818181818183
 971 -0.7575757575757573
 655 -0.6969696969696968
 1040 -0.6363636363636362
 636 -0.5757575757575757
 862 -0.5151515151515151
 602 -0.4545454545454546
 849 -0.393939393939394
 4147 -0.333333333333333
 522 -0.2727272727272725
 2830 -0.2121212121212119
 8 -0.1515151515151514
 2598 -0.09090909090909083
 3 -0.03030303030303028
 2384 0.03030303030303028
 9 0.09090909090909083
 2136 0.1515151515151514
 1771 0.2121212121212124
 2220 0.2727272727272729
 1625 0.3333333333333335
 569 0.393939393939394
 888 0.4545454545454546
 629 0.5151515151515151
 814 0.5757575757575757
 597 0.6363636363636367
 703 0.6969696969696972
 550 0.7575757575757578
 17 0.8181818181818183
 543 0.8787878787878789
 12 0.9393939393939394
 479 1
 7 1.060606060606061
 505 1.121212121212121
 10 1.181818181818182
 19 1.242424242424242
 72 1.303030303030303
 21 1.363636363636363
 94 1.424242424242425
 31 1.484848484848485
 81 1.545454545454546
 1 1.606060606060606
 0 1.666666666666667
 2 1.727272727272728
 29 1.787878787878788
 3 1.848484848484849
 30 1.909090909090909
 3 1.96969696969697
 0 2.03030303030303
 0 2.090909090909091
 0 2.151515151515151
 1 2.212121212121212
 0 2.272727272727272
 1 2.333333333333334
 4 2.393939393939394
 1 2.454545454545455
 0 2.515151515151516
 0 2.575757575757576
 0 2.636363636363637
 0 2.696969696969697
 0 2.757575757575758
 0 2.818181818181818
 0 2.878787878787879
 0 2.939393939393939
 0 3


