# Created by Octave 3.8.2, Sun Jun 21 07:39:12 2020 CEST <damian@fptrucha.inv.usc.es>
# name: hd
# type: matrix
# rows: 100
# columns: 2
 0 -3
 0 -2.939393939393939
 0 -2.878787878787879
 0 -2.818181818181818
 0 -2.757575757575758
 0 -2.696969696969697
 0 -2.636363636363636
 1 -2.575757575757576
 1 -2.515151515151515
 6 -2.454545454545455
 2 -2.393939393939394
 0 -2.333333333333333
 0 -2.272727272727272
 0 -2.212121212121212
 0 -2.151515151515151
 3 -2.090909090909091
 2 -2.03030303030303
 26 -1.96969696969697
 26 -1.909090909090909
 3 -1.848484848484848
 1 -1.787878787878788
 0 -1.727272727272727
 3 -1.666666666666667
 103 -1.606060606060606
 31 -1.545454545454545
 87 -1.484848484848485
 17 -1.424242424242424
 100 -1.363636363636364
 11 -1.303030303030303
 14 -1.242424242424242
 565 -1.181818181818182
 10 -1.121212121212121
 539 -1.060606060606061
 16 -1
 448 -0.9393939393939394
 10 -0.8787878787878789
 467 -0.8181818181818183
 1026 -0.7575757575757573
 706 -0.6969696969696968
 1045 -0.6363636363636362
 655 -0.5757575757575757
 944 -0.5151515151515151
 600 -0.4545454545454546
 864 -0.393939393939394
 4342 -0.333333333333333
 523 -0.2727272727272725
 2887 -0.2121212121212119
 8 -0.1515151515151514
 2664 -0.09090909090909083
 5 -0.03030303030303028
 2602 0.03030303030303028
 12 0.09090909090909083
 2228 0.1515151515151514
 1801 0.2121212121212124
 2191 0.2727272727272729
 1697 0.3333333333333335
 696 0.393939393939394
 946 0.4545454545454546
 661 0.5151515151515151
 789 0.5757575757575757
 643 0.6363636363636367
 811 0.6969696969696972
 564 0.7575757575757578
 5 0.8181818181818183
 545 0.8787878787878789
 17 0.9393939393939394
 579 1
 10 1.060606060606061
 477 1.121212121212121
 12 1.181818181818182
 26 1.242424242424242
 115 1.303030303030303
 21 1.363636363636363
 102 1.424242424242425
 23 1.484848484848485
 85 1.545454545454546
 2 1.606060606060606
 0 1.666666666666667
 0 1.727272727272728
 30 1.787878787878788
 1 1.848484848484849
 38 1.909090909090909
 3 1.96969696969697
 1 2.03030303030303
 0 2.090909090909091
 0 2.151515151515151
 2 2.212121212121212
 0 2.272727272727272
 3 2.333333333333334
 5 2.393939393939394
 0 2.454545454545455
 1 2.515151515151516
 0 2.575757575757576
 0 2.636363636363637
 0 2.696969696969697
 0 2.757575757575758
 0 2.818181818181818
 0 2.878787878787879
 0 2.939393939393939
 0 3


