# Created by Octave 3.8.2, Sat Jun 20 20:50:43 2020 CEST <damian@fptrucha.inv.usc.es>
# name: hd
# type: matrix
# rows: 100
# columns: 2
 0 -3
 0 -2.939393939393939
 0 -2.878787878787879
 0 -2.818181818181818
 0 -2.757575757575758
 0 -2.696969696969697
 0 -2.636363636363636
 1 -2.575757575757576
 0 -2.515151515151515
 3 -2.454545454545455
 0 -2.393939393939394
 1 -2.333333333333333
 2 -2.272727272727272
 0 -2.212121212121212
 0 -2.151515151515151
 1 -2.090909090909091
 2 -2.03030303030303
 27 -1.96969696969697
 23 -1.909090909090909
 1 -1.848484848484848
 1 -1.787878787878788
 0 -1.727272727272727
 4 -1.666666666666667
 78 -1.606060606060606
 24 -1.545454545454545
 91 -1.484848484848485
 19 -1.424242424242424
 93 -1.363636363636364
 19 -1.303030303030303
 10 -1.242424242424242
 540 -1.181818181818182
 9 -1.121212121212121
 491 -1.060606060606061
 18 -1
 388 -0.9393939393939394
 8 -0.8787878787878789
 404 -0.8181818181818183
 985 -0.7575757575757573
 611 -0.6969696969696968
 965 -0.6363636363636362
 638 -0.5757575757575757
 842 -0.5151515151515151
 544 -0.4545454545454546
 836 -0.393939393939394
 4170 -0.333333333333333
 518 -0.2727272727272725
 2916 -0.2121212121212119
 10 -0.1515151515151514
 2615 -0.09090909090909083
 7 -0.03030303030303028
 2500 0.03030303030303028
 10 0.09090909090909083
 2230 0.1515151515151514
 1773 0.2121212121212124
 2243 0.2727272727272729
 1700 0.3333333333333335
 635 0.393939393939394
 946 0.4545454545454546
 660 0.5151515151515151
 840 0.5757575757575757
 613 0.6363636363636367
 818 0.6969696969696972
 623 0.7575757575757578
 13 0.8181818181818183
 537 0.8787878787878789
 13 0.9393939393939394
 562 1
 12 1.060606060606061
 459 1.121212121212121
 12 1.181818181818182
 24 1.242424242424242
 93 1.303030303030303
 26 1.363636363636363
 100 1.424242424242425
 31 1.484848484848485
 103 1.545454545454546
 4 1.606060606060606
 0 1.666666666666667
 3 1.727272727272728
 32 1.787878787878788
 0 1.848484848484849
 29 1.909090909090909
 1 1.96969696969697
 0 2.03030303030303
 0 2.090909090909091
 0 2.151515151515151
 2 2.212121212121212
 0 2.272727272727272
 1 2.333333333333334
 6 2.393939393939394
 1 2.454545454545455
 1 2.515151515151516
 0 2.575757575757576
 0 2.636363636363637
 0 2.696969696969697
 0 2.757575757575758
 0 2.818181818181818
 0 2.878787878787879
 0 2.939393939393939
 0 3


