# Created by Octave 3.8.2, Mon Jun 22 10:50:39 2020 CEST <damian@fptrucha.inv.usc.es>
# name: hd
# type: matrix
# rows: 100
# columns: 2
 0 -3
 0 -2.939393939393939
 0 -2.878787878787879
 0 -2.818181818181818
 0 -2.757575757575758
 0 -2.696969696969697
 0 -2.636363636363636
 1 -2.575757575757576
 0 -2.515151515151515
 8 -2.454545454545455
 0 -2.393939393939394
 0 -2.333333333333333
 1 -2.272727272727272
 0 -2.212121212121212
 0 -2.151515151515151
 1 -2.090909090909091
 5 -2.03030303030303
 36 -1.96969696969697
 38 -1.909090909090909
 1 -1.848484848484848
 0 -1.787878787878788
 0 -1.727272727272727
 0 -1.666666666666667
 107 -1.606060606060606
 23 -1.545454545454545
 105 -1.484848484848485
 28 -1.424242424242424
 127 -1.363636363636364
 27 -1.303030303030303
 13 -1.242424242424242
 513 -1.181818181818182
 17 -1.121212121212121
 509 -1.060606060606061
 12 -1
 533 -0.9393939393939394
 14 -0.8787878787878789
 535 -0.8181818181818183
 871 -0.7575757575757573
 622 -0.6969696969696968
 937 -0.6363636363636362
 646 -0.5757575757575757
 876 -0.5151515151515151
 576 -0.4545454545454546
 931 -0.393939393939394
 4026 -0.333333333333333
 523 -0.2727272727272725
 2518 -0.2121212121212119
 14 -0.1515151515151514
 2613 -0.09090909090909083
 18 -0.03030303030303028
 2387 0.03030303030303028
 21 0.09090909090909083
 2308 0.1515151515151514
 1575 0.2121212121212124
 2307 0.2727272727272729
 1591 0.3333333333333335
 686 0.393939393939394
 932 0.4545454545454546
 638 0.5151515151515151
 819 0.5757575757575757
 670 0.6363636363636367
 799 0.6969696969696972
 542 0.7575757575757578
 17 0.8181818181818183
 556 0.8787878787878789
 19 0.9393939393939394
 550 1
 10 1.060606060606061
 513 1.121212121212121
 12 1.181818181818182
 35 1.242424242424242
 114 1.303030303030303
 25 1.363636363636363
 99 1.424242424242425
 43 1.484848484848485
 99 1.545454545454546
 3 1.606060606060606
 0 1.666666666666667
 1 1.727272727272728
 49 1.787878787878788
 6 1.848484848484849
 40 1.909090909090909
 2 1.96969696969697
 2 2.03030303030303
 0 2.090909090909091
 0 2.151515151515151
 3 2.212121212121212
 0 2.272727272727272
 1 2.333333333333334
 8 2.393939393939394
 0 2.454545454545455
 1 2.515151515151516
 0 2.575757575757576
 0 2.636363636363637
 0 2.696969696969697
 0 2.757575757575758
 0 2.818181818181818
 0 2.878787878787879
 0 2.939393939393939
 0 3


