# Created by Octave 3.8.2, Sat Jun 20 18:48:33 2020 CEST <damian@fptrucha.inv.usc.es>
# name: hd
# type: matrix
# rows: 100
# columns: 2
 0 -3
 0 -2.939393939393939
 0 -2.878787878787879
 0 -2.818181818181818
 0 -2.757575757575758
 0 -2.696969696969697
 0 -2.636363636363636
 1 -2.575757575757576
 0 -2.515151515151515
 4 -2.454545454545455
 0 -2.393939393939394
 0 -2.333333333333333
 0 -2.272727272727272
 0 -2.212121212121212
 0 -2.151515151515151
 3 -2.090909090909091
 0 -2.03030303030303
 28 -1.96969696969697
 21 -1.909090909090909
 2 -1.848484848484848
 1 -1.787878787878788
 0 -1.727272727272727
 2 -1.666666666666667
 82 -1.606060606060606
 19 -1.545454545454545
 94 -1.484848484848485
 23 -1.424242424242424
 92 -1.363636363636364
 25 -1.303030303030303
 13 -1.242424242424242
 520 -1.181818181818182
 16 -1.121212121212121
 490 -1.060606060606061
 15 -1
 433 -0.9393939393939394
 16 -0.8787878787878789
 406 -0.8181818181818183
 988 -0.7575757575757573
 665 -0.6969696969696968
 1035 -0.6363636363636362
 659 -0.5757575757575757
 881 -0.5151515151515151
 534 -0.4545454545454546
 878 -0.393939393939394
 4125 -0.333333333333333
 536 -0.2727272727272725
 2982 -0.2121212121212119
 7 -0.1515151515151514
 2612 -0.09090909090909083
 7 -0.03030303030303028
 2581 0.03030303030303028
 14 0.09090909090909083
 2129 0.1515151515151514
 1700 0.2121212121212124
 2216 0.2727272727272729
 1694 0.3333333333333335
 636 0.393939393939394
 927 0.4545454545454546
 670 0.5151515151515151
 785 0.5757575757575757
 587 0.6363636363636367
 829 0.6969696969696972
 589 0.7575757575757578
 9 0.8181818181818183
 545 0.8787878787878789
 12 0.9393939393939394
 505 1
 13 1.060606060606061
 511 1.121212121212121
 12 1.181818181818182
 34 1.242424242424242
 102 1.303030303030303
 32 1.363636363636363
 95 1.424242424242425
 26 1.484848484848485
 85 1.545454545454546
 1 1.606060606060606
 0 1.666666666666667
 3 1.727272727272728
 38 1.787878787878788
 5 1.848484848484849
 19 1.909090909090909
 2 1.96969696969697
 0 2.03030303030303
 0 2.090909090909091
 0 2.151515151515151
 2 2.212121212121212
 0 2.272727272727272
 0 2.333333333333334
 9 2.393939393939394
 0 2.454545454545455
 0 2.515151515151516
 0 2.575757575757576
 0 2.636363636363637
 0 2.696969696969697
 0 2.757575757575758
 0 2.818181818181818
 0 2.878787878787879
 0 2.939393939393939
 0 3


