# Created by Octave 3.8.2, Sat Jun 20 18:19:31 2020 CEST <damian@fptrucha.inv.usc.es>
# name: hd
# type: matrix
# rows: 100
# columns: 2
 0 -3
 0 -2.939393939393939
 0 -2.878787878787879
 0 -2.818181818181818
 0 -2.757575757575758
 0 -2.696969696969697
 0 -2.636363636363636
 3 -2.575757575757576
 0 -2.515151515151515
 3 -2.454545454545455
 0 -2.393939393939394
 1 -2.333333333333333
 2 -2.272727272727272
 0 -2.212121212121212
 0 -2.151515151515151
 2 -2.090909090909091
 2 -2.03030303030303
 34 -1.96969696969697
 25 -1.909090909090909
 4 -1.848484848484848
 0 -1.787878787878788
 0 -1.727272727272727
 5 -1.666666666666667
 91 -1.606060606060606
 16 -1.545454545454545
 79 -1.484848484848485
 20 -1.424242424242424
 82 -1.363636363636364
 21 -1.303030303030303
 19 -1.242424242424242
 555 -1.181818181818182
 12 -1.121212121212121
 499 -1.060606060606061
 13 -1
 397 -0.9393939393939394
 13 -0.8787878787878789
 514 -0.8181818181818183
 955 -0.7575757575757573
 591 -0.6969696969696968
 1074 -0.6363636363636362
 601 -0.5757575757575757
 890 -0.5151515151515151
 592 -0.4545454545454546
 860 -0.393939393939394
 4187 -0.333333333333333
 521 -0.2727272727272725
 2961 -0.2121212121212119
 9 -0.1515151515151514
 2611 -0.09090909090909083
 6 -0.03030303030303028
 2572 0.03030303030303028
 12 0.09090909090909083
 2286 0.1515151515151514
 1749 0.2121212121212124
 2253 0.2727272727272729
 1662 0.3333333333333335
 630 0.393939393939394
 885 0.4545454545454546
 613 0.5151515151515151
 860 0.5757575757575757
 598 0.6363636363636367
 811 0.6969696969696972
 585 0.7575757575757578
 13 0.8181818181818183
 600 0.8787878787878789
 8 0.9393939393939394
 557 1
 17 1.060606060606061
 460 1.121212121212121
 15 1.181818181818182
 33 1.242424242424242
 98 1.303030303030303
 27 1.363636363636363
 94 1.424242424242425
 23 1.484848484848485
 107 1.545454545454546
 1 1.606060606060606
 0 1.666666666666667
 1 1.727272727272728
 27 1.787878787878788
 1 1.848484848484849
 36 1.909090909090909
 1 1.96969696969697
 0 2.03030303030303
 0 2.090909090909091
 0 2.151515151515151
 2 2.212121212121212
 1 2.272727272727272
 1 2.333333333333334
 7 2.393939393939394
 0 2.454545454545455
 0 2.515151515151516
 0 2.575757575757576
 0 2.636363636363637
 0 2.696969696969697
 0 2.757575757575758
 0 2.818181818181818
 0 2.878787878787879
 0 2.939393939393939
 0 3


