# Created by Octave 3.8.2, Sun Jun 21 02:31:23 2020 CEST <damian@fptrucha.inv.usc.es>
# name: hd
# type: matrix
# rows: 100
# columns: 2
 0 -3
 0 -2.939393939393939
 0 -2.878787878787879
 0 -2.818181818181818
 0 -2.757575757575758
 0 -2.696969696969697
 0 -2.636363636363636
 1 -2.575757575757576
 1 -2.515151515151515
 8 -2.454545454545455
 0 -2.393939393939394
 0 -2.333333333333333
 0 -2.272727272727272
 0 -2.212121212121212
 0 -2.151515151515151
 1 -2.090909090909091
 2 -2.03030303030303
 23 -1.96969696969697
 22 -1.909090909090909
 1 -1.848484848484848
 0 -1.787878787878788
 0 -1.727272727272727
 1 -1.666666666666667
 103 -1.606060606060606
 27 -1.545454545454545
 95 -1.484848484848485
 24 -1.424242424242424
 86 -1.363636363636364
 16 -1.303030303030303
 13 -1.242424242424242
 589 -1.181818181818182
 16 -1.121212121212121
 516 -1.060606060606061
 9 -1
 448 -0.9393939393939394
 14 -0.8787878787878789
 416 -0.8181818181818183
 974 -0.7575757575757573
 678 -0.6969696969696968
 1016 -0.6363636363636362
 635 -0.5757575757575757
 837 -0.5151515151515151
 547 -0.4545454545454546
 822 -0.393939393939394
 4077 -0.333333333333333
 541 -0.2727272727272725
 2889 -0.2121212121212119
 5 -0.1515151515151514
 2638 -0.09090909090909083
 9 -0.03030303030303028
 2483 0.03030303030303028
 8 0.09090909090909083
 2147 0.1515151515151514
 1758 0.2121212121212124
 2240 0.2727272727272729
 1626 0.3333333333333335
 641 0.393939393939394
 882 0.4545454545454546
 674 0.5151515151515151
 825 0.5757575757575757
 599 0.6363636363636367
 792 0.6969696969696972
 571 0.7575757575757578
 12 0.8181818181818183
 465 0.8787878787878789
 13 0.9393939393939394
 494 1
 12 1.060606060606061
 511 1.121212121212121
 12 1.181818181818182
 24 1.242424242424242
 82 1.303030303030303
 27 1.363636363636363
 104 1.424242424242425
 24 1.484848484848485
 83 1.545454545454546
 1 1.606060606060606
 0 1.666666666666667
 0 1.727272727272728
 19 1.787878787878788
 4 1.848484848484849
 34 1.909090909090909
 4 1.96969696969697
 0 2.03030303030303
 0 2.090909090909091
 0 2.151515151515151
 1 2.212121212121212
 0 2.272727272727272
 0 2.333333333333334
 5 2.393939393939394
 1 2.454545454545455
 1 2.515151515151516
 0 2.575757575757576
 0 2.636363636363637
 0 2.696969696969697
 0 2.757575757575758
 0 2.818181818181818
 0 2.878787878787879
 0 2.939393939393939
 0 3


