# Created by Octave 3.8.2, Mon Jun 22 13:31:07 2020 CEST <damian@fptrucha.inv.usc.es>
# name: hd
# type: matrix
# rows: 100
# columns: 2
 0 -3
 0 -2.939393939393939
 0 -2.878787878787879
 0 -2.818181818181818
 0 -2.757575757575758
 0 -2.696969696969697
 0 -2.636363636363636
 0 -2.575757575757576
 0 -2.515151515151515
 9 -2.454545454545455
 0 -2.393939393939394
 0 -2.333333333333333
 2 -2.272727272727272
 0 -2.212121212121212
 0 -2.151515151515151
 2 -2.090909090909091
 1 -2.03030303030303
 25 -1.96969696969697
 35 -1.909090909090909
 2 -1.848484848484848
 1 -1.787878787878788
 0 -1.727272727272727
 2 -1.666666666666667
 99 -1.606060606060606
 23 -1.545454545454545
 131 -1.484848484848485
 24 -1.424242424242424
 125 -1.363636363636364
 21 -1.303030303030303
 13 -1.242424242424242
 509 -1.181818181818182
 17 -1.121212121212121
 515 -1.060606060606061
 11 -1
 477 -0.9393939393939394
 22 -0.8787878787878789
 473 -0.8181818181818183
 928 -0.7575757575757573
 648 -0.6969696969696968
 1009 -0.6363636363636362
 645 -0.5757575757575757
 836 -0.5151515151515151
 591 -0.4545454545454546
 864 -0.393939393939394
 4263 -0.333333333333333
 579 -0.2727272727272725
 2731 -0.2121212121212119
 14 -0.1515151515151514
 2676 -0.09090909090909083
 16 -0.03030303030303028
 2472 0.03030303030303028
 18 0.09090909090909083
 2323 0.1515151515151514
 1460 0.2121212121212124
 2364 0.2727272727272729
 1589 0.3333333333333335
 662 0.393939393939394
 902 0.4545454545454546
 661 0.5151515151515151
 858 0.5757575757575757
 677 0.6363636363636367
 859 0.6969696969696972
 559 0.7575757575757578
 15 0.8181818181818183
 526 0.8787878787878789
 19 0.9393939393939394
 569 1
 14 1.060606060606061
 538 1.121212121212121
 12 1.181818181818182
 25 1.242424242424242
 125 1.303030303030303
 35 1.363636363636363
 123 1.424242424242425
 37 1.484848484848485
 118 1.545454545454546
 4 1.606060606060606
 0 1.666666666666667
 2 1.727272727272728
 36 1.787878787878788
 2 1.848484848484849
 30 1.909090909090909
 7 1.96969696969697
 3 2.03030303030303
 0 2.090909090909091
 0 2.151515151515151
 2 2.212121212121212
 0 2.272727272727272
 1 2.333333333333334
 8 2.393939393939394
 0 2.454545454545455
 0 2.515151515151516
 0 2.575757575757576
 0 2.636363636363637
 0 2.696969696969697
 0 2.757575757575758
 0 2.818181818181818
 0 2.878787878787879
 0 2.939393939393939
 0 3


