# Created by Octave 3.8.2, Mon Jun 22 01:48:48 2020 CEST <damian@fptrucha.inv.usc.es>
# name: hd
# type: matrix
# rows: 100
# columns: 2
 0 -3
 0 -2.939393939393939
 0 -2.878787878787879
 0 -2.818181818181818
 0 -2.757575757575758
 0 -2.696969696969697
 0 -2.636363636363636
 2 -2.575757575757576
 0 -2.515151515151515
 4 -2.454545454545455
 1 -2.393939393939394
 0 -2.333333333333333
 0 -2.272727272727272
 0 -2.212121212121212
 0 -2.151515151515151
 0 -2.090909090909091
 4 -2.03030303030303
 27 -1.96969696969697
 29 -1.909090909090909
 2 -1.848484848484848
 0 -1.787878787878788
 0 -1.727272727272727
 5 -1.666666666666667
 126 -1.606060606060606
 25 -1.545454545454545
 88 -1.484848484848485
 20 -1.424242424242424
 127 -1.363636363636364
 21 -1.303030303030303
 19 -1.242424242424242
 582 -1.181818181818182
 12 -1.121212121212121
 521 -1.060606060606061
 15 -1
 504 -0.9393939393939394
 14 -0.8787878787878789
 480 -0.8181818181818183
 1088 -0.7575757575757573
 655 -0.6969696969696968
 1035 -0.6363636363636362
 600 -0.5757575757575757
 887 -0.5151515151515151
 600 -0.4545454545454546
 860 -0.393939393939394
 4358 -0.333333333333333
 565 -0.2727272727272725
 2686 -0.2121212121212119
 4 -0.1515151515151514
 2674 -0.09090909090909083
 8 -0.03030303030303028
 2421 0.03030303030303028
 12 0.09090909090909083
 2296 0.1515151515151514
 1808 0.2121212121212124
 2282 0.2727272727272729
 1650 0.3333333333333335
 656 0.393939393939394
 952 0.4545454545454546
 636 0.5151515151515151
 833 0.5757575757575757
 634 0.6363636363636367
 741 0.6969696969696972
 619 0.7575757575757578
 13 0.8181818181818183
 563 0.8787878787878789
 19 0.9393939393939394
 539 1
 17 1.060606060606061
 515 1.121212121212121
 12 1.181818181818182
 36 1.242424242424242
 118 1.303030303030303
 30 1.363636363636363
 117 1.424242424242425
 38 1.484848484848485
 106 1.545454545454546
 2 1.606060606060606
 0 1.666666666666667
 3 1.727272727272728
 39 1.787878787878788
 2 1.848484848484849
 28 1.909090909090909
 2 1.96969696969697
 1 2.03030303030303
 0 2.090909090909091
 0 2.151515151515151
 3 2.212121212121212
 0 2.272727272727272
 0 2.333333333333334
 10 2.393939393939394
 1 2.454545454545455
 1 2.515151515151516
 0 2.575757575757576
 0 2.636363636363637
 0 2.696969696969697
 0 2.757575757575758
 0 2.818181818181818
 0 2.878787878787879
 0 2.939393939393939
 0 3


