# Created by Octave 3.8.2, Sat Jun 20 22:56:32 2020 CEST <damian@fptrucha.inv.usc.es>
# name: hd
# type: matrix
# rows: 100
# columns: 2
 0 -3
 0 -2.939393939393939
 0 -2.878787878787879
 0 -2.818181818181818
 0 -2.757575757575758
 0 -2.696969696969697
 0 -2.636363636363636
 3 -2.575757575757576
 0 -2.515151515151515
 8 -2.454545454545455
 0 -2.393939393939394
 0 -2.333333333333333
 0 -2.272727272727272
 0 -2.212121212121212
 0 -2.151515151515151
 3 -2.090909090909091
 4 -2.03030303030303
 14 -1.96969696969697
 28 -1.909090909090909
 2 -1.848484848484848
 1 -1.787878787878788
 0 -1.727272727272727
 1 -1.666666666666667
 74 -1.606060606060606
 14 -1.545454545454545
 78 -1.484848484848485
 11 -1.424242424242424
 102 -1.363636363636364
 13 -1.303030303030303
 20 -1.242424242424242
 481 -1.181818181818182
 19 -1.121212121212121
 485 -1.060606060606061
 13 -1
 426 -0.9393939393939394
 14 -0.8787878787878789
 439 -0.8181818181818183
 960 -0.7575757575757573
 627 -0.6969696969696968
 972 -0.6363636363636362
 632 -0.5757575757575757
 850 -0.5151515151515151
 546 -0.4545454545454546
 770 -0.393939393939394
 4061 -0.333333333333333
 520 -0.2727272727272725
 2830 -0.2121212121212119
 6 -0.1515151515151514
 2605 -0.09090909090909083
 10 -0.03030303030303028
 2511 0.03030303030303028
 15 0.09090909090909083
 2133 0.1515151515151514
 1753 0.2121212121212124
 2196 0.2727272727272729
 1650 0.3333333333333335
 647 0.393939393939394
 908 0.4545454545454546
 644 0.5151515151515151
 819 0.5757575757575757
 573 0.6363636363636367
 767 0.6969696969696972
 603 0.7575757575757578
 9 0.8181818181818183
 494 0.8787878787878789
 11 0.9393939393939394
 511 1
 9 1.060606060606061
 467 1.121212121212121
 10 1.181818181818182
 32 1.242424242424242
 98 1.303030303030303
 15 1.363636363636363
 97 1.424242424242425
 28 1.484848484848485
 67 1.545454545454546
 2 1.606060606060606
 0 1.666666666666667
 1 1.727272727272728
 32 1.787878787878788
 4 1.848484848484849
 21 1.909090909090909
 4 1.96969696969697
 0 2.03030303030303
 0 2.090909090909091
 0 2.151515151515151
 4 2.212121212121212
 0 2.272727272727272
 1 2.333333333333334
 2 2.393939393939394
 0 2.454545454545455
 0 2.515151515151516
 0 2.575757575757576
 0 2.636363636363637
 0 2.696969696969697
 0 2.757575757575758
 0 2.818181818181818
 0 2.878787878787879
 0 2.939393939393939
 0 3


