# Created by Octave 3.8.2, Mon Jun 22 12:38:47 2020 CEST <damian@fptrucha.inv.usc.es>
# name: hd
# type: matrix
# rows: 100
# columns: 2
 0 -3
 0 -2.939393939393939
 0 -2.878787878787879
 0 -2.818181818181818
 0 -2.757575757575758
 0 -2.696969696969697
 0 -2.636363636363636
 1 -2.575757575757576
 0 -2.515151515151515
 7 -2.454545454545455
 0 -2.393939393939394
 1 -2.333333333333333
 0 -2.272727272727272
 0 -2.212121212121212
 0 -2.151515151515151
 3 -2.090909090909091
 2 -2.03030303030303
 27 -1.96969696969697
 36 -1.909090909090909
 1 -1.848484848484848
 1 -1.787878787878788
 0 -1.727272727272727
 0 -1.666666666666667
 98 -1.606060606060606
 34 -1.545454545454545
 119 -1.484848484848485
 25 -1.424242424242424
 111 -1.363636363636364
 26 -1.303030303030303
 22 -1.242424242424242
 538 -1.181818181818182
 14 -1.121212121212121
 571 -1.060606060606061
 22 -1
 523 -0.9393939393939394
 18 -0.8787878787878789
 504 -0.8181818181818183
 874 -0.7575757575757573
 648 -0.6969696969696968
 970 -0.6363636363636362
 616 -0.5757575757575757
 871 -0.5151515151515151
 623 -0.4545454545454546
 930 -0.393939393939394
 4163 -0.333333333333333
 616 -0.2727272727272725
 2713 -0.2121212121212119
 19 -0.1515151515151514
 2657 -0.09090909090909083
 17 -0.03030303030303028
 2558 0.03030303030303028
 20 0.09090909090909083
 2317 0.1515151515151514
 1577 0.2121212121212124
 2352 0.2727272727272729
 1592 0.3333333333333335
 669 0.393939393939394
 898 0.4545454545454546
 683 0.5151515151515151
 810 0.5757575757575757
 598 0.6363636363636367
 806 0.6969696969696972
 550 0.7575757575757578
 18 0.8181818181818183
 557 0.8787878787878789
 20 0.9393939393939394
 544 1
 13 1.060606060606061
 547 1.121212121212121
 10 1.181818181818182
 36 1.242424242424242
 104 1.303030303030303
 32 1.363636363636363
 132 1.424242424242425
 29 1.484848484848485
 96 1.545454545454546
 3 1.606060606060606
 0 1.666666666666667
 3 1.727272727272728
 35 1.787878787878788
 4 1.848484848484849
 24 1.909090909090909
 5 1.96969696969697
 1 2.03030303030303
 0 2.090909090909091
 0 2.151515151515151
 4 2.212121212121212
 0 2.272727272727272
 1 2.333333333333334
 7 2.393939393939394
 1 2.454545454545455
 1 2.515151515151516
 0 2.575757575757576
 0 2.636363636363637
 0 2.696969696969697
 0 2.757575757575758
 0 2.818181818181818
 0 2.878787878787879
 0 2.939393939393939
 0 3


