# Created by Octave 3.8.2, Sat Jun 20 08:22:14 2020 CEST <damian@fptrucha.inv.usc.es>
# name: hd
# type: matrix
# rows: 100
# columns: 2
 0 -3
 0 -2.939393939393939
 0 -2.878787878787879
 0 -2.818181818181818
 0 -2.757575757575758
 0 -2.696969696969697
 0 -2.636363636363636
 1 -2.575757575757576
 1 -2.515151515151515
 8 -2.454545454545455
 0 -2.393939393939394
 1 -2.333333333333333
 1 -2.272727272727272
 0 -2.212121212121212
 0 -2.151515151515151
 3 -2.090909090909091
 2 -2.03030303030303
 33 -1.96969696969697
 37 -1.909090909090909
 2 -1.848484848484848
 0 -1.787878787878788
 0 -1.727272727272727
 2 -1.666666666666667
 117 -1.606060606060606
 34 -1.545454545454545
 111 -1.484848484848485
 20 -1.424242424242424
 102 -1.363636363636364
 14 -1.303030303030303
 9 -1.242424242424242
 643 -1.181818181818182
 14 -1.121212121212121
 599 -1.060606060606061
 14 -1
 573 -0.9393939393939394
 21 -0.8787878787878789
 526 -0.8181818181818183
 1169 -0.7575757575757573
 734 -0.6969696969696968
 1153 -0.6363636363636362
 751 -0.5757575757575757
 1037 -0.5151515151515151
 646 -0.4545454545454546
 1013 -0.393939393939394
 4799 -0.333333333333333
 664 -0.2727272727272725
 3179 -0.2121212121212119
 16 -0.1515151515151514
 3057 -0.09090909090909083
 7 -0.03030303030303028
 2904 0.03030303030303028
 16 0.09090909090909083
 2561 0.1515151515151514
 1941 0.2121212121212124
 2508 0.2727272727272729
 1783 0.3333333333333335
 717 0.393939393939394
 980 0.4545454545454546
 744 0.5151515151515151
 911 0.5757575757575757
 735 0.6363636363636367
 885 0.6969696969696972
 592 0.7575757575757578
 9 0.8181818181818183
 666 0.8787878787878789
 11 0.9393939393939394
 565 1
 9 1.060606060606061
 591 1.121212121212121
 8 1.181818181818182
 36 1.242424242424242
 102 1.303030303030303
 30 1.363636363636363
 135 1.424242424242425
 44 1.484848484848485
 101 1.545454545454546
 4 1.606060606060606
 0 1.666666666666667
 2 1.727272727272728
 35 1.787878787878788
 2 1.848484848484849
 41 1.909090909090909
 5 1.96969696969697
 1 2.03030303030303
 0 2.090909090909091
 0 2.151515151515151
 2 2.212121212121212
 1 2.272727272727272
 2 2.333333333333334
 11 2.393939393939394
 0 2.454545454545455
 1 2.515151515151516
 0 2.575757575757576
 0 2.636363636363637
 0 2.696969696969697
 0 2.757575757575758
 0 2.818181818181818
 0 2.878787878787879
 0 2.939393939393939
 0 3


