# Created by Octave 3.8.2, Sun Jun 21 00:34:58 2020 CEST <damian@fptrucha.inv.usc.es>
# name: hd
# type: matrix
# rows: 100
# columns: 2
 0 -3
 0 -2.939393939393939
 0 -2.878787878787879
 0 -2.818181818181818
 0 -2.757575757575758
 0 -2.696969696969697
 0 -2.636363636363636
 0 -2.575757575757576
 1 -2.515151515151515
 3 -2.454545454545455
 0 -2.393939393939394
 0 -2.333333333333333
 1 -2.272727272727272
 0 -2.212121212121212
 0 -2.151515151515151
 0 -2.090909090909091
 4 -2.03030303030303
 19 -1.96969696969697
 25 -1.909090909090909
 1 -1.848484848484848
 0 -1.787878787878788
 0 -1.727272727272727
 0 -1.666666666666667
 95 -1.606060606060606
 28 -1.545454545454545
 81 -1.484848484848485
 28 -1.424242424242424
 82 -1.363636363636364
 17 -1.303030303030303
 18 -1.242424242424242
 520 -1.181818181818182
 7 -1.121212121212121
 476 -1.060606060606061
 10 -1
 431 -0.9393939393939394
 20 -0.8787878787878789
 453 -0.8181818181818183
 947 -0.7575757575757573
 640 -0.6969696969696968
 973 -0.6363636363636362
 556 -0.5757575757575757
 802 -0.5151515151515151
 556 -0.4545454545454546
 802 -0.393939393939394
 4091 -0.333333333333333
 517 -0.2727272727272725
 2787 -0.2121212121212119
 5 -0.1515151515151514
 2467 -0.09090909090909083
 11 -0.03030303030303028
 2457 0.03030303030303028
 10 0.09090909090909083
 2209 0.1515151515151514
 1723 0.2121212121212124
 2205 0.2727272727272729
 1665 0.3333333333333335
 645 0.393939393939394
 876 0.4545454545454546
 671 0.5151515151515151
 761 0.5757575757575757
 613 0.6363636363636367
 804 0.6969696969696972
 556 0.7575757575757578
 9 0.8181818181818183
 555 0.8787878787878789
 17 0.9393939393939394
 553 1
 6 1.060606060606061
 478 1.121212121212121
 5 1.181818181818182
 26 1.242424242424242
 81 1.303030303030303
 30 1.363636363636363
 107 1.424242424242425
 20 1.484848484848485
 99 1.545454545454546
 2 1.606060606060606
 0 1.666666666666667
 3 1.727272727272728
 30 1.787878787878788
 2 1.848484848484849
 26 1.909090909090909
 3 1.96969696969697
 0 2.03030303030303
 0 2.090909090909091
 0 2.151515151515151
 0 2.212121212121212
 0 2.272727272727272
 1 2.333333333333334
 2 2.393939393939394
 1 2.454545454545455
 0 2.515151515151516
 0 2.575757575757576
 0 2.636363636363637
 0 2.696969696969697
 0 2.757575757575758
 0 2.818181818181818
 0 2.878787878787879
 0 2.939393939393939
 0 3


