# Created by Octave 3.8.2, Mon Jun 22 09:05:42 2020 CEST <damian@fptrucha.inv.usc.es>
# name: hd
# type: matrix
# rows: 100
# columns: 2
 0 -3
 0 -2.939393939393939
 0 -2.878787878787879
 0 -2.818181818181818
 0 -2.757575757575758
 0 -2.696969696969697
 0 -2.636363636363636
 1 -2.575757575757576
 0 -2.515151515151515
 9 -2.454545454545455
 2 -2.393939393939394
 2 -2.333333333333333
 1 -2.272727272727272
 0 -2.212121212121212
 0 -2.151515151515151
 2 -2.090909090909091
 7 -2.03030303030303
 33 -1.96969696969697
 45 -1.909090909090909
 2 -1.848484848484848
 0 -1.787878787878788
 0 -1.727272727272727
 2 -1.666666666666667
 94 -1.606060606060606
 42 -1.545454545454545
 114 -1.484848484848485
 37 -1.424242424242424
 117 -1.363636363636364
 21 -1.303030303030303
 14 -1.242424242424242
 528 -1.181818181818182
 21 -1.121212121212121
 518 -1.060606060606061
 30 -1
 527 -0.9393939393939394
 21 -0.8787878787878789
 507 -0.8181818181818183
 822 -0.7575757575757573
 588 -0.6969696969696968
 910 -0.6363636363636362
 596 -0.5757575757575757
 843 -0.5151515151515151
 591 -0.4545454545454546
 905 -0.393939393939394
 3899 -0.333333333333333
 534 -0.2727272727272725
 2500 -0.2121212121212119
 14 -0.1515151515151514
 2604 -0.09090909090909083
 24 -0.03030303030303028
 2400 0.03030303030303028
 20 0.09090909090909083
 2188 0.1515151515151514
 1499 0.2121212121212124
 2320 0.2727272727272729
 1516 0.3333333333333335
 630 0.393939393939394
 856 0.4545454545454546
 667 0.5151515151515151
 791 0.5757575757575757
 602 0.6363636363636367
 850 0.6969696969696972
 506 0.7575757575757578
 11 0.8181818181818183
 536 0.8787878787878789
 17 0.9393939393939394
 489 1
 15 1.060606060606061
 494 1.121212121212121
 18 1.181818181818182
 23 1.242424242424242
 100 1.303030303030303
 20 1.363636363636363
 112 1.424242424242425
 32 1.484848484848485
 113 1.545454545454546
 1 1.606060606060606
 0 1.666666666666667
 0 1.727272727272728
 52 1.787878787878788
 5 1.848484848484849
 25 1.909090909090909
 2 1.96969696969697
 0 2.03030303030303
 0 2.090909090909091
 0 2.151515151515151
 4 2.212121212121212
 0 2.272727272727272
 1 2.333333333333334
 6 2.393939393939394
 0 2.454545454545455
 0 2.515151515151516
 0 2.575757575757576
 0 2.636363636363637
 0 2.696969696969697
 0 2.757575757575758
 0 2.818181818181818
 0 2.878787878787879
 0 2.939393939393939
 0 3


