# Created by Octave 3.8.2, Mon Jun 22 19:36:10 2020 CEST <damian@fptrucha.inv.usc.es>
# name: hd
# type: matrix
# rows: 100
# columns: 2
 0 -3
 0 -2.939393939393939
 0 -2.878787878787879
 0 -2.818181818181818
 0 -2.757575757575758
 0 -2.696969696969697
 0 -2.636363636363636
 0 -2.575757575757576
 1 -2.515151515151515
 7 -2.454545454545455
 0 -2.393939393939394
 0 -2.333333333333333
 0 -2.272727272727272
 0 -2.212121212121212
 0 -2.151515151515151
 1 -2.090909090909091
 5 -2.03030303030303
 27 -1.96969696969697
 38 -1.909090909090909
 2 -1.848484848484848
 1 -1.787878787878788
 0 -1.727272727272727
 2 -1.666666666666667
 108 -1.606060606060606
 28 -1.545454545454545
 130 -1.484848484848485
 26 -1.424242424242424
 123 -1.363636363636364
 25 -1.303030303030303
 16 -1.242424242424242
 619 -1.181818181818182
 19 -1.121212121212121
 620 -1.060606060606061
 16 -1
 542 -0.9393939393939394
 18 -0.8787878787878789
 547 -0.8181818181818183
 918 -0.7575757575757573
 661 -0.6969696969696968
 1065 -0.6363636363636362
 665 -0.5757575757575757
 963 -0.5151515151515151
 662 -0.4545454545454546
 1000 -0.393939393939394
 4347 -0.333333333333333
 641 -0.2727272727272725
 2773 -0.2121212121212119
 13 -0.1515151515151514
 2705 -0.09090909090909083
 12 -0.03030303030303028
 2625 0.03030303030303028
 21 0.09090909090909083
 2473 0.1515151515151514
 1596 0.2121212121212124
 2472 0.2727272727272729
 1611 0.3333333333333335
 655 0.393939393939394
 929 0.4545454545454546
 628 0.5151515151515151
 845 0.5757575757575757
 647 0.6363636363636367
 839 0.6969696969696972
 577 0.7575757575757578
 19 0.8181818181818183
 522 0.8787878787878789
 16 0.9393939393939394
 517 1
 19 1.060606060606061
 546 1.121212121212121
 10 1.181818181818182
 27 1.242424242424242
 102 1.303030303030303
 29 1.363636363636363
 105 1.424242424242425
 36 1.484848484848485
 107 1.545454545454546
 2 1.606060606060606
 0 1.666666666666667
 0 1.727272727272728
 42 1.787878787878788
 1 1.848484848484849
 34 1.909090909090909
 5 1.96969696969697
 1 2.03030303030303
 0 2.090909090909091
 0 2.151515151515151
 1 2.212121212121212
 0 2.272727272727272
 2 2.333333333333334
 9 2.393939393939394
 0 2.454545454545455
 1 2.515151515151516
 0 2.575757575757576
 0 2.636363636363637
 0 2.696969696969697
 0 2.757575757575758
 0 2.818181818181818
 0 2.878787878787879
 0 2.939393939393939
 0 3


