# Created by Octave 3.8.2, Mon Jun 22 03:51:50 2020 CEST <damian@fptrucha.inv.usc.es>
# name: hd
# type: matrix
# rows: 100
# columns: 2
 0 -3
 0 -2.939393939393939
 0 -2.878787878787879
 0 -2.818181818181818
 0 -2.757575757575758
 0 -2.696969696969697
 0 -2.636363636363636
 1 -2.575757575757576
 0 -2.515151515151515
 8 -2.454545454545455
 0 -2.393939393939394
 0 -2.333333333333333
 3 -2.272727272727272
 0 -2.212121212121212
 0 -2.151515151515151
 0 -2.090909090909091
 5 -2.03030303030303
 48 -1.96969696969697
 38 -1.909090909090909
 2 -1.848484848484848
 0 -1.787878787878788
 0 -1.727272727272727
 2 -1.666666666666667
 98 -1.606060606060606
 36 -1.545454545454545
 113 -1.484848484848485
 23 -1.424242424242424
 129 -1.363636363636364
 24 -1.303030303030303
 20 -1.242424242424242
 528 -1.181818181818182
 18 -1.121212121212121
 506 -1.060606060606061
 23 -1
 524 -0.9393939393939394
 24 -0.8787878787878789
 474 -0.8181818181818183
 889 -0.7575757575757573
 589 -0.6969696969696968
 861 -0.6363636363636362
 543 -0.5757575757575757
 861 -0.5151515151515151
 612 -0.4545454545454546
 867 -0.393939393939394
 3786 -0.333333333333333
 567 -0.2727272727272725
 2332 -0.2121212121212119
 11 -0.1515151515151514
 2512 -0.09090909090909083
 18 -0.03030303030303028
 2398 0.03030303030303028
 19 0.09090909090909083
 2134 0.1515151515151514
 1474 0.2121212121212124
 2216 0.2727272727272729
 1443 0.3333333333333335
 636 0.393939393939394
 856 0.4545454545454546
 586 0.5151515151515151
 704 0.5757575757575757
 633 0.6363636363636367
 775 0.6969696969696972
 522 0.7575757575757578
 16 0.8181818181818183
 520 0.8787878787878789
 19 0.9393939393939394
 526 1
 21 1.060606060606061
 473 1.121212121212121
 16 1.181818181818182
 32 1.242424242424242
 116 1.303030303030303
 22 1.363636363636363
 108 1.424242424242425
 28 1.484848484848485
 109 1.545454545454546
 0 1.606060606060606
 0 1.666666666666667
 0 1.727272727272728
 32 1.787878787878788
 8 1.848484848484849
 32 1.909090909090909
 6 1.96969696969697
 3 2.03030303030303
 0 2.090909090909091
 0 2.151515151515151
 2 2.212121212121212
 0 2.272727272727272
 0 2.333333333333334
 11 2.393939393939394
 0 2.454545454545455
 1 2.515151515151516
 0 2.575757575757576
 0 2.636363636363637
 0 2.696969696969697
 0 2.757575757575758
 0 2.818181818181818
 0 2.878787878787879
 0 2.939393939393939
 0 3


