# Created by Octave 3.8.2, Sat Jun 20 12:09:06 2020 CEST <damian@fptrucha.inv.usc.es>
# name: hd
# type: matrix
# rows: 100
# columns: 2
 0 -3
 0 -2.939393939393939
 0 -2.878787878787879
 0 -2.818181818181818
 0 -2.757575757575758
 0 -2.696969696969697
 0 -2.636363636363636
 0 -2.575757575757576
 0 -2.515151515151515
 3 -2.454545454545455
 0 -2.393939393939394
 0 -2.333333333333333
 1 -2.272727272727272
 0 -2.212121212121212
 0 -2.151515151515151
 1 -2.090909090909091
 3 -2.03030303030303
 28 -1.96969696969697
 27 -1.909090909090909
 1 -1.848484848484848
 1 -1.787878787878788
 0 -1.727272727272727
 1 -1.666666666666667
 110 -1.606060606060606
 21 -1.545454545454545
 89 -1.484848484848485
 23 -1.424242424242424
 80 -1.363636363636364
 18 -1.303030303030303
 10 -1.242424242424242
 565 -1.181818181818182
 13 -1.121212121212121
 546 -1.060606060606061
 10 -1
 495 -0.9393939393939394
 13 -0.8787878787878789
 477 -0.8181818181818183
 1095 -0.7575757575757573
 700 -0.6969696969696968
 1060 -0.6363636363636362
 675 -0.5757575757575757
 939 -0.5151515151515151
 646 -0.4545454545454546
 890 -0.393939393939394
 4527 -0.333333333333333
 560 -0.2727272727272725
 3075 -0.2121212121212119
 11 -0.1515151515151514
 2961 -0.09090909090909083
 12 -0.03030303030303028
 2765 0.03030303030303028
 8 0.09090909090909083
 2371 0.1515151515151514
 1947 0.2121212121212124
 2417 0.2727272727272729
 1791 0.3333333333333335
 684 0.393939393939394
 1021 0.4545454545454546
 671 0.5151515151515151
 844 0.5757575757575757
 661 0.6363636363636367
 855 0.6969696969696972
 686 0.7575757575757578
 16 0.8181818181818183
 650 0.8787878787878789
 9 0.9393939393939394
 540 1
 17 1.060606060606061
 585 1.121212121212121
 15 1.181818181818182
 32 1.242424242424242
 129 1.303030303030303
 37 1.363636363636363
 113 1.424242424242425
 29 1.484848484848485
 104 1.545454545454546
 3 1.606060606060606
 0 1.666666666666667
 0 1.727272727272728
 31 1.787878787878788
 4 1.848484848484849
 44 1.909090909090909
 6 1.96969696969697
 1 2.03030303030303
 0 2.090909090909091
 0 2.151515151515151
 1 2.212121212121212
 0 2.272727272727272
 0 2.333333333333334
 5 2.393939393939394
 0 2.454545454545455
 0 2.515151515151516
 0 2.575757575757576
 0 2.636363636363637
 0 2.696969696969697
 0 2.757575757575758
 0 2.818181818181818
 0 2.878787878787879
 0 2.939393939393939
 0 3


