# Created by Octave 3.8.2, Mon Jun 22 14:07:51 2020 CEST <damian@fptrucha.inv.usc.es>
# name: hd
# type: matrix
# rows: 100
# columns: 2
 0 -3
 0 -2.939393939393939
 0 -2.878787878787879
 0 -2.818181818181818
 0 -2.757575757575758
 0 -2.696969696969697
 0 -2.636363636363636
 2 -2.575757575757576
 0 -2.515151515151515
 10 -2.454545454545455
 1 -2.393939393939394
 1 -2.333333333333333
 4 -2.272727272727272
 0 -2.212121212121212
 0 -2.151515151515151
 0 -2.090909090909091
 1 -2.03030303030303
 36 -1.96969696969697
 28 -1.909090909090909
 0 -1.848484848484848
 3 -1.787878787878788
 0 -1.727272727272727
 1 -1.666666666666667
 123 -1.606060606060606
 27 -1.545454545454545
 107 -1.484848484848485
 28 -1.424242424242424
 120 -1.363636363636364
 25 -1.303030303030303
 11 -1.242424242424242
 574 -1.181818181818182
 19 -1.121212121212121
 520 -1.060606060606061
 22 -1
 497 -0.9393939393939394
 24 -0.8787878787878789
 475 -0.8181818181818183
 888 -0.7575757575757573
 621 -0.6969696969696968
 1025 -0.6363636363636362
 654 -0.5757575757575757
 911 -0.5151515151515151
 596 -0.4545454545454546
 932 -0.393939393939394
 4122 -0.333333333333333
 617 -0.2727272727272725
 2621 -0.2121212121212119
 14 -0.1515151515151514
 2677 -0.09090909090909083
 26 -0.03030303030303028
 2570 0.03030303030303028
 27 0.09090909090909083
 2299 0.1515151515151514
 1531 0.2121212121212124
 2337 0.2727272727272729
 1515 0.3333333333333335
 665 0.393939393939394
 879 0.4545454545454546
 712 0.5151515151515151
 837 0.5757575757575757
 652 0.6363636363636367
 866 0.6969696969696972
 551 0.7575757575757578
 11 0.8181818181818183
 618 0.8787878787878789
 18 0.9393939393939394
 593 1
 17 1.060606060606061
 537 1.121212121212121
 9 1.181818181818182
 39 1.242424242424242
 143 1.303030303030303
 43 1.363636363636363
 127 1.424242424242425
 35 1.484848484848485
 113 1.545454545454546
 2 1.606060606060606
 0 1.666666666666667
 4 1.727272727272728
 38 1.787878787878788
 8 1.848484848484849
 37 1.909090909090909
 4 1.96969696969697
 2 2.03030303030303
 0 2.090909090909091
 0 2.151515151515151
 2 2.212121212121212
 2 2.272727272727272
 2 2.333333333333334
 11 2.393939393939394
 0 2.454545454545455
 1 2.515151515151516
 0 2.575757575757576
 0 2.636363636363637
 0 2.696969696969697
 0 2.757575757575758
 0 2.818181818181818
 0 2.878787878787879
 0 2.939393939393939
 0 3


