# Created by Octave 3.8.2, Sun Jun 21 00:18:07 2020 CEST <damian@fptrucha.inv.usc.es>
# name: hd
# type: matrix
# rows: 100
# columns: 2
 0 -3
 0 -2.939393939393939
 0 -2.878787878787879
 0 -2.818181818181818
 0 -2.757575757575758
 0 -2.696969696969697
 0 -2.636363636363636
 2 -2.575757575757576
 0 -2.515151515151515
 2 -2.454545454545455
 0 -2.393939393939394
 0 -2.333333333333333
 1 -2.272727272727272
 0 -2.212121212121212
 0 -2.151515151515151
 4 -2.090909090909091
 2 -2.03030303030303
 18 -1.96969696969697
 31 -1.909090909090909
 2 -1.848484848484848
 0 -1.787878787878788
 0 -1.727272727272727
 2 -1.666666666666667
 96 -1.606060606060606
 21 -1.545454545454545
 69 -1.484848484848485
 20 -1.424242424242424
 84 -1.363636363636364
 16 -1.303030303030303
 10 -1.242424242424242
 498 -1.181818181818182
 16 -1.121212121212121
 499 -1.060606060606061
 13 -1
 454 -0.9393939393939394
 12 -0.8787878787878789
 406 -0.8181818181818183
 1022 -0.7575757575757573
 643 -0.6969696969696968
 962 -0.6363636363636362
 610 -0.5757575757575757
 862 -0.5151515151515151
 550 -0.4545454545454546
 766 -0.393939393939394
 3937 -0.333333333333333
 496 -0.2727272727272725
 2772 -0.2121212121212119
 6 -0.1515151515151514
 2643 -0.09090909090909083
 7 -0.03030303030303028
 2438 0.03030303030303028
 10 0.09090909090909083
 2138 0.1515151515151514
 1716 0.2121212121212124
 2152 0.2727272727272729
 1580 0.3333333333333335
 593 0.393939393939394
 886 0.4545454545454546
 707 0.5151515151515151
 775 0.5757575757575757
 548 0.6363636363636367
 745 0.6969696969696972
 557 0.7575757575757578
 10 0.8181818181818183
 504 0.8787878787878789
 6 0.9393939393939394
 542 1
 7 1.060606060606061
 497 1.121212121212121
 9 1.181818181818182
 35 1.242424242424242
 84 1.303030303030303
 24 1.363636363636363
 95 1.424242424242425
 25 1.484848484848485
 92 1.545454545454546
 3 1.606060606060606
 0 1.666666666666667
 0 1.727272727272728
 33 1.787878787878788
 3 1.848484848484849
 28 1.909090909090909
 3 1.96969696969697
 0 2.03030303030303
 0 2.090909090909091
 0 2.151515151515151
 1 2.212121212121212
 1 2.272727272727272
 0 2.333333333333334
 10 2.393939393939394
 0 2.454545454545455
 0 2.515151515151516
 0 2.575757575757576
 0 2.636363636363637
 0 2.696969696969697
 0 2.757575757575758
 0 2.818181818181818
 0 2.878787878787879
 0 2.939393939393939
 0 3


