# Created by Octave 3.8.2, Mon Jun 22 13:43:35 2020 CEST <damian@fptrucha.inv.usc.es>
# name: hd
# type: matrix
# rows: 100
# columns: 2
 0 -3
 0 -2.939393939393939
 0 -2.878787878787879
 0 -2.818181818181818
 0 -2.757575757575758
 0 -2.696969696969697
 0 -2.636363636363636
 2 -2.575757575757576
 1 -2.515151515151515
 8 -2.454545454545455
 1 -2.393939393939394
 1 -2.333333333333333
 1 -2.272727272727272
 0 -2.212121212121212
 0 -2.151515151515151
 0 -2.090909090909091
 3 -2.03030303030303
 20 -1.96969696969697
 33 -1.909090909090909
 2 -1.848484848484848
 1 -1.787878787878788
 0 -1.727272727272727
 2 -1.666666666666667
 63 -1.606060606060606
 21 -1.545454545454545
 70 -1.484848484848485
 22 -1.424242424242424
 76 -1.363636363636364
 24 -1.303030303030303
 8 -1.242424242424242
 389 -1.181818181818182
 10 -1.121212121212121
 393 -1.060606060606061
 11 -1
 354 -0.9393939393939394
 12 -0.8787878787878789
 357 -0.8181818181818183
 566 -0.7575757575757573
 404 -0.6969696969696968
 610 -0.6363636363636362
 432 -0.5757575757575757
 593 -0.5151515151515151
 428 -0.4545454545454546
 624 -0.393939393939394
 2717 -0.333333333333333
 433 -0.2727272727272725
 1770 -0.2121212121212119
 11 -0.1515151515151514
 1776 -0.09090909090909083
 18 -0.03030303030303028
 1671 0.03030303030303028
 19 0.09090909090909083
 1516 0.1515151515151514
 1025 0.2121212121212124
 1541 0.2727272727272729
 1050 0.3333333333333335
 444 0.393939393939394
 641 0.4545454545454546
 395 0.5151515151515151
 552 0.5757575757575757
 407 0.6363636363636367
 508 0.6969696969696972
 367 0.7575757575757578
 5 0.8181818181818183
 366 0.8787878787878789
 7 0.9393939393939394
 358 1
 8 1.060606060606061
 351 1.121212121212121
 8 1.181818181818182
 25 1.242424242424242
 84 1.303030303030303
 25 1.363636363636363
 79 1.424242424242425
 19 1.484848484848485
 67 1.545454545454546
 1 1.606060606060606
 0 1.666666666666667
 0 1.727272727272728
 24 1.787878787878788
 4 1.848484848484849
 24 1.909090909090909
 3 1.96969696969697
 3 2.03030303030303
 0 2.090909090909091
 0 2.151515151515151
 0 2.212121212121212
 1 2.272727272727272
 0 2.333333333333334
 3 2.393939393939394
 0 2.454545454545455
 1 2.515151515151516
 0 2.575757575757576
 0 2.636363636363637
 0 2.696969696969697
 0 2.757575757575758
 0 2.818181818181818
 0 2.878787878787879
 0 2.939393939393939
 0 3


