# Created by Octave 3.8.2, Sun Jun 21 06:16:36 2020 CEST <damian@fptrucha.inv.usc.es>
# name: hd
# type: matrix
# rows: 100
# columns: 2
 0 -3
 0 -2.939393939393939
 0 -2.878787878787879
 0 -2.818181818181818
 0 -2.757575757575758
 0 -2.696969696969697
 0 -2.636363636363636
 1 -2.575757575757576
 1 -2.515151515151515
 6 -2.454545454545455
 1 -2.393939393939394
 0 -2.333333333333333
 1 -2.272727272727272
 0 -2.212121212121212
 0 -2.151515151515151
 0 -2.090909090909091
 0 -2.03030303030303
 17 -1.96969696969697
 28 -1.909090909090909
 1 -1.848484848484848
 0 -1.787878787878788
 0 -1.727272727272727
 4 -1.666666666666667
 96 -1.606060606060606
 31 -1.545454545454545
 108 -1.484848484848485
 13 -1.424242424242424
 84 -1.363636363636364
 13 -1.303030303030303
 14 -1.242424242424242
 518 -1.181818181818182
 13 -1.121212121212121
 471 -1.060606060606061
 9 -1
 445 -0.9393939393939394
 12 -0.8787878787878789
 431 -0.8181818181818183
 967 -0.7575757575757573
 636 -0.6969696969696968
 991 -0.6363636363636362
 630 -0.5757575757575757
 923 -0.5151515151515151
 548 -0.4545454545454546
 829 -0.393939393939394
 4236 -0.333333333333333
 504 -0.2727272727272725
 2811 -0.2121212121212119
 8 -0.1515151515151514
 2581 -0.09090909090909083
 11 -0.03030303030303028
 2400 0.03030303030303028
 13 0.09090909090909083
 2086 0.1515151515151514
 1657 0.2121212121212124
 2211 0.2727272727272729
 1602 0.3333333333333335
 675 0.393939393939394
 841 0.4545454545454546
 628 0.5151515151515151
 828 0.5757575757575757
 571 0.6363636363636367
 788 0.6969696969696972
 572 0.7575757575757578
 8 0.8181818181818183
 539 0.8787878787878789
 14 0.9393939393939394
 486 1
 9 1.060606060606061
 514 1.121212121212121
 13 1.181818181818182
 23 1.242424242424242
 98 1.303030303030303
 19 1.363636363636363
 88 1.424242424242425
 22 1.484848484848485
 94 1.545454545454546
 0 1.606060606060606
 0 1.666666666666667
 2 1.727272727272728
 18 1.787878787878788
 1 1.848484848484849
 21 1.909090909090909
 3 1.96969696969697
 1 2.03030303030303
 0 2.090909090909091
 0 2.151515151515151
 2 2.212121212121212
 0 2.272727272727272
 0 2.333333333333334
 4 2.393939393939394
 0 2.454545454545455
 1 2.515151515151516
 0 2.575757575757576
 0 2.636363636363637
 0 2.696969696969697
 0 2.757575757575758
 0 2.818181818181818
 0 2.878787878787879
 0 2.939393939393939
 0 3


