# Created by Octave 3.8.2, Mon Jun 22 10:59:40 2020 CEST <damian@fptrucha.inv.usc.es>
# name: hd
# type: matrix
# rows: 100
# columns: 2
 0 -3
 0 -2.939393939393939
 0 -2.878787878787879
 0 -2.818181818181818
 0 -2.757575757575758
 0 -2.696969696969697
 0 -2.636363636363636
 2 -2.575757575757576
 1 -2.515151515151515
 7 -2.454545454545455
 1 -2.393939393939394
 0 -2.333333333333333
 0 -2.272727272727272
 0 -2.212121212121212
 0 -2.151515151515151
 3 -2.090909090909091
 2 -2.03030303030303
 39 -1.96969696969697
 30 -1.909090909090909
 3 -1.848484848484848
 1 -1.787878787878788
 0 -1.727272727272727
 2 -1.666666666666667
 111 -1.606060606060606
 28 -1.545454545454545
 115 -1.484848484848485
 33 -1.424242424242424
 104 -1.363636363636364
 23 -1.303030303030303
 11 -1.242424242424242
 487 -1.181818181818182
 16 -1.121212121212121
 543 -1.060606060606061
 15 -1
 496 -0.9393939393939394
 19 -0.8787878787878789
 497 -0.8181818181818183
 885 -0.7575757575757573
 604 -0.6969696969696968
 929 -0.6363636363636362
 633 -0.5757575757575757
 862 -0.5151515151515151
 616 -0.4545454545454546
 889 -0.393939393939394
 4067 -0.333333333333333
 572 -0.2727272727272725
 2534 -0.2121212121212119
 14 -0.1515151515151514
 2617 -0.09090909090909083
 16 -0.03030303030303028
 2441 0.03030303030303028
 25 0.09090909090909083
 2258 0.1515151515151514
 1554 0.2121212121212124
 2318 0.2727272727272729
 1537 0.3333333333333335
 659 0.393939393939394
 908 0.4545454545454546
 701 0.5151515151515151
 805 0.5757575757575757
 673 0.6363636363636367
 871 0.6969696969696972
 539 0.7575757575757578
 14 0.8181818181818183
 560 0.8787878787878789
 15 0.9393939393939394
 563 1
 17 1.060606060606061
 541 1.121212121212121
 6 1.181818181818182
 19 1.242424242424242
 103 1.303030303030303
 31 1.363636363636363
 129 1.424242424242425
 32 1.484848484848485
 123 1.545454545454546
 3 1.606060606060606
 0 1.666666666666667
 1 1.727272727272728
 20 1.787878787878788
 3 1.848484848484849
 31 1.909090909090909
 5 1.96969696969697
 1 2.03030303030303
 0 2.090909090909091
 0 2.151515151515151
 1 2.212121212121212
 1 2.272727272727272
 2 2.333333333333334
 14 2.393939393939394
 1 2.454545454545455
 1 2.515151515151516
 0 2.575757575757576
 0 2.636363636363637
 0 2.696969696969697
 0 2.757575757575758
 0 2.818181818181818
 0 2.878787878787879
 0 2.939393939393939
 0 3


