# Created by Octave 3.8.2, Sat Jun 20 18:20:49 2020 CEST <damian@fptrucha.inv.usc.es>
# name: hd
# type: matrix
# rows: 100
# columns: 2
 0 -3
 0 -2.939393939393939
 0 -2.878787878787879
 0 -2.818181818181818
 0 -2.757575757575758
 0 -2.696969696969697
 0 -2.636363636363636
 1 -2.575757575757576
 0 -2.515151515151515
 2 -2.454545454545455
 0 -2.393939393939394
 0 -2.333333333333333
 3 -2.272727272727272
 0 -2.212121212121212
 0 -2.151515151515151
 2 -2.090909090909091
 5 -2.03030303030303
 16 -1.96969696969697
 27 -1.909090909090909
 1 -1.848484848484848
 3 -1.787878787878788
 0 -1.727272727272727
 1 -1.666666666666667
 91 -1.606060606060606
 30 -1.545454545454545
 87 -1.484848484848485
 18 -1.424242424242424
 87 -1.363636363636364
 17 -1.303030303030303
 8 -1.242424242424242
 553 -1.181818181818182
 18 -1.121212121212121
 506 -1.060606060606061
 11 -1
 432 -0.9393939393939394
 12 -0.8787878787878789
 390 -0.8181818181818183
 991 -0.7575757575757573
 666 -0.6969696969696968
 1037 -0.6363636363636362
 615 -0.5757575757575757
 875 -0.5151515151515151
 565 -0.4545454545454546
 869 -0.393939393939394
 4111 -0.333333333333333
 575 -0.2727272727272725
 2916 -0.2121212121212119
 11 -0.1515151515151514
 2624 -0.09090909090909083
 9 -0.03030303030303028
 2582 0.03030303030303028
 9 0.09090909090909083
 2255 0.1515151515151514
 1688 0.2121212121212124
 2210 0.2727272727272729
 1686 0.3333333333333335
 640 0.393939393939394
 859 0.4545454545454546
 676 0.5151515151515151
 880 0.5757575757575757
 569 0.6363636363636367
 779 0.6969696969696972
 601 0.7575757575757578
 16 0.8181818181818183
 555 0.8787878787878789
 11 0.9393939393939394
 518 1
 14 1.060606060606061
 492 1.121212121212121
 17 1.181818181818182
 36 1.242424242424242
 109 1.303030303030303
 29 1.363636363636363
 91 1.424242424242425
 19 1.484848484848485
 92 1.545454545454546
 3 1.606060606060606
 0 1.666666666666667
 2 1.727272727272728
 19 1.787878787878788
 1 1.848484848484849
 27 1.909090909090909
 6 1.96969696969697
 0 2.03030303030303
 0 2.090909090909091
 0 2.151515151515151
 0 2.212121212121212
 2 2.272727272727272
 0 2.333333333333334
 11 2.393939393939394
 0 2.454545454545455
 1 2.515151515151516
 0 2.575757575757576
 0 2.636363636363637
 0 2.696969696969697
 0 2.757575757575758
 0 2.818181818181818
 0 2.878787878787879
 0 2.939393939393939
 0 3


