# Created by Octave 3.8.2, Mon Jun 22 06:59:38 2020 CEST <damian@fptrucha.inv.usc.es>
# name: hd
# type: matrix
# rows: 100
# columns: 2
 0 -3
 0 -2.939393939393939
 0 -2.878787878787879
 0 -2.818181818181818
 0 -2.757575757575758
 0 -2.696969696969697
 0 -2.636363636363636
 2 -2.575757575757576
 0 -2.515151515151515
 10 -2.454545454545455
 3 -2.393939393939394
 0 -2.333333333333333
 3 -2.272727272727272
 0 -2.212121212121212
 0 -2.151515151515151
 3 -2.090909090909091
 3 -2.03030303030303
 43 -1.96969696969697
 46 -1.909090909090909
 0 -1.848484848484848
 2 -1.787878787878788
 0 -1.727272727272727
 2 -1.666666666666667
 90 -1.606060606060606
 23 -1.545454545454545
 127 -1.484848484848485
 30 -1.424242424242424
 99 -1.363636363636364
 19 -1.303030303030303
 11 -1.242424242424242
 509 -1.181818181818182
 12 -1.121212121212121
 552 -1.060606060606061
 15 -1
 520 -0.9393939393939394
 11 -0.8787878787878789
 495 -0.8181818181818183
 816 -0.7575757575757573
 582 -0.6969696969696968
 923 -0.6363636363636362
 558 -0.5757575757575757
 851 -0.5151515151515151
 573 -0.4545454545454546
 847 -0.393939393939394
 3724 -0.333333333333333
 544 -0.2727272727272725
 2411 -0.2121212121212119
 10 -0.1515151515151514
 2545 -0.09090909090909083
 18 -0.03030303030303028
 2383 0.03030303030303028
 16 0.09090909090909083
 2317 0.1515151515151514
 1452 0.2121212121212124
 2224 0.2727272727272729
 1415 0.3333333333333335
 631 0.393939393939394
 873 0.4545454545454546
 593 0.5151515151515151
 805 0.5757575757575757
 615 0.6363636363636367
 818 0.6969696969696972
 500 0.7575757575757578
 10 0.8181818181818183
 546 0.8787878787878789
 12 0.9393939393939394
 514 1
 20 1.060606060606061
 541 1.121212121212121
 18 1.181818181818182
 30 1.242424242424242
 106 1.303030303030303
 21 1.363636363636363
 105 1.424242424242425
 24 1.484848484848485
 122 1.545454545454546
 3 1.606060606060606
 0 1.666666666666667
 0 1.727272727272728
 34 1.787878787878788
 2 1.848484848484849
 34 1.909090909090909
 5 1.96969696969697
 2 2.03030303030303
 0 2.090909090909091
 0 2.151515151515151
 3 2.212121212121212
 0 2.272727272727272
 0 2.333333333333334
 13 2.393939393939394
 1 2.454545454545455
 3 2.515151515151516
 0 2.575757575757576
 0 2.636363636363637
 0 2.696969696969697
 0 2.757575757575758
 0 2.818181818181818
 0 2.878787878787879
 0 2.939393939393939
 0 3


