# Created by Octave 3.8.2, Mon Jun 22 09:22:57 2020 CEST <damian@fptrucha.inv.usc.es>
# name: hd
# type: matrix
# rows: 100
# columns: 2
 0 -3
 0 -2.939393939393939
 0 -2.878787878787879
 0 -2.818181818181818
 0 -2.757575757575758
 0 -2.696969696969697
 0 -2.636363636363636
 0 -2.575757575757576
 0 -2.515151515151515
 7 -2.454545454545455
 1 -2.393939393939394
 0 -2.333333333333333
 1 -2.272727272727272
 0 -2.212121212121212
 0 -2.151515151515151
 4 -2.090909090909091
 4 -2.03030303030303
 40 -1.96969696969697
 27 -1.909090909090909
 1 -1.848484848484848
 1 -1.787878787878788
 0 -1.727272727272727
 4 -1.666666666666667
 118 -1.606060606060606
 23 -1.545454545454545
 129 -1.484848484848485
 27 -1.424242424242424
 101 -1.363636363636364
 26 -1.303030303030303
 17 -1.242424242424242
 520 -1.181818181818182
 28 -1.121212121212121
 522 -1.060606060606061
 29 -1
 488 -0.9393939393939394
 22 -0.8787878787878789
 514 -0.8181818181818183
 864 -0.7575757575757573
 576 -0.6969696969696968
 975 -0.6363636363636362
 599 -0.5757575757575757
 866 -0.5151515151515151
 594 -0.4545454545454546
 862 -0.393939393939394
 3827 -0.333333333333333
 572 -0.2727272727272725
 2507 -0.2121212121212119
 12 -0.1515151515151514
 2552 -0.09090909090909083
 15 -0.03030303030303028
 2386 0.03030303030303028
 24 0.09090909090909083
 2248 0.1515151515151514
 1499 0.2121212121212124
 2335 0.2727272727272729
 1515 0.3333333333333335
 603 0.393939393939394
 902 0.4545454545454546
 649 0.5151515151515151
 788 0.5757575757575757
 592 0.6363636363636367
 850 0.6969696969696972
 526 0.7575757575757578
 11 0.8181818181818183
 574 0.8787878787878789
 18 0.9393939393939394
 565 1
 20 1.060606060606061
 497 1.121212121212121
 13 1.181818181818182
 36 1.242424242424242
 113 1.303030303030303
 32 1.363636363636363
 140 1.424242424242425
 29 1.484848484848485
 109 1.545454545454546
 2 1.606060606060606
 0 1.666666666666667
 1 1.727272727272728
 36 1.787878787878788
 6 1.848484848484849
 46 1.909090909090909
 2 1.96969696969697
 1 2.03030303030303
 0 2.090909090909091
 0 2.151515151515151
 2 2.212121212121212
 2 2.272727272727272
 0 2.333333333333334
 12 2.393939393939394
 0 2.454545454545455
 2 2.515151515151516
 0 2.575757575757576
 0 2.636363636363637
 0 2.696969696969697
 0 2.757575757575758
 0 2.818181818181818
 0 2.878787878787879
 0 2.939393939393939
 0 3


