# Created by Octave 3.8.2, Mon Jun 22 00:53:18 2020 CEST <damian@fptrucha.inv.usc.es>
# name: hd
# type: matrix
# rows: 100
# columns: 2
 0 -3
 0 -2.939393939393939
 0 -2.878787878787879
 0 -2.818181818181818
 0 -2.757575757575758
 0 -2.696969696969697
 0 -2.636363636363636
 1 -2.575757575757576
 0 -2.515151515151515
 2 -2.454545454545455
 0 -2.393939393939394
 1 -2.333333333333333
 1 -2.272727272727272
 0 -2.212121212121212
 0 -2.151515151515151
 0 -2.090909090909091
 1 -2.03030303030303
 34 -1.96969696969697
 25 -1.909090909090909
 1 -1.848484848484848
 0 -1.787878787878788
 0 -1.727272727272727
 0 -1.666666666666667
 99 -1.606060606060606
 30 -1.545454545454545
 96 -1.484848484848485
 31 -1.424242424242424
 96 -1.363636363636364
 14 -1.303030303030303
 12 -1.242424242424242
 545 -1.181818181818182
 14 -1.121212121212121
 520 -1.060606060606061
 12 -1
 459 -0.9393939393939394
 17 -0.8787878787878789
 420 -0.8181818181818183
 973 -0.7575757575757573
 674 -0.6969696969696968
 949 -0.6363636363636362
 634 -0.5757575757575757
 939 -0.5151515151515151
 583 -0.4545454545454546
 908 -0.393939393939394
 4264 -0.333333333333333
 545 -0.2727272727272725
 3000 -0.2121212121212119
 12 -0.1515151515151514
 2675 -0.09090909090909083
 9 -0.03030303030303028
 2472 0.03030303030303028
 8 0.09090909090909083
 2231 0.1515151515151514
 1780 0.2121212121212124
 2192 0.2727272727272729
 1734 0.3333333333333335
 632 0.393939393939394
 886 0.4545454545454546
 644 0.5151515151515151
 833 0.5757575757575757
 613 0.6363636363636367
 816 0.6969696969696972
 598 0.7575757575757578
 12 0.8181818181818183
 520 0.8787878787878789
 16 0.9393939393939394
 565 1
 12 1.060606060606061
 522 1.121212121212121
 6 1.181818181818182
 25 1.242424242424242
 105 1.303030303030303
 16 1.363636363636363
 95 1.424242424242425
 11 1.484848484848485
 99 1.545454545454546
 0 1.606060606060606
 0 1.666666666666667
 1 1.727272727272728
 24 1.787878787878788
 2 1.848484848484849
 29 1.909090909090909
 1 1.96969696969697
 0 2.03030303030303
 0 2.090909090909091
 0 2.151515151515151
 1 2.212121212121212
 0 2.272727272727272
 1 2.333333333333334
 8 2.393939393939394
 1 2.454545454545455
 0 2.515151515151516
 0 2.575757575757576
 0 2.636363636363637
 0 2.696969696969697
 0 2.757575757575758
 0 2.818181818181818
 0 2.878787878787879
 0 2.939393939393939
 0 3


