# Created by Octave 3.8.2, Mon Jun 22 10:55:29 2020 CEST <damian@fptrucha.inv.usc.es>
# name: hd
# type: matrix
# rows: 100
# columns: 2
 0 -3
 0 -2.939393939393939
 0 -2.878787878787879
 0 -2.818181818181818
 0 -2.757575757575758
 0 -2.696969696969697
 0 -2.636363636363636
 0 -2.575757575757576
 0 -2.515151515151515
 3 -2.454545454545455
 1 -2.393939393939394
 1 -2.333333333333333
 0 -2.272727272727272
 0 -2.212121212121212
 0 -2.151515151515151
 0 -2.090909090909091
 0 -2.03030303030303
 20 -1.96969696969697
 19 -1.909090909090909
 3 -1.848484848484848
 1 -1.787878787878788
 0 -1.727272727272727
 1 -1.666666666666667
 57 -1.606060606060606
 22 -1.545454545454545
 79 -1.484848484848485
 14 -1.424242424242424
 65 -1.363636363636364
 25 -1.303030303030303
 14 -1.242424242424242
 364 -1.181818181818182
 9 -1.121212121212121
 350 -1.060606060606061
 11 -1
 329 -0.9393939393939394
 11 -0.8787878787878789
 313 -0.8181818181818183
 587 -0.7575757575757573
 429 -0.6969696969696968
 619 -0.6363636363636362
 412 -0.5757575757575757
 572 -0.5151515151515151
 379 -0.4545454545454546
 591 -0.393939393939394
 2716 -0.333333333333333
 370 -0.2727272727272725
 1737 -0.2121212121212119
 11 -0.1515151515151514
 1769 -0.09090909090909083
 8 -0.03030303030303028
 1656 0.03030303030303028
 12 0.09090909090909083
 1570 0.1515151515151514
 1066 0.2121212121212124
 1623 0.2727272727272729
 1081 0.3333333333333335
 493 0.393939393939394
 554 0.4545454545454546
 456 0.5151515151515151
 523 0.5757575757575757
 361 0.6363636363636367
 584 0.6969696969696972
 367 0.7575757575757578
 6 0.8181818181818183
 368 0.8787878787878789
 13 0.9393939393939394
 345 1
 7 1.060606060606061
 348 1.121212121212121
 7 1.181818181818182
 20 1.242424242424242
 87 1.303030303030303
 16 1.363636363636363
 74 1.424242424242425
 21 1.484848484848485
 54 1.545454545454546
 3 1.606060606060606
 0 1.666666666666667
 2 1.727272727272728
 27 1.787878787878788
 1 1.848484848484849
 20 1.909090909090909
 4 1.96969696969697
 1 2.03030303030303
 0 2.090909090909091
 0 2.151515151515151
 1 2.212121212121212
 0 2.272727272727272
 2 2.333333333333334
 5 2.393939393939394
 0 2.454545454545455
 1 2.515151515151516
 0 2.575757575757576
 0 2.636363636363637
 0 2.696969696969697
 0 2.757575757575758
 0 2.818181818181818
 0 2.878787878787879
 0 2.939393939393939
 0 3


