# Created by Octave 3.8.2, Sat Jun 20 08:28:13 2020 CEST <damian@fptrucha.inv.usc.es>
# name: hd
# type: matrix
# rows: 100
# columns: 2
 0 -3
 0 -2.939393939393939
 0 -2.878787878787879
 0 -2.818181818181818
 0 -2.757575757575758
 0 -2.696969696969697
 0 -2.636363636363636
 0 -2.575757575757576
 1 -2.515151515151515
 7 -2.454545454545455
 1 -2.393939393939394
 0 -2.333333333333333
 0 -2.272727272727272
 0 -2.212121212121212
 0 -2.151515151515151
 2 -2.090909090909091
 4 -2.03030303030303
 33 -1.96969696969697
 33 -1.909090909090909
 0 -1.848484848484848
 0 -1.787878787878788
 0 -1.727272727272727
 2 -1.666666666666667
 141 -1.606060606060606
 29 -1.545454545454545
 95 -1.484848484848485
 19 -1.424242424242424
 96 -1.363636363636364
 15 -1.303030303030303
 12 -1.242424242424242
 651 -1.181818181818182
 26 -1.121212121212121
 601 -1.060606060606061
 15 -1
 566 -0.9393939393939394
 15 -0.8787878787878789
 516 -0.8181818181818183
 1150 -0.7575757575757573
 774 -0.6969696969696968
 1221 -0.6363636363636362
 792 -0.5757575757575757
 1014 -0.5151515151515151
 725 -0.4545454545454546
 986 -0.393939393939394
 4850 -0.333333333333333
 631 -0.2727272727272725
 3226 -0.2121212121212119
 10 -0.1515151515151514
 2951 -0.09090909090909083
 6 -0.03030303030303028
 2985 0.03030303030303028
 11 0.09090909090909083
 2514 0.1515151515151514
 1987 0.2121212121212124
 2622 0.2727272727272729
 1855 0.3333333333333335
 708 0.393939393939394
 1057 0.4545454545454546
 700 0.5151515151515151
 926 0.5757575757575757
 679 0.6363636363636367
 864 0.6969696969696972
 617 0.7575757575757578
 19 0.8181818181818183
 608 0.8787878787878789
 11 0.9393939393939394
 578 1
 16 1.060606060606061
 588 1.121212121212121
 8 1.181818181818182
 32 1.242424242424242
 120 1.303030303030303
 30 1.363636363636363
 122 1.424242424242425
 34 1.484848484848485
 102 1.545454545454546
 2 1.606060606060606
 0 1.666666666666667
 1 1.727272727272728
 28 1.787878787878788
 1 1.848484848484849
 34 1.909090909090909
 0 1.96969696969697
 0 2.03030303030303
 0 2.090909090909091
 0 2.151515151515151
 1 2.212121212121212
 1 2.272727272727272
 1 2.333333333333334
 12 2.393939393939394
 0 2.454545454545455
 0 2.515151515151516
 0 2.575757575757576
 0 2.636363636363637
 0 2.696969696969697
 0 2.757575757575758
 0 2.818181818181818
 0 2.878787878787879
 0 2.939393939393939
 0 3


