# Created by Octave 3.8.2, Mon Jun 22 17:30:30 2020 CEST <damian@fptrucha.inv.usc.es>
# name: hd
# type: matrix
# rows: 100
# columns: 2
 0 -3
 0 -2.939393939393939
 0 -2.878787878787879
 0 -2.818181818181818
 0 -2.757575757575758
 0 -2.696969696969697
 0 -2.636363636363636
 4 -2.575757575757576
 1 -2.515151515151515
 5 -2.454545454545455
 0 -2.393939393939394
 0 -2.333333333333333
 0 -2.272727272727272
 0 -2.212121212121212
 0 -2.151515151515151
 2 -2.090909090909091
 2 -2.03030303030303
 35 -1.96969696969697
 49 -1.909090909090909
 1 -1.848484848484848
 1 -1.787878787878788
 0 -1.727272727272727
 3 -1.666666666666667
 108 -1.606060606060606
 48 -1.545454545454545
 93 -1.484848484848485
 26 -1.424242424242424
 115 -1.363636363636364
 33 -1.303030303030303
 14 -1.242424242424242
 575 -1.181818181818182
 11 -1.121212121212121
 566 -1.060606060606061
 22 -1
 524 -0.9393939393939394
 15 -0.8787878787878789
 537 -0.8181818181818183
 993 -0.7575757575757573
 682 -0.6969696969696968
 1032 -0.6363636363636362
 658 -0.5757575757575757
 938 -0.5151515151515151
 666 -0.4545454545454546
 955 -0.393939393939394
 4237 -0.333333333333333
 581 -0.2727272727272725
 2768 -0.2121212121212119
 15 -0.1515151515151514
 2820 -0.09090909090909083
 23 -0.03030303030303028
 2540 0.03030303030303028
 13 0.09090909090909083
 2363 0.1515151515151514
 1603 0.2121212121212124
 2409 0.2727272727272729
 1605 0.3333333333333335
 698 0.393939393939394
 941 0.4545454545454546
 663 0.5151515151515151
 826 0.5757575757575757
 656 0.6363636363636367
 866 0.6969696969696972
 630 0.7575757575757578
 18 0.8181818181818183
 620 0.8787878787878789
 27 0.9393939393939394
 571 1
 22 1.060606060606061
 526 1.121212121212121
 11 1.181818181818182
 41 1.242424242424242
 120 1.303030303030303
 36 1.363636363636363
 114 1.424242424242425
 33 1.484848484848485
 112 1.545454545454546
 0 1.606060606060606
 0 1.666666666666667
 5 1.727272727272728
 50 1.787878787878788
 5 1.848484848484849
 40 1.909090909090909
 6 1.96969696969697
 4 2.03030303030303
 0 2.090909090909091
 0 2.151515151515151
 1 2.212121212121212
 2 2.272727272727272
 3 2.333333333333334
 12 2.393939393939394
 1 2.454545454545455
 1 2.515151515151516
 0 2.575757575757576
 0 2.636363636363637
 0 2.696969696969697
 0 2.757575757575758
 0 2.818181818181818
 0 2.878787878787879
 0 2.939393939393939
 0 3


