# Created by Octave 3.8.2, Mon Jun 22 11:26:52 2020 CEST <damian@fptrucha.inv.usc.es>
# name: hd
# type: matrix
# rows: 100
# columns: 2
 0 -3
 0 -2.939393939393939
 0 -2.878787878787879
 0 -2.818181818181818
 0 -2.757575757575758
 0 -2.696969696969697
 0 -2.636363636363636
 0 -2.575757575757576
 0 -2.515151515151515
 8 -2.454545454545455
 1 -2.393939393939394
 1 -2.333333333333333
 0 -2.272727272727272
 0 -2.212121212121212
 0 -2.151515151515151
 3 -2.090909090909091
 4 -2.03030303030303
 33 -1.96969696969697
 38 -1.909090909090909
 3 -1.848484848484848
 3 -1.787878787878788
 0 -1.727272727272727
 1 -1.666666666666667
 103 -1.606060606060606
 28 -1.545454545454545
 99 -1.484848484848485
 25 -1.424242424242424
 124 -1.363636363636364
 21 -1.303030303030303
 15 -1.242424242424242
 520 -1.181818181818182
 16 -1.121212121212121
 506 -1.060606060606061
 19 -1
 484 -0.9393939393939394
 26 -0.8787878787878789
 480 -0.8181818181818183
 869 -0.7575757575757573
 600 -0.6969696969696968
 954 -0.6363636363636362
 595 -0.5757575757575757
 903 -0.5151515151515151
 560 -0.4545454545454546
 943 -0.393939393939394
 3972 -0.333333333333333
 581 -0.2727272727272725
 2522 -0.2121212121212119
 14 -0.1515151515151514
 2738 -0.09090909090909083
 16 -0.03030303030303028
 2520 0.03030303030303028
 16 0.09090909090909083
 2272 0.1515151515151514
 1486 0.2121212121212124
 2323 0.2727272727272729
 1570 0.3333333333333335
 676 0.393939393939394
 916 0.4545454545454546
 691 0.5151515151515151
 785 0.5757575757575757
 583 0.6363636363636367
 917 0.6969696969696972
 578 0.7575757575757578
 10 0.8181818181818183
 566 0.8787878787878789
 22 0.9393939393939394
 533 1
 13 1.060606060606061
 499 1.121212121212121
 19 1.181818181818182
 39 1.242424242424242
 120 1.303030303030303
 33 1.363636363636363
 94 1.424242424242425
 26 1.484848484848485
 103 1.545454545454546
 1 1.606060606060606
 0 1.666666666666667
 2 1.727272727272728
 47 1.787878787878788
 5 1.848484848484849
 45 1.909090909090909
 8 1.96969696969697
 3 2.03030303030303
 0 2.090909090909091
 0 2.151515151515151
 3 2.212121212121212
 0 2.272727272727272
 0 2.333333333333334
 7 2.393939393939394
 0 2.454545454545455
 0 2.515151515151516
 0 2.575757575757576
 0 2.636363636363637
 0 2.696969696969697
 0 2.757575757575758
 0 2.818181818181818
 0 2.878787878787879
 0 2.939393939393939
 0 3


