# Created by Octave 3.8.2, Sat Jun 20 12:38:17 2020 CEST <damian@fptrucha.inv.usc.es>
# name: hd
# type: matrix
# rows: 100
# columns: 2
 0 -3
 0 -2.939393939393939
 0 -2.878787878787879
 0 -2.818181818181818
 0 -2.757575757575758
 0 -2.696969696969697
 0 -2.636363636363636
 1 -2.575757575757576
 1 -2.515151515151515
 4 -2.454545454545455
 0 -2.393939393939394
 0 -2.333333333333333
 1 -2.272727272727272
 0 -2.212121212121212
 0 -2.151515151515151
 1 -2.090909090909091
 4 -2.03030303030303
 32 -1.96969696969697
 25 -1.909090909090909
 1 -1.848484848484848
 2 -1.787878787878788
 0 -1.727272727272727
 0 -1.666666666666667
 101 -1.606060606060606
 27 -1.545454545454545
 105 -1.484848484848485
 22 -1.424242424242424
 91 -1.363636363636364
 17 -1.303030303030303
 18 -1.242424242424242
 553 -1.181818181818182
 17 -1.121212121212121
 536 -1.060606060606061
 11 -1
 472 -0.9393939393939394
 15 -0.8787878787878789
 444 -0.8181818181818183
 1055 -0.7575757575757573
 743 -0.6969696969696968
 1100 -0.6363636363636362
 685 -0.5757575757575757
 907 -0.5151515151515151
 598 -0.4545454545454546
 862 -0.393939393939394
 4579 -0.333333333333333
 620 -0.2727272727272725
 3022 -0.2121212121212119
 5 -0.1515151515151514
 2919 -0.09090909090909083
 7 -0.03030303030303028
 2851 0.03030303030303028
 8 0.09090909090909083
 2425 0.1515151515151514
 1896 0.2121212121212124
 2425 0.2727272727272729
 1832 0.3333333333333335
 723 0.393939393939394
 1003 0.4545454545454546
 749 0.5151515151515151
 942 0.5757575757575757
 590 0.6363636363636367
 921 0.6969696969696972
 656 0.7575757575757578
 12 0.8181818181818183
 633 0.8787878787878789
 20 0.9393939393939394
 582 1
 11 1.060606060606061
 553 1.121212121212121
 13 1.181818181818182
 40 1.242424242424242
 112 1.303030303030303
 18 1.363636363636363
 109 1.424242424242425
 24 1.484848484848485
 106 1.545454545454546
 3 1.606060606060606
 0 1.666666666666667
 1 1.727272727272728
 40 1.787878787878788
 2 1.848484848484849
 27 1.909090909090909
 3 1.96969696969697
 0 2.03030303030303
 0 2.090909090909091
 0 2.151515151515151
 2 2.212121212121212
 1 2.272727272727272
 2 2.333333333333334
 7 2.393939393939394
 1 2.454545454545455
 1 2.515151515151516
 0 2.575757575757576
 0 2.636363636363637
 0 2.696969696969697
 0 2.757575757575758
 0 2.818181818181818
 0 2.878787878787879
 0 2.939393939393939
 0 3


