# Created by Octave 3.8.2, Mon Jun 22 08:52:49 2020 CEST <damian@fptrucha.inv.usc.es>
# name: hd
# type: matrix
# rows: 100
# columns: 2
 0 -3
 0 -2.939393939393939
 0 -2.878787878787879
 0 -2.818181818181818
 0 -2.757575757575758
 0 -2.696969696969697
 0 -2.636363636363636
 1 -2.575757575757576
 2 -2.515151515151515
 7 -2.454545454545455
 1 -2.393939393939394
 0 -2.333333333333333
 0 -2.272727272727272
 0 -2.212121212121212
 0 -2.151515151515151
 4 -2.090909090909091
 4 -2.03030303030303
 26 -1.96969696969697
 36 -1.909090909090909
 1 -1.848484848484848
 2 -1.787878787878788
 0 -1.727272727272727
 6 -1.666666666666667
 115 -1.606060606060606
 24 -1.545454545454545
 132 -1.484848484848485
 31 -1.424242424242424
 104 -1.363636363636364
 29 -1.303030303030303
 12 -1.242424242424242
 509 -1.181818181818182
 14 -1.121212121212121
 496 -1.060606060606061
 15 -1
 582 -0.9393939393939394
 23 -0.8787878787878789
 553 -0.8181818181818183
 889 -0.7575757575757573
 548 -0.6969696969696968
 908 -0.6363636363636362
 675 -0.5757575757575757
 871 -0.5151515151515151
 589 -0.4545454545454546
 899 -0.393939393939394
 3924 -0.333333333333333
 550 -0.2727272727272725
 2431 -0.2121212121212119
 16 -0.1515151515151514
 2598 -0.09090909090909083
 17 -0.03030303030303028
 2530 0.03030303030303028
 21 0.09090909090909083
 2204 0.1515151515151514
 1515 0.2121212121212124
 2322 0.2727272727272729
 1531 0.3333333333333335
 614 0.393939393939394
 923 0.4545454545454546
 641 0.5151515151515151
 810 0.5757575757575757
 644 0.6363636363636367
 865 0.6969696969696972
 494 0.7575757575757578
 13 0.8181818181818183
 546 0.8787878787878789
 21 0.9393939393939394
 495 1
 14 1.060606060606061
 519 1.121212121212121
 12 1.181818181818182
 33 1.242424242424242
 88 1.303030303030303
 38 1.363636363636363
 115 1.424242424242425
 32 1.484848484848485
 111 1.545454545454546
 3 1.606060606060606
 0 1.666666666666667
 1 1.727272727272728
 40 1.787878787878788
 6 1.848484848484849
 39 1.909090909090909
 5 1.96969696969697
 3 2.03030303030303
 0 2.090909090909091
 0 2.151515151515151
 2 2.212121212121212
 0 2.272727272727272
 1 2.333333333333334
 10 2.393939393939394
 2 2.454545454545455
 2 2.515151515151516
 0 2.575757575757576
 0 2.636363636363637
 0 2.696969696969697
 0 2.757575757575758
 0 2.818181818181818
 0 2.878787878787879
 0 2.939393939393939
 0 3


