# Created by Octave 3.8.2, Sat Jun 20 04:36:38 2020 CEST <damian@fptrucha.inv.usc.es>
# name: hd
# type: matrix
# rows: 100
# columns: 2
 0 -3
 0 -2.939393939393939
 0 -2.878787878787879
 0 -2.818181818181818
 0 -2.757575757575758
 0 -2.696969696969697
 0 -2.636363636363636
 3 -2.575757575757576
 0 -2.515151515151515
 5 -2.454545454545455
 0 -2.393939393939394
 0 -2.333333333333333
 2 -2.272727272727272
 0 -2.212121212121212
 0 -2.151515151515151
 0 -2.090909090909091
 1 -2.03030303030303
 20 -1.96969696969697
 20 -1.909090909090909
 0 -1.848484848484848
 0 -1.787878787878788
 0 -1.727272727272727
 3 -1.666666666666667
 127 -1.606060606060606
 17 -1.545454545454545
 108 -1.484848484848485
 18 -1.424242424242424
 101 -1.363636363636364
 27 -1.303030303030303
 20 -1.242424242424242
 579 -1.181818181818182
 21 -1.121212121212121
 575 -1.060606060606061
 11 -1
 517 -0.9393939393939394
 19 -0.8787878787878789
 509 -0.8181818181818183
 1106 -0.7575757575757573
 754 -0.6969696969696968
 1186 -0.6363636363636362
 770 -0.5757575757575757
 983 -0.5151515151515151
 639 -0.4545454545454546
 944 -0.393939393939394
 4756 -0.333333333333333
 583 -0.2727272727272725
 3207 -0.2121212121212119
 7 -0.1515151515151514
 2967 -0.09090909090909083
 8 -0.03030303030303028
 2869 0.03030303030303028
 7 0.09090909090909083
 2353 0.1515151515151514
 1798 0.2121212121212124
 2534 0.2727272727272729
 1783 0.3333333333333335
 721 0.393939393939394
 946 0.4545454545454546
 718 0.5151515151515151
 878 0.5757575757575757
 596 0.6363636363636367
 848 0.6969696969696972
 602 0.7575757575757578
 11 0.8181818181818183
 577 0.8787878787878789
 13 0.9393939393939394
 545 1
 9 1.060606060606061
 509 1.121212121212121
 9 1.181818181818182
 26 1.242424242424242
 102 1.303030303030303
 20 1.363636363636363
 96 1.424242424242425
 19 1.484848484848485
 82 1.545454545454546
 3 1.606060606060606
 0 1.666666666666667
 1 1.727272727272728
 29 1.787878787878788
 3 1.848484848484849
 43 1.909090909090909
 1 1.96969696969697
 1 2.03030303030303
 0 2.090909090909091
 0 2.151515151515151
 1 2.212121212121212
 1 2.272727272727272
 0 2.333333333333334
 3 2.393939393939394
 0 2.454545454545455
 0 2.515151515151516
 0 2.575757575757576
 0 2.636363636363637
 0 2.696969696969697
 0 2.757575757575758
 0 2.818181818181818
 0 2.878787878787879
 0 2.939393939393939
 0 3


