# Created by Octave 3.8.2, Sat Jun 20 05:04:34 2020 CEST <damian@fptrucha.inv.usc.es>
# name: hd
# type: matrix
# rows: 100
# columns: 2
 0 -3
 0 -2.939393939393939
 0 -2.878787878787879
 0 -2.818181818181818
 0 -2.757575757575758
 0 -2.696969696969697
 0 -2.636363636363636
 1 -2.575757575757576
 1 -2.515151515151515
 5 -2.454545454545455
 0 -2.393939393939394
 0 -2.333333333333333
 0 -2.272727272727272
 0 -2.212121212121212
 0 -2.151515151515151
 2 -2.090909090909091
 1 -2.03030303030303
 35 -1.96969696969697
 29 -1.909090909090909
 1 -1.848484848484848
 2 -1.787878787878788
 0 -1.727272727272727
 0 -1.666666666666667
 120 -1.606060606060606
 32 -1.545454545454545
 103 -1.484848484848485
 21 -1.424242424242424
 99 -1.363636363636364
 16 -1.303030303030303
 23 -1.242424242424242
 591 -1.181818181818182
 9 -1.121212121212121
 629 -1.060606060606061
 16 -1
 546 -0.9393939393939394
 19 -0.8787878787878789
 454 -0.8181818181818183
 1126 -0.7575757575757573
 745 -0.6969696969696968
 1160 -0.6363636363636362
 718 -0.5757575757575757
 992 -0.5151515151515151
 658 -0.4545454545454546
 926 -0.393939393939394
 4592 -0.333333333333333
 587 -0.2727272727272725
 3193 -0.2121212121212119
 10 -0.1515151515151514
 2880 -0.09090909090909083
 7 -0.03030303030303028
 2761 0.03030303030303028
 16 0.09090909090909083
 2449 0.1515151515151514
 1851 0.2121212121212124
 2534 0.2727272727272729
 1775 0.3333333333333335
 687 0.393939393939394
 983 0.4545454545454546
 697 0.5151515151515151
 882 0.5757575757575757
 654 0.6363636363636367
 834 0.6969696969696972
 614 0.7575757575757578
 12 0.8181818181818183
 590 0.8787878787878789
 12 0.9393939393939394
 505 1
 13 1.060606060606061
 498 1.121212121212121
 14 1.181818181818182
 38 1.242424242424242
 113 1.303030303030303
 27 1.363636363636363
 112 1.424242424242425
 25 1.484848484848485
 81 1.545454545454546
 3 1.606060606060606
 0 1.666666666666667
 5 1.727272727272728
 36 1.787878787878788
 4 1.848484848484849
 28 1.909090909090909
 1 1.96969696969697
 2 2.03030303030303
 0 2.090909090909091
 0 2.151515151515151
 0 2.212121212121212
 0 2.272727272727272
 1 2.333333333333334
 6 2.393939393939394
 0 2.454545454545455
 2 2.515151515151516
 0 2.575757575757576
 0 2.636363636363637
 0 2.696969696969697
 0 2.757575757575758
 0 2.818181818181818
 0 2.878787878787879
 0 2.939393939393939
 0 3


