# Created by Octave 3.8.2, Mon Jun 22 10:10:13 2020 CEST <damian@fptrucha.inv.usc.es>
# name: hd
# type: matrix
# rows: 100
# columns: 2
 0 -3
 0 -2.939393939393939
 0 -2.878787878787879
 0 -2.818181818181818
 0 -2.757575757575758
 0 -2.696969696969697
 0 -2.636363636363636
 4 -2.575757575757576
 0 -2.515151515151515
 8 -2.454545454545455
 2 -2.393939393939394
 0 -2.333333333333333
 0 -2.272727272727272
 0 -2.212121212121212
 0 -2.151515151515151
 1 -2.090909090909091
 2 -2.03030303030303
 30 -1.96969696969697
 27 -1.909090909090909
 3 -1.848484848484848
 1 -1.787878787878788
 0 -1.727272727272727
 2 -1.666666666666667
 92 -1.606060606060606
 26 -1.545454545454545
 79 -1.484848484848485
 28 -1.424242424242424
 105 -1.363636363636364
 28 -1.303030303030303
 13 -1.242424242424242
 537 -1.181818181818182
 17 -1.121212121212121
 498 -1.060606060606061
 12 -1
 515 -0.9393939393939394
 29 -0.8787878787878789
 496 -0.8181818181818183
 848 -0.7575757575757573
 630 -0.6969696969696968
 927 -0.6363636363636362
 606 -0.5757575757575757
 840 -0.5151515151515151
 605 -0.4545454545454546
 895 -0.393939393939394
 4012 -0.333333333333333
 545 -0.2727272727272725
 2575 -0.2121212121212119
 13 -0.1515151515151514
 2655 -0.09090909090909083
 23 -0.03030303030303028
 2545 0.03030303030303028
 18 0.09090909090909083
 2339 0.1515151515151514
 1528 0.2121212121212124
 2251 0.2727272727272729
 1546 0.3333333333333335
 610 0.393939393939394
 853 0.4545454545454546
 662 0.5151515151515151
 822 0.5757575757575757
 588 0.6363636363636367
 824 0.6969696969696972
 525 0.7575757575757578
 7 0.8181818181818183
 525 0.8787878787878789
 15 0.9393939393939394
 554 1
 22 1.060606060606061
 521 1.121212121212121
 10 1.181818181818182
 33 1.242424242424242
 107 1.303030303030303
 28 1.363636363636363
 112 1.424242424242425
 33 1.484848484848485
 121 1.545454545454546
 1 1.606060606060606
 0 1.666666666666667
 4 1.727272727272728
 40 1.787878787878788
 6 1.848484848484849
 36 1.909090909090909
 4 1.96969696969697
 8 2.03030303030303
 0 2.090909090909091
 0 2.151515151515151
 0 2.212121212121212
 0 2.272727272727272
 0 2.333333333333334
 5 2.393939393939394
 1 2.454545454545455
 1 2.515151515151516
 0 2.575757575757576
 0 2.636363636363637
 0 2.696969696969697
 0 2.757575757575758
 0 2.818181818181818
 0 2.878787878787879
 0 2.939393939393939
 0 3


