# Created by Octave 3.8.2, Mon Jun 22 15:33:33 2020 CEST <damian@fptrucha.inv.usc.es>
# name: hd
# type: matrix
# rows: 100
# columns: 2
 0 -3
 0 -2.939393939393939
 0 -2.878787878787879
 0 -2.818181818181818
 0 -2.757575757575758
 0 -2.696969696969697
 0 -2.636363636363636
 1 -2.575757575757576
 0 -2.515151515151515
 9 -2.454545454545455
 1 -2.393939393939394
 2 -2.333333333333333
 0 -2.272727272727272
 0 -2.212121212121212
 0 -2.151515151515151
 0 -2.090909090909091
 4 -2.03030303030303
 32 -1.96969696969697
 28 -1.909090909090909
 3 -1.848484848484848
 1 -1.787878787878788
 0 -1.727272727272727
 2 -1.666666666666667
 92 -1.606060606060606
 31 -1.545454545454545
 110 -1.484848484848485
 20 -1.424242424242424
 107 -1.363636363636364
 17 -1.303030303030303
 19 -1.242424242424242
 548 -1.181818181818182
 18 -1.121212121212121
 529 -1.060606060606061
 17 -1
 527 -0.9393939393939394
 25 -0.8787878787878789
 543 -0.8181818181818183
 949 -0.7575757575757573
 625 -0.6969696969696968
 1003 -0.6363636363636362
 643 -0.5757575757575757
 860 -0.5151515151515151
 627 -0.4545454545454546
 976 -0.393939393939394
 4223 -0.333333333333333
 560 -0.2727272727272725
 2772 -0.2121212121212119
 19 -0.1515151515151514
 2745 -0.09090909090909083
 14 -0.03030303030303028
 2430 0.03030303030303028
 25 0.09090909090909083
 2360 0.1515151515151514
 1700 0.2121212121212124
 2369 0.2727272727272729
 1734 0.3333333333333335
 667 0.393939393939394
 1016 0.4545454545454546
 669 0.5151515151515151
 863 0.5757575757575757
 624 0.6363636363636367
 874 0.6969696969696972
 603 0.7575757575757578
 13 0.8181818181818183
 607 0.8787878787878789
 16 0.9393939393939394
 548 1
 21 1.060606060606061
 555 1.121212121212121
 14 1.181818181818182
 36 1.242424242424242
 139 1.303030303030303
 28 1.363636363636363
 109 1.424242424242425
 39 1.484848484848485
 117 1.545454545454546
 2 1.606060606060606
 0 1.666666666666667
 1 1.727272727272728
 32 1.787878787878788
 3 1.848484848484849
 46 1.909090909090909
 6 1.96969696969697
 1 2.03030303030303
 0 2.090909090909091
 0 2.151515151515151
 2 2.212121212121212
 1 2.272727272727272
 0 2.333333333333334
 7 2.393939393939394
 0 2.454545454545455
 0 2.515151515151516
 0 2.575757575757576
 0 2.636363636363637
 0 2.696969696969697
 0 2.757575757575758
 0 2.818181818181818
 0 2.878787878787879
 0 2.939393939393939
 0 3


