# Created by Octave 3.8.2, Sat Jun 20 16:27:59 2020 CEST <damian@fptrucha.inv.usc.es>
# name: hd
# type: matrix
# rows: 100
# columns: 2
 0 -3
 0 -2.939393939393939
 0 -2.878787878787879
 0 -2.818181818181818
 0 -2.757575757575758
 0 -2.696969696969697
 0 -2.636363636363636
 0 -2.575757575757576
 0 -2.515151515151515
 3 -2.454545454545455
 1 -2.393939393939394
 0 -2.333333333333333
 0 -2.272727272727272
 0 -2.212121212121212
 0 -2.151515151515151
 0 -2.090909090909091
 2 -2.03030303030303
 18 -1.96969696969697
 21 -1.909090909090909
 2 -1.848484848484848
 1 -1.787878787878788
 0 -1.727272727272727
 2 -1.666666666666667
 101 -1.606060606060606
 26 -1.545454545454545
 81 -1.484848484848485
 25 -1.424242424242424
 94 -1.363636363636364
 14 -1.303030303030303
 11 -1.242424242424242
 582 -1.181818181818182
 10 -1.121212121212121
 457 -1.060606060606061
 8 -1
 452 -0.9393939393939394
 18 -0.8787878787878789
 424 -0.8181818181818183
 977 -0.7575757575757573
 693 -0.6969696969696968
 1047 -0.6363636363636362
 641 -0.5757575757575757
 899 -0.5151515151515151
 575 -0.4545454545454546
 865 -0.393939393939394
 4289 -0.333333333333333
 540 -0.2727272727272725
 2984 -0.2121212121212119
 13 -0.1515151515151514
 2766 -0.09090909090909083
 9 -0.03030303030303028
 2535 0.03030303030303028
 15 0.09090909090909083
 2228 0.1515151515151514
 1852 0.2121212121212124
 2263 0.2727272727272729
 1753 0.3333333333333335
 656 0.393939393939394
 962 0.4545454545454546
 661 0.5151515151515151
 865 0.5757575757575757
 638 0.6363636363636367
 776 0.6969696969696972
 653 0.7575757575757578
 10 0.8181818181818183
 614 0.8787878787878789
 8 0.9393939393939394
 532 1
 12 1.060606060606061
 511 1.121212121212121
 16 1.181818181818182
 36 1.242424242424242
 104 1.303030303030303
 16 1.363636363636363
 112 1.424242424242425
 37 1.484848484848485
 91 1.545454545454546
 2 1.606060606060606
 0 1.666666666666667
 2 1.727272727272728
 33 1.787878787878788
 9 1.848484848484849
 37 1.909090909090909
 4 1.96969696969697
 1 2.03030303030303
 0 2.090909090909091
 0 2.151515151515151
 3 2.212121212121212
 1 2.272727272727272
 1 2.333333333333334
 6 2.393939393939394
 0 2.454545454545455
 0 2.515151515151516
 0 2.575757575757576
 0 2.636363636363637
 0 2.696969696969697
 0 2.757575757575758
 0 2.818181818181818
 0 2.878787878787879
 0 2.939393939393939
 0 3


