# Created by Octave 3.8.2, Sat Jun 20 13:06:13 2020 CEST <damian@fptrucha.inv.usc.es>
# name: hd
# type: matrix
# rows: 100
# columns: 2
 0 -3
 0 -2.939393939393939
 0 -2.878787878787879
 0 -2.818181818181818
 0 -2.757575757575758
 0 -2.696969696969697
 0 -2.636363636363636
 2 -2.575757575757576
 1 -2.515151515151515
 1 -2.454545454545455
 0 -2.393939393939394
 2 -2.333333333333333
 1 -2.272727272727272
 0 -2.212121212121212
 0 -2.151515151515151
 0 -2.090909090909091
 2 -2.03030303030303
 21 -1.96969696969697
 23 -1.909090909090909
 0 -1.848484848484848
 1 -1.787878787878788
 0 -1.727272727272727
 4 -1.666666666666667
 92 -1.606060606060606
 27 -1.545454545454545
 93 -1.484848484848485
 25 -1.424242424242424
 84 -1.363636363636364
 15 -1.303030303030303
 17 -1.242424242424242
 551 -1.181818181818182
 13 -1.121212121212121
 504 -1.060606060606061
 12 -1
 521 -0.9393939393939394
 13 -0.8787878787878789
 475 -0.8181818181818183
 1039 -0.7575757575757573
 727 -0.6969696969696968
 1068 -0.6363636363636362
 657 -0.5757575757575757
 901 -0.5151515151515151
 610 -0.4545454545454546
 908 -0.393939393939394
 4557 -0.333333333333333
 576 -0.2727272727272725
 3090 -0.2121212121212119
 9 -0.1515151515151514
 2809 -0.09090909090909083
 15 -0.03030303030303028
 2640 0.03030303030303028
 10 0.09090909090909083
 2240 0.1515151515151514
 1903 0.2121212121212124
 2366 0.2727272727272729
 1788 0.3333333333333335
 688 0.393939393939394
 1008 0.4545454545454546
 720 0.5151515151515151
 904 0.5757575757575757
 596 0.6363636363636367
 857 0.6969696969696972
 643 0.7575757575757578
 17 0.8181818181818183
 604 0.8787878787878789
 11 0.9393939393939394
 554 1
 6 1.060606060606061
 579 1.121212121212121
 7 1.181818181818182
 48 1.242424242424242
 121 1.303030303030303
 36 1.363636363636363
 119 1.424242424242425
 37 1.484848484848485
 132 1.545454545454546
 0 1.606060606060606
 0 1.666666666666667
 1 1.727272727272728
 29 1.787878787878788
 1 1.848484848484849
 29 1.909090909090909
 5 1.96969696969697
 0 2.03030303030303
 0 2.090909090909091
 0 2.151515151515151
 2 2.212121212121212
 1 2.272727272727272
 0 2.333333333333334
 4 2.393939393939394
 0 2.454545454545455
 1 2.515151515151516
 0 2.575757575757576
 0 2.636363636363637
 0 2.696969696969697
 0 2.757575757575758
 0 2.818181818181818
 0 2.878787878787879
 0 2.939393939393939
 0 3


