# Created by Octave 3.8.2, Sun Jun 21 01:18:45 2020 CEST <damian@fptrucha.inv.usc.es>
# name: hd
# type: matrix
# rows: 100
# columns: 2
 0 -3
 0 -2.939393939393939
 0 -2.878787878787879
 0 -2.818181818181818
 0 -2.757575757575758
 0 -2.696969696969697
 0 -2.636363636363636
 0 -2.575757575757576
 1 -2.515151515151515
 1 -2.454545454545455
 0 -2.393939393939394
 2 -2.333333333333333
 3 -2.272727272727272
 0 -2.212121212121212
 0 -2.151515151515151
 1 -2.090909090909091
 2 -2.03030303030303
 13 -1.96969696969697
 25 -1.909090909090909
 1 -1.848484848484848
 0 -1.787878787878788
 0 -1.727272727272727
 1 -1.666666666666667
 105 -1.606060606060606
 18 -1.545454545454545
 82 -1.484848484848485
 18 -1.424242424242424
 80 -1.363636363636364
 21 -1.303030303030303
 7 -1.242424242424242
 549 -1.181818181818182
 16 -1.121212121212121
 478 -1.060606060606061
 7 -1
 380 -0.9393939393939394
 16 -0.8787878787878789
 446 -0.8181818181818183
 943 -0.7575757575757573
 637 -0.6969696969696968
 1017 -0.6363636363636362
 568 -0.5757575757575757
 824 -0.5151515151515151
 586 -0.4545454545454546
 864 -0.393939393939394
 4118 -0.333333333333333
 544 -0.2727272727272725
 2715 -0.2121212121212119
 3 -0.1515151515151514
 2625 -0.09090909090909083
 9 -0.03030303030303028
 2369 0.03030303030303028
 17 0.09090909090909083
 2149 0.1515151515151514
 1714 0.2121212121212124
 2160 0.2727272727272729
 1534 0.3333333333333335
 625 0.393939393939394
 912 0.4545454545454546
 651 0.5151515151515151
 840 0.5757575757575757
 558 0.6363636363636367
 797 0.6969696969696972
 574 0.7575757575757578
 12 0.8181818181818183
 530 0.8787878787878789
 8 0.9393939393939394
 519 1
 16 1.060606060606061
 452 1.121212121212121
 8 1.181818181818182
 33 1.242424242424242
 93 1.303030303030303
 29 1.363636363636363
 102 1.424242424242425
 22 1.484848484848485
 92 1.545454545454546
 2 1.606060606060606
 0 1.666666666666667
 0 1.727272727272728
 23 1.787878787878788
 3 1.848484848484849
 26 1.909090909090909
 2 1.96969696969697
 2 2.03030303030303
 0 2.090909090909091
 0 2.151515151515151
 2 2.212121212121212
 0 2.272727272727272
 3 2.333333333333334
 6 2.393939393939394
 1 2.454545454545455
 0 2.515151515151516
 0 2.575757575757576
 0 2.636363636363637
 0 2.696969696969697
 0 2.757575757575758
 0 2.818181818181818
 0 2.878787878787879
 0 2.939393939393939
 0 3


