# Created by Octave 3.8.2, Mon Jun 22 10:41:08 2020 CEST <damian@fptrucha.inv.usc.es>
# name: hd
# type: matrix
# rows: 100
# columns: 2
 0 -3
 0 -2.939393939393939
 0 -2.878787878787879
 0 -2.818181818181818
 0 -2.757575757575758
 0 -2.696969696969697
 0 -2.636363636363636
 4 -2.575757575757576
 1 -2.515151515151515
 8 -2.454545454545455
 0 -2.393939393939394
 0 -2.333333333333333
 0 -2.272727272727272
 0 -2.212121212121212
 0 -2.151515151515151
 2 -2.090909090909091
 3 -2.03030303030303
 38 -1.96969696969697
 29 -1.909090909090909
 1 -1.848484848484848
 0 -1.787878787878788
 0 -1.727272727272727
 2 -1.666666666666667
 90 -1.606060606060606
 27 -1.545454545454545
 118 -1.484848484848485
 35 -1.424242424242424
 105 -1.363636363636364
 16 -1.303030303030303
 10 -1.242424242424242
 546 -1.181818181818182
 20 -1.121212121212121
 510 -1.060606060606061
 17 -1
 490 -0.9393939393939394
 21 -0.8787878787878789
 503 -0.8181818181818183
 903 -0.7575757575757573
 631 -0.6969696969696968
 987 -0.6363636363636362
 612 -0.5757575757575757
 847 -0.5151515151515151
 563 -0.4545454545454546
 910 -0.393939393939394
 4068 -0.333333333333333
 581 -0.2727272727272725
 2614 -0.2121212121212119
 9 -0.1515151515151514
 2650 -0.09090909090909083
 11 -0.03030303030303028
 2479 0.03030303030303028
 22 0.09090909090909083
 2350 0.1515151515151514
 1610 0.2121212121212124
 2367 0.2727272727272729
 1686 0.3333333333333335
 657 0.393939393939394
 894 0.4545454545454546
 688 0.5151515151515151
 852 0.5757575757575757
 620 0.6363636363636367
 877 0.6969696969696972
 579 0.7575757575757578
 16 0.8181818181818183
 524 0.8787878787878789
 21 0.9393939393939394
 538 1
 15 1.060606060606061
 534 1.121212121212121
 13 1.181818181818182
 27 1.242424242424242
 109 1.303030303030303
 42 1.363636363636363
 121 1.424242424242425
 37 1.484848484848485
 114 1.545454545454546
 4 1.606060606060606
 0 1.666666666666667
 0 1.727272727272728
 42 1.787878787878788
 7 1.848484848484849
 42 1.909090909090909
 6 1.96969696969697
 2 2.03030303030303
 0 2.090909090909091
 0 2.151515151515151
 2 2.212121212121212
 0 2.272727272727272
 2 2.333333333333334
 11 2.393939393939394
 1 2.454545454545455
 3 2.515151515151516
 0 2.575757575757576
 0 2.636363636363637
 0 2.696969696969697
 0 2.757575757575758
 0 2.818181818181818
 0 2.878787878787879
 0 2.939393939393939
 0 3


