# Created by Octave 3.8.2, Mon Jun 22 06:04:16 2020 CEST <damian@fptrucha.inv.usc.es>
# name: hd
# type: matrix
# rows: 100
# columns: 2
 0 -3
 0 -2.939393939393939
 0 -2.878787878787879
 0 -2.818181818181818
 0 -2.757575757575758
 0 -2.696969696969697
 0 -2.636363636363636
 0 -2.575757575757576
 1 -2.515151515151515
 11 -2.454545454545455
 0 -2.393939393939394
 1 -2.333333333333333
 0 -2.272727272727272
 0 -2.212121212121212
 0 -2.151515151515151
 1 -2.090909090909091
 4 -2.03030303030303
 39 -1.96969696969697
 37 -1.909090909090909
 4 -1.848484848484848
 0 -1.787878787878788
 0 -1.727272727272727
 3 -1.666666666666667
 100 -1.606060606060606
 38 -1.545454545454545
 119 -1.484848484848485
 22 -1.424242424242424
 95 -1.363636363636364
 36 -1.303030303030303
 11 -1.242424242424242
 510 -1.181818181818182
 13 -1.121212121212121
 545 -1.060606060606061
 21 -1
 517 -0.9393939393939394
 26 -0.8787878787878789
 466 -0.8181818181818183
 874 -0.7575757575757573
 546 -0.6969696969696968
 905 -0.6363636363636362
 578 -0.5757575757575757
 873 -0.5151515151515151
 626 -0.4545454545454546
 896 -0.393939393939394
 3728 -0.333333333333333
 539 -0.2727272727272725
 2405 -0.2121212121212119
 11 -0.1515151515151514
 2497 -0.09090909090909083
 20 -0.03030303030303028
 2373 0.03030303030303028
 20 0.09090909090909083
 2135 0.1515151515151514
 1521 0.2121212121212124
 2202 0.2727272727272729
 1518 0.3333333333333335
 614 0.393939393939394
 867 0.4545454545454546
 613 0.5151515151515151
 780 0.5757575757575757
 591 0.6363636363636367
 802 0.6969696969696972
 497 0.7575757575757578
 15 0.8181818181818183
 491 0.8787878787878789
 16 0.9393939393939394
 477 1
 20 1.060606060606061
 497 1.121212121212121
 8 1.181818181818182
 31 1.242424242424242
 102 1.303030303030303
 19 1.363636363636363
 102 1.424242424242425
 30 1.484848484848485
 94 1.545454545454546
 1 1.606060606060606
 0 1.666666666666667
 0 1.727272727272728
 46 1.787878787878788
 3 1.848484848484849
 25 1.909090909090909
 3 1.96969696969697
 0 2.03030303030303
 0 2.090909090909091
 0 2.151515151515151
 4 2.212121212121212
 0 2.272727272727272
 0 2.333333333333334
 11 2.393939393939394
 1 2.454545454545455
 2 2.515151515151516
 0 2.575757575757576
 0 2.636363636363637
 0 2.696969696969697
 0 2.757575757575758
 0 2.818181818181818
 0 2.878787878787879
 0 2.939393939393939
 0 3


