# Created by Octave 3.8.2, Sat Jun 20 07:33:10 2020 CEST <damian@fptrucha.inv.usc.es>
# name: hd
# type: matrix
# rows: 100
# columns: 2
 0 -3
 0 -2.939393939393939
 0 -2.878787878787879
 0 -2.818181818181818
 0 -2.757575757575758
 0 -2.696969696969697
 0 -2.636363636363636
 2 -2.575757575757576
 0 -2.515151515151515
 4 -2.454545454545455
 2 -2.393939393939394
 1 -2.333333333333333
 2 -2.272727272727272
 0 -2.212121212121212
 0 -2.151515151515151
 2 -2.090909090909091
 4 -2.03030303030303
 31 -1.96969696969697
 43 -1.909090909090909
 1 -1.848484848484848
 2 -1.787878787878788
 0 -1.727272727272727
 1 -1.666666666666667
 125 -1.606060606060606
 25 -1.545454545454545
 103 -1.484848484848485
 28 -1.424242424242424
 103 -1.363636363636364
 19 -1.303030303030303
 19 -1.242424242424242
 644 -1.181818181818182
 15 -1.121212121212121
 619 -1.060606060606061
 21 -1
 571 -0.9393939393939394
 24 -0.8787878787878789
 546 -0.8181818181818183
 1230 -0.7575757575757573
 739 -0.6969696969696968
 1238 -0.6363636363636362
 704 -0.5757575757575757
 1033 -0.5151515151515151
 696 -0.4545454545454546
 988 -0.393939393939394
 4737 -0.333333333333333
 640 -0.2727272727272725
 3247 -0.2121212121212119
 13 -0.1515151515151514
 2926 -0.09090909090909083
 14 -0.03030303030303028
 2758 0.03030303030303028
 10 0.09090909090909083
 2560 0.1515151515151514
 1825 0.2121212121212124
 2500 0.2727272727272729
 1806 0.3333333333333335
 646 0.393939393939394
 971 0.4545454545454546
 726 0.5151515151515151
 849 0.5757575757575757
 659 0.6363636363636367
 873 0.6969696969696972
 611 0.7575757575757578
 12 0.8181818181818183
 559 0.8787878787878789
 22 0.9393939393939394
 551 1
 10 1.060606060606061
 504 1.121212121212121
 13 1.181818181818182
 28 1.242424242424242
 86 1.303030303030303
 26 1.363636363636363
 97 1.424242424242425
 29 1.484848484848485
 74 1.545454545454546
 0 1.606060606060606
 0 1.666666666666667
 2 1.727272727272728
 38 1.787878787878788
 1 1.848484848484849
 34 1.909090909090909
 4 1.96969696969697
 0 2.03030303030303
 0 2.090909090909091
 0 2.151515151515151
 1 2.212121212121212
 0 2.272727272727272
 0 2.333333333333334
 5 2.393939393939394
 0 2.454545454545455
 0 2.515151515151516
 0 2.575757575757576
 0 2.636363636363637
 0 2.696969696969697
 0 2.757575757575758
 0 2.818181818181818
 0 2.878787878787879
 0 2.939393939393939
 0 3


