# Created by Octave 3.8.2, Sat Jun 20 21:58:52 2020 CEST <damian@fptrucha.inv.usc.es>
# name: hd
# type: matrix
# rows: 100
# columns: 2
 0 -3
 0 -2.939393939393939
 0 -2.878787878787879
 0 -2.818181818181818
 0 -2.757575757575758
 0 -2.696969696969697
 0 -2.636363636363636
 0 -2.575757575757576
 0 -2.515151515151515
 3 -2.454545454545455
 0 -2.393939393939394
 0 -2.333333333333333
 0 -2.272727272727272
 0 -2.212121212121212
 0 -2.151515151515151
 3 -2.090909090909091
 3 -2.03030303030303
 23 -1.96969696969697
 28 -1.909090909090909
 0 -1.848484848484848
 1 -1.787878787878788
 0 -1.727272727272727
 3 -1.666666666666667
 82 -1.606060606060606
 22 -1.545454545454545
 82 -1.484848484848485
 23 -1.424242424242424
 72 -1.363636363636364
 16 -1.303030303030303
 11 -1.242424242424242
 532 -1.181818181818182
 16 -1.121212121212121
 482 -1.060606060606061
 10 -1
 436 -0.9393939393939394
 15 -0.8787878787878789
 398 -0.8181818181818183
 949 -0.7575757575757573
 648 -0.6969696969696968
 922 -0.6363636363636362
 596 -0.5757575757575757
 863 -0.5151515151515151
 545 -0.4545454545454546
 855 -0.393939393939394
 4136 -0.333333333333333
 543 -0.2727272727272725
 2735 -0.2121212121212119
 18 -0.1515151515151514
 2644 -0.09090909090909083
 12 -0.03030303030303028
 2452 0.03030303030303028
 7 0.09090909090909083
 2136 0.1515151515151514
 1751 0.2121212121212124
 2275 0.2727272727272729
 1709 0.3333333333333335
 670 0.393939393939394
 971 0.4545454545454546
 699 0.5151515151515151
 818 0.5757575757575757
 571 0.6363636363636367
 823 0.6969696969696972
 575 0.7575757575757578
 9 0.8181818181818183
 555 0.8787878787878789
 14 0.9393939393939394
 546 1
 10 1.060606060606061
 524 1.121212121212121
 14 1.181818181818182
 33 1.242424242424242
 133 1.303030303030303
 28 1.363636363636363
 84 1.424242424242425
 37 1.484848484848485
 91 1.545454545454546
 1 1.606060606060606
 0 1.666666666666667
 0 1.727272727272728
 25 1.787878787878788
 5 1.848484848484849
 33 1.909090909090909
 4 1.96969696969697
 1 2.03030303030303
 0 2.090909090909091
 0 2.151515151515151
 0 2.212121212121212
 0 2.272727272727272
 2 2.333333333333334
 6 2.393939393939394
 0 2.454545454545455
 5 2.515151515151516
 0 2.575757575757576
 0 2.636363636363637
 0 2.696969696969697
 0 2.757575757575758
 0 2.818181818181818
 0 2.878787878787879
 0 2.939393939393939
 0 3


