# Created by Octave 3.8.2, Mon Jun 22 04:18:05 2020 CEST <damian@fptrucha.inv.usc.es>
# name: hd
# type: matrix
# rows: 100
# columns: 2
 0 -3
 0 -2.939393939393939
 0 -2.878787878787879
 0 -2.818181818181818
 0 -2.757575757575758
 0 -2.696969696969697
 0 -2.636363636363636
 1 -2.575757575757576
 2 -2.515151515151515
 10 -2.454545454545455
 2 -2.393939393939394
 1 -2.333333333333333
 3 -2.272727272727272
 0 -2.212121212121212
 0 -2.151515151515151
 2 -2.090909090909091
 5 -2.03030303030303
 37 -1.96969696969697
 37 -1.909090909090909
 1 -1.848484848484848
 2 -1.787878787878788
 0 -1.727272727272727
 4 -1.666666666666667
 103 -1.606060606060606
 34 -1.545454545454545
 105 -1.484848484848485
 22 -1.424242424242424
 116 -1.363636363636364
 22 -1.303030303030303
 15 -1.242424242424242
 538 -1.181818181818182
 16 -1.121212121212121
 512 -1.060606060606061
 18 -1
 524 -0.9393939393939394
 18 -0.8787878787878789
 485 -0.8181818181818183
 851 -0.7575757575757573
 606 -0.6969696969696968
 859 -0.6363636363636362
 559 -0.5757575757575757
 830 -0.5151515151515151
 568 -0.4545454545454546
 840 -0.393939393939394
 3734 -0.333333333333333
 491 -0.2727272727272725
 2302 -0.2121212121212119
 17 -0.1515151515151514
 2350 -0.09090909090909083
 15 -0.03030303030303028
 2275 0.03030303030303028
 16 0.09090909090909083
 1962 0.1515151515151514
 1469 0.2121212121212124
 2017 0.2727272727272729
 1387 0.3333333333333335
 629 0.393939393939394
 836 0.4545454545454546
 635 0.5151515151515151
 748 0.5757575757575757
 553 0.6363636363636367
 741 0.6969696969696972
 525 0.7575757575757578
 18 0.8181818181818183
 504 0.8787878787878789
 12 0.9393939393939394
 518 1
 14 1.060606060606061
 458 1.121212121212121
 12 1.181818181818182
 25 1.242424242424242
 100 1.303030303030303
 29 1.363636363636363
 108 1.424242424242425
 32 1.484848484848485
 98 1.545454545454546
 5 1.606060606060606
 0 1.666666666666667
 0 1.727272727272728
 42 1.787878787878788
 4 1.848484848484849
 37 1.909090909090909
 2 1.96969696969697
 1 2.03030303030303
 0 2.090909090909091
 0 2.151515151515151
 1 2.212121212121212
 1 2.272727272727272
 0 2.333333333333334
 14 2.393939393939394
 1 2.454545454545455
 2 2.515151515151516
 0 2.575757575757576
 0 2.636363636363637
 0 2.696969696969697
 0 2.757575757575758
 0 2.818181818181818
 0 2.878787878787879
 0 2.939393939393939
 0 3


