# Created by Octave 3.8.2, Sat Jun 20 15:12:12 2020 CEST <damian@fptrucha.inv.usc.es>
# name: hd
# type: matrix
# rows: 100
# columns: 2
 0 -3
 0 -2.939393939393939
 0 -2.878787878787879
 0 -2.818181818181818
 0 -2.757575757575758
 0 -2.696969696969697
 0 -2.636363636363636
 2 -2.575757575757576
 2 -2.515151515151515
 5 -2.454545454545455
 0 -2.393939393939394
 1 -2.333333333333333
 0 -2.272727272727272
 0 -2.212121212121212
 0 -2.151515151515151
 1 -2.090909090909091
 3 -2.03030303030303
 19 -1.96969696969697
 22 -1.909090909090909
 0 -1.848484848484848
 1 -1.787878787878788
 0 -1.727272727272727
 2 -1.666666666666667
 96 -1.606060606060606
 24 -1.545454545454545
 103 -1.484848484848485
 16 -1.424242424242424
 70 -1.363636363636364
 14 -1.303030303030303
 18 -1.242424242424242
 586 -1.181818181818182
 19 -1.121212121212121
 526 -1.060606060606061
 10 -1
 456 -0.9393939393939394
 12 -0.8787878787878789
 423 -0.8181818181818183
 1054 -0.7575757575757573
 648 -0.6969696969696968
 1054 -0.6363636363636362
 669 -0.5757575757575757
 848 -0.5151515151515151
 600 -0.4545454545454546
 913 -0.393939393939394
 4333 -0.333333333333333
 561 -0.2727272727272725
 2968 -0.2121212121212119
 8 -0.1515151515151514
 2713 -0.09090909090909083
 15 -0.03030303030303028
 2570 0.03030303030303028
 12 0.09090909090909083
 2268 0.1515151515151514
 1851 0.2121212121212124
 2364 0.2727272727272729
 1759 0.3333333333333335
 618 0.393939393939394
 911 0.4545454545454546
 713 0.5151515151515151
 914 0.5757575757575757
 571 0.6363636363636367
 811 0.6969696969696972
 626 0.7575757575757578
 8 0.8181818181818183
 568 0.8787878787878789
 14 0.9393939393939394
 577 1
 11 1.060606060606061
 516 1.121212121212121
 11 1.181818181818182
 41 1.242424242424242
 106 1.303030303030303
 25 1.363636363636363
 91 1.424242424242425
 24 1.484848484848485
 98 1.545454545454546
 1 1.606060606060606
 0 1.666666666666667
 3 1.727272727272728
 32 1.787878787878788
 4 1.848484848484849
 26 1.909090909090909
 5 1.96969696969697
 0 2.03030303030303
 0 2.090909090909091
 0 2.151515151515151
 0 2.212121212121212
 0 2.272727272727272
 0 2.333333333333334
 8 2.393939393939394
 1 2.454545454545455
 1 2.515151515151516
 0 2.575757575757576
 0 2.636363636363637
 0 2.696969696969697
 0 2.757575757575758
 0 2.818181818181818
 0 2.878787878787879
 0 2.939393939393939
 0 3


