# Created by Octave 3.8.2, Sun Jun 21 01:04:57 2020 CEST <damian@fptrucha.inv.usc.es>
# name: hd
# type: matrix
# rows: 100
# columns: 2
 0 -3
 0 -2.939393939393939
 0 -2.878787878787879
 0 -2.818181818181818
 0 -2.757575757575758
 0 -2.696969696969697
 0 -2.636363636363636
 1 -2.575757575757576
 1 -2.515151515151515
 6 -2.454545454545455
 0 -2.393939393939394
 2 -2.333333333333333
 0 -2.272727272727272
 0 -2.212121212121212
 0 -2.151515151515151
 1 -2.090909090909091
 2 -2.03030303030303
 17 -1.96969696969697
 23 -1.909090909090909
 0 -1.848484848484848
 0 -1.787878787878788
 0 -1.727272727272727
 1 -1.666666666666667
 100 -1.606060606060606
 17 -1.545454545454545
 89 -1.484848484848485
 20 -1.424242424242424
 71 -1.363636363636364
 15 -1.303030303030303
 13 -1.242424242424242
 549 -1.181818181818182
 12 -1.121212121212121
 454 -1.060606060606061
 14 -1
 434 -0.9393939393939394
 11 -0.8787878787878789
 446 -0.8181818181818183
 886 -0.7575757575757573
 584 -0.6969696969696968
 1013 -0.6363636363636362
 567 -0.5757575757575757
 865 -0.5151515151515151
 508 -0.4545454545454546
 766 -0.393939393939394
 4234 -0.333333333333333
 529 -0.2727272727272725
 2825 -0.2121212121212119
 11 -0.1515151515151514
 2603 -0.09090909090909083
 6 -0.03030303030303028
 2451 0.03030303030303028
 10 0.09090909090909083
 2151 0.1515151515151514
 1709 0.2121212121212124
 2219 0.2727272727272729
 1652 0.3333333333333335
 633 0.393939393939394
 870 0.4545454545454546
 642 0.5151515151515151
 830 0.5757575757575757
 531 0.6363636363636367
 753 0.6969696969696972
 587 0.7575757575757578
 12 0.8181818181818183
 522 0.8787878787878789
 15 0.9393939393939394
 500 1
 11 1.060606060606061
 470 1.121212121212121
 5 1.181818181818182
 26 1.242424242424242
 90 1.303030303030303
 24 1.363636363636363
 97 1.424242424242425
 25 1.484848484848485
 92 1.545454545454546
 1 1.606060606060606
 0 1.666666666666667
 2 1.727272727272728
 28 1.787878787878788
 2 1.848484848484849
 22 1.909090909090909
 3 1.96969696969697
 1 2.03030303030303
 0 2.090909090909091
 0 2.151515151515151
 2 2.212121212121212
 0 2.272727272727272
 1 2.333333333333334
 9 2.393939393939394
 0 2.454545454545455
 0 2.515151515151516
 0 2.575757575757576
 0 2.636363636363637
 0 2.696969696969697
 0 2.757575757575758
 0 2.818181818181818
 0 2.878787878787879
 0 2.939393939393939
 0 3


