# Created by Octave 3.8.2, Sat Jun 20 21:42:31 2020 CEST <damian@fptrucha.inv.usc.es>
# name: hd
# type: matrix
# rows: 100
# columns: 2
 0 -3
 0 -2.939393939393939
 0 -2.878787878787879
 0 -2.818181818181818
 0 -2.757575757575758
 0 -2.696969696969697
 0 -2.636363636363636
 2 -2.575757575757576
 0 -2.515151515151515
 6 -2.454545454545455
 0 -2.393939393939394
 2 -2.333333333333333
 1 -2.272727272727272
 0 -2.212121212121212
 0 -2.151515151515151
 2 -2.090909090909091
 3 -2.03030303030303
 28 -1.96969696969697
 18 -1.909090909090909
 2 -1.848484848484848
 0 -1.787878787878788
 0 -1.727272727272727
 1 -1.666666666666667
 81 -1.606060606060606
 28 -1.545454545454545
 96 -1.484848484848485
 21 -1.424242424242424
 73 -1.363636363636364
 17 -1.303030303030303
 14 -1.242424242424242
 565 -1.181818181818182
 12 -1.121212121212121
 476 -1.060606060606061
 7 -1
 405 -0.9393939393939394
 20 -0.8787878787878789
 422 -0.8181818181818183
 974 -0.7575757575757573
 650 -0.6969696969696968
 1005 -0.6363636363636362
 618 -0.5757575757575757
 852 -0.5151515151515151
 515 -0.4545454545454546
 866 -0.393939393939394
 4087 -0.333333333333333
 515 -0.2727272727272725
 2769 -0.2121212121212119
 11 -0.1515151515151514
 2563 -0.09090909090909083
 10 -0.03030303030303028
 2560 0.03030303030303028
 10 0.09090909090909083
 2246 0.1515151515151514
 1757 0.2121212121212124
 2228 0.2727272727272729
 1642 0.3333333333333335
 689 0.393939393939394
 866 0.4545454545454546
 621 0.5151515151515151
 781 0.5757575757575757
 547 0.6363636363636367
 806 0.6969696969696972
 599 0.7575757575757578
 12 0.8181818181818183
 539 0.8787878787878789
 16 0.9393939393939394
 506 1
 14 1.060606060606061
 452 1.121212121212121
 17 1.181818181818182
 35 1.242424242424242
 113 1.303030303030303
 25 1.363636363636363
 119 1.424242424242425
 26 1.484848484848485
 92 1.545454545454546
 2 1.606060606060606
 0 1.666666666666667
 2 1.727272727272728
 29 1.787878787878788
 4 1.848484848484849
 24 1.909090909090909
 3 1.96969696969697
 0 2.03030303030303
 0 2.090909090909091
 0 2.151515151515151
 1 2.212121212121212
 0 2.272727272727272
 0 2.333333333333334
 2 2.393939393939394
 1 2.454545454545455
 0 2.515151515151516
 0 2.575757575757576
 0 2.636363636363637
 0 2.696969696969697
 0 2.757575757575758
 0 2.818181818181818
 0 2.878787878787879
 0 2.939393939393939
 0 3


