# Created by Octave 3.8.2, Mon Jun 22 23:00:20 2020 CEST <damian@fptrucha.inv.usc.es>
# name: hd
# type: matrix
# rows: 100
# columns: 2
 0 -3
 0 -2.939393939393939
 0 -2.878787878787879
 0 -2.818181818181818
 0 -2.757575757575758
 0 -2.696969696969697
 0 -2.636363636363636
 0 -2.575757575757576
 0 -2.515151515151515
 6 -2.454545454545455
 0 -2.393939393939394
 0 -2.333333333333333
 2 -2.272727272727272
 0 -2.212121212121212
 0 -2.151515151515151
 0 -2.090909090909091
 2 -2.03030303030303
 42 -1.96969696969697
 38 -1.909090909090909
 1 -1.848484848484848
 1 -1.787878787878788
 0 -1.727272727272727
 5 -1.666666666666667
 116 -1.606060606060606
 36 -1.545454545454545
 126 -1.484848484848485
 33 -1.424242424242424
 133 -1.363636363636364
 27 -1.303030303030303
 13 -1.242424242424242
 610 -1.181818181818182
 13 -1.121212121212121
 594 -1.060606060606061
 19 -1
 549 -0.9393939393939394
 19 -0.8787878787878789
 563 -0.8181818181818183
 993 -0.7575757575757573
 709 -0.6969696969696968
 1111 -0.6363636363636362
 688 -0.5757575757575757
 929 -0.5151515151515151
 650 -0.4545454545454546
 981 -0.393939393939394
 4544 -0.333333333333333
 640 -0.2727272727272725
 2917 -0.2121212121212119
 16 -0.1515151515151514
 2779 -0.09090909090909083
 10 -0.03030303030303028
 2707 0.03030303030303028
 21 0.09090909090909083
 2496 0.1515151515151514
 1721 0.2121212121212124
 2541 0.2727272727272729
 1745 0.3333333333333335
 694 0.393939393939394
 953 0.4545454545454546
 725 0.5151515151515151
 860 0.5757575757575757
 670 0.6363636363636367
 857 0.6969696969696972
 611 0.7575757575757578
 12 0.8181818181818183
 608 0.8787878787878789
 17 0.9393939393939394
 553 1
 17 1.060606060606061
 563 1.121212121212121
 21 1.181818181818182
 31 1.242424242424242
 117 1.303030303030303
 30 1.363636363636363
 122 1.424242424242425
 35 1.484848484848485
 113 1.545454545454546
 1 1.606060606060606
 0 1.666666666666667
 1 1.727272727272728
 54 1.787878787878788
 6 1.848484848484849
 43 1.909090909090909
 5 1.96969696969697
 1 2.03030303030303
 0 2.090909090909091
 0 2.151515151515151
 1 2.212121212121212
 1 2.272727272727272
 0 2.333333333333334
 14 2.393939393939394
 0 2.454545454545455
 2 2.515151515151516
 0 2.575757575757576
 0 2.636363636363637
 0 2.696969696969697
 0 2.757575757575758
 0 2.818181818181818
 0 2.878787878787879
 0 2.939393939393939
 0 3


