# Created by Octave 3.8.2, Sat Jun 20 14:01:52 2020 CEST <damian@fptrucha.inv.usc.es>
# name: hd
# type: matrix
# rows: 100
# columns: 2
 0 -3
 0 -2.939393939393939
 0 -2.878787878787879
 0 -2.818181818181818
 0 -2.757575757575758
 0 -2.696969696969697
 0 -2.636363636363636
 1 -2.575757575757576
 1 -2.515151515151515
 9 -2.454545454545455
 0 -2.393939393939394
 0 -2.333333333333333
 0 -2.272727272727272
 0 -2.212121212121212
 0 -2.151515151515151
 1 -2.090909090909091
 3 -2.03030303030303
 28 -1.96969696969697
 31 -1.909090909090909
 3 -1.848484848484848
 1 -1.787878787878788
 0 -1.727272727272727
 0 -1.666666666666667
 93 -1.606060606060606
 24 -1.545454545454545
 108 -1.484848484848485
 16 -1.424242424242424
 81 -1.363636363636364
 16 -1.303030303030303
 13 -1.242424242424242
 597 -1.181818181818182
 13 -1.121212121212121
 561 -1.060606060606061
 13 -1
 467 -0.9393939393939394
 10 -0.8787878787878789
 485 -0.8181818181818183
 1017 -0.7575757575757573
 697 -0.6969696969696968
 1088 -0.6363636363636362
 626 -0.5757575757575757
 959 -0.5151515151515151
 574 -0.4545454545454546
 854 -0.393939393939394
 4372 -0.333333333333333
 587 -0.2727272727272725
 3077 -0.2121212121212119
 18 -0.1515151515151514
 2870 -0.09090909090909083
 13 -0.03030303030303028
 2631 0.03030303030303028
 16 0.09090909090909083
 2376 0.1515151515151514
 1818 0.2121212121212124
 2382 0.2727272727272729
 1690 0.3333333333333335
 691 0.393939393939394
 1016 0.4545454545454546
 736 0.5151515151515151
 858 0.5757575757575757
 586 0.6363636363636367
 841 0.6969696969696972
 654 0.7575757575757578
 21 0.8181818181818183
 619 0.8787878787878789
 10 0.9393939393939394
 586 1
 15 1.060606060606061
 565 1.121212121212121
 13 1.181818181818182
 25 1.242424242424242
 120 1.303030303030303
 32 1.363636363636363
 109 1.424242424242425
 24 1.484848484848485
 95 1.545454545454546
 2 1.606060606060606
 0 1.666666666666667
 0 1.727272727272728
 41 1.787878787878788
 3 1.848484848484849
 27 1.909090909090909
 3 1.96969696969697
 4 2.03030303030303
 0 2.090909090909091
 0 2.151515151515151
 1 2.212121212121212
 0 2.272727272727272
 0 2.333333333333334
 10 2.393939393939394
 1 2.454545454545455
 2 2.515151515151516
 0 2.575757575757576
 0 2.636363636363637
 0 2.696969696969697
 0 2.757575757575758
 0 2.818181818181818
 0 2.878787878787879
 0 2.939393939393939
 0 3


