# Created by Octave 3.8.2, Sun Jun 21 06:55:25 2020 CEST <damian@fptrucha.inv.usc.es>
# name: hd
# type: matrix
# rows: 100
# columns: 2
 0 -3
 0 -2.939393939393939
 0 -2.878787878787879
 0 -2.818181818181818
 0 -2.757575757575758
 0 -2.696969696969697
 0 -2.636363636363636
 0 -2.575757575757576
 0 -2.515151515151515
 5 -2.454545454545455
 0 -2.393939393939394
 1 -2.333333333333333
 2 -2.272727272727272
 0 -2.212121212121212
 0 -2.151515151515151
 2 -2.090909090909091
 4 -2.03030303030303
 21 -1.96969696969697
 24 -1.909090909090909
 0 -1.848484848484848
 1 -1.787878787878788
 0 -1.727272727272727
 0 -1.666666666666667
 103 -1.606060606060606
 28 -1.545454545454545
 94 -1.484848484848485
 17 -1.424242424242424
 97 -1.363636363636364
 18 -1.303030303030303
 9 -1.242424242424242
 541 -1.181818181818182
 12 -1.121212121212121
 515 -1.060606060606061
 13 -1
 389 -0.9393939393939394
 8 -0.8787878787878789
 488 -0.8181818181818183
 955 -0.7575757575757573
 619 -0.6969696969696968
 1006 -0.6363636363636362
 635 -0.5757575757575757
 894 -0.5151515151515151
 566 -0.4545454545454546
 806 -0.393939393939394
 3947 -0.333333333333333
 489 -0.2727272727272725
 2807 -0.2121212121212119
 11 -0.1515151515151514
 2560 -0.09090909090909083
 5 -0.03030303030303028
 2525 0.03030303030303028
 13 0.09090909090909083
 2105 0.1515151515151514
 1628 0.2121212121212124
 2166 0.2727272727272729
 1576 0.3333333333333335
 589 0.393939393939394
 840 0.4545454545454546
 634 0.5151515151515151
 786 0.5757575757575757
 564 0.6363636363636367
 804 0.6969696969696972
 600 0.7575757575757578
 10 0.8181818181818183
 538 0.8787878787878789
 18 0.9393939393939394
 490 1
 10 1.060606060606061
 454 1.121212121212121
 9 1.181818181818182
 30 1.242424242424242
 82 1.303030303030303
 18 1.363636363636363
 90 1.424242424242425
 20 1.484848484848485
 78 1.545454545454546
 1 1.606060606060606
 0 1.666666666666667
 1 1.727272727272728
 27 1.787878787878788
 1 1.848484848484849
 20 1.909090909090909
 2 1.96969696969697
 1 2.03030303030303
 0 2.090909090909091
 0 2.151515151515151
 1 2.212121212121212
 0 2.272727272727272
 1 2.333333333333334
 6 2.393939393939394
 0 2.454545454545455
 0 2.515151515151516
 0 2.575757575757576
 0 2.636363636363637
 0 2.696969696969697
 0 2.757575757575758
 0 2.818181818181818
 0 2.878787878787879
 0 2.939393939393939
 0 3


