# Created by Octave 3.8.2, Sun Jun 21 06:05:21 2020 CEST <damian@fptrucha.inv.usc.es>
# name: hd
# type: matrix
# rows: 100
# columns: 2
 0 -3
 0 -2.939393939393939
 0 -2.878787878787879
 0 -2.818181818181818
 0 -2.757575757575758
 0 -2.696969696969697
 0 -2.636363636363636
 1 -2.575757575757576
 1 -2.515151515151515
 3 -2.454545454545455
 0 -2.393939393939394
 0 -2.333333333333333
 1 -2.272727272727272
 0 -2.212121212121212
 0 -2.151515151515151
 0 -2.090909090909091
 1 -2.03030303030303
 17 -1.96969696969697
 25 -1.909090909090909
 0 -1.848484848484848
 1 -1.787878787878788
 0 -1.727272727272727
 1 -1.666666666666667
 97 -1.606060606060606
 26 -1.545454545454545
 94 -1.484848484848485
 29 -1.424242424242424
 88 -1.363636363636364
 19 -1.303030303030303
 11 -1.242424242424242
 545 -1.181818181818182
 12 -1.121212121212121
 506 -1.060606060606061
 10 -1
 456 -0.9393939393939394
 10 -0.8787878787878789
 392 -0.8181818181818183
 951 -0.7575757575757573
 639 -0.6969696969696968
 1046 -0.6363636363636362
 663 -0.5757575757575757
 900 -0.5151515151515151
 573 -0.4545454545454546
 847 -0.393939393939394
 4300 -0.333333333333333
 518 -0.2727272727272725
 2858 -0.2121212121212119
 13 -0.1515151515151514
 2514 -0.09090909090909083
 2 -0.03030303030303028
 2490 0.03030303030303028
 9 0.09090909090909083
 2097 0.1515151515151514
 1654 0.2121212121212124
 2215 0.2727272727272729
 1635 0.3333333333333335
 631 0.393939393939394
 842 0.4545454545454546
 647 0.5151515151515151
 827 0.5757575757575757
 556 0.6363636363636367
 812 0.6969696969696972
 547 0.7575757575757578
 10 0.8181818181818183
 527 0.8787878787878789
 12 0.9393939393939394
 514 1
 9 1.060606060606061
 492 1.121212121212121
 10 1.181818181818182
 23 1.242424242424242
 111 1.303030303030303
 25 1.363636363636363
 86 1.424242424242425
 24 1.484848484848485
 86 1.545454545454546
 2 1.606060606060606
 0 1.666666666666667
 1 1.727272727272728
 31 1.787878787878788
 4 1.848484848484849
 22 1.909090909090909
 3 1.96969696969697
 2 2.03030303030303
 0 2.090909090909091
 0 2.151515151515151
 0 2.212121212121212
 1 2.272727272727272
 2 2.333333333333334
 4 2.393939393939394
 0 2.454545454545455
 1 2.515151515151516
 0 2.575757575757576
 0 2.636363636363637
 0 2.696969696969697
 0 2.757575757575758
 0 2.818181818181818
 0 2.878787878787879
 0 2.939393939393939
 0 3


