# Created by Octave 3.8.2, Mon Jun 22 17:22:39 2020 CEST <damian@fptrucha.inv.usc.es>
# name: hd
# type: matrix
# rows: 100
# columns: 2
 0 -3
 0 -2.939393939393939
 0 -2.878787878787879
 0 -2.818181818181818
 0 -2.757575757575758
 0 -2.696969696969697
 0 -2.636363636363636
 1 -2.575757575757576
 1 -2.515151515151515
 5 -2.454545454545455
 1 -2.393939393939394
 1 -2.333333333333333
 2 -2.272727272727272
 0 -2.212121212121212
 0 -2.151515151515151
 1 -2.090909090909091
 4 -2.03030303030303
 42 -1.96969696969697
 36 -1.909090909090909
 3 -1.848484848484848
 2 -1.787878787878788
 0 -1.727272727272727
 1 -1.666666666666667
 114 -1.606060606060606
 29 -1.545454545454545
 132 -1.484848484848485
 32 -1.424242424242424
 116 -1.363636363636364
 18 -1.303030303030303
 21 -1.242424242424242
 590 -1.181818181818182
 21 -1.121212121212121
 542 -1.060606060606061
 11 -1
 522 -0.9393939393939394
 15 -0.8787878787878789
 548 -0.8181818181818183
 933 -0.7575757575757573
 629 -0.6969696969696968
 1040 -0.6363636363636362
 633 -0.5757575757575757
 911 -0.5151515151515151
 611 -0.4545454545454546
 928 -0.393939393939394
 4186 -0.333333333333333
 574 -0.2727272727272725
 2700 -0.2121212121212119
 20 -0.1515151515151514
 2781 -0.09090909090909083
 17 -0.03030303030303028
 2634 0.03030303030303028
 24 0.09090909090909083
 2328 0.1515151515151514
 1580 0.2121212121212124
 2303 0.2727272727272729
 1722 0.3333333333333335
 683 0.393939393939394
 926 0.4545454545454546
 716 0.5151515151515151
 888 0.5757575757575757
 645 0.6363636363636367
 862 0.6969696969696972
 604 0.7575757575757578
 11 0.8181818181818183
 606 0.8787878787878789
 20 0.9393939393939394
 527 1
 20 1.060606060606061
 524 1.121212121212121
 16 1.181818181818182
 33 1.242424242424242
 122 1.303030303030303
 31 1.363636363636363
 113 1.424242424242425
 40 1.484848484848485
 104 1.545454545454546
 2 1.606060606060606
 0 1.666666666666667
 2 1.727272727272728
 48 1.787878787878788
 5 1.848484848484849
 33 1.909090909090909
 3 1.96969696969697
 1 2.03030303030303
 0 2.090909090909091
 0 2.151515151515151
 0 2.212121212121212
 0 2.272727272727272
 1 2.333333333333334
 7 2.393939393939394
 0 2.454545454545455
 2 2.515151515151516
 0 2.575757575757576
 0 2.636363636363637
 0 2.696969696969697
 0 2.757575757575758
 0 2.818181818181818
 0 2.878787878787879
 0 2.939393939393939
 0 3


