# Created by Octave 3.8.2, Sun Jun 21 03:32:19 2020 CEST <damian@fptrucha.inv.usc.es>
# name: hd
# type: matrix
# rows: 100
# columns: 2
 0 -3
 0 -2.939393939393939
 0 -2.878787878787879
 0 -2.818181818181818
 0 -2.757575757575758
 0 -2.696969696969697
 0 -2.636363636363636
 1 -2.575757575757576
 1 -2.515151515151515
 1 -2.454545454545455
 0 -2.393939393939394
 0 -2.333333333333333
 1 -2.272727272727272
 0 -2.212121212121212
 0 -2.151515151515151
 0 -2.090909090909091
 4 -2.03030303030303
 19 -1.96969696969697
 25 -1.909090909090909
 0 -1.848484848484848
 1 -1.787878787878788
 0 -1.727272727272727
 2 -1.666666666666667
 116 -1.606060606060606
 16 -1.545454545454545
 91 -1.484848484848485
 19 -1.424242424242424
 71 -1.363636363636364
 20 -1.303030303030303
 8 -1.242424242424242
 537 -1.181818181818182
 14 -1.121212121212121
 513 -1.060606060606061
 14 -1
 462 -0.9393939393939394
 16 -0.8787878787878789
 403 -0.8181818181818183
 932 -0.7575757575757573
 624 -0.6969696969696968
 971 -0.6363636363636362
 641 -0.5757575757575757
 915 -0.5151515151515151
 550 -0.4545454545454546
 795 -0.393939393939394
 4185 -0.333333333333333
 519 -0.2727272727272725
 2771 -0.2121212121212119
 12 -0.1515151515151514
 2558 -0.09090909090909083
 12 -0.03030303030303028
 2504 0.03030303030303028
 15 0.09090909090909083
 2121 0.1515151515151514
 1672 0.2121212121212124
 2277 0.2727272727272729
 1677 0.3333333333333335
 641 0.393939393939394
 939 0.4545454545454546
 620 0.5151515151515151
 782 0.5757575757575757
 537 0.6363636363636367
 814 0.6969696969696972
 587 0.7575757575757578
 10 0.8181818181818183
 507 0.8787878787878789
 9 0.9393939393939394
 496 1
 6 1.060606060606061
 476 1.121212121212121
 8 1.181818181818182
 32 1.242424242424242
 99 1.303030303030303
 24 1.363636363636363
 92 1.424242424242425
 24 1.484848484848485
 91 1.545454545454546
 3 1.606060606060606
 0 1.666666666666667
 2 1.727272727272728
 27 1.787878787878788
 6 1.848484848484849
 31 1.909090909090909
 6 1.96969696969697
 1 2.03030303030303
 0 2.090909090909091
 0 2.151515151515151
 0 2.212121212121212
 0 2.272727272727272
 1 2.333333333333334
 3 2.393939393939394
 0 2.454545454545455
 0 2.515151515151516
 0 2.575757575757576
 0 2.636363636363637
 0 2.696969696969697
 0 2.757575757575758
 0 2.818181818181818
 0 2.878787878787879
 0 2.939393939393939
 0 3


