# Created by Octave 3.8.2, Mon Jun 22 19:16:40 2020 CEST <damian@fptrucha.inv.usc.es>
# name: hd
# type: matrix
# rows: 100
# columns: 2
 0 -3
 0 -2.939393939393939
 0 -2.878787878787879
 0 -2.818181818181818
 0 -2.757575757575758
 0 -2.696969696969697
 0 -2.636363636363636
 1 -2.575757575757576
 0 -2.515151515151515
 5 -2.454545454545455
 1 -2.393939393939394
 2 -2.333333333333333
 2 -2.272727272727272
 0 -2.212121212121212
 0 -2.151515151515151
 0 -2.090909090909091
 3 -2.03030303030303
 15 -1.96969696969697
 23 -1.909090909090909
 2 -1.848484848484848
 1 -1.787878787878788
 0 -1.727272727272727
 3 -1.666666666666667
 77 -1.606060606060606
 26 -1.545454545454545
 74 -1.484848484848485
 21 -1.424242424242424
 93 -1.363636363636364
 20 -1.303030303030303
 4 -1.242424242424242
 410 -1.181818181818182
 14 -1.121212121212121
 385 -1.060606060606061
 16 -1
 376 -0.9393939393939394
 5 -0.8787878787878789
 376 -0.8181818181818183
 662 -0.7575757575757573
 482 -0.6969696969696968
 730 -0.6363636363636362
 467 -0.5757575757575757
 656 -0.5151515151515151
 438 -0.4545454545454546
 655 -0.393939393939394
 2952 -0.333333333333333
 360 -0.2727272727272725
 1881 -0.2121212121212119
 8 -0.1515151515151514
 1831 -0.09090909090909083
 8 -0.03030303030303028
 1766 0.03030303030303028
 8 0.09090909090909083
 1585 0.1515151515151514
 1070 0.2121212121212124
 1578 0.2727272727272729
 1051 0.3333333333333335
 405 0.393939393939394
 612 0.4545454545454546
 448 0.5151515151515151
 498 0.5757575757575757
 397 0.6363636363636367
 547 0.6969696969696972
 342 0.7575757575757578
 8 0.8181818181818183
 374 0.8787878787878789
 5 0.9393939393939394
 337 1
 7 1.060606060606061
 353 1.121212121212121
 6 1.181818181818182
 23 1.242424242424242
 72 1.303030303030303
 19 1.363636363636363
 88 1.424242424242425
 22 1.484848484848485
 71 1.545454545454546
 2 1.606060606060606
 0 1.666666666666667
 2 1.727272727272728
 25 1.787878787878788
 3 1.848484848484849
 20 1.909090909090909
 1 1.96969696969697
 1 2.03030303030303
 0 2.090909090909091
 0 2.151515151515151
 1 2.212121212121212
 0 2.272727272727272
 0 2.333333333333334
 4 2.393939393939394
 0 2.454545454545455
 2 2.515151515151516
 0 2.575757575757576
 0 2.636363636363637
 0 2.696969696969697
 0 2.757575757575758
 0 2.818181818181818
 0 2.878787878787879
 0 2.939393939393939
 0 3


