# Created by Octave 3.8.2, Sun Jun 21 01:16:32 2020 CEST <damian@fptrucha.inv.usc.es>
# name: hd
# type: matrix
# rows: 100
# columns: 2
 0 -3
 0 -2.939393939393939
 0 -2.878787878787879
 0 -2.818181818181818
 0 -2.757575757575758
 0 -2.696969696969697
 0 -2.636363636363636
 3 -2.575757575757576
 0 -2.515151515151515
 4 -2.454545454545455
 1 -2.393939393939394
 1 -2.333333333333333
 1 -2.272727272727272
 0 -2.212121212121212
 0 -2.151515151515151
 1 -2.090909090909091
 3 -2.03030303030303
 17 -1.96969696969697
 28 -1.909090909090909
 1 -1.848484848484848
 2 -1.787878787878788
 0 -1.727272727272727
 1 -1.666666666666667
 90 -1.606060606060606
 23 -1.545454545454545
 95 -1.484848484848485
 17 -1.424242424242424
 74 -1.363636363636364
 11 -1.303030303030303
 13 -1.242424242424242
 558 -1.181818181818182
 9 -1.121212121212121
 544 -1.060606060606061
 7 -1
 472 -0.9393939393939394
 20 -0.8787878787878789
 426 -0.8181818181818183
 1003 -0.7575757575757573
 670 -0.6969696969696968
 1008 -0.6363636363636362
 619 -0.5757575757575757
 815 -0.5151515151515151
 567 -0.4545454545454546
 784 -0.393939393939394
 4141 -0.333333333333333
 560 -0.2727272727272725
 2756 -0.2121212121212119
 9 -0.1515151515151514
 2539 -0.09090909090909083
 15 -0.03030303030303028
 2422 0.03030303030303028
 9 0.09090909090909083
 2157 0.1515151515151514
 1741 0.2121212121212124
 2217 0.2727272727272729
 1607 0.3333333333333335
 619 0.393939393939394
 902 0.4545454545454546
 627 0.5151515151515151
 811 0.5757575757575757
 568 0.6363636363636367
 739 0.6969696969696972
 546 0.7575757575757578
 23 0.8181818181818183
 491 0.8787878787878789
 6 0.9393939393939394
 523 1
 16 1.060606060606061
 471 1.121212121212121
 9 1.181818181818182
 33 1.242424242424242
 104 1.303030303030303
 22 1.363636363636363
 105 1.424242424242425
 15 1.484848484848485
 83 1.545454545454546
 2 1.606060606060606
 0 1.666666666666667
 2 1.727272727272728
 22 1.787878787878788
 2 1.848484848484849
 19 1.909090909090909
 4 1.96969696969697
 2 2.03030303030303
 0 2.090909090909091
 0 2.151515151515151
 2 2.212121212121212
 1 2.272727272727272
 0 2.333333333333334
 3 2.393939393939394
 1 2.454545454545455
 0 2.515151515151516
 0 2.575757575757576
 0 2.636363636363637
 0 2.696969696969697
 0 2.757575757575758
 0 2.818181818181818
 0 2.878787878787879
 0 2.939393939393939
 0 3


