# Created by Octave 3.8.2, Sat Jun 20 06:42:05 2020 CEST <damian@fptrucha.inv.usc.es>
# name: hd
# type: matrix
# rows: 100
# columns: 2
 0 -3
 0 -2.939393939393939
 0 -2.878787878787879
 0 -2.818181818181818
 0 -2.757575757575758
 0 -2.696969696969697
 0 -2.636363636363636
 1 -2.575757575757576
 0 -2.515151515151515
 5 -2.454545454545455
 0 -2.393939393939394
 0 -2.333333333333333
 2 -2.272727272727272
 0 -2.212121212121212
 0 -2.151515151515151
 1 -2.090909090909091
 2 -2.03030303030303
 30 -1.96969696969697
 32 -1.909090909090909
 2 -1.848484848484848
 0 -1.787878787878788
 0 -1.727272727272727
 4 -1.666666666666667
 131 -1.606060606060606
 26 -1.545454545454545
 110 -1.484848484848485
 26 -1.424242424242424
 97 -1.363636363636364
 21 -1.303030303030303
 15 -1.242424242424242
 711 -1.181818181818182
 19 -1.121212121212121
 623 -1.060606060606061
 17 -1
 525 -0.9393939393939394
 9 -0.8787878787878789
 582 -0.8181818181818183
 1199 -0.7575757575757573
 840 -0.6969696969696968
 1174 -0.6363636363636362
 710 -0.5757575757575757
 1035 -0.5151515151515151
 703 -0.4545454545454546
 972 -0.393939393939394
 4727 -0.333333333333333
 637 -0.2727272727272725
 3099 -0.2121212121212119
 14 -0.1515151515151514
 2925 -0.09090909090909083
 11 -0.03030303030303028
 2763 0.03030303030303028
 11 0.09090909090909083
 2551 0.1515151515151514
 1811 0.2121212121212124
 2498 0.2727272727272729
 1669 0.3333333333333335
 680 0.393939393939394
 964 0.4545454545454546
 633 0.5151515151515151
 873 0.5757575757575757
 611 0.6363636363636367
 846 0.6969696969696972
 603 0.7575757575757578
 14 0.8181818181818183
 535 0.8787878787878789
 18 0.9393939393939394
 516 1
 11 1.060606060606061
 487 1.121212121212121
 11 1.181818181818182
 26 1.242424242424242
 87 1.303030303030303
 36 1.363636363636363
 102 1.424242424242425
 14 1.484848484848485
 82 1.545454545454546
 1 1.606060606060606
 0 1.666666666666667
 3 1.727272727272728
 30 1.787878787878788
 0 1.848484848484849
 26 1.909090909090909
 2 1.96969696969697
 1 2.03030303030303
 0 2.090909090909091
 0 2.151515151515151
 3 2.212121212121212
 0 2.272727272727272
 0 2.333333333333334
 5 2.393939393939394
 0 2.454545454545455
 0 2.515151515151516
 0 2.575757575757576
 0 2.636363636363637
 0 2.696969696969697
 0 2.757575757575758
 0 2.818181818181818
 0 2.878787878787879
 0 2.939393939393939
 0 3


