# Created by Octave 3.8.2, Mon Jun 22 23:09:31 2020 CEST <damian@fptrucha.inv.usc.es>
# name: hd
# type: matrix
# rows: 100
# columns: 2
 0 -3
 0 -2.939393939393939
 0 -2.878787878787879
 0 -2.818181818181818
 0 -2.757575757575758
 0 -2.696969696969697
 0 -2.636363636363636
 2 -2.575757575757576
 0 -2.515151515151515
 10 -2.454545454545455
 3 -2.393939393939394
 0 -2.333333333333333
 1 -2.272727272727272
 0 -2.212121212121212
 0 -2.151515151515151
 0 -2.090909090909091
 2 -2.03030303030303
 39 -1.96969696969697
 27 -1.909090909090909
 0 -1.848484848484848
 1 -1.787878787878788
 0 -1.727272727272727
 2 -1.666666666666667
 118 -1.606060606060606
 29 -1.545454545454545
 134 -1.484848484848485
 24 -1.424242424242424
 101 -1.363636363636364
 18 -1.303030303030303
 14 -1.242424242424242
 615 -1.181818181818182
 26 -1.121212121212121
 605 -1.060606060606061
 16 -1
 558 -0.9393939393939394
 17 -0.8787878787878789
 565 -0.8181818181818183
 991 -0.7575757575757573
 697 -0.6969696969696968
 1112 -0.6363636363636362
 687 -0.5757575757575757
 947 -0.5151515151515151
 648 -0.4545454545454546
 953 -0.393939393939394
 4408 -0.333333333333333
 614 -0.2727272727272725
 2804 -0.2121212121212119
 12 -0.1515151515151514
 2829 -0.09090909090909083
 23 -0.03030303030303028
 2647 0.03030303030303028
 16 0.09090909090909083
 2399 0.1515151515151514
 1723 0.2121212121212124
 2458 0.2727272727272729
 1798 0.3333333333333335
 669 0.393939393939394
 923 0.4545454545454546
 702 0.5151515151515151
 823 0.5757575757575757
 677 0.6363636363636367
 911 0.6969696969696972
 583 0.7575757575757578
 17 0.8181818181818183
 629 0.8787878787878789
 21 0.9393939393939394
 615 1
 15 1.060606060606061
 551 1.121212121212121
 10 1.181818181818182
 42 1.242424242424242
 131 1.303030303030303
 28 1.363636363636363
 123 1.424242424242425
 38 1.484848484848485
 111 1.545454545454546
 2 1.606060606060606
 0 1.666666666666667
 0 1.727272727272728
 45 1.787878787878788
 4 1.848484848484849
 48 1.909090909090909
 3 1.96969696969697
 2 2.03030303030303
 0 2.090909090909091
 0 2.151515151515151
 0 2.212121212121212
 0 2.272727272727272
 3 2.333333333333334
 12 2.393939393939394
 1 2.454545454545455
 2 2.515151515151516
 0 2.575757575757576
 0 2.636363636363637
 0 2.696969696969697
 0 2.757575757575758
 0 2.818181818181818
 0 2.878787878787879
 0 2.939393939393939
 0 3


