# Created by Octave 3.8.2, Sat Jun 20 09:00:20 2020 CEST <damian@fptrucha.inv.usc.es>
# name: hd
# type: matrix
# rows: 100
# columns: 2
 0 -3
 0 -2.939393939393939
 0 -2.878787878787879
 0 -2.818181818181818
 0 -2.757575757575758
 0 -2.696969696969697
 0 -2.636363636363636
 2 -2.575757575757576
 3 -2.515151515151515
 7 -2.454545454545455
 0 -2.393939393939394
 0 -2.333333333333333
 2 -2.272727272727272
 0 -2.212121212121212
 0 -2.151515151515151
 1 -2.090909090909091
 5 -2.03030303030303
 28 -1.96969696969697
 44 -1.909090909090909
 1 -1.848484848484848
 2 -1.787878787878788
 0 -1.727272727272727
 2 -1.666666666666667
 132 -1.606060606060606
 22 -1.545454545454545
 107 -1.484848484848485
 33 -1.424242424242424
 93 -1.363636363636364
 21 -1.303030303030303
 18 -1.242424242424242
 621 -1.181818181818182
 21 -1.121212121212121
 600 -1.060606060606061
 12 -1
 492 -0.9393939393939394
 22 -0.8787878787878789
 480 -0.8181818181818183
 1182 -0.7575757575757573
 757 -0.6969696969696968
 1121 -0.6363636363636362
 687 -0.5757575757575757
 1065 -0.5151515151515151
 690 -0.4545454545454546
 959 -0.393939393939394
 4739 -0.333333333333333
 594 -0.2727272727272725
 3286 -0.2121212121212119
 8 -0.1515151515151514
 2933 -0.09090909090909083
 8 -0.03030303030303028
 2850 0.03030303030303028
 11 0.09090909090909083
 2464 0.1515151515151514
 1993 0.2121212121212124
 2543 0.2727272727272729
 1866 0.3333333333333335
 728 0.393939393939394
 1015 0.4545454545454546
 740 0.5151515151515151
 915 0.5757575757575757
 637 0.6363636363636367
 930 0.6969696969696972
 672 0.7575757575757578
 16 0.8181818181818183
 693 0.8787878787878789
 16 0.9393939393939394
 582 1
 10 1.060606060606061
 537 1.121212121212121
 9 1.181818181818182
 42 1.242424242424242
 124 1.303030303030303
 35 1.363636363636363
 117 1.424242424242425
 25 1.484848484848485
 104 1.545454545454546
 3 1.606060606060606
 0 1.666666666666667
 2 1.727272727272728
 32 1.787878787878788
 6 1.848484848484849
 31 1.909090909090909
 2 1.96969696969697
 0 2.03030303030303
 0 2.090909090909091
 0 2.151515151515151
 2 2.212121212121212
 0 2.272727272727272
 0 2.333333333333334
 5 2.393939393939394
 0 2.454545454545455
 0 2.515151515151516
 0 2.575757575757576
 0 2.636363636363637
 0 2.696969696969697
 0 2.757575757575758
 0 2.818181818181818
 0 2.878787878787879
 0 2.939393939393939
 0 3


