# Created by Octave 3.8.2, Sat Jun 20 16:48:28 2020 CEST <damian@fptrucha.inv.usc.es>
# name: hd
# type: matrix
# rows: 100
# columns: 2
 0 -3
 0 -2.939393939393939
 0 -2.878787878787879
 0 -2.818181818181818
 0 -2.757575757575758
 0 -2.696969696969697
 0 -2.636363636363636
 1 -2.575757575757576
 0 -2.515151515151515
 3 -2.454545454545455
 0 -2.393939393939394
 0 -2.333333333333333
 0 -2.272727272727272
 0 -2.212121212121212
 0 -2.151515151515151
 1 -2.090909090909091
 5 -2.03030303030303
 24 -1.96969696969697
 38 -1.909090909090909
 0 -1.848484848484848
 1 -1.787878787878788
 0 -1.727272727272727
 2 -1.666666666666667
 95 -1.606060606060606
 29 -1.545454545454545
 70 -1.484848484848485
 13 -1.424242424242424
 91 -1.363636363636364
 18 -1.303030303030303
 10 -1.242424242424242
 544 -1.181818181818182
 10 -1.121212121212121
 490 -1.060606060606061
 12 -1
 435 -0.9393939393939394
 14 -0.8787878787878789
 476 -0.8181818181818183
 1059 -0.7575757575757573
 657 -0.6969696969696968
 1019 -0.6363636363636362
 614 -0.5757575757575757
 883 -0.5151515151515151
 611 -0.4545454545454546
 831 -0.393939393939394
 4148 -0.333333333333333
 597 -0.2727272727272725
 2945 -0.2121212121212119
 5 -0.1515151515151514
 2625 -0.09090909090909083
 8 -0.03030303030303028
 2605 0.03030303030303028
 14 0.09090909090909083
 2217 0.1515151515151514
 1768 0.2121212121212124
 2312 0.2727272727272729
 1608 0.3333333333333335
 631 0.393939393939394
 894 0.4545454545454546
 664 0.5151515151515151
 815 0.5757575757575757
 585 0.6363636363636367
 790 0.6969696969696972
 620 0.7575757575757578
 11 0.8181818181818183
 541 0.8787878787878789
 11 0.9393939393939394
 537 1
 13 1.060606060606061
 490 1.121212121212121
 10 1.181818181818182
 23 1.242424242424242
 89 1.303030303030303
 31 1.363636363636363
 85 1.424242424242425
 32 1.484848484848485
 83 1.545454545454546
 0 1.606060606060606
 0 1.666666666666667
 3 1.727272727272728
 23 1.787878787878788
 2 1.848484848484849
 20 1.909090909090909
 2 1.96969696969697
 0 2.03030303030303
 0 2.090909090909091
 0 2.151515151515151
 1 2.212121212121212
 0 2.272727272727272
 0 2.333333333333334
 2 2.393939393939394
 0 2.454545454545455
 1 2.515151515151516
 0 2.575757575757576
 0 2.636363636363637
 0 2.696969696969697
 0 2.757575757575758
 0 2.818181818181818
 0 2.878787878787879
 0 2.939393939393939
 0 3


