# Created by Octave 3.8.2, Sun Jun 21 03:18:25 2020 CEST <damian@fptrucha.inv.usc.es>
# name: hd
# type: matrix
# rows: 100
# columns: 2
 0 -3
 0 -2.939393939393939
 0 -2.878787878787879
 0 -2.818181818181818
 0 -2.757575757575758
 0 -2.696969696969697
 0 -2.636363636363636
 0 -2.575757575757576
 0 -2.515151515151515
 4 -2.454545454545455
 1 -2.393939393939394
 0 -2.333333333333333
 1 -2.272727272727272
 0 -2.212121212121212
 0 -2.151515151515151
 1 -2.090909090909091
 6 -2.03030303030303
 15 -1.96969696969697
 29 -1.909090909090909
 1 -1.848484848484848
 0 -1.787878787878788
 0 -1.727272727272727
 1 -1.666666666666667
 90 -1.606060606060606
 22 -1.545454545454545
 96 -1.484848484848485
 14 -1.424242424242424
 86 -1.363636363636364
 13 -1.303030303030303
 9 -1.242424242424242
 512 -1.181818181818182
 15 -1.121212121212121
 472 -1.060606060606061
 8 -1
 452 -0.9393939393939394
 12 -0.8787878787878789
 441 -0.8181818181818183
 1001 -0.7575757575757573
 690 -0.6969696969696968
 1013 -0.6363636363636362
 645 -0.5757575757575757
 848 -0.5151515151515151
 575 -0.4545454545454546
 798 -0.393939393939394
 4124 -0.333333333333333
 495 -0.2727272727272725
 2767 -0.2121212121212119
 7 -0.1515151515151514
 2519 -0.09090909090909083
 7 -0.03030303030303028
 2344 0.03030303030303028
 13 0.09090909090909083
 2140 0.1515151515151514
 1691 0.2121212121212124
 2173 0.2727272727272729
 1547 0.3333333333333335
 656 0.393939393939394
 919 0.4545454545454546
 620 0.5151515151515151
 822 0.5757575757575757
 576 0.6363636363636367
 832 0.6969696969696972
 536 0.7575757575757578
 10 0.8181818181818183
 507 0.8787878787878789
 15 0.9393939393939394
 464 1
 8 1.060606060606061
 457 1.121212121212121
 12 1.181818181818182
 26 1.242424242424242
 79 1.303030303030303
 33 1.363636363636363
 103 1.424242424242425
 30 1.484848484848485
 94 1.545454545454546
 0 1.606060606060606
 0 1.666666666666667
 2 1.727272727272728
 21 1.787878787878788
 3 1.848484848484849
 37 1.909090909090909
 5 1.96969696969697
 2 2.03030303030303
 0 2.090909090909091
 0 2.151515151515151
 1 2.212121212121212
 0 2.272727272727272
 0 2.333333333333334
 5 2.393939393939394
 0 2.454545454545455
 2 2.515151515151516
 0 2.575757575757576
 0 2.636363636363637
 0 2.696969696969697
 0 2.757575757575758
 0 2.818181818181818
 0 2.878787878787879
 0 2.939393939393939
 0 3


