# Created by Octave 3.8.2, Mon Jun 22 15:19:10 2020 CEST <damian@fptrucha.inv.usc.es>
# name: hd
# type: matrix
# rows: 100
# columns: 2
 0 -3
 0 -2.939393939393939
 0 -2.878787878787879
 0 -2.818181818181818
 0 -2.757575757575758
 0 -2.696969696969697
 0 -2.636363636363636
 1 -2.575757575757576
 0 -2.515151515151515
 3 -2.454545454545455
 0 -2.393939393939394
 0 -2.333333333333333
 1 -2.272727272727272
 0 -2.212121212121212
 0 -2.151515151515151
 2 -2.090909090909091
 3 -2.03030303030303
 22 -1.96969696969697
 20 -1.909090909090909
 2 -1.848484848484848
 0 -1.787878787878788
 0 -1.727272727272727
 1 -1.666666666666667
 55 -1.606060606060606
 18 -1.545454545454545
 60 -1.484848484848485
 11 -1.424242424242424
 59 -1.363636363636364
 10 -1.303030303030303
 5 -1.242424242424242
 379 -1.181818181818182
 12 -1.121212121212121
 350 -1.060606060606061
 9 -1
 354 -0.9393939393939394
 15 -0.8787878787878789
 337 -0.8181818181818183
 604 -0.7575757575757573
 425 -0.6969696969696968
 698 -0.6363636363636362
 435 -0.5757575757575757
 614 -0.5151515151515151
 427 -0.4545454545454546
 612 -0.393939393939394
 2715 -0.333333333333333
 371 -0.2727272727272725
 1773 -0.2121212121212119
 10 -0.1515151515151514
 1766 -0.09090909090909083
 5 -0.03030303030303028
 1741 0.03030303030303028
 11 0.09090909090909083
 1529 0.1515151515151514
 1062 0.2121212121212124
 1582 0.2727272727272729
 1158 0.3333333333333335
 462 0.393939393939394
 624 0.4545454545454546
 438 0.5151515151515151
 546 0.5757575757575757
 449 0.6363636363636367
 557 0.6969696969696972
 396 0.7575757575757578
 8 0.8181818181818183
 370 0.8787878787878789
 10 0.9393939393939394
 376 1
 14 1.060606060606061
 374 1.121212121212121
 9 1.181818181818182
 21 1.242424242424242
 79 1.303030303030303
 21 1.363636363636363
 83 1.424242424242425
 33 1.484848484848485
 84 1.545454545454546
 2 1.606060606060606
 0 1.666666666666667
 3 1.727272727272728
 35 1.787878787878788
 5 1.848484848484849
 26 1.909090909090909
 1 1.96969696969697
 2 2.03030303030303
 0 2.090909090909091
 0 2.151515151515151
 0 2.212121212121212
 0 2.272727272727272
 1 2.333333333333334
 9 2.393939393939394
 0 2.454545454545455
 0 2.515151515151516
 0 2.575757575757576
 0 2.636363636363637
 0 2.696969696969697
 0 2.757575757575758
 0 2.818181818181818
 0 2.878787878787879
 0 2.939393939393939
 0 3


