# Created by Octave 3.8.2, Mon Jun 22 10:45:21 2020 CEST <damian@fptrucha.inv.usc.es>
# name: hd
# type: matrix
# rows: 100
# columns: 2
 0 -3
 0 -2.939393939393939
 0 -2.878787878787879
 0 -2.818181818181818
 0 -2.757575757575758
 0 -2.696969696969697
 0 -2.636363636363636
 0 -2.575757575757576
 2 -2.515151515151515
 7 -2.454545454545455
 1 -2.393939393939394
 0 -2.333333333333333
 0 -2.272727272727272
 0 -2.212121212121212
 0 -2.151515151515151
 1 -2.090909090909091
 6 -2.03030303030303
 31 -1.96969696969697
 27 -1.909090909090909
 3 -1.848484848484848
 3 -1.787878787878788
 0 -1.727272727272727
 0 -1.666666666666667
 90 -1.606060606060606
 34 -1.545454545454545
 96 -1.484848484848485
 25 -1.424242424242424
 116 -1.363636363636364
 19 -1.303030303030303
 11 -1.242424242424242
 557 -1.181818181818182
 16 -1.121212121212121
 502 -1.060606060606061
 12 -1
 490 -0.9393939393939394
 15 -0.8787878787878789
 470 -0.8181818181818183
 812 -0.7575757575757573
 546 -0.6969696969696968
 958 -0.6363636363636362
 621 -0.5757575757575757
 891 -0.5151515151515151
 578 -0.4545454545454546
 890 -0.393939393939394
 4116 -0.333333333333333
 557 -0.2727272727272725
 2601 -0.2121212121212119
 16 -0.1515151515151514
 2686 -0.09090909090909083
 4 -0.03030303030303028
 2496 0.03030303030303028
 15 0.09090909090909083
 2347 0.1515151515151514
 1600 0.2121212121212124
 2325 0.2727272727272729
 1571 0.3333333333333335
 648 0.393939393939394
 974 0.4545454545454546
 629 0.5151515151515151
 860 0.5757575757575757
 603 0.6363636363636367
 827 0.6969696969696972
 514 0.7575757575757578
 18 0.8181818181818183
 528 0.8787878787878789
 14 0.9393939393939394
 528 1
 15 1.060606060606061
 513 1.121212121212121
 19 1.181818181818182
 28 1.242424242424242
 99 1.303030303030303
 32 1.363636363636363
 103 1.424242424242425
 34 1.484848484848485
 103 1.545454545454546
 2 1.606060606060606
 0 1.666666666666667
 1 1.727272727272728
 36 1.787878787878788
 5 1.848484848484849
 27 1.909090909090909
 8 1.96969696969697
 2 2.03030303030303
 0 2.090909090909091
 0 2.151515151515151
 1 2.212121212121212
 1 2.272727272727272
 1 2.333333333333334
 6 2.393939393939394
 1 2.454545454545455
 0 2.515151515151516
 0 2.575757575757576
 0 2.636363636363637
 0 2.696969696969697
 0 2.757575757575758
 0 2.818181818181818
 0 2.878787878787879
 0 2.939393939393939
 0 3


