# Created by Octave 3.8.2, Sat Jun 20 09:41:54 2020 CEST <damian@fptrucha.inv.usc.es>
# name: hd
# type: matrix
# rows: 100
# columns: 2
 0 -3
 0 -2.939393939393939
 0 -2.878787878787879
 0 -2.818181818181818
 0 -2.757575757575758
 0 -2.696969696969697
 0 -2.636363636363636
 1 -2.575757575757576
 0 -2.515151515151515
 5 -2.454545454545455
 0 -2.393939393939394
 1 -2.333333333333333
 0 -2.272727272727272
 0 -2.212121212121212
 0 -2.151515151515151
 2 -2.090909090909091
 4 -2.03030303030303
 26 -1.96969696969697
 36 -1.909090909090909
 2 -1.848484848484848
 1 -1.787878787878788
 0 -1.727272727272727
 1 -1.666666666666667
 112 -1.606060606060606
 25 -1.545454545454545
 105 -1.484848484848485
 24 -1.424242424242424
 81 -1.363636363636364
 20 -1.303030303030303
 15 -1.242424242424242
 573 -1.181818181818182
 15 -1.121212121212121
 590 -1.060606060606061
 14 -1
 487 -0.9393939393939394
 17 -0.8787878787878789
 479 -0.8181818181818183
 1141 -0.7575757575757573
 745 -0.6969696969696968
 1095 -0.6363636363636362
 696 -0.5757575757575757
 991 -0.5151515151515151
 662 -0.4545454545454546
 1020 -0.393939393939394
 4755 -0.333333333333333
 581 -0.2727272727272725
 3217 -0.2121212121212119
 10 -0.1515151515151514
 2992 -0.09090909090909083
 6 -0.03030303030303028
 2950 0.03030303030303028
 11 0.09090909090909083
 2461 0.1515151515151514
 2033 0.2121212121212124
 2399 0.2727272727272729
 1853 0.3333333333333335
 700 0.393939393939394
 1031 0.4545454545454546
 707 0.5151515151515151
 915 0.5757575757575757
 652 0.6363636363636367
 838 0.6969696969696972
 674 0.7575757575757578
 14 0.8181818181818183
 628 0.8787878787878789
 17 0.9393939393939394
 589 1
 22 1.060606060606061
 585 1.121212121212121
 14 1.181818181818182
 29 1.242424242424242
 134 1.303030303030303
 25 1.363636363636363
 118 1.424242424242425
 30 1.484848484848485
 89 1.545454545454546
 1 1.606060606060606
 0 1.666666666666667
 3 1.727272727272728
 37 1.787878787878788
 3 1.848484848484849
 38 1.909090909090909
 5 1.96969696969697
 0 2.03030303030303
 0 2.090909090909091
 0 2.151515151515151
 1 2.212121212121212
 0 2.272727272727272
 2 2.333333333333334
 10 2.393939393939394
 1 2.454545454545455
 1 2.515151515151516
 0 2.575757575757576
 0 2.636363636363637
 0 2.696969696969697
 0 2.757575757575758
 0 2.818181818181818
 0 2.878787878787879
 0 2.939393939393939
 0 3


