# Created by Octave 3.8.2, Mon Jun 22 13:01:53 2020 CEST <damian@fptrucha.inv.usc.es>
# name: hd
# type: matrix
# rows: 100
# columns: 2
 0 -3
 0 -2.939393939393939
 0 -2.878787878787879
 0 -2.818181818181818
 0 -2.757575757575758
 0 -2.696969696969697
 0 -2.636363636363636
 1 -2.575757575757576
 0 -2.515151515151515
 7 -2.454545454545455
 0 -2.393939393939394
 0 -2.333333333333333
 0 -2.272727272727272
 0 -2.212121212121212
 0 -2.151515151515151
 0 -2.090909090909091
 2 -2.03030303030303
 38 -1.96969696969697
 42 -1.909090909090909
 2 -1.848484848484848
 1 -1.787878787878788
 0 -1.727272727272727
 2 -1.666666666666667
 98 -1.606060606060606
 30 -1.545454545454545
 130 -1.484848484848485
 28 -1.424242424242424
 107 -1.363636363636364
 18 -1.303030303030303
 18 -1.242424242424242
 555 -1.181818181818182
 19 -1.121212121212121
 515 -1.060606060606061
 20 -1
 518 -0.9393939393939394
 18 -0.8787878787878789
 513 -0.8181818181818183
 890 -0.7575757575757573
 639 -0.6969696969696968
 991 -0.6363636363636362
 607 -0.5757575757575757
 932 -0.5151515151515151
 654 -0.4545454545454546
 911 -0.393939393939394
 4134 -0.333333333333333
 588 -0.2727272727272725
 2637 -0.2121212121212119
 11 -0.1515151515151514
 2670 -0.09090909090909083
 12 -0.03030303030303028
 2517 0.03030303030303028
 20 0.09090909090909083
 2348 0.1515151515151514
 1570 0.2121212121212124
 2432 0.2727272727272729
 1590 0.3333333333333335
 636 0.393939393939394
 872 0.4545454545454546
 674 0.5151515151515151
 850 0.5757575757575757
 646 0.6363636363636367
 837 0.6969696969696972
 534 0.7575757575757578
 16 0.8181818181818183
 538 0.8787878787878789
 17 0.9393939393939394
 574 1
 6 1.060606060606061
 520 1.121212121212121
 12 1.181818181818182
 35 1.242424242424242
 112 1.303030303030303
 23 1.363636363636363
 89 1.424242424242425
 26 1.484848484848485
 93 1.545454545454546
 1 1.606060606060606
 0 1.666666666666667
 3 1.727272727272728
 29 1.787878787878788
 6 1.848484848484849
 39 1.909090909090909
 3 1.96969696969697
 0 2.03030303030303
 0 2.090909090909091
 0 2.151515151515151
 1 2.212121212121212
 1 2.272727272727272
 1 2.333333333333334
 10 2.393939393939394
 0 2.454545454545455
 1 2.515151515151516
 0 2.575757575757576
 0 2.636363636363637
 0 2.696969696969697
 0 2.757575757575758
 0 2.818181818181818
 0 2.878787878787879
 0 2.939393939393939
 0 3


