# Created by Octave 3.8.2, Sat Jun 20 15:48:36 2020 CEST <damian@fptrucha.inv.usc.es>
# name: hd
# type: matrix
# rows: 100
# columns: 2
 0 -3
 0 -2.939393939393939
 0 -2.878787878787879
 0 -2.818181818181818
 0 -2.757575757575758
 0 -2.696969696969697
 0 -2.636363636363636
 1 -2.575757575757576
 1 -2.515151515151515
 6 -2.454545454545455
 1 -2.393939393939394
 0 -2.333333333333333
 0 -2.272727272727272
 0 -2.212121212121212
 0 -2.151515151515151
 1 -2.090909090909091
 3 -2.03030303030303
 21 -1.96969696969697
 23 -1.909090909090909
 3 -1.848484848484848
 1 -1.787878787878788
 0 -1.727272727272727
 0 -1.666666666666667
 87 -1.606060606060606
 19 -1.545454545454545
 87 -1.484848484848485
 20 -1.424242424242424
 79 -1.363636363636364
 32 -1.303030303030303
 14 -1.242424242424242
 525 -1.181818181818182
 8 -1.121212121212121
 497 -1.060606060606061
 12 -1
 456 -0.9393939393939394
 16 -0.8787878787878789
 415 -0.8181818181818183
 1004 -0.7575757575757573
 611 -0.6969696969696968
 1027 -0.6363636363636362
 638 -0.5757575757575757
 924 -0.5151515151515151
 616 -0.4545454545454546
 895 -0.393939393939394
 4359 -0.333333333333333
 527 -0.2727272727272725
 2921 -0.2121212121212119
 4 -0.1515151515151514
 2729 -0.09090909090909083
 8 -0.03030303030303028
 2567 0.03030303030303028
 8 0.09090909090909083
 2256 0.1515151515151514
 1889 0.2121212121212124
 2213 0.2727272727272729
 1730 0.3333333333333335
 655 0.393939393939394
 920 0.4545454545454546
 680 0.5151515151515151
 860 0.5757575757575757
 593 0.6363636363636367
 810 0.6969696969696972
 583 0.7575757575757578
 7 0.8181818181818183
 590 0.8787878787878789
 17 0.9393939393939394
 580 1
 9 1.060606060606061
 505 1.121212121212121
 7 1.181818181818182
 28 1.242424242424242
 95 1.303030303030303
 19 1.363636363636363
 100 1.424242424242425
 24 1.484848484848485
 83 1.545454545454546
 1 1.606060606060606
 0 1.666666666666667
 3 1.727272727272728
 35 1.787878787878788
 3 1.848484848484849
 27 1.909090909090909
 5 1.96969696969697
 2 2.03030303030303
 0 2.090909090909091
 0 2.151515151515151
 2 2.212121212121212
 1 2.272727272727272
 0 2.333333333333334
 8 2.393939393939394
 0 2.454545454545455
 0 2.515151515151516
 0 2.575757575757576
 0 2.636363636363637
 0 2.696969696969697
 0 2.757575757575758
 0 2.818181818181818
 0 2.878787878787879
 0 2.939393939393939
 0 3


