# Created by Octave 3.8.2, Sat Jun 20 19:34:17 2020 CEST <damian@fptrucha.inv.usc.es>
# name: hd
# type: matrix
# rows: 100
# columns: 2
 0 -3
 0 -2.939393939393939
 0 -2.878787878787879
 0 -2.818181818181818
 0 -2.757575757575758
 0 -2.696969696969697
 0 -2.636363636363636
 1 -2.575757575757576
 4 -2.515151515151515
 2 -2.454545454545455
 0 -2.393939393939394
 1 -2.333333333333333
 1 -2.272727272727272
 0 -2.212121212121212
 0 -2.151515151515151
 2 -2.090909090909091
 4 -2.03030303030303
 20 -1.96969696969697
 23 -1.909090909090909
 2 -1.848484848484848
 1 -1.787878787878788
 0 -1.727272727272727
 2 -1.666666666666667
 94 -1.606060606060606
 22 -1.545454545454545
 75 -1.484848484848485
 14 -1.424242424242424
 91 -1.363636363636364
 16 -1.303030303030303
 12 -1.242424242424242
 490 -1.181818181818182
 12 -1.121212121212121
 494 -1.060606060606061
 10 -1
 446 -0.9393939393939394
 15 -0.8787878787878789
 397 -0.8181818181818183
 988 -0.7575757575757573
 669 -0.6969696969696968
 1074 -0.6363636363636362
 625 -0.5757575757575757
 868 -0.5151515151515151
 549 -0.4545454545454546
 764 -0.393939393939394
 4062 -0.333333333333333
 534 -0.2727272727272725
 2864 -0.2121212121212119
 5 -0.1515151515151514
 2617 -0.09090909090909083
 8 -0.03030303030303028
 2482 0.03030303030303028
 13 0.09090909090909083
 2092 0.1515151515151514
 1809 0.2121212121212124
 2247 0.2727272727272729
 1637 0.3333333333333335
 664 0.393939393939394
 886 0.4545454545454546
 661 0.5151515151515151
 835 0.5757575757575757
 553 0.6363636363636367
 747 0.6969696969696972
 556 0.7575757575757578
 10 0.8181818181818183
 527 0.8787878787878789
 10 0.9393939393939394
 550 1
 17 1.060606060606061
 514 1.121212121212121
 11 1.181818181818182
 28 1.242424242424242
 101 1.303030303030303
 21 1.363636363636363
 97 1.424242424242425
 19 1.484848484848485
 106 1.545454545454546
 2 1.606060606060606
 0 1.666666666666667
 0 1.727272727272728
 24 1.787878787878788
 2 1.848484848484849
 35 1.909090909090909
 2 1.96969696969697
 0 2.03030303030303
 0 2.090909090909091
 0 2.151515151515151
 3 2.212121212121212
 0 2.272727272727272
 1 2.333333333333334
 2 2.393939393939394
 1 2.454545454545455
 0 2.515151515151516
 0 2.575757575757576
 0 2.636363636363637
 0 2.696969696969697
 0 2.757575757575758
 0 2.818181818181818
 0 2.878787878787879
 0 2.939393939393939
 0 3


