# Created by Octave 3.8.2, Mon Jun 22 19:12:25 2020 CEST <damian@fptrucha.inv.usc.es>
# name: hd
# type: matrix
# rows: 100
# columns: 2
 0 -3
 0 -2.939393939393939
 0 -2.878787878787879
 0 -2.818181818181818
 0 -2.757575757575758
 0 -2.696969696969697
 0 -2.636363636363636
 0 -2.575757575757576
 0 -2.515151515151515
 7 -2.454545454545455
 2 -2.393939393939394
 2 -2.333333333333333
 0 -2.272727272727272
 0 -2.212121212121212
 0 -2.151515151515151
 2 -2.090909090909091
 8 -2.03030303030303
 38 -1.96969696969697
 41 -1.909090909090909
 1 -1.848484848484848
 1 -1.787878787878788
 0 -1.727272727272727
 2 -1.666666666666667
 116 -1.606060606060606
 27 -1.545454545454545
 96 -1.484848484848485
 26 -1.424242424242424
 108 -1.363636363636364
 31 -1.303030303030303
 9 -1.242424242424242
 560 -1.181818181818182
 16 -1.121212121212121
 606 -1.060606060606061
 19 -1
 558 -0.9393939393939394
 22 -0.8787878787878789
 517 -0.8181818181818183
 945 -0.7575757575757573
 671 -0.6969696969696968
 1097 -0.6363636363636362
 686 -0.5757575757575757
 966 -0.5151515151515151
 672 -0.4545454545454546
 1011 -0.393939393939394
 4519 -0.333333333333333
 625 -0.2727272727272725
 2782 -0.2121212121212119
 10 -0.1515151515151514
 2739 -0.09090909090909083
 19 -0.03030303030303028
 2594 0.03030303030303028
 10 0.09090909090909083
 2350 0.1515151515151514
 1600 0.2121212121212124
 2505 0.2727272727272729
 1571 0.3333333333333335
 646 0.393939393939394
 907 0.4545454545454546
 652 0.5151515151515151
 859 0.5757575757575757
 611 0.6363636363636367
 856 0.6969696969696972
 597 0.7575757575757578
 11 0.8181818181818183
 560 0.8787878787878789
 12 0.9393939393939394
 552 1
 14 1.060606060606061
 515 1.121212121212121
 16 1.181818181818182
 33 1.242424242424242
 113 1.303030303030303
 30 1.363636363636363
 109 1.424242424242425
 25 1.484848484848485
 104 1.545454545454546
 6 1.606060606060606
 0 1.666666666666667
 2 1.727272727272728
 26 1.787878787878788
 3 1.848484848484849
 40 1.909090909090909
 2 1.96969696969697
 4 2.03030303030303
 0 2.090909090909091
 0 2.151515151515151
 3 2.212121212121212
 0 2.272727272727272
 1 2.333333333333334
 11 2.393939393939394
 1 2.454545454545455
 1 2.515151515151516
 0 2.575757575757576
 0 2.636363636363637
 0 2.696969696969697
 0 2.757575757575758
 0 2.818181818181818
 0 2.878787878787879
 0 2.939393939393939
 0 3


