# Created by Octave 3.8.2, Mon Jun 22 23:56:14 2020 CEST <damian@fptrucha.inv.usc.es>
# name: hd
# type: matrix
# rows: 100
# columns: 2
 0 -3
 0 -2.939393939393939
 0 -2.878787878787879
 0 -2.818181818181818
 0 -2.757575757575758
 0 -2.696969696969697
 0 -2.636363636363636
 0 -2.575757575757576
 2 -2.515151515151515
 11 -2.454545454545455
 0 -2.393939393939394
 0 -2.333333333333333
 1 -2.272727272727272
 0 -2.212121212121212
 0 -2.151515151515151
 2 -2.090909090909091
 2 -2.03030303030303
 44 -1.96969696969697
 33 -1.909090909090909
 3 -1.848484848484848
 3 -1.787878787878788
 0 -1.727272727272727
 2 -1.666666666666667
 143 -1.606060606060606
 24 -1.545454545454545
 126 -1.484848484848485
 27 -1.424242424242424
 102 -1.363636363636364
 15 -1.303030303030303
 11 -1.242424242424242
 615 -1.181818181818182
 17 -1.121212121212121
 580 -1.060606060606061
 16 -1
 596 -0.9393939393939394
 19 -0.8787878787878789
 571 -0.8181818181818183
 1060 -0.7575757575757573
 664 -0.6969696969696968
 1139 -0.6363636363636362
 688 -0.5757575757575757
 962 -0.5151515151515151
 671 -0.4545454545454546
 1033 -0.393939393939394
 4605 -0.333333333333333
 598 -0.2727272727272725
 2901 -0.2121212121212119
 10 -0.1515151515151514
 2860 -0.09090909090909083
 11 -0.03030303030303028
 2582 0.03030303030303028
 16 0.09090909090909083
 2477 0.1515151515151514
 1676 0.2121212121212124
 2423 0.2727272727272729
 1679 0.3333333333333335
 698 0.393939393939394
 909 0.4545454545454546
 712 0.5151515151515151
 876 0.5757575757575757
 647 0.6363636363636367
 874 0.6969696969696972
 556 0.7575757575757578
 13 0.8181818181818183
 554 0.8787878787878789
 20 0.9393939393939394
 578 1
 11 1.060606060606061
 502 1.121212121212121
 13 1.181818181818182
 22 1.242424242424242
 107 1.303030303030303
 33 1.363636363636363
 120 1.424242424242425
 28 1.484848484848485
 105 1.545454545454546
 1 1.606060606060606
 0 1.666666666666667
 2 1.727272727272728
 41 1.787878787878788
 2 1.848484848484849
 21 1.909090909090909
 5 1.96969696969697
 1 2.03030303030303
 0 2.090909090909091
 0 2.151515151515151
 3 2.212121212121212
 1 2.272727272727272
 1 2.333333333333334
 4 2.393939393939394
 2 2.454545454545455
 0 2.515151515151516
 0 2.575757575757576
 0 2.636363636363637
 0 2.696969696969697
 0 2.757575757575758
 0 2.818181818181818
 0 2.878787878787879
 0 2.939393939393939
 0 3


