# Created by Octave 3.8.2, Sat Jun 20 13:23:41 2020 CEST <damian@fptrucha.inv.usc.es>
# name: hd
# type: matrix
# rows: 100
# columns: 2
 0 -3
 0 -2.939393939393939
 0 -2.878787878787879
 0 -2.818181818181818
 0 -2.757575757575758
 0 -2.696969696969697
 0 -2.636363636363636
 2 -2.575757575757576
 3 -2.515151515151515
 7 -2.454545454545455
 0 -2.393939393939394
 0 -2.333333333333333
 0 -2.272727272727272
 0 -2.212121212121212
 0 -2.151515151515151
 0 -2.090909090909091
 5 -2.03030303030303
 22 -1.96969696969697
 23 -1.909090909090909
 0 -1.848484848484848
 1 -1.787878787878788
 0 -1.727272727272727
 2 -1.666666666666667
 95 -1.606060606060606
 21 -1.545454545454545
 88 -1.484848484848485
 18 -1.424242424242424
 86 -1.363636363636364
 21 -1.303030303030303
 20 -1.242424242424242
 605 -1.181818181818182
 21 -1.121212121212121
 568 -1.060606060606061
 10 -1
 451 -0.9393939393939394
 10 -0.8787878787878789
 449 -0.8181818181818183
 1043 -0.7575757575757573
 700 -0.6969696969696968
 1100 -0.6363636363636362
 684 -0.5757575757575757
 894 -0.5151515151515151
 637 -0.4545454545454546
 968 -0.393939393939394
 4395 -0.333333333333333
 573 -0.2727272727272725
 2984 -0.2121212121212119
 9 -0.1515151515151514
 2861 -0.09090909090909083
 6 -0.03030303030303028
 2655 0.03030303030303028
 18 0.09090909090909083
 2305 0.1515151515151514
 1923 0.2121212121212124
 2300 0.2727272727272729
 1752 0.3333333333333335
 672 0.393939393939394
 991 0.4545454545454546
 733 0.5151515151515151
 922 0.5757575757575757
 641 0.6363636363636367
 823 0.6969696969696972
 615 0.7575757575757578
 17 0.8181818181818183
 617 0.8787878787878789
 19 0.9393939393939394
 567 1
 18 1.060606060606061
 576 1.121212121212121
 6 1.181818181818182
 30 1.242424242424242
 134 1.303030303030303
 25 1.363636363636363
 117 1.424242424242425
 37 1.484848484848485
 99 1.545454545454546
 2 1.606060606060606
 0 1.666666666666667
 0 1.727272727272728
 36 1.787878787878788
 5 1.848484848484849
 40 1.909090909090909
 3 1.96969696969697
 3 2.03030303030303
 0 2.090909090909091
 0 2.151515151515151
 0 2.212121212121212
 0 2.272727272727272
 1 2.333333333333334
 13 2.393939393939394
 1 2.454545454545455
 1 2.515151515151516
 0 2.575757575757576
 0 2.636363636363637
 0 2.696969696969697
 0 2.757575757575758
 0 2.818181818181818
 0 2.878787878787879
 0 2.939393939393939
 0 3


