# Created by Octave 3.8.2, Sun Jun 21 02:49:32 2020 CEST <damian@fptrucha.inv.usc.es>
# name: hd
# type: matrix
# rows: 100
# columns: 2
 0 -3
 0 -2.939393939393939
 0 -2.878787878787879
 0 -2.818181818181818
 0 -2.757575757575758
 0 -2.696969696969697
 0 -2.636363636363636
 1 -2.575757575757576
 0 -2.515151515151515
 2 -2.454545454545455
 1 -2.393939393939394
 0 -2.333333333333333
 1 -2.272727272727272
 0 -2.212121212121212
 0 -2.151515151515151
 1 -2.090909090909091
 3 -2.03030303030303
 19 -1.96969696969697
 29 -1.909090909090909
 1 -1.848484848484848
 1 -1.787878787878788
 0 -1.727272727272727
 3 -1.666666666666667
 102 -1.606060606060606
 18 -1.545454545454545
 79 -1.484848484848485
 17 -1.424242424242424
 82 -1.363636363636364
 10 -1.303030303030303
 13 -1.242424242424242
 575 -1.181818181818182
 13 -1.121212121212121
 508 -1.060606060606061
 10 -1
 436 -0.9393939393939394
 13 -0.8787878787878789
 451 -0.8181818181818183
 946 -0.7575757575757573
 603 -0.6969696969696968
 1003 -0.6363636363636362
 655 -0.5757575757575757
 863 -0.5151515151515151
 576 -0.4545454545454546
 802 -0.393939393939394
 4129 -0.333333333333333
 580 -0.2727272727272725
 2812 -0.2121212121212119
 9 -0.1515151515151514
 2550 -0.09090909090909083
 10 -0.03030303030303028
 2484 0.03030303030303028
 10 0.09090909090909083
 2173 0.1515151515151514
 1668 0.2121212121212124
 2092 0.2727272727272729
 1610 0.3333333333333335
 579 0.393939393939394
 846 0.4545454545454546
 626 0.5151515151515151
 810 0.5757575757575757
 558 0.6363636363636367
 750 0.6969696969696972
 532 0.7575757575757578
 12 0.8181818181818183
 516 0.8787878787878789
 11 0.9393939393939394
 467 1
 11 1.060606060606061
 458 1.121212121212121
 8 1.181818181818182
 20 1.242424242424242
 105 1.303030303030303
 22 1.363636363636363
 106 1.424242424242425
 23 1.484848484848485
 101 1.545454545454546
 2 1.606060606060606
 0 1.666666666666667
 0 1.727272727272728
 32 1.787878787878788
 2 1.848484848484849
 20 1.909090909090909
 2 1.96969696969697
 0 2.03030303030303
 0 2.090909090909091
 0 2.151515151515151
 0 2.212121212121212
 1 2.272727272727272
 0 2.333333333333334
 2 2.393939393939394
 2 2.454545454545455
 0 2.515151515151516
 0 2.575757575757576
 0 2.636363636363637
 0 2.696969696969697
 0 2.757575757575758
 0 2.818181818181818
 0 2.878787878787879
 0 2.939393939393939
 0 3


