# Created by Octave 3.8.2, Sun Jun 21 03:19:30 2020 CEST <damian@fptrucha.inv.usc.es>
# name: hd
# type: matrix
# rows: 100
# columns: 2
 0 -3
 0 -2.939393939393939
 0 -2.878787878787879
 0 -2.818181818181818
 0 -2.757575757575758
 0 -2.696969696969697
 0 -2.636363636363636
 1 -2.575757575757576
 1 -2.515151515151515
 4 -2.454545454545455
 1 -2.393939393939394
 1 -2.333333333333333
 0 -2.272727272727272
 0 -2.212121212121212
 0 -2.151515151515151
 1 -2.090909090909091
 1 -2.03030303030303
 23 -1.96969696969697
 26 -1.909090909090909
 0 -1.848484848484848
 0 -1.787878787878788
 0 -1.727272727272727
 2 -1.666666666666667
 96 -1.606060606060606
 24 -1.545454545454545
 90 -1.484848484848485
 13 -1.424242424242424
 78 -1.363636363636364
 14 -1.303030303030303
 13 -1.242424242424242
 521 -1.181818181818182
 16 -1.121212121212121
 502 -1.060606060606061
 6 -1
 463 -0.9393939393939394
 10 -0.8787878787878789
 479 -0.8181818181818183
 955 -0.7575757575757573
 625 -0.6969696969696968
 1013 -0.6363636363636362
 635 -0.5757575757575757
 853 -0.5151515151515151
 540 -0.4545454545454546
 824 -0.393939393939394
 4050 -0.333333333333333
 525 -0.2727272727272725
 2807 -0.2121212121212119
 7 -0.1515151515151514
 2529 -0.09090909090909083
 10 -0.03030303030303028
 2478 0.03030303030303028
 9 0.09090909090909083
 2128 0.1515151515151514
 1666 0.2121212121212124
 2172 0.2727272727272729
 1604 0.3333333333333335
 576 0.393939393939394
 860 0.4545454545454546
 628 0.5151515151515151
 745 0.5757575757575757
 559 0.6363636363636367
 752 0.6969696969696972
 546 0.7575757575757578
 13 0.8181818181818183
 513 0.8787878787878789
 11 0.9393939393939394
 465 1
 17 1.060606060606061
 476 1.121212121212121
 8 1.181818181818182
 29 1.242424242424242
 106 1.303030303030303
 30 1.363636363636363
 111 1.424242424242425
 17 1.484848484848485
 83 1.545454545454546
 2 1.606060606060606
 0 1.666666666666667
 0 1.727272727272728
 33 1.787878787878788
 2 1.848484848484849
 30 1.909090909090909
 2 1.96969696969697
 2 2.03030303030303
 0 2.090909090909091
 0 2.151515151515151
 3 2.212121212121212
 0 2.272727272727272
 1 2.333333333333334
 6 2.393939393939394
 0 2.454545454545455
 0 2.515151515151516
 0 2.575757575757576
 0 2.636363636363637
 0 2.696969696969697
 0 2.757575757575758
 0 2.818181818181818
 0 2.878787878787879
 0 2.939393939393939
 0 3


