# Created by Octave 3.8.2, Sat Jun 20 20:57:15 2020 CEST <damian@fptrucha.inv.usc.es>
# name: hd
# type: matrix
# rows: 100
# columns: 2
 0 -3
 0 -2.939393939393939
 0 -2.878787878787879
 0 -2.818181818181818
 0 -2.757575757575758
 0 -2.696969696969697
 0 -2.636363636363636
 0 -2.575757575757576
 0 -2.515151515151515
 6 -2.454545454545455
 0 -2.393939393939394
 1 -2.333333333333333
 1 -2.272727272727272
 0 -2.212121212121212
 0 -2.151515151515151
 0 -2.090909090909091
 1 -2.03030303030303
 15 -1.96969696969697
 28 -1.909090909090909
 1 -1.848484848484848
 1 -1.787878787878788
 0 -1.727272727272727
 2 -1.666666666666667
 87 -1.606060606060606
 25 -1.545454545454545
 84 -1.484848484848485
 18 -1.424242424242424
 73 -1.363636363636364
 10 -1.303030303030303
 8 -1.242424242424242
 502 -1.181818181818182
 15 -1.121212121212121
 443 -1.060606060606061
 11 -1
 439 -0.9393939393939394
 15 -0.8787878787878789
 386 -0.8181818181818183
 992 -0.7575757575757573
 614 -0.6969696969696968
 974 -0.6363636363636362
 628 -0.5757575757575757
 903 -0.5151515151515151
 532 -0.4545454545454546
 816 -0.393939393939394
 4033 -0.333333333333333
 558 -0.2727272727272725
 2838 -0.2121212121212119
 8 -0.1515151515151514
 2604 -0.09090909090909083
 9 -0.03030303030303028
 2504 0.03030303030303028
 10 0.09090909090909083
 2299 0.1515151515151514
 1802 0.2121212121212124
 2220 0.2727272727272729
 1668 0.3333333333333335
 616 0.393939393939394
 870 0.4545454545454546
 664 0.5151515151515151
 772 0.5757575757575757
 602 0.6363636363636367
 830 0.6969696969696972
 565 0.7575757575757578
 16 0.8181818181818183
 555 0.8787878787878789
 11 0.9393939393939394
 547 1
 15 1.060606060606061
 484 1.121212121212121
 8 1.181818181818182
 26 1.242424242424242
 107 1.303030303030303
 20 1.363636363636363
 111 1.424242424242425
 26 1.484848484848485
 89 1.545454545454546
 1 1.606060606060606
 0 1.666666666666667
 1 1.727272727272728
 38 1.787878787878788
 8 1.848484848484849
 30 1.909090909090909
 5 1.96969696969697
 1 2.03030303030303
 0 2.090909090909091
 0 2.151515151515151
 2 2.212121212121212
 0 2.272727272727272
 0 2.333333333333334
 9 2.393939393939394
 0 2.454545454545455
 2 2.515151515151516
 0 2.575757575757576
 0 2.636363636363637
 0 2.696969696969697
 0 2.757575757575758
 0 2.818181818181818
 0 2.878787878787879
 0 2.939393939393939
 0 3


