# Created by Octave 3.8.2, Sat Jun 20 11:17:56 2020 CEST <damian@fptrucha.inv.usc.es>
# name: hd
# type: matrix
# rows: 100
# columns: 2
 0 -3
 0 -2.939393939393939
 0 -2.878787878787879
 0 -2.818181818181818
 0 -2.757575757575758
 0 -2.696969696969697
 0 -2.636363636363636
 0 -2.575757575757576
 0 -2.515151515151515
 8 -2.454545454545455
 0 -2.393939393939394
 0 -2.333333333333333
 1 -2.272727272727272
 0 -2.212121212121212
 0 -2.151515151515151
 2 -2.090909090909091
 2 -2.03030303030303
 23 -1.96969696969697
 24 -1.909090909090909
 2 -1.848484848484848
 2 -1.787878787878788
 0 -1.727272727272727
 3 -1.666666666666667
 101 -1.606060606060606
 16 -1.545454545454545
 88 -1.484848484848485
 27 -1.424242424242424
 95 -1.363636363636364
 20 -1.303030303030303
 17 -1.242424242424242
 653 -1.181818181818182
 12 -1.121212121212121
 567 -1.060606060606061
 15 -1
 452 -0.9393939393939394
 15 -0.8787878787878789
 475 -0.8181818181818183
 1140 -0.7575757575757573
 772 -0.6969696969696968
 1084 -0.6363636363636362
 653 -0.5757575757575757
 1001 -0.5151515151515151
 640 -0.4545454545454546
 907 -0.393939393939394
 4651 -0.333333333333333
 605 -0.2727272727272725
 3088 -0.2121212121212119
 12 -0.1515151515151514
 2860 -0.09090909090909083
 15 -0.03030303030303028
 2771 0.03030303030303028
 16 0.09090909090909083
 2418 0.1515151515151514
 1969 0.2121212121212124
 2450 0.2727272727272729
 1821 0.3333333333333335
 685 0.393939393939394
 1052 0.4545454545454546
 765 0.5151515151515151
 881 0.5757575757575757
 639 0.6363636363636367
 953 0.6969696969696972
 689 0.7575757575757578
 8 0.8181818181818183
 606 0.8787878787878789
 13 0.9393939393939394
 613 1
 11 1.060606060606061
 545 1.121212121212121
 10 1.181818181818182
 34 1.242424242424242
 107 1.303030303030303
 43 1.363636363636363
 124 1.424242424242425
 15 1.484848484848485
 126 1.545454545454546
 1 1.606060606060606
 0 1.666666666666667
 0 1.727272727272728
 30 1.787878787878788
 4 1.848484848484849
 37 1.909090909090909
 8 1.96969696969697
 0 2.03030303030303
 0 2.090909090909091
 0 2.151515151515151
 0 2.212121212121212
 0 2.272727272727272
 1 2.333333333333334
 4 2.393939393939394
 0 2.454545454545455
 1 2.515151515151516
 0 2.575757575757576
 0 2.636363636363637
 0 2.696969696969697
 0 2.757575757575758
 0 2.818181818181818
 0 2.878787878787879
 0 2.939393939393939
 0 3


