# Created by Octave 3.8.2, Sat Jun 20 02:36:34 2020 CEST <damian@fptrucha.inv.usc.es>
# name: hd
# type: matrix
# rows: 100
# columns: 2
 0 -3
 0 -2.939393939393939
 0 -2.878787878787879
 0 -2.818181818181818
 0 -2.757575757575758
 0 -2.696969696969697
 0 -2.636363636363636
 1 -2.575757575757576
 2 -2.515151515151515
 2 -2.454545454545455
 1 -2.393939393939394
 1 -2.333333333333333
 2 -2.272727272727272
 0 -2.212121212121212
 0 -2.151515151515151
 4 -2.090909090909091
 4 -2.03030303030303
 36 -1.96969696969697
 39 -1.909090909090909
 0 -1.848484848484848
 0 -1.787878787878788
 0 -1.727272727272727
 5 -1.666666666666667
 128 -1.606060606060606
 33 -1.545454545454545
 117 -1.484848484848485
 30 -1.424242424242424
 109 -1.363636363636364
 20 -1.303030303030303
 9 -1.242424242424242
 680 -1.181818181818182
 24 -1.121212121212121
 619 -1.060606060606061
 14 -1
 532 -0.9393939393939394
 13 -0.8787878787878789
 526 -0.8181818181818183
 1117 -0.7575757575757573
 739 -0.6969696969696968
 1193 -0.6363636363636362
 723 -0.5757575757575757
 987 -0.5151515151515151
 646 -0.4545454545454546
 995 -0.393939393939394
 4657 -0.333333333333333
 558 -0.2727272727272725
 3103 -0.2121212121212119
 7 -0.1515151515151514
 2943 -0.09090909090909083
 7 -0.03030303030303028
 2716 0.03030303030303028
 10 0.09090909090909083
 2509 0.1515151515151514
 1726 0.2121212121212124
 2460 0.2727272727272729
 1715 0.3333333333333335
 642 0.393939393939394
 854 0.4545454545454546
 699 0.5151515151515151
 866 0.5757575757575757
 613 0.6363636363636367
 843 0.6969696969696972
 575 0.7575757575757578
 12 0.8181818181818183
 538 0.8787878787878789
 11 0.9393939393939394
 458 1
 12 1.060606060606061
 461 1.121212121212121
 10 1.181818181818182
 32 1.242424242424242
 67 1.303030303030303
 16 1.363636363636363
 78 1.424242424242425
 22 1.484848484848485
 85 1.545454545454546
 0 1.606060606060606
 0 1.666666666666667
 3 1.727272727272728
 19 1.787878787878788
 4 1.848484848484849
 22 1.909090909090909
 6 1.96969696969697
 0 2.03030303030303
 0 2.090909090909091
 0 2.151515151515151
 0 2.212121212121212
 0 2.272727272727272
 0 2.333333333333334
 4 2.393939393939394
 1 2.454545454545455
 0 2.515151515151516
 0 2.575757575757576
 0 2.636363636363637
 0 2.696969696969697
 0 2.757575757575758
 0 2.818181818181818
 0 2.878787878787879
 0 2.939393939393939
 0 3


