# Created by Octave 3.8.2, Sat Jun 20 17:14:11 2020 CEST <damian@fptrucha.inv.usc.es>
# name: hd
# type: matrix
# rows: 100
# columns: 2
 0 -3
 0 -2.939393939393939
 0 -2.878787878787879
 0 -2.818181818181818
 0 -2.757575757575758
 0 -2.696969696969697
 0 -2.636363636363636
 2 -2.575757575757576
 0 -2.515151515151515
 6 -2.454545454545455
 0 -2.393939393939394
 1 -2.333333333333333
 0 -2.272727272727272
 0 -2.212121212121212
 0 -2.151515151515151
 2 -2.090909090909091
 1 -2.03030303030303
 12 -1.96969696969697
 31 -1.909090909090909
 1 -1.848484848484848
 0 -1.787878787878788
 0 -1.727272727272727
 4 -1.666666666666667
 90 -1.606060606060606
 19 -1.545454545454545
 74 -1.484848484848485
 22 -1.424242424242424
 82 -1.363636363636364
 29 -1.303030303030303
 10 -1.242424242424242
 511 -1.181818181818182
 15 -1.121212121212121
 537 -1.060606060606061
 13 -1
 460 -0.9393939393939394
 12 -0.8787878787878789
 450 -0.8181818181818183
 1026 -0.7575757575757573
 722 -0.6969696969696968
 1009 -0.6363636363636362
 648 -0.5757575757575757
 957 -0.5151515151515151
 569 -0.4545454545454546
 882 -0.393939393939394
 4299 -0.333333333333333
 529 -0.2727272727272725
 2923 -0.2121212121212119
 11 -0.1515151515151514
 2658 -0.09090909090909083
 10 -0.03030303030303028
 2618 0.03030303030303028
 19 0.09090909090909083
 2191 0.1515151515151514
 1731 0.2121212121212124
 2235 0.2727272727272729
 1681 0.3333333333333335
 660 0.393939393939394
 858 0.4545454545454546
 680 0.5151515151515151
 832 0.5757575757575757
 563 0.6363636363636367
 850 0.6969696969696972
 550 0.7575757575757578
 13 0.8181818181818183
 506 0.8787878787878789
 8 0.9393939393939394
 529 1
 7 1.060606060606061
 522 1.121212121212121
 13 1.181818181818182
 38 1.242424242424242
 97 1.303030303030303
 23 1.363636363636363
 93 1.424242424242425
 34 1.484848484848485
 78 1.545454545454546
 1 1.606060606060606
 0 1.666666666666667
 1 1.727272727272728
 29 1.787878787878788
 3 1.848484848484849
 19 1.909090909090909
 8 1.96969696969697
 1 2.03030303030303
 0 2.090909090909091
 0 2.151515151515151
 1 2.212121212121212
 0 2.272727272727272
 0 2.333333333333334
 5 2.393939393939394
 0 2.454545454545455
 0 2.515151515151516
 0 2.575757575757576
 0 2.636363636363637
 0 2.696969696969697
 0 2.757575757575758
 0 2.818181818181818
 0 2.878787878787879
 0 2.939393939393939
 0 3


