# Created by Octave 3.8.2, Mon Jun 22 02:15:49 2020 CEST <damian@fptrucha.inv.usc.es>
# name: hd
# type: matrix
# rows: 100
# columns: 2
 0 -3
 0 -2.939393939393939
 0 -2.878787878787879
 0 -2.818181818181818
 0 -2.757575757575758
 0 -2.696969696969697
 0 -2.636363636363636
 3 -2.575757575757576
 0 -2.515151515151515
 9 -2.454545454545455
 3 -2.393939393939394
 0 -2.333333333333333
 1 -2.272727272727272
 0 -2.212121212121212
 0 -2.151515151515151
 3 -2.090909090909091
 6 -2.03030303030303
 36 -1.96969696969697
 40 -1.909090909090909
 2 -1.848484848484848
 3 -1.787878787878788
 0 -1.727272727272727
 2 -1.666666666666667
 97 -1.606060606060606
 33 -1.545454545454545
 110 -1.484848484848485
 21 -1.424242424242424
 98 -1.363636363636364
 19 -1.303030303030303
 15 -1.242424242424242
 566 -1.181818181818182
 14 -1.121212121212121
 514 -1.060606060606061
 11 -1
 493 -0.9393939393939394
 22 -0.8787878787878789
 471 -0.8181818181818183
 977 -0.7575757575757573
 637 -0.6969696969696968
 1039 -0.6363636363636362
 594 -0.5757575757575757
 894 -0.5151515151515151
 564 -0.4545454545454546
 854 -0.393939393939394
 4238 -0.333333333333333
 587 -0.2727272727272725
 2606 -0.2121212121212119
 9 -0.1515151515151514
 2512 -0.09090909090909083
 16 -0.03030303030303028
 2372 0.03030303030303028
 20 0.09090909090909083
 2168 0.1515151515151514
 1776 0.2121212121212124
 2251 0.2727272727272729
 1530 0.3333333333333335
 703 0.393939393939394
 930 0.4545454545454546
 647 0.5151515151515151
 796 0.5757575757575757
 648 0.6363636363636367
 801 0.6969696969696972
 560 0.7575757575757578
 11 0.8181818181818183
 609 0.8787878787878789
 21 0.9393939393939394
 567 1
 16 1.060606060606061
 526 1.121212121212121
 12 1.181818181818182
 42 1.242424242424242
 111 1.303030303030303
 31 1.363636363636363
 108 1.424242424242425
 42 1.484848484848485
 106 1.545454545454546
 1 1.606060606060606
 0 1.666666666666667
 3 1.727272727272728
 37 1.787878787878788
 8 1.848484848484849
 22 1.909090909090909
 5 1.96969696969697
 3 2.03030303030303
 0 2.090909090909091
 0 2.151515151515151
 1 2.212121212121212
 0 2.272727272727272
 1 2.333333333333334
 7 2.393939393939394
 1 2.454545454545455
 1 2.515151515151516
 0 2.575757575757576
 0 2.636363636363637
 0 2.696969696969697
 0 2.757575757575758
 0 2.818181818181818
 0 2.878787878787879
 0 2.939393939393939
 0 3


