# Created by Octave 3.8.2, Sat Jun 20 03:33:26 2020 CEST <damian@fptrucha.inv.usc.es>
# name: hd
# type: matrix
# rows: 100
# columns: 2
 0 -3
 0 -2.939393939393939
 0 -2.878787878787879
 0 -2.818181818181818
 0 -2.757575757575758
 0 -2.696969696969697
 0 -2.636363636363636
 0 -2.575757575757576
 0 -2.515151515151515
 4 -2.454545454545455
 1 -2.393939393939394
 0 -2.333333333333333
 0 -2.272727272727272
 0 -2.212121212121212
 0 -2.151515151515151
 1 -2.090909090909091
 3 -2.03030303030303
 22 -1.96969696969697
 33 -1.909090909090909
 0 -1.848484848484848
 3 -1.787878787878788
 0 -1.727272727272727
 2 -1.666666666666667
 113 -1.606060606060606
 31 -1.545454545454545
 77 -1.484848484848485
 21 -1.424242424242424
 95 -1.363636363636364
 16 -1.303030303030303
 11 -1.242424242424242
 633 -1.181818181818182
 19 -1.121212121212121
 579 -1.060606060606061
 8 -1
 506 -0.9393939393939394
 14 -0.8787878787878789
 489 -0.8181818181818183
 1115 -0.7575757575757573
 776 -0.6969696969696968
 1115 -0.6363636363636362
 703 -0.5757575757575757
 1013 -0.5151515151515151
 683 -0.4545454545454546
 911 -0.393939393939394
 4704 -0.333333333333333
 536 -0.2727272727272725
 3124 -0.2121212121212119
 15 -0.1515151515151514
 2970 -0.09090909090909083
 9 -0.03030303030303028
 2721 0.03030303030303028
 16 0.09090909090909083
 2408 0.1515151515151514
 1874 0.2121212121212124
 2593 0.2727272727272729
 1770 0.3333333333333335
 670 0.393939393939394
 915 0.4545454545454546
 725 0.5151515151515151
 904 0.5757575757575757
 600 0.6363636363636367
 853 0.6969696969696972
 600 0.7575757575757578
 17 0.8181818181818183
 562 0.8787878787878789
 16 0.9393939393939394
 574 1
 15 1.060606060606061
 473 1.121212121212121
 4 1.181818181818182
 29 1.242424242424242
 99 1.303030303030303
 23 1.363636363636363
 115 1.424242424242425
 26 1.484848484848485
 67 1.545454545454546
 1 1.606060606060606
 0 1.666666666666667
 4 1.727272727272728
 32 1.787878787878788
 2 1.848484848484849
 31 1.909090909090909
 2 1.96969696969697
 2 2.03030303030303
 0 2.090909090909091
 0 2.151515151515151
 0 2.212121212121212
 0 2.272727272727272
 0 2.333333333333334
 10 2.393939393939394
 0 2.454545454545455
 0 2.515151515151516
 0 2.575757575757576
 0 2.636363636363637
 0 2.696969696969697
 0 2.757575757575758
 0 2.818181818181818
 0 2.878787878787879
 0 2.939393939393939
 0 3


