# Created by Octave 3.8.2, Mon Jun 22 13:13:14 2020 CEST <damian@fptrucha.inv.usc.es>
# name: hd
# type: matrix
# rows: 100
# columns: 2
 0 -3
 0 -2.939393939393939
 0 -2.878787878787879
 0 -2.818181818181818
 0 -2.757575757575758
 0 -2.696969696969697
 0 -2.636363636363636
 2 -2.575757575757576
 0 -2.515151515151515
 8 -2.454545454545455
 1 -2.393939393939394
 2 -2.333333333333333
 1 -2.272727272727272
 0 -2.212121212121212
 0 -2.151515151515151
 1 -2.090909090909091
 1 -2.03030303030303
 28 -1.96969696969697
 23 -1.909090909090909
 3 -1.848484848484848
 1 -1.787878787878788
 0 -1.727272727272727
 6 -1.666666666666667
 106 -1.606060606060606
 29 -1.545454545454545
 126 -1.484848484848485
 26 -1.424242424242424
 110 -1.363636363636364
 34 -1.303030303030303
 23 -1.242424242424242
 528 -1.181818181818182
 10 -1.121212121212121
 509 -1.060606060606061
 17 -1
 552 -0.9393939393939394
 16 -0.8787878787878789
 533 -0.8181818181818183
 926 -0.7575757575757573
 600 -0.6969696969696968
 947 -0.6363636363636362
 641 -0.5757575757575757
 934 -0.5151515151515151
 639 -0.4545454545454546
 948 -0.393939393939394
 4150 -0.333333333333333
 620 -0.2727272727272725
 2618 -0.2121212121212119
 10 -0.1515151515151514
 2562 -0.09090909090909083
 14 -0.03030303030303028
 2472 0.03030303030303028
 22 0.09090909090909083
 2362 0.1515151515151514
 1576 0.2121212121212124
 2372 0.2727272727272729
 1607 0.3333333333333335
 677 0.393939393939394
 895 0.4545454545454546
 659 0.5151515151515151
 869 0.5757575757575757
 637 0.6363636363636367
 836 0.6969696969696972
 587 0.7575757575757578
 7 0.8181818181818183
 601 0.8787878787878789
 11 0.9393939393939394
 553 1
 18 1.060606060606061
 515 1.121212121212121
 12 1.181818181818182
 24 1.242424242424242
 109 1.303030303030303
 27 1.363636363636363
 111 1.424242424242425
 33 1.484848484848485
 97 1.545454545454546
 2 1.606060606060606
 0 1.666666666666667
 1 1.727272727272728
 48 1.787878787878788
 5 1.848484848484849
 31 1.909090909090909
 3 1.96969696969697
 0 2.03030303030303
 0 2.090909090909091
 0 2.151515151515151
 2 2.212121212121212
 0 2.272727272727272
 1 2.333333333333334
 11 2.393939393939394
 0 2.454545454545455
 0 2.515151515151516
 0 2.575757575757576
 0 2.636363636363637
 0 2.696969696969697
 0 2.757575757575758
 0 2.818181818181818
 0 2.878787878787879
 0 2.939393939393939
 0 3


