# Created by Octave 3.8.2, Mon Jun 22 07:17:20 2020 CEST <damian@fptrucha.inv.usc.es>
# name: hd
# type: matrix
# rows: 100
# columns: 2
 0 -3
 0 -2.939393939393939
 0 -2.878787878787879
 0 -2.818181818181818
 0 -2.757575757575758
 0 -2.696969696969697
 0 -2.636363636363636
 1 -2.575757575757576
 1 -2.515151515151515
 3 -2.454545454545455
 1 -2.393939393939394
 1 -2.333333333333333
 0 -2.272727272727272
 0 -2.212121212121212
 0 -2.151515151515151
 1 -2.090909090909091
 1 -2.03030303030303
 35 -1.96969696969697
 36 -1.909090909090909
 3 -1.848484848484848
 2 -1.787878787878788
 0 -1.727272727272727
 3 -1.666666666666667
 85 -1.606060606060606
 30 -1.545454545454545
 139 -1.484848484848485
 34 -1.424242424242424
 105 -1.363636363636364
 24 -1.303030303030303
 11 -1.242424242424242
 515 -1.181818181818182
 15 -1.121212121212121
 532 -1.060606060606061
 23 -1
 513 -0.9393939393939394
 25 -0.8787878787878789
 503 -0.8181818181818183
 886 -0.7575757575757573
 555 -0.6969696969696968
 909 -0.6363636363636362
 591 -0.5757575757575757
 856 -0.5151515151515151
 604 -0.4545454545454546
 944 -0.393939393939394
 3906 -0.333333333333333
 542 -0.2727272727272725
 2447 -0.2121212121212119
 19 -0.1515151515151514
 2515 -0.09090909090909083
 13 -0.03030303030303028
 2405 0.03030303030303028
 24 0.09090909090909083
 2173 0.1515151515151514
 1495 0.2121212121212124
 2267 0.2727272727272729
 1491 0.3333333333333335
 640 0.393939393939394
 899 0.4545454545454546
 605 0.5151515151515151
 785 0.5757575757575757
 626 0.6363636363636367
 836 0.6969696969696972
 541 0.7575757575757578
 9 0.8181818181818183
 517 0.8787878787878789
 13 0.9393939393939394
 547 1
 11 1.060606060606061
 508 1.121212121212121
 13 1.181818181818182
 33 1.242424242424242
 112 1.303030303030303
 29 1.363636363636363
 110 1.424242424242425
 30 1.484848484848485
 90 1.545454545454546
 2 1.606060606060606
 0 1.666666666666667
 2 1.727272727272728
 38 1.787878787878788
 4 1.848484848484849
 41 1.909090909090909
 5 1.96969696969697
 2 2.03030303030303
 0 2.090909090909091
 0 2.151515151515151
 4 2.212121212121212
 0 2.272727272727272
 2 2.333333333333334
 10 2.393939393939394
 0 2.454545454545455
 4 2.515151515151516
 0 2.575757575757576
 0 2.636363636363637
 0 2.696969696969697
 0 2.757575757575758
 0 2.818181818181818
 0 2.878787878787879
 0 2.939393939393939
 0 3


