# Created by Octave 3.8.2, Mon Jun 22 02:45:09 2020 CEST <damian@fptrucha.inv.usc.es>
# name: hd
# type: matrix
# rows: 100
# columns: 2
 0 -3
 0 -2.939393939393939
 0 -2.878787878787879
 0 -2.818181818181818
 0 -2.757575757575758
 0 -2.696969696969697
 0 -2.636363636363636
 3 -2.575757575757576
 1 -2.515151515151515
 9 -2.454545454545455
 0 -2.393939393939394
 1 -2.333333333333333
 1 -2.272727272727272
 0 -2.212121212121212
 0 -2.151515151515151
 3 -2.090909090909091
 3 -2.03030303030303
 31 -1.96969696969697
 34 -1.909090909090909
 2 -1.848484848484848
 1 -1.787878787878788
 0 -1.727272727272727
 5 -1.666666666666667
 83 -1.606060606060606
 22 -1.545454545454545
 93 -1.484848484848485
 23 -1.424242424242424
 114 -1.363636363636364
 24 -1.303030303030303
 14 -1.242424242424242
 469 -1.181818181818182
 16 -1.121212121212121
 480 -1.060606060606061
 20 -1
 487 -0.9393939393939394
 25 -0.8787878787878789
 495 -0.8181818181818183
 825 -0.7575757575757573
 572 -0.6969696969696968
 878 -0.6363636363636362
 577 -0.5757575757575757
 847 -0.5151515151515151
 637 -0.4545454545454546
 838 -0.393939393939394
 3804 -0.333333333333333
 544 -0.2727272727272725
 2274 -0.2121212121212119
 19 -0.1515151515151514
 2430 -0.09090909090909083
 15 -0.03030303030303028
 2402 0.03030303030303028
 29 0.09090909090909083
 2131 0.1515151515151514
 1606 0.2121212121212124
 2112 0.2727272727272729
 1481 0.3333333333333335
 611 0.393939393939394
 890 0.4545454545454546
 634 0.5151515151515151
 777 0.5757575757575757
 589 0.6363636363636367
 775 0.6969696969696972
 512 0.7575757575757578
 16 0.8181818181818183
 550 0.8787878787878789
 22 0.9393939393939394
 532 1
 18 1.060606060606061
 489 1.121212121212121
 18 1.181818181818182
 25 1.242424242424242
 100 1.303030303030303
 28 1.363636363636363
 122 1.424242424242425
 27 1.484848484848485
 104 1.545454545454546
 3 1.606060606060606
 0 1.666666666666667
 1 1.727272727272728
 46 1.787878787878788
 3 1.848484848484849
 40 1.909090909090909
 5 1.96969696969697
 2 2.03030303030303
 0 2.090909090909091
 0 2.151515151515151
 0 2.212121212121212
 0 2.272727272727272
 3 2.333333333333334
 13 2.393939393939394
 1 2.454545454545455
 1 2.515151515151516
 0 2.575757575757576
 0 2.636363636363637
 0 2.696969696969697
 0 2.757575757575758
 0 2.818181818181818
 0 2.878787878787879
 0 2.939393939393939
 0 3


