# Created by Octave 3.8.2, Mon Jun 22 18:33:12 2020 CEST <damian@fptrucha.inv.usc.es>
# name: hd
# type: matrix
# rows: 100
# columns: 2
 0 -3
 0 -2.939393939393939
 0 -2.878787878787879
 0 -2.818181818181818
 0 -2.757575757575758
 0 -2.696969696969697
 0 -2.636363636363636
 1 -2.575757575757576
 0 -2.515151515151515
 6 -2.454545454545455
 0 -2.393939393939394
 0 -2.333333333333333
 1 -2.272727272727272
 0 -2.212121212121212
 0 -2.151515151515151
 2 -2.090909090909091
 6 -2.03030303030303
 32 -1.96969696969697
 33 -1.909090909090909
 1 -1.848484848484848
 2 -1.787878787878788
 0 -1.727272727272727
 0 -1.666666666666667
 107 -1.606060606060606
 27 -1.545454545454545
 129 -1.484848484848485
 31 -1.424242424242424
 141 -1.363636363636364
 24 -1.303030303030303
 16 -1.242424242424242
 629 -1.181818181818182
 23 -1.121212121212121
 561 -1.060606060606061
 21 -1
 595 -0.9393939393939394
 21 -0.8787878787878789
 616 -0.8181818181818183
 951 -0.7575757575757573
 630 -0.6969696969696968
 1039 -0.6363636363636362
 680 -0.5757575757575757
 979 -0.5151515151515151
 622 -0.4545454545454546
 958 -0.393939393939394
 4341 -0.333333333333333
 626 -0.2727272727272725
 2851 -0.2121212121212119
 15 -0.1515151515151514
 2735 -0.09090909090909083
 15 -0.03030303030303028
 2603 0.03030303030303028
 14 0.09090909090909083
 2363 0.1515151515151514
 1571 0.2121212121212124
 2395 0.2727272727272729
 1633 0.3333333333333335
 708 0.393939393939394
 894 0.4545454545454546
 666 0.5151515151515151
 840 0.5757575757575757
 622 0.6363636363636367
 838 0.6969696969696972
 558 0.7575757575757578
 9 0.8181818181818183
 552 0.8787878787878789
 16 0.9393939393939394
 544 1
 17 1.060606060606061
 489 1.121212121212121
 12 1.181818181818182
 31 1.242424242424242
 114 1.303030303030303
 27 1.363636363636363
 118 1.424242424242425
 25 1.484848484848485
 94 1.545454545454546
 3 1.606060606060606
 0 1.666666666666667
 3 1.727272727272728
 37 1.787878787878788
 5 1.848484848484849
 37 1.909090909090909
 3 1.96969696969697
 0 2.03030303030303
 0 2.090909090909091
 0 2.151515151515151
 1 2.212121212121212
 2 2.272727272727272
 0 2.333333333333334
 6 2.393939393939394
 1 2.454545454545455
 2 2.515151515151516
 0 2.575757575757576
 0 2.636363636363637
 0 2.696969696969697
 0 2.757575757575758
 0 2.818181818181818
 0 2.878787878787879
 0 2.939393939393939
 0 3


