# Created by Octave 3.8.2, Tue Jun 23 00:08:49 2020 CEST <damian@fptrucha.inv.usc.es>
# name: hd
# type: matrix
# rows: 100
# columns: 2
 0 -3
 0 -2.939393939393939
 0 -2.878787878787879
 0 -2.818181818181818
 0 -2.757575757575758
 0 -2.696969696969697
 0 -2.636363636363636
 1 -2.575757575757576
 0 -2.515151515151515
 6 -2.454545454545455
 0 -2.393939393939394
 0 -2.333333333333333
 1 -2.272727272727272
 0 -2.212121212121212
 0 -2.151515151515151
 1 -2.090909090909091
 4 -2.03030303030303
 34 -1.96969696969697
 36 -1.909090909090909
 1 -1.848484848484848
 0 -1.787878787878788
 0 -1.727272727272727
 4 -1.666666666666667
 110 -1.606060606060606
 34 -1.545454545454545
 139 -1.484848484848485
 29 -1.424242424242424
 113 -1.363636363636364
 20 -1.303030303030303
 17 -1.242424242424242
 610 -1.181818181818182
 16 -1.121212121212121
 603 -1.060606060606061
 18 -1
 610 -0.9393939393939394
 20 -0.8787878787878789
 614 -0.8181818181818183
 1040 -0.7575757575757573
 745 -0.6969696969696968
 1135 -0.6363636363636362
 732 -0.5757575757575757
 1008 -0.5151515151515151
 651 -0.4545454545454546
 1022 -0.393939393939394
 4550 -0.333333333333333
 664 -0.2727272727272725
 2885 -0.2121212121212119
 11 -0.1515151515151514
 2837 -0.09090909090909083
 12 -0.03030303030303028
 2590 0.03030303030303028
 20 0.09090909090909083
 2407 0.1515151515151514
 1583 0.2121212121212124
 2462 0.2727272727272729
 1702 0.3333333333333335
 660 0.393939393939394
 878 0.4545454545454546
 658 0.5151515151515151
 815 0.5757575757575757
 600 0.6363636363636367
 844 0.6969696969696972
 549 0.7575757575757578
 12 0.8181818181818183
 560 0.8787878787878789
 8 0.9393939393939394
 533 1
 13 1.060606060606061
 523 1.121212121212121
 11 1.181818181818182
 19 1.242424242424242
 100 1.303030303030303
 38 1.363636363636363
 115 1.424242424242425
 23 1.484848484848485
 115 1.545454545454546
 1 1.606060606060606
 0 1.666666666666667
 3 1.727272727272728
 34 1.787878787878788
 3 1.848484848484849
 38 1.909090909090909
 6 1.96969696969697
 0 2.03030303030303
 0 2.090909090909091
 0 2.151515151515151
 0 2.212121212121212
 1 2.272727272727272
 0 2.333333333333334
 10 2.393939393939394
 0 2.454545454545455
 3 2.515151515151516
 0 2.575757575757576
 0 2.636363636363637
 0 2.696969696969697
 0 2.757575757575758
 0 2.818181818181818
 0 2.878787878787879
 0 2.939393939393939
 0 3


