# Created by Octave 3.8.2, Sat Jun 20 03:32:05 2020 CEST <damian@fptrucha.inv.usc.es>
# name: hd
# type: matrix
# rows: 100
# columns: 2
 0 -3
 0 -2.939393939393939
 0 -2.878787878787879
 0 -2.818181818181818
 0 -2.757575757575758
 0 -2.696969696969697
 0 -2.636363636363636
 0 -2.575757575757576
 0 -2.515151515151515
 2 -2.454545454545455
 1 -2.393939393939394
 1 -2.333333333333333
 1 -2.272727272727272
 0 -2.212121212121212
 0 -2.151515151515151
 1 -2.090909090909091
 6 -2.03030303030303
 28 -1.96969696969697
 35 -1.909090909090909
 2 -1.848484848484848
 3 -1.787878787878788
 0 -1.727272727272727
 0 -1.666666666666667
 116 -1.606060606060606
 29 -1.545454545454545
 82 -1.484848484848485
 22 -1.424242424242424
 114 -1.363636363636364
 18 -1.303030303030303
 13 -1.242424242424242
 656 -1.181818181818182
 18 -1.121212121212121
 607 -1.060606060606061
 13 -1
 501 -0.9393939393939394
 13 -0.8787878787878789
 493 -0.8181818181818183
 1028 -0.7575757575757573
 737 -0.6969696969696968
 1179 -0.6363636363636362
 726 -0.5757575757575757
 1006 -0.5151515151515151
 655 -0.4545454545454546
 906 -0.393939393939394
 4607 -0.333333333333333
 610 -0.2727272727272725
 3128 -0.2121212121212119
 7 -0.1515151515151514
 2885 -0.09090909090909083
 11 -0.03030303030303028
 2851 0.03030303030303028
 17 0.09090909090909083
 2439 0.1515151515151514
 1782 0.2121212121212124
 2543 0.2727272727272729
 1701 0.3333333333333335
 654 0.393939393939394
 911 0.4545454545454546
 741 0.5151515151515151
 848 0.5757575757575757
 622 0.6363636363636367
 832 0.6969696969696972
 563 0.7575757575757578
 14 0.8181818181818183
 576 0.8787878787878789
 16 0.9393939393939394
 537 1
 10 1.060606060606061
 513 1.121212121212121
 10 1.181818181818182
 28 1.242424242424242
 87 1.303030303030303
 23 1.363636363636363
 96 1.424242424242425
 28 1.484848484848485
 86 1.545454545454546
 2 1.606060606060606
 0 1.666666666666667
 5 1.727272727272728
 36 1.787878787878788
 2 1.848484848484849
 25 1.909090909090909
 6 1.96969696969697
 1 2.03030303030303
 0 2.090909090909091
 0 2.151515151515151
 0 2.212121212121212
 0 2.272727272727272
 1 2.333333333333334
 7 2.393939393939394
 0 2.454545454545455
 1 2.515151515151516
 0 2.575757575757576
 0 2.636363636363637
 0 2.696969696969697
 0 2.757575757575758
 0 2.818181818181818
 0 2.878787878787879
 0 2.939393939393939
 0 3


