# Created by Octave 3.8.2, Mon Jun 22 15:59:17 2020 CEST <damian@fptrucha.inv.usc.es>
# name: hd
# type: matrix
# rows: 100
# columns: 2
 0 -3
 0 -2.939393939393939
 0 -2.878787878787879
 0 -2.818181818181818
 0 -2.757575757575758
 0 -2.696969696969697
 0 -2.636363636363636
 3 -2.575757575757576
 2 -2.515151515151515
 8 -2.454545454545455
 0 -2.393939393939394
 1 -2.333333333333333
 2 -2.272727272727272
 0 -2.212121212121212
 0 -2.151515151515151
 3 -2.090909090909091
 0 -2.03030303030303
 33 -1.96969696969697
 34 -1.909090909090909
 1 -1.848484848484848
 2 -1.787878787878788
 0 -1.727272727272727
 1 -1.666666666666667
 87 -1.606060606060606
 34 -1.545454545454545
 105 -1.484848484848485
 26 -1.424242424242424
 118 -1.363636363636364
 19 -1.303030303030303
 19 -1.242424242424242
 626 -1.181818181818182
 18 -1.121212121212121
 549 -1.060606060606061
 21 -1
 579 -0.9393939393939394
 19 -0.8787878787878789
 490 -0.8181818181818183
 911 -0.7575757575757573
 648 -0.6969696969696968
 1065 -0.6363636363636362
 641 -0.5757575757575757
 899 -0.5151515151515151
 604 -0.4545454545454546
 956 -0.393939393939394
 4224 -0.333333333333333
 609 -0.2727272727272725
 2705 -0.2121212121212119
 13 -0.1515151515151514
 2699 -0.09090909090909083
 13 -0.03030303030303028
 2543 0.03030303030303028
 15 0.09090909090909083
 2255 0.1515151515151514
 1695 0.2121212121212124
 2344 0.2727272727272729
 1679 0.3333333333333335
 690 0.393939393939394
 1009 0.4545454545454546
 729 0.5151515151515151
 889 0.5757575757575757
 666 0.6363636363636367
 863 0.6969696969696972
 612 0.7575757575757578
 19 0.8181818181818183
 595 0.8787878787878789
 29 0.9393939393939394
 558 1
 13 1.060606060606061
 539 1.121212121212121
 16 1.181818181818182
 44 1.242424242424242
 125 1.303030303030303
 41 1.363636363636363
 107 1.424242424242425
 36 1.484848484848485
 112 1.545454545454546
 0 1.606060606060606
 0 1.666666666666667
 0 1.727272727272728
 45 1.787878787878788
 4 1.848484848484849
 48 1.909090909090909
 6 1.96969696969697
 5 2.03030303030303
 0 2.090909090909091
 0 2.151515151515151
 2 2.212121212121212
 1 2.272727272727272
 1 2.333333333333334
 9 2.393939393939394
 0 2.454545454545455
 1 2.515151515151516
 0 2.575757575757576
 0 2.636363636363637
 0 2.696969696969697
 0 2.757575757575758
 0 2.818181818181818
 0 2.878787878787879
 0 2.939393939393939
 0 3


