# Created by Octave 3.8.2, Sat Jun 20 06:53:37 2020 CEST <damian@fptrucha.inv.usc.es>
# name: hd
# type: matrix
# rows: 100
# columns: 2
 0 -3
 0 -2.939393939393939
 0 -2.878787878787879
 0 -2.818181818181818
 0 -2.757575757575758
 0 -2.696969696969697
 0 -2.636363636363636
 1 -2.575757575757576
 0 -2.515151515151515
 6 -2.454545454545455
 0 -2.393939393939394
 0 -2.333333333333333
 1 -2.272727272727272
 0 -2.212121212121212
 0 -2.151515151515151
 2 -2.090909090909091
 4 -2.03030303030303
 37 -1.96969696969697
 39 -1.909090909090909
 0 -1.848484848484848
 1 -1.787878787878788
 0 -1.727272727272727
 3 -1.666666666666667
 109 -1.606060606060606
 31 -1.545454545454545
 103 -1.484848484848485
 30 -1.424242424242424
 119 -1.363636363636364
 33 -1.303030303030303
 19 -1.242424242424242
 685 -1.181818181818182
 25 -1.121212121212121
 625 -1.060606060606061
 13 -1
 583 -0.9393939393939394
 25 -0.8787878787878789
 567 -0.8181818181818183
 1161 -0.7575757575757573
 787 -0.6969696969696968
 1229 -0.6363636363636362
 735 -0.5757575757575757
 1063 -0.5151515151515151
 697 -0.4545454545454546
 996 -0.393939393939394
 4794 -0.333333333333333
 645 -0.2727272727272725
 3262 -0.2121212121212119
 9 -0.1515151515151514
 2895 -0.09090909090909083
 10 -0.03030303030303028
 2826 0.03030303030303028
 7 0.09090909090909083
 2545 0.1515151515151514
 1768 0.2121212121212124
 2538 0.2727272727272729
 1749 0.3333333333333335
 656 0.393939393939394
 957 0.4545454545454546
 693 0.5151515151515151
 860 0.5757575757575757
 636 0.6363636363636367
 820 0.6969696969696972
 577 0.7575757575757578
 6 0.8181818181818183
 526 0.8787878787878789
 7 0.9393939393939394
 536 1
 13 1.060606060606061
 477 1.121212121212121
 8 1.181818181818182
 29 1.242424242424242
 92 1.303030303030303
 31 1.363636363636363
 97 1.424242424242425
 13 1.484848484848485
 83 1.545454545454546
 1 1.606060606060606
 0 1.666666666666667
 3 1.727272727272728
 24 1.787878787878788
 5 1.848484848484849
 29 1.909090909090909
 4 1.96969696969697
 1 2.03030303030303
 0 2.090909090909091
 0 2.151515151515151
 0 2.212121212121212
 1 2.272727272727272
 0 2.333333333333334
 5 2.393939393939394
 0 2.454545454545455
 0 2.515151515151516
 0 2.575757575757576
 0 2.636363636363637
 0 2.696969696969697
 0 2.757575757575758
 0 2.818181818181818
 0 2.878787878787879
 0 2.939393939393939
 0 3


