# Created by Octave 3.8.2, Sat Jun 20 22:24:25 2020 CEST <damian@fptrucha.inv.usc.es>
# name: hd
# type: matrix
# rows: 100
# columns: 2
 0 -3
 0 -2.939393939393939
 0 -2.878787878787879
 0 -2.818181818181818
 0 -2.757575757575758
 0 -2.696969696969697
 0 -2.636363636363636
 1 -2.575757575757576
 0 -2.515151515151515
 1 -2.454545454545455
 0 -2.393939393939394
 0 -2.333333333333333
 0 -2.272727272727272
 0 -2.212121212121212
 0 -2.151515151515151
 1 -2.090909090909091
 0 -2.03030303030303
 26 -1.96969696969697
 18 -1.909090909090909
 1 -1.848484848484848
 2 -1.787878787878788
 0 -1.727272727272727
 2 -1.666666666666667
 97 -1.606060606060606
 28 -1.545454545454545
 81 -1.484848484848485
 25 -1.424242424242424
 70 -1.363636363636364
 8 -1.303030303030303
 8 -1.242424242424242
 548 -1.181818181818182
 17 -1.121212121212121
 514 -1.060606060606061
 7 -1
 419 -0.9393939393939394
 18 -0.8787878787878789
 412 -0.8181818181818183
 1020 -0.7575757575757573
 672 -0.6969696969696968
 1027 -0.6363636363636362
 612 -0.5757575757575757
 827 -0.5151515151515151
 507 -0.4545454545454546
 740 -0.393939393939394
 4164 -0.333333333333333
 505 -0.2727272727272725
 2827 -0.2121212121212119
 12 -0.1515151515151514
 2693 -0.09090909090909083
 8 -0.03030303030303028
 2402 0.03030303030303028
 10 0.09090909090909083
 2166 0.1515151515151514
 1729 0.2121212121212124
 2136 0.2727272727272729
 1627 0.3333333333333335
 587 0.393939393939394
 847 0.4545454545454546
 650 0.5151515151515151
 799 0.5757575757575757
 561 0.6363636363636367
 766 0.6969696969696972
 604 0.7575757575757578
 13 0.8181818181818183
 531 0.8787878787878789
 16 0.9393939393939394
 529 1
 10 1.060606060606061
 517 1.121212121212121
 15 1.181818181818182
 29 1.242424242424242
 114 1.303030303030303
 19 1.363636363636363
 118 1.424242424242425
 33 1.484848484848485
 94 1.545454545454546
 1 1.606060606060606
 0 1.666666666666667
 2 1.727272727272728
 39 1.787878787878788
 7 1.848484848484849
 21 1.909090909090909
 2 1.96969696969697
 0 2.03030303030303
 0 2.090909090909091
 0 2.151515151515151
 0 2.212121212121212
 1 2.272727272727272
 0 2.333333333333334
 3 2.393939393939394
 0 2.454545454545455
 1 2.515151515151516
 0 2.575757575757576
 0 2.636363636363637
 0 2.696969696969697
 0 2.757575757575758
 0 2.818181818181818
 0 2.878787878787879
 0 2.939393939393939
 0 3


