# Created by Octave 3.8.2, Mon Jun 22 22:23:34 2020 CEST <damian@fptrucha.inv.usc.es>
# name: hd
# type: matrix
# rows: 100
# columns: 2
 0 -3
 0 -2.939393939393939
 0 -2.878787878787879
 0 -2.818181818181818
 0 -2.757575757575758
 0 -2.696969696969697
 0 -2.636363636363636
 2 -2.575757575757576
 1 -2.515151515151515
 4 -2.454545454545455
 0 -2.393939393939394
 0 -2.333333333333333
 1 -2.272727272727272
 0 -2.212121212121212
 0 -2.151515151515151
 1 -2.090909090909091
 0 -2.03030303030303
 37 -1.96969696969697
 47 -1.909090909090909
 0 -1.848484848484848
 4 -1.787878787878788
 0 -1.727272727272727
 1 -1.666666666666667
 144 -1.606060606060606
 25 -1.545454545454545
 116 -1.484848484848485
 26 -1.424242424242424
 111 -1.363636363636364
 30 -1.303030303030303
 11 -1.242424242424242
 617 -1.181818181818182
 18 -1.121212121212121
 537 -1.060606060606061
 13 -1
 526 -0.9393939393939394
 19 -0.8787878787878789
 574 -0.8181818181818183
 1025 -0.7575757575757573
 730 -0.6969696969696968
 1066 -0.6363636363636362
 671 -0.5757575757575757
 933 -0.5151515151515151
 658 -0.4545454545454546
 1016 -0.393939393939394
 4466 -0.333333333333333
 645 -0.2727272727272725
 2926 -0.2121212121212119
 14 -0.1515151515151514
 2908 -0.09090909090909083
 16 -0.03030303030303028
 2697 0.03030303030303028
 26 0.09090909090909083
 2449 0.1515151515151514
 1599 0.2121212121212124
 2507 0.2727272727272729
 1608 0.3333333333333335
 664 0.393939393939394
 969 0.4545454545454546
 660 0.5151515151515151
 874 0.5757575757575757
 690 0.6363636363636367
 885 0.6969696969696972
 584 0.7575757575757578
 16 0.8181818181818183
 601 0.8787878787878789
 9 0.9393939393939394
 597 1
 20 1.060606060606061
 535 1.121212121212121
 13 1.181818181818182
 37 1.242424242424242
 122 1.303030303030303
 24 1.363636363636363
 106 1.424242424242425
 38 1.484848484848485
 97 1.545454545454546
 2 1.606060606060606
 0 1.666666666666667
 3 1.727272727272728
 45 1.787878787878788
 6 1.848484848484849
 39 1.909090909090909
 4 1.96969696969697
 0 2.03030303030303
 0 2.090909090909091
 0 2.151515151515151
 1 2.212121212121212
 1 2.272727272727272
 0 2.333333333333334
 12 2.393939393939394
 1 2.454545454545455
 2 2.515151515151516
 0 2.575757575757576
 0 2.636363636363637
 0 2.696969696969697
 0 2.757575757575758
 0 2.818181818181818
 0 2.878787878787879
 0 2.939393939393939
 0 3


