# Created by Octave 3.8.2, Sat Jun 20 13:48:05 2020 CEST <damian@fptrucha.inv.usc.es>
# name: hd
# type: matrix
# rows: 100
# columns: 2
 0 -3
 0 -2.939393939393939
 0 -2.878787878787879
 0 -2.818181818181818
 0 -2.757575757575758
 0 -2.696969696969697
 0 -2.636363636363636
 1 -2.575757575757576
 0 -2.515151515151515
 5 -2.454545454545455
 0 -2.393939393939394
 0 -2.333333333333333
 0 -2.272727272727272
 0 -2.212121212121212
 0 -2.151515151515151
 0 -2.090909090909091
 3 -2.03030303030303
 23 -1.96969696969697
 21 -1.909090909090909
 2 -1.848484848484848
 2 -1.787878787878788
 0 -1.727272727272727
 0 -1.666666666666667
 112 -1.606060606060606
 23 -1.545454545454545
 99 -1.484848484848485
 11 -1.424242424242424
 89 -1.363636363636364
 14 -1.303030303030303
 15 -1.242424242424242
 560 -1.181818181818182
 17 -1.121212121212121
 492 -1.060606060606061
 10 -1
 456 -0.9393939393939394
 13 -0.8787878787878789
 410 -0.8181818181818183
 1052 -0.7575757575757573
 740 -0.6969696969696968
 1055 -0.6363636363636362
 679 -0.5757575757575757
 903 -0.5151515151515151
 580 -0.4545454545454546
 886 -0.393939393939394
 4464 -0.333333333333333
 554 -0.2727272727272725
 3095 -0.2121212121212119
 9 -0.1515151515151514
 2743 -0.09090909090909083
 11 -0.03030303030303028
 2615 0.03030303030303028
 6 0.09090909090909083
 2302 0.1515151515151514
 1865 0.2121212121212124
 2354 0.2727272727272729
 1789 0.3333333333333335
 661 0.393939393939394
 995 0.4545454545454546
 681 0.5151515151515151
 879 0.5757575757575757
 580 0.6363636363636367
 885 0.6969696969696972
 601 0.7575757575757578
 11 0.8181818181818183
 615 0.8787878787878789
 18 0.9393939393939394
 554 1
 17 1.060606060606061
 537 1.121212121212121
 11 1.181818181818182
 29 1.242424242424242
 121 1.303030303030303
 26 1.363636363636363
 111 1.424242424242425
 22 1.484848484848485
 116 1.545454545454546
 2 1.606060606060606
 0 1.666666666666667
 3 1.727272727272728
 40 1.787878787878788
 6 1.848484848484849
 20 1.909090909090909
 5 1.96969696969697
 2 2.03030303030303
 0 2.090909090909091
 0 2.151515151515151
 1 2.212121212121212
 0 2.272727272727272
 1 2.333333333333334
 9 2.393939393939394
 0 2.454545454545455
 0 2.515151515151516
 0 2.575757575757576
 0 2.636363636363637
 0 2.696969696969697
 0 2.757575757575758
 0 2.818181818181818
 0 2.878787878787879
 0 2.939393939393939
 0 3


