# Created by Octave 3.8.2, Mon Jun 22 11:41:07 2020 CEST <damian@fptrucha.inv.usc.es>
# name: hd
# type: matrix
# rows: 100
# columns: 2
 0 -3
 0 -2.939393939393939
 0 -2.878787878787879
 0 -2.818181818181818
 0 -2.757575757575758
 0 -2.696969696969697
 0 -2.636363636363636
 1 -2.575757575757576
 0 -2.515151515151515
 8 -2.454545454545455
 1 -2.393939393939394
 0 -2.333333333333333
 1 -2.272727272727272
 0 -2.212121212121212
 0 -2.151515151515151
 1 -2.090909090909091
 1 -2.03030303030303
 24 -1.96969696969697
 35 -1.909090909090909
 5 -1.848484848484848
 2 -1.787878787878788
 0 -1.727272727272727
 2 -1.666666666666667
 92 -1.606060606060606
 25 -1.545454545454545
 97 -1.484848484848485
 30 -1.424242424242424
 136 -1.363636363636364
 19 -1.303030303030303
 18 -1.242424242424242
 492 -1.181818181818182
 17 -1.121212121212121
 553 -1.060606060606061
 25 -1
 516 -0.9393939393939394
 23 -0.8787878787878789
 481 -0.8181818181818183
 850 -0.7575757575757573
 615 -0.6969696969696968
 964 -0.6363636363636362
 597 -0.5757575757575757
 884 -0.5151515151515151
 609 -0.4545454545454546
 931 -0.393939393939394
 3999 -0.333333333333333
 583 -0.2727272727272725
 2531 -0.2121212121212119
 7 -0.1515151515151514
 2671 -0.09090909090909083
 11 -0.03030303030303028
 2489 0.03030303030303028
 26 0.09090909090909083
 2246 0.1515151515151514
 1515 0.2121212121212124
 2287 0.2727272727272729
 1546 0.3333333333333335
 661 0.393939393939394
 911 0.4545454545454546
 656 0.5151515151515151
 850 0.5757575757575757
 629 0.6363636363636367
 870 0.6969696969696972
 584 0.7575757575757578
 10 0.8181818181818183
 540 0.8787878787878789
 16 0.9393939393939394
 582 1
 20 1.060606060606061
 585 1.121212121212121
 16 1.181818181818182
 39 1.242424242424242
 88 1.303030303030303
 31 1.363636363636363
 122 1.424242424242425
 26 1.484848484848485
 113 1.545454545454546
 7 1.606060606060606
 0 1.666666666666667
 3 1.727272727272728
 45 1.787878787878788
 5 1.848484848484849
 27 1.909090909090909
 2 1.96969696969697
 0 2.03030303030303
 0 2.090909090909091
 0 2.151515151515151
 6 2.212121212121212
 2 2.272727272727272
 0 2.333333333333334
 8 2.393939393939394
 0 2.454545454545455
 1 2.515151515151516
 0 2.575757575757576
 0 2.636363636363637
 0 2.696969696969697
 0 2.757575757575758
 0 2.818181818181818
 0 2.878787878787879
 0 2.939393939393939
 0 3


