# Created by Octave 3.8.2, Sun Jun 21 06:08:44 2020 CEST <damian@fptrucha.inv.usc.es>
# name: hd
# type: matrix
# rows: 100
# columns: 2
 0 -3
 0 -2.939393939393939
 0 -2.878787878787879
 0 -2.818181818181818
 0 -2.757575757575758
 0 -2.696969696969697
 0 -2.636363636363636
 2 -2.575757575757576
 1 -2.515151515151515
 3 -2.454545454545455
 0 -2.393939393939394
 0 -2.333333333333333
 1 -2.272727272727272
 0 -2.212121212121212
 0 -2.151515151515151
 0 -2.090909090909091
 4 -2.03030303030303
 28 -1.96969696969697
 29 -1.909090909090909
 2 -1.848484848484848
 0 -1.787878787878788
 0 -1.727272727272727
 1 -1.666666666666667
 78 -1.606060606060606
 25 -1.545454545454545
 82 -1.484848484848485
 28 -1.424242424242424
 82 -1.363636363636364
 18 -1.303030303030303
 11 -1.242424242424242
 531 -1.181818181818182
 15 -1.121212121212121
 518 -1.060606060606061
 9 -1
 458 -0.9393939393939394
 15 -0.8787878787878789
 443 -0.8181818181818183
 986 -0.7575757575757573
 675 -0.6969696969696968
 1065 -0.6363636363636362
 629 -0.5757575757575757
 849 -0.5151515151515151
 552 -0.4545454545454546
 816 -0.393939393939394
 4086 -0.333333333333333
 506 -0.2727272727272725
 2907 -0.2121212121212119
 7 -0.1515151515151514
 2635 -0.09090909090909083
 7 -0.03030303030303028
 2468 0.03030303030303028
 10 0.09090909090909083
 2122 0.1515151515151514
 1695 0.2121212121212124
 2192 0.2727272727272729
 1615 0.3333333333333335
 590 0.393939393939394
 860 0.4545454545454546
 607 0.5151515151515151
 787 0.5757575757575757
 601 0.6363636363636367
 797 0.6969696969696972
 597 0.7575757575757578
 10 0.8181818181818183
 553 0.8787878787878789
 12 0.9393939393939394
 480 1
 10 1.060606060606061
 526 1.121212121212121
 11 1.181818181818182
 25 1.242424242424242
 104 1.303030303030303
 24 1.363636363636363
 81 1.424242424242425
 26 1.484848484848485
 92 1.545454545454546
 0 1.606060606060606
 0 1.666666666666667
 0 1.727272727272728
 35 1.787878787878788
 3 1.848484848484849
 19 1.909090909090909
 3 1.96969696969697
 0 2.03030303030303
 0 2.090909090909091
 0 2.151515151515151
 0 2.212121212121212
 0 2.272727272727272
 2 2.333333333333334
 5 2.393939393939394
 1 2.454545454545455
 0 2.515151515151516
 0 2.575757575757576
 0 2.636363636363637
 0 2.696969696969697
 0 2.757575757575758
 0 2.818181818181818
 0 2.878787878787879
 0 2.939393939393939
 0 3


