# Created by Octave 3.8.2, Mon Jun 22 17:47:39 2020 CEST <damian@fptrucha.inv.usc.es>
# name: hd
# type: matrix
# rows: 100
# columns: 2
 0 -3
 0 -2.939393939393939
 0 -2.878787878787879
 0 -2.818181818181818
 0 -2.757575757575758
 0 -2.696969696969697
 0 -2.636363636363636
 0 -2.575757575757576
 2 -2.515151515151515
 9 -2.454545454545455
 1 -2.393939393939394
 0 -2.333333333333333
 0 -2.272727272727272
 0 -2.212121212121212
 0 -2.151515151515151
 1 -2.090909090909091
 9 -2.03030303030303
 43 -1.96969696969697
 35 -1.909090909090909
 2 -1.848484848484848
 4 -1.787878787878788
 0 -1.727272727272727
 2 -1.666666666666667
 122 -1.606060606060606
 33 -1.545454545454545
 116 -1.484848484848485
 28 -1.424242424242424
 119 -1.363636363636364
 26 -1.303030303030303
 17 -1.242424242424242
 612 -1.181818181818182
 22 -1.121212121212121
 582 -1.060606060606061
 17 -1
 504 -0.9393939393939394
 15 -0.8787878787878789
 553 -0.8181818181818183
 980 -0.7575757575757573
 685 -0.6969696969696968
 1016 -0.6363636363636362
 645 -0.5757575757575757
 925 -0.5151515151515151
 658 -0.4545454545454546
 937 -0.393939393939394
 4305 -0.333333333333333
 571 -0.2727272727272725
 2701 -0.2121212121212119
 13 -0.1515151515151514
 2710 -0.09090909090909083
 10 -0.03030303030303028
 2574 0.03030303030303028
 20 0.09090909090909083
 2298 0.1515151515151514
 1545 0.2121212121212124
 2487 0.2727272727272729
 1704 0.3333333333333335
 653 0.393939393939394
 981 0.4545454545454546
 670 0.5151515151515151
 819 0.5757575757575757
 648 0.6363636363636367
 800 0.6969696969696972
 577 0.7575757575757578
 13 0.8181818181818183
 570 0.8787878787878789
 22 0.9393939393939394
 564 1
 19 1.060606060606061
 540 1.121212121212121
 14 1.181818181818182
 24 1.242424242424242
 135 1.303030303030303
 38 1.363636363636363
 121 1.424242424242425
 20 1.484848484848485
 109 1.545454545454546
 2 1.606060606060606
 0 1.666666666666667
 1 1.727272727272728
 39 1.787878787878788
 3 1.848484848484849
 37 1.909090909090909
 4 1.96969696969697
 1 2.03030303030303
 0 2.090909090909091
 0 2.151515151515151
 3 2.212121212121212
 2 2.272727272727272
 0 2.333333333333334
 4 2.393939393939394
 0 2.454545454545455
 0 2.515151515151516
 0 2.575757575757576
 0 2.636363636363637
 0 2.696969696969697
 0 2.757575757575758
 0 2.818181818181818
 0 2.878787878787879
 0 2.939393939393939
 0 3


