# Created by Octave 3.8.2, Sun Jun 21 07:31:03 2020 CEST <damian@fptrucha.inv.usc.es>
# name: hd
# type: matrix
# rows: 100
# columns: 2
 0 -3
 0 -2.939393939393939
 0 -2.878787878787879
 0 -2.818181818181818
 0 -2.757575757575758
 0 -2.696969696969697
 0 -2.636363636363636
 0 -2.575757575757576
 1 -2.515151515151515
 3 -2.454545454545455
 0 -2.393939393939394
 0 -2.333333333333333
 1 -2.272727272727272
 0 -2.212121212121212
 0 -2.151515151515151
 1 -2.090909090909091
 4 -2.03030303030303
 17 -1.96969696969697
 23 -1.909090909090909
 1 -1.848484848484848
 2 -1.787878787878788
 0 -1.727272727272727
 2 -1.666666666666667
 81 -1.606060606060606
 13 -1.545454545454545
 86 -1.484848484848485
 21 -1.424242424242424
 80 -1.363636363636364
 17 -1.303030303030303
 9 -1.242424242424242
 521 -1.181818181818182
 14 -1.121212121212121
 512 -1.060606060606061
 15 -1
 452 -0.9393939393939394
 11 -0.8787878787878789
 433 -0.8181818181818183
 885 -0.7575757575757573
 666 -0.6969696969696968
 998 -0.6363636363636362
 653 -0.5757575757575757
 845 -0.5151515151515151
 581 -0.4545454545454546
 780 -0.393939393939394
 4006 -0.333333333333333
 550 -0.2727272727272725
 2971 -0.2121212121212119
 9 -0.1515151515151514
 2569 -0.09090909090909083
 8 -0.03030303030303028
 2427 0.03030303030303028
 14 0.09090909090909083
 2133 0.1515151515151514
 1678 0.2121212121212124
 2209 0.2727272727272729
 1538 0.3333333333333335
 653 0.393939393939394
 896 0.4545454545454546
 637 0.5151515151515151
 708 0.5757575757575757
 541 0.6363636363636367
 799 0.6969696969696972
 546 0.7575757575757578
 7 0.8181818181818183
 544 0.8787878787878789
 18 0.9393939393939394
 491 1
 6 1.060606060606061
 451 1.121212121212121
 9 1.181818181818182
 24 1.242424242424242
 91 1.303030303030303
 23 1.363636363636363
 102 1.424242424242425
 22 1.484848484848485
 97 1.545454545454546
 5 1.606060606060606
 0 1.666666666666667
 1 1.727272727272728
 27 1.787878787878788
 1 1.848484848484849
 18 1.909090909090909
 3 1.96969696969697
 2 2.03030303030303
 0 2.090909090909091
 0 2.151515151515151
 0 2.212121212121212
 0 2.272727272727272
 0 2.333333333333334
 10 2.393939393939394
 2 2.454545454545455
 0 2.515151515151516
 0 2.575757575757576
 0 2.636363636363637
 0 2.696969696969697
 0 2.757575757575758
 0 2.818181818181818
 0 2.878787878787879
 0 2.939393939393939
 0 3


