# Created by Octave 3.8.2, Mon Jun 22 12:33:24 2020 CEST <damian@fptrucha.inv.usc.es>
# name: hd
# type: matrix
# rows: 100
# columns: 2
 0 -3
 0 -2.939393939393939
 0 -2.878787878787879
 0 -2.818181818181818
 0 -2.757575757575758
 0 -2.696969696969697
 0 -2.636363636363636
 2 -2.575757575757576
 0 -2.515151515151515
 4 -2.454545454545455
 0 -2.393939393939394
 0 -2.333333333333333
 0 -2.272727272727272
 0 -2.212121212121212
 0 -2.151515151515151
 1 -2.090909090909091
 3 -2.03030303030303
 25 -1.96969696969697
 31 -1.909090909090909
 3 -1.848484848484848
 2 -1.787878787878788
 0 -1.727272727272727
 2 -1.666666666666667
 92 -1.606060606060606
 20 -1.545454545454545
 92 -1.484848484848485
 30 -1.424242424242424
 92 -1.363636363636364
 14 -1.303030303030303
 11 -1.242424242424242
 530 -1.181818181818182
 10 -1.121212121212121
 523 -1.060606060606061
 16 -1
 525 -0.9393939393939394
 20 -0.8787878787878789
 504 -0.8181818181818183
 858 -0.7575757575757573
 661 -0.6969696969696968
 970 -0.6363636363636362
 628 -0.5757575757575757
 918 -0.5151515151515151
 643 -0.4545454545454546
 932 -0.393939393939394
 4154 -0.333333333333333
 579 -0.2727272727272725
 2665 -0.2121212121212119
 13 -0.1515151515151514
 2711 -0.09090909090909083
 13 -0.03030303030303028
 2532 0.03030303030303028
 22 0.09090909090909083
 2335 0.1515151515151514
 1573 0.2121212121212124
 2339 0.2727272727272729
 1674 0.3333333333333335
 663 0.393939393939394
 923 0.4545454545454546
 672 0.5151515151515151
 818 0.5757575757575757
 642 0.6363636363636367
 831 0.6969696969696972
 535 0.7575757575757578
 15 0.8181818181818183
 569 0.8787878787878789
 20 0.9393939393939394
 576 1
 12 1.060606060606061
 530 1.121212121212121
 12 1.181818181818182
 30 1.242424242424242
 105 1.303030303030303
 29 1.363636363636363
 95 1.424242424242425
 39 1.484848484848485
 108 1.545454545454546
 1 1.606060606060606
 0 1.666666666666667
 0 1.727272727272728
 44 1.787878787878788
 3 1.848484848484849
 39 1.909090909090909
 6 1.96969696969697
 3 2.03030303030303
 0 2.090909090909091
 0 2.151515151515151
 3 2.212121212121212
 0 2.272727272727272
 0 2.333333333333334
 8 2.393939393939394
 0 2.454545454545455
 0 2.515151515151516
 0 2.575757575757576
 0 2.636363636363637
 0 2.696969696969697
 0 2.757575757575758
 0 2.818181818181818
 0 2.878787878787879
 0 2.939393939393939
 0 3


