# Created by Octave 3.8.2, Sat Jun 20 04:47:59 2020 CEST <damian@fptrucha.inv.usc.es>
# name: hd
# type: matrix
# rows: 100
# columns: 2
 0 -3
 0 -2.939393939393939
 0 -2.878787878787879
 0 -2.818181818181818
 0 -2.757575757575758
 0 -2.696969696969697
 0 -2.636363636363636
 1 -2.575757575757576
 0 -2.515151515151515
 3 -2.454545454545455
 1 -2.393939393939394
 0 -2.333333333333333
 1 -2.272727272727272
 0 -2.212121212121212
 0 -2.151515151515151
 0 -2.090909090909091
 2 -2.03030303030303
 27 -1.96969696969697
 30 -1.909090909090909
 0 -1.848484848484848
 1 -1.787878787878788
 0 -1.727272727272727
 0 -1.666666666666667
 106 -1.606060606060606
 18 -1.545454545454545
 97 -1.484848484848485
 28 -1.424242424242424
 93 -1.363636363636364
 29 -1.303030303030303
 17 -1.242424242424242
 601 -1.181818181818182
 13 -1.121212121212121
 562 -1.060606060606061
 4 -1
 493 -0.9393939393939394
 12 -0.8787878787878789
 505 -0.8181818181818183
 1039 -0.7575757575757573
 769 -0.6969696969696968
 1164 -0.6363636363636362
 693 -0.5757575757575757
 1042 -0.5151515151515151
 609 -0.4545454545454546
 978 -0.393939393939394
 4632 -0.333333333333333
 608 -0.2727272727272725
 3257 -0.2121212121212119
 13 -0.1515151515151514
 2874 -0.09090909090909083
 12 -0.03030303030303028
 2956 0.03030303030303028
 8 0.09090909090909083
 2365 0.1515151515151514
 1912 0.2121212121212124
 2536 0.2727272727272729
 1707 0.3333333333333335
 652 0.393939393939394
 916 0.4545454545454546
 651 0.5151515151515151
 884 0.5757575757575757
 612 0.6363636363636367
 826 0.6969696969696972
 631 0.7575757575757578
 12 0.8181818181818183
 558 0.8787878787878789
 9 0.9393939393939394
 521 1
 14 1.060606060606061
 513 1.121212121212121
 13 1.181818181818182
 29 1.242424242424242
 74 1.303030303030303
 22 1.363636363636363
 92 1.424242424242425
 26 1.484848484848485
 79 1.545454545454546
 2 1.606060606060606
 0 1.666666666666667
 3 1.727272727272728
 30 1.787878787878788
 6 1.848484848484849
 28 1.909090909090909
 2 1.96969696969697
 0 2.03030303030303
 0 2.090909090909091
 0 2.151515151515151
 2 2.212121212121212
 0 2.272727272727272
 2 2.333333333333334
 8 2.393939393939394
 1 2.454545454545455
 1 2.515151515151516
 0 2.575757575757576
 0 2.636363636363637
 0 2.696969696969697
 0 2.757575757575758
 0 2.818181818181818
 0 2.878787878787879
 0 2.939393939393939
 0 3


