# Created by Octave 3.8.2, Sun Jun 21 07:15:43 2020 CEST <damian@fptrucha.inv.usc.es>
# name: hd
# type: matrix
# rows: 100
# columns: 2
 0 -3
 0 -2.939393939393939
 0 -2.878787878787879
 0 -2.818181818181818
 0 -2.757575757575758
 0 -2.696969696969697
 0 -2.636363636363636
 2 -2.575757575757576
 0 -2.515151515151515
 5 -2.454545454545455
 1 -2.393939393939394
 0 -2.333333333333333
 0 -2.272727272727272
 0 -2.212121212121212
 0 -2.151515151515151
 0 -2.090909090909091
 3 -2.03030303030303
 30 -1.96969696969697
 22 -1.909090909090909
 0 -1.848484848484848
 2 -1.787878787878788
 0 -1.727272727272727
 1 -1.666666666666667
 99 -1.606060606060606
 21 -1.545454545454545
 79 -1.484848484848485
 27 -1.424242424242424
 94 -1.363636363636364
 20 -1.303030303030303
 18 -1.242424242424242
 590 -1.181818181818182
 13 -1.121212121212121
 515 -1.060606060606061
 10 -1
 444 -0.9393939393939394
 13 -0.8787878787878789
 421 -0.8181818181818183
 997 -0.7575757575757573
 683 -0.6969696969696968
 1019 -0.6363636363636362
 715 -0.5757575757575757
 878 -0.5151515151515151
 531 -0.4545454545454546
 812 -0.393939393939394
 4202 -0.333333333333333
 564 -0.2727272727272725
 2923 -0.2121212121212119
 9 -0.1515151515151514
 2768 -0.09090909090909083
 10 -0.03030303030303028
 2579 0.03030303030303028
 10 0.09090909090909083
 2216 0.1515151515151514
 1728 0.2121212121212124
 2215 0.2727272727272729
 1660 0.3333333333333335
 640 0.393939393939394
 844 0.4545454545454546
 632 0.5151515151515151
 802 0.5757575757575757
 573 0.6363636363636367
 821 0.6969696969696972
 558 0.7575757575757578
 7 0.8181818181818183
 541 0.8787878787878789
 11 0.9393939393939394
 518 1
 11 1.060606060606061
 508 1.121212121212121
 13 1.181818181818182
 26 1.242424242424242
 69 1.303030303030303
 15 1.363636363636363
 79 1.424242424242425
 32 1.484848484848485
 85 1.545454545454546
 1 1.606060606060606
 0 1.666666666666667
 0 1.727272727272728
 20 1.787878787878788
 2 1.848484848484849
 27 1.909090909090909
 4 1.96969696969697
 4 2.03030303030303
 0 2.090909090909091
 0 2.151515151515151
 1 2.212121212121212
 1 2.272727272727272
 0 2.333333333333334
 10 2.393939393939394
 1 2.454545454545455
 0 2.515151515151516
 0 2.575757575757576
 0 2.636363636363637
 0 2.696969696969697
 0 2.757575757575758
 0 2.818181818181818
 0 2.878787878787879
 0 2.939393939393939
 0 3


