# Created by Octave 3.8.2, Mon Jun 22 06:35:34 2020 CEST <damian@fptrucha.inv.usc.es>
# name: hd
# type: matrix
# rows: 100
# columns: 2
 0 -3
 0 -2.939393939393939
 0 -2.878787878787879
 0 -2.818181818181818
 0 -2.757575757575758
 0 -2.696969696969697
 0 -2.636363636363636
 0 -2.575757575757576
 1 -2.515151515151515
 6 -2.454545454545455
 0 -2.393939393939394
 1 -2.333333333333333
 1 -2.272727272727272
 0 -2.212121212121212
 0 -2.151515151515151
 2 -2.090909090909091
 6 -2.03030303030303
 43 -1.96969696969697
 36 -1.909090909090909
 1 -1.848484848484848
 0 -1.787878787878788
 0 -1.727272727272727
 2 -1.666666666666667
 96 -1.606060606060606
 32 -1.545454545454545
 111 -1.484848484848485
 30 -1.424242424242424
 122 -1.363636363636364
 21 -1.303030303030303
 24 -1.242424242424242
 538 -1.181818181818182
 16 -1.121212121212121
 508 -1.060606060606061
 12 -1
 522 -0.9393939393939394
 22 -0.8787878787878789
 536 -0.8181818181818183
 789 -0.7575757575757573
 576 -0.6969696969696968
 866 -0.6363636363636362
 564 -0.5757575757575757
 865 -0.5151515151515151
 572 -0.4545454545454546
 921 -0.393939393939394
 3726 -0.333333333333333
 586 -0.2727272727272725
 2367 -0.2121212121212119
 13 -0.1515151515151514
 2534 -0.09090909090909083
 14 -0.03030303030303028
 2464 0.03030303030303028
 29 0.09090909090909083
 2177 0.1515151515151514
 1436 0.2121212121212124
 2236 0.2727272727272729
 1487 0.3333333333333335
 651 0.393939393939394
 884 0.4545454545454546
 616 0.5151515151515151
 788 0.5757575757575757
 581 0.6363636363636367
 749 0.6969696969696972
 489 0.7575757575757578
 12 0.8181818181818183
 524 0.8787878787878789
 25 0.9393939393939394
 488 1
 14 1.060606060606061
 507 1.121212121212121
 5 1.181818181818182
 33 1.242424242424242
 111 1.303030303030303
 28 1.363636363636363
 110 1.424242424242425
 44 1.484848484848485
 113 1.545454545454546
 4 1.606060606060606
 0 1.666666666666667
 2 1.727272727272728
 29 1.787878787878788
 6 1.848484848484849
 28 1.909090909090909
 3 1.96969696969697
 1 2.03030303030303
 0 2.090909090909091
 0 2.151515151515151
 1 2.212121212121212
 0 2.272727272727272
 2 2.333333333333334
 16 2.393939393939394
 2 2.454545454545455
 1 2.515151515151516
 0 2.575757575757576
 0 2.636363636363637
 0 2.696969696969697
 0 2.757575757575758
 0 2.818181818181818
 0 2.878787878787879
 0 2.939393939393939
 0 3


