# Created by Octave 3.8.2, Sat Jun 20 03:11:19 2020 CEST <damian@fptrucha.inv.usc.es>
# name: hd
# type: matrix
# rows: 100
# columns: 2
 0 -3
 0 -2.939393939393939
 0 -2.878787878787879
 0 -2.818181818181818
 0 -2.757575757575758
 0 -2.696969696969697
 0 -2.636363636363636
 0 -2.575757575757576
 0 -2.515151515151515
 4 -2.454545454545455
 1 -2.393939393939394
 0 -2.333333333333333
 1 -2.272727272727272
 0 -2.212121212121212
 0 -2.151515151515151
 1 -2.090909090909091
 1 -2.03030303030303
 17 -1.96969696969697
 22 -1.909090909090909
 0 -1.848484848484848
 0 -1.787878787878788
 0 -1.727272727272727
 1 -1.666666666666667
 69 -1.606060606060606
 14 -1.545454545454545
 70 -1.484848484848485
 16 -1.424242424242424
 63 -1.363636363636364
 19 -1.303030303030303
 9 -1.242424242424242
 438 -1.181818181818182
 14 -1.121212121212121
 426 -1.060606060606061
 4 -1
 332 -0.9393939393939394
 9 -0.8787878787878789
 351 -0.8181818181818183
 735 -0.7575757575757573
 463 -0.6969696969696968
 787 -0.6363636363636362
 477 -0.5757575757575757
 723 -0.5151515151515151
 421 -0.4545454545454546
 642 -0.393939393939394
 3021 -0.333333333333333
 378 -0.2727272727272725
 2051 -0.2121212121212119
 3 -0.1515151515151514
 1938 -0.09090909090909083
 7 -0.03030303030303028
 1907 0.03030303030303028
 7 0.09090909090909083
 1624 0.1515151515151514
 1093 0.2121212121212124
 1686 0.2727272727272729
 1098 0.3333333333333335
 398 0.393939393939394
 612 0.4545454545454546
 437 0.5151515151515151
 563 0.5757575757575757
 391 0.6363636363636367
 463 0.6969696969696972
 347 0.7575757575757578
 7 0.8181818181818183
 364 0.8787878787878789
 15 0.9393939393939394
 324 1
 5 1.060606060606061
 295 1.121212121212121
 4 1.181818181818182
 27 1.242424242424242
 55 1.303030303030303
 14 1.363636363636363
 50 1.424242424242425
 28 1.484848484848485
 50 1.545454545454546
 1 1.606060606060606
 0 1.666666666666667
 0 1.727272727272728
 14 1.787878787878788
 2 1.848484848484849
 15 1.909090909090909
 0 1.96969696969697
 2 2.03030303030303
 0 2.090909090909091
 0 2.151515151515151
 0 2.212121212121212
 0 2.272727272727272
 1 2.333333333333334
 2 2.393939393939394
 0 2.454545454545455
 1 2.515151515151516
 0 2.575757575757576
 0 2.636363636363637
 0 2.696969696969697
 0 2.757575757575758
 0 2.818181818181818
 0 2.878787878787879
 0 2.939393939393939
 0 3


