# Created by Octave 3.8.2, Mon Jun 22 05:46:55 2020 CEST <damian@fptrucha.inv.usc.es>
# name: hd
# type: matrix
# rows: 100
# columns: 2
 0 -3
 0 -2.939393939393939
 0 -2.878787878787879
 0 -2.818181818181818
 0 -2.757575757575758
 0 -2.696969696969697
 0 -2.636363636363636
 0 -2.575757575757576
 1 -2.515151515151515
 9 -2.454545454545455
 1 -2.393939393939394
 0 -2.333333333333333
 0 -2.272727272727272
 0 -2.212121212121212
 0 -2.151515151515151
 0 -2.090909090909091
 4 -2.03030303030303
 30 -1.96969696969697
 45 -1.909090909090909
 2 -1.848484848484848
 2 -1.787878787878788
 0 -1.727272727272727
 3 -1.666666666666667
 91 -1.606060606060606
 30 -1.545454545454545
 105 -1.484848484848485
 31 -1.424242424242424
 115 -1.363636363636364
 24 -1.303030303030303
 10 -1.242424242424242
 488 -1.181818181818182
 11 -1.121212121212121
 489 -1.060606060606061
 8 -1
 544 -0.9393939393939394
 23 -0.8787878787878789
 491 -0.8181818181818183
 805 -0.7575757575757573
 656 -0.6969696969696968
 893 -0.6363636363636362
 581 -0.5757575757575757
 857 -0.5151515151515151
 654 -0.4545454545454546
 901 -0.393939393939394
 3766 -0.333333333333333
 570 -0.2727272727272725
 2331 -0.2121212121212119
 17 -0.1515151515151514
 2489 -0.09090909090909083
 19 -0.03030303030303028
 2292 0.03030303030303028
 24 0.09090909090909083
 2170 0.1515151515151514
 1429 0.2121212121212124
 2152 0.2727272727272729
 1451 0.3333333333333335
 645 0.393939393939394
 881 0.4545454545454546
 611 0.5151515151515151
 839 0.5757575757575757
 601 0.6363636363636367
 760 0.6969696969696972
 512 0.7575757575757578
 16 0.8181818181818183
 568 0.8787878787878789
 17 0.9393939393939394
 505 1
 16 1.060606060606061
 444 1.121212121212121
 12 1.181818181818182
 24 1.242424242424242
 96 1.303030303030303
 28 1.363636363636363
 118 1.424242424242425
 31 1.484848484848485
 91 1.545454545454546
 2 1.606060606060606
 0 1.666666666666667
 1 1.727272727272728
 43 1.787878787878788
 3 1.848484848484849
 27 1.909090909090909
 4 1.96969696969697
 2 2.03030303030303
 0 2.090909090909091
 0 2.151515151515151
 1 2.212121212121212
 0 2.272727272727272
 1 2.333333333333334
 5 2.393939393939394
 0 2.454545454545455
 2 2.515151515151516
 0 2.575757575757576
 0 2.636363636363637
 0 2.696969696969697
 0 2.757575757575758
 0 2.818181818181818
 0 2.878787878787879
 0 2.939393939393939
 0 3


