# Created by Octave 3.8.2, Mon Jun 22 15:11:44 2020 CEST <damian@fptrucha.inv.usc.es>
# name: hd
# type: matrix
# rows: 100
# columns: 2
 0 -3
 0 -2.939393939393939
 0 -2.878787878787879
 0 -2.818181818181818
 0 -2.757575757575758
 0 -2.696969696969697
 0 -2.636363636363636
 1 -2.575757575757576
 1 -2.515151515151515
 11 -2.454545454545455
 2 -2.393939393939394
 0 -2.333333333333333
 3 -2.272727272727272
 0 -2.212121212121212
 0 -2.151515151515151
 2 -2.090909090909091
 2 -2.03030303030303
 30 -1.96969696969697
 42 -1.909090909090909
 2 -1.848484848484848
 2 -1.787878787878788
 0 -1.727272727272727
 3 -1.666666666666667
 108 -1.606060606060606
 25 -1.545454545454545
 95 -1.484848484848485
 24 -1.424242424242424
 82 -1.363636363636364
 28 -1.303030303030303
 22 -1.242424242424242
 577 -1.181818181818182
 15 -1.121212121212121
 582 -1.060606060606061
 14 -1
 543 -0.9393939393939394
 19 -0.8787878787878789
 517 -0.8181818181818183
 949 -0.7575757575757573
 680 -0.6969696969696968
 1064 -0.6363636363636362
 694 -0.5757575757575757
 867 -0.5151515151515151
 652 -0.4545454545454546
 943 -0.393939393939394
 4215 -0.333333333333333
 585 -0.2727272727272725
 2589 -0.2121212121212119
 14 -0.1515151515151514
 2780 -0.09090909090909083
 11 -0.03030303030303028
 2570 0.03030303030303028
 21 0.09090909090909083
 2374 0.1515151515151514
 1579 0.2121212121212124
 2364 0.2727272727272729
 1627 0.3333333333333335
 703 0.393939393939394
 940 0.4545454545454546
 686 0.5151515151515151
 883 0.5757575757575757
 675 0.6363636363636367
 854 0.6969696969696972
 618 0.7575757575757578
 15 0.8181818181818183
 585 0.8787878787878789
 22 0.9393939393939394
 560 1
 18 1.060606060606061
 526 1.121212121212121
 8 1.181818181818182
 35 1.242424242424242
 113 1.303030303030303
 32 1.363636363636363
 126 1.424242424242425
 31 1.484848484848485
 124 1.545454545454546
 0 1.606060606060606
 0 1.666666666666667
 1 1.727272727272728
 51 1.787878787878788
 2 1.848484848484849
 28 1.909090909090909
 4 1.96969696969697
 3 2.03030303030303
 0 2.090909090909091
 0 2.151515151515151
 1 2.212121212121212
 1 2.272727272727272
 2 2.333333333333334
 6 2.393939393939394
 0 2.454545454545455
 1 2.515151515151516
 0 2.575757575757576
 0 2.636363636363637
 0 2.696969696969697
 0 2.757575757575758
 0 2.818181818181818
 0 2.878787878787879
 0 2.939393939393939
 0 3


