# Created by Octave 3.8.2, Mon Jun 22 05:49:29 2020 CEST <damian@fptrucha.inv.usc.es>
# name: hd
# type: matrix
# rows: 100
# columns: 2
 0 -3
 0 -2.939393939393939
 0 -2.878787878787879
 0 -2.818181818181818
 0 -2.757575757575758
 0 -2.696969696969697
 0 -2.636363636363636
 1 -2.575757575757576
 3 -2.515151515151515
 9 -2.454545454545455
 1 -2.393939393939394
 1 -2.333333333333333
 0 -2.272727272727272
 0 -2.212121212121212
 0 -2.151515151515151
 3 -2.090909090909091
 2 -2.03030303030303
 33 -1.96969696969697
 38 -1.909090909090909
 2 -1.848484848484848
 3 -1.787878787878788
 0 -1.727272727272727
 2 -1.666666666666667
 85 -1.606060606060606
 26 -1.545454545454545
 108 -1.484848484848485
 26 -1.424242424242424
 113 -1.363636363636364
 28 -1.303030303030303
 17 -1.242424242424242
 465 -1.181818181818182
 12 -1.121212121212121
 520 -1.060606060606061
 17 -1
 530 -0.9393939393939394
 20 -0.8787878787878789
 481 -0.8181818181818183
 848 -0.7575757575757573
 553 -0.6969696969696968
 904 -0.6363636363636362
 630 -0.5757575757575757
 841 -0.5151515151515151
 556 -0.4545454545454546
 886 -0.393939393939394
 3732 -0.333333333333333
 560 -0.2727272727272725
 2429 -0.2121212121212119
 10 -0.1515151515151514
 2516 -0.09090909090909083
 23 -0.03030303030303028
 2359 0.03030303030303028
 26 0.09090909090909083
 2209 0.1515151515151514
 1373 0.2121212121212124
 2250 0.2727272727272729
 1442 0.3333333333333335
 665 0.393939393939394
 848 0.4545454545454546
 553 0.5151515151515151
 734 0.5757575757575757
 593 0.6363636363636367
 767 0.6969696969696972
 471 0.7575757575757578
 13 0.8181818181818183
 525 0.8787878787878789
 27 0.9393939393939394
 534 1
 13 1.060606060606061
 490 1.121212121212121
 14 1.181818181818182
 25 1.242424242424242
 111 1.303030303030303
 21 1.363636363636363
 99 1.424242424242425
 41 1.484848484848485
 80 1.545454545454546
 2 1.606060606060606
 0 1.666666666666667
 1 1.727272727272728
 40 1.787878787878788
 4 1.848484848484849
 28 1.909090909090909
 7 1.96969696969697
 2 2.03030303030303
 0 2.090909090909091
 0 2.151515151515151
 3 2.212121212121212
 0 2.272727272727272
 2 2.333333333333334
 7 2.393939393939394
 0 2.454545454545455
 1 2.515151515151516
 0 2.575757575757576
 0 2.636363636363637
 0 2.696969696969697
 0 2.757575757575758
 0 2.818181818181818
 0 2.878787878787879
 0 2.939393939393939
 0 3


