# Created by Octave 3.8.2, Mon Jun 22 07:12:40 2020 CEST <damian@fptrucha.inv.usc.es>
# name: hd
# type: matrix
# rows: 100
# columns: 2
 0 -3
 0 -2.939393939393939
 0 -2.878787878787879
 0 -2.818181818181818
 0 -2.757575757575758
 0 -2.696969696969697
 0 -2.636363636363636
 0 -2.575757575757576
 0 -2.515151515151515
 8 -2.454545454545455
 3 -2.393939393939394
 1 -2.333333333333333
 0 -2.272727272727272
 0 -2.212121212121212
 0 -2.151515151515151
 0 -2.090909090909091
 2 -2.03030303030303
 25 -1.96969696969697
 33 -1.909090909090909
 1 -1.848484848484848
 3 -1.787878787878788
 0 -1.727272727272727
 1 -1.666666666666667
 103 -1.606060606060606
 26 -1.545454545454545
 134 -1.484848484848485
 24 -1.424242424242424
 99 -1.363636363636364
 35 -1.303030303030303
 19 -1.242424242424242
 499 -1.181818181818182
 16 -1.121212121212121
 500 -1.060606060606061
 20 -1
 511 -0.9393939393939394
 25 -0.8787878787878789
 494 -0.8181818181818183
 775 -0.7575757575757573
 577 -0.6969696969696968
 861 -0.6363636363636362
 586 -0.5757575757575757
 862 -0.5151515151515151
 596 -0.4545454545454546
 880 -0.393939393939394
 3738 -0.333333333333333
 538 -0.2727272727272725
 2435 -0.2121212121212119
 18 -0.1515151515151514
 2566 -0.09090909090909083
 14 -0.03030303030303028
 2399 0.03030303030303028
 26 0.09090909090909083
 2213 0.1515151515151514
 1472 0.2121212121212124
 2272 0.2727272727272729
 1502 0.3333333333333335
 567 0.393939393939394
 850 0.4545454545454546
 659 0.5151515151515151
 765 0.5757575757575757
 601 0.6363636363636367
 802 0.6969696969696972
 500 0.7575757575757578
 11 0.8181818181818183
 524 0.8787878787878789
 22 0.9393939393939394
 513 1
 16 1.060606060606061
 505 1.121212121212121
 12 1.181818181818182
 30 1.242424242424242
 115 1.303030303030303
 33 1.363636363636363
 116 1.424242424242425
 43 1.484848484848485
 92 1.545454545454546
 1 1.606060606060606
 0 1.666666666666667
 2 1.727272727272728
 33 1.787878787878788
 3 1.848484848484849
 36 1.909090909090909
 3 1.96969696969697
 5 2.03030303030303
 0 2.090909090909091
 0 2.151515151515151
 2 2.212121212121212
 1 2.272727272727272
 1 2.333333333333334
 8 2.393939393939394
 2 2.454545454545455
 1 2.515151515151516
 0 2.575757575757576
 0 2.636363636363637
 0 2.696969696969697
 0 2.757575757575758
 0 2.818181818181818
 0 2.878787878787879
 0 2.939393939393939
 0 3


