# Created by Octave 3.8.2, Sat Jun 20 16:19:56 2020 CEST <damian@fptrucha.inv.usc.es>
# name: hd
# type: matrix
# rows: 100
# columns: 2
 0 -3
 0 -2.939393939393939
 0 -2.878787878787879
 0 -2.818181818181818
 0 -2.757575757575758
 0 -2.696969696969697
 0 -2.636363636363636
 0 -2.575757575757576
 3 -2.515151515151515
 3 -2.454545454545455
 0 -2.393939393939394
 0 -2.333333333333333
 0 -2.272727272727272
 0 -2.212121212121212
 0 -2.151515151515151
 3 -2.090909090909091
 2 -2.03030303030303
 20 -1.96969696969697
 19 -1.909090909090909
 5 -1.848484848484848
 1 -1.787878787878788
 0 -1.727272727272727
 2 -1.666666666666667
 83 -1.606060606060606
 23 -1.545454545454545
 83 -1.484848484848485
 17 -1.424242424242424
 77 -1.363636363636364
 18 -1.303030303030303
 10 -1.242424242424242
 503 -1.181818181818182
 6 -1.121212121212121
 511 -1.060606060606061
 13 -1
 443 -0.9393939393939394
 8 -0.8787878787878789
 451 -0.8181818181818183
 961 -0.7575757575757573
 643 -0.6969696969696968
 1053 -0.6363636363636362
 611 -0.5757575757575757
 862 -0.5151515151515151
 586 -0.4545454545454546
 842 -0.393939393939394
 4241 -0.333333333333333
 563 -0.2727272727272725
 2953 -0.2121212121212119
 7 -0.1515151515151514
 2755 -0.09090909090909083
 11 -0.03030303030303028
 2656 0.03030303030303028
 5 0.09090909090909083
 2203 0.1515151515151514
 1824 0.2121212121212124
 2288 0.2727272727272729
 1681 0.3333333333333335
 592 0.393939393939394
 962 0.4545454545454546
 661 0.5151515151515151
 805 0.5757575757575757
 585 0.6363636363636367
 835 0.6969696969696972
 605 0.7575757575757578
 18 0.8181818181818183
 583 0.8787878787878789
 14 0.9393939393939394
 490 1
 10 1.060606060606061
 523 1.121212121212121
 15 1.181818181818182
 30 1.242424242424242
 118 1.303030303030303
 19 1.363636363636363
 102 1.424242424242425
 20 1.484848484848485
 91 1.545454545454546
 1 1.606060606060606
 0 1.666666666666667
 4 1.727272727272728
 32 1.787878787878788
 2 1.848484848484849
 34 1.909090909090909
 4 1.96969696969697
 0 2.03030303030303
 0 2.090909090909091
 0 2.151515151515151
 0 2.212121212121212
 0 2.272727272727272
 0 2.333333333333334
 7 2.393939393939394
 0 2.454545454545455
 0 2.515151515151516
 0 2.575757575757576
 0 2.636363636363637
 0 2.696969696969697
 0 2.757575757575758
 0 2.818181818181818
 0 2.878787878787879
 0 2.939393939393939
 0 3


