# Created by Octave 3.8.2, Sat Jun 20 18:29:32 2020 CEST <damian@fptrucha.inv.usc.es>
# name: hd
# type: matrix
# rows: 100
# columns: 2
 0 -3
 0 -2.939393939393939
 0 -2.878787878787879
 0 -2.818181818181818
 0 -2.757575757575758
 0 -2.696969696969697
 0 -2.636363636363636
 2 -2.575757575757576
 0 -2.515151515151515
 11 -2.454545454545455
 0 -2.393939393939394
 0 -2.333333333333333
 2 -2.272727272727272
 0 -2.212121212121212
 0 -2.151515151515151
 2 -2.090909090909091
 3 -2.03030303030303
 29 -1.96969696969697
 27 -1.909090909090909
 1 -1.848484848484848
 2 -1.787878787878788
 0 -1.727272727272727
 2 -1.666666666666667
 80 -1.606060606060606
 18 -1.545454545454545
 90 -1.484848484848485
 17 -1.424242424242424
 70 -1.363636363636364
 12 -1.303030303030303
 12 -1.242424242424242
 553 -1.181818181818182
 11 -1.121212121212121
 480 -1.060606060606061
 8 -1
 433 -0.9393939393939394
 12 -0.8787878787878789
 441 -0.8181818181818183
 972 -0.7575757575757573
 660 -0.6969696969696968
 1017 -0.6363636363636362
 600 -0.5757575757575757
 936 -0.5151515151515151
 565 -0.4545454545454546
 878 -0.393939393939394
 4320 -0.333333333333333
 551 -0.2727272727272725
 2813 -0.2121212121212119
 13 -0.1515151515151514
 2648 -0.09090909090909083
 10 -0.03030303030303028
 2521 0.03030303030303028
 12 0.09090909090909083
 2237 0.1515151515151514
 1781 0.2121212121212124
 2161 0.2727272727272729
 1743 0.3333333333333335
 628 0.393939393939394
 947 0.4545454545454546
 680 0.5151515151515151
 832 0.5757575757575757
 589 0.6363636363636367
 807 0.6969696969696972
 561 0.7575757575757578
 14 0.8181818181818183
 530 0.8787878787878789
 21 0.9393939393939394
 491 1
 9 1.060606060606061
 510 1.121212121212121
 10 1.181818181818182
 24 1.242424242424242
 91 1.303030303030303
 30 1.363636363636363
 95 1.424242424242425
 29 1.484848484848485
 84 1.545454545454546
 0 1.606060606060606
 0 1.666666666666667
 2 1.727272727272728
 29 1.787878787878788
 4 1.848484848484849
 32 1.909090909090909
 1 1.96969696969697
 0 2.03030303030303
 0 2.090909090909091
 0 2.151515151515151
 2 2.212121212121212
 0 2.272727272727272
 1 2.333333333333334
 11 2.393939393939394
 0 2.454545454545455
 1 2.515151515151516
 0 2.575757575757576
 0 2.636363636363637
 0 2.696969696969697
 0 2.757575757575758
 0 2.818181818181818
 0 2.878787878787879
 0 2.939393939393939
 0 3


