# Created by Octave 3.8.2, Mon Jun 22 04:57:10 2020 CEST <damian@fptrucha.inv.usc.es>
# name: hd
# type: matrix
# rows: 100
# columns: 2
 0 -3
 0 -2.939393939393939
 0 -2.878787878787879
 0 -2.818181818181818
 0 -2.757575757575758
 0 -2.696969696969697
 0 -2.636363636363636
 0 -2.575757575757576
 0 -2.515151515151515
 12 -2.454545454545455
 1 -2.393939393939394
 1 -2.333333333333333
 0 -2.272727272727272
 0 -2.212121212121212
 0 -2.151515151515151
 0 -2.090909090909091
 3 -2.03030303030303
 43 -1.96969696969697
 36 -1.909090909090909
 2 -1.848484848484848
 0 -1.787878787878788
 0 -1.727272727272727
 1 -1.666666666666667
 118 -1.606060606060606
 24 -1.545454545454545
 127 -1.484848484848485
 27 -1.424242424242424
 121 -1.363636363636364
 21 -1.303030303030303
 18 -1.242424242424242
 519 -1.181818181818182
 14 -1.121212121212121
 512 -1.060606060606061
 15 -1
 528 -0.9393939393939394
 22 -0.8787878787878789
 502 -0.8181818181818183
 841 -0.7575757575757573
 556 -0.6969696969696968
 875 -0.6363636363636362
 557 -0.5757575757575757
 809 -0.5151515151515151
 575 -0.4545454545454546
 847 -0.393939393939394
 3686 -0.333333333333333
 513 -0.2727272727272725
 2267 -0.2121212121212119
 16 -0.1515151515151514
 2299 -0.09090909090909083
 11 -0.03030303030303028
 2283 0.03030303030303028
 19 0.09090909090909083
 2030 0.1515151515151514
 1401 0.2121212121212124
 1985 0.2727272727272729
 1421 0.3333333333333335
 593 0.393939393939394
 840 0.4545454545454546
 606 0.5151515151515151
 741 0.5757575757575757
 550 0.6363636363636367
 707 0.6969696969696972
 514 0.7575757575757578
 13 0.8181818181818183
 568 0.8787878787878789
 23 0.9393939393939394
 469 1
 7 1.060606060606061
 521 1.121212121212121
 9 1.181818181818182
 32 1.242424242424242
 92 1.303030303030303
 30 1.363636363636363
 120 1.424242424242425
 32 1.484848484848485
 115 1.545454545454546
 2 1.606060606060606
 0 1.666666666666667
 2 1.727272727272728
 30 1.787878787878788
 5 1.848484848484849
 39 1.909090909090909
 4 1.96969696969697
 2 2.03030303030303
 0 2.090909090909091
 0 2.151515151515151
 1 2.212121212121212
 0 2.272727272727272
 2 2.333333333333334
 9 2.393939393939394
 1 2.454545454545455
 1 2.515151515151516
 0 2.575757575757576
 0 2.636363636363637
 0 2.696969696969697
 0 2.757575757575758
 0 2.818181818181818
 0 2.878787878787879
 0 2.939393939393939
 0 3


