# Created by Octave 3.8.2, Mon Jun 22 08:50:43 2020 CEST <damian@fptrucha.inv.usc.es>
# name: hd
# type: matrix
# rows: 100
# columns: 2
 0 -3
 0 -2.939393939393939
 0 -2.878787878787879
 0 -2.818181818181818
 0 -2.757575757575758
 0 -2.696969696969697
 0 -2.636363636363636
 1 -2.575757575757576
 1 -2.515151515151515
 3 -2.454545454545455
 1 -2.393939393939394
 0 -2.333333333333333
 0 -2.272727272727272
 0 -2.212121212121212
 0 -2.151515151515151
 1 -2.090909090909091
 3 -2.03030303030303
 37 -1.96969696969697
 43 -1.909090909090909
 1 -1.848484848484848
 2 -1.787878787878788
 0 -1.727272727272727
 2 -1.666666666666667
 97 -1.606060606060606
 30 -1.545454545454545
 110 -1.484848484848485
 39 -1.424242424242424
 110 -1.363636363636364
 18 -1.303030303030303
 12 -1.242424242424242
 538 -1.181818181818182
 17 -1.121212121212121
 467 -1.060606060606061
 19 -1
 524 -0.9393939393939394
 23 -0.8787878787878789
 503 -0.8181818181818183
 822 -0.7575757575757573
 585 -0.6969696969696968
 951 -0.6363636363636362
 598 -0.5757575757575757
 875 -0.5151515151515151
 630 -0.4545454545454546
 892 -0.393939393939394
 3850 -0.333333333333333
 572 -0.2727272727272725
 2526 -0.2121212121212119
 17 -0.1515151515151514
 2592 -0.09090909090909083
 21 -0.03030303030303028
 2438 0.03030303030303028
 23 0.09090909090909083
 2261 0.1515151515151514
 1442 0.2121212121212124
 2271 0.2727272727272729
 1556 0.3333333333333335
 660 0.393939393939394
 878 0.4545454545454546
 603 0.5151515151515151
 799 0.5757575757575757
 634 0.6363636363636367
 836 0.6969696969696972
 532 0.7575757575757578
 17 0.8181818181818183
 548 0.8787878787878789
 21 0.9393939393939394
 523 1
 17 1.060606060606061
 510 1.121212121212121
 10 1.181818181818182
 24 1.242424242424242
 101 1.303030303030303
 37 1.363636363636363
 120 1.424242424242425
 35 1.484848484848485
 94 1.545454545454546
 3 1.606060606060606
 0 1.666666666666667
 2 1.727272727272728
 40 1.787878787878788
 5 1.848484848484849
 34 1.909090909090909
 11 1.96969696969697
 2 2.03030303030303
 0 2.090909090909091
 0 2.151515151515151
 3 2.212121212121212
 0 2.272727272727272
 0 2.333333333333334
 7 2.393939393939394
 0 2.454545454545455
 2 2.515151515151516
 0 2.575757575757576
 0 2.636363636363637
 0 2.696969696969697
 0 2.757575757575758
 0 2.818181818181818
 0 2.878787878787879
 0 2.939393939393939
 0 3


