# Created by Octave 3.8.2, Sat Jun 20 06:36:16 2020 CEST <damian@fptrucha.inv.usc.es>
# name: hd
# type: matrix
# rows: 100
# columns: 2
 0 -3
 0 -2.939393939393939
 0 -2.878787878787879
 0 -2.818181818181818
 0 -2.757575757575758
 0 -2.696969696969697
 0 -2.636363636363636
 2 -2.575757575757576
 1 -2.515151515151515
 6 -2.454545454545455
 0 -2.393939393939394
 1 -2.333333333333333
 1 -2.272727272727272
 0 -2.212121212121212
 0 -2.151515151515151
 3 -2.090909090909091
 5 -2.03030303030303
 30 -1.96969696969697
 28 -1.909090909090909
 1 -1.848484848484848
 3 -1.787878787878788
 0 -1.727272727272727
 3 -1.666666666666667
 128 -1.606060606060606
 19 -1.545454545454545
 127 -1.484848484848485
 32 -1.424242424242424
 103 -1.363636363636364
 27 -1.303030303030303
 14 -1.242424242424242
 679 -1.181818181818182
 12 -1.121212121212121
 676 -1.060606060606061
 13 -1
 559 -0.9393939393939394
 15 -0.8787878787878789
 520 -0.8181818181818183
 1214 -0.7575757575757573
 802 -0.6969696969696968
 1187 -0.6363636363636362
 765 -0.5757575757575757
 1041 -0.5151515151515151
 708 -0.4545454545454546
 987 -0.393939393939394
 4887 -0.333333333333333
 645 -0.2727272727272725
 3160 -0.2121212121212119
 17 -0.1515151515151514
 2963 -0.09090909090909083
 6 -0.03030303030303028
 2847 0.03030303030303028
 6 0.09090909090909083
 2440 0.1515151515151514
 1879 0.2121212121212124
 2480 0.2727272727272729
 1772 0.3333333333333335
 651 0.393939393939394
 994 0.4545454545454546
 702 0.5151515151515151
 908 0.5757575757575757
 603 0.6363636363636367
 853 0.6969696969696972
 592 0.7575757575757578
 11 0.8181818181818183
 557 0.8787878787878789
 13 0.9393939393939394
 539 1
 12 1.060606060606061
 524 1.121212121212121
 7 1.181818181818182
 38 1.242424242424242
 93 1.303030303030303
 28 1.363636363636363
 102 1.424242424242425
 24 1.484848484848485
 88 1.545454545454546
 2 1.606060606060606
 0 1.666666666666667
 5 1.727272727272728
 25 1.787878787878788
 2 1.848484848484849
 35 1.909090909090909
 3 1.96969696969697
 0 2.03030303030303
 0 2.090909090909091
 0 2.151515151515151
 2 2.212121212121212
 1 2.272727272727272
 0 2.333333333333334
 8 2.393939393939394
 0 2.454545454545455
 2 2.515151515151516
 0 2.575757575757576
 0 2.636363636363637
 0 2.696969696969697
 0 2.757575757575758
 0 2.818181818181818
 0 2.878787878787879
 0 2.939393939393939
 0 3


