# Created by Octave 3.8.2, Mon Jun 22 03:50:50 2020 CEST <damian@fptrucha.inv.usc.es>
# name: hd
# type: matrix
# rows: 100
# columns: 2
 0 -3
 0 -2.939393939393939
 0 -2.878787878787879
 0 -2.818181818181818
 0 -2.757575757575758
 0 -2.696969696969697
 0 -2.636363636363636
 2 -2.575757575757576
 0 -2.515151515151515
 16 -2.454545454545455
 2 -2.393939393939394
 4 -2.333333333333333
 2 -2.272727272727272
 0 -2.212121212121212
 0 -2.151515151515151
 3 -2.090909090909091
 3 -2.03030303030303
 32 -1.96969696969697
 36 -1.909090909090909
 2 -1.848484848484848
 1 -1.787878787878788
 0 -1.727272727272727
 1 -1.666666666666667
 94 -1.606060606060606
 28 -1.545454545454545
 137 -1.484848484848485
 33 -1.424242424242424
 120 -1.363636363636364
 32 -1.303030303030303
 14 -1.242424242424242
 535 -1.181818181818182
 20 -1.121212121212121
 493 -1.060606060606061
 20 -1
 541 -0.9393939393939394
 20 -0.8787878787878789
 478 -0.8181818181818183
 844 -0.7575757575757573
 565 -0.6969696969696968
 928 -0.6363636363636362
 605 -0.5757575757575757
 843 -0.5151515151515151
 575 -0.4545454545454546
 844 -0.393939393939394
 3760 -0.333333333333333
 564 -0.2727272727272725
 2312 -0.2121212121212119
 18 -0.1515151515151514
 2358 -0.09090909090909083
 18 -0.03030303030303028
 2374 0.03030303030303028
 26 0.09090909090909083
 2105 0.1515151515151514
 1548 0.2121212121212124
 2141 0.2727272727272729
 1482 0.3333333333333335
 637 0.393939393939394
 858 0.4545454545454546
 594 0.5151515151515151
 765 0.5757575757575757
 552 0.6363636363636367
 786 0.6969696969696972
 533 0.7575757575757578
 12 0.8181818181818183
 507 0.8787878787878789
 16 0.9393939393939394
 518 1
 20 1.060606060606061
 476 1.121212121212121
 14 1.181818181818182
 30 1.242424242424242
 100 1.303030303030303
 25 1.363636363636363
 117 1.424242424242425
 32 1.484848484848485
 100 1.545454545454546
 4 1.606060606060606
 0 1.666666666666667
 1 1.727272727272728
 36 1.787878787878788
 11 1.848484848484849
 37 1.909090909090909
 3 1.96969696969697
 4 2.03030303030303
 0 2.090909090909091
 0 2.151515151515151
 0 2.212121212121212
 1 2.272727272727272
 2 2.333333333333334
 8 2.393939393939394
 1 2.454545454545455
 3 2.515151515151516
 0 2.575757575757576
 0 2.636363636363637
 0 2.696969696969697
 0 2.757575757575758
 0 2.818181818181818
 0 2.878787878787879
 0 2.939393939393939
 0 3


