# Created by Octave 3.8.2, Sat Jun 20 07:36:08 2020 CEST <damian@fptrucha.inv.usc.es>
# name: hd
# type: matrix
# rows: 100
# columns: 2
 0 -3
 0 -2.939393939393939
 0 -2.878787878787879
 0 -2.818181818181818
 0 -2.757575757575758
 0 -2.696969696969697
 0 -2.636363636363636
 1 -2.575757575757576
 0 -2.515151515151515
 4 -2.454545454545455
 0 -2.393939393939394
 0 -2.333333333333333
 1 -2.272727272727272
 0 -2.212121212121212
 0 -2.151515151515151
 0 -2.090909090909091
 3 -2.03030303030303
 41 -1.96969696969697
 41 -1.909090909090909
 1 -1.848484848484848
 2 -1.787878787878788
 0 -1.727272727272727
 0 -1.666666666666667
 116 -1.606060606060606
 23 -1.545454545454545
 119 -1.484848484848485
 32 -1.424242424242424
 98 -1.363636363636364
 24 -1.303030303030303
 11 -1.242424242424242
 643 -1.181818181818182
 18 -1.121212121212121
 673 -1.060606060606061
 13 -1
 550 -0.9393939393939394
 23 -0.8787878787878789
 520 -0.8181818181818183
 1193 -0.7575757575757573
 824 -0.6969696969696968
 1190 -0.6363636363636362
 779 -0.5757575757575757
 1085 -0.5151515151515151
 719 -0.4545454545454546
 1025 -0.393939393939394
 4862 -0.333333333333333
 664 -0.2727272727272725
 3304 -0.2121212121212119
 10 -0.1515151515151514
 3010 -0.09090909090909083
 14 -0.03030303030303028
 2864 0.03030303030303028
 14 0.09090909090909083
 2430 0.1515151515151514
 1905 0.2121212121212124
 2554 0.2727272727272729
 1845 0.3333333333333335
 698 0.393939393939394
 902 0.4545454545454546
 655 0.5151515151515151
 871 0.5757575757575757
 639 0.6363636363636367
 854 0.6969696969696972
 643 0.7575757575757578
 14 0.8181818181818183
 602 0.8787878787878789
 15 0.9393939393939394
 565 1
 9 1.060606060606061
 464 1.121212121212121
 9 1.181818181818182
 32 1.242424242424242
 93 1.303030303030303
 21 1.363636363636363
 101 1.424242424242425
 21 1.484848484848485
 78 1.545454545454546
 2 1.606060606060606
 0 1.666666666666667
 2 1.727272727272728
 31 1.787878787878788
 3 1.848484848484849
 33 1.909090909090909
 4 1.96969696969697
 0 2.03030303030303
 0 2.090909090909091
 0 2.151515151515151
 1 2.212121212121212
 0 2.272727272727272
 2 2.333333333333334
 9 2.393939393939394
 0 2.454545454545455
 0 2.515151515151516
 0 2.575757575757576
 0 2.636363636363637
 0 2.696969696969697
 0 2.757575757575758
 0 2.818181818181818
 0 2.878787878787879
 0 2.939393939393939
 0 3


