# Created by Octave 3.8.2, Sat Jun 20 02:04:22 2020 CEST <damian@fptrucha.inv.usc.es>
# name: hd
# type: matrix
# rows: 100
# columns: 2
 0 -3
 0 -2.939393939393939
 0 -2.878787878787879
 0 -2.818181818181818
 0 -2.757575757575758
 0 -2.696969696969697
 0 -2.636363636363636
 2 -2.575757575757576
 1 -2.515151515151515
 4 -2.454545454545455
 2 -2.393939393939394
 0 -2.333333333333333
 0 -2.272727272727272
 0 -2.212121212121212
 0 -2.151515151515151
 1 -2.090909090909091
 2 -2.03030303030303
 21 -1.96969696969697
 19 -1.909090909090909
 0 -1.848484848484848
 0 -1.787878787878788
 0 -1.727272727272727
 2 -1.666666666666667
 126 -1.606060606060606
 21 -1.545454545454545
 109 -1.484848484848485
 22 -1.424242424242424
 107 -1.363636363636364
 20 -1.303030303030303
 20 -1.242424242424242
 625 -1.181818181818182
 12 -1.121212121212121
 593 -1.060606060606061
 16 -1
 504 -0.9393939393939394
 24 -0.8787878787878789
 525 -0.8181818181818183
 1161 -0.7575757575757573
 761 -0.6969696969696968
 1258 -0.6363636363636362
 714 -0.5757575757575757
 982 -0.5151515151515151
 646 -0.4545454545454546
 971 -0.393939393939394
 4604 -0.333333333333333
 616 -0.2727272727272725
 3061 -0.2121212121212119
 14 -0.1515151515151514
 2916 -0.09090909090909083
 11 -0.03030303030303028
 2679 0.03030303030303028
 14 0.09090909090909083
 2428 0.1515151515151514
 1737 0.2121212121212124
 2379 0.2727272727272729
 1650 0.3333333333333335
 583 0.393939393939394
 893 0.4545454545454546
 708 0.5151515151515151
 822 0.5757575757575757
 549 0.6363636363636367
 744 0.6969696969696972
 555 0.7575757575757578
 9 0.8181818181818183
 502 0.8787878787878789
 14 0.9393939393939394
 510 1
 17 1.060606060606061
 476 1.121212121212121
 11 1.181818181818182
 28 1.242424242424242
 95 1.303030303030303
 26 1.363636363636363
 90 1.424242424242425
 15 1.484848484848485
 83 1.545454545454546
 2 1.606060606060606
 0 1.666666666666667
 1 1.727272727272728
 28 1.787878787878788
 3 1.848484848484849
 24 1.909090909090909
 3 1.96969696969697
 0 2.03030303030303
 0 2.090909090909091
 0 2.151515151515151
 0 2.212121212121212
 1 2.272727272727272
 0 2.333333333333334
 4 2.393939393939394
 0 2.454545454545455
 0 2.515151515151516
 0 2.575757575757576
 0 2.636363636363637
 0 2.696969696969697
 0 2.757575757575758
 0 2.818181818181818
 0 2.878787878787879
 0 2.939393939393939
 0 3


