# Created by Octave 3.8.2, Sat Jun 20 06:20:50 2020 CEST <damian@fptrucha.inv.usc.es>
# name: hd
# type: matrix
# rows: 100
# columns: 2
 0 -3
 0 -2.939393939393939
 0 -2.878787878787879
 0 -2.818181818181818
 0 -2.757575757575758
 0 -2.696969696969697
 0 -2.636363636363636
 0 -2.575757575757576
 0 -2.515151515151515
 7 -2.454545454545455
 0 -2.393939393939394
 0 -2.333333333333333
 2 -2.272727272727272
 0 -2.212121212121212
 0 -2.151515151515151
 1 -2.090909090909091
 5 -2.03030303030303
 24 -1.96969696969697
 31 -1.909090909090909
 1 -1.848484848484848
 1 -1.787878787878788
 0 -1.727272727272727
 1 -1.666666666666667
 126 -1.606060606060606
 26 -1.545454545454545
 132 -1.484848484848485
 27 -1.424242424242424
 132 -1.363636363636364
 18 -1.303030303030303
 15 -1.242424242424242
 718 -1.181818181818182
 12 -1.121212121212121
 617 -1.060606060606061
 15 -1
 575 -0.9393939393939394
 13 -0.8787878787878789
 518 -0.8181818181818183
 1180 -0.7575757575757573
 754 -0.6969696969696968
 1238 -0.6363636363636362
 705 -0.5757575757575757
 1016 -0.5151515151515151
 694 -0.4545454545454546
 989 -0.393939393939394
 4670 -0.333333333333333
 605 -0.2727272727272725
 3228 -0.2121212121212119
 7 -0.1515151515151514
 2877 -0.09090909090909083
 7 -0.03030303030303028
 2767 0.03030303030303028
 18 0.09090909090909083
 2413 0.1515151515151514
 1788 0.2121212121212124
 2455 0.2727272727272729
 1766 0.3333333333333335
 712 0.393939393939394
 944 0.4545454545454546
 714 0.5151515151515151
 853 0.5757575757575757
 577 0.6363636363636367
 854 0.6969696969696972
 577 0.7575757575757578
 9 0.8181818181818183
 584 0.8787878787878789
 11 0.9393939393939394
 524 1
 15 1.060606060606061
 493 1.121212121212121
 9 1.181818181818182
 28 1.242424242424242
 114 1.303030303030303
 16 1.363636363636363
 94 1.424242424242425
 23 1.484848484848485
 84 1.545454545454546
 2 1.606060606060606
 0 1.666666666666667
 4 1.727272727272728
 28 1.787878787878788
 5 1.848484848484849
 32 1.909090909090909
 4 1.96969696969697
 0 2.03030303030303
 0 2.090909090909091
 0 2.151515151515151
 1 2.212121212121212
 0 2.272727272727272
 1 2.333333333333334
 6 2.393939393939394
 0 2.454545454545455
 1 2.515151515151516
 0 2.575757575757576
 0 2.636363636363637
 0 2.696969696969697
 0 2.757575757575758
 0 2.818181818181818
 0 2.878787878787879
 0 2.939393939393939
 0 3


