# Created by Octave 3.8.2, Mon Jun 22 07:44:16 2020 CEST <damian@fptrucha.inv.usc.es>
# name: hd
# type: matrix
# rows: 100
# columns: 2
 0 -3
 0 -2.939393939393939
 0 -2.878787878787879
 0 -2.818181818181818
 0 -2.757575757575758
 0 -2.696969696969697
 0 -2.636363636363636
 3 -2.575757575757576
 1 -2.515151515151515
 11 -2.454545454545455
 0 -2.393939393939394
 0 -2.333333333333333
 0 -2.272727272727272
 0 -2.212121212121212
 0 -2.151515151515151
 1 -2.090909090909091
 5 -2.03030303030303
 32 -1.96969696969697
 30 -1.909090909090909
 2 -1.848484848484848
 4 -1.787878787878788
 0 -1.727272727272727
 5 -1.666666666666667
 100 -1.606060606060606
 28 -1.545454545454545
 97 -1.484848484848485
 25 -1.424242424242424
 109 -1.363636363636364
 24 -1.303030303030303
 9 -1.242424242424242
 497 -1.181818181818182
 16 -1.121212121212121
 534 -1.060606060606061
 20 -1
 524 -0.9393939393939394
 24 -0.8787878787878789
 459 -0.8181818181818183
 852 -0.7575757575757573
 569 -0.6969696969696968
 912 -0.6363636363636362
 598 -0.5757575757575757
 841 -0.5151515151515151
 597 -0.4545454545454546
 896 -0.393939393939394
 3835 -0.333333333333333
 554 -0.2727272727272725
 2472 -0.2121212121212119
 14 -0.1515151515151514
 2580 -0.09090909090909083
 22 -0.03030303030303028
 2410 0.03030303030303028
 20 0.09090909090909083
 2276 0.1515151515151514
 1472 0.2121212121212124
 2272 0.2727272727272729
 1495 0.3333333333333335
 618 0.393939393939394
 881 0.4545454545454546
 620 0.5151515151515151
 784 0.5757575757575757
 608 0.6363636363636367
 858 0.6969696969696972
 481 0.7575757575757578
 14 0.8181818181818183
 550 0.8787878787878789
 13 0.9393939393939394
 513 1
 18 1.060606060606061
 526 1.121212121212121
 15 1.181818181818182
 30 1.242424242424242
 130 1.303030303030303
 29 1.363636363636363
 98 1.424242424242425
 36 1.484848484848485
 97 1.545454545454546
 6 1.606060606060606
 0 1.666666666666667
 4 1.727272727272728
 42 1.787878787878788
 6 1.848484848484849
 43 1.909090909090909
 4 1.96969696969697
 2 2.03030303030303
 0 2.090909090909091
 0 2.151515151515151
 1 2.212121212121212
 1 2.272727272727272
 2 2.333333333333334
 10 2.393939393939394
 1 2.454545454545455
 2 2.515151515151516
 0 2.575757575757576
 0 2.636363636363637
 0 2.696969696969697
 0 2.757575757575758
 0 2.818181818181818
 0 2.878787878787879
 0 2.939393939393939
 0 3


