# Created by Octave 3.8.2, Mon Jun 22 02:58:37 2020 CEST <damian@fptrucha.inv.usc.es>
# name: hd
# type: matrix
# rows: 100
# columns: 2
 0 -3
 0 -2.939393939393939
 0 -2.878787878787879
 0 -2.818181818181818
 0 -2.757575757575758
 0 -2.696969696969697
 0 -2.636363636363636
 0 -2.575757575757576
 0 -2.515151515151515
 5 -2.454545454545455
 3 -2.393939393939394
 0 -2.333333333333333
 3 -2.272727272727272
 0 -2.212121212121212
 0 -2.151515151515151
 2 -2.090909090909091
 2 -2.03030303030303
 32 -1.96969696969697
 36 -1.909090909090909
 3 -1.848484848484848
 1 -1.787878787878788
 0 -1.727272727272727
 2 -1.666666666666667
 105 -1.606060606060606
 28 -1.545454545454545
 99 -1.484848484848485
 32 -1.424242424242424
 111 -1.363636363636364
 19 -1.303030303030303
 18 -1.242424242424242
 486 -1.181818181818182
 21 -1.121212121212121
 510 -1.060606060606061
 16 -1
 496 -0.9393939393939394
 21 -0.8787878787878789
 476 -0.8181818181818183
 855 -0.7575757575757573
 615 -0.6969696969696968
 897 -0.6363636363636362
 589 -0.5757575757575757
 853 -0.5151515151515151
 542 -0.4545454545454546
 873 -0.393939393939394
 3826 -0.333333333333333
 549 -0.2727272727272725
 2347 -0.2121212121212119
 13 -0.1515151515151514
 2415 -0.09090909090909083
 37 -0.03030303030303028
 2439 0.03030303030303028
 35 0.09090909090909083
 2125 0.1515151515151514
 1545 0.2121212121212124
 2161 0.2727272727272729
 1443 0.3333333333333335
 645 0.393939393939394
 885 0.4545454545454546
 665 0.5151515151515151
 843 0.5757575757575757
 591 0.6363636363636367
 803 0.6969696969696972
 471 0.7575757575757578
 16 0.8181818181818183
 504 0.8787878787878789
 17 0.9393939393939394
 500 1
 17 1.060606060606061
 485 1.121212121212121
 14 1.181818181818182
 23 1.242424242424242
 103 1.303030303030303
 31 1.363636363636363
 106 1.424242424242425
 35 1.484848484848485
 100 1.545454545454546
 3 1.606060606060606
 0 1.666666666666667
 1 1.727272727272728
 32 1.787878787878788
 3 1.848484848484849
 34 1.909090909090909
 4 1.96969696969697
 7 2.03030303030303
 0 2.090909090909091
 0 2.151515151515151
 2 2.212121212121212
 2 2.272727272727272
 0 2.333333333333334
 8 2.393939393939394
 2 2.454545454545455
 1 2.515151515151516
 0 2.575757575757576
 0 2.636363636363637
 0 2.696969696969697
 0 2.757575757575758
 0 2.818181818181818
 0 2.878787878787879
 0 2.939393939393939
 0 3


