# Created by Octave 3.8.2, Sat Jun 20 07:51:46 2020 CEST <damian@fptrucha.inv.usc.es>
# name: hd
# type: matrix
# rows: 100
# columns: 2
 0 -3
 0 -2.939393939393939
 0 -2.878787878787879
 0 -2.818181818181818
 0 -2.757575757575758
 0 -2.696969696969697
 0 -2.636363636363636
 0 -2.575757575757576
 0 -2.515151515151515
 6 -2.454545454545455
 1 -2.393939393939394
 1 -2.333333333333333
 0 -2.272727272727272
 0 -2.212121212121212
 0 -2.151515151515151
 1 -2.090909090909091
 5 -2.03030303030303
 36 -1.96969696969697
 22 -1.909090909090909
 0 -1.848484848484848
 1 -1.787878787878788
 0 -1.727272727272727
 2 -1.666666666666667
 129 -1.606060606060606
 29 -1.545454545454545
 92 -1.484848484848485
 31 -1.424242424242424
 115 -1.363636363636364
 33 -1.303030303030303
 14 -1.242424242424242
 668 -1.181818181818182
 18 -1.121212121212121
 611 -1.060606060606061
 17 -1
 573 -0.9393939393939394
 14 -0.8787878787878789
 538 -0.8181818181818183
 1150 -0.7575757575757573
 754 -0.6969696969696968
 1159 -0.6363636363636362
 708 -0.5757575757575757
 1019 -0.5151515151515151
 682 -0.4545454545454546
 1025 -0.393939393939394
 4814 -0.333333333333333
 632 -0.2727272727272725
 3228 -0.2121212121212119
 11 -0.1515151515151514
 3009 -0.09090909090909083
 6 -0.03030303030303028
 2880 0.03030303030303028
 10 0.09090909090909083
 2399 0.1515151515151514
 1893 0.2121212121212124
 2527 0.2727272727272729
 1886 0.3333333333333335
 686 0.393939393939394
 978 0.4545454545454546
 764 0.5151515151515151
 897 0.5757575757575757
 619 0.6363636363636367
 843 0.6969696969696972
 587 0.7575757575757578
 10 0.8181818181818183
 574 0.8787878787878789
 13 0.9393939393939394
 558 1
 12 1.060606060606061
 543 1.121212121212121
 16 1.181818181818182
 27 1.242424242424242
 117 1.303030303030303
 22 1.363636363636363
 100 1.424242424242425
 17 1.484848484848485
 106 1.545454545454546
 3 1.606060606060606
 0 1.666666666666667
 2 1.727272727272728
 26 1.787878787878788
 3 1.848484848484849
 38 1.909090909090909
 5 1.96969696969697
 0 2.03030303030303
 0 2.090909090909091
 0 2.151515151515151
 0 2.212121212121212
 0 2.272727272727272
 2 2.333333333333334
 6 2.393939393939394
 0 2.454545454545455
 1 2.515151515151516
 0 2.575757575757576
 0 2.636363636363637
 0 2.696969696969697
 0 2.757575757575758
 0 2.818181818181818
 0 2.878787878787879
 0 2.939393939393939
 0 3


