# Created by Octave 3.8.2, Mon Jun 22 23:55:03 2020 CEST <damian@fptrucha.inv.usc.es>
# name: hd
# type: matrix
# rows: 100
# columns: 2
 0 -3
 0 -2.939393939393939
 0 -2.878787878787879
 0 -2.818181818181818
 0 -2.757575757575758
 0 -2.696969696969697
 0 -2.636363636363636
 2 -2.575757575757576
 0 -2.515151515151515
 11 -2.454545454545455
 2 -2.393939393939394
 1 -2.333333333333333
 1 -2.272727272727272
 0 -2.212121212121212
 0 -2.151515151515151
 1 -2.090909090909091
 1 -2.03030303030303
 41 -1.96969696969697
 36 -1.909090909090909
 2 -1.848484848484848
 1 -1.787878787878788
 0 -1.727272727272727
 1 -1.666666666666667
 115 -1.606060606060606
 34 -1.545454545454545
 129 -1.484848484848485
 33 -1.424242424242424
 96 -1.363636363636364
 23 -1.303030303030303
 15 -1.242424242424242
 640 -1.181818181818182
 15 -1.121212121212121
 546 -1.060606060606061
 17 -1
 526 -0.9393939393939394
 22 -0.8787878787878789
 562 -0.8181818181818183
 1044 -0.7575757575757573
 729 -0.6969696969696968
 1107 -0.6363636363636362
 751 -0.5757575757575757
 963 -0.5151515151515151
 659 -0.4545454545454546
 1003 -0.393939393939394
 4557 -0.333333333333333
 657 -0.2727272727272725
 2843 -0.2121212121212119
 13 -0.1515151515151514
 2769 -0.09090909090909083
 20 -0.03030303030303028
 2543 0.03030303030303028
 15 0.09090909090909083
 2406 0.1515151515151514
 1691 0.2121212121212124
 2520 0.2727272727272729
 1697 0.3333333333333335
 675 0.393939393939394
 913 0.4545454545454546
 669 0.5151515151515151
 856 0.5757575757575757
 629 0.6363636363636367
 852 0.6969696969696972
 573 0.7575757575757578
 16 0.8181818181818183
 592 0.8787878787878789
 9 0.9393939393939394
 507 1
 10 1.060606060606061
 500 1.121212121212121
 10 1.181818181818182
 32 1.242424242424242
 105 1.303030303030303
 32 1.363636363636363
 114 1.424242424242425
 37 1.484848484848485
 112 1.545454545454546
 1 1.606060606060606
 0 1.666666666666667
 1 1.727272727272728
 41 1.787878787878788
 3 1.848484848484849
 35 1.909090909090909
 3 1.96969696969697
 1 2.03030303030303
 0 2.090909090909091
 0 2.151515151515151
 2 2.212121212121212
 0 2.272727272727272
 0 2.333333333333334
 8 2.393939393939394
 1 2.454545454545455
 0 2.515151515151516
 0 2.575757575757576
 0 2.636363636363637
 0 2.696969696969697
 0 2.757575757575758
 0 2.818181818181818
 0 2.878787878787879
 0 2.939393939393939
 0 3


