# Created by Octave 3.8.2, Sun Jun 21 00:30:39 2020 CEST <damian@fptrucha.inv.usc.es>
# name: hd
# type: matrix
# rows: 100
# columns: 2
 0 -3
 0 -2.939393939393939
 0 -2.878787878787879
 0 -2.818181818181818
 0 -2.757575757575758
 0 -2.696969696969697
 0 -2.636363636363636
 1 -2.575757575757576
 0 -2.515151515151515
 4 -2.454545454545455
 1 -2.393939393939394
 1 -2.333333333333333
 1 -2.272727272727272
 0 -2.212121212121212
 0 -2.151515151515151
 0 -2.090909090909091
 0 -2.03030303030303
 20 -1.96969696969697
 18 -1.909090909090909
 0 -1.848484848484848
 0 -1.787878787878788
 0 -1.727272727272727
 0 -1.666666666666667
 97 -1.606060606060606
 16 -1.545454545454545
 86 -1.484848484848485
 16 -1.424242424242424
 72 -1.363636363636364
 20 -1.303030303030303
 7 -1.242424242424242
 535 -1.181818181818182
 11 -1.121212121212121
 472 -1.060606060606061
 12 -1
 421 -0.9393939393939394
 7 -0.8787878787878789
 418 -0.8181818181818183
 948 -0.7575757575757573
 614 -0.6969696969696968
 1014 -0.6363636363636362
 602 -0.5757575757575757
 785 -0.5151515151515151
 566 -0.4545454545454546
 808 -0.393939393939394
 4038 -0.333333333333333
 528 -0.2727272727272725
 2749 -0.2121212121212119
 9 -0.1515151515151514
 2619 -0.09090909090909083
 9 -0.03030303030303028
 2499 0.03030303030303028
 12 0.09090909090909083
 2140 0.1515151515151514
 1770 0.2121212121212124
 2206 0.2727272727272729
 1589 0.3333333333333335
 568 0.393939393939394
 831 0.4545454545454546
 628 0.5151515151515151
 840 0.5757575757575757
 595 0.6363636363636367
 719 0.6969696969696972
 572 0.7575757575757578
 11 0.8181818181818183
 529 0.8787878787878789
 13 0.9393939393939394
 534 1
 6 1.060606060606061
 460 1.121212121212121
 8 1.181818181818182
 27 1.242424242424242
 97 1.303030303030303
 25 1.363636363636363
 107 1.424242424242425
 22 1.484848484848485
 91 1.545454545454546
 1 1.606060606060606
 0 1.666666666666667
 0 1.727272727272728
 30 1.787878787878788
 2 1.848484848484849
 30 1.909090909090909
 3 1.96969696969697
 3 2.03030303030303
 0 2.090909090909091
 0 2.151515151515151
 0 2.212121212121212
 0 2.272727272727272
 0 2.333333333333334
 8 2.393939393939394
 0 2.454545454545455
 1 2.515151515151516
 0 2.575757575757576
 0 2.636363636363637
 0 2.696969696969697
 0 2.757575757575758
 0 2.818181818181818
 0 2.878787878787879
 0 2.939393939393939
 0 3


