# Created by Octave 3.8.2, Mon Jun 22 13:18:35 2020 CEST <damian@fptrucha.inv.usc.es>
# name: hd
# type: matrix
# rows: 100
# columns: 2
 0 -3
 0 -2.939393939393939
 0 -2.878787878787879
 0 -2.818181818181818
 0 -2.757575757575758
 0 -2.696969696969697
 0 -2.636363636363636
 4 -2.575757575757576
 0 -2.515151515151515
 5 -2.454545454545455
 0 -2.393939393939394
 0 -2.333333333333333
 0 -2.272727272727272
 0 -2.212121212121212
 0 -2.151515151515151
 1 -2.090909090909091
 4 -2.03030303030303
 35 -1.96969696969697
 38 -1.909090909090909
 1 -1.848484848484848
 1 -1.787878787878788
 0 -1.727272727272727
 1 -1.666666666666667
 121 -1.606060606060606
 35 -1.545454545454545
 120 -1.484848484848485
 30 -1.424242424242424
 120 -1.363636363636364
 25 -1.303030303030303
 8 -1.242424242424242
 551 -1.181818181818182
 16 -1.121212121212121
 545 -1.060606060606061
 22 -1
 553 -0.9393939393939394
 29 -0.8787878787878789
 505 -0.8181818181818183
 923 -0.7575757575757573
 603 -0.6969696969696968
 930 -0.6363636363636362
 633 -0.5757575757575757
 917 -0.5151515151515151
 654 -0.4545454545454546
 958 -0.393939393939394
 4102 -0.333333333333333
 560 -0.2727272727272725
 2660 -0.2121212121212119
 7 -0.1515151515151514
 2711 -0.09090909090909083
 16 -0.03030303030303028
 2491 0.03030303030303028
 17 0.09090909090909083
 2305 0.1515151515151514
 1548 0.2121212121212124
 2296 0.2727272727272729
 1627 0.3333333333333335
 659 0.393939393939394
 916 0.4545454545454546
 699 0.5151515151515151
 853 0.5757575757575757
 616 0.6363636363636367
 857 0.6969696969696972
 568 0.7575757575757578
 11 0.8181818181818183
 588 0.8787878787878789
 18 0.9393939393939394
 558 1
 10 1.060606060606061
 534 1.121212121212121
 9 1.181818181818182
 29 1.242424242424242
 99 1.303030303030303
 26 1.363636363636363
 115 1.424242424242425
 29 1.484848484848485
 100 1.545454545454546
 7 1.606060606060606
 0 1.666666666666667
 1 1.727272727272728
 39 1.787878787878788
 2 1.848484848484849
 47 1.909090909090909
 4 1.96969696969697
 2 2.03030303030303
 0 2.090909090909091
 0 2.151515151515151
 0 2.212121212121212
 2 2.272727272727272
 0 2.333333333333334
 6 2.393939393939394
 3 2.454545454545455
 1 2.515151515151516
 0 2.575757575757576
 0 2.636363636363637
 0 2.696969696969697
 0 2.757575757575758
 0 2.818181818181818
 0 2.878787878787879
 0 2.939393939393939
 0 3


