# Created by Octave 3.8.2, Mon Jun 22 04:17:10 2020 CEST <damian@fptrucha.inv.usc.es>
# name: hd
# type: matrix
# rows: 100
# columns: 2
 0 -3
 0 -2.939393939393939
 0 -2.878787878787879
 0 -2.818181818181818
 0 -2.757575757575758
 0 -2.696969696969697
 0 -2.636363636363636
 1 -2.575757575757576
 1 -2.515151515151515
 10 -2.454545454545455
 0 -2.393939393939394
 0 -2.333333333333333
 0 -2.272727272727272
 0 -2.212121212121212
 0 -2.151515151515151
 6 -2.090909090909091
 2 -2.03030303030303
 32 -1.96969696969697
 44 -1.909090909090909
 5 -1.848484848484848
 1 -1.787878787878788
 0 -1.727272727272727
 3 -1.666666666666667
 112 -1.606060606060606
 28 -1.545454545454545
 144 -1.484848484848485
 26 -1.424242424242424
 130 -1.363636363636364
 22 -1.303030303030303
 14 -1.242424242424242
 510 -1.181818181818182
 17 -1.121212121212121
 522 -1.060606060606061
 18 -1
 491 -0.9393939393939394
 20 -0.8787878787878789
 462 -0.8181818181818183
 873 -0.7575757575757573
 608 -0.6969696969696968
 866 -0.6363636363636362
 575 -0.5757575757575757
 758 -0.5151515151515151
 582 -0.4545454545454546
 854 -0.393939393939394
 3786 -0.333333333333333
 515 -0.2727272727272725
 2313 -0.2121212121212119
 16 -0.1515151515151514
 2437 -0.09090909090909083
 17 -0.03030303030303028
 2295 0.03030303030303028
 21 0.09090909090909083
 2143 0.1515151515151514
 1523 0.2121212121212124
 1978 0.2727272727272729
 1468 0.3333333333333335
 613 0.393939393939394
 872 0.4545454545454546
 569 0.5151515151515151
 678 0.5757575757575757
 537 0.6363636363636367
 741 0.6969696969696972
 500 0.7575757575757578
 20 0.8181818181818183
 550 0.8787878787878789
 24 0.9393939393939394
 522 1
 21 1.060606060606061
 493 1.121212121212121
 11 1.181818181818182
 26 1.242424242424242
 107 1.303030303030303
 31 1.363636363636363
 103 1.424242424242425
 35 1.484848484848485
 94 1.545454545454546
 0 1.606060606060606
 0 1.666666666666667
 4 1.727272727272728
 36 1.787878787878788
 2 1.848484848484849
 32 1.909090909090909
 2 1.96969696969697
 1 2.03030303030303
 0 2.090909090909091
 0 2.151515151515151
 2 2.212121212121212
 2 2.272727272727272
 3 2.333333333333334
 12 2.393939393939394
 1 2.454545454545455
 0 2.515151515151516
 0 2.575757575757576
 0 2.636363636363637
 0 2.696969696969697
 0 2.757575757575758
 0 2.818181818181818
 0 2.878787878787879
 0 2.939393939393939
 0 3


