# Created by Octave 3.8.2, Mon Jun 22 15:12:53 2020 CEST <damian@fptrucha.inv.usc.es>
# name: hd
# type: matrix
# rows: 100
# columns: 2
 0 -3
 0 -2.939393939393939
 0 -2.878787878787879
 0 -2.818181818181818
 0 -2.757575757575758
 0 -2.696969696969697
 0 -2.636363636363636
 3 -2.575757575757576
 2 -2.515151515151515
 8 -2.454545454545455
 0 -2.393939393939394
 0 -2.333333333333333
 1 -2.272727272727272
 0 -2.212121212121212
 0 -2.151515151515151
 0 -2.090909090909091
 2 -2.03030303030303
 31 -1.96969696969697
 40 -1.909090909090909
 1 -1.848484848484848
 2 -1.787878787878788
 0 -1.727272727272727
 2 -1.666666666666667
 117 -1.606060606060606
 26 -1.545454545454545
 104 -1.484848484848485
 29 -1.424242424242424
 104 -1.363636363636364
 16 -1.303030303030303
 9 -1.242424242424242
 576 -1.181818181818182
 13 -1.121212121212121
 560 -1.060606060606061
 21 -1
 486 -0.9393939393939394
 17 -0.8787878787878789
 506 -0.8181818181818183
 976 -0.7575757575757573
 640 -0.6969696969696968
 979 -0.6363636363636362
 668 -0.5757575757575757
 898 -0.5151515151515151
 629 -0.4545454545454546
 880 -0.393939393939394
 4238 -0.333333333333333
 552 -0.2727272727272725
 2767 -0.2121212121212119
 10 -0.1515151515151514
 2755 -0.09090909090909083
 14 -0.03030303030303028
 2574 0.03030303030303028
 16 0.09090909090909083
 2309 0.1515151515151514
 1629 0.2121212121212124
 2428 0.2727272727272729
 1735 0.3333333333333335
 702 0.393939393939394
 951 0.4545454545454546
 731 0.5151515151515151
 863 0.5757575757575757
 687 0.6363636363636367
 859 0.6969696969696972
 614 0.7575757575757578
 13 0.8181818181818183
 609 0.8787878787878789
 10 0.9393939393939394
 551 1
 17 1.060606060606061
 541 1.121212121212121
 12 1.181818181818182
 42 1.242424242424242
 130 1.303030303030303
 34 1.363636363636363
 101 1.424242424242425
 34 1.484848484848485
 114 1.545454545454546
 4 1.606060606060606
 0 1.666666666666667
 2 1.727272727272728
 53 1.787878787878788
 2 1.848484848484849
 38 1.909090909090909
 7 1.96969696969697
 3 2.03030303030303
 0 2.090909090909091
 0 2.151515151515151
 2 2.212121212121212
 0 2.272727272727272
 3 2.333333333333334
 11 2.393939393939394
 1 2.454545454545455
 0 2.515151515151516
 0 2.575757575757576
 0 2.636363636363637
 0 2.696969696969697
 0 2.757575757575758
 0 2.818181818181818
 0 2.878787878787879
 0 2.939393939393939
 0 3


