# Created by Octave 3.8.2, Sat Jun 20 13:20:52 2020 CEST <damian@fptrucha.inv.usc.es>
# name: hd
# type: matrix
# rows: 100
# columns: 2
 0 -3
 0 -2.939393939393939
 0 -2.878787878787879
 0 -2.818181818181818
 0 -2.757575757575758
 0 -2.696969696969697
 0 -2.636363636363636
 0 -2.575757575757576
 1 -2.515151515151515
 3 -2.454545454545455
 0 -2.393939393939394
 2 -2.333333333333333
 0 -2.272727272727272
 0 -2.212121212121212
 0 -2.151515151515151
 2 -2.090909090909091
 2 -2.03030303030303
 22 -1.96969696969697
 28 -1.909090909090909
 1 -1.848484848484848
 0 -1.787878787878788
 0 -1.727272727272727
 1 -1.666666666666667
 112 -1.606060606060606
 17 -1.545454545454545
 96 -1.484848484848485
 27 -1.424242424242424
 103 -1.363636363636364
 16 -1.303030303030303
 17 -1.242424242424242
 616 -1.181818181818182
 16 -1.121212121212121
 513 -1.060606060606061
 9 -1
 446 -0.9393939393939394
 6 -0.8787878787878789
 477 -0.8181818181818183
 1063 -0.7575757575757573
 718 -0.6969696969696968
 1110 -0.6363636363636362
 622 -0.5757575757575757
 960 -0.5151515151515151
 585 -0.4545454545454546
 881 -0.393939393939394
 4490 -0.333333333333333
 527 -0.2727272727272725
 3081 -0.2121212121212119
 6 -0.1515151515151514
 2879 -0.09090909090909083
 11 -0.03030303030303028
 2700 0.03030303030303028
 11 0.09090909090909083
 2330 0.1515151515151514
 1934 0.2121212121212124
 2368 0.2727272727272729
 1913 0.3333333333333335
 715 0.393939393939394
 1001 0.4545454545454546
 742 0.5151515151515151
 956 0.5757575757575757
 621 0.6363636363636367
 823 0.6969696969696972
 607 0.7575757575757578
 9 0.8181818181818183
 604 0.8787878787878789
 12 0.9393939393939394
 582 1
 17 1.060606060606061
 536 1.121212121212121
 11 1.181818181818182
 20 1.242424242424242
 110 1.303030303030303
 28 1.363636363636363
 122 1.424242424242425
 29 1.484848484848485
 108 1.545454545454546
 1 1.606060606060606
 0 1.666666666666667
 2 1.727272727272728
 35 1.787878787878788
 1 1.848484848484849
 26 1.909090909090909
 3 1.96969696969697
 0 2.03030303030303
 0 2.090909090909091
 0 2.151515151515151
 1 2.212121212121212
 0 2.272727272727272
 0 2.333333333333334
 9 2.393939393939394
 1 2.454545454545455
 0 2.515151515151516
 0 2.575757575757576
 0 2.636363636363637
 0 2.696969696969697
 0 2.757575757575758
 0 2.818181818181818
 0 2.878787878787879
 0 2.939393939393939
 0 3


