# Created by Octave 3.8.2, Mon Jun 22 20:37:35 2020 CEST <damian@fptrucha.inv.usc.es>
# name: hd
# type: matrix
# rows: 100
# columns: 2
 0 -3
 0 -2.939393939393939
 0 -2.878787878787879
 0 -2.818181818181818
 0 -2.757575757575758
 0 -2.696969696969697
 0 -2.636363636363636
 2 -2.575757575757576
 0 -2.515151515151515
 14 -2.454545454545455
 1 -2.393939393939394
 0 -2.333333333333333
 0 -2.272727272727272
 0 -2.212121212121212
 0 -2.151515151515151
 0 -2.090909090909091
 4 -2.03030303030303
 36 -1.96969696969697
 46 -1.909090909090909
 1 -1.848484848484848
 0 -1.787878787878788
 0 -1.727272727272727
 3 -1.666666666666667
 124 -1.606060606060606
 25 -1.545454545454545
 121 -1.484848484848485
 20 -1.424242424242424
 105 -1.363636363636364
 22 -1.303030303030303
 14 -1.242424242424242
 586 -1.181818181818182
 23 -1.121212121212121
 582 -1.060606060606061
 12 -1
 580 -0.9393939393939394
 18 -0.8787878787878789
 542 -0.8181818181818183
 946 -0.7575757575757573
 673 -0.6969696969696968
 1107 -0.6363636363636362
 704 -0.5757575757575757
 951 -0.5151515151515151
 655 -0.4545454545454546
 979 -0.393939393939394
 4434 -0.333333333333333
 582 -0.2727272727272725
 2776 -0.2121212121212119
 9 -0.1515151515151514
 2787 -0.09090909090909083
 18 -0.03030303030303028
 2581 0.03030303030303028
 14 0.09090909090909083
 2343 0.1515151515151514
 1637 0.2121212121212124
 2455 0.2727272727272729
 1560 0.3333333333333335
 676 0.393939393939394
 937 0.4545454545454546
 702 0.5151515151515151
 876 0.5757575757575757
 600 0.6363636363636367
 855 0.6969696969696972
 560 0.7575757575757578
 11 0.8181818181818183
 626 0.8787878787878789
 15 0.9393939393939394
 586 1
 17 1.060606060606061
 539 1.121212121212121
 12 1.181818181818182
 40 1.242424242424242
 127 1.303030303030303
 30 1.363636363636363
 112 1.424242424242425
 35 1.484848484848485
 107 1.545454545454546
 0 1.606060606060606
 0 1.666666666666667
 2 1.727272727272728
 19 1.787878787878788
 4 1.848484848484849
 33 1.909090909090909
 5 1.96969696969697
 1 2.03030303030303
 0 2.090909090909091
 0 2.151515151515151
 0 2.212121212121212
 1 2.272727272727272
 2 2.333333333333334
 8 2.393939393939394
 0 2.454545454545455
 0 2.515151515151516
 0 2.575757575757576
 0 2.636363636363637
 0 2.696969696969697
 0 2.757575757575758
 0 2.818181818181818
 0 2.878787878787879
 0 2.939393939393939
 0 3


