# Created by Octave 3.8.2, Sat Jun 20 04:29:41 2020 CEST <damian@fptrucha.inv.usc.es>
# name: hd
# type: matrix
# rows: 100
# columns: 2
 0 -3
 0 -2.939393939393939
 0 -2.878787878787879
 0 -2.818181818181818
 0 -2.757575757575758
 0 -2.696969696969697
 0 -2.636363636363636
 1 -2.575757575757576
 1 -2.515151515151515
 8 -2.454545454545455
 0 -2.393939393939394
 0 -2.333333333333333
 0 -2.272727272727272
 0 -2.212121212121212
 0 -2.151515151515151
 0 -2.090909090909091
 5 -2.03030303030303
 33 -1.96969696969697
 42 -1.909090909090909
 3 -1.848484848484848
 2 -1.787878787878788
 0 -1.727272727272727
 0 -1.666666666666667
 123 -1.606060606060606
 22 -1.545454545454545
 123 -1.484848484848485
 28 -1.424242424242424
 106 -1.363636363636364
 19 -1.303030303030303
 13 -1.242424242424242
 647 -1.181818181818182
 12 -1.121212121212121
 611 -1.060606060606061
 9 -1
 548 -0.9393939393939394
 19 -0.8787878787878789
 522 -0.8181818181818183
 1112 -0.7575757575757573
 769 -0.6969696969696968
 1212 -0.6363636363636362
 701 -0.5757575757575757
 1086 -0.5151515151515151
 670 -0.4545454545454546
 1025 -0.393939393939394
 4755 -0.333333333333333
 618 -0.2727272727272725
 3176 -0.2121212121212119
 10 -0.1515151515151514
 2954 -0.09090909090909083
 13 -0.03030303030303028
 2916 0.03030303030303028
 15 0.09090909090909083
 2481 0.1515151515151514
 1832 0.2121212121212124
 2495 0.2727272727272729
 1697 0.3333333333333335
 665 0.393939393939394
 881 0.4545454545454546
 706 0.5151515151515151
 899 0.5757575757575757
 613 0.6363636363636367
 808 0.6969696969696972
 552 0.7575757575757578
 13 0.8181818181818183
 534 0.8787878787878789
 20 0.9393939393939394
 544 1
 19 1.060606060606061
 487 1.121212121212121
 10 1.181818181818182
 29 1.242424242424242
 76 1.303030303030303
 27 1.363636363636363
 88 1.424242424242425
 25 1.484848484848485
 86 1.545454545454546
 1 1.606060606060606
 0 1.666666666666667
 1 1.727272727272728
 32 1.787878787878788
 4 1.848484848484849
 24 1.909090909090909
 4 1.96969696969697
 1 2.03030303030303
 0 2.090909090909091
 0 2.151515151515151
 2 2.212121212121212
 0 2.272727272727272
 1 2.333333333333334
 9 2.393939393939394
 1 2.454545454545455
 1 2.515151515151516
 0 2.575757575757576
 0 2.636363636363637
 0 2.696969696969697
 0 2.757575757575758
 0 2.818181818181818
 0 2.878787878787879
 0 2.939393939393939
 0 3


