# Created by Octave 3.8.2, Mon Jun 22 10:07:03 2020 CEST <damian@fptrucha.inv.usc.es>
# name: hd
# type: matrix
# rows: 100
# columns: 2
 0 -3
 0 -2.939393939393939
 0 -2.878787878787879
 0 -2.818181818181818
 0 -2.757575757575758
 0 -2.696969696969697
 0 -2.636363636363636
 1 -2.575757575757576
 2 -2.515151515151515
 10 -2.454545454545455
 0 -2.393939393939394
 0 -2.333333333333333
 0 -2.272727272727272
 0 -2.212121212121212
 0 -2.151515151515151
 2 -2.090909090909091
 2 -2.03030303030303
 27 -1.96969696969697
 30 -1.909090909090909
 4 -1.848484848484848
 1 -1.787878787878788
 0 -1.727272727272727
 2 -1.666666666666667
 108 -1.606060606060606
 38 -1.545454545454545
 115 -1.484848484848485
 22 -1.424242424242424
 91 -1.363636363636364
 19 -1.303030303030303
 18 -1.242424242424242
 531 -1.181818181818182
 14 -1.121212121212121
 518 -1.060606060606061
 11 -1
 495 -0.9393939393939394
 16 -0.8787878787878789
 553 -0.8181818181818183
 857 -0.7575757575757573
 620 -0.6969696969696968
 959 -0.6363636363636362
 652 -0.5757575757575757
 915 -0.5151515151515151
 564 -0.4545454545454546
 868 -0.393939393939394
 3972 -0.333333333333333
 567 -0.2727272727272725
 2604 -0.2121212121212119
 15 -0.1515151515151514
 2610 -0.09090909090909083
 13 -0.03030303030303028
 2446 0.03030303030303028
 25 0.09090909090909083
 2276 0.1515151515151514
 1516 0.2121212121212124
 2236 0.2727272727272729
 1611 0.3333333333333335
 606 0.393939393939394
 923 0.4545454545454546
 665 0.5151515151515151
 829 0.5757575757575757
 618 0.6363636363636367
 868 0.6969696969696972
 533 0.7575757575757578
 10 0.8181818181818183
 576 0.8787878787878789
 21 0.9393939393939394
 552 1
 24 1.060606060606061
 522 1.121212121212121
 12 1.181818181818182
 21 1.242424242424242
 132 1.303030303030303
 24 1.363636363636363
 134 1.424242424242425
 35 1.484848484848485
 99 1.545454545454546
 4 1.606060606060606
 0 1.666666666666667
 1 1.727272727272728
 47 1.787878787878788
 7 1.848484848484849
 20 1.909090909090909
 2 1.96969696969697
 3 2.03030303030303
 0 2.090909090909091
 0 2.151515151515151
 2 2.212121212121212
 1 2.272727272727272
 0 2.333333333333334
 12 2.393939393939394
 0 2.454545454545455
 1 2.515151515151516
 0 2.575757575757576
 0 2.636363636363637
 0 2.696969696969697
 0 2.757575757575758
 0 2.818181818181818
 0 2.878787878787879
 0 2.939393939393939
 0 3


