# Created by Octave 3.8.2, Sun Jun 21 02:14:04 2020 CEST <damian@fptrucha.inv.usc.es>
# name: hd
# type: matrix
# rows: 100
# columns: 2
 0 -3
 0 -2.939393939393939
 0 -2.878787878787879
 0 -2.818181818181818
 0 -2.757575757575758
 0 -2.696969696969697
 0 -2.636363636363636
 1 -2.575757575757576
 1 -2.515151515151515
 10 -2.454545454545455
 0 -2.393939393939394
 0 -2.333333333333333
 1 -2.272727272727272
 0 -2.212121212121212
 0 -2.151515151515151
 1 -2.090909090909091
 2 -2.03030303030303
 19 -1.96969696969697
 24 -1.909090909090909
 0 -1.848484848484848
 2 -1.787878787878788
 0 -1.727272727272727
 2 -1.666666666666667
 110 -1.606060606060606
 23 -1.545454545454545
 94 -1.484848484848485
 20 -1.424242424242424
 83 -1.363636363636364
 15 -1.303030303030303
 11 -1.242424242424242
 529 -1.181818181818182
 14 -1.121212121212121
 517 -1.060606060606061
 9 -1
 476 -0.9393939393939394
 15 -0.8787878787878789
 454 -0.8181818181818183
 949 -0.7575757575757573
 669 -0.6969696969696968
 981 -0.6363636363636362
 599 -0.5757575757575757
 871 -0.5151515151515151
 599 -0.4545454545454546
 835 -0.393939393939394
 4147 -0.333333333333333
 538 -0.2727272727272725
 2847 -0.2121212121212119
 10 -0.1515151515151514
 2603 -0.09090909090909083
 15 -0.03030303030303028
 2455 0.03030303030303028
 6 0.09090909090909083
 2222 0.1515151515151514
 1677 0.2121212121212124
 2145 0.2727272727272729
 1630 0.3333333333333335
 605 0.393939393939394
 810 0.4545454545454546
 633 0.5151515151515151
 723 0.5757575757575757
 615 0.6363636363636367
 832 0.6969696969696972
 556 0.7575757575757578
 11 0.8181818181818183
 552 0.8787878787878789
 13 0.9393939393939394
 469 1
 8 1.060606060606061
 491 1.121212121212121
 12 1.181818181818182
 23 1.242424242424242
 87 1.303030303030303
 24 1.363636363636363
 118 1.424242424242425
 19 1.484848484848485
 75 1.545454545454546
 1 1.606060606060606
 0 1.666666666666667
 2 1.727272727272728
 25 1.787878787878788
 3 1.848484848484849
 23 1.909090909090909
 4 1.96969696969697
 1 2.03030303030303
 0 2.090909090909091
 0 2.151515151515151
 0 2.212121212121212
 3 2.272727272727272
 0 2.333333333333334
 3 2.393939393939394
 0 2.454545454545455
 1 2.515151515151516
 0 2.575757575757576
 0 2.636363636363637
 0 2.696969696969697
 0 2.757575757575758
 0 2.818181818181818
 0 2.878787878787879
 0 2.939393939393939
 0 3


