# Created by Octave 3.8.2, Mon Jun 22 20:18:56 2020 CEST <damian@fptrucha.inv.usc.es>
# name: hd
# type: matrix
# rows: 100
# columns: 2
 0 -3
 0 -2.939393939393939
 0 -2.878787878787879
 0 -2.818181818181818
 0 -2.757575757575758
 0 -2.696969696969697
 0 -2.636363636363636
 3 -2.575757575757576
 0 -2.515151515151515
 6 -2.454545454545455
 1 -2.393939393939394
 1 -2.333333333333333
 2 -2.272727272727272
 0 -2.212121212121212
 0 -2.151515151515151
 1 -2.090909090909091
 6 -2.03030303030303
 39 -1.96969696969697
 36 -1.909090909090909
 0 -1.848484848484848
 1 -1.787878787878788
 0 -1.727272727272727
 2 -1.666666666666667
 104 -1.606060606060606
 30 -1.545454545454545
 111 -1.484848484848485
 31 -1.424242424242424
 115 -1.363636363636364
 22 -1.303030303030303
 22 -1.242424242424242
 611 -1.181818181818182
 21 -1.121212121212121
 578 -1.060606060606061
 14 -1
 560 -0.9393939393939394
 19 -0.8787878787878789
 551 -0.8181818181818183
 943 -0.7575757575757573
 670 -0.6969696969696968
 1076 -0.6363636363636362
 660 -0.5757575757575757
 989 -0.5151515151515151
 641 -0.4545454545454546
 957 -0.393939393939394
 4326 -0.333333333333333
 592 -0.2727272727272725
 2785 -0.2121212121212119
 14 -0.1515151515151514
 2742 -0.09090909090909083
 14 -0.03030303030303028
 2577 0.03030303030303028
 15 0.09090909090909083
 2357 0.1515151515151514
 1601 0.2121212121212124
 2433 0.2727272727272729
 1627 0.3333333333333335
 647 0.393939393939394
 948 0.4545454545454546
 695 0.5151515151515151
 874 0.5757575757575757
 707 0.6363636363636367
 864 0.6969696969696972
 566 0.7575757575757578
 8 0.8181818181818183
 594 0.8787878787878789
 12 0.9393939393939394
 528 1
 8 1.060606060606061
 509 1.121212121212121
 15 1.181818181818182
 32 1.242424242424242
 104 1.303030303030303
 26 1.363636363636363
 114 1.424242424242425
 37 1.484848484848485
 121 1.545454545454546
 1 1.606060606060606
 0 1.666666666666667
 5 1.727272727272728
 37 1.787878787878788
 5 1.848484848484849
 40 1.909090909090909
 5 1.96969696969697
 3 2.03030303030303
 0 2.090909090909091
 0 2.151515151515151
 2 2.212121212121212
 0 2.272727272727272
 2 2.333333333333334
 11 2.393939393939394
 0 2.454545454545455
 0 2.515151515151516
 0 2.575757575757576
 0 2.636363636363637
 0 2.696969696969697
 0 2.757575757575758
 0 2.818181818181818
 0 2.878787878787879
 0 2.939393939393939
 0 3


