# Created by Octave 3.8.2, Mon Jun 22 22:16:51 2020 CEST <damian@fptrucha.inv.usc.es>
# name: hd
# type: matrix
# rows: 100
# columns: 2
 0 -3
 0 -2.939393939393939
 0 -2.878787878787879
 0 -2.818181818181818
 0 -2.757575757575758
 0 -2.696969696969697
 0 -2.636363636363636
 2 -2.575757575757576
 1 -2.515151515151515
 5 -2.454545454545455
 1 -2.393939393939394
 0 -2.333333333333333
 1 -2.272727272727272
 0 -2.212121212121212
 0 -2.151515151515151
 2 -2.090909090909091
 1 -2.03030303030303
 38 -1.96969696969697
 38 -1.909090909090909
 1 -1.848484848484848
 0 -1.787878787878788
 0 -1.727272727272727
 1 -1.666666666666667
 149 -1.606060606060606
 20 -1.545454545454545
 100 -1.484848484848485
 29 -1.424242424242424
 101 -1.363636363636364
 19 -1.303030303030303
 12 -1.242424242424242
 639 -1.181818181818182
 16 -1.121212121212121
 579 -1.060606060606061
 16 -1
 518 -0.9393939393939394
 21 -0.8787878787878789
 541 -0.8181818181818183
 1007 -0.7575757575757573
 753 -0.6969696969696968
 1083 -0.6363636363636362
 695 -0.5757575757575757
 1003 -0.5151515151515151
 603 -0.4545454545454546
 946 -0.393939393939394
 4467 -0.333333333333333
 681 -0.2727272727272725
 2833 -0.2121212121212119
 18 -0.1515151515151514
 2873 -0.09090909090909083
 13 -0.03030303030303028
 2631 0.03030303030303028
 16 0.09090909090909083
 2456 0.1515151515151514
 1598 0.2121212121212124
 2464 0.2727272727272729
 1610 0.3333333333333335
 689 0.393939393939394
 975 0.4545454545454546
 665 0.5151515151515151
 851 0.5757575757575757
 680 0.6363636363636367
 878 0.6969696969696972
 604 0.7575757575757578
 8 0.8181818181818183
 630 0.8787878787878789
 15 0.9393939393939394
 550 1
 15 1.060606060606061
 534 1.121212121212121
 10 1.181818181818182
 29 1.242424242424242
 123 1.303030303030303
 39 1.363636363636363
 118 1.424242424242425
 33 1.484848484848485
 82 1.545454545454546
 0 1.606060606060606
 0 1.666666666666667
 2 1.727272727272728
 37 1.787878787878788
 2 1.848484848484849
 41 1.909090909090909
 2 1.96969696969697
 0 2.03030303030303
 0 2.090909090909091
 0 2.151515151515151
 1 2.212121212121212
 0 2.272727272727272
 3 2.333333333333334
 12 2.393939393939394
 0 2.454545454545455
 0 2.515151515151516
 0 2.575757575757576
 0 2.636363636363637
 0 2.696969696969697
 0 2.757575757575758
 0 2.818181818181818
 0 2.878787878787879
 0 2.939393939393939
 0 3


