# Created by Octave 3.8.2, Sat Jun 20 06:16:30 2020 CEST <damian@fptrucha.inv.usc.es>
# name: hd
# type: matrix
# rows: 100
# columns: 2
 0 -3
 0 -2.939393939393939
 0 -2.878787878787879
 0 -2.818181818181818
 0 -2.757575757575758
 0 -2.696969696969697
 0 -2.636363636363636
 5 -2.575757575757576
 0 -2.515151515151515
 3 -2.454545454545455
 1 -2.393939393939394
 0 -2.333333333333333
 0 -2.272727272727272
 0 -2.212121212121212
 0 -2.151515151515151
 1 -2.090909090909091
 7 -2.03030303030303
 35 -1.96969696969697
 38 -1.909090909090909
 0 -1.848484848484848
 2 -1.787878787878788
 0 -1.727272727272727
 3 -1.666666666666667
 133 -1.606060606060606
 29 -1.545454545454545
 115 -1.484848484848485
 26 -1.424242424242424
 122 -1.363636363636364
 26 -1.303030303030303
 12 -1.242424242424242
 653 -1.181818181818182
 12 -1.121212121212121
 632 -1.060606060606061
 14 -1
 555 -0.9393939393939394
 19 -0.8787878787878789
 520 -0.8181818181818183
 1233 -0.7575757575757573
 812 -0.6969696969696968
 1254 -0.6363636363636362
 751 -0.5757575757575757
 1045 -0.5151515151515151
 733 -0.4545454545454546
 1034 -0.393939393939394
 4714 -0.333333333333333
 649 -0.2727272727272725
 3231 -0.2121212121212119
 15 -0.1515151515151514
 2916 -0.09090909090909083
 15 -0.03030303030303028
 2770 0.03030303030303028
 19 0.09090909090909083
 2524 0.1515151515151514
 1897 0.2121212121212124
 2610 0.2727272727272729
 1731 0.3333333333333335
 686 0.393939393939394
 924 0.4545454545454546
 704 0.5151515151515151
 918 0.5757575757575757
 624 0.6363636363636367
 827 0.6969696969696972
 642 0.7575757575757578
 10 0.8181818181818183
 560 0.8787878787878789
 10 0.9393939393939394
 554 1
 9 1.060606060606061
 543 1.121212121212121
 9 1.181818181818182
 26 1.242424242424242
 116 1.303030303030303
 27 1.363636363636363
 120 1.424242424242425
 30 1.484848484848485
 92 1.545454545454546
 3 1.606060606060606
 0 1.666666666666667
 1 1.727272727272728
 29 1.787878787878788
 3 1.848484848484849
 19 1.909090909090909
 3 1.96969696969697
 2 2.03030303030303
 0 2.090909090909091
 0 2.151515151515151
 2 2.212121212121212
 0 2.272727272727272
 0 2.333333333333334
 7 2.393939393939394
 0 2.454545454545455
 1 2.515151515151516
 0 2.575757575757576
 0 2.636363636363637
 0 2.696969696969697
 0 2.757575757575758
 0 2.818181818181818
 0 2.878787878787879
 0 2.939393939393939
 0 3


