# Created by Octave 3.8.2, Sat Jun 20 13:49:26 2020 CEST <damian@fptrucha.inv.usc.es>
# name: hd
# type: matrix
# rows: 100
# columns: 2
 0 -3
 0 -2.939393939393939
 0 -2.878787878787879
 0 -2.818181818181818
 0 -2.757575757575758
 0 -2.696969696969697
 0 -2.636363636363636
 3 -2.575757575757576
 1 -2.515151515151515
 4 -2.454545454545455
 0 -2.393939393939394
 1 -2.333333333333333
 2 -2.272727272727272
 0 -2.212121212121212
 0 -2.151515151515151
 1 -2.090909090909091
 2 -2.03030303030303
 21 -1.96969696969697
 28 -1.909090909090909
 0 -1.848484848484848
 3 -1.787878787878788
 0 -1.727272727272727
 1 -1.666666666666667
 99 -1.606060606060606
 10 -1.545454545454545
 87 -1.484848484848485
 21 -1.424242424242424
 90 -1.363636363636364
 16 -1.303030303030303
 16 -1.242424242424242
 563 -1.181818181818182
 17 -1.121212121212121
 520 -1.060606060606061
 12 -1
 486 -0.9393939393939394
 5 -0.8787878787878789
 463 -0.8181818181818183
 1073 -0.7575757575757573
 757 -0.6969696969696968
 1041 -0.6363636363636362
 658 -0.5757575757575757
 954 -0.5151515151515151
 595 -0.4545454545454546
 887 -0.393939393939394
 4397 -0.333333333333333
 593 -0.2727272727272725
 2942 -0.2121212121212119
 9 -0.1515151515151514
 2792 -0.09090909090909083
 10 -0.03030303030303028
 2566 0.03030303030303028
 8 0.09090909090909083
 2321 0.1515151515151514
 1847 0.2121212121212124
 2370 0.2727272727272729
 1733 0.3333333333333335
 687 0.393939393939394
 945 0.4545454545454546
 693 0.5151515151515151
 935 0.5757575757575757
 608 0.6363636363636367
 808 0.6969696969696972
 679 0.7575757575757578
 10 0.8181818181818183
 566 0.8787878787878789
 15 0.9393939393939394
 563 1
 11 1.060606060606061
 516 1.121212121212121
 7 1.181818181818182
 33 1.242424242424242
 95 1.303030303030303
 30 1.363636363636363
 112 1.424242424242425
 28 1.484848484848485
 109 1.545454545454546
 3 1.606060606060606
 0 1.666666666666667
 3 1.727272727272728
 30 1.787878787878788
 4 1.848484848484849
 35 1.909090909090909
 2 1.96969696969697
 1 2.03030303030303
 0 2.090909090909091
 0 2.151515151515151
 1 2.212121212121212
 1 2.272727272727272
 4 2.333333333333334
 9 2.393939393939394
 2 2.454545454545455
 1 2.515151515151516
 0 2.575757575757576
 0 2.636363636363637
 0 2.696969696969697
 0 2.757575757575758
 0 2.818181818181818
 0 2.878787878787879
 0 2.939393939393939
 0 3


