# Created by Octave 3.8.2, Mon Jun 22 16:04:57 2020 CEST <damian@fptrucha.inv.usc.es>
# name: hd
# type: matrix
# rows: 100
# columns: 2
 0 -3
 0 -2.939393939393939
 0 -2.878787878787879
 0 -2.818181818181818
 0 -2.757575757575758
 0 -2.696969696969697
 0 -2.636363636363636
 1 -2.575757575757576
 0 -2.515151515151515
 8 -2.454545454545455
 0 -2.393939393939394
 0 -2.333333333333333
 1 -2.272727272727272
 0 -2.212121212121212
 0 -2.151515151515151
 2 -2.090909090909091
 1 -2.03030303030303
 32 -1.96969696969697
 35 -1.909090909090909
 0 -1.848484848484848
 2 -1.787878787878788
 0 -1.727272727272727
 2 -1.666666666666667
 109 -1.606060606060606
 35 -1.545454545454545
 102 -1.484848484848485
 31 -1.424242424242424
 125 -1.363636363636364
 28 -1.303030303030303
 9 -1.242424242424242
 585 -1.181818181818182
 14 -1.121212121212121
 547 -1.060606060606061
 15 -1
 549 -0.9393939393939394
 22 -0.8787878787878789
 519 -0.8181818181818183
 980 -0.7575757575757573
 657 -0.6969696969696968
 979 -0.6363636363636362
 691 -0.5757575757575757
 952 -0.5151515151515151
 648 -0.4545454545454546
 970 -0.393939393939394
 4140 -0.333333333333333
 628 -0.2727272727272725
 2752 -0.2121212121212119
 17 -0.1515151515151514
 2817 -0.09090909090909083
 19 -0.03030303030303028
 2606 0.03030303030303028
 24 0.09090909090909083
 2285 0.1515151515151514
 1679 0.2121212121212124
 2377 0.2727272727272729
 1643 0.3333333333333335
 710 0.393939393939394
 931 0.4545454545454546
 669 0.5151515151515151
 838 0.5757575757575757
 680 0.6363636363636367
 902 0.6969696969696972
 619 0.7575757575757578
 11 0.8181818181818183
 586 0.8787878787878789
 12 0.9393939393939394
 598 1
 23 1.060606060606061
 581 1.121212121212121
 9 1.181818181818182
 42 1.242424242424242
 133 1.303030303030303
 28 1.363636363636363
 128 1.424242424242425
 34 1.484848484848485
 116 1.545454545454546
 1 1.606060606060606
 0 1.666666666666667
 3 1.727272727272728
 48 1.787878787878788
 5 1.848484848484849
 36 1.909090909090909
 8 1.96969696969697
 2 2.03030303030303
 0 2.090909090909091
 0 2.151515151515151
 1 2.212121212121212
 1 2.272727272727272
 2 2.333333333333334
 13 2.393939393939394
 0 2.454545454545455
 1 2.515151515151516
 0 2.575757575757576
 0 2.636363636363637
 0 2.696969696969697
 0 2.757575757575758
 0 2.818181818181818
 0 2.878787878787879
 0 2.939393939393939
 0 3


