# Created by Octave 3.8.2, Sun Jun 21 02:54:59 2020 CEST <damian@fptrucha.inv.usc.es>
# name: hd
# type: matrix
# rows: 100
# columns: 2
 0 -3
 0 -2.939393939393939
 0 -2.878787878787879
 0 -2.818181818181818
 0 -2.757575757575758
 0 -2.696969696969697
 0 -2.636363636363636
 0 -2.575757575757576
 0 -2.515151515151515
 7 -2.454545454545455
 0 -2.393939393939394
 0 -2.333333333333333
 0 -2.272727272727272
 0 -2.212121212121212
 0 -2.151515151515151
 0 -2.090909090909091
 2 -2.03030303030303
 33 -1.96969696969697
 26 -1.909090909090909
 1 -1.848484848484848
 2 -1.787878787878788
 0 -1.727272727272727
 2 -1.666666666666667
 91 -1.606060606060606
 18 -1.545454545454545
 83 -1.484848484848485
 23 -1.424242424242424
 78 -1.363636363636364
 16 -1.303030303030303
 13 -1.242424242424242
 518 -1.181818181818182
 11 -1.121212121212121
 503 -1.060606060606061
 13 -1
 444 -0.9393939393939394
 12 -0.8787878787878789
 436 -0.8181818181818183
 942 -0.7575757575757573
 649 -0.6969696969696968
 1032 -0.6363636363636362
 646 -0.5757575757575757
 850 -0.5151515151515151
 560 -0.4545454545454546
 821 -0.393939393939394
 4133 -0.333333333333333
 477 -0.2727272727272725
 2859 -0.2121212121212119
 13 -0.1515151515151514
 2561 -0.09090909090909083
 5 -0.03030303030303028
 2408 0.03030303030303028
 11 0.09090909090909083
 2103 0.1515151515151514
 1643 0.2121212121212124
 2179 0.2727272727272729
 1596 0.3333333333333335
 644 0.393939393939394
 859 0.4545454545454546
 622 0.5151515151515151
 769 0.5757575757575757
 559 0.6363636363636367
 760 0.6969696969696972
 563 0.7575757575757578
 8 0.8181818181818183
 502 0.8787878787878789
 6 0.9393939393939394
 473 1
 12 1.060606060606061
 483 1.121212121212121
 13 1.181818181818182
 25 1.242424242424242
 89 1.303030303030303
 15 1.363636363636363
 86 1.424242424242425
 33 1.484848484848485
 90 1.545454545454546
 0 1.606060606060606
 0 1.666666666666667
 1 1.727272727272728
 24 1.787878787878788
 1 1.848484848484849
 37 1.909090909090909
 2 1.96969696969697
 0 2.03030303030303
 0 2.090909090909091
 0 2.151515151515151
 2 2.212121212121212
 0 2.272727272727272
 0 2.333333333333334
 4 2.393939393939394
 0 2.454545454545455
 0 2.515151515151516
 0 2.575757575757576
 0 2.636363636363637
 0 2.696969696969697
 0 2.757575757575758
 0 2.818181818181818
 0 2.878787878787879
 0 2.939393939393939
 0 3


