# Created by Octave 3.8.2, Sun Jun 21 06:30:48 2020 CEST <damian@fptrucha.inv.usc.es>
# name: hd
# type: matrix
# rows: 100
# columns: 2
 0 -3
 0 -2.939393939393939
 0 -2.878787878787879
 0 -2.818181818181818
 0 -2.757575757575758
 0 -2.696969696969697
 0 -2.636363636363636
 1 -2.575757575757576
 1 -2.515151515151515
 5 -2.454545454545455
 1 -2.393939393939394
 2 -2.333333333333333
 1 -2.272727272727272
 0 -2.212121212121212
 0 -2.151515151515151
 2 -2.090909090909091
 0 -2.03030303030303
 32 -1.96969696969697
 23 -1.909090909090909
 0 -1.848484848484848
 1 -1.787878787878788
 0 -1.727272727272727
 1 -1.666666666666667
 89 -1.606060606060606
 28 -1.545454545454545
 92 -1.484848484848485
 14 -1.424242424242424
 69 -1.363636363636364
 12 -1.303030303030303
 8 -1.242424242424242
 485 -1.181818181818182
 9 -1.121212121212121
 539 -1.060606060606061
 11 -1
 424 -0.9393939393939394
 9 -0.8787878787878789
 439 -0.8181818181818183
 1000 -0.7575757575757573
 633 -0.6969696969696968
 1013 -0.6363636363636362
 627 -0.5757575757575757
 888 -0.5151515151515151
 541 -0.4545454545454546
 786 -0.393939393939394
 4227 -0.333333333333333
 536 -0.2727272727272725
 2843 -0.2121212121212119
 12 -0.1515151515151514
 2627 -0.09090909090909083
 5 -0.03030303030303028
 2620 0.03030303030303028
 5 0.09090909090909083
 2176 0.1515151515151514
 1670 0.2121212121212124
 2174 0.2727272727272729
 1613 0.3333333333333335
 604 0.393939393939394
 876 0.4545454545454546
 630 0.5151515151515151
 820 0.5757575757575757
 590 0.6363636363636367
 789 0.6969696969696972
 539 0.7575757575757578
 16 0.8181818181818183
 529 0.8787878787878789
 7 0.9393939393939394
 494 1
 7 1.060606060606061
 496 1.121212121212121
 12 1.181818181818182
 31 1.242424242424242
 92 1.303030303030303
 23 1.363636363636363
 105 1.424242424242425
 20 1.484848484848485
 92 1.545454545454546
 1 1.606060606060606
 0 1.666666666666667
 2 1.727272727272728
 18 1.787878787878788
 3 1.848484848484849
 27 1.909090909090909
 5 1.96969696969697
 1 2.03030303030303
 0 2.090909090909091
 0 2.151515151515151
 1 2.212121212121212
 0 2.272727272727272
 0 2.333333333333334
 2 2.393939393939394
 1 2.454545454545455
 2 2.515151515151516
 0 2.575757575757576
 0 2.636363636363637
 0 2.696969696969697
 0 2.757575757575758
 0 2.818181818181818
 0 2.878787878787879
 0 2.939393939393939
 0 3


