# Created by Octave 3.8.2, Mon Jun 22 21:45:17 2020 CEST <damian@fptrucha.inv.usc.es>
# name: hd
# type: matrix
# rows: 100
# columns: 2
 0 -3
 0 -2.939393939393939
 0 -2.878787878787879
 0 -2.818181818181818
 0 -2.757575757575758
 0 -2.696969696969697
 0 -2.636363636363636
 3 -2.575757575757576
 1 -2.515151515151515
 8 -2.454545454545455
 2 -2.393939393939394
 0 -2.333333333333333
 2 -2.272727272727272
 0 -2.212121212121212
 0 -2.151515151515151
 3 -2.090909090909091
 3 -2.03030303030303
 36 -1.96969696969697
 41 -1.909090909090909
 2 -1.848484848484848
 1 -1.787878787878788
 0 -1.727272727272727
 1 -1.666666666666667
 122 -1.606060606060606
 28 -1.545454545454545
 147 -1.484848484848485
 29 -1.424242424242424
 143 -1.363636363636364
 27 -1.303030303030303
 13 -1.242424242424242
 607 -1.181818181818182
 19 -1.121212121212121
 575 -1.060606060606061
 24 -1
 600 -0.9393939393939394
 18 -0.8787878787878789
 573 -0.8181818181818183
 1096 -0.7575757575757573
 686 -0.6969696969696968
 1038 -0.6363636363636362
 712 -0.5757575757575757
 938 -0.5151515151515151
 627 -0.4545454545454546
 994 -0.393939393939394
 4421 -0.333333333333333
 658 -0.2727272727272725
 2801 -0.2121212121212119
 9 -0.1515151515151514
 2789 -0.09090909090909083
 5 -0.03030303030303028
 2570 0.03030303030303028
 17 0.09090909090909083
 2389 0.1515151515151514
 1664 0.2121212121212124
 2411 0.2727272727272729
 1748 0.3333333333333335
 672 0.393939393939394
 922 0.4545454545454546
 691 0.5151515151515151
 856 0.5757575757575757
 705 0.6363636363636367
 893 0.6969696969696972
 616 0.7575757575757578
 11 0.8181818181818183
 631 0.8787878787878789
 14 0.9393939393939394
 529 1
 11 1.060606060606061
 548 1.121212121212121
 17 1.181818181818182
 28 1.242424242424242
 124 1.303030303030303
 33 1.363636363636363
 127 1.424242424242425
 32 1.484848484848485
 91 1.545454545454546
 1 1.606060606060606
 0 1.666666666666667
 1 1.727272727272728
 35 1.787878787878788
 3 1.848484848484849
 26 1.909090909090909
 5 1.96969696969697
 2 2.03030303030303
 0 2.090909090909091
 0 2.151515151515151
 3 2.212121212121212
 0 2.272727272727272
 0 2.333333333333334
 8 2.393939393939394
 0 2.454545454545455
 0 2.515151515151516
 0 2.575757575757576
 0 2.636363636363637
 0 2.696969696969697
 0 2.757575757575758
 0 2.818181818181818
 0 2.878787878787879
 0 2.939393939393939
 0 3


