# Created by Octave 3.8.2, Sat Jun 20 13:09:01 2020 CEST <damian@fptrucha.inv.usc.es>
# name: hd
# type: matrix
# rows: 100
# columns: 2
 0 -3
 0 -2.939393939393939
 0 -2.878787878787879
 0 -2.818181818181818
 0 -2.757575757575758
 0 -2.696969696969697
 0 -2.636363636363636
 1 -2.575757575757576
 0 -2.515151515151515
 7 -2.454545454545455
 0 -2.393939393939394
 1 -2.333333333333333
 0 -2.272727272727272
 0 -2.212121212121212
 0 -2.151515151515151
 3 -2.090909090909091
 3 -2.03030303030303
 19 -1.96969696969697
 30 -1.909090909090909
 2 -1.848484848484848
 4 -1.787878787878788
 0 -1.727272727272727
 2 -1.666666666666667
 86 -1.606060606060606
 19 -1.545454545454545
 88 -1.484848484848485
 21 -1.424242424242424
 87 -1.363636363636364
 14 -1.303030303030303
 10 -1.242424242424242
 579 -1.181818181818182
 16 -1.121212121212121
 522 -1.060606060606061
 7 -1
 496 -0.9393939393939394
 6 -0.8787878787878789
 452 -0.8181818181818183
 1054 -0.7575757575757573
 747 -0.6969696969696968
 1064 -0.6363636363636362
 676 -0.5757575757575757
 882 -0.5151515151515151
 601 -0.4545454545454546
 861 -0.393939393939394
 4493 -0.333333333333333
 570 -0.2727272727272725
 3023 -0.2121212121212119
 12 -0.1515151515151514
 2852 -0.09090909090909083
 9 -0.03030303030303028
 2725 0.03030303030303028
 8 0.09090909090909083
 2355 0.1515151515151514
 1925 0.2121212121212124
 2441 0.2727272727272729
 1876 0.3333333333333335
 672 0.393939393939394
 999 0.4545454545454546
 729 0.5151515151515151
 885 0.5757575757575757
 672 0.6363636363636367
 866 0.6969696969696972
 718 0.7575757575757578
 6 0.8181818181818183
 625 0.8787878787878789
 14 0.9393939393939394
 572 1
 12 1.060606060606061
 560 1.121212121212121
 12 1.181818181818182
 28 1.242424242424242
 137 1.303030303030303
 32 1.363636363636363
 105 1.424242424242425
 27 1.484848484848485
 111 1.545454545454546
 0 1.606060606060606
 0 1.666666666666667
 3 1.727272727272728
 40 1.787878787878788
 3 1.848484848484849
 50 1.909090909090909
 6 1.96969696969697
 1 2.03030303030303
 0 2.090909090909091
 0 2.151515151515151
 2 2.212121212121212
 0 2.272727272727272
 3 2.333333333333334
 5 2.393939393939394
 0 2.454545454545455
 0 2.515151515151516
 0 2.575757575757576
 0 2.636363636363637
 0 2.696969696969697
 0 2.757575757575758
 0 2.818181818181818
 0 2.878787878787879
 0 2.939393939393939
 0 3


