# Created by Octave 3.8.2, Mon Jun 22 00:21:57 2020 CEST <damian@fptrucha.inv.usc.es>
# name: hd
# type: matrix
# rows: 100
# columns: 2
 0 -3
 0 -2.939393939393939
 0 -2.878787878787879
 0 -2.818181818181818
 0 -2.757575757575758
 0 -2.696969696969697
 0 -2.636363636363636
 2 -2.575757575757576
 0 -2.515151515151515
 7 -2.454545454545455
 0 -2.393939393939394
 0 -2.333333333333333
 2 -2.272727272727272
 0 -2.212121212121212
 0 -2.151515151515151
 1 -2.090909090909091
 2 -2.03030303030303
 21 -1.96969696969697
 25 -1.909090909090909
 2 -1.848484848484848
 1 -1.787878787878788
 0 -1.727272727272727
 4 -1.666666666666667
 88 -1.606060606060606
 17 -1.545454545454545
 101 -1.484848484848485
 22 -1.424242424242424
 91 -1.363636363636364
 21 -1.303030303030303
 7 -1.242424242424242
 514 -1.181818181818182
 13 -1.121212121212121
 505 -1.060606060606061
 19 -1
 391 -0.9393939393939394
 10 -0.8787878787878789
 408 -0.8181818181818183
 960 -0.7575757575757573
 681 -0.6969696969696968
 1041 -0.6363636363636362
 621 -0.5757575757575757
 922 -0.5151515151515151
 569 -0.4545454545454546
 815 -0.393939393939394
 4085 -0.333333333333333
 527 -0.2727272727272725
 2935 -0.2121212121212119
 8 -0.1515151515151514
 2626 -0.09090909090909083
 8 -0.03030303030303028
 2426 0.03030303030303028
 12 0.09090909090909083
 2193 0.1515151515151514
 1607 0.2121212121212124
 2233 0.2727272727272729
 1634 0.3333333333333335
 604 0.393939393939394
 888 0.4545454545454546
 621 0.5151515151515151
 757 0.5757575757575757
 575 0.6363636363636367
 782 0.6969696969696972
 589 0.7575757575757578
 5 0.8181818181818183
 515 0.8787878787878789
 10 0.9393939393939394
 521 1
 10 1.060606060606061
 489 1.121212121212121
 7 1.181818181818182
 28 1.242424242424242
 99 1.303030303030303
 26 1.363636363636363
 81 1.424242424242425
 25 1.484848484848485
 76 1.545454545454546
 1 1.606060606060606
 0 1.666666666666667
 2 1.727272727272728
 25 1.787878787878788
 1 1.848484848484849
 19 1.909090909090909
 3 1.96969696969697
 0 2.03030303030303
 0 2.090909090909091
 0 2.151515151515151
 0 2.212121212121212
 1 2.272727272727272
 1 2.333333333333334
 4 2.393939393939394
 0 2.454545454545455
 2 2.515151515151516
 0 2.575757575757576
 0 2.636363636363637
 0 2.696969696969697
 0 2.757575757575758
 0 2.818181818181818
 0 2.878787878787879
 0 2.939393939393939
 0 3


