# Created by Octave 3.8.2, Mon Jun 22 16:13:48 2020 CEST <damian@fptrucha.inv.usc.es>
# name: hd
# type: matrix
# rows: 100
# columns: 2
 0 -3
 0 -2.939393939393939
 0 -2.878787878787879
 0 -2.818181818181818
 0 -2.757575757575758
 0 -2.696969696969697
 0 -2.636363636363636
 3 -2.575757575757576
 0 -2.515151515151515
 12 -2.454545454545455
 1 -2.393939393939394
 1 -2.333333333333333
 1 -2.272727272727272
 0 -2.212121212121212
 0 -2.151515151515151
 1 -2.090909090909091
 1 -2.03030303030303
 26 -1.96969696969697
 17 -1.909090909090909
 0 -1.848484848484848
 0 -1.787878787878788
 0 -1.727272727272727
 2 -1.666666666666667
 112 -1.606060606060606
 23 -1.545454545454545
 115 -1.484848484848485
 32 -1.424242424242424
 126 -1.363636363636364
 22 -1.303030303030303
 14 -1.242424242424242
 547 -1.181818181818182
 12 -1.121212121212121
 517 -1.060606060606061
 17 -1
 538 -0.9393939393939394
 18 -0.8787878787878789
 529 -0.8181818181818183
 916 -0.7575757575757573
 697 -0.6969696969696968
 993 -0.6363636363636362
 648 -0.5757575757575757
 934 -0.5151515151515151
 628 -0.4545454545454546
 904 -0.393939393939394
 4187 -0.333333333333333
 592 -0.2727272727272725
 2645 -0.2121212121212119
 9 -0.1515151515151514
 2859 -0.09090909090909083
 13 -0.03030303030303028
 2568 0.03030303030303028
 26 0.09090909090909083
 2250 0.1515151515151514
 1590 0.2121212121212124
 2300 0.2727272727272729
 1630 0.3333333333333335
 697 0.393939393939394
 973 0.4545454545454546
 666 0.5151515151515151
 840 0.5757575757575757
 688 0.6363636363636367
 866 0.6969696969696972
 572 0.7575757575757578
 20 0.8181818181818183
 602 0.8787878787878789
 18 0.9393939393939394
 622 1
 17 1.060606060606061
 528 1.121212121212121
 18 1.181818181818182
 37 1.242424242424242
 123 1.303030303030303
 48 1.363636363636363
 129 1.424242424242425
 37 1.484848484848485
 113 1.545454545454546
 4 1.606060606060606
 0 1.666666666666667
 1 1.727272727272728
 34 1.787878787878788
 3 1.848484848484849
 33 1.909090909090909
 4 1.96969696969697
 2 2.03030303030303
 0 2.090909090909091
 0 2.151515151515151
 3 2.212121212121212
 1 2.272727272727272
 0 2.333333333333334
 13 2.393939393939394
 0 2.454545454545455
 0 2.515151515151516
 0 2.575757575757576
 0 2.636363636363637
 0 2.696969696969697
 0 2.757575757575758
 0 2.818181818181818
 0 2.878787878787879
 0 2.939393939393939
 0 3


