# Created by Octave 3.8.2, Sat Jun 20 08:02:07 2020 CEST <damian@fptrucha.inv.usc.es>
# name: hd
# type: matrix
# rows: 100
# columns: 2
 0 -3
 0 -2.939393939393939
 0 -2.878787878787879
 0 -2.818181818181818
 0 -2.757575757575758
 0 -2.696969696969697
 0 -2.636363636363636
 0 -2.575757575757576
 1 -2.515151515151515
 5 -2.454545454545455
 1 -2.393939393939394
 0 -2.333333333333333
 3 -2.272727272727272
 0 -2.212121212121212
 0 -2.151515151515151
 1 -2.090909090909091
 4 -2.03030303030303
 31 -1.96969696969697
 47 -1.909090909090909
 1 -1.848484848484848
 2 -1.787878787878788
 0 -1.727272727272727
 1 -1.666666666666667
 117 -1.606060606060606
 32 -1.545454545454545
 117 -1.484848484848485
 24 -1.424242424242424
 102 -1.363636363636364
 23 -1.303030303030303
 10 -1.242424242424242
 622 -1.181818181818182
 15 -1.121212121212121
 598 -1.060606060606061
 12 -1
 530 -0.9393939393939394
 15 -0.8787878787878789
 518 -0.8181818181818183
 1228 -0.7575757575757573
 800 -0.6969696969696968
 1183 -0.6363636363636362
 759 -0.5757575757575757
 1065 -0.5151515151515151
 697 -0.4545454545454546
 1010 -0.393939393939394
 4668 -0.333333333333333
 658 -0.2727272727272725
 3202 -0.2121212121212119
 8 -0.1515151515151514
 2962 -0.09090909090909083
 8 -0.03030303030303028
 2792 0.03030303030303028
 11 0.09090909090909083
 2561 0.1515151515151514
 1945 0.2121212121212124
 2577 0.2727272727272729
 1721 0.3333333333333335
 675 0.393939393939394
 924 0.4545454545454546
 703 0.5151515151515151
 874 0.5757575757575757
 669 0.6363636363636367
 883 0.6969696969696972
 601 0.7575757575757578
 13 0.8181818181818183
 585 0.8787878787878789
 17 0.9393939393939394
 535 1
 12 1.060606060606061
 477 1.121212121212121
 7 1.181818181818182
 31 1.242424242424242
 99 1.303030303030303
 28 1.363636363636363
 117 1.424242424242425
 29 1.484848484848485
 88 1.545454545454546
 2 1.606060606060606
 0 1.666666666666667
 0 1.727272727272728
 20 1.787878787878788
 3 1.848484848484849
 28 1.909090909090909
 5 1.96969696969697
 1 2.03030303030303
 0 2.090909090909091
 0 2.151515151515151
 1 2.212121212121212
 1 2.272727272727272
 0 2.333333333333334
 7 2.393939393939394
 1 2.454545454545455
 1 2.515151515151516
 0 2.575757575757576
 0 2.636363636363637
 0 2.696969696969697
 0 2.757575757575758
 0 2.818181818181818
 0 2.878787878787879
 0 2.939393939393939
 0 3


