# Created by Octave 3.8.2, Sat Jun 20 05:53:45 2020 CEST <damian@fptrucha.inv.usc.es>
# name: hd
# type: matrix
# rows: 100
# columns: 2
 0 -3
 0 -2.939393939393939
 0 -2.878787878787879
 0 -2.818181818181818
 0 -2.757575757575758
 0 -2.696969696969697
 0 -2.636363636363636
 1 -2.575757575757576
 1 -2.515151515151515
 7 -2.454545454545455
 0 -2.393939393939394
 0 -2.333333333333333
 0 -2.272727272727272
 0 -2.212121212121212
 0 -2.151515151515151
 1 -2.090909090909091
 2 -2.03030303030303
 25 -1.96969696969697
 32 -1.909090909090909
 1 -1.848484848484848
 1 -1.787878787878788
 0 -1.727272727272727
 2 -1.666666666666667
 116 -1.606060606060606
 25 -1.545454545454545
 105 -1.484848484848485
 22 -1.424242424242424
 102 -1.363636363636364
 20 -1.303030303030303
 12 -1.242424242424242
 651 -1.181818181818182
 18 -1.121212121212121
 618 -1.060606060606061
 11 -1
 534 -0.9393939393939394
 16 -0.8787878787878789
 577 -0.8181818181818183
 1172 -0.7575757575757573
 767 -0.6969696969696968
 1131 -0.6363636363636362
 753 -0.5757575757575757
 1044 -0.5151515151515151
 668 -0.4545454545454546
 932 -0.393939393939394
 4869 -0.333333333333333
 609 -0.2727272727272725
 3166 -0.2121212121212119
 15 -0.1515151515151514
 2953 -0.09090909090909083
 12 -0.03030303030303028
 2764 0.03030303030303028
 5 0.09090909090909083
 2474 0.1515151515151514
 1872 0.2121212121212124
 2570 0.2727272727272729
 1757 0.3333333333333335
 655 0.393939393939394
 989 0.4545454545454546
 713 0.5151515151515151
 911 0.5757575757575757
 633 0.6363636363636367
 864 0.6969696969696972
 599 0.7575757575757578
 10 0.8181818181818183
 620 0.8787878787878789
 11 0.9393939393939394
 575 1
 10 1.060606060606061
 516 1.121212121212121
 14 1.181818181818182
 28 1.242424242424242
 100 1.303030303030303
 20 1.363636363636363
 116 1.424242424242425
 35 1.484848484848485
 99 1.545454545454546
 2 1.606060606060606
 0 1.666666666666667
 1 1.727272727272728
 44 1.787878787878788
 6 1.848484848484849
 27 1.909090909090909
 3 1.96969696969697
 0 2.03030303030303
 0 2.090909090909091
 0 2.151515151515151
 0 2.212121212121212
 1 2.272727272727272
 1 2.333333333333334
 4 2.393939393939394
 0 2.454545454545455
 0 2.515151515151516
 0 2.575757575757576
 0 2.636363636363637
 0 2.696969696969697
 0 2.757575757575758
 0 2.818181818181818
 0 2.878787878787879
 0 2.939393939393939
 0 3


