# Created by Octave 3.8.2, Sat Jun 20 16:22:41 2020 CEST <damian@fptrucha.inv.usc.es>
# name: hd
# type: matrix
# rows: 100
# columns: 2
 0 -3
 0 -2.939393939393939
 0 -2.878787878787879
 0 -2.818181818181818
 0 -2.757575757575758
 0 -2.696969696969697
 0 -2.636363636363636
 0 -2.575757575757576
 0 -2.515151515151515
 2 -2.454545454545455
 0 -2.393939393939394
 2 -2.333333333333333
 1 -2.272727272727272
 0 -2.212121212121212
 0 -2.151515151515151
 1 -2.090909090909091
 2 -2.03030303030303
 23 -1.96969696969697
 30 -1.909090909090909
 1 -1.848484848484848
 0 -1.787878787878788
 0 -1.727272727272727
 0 -1.666666666666667
 99 -1.606060606060606
 24 -1.545454545454545
 81 -1.484848484848485
 21 -1.424242424242424
 67 -1.363636363636364
 21 -1.303030303030303
 13 -1.242424242424242
 534 -1.181818181818182
 25 -1.121212121212121
 539 -1.060606060606061
 14 -1
 479 -0.9393939393939394
 8 -0.8787878787878789
 453 -0.8181818181818183
 932 -0.7575757575757573
 675 -0.6969696969696968
 1043 -0.6363636363636362
 654 -0.5757575757575757
 870 -0.5151515151515151
 573 -0.4545454545454546
 859 -0.393939393939394
 4259 -0.333333333333333
 542 -0.2727272727272725
 2901 -0.2121212121212119
 8 -0.1515151515151514
 2704 -0.09090909090909083
 12 -0.03030303030303028
 2561 0.03030303030303028
 5 0.09090909090909083
 2250 0.1515151515151514
 1770 0.2121212121212124
 2229 0.2727272727272729
 1754 0.3333333333333335
 657 0.393939393939394
 901 0.4545454545454546
 652 0.5151515151515151
 832 0.5757575757575757
 635 0.6363636363636367
 855 0.6969696969696972
 630 0.7575757575757578
 18 0.8181818181818183
 578 0.8787878787878789
 13 0.9393939393939394
 536 1
 9 1.060606060606061
 527 1.121212121212121
 25 1.181818181818182
 35 1.242424242424242
 119 1.303030303030303
 29 1.363636363636363
 97 1.424242424242425
 31 1.484848484848485
 81 1.545454545454546
 3 1.606060606060606
 0 1.666666666666667
 0 1.727272727272728
 38 1.787878787878788
 7 1.848484848484849
 28 1.909090909090909
 1 1.96969696969697
 0 2.03030303030303
 0 2.090909090909091
 0 2.151515151515151
 0 2.212121212121212
 1 2.272727272727272
 2 2.333333333333334
 12 2.393939393939394
 0 2.454545454545455
 1 2.515151515151516
 0 2.575757575757576
 0 2.636363636363637
 0 2.696969696969697
 0 2.757575757575758
 0 2.818181818181818
 0 2.878787878787879
 0 2.939393939393939
 0 3


