# Created by Octave 3.8.2, Mon Jun 22 19:39:15 2020 CEST <damian@fptrucha.inv.usc.es>
# name: hd
# type: matrix
# rows: 100
# columns: 2
 0 -3
 0 -2.939393939393939
 0 -2.878787878787879
 0 -2.818181818181818
 0 -2.757575757575758
 0 -2.696969696969697
 0 -2.636363636363636
 1 -2.575757575757576
 1 -2.515151515151515
 9 -2.454545454545455
 0 -2.393939393939394
 2 -2.333333333333333
 2 -2.272727272727272
 0 -2.212121212121212
 0 -2.151515151515151
 1 -2.090909090909091
 2 -2.03030303030303
 35 -1.96969696969697
 42 -1.909090909090909
 3 -1.848484848484848
 1 -1.787878787878788
 0 -1.727272727272727
 1 -1.666666666666667
 109 -1.606060606060606
 23 -1.545454545454545
 111 -1.484848484848485
 19 -1.424242424242424
 110 -1.363636363636364
 23 -1.303030303030303
 9 -1.242424242424242
 569 -1.181818181818182
 23 -1.121212121212121
 608 -1.060606060606061
 22 -1
 603 -0.9393939393939394
 17 -0.8787878787878789
 573 -0.8181818181818183
 996 -0.7575757575757573
 698 -0.6969696969696968
 997 -0.6363636363636362
 740 -0.5757575757575757
 925 -0.5151515151515151
 673 -0.4545454545454546
 994 -0.393939393939394
 4378 -0.333333333333333
 653 -0.2727272727272725
 2771 -0.2121212121212119
 19 -0.1515151515151514
 2792 -0.09090909090909083
 8 -0.03030303030303028
 2734 0.03030303030303028
 7 0.09090909090909083
 2479 0.1515151515151514
 1632 0.2121212121212124
 2531 0.2727272727272729
 1712 0.3333333333333335
 646 0.393939393939394
 867 0.4545454545454546
 652 0.5151515151515151
 881 0.5757575757575757
 637 0.6363636363636367
 822 0.6969696969696972
 534 0.7575757575757578
 8 0.8181818181818183
 540 0.8787878787878789
 14 0.9393939393939394
 521 1
 11 1.060606060606061
 500 1.121212121212121
 14 1.181818181818182
 27 1.242424242424242
 107 1.303030303030303
 25 1.363636363636363
 117 1.424242424242425
 35 1.484848484848485
 104 1.545454545454546
 1 1.606060606060606
 0 1.666666666666667
 0 1.727272727272728
 34 1.787878787878788
 7 1.848484848484849
 35 1.909090909090909
 3 1.96969696969697
 2 2.03030303030303
 0 2.090909090909091
 0 2.151515151515151
 4 2.212121212121212
 1 2.272727272727272
 0 2.333333333333334
 9 2.393939393939394
 1 2.454545454545455
 0 2.515151515151516
 0 2.575757575757576
 0 2.636363636363637
 0 2.696969696969697
 0 2.757575757575758
 0 2.818181818181818
 0 2.878787878787879
 0 2.939393939393939
 0 3


