# Created by Octave 3.8.2, Mon Jun 22 07:45:19 2020 CEST <damian@fptrucha.inv.usc.es>
# name: hd
# type: matrix
# rows: 100
# columns: 2
 0 -3
 0 -2.939393939393939
 0 -2.878787878787879
 0 -2.818181818181818
 0 -2.757575757575758
 0 -2.696969696969697
 0 -2.636363636363636
 0 -2.575757575757576
 2 -2.515151515151515
 7 -2.454545454545455
 1 -2.393939393939394
 0 -2.333333333333333
 2 -2.272727272727272
 0 -2.212121212121212
 0 -2.151515151515151
 0 -2.090909090909091
 3 -2.03030303030303
 40 -1.96969696969697
 41 -1.909090909090909
 0 -1.848484848484848
 0 -1.787878787878788
 0 -1.727272727272727
 0 -1.666666666666667
 120 -1.606060606060606
 28 -1.545454545454545
 106 -1.484848484848485
 27 -1.424242424242424
 104 -1.363636363636364
 26 -1.303030303030303
 12 -1.242424242424242
 481 -1.181818181818182
 13 -1.121212121212121
 508 -1.060606060606061
 14 -1
 493 -0.9393939393939394
 23 -0.8787878787878789
 498 -0.8181818181818183
 786 -0.7575757575757573
 566 -0.6969696969696968
 868 -0.6363636363636362
 579 -0.5757575757575757
 865 -0.5151515151515151
 598 -0.4545454545454546
 914 -0.393939393939394
 3899 -0.333333333333333
 558 -0.2727272727272725
 2420 -0.2121212121212119
 12 -0.1515151515151514
 2544 -0.09090909090909083
 13 -0.03030303030303028
 2410 0.03030303030303028
 24 0.09090909090909083
 2342 0.1515151515151514
 1500 0.2121212121212124
 2285 0.2727272727272729
 1571 0.3333333333333335
 646 0.393939393939394
 855 0.4545454545454546
 665 0.5151515151515151
 841 0.5757575757575757
 598 0.6363636363636367
 899 0.6969696969696972
 502 0.7575757575757578
 13 0.8181818181818183
 596 0.8787878787878789
 24 0.9393939393939394
 547 1
 25 1.060606060606061
 506 1.121212121212121
 12 1.181818181818182
 33 1.242424242424242
 119 1.303030303030303
 32 1.363636363636363
 106 1.424242424242425
 30 1.484848484848485
 90 1.545454545454546
 1 1.606060606060606
 0 1.666666666666667
 0 1.727272727272728
 30 1.787878787878788
 6 1.848484848484849
 38 1.909090909090909
 4 1.96969696969697
 2 2.03030303030303
 0 2.090909090909091
 0 2.151515151515151
 2 2.212121212121212
 1 2.272727272727272
 2 2.333333333333334
 9 2.393939393939394
 1 2.454545454545455
 2 2.515151515151516
 0 2.575757575757576
 0 2.636363636363637
 0 2.696969696969697
 0 2.757575757575758
 0 2.818181818181818
 0 2.878787878787879
 0 2.939393939393939
 0 3


