# Created by Octave 3.8.2, Mon Jun 22 14:42:28 2020 CEST <damian@fptrucha.inv.usc.es>
# name: hd
# type: matrix
# rows: 100
# columns: 2
 0 -3
 0 -2.939393939393939
 0 -2.878787878787879
 0 -2.818181818181818
 0 -2.757575757575758
 0 -2.696969696969697
 0 -2.636363636363636
 0 -2.575757575757576
 1 -2.515151515151515
 7 -2.454545454545455
 2 -2.393939393939394
 0 -2.333333333333333
 1 -2.272727272727272
 0 -2.212121212121212
 0 -2.151515151515151
 1 -2.090909090909091
 2 -2.03030303030303
 22 -1.96969696969697
 24 -1.909090909090909
 3 -1.848484848484848
 0 -1.787878787878788
 0 -1.727272727272727
 0 -1.666666666666667
 106 -1.606060606060606
 18 -1.545454545454545
 100 -1.484848484848485
 29 -1.424242424242424
 96 -1.363636363636364
 28 -1.303030303030303
 11 -1.242424242424242
 542 -1.181818181818182
 19 -1.121212121212121
 527 -1.060606060606061
 15 -1
 515 -0.9393939393939394
 21 -0.8787878787878789
 537 -0.8181818181818183
 887 -0.7575757575757573
 604 -0.6969696969696968
 1004 -0.6363636363636362
 639 -0.5757575757575757
 878 -0.5151515151515151
 628 -0.4545454545454546
 937 -0.393939393939394
 4147 -0.333333333333333
 638 -0.2727272727272725
 2735 -0.2121212121212119
 10 -0.1515151515151514
 2768 -0.09090909090909083
 19 -0.03030303030303028
 2544 0.03030303030303028
 15 0.09090909090909083
 2326 0.1515151515151514
 1653 0.2121212121212124
 2385 0.2727272727272729
 1684 0.3333333333333335
 698 0.393939393939394
 911 0.4545454545454546
 635 0.5151515151515151
 857 0.5757575757575757
 682 0.6363636363636367
 794 0.6969696969696972
 570 0.7575757575757578
 10 0.8181818181818183
 615 0.8787878787878789
 26 0.9393939393939394
 568 1
 22 1.060606060606061
 547 1.121212121212121
 13 1.181818181818182
 23 1.242424242424242
 123 1.303030303030303
 33 1.363636363636363
 87 1.424242424242425
 29 1.484848484848485
 104 1.545454545454546
 3 1.606060606060606
 0 1.666666666666667
 2 1.727272727272728
 28 1.787878787878788
 5 1.848484848484849
 30 1.909090909090909
 4 1.96969696969697
 1 2.03030303030303
 0 2.090909090909091
 0 2.151515151515151
 2 2.212121212121212
 1 2.272727272727272
 0 2.333333333333334
 12 2.393939393939394
 1 2.454545454545455
 1 2.515151515151516
 0 2.575757575757576
 0 2.636363636363637
 0 2.696969696969697
 0 2.757575757575758
 0 2.818181818181818
 0 2.878787878787879
 0 2.939393939393939
 0 3


