# Created by Octave 3.8.2, Sun Jun 21 07:32:10 2020 CEST <damian@fptrucha.inv.usc.es>
# name: hd
# type: matrix
# rows: 100
# columns: 2
 0 -3
 0 -2.939393939393939
 0 -2.878787878787879
 0 -2.818181818181818
 0 -2.757575757575758
 0 -2.696969696969697
 0 -2.636363636363636
 1 -2.575757575757576
 0 -2.515151515151515
 4 -2.454545454545455
 0 -2.393939393939394
 2 -2.333333333333333
 0 -2.272727272727272
 0 -2.212121212121212
 0 -2.151515151515151
 1 -2.090909090909091
 2 -2.03030303030303
 18 -1.96969696969697
 24 -1.909090909090909
 2 -1.848484848484848
 2 -1.787878787878788
 0 -1.727272727272727
 1 -1.666666666666667
 94 -1.606060606060606
 18 -1.545454545454545
 92 -1.484848484848485
 19 -1.424242424242424
 77 -1.363636363636364
 18 -1.303030303030303
 14 -1.242424242424242
 514 -1.181818181818182
 14 -1.121212121212121
 525 -1.060606060606061
 7 -1
 439 -0.9393939393939394
 15 -0.8787878787878789
 449 -0.8181818181818183
 908 -0.7575757575757573
 647 -0.6969696969696968
 992 -0.6363636363636362
 631 -0.5757575757575757
 893 -0.5151515151515151
 572 -0.4545454545454546
 830 -0.393939393939394
 4069 -0.333333333333333
 520 -0.2727272727272725
 2817 -0.2121212121212119
 5 -0.1515151515151514
 2573 -0.09090909090909083
 7 -0.03030303030303028
 2426 0.03030303030303028
 6 0.09090909090909083
 2143 0.1515151515151514
 1693 0.2121212121212124
 2140 0.2727272727272729
 1652 0.3333333333333335
 626 0.393939393939394
 877 0.4545454545454546
 623 0.5151515151515151
 771 0.5757575757575757
 603 0.6363636363636367
 779 0.6969696969696972
 588 0.7575757575757578
 11 0.8181818181818183
 522 0.8787878787878789
 15 0.9393939393939394
 532 1
 4 1.060606060606061
 453 1.121212121212121
 7 1.181818181818182
 29 1.242424242424242
 94 1.303030303030303
 30 1.363636363636363
 101 1.424242424242425
 25 1.484848484848485
 85 1.545454545454546
 0 1.606060606060606
 0 1.666666666666667
 1 1.727272727272728
 26 1.787878787878788
 4 1.848484848484849
 20 1.909090909090909
 1 1.96969696969697
 0 2.03030303030303
 0 2.090909090909091
 0 2.151515151515151
 1 2.212121212121212
 0 2.272727272727272
 0 2.333333333333334
 5 2.393939393939394
 0 2.454545454545455
 1 2.515151515151516
 0 2.575757575757576
 0 2.636363636363637
 0 2.696969696969697
 0 2.757575757575758
 0 2.818181818181818
 0 2.878787878787879
 0 2.939393939393939
 0 3


