# Created by Octave 3.8.2, Sat Jun 20 17:30:50 2020 CEST <damian@fptrucha.inv.usc.es>
# name: hd
# type: matrix
# rows: 100
# columns: 2
 0 -3
 0 -2.939393939393939
 0 -2.878787878787879
 0 -2.818181818181818
 0 -2.757575757575758
 0 -2.696969696969697
 0 -2.636363636363636
 0 -2.575757575757576
 0 -2.515151515151515
 0 -2.454545454545455
 1 -2.393939393939394
 0 -2.333333333333333
 2 -2.272727272727272
 0 -2.212121212121212
 0 -2.151515151515151
 2 -2.090909090909091
 3 -2.03030303030303
 24 -1.96969696969697
 27 -1.909090909090909
 1 -1.848484848484848
 1 -1.787878787878788
 0 -1.727272727272727
 1 -1.666666666666667
 77 -1.606060606060606
 19 -1.545454545454545
 94 -1.484848484848485
 14 -1.424242424242424
 83 -1.363636363636364
 14 -1.303030303030303
 12 -1.242424242424242
 531 -1.181818181818182
 15 -1.121212121212121
 548 -1.060606060606061
 14 -1
 458 -0.9393939393939394
 22 -0.8787878787878789
 434 -0.8181818181818183
 922 -0.7575757575757573
 633 -0.6969696969696968
 1087 -0.6363636363636362
 644 -0.5757575757575757
 795 -0.5151515151515151
 523 -0.4545454545454546
 846 -0.393939393939394
 4294 -0.333333333333333
 518 -0.2727272727272725
 3015 -0.2121212121212119
 9 -0.1515151515151514
 2654 -0.09090909090909083
 6 -0.03030303030303028
 2608 0.03030303030303028
 9 0.09090909090909083
 2268 0.1515151515151514
 1808 0.2121212121212124
 2185 0.2727272727272729
 1660 0.3333333333333335
 628 0.393939393939394
 871 0.4545454545454546
 679 0.5151515151515151
 827 0.5757575757575757
 582 0.6363636363636367
 778 0.6969696969696972
 611 0.7575757575757578
 8 0.8181818181818183
 550 0.8787878787878789
 13 0.9393939393939394
 503 1
 7 1.060606060606061
 493 1.121212121212121
 11 1.181818181818182
 36 1.242424242424242
 94 1.303030303030303
 27 1.363636363636363
 119 1.424242424242425
 25 1.484848484848485
 101 1.545454545454546
 0 1.606060606060606
 0 1.666666666666667
 1 1.727272727272728
 26 1.787878787878788
 2 1.848484848484849
 26 1.909090909090909
 5 1.96969696969697
 1 2.03030303030303
 0 2.090909090909091
 0 2.151515151515151
 0 2.212121212121212
 0 2.272727272727272
 0 2.333333333333334
 3 2.393939393939394
 0 2.454545454545455
 0 2.515151515151516
 0 2.575757575757576
 0 2.636363636363637
 0 2.696969696969697
 0 2.757575757575758
 0 2.818181818181818
 0 2.878787878787879
 0 2.939393939393939
 0 3


