# Created by Octave 3.8.2, Sat Jun 20 09:11:34 2020 CEST <damian@fptrucha.inv.usc.es>
# name: hd
# type: matrix
# rows: 100
# columns: 2
 0 -3
 0 -2.939393939393939
 0 -2.878787878787879
 0 -2.818181818181818
 0 -2.757575757575758
 0 -2.696969696969697
 0 -2.636363636363636
 2 -2.575757575757576
 0 -2.515151515151515
 3 -2.454545454545455
 0 -2.393939393939394
 0 -2.333333333333333
 1 -2.272727272727272
 0 -2.212121212121212
 0 -2.151515151515151
 2 -2.090909090909091
 3 -2.03030303030303
 29 -1.96969696969697
 28 -1.909090909090909
 2 -1.848484848484848
 1 -1.787878787878788
 0 -1.727272727272727
 0 -1.666666666666667
 125 -1.606060606060606
 17 -1.545454545454545
 99 -1.484848484848485
 25 -1.424242424242424
 98 -1.363636363636364
 17 -1.303030303030303
 14 -1.242424242424242
 642 -1.181818181818182
 21 -1.121212121212121
 598 -1.060606060606061
 9 -1
 559 -0.9393939393939394
 11 -0.8787878787878789
 499 -0.8181818181818183
 1185 -0.7575757575757573
 780 -0.6969696969696968
 1146 -0.6363636363636362
 757 -0.5757575757575757
 1072 -0.5151515151515151
 703 -0.4545454545454546
 961 -0.393939393939394
 4860 -0.333333333333333
 617 -0.2727272727272725
 3271 -0.2121212121212119
 12 -0.1515151515151514
 3023 -0.09090909090909083
 11 -0.03030303030303028
 2962 0.03030303030303028
 16 0.09090909090909083
 2521 0.1515151515151514
 2003 0.2121212121212124
 2596 0.2727272727272729
 1885 0.3333333333333335
 673 0.393939393939394
 1073 0.4545454545454546
 743 0.5151515151515151
 923 0.5757575757575757
 701 0.6363636363636367
 922 0.6969696969696972
 639 0.7575757575757578
 14 0.8181818181818183
 627 0.8787878787878789
 11 0.9393939393939394
 621 1
 13 1.060606060606061
 586 1.121212121212121
 11 1.181818181818182
 35 1.242424242424242
 119 1.303030303030303
 37 1.363636363636363
 102 1.424242424242425
 30 1.484848484848485
 110 1.545454545454546
 1 1.606060606060606
 0 1.666666666666667
 2 1.727272727272728
 43 1.787878787878788
 0 1.848484848484849
 58 1.909090909090909
 9 1.96969696969697
 2 2.03030303030303
 0 2.090909090909091
 0 2.151515151515151
 1 2.212121212121212
 0 2.272727272727272
 2 2.333333333333334
 7 2.393939393939394
 0 2.454545454545455
 4 2.515151515151516
 0 2.575757575757576
 0 2.636363636363637
 0 2.696969696969697
 0 2.757575757575758
 0 2.818181818181818
 0 2.878787878787879
 0 2.939393939393939
 0 3


