# Created by Octave 3.8.2, Sat Jun 20 15:18:23 2020 CEST <damian@fptrucha.inv.usc.es>
# name: hd
# type: matrix
# rows: 100
# columns: 2
 0 -3
 0 -2.939393939393939
 0 -2.878787878787879
 0 -2.818181818181818
 0 -2.757575757575758
 0 -2.696969696969697
 0 -2.636363636363636
 0 -2.575757575757576
 0 -2.515151515151515
 1 -2.454545454545455
 0 -2.393939393939394
 0 -2.333333333333333
 0 -2.272727272727272
 0 -2.212121212121212
 0 -2.151515151515151
 1 -2.090909090909091
 1 -2.03030303030303
 10 -1.96969696969697
 19 -1.909090909090909
 0 -1.848484848484848
 2 -1.787878787878788
 0 -1.727272727272727
 4 -1.666666666666667
 47 -1.606060606060606
 17 -1.545454545454545
 54 -1.484848484848485
 11 -1.424242424242424
 56 -1.363636363636364
 14 -1.303030303030303
 6 -1.242424242424242
 378 -1.181818181818182
 8 -1.121212121212121
 339 -1.060606060606061
 6 -1
 290 -0.9393939393939394
 10 -0.8787878787878789
 307 -0.8181818181818183
 654 -0.7575757575757573
 419 -0.6969696969696968
 712 -0.6363636363636362
 411 -0.5757575757575757
 645 -0.5151515151515151
 343 -0.4545454545454546
 559 -0.393939393939394
 2840 -0.333333333333333
 352 -0.2727272727272725
 1950 -0.2121212121212119
 3 -0.1515151515151514
 1821 -0.09090909090909083
 8 -0.03030303030303028
 1687 0.03030303030303028
 4 0.09090909090909083
 1527 0.1515151515151514
 1135 0.2121212121212124
 1493 0.2727272727272729
 1101 0.3333333333333335
 430 0.393939393939394
 598 0.4545454545454546
 442 0.5151515151515151
 529 0.5757575757575757
 410 0.6363636363636367
 559 0.6969696969696972
 422 0.7575757575757578
 10 0.8181818181818183
 382 0.8787878787878789
 7 0.9393939393939394
 343 1
 11 1.060606060606061
 339 1.121212121212121
 12 1.181818181818182
 9 1.242424242424242
 69 1.303030303030303
 19 1.363636363636363
 59 1.424242424242425
 10 1.484848484848485
 66 1.545454545454546
 0 1.606060606060606
 0 1.666666666666667
 1 1.727272727272728
 24 1.787878787878788
 3 1.848484848484849
 11 1.909090909090909
 2 1.96969696969697
 0 2.03030303030303
 0 2.090909090909091
 0 2.151515151515151
 0 2.212121212121212
 0 2.272727272727272
 0 2.333333333333334
 7 2.393939393939394
 0 2.454545454545455
 0 2.515151515151516
 0 2.575757575757576
 0 2.636363636363637
 0 2.696969696969697
 0 2.757575757575758
 0 2.818181818181818
 0 2.878787878787879
 0 2.939393939393939
 0 3


