# Created by Octave 3.8.2, Sat Jun 20 13:40:19 2020 CEST <damian@fptrucha.inv.usc.es>
# name: hd
# type: matrix
# rows: 100
# columns: 2
 0 -3
 0 -2.939393939393939
 0 -2.878787878787879
 0 -2.818181818181818
 0 -2.757575757575758
 0 -2.696969696969697
 0 -2.636363636363636
 2 -2.575757575757576
 0 -2.515151515151515
 5 -2.454545454545455
 0 -2.393939393939394
 1 -2.333333333333333
 1 -2.272727272727272
 0 -2.212121212121212
 0 -2.151515151515151
 3 -2.090909090909091
 5 -2.03030303030303
 26 -1.96969696969697
 24 -1.909090909090909
 2 -1.848484848484848
 1 -1.787878787878788
 0 -1.727272727272727
 1 -1.666666666666667
 94 -1.606060606060606
 20 -1.545454545454545
 87 -1.484848484848485
 22 -1.424242424242424
 79 -1.363636363636364
 25 -1.303030303030303
 10 -1.242424242424242
 593 -1.181818181818182
 17 -1.121212121212121
 513 -1.060606060606061
 14 -1
 484 -0.9393939393939394
 9 -0.8787878787878789
 484 -0.8181818181818183
 1030 -0.7575757575757573
 703 -0.6969696969696968
 1088 -0.6363636363636362
 633 -0.5757575757575757
 938 -0.5151515151515151
 597 -0.4545454545454546
 886 -0.393939393939394
 4447 -0.333333333333333
 544 -0.2727272727272725
 3024 -0.2121212121212119
 9 -0.1515151515151514
 2802 -0.09090909090909083
 9 -0.03030303030303028
 2655 0.03030303030303028
 12 0.09090909090909083
 2294 0.1515151515151514
 1803 0.2121212121212124
 2449 0.2727272727272729
 1734 0.3333333333333335
 713 0.393939393939394
 1028 0.4545454545454546
 652 0.5151515151515151
 872 0.5757575757575757
 600 0.6363636363636367
 943 0.6969696969696972
 635 0.7575757575757578
 10 0.8181818181818183
 639 0.8787878787878789
 19 0.9393939393939394
 649 1
 9 1.060606060606061
 550 1.121212121212121
 7 1.181818181818182
 39 1.242424242424242
 102 1.303030303030303
 35 1.363636363636363
 122 1.424242424242425
 34 1.484848484848485
 82 1.545454545454546
 0 1.606060606060606
 0 1.666666666666667
 2 1.727272727272728
 30 1.787878787878788
 2 1.848484848484849
 32 1.909090909090909
 3 1.96969696969697
 1 2.03030303030303
 0 2.090909090909091
 0 2.151515151515151
 1 2.212121212121212
 1 2.272727272727272
 0 2.333333333333334
 6 2.393939393939394
 1 2.454545454545455
 1 2.515151515151516
 0 2.575757575757576
 0 2.636363636363637
 0 2.696969696969697
 0 2.757575757575758
 0 2.818181818181818
 0 2.878787878787879
 0 2.939393939393939
 0 3


