# Created by Octave 3.8.2, Mon Jun 22 00:37:52 2020 CEST <damian@fptrucha.inv.usc.es>
# name: hd
# type: matrix
# rows: 100
# columns: 2
 0 -3
 0 -2.939393939393939
 0 -2.878787878787879
 0 -2.818181818181818
 0 -2.757575757575758
 0 -2.696969696969697
 0 -2.636363636363636
 1 -2.575757575757576
 1 -2.515151515151515
 0 -2.454545454545455
 0 -2.393939393939394
 1 -2.333333333333333
 2 -2.272727272727272
 0 -2.212121212121212
 0 -2.151515151515151
 0 -2.090909090909091
 1 -2.03030303030303
 10 -1.96969696969697
 20 -1.909090909090909
 0 -1.848484848484848
 0 -1.787878787878788
 0 -1.727272727272727
 1 -1.666666666666667
 61 -1.606060606060606
 17 -1.545454545454545
 56 -1.484848484848485
 18 -1.424242424242424
 59 -1.363636363636364
 12 -1.303030303030303
 11 -1.242424242424242
 365 -1.181818181818182
 7 -1.121212121212121
 366 -1.060606060606061
 6 -1
 254 -0.9393939393939394
 8 -0.8787878787878789
 299 -0.8181818181818183
 654 -0.7575757575757573
 427 -0.6969696969696968
 698 -0.6363636363636362
 421 -0.5757575757575757
 552 -0.5151515151515151
 389 -0.4545454545454546
 540 -0.393939393939394
 2808 -0.333333333333333
 361 -0.2727272727272725
 1919 -0.2121212121212119
 8 -0.1515151515151514
 1807 -0.09090909090909083
 1 -0.03030303030303028
 1704 0.03030303030303028
 8 0.09090909090909083
 1519 0.1515151515151514
 1136 0.2121212121212124
 1484 0.2727272727272729
 1076 0.3333333333333335
 435 0.393939393939394
 554 0.4545454545454546
 439 0.5151515151515151
 555 0.5757575757575757
 348 0.6363636363636367
 519 0.6969696969696972
 417 0.7575757575757578
 6 0.8181818181818183
 355 0.8787878787878789
 9 0.9393939393939394
 319 1
 8 1.060606060606061
 291 1.121212121212121
 4 1.181818181818182
 13 1.242424242424242
 69 1.303030303030303
 15 1.363636363636363
 49 1.424242424242425
 15 1.484848484848485
 49 1.545454545454546
 0 1.606060606060606
 0 1.666666666666667
 1 1.727272727272728
 24 1.787878787878788
 0 1.848484848484849
 11 1.909090909090909
 1 1.96969696969697
 0 2.03030303030303
 0 2.090909090909091
 0 2.151515151515151
 0 2.212121212121212
 2 2.272727272727272
 0 2.333333333333334
 4 2.393939393939394
 2 2.454545454545455
 1 2.515151515151516
 0 2.575757575757576
 0 2.636363636363637
 0 2.696969696969697
 0 2.757575757575758
 0 2.818181818181818
 0 2.878787878787879
 0 2.939393939393939
 0 3


