# Created by Octave 3.8.2, Mon Jun 22 05:56:22 2020 CEST <damian@fptrucha.inv.usc.es>
# name: hd
# type: matrix
# rows: 100
# columns: 2
 0 -3
 0 -2.939393939393939
 0 -2.878787878787879
 0 -2.818181818181818
 0 -2.757575757575758
 0 -2.696969696969697
 0 -2.636363636363636
 2 -2.575757575757576
 0 -2.515151515151515
 8 -2.454545454545455
 0 -2.393939393939394
 1 -2.333333333333333
 1 -2.272727272727272
 0 -2.212121212121212
 0 -2.151515151515151
 2 -2.090909090909091
 6 -2.03030303030303
 36 -1.96969696969697
 34 -1.909090909090909
 1 -1.848484848484848
 2 -1.787878787878788
 0 -1.727272727272727
 2 -1.666666666666667
 91 -1.606060606060606
 30 -1.545454545454545
 122 -1.484848484848485
 34 -1.424242424242424
 127 -1.363636363636364
 21 -1.303030303030303
 22 -1.242424242424242
 486 -1.181818181818182
 20 -1.121212121212121
 512 -1.060606060606061
 11 -1
 516 -0.9393939393939394
 16 -0.8787878787878789
 512 -0.8181818181818183
 811 -0.7575757575757573
 543 -0.6969696969696968
 918 -0.6363636363636362
 604 -0.5757575757575757
 858 -0.5151515151515151
 610 -0.4545454545454546
 897 -0.393939393939394
 3864 -0.333333333333333
 537 -0.2727272727272725
 2382 -0.2121212121212119
 15 -0.1515151515151514
 2557 -0.09090909090909083
 14 -0.03030303030303028
 2396 0.03030303030303028
 30 0.09090909090909083
 2142 0.1515151515151514
 1470 0.2121212121212124
 2152 0.2727272727272729
 1418 0.3333333333333335
 612 0.393939393939394
 781 0.4545454545454546
 595 0.5151515151515151
 776 0.5757575757575757
 579 0.6363636363636367
 753 0.6969696969696972
 508 0.7575757575757578
 9 0.8181818181818183
 546 0.8787878787878789
 11 0.9393939393939394
 505 1
 16 1.060606060606061
 464 1.121212121212121
 14 1.181818181818182
 25 1.242424242424242
 91 1.303030303030303
 18 1.363636363636363
 106 1.424242424242425
 30 1.484848484848485
 106 1.545454545454546
 4 1.606060606060606
 0 1.666666666666667
 1 1.727272727272728
 38 1.787878787878788
 4 1.848484848484849
 34 1.909090909090909
 4 1.96969696969697
 1 2.03030303030303
 0 2.090909090909091
 0 2.151515151515151
 2 2.212121212121212
 0 2.272727272727272
 2 2.333333333333334
 7 2.393939393939394
 0 2.454545454545455
 1 2.515151515151516
 0 2.575757575757576
 0 2.636363636363637
 0 2.696969696969697
 0 2.757575757575758
 0 2.818181818181818
 0 2.878787878787879
 0 2.939393939393939
 0 3


