# Created by Octave 3.8.2, Sun Jun 21 05:56:46 2020 CEST <damian@fptrucha.inv.usc.es>
# name: hd
# type: matrix
# rows: 100
# columns: 2
 0 -3
 0 -2.939393939393939
 0 -2.878787878787879
 0 -2.818181818181818
 0 -2.757575757575758
 0 -2.696969696969697
 0 -2.636363636363636
 4 -2.575757575757576
 0 -2.515151515151515
 4 -2.454545454545455
 1 -2.393939393939394
 1 -2.333333333333333
 0 -2.272727272727272
 0 -2.212121212121212
 0 -2.151515151515151
 0 -2.090909090909091
 5 -2.03030303030303
 25 -1.96969696969697
 30 -1.909090909090909
 1 -1.848484848484848
 0 -1.787878787878788
 0 -1.727272727272727
 2 -1.666666666666667
 103 -1.606060606060606
 27 -1.545454545454545
 91 -1.484848484848485
 21 -1.424242424242424
 90 -1.363636363636364
 21 -1.303030303030303
 13 -1.242424242424242
 540 -1.181818181818182
 16 -1.121212121212121
 513 -1.060606060606061
 12 -1
 446 -0.9393939393939394
 16 -0.8787878787878789
 463 -0.8181818181818183
 952 -0.7575757575757573
 657 -0.6969696969696968
 1011 -0.6363636363636362
 654 -0.5757575757575757
 903 -0.5151515151515151
 527 -0.4545454545454546
 833 -0.393939393939394
 4076 -0.333333333333333
 559 -0.2727272727272725
 2847 -0.2121212121212119
 12 -0.1515151515151514
 2688 -0.09090909090909083
 4 -0.03030303030303028
 2529 0.03030303030303028
 9 0.09090909090909083
 2160 0.1515151515151514
 1756 0.2121212121212124
 2185 0.2727272727272729
 1564 0.3333333333333335
 632 0.393939393939394
 866 0.4545454545454546
 641 0.5151515151515151
 782 0.5757575757575757
 554 0.6363636363636367
 831 0.6969696969696972
 550 0.7575757575757578
 10 0.8181818181818183
 524 0.8787878787878789
 13 0.9393939393939394
 509 1
 9 1.060606060606061
 440 1.121212121212121
 9 1.181818181818182
 30 1.242424242424242
 106 1.303030303030303
 25 1.363636363636363
 101 1.424242424242425
 27 1.484848484848485
 85 1.545454545454546
 0 1.606060606060606
 0 1.666666666666667
 2 1.727272727272728
 26 1.787878787878788
 1 1.848484848484849
 24 1.909090909090909
 0 1.96969696969697
 3 2.03030303030303
 0 2.090909090909091
 0 2.151515151515151
 2 2.212121212121212
 1 2.272727272727272
 0 2.333333333333334
 4 2.393939393939394
 1 2.454545454545455
 0 2.515151515151516
 0 2.575757575757576
 0 2.636363636363637
 0 2.696969696969697
 0 2.757575757575758
 0 2.818181818181818
 0 2.878787878787879
 0 2.939393939393939
 0 3


