# Created by Octave 3.8.2, Mon Jun 22 21:37:27 2020 CEST <damian@fptrucha.inv.usc.es>
# name: hd
# type: matrix
# rows: 100
# columns: 2
 0 -3
 0 -2.939393939393939
 0 -2.878787878787879
 0 -2.818181818181818
 0 -2.757575757575758
 0 -2.696969696969697
 0 -2.636363636363636
 3 -2.575757575757576
 0 -2.515151515151515
 12 -2.454545454545455
 1 -2.393939393939394
 1 -2.333333333333333
 0 -2.272727272727272
 0 -2.212121212121212
 0 -2.151515151515151
 1 -2.090909090909091
 6 -2.03030303030303
 28 -1.96969696969697
 40 -1.909090909090909
 0 -1.848484848484848
 1 -1.787878787878788
 0 -1.727272727272727
 1 -1.666666666666667
 119 -1.606060606060606
 28 -1.545454545454545
 125 -1.484848484848485
 38 -1.424242424242424
 103 -1.363636363636364
 25 -1.303030303030303
 17 -1.242424242424242
 658 -1.181818181818182
 16 -1.121212121212121
 598 -1.060606060606061
 13 -1
 526 -0.9393939393939394
 19 -0.8787878787878789
 562 -0.8181818181818183
 931 -0.7575757575757573
 676 -0.6969696969696968
 1062 -0.6363636363636362
 688 -0.5757575757575757
 975 -0.5151515151515151
 655 -0.4545454545454546
 948 -0.393939393939394
 4482 -0.333333333333333
 651 -0.2727272727272725
 2821 -0.2121212121212119
 9 -0.1515151515151514
 2821 -0.09090909090909083
 10 -0.03030303030303028
 2641 0.03030303030303028
 16 0.09090909090909083
 2380 0.1515151515151514
 1631 0.2121212121212124
 2450 0.2727272727272729
 1667 0.3333333333333335
 657 0.393939393939394
 906 0.4545454545454546
 710 0.5151515151515151
 878 0.5757575757575757
 654 0.6363636363636367
 851 0.6969696969696972
 558 0.7575757575757578
 8 0.8181818181818183
 571 0.8787878787878789
 10 0.9393939393939394
 530 1
 19 1.060606060606061
 518 1.121212121212121
 13 1.181818181818182
 36 1.242424242424242
 103 1.303030303030303
 39 1.363636363636363
 125 1.424242424242425
 31 1.484848484848485
 94 1.545454545454546
 3 1.606060606060606
 0 1.666666666666667
 2 1.727272727272728
 34 1.787878787878788
 0 1.848484848484849
 32 1.909090909090909
 4 1.96969696969697
 1 2.03030303030303
 0 2.090909090909091
 0 2.151515151515151
 3 2.212121212121212
 1 2.272727272727272
 2 2.333333333333334
 7 2.393939393939394
 1 2.454545454545455
 3 2.515151515151516
 0 2.575757575757576
 0 2.636363636363637
 0 2.696969696969697
 0 2.757575757575758
 0 2.818181818181818
 0 2.878787878787879
 0 2.939393939393939
 0 3


