# Created by Octave 3.8.2, Mon Jun 22 12:36:37 2020 CEST <damian@fptrucha.inv.usc.es>
# name: hd
# type: matrix
# rows: 100
# columns: 2
 0 -3
 0 -2.939393939393939
 0 -2.878787878787879
 0 -2.818181818181818
 0 -2.757575757575758
 0 -2.696969696969697
 0 -2.636363636363636
 3 -2.575757575757576
 0 -2.515151515151515
 11 -2.454545454545455
 0 -2.393939393939394
 0 -2.333333333333333
 2 -2.272727272727272
 0 -2.212121212121212
 0 -2.151515151515151
 2 -2.090909090909091
 6 -2.03030303030303
 29 -1.96969696969697
 40 -1.909090909090909
 4 -1.848484848484848
 1 -1.787878787878788
 0 -1.727272727272727
 1 -1.666666666666667
 74 -1.606060606060606
 27 -1.545454545454545
 93 -1.484848484848485
 27 -1.424242424242424
 117 -1.363636363636364
 19 -1.303030303030303
 16 -1.242424242424242
 528 -1.181818181818182
 18 -1.121212121212121
 510 -1.060606060606061
 13 -1
 495 -0.9393939393939394
 25 -0.8787878787878789
 466 -0.8181818181818183
 828 -0.7575757575757573
 605 -0.6969696969696968
 980 -0.6363636363636362
 649 -0.5757575757575757
 920 -0.5151515151515151
 636 -0.4545454545454546
 986 -0.393939393939394
 3979 -0.333333333333333
 585 -0.2727272727272725
 2606 -0.2121212121212119
 15 -0.1515151515151514
 2734 -0.09090909090909083
 18 -0.03030303030303028
 2477 0.03030303030303028
 10 0.09090909090909083
 2236 0.1515151515151514
 1619 0.2121212121212124
 2304 0.2727272727272729
 1672 0.3333333333333335
 648 0.393939393939394
 914 0.4545454545454546
 687 0.5151515151515151
 813 0.5757575757575757
 677 0.6363636363636367
 805 0.6969696969696972
 545 0.7575757575757578
 17 0.8181818181818183
 537 0.8787878787878789
 20 0.9393939393939394
 576 1
 12 1.060606060606061
 508 1.121212121212121
 6 1.181818181818182
 32 1.242424242424242
 106 1.303030303030303
 33 1.363636363636363
 106 1.424242424242425
 46 1.484848484848485
 99 1.545454545454546
 3 1.606060606060606
 0 1.666666666666667
 2 1.727272727272728
 32 1.787878787878788
 4 1.848484848484849
 30 1.909090909090909
 4 1.96969696969697
 1 2.03030303030303
 0 2.090909090909091
 0 2.151515151515151
 1 2.212121212121212
 1 2.272727272727272
 1 2.333333333333334
 9 2.393939393939394
 0 2.454545454545455
 0 2.515151515151516
 0 2.575757575757576
 0 2.636363636363637
 0 2.696969696969697
 0 2.757575757575758
 0 2.818181818181818
 0 2.878787878787879
 0 2.939393939393939
 0 3


