# Created by Octave 3.8.2, Mon Jun 22 04:35:27 2020 CEST <damian@fptrucha.inv.usc.es>
# name: hd
# type: matrix
# rows: 100
# columns: 2
 0 -3
 0 -2.939393939393939
 0 -2.878787878787879
 0 -2.818181818181818
 0 -2.757575757575758
 0 -2.696969696969697
 0 -2.636363636363636
 4 -2.575757575757576
 1 -2.515151515151515
 6 -2.454545454545455
 0 -2.393939393939394
 1 -2.333333333333333
 3 -2.272727272727272
 0 -2.212121212121212
 0 -2.151515151515151
 2 -2.090909090909091
 3 -2.03030303030303
 39 -1.96969696969697
 43 -1.909090909090909
 1 -1.848484848484848
 5 -1.787878787878788
 0 -1.727272727272727
 1 -1.666666666666667
 109 -1.606060606060606
 33 -1.545454545454545
 132 -1.484848484848485
 36 -1.424242424242424
 100 -1.363636363636364
 21 -1.303030303030303
 17 -1.242424242424242
 532 -1.181818181818182
 16 -1.121212121212121
 527 -1.060606060606061
 18 -1
 524 -0.9393939393939394
 21 -0.8787878787878789
 436 -0.8181818181818183
 867 -0.7575757575757573
 616 -0.6969696969696968
 811 -0.6363636363636362
 568 -0.5757575757575757
 866 -0.5151515151515151
 595 -0.4545454545454546
 813 -0.393939393939394
 3708 -0.333333333333333
 489 -0.2727272727272725
 2287 -0.2121212121212119
 15 -0.1515151515151514
 2372 -0.09090909090909083
 14 -0.03030303030303028
 2276 0.03030303030303028
 12 0.09090909090909083
 2054 0.1515151515151514
 1494 0.2121212121212124
 2093 0.2727272727272729
 1404 0.3333333333333335
 572 0.393939393939394
 843 0.4545454545454546
 573 0.5151515151515151
 693 0.5757575757575757
 531 0.6363636363636367
 677 0.6969696969696972
 506 0.7575757575757578
 12 0.8181818181818183
 513 0.8787878787878789
 22 0.9393939393939394
 514 1
 14 1.060606060606061
 437 1.121212121212121
 9 1.181818181818182
 32 1.242424242424242
 101 1.303030303030303
 27 1.363636363636363
 111 1.424242424242425
 27 1.484848484848485
 89 1.545454545454546
 4 1.606060606060606
 0 1.666666666666667
 1 1.727272727272728
 33 1.787878787878788
 3 1.848484848484849
 26 1.909090909090909
 5 1.96969696969697
 1 2.03030303030303
 0 2.090909090909091
 0 2.151515151515151
 1 2.212121212121212
 2 2.272727272727272
 0 2.333333333333334
 8 2.393939393939394
 0 2.454545454545455
 0 2.515151515151516
 0 2.575757575757576
 0 2.636363636363637
 0 2.696969696969697
 0 2.757575757575758
 0 2.818181818181818
 0 2.878787878787879
 0 2.939393939393939
 0 3


