# Created by Octave 3.8.2, Sat Jun 20 14:06:51 2020 CEST <damian@fptrucha.inv.usc.es>
# name: hd
# type: matrix
# rows: 100
# columns: 2
 0 -3
 0 -2.939393939393939
 0 -2.878787878787879
 0 -2.818181818181818
 0 -2.757575757575758
 0 -2.696969696969697
 0 -2.636363636363636
 0 -2.575757575757576
 0 -2.515151515151515
 2 -2.454545454545455
 0 -2.393939393939394
 0 -2.333333333333333
 2 -2.272727272727272
 0 -2.212121212121212
 0 -2.151515151515151
 0 -2.090909090909091
 1 -2.03030303030303
 11 -1.96969696969697
 20 -1.909090909090909
 0 -1.848484848484848
 0 -1.787878787878788
 0 -1.727272727272727
 1 -1.666666666666667
 67 -1.606060606060606
 10 -1.545454545454545
 57 -1.484848484848485
 13 -1.424242424242424
 57 -1.363636363636364
 6 -1.303030303030303
 9 -1.242424242424242
 363 -1.181818181818182
 9 -1.121212121212121
 373 -1.060606060606061
 12 -1
 313 -0.9393939393939394
 6 -0.8787878787878789
 319 -0.8181818181818183
 657 -0.7575757575757573
 488 -0.6969696969696968
 737 -0.6363636363636362
 434 -0.5757575757575757
 644 -0.5151515151515151
 413 -0.4545454545454546
 566 -0.393939393939394
 2974 -0.333333333333333
 375 -0.2727272727272725
 2042 -0.2121212121212119
 8 -0.1515151515151514
 1865 -0.09090909090909083
 7 -0.03030303030303028
 1832 0.03030303030303028
 11 0.09090909090909083
 1523 0.1515151515151514
 1321 0.2121212121212124
 1555 0.2727272727272729
 1211 0.3333333333333335
 452 0.393939393939394
 629 0.4545454545454546
 480 0.5151515151515151
 605 0.5757575757575757
 411 0.6363636363636367
 581 0.6969696969696972
 382 0.7575757575757578
 10 0.8181818181818183
 426 0.8787878787878789
 5 0.9393939393939394
 382 1
 6 1.060606060606061
 372 1.121212121212121
 15 1.181818181818182
 20 1.242424242424242
 78 1.303030303030303
 20 1.363636363636363
 70 1.424242424242425
 20 1.484848484848485
 64 1.545454545454546
 0 1.606060606060606
 0 1.666666666666667
 0 1.727272727272728
 25 1.787878787878788
 2 1.848484848484849
 24 1.909090909090909
 3 1.96969696969697
 1 2.03030303030303
 0 2.090909090909091
 0 2.151515151515151
 0 2.212121212121212
 1 2.272727272727272
 0 2.333333333333334
 5 2.393939393939394
 0 2.454545454545455
 1 2.515151515151516
 0 2.575757575757576
 0 2.636363636363637
 0 2.696969696969697
 0 2.757575757575758
 0 2.818181818181818
 0 2.878787878787879
 0 2.939393939393939
 0 3


