# Created by Octave 3.8.2, Mon Jun 22 23:49:10 2020 CEST <damian@fptrucha.inv.usc.es>
# name: hd
# type: matrix
# rows: 100
# columns: 2
 0 -3
 0 -2.939393939393939
 0 -2.878787878787879
 0 -2.818181818181818
 0 -2.757575757575758
 0 -2.696969696969697
 0 -2.636363636363636
 2 -2.575757575757576
 0 -2.515151515151515
 13 -2.454545454545455
 1 -2.393939393939394
 0 -2.333333333333333
 2 -2.272727272727272
 0 -2.212121212121212
 0 -2.151515151515151
 3 -2.090909090909091
 9 -2.03030303030303
 35 -1.96969696969697
 32 -1.909090909090909
 0 -1.848484848484848
 9 -1.787878787878788
 0 -1.727272727272727
 6 -1.666666666666667
 107 -1.606060606060606
 38 -1.545454545454545
 128 -1.484848484848485
 28 -1.424242424242424
 104 -1.363636363636364
 22 -1.303030303030303
 9 -1.242424242424242
 663 -1.181818181818182
 16 -1.121212121212121
 608 -1.060606060606061
 11 -1
 543 -0.9393939393939394
 13 -0.8787878787878789
 546 -0.8181818181818183
 1019 -0.7575757575757573
 684 -0.6969696969696968
 1141 -0.6363636363636362
 658 -0.5757575757575757
 930 -0.5151515151515151
 645 -0.4545454545454546
 968 -0.393939393939394
 4591 -0.333333333333333
 616 -0.2727272727272725
 2789 -0.2121212121212119
 11 -0.1515151515151514
 2832 -0.09090909090909083
 14 -0.03030303030303028
 2719 0.03030303030303028
 18 0.09090909090909083
 2429 0.1515151515151514
 1614 0.2121212121212124
 2519 0.2727272727272729
 1674 0.3333333333333335
 672 0.393939393939394
 902 0.4545454545454546
 657 0.5151515151515151
 840 0.5757575757575757
 657 0.6363636363636367
 881 0.6969696969696972
 573 0.7575757575757578
 13 0.8181818181818183
 563 0.8787878787878789
 22 0.9393939393939394
 521 1
 11 1.060606060606061
 535 1.121212121212121
 13 1.181818181818182
 39 1.242424242424242
 120 1.303030303030303
 22 1.363636363636363
 101 1.424242424242425
 32 1.484848484848485
 90 1.545454545454546
 4 1.606060606060606
 0 1.666666666666667
 2 1.727272727272728
 48 1.787878787878788
 6 1.848484848484849
 39 1.909090909090909
 4 1.96969696969697
 0 2.03030303030303
 0 2.090909090909091
 0 2.151515151515151
 0 2.212121212121212
 1 2.272727272727272
 1 2.333333333333334
 6 2.393939393939394
 0 2.454545454545455
 2 2.515151515151516
 0 2.575757575757576
 0 2.636363636363637
 0 2.696969696969697
 0 2.757575757575758
 0 2.818181818181818
 0 2.878787878787879
 0 2.939393939393939
 0 3


