# Created by Octave 3.8.2, Mon Jun 22 07:35:06 2020 CEST <damian@fptrucha.inv.usc.es>
# name: hd
# type: matrix
# rows: 100
# columns: 2
 0 -3
 0 -2.939393939393939
 0 -2.878787878787879
 0 -2.818181818181818
 0 -2.757575757575758
 0 -2.696969696969697
 0 -2.636363636363636
 0 -2.575757575757576
 1 -2.515151515151515
 8 -2.454545454545455
 1 -2.393939393939394
 1 -2.333333333333333
 2 -2.272727272727272
 0 -2.212121212121212
 0 -2.151515151515151
 0 -2.090909090909091
 6 -2.03030303030303
 35 -1.96969696969697
 34 -1.909090909090909
 0 -1.848484848484848
 3 -1.787878787878788
 0 -1.727272727272727
 2 -1.666666666666667
 84 -1.606060606060606
 40 -1.545454545454545
 119 -1.484848484848485
 36 -1.424242424242424
 119 -1.363636363636364
 23 -1.303030303030303
 12 -1.242424242424242
 514 -1.181818181818182
 13 -1.121212121212121
 480 -1.060606060606061
 11 -1
 501 -0.9393939393939394
 16 -0.8787878787878789
 498 -0.8181818181818183
 819 -0.7575757575757573
 590 -0.6969696969696968
 884 -0.6363636363636362
 650 -0.5757575757575757
 833 -0.5151515151515151
 595 -0.4545454545454546
 819 -0.393939393939394
 3880 -0.333333333333333
 560 -0.2727272727272725
 2501 -0.2121212121212119
 10 -0.1515151515151514
 2573 -0.09090909090909083
 18 -0.03030303030303028
 2441 0.03030303030303028
 16 0.09090909090909083
 2144 0.1515151515151514
 1583 0.2121212121212124
 2152 0.2727272727272729
 1477 0.3333333333333335
 627 0.393939393939394
 869 0.4545454545454546
 688 0.5151515151515151
 824 0.5757575757575757
 677 0.6363636363636367
 844 0.6969696969696972
 520 0.7575757575757578
 21 0.8181818181818183
 552 0.8787878787878789
 15 0.9393939393939394
 542 1
 13 1.060606060606061
 485 1.121212121212121
 20 1.181818181818182
 26 1.242424242424242
 124 1.303030303030303
 38 1.363636363636363
 112 1.424242424242425
 41 1.484848484848485
 109 1.545454545454546
 3 1.606060606060606
 0 1.666666666666667
 0 1.727272727272728
 36 1.787878787878788
 4 1.848484848484849
 33 1.909090909090909
 2 1.96969696969697
 1 2.03030303030303
 0 2.090909090909091
 0 2.151515151515151
 3 2.212121212121212
 0 2.272727272727272
 2 2.333333333333334
 14 2.393939393939394
 0 2.454545454545455
 0 2.515151515151516
 0 2.575757575757576
 0 2.636363636363637
 0 2.696969696969697
 0 2.757575757575758
 0 2.818181818181818
 0 2.878787878787879
 0 2.939393939393939
 0 3


