# Created by Octave 3.8.2, Mon Jun 22 14:50:09 2020 CEST <damian@fptrucha.inv.usc.es>
# name: hd
# type: matrix
# rows: 100
# columns: 2
 0 -3
 0 -2.939393939393939
 0 -2.878787878787879
 0 -2.818181818181818
 0 -2.757575757575758
 0 -2.696969696969697
 0 -2.636363636363636
 0 -2.575757575757576
 0 -2.515151515151515
 8 -2.454545454545455
 1 -2.393939393939394
 0 -2.333333333333333
 3 -2.272727272727272
 0 -2.212121212121212
 0 -2.151515151515151
 1 -2.090909090909091
 3 -2.03030303030303
 34 -1.96969696969697
 37 -1.909090909090909
 1 -1.848484848484848
 2 -1.787878787878788
 0 -1.727272727272727
 2 -1.666666666666667
 79 -1.606060606060606
 24 -1.545454545454545
 128 -1.484848484848485
 29 -1.424242424242424
 118 -1.363636363636364
 20 -1.303030303030303
 14 -1.242424242424242
 539 -1.181818181818182
 8 -1.121212121212121
 576 -1.060606060606061
 20 -1
 540 -0.9393939393939394
 14 -0.8787878787878789
 513 -0.8181818181818183
 858 -0.7575757575757573
 657 -0.6969696969696968
 987 -0.6363636363636362
 635 -0.5757575757575757
 898 -0.5151515151515151
 588 -0.4545454545454546
 898 -0.393939393939394
 4190 -0.333333333333333
 608 -0.2727272727272725
 2597 -0.2121212121212119
 20 -0.1515151515151514
 2687 -0.09090909090909083
 19 -0.03030303030303028
 2644 0.03030303030303028
 25 0.09090909090909083
 2360 0.1515151515151514
 1560 0.2121212121212124
 2370 0.2727272727272729
 1653 0.3333333333333335
 674 0.393939393939394
 927 0.4545454545454546
 696 0.5151515151515151
 827 0.5757575757575757
 651 0.6363636363636367
 883 0.6969696969696972
 535 0.7575757575757578
 11 0.8181818181818183
 548 0.8787878787878789
 10 0.9393939393939394
 567 1
 12 1.060606060606061
 516 1.121212121212121
 12 1.181818181818182
 25 1.242424242424242
 119 1.303030303030303
 28 1.363636363636363
 131 1.424242424242425
 38 1.484848484848485
 100 1.545454545454546
 3 1.606060606060606
 0 1.666666666666667
 1 1.727272727272728
 46 1.787878787878788
 5 1.848484848484849
 33 1.909090909090909
 4 1.96969696969697
 6 2.03030303030303
 0 2.090909090909091
 0 2.151515151515151
 2 2.212121212121212
 0 2.272727272727272
 0 2.333333333333334
 9 2.393939393939394
 0 2.454545454545455
 2 2.515151515151516
 0 2.575757575757576
 0 2.636363636363637
 0 2.696969696969697
 0 2.757575757575758
 0 2.818181818181818
 0 2.878787878787879
 0 2.939393939393939
 0 3


