# Created by Octave 3.8.2, Mon Jun 22 05:14:05 2020 CEST <damian@fptrucha.inv.usc.es>
# name: hd
# type: matrix
# rows: 100
# columns: 2
 0 -3
 0 -2.939393939393939
 0 -2.878787878787879
 0 -2.818181818181818
 0 -2.757575757575758
 0 -2.696969696969697
 0 -2.636363636363636
 1 -2.575757575757576
 1 -2.515151515151515
 11 -2.454545454545455
 0 -2.393939393939394
 0 -2.333333333333333
 2 -2.272727272727272
 0 -2.212121212121212
 0 -2.151515151515151
 0 -2.090909090909091
 3 -2.03030303030303
 40 -1.96969696969697
 32 -1.909090909090909
 2 -1.848484848484848
 1 -1.787878787878788
 0 -1.727272727272727
 1 -1.666666666666667
 104 -1.606060606060606
 30 -1.545454545454545
 111 -1.484848484848485
 30 -1.424242424242424
 104 -1.363636363636364
 26 -1.303030303030303
 14 -1.242424242424242
 519 -1.181818181818182
 15 -1.121212121212121
 533 -1.060606060606061
 16 -1
 506 -0.9393939393939394
 19 -0.8787878787878789
 489 -0.8181818181818183
 906 -0.7575757575757573
 641 -0.6969696969696968
 930 -0.6363636363636362
 554 -0.5757575757575757
 843 -0.5151515151515151
 519 -0.4545454545454546
 861 -0.393939393939394
 3758 -0.333333333333333
 527 -0.2727272727272725
 2427 -0.2121212121212119
 16 -0.1515151515151514
 2483 -0.09090909090909083
 21 -0.03030303030303028
 2351 0.03030303030303028
 21 0.09090909090909083
 2184 0.1515151515151514
 1520 0.2121212121212124
 2114 0.2727272727272729
 1409 0.3333333333333335
 627 0.393939393939394
 879 0.4545454545454546
 613 0.5151515151515151
 745 0.5757575757575757
 552 0.6363636363636367
 780 0.6969696969696972
 495 0.7575757575757578
 12 0.8181818181818183
 529 0.8787878787878789
 18 0.9393939393939394
 532 1
 20 1.060606060606061
 481 1.121212121212121
 5 1.181818181818182
 23 1.242424242424242
 93 1.303030303030303
 30 1.363636363636363
 98 1.424242424242425
 26 1.484848484848485
 85 1.545454545454546
 3 1.606060606060606
 0 1.666666666666667
 4 1.727272727272728
 37 1.787878787878788
 7 1.848484848484849
 30 1.909090909090909
 3 1.96969696969697
 1 2.03030303030303
 0 2.090909090909091
 0 2.151515151515151
 0 2.212121212121212
 1 2.272727272727272
 0 2.333333333333334
 11 2.393939393939394
 0 2.454545454545455
 0 2.515151515151516
 0 2.575757575757576
 0 2.636363636363637
 0 2.696969696969697
 0 2.757575757575758
 0 2.818181818181818
 0 2.878787878787879
 0 2.939393939393939
 0 3


