# Created by Octave 3.8.2, Mon Jun 22 05:50:28 2020 CEST <damian@fptrucha.inv.usc.es>
# name: hd
# type: matrix
# rows: 100
# columns: 2
 0 -3
 0 -2.939393939393939
 0 -2.878787878787879
 0 -2.818181818181818
 0 -2.757575757575758
 0 -2.696969696969697
 0 -2.636363636363636
 3 -2.575757575757576
 0 -2.515151515151515
 8 -2.454545454545455
 1 -2.393939393939394
 1 -2.333333333333333
 2 -2.272727272727272
 0 -2.212121212121212
 0 -2.151515151515151
 2 -2.090909090909091
 1 -2.03030303030303
 42 -1.96969696969697
 39 -1.909090909090909
 3 -1.848484848484848
 3 -1.787878787878788
 0 -1.727272727272727
 2 -1.666666666666667
 117 -1.606060606060606
 37 -1.545454545454545
 95 -1.484848484848485
 26 -1.424242424242424
 112 -1.363636363636364
 26 -1.303030303030303
 20 -1.242424242424242
 511 -1.181818181818182
 15 -1.121212121212121
 514 -1.060606060606061
 19 -1
 565 -0.9393939393939394
 16 -0.8787878787878789
 484 -0.8181818181818183
 832 -0.7575757575757573
 576 -0.6969696969696968
 843 -0.6363636363636362
 595 -0.5757575757575757
 797 -0.5151515151515151
 590 -0.4545454545454546
 873 -0.393939393939394
 3838 -0.333333333333333
 539 -0.2727272727272725
 2396 -0.2121212121212119
 15 -0.1515151515151514
 2501 -0.09090909090909083
 13 -0.03030303030303028
 2398 0.03030303030303028
 22 0.09090909090909083
 2244 0.1515151515151514
 1368 0.2121212121212124
 2181 0.2727272727272729
 1419 0.3333333333333335
 605 0.393939393939394
 840 0.4545454545454546
 629 0.5151515151515151
 754 0.5757575757575757
 625 0.6363636363636367
 752 0.6969696969696972
 456 0.7575757575757578
 13 0.8181818181818183
 511 0.8787878787878789
 18 0.9393939393939394
 522 1
 16 1.060606060606061
 527 1.121212121212121
 12 1.181818181818182
 25 1.242424242424242
 121 1.303030303030303
 29 1.363636363636363
 88 1.424242424242425
 37 1.484848484848485
 89 1.545454545454546
 7 1.606060606060606
 0 1.666666666666667
 1 1.727272727272728
 51 1.787878787878788
 4 1.848484848484849
 30 1.909090909090909
 6 1.96969696969697
 4 2.03030303030303
 0 2.090909090909091
 0 2.151515151515151
 1 2.212121212121212
 1 2.272727272727272
 2 2.333333333333334
 7 2.393939393939394
 0 2.454545454545455
 1 2.515151515151516
 0 2.575757575757576
 0 2.636363636363637
 0 2.696969696969697
 0 2.757575757575758
 0 2.818181818181818
 0 2.878787878787879
 0 2.939393939393939
 0 3


