# Created by Octave 3.8.2, Mon Jun 22 08:35:36 2020 CEST <damian@fptrucha.inv.usc.es>
# name: hd
# type: matrix
# rows: 100
# columns: 2
 0 -3
 0 -2.939393939393939
 0 -2.878787878787879
 0 -2.818181818181818
 0 -2.757575757575758
 0 -2.696969696969697
 0 -2.636363636363636
 2 -2.575757575757576
 0 -2.515151515151515
 5 -2.454545454545455
 2 -2.393939393939394
 1 -2.333333333333333
 0 -2.272727272727272
 0 -2.212121212121212
 0 -2.151515151515151
 1 -2.090909090909091
 2 -2.03030303030303
 29 -1.96969696969697
 32 -1.909090909090909
 5 -1.848484848484848
 2 -1.787878787878788
 0 -1.727272727272727
 2 -1.666666666666667
 96 -1.606060606060606
 28 -1.545454545454545
 118 -1.484848484848485
 33 -1.424242424242424
 113 -1.363636363636364
 21 -1.303030303030303
 10 -1.242424242424242
 541 -1.181818181818182
 12 -1.121212121212121
 486 -1.060606060606061
 16 -1
 473 -0.9393939393939394
 17 -0.8787878787878789
 520 -0.8181818181818183
 848 -0.7575757575757573
 665 -0.6969696969696968
 954 -0.6363636363636362
 614 -0.5757575757575757
 928 -0.5151515151515151
 679 -0.4545454545454546
 897 -0.393939393939394
 3916 -0.333333333333333
 615 -0.2727272727272725
 2541 -0.2121212121212119
 9 -0.1515151515151514
 2626 -0.09090909090909083
 14 -0.03030303030303028
 2482 0.03030303030303028
 22 0.09090909090909083
 2211 0.1515151515151514
 1490 0.2121212121212124
 2247 0.2727272727272729
 1519 0.3333333333333335
 640 0.393939393939394
 839 0.4545454545454546
 658 0.5151515151515151
 798 0.5757575757575757
 635 0.6363636363636367
 849 0.6969696969696972
 562 0.7575757575757578
 20 0.8181818181818183
 528 0.8787878787878789
 17 0.9393939393939394
 531 1
 21 1.060606060606061
 518 1.121212121212121
 16 1.181818181818182
 30 1.242424242424242
 125 1.303030303030303
 26 1.363636363636363
 110 1.424242424242425
 29 1.484848484848485
 95 1.545454545454546
 3 1.606060606060606
 0 1.666666666666667
 2 1.727272727272728
 24 1.787878787878788
 3 1.848484848484849
 36 1.909090909090909
 1 1.96969696969697
 2 2.03030303030303
 0 2.090909090909091
 0 2.151515151515151
 0 2.212121212121212
 0 2.272727272727272
 1 2.333333333333334
 13 2.393939393939394
 1 2.454545454545455
 1 2.515151515151516
 0 2.575757575757576
 0 2.636363636363637
 0 2.696969696969697
 0 2.757575757575758
 0 2.818181818181818
 0 2.878787878787879
 0 2.939393939393939
 0 3


