# Created by Octave 3.8.2, Mon Jun 22 13:02:56 2020 CEST <damian@fptrucha.inv.usc.es>
# name: hd
# type: matrix
# rows: 100
# columns: 2
 0 -3
 0 -2.939393939393939
 0 -2.878787878787879
 0 -2.818181818181818
 0 -2.757575757575758
 0 -2.696969696969697
 0 -2.636363636363636
 2 -2.575757575757576
 0 -2.515151515151515
 16 -2.454545454545455
 2 -2.393939393939394
 0 -2.333333333333333
 1 -2.272727272727272
 0 -2.212121212121212
 0 -2.151515151515151
 3 -2.090909090909091
 13 -2.03030303030303
 33 -1.96969696969697
 37 -1.909090909090909
 3 -1.848484848484848
 1 -1.787878787878788
 0 -1.727272727272727
 0 -1.666666666666667
 106 -1.606060606060606
 39 -1.545454545454545
 102 -1.484848484848485
 25 -1.424242424242424
 118 -1.363636363636364
 31 -1.303030303030303
 13 -1.242424242424242
 547 -1.181818181818182
 21 -1.121212121212121
 571 -1.060606060606061
 11 -1
 500 -0.9393939393939394
 19 -0.8787878787878789
 519 -0.8181818181818183
 889 -0.7575757575757573
 635 -0.6969696969696968
 968 -0.6363636363636362
 657 -0.5757575757575757
 883 -0.5151515151515151
 651 -0.4545454545454546
 939 -0.393939393939394
 4186 -0.333333333333333
 596 -0.2727272727272725
 2653 -0.2121212121212119
 17 -0.1515151515151514
 2753 -0.09090909090909083
 17 -0.03030303030303028
 2560 0.03030303030303028
 19 0.09090909090909083
 2260 0.1515151515151514
 1600 0.2121212121212124
 2378 0.2727272727272729
 1570 0.3333333333333335
 635 0.393939393939394
 919 0.4545454545454546
 659 0.5151515151515151
 847 0.5757575757575757
 659 0.6363636363636367
 858 0.6969696969696972
 589 0.7575757575757578
 13 0.8181818181818183
 571 0.8787878787878789
 15 0.9393939393939394
 550 1
 14 1.060606060606061
 555 1.121212121212121
 14 1.181818181818182
 29 1.242424242424242
 97 1.303030303030303
 31 1.363636363636363
 110 1.424242424242425
 29 1.484848484848485
 102 1.545454545454546
 5 1.606060606060606
 0 1.666666666666667
 2 1.727272727272728
 40 1.787878787878788
 4 1.848484848484849
 23 1.909090909090909
 5 1.96969696969697
 0 2.03030303030303
 0 2.090909090909091
 0 2.151515151515151
 1 2.212121212121212
 1 2.272727272727272
 1 2.333333333333334
 3 2.393939393939394
 0 2.454545454545455
 3 2.515151515151516
 0 2.575757575757576
 0 2.636363636363637
 0 2.696969696969697
 0 2.757575757575758
 0 2.818181818181818
 0 2.878787878787879
 0 2.939393939393939
 0 3


