# Created by Octave 3.8.2, Mon Jun 22 12:28:06 2020 CEST <damian@fptrucha.inv.usc.es>
# name: hd
# type: matrix
# rows: 100
# columns: 2
 0 -3
 0 -2.939393939393939
 0 -2.878787878787879
 0 -2.818181818181818
 0 -2.757575757575758
 0 -2.696969696969697
 0 -2.636363636363636
 0 -2.575757575757576
 0 -2.515151515151515
 8 -2.454545454545455
 0 -2.393939393939394
 0 -2.333333333333333
 0 -2.272727272727272
 0 -2.212121212121212
 0 -2.151515151515151
 0 -2.090909090909091
 2 -2.03030303030303
 21 -1.96969696969697
 16 -1.909090909090909
 2 -1.848484848484848
 0 -1.787878787878788
 0 -1.727272727272727
 1 -1.666666666666667
 81 -1.606060606060606
 11 -1.545454545454545
 74 -1.484848484848485
 19 -1.424242424242424
 51 -1.363636363636364
 13 -1.303030303030303
 8 -1.242424242424242
 374 -1.181818181818182
 11 -1.121212121212121
 359 -1.060606060606061
 21 -1
 322 -0.9393939393939394
 15 -0.8787878787878789
 341 -0.8181818181818183
 606 -0.7575757575757573
 425 -0.6969696969696968
 656 -0.6363636363636362
 395 -0.5757575757575757
 562 -0.5151515151515151
 417 -0.4545454545454546
 607 -0.393939393939394
 2659 -0.333333333333333
 395 -0.2727272727272725
 1762 -0.2121212121212119
 9 -0.1515151515151514
 1806 -0.09090909090909083
 10 -0.03030303030303028
 1653 0.03030303030303028
 11 0.09090909090909083
 1524 0.1515151515151514
 1098 0.2121212121212124
 1603 0.2727272727272729
 1071 0.3333333333333335
 432 0.393939393939394
 597 0.4545454545454546
 434 0.5151515151515151
 560 0.5757575757575757
 453 0.6363636363636367
 550 0.6969696969696972
 386 0.7575757575757578
 5 0.8181818181818183
 376 0.8787878787878789
 10 0.9393939393939394
 359 1
 14 1.060606060606061
 361 1.121212121212121
 14 1.181818181818182
 25 1.242424242424242
 69 1.303030303030303
 24 1.363636363636363
 65 1.424242424242425
 27 1.484848484848485
 71 1.545454545454546
 2 1.606060606060606
 0 1.666666666666667
 1 1.727272727272728
 24 1.787878787878788
 3 1.848484848484849
 16 1.909090909090909
 1 1.96969696969697
 1 2.03030303030303
 0 2.090909090909091
 0 2.151515151515151
 1 2.212121212121212
 0 2.272727272727272
 0 2.333333333333334
 7 2.393939393939394
 1 2.454545454545455
 1 2.515151515151516
 0 2.575757575757576
 0 2.636363636363637
 0 2.696969696969697
 0 2.757575757575758
 0 2.818181818181818
 0 2.878787878787879
 0 2.939393939393939
 0 3


