# Created by Octave 3.8.2, Sat Jun 20 09:01:47 2020 CEST <damian@fptrucha.inv.usc.es>
# name: hd
# type: matrix
# rows: 100
# columns: 2
 0 -3
 0 -2.939393939393939
 0 -2.878787878787879
 0 -2.818181818181818
 0 -2.757575757575758
 0 -2.696969696969697
 0 -2.636363636363636
 0 -2.575757575757576
 1 -2.515151515151515
 8 -2.454545454545455
 0 -2.393939393939394
 1 -2.333333333333333
 0 -2.272727272727272
 0 -2.212121212121212
 0 -2.151515151515151
 1 -2.090909090909091
 0 -2.03030303030303
 31 -1.96969696969697
 28 -1.909090909090909
 1 -1.848484848484848
 0 -1.787878787878788
 0 -1.727272727272727
 2 -1.666666666666667
 134 -1.606060606060606
 25 -1.545454545454545
 117 -1.484848484848485
 24 -1.424242424242424
 86 -1.363636363636364
 21 -1.303030303030303
 16 -1.242424242424242
 623 -1.181818181818182
 10 -1.121212121212121
 612 -1.060606060606061
 12 -1
 539 -0.9393939393939394
 17 -0.8787878787878789
 526 -0.8181818181818183
 1155 -0.7575757575757573
 761 -0.6969696969696968
 1151 -0.6363636363636362
 714 -0.5757575757575757
 1114 -0.5151515151515151
 659 -0.4545454545454546
 989 -0.393939393939394
 4750 -0.333333333333333
 676 -0.2727272727272725
 3205 -0.2121212121212119
 9 -0.1515151515151514
 3038 -0.09090909090909083
 9 -0.03030303030303028
 2902 0.03030303030303028
 12 0.09090909090909083
 2549 0.1515151515151514
 2025 0.2121212121212124
 2493 0.2727272727272729
 1863 0.3333333333333335
 727 0.393939393939394
 1066 0.4545454545454546
 717 0.5151515151515151
 964 0.5757575757575757
 680 0.6363636363636367
 878 0.6969696969696972
 658 0.7575757575757578
 17 0.8181818181818183
 628 0.8787878787878789
 11 0.9393939393939394
 641 1
 12 1.060606060606061
 571 1.121212121212121
 17 1.181818181818182
 24 1.242424242424242
 118 1.303030303030303
 26 1.363636363636363
 127 1.424242424242425
 29 1.484848484848485
 113 1.545454545454546
 3 1.606060606060606
 0 1.666666666666667
 2 1.727272727272728
 42 1.787878787878788
 2 1.848484848484849
 39 1.909090909090909
 6 1.96969696969697
 0 2.03030303030303
 0 2.090909090909091
 0 2.151515151515151
 0 2.212121212121212
 1 2.272727272727272
 0 2.333333333333334
 6 2.393939393939394
 0 2.454545454545455
 1 2.515151515151516
 0 2.575757575757576
 0 2.636363636363637
 0 2.696969696969697
 0 2.757575757575758
 0 2.818181818181818
 0 2.878787878787879
 0 2.939393939393939
 0 3


