# Created by Octave 3.8.2, Sat Jun 20 19:53:47 2020 CEST <damian@fptrucha.inv.usc.es>
# name: hd
# type: matrix
# rows: 100
# columns: 2
 0 -3
 0 -2.939393939393939
 0 -2.878787878787879
 0 -2.818181818181818
 0 -2.757575757575758
 0 -2.696969696969697
 0 -2.636363636363636
 0 -2.575757575757576
 0 -2.515151515151515
 8 -2.454545454545455
 0 -2.393939393939394
 0 -2.333333333333333
 2 -2.272727272727272
 0 -2.212121212121212
 0 -2.151515151515151
 0 -2.090909090909091
 4 -2.03030303030303
 27 -1.96969696969697
 28 -1.909090909090909
 0 -1.848484848484848
 0 -1.787878787878788
 0 -1.727272727272727
 3 -1.666666666666667
 93 -1.606060606060606
 20 -1.545454545454545
 107 -1.484848484848485
 14 -1.424242424242424
 87 -1.363636363636364
 17 -1.303030303030303
 8 -1.242424242424242
 553 -1.181818181818182
 12 -1.121212121212121
 464 -1.060606060606061
 7 -1
 470 -0.9393939393939394
 18 -0.8787878787878789
 432 -0.8181818181818183
 965 -0.7575757575757573
 662 -0.6969696969696968
 1008 -0.6363636363636362
 639 -0.5757575757575757
 913 -0.5151515151515151
 599 -0.4545454545454546
 873 -0.393939393939394
 4078 -0.333333333333333
 536 -0.2727272727272725
 2769 -0.2121212121212119
 15 -0.1515151515151514
 2595 -0.09090909090909083
 9 -0.03030303030303028
 2554 0.03030303030303028
 14 0.09090909090909083
 2236 0.1515151515151514
 1714 0.2121212121212124
 2223 0.2727272727272729
 1607 0.3333333333333335
 605 0.393939393939394
 901 0.4545454545454546
 665 0.5151515151515151
 812 0.5757575757575757
 562 0.6363636363636367
 851 0.6969696969696972
 585 0.7575757575757578
 17 0.8181818181818183
 546 0.8787878787878789
 15 0.9393939393939394
 524 1
 11 1.060606060606061
 428 1.121212121212121
 7 1.181818181818182
 31 1.242424242424242
 117 1.303030303030303
 23 1.363636363636363
 100 1.424242424242425
 26 1.484848484848485
 88 1.545454545454546
 0 1.606060606060606
 0 1.666666666666667
 3 1.727272727272728
 27 1.787878787878788
 3 1.848484848484849
 19 1.909090909090909
 5 1.96969696969697
 2 2.03030303030303
 0 2.090909090909091
 0 2.151515151515151
 1 2.212121212121212
 1 2.272727272727272
 2 2.333333333333334
 5 2.393939393939394
 1 2.454545454545455
 0 2.515151515151516
 0 2.575757575757576
 0 2.636363636363637
 0 2.696969696969697
 0 2.757575757575758
 0 2.818181818181818
 0 2.878787878787879
 0 2.939393939393939
 0 3


