# Created by Octave 3.8.2, Mon Jun 22 00:47:08 2020 CEST <damian@fptrucha.inv.usc.es>
# name: hd
# type: matrix
# rows: 100
# columns: 2
 0 -3
 0 -2.939393939393939
 0 -2.878787878787879
 0 -2.818181818181818
 0 -2.757575757575758
 0 -2.696969696969697
 0 -2.636363636363636
 1 -2.575757575757576
 0 -2.515151515151515
 1 -2.454545454545455
 0 -2.393939393939394
 0 -2.333333333333333
 1 -2.272727272727272
 0 -2.212121212121212
 0 -2.151515151515151
 0 -2.090909090909091
 4 -2.03030303030303
 19 -1.96969696969697
 29 -1.909090909090909
 3 -1.848484848484848
 2 -1.787878787878788
 0 -1.727272727272727
 1 -1.666666666666667
 102 -1.606060606060606
 25 -1.545454545454545
 91 -1.484848484848485
 25 -1.424242424242424
 97 -1.363636363636364
 14 -1.303030303030303
 10 -1.242424242424242
 504 -1.181818181818182
 20 -1.121212121212121
 478 -1.060606060606061
 12 -1
 431 -0.9393939393939394
 21 -0.8787878787878789
 392 -0.8181818181818183
 961 -0.7575757575757573
 721 -0.6969696969696968
 991 -0.6363636363636362
 621 -0.5757575757575757
 841 -0.5151515151515151
 534 -0.4545454545454546
 837 -0.393939393939394
 4213 -0.333333333333333
 511 -0.2727272727272725
 2879 -0.2121212121212119
 5 -0.1515151515151514
 2635 -0.09090909090909083
 8 -0.03030303030303028
 2475 0.03030303030303028
 16 0.09090909090909083
 2161 0.1515151515151514
 1699 0.2121212121212124
 2255 0.2727272727272729
 1670 0.3333333333333335
 603 0.393939393939394
 948 0.4545454545454546
 665 0.5151515151515151
 767 0.5757575757575757
 576 0.6363636363636367
 780 0.6969696969696972
 570 0.7575757575757578
 7 0.8181818181818183
 545 0.8787878787878789
 10 0.9393939393939394
 503 1
 10 1.060606060606061
 472 1.121212121212121
 9 1.181818181818182
 28 1.242424242424242
 110 1.303030303030303
 22 1.363636363636363
 96 1.424242424242425
 21 1.484848484848485
 73 1.545454545454546
 1 1.606060606060606
 0 1.666666666666667
 1 1.727272727272728
 30 1.787878787878788
 4 1.848484848484849
 22 1.909090909090909
 3 1.96969696969697
 0 2.03030303030303
 0 2.090909090909091
 0 2.151515151515151
 2 2.212121212121212
 0 2.272727272727272
 0 2.333333333333334
 6 2.393939393939394
 0 2.454545454545455
 2 2.515151515151516
 0 2.575757575757576
 0 2.636363636363637
 0 2.696969696969697
 0 2.757575757575758
 0 2.818181818181818
 0 2.878787878787879
 0 2.939393939393939
 0 3


