# Created by Octave 3.8.2, Mon Jun 22 19:43:52 2020 CEST <damian@fptrucha.inv.usc.es>
# name: hd
# type: matrix
# rows: 100
# columns: 2
 0 -3
 0 -2.939393939393939
 0 -2.878787878787879
 0 -2.818181818181818
 0 -2.757575757575758
 0 -2.696969696969697
 0 -2.636363636363636
 1 -2.575757575757576
 0 -2.515151515151515
 9 -2.454545454545455
 2 -2.393939393939394
 0 -2.333333333333333
 2 -2.272727272727272
 0 -2.212121212121212
 0 -2.151515151515151
 1 -2.090909090909091
 4 -2.03030303030303
 36 -1.96969696969697
 37 -1.909090909090909
 2 -1.848484848484848
 2 -1.787878787878788
 0 -1.727272727272727
 2 -1.666666666666667
 116 -1.606060606060606
 31 -1.545454545454545
 122 -1.484848484848485
 30 -1.424242424242424
 122 -1.363636363636364
 32 -1.303030303030303
 11 -1.242424242424242
 581 -1.181818181818182
 12 -1.121212121212121
 565 -1.060606060606061
 13 -1
 600 -0.9393939393939394
 24 -0.8787878787878789
 560 -0.8181818181818183
 989 -0.7575757575757573
 710 -0.6969696969696968
 1113 -0.6363636363636362
 733 -0.5757575757575757
 906 -0.5151515151515151
 601 -0.4545454545454546
 977 -0.393939393939394
 4382 -0.333333333333333
 619 -0.2727272727272725
 2800 -0.2121212121212119
 9 -0.1515151515151514
 2874 -0.09090909090909083
 15 -0.03030303030303028
 2494 0.03030303030303028
 15 0.09090909090909083
 2336 0.1515151515151514
 1611 0.2121212121212124
 2460 0.2727272727272729
 1601 0.3333333333333335
 653 0.393939393939394
 953 0.4545454545454546
 680 0.5151515151515151
 781 0.5757575757575757
 654 0.6363636363636367
 882 0.6969696969696972
 559 0.7575757575757578
 16 0.8181818181818183
 573 0.8787878787878789
 21 0.9393939393939394
 514 1
 13 1.060606060606061
 523 1.121212121212121
 15 1.181818181818182
 43 1.242424242424242
 93 1.303030303030303
 27 1.363636363636363
 102 1.424242424242425
 20 1.484848484848485
 101 1.545454545454546
 1 1.606060606060606
 0 1.666666666666667
 3 1.727272727272728
 39 1.787878787878788
 3 1.848484848484849
 39 1.909090909090909
 6 1.96969696969697
 1 2.03030303030303
 0 2.090909090909091
 0 2.151515151515151
 5 2.212121212121212
 0 2.272727272727272
 1 2.333333333333334
 6 2.393939393939394
 0 2.454545454545455
 3 2.515151515151516
 0 2.575757575757576
 0 2.636363636363637
 0 2.696969696969697
 0 2.757575757575758
 0 2.818181818181818
 0 2.878787878787879
 0 2.939393939393939
 0 3


