# Created by Octave 3.8.2, Sun Jun 21 03:46:17 2020 CEST <damian@fptrucha.inv.usc.es>
# name: hd
# type: matrix
# rows: 100
# columns: 2
 0 -3
 0 -2.939393939393939
 0 -2.878787878787879
 0 -2.818181818181818
 0 -2.757575757575758
 0 -2.696969696969697
 0 -2.636363636363636
 2 -2.575757575757576
 1 -2.515151515151515
 7 -2.454545454545455
 1 -2.393939393939394
 0 -2.333333333333333
 2 -2.272727272727272
 0 -2.212121212121212
 0 -2.151515151515151
 1 -2.090909090909091
 4 -2.03030303030303
 31 -1.96969696969697
 27 -1.909090909090909
 1 -1.848484848484848
 2 -1.787878787878788
 0 -1.727272727272727
 1 -1.666666666666667
 118 -1.606060606060606
 29 -1.545454545454545
 84 -1.484848484848485
 17 -1.424242424242424
 81 -1.363636363636364
 27 -1.303030303030303
 8 -1.242424242424242
 528 -1.181818181818182
 11 -1.121212121212121
 513 -1.060606060606061
 11 -1
 460 -0.9393939393939394
 13 -0.8787878787878789
 420 -0.8181818181818183
 1008 -0.7575757575757573
 658 -0.6969696969696968
 1044 -0.6363636363636362
 670 -0.5757575757575757
 902 -0.5151515151515151
 558 -0.4545454545454546
 765 -0.393939393939394
 4125 -0.333333333333333
 536 -0.2727272727272725
 2891 -0.2121212121212119
 9 -0.1515151515151514
 2574 -0.09090909090909083
 13 -0.03030303030303028
 2480 0.03030303030303028
 11 0.09090909090909083
 2150 0.1515151515151514
 1741 0.2121212121212124
 2208 0.2727272727272729
 1600 0.3333333333333335
 606 0.393939393939394
 906 0.4545454545454546
 647 0.5151515151515151
 767 0.5757575757575757
 587 0.6363636363636367
 792 0.6969696969696972
 556 0.7575757575757578
 14 0.8181818181818183
 533 0.8787878787878789
 8 0.9393939393939394
 512 1
 11 1.060606060606061
 487 1.121212121212121
 5 1.181818181818182
 31 1.242424242424242
 84 1.303030303030303
 27 1.363636363636363
 103 1.424242424242425
 26 1.484848484848485
 88 1.545454545454546
 2 1.606060606060606
 0 1.666666666666667
 2 1.727272727272728
 25 1.787878787878788
 4 1.848484848484849
 24 1.909090909090909
 3 1.96969696969697
 0 2.03030303030303
 0 2.090909090909091
 0 2.151515151515151
 2 2.212121212121212
 1 2.272727272727272
 1 2.333333333333334
 9 2.393939393939394
 0 2.454545454545455
 1 2.515151515151516
 0 2.575757575757576
 0 2.636363636363637
 0 2.696969696969697
 0 2.757575757575758
 0 2.818181818181818
 0 2.878787878787879
 0 2.939393939393939
 0 3


