# Created by Octave 3.8.2, Mon Jun 22 13:33:14 2020 CEST <damian@fptrucha.inv.usc.es>
# name: hd
# type: matrix
# rows: 100
# columns: 2
 0 -3
 0 -2.939393939393939
 0 -2.878787878787879
 0 -2.818181818181818
 0 -2.757575757575758
 0 -2.696969696969697
 0 -2.636363636363636
 1 -2.575757575757576
 0 -2.515151515151515
 7 -2.454545454545455
 0 -2.393939393939394
 0 -2.333333333333333
 1 -2.272727272727272
 0 -2.212121212121212
 0 -2.151515151515151
 2 -2.090909090909091
 5 -2.03030303030303
 40 -1.96969696969697
 36 -1.909090909090909
 4 -1.848484848484848
 1 -1.787878787878788
 0 -1.727272727272727
 1 -1.666666666666667
 102 -1.606060606060606
 24 -1.545454545454545
 109 -1.484848484848485
 25 -1.424242424242424
 102 -1.363636363636364
 25 -1.303030303030303
 9 -1.242424242424242
 570 -1.181818181818182
 14 -1.121212121212121
 552 -1.060606060606061
 13 -1
 513 -0.9393939393939394
 11 -0.8787878787878789
 509 -0.8181818181818183
 915 -0.7575757575757573
 632 -0.6969696969696968
 1067 -0.6363636363636362
 667 -0.5757575757575757
 892 -0.5151515151515151
 578 -0.4545454545454546
 914 -0.393939393939394
 4253 -0.333333333333333
 583 -0.2727272727272725
 2631 -0.2121212121212119
 15 -0.1515151515151514
 2644 -0.09090909090909083
 22 -0.03030303030303028
 2504 0.03030303030303028
 22 0.09090909090909083
 2297 0.1515151515151514
 1604 0.2121212121212124
 2378 0.2727272727272729
 1619 0.3333333333333335
 709 0.393939393939394
 951 0.4545454545454546
 714 0.5151515151515151
 829 0.5757575757575757
 600 0.6363636363636367
 847 0.6969696969696972
 585 0.7575757575757578
 15 0.8181818181818183
 624 0.8787878787878789
 16 0.9393939393939394
 553 1
 13 1.060606060606061
 534 1.121212121212121
 24 1.181818181818182
 30 1.242424242424242
 111 1.303030303030303
 28 1.363636363636363
 106 1.424242424242425
 32 1.484848484848485
 113 1.545454545454546
 3 1.606060606060606
 0 1.666666666666667
 2 1.727272727272728
 46 1.787878787878788
 2 1.848484848484849
 32 1.909090909090909
 6 1.96969696969697
 3 2.03030303030303
 0 2.090909090909091
 0 2.151515151515151
 0 2.212121212121212
 0 2.272727272727272
 1 2.333333333333334
 11 2.393939393939394
 2 2.454545454545455
 0 2.515151515151516
 0 2.575757575757576
 0 2.636363636363637
 0 2.696969696969697
 0 2.757575757575758
 0 2.818181818181818
 0 2.878787878787879
 0 2.939393939393939
 0 3


