# Created by Octave 3.8.2, Sun Jun 21 04:27:27 2020 CEST <damian@fptrucha.inv.usc.es>
# name: hd
# type: matrix
# rows: 100
# columns: 2
 0 -3
 0 -2.939393939393939
 0 -2.878787878787879
 0 -2.818181818181818
 0 -2.757575757575758
 0 -2.696969696969697
 0 -2.636363636363636
 0 -2.575757575757576
 0 -2.515151515151515
 7 -2.454545454545455
 0 -2.393939393939394
 0 -2.333333333333333
 1 -2.272727272727272
 0 -2.212121212121212
 0 -2.151515151515151
 1 -2.090909090909091
 2 -2.03030303030303
 31 -1.96969696969697
 27 -1.909090909090909
 2 -1.848484848484848
 0 -1.787878787878788
 0 -1.727272727272727
 4 -1.666666666666667
 88 -1.606060606060606
 21 -1.545454545454545
 86 -1.484848484848485
 21 -1.424242424242424
 86 -1.363636363636364
 12 -1.303030303030303
 16 -1.242424242424242
 535 -1.181818181818182
 9 -1.121212121212121
 516 -1.060606060606061
 14 -1
 428 -0.9393939393939394
 5 -0.8787878787878789
 428 -0.8181818181818183
 927 -0.7575757575757573
 630 -0.6969696969696968
 1041 -0.6363636363636362
 598 -0.5757575757575757
 866 -0.5151515151515151
 522 -0.4545454545454546
 768 -0.393939393939394
 3972 -0.333333333333333
 526 -0.2727272727272725
 2851 -0.2121212121212119
 7 -0.1515151515151514
 2600 -0.09090909090909083
 10 -0.03030303030303028
 2488 0.03030303030303028
 15 0.09090909090909083
 2187 0.1515151515151514
 1654 0.2121212121212124
 2153 0.2727272727272729
 1609 0.3333333333333335
 607 0.393939393939394
 841 0.4545454545454546
 597 0.5151515151515151
 829 0.5757575757575757
 559 0.6363636363636367
 815 0.6969696969696972
 583 0.7575757575757578
 9 0.8181818181818183
 572 0.8787878787878789
 8 0.9393939393939394
 464 1
 8 1.060606060606061
 460 1.121212121212121
 11 1.181818181818182
 22 1.242424242424242
 93 1.303030303030303
 22 1.363636363636363
 84 1.424242424242425
 23 1.484848484848485
 59 1.545454545454546
 0 1.606060606060606
 0 1.666666666666667
 0 1.727272727272728
 25 1.787878787878788
 2 1.848484848484849
 36 1.909090909090909
 6 1.96969696969697
 1 2.03030303030303
 0 2.090909090909091
 0 2.151515151515151
 1 2.212121212121212
 0 2.272727272727272
 0 2.333333333333334
 5 2.393939393939394
 0 2.454545454545455
 0 2.515151515151516
 0 2.575757575757576
 0 2.636363636363637
 0 2.696969696969697
 0 2.757575757575758
 0 2.818181818181818
 0 2.878787878787879
 0 2.939393939393939
 0 3


