# Created by Octave 3.8.2, Sat Jun 20 22:41:05 2020 CEST <damian@fptrucha.inv.usc.es>
# name: hd
# type: matrix
# rows: 100
# columns: 2
 0 -3
 0 -2.939393939393939
 0 -2.878787878787879
 0 -2.818181818181818
 0 -2.757575757575758
 0 -2.696969696969697
 0 -2.636363636363636
 0 -2.575757575757576
 0 -2.515151515151515
 4 -2.454545454545455
 1 -2.393939393939394
 0 -2.333333333333333
 1 -2.272727272727272
 0 -2.212121212121212
 0 -2.151515151515151
 1 -2.090909090909091
 1 -2.03030303030303
 20 -1.96969696969697
 27 -1.909090909090909
 0 -1.848484848484848
 1 -1.787878787878788
 0 -1.727272727272727
 1 -1.666666666666667
 92 -1.606060606060606
 15 -1.545454545454545
 71 -1.484848484848485
 18 -1.424242424242424
 94 -1.363636363636364
 17 -1.303030303030303
 12 -1.242424242424242
 506 -1.181818181818182
 13 -1.121212121212121
 482 -1.060606060606061
 13 -1
 456 -0.9393939393939394
 12 -0.8787878787878789
 457 -0.8181818181818183
 967 -0.7575757575757573
 631 -0.6969696969696968
 1002 -0.6363636363636362
 644 -0.5757575757575757
 791 -0.5151515151515151
 604 -0.4545454545454546
 809 -0.393939393939394
 4093 -0.333333333333333
 516 -0.2727272727272725
 2917 -0.2121212121212119
 7 -0.1515151515151514
 2700 -0.09090909090909083
 6 -0.03030303030303028
 2461 0.03030303030303028
 8 0.09090909090909083
 2156 0.1515151515151514
 1762 0.2121212121212124
 2167 0.2727272727272729
 1638 0.3333333333333335
 621 0.393939393939394
 949 0.4545454545454546
 665 0.5151515151515151
 788 0.5757575757575757
 550 0.6363636363636367
 827 0.6969696969696972
 618 0.7575757575757578
 17 0.8181818181818183
 532 0.8787878787878789
 11 0.9393939393939394
 517 1
 16 1.060606060606061
 513 1.121212121212121
 7 1.181818181818182
 20 1.242424242424242
 103 1.303030303030303
 31 1.363636363636363
 97 1.424242424242425
 25 1.484848484848485
 97 1.545454545454546
 1 1.606060606060606
 0 1.666666666666667
 0 1.727272727272728
 33 1.787878787878788
 5 1.848484848484849
 26 1.909090909090909
 1 1.96969696969697
 3 2.03030303030303
 0 2.090909090909091
 0 2.151515151515151
 1 2.212121212121212
 0 2.272727272727272
 0 2.333333333333334
 12 2.393939393939394
 0 2.454545454545455
 1 2.515151515151516
 0 2.575757575757576
 0 2.636363636363637
 0 2.696969696969697
 0 2.757575757575758
 0 2.818181818181818
 0 2.878787878787879
 0 2.939393939393939
 0 3


