# Created by Octave 3.8.2, Sun Jun 21 03:08:38 2020 CEST <damian@fptrucha.inv.usc.es>
# name: hd
# type: matrix
# rows: 100
# columns: 2
 0 -3
 0 -2.939393939393939
 0 -2.878787878787879
 0 -2.818181818181818
 0 -2.757575757575758
 0 -2.696969696969697
 0 -2.636363636363636
 0 -2.575757575757576
 0 -2.515151515151515
 2 -2.454545454545455
 0 -2.393939393939394
 0 -2.333333333333333
 2 -2.272727272727272
 0 -2.212121212121212
 0 -2.151515151515151
 2 -2.090909090909091
 1 -2.03030303030303
 22 -1.96969696969697
 26 -1.909090909090909
 1 -1.848484848484848
 1 -1.787878787878788
 0 -1.727272727272727
 2 -1.666666666666667
 114 -1.606060606060606
 21 -1.545454545454545
 82 -1.484848484848485
 20 -1.424242424242424
 67 -1.363636363636364
 30 -1.303030303030303
 14 -1.242424242424242
 490 -1.181818181818182
 12 -1.121212121212121
 466 -1.060606060606061
 8 -1
 445 -0.9393939393939394
 21 -0.8787878787878789
 450 -0.8181818181818183
 961 -0.7575757575757573
 624 -0.6969696969696968
 1020 -0.6363636363636362
 636 -0.5757575757575757
 848 -0.5151515151515151
 629 -0.4545454545454546
 835 -0.393939393939394
 4174 -0.333333333333333
 520 -0.2727272727272725
 2874 -0.2121212121212119
 8 -0.1515151515151514
 2615 -0.09090909090909083
 11 -0.03030303030303028
 2485 0.03030303030303028
 12 0.09090909090909083
 2121 0.1515151515151514
 1670 0.2121212121212124
 2141 0.2727272727272729
 1562 0.3333333333333335
 620 0.393939393939394
 830 0.4545454545454546
 599 0.5151515151515151
 716 0.5757575757575757
 602 0.6363636363636367
 779 0.6969696969696972
 509 0.7575757575757578
 13 0.8181818181818183
 514 0.8787878787878789
 7 0.9393939393939394
 517 1
 11 1.060606060606061
 488 1.121212121212121
 7 1.181818181818182
 31 1.242424242424242
 107 1.303030303030303
 25 1.363636363636363
 93 1.424242424242425
 19 1.484848484848485
 80 1.545454545454546
 1 1.606060606060606
 0 1.666666666666667
 3 1.727272727272728
 30 1.787878787878788
 0 1.848484848484849
 25 1.909090909090909
 4 1.96969696969697
 0 2.03030303030303
 0 2.090909090909091
 0 2.151515151515151
 3 2.212121212121212
 0 2.272727272727272
 0 2.333333333333334
 7 2.393939393939394
 0 2.454545454545455
 0 2.515151515151516
 0 2.575757575757576
 0 2.636363636363637
 0 2.696969696969697
 0 2.757575757575758
 0 2.818181818181818
 0 2.878787878787879
 0 2.939393939393939
 0 3


