# Created by Octave 3.8.2, Sat Jun 20 09:58:00 2020 CEST <damian@fptrucha.inv.usc.es>
# name: hd
# type: matrix
# rows: 100
# columns: 2
 0 -3
 0 -2.939393939393939
 0 -2.878787878787879
 0 -2.818181818181818
 0 -2.757575757575758
 0 -2.696969696969697
 0 -2.636363636363636
 1 -2.575757575757576
 1 -2.515151515151515
 5 -2.454545454545455
 1 -2.393939393939394
 0 -2.333333333333333
 0 -2.272727272727272
 0 -2.212121212121212
 0 -2.151515151515151
 2 -2.090909090909091
 4 -2.03030303030303
 25 -1.96969696969697
 21 -1.909090909090909
 2 -1.848484848484848
 0 -1.787878787878788
 0 -1.727272727272727
 1 -1.666666666666667
 96 -1.606060606060606
 22 -1.545454545454545
 114 -1.484848484848485
 22 -1.424242424242424
 92 -1.363636363636364
 15 -1.303030303030303
 16 -1.242424242424242
 601 -1.181818181818182
 15 -1.121212121212121
 576 -1.060606060606061
 17 -1
 523 -0.9393939393939394
 12 -0.8787878787878789
 512 -0.8181818181818183
 1074 -0.7575757575757573
 772 -0.6969696969696968
 1169 -0.6363636363636362
 724 -0.5757575757575757
 993 -0.5151515151515151
 638 -0.4545454545454546
 935 -0.393939393939394
 4619 -0.333333333333333
 632 -0.2727272727272725
 3096 -0.2121212121212119
 10 -0.1515151515151514
 3024 -0.09090909090909083
 9 -0.03030303030303028
 2898 0.03030303030303028
 8 0.09090909090909083
 2461 0.1515151515151514
 1962 0.2121212121212124
 2423 0.2727272727272729
 1865 0.3333333333333335
 742 0.393939393939394
 1079 0.4545454545454546
 764 0.5151515151515151
 888 0.5757575757575757
 671 0.6363636363636367
 926 0.6969696969696972
 687 0.7575757575757578
 13 0.8181818181818183
 634 0.8787878787878789
 23 0.9393939393939394
 609 1
 10 1.060606060606061
 543 1.121212121212121
 10 1.181818181818182
 29 1.242424242424242
 130 1.303030303030303
 30 1.363636363636363
 113 1.424242424242425
 24 1.484848484848485
 99 1.545454545454546
 0 1.606060606060606
 0 1.666666666666667
 1 1.727272727272728
 32 1.787878787878788
 3 1.848484848484849
 32 1.909090909090909
 4 1.96969696969697
 0 2.03030303030303
 0 2.090909090909091
 0 2.151515151515151
 1 2.212121212121212
 0 2.272727272727272
 0 2.333333333333334
 9 2.393939393939394
 1 2.454545454545455
 1 2.515151515151516
 0 2.575757575757576
 0 2.636363636363637
 0 2.696969696969697
 0 2.757575757575758
 0 2.818181818181818
 0 2.878787878787879
 0 2.939393939393939
 0 3


