# Created by Octave 3.8.2, Sat Jun 20 11:40:16 2020 CEST <damian@fptrucha.inv.usc.es>
# name: hd
# type: matrix
# rows: 100
# columns: 2
 0 -3
 0 -2.939393939393939
 0 -2.878787878787879
 0 -2.818181818181818
 0 -2.757575757575758
 0 -2.696969696969697
 0 -2.636363636363636
 0 -2.575757575757576
 1 -2.515151515151515
 3 -2.454545454545455
 1 -2.393939393939394
 0 -2.333333333333333
 1 -2.272727272727272
 0 -2.212121212121212
 0 -2.151515151515151
 1 -2.090909090909091
 0 -2.03030303030303
 15 -1.96969696969697
 12 -1.909090909090909
 2 -1.848484848484848
 0 -1.787878787878788
 0 -1.727272727272727
 0 -1.666666666666667
 62 -1.606060606060606
 13 -1.545454545454545
 77 -1.484848484848485
 13 -1.424242424242424
 52 -1.363636363636364
 12 -1.303030303030303
 9 -1.242424242424242
 349 -1.181818181818182
 13 -1.121212121212121
 351 -1.060606060606061
 8 -1
 316 -0.9393939393939394
 5 -0.8787878787878789
 299 -0.8181818181818183
 725 -0.7575757575757573
 506 -0.6969696969696968
 740 -0.6363636363636362
 452 -0.5757575757575757
 635 -0.5151515151515151
 387 -0.4545454545454546
 602 -0.393939393939394
 2973 -0.333333333333333
 366 -0.2727272727272725
 2073 -0.2121212121212119
 4 -0.1515151515151514
 1896 -0.09090909090909083
 7 -0.03030303030303028
 1774 0.03030303030303028
 8 0.09090909090909083
 1561 0.1515151515151514
 1263 0.2121212121212124
 1618 0.2727272727272729
 1152 0.3333333333333335
 460 0.393939393939394
 651 0.4545454545454546
 514 0.5151515151515151
 605 0.5757575757575757
 439 0.6363636363636367
 567 0.6969696969696972
 426 0.7575757575757578
 8 0.8181818181818183
 408 0.8787878787878789
 9 0.9393939393939394
 380 1
 8 1.060606060606061
 397 1.121212121212121
 12 1.181818181818182
 10 1.242424242424242
 55 1.303030303030303
 23 1.363636363636363
 74 1.424242424242425
 16 1.484848484848485
 63 1.545454545454546
 0 1.606060606060606
 0 1.666666666666667
 1 1.727272727272728
 30 1.787878787878788
 0 1.848484848484849
 24 1.909090909090909
 0 1.96969696969697
 0 2.03030303030303
 0 2.090909090909091
 0 2.151515151515151
 1 2.212121212121212
 1 2.272727272727272
 1 2.333333333333334
 6 2.393939393939394
 0 2.454545454545455
 0 2.515151515151516
 0 2.575757575757576
 0 2.636363636363637
 0 2.696969696969697
 0 2.757575757575758
 0 2.818181818181818
 0 2.878787878787879
 0 2.939393939393939
 0 3


