# Created by Octave 3.8.2, Sat Jun 20 20:35:37 2020 CEST <damian@fptrucha.inv.usc.es>
# name: hd
# type: matrix
# rows: 100
# columns: 2
 0 -3
 0 -2.939393939393939
 0 -2.878787878787879
 0 -2.818181818181818
 0 -2.757575757575758
 0 -2.696969696969697
 0 -2.636363636363636
 2 -2.575757575757576
 0 -2.515151515151515
 4 -2.454545454545455
 0 -2.393939393939394
 0 -2.333333333333333
 3 -2.272727272727272
 0 -2.212121212121212
 0 -2.151515151515151
 2 -2.090909090909091
 1 -2.03030303030303
 19 -1.96969696969697
 27 -1.909090909090909
 1 -1.848484848484848
 0 -1.787878787878788
 0 -1.727272727272727
 1 -1.666666666666667
 89 -1.606060606060606
 22 -1.545454545454545
 88 -1.484848484848485
 16 -1.424242424242424
 80 -1.363636363636364
 13 -1.303030303030303
 10 -1.242424242424242
 527 -1.181818181818182
 13 -1.121212121212121
 483 -1.060606060606061
 7 -1
 450 -0.9393939393939394
 14 -0.8787878787878789
 426 -0.8181818181818183
 980 -0.7575757575757573
 625 -0.6969696969696968
 1040 -0.6363636363636362
 672 -0.5757575757575757
 799 -0.5151515151515151
 546 -0.4545454545454546
 817 -0.393939393939394
 4124 -0.333333333333333
 547 -0.2727272727272725
 2902 -0.2121212121212119
 5 -0.1515151515151514
 2707 -0.09090909090909083
 7 -0.03030303030303028
 2528 0.03030303030303028
 12 0.09090909090909083
 2257 0.1515151515151514
 1828 0.2121212121212124
 2225 0.2727272727272729
 1592 0.3333333333333335
 636 0.393939393939394
 891 0.4545454545454546
 667 0.5151515151515151
 842 0.5757575757575757
 613 0.6363636363636367
 820 0.6969696969696972
 580 0.7575757575757578
 13 0.8181818181818183
 518 0.8787878787878789
 12 0.9393939393939394
 514 1
 9 1.060606060606061
 458 1.121212121212121
 6 1.181818181818182
 27 1.242424242424242
 90 1.303030303030303
 22 1.363636363636363
 100 1.424242424242425
 30 1.484848484848485
 98 1.545454545454546
 1 1.606060606060606
 0 1.666666666666667
 1 1.727272727272728
 23 1.787878787878788
 4 1.848484848484849
 30 1.909090909090909
 2 1.96969696969697
 1 2.03030303030303
 0 2.090909090909091
 0 2.151515151515151
 1 2.212121212121212
 0 2.272727272727272
 1 2.333333333333334
 6 2.393939393939394
 0 2.454545454545455
 1 2.515151515151516
 0 2.575757575757576
 0 2.636363636363637
 0 2.696969696969697
 0 2.757575757575758
 0 2.818181818181818
 0 2.878787878787879
 0 2.939393939393939
 0 3


