# Created by Octave 3.8.2, Mon Jun 22 14:59:41 2020 CEST <damian@fptrucha.inv.usc.es>
# name: hd
# type: matrix
# rows: 100
# columns: 2
 0 -3
 0 -2.939393939393939
 0 -2.878787878787879
 0 -2.818181818181818
 0 -2.757575757575758
 0 -2.696969696969697
 0 -2.636363636363636
 0 -2.575757575757576
 0 -2.515151515151515
 7 -2.454545454545455
 0 -2.393939393939394
 0 -2.333333333333333
 1 -2.272727272727272
 0 -2.212121212121212
 0 -2.151515151515151
 1 -2.090909090909091
 4 -2.03030303030303
 19 -1.96969696969697
 34 -1.909090909090909
 1 -1.848484848484848
 3 -1.787878787878788
 0 -1.727272727272727
 3 -1.666666666666667
 78 -1.606060606060606
 24 -1.545454545454545
 65 -1.484848484848485
 15 -1.424242424242424
 69 -1.363636363636364
 12 -1.303030303030303
 5 -1.242424242424242
 363 -1.181818181818182
 9 -1.121212121212121
 406 -1.060606060606061
 16 -1
 361 -0.9393939393939394
 11 -0.8787878787878789
 311 -0.8181818181818183
 603 -0.7575757575757573
 413 -0.6969696969696968
 648 -0.6363636363636362
 399 -0.5757575757575757
 561 -0.5151515151515151
 438 -0.4545454545454546
 610 -0.393939393939394
 2815 -0.333333333333333
 369 -0.2727272727272725
 1765 -0.2121212121212119
 7 -0.1515151515151514
 1777 -0.09090909090909083
 17 -0.03030303030303028
 1646 0.03030303030303028
 9 0.09090909090909083
 1454 0.1515151515151514
 1078 0.2121212121212124
 1636 0.2727272727272729
 1055 0.3333333333333335
 445 0.393939393939394
 653 0.4545454545454546
 437 0.5151515151515151
 522 0.5757575757575757
 449 0.6363636363636367
 592 0.6969696969696972
 388 0.7575757575757578
 8 0.8181818181818183
 412 0.8787878787878789
 10 0.9393939393939394
 349 1
 14 1.060606060606061
 355 1.121212121212121
 10 1.181818181818182
 19 1.242424242424242
 57 1.303030303030303
 24 1.363636363636363
 82 1.424242424242425
 29 1.484848484848485
 66 1.545454545454546
 3 1.606060606060606
 0 1.666666666666667
 1 1.727272727272728
 29 1.787878787878788
 6 1.848484848484849
 34 1.909090909090909
 1 1.96969696969697
 0 2.03030303030303
 0 2.090909090909091
 0 2.151515151515151
 1 2.212121212121212
 0 2.272727272727272
 0 2.333333333333334
 7 2.393939393939394
 0 2.454545454545455
 0 2.515151515151516
 0 2.575757575757576
 0 2.636363636363637
 0 2.696969696969697
 0 2.757575757575758
 0 2.818181818181818
 0 2.878787878787879
 0 2.939393939393939
 0 3


