# Created by Octave 3.8.2, Sun Jun 21 05:28:15 2020 CEST <damian@fptrucha.inv.usc.es>
# name: hd
# type: matrix
# rows: 100
# columns: 2
 0 -3
 0 -2.939393939393939
 0 -2.878787878787879
 0 -2.818181818181818
 0 -2.757575757575758
 0 -2.696969696969697
 0 -2.636363636363636
 1 -2.575757575757576
 1 -2.515151515151515
 2 -2.454545454545455
 0 -2.393939393939394
 0 -2.333333333333333
 0 -2.272727272727272
 0 -2.212121212121212
 0 -2.151515151515151
 2 -2.090909090909091
 3 -2.03030303030303
 23 -1.96969696969697
 26 -1.909090909090909
 1 -1.848484848484848
 0 -1.787878787878788
 0 -1.727272727272727
 2 -1.666666666666667
 93 -1.606060606060606
 15 -1.545454545454545
 95 -1.484848484848485
 18 -1.424242424242424
 83 -1.363636363636364
 16 -1.303030303030303
 5 -1.242424242424242
 481 -1.181818181818182
 10 -1.121212121212121
 458 -1.060606060606061
 9 -1
 419 -0.9393939393939394
 8 -0.8787878787878789
 450 -0.8181818181818183
 1006 -0.7575757575757573
 637 -0.6969696969696968
 970 -0.6363636363636362
 626 -0.5757575757575757
 870 -0.5151515151515151
 533 -0.4545454545454546
 822 -0.393939393939394
 4019 -0.333333333333333
 523 -0.2727272727272725
 2865 -0.2121212121212119
 10 -0.1515151515151514
 2610 -0.09090909090909083
 7 -0.03030303030303028
 2436 0.03030303030303028
 7 0.09090909090909083
 2134 0.1515151515151514
 1686 0.2121212121212124
 2236 0.2727272727272729
 1573 0.3333333333333335
 597 0.393939393939394
 878 0.4545454545454546
 628 0.5151515151515151
 814 0.5757575757575757
 548 0.6363636363636367
 781 0.6969696969696972
 575 0.7575757575757578
 14 0.8181818181818183
 530 0.8787878787878789
 19 0.9393939393939394
 504 1
 8 1.060606060606061
 459 1.121212121212121
 8 1.181818181818182
 19 1.242424242424242
 101 1.303030303030303
 18 1.363636363636363
 104 1.424242424242425
 23 1.484848484848485
 88 1.545454545454546
 2 1.606060606060606
 0 1.666666666666667
 0 1.727272727272728
 28 1.787878787878788
 3 1.848484848484849
 26 1.909090909090909
 4 1.96969696969697
 2 2.03030303030303
 0 2.090909090909091
 0 2.151515151515151
 1 2.212121212121212
 0 2.272727272727272
 2 2.333333333333334
 6 2.393939393939394
 0 2.454545454545455
 3 2.515151515151516
 0 2.575757575757576
 0 2.636363636363637
 0 2.696969696969697
 0 2.757575757575758
 0 2.818181818181818
 0 2.878787878787879
 0 2.939393939393939
 0 3


