# Created by Octave 3.8.2, Sat Jun 20 13:36:09 2020 CEST <damian@fptrucha.inv.usc.es>
# name: hd
# type: matrix
# rows: 100
# columns: 2
 0 -3
 0 -2.939393939393939
 0 -2.878787878787879
 0 -2.818181818181818
 0 -2.757575757575758
 0 -2.696969696969697
 0 -2.636363636363636
 2 -2.575757575757576
 0 -2.515151515151515
 4 -2.454545454545455
 0 -2.393939393939394
 1 -2.333333333333333
 0 -2.272727272727272
 0 -2.212121212121212
 0 -2.151515151515151
 3 -2.090909090909091
 4 -2.03030303030303
 28 -1.96969696969697
 40 -1.909090909090909
 1 -1.848484848484848
 3 -1.787878787878788
 0 -1.727272727272727
 2 -1.666666666666667
 114 -1.606060606060606
 21 -1.545454545454545
 99 -1.484848484848485
 19 -1.424242424242424
 96 -1.363636363636364
 21 -1.303030303030303
 8 -1.242424242424242
 562 -1.181818181818182
 10 -1.121212121212121
 512 -1.060606060606061
 11 -1
 505 -0.9393939393939394
 17 -0.8787878787878789
 449 -0.8181818181818183
 1021 -0.7575757575757573
 694 -0.6969696969696968
 1106 -0.6363636363636362
 698 -0.5757575757575757
 943 -0.5151515151515151
 611 -0.4545454545454546
 927 -0.393939393939394
 4445 -0.333333333333333
 542 -0.2727272727272725
 3009 -0.2121212121212119
 4 -0.1515151515151514
 2798 -0.09090909090909083
 15 -0.03030303030303028
 2628 0.03030303030303028
 15 0.09090909090909083
 2377 0.1515151515151514
 1940 0.2121212121212124
 2334 0.2727272727272729
 1792 0.3333333333333335
 680 0.393939393939394
 960 0.4545454545454546
 755 0.5151515151515151
 848 0.5757575757575757
 640 0.6363636363636367
 803 0.6969696969696972
 612 0.7575757575757578
 13 0.8181818181818183
 635 0.8787878787878789
 16 0.9393939393939394
 565 1
 10 1.060606060606061
 514 1.121212121212121
 10 1.181818181818182
 25 1.242424242424242
 108 1.303030303030303
 33 1.363636363636363
 116 1.424242424242425
 34 1.484848484848485
 94 1.545454545454546
 0 1.606060606060606
 0 1.666666666666667
 1 1.727272727272728
 35 1.787878787878788
 3 1.848484848484849
 29 1.909090909090909
 4 1.96969696969697
 1 2.03030303030303
 0 2.090909090909091
 0 2.151515151515151
 3 2.212121212121212
 0 2.272727272727272
 2 2.333333333333334
 5 2.393939393939394
 0 2.454545454545455
 0 2.515151515151516
 0 2.575757575757576
 0 2.636363636363637
 0 2.696969696969697
 0 2.757575757575758
 0 2.818181818181818
 0 2.878787878787879
 0 2.939393939393939
 0 3


