# Created by Octave 3.8.2, Sat Jun 20 09:50:41 2020 CEST <damian@fptrucha.inv.usc.es>
# name: hd
# type: matrix
# rows: 100
# columns: 2
 0 -3
 0 -2.939393939393939
 0 -2.878787878787879
 0 -2.818181818181818
 0 -2.757575757575758
 0 -2.696969696969697
 0 -2.636363636363636
 0 -2.575757575757576
 0 -2.515151515151515
 6 -2.454545454545455
 0 -2.393939393939394
 0 -2.333333333333333
 5 -2.272727272727272
 0 -2.212121212121212
 0 -2.151515151515151
 1 -2.090909090909091
 2 -2.03030303030303
 31 -1.96969696969697
 37 -1.909090909090909
 2 -1.848484848484848
 0 -1.787878787878788
 0 -1.727272727272727
 2 -1.666666666666667
 121 -1.606060606060606
 17 -1.545454545454545
 88 -1.484848484848485
 18 -1.424242424242424
 83 -1.363636363636364
 24 -1.303030303030303
 14 -1.242424242424242
 605 -1.181818181818182
 17 -1.121212121212121
 576 -1.060606060606061
 14 -1
 473 -0.9393939393939394
 18 -0.8787878787878789
 483 -0.8181818181818183
 1124 -0.7575757575757573
 778 -0.6969696969696968
 1169 -0.6363636363636362
 697 -0.5757575757575757
 1015 -0.5151515151515151
 688 -0.4545454545454546
 964 -0.393939393939394
 4655 -0.333333333333333
 573 -0.2727272727272725
 3169 -0.2121212121212119
 11 -0.1515151515151514
 2902 -0.09090909090909083
 7 -0.03030303030303028
 2832 0.03030303030303028
 8 0.09090909090909083
 2544 0.1515151515151514
 2053 0.2121212121212124
 2489 0.2727272727272729
 1894 0.3333333333333335
 692 0.393939393939394
 1014 0.4545454545454546
 761 0.5151515151515151
 931 0.5757575757575757
 647 0.6363636363636367
 910 0.6969696969696972
 710 0.7575757575757578
 14 0.8181818181818183
 628 0.8787878787878789
 12 0.9393939393939394
 572 1
 10 1.060606060606061
 585 1.121212121212121
 11 1.181818181818182
 31 1.242424242424242
 121 1.303030303030303
 36 1.363636363636363
 112 1.424242424242425
 36 1.484848484848485
 123 1.545454545454546
 1 1.606060606060606
 0 1.666666666666667
 2 1.727272727272728
 43 1.787878787878788
 6 1.848484848484849
 37 1.909090909090909
 4 1.96969696969697
 0 2.03030303030303
 0 2.090909090909091
 0 2.151515151515151
 0 2.212121212121212
 0 2.272727272727272
 0 2.333333333333334
 12 2.393939393939394
 1 2.454545454545455
 0 2.515151515151516
 0 2.575757575757576
 0 2.636363636363637
 0 2.696969696969697
 0 2.757575757575758
 0 2.818181818181818
 0 2.878787878787879
 0 2.939393939393939
 0 3


