# Created by Octave 3.8.2, Mon Jun 22 11:32:42 2020 CEST <damian@fptrucha.inv.usc.es>
# name: hd
# type: matrix
# rows: 100
# columns: 2
 0 -3
 0 -2.939393939393939
 0 -2.878787878787879
 0 -2.818181818181818
 0 -2.757575757575758
 0 -2.696969696969697
 0 -2.636363636363636
 0 -2.575757575757576
 0 -2.515151515151515
 8 -2.454545454545455
 0 -2.393939393939394
 0 -2.333333333333333
 1 -2.272727272727272
 0 -2.212121212121212
 0 -2.151515151515151
 2 -2.090909090909091
 3 -2.03030303030303
 15 -1.96969696969697
 22 -1.909090909090909
 1 -1.848484848484848
 0 -1.787878787878788
 0 -1.727272727272727
 1 -1.666666666666667
 73 -1.606060606060606
 21 -1.545454545454545
 65 -1.484848484848485
 20 -1.424242424242424
 77 -1.363636363636364
 19 -1.303030303030303
 10 -1.242424242424242
 343 -1.181818181818182
 6 -1.121212121212121
 355 -1.060606060606061
 9 -1
 339 -0.9393939393939394
 9 -0.8787878787878789
 324 -0.8181818181818183
 571 -0.7575757575757573
 390 -0.6969696969696968
 631 -0.6363636363636362
 373 -0.5757575757575757
 582 -0.5151515151515151
 385 -0.4545454545454546
 585 -0.393939393939394
 2596 -0.333333333333333
 361 -0.2727272727272725
 1735 -0.2121212121212119
 6 -0.1515151515151514
 1710 -0.09090909090909083
 7 -0.03030303030303028
 1664 0.03030303030303028
 13 0.09090909090909083
 1536 0.1515151515151514
 977 0.2121212121212124
 1507 0.2727272727272729
 981 0.3333333333333335
 475 0.393939393939394
 623 0.4545454545454546
 419 0.5151515151515151
 533 0.5757575757575757
 391 0.6363636363636367
 537 0.6969696969696972
 314 0.7575757575757578
 13 0.8181818181818183
 390 0.8787878787878789
 11 0.9393939393939394
 378 1
 9 1.060606060606061
 346 1.121212121212121
 8 1.181818181818182
 19 1.242424242424242
 84 1.303030303030303
 20 1.363636363636363
 77 1.424242424242425
 14 1.484848484848485
 72 1.545454545454546
 2 1.606060606060606
 0 1.666666666666667
 2 1.727272727272728
 29 1.787878787878788
 2 1.848484848484849
 24 1.909090909090909
 2 1.96969696969697
 1 2.03030303030303
 0 2.090909090909091
 0 2.151515151515151
 0 2.212121212121212
 0 2.272727272727272
 2 2.333333333333334
 6 2.393939393939394
 0 2.454545454545455
 1 2.515151515151516
 0 2.575757575757576
 0 2.636363636363637
 0 2.696969696969697
 0 2.757575757575758
 0 2.818181818181818
 0 2.878787878787879
 0 2.939393939393939
 0 3


