# Created by Octave 3.8.2, Mon Jun 22 01:15:00 2020 CEST <damian@fptrucha.inv.usc.es>
# name: hd
# type: matrix
# rows: 100
# columns: 2
 0 -3
 0 -2.939393939393939
 0 -2.878787878787879
 0 -2.818181818181818
 0 -2.757575757575758
 0 -2.696969696969697
 0 -2.636363636363636
 1 -2.575757575757576
 0 -2.515151515151515
 1 -2.454545454545455
 1 -2.393939393939394
 0 -2.333333333333333
 1 -2.272727272727272
 0 -2.212121212121212
 0 -2.151515151515151
 1 -2.090909090909091
 2 -2.03030303030303
 25 -1.96969696969697
 25 -1.909090909090909
 0 -1.848484848484848
 0 -1.787878787878788
 0 -1.727272727272727
 2 -1.666666666666667
 85 -1.606060606060606
 20 -1.545454545454545
 84 -1.484848484848485
 25 -1.424242424242424
 71 -1.363636363636364
 8 -1.303030303030303
 16 -1.242424242424242
 514 -1.181818181818182
 19 -1.121212121212121
 522 -1.060606060606061
 11 -1
 410 -0.9393939393939394
 11 -0.8787878787878789
 399 -0.8181818181818183
 1032 -0.7575757575757573
 695 -0.6969696969696968
 1049 -0.6363636363636362
 633 -0.5757575757575757
 821 -0.5151515151515151
 507 -0.4545454545454546
 846 -0.393939393939394
 4167 -0.333333333333333
 524 -0.2727272727272725
 2992 -0.2121212121212119
 7 -0.1515151515151514
 2624 -0.09090909090909083
 8 -0.03030303030303028
 2491 0.03030303030303028
 8 0.09090909090909083
 2230 0.1515151515151514
 1667 0.2121212121212124
 2232 0.2727272727272729
 1619 0.3333333333333335
 593 0.393939393939394
 880 0.4545454545454546
 683 0.5151515151515151
 821 0.5757575757575757
 595 0.6363636363636367
 765 0.6969696969696972
 547 0.7575757575757578
 17 0.8181818181818183
 562 0.8787878787878789
 8 0.9393939393939394
 532 1
 7 1.060606060606061
 463 1.121212121212121
 16 1.181818181818182
 26 1.242424242424242
 94 1.303030303030303
 36 1.363636363636363
 110 1.424242424242425
 32 1.484848484848485
 88 1.545454545454546
 0 1.606060606060606
 0 1.666666666666667
 1 1.727272727272728
 23 1.787878787878788
 0 1.848484848484849
 26 1.909090909090909
 2 1.96969696969697
 1 2.03030303030303
 0 2.090909090909091
 0 2.151515151515151
 0 2.212121212121212
 0 2.272727272727272
 2 2.333333333333334
 3 2.393939393939394
 0 2.454545454545455
 0 2.515151515151516
 0 2.575757575757576
 0 2.636363636363637
 0 2.696969696969697
 0 2.757575757575758
 0 2.818181818181818
 0 2.878787878787879
 0 2.939393939393939
 0 3


