# Created by Octave 3.8.2, Sat Jun 20 20:03:38 2020 CEST <damian@fptrucha.inv.usc.es>
# name: hd
# type: matrix
# rows: 100
# columns: 2
 0 -3
 0 -2.939393939393939
 0 -2.878787878787879
 0 -2.818181818181818
 0 -2.757575757575758
 0 -2.696969696969697
 0 -2.636363636363636
 0 -2.575757575757576
 1 -2.515151515151515
 1 -2.454545454545455
 0 -2.393939393939394
 0 -2.333333333333333
 2 -2.272727272727272
 0 -2.212121212121212
 0 -2.151515151515151
 2 -2.090909090909091
 2 -2.03030303030303
 20 -1.96969696969697
 38 -1.909090909090909
 0 -1.848484848484848
 3 -1.787878787878788
 0 -1.727272727272727
 2 -1.666666666666667
 90 -1.606060606060606
 15 -1.545454545454545
 85 -1.484848484848485
 20 -1.424242424242424
 92 -1.363636363636364
 17 -1.303030303030303
 14 -1.242424242424242
 511 -1.181818181818182
 13 -1.121212121212121
 525 -1.060606060606061
 7 -1
 456 -0.9393939393939394
 14 -0.8787878787878789
 454 -0.8181818181818183
 994 -0.7575757575757573
 632 -0.6969696969696968
 1122 -0.6363636363636362
 602 -0.5757575757575757
 859 -0.5151515151515151
 585 -0.4545454545454546
 846 -0.393939393939394
 4071 -0.333333333333333
 494 -0.2727272727272725
 2983 -0.2121212121212119
 4 -0.1515151515151514
 2672 -0.09090909090909083
 12 -0.03030303030303028
 2556 0.03030303030303028
 9 0.09090909090909083
 2174 0.1515151515151514
 1860 0.2121212121212124
 2187 0.2727272727272729
 1630 0.3333333333333335
 634 0.393939393939394
 898 0.4545454545454546
 673 0.5151515151515151
 825 0.5757575757575757
 596 0.6363636363636367
 788 0.6969696969696972
 576 0.7575757575757578
 15 0.8181818181818183
 536 0.8787878787878789
 9 0.9393939393939394
 533 1
 15 1.060606060606061
 480 1.121212121212121
 10 1.181818181818182
 29 1.242424242424242
 101 1.303030303030303
 23 1.363636363636363
 88 1.424242424242425
 23 1.484848484848485
 103 1.545454545454546
 1 1.606060606060606
 0 1.666666666666667
 1 1.727272727272728
 40 1.787878787878788
 0 1.848484848484849
 24 1.909090909090909
 6 1.96969696969697
 1 2.03030303030303
 0 2.090909090909091
 0 2.151515151515151
 1 2.212121212121212
 0 2.272727272727272
 0 2.333333333333334
 8 2.393939393939394
 0 2.454545454545455
 0 2.515151515151516
 0 2.575757575757576
 0 2.636363636363637
 0 2.696969696969697
 0 2.757575757575758
 0 2.818181818181818
 0 2.878787878787879
 0 2.939393939393939
 0 3


