# Created by Octave 3.8.2, Sat Jun 20 23:09:19 2020 CEST <damian@fptrucha.inv.usc.es>
# name: hd
# type: matrix
# rows: 100
# columns: 2
 0 -3
 0 -2.939393939393939
 0 -2.878787878787879
 0 -2.818181818181818
 0 -2.757575757575758
 0 -2.696969696969697
 0 -2.636363636363636
 1 -2.575757575757576
 0 -2.515151515151515
 3 -2.454545454545455
 1 -2.393939393939394
 1 -2.333333333333333
 1 -2.272727272727272
 0 -2.212121212121212
 0 -2.151515151515151
 0 -2.090909090909091
 5 -2.03030303030303
 23 -1.96969696969697
 24 -1.909090909090909
 0 -1.848484848484848
 0 -1.787878787878788
 0 -1.727272727272727
 1 -1.666666666666667
 101 -1.606060606060606
 20 -1.545454545454545
 77 -1.484848484848485
 11 -1.424242424242424
 75 -1.363636363636364
 21 -1.303030303030303
 12 -1.242424242424242
 496 -1.181818181818182
 18 -1.121212121212121
 504 -1.060606060606061
 13 -1
 433 -0.9393939393939394
 12 -0.8787878787878789
 407 -0.8181818181818183
 941 -0.7575757575757573
 607 -0.6969696969696968
 952 -0.6363636363636362
 640 -0.5757575757575757
 854 -0.5151515151515151
 586 -0.4545454545454546
 779 -0.393939393939394
 4140 -0.333333333333333
 551 -0.2727272727272725
 2877 -0.2121212121212119
 9 -0.1515151515151514
 2586 -0.09090909090909083
 8 -0.03030303030303028
 2511 0.03030303030303028
 13 0.09090909090909083
 2144 0.1515151515151514
 1710 0.2121212121212124
 2200 0.2727272727272729
 1667 0.3333333333333335
 601 0.393939393939394
 887 0.4545454545454546
 633 0.5151515151515151
 800 0.5757575757575757
 571 0.6363636363636367
 785 0.6969696969696972
 565 0.7575757575757578
 13 0.8181818181818183
 531 0.8787878787878789
 12 0.9393939393939394
 517 1
 14 1.060606060606061
 464 1.121212121212121
 12 1.181818181818182
 28 1.242424242424242
 133 1.303030303030303
 29 1.363636363636363
 102 1.424242424242425
 19 1.484848484848485
 96 1.545454545454546
 3 1.606060606060606
 0 1.666666666666667
 3 1.727272727272728
 25 1.787878787878788
 3 1.848484848484849
 20 1.909090909090909
 4 1.96969696969697
 0 2.03030303030303
 0 2.090909090909091
 0 2.151515151515151
 1 2.212121212121212
 1 2.272727272727272
 1 2.333333333333334
 8 2.393939393939394
 0 2.454545454545455
 2 2.515151515151516
 0 2.575757575757576
 0 2.636363636363637
 0 2.696969696969697
 0 2.757575757575758
 0 2.818181818181818
 0 2.878787878787879
 0 2.939393939393939
 0 3


