# Created by Octave 3.8.2, Sun Jun 21 06:27:21 2020 CEST <damian@fptrucha.inv.usc.es>
# name: hd
# type: matrix
# rows: 100
# columns: 2
 0 -3
 0 -2.939393939393939
 0 -2.878787878787879
 0 -2.818181818181818
 0 -2.757575757575758
 0 -2.696969696969697
 0 -2.636363636363636
 4 -2.575757575757576
 1 -2.515151515151515
 1 -2.454545454545455
 0 -2.393939393939394
 2 -2.333333333333333
 0 -2.272727272727272
 0 -2.212121212121212
 0 -2.151515151515151
 2 -2.090909090909091
 5 -2.03030303030303
 25 -1.96969696969697
 26 -1.909090909090909
 2 -1.848484848484848
 0 -1.787878787878788
 0 -1.727272727272727
 1 -1.666666666666667
 74 -1.606060606060606
 17 -1.545454545454545
 85 -1.484848484848485
 18 -1.424242424242424
 75 -1.363636363636364
 14 -1.303030303030303
 14 -1.242424242424242
 515 -1.181818181818182
 11 -1.121212121212121
 487 -1.060606060606061
 14 -1
 434 -0.9393939393939394
 19 -0.8787878787878789
 426 -0.8181818181818183
 943 -0.7575757575757573
 635 -0.6969696969696968
 968 -0.6363636363636362
 617 -0.5757575757575757
 891 -0.5151515151515151
 589 -0.4545454545454546
 804 -0.393939393939394
 4116 -0.333333333333333
 501 -0.2727272727272725
 2813 -0.2121212121212119
 3 -0.1515151515151514
 2639 -0.09090909090909083
 5 -0.03030303030303028
 2379 0.03030303030303028
 7 0.09090909090909083
 2097 0.1515151515151514
 1747 0.2121212121212124
 2233 0.2727272727272729
 1574 0.3333333333333335
 661 0.393939393939394
 816 0.4545454545454546
 636 0.5151515151515151
 790 0.5757575757575757
 567 0.6363636363636367
 834 0.6969696969696972
 515 0.7575757575757578
 11 0.8181818181818183
 474 0.8787878787878789
 12 0.9393939393939394
 470 1
 10 1.060606060606061
 473 1.121212121212121
 15 1.181818181818182
 28 1.242424242424242
 91 1.303030303030303
 33 1.363636363636363
 77 1.424242424242425
 18 1.484848484848485
 82 1.545454545454546
 2 1.606060606060606
 0 1.666666666666667
 0 1.727272727272728
 29 1.787878787878788
 4 1.848484848484849
 24 1.909090909090909
 1 1.96969696969697
 2 2.03030303030303
 0 2.090909090909091
 0 2.151515151515151
 1 2.212121212121212
 0 2.272727272727272
 0 2.333333333333334
 3 2.393939393939394
 1 2.454545454545455
 3 2.515151515151516
 0 2.575757575757576
 0 2.636363636363637
 0 2.696969696969697
 0 2.757575757575758
 0 2.818181818181818
 0 2.878787878787879
 0 2.939393939393939
 0 3


