# Created by Octave 3.8.2, Mon Jun 22 11:56:18 2020 CEST <damian@fptrucha.inv.usc.es>
# name: hd
# type: matrix
# rows: 100
# columns: 2
 0 -3
 0 -2.939393939393939
 0 -2.878787878787879
 0 -2.818181818181818
 0 -2.757575757575758
 0 -2.696969696969697
 0 -2.636363636363636
 2 -2.575757575757576
 0 -2.515151515151515
 6 -2.454545454545455
 1 -2.393939393939394
 0 -2.333333333333333
 2 -2.272727272727272
 0 -2.212121212121212
 0 -2.151515151515151
 3 -2.090909090909091
 3 -2.03030303030303
 37 -1.96969696969697
 32 -1.909090909090909
 1 -1.848484848484848
 0 -1.787878787878788
 0 -1.727272727272727
 3 -1.666666666666667
 111 -1.606060606060606
 20 -1.545454545454545
 111 -1.484848484848485
 22 -1.424242424242424
 108 -1.363636363636364
 22 -1.303030303030303
 12 -1.242424242424242
 517 -1.181818181818182
 16 -1.121212121212121
 510 -1.060606060606061
 14 -1
 496 -0.9393939393939394
 21 -0.8787878787878789
 503 -0.8181818181818183
 816 -0.7575757575757573
 582 -0.6969696969696968
 956 -0.6363636363636362
 582 -0.5757575757575757
 866 -0.5151515151515151
 604 -0.4545454545454546
 888 -0.393939393939394
 3930 -0.333333333333333
 585 -0.2727272727272725
 2629 -0.2121212121212119
 13 -0.1515151515151514
 2616 -0.09090909090909083
 14 -0.03030303030303028
 2567 0.03030303030303028
 10 0.09090909090909083
 2271 0.1515151515151514
 1546 0.2121212121212124
 2324 0.2727272727272729
 1554 0.3333333333333335
 651 0.393939393939394
 936 0.4545454545454546
 599 0.5151515151515151
 787 0.5757575757575757
 651 0.6363636363636367
 821 0.6969696969696972
 543 0.7575757575757578
 10 0.8181818181818183
 592 0.8787878787878789
 16 0.9393939393939394
 548 1
 22 1.060606060606061
 546 1.121212121212121
 13 1.181818181818182
 33 1.242424242424242
 108 1.303030303030303
 29 1.363636363636363
 117 1.424242424242425
 27 1.484848484848485
 110 1.545454545454546
 1 1.606060606060606
 0 1.666666666666667
 1 1.727272727272728
 37 1.787878787878788
 9 1.848484848484849
 36 1.909090909090909
 1 1.96969696969697
 2 2.03030303030303
 0 2.090909090909091
 0 2.151515151515151
 3 2.212121212121212
 1 2.272727272727272
 0 2.333333333333334
 7 2.393939393939394
 0 2.454545454545455
 2 2.515151515151516
 0 2.575757575757576
 0 2.636363636363637
 0 2.696969696969697
 0 2.757575757575758
 0 2.818181818181818
 0 2.878787878787879
 0 2.939393939393939
 0 3


