# Created by Octave 3.8.2, Mon Jun 22 20:53:23 2020 CEST <damian@fptrucha.inv.usc.es>
# name: hd
# type: matrix
# rows: 100
# columns: 2
 0 -3
 0 -2.939393939393939
 0 -2.878787878787879
 0 -2.818181818181818
 0 -2.757575757575758
 0 -2.696969696969697
 0 -2.636363636363636
 1 -2.575757575757576
 0 -2.515151515151515
 14 -2.454545454545455
 2 -2.393939393939394
 1 -2.333333333333333
 2 -2.272727272727272
 0 -2.212121212121212
 0 -2.151515151515151
 3 -2.090909090909091
 4 -2.03030303030303
 27 -1.96969696969697
 37 -1.909090909090909
 1 -1.848484848484848
 2 -1.787878787878788
 0 -1.727272727272727
 2 -1.666666666666667
 116 -1.606060606060606
 22 -1.545454545454545
 118 -1.484848484848485
 23 -1.424242424242424
 143 -1.363636363636364
 21 -1.303030303030303
 19 -1.242424242424242
 646 -1.181818181818182
 13 -1.121212121212121
 593 -1.060606060606061
 15 -1
 573 -0.9393939393939394
 27 -0.8787878787878789
 545 -0.8181818181818183
 973 -0.7575757575757573
 663 -0.6969696969696968
 1048 -0.6363636363636362
 690 -0.5757575757575757
 919 -0.5151515151515151
 598 -0.4545454545454546
 977 -0.393939393939394
 4390 -0.333333333333333
 602 -0.2727272727272725
 2751 -0.2121212121212119
 13 -0.1515151515151514
 2778 -0.09090909090909083
 17 -0.03030303030303028
 2651 0.03030303030303028
 18 0.09090909090909083
 2434 0.1515151515151514
 1571 0.2121212121212124
 2512 0.2727272727272729
 1689 0.3333333333333335
 668 0.393939393939394
 927 0.4545454545454546
 711 0.5151515151515151
 832 0.5757575757575757
 631 0.6363636363636367
 887 0.6969696969696972
 562 0.7575757575757578
 17 0.8181818181818183
 613 0.8787878787878789
 10 0.9393939393939394
 493 1
 18 1.060606060606061
 550 1.121212121212121
 6 1.181818181818182
 22 1.242424242424242
 111 1.303030303030303
 31 1.363636363636363
 110 1.424242424242425
 28 1.484848484848485
 109 1.545454545454546
 3 1.606060606060606
 0 1.666666666666667
 0 1.727272727272728
 45 1.787878787878788
 4 1.848484848484849
 34 1.909090909090909
 4 1.96969696969697
 0 2.03030303030303
 0 2.090909090909091
 0 2.151515151515151
 2 2.212121212121212
 1 2.272727272727272
 0 2.333333333333334
 11 2.393939393939394
 0 2.454545454545455
 1 2.515151515151516
 0 2.575757575757576
 0 2.636363636363637
 0 2.696969696969697
 0 2.757575757575758
 0 2.818181818181818
 0 2.878787878787879
 0 2.939393939393939
 0 3


