# Created by Octave 3.8.2, Mon Jun 22 07:51:04 2020 CEST <damian@fptrucha.inv.usc.es>
# name: hd
# type: matrix
# rows: 100
# columns: 2
 0 -3
 0 -2.939393939393939
 0 -2.878787878787879
 0 -2.818181818181818
 0 -2.757575757575758
 0 -2.696969696969697
 0 -2.636363636363636
 1 -2.575757575757576
 0 -2.515151515151515
 2 -2.454545454545455
 1 -2.393939393939394
 0 -2.333333333333333
 0 -2.272727272727272
 0 -2.212121212121212
 0 -2.151515151515151
 0 -2.090909090909091
 0 -2.03030303030303
 22 -1.96969696969697
 17 -1.909090909090909
 2 -1.848484848484848
 1 -1.787878787878788
 0 -1.727272727272727
 1 -1.666666666666667
 57 -1.606060606060606
 18 -1.545454545454545
 72 -1.484848484848485
 21 -1.424242424242424
 70 -1.363636363636364
 14 -1.303030303030303
 9 -1.242424242424242
 337 -1.181818181818182
 9 -1.121212121212121
 329 -1.060606060606061
 12 -1
 327 -0.9393939393939394
 15 -0.8787878787878789
 300 -0.8181818181818183
 493 -0.7575757575757573
 410 -0.6969696969696968
 642 -0.6363636363636362
 408 -0.5757575757575757
 568 -0.5151515151515151
 362 -0.4545454545454546
 599 -0.393939393939394
 2485 -0.333333333333333
 385 -0.2727272727272725
 1602 -0.2121212121212119
 5 -0.1515151515151514
 1673 -0.09090909090909083
 19 -0.03030303030303028
 1637 0.03030303030303028
 9 0.09090909090909083
 1456 0.1515151515151514
 995 0.2121212121212124
 1556 0.2727272727272729
 953 0.3333333333333335
 402 0.393939393939394
 594 0.4545454545454546
 425 0.5151515151515151
 515 0.5757575757575757
 454 0.6363636363636367
 535 0.6969696969696972
 327 0.7575757575757578
 8 0.8181818181818183
 387 0.8787878787878789
 5 0.9393939393939394
 329 1
 15 1.060606060606061
 371 1.121212121212121
 6 1.181818181818182
 15 1.242424242424242
 59 1.303030303030303
 18 1.363636363636363
 70 1.424242424242425
 23 1.484848484848485
 69 1.545454545454546
 1 1.606060606060606
 0 1.666666666666667
 1 1.727272727272728
 30 1.787878787878788
 4 1.848484848484849
 21 1.909090909090909
 1 1.96969696969697
 1 2.03030303030303
 0 2.090909090909091
 0 2.151515151515151
 0 2.212121212121212
 1 2.272727272727272
 0 2.333333333333334
 4 2.393939393939394
 0 2.454545454545455
 3 2.515151515151516
 0 2.575757575757576
 0 2.636363636363637
 0 2.696969696969697
 0 2.757575757575758
 0 2.818181818181818
 0 2.878787878787879
 0 2.939393939393939
 0 3


