# Created by Octave 3.8.2, Mon Jun 22 06:03:14 2020 CEST <damian@fptrucha.inv.usc.es>
# name: hd
# type: matrix
# rows: 100
# columns: 2
 0 -3
 0 -2.939393939393939
 0 -2.878787878787879
 0 -2.818181818181818
 0 -2.757575757575758
 0 -2.696969696969697
 0 -2.636363636363636
 3 -2.575757575757576
 1 -2.515151515151515
 15 -2.454545454545455
 0 -2.393939393939394
 0 -2.333333333333333
 0 -2.272727272727272
 0 -2.212121212121212
 0 -2.151515151515151
 5 -2.090909090909091
 4 -2.03030303030303
 28 -1.96969696969697
 30 -1.909090909090909
 2 -1.848484848484848
 3 -1.787878787878788
 0 -1.727272727272727
 1 -1.666666666666667
 103 -1.606060606060606
 34 -1.545454545454545
 108 -1.484848484848485
 21 -1.424242424242424
 118 -1.363636363636364
 18 -1.303030303030303
 18 -1.242424242424242
 499 -1.181818181818182
 13 -1.121212121212121
 534 -1.060606060606061
 20 -1
 493 -0.9393939393939394
 21 -0.8787878787878789
 499 -0.8181818181818183
 843 -0.7575757575757573
 593 -0.6969696969696968
 921 -0.6363636363636362
 628 -0.5757575757575757
 827 -0.5151515151515151
 583 -0.4545454545454546
 904 -0.393939393939394
 3752 -0.333333333333333
 539 -0.2727272727272725
 2389 -0.2121212121212119
 11 -0.1515151515151514
 2536 -0.09090909090909083
 14 -0.03030303030303028
 2331 0.03030303030303028
 22 0.09090909090909083
 2102 0.1515151515151514
 1477 0.2121212121212124
 2223 0.2727272727272729
 1483 0.3333333333333335
 648 0.393939393939394
 862 0.4545454545454546
 584 0.5151515151515151
 811 0.5757575757575757
 615 0.6363636363636367
 830 0.6969696969696972
 453 0.7575757575757578
 16 0.8181818181818183
 501 0.8787878787878789
 12 0.9393939393939394
 498 1
 18 1.060606060606061
 482 1.121212121212121
 12 1.181818181818182
 23 1.242424242424242
 101 1.303030303030303
 26 1.363636363636363
 114 1.424242424242425
 40 1.484848484848485
 112 1.545454545454546
 3 1.606060606060606
 0 1.666666666666667
 2 1.727272727272728
 20 1.787878787878788
 5 1.848484848484849
 33 1.909090909090909
 1 1.96969696969697
 3 2.03030303030303
 0 2.090909090909091
 0 2.151515151515151
 2 2.212121212121212
 1 2.272727272727272
 1 2.333333333333334
 11 2.393939393939394
 0 2.454545454545455
 0 2.515151515151516
 0 2.575757575757576
 0 2.636363636363637
 0 2.696969696969697
 0 2.757575757575758
 0 2.818181818181818
 0 2.878787878787879
 0 2.939393939393939
 0 3


