# Created by Octave 3.8.2, Tue Jun 23 00:15:52 2020 CEST <damian@fptrucha.inv.usc.es>
# name: hd
# type: matrix
# rows: 100
# columns: 2
 0 -3
 0 -2.939393939393939
 0 -2.878787878787879
 0 -2.818181818181818
 0 -2.757575757575758
 0 -2.696969696969697
 0 -2.636363636363636
 4 -2.575757575757576
 0 -2.515151515151515
 7 -2.454545454545455
 1 -2.393939393939394
 0 -2.333333333333333
 1 -2.272727272727272
 0 -2.212121212121212
 0 -2.151515151515151
 0 -2.090909090909091
 5 -2.03030303030303
 32 -1.96969696969697
 41 -1.909090909090909
 2 -1.848484848484848
 2 -1.787878787878788
 0 -1.727272727272727
 0 -1.666666666666667
 170 -1.606060606060606
 24 -1.545454545454545
 100 -1.484848484848485
 34 -1.424242424242424
 130 -1.363636363636364
 27 -1.303030303030303
 16 -1.242424242424242
 645 -1.181818181818182
 21 -1.121212121212121
 615 -1.060606060606061
 14 -1
 555 -0.9393939393939394
 28 -0.8787878787878789
 605 -0.8181818181818183
 1096 -0.7575757575757573
 693 -0.6969696969696968
 1129 -0.6363636363636362
 726 -0.5757575757575757
 1064 -0.5151515151515151
 641 -0.4545454545454546
 969 -0.393939393939394
 4592 -0.333333333333333
 673 -0.2727272727272725
 2789 -0.2121212121212119
 14 -0.1515151515151514
 2744 -0.09090909090909083
 12 -0.03030303030303028
 2661 0.03030303030303028
 14 0.09090909090909083
 2444 0.1515151515151514
 1617 0.2121212121212124
 2431 0.2727272727272729
 1622 0.3333333333333335
 686 0.393939393939394
 938 0.4545454545454546
 684 0.5151515151515151
 788 0.5757575757575757
 677 0.6363636363636367
 844 0.6969696969696972
 535 0.7575757575757578
 18 0.8181818181818183
 546 0.8787878787878789
 23 0.9393939393939394
 546 1
 15 1.060606060606061
 451 1.121212121212121
 18 1.181818181818182
 31 1.242424242424242
 112 1.303030303030303
 38 1.363636363636363
 93 1.424242424242425
 29 1.484848484848485
 86 1.545454545454546
 2 1.606060606060606
 0 1.666666666666667
 1 1.727272727272728
 35 1.787878787878788
 3 1.848484848484849
 32 1.909090909090909
 7 1.96969696969697
 0 2.03030303030303
 0 2.090909090909091
 0 2.151515151515151
 0 2.212121212121212
 1 2.272727272727272
 1 2.333333333333334
 7 2.393939393939394
 0 2.454545454545455
 2 2.515151515151516
 0 2.575757575757576
 0 2.636363636363637
 0 2.696969696969697
 0 2.757575757575758
 0 2.818181818181818
 0 2.878787878787879
 0 2.939393939393939
 0 3


