# Created by Octave 3.8.2, Mon Jun 22 03:48:19 2020 CEST <damian@fptrucha.inv.usc.es>
# name: hd
# type: matrix
# rows: 100
# columns: 2
 0 -3
 0 -2.939393939393939
 0 -2.878787878787879
 0 -2.818181818181818
 0 -2.757575757575758
 0 -2.696969696969697
 0 -2.636363636363636
 1 -2.575757575757576
 0 -2.515151515151515
 9 -2.454545454545455
 0 -2.393939393939394
 0 -2.333333333333333
 0 -2.272727272727272
 0 -2.212121212121212
 0 -2.151515151515151
 4 -2.090909090909091
 9 -2.03030303030303
 41 -1.96969696969697
 49 -1.909090909090909
 3 -1.848484848484848
 1 -1.787878787878788
 0 -1.727272727272727
 4 -1.666666666666667
 98 -1.606060606060606
 34 -1.545454545454545
 115 -1.484848484848485
 30 -1.424242424242424
 115 -1.363636363636364
 28 -1.303030303030303
 10 -1.242424242424242
 515 -1.181818181818182
 12 -1.121212121212121
 509 -1.060606060606061
 8 -1
 509 -0.9393939393939394
 28 -0.8787878787878789
 525 -0.8181818181818183
 930 -0.7575757575757573
 603 -0.6969696969696968
 975 -0.6363636363636362
 564 -0.5757575757575757
 860 -0.5151515151515151
 586 -0.4545454545454546
 879 -0.393939393939394
 3925 -0.333333333333333
 552 -0.2727272727272725
 2463 -0.2121212121212119
 11 -0.1515151515151514
 2544 -0.09090909090909083
 17 -0.03030303030303028
 2410 0.03030303030303028
 32 0.09090909090909083
 2161 0.1515151515151514
 1494 0.2121212121212124
 2143 0.2727272727272729
 1399 0.3333333333333335
 599 0.393939393939394
 881 0.4545454545454546
 598 0.5151515151515151
 738 0.5757575757575757
 657 0.6363636363636367
 763 0.6969696969696972
 494 0.7575757575757578
 18 0.8181818181818183
 533 0.8787878787878789
 19 0.9393939393939394
 507 1
 14 1.060606060606061
 506 1.121212121212121
 14 1.181818181818182
 33 1.242424242424242
 113 1.303030303030303
 36 1.363636363636363
 111 1.424242424242425
 29 1.484848484848485
 98 1.545454545454546
 2 1.606060606060606
 0 1.666666666666667
 1 1.727272727272728
 36 1.787878787878788
 3 1.848484848484849
 41 1.909090909090909
 9 1.96969696969697
 2 2.03030303030303
 0 2.090909090909091
 0 2.151515151515151
 2 2.212121212121212
 0 2.272727272727272
 2 2.333333333333334
 14 2.393939393939394
 1 2.454545454545455
 0 2.515151515151516
 0 2.575757575757576
 0 2.636363636363637
 0 2.696969696969697
 0 2.757575757575758
 0 2.818181818181818
 0 2.878787878787879
 0 2.939393939393939
 0 3


