# Created by Octave 3.8.2, Mon Jun 22 11:25:47 2020 CEST <damian@fptrucha.inv.usc.es>
# name: hd
# type: matrix
# rows: 100
# columns: 2
 0 -3
 0 -2.939393939393939
 0 -2.878787878787879
 0 -2.818181818181818
 0 -2.757575757575758
 0 -2.696969696969697
 0 -2.636363636363636
 2 -2.575757575757576
 0 -2.515151515151515
 6 -2.454545454545455
 0 -2.393939393939394
 1 -2.333333333333333
 1 -2.272727272727272
 0 -2.212121212121212
 0 -2.151515151515151
 1 -2.090909090909091
 2 -2.03030303030303
 33 -1.96969696969697
 28 -1.909090909090909
 4 -1.848484848484848
 2 -1.787878787878788
 0 -1.727272727272727
 4 -1.666666666666667
 95 -1.606060606060606
 25 -1.545454545454545
 120 -1.484848484848485
 28 -1.424242424242424
 118 -1.363636363636364
 25 -1.303030303030303
 11 -1.242424242424242
 517 -1.181818181818182
 9 -1.121212121212121
 527 -1.060606060606061
 24 -1
 506 -0.9393939393939394
 19 -0.8787878787878789
 485 -0.8181818181818183
 825 -0.7575757575757573
 602 -0.6969696969696968
 961 -0.6363636363636362
 623 -0.5757575757575757
 868 -0.5151515151515151
 602 -0.4545454545454546
 927 -0.393939393939394
 3890 -0.333333333333333
 582 -0.2727272727272725
 2593 -0.2121212121212119
 5 -0.1515151515151514
 2590 -0.09090909090909083
 29 -0.03030303030303028
 2502 0.03030303030303028
 24 0.09090909090909083
 2357 0.1515151515151514
 1510 0.2121212121212124
 2335 0.2727272727272729
 1578 0.3333333333333335
 661 0.393939393939394
 872 0.4545454545454546
 646 0.5151515151515151
 815 0.5757575757575757
 628 0.6363636363636367
 812 0.6969696969696972
 517 0.7575757575757578
 8 0.8181818181818183
 599 0.8787878787878789
 16 0.9393939393939394
 511 1
 10 1.060606060606061
 523 1.121212121212121
 14 1.181818181818182
 32 1.242424242424242
 117 1.303030303030303
 39 1.363636363636363
 92 1.424242424242425
 27 1.484848484848485
 110 1.545454545454546
 3 1.606060606060606
 0 1.666666666666667
 2 1.727272727272728
 31 1.787878787878788
 2 1.848484848484849
 39 1.909090909090909
 1 1.96969696969697
 5 2.03030303030303
 0 2.090909090909091
 0 2.151515151515151
 1 2.212121212121212
 0 2.272727272727272
 3 2.333333333333334
 9 2.393939393939394
 1 2.454545454545455
 0 2.515151515151516
 0 2.575757575757576
 0 2.636363636363637
 0 2.696969696969697
 0 2.757575757575758
 0 2.818181818181818
 0 2.878787878787879
 0 2.939393939393939
 0 3


