# Created by Octave 3.8.2, Mon Jun 22 08:29:18 2020 CEST <damian@fptrucha.inv.usc.es>
# name: hd
# type: matrix
# rows: 100
# columns: 2
 0 -3
 0 -2.939393939393939
 0 -2.878787878787879
 0 -2.818181818181818
 0 -2.757575757575758
 0 -2.696969696969697
 0 -2.636363636363636
 2 -2.575757575757576
 0 -2.515151515151515
 3 -2.454545454545455
 0 -2.393939393939394
 2 -2.333333333333333
 0 -2.272727272727272
 0 -2.212121212121212
 0 -2.151515151515151
 1 -2.090909090909091
 7 -2.03030303030303
 33 -1.96969696969697
 29 -1.909090909090909
 3 -1.848484848484848
 0 -1.787878787878788
 0 -1.727272727272727
 1 -1.666666666666667
 109 -1.606060606060606
 28 -1.545454545454545
 113 -1.484848484848485
 21 -1.424242424242424
 125 -1.363636363636364
 26 -1.303030303030303
 10 -1.242424242424242
 558 -1.181818181818182
 11 -1.121212121212121
 528 -1.060606060606061
 15 -1
 508 -0.9393939393939394
 29 -0.8787878787878789
 492 -0.8181818181818183
 829 -0.7575757575757573
 587 -0.6969696969696968
 902 -0.6363636363636362
 627 -0.5757575757575757
 868 -0.5151515151515151
 551 -0.4545454545454546
 872 -0.393939393939394
 3859 -0.333333333333333
 586 -0.2727272727272725
 2493 -0.2121212121212119
 13 -0.1515151515151514
 2539 -0.09090909090909083
 16 -0.03030303030303028
 2414 0.03030303030303028
 23 0.09090909090909083
 2241 0.1515151515151514
 1512 0.2121212121212124
 2286 0.2727272727272729
 1482 0.3333333333333335
 633 0.393939393939394
 896 0.4545454545454546
 686 0.5151515151515151
 746 0.5757575757575757
 645 0.6363636363636367
 816 0.6969696969696972
 518 0.7575757575757578
 6 0.8181818181818183
 562 0.8787878787878789
 22 0.9393939393939394
 502 1
 14 1.060606060606061
 517 1.121212121212121
 13 1.181818181818182
 25 1.242424242424242
 89 1.303030303030303
 24 1.363636363636363
 104 1.424242424242425
 36 1.484848484848485
 94 1.545454545454546
 2 1.606060606060606
 0 1.666666666666667
 1 1.727272727272728
 37 1.787878787878788
 6 1.848484848484849
 34 1.909090909090909
 4 1.96969696969697
 1 2.03030303030303
 0 2.090909090909091
 0 2.151515151515151
 1 2.212121212121212
 0 2.272727272727272
 0 2.333333333333334
 9 2.393939393939394
 0 2.454545454545455
 2 2.515151515151516
 0 2.575757575757576
 0 2.636363636363637
 0 2.696969696969697
 0 2.757575757575758
 0 2.818181818181818
 0 2.878787878787879
 0 2.939393939393939
 0 3


