# Created by Octave 3.8.2, Sun Jun 21 07:23:10 2020 CEST <damian@fptrucha.inv.usc.es>
# name: hd
# type: matrix
# rows: 100
# columns: 2
 0 -3
 0 -2.939393939393939
 0 -2.878787878787879
 0 -2.818181818181818
 0 -2.757575757575758
 0 -2.696969696969697
 0 -2.636363636363636
 3 -2.575757575757576
 1 -2.515151515151515
 4 -2.454545454545455
 0 -2.393939393939394
 0 -2.333333333333333
 0 -2.272727272727272
 0 -2.212121212121212
 0 -2.151515151515151
 2 -2.090909090909091
 0 -2.03030303030303
 21 -1.96969696969697
 33 -1.909090909090909
 1 -1.848484848484848
 0 -1.787878787878788
 0 -1.727272727272727
 1 -1.666666666666667
 90 -1.606060606060606
 26 -1.545454545454545
 75 -1.484848484848485
 10 -1.424242424242424
 79 -1.363636363636364
 20 -1.303030303030303
 16 -1.242424242424242
 515 -1.181818181818182
 22 -1.121212121212121
 499 -1.060606060606061
 8 -1
 449 -0.9393939393939394
 13 -0.8787878787878789
 453 -0.8181818181818183
 942 -0.7575757575757573
 643 -0.6969696969696968
 1013 -0.6363636363636362
 628 -0.5757575757575757
 878 -0.5151515151515151
 588 -0.4545454545454546
 791 -0.393939393939394
 4170 -0.333333333333333
 514 -0.2727272727272725
 2843 -0.2121212121212119
 6 -0.1515151515151514
 2676 -0.09090909090909083
 5 -0.03030303030303028
 2561 0.03030303030303028
 13 0.09090909090909083
 2127 0.1515151515151514
 1717 0.2121212121212124
 2260 0.2727272727272729
 1643 0.3333333333333335
 634 0.393939393939394
 888 0.4545454545454546
 620 0.5151515151515151
 824 0.5757575757575757
 553 0.6363636363636367
 760 0.6969696969696972
 571 0.7575757575757578
 12 0.8181818181818183
 555 0.8787878787878789
 19 0.9393939393939394
 435 1
 6 1.060606060606061
 491 1.121212121212121
 14 1.181818181818182
 34 1.242424242424242
 106 1.303030303030303
 24 1.363636363636363
 107 1.424242424242425
 27 1.484848484848485
 73 1.545454545454546
 0 1.606060606060606
 0 1.666666666666667
 1 1.727272727272728
 25 1.787878787878788
 1 1.848484848484849
 20 1.909090909090909
 2 1.96969696969697
 0 2.03030303030303
 0 2.090909090909091
 0 2.151515151515151
 0 2.212121212121212
 0 2.272727272727272
 0 2.333333333333334
 4 2.393939393939394
 0 2.454545454545455
 0 2.515151515151516
 0 2.575757575757576
 0 2.636363636363637
 0 2.696969696969697
 0 2.757575757575758
 0 2.818181818181818
 0 2.878787878787879
 0 2.939393939393939
 0 3


