# Created by Octave 3.8.2, Sat Jun 20 22:46:12 2020 CEST <damian@fptrucha.inv.usc.es>
# name: hd
# type: matrix
# rows: 100
# columns: 2
 0 -3
 0 -2.939393939393939
 0 -2.878787878787879
 0 -2.818181818181818
 0 -2.757575757575758
 0 -2.696969696969697
 0 -2.636363636363636
 1 -2.575757575757576
 0 -2.515151515151515
 4 -2.454545454545455
 0 -2.393939393939394
 0 -2.333333333333333
 2 -2.272727272727272
 0 -2.212121212121212
 0 -2.151515151515151
 2 -2.090909090909091
 3 -2.03030303030303
 18 -1.96969696969697
 30 -1.909090909090909
 2 -1.848484848484848
 1 -1.787878787878788
 0 -1.727272727272727
 4 -1.666666666666667
 90 -1.606060606060606
 14 -1.545454545454545
 72 -1.484848484848485
 22 -1.424242424242424
 99 -1.363636363636364
 10 -1.303030303030303
 5 -1.242424242424242
 533 -1.181818181818182
 12 -1.121212121212121
 447 -1.060606060606061
 9 -1
 402 -0.9393939393939394
 19 -0.8787878787878789
 434 -0.8181818181818183
 953 -0.7575757575757573
 661 -0.6969696969696968
 997 -0.6363636363636362
 647 -0.5757575757575757
 791 -0.5151515151515151
 579 -0.4545454545454546
 810 -0.393939393939394
 4213 -0.333333333333333
 551 -0.2727272727272725
 2885 -0.2121212121212119
 8 -0.1515151515151514
 2559 -0.09090909090909083
 8 -0.03030303030303028
 2425 0.03030303030303028
 10 0.09090909090909083
 2142 0.1515151515151514
 1730 0.2121212121212124
 2170 0.2727272727272729
 1613 0.3333333333333335
 598 0.393939393939394
 870 0.4545454545454546
 623 0.5151515151515151
 807 0.5757575757575757
 566 0.6363636363636367
 770 0.6969696969696972
 569 0.7575757575757578
 13 0.8181818181818183
 490 0.8787878787878789
 7 0.9393939393939394
 515 1
 13 1.060606060606061
 494 1.121212121212121
 8 1.181818181818182
 30 1.242424242424242
 96 1.303030303030303
 29 1.363636363636363
 117 1.424242424242425
 31 1.484848484848485
 102 1.545454545454546
 2 1.606060606060606
 0 1.666666666666667
 3 1.727272727272728
 17 1.787878787878788
 4 1.848484848484849
 33 1.909090909090909
 1 1.96969696969697
 1 2.03030303030303
 0 2.090909090909091
 0 2.151515151515151
 0 2.212121212121212
 0 2.272727272727272
 1 2.333333333333334
 5 2.393939393939394
 1 2.454545454545455
 1 2.515151515151516
 0 2.575757575757576
 0 2.636363636363637
 0 2.696969696969697
 0 2.757575757575758
 0 2.818181818181818
 0 2.878787878787879
 0 2.939393939393939
 0 3


