# Created by Octave 3.8.2, Sat Jun 20 08:25:15 2020 CEST <damian@fptrucha.inv.usc.es>
# name: hd
# type: matrix
# rows: 100
# columns: 2
 0 -3
 0 -2.939393939393939
 0 -2.878787878787879
 0 -2.818181818181818
 0 -2.757575757575758
 0 -2.696969696969697
 0 -2.636363636363636
 2 -2.575757575757576
 4 -2.515151515151515
 7 -2.454545454545455
 2 -2.393939393939394
 0 -2.333333333333333
 3 -2.272727272727272
 0 -2.212121212121212
 0 -2.151515151515151
 1 -2.090909090909091
 7 -2.03030303030303
 32 -1.96969696969697
 35 -1.909090909090909
 1 -1.848484848484848
 1 -1.787878787878788
 0 -1.727272727272727
 3 -1.666666666666667
 105 -1.606060606060606
 33 -1.545454545454545
 94 -1.484848484848485
 26 -1.424242424242424
 94 -1.363636363636364
 18 -1.303030303030303
 22 -1.242424242424242
 653 -1.181818181818182
 22 -1.121212121212121
 610 -1.060606060606061
 10 -1
 610 -0.9393939393939394
 15 -0.8787878787878789
 511 -0.8181818181818183
 1142 -0.7575757575757573
 820 -0.6969696969696968
 1218 -0.6363636363636362
 738 -0.5757575757575757
 1074 -0.5151515151515151
 660 -0.4545454545454546
 1013 -0.393939393939394
 4739 -0.333333333333333
 593 -0.2727272727272725
 3247 -0.2121212121212119
 8 -0.1515151515151514
 3029 -0.09090909090909083
 13 -0.03030303030303028
 2896 0.03030303030303028
 12 0.09090909090909083
 2451 0.1515151515151514
 1963 0.2121212121212124
 2616 0.2727272727272729
 1899 0.3333333333333335
 697 0.393939393939394
 1019 0.4545454545454546
 776 0.5151515151515151
 936 0.5757575757575757
 688 0.6363636363636367
 916 0.6969696969696972
 658 0.7575757575757578
 12 0.8181818181818183
 615 0.8787878787878789
 26 0.9393939393939394
 593 1
 18 1.060606060606061
 555 1.121212121212121
 12 1.181818181818182
 36 1.242424242424242
 121 1.303030303030303
 27 1.363636363636363
 108 1.424242424242425
 33 1.484848484848485
 102 1.545454545454546
 6 1.606060606060606
 0 1.666666666666667
 1 1.727272727272728
 36 1.787878787878788
 4 1.848484848484849
 41 1.909090909090909
 3 1.96969696969697
 0 2.03030303030303
 0 2.090909090909091
 0 2.151515151515151
 2 2.212121212121212
 1 2.272727272727272
 0 2.333333333333334
 15 2.393939393939394
 0 2.454545454545455
 2 2.515151515151516
 0 2.575757575757576
 0 2.636363636363637
 0 2.696969696969697
 0 2.757575757575758
 0 2.818181818181818
 0 2.878787878787879
 0 2.939393939393939
 0 3


