# Created by Octave 3.8.2, Mon Jun 22 05:07:41 2020 CEST <damian@fptrucha.inv.usc.es>
# name: hd
# type: matrix
# rows: 100
# columns: 2
 0 -3
 0 -2.939393939393939
 0 -2.878787878787879
 0 -2.818181818181818
 0 -2.757575757575758
 0 -2.696969696969697
 0 -2.636363636363636
 1 -2.575757575757576
 1 -2.515151515151515
 7 -2.454545454545455
 0 -2.393939393939394
 0 -2.333333333333333
 2 -2.272727272727272
 0 -2.212121212121212
 0 -2.151515151515151
 0 -2.090909090909091
 6 -2.03030303030303
 31 -1.96969696969697
 36 -1.909090909090909
 1 -1.848484848484848
 1 -1.787878787878788
 0 -1.727272727272727
 5 -1.666666666666667
 103 -1.606060606060606
 28 -1.545454545454545
 130 -1.484848484848485
 29 -1.424242424242424
 107 -1.363636363636364
 27 -1.303030303030303
 10 -1.242424242424242
 558 -1.181818181818182
 18 -1.121212121212121
 504 -1.060606060606061
 20 -1
 506 -0.9393939393939394
 18 -0.8787878787878789
 509 -0.8181818181818183
 948 -0.7575757575757573
 570 -0.6969696969696968
 832 -0.6363636363636362
 588 -0.5757575757575757
 815 -0.5151515151515151
 544 -0.4545454545454546
 905 -0.393939393939394
 3686 -0.333333333333333
 501 -0.2727272727272725
 2272 -0.2121212121212119
 14 -0.1515151515151514
 2363 -0.09090909090909083
 10 -0.03030303030303028
 2327 0.03030303030303028
 21 0.09090909090909083
 2052 0.1515151515151514
 1501 0.2121212121212124
 2134 0.2727272727272729
 1346 0.3333333333333335
 581 0.393939393939394
 851 0.4545454545454546
 590 0.5151515151515151
 714 0.5757575757575757
 555 0.6363636363636367
 722 0.6969696969696972
 499 0.7575757575757578
 11 0.8181818181818183
 488 0.8787878787878789
 14 0.9393939393939394
 502 1
 14 1.060606060606061
 455 1.121212121212121
 10 1.181818181818182
 36 1.242424242424242
 102 1.303030303030303
 24 1.363636363636363
 108 1.424242424242425
 39 1.484848484848485
 96 1.545454545454546
 2 1.606060606060606
 0 1.666666666666667
 4 1.727272727272728
 35 1.787878787878788
 6 1.848484848484849
 31 1.909090909090909
 3 1.96969696969697
 2 2.03030303030303
 0 2.090909090909091
 0 2.151515151515151
 1 2.212121212121212
 3 2.272727272727272
 3 2.333333333333334
 8 2.393939393939394
 1 2.454545454545455
 1 2.515151515151516
 0 2.575757575757576
 0 2.636363636363637
 0 2.696969696969697
 0 2.757575757575758
 0 2.818181818181818
 0 2.878787878787879
 0 2.939393939393939
 0 3


