# Created by Octave 3.8.2, Mon Jun 22 16:41:50 2020 CEST <damian@fptrucha.inv.usc.es>
# name: hd
# type: matrix
# rows: 100
# columns: 2
 0 -3
 0 -2.939393939393939
 0 -2.878787878787879
 0 -2.818181818181818
 0 -2.757575757575758
 0 -2.696969696969697
 0 -2.636363636363636
 3 -2.575757575757576
 1 -2.515151515151515
 7 -2.454545454545455
 1 -2.393939393939394
 2 -2.333333333333333
 3 -2.272727272727272
 0 -2.212121212121212
 0 -2.151515151515151
 2 -2.090909090909091
 6 -2.03030303030303
 34 -1.96969696969697
 47 -1.909090909090909
 4 -1.848484848484848
 1 -1.787878787878788
 0 -1.727272727272727
 4 -1.666666666666667
 109 -1.606060606060606
 25 -1.545454545454545
 115 -1.484848484848485
 30 -1.424242424242424
 121 -1.363636363636364
 29 -1.303030303030303
 16 -1.242424242424242
 550 -1.181818181818182
 17 -1.121212121212121
 547 -1.060606060606061
 21 -1
 549 -0.9393939393939394
 15 -0.8787878787878789
 524 -0.8181818181818183
 912 -0.7575757575757573
 632 -0.6969696969696968
 968 -0.6363636363636362
 647 -0.5757575757575757
 970 -0.5151515151515151
 652 -0.4545454545454546
 934 -0.393939393939394
 4295 -0.333333333333333
 598 -0.2727272727272725
 2737 -0.2121212121212119
 16 -0.1515151515151514
 2680 -0.09090909090909083
 17 -0.03030303030303028
 2577 0.03030303030303028
 25 0.09090909090909083
 2384 0.1515151515151514
 1590 0.2121212121212124
 2365 0.2727272727272729
 1631 0.3333333333333335
 715 0.393939393939394
 950 0.4545454545454546
 681 0.5151515151515151
 801 0.5757575757575757
 622 0.6363636363636367
 855 0.6969696969696972
 551 0.7575757575757578
 15 0.8181818181818183
 559 0.8787878787878789
 24 0.9393939393939394
 588 1
 26 1.060606060606061
 569 1.121212121212121
 20 1.181818181818182
 35 1.242424242424242
 114 1.303030303030303
 36 1.363636363636363
 127 1.424242424242425
 25 1.484848484848485
 107 1.545454545454546
 1 1.606060606060606
 0 1.666666666666667
 1 1.727272727272728
 51 1.787878787878788
 5 1.848484848484849
 28 1.909090909090909
 1 1.96969696969697
 2 2.03030303030303
 0 2.090909090909091
 0 2.151515151515151
 2 2.212121212121212
 1 2.272727272727272
 1 2.333333333333334
 15 2.393939393939394
 1 2.454545454545455
 0 2.515151515151516
 0 2.575757575757576
 0 2.636363636363637
 0 2.696969696969697
 0 2.757575757575758
 0 2.818181818181818
 0 2.878787878787879
 0 2.939393939393939
 0 3


