# Created by Octave 3.8.2, Mon Jun 22 01:12:24 2020 CEST <damian@fptrucha.inv.usc.es>
# name: hd
# type: matrix
# rows: 100
# columns: 2
 0 -3
 0 -2.939393939393939
 0 -2.878787878787879
 0 -2.818181818181818
 0 -2.757575757575758
 0 -2.696969696969697
 0 -2.636363636363636
 2 -2.575757575757576
 0 -2.515151515151515
 3 -2.454545454545455
 0 -2.393939393939394
 0 -2.333333333333333
 0 -2.272727272727272
 0 -2.212121212121212
 0 -2.151515151515151
 2 -2.090909090909091
 2 -2.03030303030303
 24 -1.96969696969697
 26 -1.909090909090909
 5 -1.848484848484848
 0 -1.787878787878788
 0 -1.727272727272727
 1 -1.666666666666667
 103 -1.606060606060606
 17 -1.545454545454545
 88 -1.484848484848485
 21 -1.424242424242424
 67 -1.363636363636364
 18 -1.303030303030303
 15 -1.242424242424242
 569 -1.181818181818182
 10 -1.121212121212121
 480 -1.060606060606061
 7 -1
 436 -0.9393939393939394
 6 -0.8787878787878789
 430 -0.8181818181818183
 970 -0.7575757575757573
 667 -0.6969696969696968
 1051 -0.6363636363636362
 575 -0.5757575757575757
 873 -0.5151515151515151
 547 -0.4545454545454546
 765 -0.393939393939394
 4243 -0.333333333333333
 546 -0.2727272727272725
 2888 -0.2121212121212119
 13 -0.1515151515151514
 2558 -0.09090909090909083
 3 -0.03030303030303028
 2475 0.03030303030303028
 13 0.09090909090909083
 2188 0.1515151515151514
 1757 0.2121212121212124
 2145 0.2727272727272729
 1646 0.3333333333333335
 631 0.393939393939394
 869 0.4545454545454546
 662 0.5151515151515151
 791 0.5757575757575757
 564 0.6363636363636367
 795 0.6969696969696972
 599 0.7575757575757578
 18 0.8181818181818183
 547 0.8787878787878789
 14 0.9393939393939394
 525 1
 7 1.060606060606061
 510 1.121212121212121
 13 1.181818181818182
 26 1.242424242424242
 106 1.303030303030303
 30 1.363636363636363
 109 1.424242424242425
 25 1.484848484848485
 96 1.545454545454546
 1 1.606060606060606
 0 1.666666666666667
 1 1.727272727272728
 30 1.787878787878788
 3 1.848484848484849
 20 1.909090909090909
 5 1.96969696969697
 2 2.03030303030303
 0 2.090909090909091
 0 2.151515151515151
 1 2.212121212121212
 2 2.272727272727272
 1 2.333333333333334
 7 2.393939393939394
 0 2.454545454545455
 1 2.515151515151516
 0 2.575757575757576
 0 2.636363636363637
 0 2.696969696969697
 0 2.757575757575758
 0 2.818181818181818
 0 2.878787878787879
 0 2.939393939393939
 0 3


