# Created by Octave 3.8.2, Mon Jun 22 00:29:05 2020 CEST <damian@fptrucha.inv.usc.es>
# name: hd
# type: matrix
# rows: 100
# columns: 2
 0 -3
 0 -2.939393939393939
 0 -2.878787878787879
 0 -2.818181818181818
 0 -2.757575757575758
 0 -2.696969696969697
 0 -2.636363636363636
 3 -2.575757575757576
 0 -2.515151515151515
 5 -2.454545454545455
 0 -2.393939393939394
 0 -2.333333333333333
 1 -2.272727272727272
 0 -2.212121212121212
 0 -2.151515151515151
 3 -2.090909090909091
 4 -2.03030303030303
 29 -1.96969696969697
 28 -1.909090909090909
 2 -1.848484848484848
 4 -1.787878787878788
 0 -1.727272727272727
 2 -1.666666666666667
 87 -1.606060606060606
 23 -1.545454545454545
 111 -1.484848484848485
 16 -1.424242424242424
 82 -1.363636363636364
 15 -1.303030303030303
 9 -1.242424242424242
 550 -1.181818181818182
 15 -1.121212121212121
 514 -1.060606060606061
 14 -1
 469 -0.9393939393939394
 14 -0.8787878787878789
 473 -0.8181818181818183
 959 -0.7575757575757573
 681 -0.6969696969696968
 1023 -0.6363636363636362
 698 -0.5757575757575757
 893 -0.5151515151515151
 591 -0.4545454545454546
 847 -0.393939393939394
 4364 -0.333333333333333
 536 -0.2727272727272725
 3048 -0.2121212121212119
 6 -0.1515151515151514
 2747 -0.09090909090909083
 8 -0.03030303030303028
 2560 0.03030303030303028
 10 0.09090909090909083
 2187 0.1515151515151514
 1674 0.2121212121212124
 2191 0.2727272727272729
 1720 0.3333333333333335
 684 0.393939393939394
 888 0.4545454545454546
 634 0.5151515151515151
 818 0.5757575757575757
 548 0.6363636363636367
 826 0.6969696969696972
 592 0.7575757575757578
 15 0.8181818181818183
 562 0.8787878787878789
 16 0.9393939393939394
 534 1
 13 1.060606060606061
 504 1.121212121212121
 13 1.181818181818182
 33 1.242424242424242
 87 1.303030303030303
 19 1.363636363636363
 80 1.424242424242425
 26 1.484848484848485
 85 1.545454545454546
 0 1.606060606060606
 0 1.666666666666667
 2 1.727272727272728
 31 1.787878787878788
 1 1.848484848484849
 33 1.909090909090909
 3 1.96969696969697
 0 2.03030303030303
 0 2.090909090909091
 0 2.151515151515151
 2 2.212121212121212
 0 2.272727272727272
 0 2.333333333333334
 2 2.393939393939394
 0 2.454545454545455
 0 2.515151515151516
 0 2.575757575757576
 0 2.636363636363637
 0 2.696969696969697
 0 2.757575757575758
 0 2.818181818181818
 0 2.878787878787879
 0 2.939393939393939
 0 3


