# Created by Octave 3.8.2, Mon Jun 22 02:38:48 2020 CEST <damian@fptrucha.inv.usc.es>
# name: hd
# type: matrix
# rows: 100
# columns: 2
 0 -3
 0 -2.939393939393939
 0 -2.878787878787879
 0 -2.818181818181818
 0 -2.757575757575758
 0 -2.696969696969697
 0 -2.636363636363636
 1 -2.575757575757576
 1 -2.515151515151515
 11 -2.454545454545455
 2 -2.393939393939394
 0 -2.333333333333333
 0 -2.272727272727272
 0 -2.212121212121212
 0 -2.151515151515151
 1 -2.090909090909091
 5 -2.03030303030303
 32 -1.96969696969697
 43 -1.909090909090909
 4 -1.848484848484848
 3 -1.787878787878788
 0 -1.727272727272727
 2 -1.666666666666667
 79 -1.606060606060606
 33 -1.545454545454545
 126 -1.484848484848485
 33 -1.424242424242424
 135 -1.363636363636364
 29 -1.303030303030303
 8 -1.242424242424242
 479 -1.181818181818182
 14 -1.121212121212121
 489 -1.060606060606061
 24 -1
 489 -0.9393939393939394
 27 -0.8787878787878789
 488 -0.8181818181818183
 855 -0.7575757575757573
 578 -0.6969696969696968
 895 -0.6363636363636362
 574 -0.5757575757575757
 804 -0.5151515151515151
 551 -0.4545454545454546
 905 -0.393939393939394
 3830 -0.333333333333333
 556 -0.2727272727272725
 2321 -0.2121212121212119
 13 -0.1515151515151514
 2404 -0.09090909090909083
 22 -0.03030303030303028
 2368 0.03030303030303028
 28 0.09090909090909083
 2204 0.1515151515151514
 1530 0.2121212121212124
 2155 0.2727272727272729
 1420 0.3333333333333335
 612 0.393939393939394
 828 0.4545454545454546
 591 0.5151515151515151
 749 0.5757575757575757
 601 0.6363636363636367
 817 0.6969696969696972
 526 0.7575757575757578
 14 0.8181818181818183
 495 0.8787878787878789
 21 0.9393939393939394
 506 1
 19 1.060606060606061
 488 1.121212121212121
 19 1.181818181818182
 24 1.242424242424242
 109 1.303030303030303
 28 1.363636363636363
 106 1.424242424242425
 46 1.484848484848485
 110 1.545454545454546
 6 1.606060606060606
 0 1.666666666666667
 3 1.727272727272728
 32 1.787878787878788
 4 1.848484848484849
 39 1.909090909090909
 7 1.96969696969697
 0 2.03030303030303
 0 2.090909090909091
 0 2.151515151515151
 3 2.212121212121212
 1 2.272727272727272
 1 2.333333333333334
 7 2.393939393939394
 0 2.454545454545455
 1 2.515151515151516
 0 2.575757575757576
 0 2.636363636363637
 0 2.696969696969697
 0 2.757575757575758
 0 2.818181818181818
 0 2.878787878787879
 0 2.939393939393939
 0 3


