# Created by Octave 3.8.2, Sat Jun 20 18:38:35 2020 CEST <damian@fptrucha.inv.usc.es>
# name: hd
# type: matrix
# rows: 100
# columns: 2
 0 -3
 0 -2.939393939393939
 0 -2.878787878787879
 0 -2.818181818181818
 0 -2.757575757575758
 0 -2.696969696969697
 0 -2.636363636363636
 0 -2.575757575757576
 2 -2.515151515151515
 3 -2.454545454545455
 0 -2.393939393939394
 1 -2.333333333333333
 1 -2.272727272727272
 0 -2.212121212121212
 0 -2.151515151515151
 1 -2.090909090909091
 4 -2.03030303030303
 23 -1.96969696969697
 21 -1.909090909090909
 1 -1.848484848484848
 0 -1.787878787878788
 0 -1.727272727272727
 3 -1.666666666666667
 95 -1.606060606060606
 21 -1.545454545454545
 82 -1.484848484848485
 16 -1.424242424242424
 86 -1.363636363636364
 21 -1.303030303030303
 14 -1.242424242424242
 549 -1.181818181818182
 17 -1.121212121212121
 481 -1.060606060606061
 9 -1
 459 -0.9393939393939394
 6 -0.8787878787878789
 397 -0.8181818181818183
 965 -0.7575757575757573
 673 -0.6969696969696968
 987 -0.6363636363636362
 639 -0.5757575757575757
 891 -0.5151515151515151
 559 -0.4545454545454546
 812 -0.393939393939394
 4062 -0.333333333333333
 524 -0.2727272727272725
 2879 -0.2121212121212119
 9 -0.1515151515151514
 2617 -0.09090909090909083
 8 -0.03030303030303028
 2541 0.03030303030303028
 9 0.09090909090909083
 2234 0.1515151515151514
 1712 0.2121212121212124
 2170 0.2727272727272729
 1661 0.3333333333333335
 643 0.393939393939394
 915 0.4545454545454546
 667 0.5151515151515151
 830 0.5757575757575757
 558 0.6363636363636367
 809 0.6969696969696972
 584 0.7575757575757578
 7 0.8181818181818183
 566 0.8787878787878789
 13 0.9393939393939394
 488 1
 10 1.060606060606061
 495 1.121212121212121
 15 1.181818181818182
 23 1.242424242424242
 98 1.303030303030303
 22 1.363636363636363
 87 1.424242424242425
 29 1.484848484848485
 84 1.545454545454546
 1 1.606060606060606
 0 1.666666666666667
 1 1.727272727272728
 37 1.787878787878788
 4 1.848484848484849
 29 1.909090909090909
 4 1.96969696969697
 2 2.03030303030303
 0 2.090909090909091
 0 2.151515151515151
 0 2.212121212121212
 0 2.272727272727272
 0 2.333333333333334
 7 2.393939393939394
 0 2.454545454545455
 1 2.515151515151516
 0 2.575757575757576
 0 2.636363636363637
 0 2.696969696969697
 0 2.757575757575758
 0 2.818181818181818
 0 2.878787878787879
 0 2.939393939393939
 0 3


