# Created by Octave 3.8.2, Sat Jun 20 12:29:52 2020 CEST <damian@fptrucha.inv.usc.es>
# name: hd
# type: matrix
# rows: 100
# columns: 2
 0 -3
 0 -2.939393939393939
 0 -2.878787878787879
 0 -2.818181818181818
 0 -2.757575757575758
 0 -2.696969696969697
 0 -2.636363636363636
 1 -2.575757575757576
 1 -2.515151515151515
 0 -2.454545454545455
 1 -2.393939393939394
 0 -2.333333333333333
 0 -2.272727272727272
 0 -2.212121212121212
 0 -2.151515151515151
 0 -2.090909090909091
 1 -2.03030303030303
 15 -1.96969696969697
 21 -1.909090909090909
 0 -1.848484848484848
 2 -1.787878787878788
 0 -1.727272727272727
 5 -1.666666666666667
 81 -1.606060606060606
 18 -1.545454545454545
 61 -1.484848484848485
 14 -1.424242424242424
 64 -1.363636363636364
 10 -1.303030303030303
 4 -1.242424242424242
 382 -1.181818181818182
 13 -1.121212121212121
 376 -1.060606060606061
 7 -1
 316 -0.9393939393939394
 9 -0.8787878787878789
 308 -0.8181818181818183
 737 -0.7575757575757573
 452 -0.6969696969696968
 733 -0.6363636363636362
 470 -0.5757575757575757
 603 -0.5151515151515151
 412 -0.4545454545454546
 632 -0.393939393939394
 3196 -0.333333333333333
 383 -0.2727272727272725
 2025 -0.2121212121212119
 7 -0.1515151515151514
 1841 -0.09090909090909083
 4 -0.03030303030303028
 1805 0.03030303030303028
 8 0.09090909090909083
 1597 0.1515151515151514
 1311 0.2121212121212124
 1539 0.2727272727272729
 1237 0.3333333333333335
 449 0.393939393939394
 656 0.4545454545454546
 505 0.5151515151515151
 617 0.5757575757575757
 400 0.6363636363636367
 593 0.6969696969696972
 476 0.7575757575757578
 12 0.8181818181818183
 423 0.8787878787878789
 12 0.9393939393939394
 399 1
 5 1.060606060606061
 389 1.121212121212121
 9 1.181818181818182
 25 1.242424242424242
 82 1.303030303030303
 26 1.363636363636363
 83 1.424242424242425
 22 1.484848484848485
 73 1.545454545454546
 1 1.606060606060606
 0 1.666666666666667
 0 1.727272727272728
 32 1.787878787878788
 0 1.848484848484849
 28 1.909090909090909
 4 1.96969696969697
 0 2.03030303030303
 0 2.090909090909091
 0 2.151515151515151
 1 2.212121212121212
 0 2.272727272727272
 1 2.333333333333334
 6 2.393939393939394
 0 2.454545454545455
 3 2.515151515151516
 0 2.575757575757576
 0 2.636363636363637
 0 2.696969696969697
 0 2.757575757575758
 0 2.818181818181818
 0 2.878787878787879
 0 2.939393939393939
 0 3


