# Created by Octave 3.8.2, Sun Jun 21 07:48:14 2020 CEST <damian@fptrucha.inv.usc.es>
# name: hd
# type: matrix
# rows: 100
# columns: 2
 0 -3
 0 -2.939393939393939
 0 -2.878787878787879
 0 -2.818181818181818
 0 -2.757575757575758
 0 -2.696969696969697
 0 -2.636363636363636
 3 -2.575757575757576
 1 -2.515151515151515
 3 -2.454545454545455
 0 -2.393939393939394
 0 -2.333333333333333
 2 -2.272727272727272
 0 -2.212121212121212
 0 -2.151515151515151
 2 -2.090909090909091
 1 -2.03030303030303
 26 -1.96969696969697
 26 -1.909090909090909
 0 -1.848484848484848
 0 -1.787878787878788
 0 -1.727272727272727
 0 -1.666666666666667
 116 -1.606060606060606
 16 -1.545454545454545
 103 -1.484848484848485
 21 -1.424242424242424
 96 -1.363636363636364
 15 -1.303030303030303
 16 -1.242424242424242
 552 -1.181818181818182
 12 -1.121212121212121
 501 -1.060606060606061
 11 -1
 453 -0.9393939393939394
 15 -0.8787878787878789
 439 -0.8181818181818183
 990 -0.7575757575757573
 708 -0.6969696969696968
 1034 -0.6363636363636362
 662 -0.5757575757575757
 888 -0.5151515151515151
 590 -0.4545454545454546
 902 -0.393939393939394
 4246 -0.333333333333333
 540 -0.2727272727272725
 2914 -0.2121212121212119
 14 -0.1515151515151514
 2679 -0.09090909090909083
 7 -0.03030303030303028
 2463 0.03030303030303028
 12 0.09090909090909083
 2212 0.1515151515151514
 1748 0.2121212121212124
 2138 0.2727272727272729
 1608 0.3333333333333335
 663 0.393939393939394
 907 0.4545454545454546
 628 0.5151515151515151
 752 0.5757575757575757
 590 0.6363636363636367
 723 0.6969696969696972
 524 0.7575757575757578
 10 0.8181818181818183
 571 0.8787878787878789
 10 0.9393939393939394
 543 1
 10 1.060606060606061
 469 1.121212121212121
 7 1.181818181818182
 24 1.242424242424242
 98 1.303030303030303
 23 1.363636363636363
 70 1.424242424242425
 36 1.484848484848485
 91 1.545454545454546
 0 1.606060606060606
 0 1.666666666666667
 1 1.727272727272728
 26 1.787878787878788
 5 1.848484848484849
 25 1.909090909090909
 2 1.96969696969697
 0 2.03030303030303
 0 2.090909090909091
 0 2.151515151515151
 1 2.212121212121212
 1 2.272727272727272
 1 2.333333333333334
 5 2.393939393939394
 1 2.454545454545455
 2 2.515151515151516
 0 2.575757575757576
 0 2.636363636363637
 0 2.696969696969697
 0 2.757575757575758
 0 2.818181818181818
 0 2.878787878787879
 0 2.939393939393939
 0 3


