# Created by Octave 3.8.2, Mon Jun 22 04:36:24 2020 CEST <damian@fptrucha.inv.usc.es>
# name: hd
# type: matrix
# rows: 100
# columns: 2
 0 -3
 0 -2.939393939393939
 0 -2.878787878787879
 0 -2.818181818181818
 0 -2.757575757575758
 0 -2.696969696969697
 0 -2.636363636363636
 2 -2.575757575757576
 1 -2.515151515151515
 11 -2.454545454545455
 0 -2.393939393939394
 0 -2.333333333333333
 1 -2.272727272727272
 0 -2.212121212121212
 0 -2.151515151515151
 2 -2.090909090909091
 3 -2.03030303030303
 36 -1.96969696969697
 34 -1.909090909090909
 2 -1.848484848484848
 4 -1.787878787878788
 0 -1.727272727272727
 0 -1.666666666666667
 94 -1.606060606060606
 33 -1.545454545454545
 111 -1.484848484848485
 21 -1.424242424242424
 130 -1.363636363636364
 30 -1.303030303030303
 12 -1.242424242424242
 503 -1.181818181818182
 7 -1.121212121212121
 509 -1.060606060606061
 14 -1
 517 -0.9393939393939394
 20 -0.8787878787878789
 490 -0.8181818181818183
 899 -0.7575757575757573
 572 -0.6969696969696968
 907 -0.6363636363636362
 601 -0.5757575757575757
 763 -0.5151515151515151
 597 -0.4545454545454546
 806 -0.393939393939394
 3682 -0.333333333333333
 509 -0.2727272727272725
 2247 -0.2121212121212119
 13 -0.1515151515151514
 2394 -0.09090909090909083
 16 -0.03030303030303028
 2233 0.03030303030303028
 22 0.09090909090909083
 2067 0.1515151515151514
 1514 0.2121212121212124
 2005 0.2727272727272729
 1304 0.3333333333333335
 641 0.393939393939394
 800 0.4545454545454546
 542 0.5151515151515151
 683 0.5757575757575757
 559 0.6363636363636367
 728 0.6969696969696972
 470 0.7575757575757578
 13 0.8181818181818183
 530 0.8787878787878789
 16 0.9393939393939394
 503 1
 7 1.060606060606061
 432 1.121212121212121
 15 1.181818181818182
 30 1.242424242424242
 113 1.303030303030303
 31 1.363636363636363
 112 1.424242424242425
 37 1.484848484848485
 91 1.545454545454546
 2 1.606060606060606
 0 1.666666666666667
 0 1.727272727272728
 34 1.787878787878788
 8 1.848484848484849
 27 1.909090909090909
 2 1.96969696969697
 1 2.03030303030303
 0 2.090909090909091
 0 2.151515151515151
 1 2.212121212121212
 0 2.272727272727272
 2 2.333333333333334
 7 2.393939393939394
 0 2.454545454545455
 1 2.515151515151516
 0 2.575757575757576
 0 2.636363636363637
 0 2.696969696969697
 0 2.757575757575758
 0 2.818181818181818
 0 2.878787878787879
 0 2.939393939393939
 0 3


