# Created by Octave 3.8.2, Tue Jun 23 00:04:32 2020 CEST <damian@fptrucha.inv.usc.es>
# name: hd
# type: matrix
# rows: 100
# columns: 2
 0 -3
 0 -2.939393939393939
 0 -2.878787878787879
 0 -2.818181818181818
 0 -2.757575757575758
 0 -2.696969696969697
 0 -2.636363636363636
 2 -2.575757575757576
 1 -2.515151515151515
 6 -2.454545454545455
 0 -2.393939393939394
 0 -2.333333333333333
 0 -2.272727272727272
 0 -2.212121212121212
 0 -2.151515151515151
 0 -2.090909090909091
 5 -2.03030303030303
 42 -1.96969696969697
 47 -1.909090909090909
 0 -1.848484848484848
 2 -1.787878787878788
 0 -1.727272727272727
 1 -1.666666666666667
 110 -1.606060606060606
 26 -1.545454545454545
 121 -1.484848484848485
 45 -1.424242424242424
 106 -1.363636363636364
 26 -1.303030303030303
 10 -1.242424242424242
 655 -1.181818181818182
 12 -1.121212121212121
 569 -1.060606060606061
 15 -1
 609 -0.9393939393939394
 14 -0.8787878787878789
 602 -0.8181818181818183
 1022 -0.7575757575757573
 723 -0.6969696969696968
 1152 -0.6363636363636362
 704 -0.5757575757575757
 957 -0.5151515151515151
 656 -0.4545454545454546
 1000 -0.393939393939394
 4534 -0.333333333333333
 649 -0.2727272727272725
 2933 -0.2121212121212119
 12 -0.1515151515151514
 2776 -0.09090909090909083
 15 -0.03030303030303028
 2701 0.03030303030303028
 16 0.09090909090909083
 2519 0.1515151515151514
 1587 0.2121212121212124
 2428 0.2727272727272729
 1669 0.3333333333333335
 648 0.393939393939394
 943 0.4545454545454546
 645 0.5151515151515151
 826 0.5757575757575757
 672 0.6363636363636367
 835 0.6969696969696972
 543 0.7575757575757578
 14 0.8181818181818183
 569 0.8787878787878789
 13 0.9393939393939394
 548 1
 13 1.060606060606061
 525 1.121212121212121
 11 1.181818181818182
 38 1.242424242424242
 99 1.303030303030303
 22 1.363636363636363
 98 1.424242424242425
 28 1.484848484848485
 70 1.545454545454546
 2 1.606060606060606
 0 1.666666666666667
 6 1.727272727272728
 29 1.787878787878788
 6 1.848484848484849
 33 1.909090909090909
 4 1.96969696969697
 1 2.03030303030303
 0 2.090909090909091
 0 2.151515151515151
 1 2.212121212121212
 0 2.272727272727272
 0 2.333333333333334
 11 2.393939393939394
 0 2.454545454545455
 2 2.515151515151516
 0 2.575757575757576
 0 2.636363636363637
 0 2.696969696969697
 0 2.757575757575758
 0 2.818181818181818
 0 2.878787878787879
 0 2.939393939393939
 0 3


