# Created by Octave 3.8.2, Mon Jun 22 01:14:01 2020 CEST <damian@fptrucha.inv.usc.es>
# name: hd
# type: matrix
# rows: 100
# columns: 2
 0 -3
 0 -2.939393939393939
 0 -2.878787878787879
 0 -2.818181818181818
 0 -2.757575757575758
 0 -2.696969696969697
 0 -2.636363636363636
 0 -2.575757575757576
 0 -2.515151515151515
 1 -2.454545454545455
 0 -2.393939393939394
 0 -2.333333333333333
 0 -2.272727272727272
 0 -2.212121212121212
 0 -2.151515151515151
 1 -2.090909090909091
 2 -2.03030303030303
 10 -1.96969696969697
 12 -1.909090909090909
 0 -1.848484848484848
 1 -1.787878787878788
 0 -1.727272727272727
 0 -1.666666666666667
 57 -1.606060606060606
 13 -1.545454545454545
 48 -1.484848484848485
 13 -1.424242424242424
 48 -1.363636363636364
 12 -1.303030303030303
 6 -1.242424242424242
 358 -1.181818181818182
 10 -1.121212121212121
 349 -1.060606060606061
 5 -1
 283 -0.9393939393939394
 10 -0.8787878787878789
 287 -0.8181818181818183
 647 -0.7575757575757573
 447 -0.6969696969696968
 614 -0.6363636363636362
 416 -0.5757575757575757
 548 -0.5151515151515151
 361 -0.4545454545454546
 522 -0.393939393939394
 2676 -0.333333333333333
 328 -0.2727272727272725
 1952 -0.2121212121212119
 6 -0.1515151515151514
 1674 -0.09090909090909083
 4 -0.03030303030303028
 1647 0.03030303030303028
 7 0.09090909090909083
 1489 0.1515151515151514
 1174 0.2121212121212124
 1370 0.2727272727272729
 1112 0.3333333333333335
 429 0.393939393939394
 587 0.4545454545454546
 439 0.5151515151515151
 554 0.5757575757575757
 392 0.6363636363636367
 501 0.6969696969696972
 387 0.7575757575757578
 6 0.8181818181818183
 372 0.8787878787878789
 15 0.9393939393939394
 347 1
 5 1.060606060606061
 322 1.121212121212121
 6 1.181818181818182
 16 1.242424242424242
 59 1.303030303030303
 16 1.363636363636363
 65 1.424242424242425
 11 1.484848484848485
 64 1.545454545454546
 1 1.606060606060606
 0 1.666666666666667
 1 1.727272727272728
 18 1.787878787878788
 1 1.848484848484849
 12 1.909090909090909
 1 1.96969696969697
 0 2.03030303030303
 0 2.090909090909091
 0 2.151515151515151
 2 2.212121212121212
 0 2.272727272727272
 0 2.333333333333334
 5 2.393939393939394
 0 2.454545454545455
 1 2.515151515151516
 0 2.575757575757576
 0 2.636363636363637
 0 2.696969696969697
 0 2.757575757575758
 0 2.818181818181818
 0 2.878787878787879
 0 2.939393939393939
 0 3


