# Created by Octave 3.8.2, Sat Jun 20 08:48:22 2020 CEST <damian@fptrucha.inv.usc.es>
# name: hd
# type: matrix
# rows: 100
# columns: 2
 0 -3
 0 -2.939393939393939
 0 -2.878787878787879
 0 -2.818181818181818
 0 -2.757575757575758
 0 -2.696969696969697
 0 -2.636363636363636
 0 -2.575757575757576
 1 -2.515151515151515
 2 -2.454545454545455
 0 -2.393939393939394
 0 -2.333333333333333
 1 -2.272727272727272
 0 -2.212121212121212
 0 -2.151515151515151
 0 -2.090909090909091
 2 -2.03030303030303
 32 -1.96969696969697
 32 -1.909090909090909
 0 -1.848484848484848
 5 -1.787878787878788
 0 -1.727272727272727
 1 -1.666666666666667
 122 -1.606060606060606
 24 -1.545454545454545
 104 -1.484848484848485
 25 -1.424242424242424
 108 -1.363636363636364
 16 -1.303030303030303
 16 -1.242424242424242
 650 -1.181818181818182
 22 -1.121212121212121
 593 -1.060606060606061
 10 -1
 518 -0.9393939393939394
 12 -0.8787878787878789
 532 -0.8181818181818183
 1139 -0.7575757575757573
 779 -0.6969696969696968
 1204 -0.6363636363636362
 739 -0.5757575757575757
 1019 -0.5151515151515151
 616 -0.4545454545454546
 917 -0.393939393939394
 4918 -0.333333333333333
 630 -0.2727272727272725
 3156 -0.2121212121212119
 11 -0.1515151515151514
 2963 -0.09090909090909083
 7 -0.03030303030303028
 2935 0.03030303030303028
 10 0.09090909090909083
 2425 0.1515151515151514
 2043 0.2121212121212124
 2501 0.2727272727272729
 1906 0.3333333333333335
 671 0.393939393939394
 1051 0.4545454545454546
 793 0.5151515151515151
 900 0.5757575757575757
 698 0.6363636363636367
 835 0.6969696969696972
 654 0.7575757575757578
 13 0.8181818181818183
 695 0.8787878787878789
 18 0.9393939393939394
 610 1
 20 1.060606060606061
 543 1.121212121212121
 12 1.181818181818182
 39 1.242424242424242
 127 1.303030303030303
 30 1.363636363636363
 120 1.424242424242425
 28 1.484848484848485
 92 1.545454545454546
 1 1.606060606060606
 0 1.666666666666667
 3 1.727272727272728
 30 1.787878787878788
 10 1.848484848484849
 44 1.909090909090909
 5 1.96969696969697
 0 2.03030303030303
 0 2.090909090909091
 0 2.151515151515151
 1 2.212121212121212
 0 2.272727272727272
 0 2.333333333333334
 10 2.393939393939394
 1 2.454545454545455
 0 2.515151515151516
 0 2.575757575757576
 0 2.636363636363637
 0 2.696969696969697
 0 2.757575757575758
 0 2.818181818181818
 0 2.878787878787879
 0 2.939393939393939
 0 3


