# Created by Octave 3.8.2, Sat Jun 20 20:08:47 2020 CEST <damian@fptrucha.inv.usc.es>
# name: hd
# type: matrix
# rows: 100
# columns: 2
 0 -3
 0 -2.939393939393939
 0 -2.878787878787879
 0 -2.818181818181818
 0 -2.757575757575758
 0 -2.696969696969697
 0 -2.636363636363636
 1 -2.575757575757576
 1 -2.515151515151515
 9 -2.454545454545455
 0 -2.393939393939394
 0 -2.333333333333333
 2 -2.272727272727272
 0 -2.212121212121212
 0 -2.151515151515151
 0 -2.090909090909091
 4 -2.03030303030303
 16 -1.96969696969697
 23 -1.909090909090909
 0 -1.848484848484848
 0 -1.787878787878788
 0 -1.727272727272727
 6 -1.666666666666667
 112 -1.606060606060606
 23 -1.545454545454545
 89 -1.484848484848485
 19 -1.424242424242424
 63 -1.363636363636364
 16 -1.303030303030303
 16 -1.242424242424242
 502 -1.181818181818182
 12 -1.121212121212121
 485 -1.060606060606061
 12 -1
 455 -0.9393939393939394
 12 -0.8787878787878789
 410 -0.8181818181818183
 981 -0.7575757575757573
 631 -0.6969696969696968
 1059 -0.6363636363636362
 624 -0.5757575757575757
 901 -0.5151515151515151
 565 -0.4545454545454546
 834 -0.393939393939394
 4221 -0.333333333333333
 546 -0.2727272727272725
 2897 -0.2121212121212119
 8 -0.1515151515151514
 2529 -0.09090909090909083
 8 -0.03030303030303028
 2560 0.03030303030303028
 12 0.09090909090909083
 2227 0.1515151515151514
 1766 0.2121212121212124
 2205 0.2727272727272729
 1603 0.3333333333333335
 618 0.393939393939394
 924 0.4545454545454546
 680 0.5151515151515151
 822 0.5757575757575757
 597 0.6363636363636367
 797 0.6969696969696972
 594 0.7575757575757578
 8 0.8181818181818183
 528 0.8787878787878789
 10 0.9393939393939394
 526 1
 12 1.060606060606061
 481 1.121212121212121
 11 1.181818181818182
 32 1.242424242424242
 91 1.303030303030303
 17 1.363636363636363
 107 1.424242424242425
 20 1.484848484848485
 92 1.545454545454546
 2 1.606060606060606
 0 1.666666666666667
 3 1.727272727272728
 22 1.787878787878788
 1 1.848484848484849
 25 1.909090909090909
 0 1.96969696969697
 0 2.03030303030303
 0 2.090909090909091
 0 2.151515151515151
 1 2.212121212121212
 0 2.272727272727272
 0 2.333333333333334
 9 2.393939393939394
 0 2.454545454545455
 1 2.515151515151516
 0 2.575757575757576
 0 2.636363636363637
 0 2.696969696969697
 0 2.757575757575758
 0 2.818181818181818
 0 2.878787878787879
 0 2.939393939393939
 0 3


