# Created by Octave 3.8.2, Sat Jun 20 11:50:01 2020 CEST <damian@fptrucha.inv.usc.es>
# name: hd
# type: matrix
# rows: 100
# columns: 2
 0 -3
 0 -2.939393939393939
 0 -2.878787878787879
 0 -2.818181818181818
 0 -2.757575757575758
 0 -2.696969696969697
 0 -2.636363636363636
 1 -2.575757575757576
 0 -2.515151515151515
 10 -2.454545454545455
 0 -2.393939393939394
 1 -2.333333333333333
 2 -2.272727272727272
 0 -2.212121212121212
 0 -2.151515151515151
 2 -2.090909090909091
 0 -2.03030303030303
 18 -1.96969696969697
 35 -1.909090909090909
 0 -1.848484848484848
 1 -1.787878787878788
 0 -1.727272727272727
 1 -1.666666666666667
 96 -1.606060606060606
 22 -1.545454545454545
 80 -1.484848484848485
 21 -1.424242424242424
 93 -1.363636363636364
 23 -1.303030303030303
 10 -1.242424242424242
 554 -1.181818181818182
 9 -1.121212121212121
 549 -1.060606060606061
 7 -1
 474 -0.9393939393939394
 10 -0.8787878787878789
 454 -0.8181818181818183
 1089 -0.7575757575757573
 730 -0.6969696969696968
 1102 -0.6363636363636362
 687 -0.5757575757575757
 927 -0.5151515151515151
 620 -0.4545454545454546
 913 -0.393939393939394
 4524 -0.333333333333333
 543 -0.2727272727272725
 3060 -0.2121212121212119
 10 -0.1515151515151514
 2926 -0.09090909090909083
 4 -0.03030303030303028
 2701 0.03030303030303028
 12 0.09090909090909083
 2370 0.1515151515151514
 2059 0.2121212121212124
 2421 0.2727272727272729
 1771 0.3333333333333335
 752 0.393939393939394
 984 0.4545454545454546
 766 0.5151515151515151
 913 0.5757575757575757
 655 0.6363636363636367
 898 0.6969696969696972
 610 0.7575757575757578
 20 0.8181818181818183
 618 0.8787878787878789
 10 0.9393939393939394
 616 1
 10 1.060606060606061
 538 1.121212121212121
 11 1.181818181818182
 41 1.242424242424242
 119 1.303030303030303
 34 1.363636363636363
 129 1.424242424242425
 38 1.484848484848485
 103 1.545454545454546
 0 1.606060606060606
 0 1.666666666666667
 1 1.727272727272728
 45 1.787878787878788
 2 1.848484848484849
 35 1.909090909090909
 0 1.96969696969697
 2 2.03030303030303
 0 2.090909090909091
 0 2.151515151515151
 2 2.212121212121212
 0 2.272727272727272
 0 2.333333333333334
 5 2.393939393939394
 0 2.454545454545455
 0 2.515151515151516
 0 2.575757575757576
 0 2.636363636363637
 0 2.696969696969697
 0 2.757575757575758
 0 2.818181818181818
 0 2.878787878787879
 0 2.939393939393939
 0 3


