# Created by Octave 3.8.2, Sun Jun 21 03:41:50 2020 CEST <damian@fptrucha.inv.usc.es>
# name: hd
# type: matrix
# rows: 100
# columns: 2
 0 -3
 0 -2.939393939393939
 0 -2.878787878787879
 0 -2.818181818181818
 0 -2.757575757575758
 0 -2.696969696969697
 0 -2.636363636363636
 0 -2.575757575757576
 1 -2.515151515151515
 2 -2.454545454545455
 0 -2.393939393939394
 1 -2.333333333333333
 0 -2.272727272727272
 0 -2.212121212121212
 0 -2.151515151515151
 0 -2.090909090909091
 0 -2.03030303030303
 8 -1.96969696969697
 20 -1.909090909090909
 0 -1.848484848484848
 1 -1.787878787878788
 0 -1.727272727272727
 0 -1.666666666666667
 69 -1.606060606060606
 15 -1.545454545454545
 47 -1.484848484848485
 15 -1.424242424242424
 56 -1.363636363636364
 12 -1.303030303030303
 8 -1.242424242424242
 344 -1.181818181818182
 4 -1.121212121212121
 333 -1.060606060606061
 10 -1
 302 -0.9393939393939394
 12 -0.8787878787878789
 279 -0.8181818181818183
 619 -0.7575757575757573
 431 -0.6969696969696968
 656 -0.6363636363636362
 420 -0.5757575757575757
 586 -0.5151515151515151
 337 -0.4545454545454546
 543 -0.393939393939394
 2764 -0.333333333333333
 330 -0.2727272727272725
 1888 -0.2121212121212119
 5 -0.1515151515151514
 1713 -0.09090909090909083
 4 -0.03030303030303028
 1588 0.03030303030303028
 8 0.09090909090909083
 1449 0.1515151515151514
 1130 0.2121212121212124
 1421 0.2727272727272729
 1088 0.3333333333333335
 436 0.393939393939394
 612 0.4545454545454546
 423 0.5151515151515151
 556 0.5757575757575757
 398 0.6363636363636367
 522 0.6969696969696972
 368 0.7575757575757578
 6 0.8181818181818183
 359 0.8787878787878789
 9 0.9393939393939394
 327 1
 8 1.060606060606061
 304 1.121212121212121
 6 1.181818181818182
 13 1.242424242424242
 65 1.303030303030303
 14 1.363636363636363
 60 1.424242424242425
 13 1.484848484848485
 54 1.545454545454546
 0 1.606060606060606
 0 1.666666666666667
 1 1.727272727272728
 9 1.787878787878788
 0 1.848484848484849
 21 1.909090909090909
 1 1.96969696969697
 0 2.03030303030303
 0 2.090909090909091
 0 2.151515151515151
 2 2.212121212121212
 1 2.272727272727272
 1 2.333333333333334
 3 2.393939393939394
 0 2.454545454545455
 0 2.515151515151516
 0 2.575757575757576
 0 2.636363636363637
 0 2.696969696969697
 0 2.757575757575758
 0 2.818181818181818
 0 2.878787878787879
 0 2.939393939393939
 0 3


