# Created by Octave 3.8.2, Mon Jun 22 11:40:05 2020 CEST <damian@fptrucha.inv.usc.es>
# name: hd
# type: matrix
# rows: 100
# columns: 2
 0 -3
 0 -2.939393939393939
 0 -2.878787878787879
 0 -2.818181818181818
 0 -2.757575757575758
 0 -2.696969696969697
 0 -2.636363636363636
 2 -2.575757575757576
 0 -2.515151515151515
 8 -2.454545454545455
 0 -2.393939393939394
 1 -2.333333333333333
 2 -2.272727272727272
 0 -2.212121212121212
 0 -2.151515151515151
 1 -2.090909090909091
 3 -2.03030303030303
 30 -1.96969696969697
 36 -1.909090909090909
 0 -1.848484848484848
 1 -1.787878787878788
 0 -1.727272727272727
 3 -1.666666666666667
 100 -1.606060606060606
 26 -1.545454545454545
 91 -1.484848484848485
 29 -1.424242424242424
 99 -1.363636363636364
 24 -1.303030303030303
 22 -1.242424242424242
 577 -1.181818181818182
 14 -1.121212121212121
 535 -1.060606060606061
 17 -1
 466 -0.9393939393939394
 15 -0.8787878787878789
 498 -0.8181818181818183
 912 -0.7575757575757573
 598 -0.6969696969696968
 889 -0.6363636363636362
 619 -0.5757575757575757
 845 -0.5151515151515151
 598 -0.4545454545454546
 916 -0.393939393939394
 4000 -0.333333333333333
 611 -0.2727272727272725
 2486 -0.2121212121212119
 9 -0.1515151515151514
 2579 -0.09090909090909083
 18 -0.03030303030303028
 2365 0.03030303030303028
 20 0.09090909090909083
 2298 0.1515151515151514
 1549 0.2121212121212124
 2271 0.2727272727272729
 1615 0.3333333333333335
 674 0.393939393939394
 939 0.4545454545454546
 672 0.5151515151515151
 843 0.5757575757575757
 635 0.6363636363636367
 856 0.6969696969696972
 557 0.7575757575757578
 7 0.8181818181818183
 530 0.8787878787878789
 10 0.9393939393939394
 581 1
 17 1.060606060606061
 488 1.121212121212121
 13 1.181818181818182
 38 1.242424242424242
 92 1.303030303030303
 31 1.363636363636363
 119 1.424242424242425
 33 1.484848484848485
 106 1.545454545454546
 2 1.606060606060606
 0 1.666666666666667
 3 1.727272727272728
 40 1.787878787878788
 5 1.848484848484849
 28 1.909090909090909
 6 1.96969696969697
 0 2.03030303030303
 0 2.090909090909091
 0 2.151515151515151
 3 2.212121212121212
 0 2.272727272727272
 2 2.333333333333334
 11 2.393939393939394
 2 2.454545454545455
 3 2.515151515151516
 0 2.575757575757576
 0 2.636363636363637
 0 2.696969696969697
 0 2.757575757575758
 0 2.818181818181818
 0 2.878787878787879
 0 2.939393939393939
 0 3


