# Created by Octave 3.8.2, Sat Jun 20 21:17:17 2020 CEST <damian@fptrucha.inv.usc.es>
# name: hd
# type: matrix
# rows: 100
# columns: 2
 0 -3
 0 -2.939393939393939
 0 -2.878787878787879
 0 -2.818181818181818
 0 -2.757575757575758
 0 -2.696969696969697
 0 -2.636363636363636
 0 -2.575757575757576
 0 -2.515151515151515
 12 -2.454545454545455
 0 -2.393939393939394
 1 -2.333333333333333
 1 -2.272727272727272
 0 -2.212121212121212
 0 -2.151515151515151
 0 -2.090909090909091
 1 -2.03030303030303
 17 -1.96969696969697
 28 -1.909090909090909
 0 -1.848484848484848
 2 -1.787878787878788
 0 -1.727272727272727
 1 -1.666666666666667
 80 -1.606060606060606
 26 -1.545454545454545
 92 -1.484848484848485
 13 -1.424242424242424
 74 -1.363636363636364
 12 -1.303030303030303
 5 -1.242424242424242
 520 -1.181818181818182
 16 -1.121212121212121
 499 -1.060606060606061
 10 -1
 385 -0.9393939393939394
 13 -0.8787878787878789
 447 -0.8181818181818183
 952 -0.7575757575757573
 658 -0.6969696969696968
 1018 -0.6363636363636362
 596 -0.5757575757575757
 874 -0.5151515151515151
 569 -0.4545454545454546
 812 -0.393939393939394
 4252 -0.333333333333333
 513 -0.2727272727272725
 2876 -0.2121212121212119
 7 -0.1515151515151514
 2574 -0.09090909090909083
 6 -0.03030303030303028
 2491 0.03030303030303028
 11 0.09090909090909083
 2236 0.1515151515151514
 1736 0.2121212121212124
 2135 0.2727272727272729
 1632 0.3333333333333335
 618 0.393939393939394
 912 0.4545454545454546
 657 0.5151515151515151
 777 0.5757575757575757
 532 0.6363636363636367
 803 0.6969696969696972
 583 0.7575757575757578
 14 0.8181818181818183
 577 0.8787878787878789
 16 0.9393939393939394
 545 1
 13 1.060606060606061
 468 1.121212121212121
 14 1.181818181818182
 31 1.242424242424242
 104 1.303030303030303
 24 1.363636363636363
 92 1.424242424242425
 24 1.484848484848485
 90 1.545454545454546
 0 1.606060606060606
 0 1.666666666666667
 2 1.727272727272728
 28 1.787878787878788
 4 1.848484848484849
 27 1.909090909090909
 5 1.96969696969697
 1 2.03030303030303
 0 2.090909090909091
 0 2.151515151515151
 0 2.212121212121212
 0 2.272727272727272
 2 2.333333333333334
 14 2.393939393939394
 0 2.454545454545455
 0 2.515151515151516
 0 2.575757575757576
 0 2.636363636363637
 0 2.696969696969697
 0 2.757575757575758
 0 2.818181818181818
 0 2.878787878787879
 0 2.939393939393939
 0 3


