# Created by Octave 3.8.2, Sat Jun 20 09:18:58 2020 CEST <damian@fptrucha.inv.usc.es>
# name: hd
# type: matrix
# rows: 100
# columns: 2
 0 -3
 0 -2.939393939393939
 0 -2.878787878787879
 0 -2.818181818181818
 0 -2.757575757575758
 0 -2.696969696969697
 0 -2.636363636363636
 6 -2.575757575757576
 1 -2.515151515151515
 1 -2.454545454545455
 1 -2.393939393939394
 0 -2.333333333333333
 1 -2.272727272727272
 0 -2.212121212121212
 0 -2.151515151515151
 1 -2.090909090909091
 5 -2.03030303030303
 25 -1.96969696969697
 40 -1.909090909090909
 0 -1.848484848484848
 1 -1.787878787878788
 0 -1.727272727272727
 1 -1.666666666666667
 118 -1.606060606060606
 26 -1.545454545454545
 99 -1.484848484848485
 25 -1.424242424242424
 92 -1.363636363636364
 24 -1.303030303030303
 14 -1.242424242424242
 593 -1.181818181818182
 17 -1.121212121212121
 566 -1.060606060606061
 9 -1
 522 -0.9393939393939394
 13 -0.8787878787878789
 467 -0.8181818181818183
 1204 -0.7575757575757573
 751 -0.6969696969696968
 1190 -0.6363636363636362
 735 -0.5757575757575757
 1049 -0.5151515151515151
 690 -0.4545454545454546
 915 -0.393939393939394
 4791 -0.333333333333333
 590 -0.2727272727272725
 3257 -0.2121212121212119
 11 -0.1515151515151514
 2972 -0.09090909090909083
 9 -0.03030303030303028
 2834 0.03030303030303028
 14 0.09090909090909083
 2477 0.1515151515151514
 2005 0.2121212121212124
 2495 0.2727272727272729
 1905 0.3333333333333335
 771 0.393939393939394
 1032 0.4545454545454546
 753 0.5151515151515151
 965 0.5757575757575757
 648 0.6363636363636367
 907 0.6969696969696972
 718 0.7575757575757578
 24 0.8181818181818183
 665 0.8787878787878789
 12 0.9393939393939394
 608 1
 15 1.060606060606061
 571 1.121212121212121
 15 1.181818181818182
 35 1.242424242424242
 125 1.303030303030303
 24 1.363636363636363
 138 1.424242424242425
 29 1.484848484848485
 105 1.545454545454546
 1 1.606060606060606
 0 1.666666666666667
 1 1.727272727272728
 30 1.787878787878788
 8 1.848484848484849
 23 1.909090909090909
 7 1.96969696969697
 1 2.03030303030303
 0 2.090909090909091
 0 2.151515151515151
 2 2.212121212121212
 0 2.272727272727272
 0 2.333333333333334
 6 2.393939393939394
 0 2.454545454545455
 1 2.515151515151516
 0 2.575757575757576
 0 2.636363636363637
 0 2.696969696969697
 0 2.757575757575758
 0 2.818181818181818
 0 2.878787878787879
 0 2.939393939393939
 0 3


