# Created by Octave 3.8.2, Mon Jun 22 08:30:21 2020 CEST <damian@fptrucha.inv.usc.es>
# name: hd
# type: matrix
# rows: 100
# columns: 2
 0 -3
 0 -2.939393939393939
 0 -2.878787878787879
 0 -2.818181818181818
 0 -2.757575757575758
 0 -2.696969696969697
 0 -2.636363636363636
 0 -2.575757575757576
 0 -2.515151515151515
 5 -2.454545454545455
 1 -2.393939393939394
 0 -2.333333333333333
 1 -2.272727272727272
 0 -2.212121212121212
 0 -2.151515151515151
 1 -2.090909090909091
 1 -2.03030303030303
 25 -1.96969696969697
 36 -1.909090909090909
 1 -1.848484848484848
 2 -1.787878787878788
 0 -1.727272727272727
 5 -1.666666666666667
 105 -1.606060606060606
 31 -1.545454545454545
 102 -1.484848484848485
 25 -1.424242424242424
 99 -1.363636363636364
 26 -1.303030303030303
 10 -1.242424242424242
 530 -1.181818181818182
 13 -1.121212121212121
 539 -1.060606060606061
 15 -1
 492 -0.9393939393939394
 19 -0.8787878787878789
 501 -0.8181818181818183
 842 -0.7575757575757573
 608 -0.6969696969696968
 908 -0.6363636363636362
 569 -0.5757575757575757
 904 -0.5151515151515151
 578 -0.4545454545454546
 893 -0.393939393939394
 3919 -0.333333333333333
 617 -0.2727272727272725
 2438 -0.2121212121212119
 9 -0.1515151515151514
 2578 -0.09090909090909083
 15 -0.03030303030303028
 2441 0.03030303030303028
 24 0.09090909090909083
 2243 0.1515151515151514
 1445 0.2121212121212124
 2344 0.2727272727272729
 1522 0.3333333333333335
 648 0.393939393939394
 867 0.4545454545454546
 599 0.5151515151515151
 767 0.5757575757575757
 638 0.6363636363636367
 837 0.6969696969696972
 526 0.7575757575757578
 12 0.8181818181818183
 593 0.8787878787878789
 15 0.9393939393939394
 516 1
 22 1.060606060606061
 535 1.121212121212121
 10 1.181818181818182
 28 1.242424242424242
 99 1.303030303030303
 32 1.363636363636363
 99 1.424242424242425
 41 1.484848484848485
 90 1.545454545454546
 3 1.606060606060606
 0 1.666666666666667
 3 1.727272727272728
 33 1.787878787878788
 8 1.848484848484849
 42 1.909090909090909
 7 1.96969696969697
 0 2.03030303030303
 0 2.090909090909091
 0 2.151515151515151
 1 2.212121212121212
 0 2.272727272727272
 1 2.333333333333334
 7 2.393939393939394
 0 2.454545454545455
 1 2.515151515151516
 0 2.575757575757576
 0 2.636363636363637
 0 2.696969696969697
 0 2.757575757575758
 0 2.818181818181818
 0 2.878787878787879
 0 2.939393939393939
 0 3


