# Created by Octave 3.8.2, Mon Jun 22 20:35:16 2020 CEST <damian@fptrucha.inv.usc.es>
# name: hd
# type: matrix
# rows: 100
# columns: 2
 0 -3
 0 -2.939393939393939
 0 -2.878787878787879
 0 -2.818181818181818
 0 -2.757575757575758
 0 -2.696969696969697
 0 -2.636363636363636
 2 -2.575757575757576
 0 -2.515151515151515
 10 -2.454545454545455
 2 -2.393939393939394
 1 -2.333333333333333
 0 -2.272727272727272
 0 -2.212121212121212
 0 -2.151515151515151
 0 -2.090909090909091
 3 -2.03030303030303
 30 -1.96969696969697
 37 -1.909090909090909
 1 -1.848484848484848
 3 -1.787878787878788
 0 -1.727272727272727
 1 -1.666666666666667
 112 -1.606060606060606
 32 -1.545454545454545
 111 -1.484848484848485
 20 -1.424242424242424
 108 -1.363636363636364
 19 -1.303030303030303
 20 -1.242424242424242
 594 -1.181818181818182
 18 -1.121212121212121
 602 -1.060606060606061
 22 -1
 518 -0.9393939393939394
 26 -0.8787878787878789
 540 -0.8181818181818183
 999 -0.7575757575757573
 695 -0.6969696969696968
 1006 -0.6363636363636362
 697 -0.5757575757575757
 1012 -0.5151515151515151
 647 -0.4545454545454546
 1019 -0.393939393939394
 4411 -0.333333333333333
 650 -0.2727272727272725
 2824 -0.2121212121212119
 12 -0.1515151515151514
 2800 -0.09090909090909083
 17 -0.03030303030303028
 2648 0.03030303030303028
 17 0.09090909090909083
 2424 0.1515151515151514
 1605 0.2121212121212124
 2470 0.2727272727272729
 1675 0.3333333333333335
 677 0.393939393939394
 955 0.4545454545454546
 654 0.5151515151515151
 829 0.5757575757575757
 641 0.6363636363636367
 832 0.6969696969696972
 562 0.7575757575757578
 19 0.8181818181818183
 585 0.8787878787878789
 17 0.9393939393939394
 543 1
 10 1.060606060606061
 559 1.121212121212121
 15 1.181818181818182
 40 1.242424242424242
 97 1.303030303030303
 37 1.363636363636363
 97 1.424242424242425
 27 1.484848484848485
 99 1.545454545454546
 4 1.606060606060606
 0 1.666666666666667
 0 1.727272727272728
 27 1.787878787878788
 3 1.848484848484849
 36 1.909090909090909
 4 1.96969696969697
 3 2.03030303030303
 0 2.090909090909091
 0 2.151515151515151
 1 2.212121212121212
 0 2.272727272727272
 3 2.333333333333334
 7 2.393939393939394
 0 2.454545454545455
 1 2.515151515151516
 0 2.575757575757576
 0 2.636363636363637
 0 2.696969696969697
 0 2.757575757575758
 0 2.818181818181818
 0 2.878787878787879
 0 2.939393939393939
 0 3


