# Created by Octave 3.8.2, Mon Jun 22 09:14:00 2020 CEST <damian@fptrucha.inv.usc.es>
# name: hd
# type: matrix
# rows: 100
# columns: 2
 0 -3
 0 -2.939393939393939
 0 -2.878787878787879
 0 -2.818181818181818
 0 -2.757575757575758
 0 -2.696969696969697
 0 -2.636363636363636
 0 -2.575757575757576
 0 -2.515151515151515
 7 -2.454545454545455
 0 -2.393939393939394
 1 -2.333333333333333
 1 -2.272727272727272
 0 -2.212121212121212
 0 -2.151515151515151
 1 -2.090909090909091
 3 -2.03030303030303
 25 -1.96969696969697
 42 -1.909090909090909
 1 -1.848484848484848
 1 -1.787878787878788
 0 -1.727272727272727
 3 -1.666666666666667
 89 -1.606060606060606
 30 -1.545454545454545
 102 -1.484848484848485
 22 -1.424242424242424
 111 -1.363636363636364
 19 -1.303030303030303
 20 -1.242424242424242
 531 -1.181818181818182
 8 -1.121212121212121
 511 -1.060606060606061
 18 -1
 485 -0.9393939393939394
 14 -0.8787878787878789
 497 -0.8181818181818183
 882 -0.7575757575757573
 609 -0.6969696969696968
 924 -0.6363636363636362
 568 -0.5757575757575757
 898 -0.5151515151515151
 594 -0.4545454545454546
 880 -0.393939393939394
 3928 -0.333333333333333
 575 -0.2727272727272725
 2475 -0.2121212121212119
 11 -0.1515151515151514
 2545 -0.09090909090909083
 16 -0.03030303030303028
 2438 0.03030303030303028
 21 0.09090909090909083
 2319 0.1515151515151514
 1511 0.2121212121212124
 2235 0.2727272727272729
 1544 0.3333333333333335
 644 0.393939393939394
 889 0.4545454545454546
 674 0.5151515151515151
 788 0.5757575757575757
 613 0.6363636363636367
 825 0.6969696969696972
 579 0.7575757575757578
 11 0.8181818181818183
 548 0.8787878787878789
 16 0.9393939393939394
 587 1
 21 1.060606060606061
 496 1.121212121212121
 11 1.181818181818182
 32 1.242424242424242
 115 1.303030303030303
 34 1.363636363636363
 97 1.424242424242425
 28 1.484848484848485
 88 1.545454545454546
 3 1.606060606060606
 0 1.666666666666667
 1 1.727272727272728
 40 1.787878787878788
 4 1.848484848484849
 38 1.909090909090909
 6 1.96969696969697
 3 2.03030303030303
 0 2.090909090909091
 0 2.151515151515151
 2 2.212121212121212
 2 2.272727272727272
 0 2.333333333333334
 5 2.393939393939394
 0 2.454545454545455
 0 2.515151515151516
 0 2.575757575757576
 0 2.636363636363637
 0 2.696969696969697
 0 2.757575757575758
 0 2.818181818181818
 0 2.878787878787879
 0 2.939393939393939
 0 3


