# Created by Octave 3.8.2, Sat Jun 20 02:11:02 2020 CEST <damian@fptrucha.inv.usc.es>
# name: hd
# type: matrix
# rows: 100
# columns: 2
 0 -3
 0 -2.939393939393939
 0 -2.878787878787879
 0 -2.818181818181818
 0 -2.757575757575758
 0 -2.696969696969697
 0 -2.636363636363636
 0 -2.575757575757576
 1 -2.515151515151515
 5 -2.454545454545455
 0 -2.393939393939394
 0 -2.333333333333333
 2 -2.272727272727272
 0 -2.212121212121212
 0 -2.151515151515151
 1 -2.090909090909091
 8 -2.03030303030303
 22 -1.96969696969697
 31 -1.909090909090909
 2 -1.848484848484848
 0 -1.787878787878788
 0 -1.727272727272727
 2 -1.666666666666667
 145 -1.606060606060606
 25 -1.545454545454545
 93 -1.484848484848485
 23 -1.424242424242424
 104 -1.363636363636364
 22 -1.303030303030303
 4 -1.242424242424242
 647 -1.181818181818182
 18 -1.121212121212121
 611 -1.060606060606061
 14 -1
 574 -0.9393939393939394
 8 -0.8787878787878789
 501 -0.8181818181818183
 1108 -0.7575757575757573
 767 -0.6969696969696968
 1205 -0.6363636363636362
 765 -0.5757575757575757
 1016 -0.5151515151515151
 662 -0.4545454545454546
 976 -0.393939393939394
 4572 -0.333333333333333
 609 -0.2727272727272725
 3072 -0.2121212121212119
 16 -0.1515151515151514
 2764 -0.09090909090909083
 14 -0.03030303030303028
 2792 0.03030303030303028
 10 0.09090909090909083
 2431 0.1515151515151514
 1784 0.2121212121212124
 2429 0.2727272727272729
 1620 0.3333333333333335
 603 0.393939393939394
 903 0.4545454545454546
 649 0.5151515151515151
 810 0.5757575757575757
 610 0.6363636363636367
 817 0.6969696969696972
 550 0.7575757575757578
 13 0.8181818181818183
 522 0.8787878787878789
 10 0.9393939393939394
 520 1
 4 1.060606060606061
 420 1.121212121212121
 5 1.181818181818182
 21 1.242424242424242
 85 1.303030303030303
 25 1.363636363636363
 100 1.424242424242425
 30 1.484848484848485
 79 1.545454545454546
 2 1.606060606060606
 0 1.666666666666667
 2 1.727272727272728
 26 1.787878787878788
 4 1.848484848484849
 18 1.909090909090909
 2 1.96969696969697
 0 2.03030303030303
 0 2.090909090909091
 0 2.151515151515151
 4 2.212121212121212
 0 2.272727272727272
 0 2.333333333333334
 2 2.393939393939394
 1 2.454545454545455
 0 2.515151515151516
 0 2.575757575757576
 0 2.636363636363637
 0 2.696969696969697
 0 2.757575757575758
 0 2.818181818181818
 0 2.878787878787879
 0 2.939393939393939
 0 3


