# Created by Octave 3.8.2, Mon Jun 22 21:00:03 2020 CEST <damian@fptrucha.inv.usc.es>
# name: hd
# type: matrix
# rows: 100
# columns: 2
 0 -3
 0 -2.939393939393939
 0 -2.878787878787879
 0 -2.818181818181818
 0 -2.757575757575758
 0 -2.696969696969697
 0 -2.636363636363636
 0 -2.575757575757576
 1 -2.515151515151515
 11 -2.454545454545455
 0 -2.393939393939394
 2 -2.333333333333333
 3 -2.272727272727272
 0 -2.212121212121212
 0 -2.151515151515151
 4 -2.090909090909091
 6 -2.03030303030303
 34 -1.96969696969697
 41 -1.909090909090909
 3 -1.848484848484848
 0 -1.787878787878788
 0 -1.727272727272727
 3 -1.666666666666667
 116 -1.606060606060606
 27 -1.545454545454545
 126 -1.484848484848485
 33 -1.424242424242424
 118 -1.363636363636364
 26 -1.303030303030303
 13 -1.242424242424242
 620 -1.181818181818182
 14 -1.121212121212121
 587 -1.060606060606061
 18 -1
 574 -0.9393939393939394
 17 -0.8787878787878789
 546 -0.8181818181818183
 990 -0.7575757575757573
 677 -0.6969696969696968
 1108 -0.6363636363636362
 695 -0.5757575757575757
 993 -0.5151515151515151
 644 -0.4545454545454546
 917 -0.393939393939394
 4379 -0.333333333333333
 627 -0.2727272727272725
 2838 -0.2121212121212119
 12 -0.1515151515151514
 2737 -0.09090909090909083
 19 -0.03030303030303028
 2603 0.03030303030303028
 15 0.09090909090909083
 2497 0.1515151515151514
 1692 0.2121212121212124
 2455 0.2727272727272729
 1711 0.3333333333333335
 634 0.393939393939394
 889 0.4545454545454546
 683 0.5151515151515151
 810 0.5757575757575757
 675 0.6363636363636367
 956 0.6969696969696972
 618 0.7575757575757578
 16 0.8181818181818183
 573 0.8787878787878789
 17 0.9393939393939394
 523 1
 17 1.060606060606061
 518 1.121212121212121
 8 1.181818181818182
 20 1.242424242424242
 99 1.303030303030303
 32 1.363636363636363
 128 1.424242424242425
 38 1.484848484848485
 97 1.545454545454546
 2 1.606060606060606
 0 1.666666666666667
 4 1.727272727272728
 36 1.787878787878788
 3 1.848484848484849
 36 1.909090909090909
 4 1.96969696969697
 1 2.03030303030303
 0 2.090909090909091
 0 2.151515151515151
 0 2.212121212121212
 0 2.272727272727272
 2 2.333333333333334
 10 2.393939393939394
 1 2.454545454545455
 1 2.515151515151516
 0 2.575757575757576
 0 2.636363636363637
 0 2.696969696969697
 0 2.757575757575758
 0 2.818181818181818
 0 2.878787878787879
 0 2.939393939393939
 0 3


