# Created by Octave 3.8.2, Mon Jun 22 16:39:37 2020 CEST <damian@fptrucha.inv.usc.es>
# name: hd
# type: matrix
# rows: 100
# columns: 2
 0 -3
 0 -2.939393939393939
 0 -2.878787878787879
 0 -2.818181818181818
 0 -2.757575757575758
 0 -2.696969696969697
 0 -2.636363636363636
 3 -2.575757575757576
 0 -2.515151515151515
 7 -2.454545454545455
 2 -2.393939393939394
 0 -2.333333333333333
 2 -2.272727272727272
 0 -2.212121212121212
 0 -2.151515151515151
 2 -2.090909090909091
 1 -2.03030303030303
 31 -1.96969696969697
 40 -1.909090909090909
 1 -1.848484848484848
 4 -1.787878787878788
 0 -1.727272727272727
 1 -1.666666666666667
 126 -1.606060606060606
 40 -1.545454545454545
 109 -1.484848484848485
 38 -1.424242424242424
 114 -1.363636363636364
 19 -1.303030303030303
 12 -1.242424242424242
 564 -1.181818181818182
 23 -1.121212121212121
 562 -1.060606060606061
 20 -1
 565 -0.9393939393939394
 25 -0.8787878787878789
 494 -0.8181818181818183
 910 -0.7575757575757573
 634 -0.6969696969696968
 1013 -0.6363636363636362
 678 -0.5757575757575757
 956 -0.5151515151515151
 613 -0.4545454545454546
 979 -0.393939393939394
 4242 -0.333333333333333
 592 -0.2727272727272725
 2671 -0.2121212121212119
 11 -0.1515151515151514
 2714 -0.09090909090909083
 19 -0.03030303030303028
 2586 0.03030303030303028
 16 0.09090909090909083
 2320 0.1515151515151514
 1589 0.2121212121212124
 2403 0.2727272727272729
 1648 0.3333333333333335
 639 0.393939393939394
 935 0.4545454545454546
 730 0.5151515151515151
 884 0.5757575757575757
 671 0.6363636363636367
 854 0.6969696969696972
 570 0.7575757575757578
 10 0.8181818181818183
 634 0.8787878787878789
 15 0.9393939393939394
 555 1
 15 1.060606060606061
 523 1.121212121212121
 12 1.181818181818182
 35 1.242424242424242
 134 1.303030303030303
 26 1.363636363636363
 144 1.424242424242425
 23 1.484848484848485
 111 1.545454545454546
 3 1.606060606060606
 0 1.666666666666667
 1 1.727272727272728
 40 1.787878787878788
 5 1.848484848484849
 31 1.909090909090909
 4 1.96969696969697
 3 2.03030303030303
 0 2.090909090909091
 0 2.151515151515151
 1 2.212121212121212
 1 2.272727272727272
 3 2.333333333333334
 11 2.393939393939394
 0 2.454545454545455
 0 2.515151515151516
 0 2.575757575757576
 0 2.636363636363637
 0 2.696969696969697
 0 2.757575757575758
 0 2.818181818181818
 0 2.878787878787879
 0 2.939393939393939
 0 3


