# Created by Octave 3.8.2, Sat Jun 20 10:00:25 2020 CEST <damian@fptrucha.inv.usc.es>
# name: hd
# type: matrix
# rows: 100
# columns: 2
 0 -3
 0 -2.939393939393939
 0 -2.878787878787879
 0 -2.818181818181818
 0 -2.757575757575758
 0 -2.696969696969697
 0 -2.636363636363636
 0 -2.575757575757576
 0 -2.515151515151515
 7 -2.454545454545455
 0 -2.393939393939394
 0 -2.333333333333333
 2 -2.272727272727272
 0 -2.212121212121212
 0 -2.151515151515151
 0 -2.090909090909091
 6 -2.03030303030303
 26 -1.96969696969697
 37 -1.909090909090909
 3 -1.848484848484848
 0 -1.787878787878788
 0 -1.727272727272727
 2 -1.666666666666667
 114 -1.606060606060606
 28 -1.545454545454545
 112 -1.484848484848485
 26 -1.424242424242424
 102 -1.363636363636364
 16 -1.303030303030303
 13 -1.242424242424242
 575 -1.181818181818182
 12 -1.121212121212121
 615 -1.060606060606061
 14 -1
 526 -0.9393939393939394
 15 -0.8787878787878789
 466 -0.8181818181818183
 1090 -0.7575757575757573
 786 -0.6969696969696968
 1122 -0.6363636363636362
 757 -0.5757575757575757
 982 -0.5151515151515151
 663 -0.4545454545454546
 986 -0.393939393939394
 4685 -0.333333333333333
 599 -0.2727272727272725
 3208 -0.2121212121212119
 9 -0.1515151515151514
 2990 -0.09090909090909083
 9 -0.03030303030303028
 2858 0.03030303030303028
 13 0.09090909090909083
 2457 0.1515151515151514
 2011 0.2121212121212124
 2445 0.2727272727272729
 1976 0.3333333333333335
 765 0.393939393939394
 1041 0.4545454545454546
 781 0.5151515151515151
 887 0.5757575757575757
 636 0.6363636363636367
 889 0.6969696969696972
 690 0.7575757575757578
 20 0.8181818181818183
 586 0.8787878787878789
 21 0.9393939393939394
 592 1
 16 1.060606060606061
 593 1.121212121212121
 6 1.181818181818182
 36 1.242424242424242
 145 1.303030303030303
 40 1.363636363636363
 131 1.424242424242425
 38 1.484848484848485
 126 1.545454545454546
 3 1.606060606060606
 0 1.666666666666667
 2 1.727272727272728
 33 1.787878787878788
 1 1.848484848484849
 25 1.909090909090909
 3 1.96969696969697
 0 2.03030303030303
 0 2.090909090909091
 0 2.151515151515151
 1 2.212121212121212
 0 2.272727272727272
 0 2.333333333333334
 8 2.393939393939394
 1 2.454545454545455
 2 2.515151515151516
 0 2.575757575757576
 0 2.636363636363637
 0 2.696969696969697
 0 2.757575757575758
 0 2.818181818181818
 0 2.878787878787879
 0 2.939393939393939
 0 3


