# Created by Octave 3.8.2, Mon Jun 22 01:21:06 2020 CEST <damian@fptrucha.inv.usc.es>
# name: hd
# type: matrix
# rows: 100
# columns: 2
 0 -3
 0 -2.939393939393939
 0 -2.878787878787879
 0 -2.818181818181818
 0 -2.757575757575758
 0 -2.696969696969697
 0 -2.636363636363636
 2 -2.575757575757576
 1 -2.515151515151515
 4 -2.454545454545455
 0 -2.393939393939394
 0 -2.333333333333333
 0 -2.272727272727272
 0 -2.212121212121212
 0 -2.151515151515151
 1 -2.090909090909091
 2 -2.03030303030303
 33 -1.96969696969697
 32 -1.909090909090909
 1 -1.848484848484848
 2 -1.787878787878788
 0 -1.727272727272727
 0 -1.666666666666667
 92 -1.606060606060606
 13 -1.545454545454545
 85 -1.484848484848485
 20 -1.424242424242424
 84 -1.363636363636364
 16 -1.303030303030303
 15 -1.242424242424242
 556 -1.181818181818182
 21 -1.121212121212121
 513 -1.060606060606061
 11 -1
 431 -0.9393939393939394
 12 -0.8787878787878789
 394 -0.8181818181818183
 1062 -0.7575757575757573
 636 -0.6969696969696968
 1000 -0.6363636363636362
 588 -0.5757575757575757
 867 -0.5151515151515151
 548 -0.4545454545454546
 820 -0.393939393939394
 4111 -0.333333333333333
 545 -0.2727272727272725
 2898 -0.2121212121212119
 7 -0.1515151515151514
 2610 -0.09090909090909083
 4 -0.03030303030303028
 2458 0.03030303030303028
 9 0.09090909090909083
 2153 0.1515151515151514
 1738 0.2121212121212124
 2254 0.2727272727272729
 1729 0.3333333333333335
 645 0.393939393939394
 863 0.4545454545454546
 653 0.5151515151515151
 801 0.5757575757575757
 580 0.6363636363636367
 822 0.6969696969696972
 574 0.7575757575757578
 17 0.8181818181818183
 534 0.8787878787878789
 13 0.9393939393939394
 531 1
 2 1.060606060606061
 444 1.121212121212121
 18 1.181818181818182
 23 1.242424242424242
 102 1.303030303030303
 17 1.363636363636363
 91 1.424242424242425
 25 1.484848484848485
 78 1.545454545454546
 1 1.606060606060606
 0 1.666666666666667
 2 1.727272727272728
 24 1.787878787878788
 3 1.848484848484849
 21 1.909090909090909
 9 1.96969696969697
 1 2.03030303030303
 0 2.090909090909091
 0 2.151515151515151
 1 2.212121212121212
 0 2.272727272727272
 1 2.333333333333334
 5 2.393939393939394
 1 2.454545454545455
 0 2.515151515151516
 0 2.575757575757576
 0 2.636363636363637
 0 2.696969696969697
 0 2.757575757575758
 0 2.818181818181818
 0 2.878787878787879
 0 2.939393939393939
 0 3


