# Created by Octave 3.8.2, Mon Jun 22 01:54:42 2020 CEST <damian@fptrucha.inv.usc.es>
# name: hd
# type: matrix
# rows: 100
# columns: 2
 0 -3
 0 -2.939393939393939
 0 -2.878787878787879
 0 -2.818181818181818
 0 -2.757575757575758
 0 -2.696969696969697
 0 -2.636363636363636
 0 -2.575757575757576
 0 -2.515151515151515
 6 -2.454545454545455
 1 -2.393939393939394
 0 -2.333333333333333
 1 -2.272727272727272
 0 -2.212121212121212
 0 -2.151515151515151
 2 -2.090909090909091
 4 -2.03030303030303
 32 -1.96969696969697
 28 -1.909090909090909
 1 -1.848484848484848
 1 -1.787878787878788
 0 -1.727272727272727
 1 -1.666666666666667
 101 -1.606060606060606
 33 -1.545454545454545
 107 -1.484848484848485
 26 -1.424242424242424
 89 -1.363636363636364
 19 -1.303030303030303
 9 -1.242424242424242
 577 -1.181818181818182
 16 -1.121212121212121
 513 -1.060606060606061
 18 -1
 470 -0.9393939393939394
 18 -0.8787878787878789
 449 -0.8181818181818183
 997 -0.7575757575757573
 674 -0.6969696969696968
 1012 -0.6363636363636362
 624 -0.5757575757575757
 915 -0.5151515151515151
 577 -0.4545454545454546
 931 -0.393939393939394
 4185 -0.333333333333333
 553 -0.2727272727272725
 2754 -0.2121212121212119
 12 -0.1515151515151514
 2678 -0.09090909090909083
 17 -0.03030303030303028
 2495 0.03030303030303028
 19 0.09090909090909083
 2286 0.1515151515151514
 1716 0.2121212121212124
 2287 0.2727272727272729
 1721 0.3333333333333335
 642 0.393939393939394
 933 0.4545454545454546
 608 0.5151515151515151
 798 0.5757575757575757
 617 0.6363636363636367
 795 0.6969696969696972
 598 0.7575757575757578
 22 0.8181818181818183
 620 0.8787878787878789
 18 0.9393939393939394
 543 1
 16 1.060606060606061
 508 1.121212121212121
 14 1.181818181818182
 37 1.242424242424242
 126 1.303030303030303
 26 1.363636363636363
 110 1.424242424242425
 31 1.484848484848485
 103 1.545454545454546
 1 1.606060606060606
 0 1.666666666666667
 3 1.727272727272728
 43 1.787878787878788
 3 1.848484848484849
 27 1.909090909090909
 3 1.96969696969697
 1 2.03030303030303
 0 2.090909090909091
 0 2.151515151515151
 3 2.212121212121212
 2 2.272727272727272
 1 2.333333333333334
 9 2.393939393939394
 1 2.454545454545455
 1 2.515151515151516
 0 2.575757575757576
 0 2.636363636363637
 0 2.696969696969697
 0 2.757575757575758
 0 2.818181818181818
 0 2.878787878787879
 0 2.939393939393939
 0 3


