# Created by Octave 3.8.2, Sat Jun 20 21:57:32 2020 CEST <damian@fptrucha.inv.usc.es>
# name: hd
# type: matrix
# rows: 100
# columns: 2
 0 -3
 0 -2.939393939393939
 0 -2.878787878787879
 0 -2.818181818181818
 0 -2.757575757575758
 0 -2.696969696969697
 0 -2.636363636363636
 0 -2.575757575757576
 0 -2.515151515151515
 5 -2.454545454545455
 1 -2.393939393939394
 1 -2.333333333333333
 0 -2.272727272727272
 0 -2.212121212121212
 0 -2.151515151515151
 1 -2.090909090909091
 3 -2.03030303030303
 19 -1.96969696969697
 20 -1.909090909090909
 0 -1.848484848484848
 0 -1.787878787878788
 0 -1.727272727272727
 4 -1.666666666666667
 76 -1.606060606060606
 17 -1.545454545454545
 94 -1.484848484848485
 16 -1.424242424242424
 72 -1.363636363636364
 19 -1.303030303030303
 17 -1.242424242424242
 497 -1.181818181818182
 17 -1.121212121212121
 477 -1.060606060606061
 9 -1
 422 -0.9393939393939394
 12 -0.8787878787878789
 430 -0.8181818181818183
 960 -0.7575757575757573
 658 -0.6969696969696968
 1028 -0.6363636363636362
 618 -0.5757575757575757
 838 -0.5151515151515151
 553 -0.4545454545454546
 817 -0.393939393939394
 4117 -0.333333333333333
 552 -0.2727272727272725
 2918 -0.2121212121212119
 6 -0.1515151515151514
 2673 -0.09090909090909083
 9 -0.03030303030303028
 2538 0.03030303030303028
 8 0.09090909090909083
 2197 0.1515151515151514
 1669 0.2121212121212124
 2201 0.2727272727272729
 1654 0.3333333333333335
 673 0.393939393939394
 885 0.4545454545454546
 602 0.5151515151515151
 807 0.5757575757575757
 626 0.6363636363636367
 801 0.6969696969696972
 570 0.7575757575757578
 8 0.8181818181818183
 556 0.8787878787878789
 17 0.9393939393939394
 518 1
 14 1.060606060606061
 517 1.121212121212121
 10 1.181818181818182
 28 1.242424242424242
 104 1.303030303030303
 23 1.363636363636363
 88 1.424242424242425
 32 1.484848484848485
 85 1.545454545454546
 0 1.606060606060606
 0 1.666666666666667
 3 1.727272727272728
 37 1.787878787878788
 3 1.848484848484849
 26 1.909090909090909
 6 1.96969696969697
 0 2.03030303030303
 0 2.090909090909091
 0 2.151515151515151
 2 2.212121212121212
 0 2.272727272727272
 0 2.333333333333334
 8 2.393939393939394
 0 2.454545454545455
 0 2.515151515151516
 0 2.575757575757576
 0 2.636363636363637
 0 2.696969696969697
 0 2.757575757575758
 0 2.818181818181818
 0 2.878787878787879
 0 2.939393939393939
 0 3


