# Created by Octave 3.8.2, Sat Jun 20 23:50:45 2020 CEST <damian@fptrucha.inv.usc.es>
# name: hd
# type: matrix
# rows: 100
# columns: 2
 0 -3
 0 -2.939393939393939
 0 -2.878787878787879
 0 -2.818181818181818
 0 -2.757575757575758
 0 -2.696969696969697
 0 -2.636363636363636
 0 -2.575757575757576
 0 -2.515151515151515
 3 -2.454545454545455
 0 -2.393939393939394
 1 -2.333333333333333
 0 -2.272727272727272
 0 -2.212121212121212
 0 -2.151515151515151
 1 -2.090909090909091
 2 -2.03030303030303
 20 -1.96969696969697
 19 -1.909090909090909
 0 -1.848484848484848
 1 -1.787878787878788
 0 -1.727272727272727
 4 -1.666666666666667
 87 -1.606060606060606
 26 -1.545454545454545
 71 -1.484848484848485
 17 -1.424242424242424
 84 -1.363636363636364
 13 -1.303030303030303
 12 -1.242424242424242
 534 -1.181818181818182
 14 -1.121212121212121
 455 -1.060606060606061
 16 -1
 416 -0.9393939393939394
 19 -0.8787878787878789
 471 -0.8181818181818183
 974 -0.7575757575757573
 650 -0.6969696969696968
 1046 -0.6363636363636362
 651 -0.5757575757575757
 812 -0.5151515151515151
 592 -0.4545454545454546
 791 -0.393939393939394
 4070 -0.333333333333333
 531 -0.2727272727272725
 2801 -0.2121212121212119
 11 -0.1515151515151514
 2581 -0.09090909090909083
 6 -0.03030303030303028
 2434 0.03030303030303028
 13 0.09090909090909083
 2134 0.1515151515151514
 1726 0.2121212121212124
 2175 0.2727272727272729
 1617 0.3333333333333335
 635 0.393939393939394
 870 0.4545454545454546
 650 0.5151515151515151
 792 0.5757575757575757
 642 0.6363636363636367
 750 0.6969696969696972
 578 0.7575757575757578
 11 0.8181818181818183
 551 0.8787878787878789
 7 0.9393939393939394
 514 1
 9 1.060606060606061
 511 1.121212121212121
 8 1.181818181818182
 34 1.242424242424242
 107 1.303030303030303
 17 1.363636363636363
 79 1.424242424242425
 24 1.484848484848485
 98 1.545454545454546
 0 1.606060606060606
 0 1.666666666666667
 0 1.727272727272728
 37 1.787878787878788
 3 1.848484848484849
 31 1.909090909090909
 3 1.96969696969697
 1 2.03030303030303
 0 2.090909090909091
 0 2.151515151515151
 1 2.212121212121212
 0 2.272727272727272
 0 2.333333333333334
 8 2.393939393939394
 0 2.454545454545455
 2 2.515151515151516
 0 2.575757575757576
 0 2.636363636363637
 0 2.696969696969697
 0 2.757575757575758
 0 2.818181818181818
 0 2.878787878787879
 0 2.939393939393939
 0 3


