# Created by Octave 3.8.2, Mon Jun 22 12:16:55 2020 CEST <damian@fptrucha.inv.usc.es>
# name: hd
# type: matrix
# rows: 100
# columns: 2
 0 -3
 0 -2.939393939393939
 0 -2.878787878787879
 0 -2.818181818181818
 0 -2.757575757575758
 0 -2.696969696969697
 0 -2.636363636363636
 2 -2.575757575757576
 1 -2.515151515151515
 6 -2.454545454545455
 1 -2.393939393939394
 0 -2.333333333333333
 2 -2.272727272727272
 0 -2.212121212121212
 0 -2.151515151515151
 3 -2.090909090909091
 5 -2.03030303030303
 34 -1.96969696969697
 39 -1.909090909090909
 1 -1.848484848484848
 0 -1.787878787878788
 0 -1.727272727272727
 1 -1.666666666666667
 84 -1.606060606060606
 32 -1.545454545454545
 89 -1.484848484848485
 29 -1.424242424242424
 107 -1.363636363636364
 26 -1.303030303030303
 8 -1.242424242424242
 546 -1.181818181818182
 13 -1.121212121212121
 535 -1.060606060606061
 16 -1
 505 -0.9393939393939394
 19 -0.8787878787878789
 477 -0.8181818181818183
 893 -0.7575757575757573
 583 -0.6969696969696968
 983 -0.6363636363636362
 629 -0.5757575757575757
 869 -0.5151515151515151
 610 -0.4545454545454546
 916 -0.393939393939394
 4163 -0.333333333333333
 608 -0.2727272727272725
 2580 -0.2121212121212119
 9 -0.1515151515151514
 2660 -0.09090909090909083
 18 -0.03030303030303028
 2493 0.03030303030303028
 14 0.09090909090909083
 2337 0.1515151515151514
 1551 0.2121212121212124
 2359 0.2727272727272729
 1542 0.3333333333333335
 652 0.393939393939394
 884 0.4545454545454546
 678 0.5151515151515151
 798 0.5757575757575757
 659 0.6363636363636367
 826 0.6969696969696972
 598 0.7575757575757578
 12 0.8181818181818183
 567 0.8787878787878789
 14 0.9393939393939394
 557 1
 14 1.060606060606061
 494 1.121212121212121
 6 1.181818181818182
 34 1.242424242424242
 137 1.303030303030303
 34 1.363636363636363
 115 1.424242424242425
 37 1.484848484848485
 104 1.545454545454546
 2 1.606060606060606
 0 1.666666666666667
 1 1.727272727272728
 43 1.787878787878788
 6 1.848484848484849
 39 1.909090909090909
 5 1.96969696969697
 0 2.03030303030303
 0 2.090909090909091
 0 2.151515151515151
 4 2.212121212121212
 2 2.272727272727272
 0 2.333333333333334
 3 2.393939393939394
 0 2.454545454545455
 1 2.515151515151516
 0 2.575757575757576
 0 2.636363636363637
 0 2.696969696969697
 0 2.757575757575758
 0 2.818181818181818
 0 2.878787878787879
 0 2.939393939393939
 0 3


