# Created by Octave 3.8.2, Mon Jun 22 23:05:55 2020 CEST <damian@fptrucha.inv.usc.es>
# name: hd
# type: matrix
# rows: 100
# columns: 2
 0 -3
 0 -2.939393939393939
 0 -2.878787878787879
 0 -2.818181818181818
 0 -2.757575757575758
 0 -2.696969696969697
 0 -2.636363636363636
 1 -2.575757575757576
 2 -2.515151515151515
 6 -2.454545454545455
 1 -2.393939393939394
 0 -2.333333333333333
 0 -2.272727272727272
 0 -2.212121212121212
 0 -2.151515151515151
 2 -2.090909090909091
 4 -2.03030303030303
 31 -1.96969696969697
 32 -1.909090909090909
 0 -1.848484848484848
 3 -1.787878787878788
 0 -1.727272727272727
 0 -1.666666666666667
 137 -1.606060606060606
 29 -1.545454545454545
 115 -1.484848484848485
 34 -1.424242424242424
 130 -1.363636363636364
 13 -1.303030303030303
 10 -1.242424242424242
 635 -1.181818181818182
 17 -1.121212121212121
 582 -1.060606060606061
 17 -1
 538 -0.9393939393939394
 17 -0.8787878787878789
 544 -0.8181818181818183
 1025 -0.7575757575757573
 714 -0.6969696969696968
 1104 -0.6363636363636362
 695 -0.5757575757575757
 980 -0.5151515151515151
 676 -0.4545454545454546
 990 -0.393939393939394
 4591 -0.333333333333333
 587 -0.2727272727272725
 2812 -0.2121212121212119
 20 -0.1515151515151514
 2847 -0.09090909090909083
 10 -0.03030303030303028
 2629 0.03030303030303028
 26 0.09090909090909083
 2455 0.1515151515151514
 1673 0.2121212121212124
 2459 0.2727272727272729
 1678 0.3333333333333335
 678 0.393939393939394
 944 0.4545454545454546
 667 0.5151515151515151
 884 0.5757575757575757
 661 0.6363636363636367
 868 0.6969696969696972
 614 0.7575757575757578
 9 0.8181818181818183
 619 0.8787878787878789
 17 0.9393939393939394
 588 1
 11 1.060606060606061
 554 1.121212121212121
 16 1.181818181818182
 39 1.242424242424242
 121 1.303030303030303
 34 1.363636363636363
 127 1.424242424242425
 23 1.484848484848485
 118 1.545454545454546
 1 1.606060606060606
 0 1.666666666666667
 1 1.727272727272728
 42 1.787878787878788
 3 1.848484848484849
 40 1.909090909090909
 10 1.96969696969697
 0 2.03030303030303
 0 2.090909090909091
 0 2.151515151515151
 1 2.212121212121212
 0 2.272727272727272
 3 2.333333333333334
 18 2.393939393939394
 0 2.454545454545455
 1 2.515151515151516
 0 2.575757575757576
 0 2.636363636363637
 0 2.696969696969697
 0 2.757575757575758
 0 2.818181818181818
 0 2.878787878787879
 0 2.939393939393939
 0 3


