# Created by Octave 3.8.2, Mon Jun 22 22:34:23 2020 CEST <damian@fptrucha.inv.usc.es>
# name: hd
# type: matrix
# rows: 100
# columns: 2
 0 -3
 0 -2.939393939393939
 0 -2.878787878787879
 0 -2.818181818181818
 0 -2.757575757575758
 0 -2.696969696969697
 0 -2.636363636363636
 1 -2.575757575757576
 2 -2.515151515151515
 9 -2.454545454545455
 1 -2.393939393939394
 0 -2.333333333333333
 0 -2.272727272727272
 0 -2.212121212121212
 0 -2.151515151515151
 1 -2.090909090909091
 2 -2.03030303030303
 30 -1.96969696969697
 43 -1.909090909090909
 1 -1.848484848484848
 2 -1.787878787878788
 0 -1.727272727272727
 1 -1.666666666666667
 95 -1.606060606060606
 26 -1.545454545454545
 109 -1.484848484848485
 30 -1.424242424242424
 97 -1.363636363636364
 27 -1.303030303030303
 7 -1.242424242424242
 601 -1.181818181818182
 20 -1.121212121212121
 575 -1.060606060606061
 22 -1
 563 -0.9393939393939394
 25 -0.8787878787878789
 561 -0.8181818181818183
 1045 -0.7575757575757573
 702 -0.6969696969696968
 994 -0.6363636363636362
 650 -0.5757575757575757
 982 -0.5151515151515151
 658 -0.4545454545454546
 980 -0.393939393939394
 4558 -0.333333333333333
 633 -0.2727272727272725
 2852 -0.2121212121212119
 16 -0.1515151515151514
 2818 -0.09090909090909083
 16 -0.03030303030303028
 2655 0.03030303030303028
 14 0.09090909090909083
 2427 0.1515151515151514
 1687 0.2121212121212124
 2474 0.2727272727272729
 1756 0.3333333333333335
 603 0.393939393939394
 931 0.4545454545454546
 658 0.5151515151515151
 847 0.5757575757575757
 701 0.6363636363636367
 844 0.6969696969696972
 589 0.7575757575757578
 9 0.8181818181818183
 581 0.8787878787878789
 19 0.9393939393939394
 531 1
 20 1.060606060606061
 511 1.121212121212121
 18 1.181818181818182
 30 1.242424242424242
 99 1.303030303030303
 32 1.363636363636363
 125 1.424242424242425
 34 1.484848484848485
 106 1.545454545454546
 1 1.606060606060606
 0 1.666666666666667
 2 1.727272727272728
 31 1.787878787878788
 2 1.848484848484849
 42 1.909090909090909
 3 1.96969696969697
 4 2.03030303030303
 0 2.090909090909091
 0 2.151515151515151
 0 2.212121212121212
 0 2.272727272727272
 0 2.333333333333334
 13 2.393939393939394
 0 2.454545454545455
 2 2.515151515151516
 0 2.575757575757576
 0 2.636363636363637
 0 2.696969696969697
 0 2.757575757575758
 0 2.818181818181818
 0 2.878787878787879
 0 2.939393939393939
 0 3


