# Created by Octave 3.8.2, Sun Jun 21 08:19:55 2020 CEST <damian@fptrucha.inv.usc.es>
# name: hd
# type: matrix
# rows: 100
# columns: 2
 0 -3
 0 -2.939393939393939
 0 -2.878787878787879
 0 -2.818181818181818
 0 -2.757575757575758
 0 -2.696969696969697
 0 -2.636363636363636
 1 -2.575757575757576
 0 -2.515151515151515
 4 -2.454545454545455
 0 -2.393939393939394
 1 -2.333333333333333
 0 -2.272727272727272
 0 -2.212121212121212
 0 -2.151515151515151
 0 -2.090909090909091
 5 -2.03030303030303
 21 -1.96969696969697
 22 -1.909090909090909
 0 -1.848484848484848
 1 -1.787878787878788
 0 -1.727272727272727
 4 -1.666666666666667
 86 -1.606060606060606
 22 -1.545454545454545
 88 -1.484848484848485
 15 -1.424242424242424
 80 -1.363636363636364
 14 -1.303030303030303
 14 -1.242424242424242
 534 -1.181818181818182
 12 -1.121212121212121
 499 -1.060606060606061
 17 -1
 426 -0.9393939393939394
 11 -0.8787878787878789
 407 -0.8181818181818183
 967 -0.7575757575757573
 673 -0.6969696969696968
 1039 -0.6363636363636362
 624 -0.5757575757575757
 829 -0.5151515151515151
 515 -0.4545454545454546
 759 -0.393939393939394
 4101 -0.333333333333333
 469 -0.2727272727272725
 2858 -0.2121212121212119
 6 -0.1515151515151514
 2568 -0.09090909090909083
 10 -0.03030303030303028
 2466 0.03030303030303028
 8 0.09090909090909083
 2226 0.1515151515151514
 1682 0.2121212121212124
 2121 0.2727272727272729
 1625 0.3333333333333335
 578 0.393939393939394
 886 0.4545454545454546
 642 0.5151515151515151
 770 0.5757575757575757
 613 0.6363636363636367
 782 0.6969696969696972
 551 0.7575757575757578
 9 0.8181818181818183
 535 0.8787878787878789
 11 0.9393939393939394
 477 1
 11 1.060606060606061
 504 1.121212121212121
 9 1.181818181818182
 29 1.242424242424242
 88 1.303030303030303
 17 1.363636363636363
 80 1.424242424242425
 25 1.484848484848485
 66 1.545454545454546
 0 1.606060606060606
 0 1.666666666666667
 2 1.727272727272728
 25 1.787878787878788
 3 1.848484848484849
 27 1.909090909090909
 0 1.96969696969697
 2 2.03030303030303
 0 2.090909090909091
 0 2.151515151515151
 2 2.212121212121212
 2 2.272727272727272
 0 2.333333333333334
 10 2.393939393939394
 0 2.454545454545455
 0 2.515151515151516
 0 2.575757575757576
 0 2.636363636363637
 0 2.696969696969697
 0 2.757575757575758
 0 2.818181818181818
 0 2.878787878787879
 0 2.939393939393939
 0 3


