# Created by Octave 3.8.2, Mon Jun 22 21:54:47 2020 CEST <damian@fptrucha.inv.usc.es>
# name: hd
# type: matrix
# rows: 100
# columns: 2
 0 -3
 0 -2.939393939393939
 0 -2.878787878787879
 0 -2.818181818181818
 0 -2.757575757575758
 0 -2.696969696969697
 0 -2.636363636363636
 0 -2.575757575757576
 0 -2.515151515151515
 6 -2.454545454545455
 0 -2.393939393939394
 0 -2.333333333333333
 0 -2.272727272727272
 0 -2.212121212121212
 0 -2.151515151515151
 0 -2.090909090909091
 6 -2.03030303030303
 34 -1.96969696969697
 44 -1.909090909090909
 3 -1.848484848484848
 2 -1.787878787878788
 0 -1.727272727272727
 0 -1.666666666666667
 122 -1.606060606060606
 36 -1.545454545454545
 121 -1.484848484848485
 30 -1.424242424242424
 119 -1.363636363636364
 16 -1.303030303030303
 9 -1.242424242424242
 612 -1.181818181818182
 21 -1.121212121212121
 569 -1.060606060606061
 12 -1
 546 -0.9393939393939394
 18 -0.8787878787878789
 588 -0.8181818181818183
 1001 -0.7575757575757573
 684 -0.6969696969696968
 1109 -0.6363636363636362
 698 -0.5757575757575757
 955 -0.5151515151515151
 627 -0.4545454545454546
 1005 -0.393939393939394
 4374 -0.333333333333333
 614 -0.2727272727272725
 2873 -0.2121212121212119
 8 -0.1515151515151514
 2789 -0.09090909090909083
 13 -0.03030303030303028
 2619 0.03030303030303028
 22 0.09090909090909083
 2399 0.1515151515151514
 1683 0.2121212121212124
 2444 0.2727272727272729
 1713 0.3333333333333335
 703 0.393939393939394
 906 0.4545454545454546
 657 0.5151515151515151
 846 0.5757575757575757
 646 0.6363636363636367
 820 0.6969696969696972
 569 0.7575757575757578
 16 0.8181818181818183
 575 0.8787878787878789
 22 0.9393939393939394
 542 1
 19 1.060606060606061
 587 1.121212121212121
 15 1.181818181818182
 27 1.242424242424242
 118 1.303030303030303
 30 1.363636363636363
 102 1.424242424242425
 23 1.484848484848485
 98 1.545454545454546
 1 1.606060606060606
 0 1.666666666666667
 1 1.727272727272728
 36 1.787878787878788
 3 1.848484848484849
 36 1.909090909090909
 3 1.96969696969697
 1 2.03030303030303
 0 2.090909090909091
 0 2.151515151515151
 1 2.212121212121212
 1 2.272727272727272
 0 2.333333333333334
 10 2.393939393939394
 0 2.454545454545455
 1 2.515151515151516
 0 2.575757575757576
 0 2.636363636363637
 0 2.696969696969697
 0 2.757575757575758
 0 2.818181818181818
 0 2.878787878787879
 0 2.939393939393939
 0 3


