# Created by Octave 3.8.2, Mon Jun 22 06:42:09 2020 CEST <damian@fptrucha.inv.usc.es>
# name: hd
# type: matrix
# rows: 100
# columns: 2
 0 -3
 0 -2.939393939393939
 0 -2.878787878787879
 0 -2.818181818181818
 0 -2.757575757575758
 0 -2.696969696969697
 0 -2.636363636363636
 2 -2.575757575757576
 1 -2.515151515151515
 9 -2.454545454545455
 3 -2.393939393939394
 0 -2.333333333333333
 2 -2.272727272727272
 0 -2.212121212121212
 0 -2.151515151515151
 2 -2.090909090909091
 4 -2.03030303030303
 36 -1.96969696969697
 44 -1.909090909090909
 0 -1.848484848484848
 0 -1.787878787878788
 0 -1.727272727272727
 4 -1.666666666666667
 89 -1.606060606060606
 36 -1.545454545454545
 115 -1.484848484848485
 29 -1.424242424242424
 129 -1.363636363636364
 28 -1.303030303030303
 11 -1.242424242424242
 493 -1.181818181818182
 14 -1.121212121212121
 507 -1.060606060606061
 9 -1
 511 -0.9393939393939394
 18 -0.8787878787878789
 499 -0.8181818181818183
 832 -0.7575757575757573
 581 -0.6969696969696968
 885 -0.6363636363636362
 596 -0.5757575757575757
 870 -0.5151515151515151
 613 -0.4545454545454546
 884 -0.393939393939394
 3857 -0.333333333333333
 579 -0.2727272727272725
 2417 -0.2121212121212119
 17 -0.1515151515151514
 2441 -0.09090909090909083
 17 -0.03030303030303028
 2429 0.03030303030303028
 33 0.09090909090909083
 2117 0.1515151515151514
 1432 0.2121212121212124
 2208 0.2727272727272729
 1457 0.3333333333333335
 618 0.393939393939394
 843 0.4545454545454546
 609 0.5151515151515151
 789 0.5757575757575757
 666 0.6363636363636367
 780 0.6969696969696972
 510 0.7575757575757578
 13 0.8181818181818183
 512 0.8787878787878789
 24 0.9393939393939394
 520 1
 13 1.060606060606061
 514 1.121212121212121
 13 1.181818181818182
 26 1.242424242424242
 96 1.303030303030303
 22 1.363636363636363
 116 1.424242424242425
 35 1.484848484848485
 87 1.545454545454546
 3 1.606060606060606
 0 1.666666666666667
 3 1.727272727272728
 37 1.787878787878788
 6 1.848484848484849
 28 1.909090909090909
 5 1.96969696969697
 4 2.03030303030303
 0 2.090909090909091
 0 2.151515151515151
 0 2.212121212121212
 2 2.272727272727272
 0 2.333333333333334
 9 2.393939393939394
 1 2.454545454545455
 1 2.515151515151516
 0 2.575757575757576
 0 2.636363636363637
 0 2.696969696969697
 0 2.757575757575758
 0 2.818181818181818
 0 2.878787878787879
 0 2.939393939393939
 0 3


