# Created by Octave 3.8.2, Mon Jun 22 11:59:28 2020 CEST <damian@fptrucha.inv.usc.es>
# name: hd
# type: matrix
# rows: 100
# columns: 2
 0 -3
 0 -2.939393939393939
 0 -2.878787878787879
 0 -2.818181818181818
 0 -2.757575757575758
 0 -2.696969696969697
 0 -2.636363636363636
 1 -2.575757575757576
 1 -2.515151515151515
 8 -2.454545454545455
 1 -2.393939393939394
 0 -2.333333333333333
 2 -2.272727272727272
 0 -2.212121212121212
 0 -2.151515151515151
 3 -2.090909090909091
 4 -2.03030303030303
 20 -1.96969696969697
 43 -1.909090909090909
 1 -1.848484848484848
 2 -1.787878787878788
 0 -1.727272727272727
 1 -1.666666666666667
 96 -1.606060606060606
 40 -1.545454545454545
 111 -1.484848484848485
 30 -1.424242424242424
 109 -1.363636363636364
 26 -1.303030303030303
 16 -1.242424242424242
 535 -1.181818181818182
 17 -1.121212121212121
 524 -1.060606060606061
 17 -1
 501 -0.9393939393939394
 20 -0.8787878787878789
 510 -0.8181818181818183
 834 -0.7575757575757573
 638 -0.6969696969696968
 1011 -0.6363636363636362
 668 -0.5757575757575757
 820 -0.5151515151515151
 616 -0.4545454545454546
 879 -0.393939393939394
 3999 -0.333333333333333
 538 -0.2727272727272725
 2557 -0.2121212121212119
 14 -0.1515151515151514
 2676 -0.09090909090909083
 14 -0.03030303030303028
 2530 0.03030303030303028
 29 0.09090909090909083
 2239 0.1515151515151514
 1541 0.2121212121212124
 2306 0.2727272727272729
 1597 0.3333333333333335
 612 0.393939393939394
 933 0.4545454545454546
 685 0.5151515151515151
 823 0.5757575757575757
 584 0.6363636363636367
 844 0.6969696969696972
 538 0.7575757575757578
 17 0.8181818181818183
 566 0.8787878787878789
 22 0.9393939393939394
 527 1
 12 1.060606060606061
 545 1.121212121212121
 10 1.181818181818182
 29 1.242424242424242
 108 1.303030303030303
 31 1.363636363636363
 111 1.424242424242425
 37 1.484848484848485
 113 1.545454545454546
 2 1.606060606060606
 0 1.666666666666667
 2 1.727272727272728
 46 1.787878787878788
 7 1.848484848484849
 33 1.909090909090909
 8 1.96969696969697
 0 2.03030303030303
 0 2.090909090909091
 0 2.151515151515151
 2 2.212121212121212
 1 2.272727272727272
 0 2.333333333333334
 10 2.393939393939394
 0 2.454545454545455
 1 2.515151515151516
 0 2.575757575757576
 0 2.636363636363637
 0 2.696969696969697
 0 2.757575757575758
 0 2.818181818181818
 0 2.878787878787879
 0 2.939393939393939
 0 3


