# Created by Octave 3.8.2, Sat Jun 20 14:11:04 2020 CEST <damian@fptrucha.inv.usc.es>
# name: hd
# type: matrix
# rows: 100
# columns: 2
 0 -3
 0 -2.939393939393939
 0 -2.878787878787879
 0 -2.818181818181818
 0 -2.757575757575758
 0 -2.696969696969697
 0 -2.636363636363636
 2 -2.575757575757576
 1 -2.515151515151515
 1 -2.454545454545455
 0 -2.393939393939394
 0 -2.333333333333333
 1 -2.272727272727272
 0 -2.212121212121212
 0 -2.151515151515151
 1 -2.090909090909091
 3 -2.03030303030303
 32 -1.96969696969697
 26 -1.909090909090909
 1 -1.848484848484848
 0 -1.787878787878788
 0 -1.727272727272727
 2 -1.666666666666667
 107 -1.606060606060606
 22 -1.545454545454545
 75 -1.484848484848485
 24 -1.424242424242424
 92 -1.363636363636364
 19 -1.303030303030303
 15 -1.242424242424242
 610 -1.181818181818182
 19 -1.121212121212121
 495 -1.060606060606061
 10 -1
 468 -0.9393939393939394
 15 -0.8787878787878789
 440 -0.8181818181818183
 1112 -0.7575757575757573
 733 -0.6969696969696968
 1010 -0.6363636363636362
 667 -0.5757575757575757
 901 -0.5151515151515151
 572 -0.4545454545454546
 889 -0.393939393939394
 4345 -0.333333333333333
 595 -0.2727272727272725
 3060 -0.2121212121212119
 12 -0.1515151515151514
 2760 -0.09090909090909083
 9 -0.03030303030303028
 2600 0.03030303030303028
 10 0.09090909090909083
 2295 0.1515151515151514
 1860 0.2121212121212124
 2277 0.2727272727272729
 1754 0.3333333333333335
 709 0.393939393939394
 945 0.4545454545454546
 679 0.5151515151515151
 879 0.5757575757575757
 641 0.6363636363636367
 864 0.6969696969696972
 579 0.7575757575757578
 14 0.8181818181818183
 588 0.8787878787878789
 12 0.9393939393939394
 619 1
 17 1.060606060606061
 531 1.121212121212121
 13 1.181818181818182
 32 1.242424242424242
 109 1.303030303030303
 36 1.363636363636363
 117 1.424242424242425
 32 1.484848484848485
 107 1.545454545454546
 2 1.606060606060606
 0 1.666666666666667
 1 1.727272727272728
 40 1.787878787878788
 3 1.848484848484849
 16 1.909090909090909
 2 1.96969696969697
 1 2.03030303030303
 0 2.090909090909091
 0 2.151515151515151
 1 2.212121212121212
 0 2.272727272727272
 1 2.333333333333334
 10 2.393939393939394
 2 2.454545454545455
 0 2.515151515151516
 0 2.575757575757576
 0 2.636363636363637
 0 2.696969696969697
 0 2.757575757575758
 0 2.818181818181818
 0 2.878787878787879
 0 2.939393939393939
 0 3


