# Created by Octave 3.8.2, Mon Jun 22 17:01:37 2020 CEST <damian@fptrucha.inv.usc.es>
# name: hd
# type: matrix
# rows: 100
# columns: 2
 0 -3
 0 -2.939393939393939
 0 -2.878787878787879
 0 -2.818181818181818
 0 -2.757575757575758
 0 -2.696969696969697
 0 -2.636363636363636
 2 -2.575757575757576
 1 -2.515151515151515
 10 -2.454545454545455
 2 -2.393939393939394
 0 -2.333333333333333
 0 -2.272727272727272
 0 -2.212121212121212
 0 -2.151515151515151
 1 -2.090909090909091
 4 -2.03030303030303
 30 -1.96969696969697
 30 -1.909090909090909
 2 -1.848484848484848
 3 -1.787878787878788
 0 -1.727272727272727
 1 -1.666666666666667
 93 -1.606060606060606
 26 -1.545454545454545
 123 -1.484848484848485
 30 -1.424242424242424
 113 -1.363636363636364
 31 -1.303030303030303
 10 -1.242424242424242
 577 -1.181818181818182
 10 -1.121212121212121
 573 -1.060606060606061
 24 -1
 543 -0.9393939393939394
 22 -0.8787878787878789
 529 -0.8181818181818183
 954 -0.7575757575757573
 635 -0.6969696969696968
 1015 -0.6363636363636362
 657 -0.5757575757575757
 901 -0.5151515151515151
 620 -0.4545454545454546
 951 -0.393939393939394
 4037 -0.333333333333333
 609 -0.2727272727272725
 2670 -0.2121212121212119
 12 -0.1515151515151514
 2812 -0.09090909090909083
 13 -0.03030303030303028
 2519 0.03030303030303028
 13 0.09090909090909083
 2368 0.1515151515151514
 1625 0.2121212121212124
 2376 0.2727272727272729
 1644 0.3333333333333335
 702 0.393939393939394
 917 0.4545454545454546
 679 0.5151515151515151
 800 0.5757575757575757
 633 0.6363636363636367
 877 0.6969696969696972
 519 0.7575757575757578
 24 0.8181818181818183
 574 0.8787878787878789
 12 0.9393939393939394
 508 1
 20 1.060606060606061
 558 1.121212121212121
 14 1.181818181818182
 33 1.242424242424242
 122 1.303030303030303
 23 1.363636363636363
 130 1.424242424242425
 45 1.484848484848485
 111 1.545454545454546
 2 1.606060606060606
 0 1.666666666666667
 3 1.727272727272728
 45 1.787878787878788
 9 1.848484848484849
 37 1.909090909090909
 7 1.96969696969697
 1 2.03030303030303
 0 2.090909090909091
 0 2.151515151515151
 2 2.212121212121212
 0 2.272727272727272
 2 2.333333333333334
 9 2.393939393939394
 2 2.454545454545455
 3 2.515151515151516
 0 2.575757575757576
 0 2.636363636363637
 0 2.696969696969697
 0 2.757575757575758
 0 2.818181818181818
 0 2.878787878787879
 0 2.939393939393939
 0 3


