# Created by Octave 3.8.2, Sun Jun 21 02:58:15 2020 CEST <damian@fptrucha.inv.usc.es>
# name: hd
# type: matrix
# rows: 100
# columns: 2
 0 -3
 0 -2.939393939393939
 0 -2.878787878787879
 0 -2.818181818181818
 0 -2.757575757575758
 0 -2.696969696969697
 0 -2.636363636363636
 0 -2.575757575757576
 1 -2.515151515151515
 3 -2.454545454545455
 0 -2.393939393939394
 0 -2.333333333333333
 3 -2.272727272727272
 0 -2.212121212121212
 0 -2.151515151515151
 1 -2.090909090909091
 7 -2.03030303030303
 26 -1.96969696969697
 31 -1.909090909090909
 3 -1.848484848484848
 1 -1.787878787878788
 0 -1.727272727272727
 4 -1.666666666666667
 94 -1.606060606060606
 22 -1.545454545454545
 82 -1.484848484848485
 21 -1.424242424242424
 101 -1.363636363636364
 19 -1.303030303030303
 20 -1.242424242424242
 559 -1.181818181818182
 9 -1.121212121212121
 519 -1.060606060606061
 15 -1
 429 -0.9393939393939394
 13 -0.8787878787878789
 433 -0.8181818181818183
 920 -0.7575757575757573
 616 -0.6969696969696968
 1000 -0.6363636363636362
 701 -0.5757575757575757
 846 -0.5151515151515151
 595 -0.4545454545454546
 842 -0.393939393939394
 4099 -0.333333333333333
 539 -0.2727272727272725
 2816 -0.2121212121212119
 6 -0.1515151515151514
 2495 -0.09090909090909083
 10 -0.03030303030303028
 2395 0.03030303030303028
 14 0.09090909090909083
 2108 0.1515151515151514
 1643 0.2121212121212124
 2151 0.2727272727272729
 1601 0.3333333333333335
 595 0.393939393939394
 852 0.4545454545454546
 655 0.5151515151515151
 800 0.5757575757575757
 589 0.6363636363636367
 769 0.6969696969696972
 580 0.7575757575757578
 8 0.8181818181818183
 509 0.8787878787878789
 10 0.9393939393939394
 512 1
 9 1.060606060606061
 472 1.121212121212121
 12 1.181818181818182
 28 1.242424242424242
 83 1.303030303030303
 29 1.363636363636363
 85 1.424242424242425
 23 1.484848484848485
 91 1.545454545454546
 0 1.606060606060606
 0 1.666666666666667
 1 1.727272727272728
 30 1.787878787878788
 1 1.848484848484849
 30 1.909090909090909
 1 1.96969696969697
 1 2.03030303030303
 0 2.090909090909091
 0 2.151515151515151
 2 2.212121212121212
 0 2.272727272727272
 0 2.333333333333334
 3 2.393939393939394
 0 2.454545454545455
 2 2.515151515151516
 0 2.575757575757576
 0 2.636363636363637
 0 2.696969696969697
 0 2.757575757575758
 0 2.818181818181818
 0 2.878787878787879
 0 2.939393939393939
 0 3


