# Created by Octave 3.8.2, Sun Jun 21 05:53:26 2020 CEST <damian@fptrucha.inv.usc.es>
# name: hd
# type: matrix
# rows: 100
# columns: 2
 0 -3
 0 -2.939393939393939
 0 -2.878787878787879
 0 -2.818181818181818
 0 -2.757575757575758
 0 -2.696969696969697
 0 -2.636363636363636
 1 -2.575757575757576
 0 -2.515151515151515
 4 -2.454545454545455
 0 -2.393939393939394
 1 -2.333333333333333
 0 -2.272727272727272
 0 -2.212121212121212
 0 -2.151515151515151
 0 -2.090909090909091
 4 -2.03030303030303
 27 -1.96969696969697
 22 -1.909090909090909
 1 -1.848484848484848
 2 -1.787878787878788
 0 -1.727272727272727
 1 -1.666666666666667
 80 -1.606060606060606
 24 -1.545454545454545
 106 -1.484848484848485
 24 -1.424242424242424
 74 -1.363636363636364
 20 -1.303030303030303
 14 -1.242424242424242
 554 -1.181818181818182
 18 -1.121212121212121
 516 -1.060606060606061
 8 -1
 429 -0.9393939393939394
 12 -0.8787878787878789
 422 -0.8181818181818183
 1002 -0.7575757575757573
 665 -0.6969696969696968
 1003 -0.6363636363636362
 637 -0.5757575757575757
 849 -0.5151515151515151
 576 -0.4545454545454546
 813 -0.393939393939394
 4115 -0.333333333333333
 499 -0.2727272727272725
 2801 -0.2121212121212119
 9 -0.1515151515151514
 2600 -0.09090909090909083
 8 -0.03030303030303028
 2454 0.03030303030303028
 12 0.09090909090909083
 2217 0.1515151515151514
 1681 0.2121212121212124
 2158 0.2727272727272729
 1558 0.3333333333333335
 605 0.393939393939394
 872 0.4545454545454546
 648 0.5151515151515151
 777 0.5757575757575757
 595 0.6363636363636367
 775 0.6969696969696972
 576 0.7575757575757578
 12 0.8181818181818183
 579 0.8787878787878789
 12 0.9393939393939394
 493 1
 12 1.060606060606061
 476 1.121212121212121
 9 1.181818181818182
 19 1.242424242424242
 90 1.303030303030303
 16 1.363636363636363
 90 1.424242424242425
 17 1.484848484848485
 99 1.545454545454546
 1 1.606060606060606
 0 1.666666666666667
 3 1.727272727272728
 25 1.787878787878788
 5 1.848484848484849
 25 1.909090909090909
 1 1.96969696969697
 0 2.03030303030303
 0 2.090909090909091
 0 2.151515151515151
 1 2.212121212121212
 1 2.272727272727272
 0 2.333333333333334
 6 2.393939393939394
 1 2.454545454545455
 0 2.515151515151516
 0 2.575757575757576
 0 2.636363636363637
 0 2.696969696969697
 0 2.757575757575758
 0 2.818181818181818
 0 2.878787878787879
 0 2.939393939393939
 0 3


