# Created by Octave 3.8.2, Sat Jun 20 19:16:38 2020 CEST <damian@fptrucha.inv.usc.es>
# name: hd
# type: matrix
# rows: 100
# columns: 2
 0 -3
 0 -2.939393939393939
 0 -2.878787878787879
 0 -2.818181818181818
 0 -2.757575757575758
 0 -2.696969696969697
 0 -2.636363636363636
 1 -2.575757575757576
 1 -2.515151515151515
 2 -2.454545454545455
 0 -2.393939393939394
 1 -2.333333333333333
 1 -2.272727272727272
 0 -2.212121212121212
 0 -2.151515151515151
 2 -2.090909090909091
 1 -2.03030303030303
 15 -1.96969696969697
 20 -1.909090909090909
 2 -1.848484848484848
 0 -1.787878787878788
 0 -1.727272727272727
 1 -1.666666666666667
 111 -1.606060606060606
 27 -1.545454545454545
 87 -1.484848484848485
 21 -1.424242424242424
 64 -1.363636363636364
 10 -1.303030303030303
 8 -1.242424242424242
 530 -1.181818181818182
 11 -1.121212121212121
 463 -1.060606060606061
 12 -1
 443 -0.9393939393939394
 11 -0.8787878787878789
 419 -0.8181818181818183
 1010 -0.7575757575757573
 646 -0.6969696969696968
 978 -0.6363636363636362
 610 -0.5757575757575757
 876 -0.5151515151515151
 589 -0.4545454545454546
 862 -0.393939393939394
 4287 -0.333333333333333
 521 -0.2727272727272725
 2888 -0.2121212121212119
 4 -0.1515151515151514
 2590 -0.09090909090909083
 11 -0.03030303030303028
 2493 0.03030303030303028
 12 0.09090909090909083
 2200 0.1515151515151514
 1685 0.2121212121212124
 2255 0.2727272727272729
 1673 0.3333333333333335
 636 0.393939393939394
 853 0.4545454545454546
 619 0.5151515151515151
 823 0.5757575757575757
 634 0.6363636363636367
 826 0.6969696969696972
 606 0.7575757575757578
 8 0.8181818181818183
 560 0.8787878787878789
 19 0.9393939393939394
 507 1
 9 1.060606060606061
 557 1.121212121212121
 9 1.181818181818182
 30 1.242424242424242
 108 1.303030303030303
 19 1.363636363636363
 110 1.424242424242425
 24 1.484848484848485
 81 1.545454545454546
 3 1.606060606060606
 0 1.666666666666667
 2 1.727272727272728
 30 1.787878787878788
 2 1.848484848484849
 31 1.909090909090909
 2 1.96969696969697
 2 2.03030303030303
 0 2.090909090909091
 0 2.151515151515151
 2 2.212121212121212
 0 2.272727272727272
 0 2.333333333333334
 2 2.393939393939394
 0 2.454545454545455
 0 2.515151515151516
 0 2.575757575757576
 0 2.636363636363637
 0 2.696969696969697
 0 2.757575757575758
 0 2.818181818181818
 0 2.878787878787879
 0 2.939393939393939
 0 3


