# Created by Octave 3.8.2, Sat Jun 20 16:04:35 2020 CEST <damian@fptrucha.inv.usc.es>
# name: hd
# type: matrix
# rows: 100
# columns: 2
 0 -3
 0 -2.939393939393939
 0 -2.878787878787879
 0 -2.818181818181818
 0 -2.757575757575758
 0 -2.696969696969697
 0 -2.636363636363636
 1 -2.575757575757576
 1 -2.515151515151515
 5 -2.454545454545455
 0 -2.393939393939394
 0 -2.333333333333333
 0 -2.272727272727272
 0 -2.212121212121212
 0 -2.151515151515151
 1 -2.090909090909091
 2 -2.03030303030303
 25 -1.96969696969697
 33 -1.909090909090909
 1 -1.848484848484848
 1 -1.787878787878788
 0 -1.727272727272727
 1 -1.666666666666667
 100 -1.606060606060606
 31 -1.545454545454545
 94 -1.484848484848485
 22 -1.424242424242424
 92 -1.363636363636364
 17 -1.303030303030303
 7 -1.242424242424242
 566 -1.181818181818182
 17 -1.121212121212121
 501 -1.060606060606061
 8 -1
 435 -0.9393939393939394
 18 -0.8787878787878789
 450 -0.8181818181818183
 1029 -0.7575757575757573
 626 -0.6969696969696968
 1012 -0.6363636363636362
 666 -0.5757575757575757
 843 -0.5151515151515151
 610 -0.4545454545454546
 827 -0.393939393939394
 4414 -0.333333333333333
 544 -0.2727272727272725
 2991 -0.2121212121212119
 11 -0.1515151515151514
 2723 -0.09090909090909083
 17 -0.03030303030303028
 2536 0.03030303030303028
 16 0.09090909090909083
 2326 0.1515151515151514
 1868 0.2121212121212124
 2313 0.2727272727272729
 1692 0.3333333333333335
 636 0.393939393939394
 956 0.4545454545454546
 658 0.5151515151515151
 825 0.5757575757575757
 590 0.6363636363636367
 808 0.6969696969696972
 578 0.7575757575757578
 23 0.8181818181818183
 545 0.8787878787878789
 13 0.9393939393939394
 592 1
 16 1.060606060606061
 462 1.121212121212121
 12 1.181818181818182
 28 1.242424242424242
 103 1.303030303030303
 27 1.363636363636363
 115 1.424242424242425
 22 1.484848484848485
 84 1.545454545454546
 1 1.606060606060606
 0 1.666666666666667
 1 1.727272727272728
 18 1.787878787878788
 3 1.848484848484849
 37 1.909090909090909
 2 1.96969696969697
 2 2.03030303030303
 0 2.090909090909091
 0 2.151515151515151
 3 2.212121212121212
 1 2.272727272727272
 1 2.333333333333334
 8 2.393939393939394
 0 2.454545454545455
 0 2.515151515151516
 0 2.575757575757576
 0 2.636363636363637
 0 2.696969696969697
 0 2.757575757575758
 0 2.818181818181818
 0 2.878787878787879
 0 2.939393939393939
 0 3


