# Created by Octave 3.8.2, Sat Jun 20 17:14:59 2020 CEST <damian@fptrucha.inv.usc.es>
# name: hd
# type: matrix
# rows: 100
# columns: 2
 0 -3
 0 -2.939393939393939
 0 -2.878787878787879
 0 -2.818181818181818
 0 -2.757575757575758
 0 -2.696969696969697
 0 -2.636363636363636
 3 -2.575757575757576
 0 -2.515151515151515
 2 -2.454545454545455
 0 -2.393939393939394
 0 -2.333333333333333
 0 -2.272727272727272
 0 -2.212121212121212
 0 -2.151515151515151
 0 -2.090909090909091
 3 -2.03030303030303
 17 -1.96969696969697
 25 -1.909090909090909
 0 -1.848484848484848
 0 -1.787878787878788
 0 -1.727272727272727
 0 -1.666666666666667
 67 -1.606060606060606
 17 -1.545454545454545
 48 -1.484848484848485
 9 -1.424242424242424
 49 -1.363636363636364
 17 -1.303030303030303
 7 -1.242424242424242
 314 -1.181818181818182
 10 -1.121212121212121
 350 -1.060606060606061
 10 -1
 328 -0.9393939393939394
 6 -0.8787878787878789
 294 -0.8181818181818183
 648 -0.7575757575757573
 430 -0.6969696969696968
 690 -0.6363636363636362
 409 -0.5757575757575757
 558 -0.5151515151515151
 367 -0.4545454545454546
 556 -0.393939393939394
 2659 -0.333333333333333
 325 -0.2727272727272725
 2059 -0.2121212121212119
 7 -0.1515151515151514
 1721 -0.09090909090909083
 10 -0.03030303030303028
 1680 0.03030303030303028
 2 0.09090909090909083
 1422 0.1515151515151514
 1195 0.2121212121212124
 1483 0.2727272727272729
 1032 0.3333333333333335
 397 0.393939393939394
 601 0.4545454545454546
 438 0.5151515151515151
 513 0.5757575757575757
 427 0.6363636363636367
 505 0.6969696969696972
 385 0.7575757575757578
 8 0.8181818181818183
 351 0.8787878787878789
 13 0.9393939393939394
 327 1
 7 1.060606060606061
 313 1.121212121212121
 8 1.181818181818182
 19 1.242424242424242
 58 1.303030303030303
 15 1.363636363636363
 72 1.424242424242425
 27 1.484848484848485
 62 1.545454545454546
 2 1.606060606060606
 0 1.666666666666667
 0 1.727272727272728
 20 1.787878787878788
 5 1.848484848484849
 17 1.909090909090909
 3 1.96969696969697
 1 2.03030303030303
 0 2.090909090909091
 0 2.151515151515151
 1 2.212121212121212
 1 2.272727272727272
 0 2.333333333333334
 1 2.393939393939394
 0 2.454545454545455
 0 2.515151515151516
 0 2.575757575757576
 0 2.636363636363637
 0 2.696969696969697
 0 2.757575757575758
 0 2.818181818181818
 0 2.878787878787879
 0 2.939393939393939
 0 3


