# Created by Octave 3.8.2, Sat Jun 20 11:45:44 2020 CEST <damian@fptrucha.inv.usc.es>
# name: hd
# type: matrix
# rows: 100
# columns: 2
 0 -3
 0 -2.939393939393939
 0 -2.878787878787879
 0 -2.818181818181818
 0 -2.757575757575758
 0 -2.696969696969697
 0 -2.636363636363636
 0 -2.575757575757576
 1 -2.515151515151515
 6 -2.454545454545455
 1 -2.393939393939394
 0 -2.333333333333333
 2 -2.272727272727272
 0 -2.212121212121212
 0 -2.151515151515151
 2 -2.090909090909091
 3 -2.03030303030303
 23 -1.96969696969697
 28 -1.909090909090909
 1 -1.848484848484848
 3 -1.787878787878788
 0 -1.727272727272727
 6 -1.666666666666667
 97 -1.606060606060606
 15 -1.545454545454545
 96 -1.484848484848485
 24 -1.424242424242424
 80 -1.363636363636364
 16 -1.303030303030303
 25 -1.242424242424242
 586 -1.181818181818182
 10 -1.121212121212121
 539 -1.060606060606061
 13 -1
 486 -0.9393939393939394
 19 -0.8787878787878789
 449 -0.8181818181818183
 1070 -0.7575757575757573
 733 -0.6969696969696968
 1118 -0.6363636363636362
 668 -0.5757575757575757
 905 -0.5151515151515151
 639 -0.4545454545454546
 921 -0.393939393939394
 4572 -0.333333333333333
 553 -0.2727272727272725
 3040 -0.2121212121212119
 19 -0.1515151515151514
 2908 -0.09090909090909083
 11 -0.03030303030303028
 2715 0.03030303030303028
 16 0.09090909090909083
 2360 0.1515151515151514
 1983 0.2121212121212124
 2469 0.2727272727272729
 1804 0.3333333333333335
 693 0.393939393939394
 1044 0.4545454545454546
 711 0.5151515151515151
 872 0.5757575757575757
 615 0.6363636363636367
 854 0.6969696969696972
 653 0.7575757575757578
 7 0.8181818181818183
 601 0.8787878787878789
 16 0.9393939393939394
 608 1
 10 1.060606060606061
 556 1.121212121212121
 7 1.181818181818182
 30 1.242424242424242
 108 1.303030303030303
 40 1.363636363636363
 115 1.424242424242425
 28 1.484848484848485
 101 1.545454545454546
 1 1.606060606060606
 0 1.666666666666667
 0 1.727272727272728
 33 1.787878787878788
 2 1.848484848484849
 33 1.909090909090909
 4 1.96969696969697
 0 2.03030303030303
 0 2.090909090909091
 0 2.151515151515151
 1 2.212121212121212
 1 2.272727272727272
 0 2.333333333333334
 9 2.393939393939394
 0 2.454545454545455
 0 2.515151515151516
 0 2.575757575757576
 0 2.636363636363637
 0 2.696969696969697
 0 2.757575757575758
 0 2.818181818181818
 0 2.878787878787879
 0 2.939393939393939
 0 3


