# Created by Octave 3.8.2, Sat Jun 20 18:23:25 2020 CEST <damian@fptrucha.inv.usc.es>
# name: hd
# type: matrix
# rows: 100
# columns: 2
 0 -3
 0 -2.939393939393939
 0 -2.878787878787879
 0 -2.818181818181818
 0 -2.757575757575758
 0 -2.696969696969697
 0 -2.636363636363636
 2 -2.575757575757576
 0 -2.515151515151515
 5 -2.454545454545455
 0 -2.393939393939394
 1 -2.333333333333333
 1 -2.272727272727272
 0 -2.212121212121212
 0 -2.151515151515151
 1 -2.090909090909091
 4 -2.03030303030303
 19 -1.96969696969697
 24 -1.909090909090909
 1 -1.848484848484848
 0 -1.787878787878788
 0 -1.727272727272727
 4 -1.666666666666667
 109 -1.606060606060606
 18 -1.545454545454545
 96 -1.484848484848485
 25 -1.424242424242424
 74 -1.363636363636364
 17 -1.303030303030303
 12 -1.242424242424242
 533 -1.181818181818182
 7 -1.121212121212121
 499 -1.060606060606061
 11 -1
 451 -0.9393939393939394
 10 -0.8787878787878789
 476 -0.8181818181818183
 929 -0.7575757575757573
 640 -0.6969696969696968
 1039 -0.6363636363636362
 622 -0.5757575757575757
 893 -0.5151515151515151
 583 -0.4545454545454546
 866 -0.393939393939394
 4234 -0.333333333333333
 522 -0.2727272727272725
 2968 -0.2121212121212119
 6 -0.1515151515151514
 2591 -0.09090909090909083
 7 -0.03030303030303028
 2561 0.03030303030303028
 6 0.09090909090909083
 2126 0.1515151515151514
 1772 0.2121212121212124
 2221 0.2727272727272729
 1580 0.3333333333333335
 604 0.393939393939394
 897 0.4545454545454546
 636 0.5151515151515151
 810 0.5757575757575757
 574 0.6363636363636367
 774 0.6969696969696972
 610 0.7575757575757578
 9 0.8181818181818183
 556 0.8787878787878789
 8 0.9393939393939394
 521 1
 9 1.060606060606061
 505 1.121212121212121
 5 1.181818181818182
 33 1.242424242424242
 102 1.303030303030303
 24 1.363636363636363
 104 1.424242424242425
 29 1.484848484848485
 105 1.545454545454546
 3 1.606060606060606
 0 1.666666666666667
 1 1.727272727272728
 28 1.787878787878788
 4 1.848484848484849
 24 1.909090909090909
 4 1.96969696969697
 2 2.03030303030303
 0 2.090909090909091
 0 2.151515151515151
 1 2.212121212121212
 1 2.272727272727272
 3 2.333333333333334
 10 2.393939393939394
 0 2.454545454545455
 0 2.515151515151516
 0 2.575757575757576
 0 2.636363636363637
 0 2.696969696969697
 0 2.757575757575758
 0 2.818181818181818
 0 2.878787878787879
 0 2.939393939393939
 0 3


