# Created by Octave 3.8.2, Sun Jun 21 02:46:19 2020 CEST <damian@fptrucha.inv.usc.es>
# name: hd
# type: matrix
# rows: 100
# columns: 2
 0 -3
 0 -2.939393939393939
 0 -2.878787878787879
 0 -2.818181818181818
 0 -2.757575757575758
 0 -2.696969696969697
 0 -2.636363636363636
 0 -2.575757575757576
 0 -2.515151515151515
 5 -2.454545454545455
 0 -2.393939393939394
 0 -2.333333333333333
 1 -2.272727272727272
 0 -2.212121212121212
 0 -2.151515151515151
 0 -2.090909090909091
 3 -2.03030303030303
 26 -1.96969696969697
 17 -1.909090909090909
 1 -1.848484848484848
 0 -1.787878787878788
 0 -1.727272727272727
 2 -1.666666666666667
 83 -1.606060606060606
 18 -1.545454545454545
 89 -1.484848484848485
 26 -1.424242424242424
 85 -1.363636363636364
 27 -1.303030303030303
 13 -1.242424242424242
 554 -1.181818181818182
 14 -1.121212121212121
 512 -1.060606060606061
 8 -1
 400 -0.9393939393939394
 16 -0.8787878787878789
 471 -0.8181818181818183
 943 -0.7575757575757573
 647 -0.6969696969696968
 1023 -0.6363636363636362
 658 -0.5757575757575757
 852 -0.5151515151515151
 591 -0.4545454545454546
 854 -0.393939393939394
 4041 -0.333333333333333
 560 -0.2727272727272725
 2772 -0.2121212121212119
 6 -0.1515151515151514
 2607 -0.09090909090909083
 12 -0.03030303030303028
 2449 0.03030303030303028
 12 0.09090909090909083
 2193 0.1515151515151514
 1714 0.2121212121212124
 2110 0.2727272727272729
 1584 0.3333333333333335
 607 0.393939393939394
 834 0.4545454545454546
 584 0.5151515151515151
 763 0.5757575757575757
 584 0.6363636363636367
 716 0.6969696969696972
 527 0.7575757575757578
 16 0.8181818181818183
 564 0.8787878787878789
 13 0.9393939393939394
 496 1
 17 1.060606060606061
 483 1.121212121212121
 5 1.181818181818182
 31 1.242424242424242
 80 1.303030303030303
 30 1.363636363636363
 98 1.424242424242425
 26 1.484848484848485
 104 1.545454545454546
 2 1.606060606060606
 0 1.666666666666667
 0 1.727272727272728
 36 1.787878787878788
 4 1.848484848484849
 21 1.909090909090909
 2 1.96969696969697
 0 2.03030303030303
 0 2.090909090909091
 0 2.151515151515151
 2 2.212121212121212
 0 2.272727272727272
 1 2.333333333333334
 4 2.393939393939394
 0 2.454545454545455
 0 2.515151515151516
 0 2.575757575757576
 0 2.636363636363637
 0 2.696969696969697
 0 2.757575757575758
 0 2.818181818181818
 0 2.878787878787879
 0 2.939393939393939
 0 3


