# Created by Octave 3.8.2, Sun Jun 21 01:37:48 2020 CEST <damian@fptrucha.inv.usc.es>
# name: hd
# type: matrix
# rows: 100
# columns: 2
 0 -3
 0 -2.939393939393939
 0 -2.878787878787879
 0 -2.818181818181818
 0 -2.757575757575758
 0 -2.696969696969697
 0 -2.636363636363636
 2 -2.575757575757576
 1 -2.515151515151515
 4 -2.454545454545455
 1 -2.393939393939394
 0 -2.333333333333333
 2 -2.272727272727272
 0 -2.212121212121212
 0 -2.151515151515151
 2 -2.090909090909091
 4 -2.03030303030303
 26 -1.96969696969697
 28 -1.909090909090909
 3 -1.848484848484848
 0 -1.787878787878788
 0 -1.727272727272727
 1 -1.666666666666667
 90 -1.606060606060606
 24 -1.545454545454545
 90 -1.484848484848485
 26 -1.424242424242424
 80 -1.363636363636364
 14 -1.303030303030303
 10 -1.242424242424242
 567 -1.181818181818182
 8 -1.121212121212121
 503 -1.060606060606061
 11 -1
 417 -0.9393939393939394
 20 -0.8787878787878789
 418 -0.8181818181818183
 967 -0.7575757575757573
 684 -0.6969696969696968
 1034 -0.6363636363636362
 644 -0.5757575757575757
 866 -0.5151515151515151
 540 -0.4545454545454546
 812 -0.393939393939394
 4360 -0.333333333333333
 562 -0.2727272727272725
 2828 -0.2121212121212119
 6 -0.1515151515151514
 2517 -0.09090909090909083
 6 -0.03030303030303028
 2416 0.03030303030303028
 9 0.09090909090909083
 2196 0.1515151515151514
 1712 0.2121212121212124
 2130 0.2727272727272729
 1553 0.3333333333333335
 655 0.393939393939394
 861 0.4545454545454546
 643 0.5151515151515151
 771 0.5757575757575757
 586 0.6363636363636367
 773 0.6969696969696972
 541 0.7575757575757578
 11 0.8181818181818183
 516 0.8787878787878789
 16 0.9393939393939394
 493 1
 8 1.060606060606061
 480 1.121212121212121
 8 1.181818181818182
 20 1.242424242424242
 85 1.303030303030303
 15 1.363636363636363
 121 1.424242424242425
 23 1.484848484848485
 76 1.545454545454546
 2 1.606060606060606
 0 1.666666666666667
 3 1.727272727272728
 18 1.787878787878788
 1 1.848484848484849
 22 1.909090909090909
 2 1.96969696969697
 0 2.03030303030303
 0 2.090909090909091
 0 2.151515151515151
 1 2.212121212121212
 2 2.272727272727272
 0 2.333333333333334
 4 2.393939393939394
 0 2.454545454545455
 1 2.515151515151516
 0 2.575757575757576
 0 2.636363636363637
 0 2.696969696969697
 0 2.757575757575758
 0 2.818181818181818
 0 2.878787878787879
 0 2.939393939393939
 0 3


