# Created by Octave 3.8.2, Mon Jun 22 13:40:49 2020 CEST <damian@fptrucha.inv.usc.es>
# name: hd
# type: matrix
# rows: 100
# columns: 2
 0 -3
 0 -2.939393939393939
 0 -2.878787878787879
 0 -2.818181818181818
 0 -2.757575757575758
 0 -2.696969696969697
 0 -2.636363636363636
 5 -2.575757575757576
 0 -2.515151515151515
 9 -2.454545454545455
 1 -2.393939393939394
 1 -2.333333333333333
 1 -2.272727272727272
 0 -2.212121212121212
 0 -2.151515151515151
 1 -2.090909090909091
 5 -2.03030303030303
 31 -1.96969696969697
 36 -1.909090909090909
 0 -1.848484848484848
 2 -1.787878787878788
 0 -1.727272727272727
 3 -1.666666666666667
 97 -1.606060606060606
 32 -1.545454545454545
 106 -1.484848484848485
 33 -1.424242424242424
 116 -1.363636363636364
 15 -1.303030303030303
 16 -1.242424242424242
 603 -1.181818181818182
 9 -1.121212121212121
 536 -1.060606060606061
 17 -1
 527 -0.9393939393939394
 20 -0.8787878787878789
 560 -0.8181818181818183
 890 -0.7575757575757573
 654 -0.6969696969696968
 966 -0.6363636363636362
 611 -0.5757575757575757
 888 -0.5151515151515151
 624 -0.4545454545454546
 866 -0.393939393939394
 4017 -0.333333333333333
 602 -0.2727272727272725
 2628 -0.2121212121212119
 19 -0.1515151515151514
 2721 -0.09090909090909083
 20 -0.03030303030303028
 2480 0.03030303030303028
 19 0.09090909090909083
 2423 0.1515151515151514
 1606 0.2121212121212124
 2368 0.2727272727272729
 1566 0.3333333333333335
 651 0.393939393939394
 912 0.4545454545454546
 659 0.5151515151515151
 827 0.5757575757575757
 673 0.6363636363636367
 832 0.6969696969696972
 565 0.7575757575757578
 19 0.8181818181818183
 626 0.8787878787878789
 22 0.9393939393939394
 503 1
 19 1.060606060606061
 540 1.121212121212121
 11 1.181818181818182
 30 1.242424242424242
 121 1.303030303030303
 27 1.363636363636363
 114 1.424242424242425
 27 1.484848484848485
 129 1.545454545454546
 3 1.606060606060606
 0 1.666666666666667
 2 1.727272727272728
 48 1.787878787878788
 5 1.848484848484849
 35 1.909090909090909
 1 1.96969696969697
 4 2.03030303030303
 0 2.090909090909091
 0 2.151515151515151
 2 2.212121212121212
 0 2.272727272727272
 1 2.333333333333334
 8 2.393939393939394
 1 2.454545454545455
 1 2.515151515151516
 0 2.575757575757576
 0 2.636363636363637
 0 2.696969696969697
 0 2.757575757575758
 0 2.818181818181818
 0 2.878787878787879
 0 2.939393939393939
 0 3


