# Created by Octave 3.8.2, Tue Jun 23 00:24:17 2020 CEST <damian@fptrucha.inv.usc.es>
# name: hd
# type: matrix
# rows: 100
# columns: 2
 0 -3
 0 -2.939393939393939
 0 -2.878787878787879
 0 -2.818181818181818
 0 -2.757575757575758
 0 -2.696969696969697
 0 -2.636363636363636
 1 -2.575757575757576
 1 -2.515151515151515
 7 -2.454545454545455
 3 -2.393939393939394
 0 -2.333333333333333
 0 -2.272727272727272
 0 -2.212121212121212
 0 -2.151515151515151
 1 -2.090909090909091
 3 -2.03030303030303
 40 -1.96969696969697
 41 -1.909090909090909
 5 -1.848484848484848
 1 -1.787878787878788
 0 -1.727272727272727
 5 -1.666666666666667
 137 -1.606060606060606
 37 -1.545454545454545
 129 -1.484848484848485
 24 -1.424242424242424
 102 -1.363636363636364
 27 -1.303030303030303
 11 -1.242424242424242
 663 -1.181818181818182
 23 -1.121212121212121
 597 -1.060606060606061
 19 -1
 591 -0.9393939393939394
 21 -0.8787878787878789
 611 -0.8181818181818183
 1090 -0.7575757575757573
 707 -0.6969696969696968
 1105 -0.6363636363636362
 730 -0.5757575757575757
 1016 -0.5151515151515151
 612 -0.4545454545454546
 1000 -0.393939393939394
 4516 -0.333333333333333
 647 -0.2727272727272725
 2902 -0.2121212121212119
 9 -0.1515151515151514
 2824 -0.09090909090909083
 11 -0.03030303030303028
 2601 0.03030303030303028
 14 0.09090909090909083
 2449 0.1515151515151514
 1580 0.2121212121212124
 2490 0.2727272727272729
 1568 0.3333333333333335
 664 0.393939393939394
 942 0.4545454545454546
 700 0.5151515151515151
 858 0.5757575757575757
 647 0.6363636363636367
 783 0.6969696969696972
 585 0.7575757575757578
 10 0.8181818181818183
 558 0.8787878787878789
 13 0.9393939393939394
 478 1
 16 1.060606060606061
 534 1.121212121212121
 9 1.181818181818182
 23 1.242424242424242
 99 1.303030303030303
 28 1.363636363636363
 85 1.424242424242425
 31 1.484848484848485
 81 1.545454545454546
 7 1.606060606060606
 0 1.666666666666667
 2 1.727272727272728
 38 1.787878787878788
 4 1.848484848484849
 41 1.909090909090909
 2 1.96969696969697
 1 2.03030303030303
 0 2.090909090909091
 0 2.151515151515151
 2 2.212121212121212
 0 2.272727272727272
 0 2.333333333333334
 6 2.393939393939394
 0 2.454545454545455
 0 2.515151515151516
 0 2.575757575757576
 0 2.636363636363637
 0 2.696969696969697
 0 2.757575757575758
 0 2.818181818181818
 0 2.878787878787879
 0 2.939393939393939
 0 3


