# Created by Octave 3.8.2, Mon Jun 22 06:58:38 2020 CEST <damian@fptrucha.inv.usc.es>
# name: hd
# type: matrix
# rows: 100
# columns: 2
 0 -3
 0 -2.939393939393939
 0 -2.878787878787879
 0 -2.818181818181818
 0 -2.757575757575758
 0 -2.696969696969697
 0 -2.636363636363636
 3 -2.575757575757576
 1 -2.515151515151515
 6 -2.454545454545455
 3 -2.393939393939394
 1 -2.333333333333333
 4 -2.272727272727272
 0 -2.212121212121212
 0 -2.151515151515151
 1 -2.090909090909091
 1 -2.03030303030303
 37 -1.96969696969697
 24 -1.909090909090909
 0 -1.848484848484848
 2 -1.787878787878788
 0 -1.727272727272727
 2 -1.666666666666667
 88 -1.606060606060606
 28 -1.545454545454545
 102 -1.484848484848485
 25 -1.424242424242424
 100 -1.363636363636364
 28 -1.303030303030303
 10 -1.242424242424242
 521 -1.181818181818182
 12 -1.121212121212121
 505 -1.060606060606061
 21 -1
 496 -0.9393939393939394
 24 -0.8787878787878789
 509 -0.8181818181818183
 806 -0.7575757575757573
 569 -0.6969696969696968
 902 -0.6363636363636362
 619 -0.5757575757575757
 862 -0.5151515151515151
 550 -0.4545454545454546
 853 -0.393939393939394
 3715 -0.333333333333333
 569 -0.2727272727272725
 2364 -0.2121212121212119
 8 -0.1515151515151514
 2484 -0.09090909090909083
 17 -0.03030303030303028
 2529 0.03030303030303028
 30 0.09090909090909083
 2195 0.1515151515151514
 1434 0.2121212121212124
 2223 0.2727272727272729
 1474 0.3333333333333335
 584 0.393939393939394
 874 0.4545454545454546
 669 0.5151515151515151
 779 0.5757575757575757
 621 0.6363636363636367
 765 0.6969696969696972
 480 0.7575757575757578
 11 0.8181818181818183
 539 0.8787878787878789
 14 0.9393939393939394
 541 1
 14 1.060606060606061
 529 1.121212121212121
 15 1.181818181818182
 26 1.242424242424242
 101 1.303030303030303
 22 1.363636363636363
 124 1.424242424242425
 39 1.484848484848485
 116 1.545454545454546
 3 1.606060606060606
 0 1.666666666666667
 1 1.727272727272728
 37 1.787878787878788
 5 1.848484848484849
 39 1.909090909090909
 9 1.96969696969697
 1 2.03030303030303
 0 2.090909090909091
 0 2.151515151515151
 2 2.212121212121212
 1 2.272727272727272
 0 2.333333333333334
 7 2.393939393939394
 1 2.454545454545455
 4 2.515151515151516
 0 2.575757575757576
 0 2.636363636363637
 0 2.696969696969697
 0 2.757575757575758
 0 2.818181818181818
 0 2.878787878787879
 0 2.939393939393939
 0 3


