# Created by Octave 3.8.2, Sat Jun 20 06:22:17 2020 CEST <damian@fptrucha.inv.usc.es>
# name: hd
# type: matrix
# rows: 100
# columns: 2
 0 -3
 0 -2.939393939393939
 0 -2.878787878787879
 0 -2.818181818181818
 0 -2.757575757575758
 0 -2.696969696969697
 0 -2.636363636363636
 6 -2.575757575757576
 1 -2.515151515151515
 8 -2.454545454545455
 1 -2.393939393939394
 1 -2.333333333333333
 1 -2.272727272727272
 0 -2.212121212121212
 0 -2.151515151515151
 0 -2.090909090909091
 12 -2.03030303030303
 31 -1.96969696969697
 36 -1.909090909090909
 3 -1.848484848484848
 0 -1.787878787878788
 0 -1.727272727272727
 2 -1.666666666666667
 113 -1.606060606060606
 26 -1.545454545454545
 106 -1.484848484848485
 22 -1.424242424242424
 116 -1.363636363636364
 22 -1.303030303030303
 11 -1.242424242424242
 674 -1.181818181818182
 12 -1.121212121212121
 613 -1.060606060606061
 12 -1
 518 -0.9393939393939394
 21 -0.8787878787878789
 548 -0.8181818181818183
 1222 -0.7575757575757573
 761 -0.6969696969696968
 1199 -0.6363636363636362
 785 -0.5757575757575757
 1059 -0.5151515151515151
 696 -0.4545454545454546
 1006 -0.393939393939394
 4865 -0.333333333333333
 663 -0.2727272727272725
 3273 -0.2121212121212119
 11 -0.1515151515151514
 2973 -0.09090909090909083
 6 -0.03030303030303028
 2738 0.03030303030303028
 10 0.09090909090909083
 2451 0.1515151515151514
 1840 0.2121212121212124
 2545 0.2727272727272729
 1753 0.3333333333333335
 709 0.393939393939394
 999 0.4545454545454546
 748 0.5151515151515151
 859 0.5757575757575757
 641 0.6363636363636367
 860 0.6969696969696972
 589 0.7575757575757578
 10 0.8181818181818183
 564 0.8787878787878789
 19 0.9393939393939394
 495 1
 14 1.060606060606061
 515 1.121212121212121
 10 1.181818181818182
 30 1.242424242424242
 104 1.303030303030303
 32 1.363636363636363
 103 1.424242424242425
 28 1.484848484848485
 108 1.545454545454546
 1 1.606060606060606
 0 1.666666666666667
 2 1.727272727272728
 30 1.787878787878788
 4 1.848484848484849
 29 1.909090909090909
 3 1.96969696969697
 1 2.03030303030303
 0 2.090909090909091
 0 2.151515151515151
 0 2.212121212121212
 1 2.272727272727272
 2 2.333333333333334
 6 2.393939393939394
 0 2.454545454545455
 0 2.515151515151516
 0 2.575757575757576
 0 2.636363636363637
 0 2.696969696969697
 0 2.757575757575758
 0 2.818181818181818
 0 2.878787878787879
 0 2.939393939393939
 0 3


