# Created by Octave 3.8.2, Mon Jun 22 03:45:29 2020 CEST <damian@fptrucha.inv.usc.es>
# name: hd
# type: matrix
# rows: 100
# columns: 2
 0 -3
 0 -2.939393939393939
 0 -2.878787878787879
 0 -2.818181818181818
 0 -2.757575757575758
 0 -2.696969696969697
 0 -2.636363636363636
 0 -2.575757575757576
 0 -2.515151515151515
 8 -2.454545454545455
 0 -2.393939393939394
 0 -2.333333333333333
 1 -2.272727272727272
 0 -2.212121212121212
 0 -2.151515151515151
 1 -2.090909090909091
 1 -2.03030303030303
 36 -1.96969696969697
 46 -1.909090909090909
 5 -1.848484848484848
 3 -1.787878787878788
 0 -1.727272727272727
 0 -1.666666666666667
 106 -1.606060606060606
 22 -1.545454545454545
 119 -1.484848484848485
 17 -1.424242424242424
 112 -1.363636363636364
 30 -1.303030303030303
 20 -1.242424242424242
 495 -1.181818181818182
 18 -1.121212121212121
 532 -1.060606060606061
 17 -1
 509 -0.9393939393939394
 21 -0.8787878787878789
 489 -0.8181818181818183
 875 -0.7575757575757573
 574 -0.6969696969696968
 870 -0.6363636363636362
 569 -0.5757575757575757
 815 -0.5151515151515151
 587 -0.4545454545454546
 845 -0.393939393939394
 3733 -0.333333333333333
 556 -0.2727272727272725
 2361 -0.2121212121212119
 7 -0.1515151515151514
 2446 -0.09090909090909083
 18 -0.03030303030303028
 2278 0.03030303030303028
 26 0.09090909090909083
 2195 0.1515151515151514
 1502 0.2121212121212124
 2154 0.2727272727272729
 1439 0.3333333333333335
 643 0.393939393939394
 885 0.4545454545454546
 595 0.5151515151515151
 770 0.5757575757575757
 599 0.6363636363636367
 836 0.6969696969696972
 502 0.7575757575757578
 20 0.8181818181818183
 564 0.8787878787878789
 19 0.9393939393939394
 521 1
 16 1.060606060606061
 488 1.121212121212121
 13 1.181818181818182
 26 1.242424242424242
 109 1.303030303030303
 36 1.363636363636363
 117 1.424242424242425
 21 1.484848484848485
 97 1.545454545454546
 1 1.606060606060606
 0 1.666666666666667
 0 1.727272727272728
 30 1.787878787878788
 5 1.848484848484849
 36 1.909090909090909
 3 1.96969696969697
 5 2.03030303030303
 0 2.090909090909091
 0 2.151515151515151
 3 2.212121212121212
 2 2.272727272727272
 2 2.333333333333334
 12 2.393939393939394
 1 2.454545454545455
 0 2.515151515151516
 0 2.575757575757576
 0 2.636363636363637
 0 2.696969696969697
 0 2.757575757575758
 0 2.818181818181818
 0 2.878787878787879
 0 2.939393939393939
 0 3


