# Created by Octave 3.8.2, Sat Jun 20 19:23:12 2020 CEST <damian@fptrucha.inv.usc.es>
# name: hd
# type: matrix
# rows: 100
# columns: 2
 0 -3
 0 -2.939393939393939
 0 -2.878787878787879
 0 -2.818181818181818
 0 -2.757575757575758
 0 -2.696969696969697
 0 -2.636363636363636
 1 -2.575757575757576
 3 -2.515151515151515
 5 -2.454545454545455
 0 -2.393939393939394
 1 -2.333333333333333
 1 -2.272727272727272
 0 -2.212121212121212
 0 -2.151515151515151
 1 -2.090909090909091
 6 -2.03030303030303
 23 -1.96969696969697
 26 -1.909090909090909
 2 -1.848484848484848
 3 -1.787878787878788
 0 -1.727272727272727
 1 -1.666666666666667
 95 -1.606060606060606
 18 -1.545454545454545
 98 -1.484848484848485
 25 -1.424242424242424
 69 -1.363636363636364
 17 -1.303030303030303
 9 -1.242424242424242
 539 -1.181818181818182
 17 -1.121212121212121
 541 -1.060606060606061
 9 -1
 469 -0.9393939393939394
 16 -0.8787878787878789
 418 -0.8181818181818183
 1035 -0.7575757575757573
 701 -0.6969696969696968
 1044 -0.6363636363636362
 620 -0.5757575757575757
 862 -0.5151515151515151
 530 -0.4545454545454546
 854 -0.393939393939394
 4153 -0.333333333333333
 531 -0.2727272727272725
 2966 -0.2121212121212119
 7 -0.1515151515151514
 2723 -0.09090909090909083
 8 -0.03030303030303028
 2491 0.03030303030303028
 8 0.09090909090909083
 2135 0.1515151515151514
 1748 0.2121212121212124
 2214 0.2727272727272729
 1589 0.3333333333333335
 637 0.393939393939394
 970 0.4545454545454546
 693 0.5151515151515151
 781 0.5757575757575757
 591 0.6363636363636367
 745 0.6969696969696972
 587 0.7575757575757578
 7 0.8181818181818183
 565 0.8787878787878789
 17 0.9393939393939394
 540 1
 19 1.060606060606061
 468 1.121212121212121
 7 1.181818181818182
 41 1.242424242424242
 108 1.303030303030303
 25 1.363636363636363
 87 1.424242424242425
 36 1.484848484848485
 88 1.545454545454546
 2 1.606060606060606
 0 1.666666666666667
 3 1.727272727272728
 28 1.787878787878788
 4 1.848484848484849
 34 1.909090909090909
 0 1.96969696969697
 2 2.03030303030303
 0 2.090909090909091
 0 2.151515151515151
 1 2.212121212121212
 0 2.272727272727272
 0 2.333333333333334
 4 2.393939393939394
 0 2.454545454545455
 1 2.515151515151516
 0 2.575757575757576
 0 2.636363636363637
 0 2.696969696969697
 0 2.757575757575758
 0 2.818181818181818
 0 2.878787878787879
 0 2.939393939393939
 0 3


