# Created by Octave 3.8.2, Sat Jun 20 07:07:36 2020 CEST <damian@fptrucha.inv.usc.es>
# name: hd
# type: matrix
# rows: 100
# columns: 2
 0 -3
 0 -2.939393939393939
 0 -2.878787878787879
 0 -2.818181818181818
 0 -2.757575757575758
 0 -2.696969696969697
 0 -2.636363636363636
 1 -2.575757575757576
 0 -2.515151515151515
 9 -2.454545454545455
 0 -2.393939393939394
 1 -2.333333333333333
 1 -2.272727272727272
 0 -2.212121212121212
 0 -2.151515151515151
 0 -2.090909090909091
 1 -2.03030303030303
 17 -1.96969696969697
 31 -1.909090909090909
 0 -1.848484848484848
 0 -1.787878787878788
 0 -1.727272727272727
 2 -1.666666666666667
 105 -1.606060606060606
 17 -1.545454545454545
 120 -1.484848484848485
 30 -1.424242424242424
 102 -1.363636363636364
 20 -1.303030303030303
 11 -1.242424242424242
 700 -1.181818181818182
 24 -1.121212121212121
 609 -1.060606060606061
 14 -1
 573 -0.9393939393939394
 16 -0.8787878787878789
 591 -0.8181818181818183
 1156 -0.7575757575757573
 767 -0.6969696969696968
 1178 -0.6363636363636362
 724 -0.5757575757575757
 1084 -0.5151515151515151
 711 -0.4545454545454546
 960 -0.393939393939394
 4770 -0.333333333333333
 658 -0.2727272727272725
 3334 -0.2121212121212119
 11 -0.1515151515151514
 2988 -0.09090909090909083
 6 -0.03030303030303028
 2814 0.03030303030303028
 12 0.09090909090909083
 2461 0.1515151515151514
 1945 0.2121212121212124
 2506 0.2727272727272729
 1785 0.3333333333333335
 660 0.393939393939394
 957 0.4545454545454546
 683 0.5151515151515151
 907 0.5757575757575757
 637 0.6363636363636367
 853 0.6969696969696972
 559 0.7575757575757578
 11 0.8181818181818183
 603 0.8787878787878789
 23 0.9393939393939394
 539 1
 14 1.060606060606061
 507 1.121212121212121
 8 1.181818181818182
 28 1.242424242424242
 118 1.303030303030303
 28 1.363636363636363
 108 1.424242424242425
 27 1.484848484848485
 100 1.545454545454546
 2 1.606060606060606
 0 1.666666666666667
 3 1.727272727272728
 30 1.787878787878788
 4 1.848484848484849
 28 1.909090909090909
 1 1.96969696969697
 1 2.03030303030303
 0 2.090909090909091
 0 2.151515151515151
 4 2.212121212121212
 1 2.272727272727272
 0 2.333333333333334
 7 2.393939393939394
 0 2.454545454545455
 1 2.515151515151516
 0 2.575757575757576
 0 2.636363636363637
 0 2.696969696969697
 0 2.757575757575758
 0 2.818181818181818
 0 2.878787878787879
 0 2.939393939393939
 0 3


