# Created by Octave 3.8.2, Mon Jun 22 07:36:05 2020 CEST <damian@fptrucha.inv.usc.es>
# name: hd
# type: matrix
# rows: 100
# columns: 2
 0 -3
 0 -2.939393939393939
 0 -2.878787878787879
 0 -2.818181818181818
 0 -2.757575757575758
 0 -2.696969696969697
 0 -2.636363636363636
 4 -2.575757575757576
 1 -2.515151515151515
 15 -2.454545454545455
 1 -2.393939393939394
 0 -2.333333333333333
 3 -2.272727272727272
 0 -2.212121212121212
 0 -2.151515151515151
 0 -2.090909090909091
 5 -2.03030303030303
 29 -1.96969696969697
 27 -1.909090909090909
 3 -1.848484848484848
 3 -1.787878787878788
 0 -1.727272727272727
 1 -1.666666666666667
 89 -1.606060606060606
 36 -1.545454545454545
 131 -1.484848484848485
 35 -1.424242424242424
 98 -1.363636363636364
 25 -1.303030303030303
 8 -1.242424242424242
 480 -1.181818181818182
 16 -1.121212121212121
 556 -1.060606060606061
 25 -1
 542 -0.9393939393939394
 23 -0.8787878787878789
 494 -0.8181818181818183
 796 -0.7575757575757573
 574 -0.6969696969696968
 923 -0.6363636363636362
 587 -0.5757575757575757
 908 -0.5151515151515151
 587 -0.4545454545454546
 868 -0.393939393939394
 3896 -0.333333333333333
 572 -0.2727272727272725
 2382 -0.2121212121212119
 14 -0.1515151515151514
 2543 -0.09090909090909083
 16 -0.03030303030303028
 2447 0.03030303030303028
 14 0.09090909090909083
 2179 0.1515151515151514
 1488 0.2121212121212124
 2246 0.2727272727272729
 1524 0.3333333333333335
 620 0.393939393939394
 868 0.4545454545454546
 610 0.5151515151515151
 748 0.5757575757575757
 618 0.6363636363636367
 823 0.6969696969696972
 547 0.7575757575757578
 13 0.8181818181818183
 546 0.8787878787878789
 18 0.9393939393939394
 500 1
 16 1.060606060606061
 490 1.121212121212121
 14 1.181818181818182
 28 1.242424242424242
 105 1.303030303030303
 36 1.363636363636363
 104 1.424242424242425
 38 1.484848484848485
 105 1.545454545454546
 3 1.606060606060606
 0 1.666666666666667
 2 1.727272727272728
 27 1.787878787878788
 2 1.848484848484849
 29 1.909090909090909
 4 1.96969696969697
 1 2.03030303030303
 0 2.090909090909091
 0 2.151515151515151
 2 2.212121212121212
 0 2.272727272727272
 0 2.333333333333334
 8 2.393939393939394
 0 2.454545454545455
 2 2.515151515151516
 0 2.575757575757576
 0 2.636363636363637
 0 2.696969696969697
 0 2.757575757575758
 0 2.818181818181818
 0 2.878787878787879
 0 2.939393939393939
 0 3


