# Created by Octave 3.8.2, Sat Jun 20 20:04:52 2020 CEST <damian@fptrucha.inv.usc.es>
# name: hd
# type: matrix
# rows: 100
# columns: 2
 0 -3
 0 -2.939393939393939
 0 -2.878787878787879
 0 -2.818181818181818
 0 -2.757575757575758
 0 -2.696969696969697
 0 -2.636363636363636
 2 -2.575757575757576
 3 -2.515151515151515
 3 -2.454545454545455
 0 -2.393939393939394
 1 -2.333333333333333
 1 -2.272727272727272
 0 -2.212121212121212
 0 -2.151515151515151
 1 -2.090909090909091
 6 -2.03030303030303
 19 -1.96969696969697
 38 -1.909090909090909
 0 -1.848484848484848
 4 -1.787878787878788
 0 -1.727272727272727
 2 -1.666666666666667
 102 -1.606060606060606
 20 -1.545454545454545
 87 -1.484848484848485
 19 -1.424242424242424
 77 -1.363636363636364
 25 -1.303030303030303
 12 -1.242424242424242
 555 -1.181818181818182
 25 -1.121212121212121
 495 -1.060606060606061
 16 -1
 453 -0.9393939393939394
 8 -0.8787878787878789
 430 -0.8181818181818183
 1006 -0.7575757575757573
 626 -0.6969696969696968
 1009 -0.6363636363636362
 600 -0.5757575757575757
 831 -0.5151515151515151
 534 -0.4545454545454546
 821 -0.393939393939394
 4183 -0.333333333333333
 538 -0.2727272727272725
 2827 -0.2121212121212119
 7 -0.1515151515151514
 2654 -0.09090909090909083
 12 -0.03030303030303028
 2468 0.03030303030303028
 6 0.09090909090909083
 2208 0.1515151515151514
 1747 0.2121212121212124
 2262 0.2727272727272729
 1685 0.3333333333333335
 628 0.393939393939394
 886 0.4545454545454546
 619 0.5151515151515151
 795 0.5757575757575757
 569 0.6363636363636367
 855 0.6969696969696972
 644 0.7575757575757578
 5 0.8181818181818183
 539 0.8787878787878789
 12 0.9393939393939394
 504 1
 6 1.060606060606061
 509 1.121212121212121
 15 1.181818181818182
 41 1.242424242424242
 91 1.303030303030303
 33 1.363636363636363
 100 1.424242424242425
 21 1.484848484848485
 104 1.545454545454546
 2 1.606060606060606
 0 1.666666666666667
 2 1.727272727272728
 32 1.787878787878788
 3 1.848484848484849
 19 1.909090909090909
 2 1.96969696969697
 0 2.03030303030303
 0 2.090909090909091
 0 2.151515151515151
 1 2.212121212121212
 1 2.272727272727272
 0 2.333333333333334
 6 2.393939393939394
 1 2.454545454545455
 1 2.515151515151516
 0 2.575757575757576
 0 2.636363636363637
 0 2.696969696969697
 0 2.757575757575758
 0 2.818181818181818
 0 2.878787878787879
 0 2.939393939393939
 0 3


