# Created by Octave 3.8.2, Mon Jun 22 05:42:04 2020 CEST <damian@fptrucha.inv.usc.es>
# name: hd
# type: matrix
# rows: 100
# columns: 2
 0 -3
 0 -2.939393939393939
 0 -2.878787878787879
 0 -2.818181818181818
 0 -2.757575757575758
 0 -2.696969696969697
 0 -2.636363636363636
 0 -2.575757575757576
 1 -2.515151515151515
 9 -2.454545454545455
 1 -2.393939393939394
 0 -2.333333333333333
 2 -2.272727272727272
 0 -2.212121212121212
 0 -2.151515151515151
 2 -2.090909090909091
 8 -2.03030303030303
 44 -1.96969696969697
 43 -1.909090909090909
 2 -1.848484848484848
 3 -1.787878787878788
 0 -1.727272727272727
 2 -1.666666666666667
 113 -1.606060606060606
 22 -1.545454545454545
 126 -1.484848484848485
 23 -1.424242424242424
 113 -1.363636363636364
 24 -1.303030303030303
 6 -1.242424242424242
 497 -1.181818181818182
 17 -1.121212121212121
 506 -1.060606060606061
 21 -1
 499 -0.9393939393939394
 20 -0.8787878787878789
 487 -0.8181818181818183
 835 -0.7575757575757573
 568 -0.6969696969696968
 932 -0.6363636363636362
 618 -0.5757575757575757
 880 -0.5151515151515151
 608 -0.4545454545454546
 899 -0.393939393939394
 3819 -0.333333333333333
 521 -0.2727272727272725
 2470 -0.2121212121212119
 12 -0.1515151515151514
 2447 -0.09090909090909083
 16 -0.03030303030303028
 2423 0.03030303030303028
 21 0.09090909090909083
 2162 0.1515151515151514
 1478 0.2121212121212124
 2229 0.2727272727272729
 1433 0.3333333333333335
 612 0.393939393939394
 807 0.4545454545454546
 635 0.5151515151515151
 781 0.5757575757575757
 624 0.6363636363636367
 800 0.6969696969696972
 472 0.7575757575757578
 14 0.8181818181818183
 563 0.8787878787878789
 25 0.9393939393939394
 493 1
 14 1.060606060606061
 497 1.121212121212121
 10 1.181818181818182
 23 1.242424242424242
 93 1.303030303030303
 28 1.363636363636363
 95 1.424242424242425
 29 1.484848484848485
 97 1.545454545454546
 4 1.606060606060606
 0 1.666666666666667
 0 1.727272727272728
 38 1.787878787878788
 7 1.848484848484849
 28 1.909090909090909
 2 1.96969696969697
 2 2.03030303030303
 0 2.090909090909091
 0 2.151515151515151
 3 2.212121212121212
 0 2.272727272727272
 0 2.333333333333334
 10 2.393939393939394
 0 2.454545454545455
 0 2.515151515151516
 0 2.575757575757576
 0 2.636363636363637
 0 2.696969696969697
 0 2.757575757575758
 0 2.818181818181818
 0 2.878787878787879
 0 2.939393939393939
 0 3


