# Created by Octave 3.8.2, Mon Jun 22 04:24:18 2020 CEST <damian@fptrucha.inv.usc.es>
# name: hd
# type: matrix
# rows: 100
# columns: 2
 0 -3
 0 -2.939393939393939
 0 -2.878787878787879
 0 -2.818181818181818
 0 -2.757575757575758
 0 -2.696969696969697
 0 -2.636363636363636
 0 -2.575757575757576
 0 -2.515151515151515
 13 -2.454545454545455
 4 -2.393939393939394
 0 -2.333333333333333
 0 -2.272727272727272
 0 -2.212121212121212
 0 -2.151515151515151
 1 -2.090909090909091
 5 -2.03030303030303
 42 -1.96969696969697
 45 -1.909090909090909
 1 -1.848484848484848
 2 -1.787878787878788
 0 -1.727272727272727
 1 -1.666666666666667
 90 -1.606060606060606
 25 -1.545454545454545
 116 -1.484848484848485
 27 -1.424242424242424
 111 -1.363636363636364
 23 -1.303030303030303
 13 -1.242424242424242
 517 -1.181818181818182
 22 -1.121212121212121
 493 -1.060606060606061
 17 -1
 485 -0.9393939393939394
 25 -0.8787878787878789
 475 -0.8181818181818183
 881 -0.7575757575757573
 572 -0.6969696969696968
 846 -0.6363636363636362
 551 -0.5757575757575757
 820 -0.5151515151515151
 557 -0.4545454545454546
 882 -0.393939393939394
 3798 -0.333333333333333
 529 -0.2727272727272725
 2342 -0.2121212121212119
 18 -0.1515151515151514
 2433 -0.09090909090909083
 19 -0.03030303030303028
 2290 0.03030303030303028
 23 0.09090909090909083
 1999 0.1515151515151514
 1483 0.2121212121212124
 1984 0.2727272727272729
 1432 0.3333333333333335
 620 0.393939393939394
 855 0.4545454545454546
 587 0.5151515151515151
 657 0.5757575757575757
 595 0.6363636363636367
 759 0.6969696969696972
 523 0.7575757575757578
 15 0.8181818181818183
 540 0.8787878787878789
 21 0.9393939393939394
 488 1
 10 1.060606060606061
 469 1.121212121212121
 7 1.181818181818182
 30 1.242424242424242
 114 1.303030303030303
 23 1.363636363636363
 116 1.424242424242425
 39 1.484848484848485
 112 1.545454545454546
 1 1.606060606060606
 0 1.666666666666667
 5 1.727272727272728
 47 1.787878787878788
 7 1.848484848484849
 38 1.909090909090909
 4 1.96969696969697
 0 2.03030303030303
 0 2.090909090909091
 0 2.151515151515151
 0 2.212121212121212
 2 2.272727272727272
 1 2.333333333333334
 8 2.393939393939394
 2 2.454545454545455
 2 2.515151515151516
 0 2.575757575757576
 0 2.636363636363637
 0 2.696969696969697
 0 2.757575757575758
 0 2.818181818181818
 0 2.878787878787879
 0 2.939393939393939
 0 3


