# Created by Octave 3.8.2, Mon Jun 22 16:09:21 2020 CEST <damian@fptrucha.inv.usc.es>
# name: hd
# type: matrix
# rows: 100
# columns: 2
 0 -3
 0 -2.939393939393939
 0 -2.878787878787879
 0 -2.818181818181818
 0 -2.757575757575758
 0 -2.696969696969697
 0 -2.636363636363636
 0 -2.575757575757576
 2 -2.515151515151515
 9 -2.454545454545455
 0 -2.393939393939394
 0 -2.333333333333333
 0 -2.272727272727272
 0 -2.212121212121212
 0 -2.151515151515151
 2 -2.090909090909091
 5 -2.03030303030303
 31 -1.96969696969697
 38 -1.909090909090909
 1 -1.848484848484848
 1 -1.787878787878788
 0 -1.727272727272727
 3 -1.666666666666667
 124 -1.606060606060606
 22 -1.545454545454545
 107 -1.484848484848485
 21 -1.424242424242424
 117 -1.363636363636364
 31 -1.303030303030303
 11 -1.242424242424242
 611 -1.181818181818182
 14 -1.121212121212121
 513 -1.060606060606061
 12 -1
 576 -0.9393939393939394
 18 -0.8787878787878789
 462 -0.8181818181818183
 969 -0.7575757575757573
 697 -0.6969696969696968
 1001 -0.6363636363636362
 603 -0.5757575757575757
 893 -0.5151515151515151
 620 -0.4545454545454546
 852 -0.393939393939394
 4272 -0.333333333333333
 598 -0.2727272727272725
 2661 -0.2121212121212119
 7 -0.1515151515151514
 2775 -0.09090909090909083
 10 -0.03030303030303028
 2544 0.03030303030303028
 27 0.09090909090909083
 2338 0.1515151515151514
 1636 0.2121212121212124
 2413 0.2727272727272729
 1809 0.3333333333333335
 675 0.393939393939394
 935 0.4545454545454546
 712 0.5151515151515151
 826 0.5757575757575757
 682 0.6363636363636367
 836 0.6969696969696972
 574 0.7575757575757578
 16 0.8181818181818183
 594 0.8787878787878789
 23 0.9393939393939394
 564 1
 15 1.060606060606061
 567 1.121212121212121
 8 1.181818181818182
 25 1.242424242424242
 133 1.303030303030303
 28 1.363636363636363
 131 1.424242424242425
 34 1.484848484848485
 109 1.545454545454546
 1 1.606060606060606
 0 1.666666666666667
 3 1.727272727272728
 36 1.787878787878788
 5 1.848484848484849
 31 1.909090909090909
 4 1.96969696969697
 2 2.03030303030303
 0 2.090909090909091
 0 2.151515151515151
 0 2.212121212121212
 0 2.272727272727272
 1 2.333333333333334
 12 2.393939393939394
 0 2.454545454545455
 0 2.515151515151516
 0 2.575757575757576
 0 2.636363636363637
 0 2.696969696969697
 0 2.757575757575758
 0 2.818181818181818
 0 2.878787878787879
 0 2.939393939393939
 0 3


