# Created by Octave 3.8.2, Sat Jun 20 06:03:58 2020 CEST <damian@fptrucha.inv.usc.es>
# name: hd
# type: matrix
# rows: 100
# columns: 2
 0 -3
 0 -2.939393939393939
 0 -2.878787878787879
 0 -2.818181818181818
 0 -2.757575757575758
 0 -2.696969696969697
 0 -2.636363636363636
 2 -2.575757575757576
 2 -2.515151515151515
 3 -2.454545454545455
 0 -2.393939393939394
 1 -2.333333333333333
 0 -2.272727272727272
 0 -2.212121212121212
 0 -2.151515151515151
 2 -2.090909090909091
 5 -2.03030303030303
 25 -1.96969696969697
 38 -1.909090909090909
 1 -1.848484848484848
 1 -1.787878787878788
 0 -1.727272727272727
 2 -1.666666666666667
 127 -1.606060606060606
 23 -1.545454545454545
 115 -1.484848484848485
 25 -1.424242424242424
 122 -1.363636363636364
 21 -1.303030303030303
 16 -1.242424242424242
 653 -1.181818181818182
 20 -1.121212121212121
 649 -1.060606060606061
 16 -1
 564 -0.9393939393939394
 14 -0.8787878787878789
 556 -0.8181818181818183
 1126 -0.7575757575757573
 761 -0.6969696969696968
 1203 -0.6363636363636362
 777 -0.5757575757575757
 1036 -0.5151515151515151
 678 -0.4545454545454546
 973 -0.393939393939394
 4771 -0.333333333333333
 615 -0.2727272727272725
 3220 -0.2121212121212119
 8 -0.1515151515151514
 2977 -0.09090909090909083
 7 -0.03030303030303028
 2881 0.03030303030303028
 13 0.09090909090909083
 2512 0.1515151515151514
 1846 0.2121212121212124
 2502 0.2727272727272729
 1739 0.3333333333333335
 629 0.393939393939394
 951 0.4545454545454546
 693 0.5151515151515151
 907 0.5757575757575757
 643 0.6363636363636367
 858 0.6969696969696972
 617 0.7575757575757578
 14 0.8181818181818183
 567 0.8787878787878789
 13 0.9393939393939394
 515 1
 16 1.060606060606061
 499 1.121212121212121
 11 1.181818181818182
 30 1.242424242424242
 112 1.303030303030303
 31 1.363636363636363
 98 1.424242424242425
 18 1.484848484848485
 94 1.545454545454546
 3 1.606060606060606
 0 1.666666666666667
 1 1.727272727272728
 40 1.787878787878788
 3 1.848484848484849
 25 1.909090909090909
 2 1.96969696969697
 1 2.03030303030303
 0 2.090909090909091
 0 2.151515151515151
 4 2.212121212121212
 1 2.272727272727272
 1 2.333333333333334
 5 2.393939393939394
 0 2.454545454545455
 1 2.515151515151516
 0 2.575757575757576
 0 2.636363636363637
 0 2.696969696969697
 0 2.757575757575758
 0 2.818181818181818
 0 2.878787878787879
 0 2.939393939393939
 0 3


