# Created by Octave 3.8.2, Sun Jun 21 04:18:59 2020 CEST <damian@fptrucha.inv.usc.es>
# name: hd
# type: matrix
# rows: 100
# columns: 2
 0 -3
 0 -2.939393939393939
 0 -2.878787878787879
 0 -2.818181818181818
 0 -2.757575757575758
 0 -2.696969696969697
 0 -2.636363636363636
 1 -2.575757575757576
 1 -2.515151515151515
 4 -2.454545454545455
 0 -2.393939393939394
 0 -2.333333333333333
 1 -2.272727272727272
 0 -2.212121212121212
 0 -2.151515151515151
 0 -2.090909090909091
 5 -2.03030303030303
 16 -1.96969696969697
 19 -1.909090909090909
 1 -1.848484848484848
 3 -1.787878787878788
 0 -1.727272727272727
 2 -1.666666666666667
 85 -1.606060606060606
 20 -1.545454545454545
 80 -1.484848484848485
 25 -1.424242424242424
 96 -1.363636363636364
 19 -1.303030303030303
 9 -1.242424242424242
 561 -1.181818181818182
 12 -1.121212121212121
 512 -1.060606060606061
 9 -1
 463 -0.9393939393939394
 19 -0.8787878787878789
 385 -0.8181818181818183
 964 -0.7575757575757573
 649 -0.6969696969696968
 963 -0.6363636363636362
 595 -0.5757575757575757
 853 -0.5151515151515151
 573 -0.4545454545454546
 837 -0.393939393939394
 4096 -0.333333333333333
 519 -0.2727272727272725
 2803 -0.2121212121212119
 7 -0.1515151515151514
 2598 -0.09090909090909083
 3 -0.03030303030303028
 2462 0.03030303030303028
 11 0.09090909090909083
 2086 0.1515151515151514
 1723 0.2121212121212124
 2233 0.2727272727272729
 1577 0.3333333333333335
 649 0.393939393939394
 931 0.4545454545454546
 617 0.5151515151515151
 820 0.5757575757575757
 596 0.6363636363636367
 745 0.6969696969696972
 537 0.7575757575757578
 13 0.8181818181818183
 538 0.8787878787878789
 12 0.9393939393939394
 462 1
 7 1.060606060606061
 494 1.121212121212121
 9 1.181818181818182
 22 1.242424242424242
 87 1.303030303030303
 20 1.363636363636363
 70 1.424242424242425
 23 1.484848484848485
 99 1.545454545454546
 0 1.606060606060606
 0 1.666666666666667
 1 1.727272727272728
 35 1.787878787878788
 3 1.848484848484849
 27 1.909090909090909
 3 1.96969696969697
 0 2.03030303030303
 0 2.090909090909091
 0 2.151515151515151
 1 2.212121212121212
 1 2.272727272727272
 1 2.333333333333334
 6 2.393939393939394
 0 2.454545454545455
 1 2.515151515151516
 0 2.575757575757576
 0 2.636363636363637
 0 2.696969696969697
 0 2.757575757575758
 0 2.818181818181818
 0 2.878787878787879
 0 2.939393939393939
 0 3


