# Created by Octave 3.8.2, Sat Jun 20 02:56:33 2020 CEST <damian@fptrucha.inv.usc.es>
# name: hd
# type: matrix
# rows: 100
# columns: 2
 0 -3
 0 -2.939393939393939
 0 -2.878787878787879
 0 -2.818181818181818
 0 -2.757575757575758
 0 -2.696969696969697
 0 -2.636363636363636
 1 -2.575757575757576
 1 -2.515151515151515
 6 -2.454545454545455
 1 -2.393939393939394
 1 -2.333333333333333
 2 -2.272727272727272
 0 -2.212121212121212
 0 -2.151515151515151
 0 -2.090909090909091
 3 -2.03030303030303
 26 -1.96969696969697
 33 -1.909090909090909
 0 -1.848484848484848
 2 -1.787878787878788
 0 -1.727272727272727
 4 -1.666666666666667
 113 -1.606060606060606
 23 -1.545454545454545
 105 -1.484848484848485
 23 -1.424242424242424
 98 -1.363636363636364
 20 -1.303030303030303
 14 -1.242424242424242
 637 -1.181818181818182
 15 -1.121212121212121
 637 -1.060606060606061
 8 -1
 543 -0.9393939393939394
 15 -0.8787878787878789
 523 -0.8181818181818183
 1090 -0.7575757575757573
 779 -0.6969696969696968
 1165 -0.6363636363636362
 720 -0.5757575757575757
 979 -0.5151515151515151
 641 -0.4545454545454546
 1016 -0.393939393939394
 4595 -0.333333333333333
 578 -0.2727272727272725
 3165 -0.2121212121212119
 5 -0.1515151515151514
 2944 -0.09090909090909083
 8 -0.03030303030303028
 2760 0.03030303030303028
 11 0.09090909090909083
 2467 0.1515151515151514
 1772 0.2121212121212124
 2396 0.2727272727272729
 1708 0.3333333333333335
 630 0.393939393939394
 906 0.4545454545454546
 641 0.5151515151515151
 804 0.5757575757575757
 549 0.6363636363636367
 748 0.6969696969696972
 548 0.7575757575757578
 11 0.8181818181818183
 536 0.8787878787878789
 12 0.9393939393939394
 465 1
 11 1.060606060606061
 449 1.121212121212121
 8 1.181818181818182
 30 1.242424242424242
 92 1.303030303030303
 34 1.363636363636363
 94 1.424242424242425
 31 1.484848484848485
 83 1.545454545454546
 2 1.606060606060606
 0 1.666666666666667
 2 1.727272727272728
 27 1.787878787878788
 1 1.848484848484849
 26 1.909090909090909
 4 1.96969696969697
 0 2.03030303030303
 0 2.090909090909091
 0 2.151515151515151
 0 2.212121212121212
 1 2.272727272727272
 0 2.333333333333334
 6 2.393939393939394
 0 2.454545454545455
 1 2.515151515151516
 0 2.575757575757576
 0 2.636363636363637
 0 2.696969696969697
 0 2.757575757575758
 0 2.818181818181818
 0 2.878787878787879
 0 2.939393939393939
 0 3


