# Created by Octave 3.8.2, Sat Jun 20 04:51:42 2020 CEST <damian@fptrucha.inv.usc.es>
# name: hd
# type: matrix
# rows: 100
# columns: 2
 0 -3
 0 -2.939393939393939
 0 -2.878787878787879
 0 -2.818181818181818
 0 -2.757575757575758
 0 -2.696969696969697
 0 -2.636363636363636
 0 -2.575757575757576
 1 -2.515151515151515
 5 -2.454545454545455
 0 -2.393939393939394
 1 -2.333333333333333
 1 -2.272727272727272
 0 -2.212121212121212
 0 -2.151515151515151
 2 -2.090909090909091
 5 -2.03030303030303
 25 -1.96969696969697
 36 -1.909090909090909
 0 -1.848484848484848
 1 -1.787878787878788
 0 -1.727272727272727
 2 -1.666666666666667
 115 -1.606060606060606
 23 -1.545454545454545
 111 -1.484848484848485
 26 -1.424242424242424
 95 -1.363636363636364
 22 -1.303030303030303
 14 -1.242424242424242
 593 -1.181818181818182
 13 -1.121212121212121
 560 -1.060606060606061
 14 -1
 548 -0.9393939393939394
 14 -0.8787878787878789
 487 -0.8181818181818183
 1080 -0.7575757575757573
 770 -0.6969696969696968
 1175 -0.6363636363636362
 751 -0.5757575757575757
 894 -0.5151515151515151
 658 -0.4545454545454546
 955 -0.393939393939394
 4628 -0.333333333333333
 632 -0.2727272727272725
 3171 -0.2121212121212119
 9 -0.1515151515151514
 2817 -0.09090909090909083
 8 -0.03030303030303028
 2774 0.03030303030303028
 13 0.09090909090909083
 2564 0.1515151515151514
 1871 0.2121212121212124
 2430 0.2727272727272729
 1780 0.3333333333333335
 660 0.393939393939394
 971 0.4545454545454546
 712 0.5151515151515151
 904 0.5757575757575757
 640 0.6363636363636367
 881 0.6969696969696972
 627 0.7575757575757578
 15 0.8181818181818183
 585 0.8787878787878789
 15 0.9393939393939394
 556 1
 10 1.060606060606061
 534 1.121212121212121
 10 1.181818181818182
 38 1.242424242424242
 98 1.303030303030303
 20 1.363636363636363
 91 1.424242424242425
 34 1.484848484848485
 110 1.545454545454546
 1 1.606060606060606
 0 1.666666666666667
 2 1.727272727272728
 30 1.787878787878788
 0 1.848484848484849
 24 1.909090909090909
 5 1.96969696969697
 1 2.03030303030303
 0 2.090909090909091
 0 2.151515151515151
 2 2.212121212121212
 0 2.272727272727272
 0 2.333333333333334
 7 2.393939393939394
 0 2.454545454545455
 0 2.515151515151516
 0 2.575757575757576
 0 2.636363636363637
 0 2.696969696969697
 0 2.757575757575758
 0 2.818181818181818
 0 2.878787878787879
 0 2.939393939393939
 0 3


