# Created by Octave 3.8.2, Mon Jun 22 03:00:05 2020 CEST <damian@fptrucha.inv.usc.es>
# name: hd
# type: matrix
# rows: 100
# columns: 2
 0 -3
 0 -2.939393939393939
 0 -2.878787878787879
 0 -2.818181818181818
 0 -2.757575757575758
 0 -2.696969696969697
 0 -2.636363636363636
 2 -2.575757575757576
 0 -2.515151515151515
 5 -2.454545454545455
 2 -2.393939393939394
 1 -2.333333333333333
 3 -2.272727272727272
 0 -2.212121212121212
 0 -2.151515151515151
 3 -2.090909090909091
 1 -2.03030303030303
 36 -1.96969696969697
 37 -1.909090909090909
 2 -1.848484848484848
 3 -1.787878787878788
 0 -1.727272727272727
 2 -1.666666666666667
 98 -1.606060606060606
 27 -1.545454545454545
 108 -1.484848484848485
 25 -1.424242424242424
 113 -1.363636363636364
 19 -1.303030303030303
 20 -1.242424242424242
 496 -1.181818181818182
 27 -1.121212121212121
 477 -1.060606060606061
 19 -1
 524 -0.9393939393939394
 21 -0.8787878787878789
 489 -0.8181818181818183
 824 -0.7575757575757573
 552 -0.6969696969696968
 902 -0.6363636363636362
 540 -0.5757575757575757
 806 -0.5151515151515151
 598 -0.4545454545454546
 855 -0.393939393939394
 3833 -0.333333333333333
 525 -0.2727272727272725
 2330 -0.2121212121212119
 10 -0.1515151515151514
 2407 -0.09090909090909083
 19 -0.03030303030303028
 2401 0.03030303030303028
 19 0.09090909090909083
 2141 0.1515151515151514
 1535 0.2121212121212124
 2202 0.2727272727272729
 1385 0.3333333333333335
 611 0.393939393939394
 846 0.4545454545454546
 617 0.5151515151515151
 786 0.5757575757575757
 599 0.6363636363636367
 789 0.6969696969696972
 489 0.7575757575757578
 11 0.8181818181818183
 528 0.8787878787878789
 24 0.9393939393939394
 562 1
 26 1.060606060606061
 492 1.121212121212121
 14 1.181818181818182
 24 1.242424242424242
 81 1.303030303030303
 27 1.363636363636363
 106 1.424242424242425
 31 1.484848484848485
 101 1.545454545454546
 2 1.606060606060606
 0 1.666666666666667
 1 1.727272727272728
 43 1.787878787878788
 5 1.848484848484849
 36 1.909090909090909
 4 1.96969696969697
 0 2.03030303030303
 0 2.090909090909091
 0 2.151515151515151
 1 2.212121212121212
 0 2.272727272727272
 0 2.333333333333334
 9 2.393939393939394
 2 2.454545454545455
 1 2.515151515151516
 0 2.575757575757576
 0 2.636363636363637
 0 2.696969696969697
 0 2.757575757575758
 0 2.818181818181818
 0 2.878787878787879
 0 2.939393939393939
 0 3


