# Created by Octave 3.8.2, Mon Jun 22 09:35:24 2020 CEST <damian@fptrucha.inv.usc.es>
# name: hd
# type: matrix
# rows: 100
# columns: 2
 0 -3
 0 -2.939393939393939
 0 -2.878787878787879
 0 -2.818181818181818
 0 -2.757575757575758
 0 -2.696969696969697
 0 -2.636363636363636
 2 -2.575757575757576
 1 -2.515151515151515
 5 -2.454545454545455
 1 -2.393939393939394
 1 -2.333333333333333
 2 -2.272727272727272
 0 -2.212121212121212
 0 -2.151515151515151
 2 -2.090909090909091
 4 -2.03030303030303
 23 -1.96969696969697
 33 -1.909090909090909
 2 -1.848484848484848
 0 -1.787878787878788
 0 -1.727272727272727
 4 -1.666666666666667
 96 -1.606060606060606
 21 -1.545454545454545
 97 -1.484848484848485
 22 -1.424242424242424
 103 -1.363636363636364
 24 -1.303030303030303
 10 -1.242424242424242
 502 -1.181818181818182
 22 -1.121212121212121
 484 -1.060606060606061
 13 -1
 474 -0.9393939393939394
 17 -0.8787878787878789
 474 -0.8181818181818183
 848 -0.7575757575757573
 622 -0.6969696969696968
 936 -0.6363636363636362
 639 -0.5757575757575757
 900 -0.5151515151515151
 590 -0.4545454545454546
 893 -0.393939393939394
 3952 -0.333333333333333
 576 -0.2727272727272725
 2486 -0.2121212121212119
 14 -0.1515151515151514
 2597 -0.09090909090909083
 18 -0.03030303030303028
 2474 0.03030303030303028
 23 0.09090909090909083
 2362 0.1515151515151514
 1440 0.2121212121212124
 2301 0.2727272727272729
 1494 0.3333333333333335
 670 0.393939393939394
 873 0.4545454545454546
 668 0.5151515151515151
 800 0.5757575757575757
 664 0.6363636363636367
 857 0.6969696969696972
 515 0.7575757575757578
 14 0.8181818181818183
 545 0.8787878787878789
 20 0.9393939393939394
 506 1
 16 1.060606060606061
 491 1.121212121212121
 8 1.181818181818182
 27 1.242424242424242
 124 1.303030303030303
 30 1.363636363636363
 96 1.424242424242425
 34 1.484848484848485
 97 1.545454545454546
 4 1.606060606060606
 0 1.666666666666667
 3 1.727272727272728
 37 1.787878787878788
 3 1.848484848484849
 40 1.909090909090909
 2 1.96969696969697
 2 2.03030303030303
 0 2.090909090909091
 0 2.151515151515151
 3 2.212121212121212
 1 2.272727272727272
 2 2.333333333333334
 7 2.393939393939394
 0 2.454545454545455
 2 2.515151515151516
 0 2.575757575757576
 0 2.636363636363637
 0 2.696969696969697
 0 2.757575757575758
 0 2.818181818181818
 0 2.878787878787879
 0 2.939393939393939
 0 3


