# Created by Octave 3.8.2, Sat Jun 20 20:34:19 2020 CEST <damian@fptrucha.inv.usc.es>
# name: hd
# type: matrix
# rows: 100
# columns: 2
 0 -3
 0 -2.939393939393939
 0 -2.878787878787879
 0 -2.818181818181818
 0 -2.757575757575758
 0 -2.696969696969697
 0 -2.636363636363636
 0 -2.575757575757576
 0 -2.515151515151515
 2 -2.454545454545455
 0 -2.393939393939394
 0 -2.333333333333333
 0 -2.272727272727272
 0 -2.212121212121212
 0 -2.151515151515151
 3 -2.090909090909091
 4 -2.03030303030303
 18 -1.96969696969697
 29 -1.909090909090909
 0 -1.848484848484848
 1 -1.787878787878788
 0 -1.727272727272727
 3 -1.666666666666667
 101 -1.606060606060606
 27 -1.545454545454545
 95 -1.484848484848485
 16 -1.424242424242424
 73 -1.363636363636364
 14 -1.303030303030303
 9 -1.242424242424242
 545 -1.181818181818182
 13 -1.121212121212121
 527 -1.060606060606061
 14 -1
 437 -0.9393939393939394
 11 -0.8787878787878789
 451 -0.8181818181818183
 971 -0.7575757575757573
 689 -0.6969696969696968
 986 -0.6363636363636362
 588 -0.5757575757575757
 878 -0.5151515151515151
 612 -0.4545454545454546
 804 -0.393939393939394
 4203 -0.333333333333333
 500 -0.2727272727272725
 2905 -0.2121212121212119
 12 -0.1515151515151514
 2562 -0.09090909090909083
 12 -0.03030303030303028
 2513 0.03030303030303028
 8 0.09090909090909083
 2284 0.1515151515151514
 1772 0.2121212121212124
 2168 0.2727272727272729
 1652 0.3333333333333335
 651 0.393939393939394
 919 0.4545454545454546
 649 0.5151515151515151
 855 0.5757575757575757
 663 0.6363636363636367
 844 0.6969696969696972
 607 0.7575757575757578
 8 0.8181818181818183
 544 0.8787878787878789
 13 0.9393939393939394
 526 1
 9 1.060606060606061
 501 1.121212121212121
 8 1.181818181818182
 26 1.242424242424242
 100 1.303030303030303
 24 1.363636363636363
 92 1.424242424242425
 32 1.484848484848485
 100 1.545454545454546
 1 1.606060606060606
 0 1.666666666666667
 0 1.727272727272728
 24 1.787878787878788
 5 1.848484848484849
 19 1.909090909090909
 4 1.96969696969697
 1 2.03030303030303
 0 2.090909090909091
 0 2.151515151515151
 0 2.212121212121212
 0 2.272727272727272
 0 2.333333333333334
 10 2.393939393939394
 0 2.454545454545455
 0 2.515151515151516
 0 2.575757575757576
 0 2.636363636363637
 0 2.696969696969697
 0 2.757575757575758
 0 2.818181818181818
 0 2.878787878787879
 0 2.939393939393939
 0 3


