# Created by Octave 3.8.2, Mon Jun 22 08:33:32 2020 CEST <damian@fptrucha.inv.usc.es>
# name: hd
# type: matrix
# rows: 100
# columns: 2
 0 -3
 0 -2.939393939393939
 0 -2.878787878787879
 0 -2.818181818181818
 0 -2.757575757575758
 0 -2.696969696969697
 0 -2.636363636363636
 3 -2.575757575757576
 0 -2.515151515151515
 12 -2.454545454545455
 1 -2.393939393939394
 1 -2.333333333333333
 0 -2.272727272727272
 0 -2.212121212121212
 0 -2.151515151515151
 3 -2.090909090909091
 5 -2.03030303030303
 29 -1.96969696969697
 34 -1.909090909090909
 1 -1.848484848484848
 1 -1.787878787878788
 0 -1.727272727272727
 3 -1.666666666666667
 94 -1.606060606060606
 22 -1.545454545454545
 118 -1.484848484848485
 22 -1.424242424242424
 111 -1.363636363636364
 33 -1.303030303030303
 20 -1.242424242424242
 525 -1.181818181818182
 10 -1.121212121212121
 524 -1.060606060606061
 13 -1
 537 -0.9393939393939394
 22 -0.8787878787878789
 475 -0.8181818181818183
 848 -0.7575757575757573
 608 -0.6969696969696968
 899 -0.6363636363636362
 638 -0.5757575757575757
 824 -0.5151515151515151
 580 -0.4545454545454546
 849 -0.393939393939394
 3961 -0.333333333333333
 605 -0.2727272727272725
 2563 -0.2121212121212119
 13 -0.1515151515151514
 2587 -0.09090909090909083
 14 -0.03030303030303028
 2499 0.03030303030303028
 22 0.09090909090909083
 2237 0.1515151515151514
 1491 0.2121212121212124
 2316 0.2727272727272729
 1544 0.3333333333333335
 650 0.393939393939394
 893 0.4545454545454546
 660 0.5151515151515151
 830 0.5757575757575757
 603 0.6363636363636367
 827 0.6969696969696972
 475 0.7575757575757578
 8 0.8181818181818183
 561 0.8787878787878789
 17 0.9393939393939394
 505 1
 20 1.060606060606061
 498 1.121212121212121
 17 1.181818181818182
 25 1.242424242424242
 98 1.303030303030303
 33 1.363636363636363
 92 1.424242424242425
 30 1.484848484848485
 109 1.545454545454546
 5 1.606060606060606
 0 1.666666666666667
 2 1.727272727272728
 29 1.787878787878788
 2 1.848484848484849
 39 1.909090909090909
 4 1.96969696969697
 0 2.03030303030303
 0 2.090909090909091
 0 2.151515151515151
 0 2.212121212121212
 1 2.272727272727272
 0 2.333333333333334
 8 2.393939393939394
 0 2.454545454545455
 0 2.515151515151516
 0 2.575757575757576
 0 2.636363636363637
 0 2.696969696969697
 0 2.757575757575758
 0 2.818181818181818
 0 2.878787878787879
 0 2.939393939393939
 0 3


