# Created by Octave 3.8.2, Mon Jun 22 07:11:41 2020 CEST <damian@fptrucha.inv.usc.es>
# name: hd
# type: matrix
# rows: 100
# columns: 2
 0 -3
 0 -2.939393939393939
 0 -2.878787878787879
 0 -2.818181818181818
 0 -2.757575757575758
 0 -2.696969696969697
 0 -2.636363636363636
 1 -2.575757575757576
 1 -2.515151515151515
 3 -2.454545454545455
 1 -2.393939393939394
 1 -2.333333333333333
 1 -2.272727272727272
 0 -2.212121212121212
 0 -2.151515151515151
 0 -2.090909090909091
 7 -2.03030303030303
 45 -1.96969696969697
 29 -1.909090909090909
 3 -1.848484848484848
 4 -1.787878787878788
 0 -1.727272727272727
 1 -1.666666666666667
 109 -1.606060606060606
 28 -1.545454545454545
 133 -1.484848484848485
 30 -1.424242424242424
 124 -1.363636363636364
 27 -1.303030303030303
 17 -1.242424242424242
 478 -1.181818181818182
 16 -1.121212121212121
 475 -1.060606060606061
 21 -1
 492 -0.9393939393939394
 30 -0.8787878787878789
 494 -0.8181818181818183
 834 -0.7575757575757573
 544 -0.6969696969696968
 856 -0.6363636363636362
 562 -0.5757575757575757
 851 -0.5151515151515151
 562 -0.4545454545454546
 948 -0.393939393939394
 3805 -0.333333333333333
 540 -0.2727272727272725
 2467 -0.2121212121212119
 9 -0.1515151515151514
 2465 -0.09090909090909083
 19 -0.03030303030303028
 2452 0.03030303030303028
 35 0.09090909090909083
 2153 0.1515151515151514
 1468 0.2121212121212124
 2218 0.2727272727272729
 1542 0.3333333333333335
 628 0.393939393939394
 869 0.4545454545454546
 617 0.5151515151515151
 745 0.5757575757575757
 604 0.6363636363636367
 818 0.6969696969696972
 510 0.7575757575757578
 13 0.8181818181818183
 548 0.8787878787878789
 19 0.9393939393939394
 543 1
 15 1.060606060606061
 501 1.121212121212121
 9 1.181818181818182
 27 1.242424242424242
 115 1.303030303030303
 23 1.363636363636363
 115 1.424242424242425
 35 1.484848484848485
 94 1.545454545454546
 4 1.606060606060606
 0 1.666666666666667
 3 1.727272727272728
 30 1.787878787878788
 7 1.848484848484849
 29 1.909090909090909
 2 1.96969696969697
 4 2.03030303030303
 0 2.090909090909091
 0 2.151515151515151
 3 2.212121212121212
 1 2.272727272727272
 2 2.333333333333334
 6 2.393939393939394
 1 2.454545454545455
 0 2.515151515151516
 0 2.575757575757576
 0 2.636363636363637
 0 2.696969696969697
 0 2.757575757575758
 0 2.818181818181818
 0 2.878787878787879
 0 2.939393939393939
 0 3


