# Created by Octave 3.8.2, Mon Jun 22 02:34:03 2020 CEST <damian@fptrucha.inv.usc.es>
# name: hd
# type: matrix
# rows: 100
# columns: 2
 0 -3
 0 -2.939393939393939
 0 -2.878787878787879
 0 -2.818181818181818
 0 -2.757575757575758
 0 -2.696969696969697
 0 -2.636363636363636
 3 -2.575757575757576
 1 -2.515151515151515
 6 -2.454545454545455
 0 -2.393939393939394
 0 -2.333333333333333
 0 -2.272727272727272
 0 -2.212121212121212
 0 -2.151515151515151
 0 -2.090909090909091
 4 -2.03030303030303
 23 -1.96969696969697
 39 -1.909090909090909
 2 -1.848484848484848
 6 -1.787878787878788
 0 -1.727272727272727
 3 -1.666666666666667
 101 -1.606060606060606
 22 -1.545454545454545
 121 -1.484848484848485
 23 -1.424242424242424
 98 -1.363636363636364
 28 -1.303030303030303
 17 -1.242424242424242
 482 -1.181818181818182
 10 -1.121212121212121
 486 -1.060606060606061
 16 -1
 477 -0.9393939393939394
 24 -0.8787878787878789
 468 -0.8181818181818183
 829 -0.7575757575757573
 593 -0.6969696969696968
 884 -0.6363636363636362
 569 -0.5757575757575757
 867 -0.5151515151515151
 614 -0.4545454545454546
 862 -0.393939393939394
 3923 -0.333333333333333
 547 -0.2727272727272725
 2382 -0.2121212121212119
 9 -0.1515151515151514
 2422 -0.09090909090909083
 17 -0.03030303030303028
 2377 0.03030303030303028
 27 0.09090909090909083
 2166 0.1515151515151514
 1555 0.2121212121212124
 2079 0.2727272727272729
 1420 0.3333333333333335
 614 0.393939393939394
 842 0.4545454545454546
 627 0.5151515151515151
 705 0.5757575757575757
 596 0.6363636363636367
 838 0.6969696969696972
 466 0.7575757575757578
 15 0.8181818181818183
 538 0.8787878787878789
 23 0.9393939393939394
 504 1
 21 1.060606060606061
 453 1.121212121212121
 10 1.181818181818182
 39 1.242424242424242
 100 1.303030303030303
 20 1.363636363636363
 118 1.424242424242425
 44 1.484848484848485
 102 1.545454545454546
 11 1.606060606060606
 0 1.666666666666667
 3 1.727272727272728
 38 1.787878787878788
 4 1.848484848484849
 30 1.909090909090909
 3 1.96969696969697
 3 2.03030303030303
 0 2.090909090909091
 0 2.151515151515151
 0 2.212121212121212
 0 2.272727272727272
 1 2.333333333333334
 5 2.393939393939394
 0 2.454545454545455
 0 2.515151515151516
 0 2.575757575757576
 0 2.636363636363637
 0 2.696969696969697
 0 2.757575757575758
 0 2.818181818181818
 0 2.878787878787879
 0 2.939393939393939
 0 3


