# Created by Octave 3.8.2, Mon Jun 22 05:38:07 2020 CEST <damian@fptrucha.inv.usc.es>
# name: hd
# type: matrix
# rows: 100
# columns: 2
 0 -3
 0 -2.939393939393939
 0 -2.878787878787879
 0 -2.818181818181818
 0 -2.757575757575758
 0 -2.696969696969697
 0 -2.636363636363636
 0 -2.575757575757576
 0 -2.515151515151515
 4 -2.454545454545455
 1 -2.393939393939394
 0 -2.333333333333333
 1 -2.272727272727272
 0 -2.212121212121212
 0 -2.151515151515151
 1 -2.090909090909091
 4 -2.03030303030303
 47 -1.96969696969697
 30 -1.909090909090909
 1 -1.848484848484848
 1 -1.787878787878788
 0 -1.727272727272727
 4 -1.666666666666667
 86 -1.606060606060606
 30 -1.545454545454545
 123 -1.484848484848485
 27 -1.424242424242424
 119 -1.363636363636364
 15 -1.303030303030303
 10 -1.242424242424242
 497 -1.181818181818182
 16 -1.121212121212121
 488 -1.060606060606061
 14 -1
 494 -0.9393939393939394
 20 -0.8787878787878789
 496 -0.8181818181818183
 854 -0.7575757575757573
 602 -0.6969696969696968
 869 -0.6363636363636362
 633 -0.5757575757575757
 790 -0.5151515151515151
 584 -0.4545454545454546
 932 -0.393939393939394
 3885 -0.333333333333333
 575 -0.2727272727272725
 2397 -0.2121212121212119
 11 -0.1515151515151514
 2461 -0.09090909090909083
 13 -0.03030303030303028
 2492 0.03030303030303028
 32 0.09090909090909083
 2231 0.1515151515151514
 1467 0.2121212121212124
 2262 0.2727272727272729
 1475 0.3333333333333335
 620 0.393939393939394
 832 0.4545454545454546
 579 0.5151515151515151
 797 0.5757575757575757
 588 0.6363636363636367
 801 0.6969696969696972
 518 0.7575757575757578
 15 0.8181818181818183
 549 0.8787878787878789
 31 0.9393939393939394
 504 1
 13 1.060606060606061
 484 1.121212121212121
 17 1.181818181818182
 31 1.242424242424242
 96 1.303030303030303
 23 1.363636363636363
 116 1.424242424242425
 36 1.484848484848485
 108 1.545454545454546
 4 1.606060606060606
 0 1.666666666666667
 0 1.727272727272728
 41 1.787878787878788
 5 1.848484848484849
 30 1.909090909090909
 6 1.96969696969697
 1 2.03030303030303
 0 2.090909090909091
 0 2.151515151515151
 1 2.212121212121212
 0 2.272727272727272
 3 2.333333333333334
 8 2.393939393939394
 1 2.454545454545455
 1 2.515151515151516
 0 2.575757575757576
 0 2.636363636363637
 0 2.696969696969697
 0 2.757575757575758
 0 2.818181818181818
 0 2.878787878787879
 0 2.939393939393939
 0 3


