# Created by Octave 3.8.2, Sun Jun 21 01:12:09 2020 CEST <damian@fptrucha.inv.usc.es>
# name: hd
# type: matrix
# rows: 100
# columns: 2
 0 -3
 0 -2.939393939393939
 0 -2.878787878787879
 0 -2.818181818181818
 0 -2.757575757575758
 0 -2.696969696969697
 0 -2.636363636363636
 0 -2.575757575757576
 1 -2.515151515151515
 6 -2.454545454545455
 0 -2.393939393939394
 1 -2.333333333333333
 2 -2.272727272727272
 0 -2.212121212121212
 0 -2.151515151515151
 1 -2.090909090909091
 6 -2.03030303030303
 18 -1.96969696969697
 24 -1.909090909090909
 3 -1.848484848484848
 2 -1.787878787878788
 0 -1.727272727272727
 1 -1.666666666666667
 105 -1.606060606060606
 26 -1.545454545454545
 83 -1.484848484848485
 13 -1.424242424242424
 85 -1.363636363636364
 22 -1.303030303030303
 7 -1.242424242424242
 520 -1.181818181818182
 14 -1.121212121212121
 483 -1.060606060606061
 6 -1
 436 -0.9393939393939394
 18 -0.8787878787878789
 395 -0.8181818181818183
 987 -0.7575757575757573
 628 -0.6969696969696968
 1048 -0.6363636363636362
 602 -0.5757575757575757
 830 -0.5151515151515151
 518 -0.4545454545454546
 814 -0.393939393939394
 4119 -0.333333333333333
 497 -0.2727272727272725
 2852 -0.2121212121212119
 10 -0.1515151515151514
 2521 -0.09090909090909083
 10 -0.03030303030303028
 2362 0.03030303030303028
 8 0.09090909090909083
 2211 0.1515151515151514
 1687 0.2121212121212124
 2183 0.2727272727272729
 1599 0.3333333333333335
 621 0.393939393939394
 922 0.4545454545454546
 621 0.5151515151515151
 760 0.5757575757575757
 588 0.6363636363636367
 763 0.6969696969696972
 549 0.7575757575757578
 12 0.8181818181818183
 506 0.8787878787878789
 10 0.9393939393939394
 508 1
 12 1.060606060606061
 448 1.121212121212121
 7 1.181818181818182
 28 1.242424242424242
 89 1.303030303030303
 27 1.363636363636363
 91 1.424242424242425
 31 1.484848484848485
 84 1.545454545454546
 0 1.606060606060606
 0 1.666666666666667
 1 1.727272727272728
 38 1.787878787878788
 0 1.848484848484849
 24 1.909090909090909
 1 1.96969696969697
 0 2.03030303030303
 0 2.090909090909091
 0 2.151515151515151
 2 2.212121212121212
 0 2.272727272727272
 2 2.333333333333334
 7 2.393939393939394
 2 2.454545454545455
 2 2.515151515151516
 0 2.575757575757576
 0 2.636363636363637
 0 2.696969696969697
 0 2.757575757575758
 0 2.818181818181818
 0 2.878787878787879
 0 2.939393939393939
 0 3


