# Created by Octave 3.8.2, Sun Jun 21 06:06:28 2020 CEST <damian@fptrucha.inv.usc.es>
# name: hd
# type: matrix
# rows: 100
# columns: 2
 0 -3
 0 -2.939393939393939
 0 -2.878787878787879
 0 -2.818181818181818
 0 -2.757575757575758
 0 -2.696969696969697
 0 -2.636363636363636
 1 -2.575757575757576
 0 -2.515151515151515
 7 -2.454545454545455
 1 -2.393939393939394
 0 -2.333333333333333
 1 -2.272727272727272
 0 -2.212121212121212
 0 -2.151515151515151
 1 -2.090909090909091
 2 -2.03030303030303
 25 -1.96969696969697
 28 -1.909090909090909
 0 -1.848484848484848
 0 -1.787878787878788
 0 -1.727272727272727
 2 -1.666666666666667
 98 -1.606060606060606
 20 -1.545454545454545
 90 -1.484848484848485
 24 -1.424242424242424
 57 -1.363636363636364
 13 -1.303030303030303
 11 -1.242424242424242
 520 -1.181818181818182
 23 -1.121212121212121
 503 -1.060606060606061
 17 -1
 428 -0.9393939393939394
 11 -0.8787878787878789
 435 -0.8181818181818183
 950 -0.7575757575757573
 649 -0.6969696969696968
 1032 -0.6363636363636362
 627 -0.5757575757575757
 844 -0.5151515151515151
 561 -0.4545454545454546
 832 -0.393939393939394
 4254 -0.333333333333333
 528 -0.2727272727272725
 2841 -0.2121212121212119
 10 -0.1515151515151514
 2636 -0.09090909090909083
 7 -0.03030303030303028
 2519 0.03030303030303028
 9 0.09090909090909083
 2218 0.1515151515151514
 1681 0.2121212121212124
 2192 0.2727272727272729
 1601 0.3333333333333335
 644 0.393939393939394
 886 0.4545454545454546
 639 0.5151515151515151
 829 0.5757575757575757
 571 0.6363636363636367
 710 0.6969696969696972
 573 0.7575757575757578
 13 0.8181818181818183
 522 0.8787878787878789
 12 0.9393939393939394
 490 1
 10 1.060606060606061
 482 1.121212121212121
 12 1.181818181818182
 27 1.242424242424242
 83 1.303030303030303
 26 1.363636363636363
 104 1.424242424242425
 24 1.484848484848485
 94 1.545454545454546
 1 1.606060606060606
 0 1.666666666666667
 1 1.727272727272728
 23 1.787878787878788
 1 1.848484848484849
 31 1.909090909090909
 3 1.96969696969697
 2 2.03030303030303
 0 2.090909090909091
 0 2.151515151515151
 2 2.212121212121212
 0 2.272727272727272
 0 2.333333333333334
 3 2.393939393939394
 0 2.454545454545455
 1 2.515151515151516
 0 2.575757575757576
 0 2.636363636363637
 0 2.696969696969697
 0 2.757575757575758
 0 2.818181818181818
 0 2.878787878787879
 0 2.939393939393939
 0 3


