# Created by Octave 3.8.2, Mon Jun 22 11:50:28 2020 CEST <damian@fptrucha.inv.usc.es>
# name: hd
# type: matrix
# rows: 100
# columns: 2
 0 -3
 0 -2.939393939393939
 0 -2.878787878787879
 0 -2.818181818181818
 0 -2.757575757575758
 0 -2.696969696969697
 0 -2.636363636363636
 1 -2.575757575757576
 3 -2.515151515151515
 4 -2.454545454545455
 1 -2.393939393939394
 0 -2.333333333333333
 2 -2.272727272727272
 0 -2.212121212121212
 0 -2.151515151515151
 0 -2.090909090909091
 0 -2.03030303030303
 43 -1.96969696969697
 39 -1.909090909090909
 2 -1.848484848484848
 2 -1.787878787878788
 0 -1.727272727272727
 2 -1.666666666666667
 89 -1.606060606060606
 31 -1.545454545454545
 105 -1.484848484848485
 23 -1.424242424242424
 93 -1.363636363636364
 22 -1.303030303030303
 10 -1.242424242424242
 513 -1.181818181818182
 17 -1.121212121212121
 531 -1.060606060606061
 11 -1
 484 -0.9393939393939394
 16 -0.8787878787878789
 525 -0.8181818181818183
 850 -0.7575757575757573
 579 -0.6969696969696968
 962 -0.6363636363636362
 637 -0.5757575757575757
 869 -0.5151515151515151
 599 -0.4545454545454546
 908 -0.393939393939394
 3986 -0.333333333333333
 591 -0.2727272727272725
 2500 -0.2121212121212119
 10 -0.1515151515151514
 2576 -0.09090909090909083
 16 -0.03030303030303028
 2428 0.03030303030303028
 29 0.09090909090909083
 2274 0.1515151515151514
 1583 0.2121212121212124
 2265 0.2727272727272729
 1592 0.3333333333333335
 655 0.393939393939394
 921 0.4545454545454546
 658 0.5151515151515151
 799 0.5757575757575757
 660 0.6363636363636367
 834 0.6969696969696972
 550 0.7575757575757578
 10 0.8181818181818183
 563 0.8787878787878789
 11 0.9393939393939394
 525 1
 14 1.060606060606061
 520 1.121212121212121
 16 1.181818181818182
 31 1.242424242424242
 100 1.303030303030303
 32 1.363636363636363
 103 1.424242424242425
 37 1.484848484848485
 121 1.545454545454546
 1 1.606060606060606
 0 1.666666666666667
 0 1.727272727272728
 33 1.787878787878788
 2 1.848484848484849
 31 1.909090909090909
 2 1.96969696969697
 0 2.03030303030303
 0 2.090909090909091
 0 2.151515151515151
 3 2.212121212121212
 2 2.272727272727272
 1 2.333333333333334
 9 2.393939393939394
 0 2.454545454545455
 1 2.515151515151516
 0 2.575757575757576
 0 2.636363636363637
 0 2.696969696969697
 0 2.757575757575758
 0 2.818181818181818
 0 2.878787878787879
 0 2.939393939393939
 0 3


