# Created by Octave 3.8.2, Sat Jun 20 07:40:30 2020 CEST <damian@fptrucha.inv.usc.es>
# name: hd
# type: matrix
# rows: 100
# columns: 2
 0 -3
 0 -2.939393939393939
 0 -2.878787878787879
 0 -2.818181818181818
 0 -2.757575757575758
 0 -2.696969696969697
 0 -2.636363636363636
 2 -2.575757575757576
 0 -2.515151515151515
 4 -2.454545454545455
 2 -2.393939393939394
 1 -2.333333333333333
 1 -2.272727272727272
 0 -2.212121212121212
 0 -2.151515151515151
 0 -2.090909090909091
 4 -2.03030303030303
 37 -1.96969696969697
 46 -1.909090909090909
 2 -1.848484848484848
 1 -1.787878787878788
 0 -1.727272727272727
 2 -1.666666666666667
 114 -1.606060606060606
 29 -1.545454545454545
 112 -1.484848484848485
 26 -1.424242424242424
 106 -1.363636363636364
 26 -1.303030303030303
 10 -1.242424242424242
 721 -1.181818181818182
 16 -1.121212121212121
 624 -1.060606060606061
 12 -1
 548 -0.9393939393939394
 19 -0.8787878787878789
 548 -0.8181818181818183
 1207 -0.7575757575757573
 799 -0.6969696969696968
 1211 -0.6363636363636362
 781 -0.5757575757575757
 1033 -0.5151515151515151
 688 -0.4545454545454546
 1013 -0.393939393939394
 4849 -0.333333333333333
 593 -0.2727272727272725
 3280 -0.2121212121212119
 14 -0.1515151515151514
 3045 -0.09090909090909083
 11 -0.03030303030303028
 2854 0.03030303030303028
 8 0.09090909090909083
 2534 0.1515151515151514
 1975 0.2121212121212124
 2458 0.2727272727272729
 1807 0.3333333333333335
 671 0.393939393939394
 1071 0.4545454545454546
 732 0.5151515151515151
 898 0.5757575757575757
 660 0.6363636363636367
 810 0.6969696969696972
 599 0.7575757575757578
 7 0.8181818181818183
 562 0.8787878787878789
 13 0.9393939393939394
 551 1
 10 1.060606060606061
 506 1.121212121212121
 9 1.181818181818182
 34 1.242424242424242
 90 1.303030303030303
 26 1.363636363636363
 121 1.424242424242425
 36 1.484848484848485
 83 1.545454545454546
 0 1.606060606060606
 0 1.666666666666667
 1 1.727272727272728
 35 1.787878787878788
 0 1.848484848484849
 20 1.909090909090909
 4 1.96969696969697
 2 2.03030303030303
 0 2.090909090909091
 0 2.151515151515151
 1 2.212121212121212
 0 2.272727272727272
 1 2.333333333333334
 8 2.393939393939394
 0 2.454545454545455
 3 2.515151515151516
 0 2.575757575757576
 0 2.636363636363637
 0 2.696969696969697
 0 2.757575757575758
 0 2.818181818181818
 0 2.878787878787879
 0 2.939393939393939
 0 3


