# Created by Octave 3.8.2, Mon Jun 22 10:25:38 2020 CEST <damian@fptrucha.inv.usc.es>
# name: hd
# type: matrix
# rows: 100
# columns: 2
 0 -3
 0 -2.939393939393939
 0 -2.878787878787879
 0 -2.818181818181818
 0 -2.757575757575758
 0 -2.696969696969697
 0 -2.636363636363636
 1 -2.575757575757576
 0 -2.515151515151515
 8 -2.454545454545455
 0 -2.393939393939394
 2 -2.333333333333333
 1 -2.272727272727272
 0 -2.212121212121212
 0 -2.151515151515151
 1 -2.090909090909091
 9 -2.03030303030303
 34 -1.96969696969697
 29 -1.909090909090909
 1 -1.848484848484848
 0 -1.787878787878788
 0 -1.727272727272727
 3 -1.666666666666667
 108 -1.606060606060606
 29 -1.545454545454545
 100 -1.484848484848485
 24 -1.424242424242424
 108 -1.363636363636364
 28 -1.303030303030303
 17 -1.242424242424242
 512 -1.181818181818182
 15 -1.121212121212121
 494 -1.060606060606061
 14 -1
 477 -0.9393939393939394
 21 -0.8787878787878789
 476 -0.8181818181818183
 854 -0.7575757575757573
 626 -0.6969696969696968
 942 -0.6363636363636362
 611 -0.5757575757575757
 853 -0.5151515151515151
 578 -0.4545454545454546
 896 -0.393939393939394
 3977 -0.333333333333333
 555 -0.2727272727272725
 2564 -0.2121212121212119
 7 -0.1515151515151514
 2654 -0.09090909090909083
 12 -0.03030303030303028
 2597 0.03030303030303028
 19 0.09090909090909083
 2356 0.1515151515151514
 1613 0.2121212121212124
 2454 0.2727272727272729
 1603 0.3333333333333335
 646 0.393939393939394
 870 0.4545454545454546
 665 0.5151515151515151
 813 0.5757575757575757
 697 0.6363636363636367
 847 0.6969696969696972
 549 0.7575757575757578
 11 0.8181818181818183
 585 0.8787878787878789
 13 0.9393939393939394
 550 1
 9 1.060606060606061
 551 1.121212121212121
 7 1.181818181818182
 23 1.242424242424242
 107 1.303030303030303
 17 1.363636363636363
 114 1.424242424242425
 29 1.484848484848485
 94 1.545454545454546
 3 1.606060606060606
 0 1.666666666666667
 2 1.727272727272728
 43 1.787878787878788
 5 1.848484848484849
 37 1.909090909090909
 2 1.96969696969697
 2 2.03030303030303
 0 2.090909090909091
 0 2.151515151515151
 0 2.212121212121212
 0 2.272727272727272
 1 2.333333333333334
 7 2.393939393939394
 0 2.454545454545455
 1 2.515151515151516
 0 2.575757575757576
 0 2.636363636363637
 0 2.696969696969697
 0 2.757575757575758
 0 2.818181818181818
 0 2.878787878787879
 0 2.939393939393939
 0 3


