# Created by Octave 3.8.2, Mon Jun 22 21:13:08 2020 CEST <damian@fptrucha.inv.usc.es>
# name: hd
# type: matrix
# rows: 100
# columns: 2
 0 -3
 0 -2.939393939393939
 0 -2.878787878787879
 0 -2.818181818181818
 0 -2.757575757575758
 0 -2.696969696969697
 0 -2.636363636363636
 1 -2.575757575757576
 0 -2.515151515151515
 3 -2.454545454545455
 0 -2.393939393939394
 1 -2.333333333333333
 2 -2.272727272727272
 0 -2.212121212121212
 0 -2.151515151515151
 1 -2.090909090909091
 5 -2.03030303030303
 25 -1.96969696969697
 32 -1.909090909090909
 3 -1.848484848484848
 2 -1.787878787878788
 0 -1.727272727272727
 0 -1.666666666666667
 106 -1.606060606060606
 31 -1.545454545454545
 106 -1.484848484848485
 32 -1.424242424242424
 123 -1.363636363636364
 26 -1.303030303030303
 13 -1.242424242424242
 608 -1.181818181818182
 12 -1.121212121212121
 556 -1.060606060606061
 20 -1
 571 -0.9393939393939394
 27 -0.8787878787878789
 512 -0.8181818181818183
 1039 -0.7575757575757573
 623 -0.6969696969696968
 1142 -0.6363636363636362
 707 -0.5757575757575757
 932 -0.5151515151515151
 661 -0.4545454545454546
 972 -0.393939393939394
 4409 -0.333333333333333
 609 -0.2727272727272725
 2854 -0.2121212121212119
 10 -0.1515151515151514
 2803 -0.09090909090909083
 13 -0.03030303030303028
 2479 0.03030303030303028
 11 0.09090909090909083
 2426 0.1515151515151514
 1607 0.2121212121212124
 2461 0.2727272727272729
 1675 0.3333333333333335
 681 0.393939393939394
 903 0.4545454545454546
 703 0.5151515151515151
 863 0.5757575757575757
 658 0.6363636363636367
 852 0.6969696969696972
 558 0.7575757575757578
 18 0.8181818181818183
 581 0.8787878787878789
 13 0.9393939393939394
 548 1
 17 1.060606060606061
 516 1.121212121212121
 15 1.181818181818182
 30 1.242424242424242
 118 1.303030303030303
 28 1.363636363636363
 129 1.424242424242425
 28 1.484848484848485
 111 1.545454545454546
 2 1.606060606060606
 0 1.666666666666667
 0 1.727272727272728
 43 1.787878787878788
 3 1.848484848484849
 42 1.909090909090909
 1 1.96969696969697
 2 2.03030303030303
 0 2.090909090909091
 0 2.151515151515151
 1 2.212121212121212
 0 2.272727272727272
 4 2.333333333333334
 7 2.393939393939394
 1 2.454545454545455
 1 2.515151515151516
 0 2.575757575757576
 0 2.636363636363637
 0 2.696969696969697
 0 2.757575757575758
 0 2.818181818181818
 0 2.878787878787879
 0 2.939393939393939
 0 3


