# Created by Octave 3.8.2, Sat Jun 20 06:05:25 2020 CEST <damian@fptrucha.inv.usc.es>
# name: hd
# type: matrix
# rows: 100
# columns: 2
 0 -3
 0 -2.939393939393939
 0 -2.878787878787879
 0 -2.818181818181818
 0 -2.757575757575758
 0 -2.696969696969697
 0 -2.636363636363636
 3 -2.575757575757576
 0 -2.515151515151515
 5 -2.454545454545455
 3 -2.393939393939394
 0 -2.333333333333333
 0 -2.272727272727272
 0 -2.212121212121212
 0 -2.151515151515151
 3 -2.090909090909091
 4 -2.03030303030303
 27 -1.96969696969697
 32 -1.909090909090909
 3 -1.848484848484848
 2 -1.787878787878788
 0 -1.727272727272727
 2 -1.666666666666667
 131 -1.606060606060606
 25 -1.545454545454545
 104 -1.484848484848485
 26 -1.424242424242424
 96 -1.363636363636364
 15 -1.303030303030303
 12 -1.242424242424242
 654 -1.181818181818182
 18 -1.121212121212121
 632 -1.060606060606061
 18 -1
 555 -0.9393939393939394
 14 -0.8787878787878789
 529 -0.8181818181818183
 1176 -0.7575757575757573
 805 -0.6969696969696968
 1233 -0.6363636363636362
 775 -0.5757575757575757
 1025 -0.5151515151515151
 659 -0.4545454545454546
 1041 -0.393939393939394
 4829 -0.333333333333333
 639 -0.2727272727272725
 3205 -0.2121212121212119
 14 -0.1515151515151514
 2958 -0.09090909090909083
 7 -0.03030303030303028
 2701 0.03030303030303028
 18 0.09090909090909083
 2494 0.1515151515151514
 1800 0.2121212121212124
 2439 0.2727272727272729
 1750 0.3333333333333335
 711 0.393939393939394
 990 0.4545454545454546
 678 0.5151515151515151
 879 0.5757575757575757
 617 0.6363636363636367
 804 0.6969696969696972
 589 0.7575757575757578
 18 0.8181818181818183
 565 0.8787878787878789
 11 0.9393939393939394
 539 1
 12 1.060606060606061
 534 1.121212121212121
 16 1.181818181818182
 27 1.242424242424242
 112 1.303030303030303
 24 1.363636363636363
 99 1.424242424242425
 24 1.484848484848485
 74 1.545454545454546
 3 1.606060606060606
 0 1.666666666666667
 2 1.727272727272728
 31 1.787878787878788
 4 1.848484848484849
 26 1.909090909090909
 4 1.96969696969697
 0 2.03030303030303
 0 2.090909090909091
 0 2.151515151515151
 1 2.212121212121212
 2 2.272727272727272
 1 2.333333333333334
 6 2.393939393939394
 0 2.454545454545455
 1 2.515151515151516
 0 2.575757575757576
 0 2.636363636363637
 0 2.696969696969697
 0 2.757575757575758
 0 2.818181818181818
 0 2.878787878787879
 0 2.939393939393939
 0 3


