# Created by Octave 3.8.2, Sun Jun 21 07:57:15 2020 CEST <damian@fptrucha.inv.usc.es>
# name: hd
# type: matrix
# rows: 100
# columns: 2
 0 -3
 0 -2.939393939393939
 0 -2.878787878787879
 0 -2.818181818181818
 0 -2.757575757575758
 0 -2.696969696969697
 0 -2.636363636363636
 1 -2.575757575757576
 0 -2.515151515151515
 2 -2.454545454545455
 0 -2.393939393939394
 0 -2.333333333333333
 1 -2.272727272727272
 0 -2.212121212121212
 0 -2.151515151515151
 0 -2.090909090909091
 3 -2.03030303030303
 20 -1.96969696969697
 23 -1.909090909090909
 2 -1.848484848484848
 3 -1.787878787878788
 0 -1.727272727272727
 2 -1.666666666666667
 93 -1.606060606060606
 26 -1.545454545454545
 87 -1.484848484848485
 25 -1.424242424242424
 63 -1.363636363636364
 13 -1.303030303030303
 9 -1.242424242424242
 535 -1.181818181818182
 15 -1.121212121212121
 488 -1.060606060606061
 10 -1
 447 -0.9393939393939394
 12 -0.8787878787878789
 420 -0.8181818181818183
 936 -0.7575757575757573
 648 -0.6969696969696968
 1009 -0.6363636363636362
 585 -0.5757575757575757
 861 -0.5151515151515151
 530 -0.4545454545454546
 841 -0.393939393939394
 4037 -0.333333333333333
 534 -0.2727272727272725
 2898 -0.2121212121212119
 12 -0.1515151515151514
 2572 -0.09090909090909083
 6 -0.03030303030303028
 2476 0.03030303030303028
 9 0.09090909090909083
 2133 0.1515151515151514
 1604 0.2121212121212124
 2100 0.2727272727272729
 1544 0.3333333333333335
 643 0.393939393939394
 865 0.4545454545454546
 626 0.5151515151515151
 808 0.5757575757575757
 508 0.6363636363636367
 794 0.6969696969696972
 596 0.7575757575757578
 17 0.8181818181818183
 524 0.8787878787878789
 9 0.9393939393939394
 539 1
 4 1.060606060606061
 471 1.121212121212121
 11 1.181818181818182
 19 1.242424242424242
 87 1.303030303030303
 25 1.363636363636363
 90 1.424242424242425
 23 1.484848484848485
 83 1.545454545454546
 2 1.606060606060606
 0 1.666666666666667
 2 1.727272727272728
 28 1.787878787878788
 2 1.848484848484849
 21 1.909090909090909
 3 1.96969696969697
 0 2.03030303030303
 0 2.090909090909091
 0 2.151515151515151
 0 2.212121212121212
 1 2.272727272727272
 0 2.333333333333334
 5 2.393939393939394
 1 2.454545454545455
 1 2.515151515151516
 0 2.575757575757576
 0 2.636363636363637
 0 2.696969696969697
 0 2.757575757575758
 0 2.818181818181818
 0 2.878787878787879
 0 2.939393939393939
 0 3


