# Created by Octave 3.8.2, Sat Jun 20 12:21:54 2020 CEST <damian@fptrucha.inv.usc.es>
# name: hd
# type: matrix
# rows: 100
# columns: 2
 0 -3
 0 -2.939393939393939
 0 -2.878787878787879
 0 -2.818181818181818
 0 -2.757575757575758
 0 -2.696969696969697
 0 -2.636363636363636
 2 -2.575757575757576
 1 -2.515151515151515
 6 -2.454545454545455
 1 -2.393939393939394
 0 -2.333333333333333
 3 -2.272727272727272
 0 -2.212121212121212
 0 -2.151515151515151
 1 -2.090909090909091
 2 -2.03030303030303
 30 -1.96969696969697
 25 -1.909090909090909
 1 -1.848484848484848
 1 -1.787878787878788
 0 -1.727272727272727
 2 -1.666666666666667
 88 -1.606060606060606
 31 -1.545454545454545
 91 -1.484848484848485
 22 -1.424242424242424
 89 -1.363636363636364
 22 -1.303030303030303
 14 -1.242424242424242
 545 -1.181818181818182
 12 -1.121212121212121
 535 -1.060606060606061
 11 -1
 489 -0.9393939393939394
 14 -0.8787878787878789
 464 -0.8181818181818183
 1077 -0.7575757575757573
 680 -0.6969696969696968
 1059 -0.6363636363636362
 684 -0.5757575757575757
 1011 -0.5151515151515151
 600 -0.4545454545454546
 949 -0.393939393939394
 4486 -0.333333333333333
 599 -0.2727272727272725
 3091 -0.2121212121212119
 8 -0.1515151515151514
 2868 -0.09090909090909083
 7 -0.03030303030303028
 2752 0.03030303030303028
 9 0.09090909090909083
 2473 0.1515151515151514
 1957 0.2121212121212124
 2492 0.2727272727272729
 1876 0.3333333333333335
 728 0.393939393939394
 975 0.4545454545454546
 697 0.5151515151515151
 919 0.5757575757575757
 654 0.6363636363636367
 864 0.6969696969696972
 666 0.7575757575757578
 14 0.8181818181818183
 614 0.8787878787878789
 12 0.9393939393939394
 594 1
 7 1.060606060606061
 559 1.121212121212121
 13 1.181818181818182
 30 1.242424242424242
 127 1.303030303030303
 27 1.363636363636363
 112 1.424242424242425
 34 1.484848484848485
 95 1.545454545454546
 2 1.606060606060606
 0 1.666666666666667
 0 1.727272727272728
 29 1.787878787878788
 3 1.848484848484849
 38 1.909090909090909
 3 1.96969696969697
 2 2.03030303030303
 0 2.090909090909091
 0 2.151515151515151
 0 2.212121212121212
 0 2.272727272727272
 0 2.333333333333334
 8 2.393939393939394
 1 2.454545454545455
 1 2.515151515151516
 0 2.575757575757576
 0 2.636363636363637
 0 2.696969696969697
 0 2.757575757575758
 0 2.818181818181818
 0 2.878787878787879
 0 2.939393939393939
 0 3


