# Created by Octave 3.8.2, Sat Jun 20 11:08:30 2020 CEST <damian@fptrucha.inv.usc.es>
# name: hd
# type: matrix
# rows: 100
# columns: 2
 0 -3
 0 -2.939393939393939
 0 -2.878787878787879
 0 -2.818181818181818
 0 -2.757575757575758
 0 -2.696969696969697
 0 -2.636363636363636
 2 -2.575757575757576
 0 -2.515151515151515
 0 -2.454545454545455
 0 -2.393939393939394
 1 -2.333333333333333
 1 -2.272727272727272
 0 -2.212121212121212
 0 -2.151515151515151
 1 -2.090909090909091
 6 -2.03030303030303
 26 -1.96969696969697
 25 -1.909090909090909
 1 -1.848484848484848
 4 -1.787878787878788
 0 -1.727272727272727
 2 -1.666666666666667
 102 -1.606060606060606
 24 -1.545454545454545
 94 -1.484848484848485
 17 -1.424242424242424
 80 -1.363636363636364
 13 -1.303030303030303
 9 -1.242424242424242
 570 -1.181818181818182
 17 -1.121212121212121
 540 -1.060606060606061
 19 -1
 438 -0.9393939393939394
 12 -0.8787878787878789
 441 -0.8181818181818183
 1119 -0.7575757575757573
 731 -0.6969696969696968
 1129 -0.6363636363636362
 699 -0.5757575757575757
 957 -0.5151515151515151
 600 -0.4545454545454546
 906 -0.393939393939394
 4555 -0.333333333333333
 587 -0.2727272727272725
 3088 -0.2121212121212119
 12 -0.1515151515151514
 2903 -0.09090909090909083
 8 -0.03030303030303028
 2751 0.03030303030303028
 9 0.09090909090909083
 2415 0.1515151515151514
 1934 0.2121212121212124
 2458 0.2727272727272729
 1899 0.3333333333333335
 703 0.393939393939394
 1049 0.4545454545454546
 721 0.5151515151515151
 954 0.5757575757575757
 650 0.6363636363636367
 816 0.6969696969696972
 630 0.7575757575757578
 14 0.8181818181818183
 659 0.8787878787878789
 15 0.9393939393939394
 560 1
 11 1.060606060606061
 552 1.121212121212121
 10 1.181818181818182
 44 1.242424242424242
 140 1.303030303030303
 42 1.363636363636363
 136 1.424242424242425
 23 1.484848484848485
 106 1.545454545454546
 1 1.606060606060606
 0 1.666666666666667
 1 1.727272727272728
 49 1.787878787878788
 6 1.848484848484849
 25 1.909090909090909
 2 1.96969696969697
 0 2.03030303030303
 0 2.090909090909091
 0 2.151515151515151
 1 2.212121212121212
 0 2.272727272727272
 3 2.333333333333334
 6 2.393939393939394
 0 2.454545454545455
 1 2.515151515151516
 0 2.575757575757576
 0 2.636363636363637
 0 2.696969696969697
 0 2.757575757575758
 0 2.818181818181818
 0 2.878787878787879
 0 2.939393939393939
 0 3


