# Created by Octave 3.8.2, Sat Jun 20 02:46:11 2020 CEST <damian@fptrucha.inv.usc.es>
# name: hd
# type: matrix
# rows: 100
# columns: 2
 0 -3
 0 -2.939393939393939
 0 -2.878787878787879
 0 -2.818181818181818
 0 -2.757575757575758
 0 -2.696969696969697
 0 -2.636363636363636
 1 -2.575757575757576
 0 -2.515151515151515
 3 -2.454545454545455
 1 -2.393939393939394
 0 -2.333333333333333
 2 -2.272727272727272
 0 -2.212121212121212
 0 -2.151515151515151
 1 -2.090909090909091
 5 -2.03030303030303
 24 -1.96969696969697
 33 -1.909090909090909
 3 -1.848484848484848
 0 -1.787878787878788
 0 -1.727272727272727
 0 -1.666666666666667
 113 -1.606060606060606
 27 -1.545454545454545
 99 -1.484848484848485
 29 -1.424242424242424
 109 -1.363636363636364
 20 -1.303030303030303
 16 -1.242424242424242
 641 -1.181818181818182
 20 -1.121212121212121
 639 -1.060606060606061
 12 -1
 544 -0.9393939393939394
 16 -0.8787878787878789
 515 -0.8181818181818183
 1085 -0.7575757575757573
 708 -0.6969696969696968
 1220 -0.6363636363636362
 736 -0.5757575757575757
 1063 -0.5151515151515151
 667 -0.4545454545454546
 982 -0.393939393939394
 4614 -0.333333333333333
 609 -0.2727272727272725
 3123 -0.2121212121212119
 8 -0.1515151515151514
 2778 -0.09090909090909083
 6 -0.03030303030303028
 2763 0.03030303030303028
 11 0.09090909090909083
 2422 0.1515151515151514
 1833 0.2121212121212124
 2484 0.2727272727272729
 1727 0.3333333333333335
 650 0.393939393939394
 932 0.4545454545454546
 703 0.5151515151515151
 798 0.5757575757575757
 586 0.6363636363636367
 782 0.6969696969696972
 554 0.7575757575757578
 11 0.8181818181818183
 538 0.8787878787878789
 11 0.9393939393939394
 475 1
 6 1.060606060606061
 459 1.121212121212121
 8 1.181818181818182
 23 1.242424242424242
 112 1.303030303030303
 22 1.363636363636363
 91 1.424242424242425
 23 1.484848484848485
 84 1.545454545454546
 4 1.606060606060606
 0 1.666666666666667
 2 1.727272727272728
 33 1.787878787878788
 3 1.848484848484849
 28 1.909090909090909
 6 1.96969696969697
 0 2.03030303030303
 0 2.090909090909091
 0 2.151515151515151
 1 2.212121212121212
 0 2.272727272727272
 0 2.333333333333334
 7 2.393939393939394
 0 2.454545454545455
 2 2.515151515151516
 0 2.575757575757576
 0 2.636363636363637
 0 2.696969696969697
 0 2.757575757575758
 0 2.818181818181818
 0 2.878787878787879
 0 2.939393939393939
 0 3


