# Created by Octave 3.8.2, Sat Jun 20 03:34:48 2020 CEST <damian@fptrucha.inv.usc.es>
# name: hd
# type: matrix
# rows: 100
# columns: 2
 0 -3
 0 -2.939393939393939
 0 -2.878787878787879
 0 -2.818181818181818
 0 -2.757575757575758
 0 -2.696969696969697
 0 -2.636363636363636
 0 -2.575757575757576
 0 -2.515151515151515
 6 -2.454545454545455
 2 -2.393939393939394
 3 -2.333333333333333
 1 -2.272727272727272
 0 -2.212121212121212
 0 -2.151515151515151
 1 -2.090909090909091
 3 -2.03030303030303
 18 -1.96969696969697
 30 -1.909090909090909
 1 -1.848484848484848
 1 -1.787878787878788
 0 -1.727272727272727
 1 -1.666666666666667
 103 -1.606060606060606
 28 -1.545454545454545
 107 -1.484848484848485
 22 -1.424242424242424
 97 -1.363636363636364
 21 -1.303030303030303
 15 -1.242424242424242
 628 -1.181818181818182
 19 -1.121212121212121
 596 -1.060606060606061
 11 -1
 513 -0.9393939393939394
 18 -0.8787878787878789
 500 -0.8181818181818183
 1069 -0.7575757575757573
 718 -0.6969696969696968
 1216 -0.6363636363636362
 685 -0.5757575757575757
 968 -0.5151515151515151
 616 -0.4545454545454546
 925 -0.393939393939394
 4526 -0.333333333333333
 606 -0.2727272727272725
 3124 -0.2121212121212119
 11 -0.1515151515151514
 2855 -0.09090909090909083
 7 -0.03030303030303028
 2814 0.03030303030303028
 8 0.09090909090909083
 2470 0.1515151515151514
 1849 0.2121212121212124
 2428 0.2727272727272729
 1746 0.3333333333333335
 661 0.393939393939394
 933 0.4545454545454546
 716 0.5151515151515151
 862 0.5757575757575757
 634 0.6363636363636367
 817 0.6969696969696972
 595 0.7575757575757578
 13 0.8181818181818183
 570 0.8787878787878789
 19 0.9393939393939394
 512 1
 8 1.060606060606061
 557 1.121212121212121
 9 1.181818181818182
 25 1.242424242424242
 115 1.303030303030303
 25 1.363636363636363
 95 1.424242424242425
 35 1.484848484848485
 93 1.545454545454546
 4 1.606060606060606
 0 1.666666666666667
 1 1.727272727272728
 20 1.787878787878788
 1 1.848484848484849
 30 1.909090909090909
 6 1.96969696969697
 1 2.03030303030303
 0 2.090909090909091
 0 2.151515151515151
 1 2.212121212121212
 1 2.272727272727272
 1 2.333333333333334
 1 2.393939393939394
 0 2.454545454545455
 2 2.515151515151516
 0 2.575757575757576
 0 2.636363636363637
 0 2.696969696969697
 0 2.757575757575758
 0 2.818181818181818
 0 2.878787878787879
 0 2.939393939393939
 0 3


