# Created by Octave 3.8.2, Sat Jun 20 15:05:32 2020 CEST <damian@fptrucha.inv.usc.es>
# name: hd
# type: matrix
# rows: 100
# columns: 2
 0 -3
 0 -2.939393939393939
 0 -2.878787878787879
 0 -2.818181818181818
 0 -2.757575757575758
 0 -2.696969696969697
 0 -2.636363636363636
 1 -2.575757575757576
 1 -2.515151515151515
 2 -2.454545454545455
 0 -2.393939393939394
 1 -2.333333333333333
 0 -2.272727272727272
 0 -2.212121212121212
 0 -2.151515151515151
 2 -2.090909090909091
 3 -2.03030303030303
 18 -1.96969696969697
 31 -1.909090909090909
 0 -1.848484848484848
 0 -1.787878787878788
 0 -1.727272727272727
 3 -1.666666666666667
 95 -1.606060606060606
 23 -1.545454545454545
 88 -1.484848484848485
 23 -1.424242424242424
 83 -1.363636363636364
 8 -1.303030303030303
 12 -1.242424242424242
 544 -1.181818181818182
 15 -1.121212121212121
 550 -1.060606060606061
 7 -1
 449 -0.9393939393939394
 19 -0.8787878787878789
 445 -0.8181818181818183
 999 -0.7575757575757573
 667 -0.6969696969696968
 1034 -0.6363636363636362
 694 -0.5757575757575757
 912 -0.5151515151515151
 607 -0.4545454545454546
 870 -0.393939393939394
 4310 -0.333333333333333
 551 -0.2727272727272725
 2910 -0.2121212121212119
 5 -0.1515151515151514
 2707 -0.09090909090909083
 5 -0.03030303030303028
 2678 0.03030303030303028
 10 0.09090909090909083
 2397 0.1515151515151514
 1881 0.2121212121212124
 2386 0.2727272727272729
 1743 0.3333333333333335
 699 0.393939393939394
 947 0.4545454545454546
 641 0.5151515151515151
 800 0.5757575757575757
 626 0.6363636363636367
 770 0.6969696969696972
 619 0.7575757575757578
 6 0.8181818181818183
 603 0.8787878787878789
 13 0.9393939393939394
 639 1
 21 1.060606060606061
 534 1.121212121212121
 13 1.181818181818182
 20 1.242424242424242
 109 1.303030303030303
 25 1.363636363636363
 102 1.424242424242425
 29 1.484848484848485
 93 1.545454545454546
 4 1.606060606060606
 0 1.666666666666667
 1 1.727272727272728
 29 1.787878787878788
 5 1.848484848484849
 32 1.909090909090909
 2 1.96969696969697
 0 2.03030303030303
 0 2.090909090909091
 0 2.151515151515151
 0 2.212121212121212
 0 2.272727272727272
 0 2.333333333333334
 5 2.393939393939394
 1 2.454545454545455
 2 2.515151515151516
 0 2.575757575757576
 0 2.636363636363637
 0 2.696969696969697
 0 2.757575757575758
 0 2.818181818181818
 0 2.878787878787879
 0 2.939393939393939
 0 3


