# Created by Octave 3.8.2, Mon Jun 22 09:26:06 2020 CEST <damian@fptrucha.inv.usc.es>
# name: hd
# type: matrix
# rows: 100
# columns: 2
 0 -3
 0 -2.939393939393939
 0 -2.878787878787879
 0 -2.818181818181818
 0 -2.757575757575758
 0 -2.696969696969697
 0 -2.636363636363636
 1 -2.575757575757576
 1 -2.515151515151515
 4 -2.454545454545455
 1 -2.393939393939394
 0 -2.333333333333333
 1 -2.272727272727272
 0 -2.212121212121212
 0 -2.151515151515151
 1 -2.090909090909091
 4 -2.03030303030303
 37 -1.96969696969697
 35 -1.909090909090909
 2 -1.848484848484848
 3 -1.787878787878788
 0 -1.727272727272727
 1 -1.666666666666667
 104 -1.606060606060606
 32 -1.545454545454545
 95 -1.484848484848485
 26 -1.424242424242424
 105 -1.363636363636364
 21 -1.303030303030303
 13 -1.242424242424242
 514 -1.181818181818182
 16 -1.121212121212121
 518 -1.060606060606061
 18 -1
 510 -0.9393939393939394
 27 -0.8787878787878789
 500 -0.8181818181818183
 875 -0.7575757575757573
 590 -0.6969696969696968
 937 -0.6363636363636362
 624 -0.5757575757575757
 870 -0.5151515151515151
 597 -0.4545454545454546
 940 -0.393939393939394
 3984 -0.333333333333333
 562 -0.2727272727272725
 2501 -0.2121212121212119
 10 -0.1515151515151514
 2537 -0.09090909090909083
 22 -0.03030303030303028
 2417 0.03030303030303028
 14 0.09090909090909083
 2228 0.1515151515151514
 1489 0.2121212121212124
 2342 0.2727272727272729
 1451 0.3333333333333335
 640 0.393939393939394
 863 0.4545454545454546
 637 0.5151515151515151
 834 0.5757575757575757
 636 0.6363636363636367
 813 0.6969696969696972
 530 0.7575757575757578
 9 0.8181818181818183
 550 0.8787878787878789
 11 0.9393939393939394
 532 1
 16 1.060606060606061
 557 1.121212121212121
 14 1.181818181818182
 30 1.242424242424242
 109 1.303030303030303
 20 1.363636363636363
 92 1.424242424242425
 41 1.484848484848485
 99 1.545454545454546
 2 1.606060606060606
 0 1.666666666666667
 1 1.727272727272728
 32 1.787878787878788
 1 1.848484848484849
 39 1.909090909090909
 7 1.96969696969697
 1 2.03030303030303
 0 2.090909090909091
 0 2.151515151515151
 2 2.212121212121212
 1 2.272727272727272
 3 2.333333333333334
 7 2.393939393939394
 0 2.454545454545455
 1 2.515151515151516
 0 2.575757575757576
 0 2.636363636363637
 0 2.696969696969697
 0 2.757575757575758
 0 2.818181818181818
 0 2.878787878787879
 0 2.939393939393939
 0 3


