# Created by Octave 3.8.2, Sun Jun 21 03:27:50 2020 CEST <damian@fptrucha.inv.usc.es>
# name: hd
# type: matrix
# rows: 100
# columns: 2
 0 -3
 0 -2.939393939393939
 0 -2.878787878787879
 0 -2.818181818181818
 0 -2.757575757575758
 0 -2.696969696969697
 0 -2.636363636363636
 3 -2.575757575757576
 1 -2.515151515151515
 1 -2.454545454545455
 1 -2.393939393939394
 0 -2.333333333333333
 1 -2.272727272727272
 0 -2.212121212121212
 0 -2.151515151515151
 2 -2.090909090909091
 5 -2.03030303030303
 24 -1.96969696969697
 22 -1.909090909090909
 3 -1.848484848484848
 1 -1.787878787878788
 0 -1.727272727272727
 4 -1.666666666666667
 94 -1.606060606060606
 20 -1.545454545454545
 91 -1.484848484848485
 23 -1.424242424242424
 92 -1.363636363636364
 12 -1.303030303030303
 10 -1.242424242424242
 550 -1.181818181818182
 10 -1.121212121212121
 509 -1.060606060606061
 6 -1
 453 -0.9393939393939394
 9 -0.8787878787878789
 428 -0.8181818181818183
 948 -0.7575757575757573
 582 -0.6969696969696968
 1027 -0.6363636363636362
 633 -0.5757575757575757
 848 -0.5151515151515151
 577 -0.4545454545454546
 808 -0.393939393939394
 4206 -0.333333333333333
 544 -0.2727272727272725
 2897 -0.2121212121212119
 6 -0.1515151515151514
 2711 -0.09090909090909083
 6 -0.03030303030303028
 2456 0.03030303030303028
 11 0.09090909090909083
 2186 0.1515151515151514
 1691 0.2121212121212124
 2231 0.2727272727272729
 1639 0.3333333333333335
 607 0.393939393939394
 890 0.4545454545454546
 643 0.5151515151515151
 854 0.5757575757575757
 552 0.6363636363636367
 760 0.6969696969696972
 551 0.7575757575757578
 13 0.8181818181818183
 541 0.8787878787878789
 10 0.9393939393939394
 490 1
 12 1.060606060606061
 500 1.121212121212121
 10 1.181818181818182
 32 1.242424242424242
 90 1.303030303030303
 24 1.363636363636363
 97 1.424242424242425
 28 1.484848484848485
 97 1.545454545454546
 0 1.606060606060606
 0 1.666666666666667
 2 1.727272727272728
 29 1.787878787878788
 4 1.848484848484849
 32 1.909090909090909
 4 1.96969696969697
 1 2.03030303030303
 0 2.090909090909091
 0 2.151515151515151
 2 2.212121212121212
 0 2.272727272727272
 3 2.333333333333334
 2 2.393939393939394
 0 2.454545454545455
 1 2.515151515151516
 0 2.575757575757576
 0 2.636363636363637
 0 2.696969696969697
 0 2.757575757575758
 0 2.818181818181818
 0 2.878787878787879
 0 2.939393939393939
 0 3


