# Created by Octave 3.8.2, Sat Jun 20 21:15:58 2020 CEST <damian@fptrucha.inv.usc.es>
# name: hd
# type: matrix
# rows: 100
# columns: 2
 0 -3
 0 -2.939393939393939
 0 -2.878787878787879
 0 -2.818181818181818
 0 -2.757575757575758
 0 -2.696969696969697
 0 -2.636363636363636
 1 -2.575757575757576
 1 -2.515151515151515
 2 -2.454545454545455
 2 -2.393939393939394
 1 -2.333333333333333
 0 -2.272727272727272
 0 -2.212121212121212
 0 -2.151515151515151
 1 -2.090909090909091
 4 -2.03030303030303
 18 -1.96969696969697
 30 -1.909090909090909
 1 -1.848484848484848
 1 -1.787878787878788
 0 -1.727272727272727
 0 -1.666666666666667
 92 -1.606060606060606
 20 -1.545454545454545
 82 -1.484848484848485
 18 -1.424242424242424
 70 -1.363636363636364
 12 -1.303030303030303
 10 -1.242424242424242
 509 -1.181818181818182
 17 -1.121212121212121
 475 -1.060606060606061
 11 -1
 429 -0.9393939393939394
 12 -0.8787878787878789
 458 -0.8181818181818183
 980 -0.7575757575757573
 631 -0.6969696969696968
 962 -0.6363636363636362
 620 -0.5757575757575757
 854 -0.5151515151515151
 559 -0.4545454545454546
 799 -0.393939393939394
 4040 -0.333333333333333
 522 -0.2727272727272725
 2795 -0.2121212121212119
 6 -0.1515151515151514
 2625 -0.09090909090909083
 7 -0.03030303030303028
 2442 0.03030303030303028
 11 0.09090909090909083
 2171 0.1515151515151514
 1717 0.2121212121212124
 2195 0.2727272727272729
 1698 0.3333333333333335
 647 0.393939393939394
 909 0.4545454545454546
 642 0.5151515151515151
 802 0.5757575757575757
 585 0.6363636363636367
 778 0.6969696969696972
 596 0.7575757575757578
 9 0.8181818181818183
 527 0.8787878787878789
 12 0.9393939393939394
 517 1
 10 1.060606060606061
 481 1.121212121212121
 13 1.181818181818182
 26 1.242424242424242
 99 1.303030303030303
 32 1.363636363636363
 107 1.424242424242425
 28 1.484848484848485
 79 1.545454545454546
 2 1.606060606060606
 0 1.666666666666667
 2 1.727272727272728
 34 1.787878787878788
 4 1.848484848484849
 39 1.909090909090909
 9 1.96969696969697
 0 2.03030303030303
 0 2.090909090909091
 0 2.151515151515151
 3 2.212121212121212
 0 2.272727272727272
 0 2.333333333333334
 4 2.393939393939394
 0 2.454545454545455
 0 2.515151515151516
 0 2.575757575757576
 0 2.636363636363637
 0 2.696969696969697
 0 2.757575757575758
 0 2.818181818181818
 0 2.878787878787879
 0 2.939393939393939
 0 3


