# Created by Octave 3.8.2, Sun Jun 21 05:26:03 2020 CEST <damian@fptrucha.inv.usc.es>
# name: hd
# type: matrix
# rows: 100
# columns: 2
 0 -3
 0 -2.939393939393939
 0 -2.878787878787879
 0 -2.818181818181818
 0 -2.757575757575758
 0 -2.696969696969697
 0 -2.636363636363636
 1 -2.575757575757576
 0 -2.515151515151515
 5 -2.454545454545455
 0 -2.393939393939394
 0 -2.333333333333333
 1 -2.272727272727272
 0 -2.212121212121212
 0 -2.151515151515151
 1 -2.090909090909091
 3 -2.03030303030303
 19 -1.96969696969697
 30 -1.909090909090909
 2 -1.848484848484848
 1 -1.787878787878788
 0 -1.727272727272727
 3 -1.666666666666667
 108 -1.606060606060606
 22 -1.545454545454545
 90 -1.484848484848485
 19 -1.424242424242424
 72 -1.363636363636364
 12 -1.303030303030303
 9 -1.242424242424242
 540 -1.181818181818182
 13 -1.121212121212121
 498 -1.060606060606061
 11 -1
 457 -0.9393939393939394
 23 -0.8787878787878789
 434 -0.8181818181818183
 948 -0.7575757575757573
 651 -0.6969696969696968
 940 -0.6363636363636362
 610 -0.5757575757575757
 865 -0.5151515151515151
 524 -0.4545454545454546
 794 -0.393939393939394
 4117 -0.333333333333333
 527 -0.2727272727272725
 2815 -0.2121212121212119
 11 -0.1515151515151514
 2564 -0.09090909090909083
 5 -0.03030303030303028
 2431 0.03030303030303028
 11 0.09090909090909083
 2082 0.1515151515151514
 1705 0.2121212121212124
 2234 0.2727272727272729
 1614 0.3333333333333335
 642 0.393939393939394
 830 0.4545454545454546
 601 0.5151515151515151
 799 0.5757575757575757
 528 0.6363636363636367
 764 0.6969696969696972
 548 0.7575757575757578
 11 0.8181818181818183
 544 0.8787878787878789
 8 0.9393939393939394
 527 1
 10 1.060606060606061
 480 1.121212121212121
 9 1.181818181818182
 24 1.242424242424242
 90 1.303030303030303
 23 1.363636363636363
 84 1.424242424242425
 24 1.484848484848485
 88 1.545454545454546
 1 1.606060606060606
 0 1.666666666666667
 2 1.727272727272728
 25 1.787878787878788
 3 1.848484848484849
 17 1.909090909090909
 5 1.96969696969697
 1 2.03030303030303
 0 2.090909090909091
 0 2.151515151515151
 1 2.212121212121212
 0 2.272727272727272
 1 2.333333333333334
 6 2.393939393939394
 1 2.454545454545455
 3 2.515151515151516
 0 2.575757575757576
 0 2.636363636363637
 0 2.696969696969697
 0 2.757575757575758
 0 2.818181818181818
 0 2.878787878787879
 0 2.939393939393939
 0 3


