# Created by Octave 3.8.2, Sat Jun 20 02:33:44 2020 CEST <damian@fptrucha.inv.usc.es>
# name: hd
# type: matrix
# rows: 100
# columns: 2
 0 -3
 0 -2.939393939393939
 0 -2.878787878787879
 0 -2.818181818181818
 0 -2.757575757575758
 0 -2.696969696969697
 0 -2.636363636363636
 0 -2.575757575757576
 0 -2.515151515151515
 3 -2.454545454545455
 0 -2.393939393939394
 1 -2.333333333333333
 2 -2.272727272727272
 0 -2.212121212121212
 0 -2.151515151515151
 1 -2.090909090909091
 6 -2.03030303030303
 31 -1.96969696969697
 38 -1.909090909090909
 2 -1.848484848484848
 2 -1.787878787878788
 0 -1.727272727272727
 2 -1.666666666666667
 137 -1.606060606060606
 33 -1.545454545454545
 102 -1.484848484848485
 34 -1.424242424242424
 96 -1.363636363636364
 18 -1.303030303030303
 12 -1.242424242424242
 648 -1.181818181818182
 14 -1.121212121212121
 640 -1.060606060606061
 12 -1
 544 -0.9393939393939394
 16 -0.8787878787878789
 540 -0.8181818181818183
 1106 -0.7575757575757573
 732 -0.6969696969696968
 1208 -0.6363636363636362
 750 -0.5757575757575757
 1015 -0.5151515151515151
 600 -0.4545454545454546
 981 -0.393939393939394
 4543 -0.333333333333333
 608 -0.2727272727272725
 3154 -0.2121212121212119
 10 -0.1515151515151514
 2859 -0.09090909090909083
 12 -0.03030303030303028
 2870 0.03030303030303028
 14 0.09090909090909083
 2478 0.1515151515151514
 1654 0.2121212121212124
 2410 0.2727272727272729
 1564 0.3333333333333335
 632 0.393939393939394
 864 0.4545454545454546
 695 0.5151515151515151
 833 0.5757575757575757
 574 0.6363636363636367
 775 0.6969696969696972
 597 0.7575757575757578
 10 0.8181818181818183
 518 0.8787878787878789
 21 0.9393939393939394
 507 1
 11 1.060606060606061
 446 1.121212121212121
 12 1.181818181818182
 25 1.242424242424242
 91 1.303030303030303
 27 1.363636363636363
 87 1.424242424242425
 31 1.484848484848485
 82 1.545454545454546
 2 1.606060606060606
 0 1.666666666666667
 5 1.727272727272728
 33 1.787878787878788
 2 1.848484848484849
 29 1.909090909090909
 4 1.96969696969697
 3 2.03030303030303
 0 2.090909090909091
 0 2.151515151515151
 1 2.212121212121212
 0 2.272727272727272
 0 2.333333333333334
 6 2.393939393939394
 0 2.454545454545455
 0 2.515151515151516
 0 2.575757575757576
 0 2.636363636363637
 0 2.696969696969697
 0 2.757575757575758
 0 2.818181818181818
 0 2.878787878787879
 0 2.939393939393939
 0 3


