# Created by Octave 3.8.2, Mon Jun 22 04:03:19 2020 CEST <damian@fptrucha.inv.usc.es>
# name: hd
# type: matrix
# rows: 100
# columns: 2
 0 -3
 0 -2.939393939393939
 0 -2.878787878787879
 0 -2.818181818181818
 0 -2.757575757575758
 0 -2.696969696969697
 0 -2.636363636363636
 2 -2.575757575757576
 3 -2.515151515151515
 8 -2.454545454545455
 1 -2.393939393939394
 0 -2.333333333333333
 1 -2.272727272727272
 0 -2.212121212121212
 0 -2.151515151515151
 3 -2.090909090909091
 4 -2.03030303030303
 52 -1.96969696969697
 44 -1.909090909090909
 2 -1.848484848484848
 1 -1.787878787878788
 0 -1.727272727272727
 3 -1.666666666666667
 101 -1.606060606060606
 41 -1.545454545454545
 108 -1.484848484848485
 31 -1.424242424242424
 121 -1.363636363636364
 27 -1.303030303030303
 17 -1.242424242424242
 553 -1.181818181818182
 17 -1.121212121212121
 500 -1.060606060606061
 23 -1
 516 -0.9393939393939394
 22 -0.8787878787878789
 503 -0.8181818181818183
 854 -0.7575757575757573
 603 -0.6969696969696968
 934 -0.6363636363636362
 631 -0.5757575757575757
 855 -0.5151515151515151
 586 -0.4545454545454546
 879 -0.393939393939394
 3838 -0.333333333333333
 586 -0.2727272727272725
 2388 -0.2121212121212119
 14 -0.1515151515151514
 2408 -0.09090909090909083
 18 -0.03030303030303028
 2421 0.03030303030303028
 19 0.09090909090909083
 2130 0.1515151515151514
 1519 0.2121212121212124
 2091 0.2727272727272729
 1456 0.3333333333333335
 634 0.393939393939394
 870 0.4545454545454546
 591 0.5151515151515151
 667 0.5757575757575757
 586 0.6363636363636367
 715 0.6969696969696972
 512 0.7575757575757578
 14 0.8181818181818183
 536 0.8787878787878789
 25 0.9393939393939394
 525 1
 23 1.060606060606061
 479 1.121212121212121
 11 1.181818181818182
 25 1.242424242424242
 96 1.303030303030303
 24 1.363636363636363
 101 1.424242424242425
 43 1.484848484848485
 87 1.545454545454546
 5 1.606060606060606
 0 1.666666666666667
 2 1.727272727272728
 38 1.787878787878788
 3 1.848484848484849
 36 1.909090909090909
 7 1.96969696969697
 0 2.03030303030303
 0 2.090909090909091
 0 2.151515151515151
 2 2.212121212121212
 0 2.272727272727272
 1 2.333333333333334
 15 2.393939393939394
 0 2.454545454545455
 2 2.515151515151516
 0 2.575757575757576
 0 2.636363636363637
 0 2.696969696969697
 0 2.757575757575758
 0 2.818181818181818
 0 2.878787878787879
 0 2.939393939393939
 0 3


