# Created by Octave 3.8.2, Mon Jun 22 17:39:41 2020 CEST <damian@fptrucha.inv.usc.es>
# name: hd
# type: matrix
# rows: 100
# columns: 2
 0 -3
 0 -2.939393939393939
 0 -2.878787878787879
 0 -2.818181818181818
 0 -2.757575757575758
 0 -2.696969696969697
 0 -2.636363636363636
 0 -2.575757575757576
 1 -2.515151515151515
 4 -2.454545454545455
 0 -2.393939393939394
 0 -2.333333333333333
 1 -2.272727272727272
 0 -2.212121212121212
 0 -2.151515151515151
 1 -2.090909090909091
 5 -2.03030303030303
 37 -1.96969696969697
 48 -1.909090909090909
 1 -1.848484848484848
 2 -1.787878787878788
 0 -1.727272727272727
 2 -1.666666666666667
 120 -1.606060606060606
 33 -1.545454545454545
 138 -1.484848484848485
 32 -1.424242424242424
 126 -1.363636363636364
 35 -1.303030303030303
 17 -1.242424242424242
 569 -1.181818181818182
 16 -1.121212121212121
 598 -1.060606060606061
 20 -1
 544 -0.9393939393939394
 20 -0.8787878787878789
 562 -0.8181818181818183
 985 -0.7575757575757573
 614 -0.6969696969696968
 1013 -0.6363636363636362
 701 -0.5757575757575757
 965 -0.5151515151515151
 647 -0.4545454545454546
 971 -0.393939393939394
 4201 -0.333333333333333
 613 -0.2727272727272725
 2800 -0.2121212121212119
 12 -0.1515151515151514
 2759 -0.09090909090909083
 17 -0.03030303030303028
 2655 0.03030303030303028
 15 0.09090909090909083
 2477 0.1515151515151514
 1582 0.2121212121212124
 2356 0.2727272727272729
 1626 0.3333333333333335
 675 0.393939393939394
 923 0.4545454545454546
 715 0.5151515151515151
 847 0.5757575757575757
 686 0.6363636363636367
 849 0.6969696969696972
 559 0.7575757575757578
 20 0.8181818181818183
 561 0.8787878787878789
 21 0.9393939393939394
 586 1
 22 1.060606060606061
 502 1.121212121212121
 18 1.181818181818182
 28 1.242424242424242
 123 1.303030303030303
 36 1.363636363636363
 122 1.424242424242425
 31 1.484848484848485
 113 1.545454545454546
 2 1.606060606060606
 0 1.666666666666667
 2 1.727272727272728
 35 1.787878787878788
 3 1.848484848484849
 40 1.909090909090909
 2 1.96969696969697
 1 2.03030303030303
 0 2.090909090909091
 0 2.151515151515151
 4 2.212121212121212
 0 2.272727272727272
 2 2.333333333333334
 8 2.393939393939394
 1 2.454545454545455
 0 2.515151515151516
 0 2.575757575757576
 0 2.636363636363637
 0 2.696969696969697
 0 2.757575757575758
 0 2.818181818181818
 0 2.878787878787879
 0 2.939393939393939
 0 3


