# Created by Octave 3.8.2, Mon Jun 22 00:55:30 2020 CEST <damian@fptrucha.inv.usc.es>
# name: hd
# type: matrix
# rows: 100
# columns: 2
 0 -3
 0 -2.939393939393939
 0 -2.878787878787879
 0 -2.818181818181818
 0 -2.757575757575758
 0 -2.696969696969697
 0 -2.636363636363636
 0 -2.575757575757576
 0 -2.515151515151515
 9 -2.454545454545455
 1 -2.393939393939394
 1 -2.333333333333333
 2 -2.272727272727272
 0 -2.212121212121212
 0 -2.151515151515151
 0 -2.090909090909091
 3 -2.03030303030303
 16 -1.96969696969697
 11 -1.909090909090909
 0 -1.848484848484848
 0 -1.787878787878788
 0 -1.727272727272727
 0 -1.666666666666667
 67 -1.606060606060606
 16 -1.545454545454545
 68 -1.484848484848485
 15 -1.424242424242424
 62 -1.363636363636364
 11 -1.303030303030303
 16 -1.242424242424242
 389 -1.181818181818182
 9 -1.121212121212121
 330 -1.060606060606061
 13 -1
 328 -0.9393939393939394
 14 -0.8787878787878789
 305 -0.8181818181818183
 639 -0.7575757575757573
 432 -0.6969696969696968
 685 -0.6363636363636362
 364 -0.5757575757575757
 587 -0.5151515151515151
 420 -0.4545454545454546
 558 -0.393939393939394
 2826 -0.333333333333333
 375 -0.2727272727272725
 1981 -0.2121212121212119
 6 -0.1515151515151514
 1817 -0.09090909090909083
 7 -0.03030303030303028
 1702 0.03030303030303028
 2 0.09090909090909083
 1408 0.1515151515151514
 1067 0.2121212121212124
 1442 0.2727272727272729
 1170 0.3333333333333335
 451 0.393939393939394
 632 0.4545454545454546
 428 0.5151515151515151
 552 0.5757575757575757
 396 0.6363636363636367
 539 0.6969696969696972
 416 0.7575757575757578
 8 0.8181818181818183
 411 0.8787878787878789
 6 0.9393939393939394
 353 1
 11 1.060606060606061
 336 1.121212121212121
 10 1.181818181818182
 20 1.242424242424242
 80 1.303030303030303
 20 1.363636363636363
 74 1.424242424242425
 17 1.484848484848485
 65 1.545454545454546
 1 1.606060606060606
 0 1.666666666666667
 1 1.727272727272728
 21 1.787878787878788
 3 1.848484848484849
 18 1.909090909090909
 2 1.96969696969697
 0 2.03030303030303
 0 2.090909090909091
 0 2.151515151515151
 4 2.212121212121212
 0 2.272727272727272
 1 2.333333333333334
 6 2.393939393939394
 0 2.454545454545455
 0 2.515151515151516
 0 2.575757575757576
 0 2.636363636363637
 0 2.696969696969697
 0 2.757575757575758
 0 2.818181818181818
 0 2.878787878787879
 0 2.939393939393939
 0 3


