# Created by Octave 3.8.2, Sun Jun 21 05:13:00 2020 CEST <damian@fptrucha.inv.usc.es>
# name: hd
# type: matrix
# rows: 100
# columns: 2
 0 -3
 0 -2.939393939393939
 0 -2.878787878787879
 0 -2.818181818181818
 0 -2.757575757575758
 0 -2.696969696969697
 0 -2.636363636363636
 2 -2.575757575757576
 0 -2.515151515151515
 7 -2.454545454545455
 0 -2.393939393939394
 0 -2.333333333333333
 1 -2.272727272727272
 0 -2.212121212121212
 0 -2.151515151515151
 1 -2.090909090909091
 2 -2.03030303030303
 20 -1.96969696969697
 24 -1.909090909090909
 1 -1.848484848484848
 0 -1.787878787878788
 0 -1.727272727272727
 1 -1.666666666666667
 76 -1.606060606060606
 32 -1.545454545454545
 99 -1.484848484848485
 22 -1.424242424242424
 92 -1.363636363636364
 19 -1.303030303030303
 12 -1.242424242424242
 542 -1.181818181818182
 12 -1.121212121212121
 459 -1.060606060606061
 10 -1
 434 -0.9393939393939394
 9 -0.8787878787878789
 440 -0.8181818181818183
 954 -0.7575757575757573
 677 -0.6969696969696968
 1000 -0.6363636363636362
 654 -0.5757575757575757
 892 -0.5151515151515151
 553 -0.4545454545454546
 825 -0.393939393939394
 4194 -0.333333333333333
 536 -0.2727272727272725
 2819 -0.2121212121212119
 8 -0.1515151515151514
 2483 -0.09090909090909083
 10 -0.03030303030303028
 2433 0.03030303030303028
 11 0.09090909090909083
 2135 0.1515151515151514
 1720 0.2121212121212124
 2246 0.2727272727272729
 1624 0.3333333333333335
 646 0.393939393939394
 947 0.4545454545454546
 634 0.5151515151515151
 740 0.5757575757575757
 565 0.6363636363636367
 805 0.6969696969696972
 569 0.7575757575757578
 10 0.8181818181818183
 565 0.8787878787878789
 15 0.9393939393939394
 494 1
 14 1.060606060606061
 489 1.121212121212121
 12 1.181818181818182
 32 1.242424242424242
 111 1.303030303030303
 19 1.363636363636363
 102 1.424242424242425
 27 1.484848484848485
 82 1.545454545454546
 0 1.606060606060606
 0 1.666666666666667
 1 1.727272727272728
 32 1.787878787878788
 7 1.848484848484849
 30 1.909090909090909
 3 1.96969696969697
 2 2.03030303030303
 0 2.090909090909091
 0 2.151515151515151
 2 2.212121212121212
 0 2.272727272727272
 2 2.333333333333334
 4 2.393939393939394
 0 2.454545454545455
 2 2.515151515151516
 0 2.575757575757576
 0 2.636363636363637
 0 2.696969696969697
 0 2.757575757575758
 0 2.818181818181818
 0 2.878787878787879
 0 2.939393939393939
 0 3


