# Created by Octave 3.8.2, Sat Jun 20 09:17:27 2020 CEST <damian@fptrucha.inv.usc.es>
# name: hd
# type: matrix
# rows: 100
# columns: 2
 0 -3
 0 -2.939393939393939
 0 -2.878787878787879
 0 -2.818181818181818
 0 -2.757575757575758
 0 -2.696969696969697
 0 -2.636363636363636
 2 -2.575757575757576
 0 -2.515151515151515
 7 -2.454545454545455
 0 -2.393939393939394
 0 -2.333333333333333
 0 -2.272727272727272
 0 -2.212121212121212
 0 -2.151515151515151
 0 -2.090909090909091
 5 -2.03030303030303
 24 -1.96969696969697
 24 -1.909090909090909
 1 -1.848484848484848
 2 -1.787878787878788
 0 -1.727272727272727
 2 -1.666666666666667
 127 -1.606060606060606
 22 -1.545454545454545
 111 -1.484848484848485
 27 -1.424242424242424
 102 -1.363636363636364
 26 -1.303030303030303
 20 -1.242424242424242
 594 -1.181818181818182
 16 -1.121212121212121
 595 -1.060606060606061
 8 -1
 532 -0.9393939393939394
 20 -0.8787878787878789
 479 -0.8181818181818183
 1172 -0.7575757575757573
 752 -0.6969696969696968
 1188 -0.6363636363636362
 748 -0.5757575757575757
 1058 -0.5151515151515151
 691 -0.4545454545454546
 1007 -0.393939393939394
 4751 -0.333333333333333
 658 -0.2727272727272725
 3174 -0.2121212121212119
 10 -0.1515151515151514
 3141 -0.09090909090909083
 10 -0.03030303030303028
 2875 0.03030303030303028
 8 0.09090909090909083
 2473 0.1515151515151514
 1955 0.2121212121212124
 2508 0.2727272727272729
 1893 0.3333333333333335
 753 0.393939393939394
 1001 0.4545454545454546
 762 0.5151515151515151
 980 0.5757575757575757
 706 0.6363636363636367
 915 0.6969696969696972
 676 0.7575757575757578
 12 0.8181818181818183
 614 0.8787878787878789
 17 0.9393939393939394
 646 1
 18 1.060606060606061
 520 1.121212121212121
 12 1.181818181818182
 39 1.242424242424242
 135 1.303030303030303
 38 1.363636363636363
 117 1.424242424242425
 34 1.484848484848485
 107 1.545454545454546
 1 1.606060606060606
 0 1.666666666666667
 3 1.727272727272728
 32 1.787878787878788
 6 1.848484848484849
 40 1.909090909090909
 2 1.96969696969697
 1 2.03030303030303
 0 2.090909090909091
 0 2.151515151515151
 2 2.212121212121212
 0 2.272727272727272
 1 2.333333333333334
 9 2.393939393939394
 0 2.454545454545455
 2 2.515151515151516
 0 2.575757575757576
 0 2.636363636363637
 0 2.696969696969697
 0 2.757575757575758
 0 2.818181818181818
 0 2.878787878787879
 0 2.939393939393939
 0 3


