# Created by Octave 3.8.2, Sun Jun 21 05:21:36 2020 CEST <damian@fptrucha.inv.usc.es>
# name: hd
# type: matrix
# rows: 100
# columns: 2
 0 -3
 0 -2.939393939393939
 0 -2.878787878787879
 0 -2.818181818181818
 0 -2.757575757575758
 0 -2.696969696969697
 0 -2.636363636363636
 0 -2.575757575757576
 0 -2.515151515151515
 3 -2.454545454545455
 1 -2.393939393939394
 0 -2.333333333333333
 0 -2.272727272727272
 0 -2.212121212121212
 0 -2.151515151515151
 2 -2.090909090909091
 4 -2.03030303030303
 30 -1.96969696969697
 24 -1.909090909090909
 1 -1.848484848484848
 2 -1.787878787878788
 0 -1.727272727272727
 2 -1.666666666666667
 127 -1.606060606060606
 17 -1.545454545454545
 97 -1.484848484848485
 25 -1.424242424242424
 87 -1.363636363636364
 18 -1.303030303030303
 11 -1.242424242424242
 559 -1.181818181818182
 19 -1.121212121212121
 545 -1.060606060606061
 6 -1
 434 -0.9393939393939394
 20 -0.8787878787878789
 429 -0.8181818181818183
 1034 -0.7575757575757573
 703 -0.6969696969696968
 1063 -0.6363636363636362
 626 -0.5757575757575757
 879 -0.5151515151515151
 602 -0.4545454545454546
 826 -0.393939393939394
 4132 -0.333333333333333
 507 -0.2727272727272725
 2773 -0.2121212121212119
 13 -0.1515151515151514
 2541 -0.09090909090909083
 7 -0.03030303030303028
 2482 0.03030303030303028
 11 0.09090909090909083
 2216 0.1515151515151514
 1712 0.2121212121212124
 2189 0.2727272727272729
 1680 0.3333333333333335
 637 0.393939393939394
 845 0.4545454545454546
 624 0.5151515151515151
 795 0.5757575757575757
 549 0.6363636363636367
 787 0.6969696969696972
 545 0.7575757575757578
 15 0.8181818181818183
 543 0.8787878787878789
 15 0.9393939393939394
 520 1
 9 1.060606060606061
 444 1.121212121212121
 9 1.181818181818182
 25 1.242424242424242
 98 1.303030303030303
 19 1.363636363636363
 93 1.424242424242425
 35 1.484848484848485
 68 1.545454545454546
 0 1.606060606060606
 0 1.666666666666667
 1 1.727272727272728
 36 1.787878787878788
 1 1.848484848484849
 29 1.909090909090909
 2 1.96969696969697
 0 2.03030303030303
 0 2.090909090909091
 0 2.151515151515151
 0 2.212121212121212
 0 2.272727272727272
 0 2.333333333333334
 0 2.393939393939394
 0 2.454545454545455
 0 2.515151515151516
 0 2.575757575757576
 0 2.636363636363637
 0 2.696969696969697
 0 2.757575757575758
 0 2.818181818181818
 0 2.878787878787879
 0 2.939393939393939
 0 3


