# Created by Octave 3.8.2, Mon Jun 22 04:59:10 2020 CEST <damian@fptrucha.inv.usc.es>
# name: hd
# type: matrix
# rows: 100
# columns: 2
 0 -3
 0 -2.939393939393939
 0 -2.878787878787879
 0 -2.818181818181818
 0 -2.757575757575758
 0 -2.696969696969697
 0 -2.636363636363636
 0 -2.575757575757576
 0 -2.515151515151515
 14 -2.454545454545455
 0 -2.393939393939394
 0 -2.333333333333333
 0 -2.272727272727272
 0 -2.212121212121212
 0 -2.151515151515151
 1 -2.090909090909091
 5 -2.03030303030303
 42 -1.96969696969697
 46 -1.909090909090909
 0 -1.848484848484848
 3 -1.787878787878788
 0 -1.727272727272727
 3 -1.666666666666667
 87 -1.606060606060606
 23 -1.545454545454545
 148 -1.484848484848485
 45 -1.424242424242424
 140 -1.363636363636364
 21 -1.303030303030303
 12 -1.242424242424242
 517 -1.181818181818182
 21 -1.121212121212121
 494 -1.060606060606061
 14 -1
 504 -0.9393939393939394
 22 -0.8787878787878789
 498 -0.8181818181818183
 879 -0.7575757575757573
 600 -0.6969696969696968
 864 -0.6363636363636362
 540 -0.5757575757575757
 828 -0.5151515151515151
 555 -0.4545454545454546
 829 -0.393939393939394
 3756 -0.333333333333333
 538 -0.2727272727272725
 2313 -0.2121212121212119
 9 -0.1515151515151514
 2375 -0.09090909090909083
 14 -0.03030303030303028
 2200 0.03030303030303028
 14 0.09090909090909083
 2034 0.1515151515151514
 1554 0.2121212121212124
 2040 0.2727272727272729
 1374 0.3333333333333335
 599 0.393939393939394
 853 0.4545454545454546
 588 0.5151515151515151
 656 0.5757575757575757
 555 0.6363636363636367
 713 0.6969696969696972
 489 0.7575757575757578
 11 0.8181818181818183
 534 0.8787878787878789
 24 0.9393939393939394
 523 1
 13 1.060606060606061
 459 1.121212121212121
 14 1.181818181818182
 26 1.242424242424242
 86 1.303030303030303
 34 1.363636363636363
 105 1.424242424242425
 24 1.484848484848485
 94 1.545454545454546
 3 1.606060606060606
 0 1.666666666666667
 1 1.727272727272728
 25 1.787878787878788
 4 1.848484848484849
 31 1.909090909090909
 3 1.96969696969697
 2 2.03030303030303
 0 2.090909090909091
 0 2.151515151515151
 2 2.212121212121212
 0 2.272727272727272
 1 2.333333333333334
 8 2.393939393939394
 0 2.454545454545455
 1 2.515151515151516
 0 2.575757575757576
 0 2.636363636363637
 0 2.696969696969697
 0 2.757575757575758
 0 2.818181818181818
 0 2.878787878787879
 0 2.939393939393939
 0 3


