# Created by Octave 3.8.2, Sun Jun 21 05:01:41 2020 CEST <damian@fptrucha.inv.usc.es>
# name: hd
# type: matrix
# rows: 100
# columns: 2
 0 -3
 0 -2.939393939393939
 0 -2.878787878787879
 0 -2.818181818181818
 0 -2.757575757575758
 0 -2.696969696969697
 0 -2.636363636363636
 1 -2.575757575757576
 1 -2.515151515151515
 2 -2.454545454545455
 0 -2.393939393939394
 0 -2.333333333333333
 1 -2.272727272727272
 0 -2.212121212121212
 0 -2.151515151515151
 0 -2.090909090909091
 5 -2.03030303030303
 18 -1.96969696969697
 32 -1.909090909090909
 1 -1.848484848484848
 2 -1.787878787878788
 0 -1.727272727272727
 1 -1.666666666666667
 105 -1.606060606060606
 23 -1.545454545454545
 108 -1.484848484848485
 13 -1.424242424242424
 79 -1.363636363636364
 21 -1.303030303030303
 12 -1.242424242424242
 552 -1.181818181818182
 13 -1.121212121212121
 503 -1.060606060606061
 12 -1
 479 -0.9393939393939394
 13 -0.8787878787878789
 511 -0.8181818181818183
 970 -0.7575757575757573
 671 -0.6969696969696968
 1066 -0.6363636363636362
 632 -0.5757575757575757
 902 -0.5151515151515151
 599 -0.4545454545454546
 827 -0.393939393939394
 4261 -0.333333333333333
 535 -0.2727272727272725
 2864 -0.2121212121212119
 4 -0.1515151515151514
 2578 -0.09090909090909083
 8 -0.03030303030303028
 2467 0.03030303030303028
 7 0.09090909090909083
 2200 0.1515151515151514
 1684 0.2121212121212124
 2174 0.2727272727272729
 1618 0.3333333333333335
 635 0.393939393939394
 839 0.4545454545454546
 585 0.5151515151515151
 793 0.5757575757575757
 600 0.6363636363636367
 782 0.6969696969696972
 552 0.7575757575757578
 16 0.8181818181818183
 571 0.8787878787878789
 6 0.9393939393939394
 522 1
 17 1.060606060606061
 461 1.121212121212121
 7 1.181818181818182
 27 1.242424242424242
 85 1.303030303030303
 26 1.363636363636363
 97 1.424242424242425
 28 1.484848484848485
 103 1.545454545454546
 0 1.606060606060606
 0 1.666666666666667
 2 1.727272727272728
 24 1.787878787878788
 3 1.848484848484849
 25 1.909090909090909
 1 1.96969696969697
 1 2.03030303030303
 0 2.090909090909091
 0 2.151515151515151
 1 2.212121212121212
 3 2.272727272727272
 1 2.333333333333334
 3 2.393939393939394
 0 2.454545454545455
 2 2.515151515151516
 0 2.575757575757576
 0 2.636363636363637
 0 2.696969696969697
 0 2.757575757575758
 0 2.818181818181818
 0 2.878787878787879
 0 2.939393939393939
 0 3


