# Created by Octave 3.8.2, Mon Jun 22 07:37:08 2020 CEST <damian@fptrucha.inv.usc.es>
# name: hd
# type: matrix
# rows: 100
# columns: 2
 0 -3
 0 -2.939393939393939
 0 -2.878787878787879
 0 -2.818181818181818
 0 -2.757575757575758
 0 -2.696969696969697
 0 -2.636363636363636
 1 -2.575757575757576
 1 -2.515151515151515
 16 -2.454545454545455
 4 -2.393939393939394
 1 -2.333333333333333
 1 -2.272727272727272
 0 -2.212121212121212
 0 -2.151515151515151
 2 -2.090909090909091
 8 -2.03030303030303
 33 -1.96969696969697
 45 -1.909090909090909
 2 -1.848484848484848
 4 -1.787878787878788
 0 -1.727272727272727
 5 -1.666666666666667
 78 -1.606060606060606
 20 -1.545454545454545
 120 -1.484848484848485
 24 -1.424242424242424
 113 -1.363636363636364
 23 -1.303030303030303
 10 -1.242424242424242
 507 -1.181818181818182
 15 -1.121212121212121
 497 -1.060606060606061
 17 -1
 481 -0.9393939393939394
 23 -0.8787878787878789
 489 -0.8181818181818183
 850 -0.7575757575757573
 606 -0.6969696969696968
 900 -0.6363636363636362
 612 -0.5757575757575757
 878 -0.5151515151515151
 589 -0.4545454545454546
 909 -0.393939393939394
 3922 -0.333333333333333
 563 -0.2727272727272725
 2465 -0.2121212121212119
 7 -0.1515151515151514
 2539 -0.09090909090909083
 21 -0.03030303030303028
 2362 0.03030303030303028
 18 0.09090909090909083
 2234 0.1515151515151514
 1519 0.2121212121212124
 2288 0.2727272727272729
 1469 0.3333333333333335
 630 0.393939393939394
 866 0.4545454545454546
 647 0.5151515151515151
 850 0.5757575757575757
 604 0.6363636363636367
 894 0.6969696969696972
 524 0.7575757575757578
 10 0.8181818181818183
 515 0.8787878787878789
 25 0.9393939393939394
 551 1
 18 1.060606060606061
 510 1.121212121212121
 14 1.181818181818182
 30 1.242424242424242
 102 1.303030303030303
 34 1.363636363636363
 99 1.424242424242425
 28 1.484848484848485
 125 1.545454545454546
 3 1.606060606060606
 0 1.666666666666667
 2 1.727272727272728
 42 1.787878787878788
 5 1.848484848484849
 28 1.909090909090909
 2 1.96969696969697
 0 2.03030303030303
 0 2.090909090909091
 0 2.151515151515151
 1 2.212121212121212
 0 2.272727272727272
 0 2.333333333333334
 11 2.393939393939394
 3 2.454545454545455
 0 2.515151515151516
 0 2.575757575757576
 0 2.636363636363637
 0 2.696969696969697
 0 2.757575757575758
 0 2.818181818181818
 0 2.878787878787879
 0 2.939393939393939
 0 3


