# Created by Octave 3.8.2, Mon Jun 22 13:03:59 2020 CEST <damian@fptrucha.inv.usc.es>
# name: hd
# type: matrix
# rows: 100
# columns: 2
 0 -3
 0 -2.939393939393939
 0 -2.878787878787879
 0 -2.818181818181818
 0 -2.757575757575758
 0 -2.696969696969697
 0 -2.636363636363636
 1 -2.575757575757576
 2 -2.515151515151515
 6 -2.454545454545455
 0 -2.393939393939394
 1 -2.333333333333333
 1 -2.272727272727272
 0 -2.212121212121212
 0 -2.151515151515151
 0 -2.090909090909091
 6 -2.03030303030303
 25 -1.96969696969697
 33 -1.909090909090909
 0 -1.848484848484848
 1 -1.787878787878788
 0 -1.727272727272727
 0 -1.666666666666667
 106 -1.606060606060606
 34 -1.545454545454545
 95 -1.484848484848485
 28 -1.424242424242424
 98 -1.363636363636364
 26 -1.303030303030303
 12 -1.242424242424242
 504 -1.181818181818182
 16 -1.121212121212121
 521 -1.060606060606061
 22 -1
 530 -0.9393939393939394
 23 -0.8787878787878789
 488 -0.8181818181818183
 909 -0.7575757575757573
 637 -0.6969696969696968
 1001 -0.6363636363636362
 642 -0.5757575757575757
 889 -0.5151515151515151
 584 -0.4545454545454546
 947 -0.393939393939394
 4106 -0.333333333333333
 552 -0.2727272727272725
 2631 -0.2121212121212119
 23 -0.1515151515151514
 2629 -0.09090909090909083
 12 -0.03030303030303028
 2498 0.03030303030303028
 10 0.09090909090909083
 2425 0.1515151515151514
 1564 0.2121212121212124
 2349 0.2727272727272729
 1600 0.3333333333333335
 624 0.393939393939394
 910 0.4545454545454546
 653 0.5151515151515151
 801 0.5757575757575757
 621 0.6363636363636367
 826 0.6969696969696972
 572 0.7575757575757578
 10 0.8181818181818183
 522 0.8787878787878789
 14 0.9393939393939394
 550 1
 15 1.060606060606061
 547 1.121212121212121
 14 1.181818181818182
 26 1.242424242424242
 106 1.303030303030303
 22 1.363636363636363
 116 1.424242424242425
 35 1.484848484848485
 111 1.545454545454546
 3 1.606060606060606
 0 1.666666666666667
 3 1.727272727272728
 41 1.787878787878788
 4 1.848484848484849
 41 1.909090909090909
 6 1.96969696969697
 2 2.03030303030303
 0 2.090909090909091
 0 2.151515151515151
 4 2.212121212121212
 1 2.272727272727272
 1 2.333333333333334
 6 2.393939393939394
 0 2.454545454545455
 1 2.515151515151516
 0 2.575757575757576
 0 2.636363636363637
 0 2.696969696969697
 0 2.757575757575758
 0 2.818181818181818
 0 2.878787878787879
 0 2.939393939393939
 0 3


