# Created by Octave 3.8.2, Mon Jun 22 08:28:18 2020 CEST <damian@fptrucha.inv.usc.es>
# name: hd
# type: matrix
# rows: 100
# columns: 2
 0 -3
 0 -2.939393939393939
 0 -2.878787878787879
 0 -2.818181818181818
 0 -2.757575757575758
 0 -2.696969696969697
 0 -2.636363636363636
 0 -2.575757575757576
 1 -2.515151515151515
 8 -2.454545454545455
 1 -2.393939393939394
 0 -2.333333333333333
 3 -2.272727272727272
 0 -2.212121212121212
 0 -2.151515151515151
 0 -2.090909090909091
 3 -2.03030303030303
 24 -1.96969696969697
 44 -1.909090909090909
 0 -1.848484848484848
 0 -1.787878787878788
 0 -1.727272727272727
 1 -1.666666666666667
 102 -1.606060606060606
 35 -1.545454545454545
 91 -1.484848484848485
 23 -1.424242424242424
 117 -1.363636363636364
 25 -1.303030303030303
 14 -1.242424242424242
 526 -1.181818181818182
 20 -1.121212121212121
 545 -1.060606060606061
 24 -1
 494 -0.9393939393939394
 18 -0.8787878787878789
 518 -0.8181818181818183
 853 -0.7575757575757573
 566 -0.6969696969696968
 916 -0.6363636363636362
 600 -0.5757575757575757
 890 -0.5151515151515151
 572 -0.4545454545454546
 848 -0.393939393939394
 4126 -0.333333333333333
 540 -0.2727272727272725
 2499 -0.2121212121212119
 14 -0.1515151515151514
 2479 -0.09090909090909083
 22 -0.03030303030303028
 2428 0.03030303030303028
 20 0.09090909090909083
 2287 0.1515151515151514
 1507 0.2121212121212124
 2298 0.2727272727272729
 1502 0.3333333333333335
 640 0.393939393939394
 836 0.4545454545454546
 664 0.5151515151515151
 824 0.5757575757575757
 615 0.6363636363636367
 803 0.6969696969696972
 549 0.7575757575757578
 18 0.8181818181818183
 565 0.8787878787878789
 12 0.9393939393939394
 520 1
 16 1.060606060606061
 502 1.121212121212121
 14 1.181818181818182
 23 1.242424242424242
 113 1.303030303030303
 23 1.363636363636363
 108 1.424242424242425
 32 1.484848484848485
 90 1.545454545454546
 4 1.606060606060606
 0 1.666666666666667
 1 1.727272727272728
 41 1.787878787878788
 7 1.848484848484849
 29 1.909090909090909
 4 1.96969696969697
 2 2.03030303030303
 0 2.090909090909091
 0 2.151515151515151
 2 2.212121212121212
 0 2.272727272727272
 1 2.333333333333334
 5 2.393939393939394
 0 2.454545454545455
 0 2.515151515151516
 0 2.575757575757576
 0 2.636363636363637
 0 2.696969696969697
 0 2.757575757575758
 0 2.818181818181818
 0 2.878787878787879
 0 2.939393939393939
 0 3


