# Created by Octave 3.8.2, Mon Jun 22 00:32:10 2020 CEST <damian@fptrucha.inv.usc.es>
# name: hd
# type: matrix
# rows: 100
# columns: 2
 0 -3
 0 -2.939393939393939
 0 -2.878787878787879
 0 -2.818181818181818
 0 -2.757575757575758
 0 -2.696969696969697
 0 -2.636363636363636
 2 -2.575757575757576
 1 -2.515151515151515
 6 -2.454545454545455
 1 -2.393939393939394
 1 -2.333333333333333
 0 -2.272727272727272
 0 -2.212121212121212
 0 -2.151515151515151
 1 -2.090909090909091
 4 -2.03030303030303
 15 -1.96969696969697
 21 -1.909090909090909
 0 -1.848484848484848
 1 -1.787878787878788
 0 -1.727272727272727
 3 -1.666666666666667
 96 -1.606060606060606
 18 -1.545454545454545
 68 -1.484848484848485
 28 -1.424242424242424
 88 -1.363636363636364
 23 -1.303030303030303
 14 -1.242424242424242
 559 -1.181818181818182
 9 -1.121212121212121
 491 -1.060606060606061
 9 -1
 418 -0.9393939393939394
 14 -0.8787878787878789
 456 -0.8181818181818183
 1076 -0.7575757575757573
 654 -0.6969696969696968
 1058 -0.6363636363636362
 637 -0.5757575757575757
 833 -0.5151515151515151
 561 -0.4545454545454546
 840 -0.393939393939394
 4307 -0.333333333333333
 528 -0.2727272727272725
 2880 -0.2121212121212119
 11 -0.1515151515151514
 2696 -0.09090909090909083
 11 -0.03030303030303028
 2403 0.03030303030303028
 11 0.09090909090909083
 2231 0.1515151515151514
 1685 0.2121212121212124
 2167 0.2727272727272729
 1753 0.3333333333333335
 663 0.393939393939394
 898 0.4545454545454546
 633 0.5151515151515151
 840 0.5757575757575757
 584 0.6363636363636367
 771 0.6969696969696972
 551 0.7575757575757578
 11 0.8181818181818183
 571 0.8787878787878789
 6 0.9393939393939394
 507 1
 8 1.060606060606061
 462 1.121212121212121
 11 1.181818181818182
 33 1.242424242424242
 93 1.303030303030303
 22 1.363636363636363
 105 1.424242424242425
 33 1.484848484848485
 78 1.545454545454546
 2 1.606060606060606
 0 1.666666666666667
 1 1.727272727272728
 36 1.787878787878788
 2 1.848484848484849
 29 1.909090909090909
 3 1.96969696969697
 2 2.03030303030303
 0 2.090909090909091
 0 2.151515151515151
 1 2.212121212121212
 0 2.272727272727272
 1 2.333333333333334
 6 2.393939393939394
 0 2.454545454545455
 0 2.515151515151516
 0 2.575757575757576
 0 2.636363636363637
 0 2.696969696969697
 0 2.757575757575758
 0 2.818181818181818
 0 2.878787878787879
 0 2.939393939393939
 0 3


