# Created by Octave 3.8.2, Sat Jun 20 12:41:04 2020 CEST <damian@fptrucha.inv.usc.es>
# name: hd
# type: matrix
# rows: 100
# columns: 2
 0 -3
 0 -2.939393939393939
 0 -2.878787878787879
 0 -2.818181818181818
 0 -2.757575757575758
 0 -2.696969696969697
 0 -2.636363636363636
 0 -2.575757575757576
 1 -2.515151515151515
 5 -2.454545454545455
 1 -2.393939393939394
 0 -2.333333333333333
 0 -2.272727272727272
 0 -2.212121212121212
 0 -2.151515151515151
 3 -2.090909090909091
 4 -2.03030303030303
 28 -1.96969696969697
 28 -1.909090909090909
 1 -1.848484848484848
 1 -1.787878787878788
 0 -1.727272727272727
 1 -1.666666666666667
 100 -1.606060606060606
 31 -1.545454545454545
 106 -1.484848484848485
 12 -1.424242424242424
 82 -1.363636363636364
 12 -1.303030303030303
 14 -1.242424242424242
 549 -1.181818181818182
 13 -1.121212121212121
 506 -1.060606060606061
 18 -1
 456 -0.9393939393939394
 22 -0.8787878787878789
 469 -0.8181818181818183
 1101 -0.7575757575757573
 716 -0.6969696969696968
 1128 -0.6363636363636362
 641 -0.5757575757575757
 906 -0.5151515151515151
 606 -0.4545454545454546
 884 -0.393939393939394
 4503 -0.333333333333333
 570 -0.2727272727272725
 3092 -0.2121212121212119
 12 -0.1515151515151514
 2817 -0.09090909090909083
 10 -0.03030303030303028
 2730 0.03030303030303028
 18 0.09090909090909083
 2409 0.1515151515151514
 1957 0.2121212121212124
 2394 0.2727272727272729
 1772 0.3333333333333335
 705 0.393939393939394
 967 0.4545454545454546
 772 0.5151515151515151
 912 0.5757575757575757
 647 0.6363636363636367
 896 0.6969696969696972
 628 0.7575757575757578
 16 0.8181818181818183
 577 0.8787878787878789
 25 0.9393939393939394
 571 1
 11 1.060606060606061
 539 1.121212121212121
 7 1.181818181818182
 27 1.242424242424242
 101 1.303030303030303
 32 1.363636363636363
 109 1.424242424242425
 27 1.484848484848485
 105 1.545454545454546
 2 1.606060606060606
 0 1.666666666666667
 1 1.727272727272728
 42 1.787878787878788
 0 1.848484848484849
 25 1.909090909090909
 3 1.96969696969697
 2 2.03030303030303
 0 2.090909090909091
 0 2.151515151515151
 1 2.212121212121212
 0 2.272727272727272
 1 2.333333333333334
 9 2.393939393939394
 0 2.454545454545455
 0 2.515151515151516
 0 2.575757575757576
 0 2.636363636363637
 0 2.696969696969697
 0 2.757575757575758
 0 2.818181818181818
 0 2.878787878787879
 0 2.939393939393939
 0 3


