# Created by Octave 3.8.2, Sat Jun 20 03:49:30 2020 CEST <damian@fptrucha.inv.usc.es>
# name: hd
# type: matrix
# rows: 100
# columns: 2
 0 -3
 0 -2.939393939393939
 0 -2.878787878787879
 0 -2.818181818181818
 0 -2.757575757575758
 0 -2.696969696969697
 0 -2.636363636363636
 1 -2.575757575757576
 0 -2.515151515151515
 8 -2.454545454545455
 1 -2.393939393939394
 1 -2.333333333333333
 2 -2.272727272727272
 0 -2.212121212121212
 0 -2.151515151515151
 0 -2.090909090909091
 4 -2.03030303030303
 26 -1.96969696969697
 37 -1.909090909090909
 0 -1.848484848484848
 2 -1.787878787878788
 0 -1.727272727272727
 0 -1.666666666666667
 104 -1.606060606060606
 27 -1.545454545454545
 125 -1.484848484848485
 18 -1.424242424242424
 109 -1.363636363636364
 28 -1.303030303030303
 12 -1.242424242424242
 642 -1.181818181818182
 19 -1.121212121212121
 660 -1.060606060606061
 5 -1
 499 -0.9393939393939394
 17 -0.8787878787878789
 543 -0.8181818181818183
 1133 -0.7575757575757573
 765 -0.6969696969696968
 1265 -0.6363636363636362
 792 -0.5757575757575757
 1029 -0.5151515151515151
 641 -0.4545454545454546
 1069 -0.393939393939394
 4655 -0.333333333333333
 633 -0.2727272727272725
 3072 -0.2121212121212119
 9 -0.1515151515151514
 2874 -0.09090909090909083
 13 -0.03030303030303028
 2808 0.03030303030303028
 14 0.09090909090909083
 2468 0.1515151515151514
 1841 0.2121212121212124
 2455 0.2727272727272729
 1699 0.3333333333333335
 647 0.393939393939394
 949 0.4545454545454546
 675 0.5151515151515151
 824 0.5757575757575757
 650 0.6363636363636367
 767 0.6969696969696972
 534 0.7575757575757578
 9 0.8181818181818183
 539 0.8787878787878789
 11 0.9393939393939394
 529 1
 11 1.060606060606061
 466 1.121212121212121
 5 1.181818181818182
 35 1.242424242424242
 84 1.303030303030303
 20 1.363636363636363
 80 1.424242424242425
 30 1.484848484848485
 83 1.545454545454546
 3 1.606060606060606
 0 1.666666666666667
 5 1.727272727272728
 40 1.787878787878788
 2 1.848484848484849
 16 1.909090909090909
 8 1.96969696969697
 1 2.03030303030303
 0 2.090909090909091
 0 2.151515151515151
 1 2.212121212121212
 1 2.272727272727272
 0 2.333333333333334
 3 2.393939393939394
 0 2.454545454545455
 0 2.515151515151516
 0 2.575757575757576
 0 2.636363636363637
 0 2.696969696969697
 0 2.757575757575758
 0 2.818181818181818
 0 2.878787878787879
 0 2.939393939393939
 0 3


