# Created by Octave 3.8.2, Sun Jun 21 03:59:28 2020 CEST <damian@fptrucha.inv.usc.es>
# name: hd
# type: matrix
# rows: 100
# columns: 2
 0 -3
 0 -2.939393939393939
 0 -2.878787878787879
 0 -2.818181818181818
 0 -2.757575757575758
 0 -2.696969696969697
 0 -2.636363636363636
 1 -2.575757575757576
 1 -2.515151515151515
 2 -2.454545454545455
 0 -2.393939393939394
 0 -2.333333333333333
 0 -2.272727272727272
 0 -2.212121212121212
 0 -2.151515151515151
 0 -2.090909090909091
 3 -2.03030303030303
 25 -1.96969696969697
 22 -1.909090909090909
 1 -1.848484848484848
 0 -1.787878787878788
 0 -1.727272727272727
 3 -1.666666666666667
 107 -1.606060606060606
 25 -1.545454545454545
 91 -1.484848484848485
 22 -1.424242424242424
 68 -1.363636363636364
 21 -1.303030303030303
 6 -1.242424242424242
 558 -1.181818181818182
 13 -1.121212121212121
 509 -1.060606060606061
 12 -1
 465 -0.9393939393939394
 8 -0.8787878787878789
 445 -0.8181818181818183
 946 -0.7575757575757573
 628 -0.6969696969696968
 1021 -0.6363636363636362
 652 -0.5757575757575757
 828 -0.5151515151515151
 601 -0.4545454545454546
 823 -0.393939393939394
 4130 -0.333333333333333
 509 -0.2727272727272725
 2871 -0.2121212121212119
 5 -0.1515151515151514
 2623 -0.09090909090909083
 14 -0.03030303030303028
 2472 0.03030303030303028
 13 0.09090909090909083
 2297 0.1515151515151514
 1674 0.2121212121212124
 2182 0.2727272727272729
 1569 0.3333333333333335
 619 0.393939393939394
 865 0.4545454545454546
 601 0.5151515151515151
 816 0.5757575757575757
 588 0.6363636363636367
 761 0.6969696969696972
 581 0.7575757575757578
 10 0.8181818181818183
 513 0.8787878787878789
 15 0.9393939393939394
 500 1
 7 1.060606060606061
 467 1.121212121212121
 5 1.181818181818182
 31 1.242424242424242
 99 1.303030303030303
 21 1.363636363636363
 106 1.424242424242425
 31 1.484848484848485
 96 1.545454545454546
 0 1.606060606060606
 0 1.666666666666667
 0 1.727272727272728
 18 1.787878787878788
 6 1.848484848484849
 25 1.909090909090909
 0 1.96969696969697
 1 2.03030303030303
 0 2.090909090909091
 0 2.151515151515151
 0 2.212121212121212
 1 2.272727272727272
 0 2.333333333333334
 1 2.393939393939394
 0 2.454545454545455
 0 2.515151515151516
 0 2.575757575757576
 0 2.636363636363637
 0 2.696969696969697
 0 2.757575757575758
 0 2.818181818181818
 0 2.878787878787879
 0 2.939393939393939
 0 3


