# Created by Octave 3.8.2, Mon Jun 22 05:04:50 2020 CEST <damian@fptrucha.inv.usc.es>
# name: hd
# type: matrix
# rows: 100
# columns: 2
 0 -3
 0 -2.939393939393939
 0 -2.878787878787879
 0 -2.818181818181818
 0 -2.757575757575758
 0 -2.696969696969697
 0 -2.636363636363636
 3 -2.575757575757576
 0 -2.515151515151515
 20 -2.454545454545455
 0 -2.393939393939394
 0 -2.333333333333333
 2 -2.272727272727272
 0 -2.212121212121212
 0 -2.151515151515151
 3 -2.090909090909091
 4 -2.03030303030303
 25 -1.96969696969697
 40 -1.909090909090909
 4 -1.848484848484848
 1 -1.787878787878788
 0 -1.727272727272727
 2 -1.666666666666667
 107 -1.606060606060606
 26 -1.545454545454545
 116 -1.484848484848485
 23 -1.424242424242424
 108 -1.363636363636364
 20 -1.303030303030303
 14 -1.242424242424242
 496 -1.181818181818182
 8 -1.121212121212121
 547 -1.060606060606061
 19 -1
 504 -0.9393939393939394
 20 -0.8787878787878789
 468 -0.8181818181818183
 837 -0.7575757575757573
 589 -0.6969696969696968
 913 -0.6363636363636362
 550 -0.5757575757575757
 814 -0.5151515151515151
 554 -0.4545454545454546
 805 -0.393939393939394
 3685 -0.333333333333333
 508 -0.2727272727272725
 2360 -0.2121212121212119
 7 -0.1515151515151514
 2503 -0.09090909090909083
 17 -0.03030303030303028
 2231 0.03030303030303028
 16 0.09090909090909083
 2042 0.1515151515151514
 1502 0.2121212121212124
 2239 0.2727272727272729
 1340 0.3333333333333335
 614 0.393939393939394
 826 0.4545454545454546
 590 0.5151515151515151
 707 0.5757575757575757
 528 0.6363636363636367
 680 0.6969696969696972
 532 0.7575757575757578
 15 0.8181818181818183
 499 0.8787878787878789
 25 0.9393939393939394
 508 1
 17 1.060606060606061
 472 1.121212121212121
 19 1.181818181818182
 39 1.242424242424242
 108 1.303030303030303
 30 1.363636363636363
 117 1.424242424242425
 26 1.484848484848485
 101 1.545454545454546
 1 1.606060606060606
 0 1.666666666666667
 1 1.727272727272728
 30 1.787878787878788
 7 1.848484848484849
 35 1.909090909090909
 2 1.96969696969697
 2 2.03030303030303
 0 2.090909090909091
 0 2.151515151515151
 0 2.212121212121212
 0 2.272727272727272
 1 2.333333333333334
 9 2.393939393939394
 1 2.454545454545455
 2 2.515151515151516
 0 2.575757575757576
 0 2.636363636363637
 0 2.696969696969697
 0 2.757575757575758
 0 2.818181818181818
 0 2.878787878787879
 0 2.939393939393939
 0 3


