# Created by Octave 3.8.2, Sun Jun 21 03:33:24 2020 CEST <damian@fptrucha.inv.usc.es>
# name: hd
# type: matrix
# rows: 100
# columns: 2
 0 -3
 0 -2.939393939393939
 0 -2.878787878787879
 0 -2.818181818181818
 0 -2.757575757575758
 0 -2.696969696969697
 0 -2.636363636363636
 3 -2.575757575757576
 0 -2.515151515151515
 4 -2.454545454545455
 0 -2.393939393939394
 0 -2.333333333333333
 0 -2.272727272727272
 0 -2.212121212121212
 0 -2.151515151515151
 2 -2.090909090909091
 2 -2.03030303030303
 20 -1.96969696969697
 15 -1.909090909090909
 2 -1.848484848484848
 1 -1.787878787878788
 0 -1.727272727272727
 3 -1.666666666666667
 91 -1.606060606060606
 20 -1.545454545454545
 85 -1.484848484848485
 16 -1.424242424242424
 96 -1.363636363636364
 18 -1.303030303030303
 8 -1.242424242424242
 542 -1.181818181818182
 11 -1.121212121212121
 525 -1.060606060606061
 15 -1
 425 -0.9393939393939394
 12 -0.8787878787878789
 456 -0.8181818181818183
 954 -0.7575757575757573
 653 -0.6969696969696968
 1038 -0.6363636363636362
 633 -0.5757575757575757
 873 -0.5151515151515151
 595 -0.4545454545454546
 822 -0.393939393939394
 4079 -0.333333333333333
 551 -0.2727272727272725
 2773 -0.2121212121212119
 10 -0.1515151515151514
 2518 -0.09090909090909083
 3 -0.03030303030303028
 2377 0.03030303030303028
 15 0.09090909090909083
 2200 0.1515151515151514
 1689 0.2121212121212124
 2208 0.2727272727272729
 1656 0.3333333333333335
 619 0.393939393939394
 888 0.4545454545454546
 552 0.5151515151515151
 778 0.5757575757575757
 586 0.6363636363636367
 748 0.6969696969696972
 527 0.7575757575757578
 8 0.8181818181818183
 523 0.8787878787878789
 16 0.9393939393939394
 483 1
 15 1.060606060606061
 504 1.121212121212121
 9 1.181818181818182
 29 1.242424242424242
 95 1.303030303030303
 22 1.363636363636363
 104 1.424242424242425
 26 1.484848484848485
 79 1.545454545454546
 1 1.606060606060606
 0 1.666666666666667
 5 1.727272727272728
 31 1.787878787878788
 2 1.848484848484849
 19 1.909090909090909
 4 1.96969696969697
 0 2.03030303030303
 0 2.090909090909091
 0 2.151515151515151
 1 2.212121212121212
 0 2.272727272727272
 0 2.333333333333334
 7 2.393939393939394
 1 2.454545454545455
 1 2.515151515151516
 0 2.575757575757576
 0 2.636363636363637
 0 2.696969696969697
 0 2.757575757575758
 0 2.818181818181818
 0 2.878787878787879
 0 2.939393939393939
 0 3


