# Created by Octave 3.8.2, Mon Jun 22 14:26:49 2020 CEST <damian@fptrucha.inv.usc.es>
# name: hd
# type: matrix
# rows: 100
# columns: 2
 0 -3
 0 -2.939393939393939
 0 -2.878787878787879
 0 -2.818181818181818
 0 -2.757575757575758
 0 -2.696969696969697
 0 -2.636363636363636
 1 -2.575757575757576
 1 -2.515151515151515
 11 -2.454545454545455
 3 -2.393939393939394
 1 -2.333333333333333
 4 -2.272727272727272
 0 -2.212121212121212
 0 -2.151515151515151
 0 -2.090909090909091
 3 -2.03030303030303
 32 -1.96969696969697
 36 -1.909090909090909
 2 -1.848484848484848
 3 -1.787878787878788
 0 -1.727272727272727
 4 -1.666666666666667
 95 -1.606060606060606
 32 -1.545454545454545
 109 -1.484848484848485
 23 -1.424242424242424
 116 -1.363636363636364
 34 -1.303030303030303
 25 -1.242424242424242
 544 -1.181818181818182
 18 -1.121212121212121
 529 -1.060606060606061
 21 -1
 507 -0.9393939393939394
 15 -0.8787878787878789
 513 -0.8181818181818183
 855 -0.7575757575757573
 656 -0.6969696969696968
 911 -0.6363636363636362
 562 -0.5757575757575757
 906 -0.5151515151515151
 583 -0.4545454545454546
 897 -0.393939393939394
 4059 -0.333333333333333
 573 -0.2727272727272725
 2612 -0.2121212121212119
 11 -0.1515151515151514
 2672 -0.09090909090909083
 21 -0.03030303030303028
 2482 0.03030303030303028
 21 0.09090909090909083
 2274 0.1515151515151514
 1507 0.2121212121212124
 2434 0.2727272727272729
 1657 0.3333333333333335
 667 0.393939393939394
 928 0.4545454545454546
 672 0.5151515151515151
 861 0.5757575757575757
 707 0.6363636363636367
 823 0.6969696969696972
 554 0.7575757575757578
 11 0.8181818181818183
 601 0.8787878787878789
 19 0.9393939393939394
 572 1
 7 1.060606060606061
 529 1.121212121212121
 11 1.181818181818182
 33 1.242424242424242
 127 1.303030303030303
 33 1.363636363636363
 102 1.424242424242425
 34 1.484848484848485
 90 1.545454545454546
 3 1.606060606060606
 0 1.666666666666667
 3 1.727272727272728
 57 1.787878787878788
 1 1.848484848484849
 36 1.909090909090909
 4 1.96969696969697
 2 2.03030303030303
 0 2.090909090909091
 0 2.151515151515151
 3 2.212121212121212
 3 2.272727272727272
 0 2.333333333333334
 10 2.393939393939394
 3 2.454545454545455
 0 2.515151515151516
 0 2.575757575757576
 0 2.636363636363637
 0 2.696969696969697
 0 2.757575757575758
 0 2.818181818181818
 0 2.878787878787879
 0 2.939393939393939
 0 3


