# Created by Octave 3.8.2, Sat Jun 20 04:10:11 2020 CEST <damian@fptrucha.inv.usc.es>
# name: hd
# type: matrix
# rows: 100
# columns: 2
 0 -3
 0 -2.939393939393939
 0 -2.878787878787879
 0 -2.818181818181818
 0 -2.757575757575758
 0 -2.696969696969697
 0 -2.636363636363636
 1 -2.575757575757576
 0 -2.515151515151515
 4 -2.454545454545455
 1 -2.393939393939394
 0 -2.333333333333333
 1 -2.272727272727272
 0 -2.212121212121212
 0 -2.151515151515151
 0 -2.090909090909091
 4 -2.03030303030303
 24 -1.96969696969697
 36 -1.909090909090909
 1 -1.848484848484848
 1 -1.787878787878788
 0 -1.727272727272727
 1 -1.666666666666667
 134 -1.606060606060606
 20 -1.545454545454545
 116 -1.484848484848485
 24 -1.424242424242424
 116 -1.363636363636364
 20 -1.303030303030303
 18 -1.242424242424242
 645 -1.181818181818182
 12 -1.121212121212121
 658 -1.060606060606061
 12 -1
 541 -0.9393939393939394
 25 -0.8787878787878789
 552 -0.8181818181818183
 1100 -0.7575757575757573
 832 -0.6969696969696968
 1208 -0.6363636363636362
 776 -0.5757575757575757
 1049 -0.5151515151515151
 678 -0.4545454545454546
 1071 -0.393939393939394
 4784 -0.333333333333333
 623 -0.2727272727272725
 3288 -0.2121212121212119
 18 -0.1515151515151514
 2949 -0.09090909090909083
 6 -0.03030303030303028
 2822 0.03030303030303028
 11 0.09090909090909083
 2516 0.1515151515151514
 1855 0.2121212121212124
 2480 0.2727272727272729
 1782 0.3333333333333335
 654 0.393939393939394
 930 0.4545454545454546
 681 0.5151515151515151
 890 0.5757575757575757
 600 0.6363636363636367
 799 0.6969696969696972
 590 0.7575757575757578
 13 0.8181818181818183
 524 0.8787878787878789
 12 0.9393939393939394
 475 1
 13 1.060606060606061
 504 1.121212121212121
 12 1.181818181818182
 31 1.242424242424242
 108 1.303030303030303
 21 1.363636363636363
 79 1.424242424242425
 22 1.484848484848485
 78 1.545454545454546
 2 1.606060606060606
 0 1.666666666666667
 2 1.727272727272728
 30 1.787878787878788
 0 1.848484848484849
 29 1.909090909090909
 4 1.96969696969697
 2 2.03030303030303
 0 2.090909090909091
 0 2.151515151515151
 0 2.212121212121212
 0 2.272727272727272
 3 2.333333333333334
 5 2.393939393939394
 0 2.454545454545455
 0 2.515151515151516
 0 2.575757575757576
 0 2.636363636363637
 0 2.696969696969697
 0 2.757575757575758
 0 2.818181818181818
 0 2.878787878787879
 0 2.939393939393939
 0 3


