# Created by Octave 3.8.2, Sat Jun 20 07:22:11 2020 CEST <damian@fptrucha.inv.usc.es>
# name: hd
# type: matrix
# rows: 100
# columns: 2
 0 -3
 0 -2.939393939393939
 0 -2.878787878787879
 0 -2.818181818181818
 0 -2.757575757575758
 0 -2.696969696969697
 0 -2.636363636363636
 1 -2.575757575757576
 0 -2.515151515151515
 4 -2.454545454545455
 0 -2.393939393939394
 1 -2.333333333333333
 0 -2.272727272727272
 0 -2.212121212121212
 0 -2.151515151515151
 0 -2.090909090909091
 4 -2.03030303030303
 37 -1.96969696969697
 36 -1.909090909090909
 1 -1.848484848484848
 1 -1.787878787878788
 0 -1.727272727272727
 2 -1.666666666666667
 134 -1.606060606060606
 30 -1.545454545454545
 133 -1.484848484848485
 21 -1.424242424242424
 100 -1.363636363636364
 26 -1.303030303030303
 17 -1.242424242424242
 670 -1.181818181818182
 25 -1.121212121212121
 648 -1.060606060606061
 15 -1
 556 -0.9393939393939394
 15 -0.8787878787878789
 573 -0.8181818181818183
 1152 -0.7575757575757573
 830 -0.6969696969696968
 1260 -0.6363636363636362
 731 -0.5757575757575757
 996 -0.5151515151515151
 696 -0.4545454545454546
 999 -0.393939393939394
 4851 -0.333333333333333
 662 -0.2727272727272725
 3220 -0.2121212121212119
 9 -0.1515151515151514
 2959 -0.09090909090909083
 17 -0.03030303030303028
 2804 0.03030303030303028
 14 0.09090909090909083
 2523 0.1515151515151514
 1856 0.2121212121212124
 2568 0.2727272727272729
 1787 0.3333333333333335
 664 0.393939393939394
 952 0.4545454545454546
 763 0.5151515151515151
 884 0.5757575757575757
 635 0.6363636363636367
 896 0.6969696969696972
 624 0.7575757575757578
 12 0.8181818181818183
 581 0.8787878787878789
 17 0.9393939393939394
 538 1
 11 1.060606060606061
 516 1.121212121212121
 6 1.181818181818182
 31 1.242424242424242
 81 1.303030303030303
 14 1.363636363636363
 92 1.424242424242425
 20 1.484848484848485
 95 1.545454545454546
 1 1.606060606060606
 0 1.666666666666667
 1 1.727272727272728
 40 1.787878787878788
 2 1.848484848484849
 34 1.909090909090909
 1 1.96969696969697
 3 2.03030303030303
 0 2.090909090909091
 0 2.151515151515151
 1 2.212121212121212
 1 2.272727272727272
 0 2.333333333333334
 5 2.393939393939394
 1 2.454545454545455
 1 2.515151515151516
 0 2.575757575757576
 0 2.636363636363637
 0 2.696969696969697
 0 2.757575757575758
 0 2.818181818181818
 0 2.878787878787879
 0 2.939393939393939
 0 3


