# Created by Octave 3.8.2, Mon Jun 22 17:43:08 2020 CEST <damian@fptrucha.inv.usc.es>
# name: hd
# type: matrix
# rows: 100
# columns: 2
 0 -3
 0 -2.939393939393939
 0 -2.878787878787879
 0 -2.818181818181818
 0 -2.757575757575758
 0 -2.696969696969697
 0 -2.636363636363636
 2 -2.575757575757576
 2 -2.515151515151515
 7 -2.454545454545455
 1 -2.393939393939394
 0 -2.333333333333333
 0 -2.272727272727272
 0 -2.212121212121212
 0 -2.151515151515151
 0 -2.090909090909091
 4 -2.03030303030303
 27 -1.96969696969697
 35 -1.909090909090909
 1 -1.848484848484848
 2 -1.787878787878788
 0 -1.727272727272727
 2 -1.666666666666667
 109 -1.606060606060606
 24 -1.545454545454545
 124 -1.484848484848485
 27 -1.424242424242424
 130 -1.363636363636364
 29 -1.303030303030303
 9 -1.242424242424242
 562 -1.181818181818182
 17 -1.121212121212121
 600 -1.060606060606061
 17 -1
 567 -0.9393939393939394
 27 -0.8787878787878789
 540 -0.8181818181818183
 956 -0.7575757575757573
 667 -0.6969696969696968
 1039 -0.6363636363636362
 665 -0.5757575757575757
 954 -0.5151515151515151
 689 -0.4545454545454546
 942 -0.393939393939394
 4223 -0.333333333333333
 662 -0.2727272727272725
 2698 -0.2121212121212119
 14 -0.1515151515151514
 2749 -0.09090909090909083
 18 -0.03030303030303028
 2695 0.03030303030303028
 21 0.09090909090909083
 2332 0.1515151515151514
 1646 0.2121212121212124
 2368 0.2727272727272729
 1637 0.3333333333333335
 666 0.393939393939394
 954 0.4545454545454546
 660 0.5151515151515151
 912 0.5757575757575757
 673 0.6363636363636367
 870 0.6969696969696972
 536 0.7575757575757578
 18 0.8181818181818183
 583 0.8787878787878789
 19 0.9393939393939394
 603 1
 16 1.060606060606061
 528 1.121212121212121
 11 1.181818181818182
 29 1.242424242424242
 103 1.303030303030303
 21 1.363636363636363
 117 1.424242424242425
 31 1.484848484848485
 104 1.545454545454546
 7 1.606060606060606
 0 1.666666666666667
 0 1.727272727272728
 38 1.787878787878788
 7 1.848484848484849
 43 1.909090909090909
 4 1.96969696969697
 2 2.03030303030303
 0 2.090909090909091
 0 2.151515151515151
 0 2.212121212121212
 1 2.272727272727272
 1 2.333333333333334
 8 2.393939393939394
 0 2.454545454545455
 0 2.515151515151516
 0 2.575757575757576
 0 2.636363636363637
 0 2.696969696969697
 0 2.757575757575758
 0 2.818181818181818
 0 2.878787878787879
 0 2.939393939393939
 0 3


