# Created by Octave 3.8.2, Sun Jun 21 04:26:17 2020 CEST <damian@fptrucha.inv.usc.es>
# name: hd
# type: matrix
# rows: 100
# columns: 2
 0 -3
 0 -2.939393939393939
 0 -2.878787878787879
 0 -2.818181818181818
 0 -2.757575757575758
 0 -2.696969696969697
 0 -2.636363636363636
 1 -2.575757575757576
 1 -2.515151515151515
 3 -2.454545454545455
 0 -2.393939393939394
 1 -2.333333333333333
 0 -2.272727272727272
 0 -2.212121212121212
 0 -2.151515151515151
 1 -2.090909090909091
 1 -2.03030303030303
 21 -1.96969696969697
 22 -1.909090909090909
 2 -1.848484848484848
 3 -1.787878787878788
 0 -1.727272727272727
 2 -1.666666666666667
 91 -1.606060606060606
 20 -1.545454545454545
 95 -1.484848484848485
 19 -1.424242424242424
 89 -1.363636363636364
 17 -1.303030303030303
 16 -1.242424242424242
 551 -1.181818181818182
 13 -1.121212121212121
 534 -1.060606060606061
 13 -1
 460 -0.9393939393939394
 18 -0.8787878787878789
 448 -0.8181818181818183
 1026 -0.7575757575757573
 655 -0.6969696969696968
 1011 -0.6363636363636362
 608 -0.5757575757575757
 854 -0.5151515151515151
 548 -0.4545454545454546
 869 -0.393939393939394
 4145 -0.333333333333333
 543 -0.2727272727272725
 2780 -0.2121212121212119
 12 -0.1515151515151514
 2593 -0.09090909090909083
 14 -0.03030303030303028
 2466 0.03030303030303028
 11 0.09090909090909083
 2119 0.1515151515151514
 1710 0.2121212121212124
 2238 0.2727272727272729
 1616 0.3333333333333335
 629 0.393939393939394
 860 0.4545454545454546
 585 0.5151515151515151
 735 0.5757575757575757
 542 0.6363636363636367
 780 0.6969696969696972
 552 0.7575757575757578
 14 0.8181818181818183
 553 0.8787878787878789
 14 0.9393939393939394
 489 1
 13 1.060606060606061
 440 1.121212121212121
 9 1.181818181818182
 17 1.242424242424242
 105 1.303030303030303
 22 1.363636363636363
 110 1.424242424242425
 25 1.484848484848485
 86 1.545454545454546
 1 1.606060606060606
 0 1.666666666666667
 1 1.727272727272728
 31 1.787878787878788
 3 1.848484848484849
 21 1.909090909090909
 1 1.96969696969697
 2 2.03030303030303
 0 2.090909090909091
 0 2.151515151515151
 1 2.212121212121212
 0 2.272727272727272
 1 2.333333333333334
 6 2.393939393939394
 1 2.454545454545455
 0 2.515151515151516
 0 2.575757575757576
 0 2.636363636363637
 0 2.696969696969697
 0 2.757575757575758
 0 2.818181818181818
 0 2.878787878787879
 0 2.939393939393939
 0 3


