# Created by Octave 3.8.2, Mon Jun 22 01:05:12 2020 CEST <damian@fptrucha.inv.usc.es>
# name: hd
# type: matrix
# rows: 100
# columns: 2
 0 -3
 0 -2.939393939393939
 0 -2.878787878787879
 0 -2.818181818181818
 0 -2.757575757575758
 0 -2.696969696969697
 0 -2.636363636363636
 1 -2.575757575757576
 1 -2.515151515151515
 6 -2.454545454545455
 1 -2.393939393939394
 0 -2.333333333333333
 0 -2.272727272727272
 0 -2.212121212121212
 0 -2.151515151515151
 1 -2.090909090909091
 5 -2.03030303030303
 27 -1.96969696969697
 16 -1.909090909090909
 2 -1.848484848484848
 1 -1.787878787878788
 0 -1.727272727272727
 3 -1.666666666666667
 95 -1.606060606060606
 18 -1.545454545454545
 98 -1.484848484848485
 26 -1.424242424242424
 94 -1.363636363636364
 16 -1.303030303030303
 10 -1.242424242424242
 529 -1.181818181818182
 18 -1.121212121212121
 504 -1.060606060606061
 9 -1
 447 -0.9393939393939394
 16 -0.8787878787878789
 401 -0.8181818181818183
 948 -0.7575757575757573
 642 -0.6969696969696968
 1027 -0.6363636363636362
 629 -0.5757575757575757
 856 -0.5151515151515151
 631 -0.4545454545454546
 815 -0.393939393939394
 4317 -0.333333333333333
 521 -0.2727272727272725
 2855 -0.2121212121212119
 15 -0.1515151515151514
 2722 -0.09090909090909083
 9 -0.03030303030303028
 2558 0.03030303030303028
 13 0.09090909090909083
 2237 0.1515151515151514
 1762 0.2121212121212124
 2276 0.2727272727272729
 1670 0.3333333333333335
 618 0.393939393939394
 931 0.4545454545454546
 661 0.5151515151515151
 800 0.5757575757575757
 615 0.6363636363636367
 826 0.6969696969696972
 587 0.7575757575757578
 11 0.8181818181818183
 551 0.8787878787878789
 18 0.9393939393939394
 528 1
 11 1.060606060606061
 490 1.121212121212121
 11 1.181818181818182
 30 1.242424242424242
 100 1.303030303030303
 31 1.363636363636363
 109 1.424242424242425
 28 1.484848484848485
 89 1.545454545454546
 3 1.606060606060606
 0 1.666666666666667
 0 1.727272727272728
 35 1.787878787878788
 3 1.848484848484849
 29 1.909090909090909
 1 1.96969696969697
 1 2.03030303030303
 0 2.090909090909091
 0 2.151515151515151
 6 2.212121212121212
 1 2.272727272727272
 1 2.333333333333334
 5 2.393939393939394
 0 2.454545454545455
 0 2.515151515151516
 0 2.575757575757576
 0 2.636363636363637
 0 2.696969696969697
 0 2.757575757575758
 0 2.818181818181818
 0 2.878787878787879
 0 2.939393939393939
 0 3


