# Created by Octave 3.8.2, Mon Jun 22 02:21:51 2020 CEST <damian@fptrucha.inv.usc.es>
# name: hd
# type: matrix
# rows: 100
# columns: 2
 0 -3
 0 -2.939393939393939
 0 -2.878787878787879
 0 -2.818181818181818
 0 -2.757575757575758
 0 -2.696969696969697
 0 -2.636363636363636
 0 -2.575757575757576
 2 -2.515151515151515
 14 -2.454545454545455
 3 -2.393939393939394
 0 -2.333333333333333
 0 -2.272727272727272
 0 -2.212121212121212
 0 -2.151515151515151
 0 -2.090909090909091
 3 -2.03030303030303
 47 -1.96969696969697
 33 -1.909090909090909
 1 -1.848484848484848
 3 -1.787878787878788
 0 -1.727272727272727
 2 -1.666666666666667
 108 -1.606060606060606
 28 -1.545454545454545
 104 -1.484848484848485
 28 -1.424242424242424
 107 -1.363636363636364
 26 -1.303030303030303
 17 -1.242424242424242
 527 -1.181818181818182
 17 -1.121212121212121
 483 -1.060606060606061
 17 -1
 549 -0.9393939393939394
 17 -0.8787878787878789
 482 -0.8181818181818183
 984 -0.7575757575757573
 621 -0.6969696969696968
 944 -0.6363636363636362
 576 -0.5757575757575757
 843 -0.5151515151515151
 590 -0.4545454545454546
 821 -0.393939393939394
 4045 -0.333333333333333
 534 -0.2727272727272725
 2474 -0.2121212121212119
 10 -0.1515151515151514
 2492 -0.09090909090909083
 12 -0.03030303030303028
 2448 0.03030303030303028
 20 0.09090909090909083
 2096 0.1515151515151514
 1692 0.2121212121212124
 2195 0.2727272727272729
 1580 0.3333333333333335
 624 0.393939393939394
 920 0.4545454545454546
 611 0.5151515151515151
 754 0.5757575757575757
 621 0.6363636363636367
 821 0.6969696969696972
 556 0.7575757575757578
 9 0.8181818181818183
 561 0.8787878787878789
 21 0.9393939393939394
 560 1
 25 1.060606060606061
 487 1.121212121212121
 23 1.181818181818182
 34 1.242424242424242
 123 1.303030303030303
 24 1.363636363636363
 110 1.424242424242425
 30 1.484848484848485
 117 1.545454545454546
 1 1.606060606060606
 0 1.666666666666667
 3 1.727272727272728
 45 1.787878787878788
 4 1.848484848484849
 33 1.909090909090909
 5 1.96969696969697
 2 2.03030303030303
 0 2.090909090909091
 0 2.151515151515151
 2 2.212121212121212
 1 2.272727272727272
 0 2.333333333333334
 12 2.393939393939394
 2 2.454545454545455
 0 2.515151515151516
 0 2.575757575757576
 0 2.636363636363637
 0 2.696969696969697
 0 2.757575757575758
 0 2.818181818181818
 0 2.878787878787879
 0 2.939393939393939
 0 3


