# Created by Octave 3.8.2, Mon Jun 22 18:25:14 2020 CEST <damian@fptrucha.inv.usc.es>
# name: hd
# type: matrix
# rows: 100
# columns: 2
 0 -3
 0 -2.939393939393939
 0 -2.878787878787879
 0 -2.818181818181818
 0 -2.757575757575758
 0 -2.696969696969697
 0 -2.636363636363636
 4 -2.575757575757576
 0 -2.515151515151515
 11 -2.454545454545455
 0 -2.393939393939394
 0 -2.333333333333333
 2 -2.272727272727272
 0 -2.212121212121212
 0 -2.151515151515151
 2 -2.090909090909091
 6 -2.03030303030303
 38 -1.96969696969697
 42 -1.909090909090909
 0 -1.848484848484848
 2 -1.787878787878788
 0 -1.727272727272727
 3 -1.666666666666667
 109 -1.606060606060606
 28 -1.545454545454545
 135 -1.484848484848485
 20 -1.424242424242424
 114 -1.363636363636364
 30 -1.303030303030303
 14 -1.242424242424242
 559 -1.181818181818182
 16 -1.121212121212121
 565 -1.060606060606061
 14 -1
 586 -0.9393939393939394
 24 -0.8787878787878789
 551 -0.8181818181818183
 971 -0.7575757575757573
 640 -0.6969696969696968
 1076 -0.6363636363636362
 666 -0.5757575757575757
 939 -0.5151515151515151
 631 -0.4545454545454546
 966 -0.393939393939394
 4295 -0.333333333333333
 613 -0.2727272727272725
 2821 -0.2121212121212119
 11 -0.1515151515151514
 2695 -0.09090909090909083
 17 -0.03030303030303028
 2561 0.03030303030303028
 18 0.09090909090909083
 2405 0.1515151515151514
 1592 0.2121212121212124
 2420 0.2727272727272729
 1548 0.3333333333333335
 638 0.393939393939394
 908 0.4545454545454546
 662 0.5151515151515151
 799 0.5757575757575757
 650 0.6363636363636367
 819 0.6969696969696972
 521 0.7575757575757578
 7 0.8181818181818183
 568 0.8787878787878789
 13 0.9393939393939394
 534 1
 15 1.060606060606061
 505 1.121212121212121
 9 1.181818181818182
 24 1.242424242424242
 83 1.303030303030303
 25 1.363636363636363
 103 1.424242424242425
 31 1.484848484848485
 87 1.545454545454546
 2 1.606060606060606
 0 1.666666666666667
 1 1.727272727272728
 36 1.787878787878788
 5 1.848484848484849
 33 1.909090909090909
 2 1.96969696969697
 1 2.03030303030303
 0 2.090909090909091
 0 2.151515151515151
 0 2.212121212121212
 0 2.272727272727272
 1 2.333333333333334
 6 2.393939393939394
 0 2.454545454545455
 0 2.515151515151516
 0 2.575757575757576
 0 2.636363636363637
 0 2.696969696969697
 0 2.757575757575758
 0 2.818181818181818
 0 2.878787878787879
 0 2.939393939393939
 0 3


