# Created by Octave 3.8.2, Sat Jun 20 15:14:52 2020 CEST <damian@fptrucha.inv.usc.es>
# name: hd
# type: matrix
# rows: 100
# columns: 2
 0 -3
 0 -2.939393939393939
 0 -2.878787878787879
 0 -2.818181818181818
 0 -2.757575757575758
 0 -2.696969696969697
 0 -2.636363636363636
 1 -2.575757575757576
 1 -2.515151515151515
 2 -2.454545454545455
 0 -2.393939393939394
 0 -2.333333333333333
 0 -2.272727272727272
 0 -2.212121212121212
 0 -2.151515151515151
 1 -2.090909090909091
 4 -2.03030303030303
 19 -1.96969696969697
 24 -1.909090909090909
 1 -1.848484848484848
 2 -1.787878787878788
 0 -1.727272727272727
 0 -1.666666666666667
 96 -1.606060606060606
 14 -1.545454545454545
 98 -1.484848484848485
 12 -1.424242424242424
 76 -1.363636363636364
 19 -1.303030303030303
 14 -1.242424242424242
 575 -1.181818181818182
 11 -1.121212121212121
 521 -1.060606060606061
 10 -1
 475 -0.9393939393939394
 9 -0.8787878787878789
 448 -0.8181818181818183
 983 -0.7575757575757573
 669 -0.6969696969696968
 993 -0.6363636363636362
 611 -0.5757575757575757
 873 -0.5151515151515151
 566 -0.4545454545454546
 869 -0.393939393939394
 4311 -0.333333333333333
 546 -0.2727272727272725
 2884 -0.2121212121212119
 13 -0.1515151515151514
 2709 -0.09090909090909083
 8 -0.03030303030303028
 2655 0.03030303030303028
 7 0.09090909090909083
 2212 0.1515151515151514
 1780 0.2121212121212124
 2226 0.2727272727272729
 1705 0.3333333333333335
 666 0.393939393939394
 951 0.4545454545454546
 688 0.5151515151515151
 920 0.5757575757575757
 641 0.6363636363636367
 851 0.6969696969696972
 619 0.7575757575757578
 12 0.8181818181818183
 584 0.8787878787878789
 8 0.9393939393939394
 564 1
 14 1.060606060606061
 508 1.121212121212121
 9 1.181818181818182
 28 1.242424242424242
 111 1.303030303030303
 24 1.363636363636363
 118 1.424242424242425
 31 1.484848484848485
 95 1.545454545454546
 0 1.606060606060606
 0 1.666666666666667
 3 1.727272727272728
 35 1.787878787878788
 3 1.848484848484849
 35 1.909090909090909
 7 1.96969696969697
 1 2.03030303030303
 0 2.090909090909091
 0 2.151515151515151
 3 2.212121212121212
 0 2.272727272727272
 1 2.333333333333334
 6 2.393939393939394
 0 2.454545454545455
 1 2.515151515151516
 0 2.575757575757576
 0 2.636363636363637
 0 2.696969696969697
 0 2.757575757575758
 0 2.818181818181818
 0 2.878787878787879
 0 2.939393939393939
 0 3


