# Created by Octave 3.8.2, Mon Jun 22 13:26:46 2020 CEST <damian@fptrucha.inv.usc.es>
# name: hd
# type: matrix
# rows: 100
# columns: 2
 0 -3
 0 -2.939393939393939
 0 -2.878787878787879
 0 -2.818181818181818
 0 -2.757575757575758
 0 -2.696969696969697
 0 -2.636363636363636
 0 -2.575757575757576
 0 -2.515151515151515
 7 -2.454545454545455
 1 -2.393939393939394
 1 -2.333333333333333
 3 -2.272727272727272
 0 -2.212121212121212
 0 -2.151515151515151
 3 -2.090909090909091
 9 -2.03030303030303
 42 -1.96969696969697
 37 -1.909090909090909
 1 -1.848484848484848
 2 -1.787878787878788
 0 -1.727272727272727
 2 -1.666666666666667
 115 -1.606060606060606
 35 -1.545454545454545
 119 -1.484848484848485
 30 -1.424242424242424
 96 -1.363636363636364
 22 -1.303030303030303
 9 -1.242424242424242
 525 -1.181818181818182
 14 -1.121212121212121
 549 -1.060606060606061
 12 -1
 530 -0.9393939393939394
 24 -0.8787878787878789
 506 -0.8181818181818183
 885 -0.7575757575757573
 647 -0.6969696969696968
 978 -0.6363636363636362
 683 -0.5757575757575757
 865 -0.5151515151515151
 601 -0.4545454545454546
 950 -0.393939393939394
 4123 -0.333333333333333
 611 -0.2727272727272725
 2627 -0.2121212121212119
 14 -0.1515151515151514
 2667 -0.09090909090909083
 24 -0.03030303030303028
 2478 0.03030303030303028
 20 0.09090909090909083
 2304 0.1515151515151514
 1634 0.2121212121212124
 2356 0.2727272727272729
 1572 0.3333333333333335
 682 0.393939393939394
 925 0.4545454545454546
 655 0.5151515151515151
 852 0.5757575757575757
 641 0.6363636363636367
 864 0.6969696969696972
 570 0.7575757575757578
 16 0.8181818181818183
 569 0.8787878787878789
 30 0.9393939393939394
 544 1
 17 1.060606060606061
 521 1.121212121212121
 15 1.181818181818182
 28 1.242424242424242
 123 1.303030303030303
 34 1.363636363636363
 121 1.424242424242425
 31 1.484848484848485
 105 1.545454545454546
 3 1.606060606060606
 0 1.666666666666667
 3 1.727272727272728
 36 1.787878787878788
 3 1.848484848484849
 33 1.909090909090909
 5 1.96969696969697
 5 2.03030303030303
 0 2.090909090909091
 0 2.151515151515151
 2 2.212121212121212
 3 2.272727272727272
 0 2.333333333333334
 11 2.393939393939394
 1 2.454545454545455
 3 2.515151515151516
 0 2.575757575757576
 0 2.636363636363637
 0 2.696969696969697
 0 2.757575757575758
 0 2.818181818181818
 0 2.878787878787879
 0 2.939393939393939
 0 3


