# Created by Octave 3.8.2, Mon Jun 22 12:44:07 2020 CEST <damian@fptrucha.inv.usc.es>
# name: hd
# type: matrix
# rows: 100
# columns: 2
 0 -3
 0 -2.939393939393939
 0 -2.878787878787879
 0 -2.818181818181818
 0 -2.757575757575758
 0 -2.696969696969697
 0 -2.636363636363636
 0 -2.575757575757576
 0 -2.515151515151515
 4 -2.454545454545455
 1 -2.393939393939394
 0 -2.333333333333333
 1 -2.272727272727272
 0 -2.212121212121212
 0 -2.151515151515151
 0 -2.090909090909091
 5 -2.03030303030303
 25 -1.96969696969697
 35 -1.909090909090909
 1 -1.848484848484848
 1 -1.787878787878788
 0 -1.727272727272727
 2 -1.666666666666667
 104 -1.606060606060606
 21 -1.545454545454545
 113 -1.484848484848485
 27 -1.424242424242424
 84 -1.363636363636364
 20 -1.303030303030303
 14 -1.242424242424242
 552 -1.181818181818182
 19 -1.121212121212121
 516 -1.060606060606061
 19 -1
 516 -0.9393939393939394
 24 -0.8787878787878789
 485 -0.8181818181818183
 885 -0.7575757575757573
 602 -0.6969696969696968
 953 -0.6363636363636362
 641 -0.5757575757575757
 905 -0.5151515151515151
 547 -0.4545454545454546
 928 -0.393939393939394
 4175 -0.333333333333333
 590 -0.2727272727272725
 2646 -0.2121212121212119
 17 -0.1515151515151514
 2636 -0.09090909090909083
 18 -0.03030303030303028
 2564 0.03030303030303028
 14 0.09090909090909083
 2298 0.1515151515151514
 1613 0.2121212121212124
 2379 0.2727272727272729
 1558 0.3333333333333335
 681 0.393939393939394
 950 0.4545454545454546
 698 0.5151515151515151
 786 0.5757575757575757
 651 0.6363636363636367
 834 0.6969696969696972
 581 0.7575757575757578
 12 0.8181818181818183
 601 0.8787878787878789
 19 0.9393939393939394
 512 1
 24 1.060606060606061
 533 1.121212121212121
 12 1.181818181818182
 32 1.242424242424242
 125 1.303030303030303
 32 1.363636363636363
 115 1.424242424242425
 32 1.484848484848485
 119 1.545454545454546
 1 1.606060606060606
 0 1.666666666666667
 2 1.727272727272728
 42 1.787878787878788
 6 1.848484848484849
 27 1.909090909090909
 3 1.96969696969697
 2 2.03030303030303
 0 2.090909090909091
 0 2.151515151515151
 1 2.212121212121212
 0 2.272727272727272
 1 2.333333333333334
 3 2.393939393939394
 0 2.454545454545455
 1 2.515151515151516
 0 2.575757575757576
 0 2.636363636363637
 0 2.696969696969697
 0 2.757575757575758
 0 2.818181818181818
 0 2.878787878787879
 0 2.939393939393939
 0 3


