# Created by Octave 3.8.2, Mon Jun 22 19:15:54 2020 CEST <damian@fptrucha.inv.usc.es>
# name: hd
# type: matrix
# rows: 100
# columns: 2
 0 -3
 0 -2.939393939393939
 0 -2.878787878787879
 0 -2.818181818181818
 0 -2.757575757575758
 0 -2.696969696969697
 0 -2.636363636363636
 1 -2.575757575757576
 1 -2.515151515151515
 17 -2.454545454545455
 0 -2.393939393939394
 1 -2.333333333333333
 2 -2.272727272727272
 0 -2.212121212121212
 0 -2.151515151515151
 0 -2.090909090909091
 2 -2.03030303030303
 39 -1.96969696969697
 33 -1.909090909090909
 2 -1.848484848484848
 2 -1.787878787878788
 0 -1.727272727272727
 2 -1.666666666666667
 111 -1.606060606060606
 36 -1.545454545454545
 105 -1.484848484848485
 25 -1.424242424242424
 116 -1.363636363636364
 30 -1.303030303030303
 18 -1.242424242424242
 624 -1.181818181818182
 14 -1.121212121212121
 600 -1.060606060606061
 17 -1
 588 -0.9393939393939394
 23 -0.8787878787878789
 556 -0.8181818181818183
 988 -0.7575757575757573
 680 -0.6969696969696968
 1104 -0.6363636363636362
 692 -0.5757575757575757
 957 -0.5151515151515151
 627 -0.4545454545454546
 1003 -0.393939393939394
 4295 -0.333333333333333
 653 -0.2727272727272725
 2713 -0.2121212121212119
 18 -0.1515151515151514
 2734 -0.09090909090909083
 13 -0.03030303030303028
 2526 0.03030303030303028
 18 0.09090909090909083
 2427 0.1515151515151514
 1598 0.2121212121212124
 2363 0.2727272727272729
 1666 0.3333333333333335
 721 0.393939393939394
 946 0.4545454545454546
 629 0.5151515151515151
 787 0.5757575757575757
 634 0.6363636363636367
 855 0.6969696969696972
 511 0.7575757575757578
 17 0.8181818181818183
 563 0.8787878787878789
 17 0.9393939393939394
 548 1
 21 1.060606060606061
 556 1.121212121212121
 18 1.181818181818182
 35 1.242424242424242
 102 1.303030303030303
 37 1.363636363636363
 119 1.424242424242425
 24 1.484848484848485
 91 1.545454545454546
 2 1.606060606060606
 0 1.666666666666667
 3 1.727272727272728
 34 1.787878787878788
 3 1.848484848484849
 26 1.909090909090909
 4 1.96969696969697
 1 2.03030303030303
 0 2.090909090909091
 0 2.151515151515151
 1 2.212121212121212
 0 2.272727272727272
 0 2.333333333333334
 8 2.393939393939394
 0 2.454545454545455
 0 2.515151515151516
 0 2.575757575757576
 0 2.636363636363637
 0 2.696969696969697
 0 2.757575757575758
 0 2.818181818181818
 0 2.878787878787879
 0 2.939393939393939
 0 3


