# Created by Octave 3.8.2, Mon Jun 22 16:07:09 2020 CEST <damian@fptrucha.inv.usc.es>
# name: hd
# type: matrix
# rows: 100
# columns: 2
 0 -3
 0 -2.939393939393939
 0 -2.878787878787879
 0 -2.818181818181818
 0 -2.757575757575758
 0 -2.696969696969697
 0 -2.636363636363636
 1 -2.575757575757576
 2 -2.515151515151515
 8 -2.454545454545455
 0 -2.393939393939394
 0 -2.333333333333333
 2 -2.272727272727272
 0 -2.212121212121212
 0 -2.151515151515151
 0 -2.090909090909091
 1 -2.03030303030303
 35 -1.96969696969697
 30 -1.909090909090909
 2 -1.848484848484848
 2 -1.787878787878788
 0 -1.727272727272727
 2 -1.666666666666667
 98 -1.606060606060606
 22 -1.545454545454545
 91 -1.484848484848485
 16 -1.424242424242424
 120 -1.363636363636364
 26 -1.303030303030303
 13 -1.242424242424242
 556 -1.181818181818182
 9 -1.121212121212121
 535 -1.060606060606061
 22 -1
 564 -0.9393939393939394
 20 -0.8787878787878789
 516 -0.8181818181818183
 933 -0.7575757575757573
 647 -0.6969696969696968
 1035 -0.6363636363636362
 616 -0.5757575757575757
 908 -0.5151515151515151
 674 -0.4545454545454546
 920 -0.393939393939394
 4297 -0.333333333333333
 563 -0.2727272727272725
 2743 -0.2121212121212119
 21 -0.1515151515151514
 2683 -0.09090909090909083
 20 -0.03030303030303028
 2588 0.03030303030303028
 21 0.09090909090909083
 2288 0.1515151515151514
 1623 0.2121212121212124
 2382 0.2727272727272729
 1723 0.3333333333333335
 686 0.393939393939394
 935 0.4545454545454546
 654 0.5151515151515151
 871 0.5757575757575757
 640 0.6363636363636367
 893 0.6969696969696972
 593 0.7575757575757578
 23 0.8181818181818183
 627 0.8787878787878789
 23 0.9393939393939394
 617 1
 10 1.060606060606061
 542 1.121212121212121
 14 1.181818181818182
 37 1.242424242424242
 149 1.303030303030303
 35 1.363636363636363
 112 1.424242424242425
 34 1.484848484848485
 114 1.545454545454546
 2 1.606060606060606
 0 1.666666666666667
 3 1.727272727272728
 44 1.787878787878788
 3 1.848484848484849
 31 1.909090909090909
 3 1.96969696969697
 5 2.03030303030303
 0 2.090909090909091
 0 2.151515151515151
 1 2.212121212121212
 1 2.272727272727272
 1 2.333333333333334
 9 2.393939393939394
 1 2.454545454545455
 1 2.515151515151516
 0 2.575757575757576
 0 2.636363636363637
 0 2.696969696969697
 0 2.757575757575758
 0 2.818181818181818
 0 2.878787878787879
 0 2.939393939393939
 0 3


