# Created by Octave 3.8.2, Mon Jun 22 12:51:13 2020 CEST <damian@fptrucha.inv.usc.es>
# name: hd
# type: matrix
# rows: 100
# columns: 2
 0 -3
 0 -2.939393939393939
 0 -2.878787878787879
 0 -2.818181818181818
 0 -2.757575757575758
 0 -2.696969696969697
 0 -2.636363636363636
 0 -2.575757575757576
 0 -2.515151515151515
 8 -2.454545454545455
 0 -2.393939393939394
 0 -2.333333333333333
 0 -2.272727272727272
 0 -2.212121212121212
 0 -2.151515151515151
 3 -2.090909090909091
 3 -2.03030303030303
 33 -1.96969696969697
 36 -1.909090909090909
 1 -1.848484848484848
 0 -1.787878787878788
 0 -1.727272727272727
 1 -1.666666666666667
 119 -1.606060606060606
 19 -1.545454545454545
 115 -1.484848484848485
 11 -1.424242424242424
 120 -1.363636363636364
 31 -1.303030303030303
 19 -1.242424242424242
 599 -1.181818181818182
 14 -1.121212121212121
 569 -1.060606060606061
 18 -1
 507 -0.9393939393939394
 28 -0.8787878787878789
 503 -0.8181818181818183
 859 -0.7575757575757573
 587 -0.6969696969696968
 1040 -0.6363636363636362
 685 -0.5757575757575757
 852 -0.5151515151515151
 587 -0.4545454545454546
 966 -0.393939393939394
 4146 -0.333333333333333
 583 -0.2727272727272725
 2731 -0.2121212121212119
 16 -0.1515151515151514
 2725 -0.09090909090909083
 14 -0.03030303030303028
 2580 0.03030303030303028
 18 0.09090909090909083
 2304 0.1515151515151514
 1624 0.2121212121212124
 2357 0.2727272727272729
 1598 0.3333333333333335
 647 0.393939393939394
 905 0.4545454545454546
 693 0.5151515151515151
 770 0.5757575757575757
 668 0.6363636363636367
 813 0.6969696969696972
 549 0.7575757575757578
 15 0.8181818181818183
 549 0.8787878787878789
 14 0.9393939393939394
 532 1
 14 1.060606060606061
 499 1.121212121212121
 13 1.181818181818182
 25 1.242424242424242
 114 1.303030303030303
 23 1.363636363636363
 98 1.424242424242425
 43 1.484848484848485
 93 1.545454545454546
 2 1.606060606060606
 0 1.666666666666667
 1 1.727272727272728
 41 1.787878787878788
 7 1.848484848484849
 33 1.909090909090909
 7 1.96969696969697
 1 2.03030303030303
 0 2.090909090909091
 0 2.151515151515151
 1 2.212121212121212
 0 2.272727272727272
 0 2.333333333333334
 15 2.393939393939394
 0 2.454545454545455
 3 2.515151515151516
 0 2.575757575757576
 0 2.636363636363637
 0 2.696969696969697
 0 2.757575757575758
 0 2.818181818181818
 0 2.878787878787879
 0 2.939393939393939
 0 3


