# Created by Octave 3.8.2, Sat Jun 20 11:35:03 2020 CEST <damian@fptrucha.inv.usc.es>
# name: hd
# type: matrix
# rows: 100
# columns: 2
 0 -3
 0 -2.939393939393939
 0 -2.878787878787879
 0 -2.818181818181818
 0 -2.757575757575758
 0 -2.696969696969697
 0 -2.636363636363636
 1 -2.575757575757576
 1 -2.515151515151515
 6 -2.454545454545455
 0 -2.393939393939394
 0 -2.333333333333333
 0 -2.272727272727272
 0 -2.212121212121212
 0 -2.151515151515151
 3 -2.090909090909091
 6 -2.03030303030303
 21 -1.96969696969697
 21 -1.909090909090909
 0 -1.848484848484848
 1 -1.787878787878788
 0 -1.727272727272727
 1 -1.666666666666667
 95 -1.606060606060606
 29 -1.545454545454545
 107 -1.484848484848485
 8 -1.424242424242424
 80 -1.363636363636364
 24 -1.303030303030303
 16 -1.242424242424242
 600 -1.181818181818182
 18 -1.121212121212121
 553 -1.060606060606061
 9 -1
 519 -0.9393939393939394
 19 -0.8787878787878789
 524 -0.8181818181818183
 1112 -0.7575757575757573
 745 -0.6969696969696968
 1144 -0.6363636363636362
 666 -0.5757575757575757
 963 -0.5151515151515151
 596 -0.4545454545454546
 855 -0.393939393939394
 4516 -0.333333333333333
 592 -0.2727272727272725
 3101 -0.2121212121212119
 6 -0.1515151515151514
 2894 -0.09090909090909083
 7 -0.03030303030303028
 2771 0.03030303030303028
 8 0.09090909090909083
 2319 0.1515151515151514
 1978 0.2121212121212124
 2443 0.2727272727272729
 1827 0.3333333333333335
 697 0.393939393939394
 1052 0.4545454545454546
 745 0.5151515151515151
 881 0.5757575757575757
 654 0.6363636363636367
 853 0.6969696969696972
 676 0.7575757575757578
 23 0.8181818181818183
 590 0.8787878787878789
 15 0.9393939393939394
 594 1
 7 1.060606060606061
 572 1.121212121212121
 15 1.181818181818182
 30 1.242424242424242
 121 1.303030303030303
 29 1.363636363636363
 114 1.424242424242425
 35 1.484848484848485
 94 1.545454545454546
 2 1.606060606060606
 0 1.666666666666667
 0 1.727272727272728
 30 1.787878787878788
 2 1.848484848484849
 34 1.909090909090909
 3 1.96969696969697
 3 2.03030303030303
 0 2.090909090909091
 0 2.151515151515151
 1 2.212121212121212
 0 2.272727272727272
 1 2.333333333333334
 4 2.393939393939394
 0 2.454545454545455
 2 2.515151515151516
 0 2.575757575757576
 0 2.636363636363637
 0 2.696969696969697
 0 2.757575757575758
 0 2.818181818181818
 0 2.878787878787879
 0 2.939393939393939
 0 3


