# Created by Octave 3.8.2, Sun Jun 21 06:43:09 2020 CEST <damian@fptrucha.inv.usc.es>
# name: hd
# type: matrix
# rows: 100
# columns: 2
 0 -3
 0 -2.939393939393939
 0 -2.878787878787879
 0 -2.818181818181818
 0 -2.757575757575758
 0 -2.696969696969697
 0 -2.636363636363636
 0 -2.575757575757576
 0 -2.515151515151515
 5 -2.454545454545455
 1 -2.393939393939394
 3 -2.333333333333333
 3 -2.272727272727272
 0 -2.212121212121212
 0 -2.151515151515151
 1 -2.090909090909091
 3 -2.03030303030303
 22 -1.96969696969697
 23 -1.909090909090909
 0 -1.848484848484848
 0 -1.787878787878788
 0 -1.727272727272727
 0 -1.666666666666667
 84 -1.606060606060606
 21 -1.545454545454545
 95 -1.484848484848485
 27 -1.424242424242424
 80 -1.363636363636364
 26 -1.303030303030303
 4 -1.242424242424242
 585 -1.181818181818182
 9 -1.121212121212121
 528 -1.060606060606061
 10 -1
 469 -0.9393939393939394
 18 -0.8787878787878789
 455 -0.8181818181818183
 973 -0.7575757575757573
 677 -0.6969696969696968
 994 -0.6363636363636362
 644 -0.5757575757575757
 910 -0.5151515151515151
 564 -0.4545454545454546
 885 -0.393939393939394
 4185 -0.333333333333333
 570 -0.2727272727272725
 2868 -0.2121212121212119
 9 -0.1515151515151514
 2704 -0.09090909090909083
 9 -0.03030303030303028
 2507 0.03030303030303028
 11 0.09090909090909083
 2196 0.1515151515151514
 1731 0.2121212121212124
 2202 0.2727272727272729
 1684 0.3333333333333335
 636 0.393939393939394
 869 0.4545454545454546
 680 0.5151515151515151
 828 0.5757575757575757
 625 0.6363636363636367
 782 0.6969696969696972
 597 0.7575757575757578
 12 0.8181818181818183
 577 0.8787878787878789
 17 0.9393939393939394
 530 1
 10 1.060606060606061
 461 1.121212121212121
 16 1.181818181818182
 24 1.242424242424242
 101 1.303030303030303
 29 1.363636363636363
 91 1.424242424242425
 26 1.484848484848485
 87 1.545454545454546
 1 1.606060606060606
 0 1.666666666666667
 2 1.727272727272728
 28 1.787878787878788
 1 1.848484848484849
 27 1.909090909090909
 1 1.96969696969697
 0 2.03030303030303
 0 2.090909090909091
 0 2.151515151515151
 1 2.212121212121212
 1 2.272727272727272
 2 2.333333333333334
 4 2.393939393939394
 1 2.454545454545455
 0 2.515151515151516
 0 2.575757575757576
 0 2.636363636363637
 0 2.696969696969697
 0 2.757575757575758
 0 2.818181818181818
 0 2.878787878787879
 0 2.939393939393939
 0 3


