# Created by Octave 3.8.2, Mon Jun 22 22:48:17 2020 CEST <damian@fptrucha.inv.usc.es>
# name: hd
# type: matrix
# rows: 100
# columns: 2
 0 -3
 0 -2.939393939393939
 0 -2.878787878787879
 0 -2.818181818181818
 0 -2.757575757575758
 0 -2.696969696969697
 0 -2.636363636363636
 0 -2.575757575757576
 1 -2.515151515151515
 11 -2.454545454545455
 0 -2.393939393939394
 0 -2.333333333333333
 3 -2.272727272727272
 0 -2.212121212121212
 0 -2.151515151515151
 2 -2.090909090909091
 5 -2.03030303030303
 37 -1.96969696969697
 46 -1.909090909090909
 2 -1.848484848484848
 0 -1.787878787878788
 0 -1.727272727272727
 3 -1.666666666666667
 125 -1.606060606060606
 29 -1.545454545454545
 123 -1.484848484848485
 30 -1.424242424242424
 94 -1.363636363636364
 28 -1.303030303030303
 14 -1.242424242424242
 619 -1.181818181818182
 22 -1.121212121212121
 557 -1.060606060606061
 25 -1
 554 -0.9393939393939394
 21 -0.8787878787878789
 514 -0.8181818181818183
 994 -0.7575757575757573
 709 -0.6969696969696968
 1091 -0.6363636363636362
 672 -0.5757575757575757
 988 -0.5151515151515151
 689 -0.4545454545454546
 955 -0.393939393939394
 4416 -0.333333333333333
 641 -0.2727272727272725
 2842 -0.2121212121212119
 8 -0.1515151515151514
 2793 -0.09090909090909083
 14 -0.03030303030303028
 2696 0.03030303030303028
 18 0.09090909090909083
 2443 0.1515151515151514
 1703 0.2121212121212124
 2435 0.2727272727272729
 1747 0.3333333333333335
 678 0.393939393939394
 953 0.4545454545454546
 619 0.5151515151515151
 849 0.5757575757575757
 640 0.6363636363636367
 821 0.6969696969696972
 630 0.7575757575757578
 16 0.8181818181818183
 578 0.8787878787878789
 20 0.9393939393939394
 594 1
 21 1.060606060606061
 524 1.121212121212121
 14 1.181818181818182
 39 1.242424242424242
 112 1.303030303030303
 30 1.363636363636363
 116 1.424242424242425
 27 1.484848484848485
 99 1.545454545454546
 0 1.606060606060606
 0 1.666666666666667
 1 1.727272727272728
 47 1.787878787878788
 3 1.848484848484849
 35 1.909090909090909
 4 1.96969696969697
 3 2.03030303030303
 0 2.090909090909091
 0 2.151515151515151
 3 2.212121212121212
 1 2.272727272727272
 1 2.333333333333334
 8 2.393939393939394
 0 2.454545454545455
 0 2.515151515151516
 0 2.575757575757576
 0 2.636363636363637
 0 2.696969696969697
 0 2.757575757575758
 0 2.818181818181818
 0 2.878787878787879
 0 2.939393939393939
 0 3


