# Created by Octave 3.8.2, Sat Jun 20 14:53:53 2020 CEST <damian@fptrucha.inv.usc.es>
# name: hd
# type: matrix
# rows: 100
# columns: 2
 0 -3
 0 -2.939393939393939
 0 -2.878787878787879
 0 -2.818181818181818
 0 -2.757575757575758
 0 -2.696969696969697
 0 -2.636363636363636
 1 -2.575757575757576
 1 -2.515151515151515
 0 -2.454545454545455
 0 -2.393939393939394
 0 -2.333333333333333
 1 -2.272727272727272
 0 -2.212121212121212
 0 -2.151515151515151
 0 -2.090909090909091
 4 -2.03030303030303
 18 -1.96969696969697
 30 -1.909090909090909
 0 -1.848484848484848
 1 -1.787878787878788
 0 -1.727272727272727
 2 -1.666666666666667
 98 -1.606060606060606
 20 -1.545454545454545
 79 -1.484848484848485
 25 -1.424242424242424
 74 -1.363636363636364
 17 -1.303030303030303
 11 -1.242424242424242
 554 -1.181818181818182
 14 -1.121212121212121
 568 -1.060606060606061
 11 -1
 476 -0.9393939393939394
 10 -0.8787878787878789
 416 -0.8181818181818183
 1040 -0.7575757575757573
 614 -0.6969696969696968
 1077 -0.6363636363636362
 671 -0.5757575757575757
 881 -0.5151515151515151
 615 -0.4545454545454546
 859 -0.393939393939394
 4368 -0.333333333333333
 548 -0.2727272727272725
 3061 -0.2121212121212119
 9 -0.1515151515151514
 2760 -0.09090909090909083
 9 -0.03030303030303028
 2638 0.03030303030303028
 15 0.09090909090909083
 2339 0.1515151515151514
 1762 0.2121212121212124
 2367 0.2727272727272729
 1737 0.3333333333333335
 630 0.393939393939394
 950 0.4545454545454546
 707 0.5151515151515151
 895 0.5757575757575757
 629 0.6363636363636367
 842 0.6969696969696972
 624 0.7575757575757578
 6 0.8181818181818183
 612 0.8787878787878789
 11 0.9393939393939394
 524 1
 10 1.060606060606061
 498 1.121212121212121
 10 1.181818181818182
 31 1.242424242424242
 113 1.303030303030303
 20 1.363636363636363
 102 1.424242424242425
 31 1.484848484848485
 104 1.545454545454546
 3 1.606060606060606
 0 1.666666666666667
 0 1.727272727272728
 33 1.787878787878788
 2 1.848484848484849
 21 1.909090909090909
 2 1.96969696969697
 1 2.03030303030303
 0 2.090909090909091
 0 2.151515151515151
 1 2.212121212121212
 0 2.272727272727272
 1 2.333333333333334
 6 2.393939393939394
 0 2.454545454545455
 0 2.515151515151516
 0 2.575757575757576
 0 2.636363636363637
 0 2.696969696969697
 0 2.757575757575758
 0 2.818181818181818
 0 2.878787878787879
 0 2.939393939393939
 0 3


