# Created by Octave 3.8.2, Sun Jun 21 02:28:03 2020 CEST <damian@fptrucha.inv.usc.es>
# name: hd
# type: matrix
# rows: 100
# columns: 2
 0 -3
 0 -2.939393939393939
 0 -2.878787878787879
 0 -2.818181818181818
 0 -2.757575757575758
 0 -2.696969696969697
 0 -2.636363636363636
 0 -2.575757575757576
 1 -2.515151515151515
 5 -2.454545454545455
 0 -2.393939393939394
 0 -2.333333333333333
 0 -2.272727272727272
 0 -2.212121212121212
 0 -2.151515151515151
 4 -2.090909090909091
 1 -2.03030303030303
 21 -1.96969696969697
 22 -1.909090909090909
 2 -1.848484848484848
 0 -1.787878787878788
 0 -1.727272727272727
 1 -1.666666666666667
 89 -1.606060606060606
 19 -1.545454545454545
 91 -1.484848484848485
 31 -1.424242424242424
 76 -1.363636363636364
 11 -1.303030303030303
 13 -1.242424242424242
 548 -1.181818181818182
 11 -1.121212121212121
 518 -1.060606060606061
 13 -1
 472 -0.9393939393939394
 12 -0.8787878787878789
 418 -0.8181818181818183
 990 -0.7575757575757573
 649 -0.6969696969696968
 1074 -0.6363636363636362
 629 -0.5757575757575757
 886 -0.5151515151515151
 582 -0.4545454545454546
 824 -0.393939393939394
 4264 -0.333333333333333
 551 -0.2727272727272725
 2792 -0.2121212121212119
 8 -0.1515151515151514
 2584 -0.09090909090909083
 6 -0.03030303030303028
 2449 0.03030303030303028
 21 0.09090909090909083
 2200 0.1515151515151514
 1662 0.2121212121212124
 2263 0.2727272727272729
 1653 0.3333333333333335
 615 0.393939393939394
 909 0.4545454545454546
 637 0.5151515151515151
 793 0.5757575757575757
 561 0.6363636363636367
 789 0.6969696969696972
 581 0.7575757575757578
 10 0.8181818181818183
 539 0.8787878787878789
 12 0.9393939393939394
 479 1
 10 1.060606060606061
 479 1.121212121212121
 5 1.181818181818182
 32 1.242424242424242
 97 1.303030303030303
 31 1.363636363636363
 104 1.424242424242425
 16 1.484848484848485
 73 1.545454545454546
 0 1.606060606060606
 0 1.666666666666667
 1 1.727272727272728
 26 1.787878787878788
 6 1.848484848484849
 22 1.909090909090909
 6 1.96969696969697
 1 2.03030303030303
 0 2.090909090909091
 0 2.151515151515151
 2 2.212121212121212
 0 2.272727272727272
 0 2.333333333333334
 7 2.393939393939394
 0 2.454545454545455
 1 2.515151515151516
 0 2.575757575757576
 0 2.636363636363637
 0 2.696969696969697
 0 2.757575757575758
 0 2.818181818181818
 0 2.878787878787879
 0 2.939393939393939
 0 3


