# Created by Octave 3.8.2, Sat Jun 20 04:14:22 2020 CEST <damian@fptrucha.inv.usc.es>
# name: hd
# type: matrix
# rows: 100
# columns: 2
 0 -3
 0 -2.939393939393939
 0 -2.878787878787879
 0 -2.818181818181818
 0 -2.757575757575758
 0 -2.696969696969697
 0 -2.636363636363636
 2 -2.575757575757576
 2 -2.515151515151515
 9 -2.454545454545455
 0 -2.393939393939394
 1 -2.333333333333333
 1 -2.272727272727272
 0 -2.212121212121212
 0 -2.151515151515151
 0 -2.090909090909091
 2 -2.03030303030303
 23 -1.96969696969697
 21 -1.909090909090909
 1 -1.848484848484848
 4 -1.787878787878788
 0 -1.727272727272727
 0 -1.666666666666667
 129 -1.606060606060606
 26 -1.545454545454545
 117 -1.484848484848485
 21 -1.424242424242424
 93 -1.363636363636364
 23 -1.303030303030303
 24 -1.242424242424242
 672 -1.181818181818182
 14 -1.121212121212121
 626 -1.060606060606061
 13 -1
 596 -0.9393939393939394
 18 -0.8787878787878789
 530 -0.8181818181818183
 1212 -0.7575757575757573
 807 -0.6969696969696968
 1190 -0.6363636363636362
 710 -0.5757575757575757
 1113 -0.5151515151515151
 685 -0.4545454545454546
 1022 -0.393939393939394
 4654 -0.333333333333333
 637 -0.2727272727272725
 3071 -0.2121212121212119
 7 -0.1515151515151514
 2897 -0.09090909090909083
 7 -0.03030303030303028
 2817 0.03030303030303028
 9 0.09090909090909083
 2488 0.1515151515151514
 1798 0.2121212121212124
 2447 0.2727272727272729
 1703 0.3333333333333335
 651 0.393939393939394
 968 0.4545454545454546
 713 0.5151515151515151
 807 0.5757575757575757
 611 0.6363636363636367
 843 0.6969696969696972
 506 0.7575757575757578
 8 0.8181818181818183
 515 0.8787878787878789
 10 0.9393939393939394
 481 1
 14 1.060606060606061
 459 1.121212121212121
 12 1.181818181818182
 38 1.242424242424242
 84 1.303030303030303
 30 1.363636363636363
 98 1.424242424242425
 24 1.484848484848485
 80 1.545454545454546
 1 1.606060606060606
 0 1.666666666666667
 3 1.727272727272728
 37 1.787878787878788
 3 1.848484848484849
 24 1.909090909090909
 3 1.96969696969697
 0 2.03030303030303
 0 2.090909090909091
 0 2.151515151515151
 0 2.212121212121212
 0 2.272727272727272
 0 2.333333333333334
 6 2.393939393939394
 0 2.454545454545455
 1 2.515151515151516
 0 2.575757575757576
 0 2.636363636363637
 0 2.696969696969697
 0 2.757575757575758
 0 2.818181818181818
 0 2.878787878787879
 0 2.939393939393939
 0 3


