# Created by Octave 3.8.2, Mon Jun 22 11:12:25 2020 CEST <damian@fptrucha.inv.usc.es>
# name: hd
# type: matrix
# rows: 100
# columns: 2
 0 -3
 0 -2.939393939393939
 0 -2.878787878787879
 0 -2.818181818181818
 0 -2.757575757575758
 0 -2.696969696969697
 0 -2.636363636363636
 0 -2.575757575757576
 0 -2.515151515151515
 7 -2.454545454545455
 2 -2.393939393939394
 0 -2.333333333333333
 1 -2.272727272727272
 0 -2.212121212121212
 0 -2.151515151515151
 1 -2.090909090909091
 8 -2.03030303030303
 32 -1.96969696969697
 33 -1.909090909090909
 0 -1.848484848484848
 0 -1.787878787878788
 0 -1.727272727272727
 0 -1.666666666666667
 98 -1.606060606060606
 27 -1.545454545454545
 110 -1.484848484848485
 28 -1.424242424242424
 105 -1.363636363636364
 19 -1.303030303030303
 16 -1.242424242424242
 516 -1.181818181818182
 23 -1.121212121212121
 536 -1.060606060606061
 22 -1
 457 -0.9393939393939394
 16 -0.8787878787878789
 496 -0.8181818181818183
 923 -0.7575757575757573
 620 -0.6969696969696968
 920 -0.6363636363636362
 610 -0.5757575757575757
 852 -0.5151515151515151
 625 -0.4545454545454546
 909 -0.393939393939394
 4072 -0.333333333333333
 595 -0.2727272727272725
 2575 -0.2121212121212119
 10 -0.1515151515151514
 2551 -0.09090909090909083
 13 -0.03030303030303028
 2561 0.03030303030303028
 30 0.09090909090909083
 2337 0.1515151515151514
 1573 0.2121212121212124
 2249 0.2727272727272729
 1635 0.3333333333333335
 640 0.393939393939394
 898 0.4545454545454546
 670 0.5151515151515151
 893 0.5757575757575757
 609 0.6363636363636367
 814 0.6969696969696972
 576 0.7575757575757578
 13 0.8181818181818183
 537 0.8787878787878789
 17 0.9393939393939394
 552 1
 22 1.060606060606061
 524 1.121212121212121
 15 1.181818181818182
 36 1.242424242424242
 101 1.303030303030303
 33 1.363636363636363
 124 1.424242424242425
 26 1.484848484848485
 119 1.545454545454546
 1 1.606060606060606
 0 1.666666666666667
 2 1.727272727272728
 38 1.787878787878788
 6 1.848484848484849
 36 1.909090909090909
 7 1.96969696969697
 0 2.03030303030303
 0 2.090909090909091
 0 2.151515151515151
 1 2.212121212121212
 0 2.272727272727272
 0 2.333333333333334
 9 2.393939393939394
 1 2.454545454545455
 1 2.515151515151516
 0 2.575757575757576
 0 2.636363636363637
 0 2.696969696969697
 0 2.757575757575758
 0 2.818181818181818
 0 2.878787878787879
 0 2.939393939393939
 0 3


