# Created by Octave 3.8.2, Sat Jun 20 14:41:38 2020 CEST <damian@fptrucha.inv.usc.es>
# name: hd
# type: matrix
# rows: 100
# columns: 2
 0 -3
 0 -2.939393939393939
 0 -2.878787878787879
 0 -2.818181818181818
 0 -2.757575757575758
 0 -2.696969696969697
 0 -2.636363636363636
 0 -2.575757575757576
 0 -2.515151515151515
 3 -2.454545454545455
 0 -2.393939393939394
 1 -2.333333333333333
 1 -2.272727272727272
 0 -2.212121212121212
 0 -2.151515151515151
 2 -2.090909090909091
 3 -2.03030303030303
 30 -1.96969696969697
 17 -1.909090909090909
 3 -1.848484848484848
 2 -1.787878787878788
 0 -1.727272727272727
 1 -1.666666666666667
 103 -1.606060606060606
 16 -1.545454545454545
 109 -1.484848484848485
 18 -1.424242424242424
 85 -1.363636363636364
 21 -1.303030303030303
 7 -1.242424242424242
 553 -1.181818181818182
 16 -1.121212121212121
 507 -1.060606060606061
 15 -1
 449 -0.9393939393939394
 10 -0.8787878787878789
 438 -0.8181818181818183
 990 -0.7575757575757573
 691 -0.6969696969696968
 1076 -0.6363636363636362
 652 -0.5757575757575757
 924 -0.5151515151515151
 566 -0.4545454545454546
 884 -0.393939393939394
 4279 -0.333333333333333
 561 -0.2727272727272725
 2991 -0.2121212121212119
 12 -0.1515151515151514
 2679 -0.09090909090909083
 11 -0.03030303030303028
 2613 0.03030303030303028
 13 0.09090909090909083
 2306 0.1515151515151514
 1779 0.2121212121212124
 2305 0.2727272727272729
 1808 0.3333333333333335
 709 0.393939393939394
 913 0.4545454545454546
 711 0.5151515151515151
 889 0.5757575757575757
 582 0.6363636363636367
 843 0.6969696969696972
 624 0.7575757575757578
 9 0.8181818181818183
 551 0.8787878787878789
 14 0.9393939393939394
 552 1
 11 1.060606060606061
 555 1.121212121212121
 10 1.181818181818182
 29 1.242424242424242
 92 1.303030303030303
 23 1.363636363636363
 107 1.424242424242425
 27 1.484848484848485
 111 1.545454545454546
 2 1.606060606060606
 0 1.666666666666667
 2 1.727272727272728
 30 1.787878787878788
 4 1.848484848484849
 45 1.909090909090909
 2 1.96969696969697
 0 2.03030303030303
 0 2.090909090909091
 0 2.151515151515151
 1 2.212121212121212
 0 2.272727272727272
 1 2.333333333333334
 7 2.393939393939394
 0 2.454545454545455
 0 2.515151515151516
 0 2.575757575757576
 0 2.636363636363637
 0 2.696969696969697
 0 2.757575757575758
 0 2.818181818181818
 0 2.878787878787879
 0 2.939393939393939
 0 3


