# Created by Octave 3.8.2, Mon Jun 22 11:14:10 2020 CEST <damian@fptrucha.inv.usc.es>
# name: hd
# type: matrix
# rows: 100
# columns: 2
 0 -3
 0 -2.939393939393939
 0 -2.878787878787879
 0 -2.818181818181818
 0 -2.757575757575758
 0 -2.696969696969697
 0 -2.636363636363636
 3 -2.575757575757576
 0 -2.515151515151515
 9 -2.454545454545455
 0 -2.393939393939394
 0 -2.333333333333333
 0 -2.272727272727272
 0 -2.212121212121212
 0 -2.151515151515151
 0 -2.090909090909091
 0 -2.03030303030303
 17 -1.96969696969697
 22 -1.909090909090909
 1 -1.848484848484848
 1 -1.787878787878788
 0 -1.727272727272727
 2 -1.666666666666667
 49 -1.606060606060606
 21 -1.545454545454545
 68 -1.484848484848485
 17 -1.424242424242424
 87 -1.363636363636364
 16 -1.303030303030303
 8 -1.242424242424242
 340 -1.181818181818182
 8 -1.121212121212121
 331 -1.060606060606061
 11 -1
 320 -0.9393939393939394
 17 -0.8787878787878789
 309 -0.8181818181818183
 580 -0.7575757575757573
 394 -0.6969696969696968
 634 -0.6363636363636362
 440 -0.5757575757575757
 580 -0.5151515151515151
 420 -0.4545454545454546
 611 -0.393939393939394
 2723 -0.333333333333333
 372 -0.2727272727272725
 1669 -0.2121212121212119
 2 -0.1515151515151514
 1770 -0.09090909090909083
 14 -0.03030303030303028
 1620 0.03030303030303028
 14 0.09090909090909083
 1564 0.1515151515151514
 1024 0.2121212121212124
 1582 0.2727272727272729
 1034 0.3333333333333335
 402 0.393939393939394
 604 0.4545454545454546
 422 0.5151515151515151
 582 0.5757575757575757
 407 0.6363636363636367
 588 0.6969696969696972
 335 0.7575757575757578
 6 0.8181818181818183
 365 0.8787878787878789
 12 0.9393939393939394
 349 1
 9 1.060606060606061
 354 1.121212121212121
 8 1.181818181818182
 18 1.242424242424242
 71 1.303030303030303
 16 1.363636363636363
 70 1.424242424242425
 33 1.484848484848485
 79 1.545454545454546
 2 1.606060606060606
 0 1.666666666666667
 0 1.727272727272728
 22 1.787878787878788
 4 1.848484848484849
 20 1.909090909090909
 5 1.96969696969697
 1 2.03030303030303
 0 2.090909090909091
 0 2.151515151515151
 2 2.212121212121212
 0 2.272727272727272
 1 2.333333333333334
 9 2.393939393939394
 0 2.454545454545455
 2 2.515151515151516
 0 2.575757575757576
 0 2.636363636363637
 0 2.696969696969697
 0 2.757575757575758
 0 2.818181818181818
 0 2.878787878787879
 0 2.939393939393939
 0 3


