# Created by Octave 3.8.2, Sun Jun 21 07:28:49 2020 CEST <damian@fptrucha.inv.usc.es>
# name: hd
# type: matrix
# rows: 100
# columns: 2
 0 -3
 0 -2.939393939393939
 0 -2.878787878787879
 0 -2.818181818181818
 0 -2.757575757575758
 0 -2.696969696969697
 0 -2.636363636363636
 2 -2.575757575757576
 0 -2.515151515151515
 4 -2.454545454545455
 0 -2.393939393939394
 0 -2.333333333333333
 0 -2.272727272727272
 0 -2.212121212121212
 0 -2.151515151515151
 0 -2.090909090909091
 2 -2.03030303030303
 19 -1.96969696969697
 28 -1.909090909090909
 0 -1.848484848484848
 2 -1.787878787878788
 0 -1.727272727272727
 4 -1.666666666666667
 91 -1.606060606060606
 17 -1.545454545454545
 85 -1.484848484848485
 21 -1.424242424242424
 84 -1.363636363636364
 23 -1.303030303030303
 9 -1.242424242424242
 549 -1.181818181818182
 15 -1.121212121212121
 521 -1.060606060606061
 5 -1
 449 -0.9393939393939394
 11 -0.8787878787878789
 410 -0.8181818181818183
 998 -0.7575757575757573
 627 -0.6969696969696968
 1025 -0.6363636363636362
 602 -0.5757575757575757
 855 -0.5151515151515151
 539 -0.4545454545454546
 827 -0.393939393939394
 4201 -0.333333333333333
 516 -0.2727272727272725
 2871 -0.2121212121212119
 4 -0.1515151515151514
 2766 -0.09090909090909083
 6 -0.03030303030303028
 2423 0.03030303030303028
 10 0.09090909090909083
 2108 0.1515151515151514
 1722 0.2121212121212124
 2214 0.2727272727272729
 1611 0.3333333333333335
 567 0.393939393939394
 822 0.4545454545454546
 618 0.5151515151515151
 739 0.5757575757575757
 547 0.6363636363636367
 739 0.6969696969696972
 555 0.7575757575757578
 3 0.8181818181818183
 519 0.8787878787878789
 22 0.9393939393939394
 463 1
 11 1.060606060606061
 464 1.121212121212121
 7 1.181818181818182
 27 1.242424242424242
 68 1.303030303030303
 20 1.363636363636363
 91 1.424242424242425
 20 1.484848484848485
 74 1.545454545454546
 0 1.606060606060606
 0 1.666666666666667
 0 1.727272727272728
 19 1.787878787878788
 1 1.848484848484849
 28 1.909090909090909
 3 1.96969696969697
 0 2.03030303030303
 0 2.090909090909091
 0 2.151515151515151
 2 2.212121212121212
 0 2.272727272727272
 2 2.333333333333334
 6 2.393939393939394
 1 2.454545454545455
 0 2.515151515151516
 0 2.575757575757576
 0 2.636363636363637
 0 2.696969696969697
 0 2.757575757575758
 0 2.818181818181818
 0 2.878787878787879
 0 2.939393939393939
 0 3


