# Created by Octave 3.8.2, Mon Jun 22 05:48:33 2020 CEST <damian@fptrucha.inv.usc.es>
# name: hd
# type: matrix
# rows: 100
# columns: 2
 0 -3
 0 -2.939393939393939
 0 -2.878787878787879
 0 -2.818181818181818
 0 -2.757575757575758
 0 -2.696969696969697
 0 -2.636363636363636
 1 -2.575757575757576
 1 -2.515151515151515
 6 -2.454545454545455
 0 -2.393939393939394
 0 -2.333333333333333
 2 -2.272727272727272
 0 -2.212121212121212
 0 -2.151515151515151
 2 -2.090909090909091
 3 -2.03030303030303
 50 -1.96969696969697
 42 -1.909090909090909
 3 -1.848484848484848
 0 -1.787878787878788
 0 -1.727272727272727
 1 -1.666666666666667
 78 -1.606060606060606
 28 -1.545454545454545
 124 -1.484848484848485
 36 -1.424242424242424
 91 -1.363636363636364
 25 -1.303030303030303
 10 -1.242424242424242
 472 -1.181818181818182
 17 -1.121212121212121
 506 -1.060606060606061
 21 -1
 545 -0.9393939393939394
 25 -0.8787878787878789
 514 -0.8181818181818183
 787 -0.7575757575757573
 609 -0.6969696969696968
 922 -0.6363636363636362
 606 -0.5757575757575757
 896 -0.5151515151515151
 580 -0.4545454545454546
 914 -0.393939393939394
 3720 -0.333333333333333
 563 -0.2727272727272725
 2369 -0.2121212121212119
 14 -0.1515151515151514
 2517 -0.09090909090909083
 26 -0.03030303030303028
 2346 0.03030303030303028
 24 0.09090909090909083
 2221 0.1515151515151514
 1435 0.2121212121212124
 2183 0.2727272727272729
 1396 0.3333333333333335
 622 0.393939393939394
 885 0.4545454545454546
 620 0.5151515151515151
 797 0.5757575757575757
 609 0.6363636363636367
 811 0.6969696969696972
 485 0.7575757575757578
 6 0.8181818181818183
 475 0.8787878787878789
 15 0.9393939393939394
 534 1
 10 1.060606060606061
 487 1.121212121212121
 13 1.181818181818182
 23 1.242424242424242
 93 1.303030303030303
 26 1.363636363636363
 118 1.424242424242425
 29 1.484848484848485
 102 1.545454545454546
 2 1.606060606060606
 0 1.666666666666667
 3 1.727272727272728
 40 1.787878787878788
 4 1.848484848484849
 31 1.909090909090909
 3 1.96969696969697
 6 2.03030303030303
 0 2.090909090909091
 0 2.151515151515151
 2 2.212121212121212
 1 2.272727272727272
 0 2.333333333333334
 10 2.393939393939394
 2 2.454545454545455
 0 2.515151515151516
 0 2.575757575757576
 0 2.636363636363637
 0 2.696969696969697
 0 2.757575757575758
 0 2.818181818181818
 0 2.878787878787879
 0 2.939393939393939
 0 3


