# Created by Octave 3.8.2, Mon Jun 22 03:57:37 2020 CEST <damian@fptrucha.inv.usc.es>
# name: hd
# type: matrix
# rows: 100
# columns: 2
 0 -3
 0 -2.939393939393939
 0 -2.878787878787879
 0 -2.818181818181818
 0 -2.757575757575758
 0 -2.696969696969697
 0 -2.636363636363636
 1 -2.575757575757576
 0 -2.515151515151515
 11 -2.454545454545455
 1 -2.393939393939394
 0 -2.333333333333333
 0 -2.272727272727272
 0 -2.212121212121212
 0 -2.151515151515151
 2 -2.090909090909091
 3 -2.03030303030303
 38 -1.96969696969697
 49 -1.909090909090909
 1 -1.848484848484848
 4 -1.787878787878788
 0 -1.727272727272727
 0 -1.666666666666667
 99 -1.606060606060606
 34 -1.545454545454545
 118 -1.484848484848485
 39 -1.424242424242424
 104 -1.363636363636364
 21 -1.303030303030303
 11 -1.242424242424242
 501 -1.181818181818182
 27 -1.121212121212121
 485 -1.060606060606061
 15 -1
 537 -0.9393939393939394
 20 -0.8787878787878789
 547 -0.8181818181818183
 900 -0.7575757575757573
 579 -0.6969696969696968
 887 -0.6363636363636362
 561 -0.5757575757575757
 812 -0.5151515151515151
 594 -0.4545454545454546
 827 -0.393939393939394
 3727 -0.333333333333333
 526 -0.2727272727272725
 2315 -0.2121212121212119
 14 -0.1515151515151514
 2487 -0.09090909090909083
 16 -0.03030303030303028
 2239 0.03030303030303028
 24 0.09090909090909083
 2162 0.1515151515151514
 1586 0.2121212121212124
 2172 0.2727272727272729
 1453 0.3333333333333335
 583 0.393939393939394
 850 0.4545454545454546
 598 0.5151515151515151
 750 0.5757575757575757
 600 0.6363636363636367
 741 0.6969696969696972
 473 0.7575757575757578
 13 0.8181818181818183
 486 0.8787878787878789
 17 0.9393939393939394
 482 1
 17 1.060606060606061
 497 1.121212121212121
 13 1.181818181818182
 44 1.242424242424242
 109 1.303030303030303
 20 1.363636363636363
 107 1.424242424242425
 32 1.484848484848485
 100 1.545454545454546
 4 1.606060606060606
 0 1.666666666666667
 0 1.727272727272728
 31 1.787878787878788
 10 1.848484848484849
 27 1.909090909090909
 4 1.96969696969697
 1 2.03030303030303
 0 2.090909090909091
 0 2.151515151515151
 1 2.212121212121212
 0 2.272727272727272
 3 2.333333333333334
 11 2.393939393939394
 0 2.454545454545455
 2 2.515151515151516
 0 2.575757575757576
 0 2.636363636363637
 0 2.696969696969697
 0 2.757575757575758
 0 2.818181818181818
 0 2.878787878787879
 0 2.939393939393939
 0 3


