# Created by Octave 3.8.2, Mon Jun 22 15:00:48 2020 CEST <damian@fptrucha.inv.usc.es>
# name: hd
# type: matrix
# rows: 100
# columns: 2
 0 -3
 0 -2.939393939393939
 0 -2.878787878787879
 0 -2.818181818181818
 0 -2.757575757575758
 0 -2.696969696969697
 0 -2.636363636363636
 1 -2.575757575757576
 0 -2.515151515151515
 4 -2.454545454545455
 0 -2.393939393939394
 0 -2.333333333333333
 2 -2.272727272727272
 0 -2.212121212121212
 0 -2.151515151515151
 2 -2.090909090909091
 2 -2.03030303030303
 37 -1.96969696969697
 30 -1.909090909090909
 3 -1.848484848484848
 1 -1.787878787878788
 0 -1.727272727272727
 0 -1.666666666666667
 91 -1.606060606060606
 30 -1.545454545454545
 94 -1.484848484848485
 36 -1.424242424242424
 113 -1.363636363636364
 23 -1.303030303030303
 19 -1.242424242424242
 565 -1.181818181818182
 22 -1.121212121212121
 511 -1.060606060606061
 15 -1
 558 -0.9393939393939394
 15 -0.8787878787878789
 546 -0.8181818181818183
 927 -0.7575757575757573
 610 -0.6969696969696968
 1075 -0.6363636363636362
 626 -0.5757575757575757
 922 -0.5151515151515151
 627 -0.4545454545454546
 970 -0.393939393939394
 4306 -0.333333333333333
 602 -0.2727272727272725
 2686 -0.2121212121212119
 16 -0.1515151515151514
 2762 -0.09090909090909083
 13 -0.03030303030303028
 2596 0.03030303030303028
 19 0.09090909090909083
 2349 0.1515151515151514
 1581 0.2121212121212124
 2439 0.2727272727272729
 1695 0.3333333333333335
 723 0.393939393939394
 895 0.4545454545454546
 665 0.5151515151515151
 913 0.5757575757575757
 653 0.6363636363636367
 854 0.6969696969696972
 601 0.7575757575757578
 17 0.8181818181818183
 589 0.8787878787878789
 24 0.9393939393939394
 519 1
 14 1.060606060606061
 580 1.121212121212121
 6 1.181818181818182
 41 1.242424242424242
 117 1.303030303030303
 39 1.363636363636363
 107 1.424242424242425
 38 1.484848484848485
 100 1.545454545454546
 1 1.606060606060606
 0 1.666666666666667
 1 1.727272727272728
 42 1.787878787878788
 6 1.848484848484849
 35 1.909090909090909
 8 1.96969696969697
 0 2.03030303030303
 0 2.090909090909091
 0 2.151515151515151
 2 2.212121212121212
 1 2.272727272727272
 2 2.333333333333334
 11 2.393939393939394
 0 2.454545454545455
 1 2.515151515151516
 0 2.575757575757576
 0 2.636363636363637
 0 2.696969696969697
 0 2.757575757575758
 0 2.818181818181818
 0 2.878787878787879
 0 2.939393939393939
 0 3


