# Created by Octave 3.8.2, Mon Jun 22 06:55:04 2020 CEST <damian@fptrucha.inv.usc.es>
# name: hd
# type: matrix
# rows: 100
# columns: 2
 0 -3
 0 -2.939393939393939
 0 -2.878787878787879
 0 -2.818181818181818
 0 -2.757575757575758
 0 -2.696969696969697
 0 -2.636363636363636
 3 -2.575757575757576
 1 -2.515151515151515
 9 -2.454545454545455
 0 -2.393939393939394
 0 -2.333333333333333
 2 -2.272727272727272
 0 -2.212121212121212
 0 -2.151515151515151
 4 -2.090909090909091
 3 -2.03030303030303
 35 -1.96969696969697
 27 -1.909090909090909
 2 -1.848484848484848
 0 -1.787878787878788
 0 -1.727272727272727
 5 -1.666666666666667
 97 -1.606060606060606
 26 -1.545454545454545
 117 -1.484848484848485
 29 -1.424242424242424
 118 -1.363636363636364
 26 -1.303030303030303
 16 -1.242424242424242
 485 -1.181818181818182
 7 -1.121212121212121
 520 -1.060606060606061
 17 -1
 527 -0.9393939393939394
 13 -0.8787878787878789
 483 -0.8181818181818183
 793 -0.7575757575757573
 551 -0.6969696969696968
 883 -0.6363636363636362
 577 -0.5757575757575757
 862 -0.5151515151515151
 605 -0.4545454545454546
 883 -0.393939393939394
 3762 -0.333333333333333
 537 -0.2727272727272725
 2350 -0.2121212121212119
 11 -0.1515151515151514
 2513 -0.09090909090909083
 16 -0.03030303030303028
 2342 0.03030303030303028
 28 0.09090909090909083
 2186 0.1515151515151514
 1506 0.2121212121212124
 2279 0.2727272727272729
 1481 0.3333333333333335
 638 0.393939393939394
 895 0.4545454545454546
 598 0.5151515151515151
 750 0.5757575757575757
 618 0.6363636363636367
 831 0.6969696969696972
 473 0.7575757575757578
 13 0.8181818181818183
 548 0.8787878787878789
 24 0.9393939393939394
 525 1
 12 1.060606060606061
 510 1.121212121212121
 15 1.181818181818182
 29 1.242424242424242
 100 1.303030303030303
 33 1.363636363636363
 104 1.424242424242425
 33 1.484848484848485
 95 1.545454545454546
 2 1.606060606060606
 0 1.666666666666667
 3 1.727272727272728
 44 1.787878787878788
 5 1.848484848484849
 35 1.909090909090909
 4 1.96969696969697
 3 2.03030303030303
 0 2.090909090909091
 0 2.151515151515151
 2 2.212121212121212
 0 2.272727272727272
 2 2.333333333333334
 8 2.393939393939394
 1 2.454545454545455
 1 2.515151515151516
 0 2.575757575757576
 0 2.636363636363637
 0 2.696969696969697
 0 2.757575757575758
 0 2.818181818181818
 0 2.878787878787879
 0 2.939393939393939
 0 3


