# Created by Octave 3.8.2, Sun Jun 21 06:41:59 2020 CEST <damian@fptrucha.inv.usc.es>
# name: hd
# type: matrix
# rows: 100
# columns: 2
 0 -3
 0 -2.939393939393939
 0 -2.878787878787879
 0 -2.818181818181818
 0 -2.757575757575758
 0 -2.696969696969697
 0 -2.636363636363636
 0 -2.575757575757576
 0 -2.515151515151515
 1 -2.454545454545455
 0 -2.393939393939394
 1 -2.333333333333333
 1 -2.272727272727272
 0 -2.212121212121212
 0 -2.151515151515151
 4 -2.090909090909091
 3 -2.03030303030303
 16 -1.96969696969697
 21 -1.909090909090909
 0 -1.848484848484848
 2 -1.787878787878788
 0 -1.727272727272727
 3 -1.666666666666667
 83 -1.606060606060606
 18 -1.545454545454545
 99 -1.484848484848485
 23 -1.424242424242424
 89 -1.363636363636364
 14 -1.303030303030303
 14 -1.242424242424242
 538 -1.181818181818182
 13 -1.121212121212121
 508 -1.060606060606061
 14 -1
 474 -0.9393939393939394
 13 -0.8787878787878789
 444 -0.8181818181818183
 1015 -0.7575757575757573
 658 -0.6969696969696968
 1058 -0.6363636363636362
 654 -0.5757575757575757
 890 -0.5151515151515151
 565 -0.4545454545454546
 867 -0.393939393939394
 4261 -0.333333333333333
 506 -0.2727272727272725
 2963 -0.2121212121212119
 8 -0.1515151515151514
 2737 -0.09090909090909083
 11 -0.03030303030303028
 2629 0.03030303030303028
 6 0.09090909090909083
 2210 0.1515151515151514
 1681 0.2121212121212124
 2188 0.2727272727272729
 1687 0.3333333333333335
 645 0.393939393939394
 914 0.4545454545454546
 641 0.5151515151515151
 793 0.5757575757575757
 566 0.6363636363636367
 816 0.6969696969696972
 560 0.7575757575757578
 10 0.8181818181818183
 554 0.8787878787878789
 13 0.9393939393939394
 476 1
 13 1.060606060606061
 475 1.121212121212121
 10 1.181818181818182
 30 1.242424242424242
 93 1.303030303030303
 17 1.363636363636363
 106 1.424242424242425
 22 1.484848484848485
 91 1.545454545454546
 2 1.606060606060606
 0 1.666666666666667
 2 1.727272727272728
 32 1.787878787878788
 3 1.848484848484849
 33 1.909090909090909
 3 1.96969696969697
 0 2.03030303030303
 0 2.090909090909091
 0 2.151515151515151
 2 2.212121212121212
 0 2.272727272727272
 0 2.333333333333334
 8 2.393939393939394
 0 2.454545454545455
 0 2.515151515151516
 0 2.575757575757576
 0 2.636363636363637
 0 2.696969696969697
 0 2.757575757575758
 0 2.818181818181818
 0 2.878787878787879
 0 2.939393939393939
 0 3


