# Created by Octave 3.8.2, Sat Jun 20 21:37:24 2020 CEST <damian@fptrucha.inv.usc.es>
# name: hd
# type: matrix
# rows: 100
# columns: 2
 0 -3
 0 -2.939393939393939
 0 -2.878787878787879
 0 -2.818181818181818
 0 -2.757575757575758
 0 -2.696969696969697
 0 -2.636363636363636
 2 -2.575757575757576
 0 -2.515151515151515
 3 -2.454545454545455
 1 -2.393939393939394
 0 -2.333333333333333
 1 -2.272727272727272
 0 -2.212121212121212
 0 -2.151515151515151
 1 -2.090909090909091
 4 -2.03030303030303
 18 -1.96969696969697
 23 -1.909090909090909
 1 -1.848484848484848
 5 -1.787878787878788
 0 -1.727272727272727
 1 -1.666666666666667
 82 -1.606060606060606
 24 -1.545454545454545
 85 -1.484848484848485
 16 -1.424242424242424
 66 -1.363636363636364
 19 -1.303030303030303
 12 -1.242424242424242
 512 -1.181818181818182
 12 -1.121212121212121
 471 -1.060606060606061
 14 -1
 419 -0.9393939393939394
 16 -0.8787878787878789
 427 -0.8181818181818183
 904 -0.7575757575757573
 667 -0.6969696969696968
 1018 -0.6363636363636362
 652 -0.5757575757575757
 841 -0.5151515151515151
 561 -0.4545454545454546
 774 -0.393939393939394
 4127 -0.333333333333333
 529 -0.2727272727272725
 2856 -0.2121212121212119
 5 -0.1515151515151514
 2640 -0.09090909090909083
 9 -0.03030303030303028
 2525 0.03030303030303028
 9 0.09090909090909083
 2256 0.1515151515151514
 1682 0.2121212121212124
 2080 0.2727272727272729
 1643 0.3333333333333335
 630 0.393939393939394
 913 0.4545454545454546
 607 0.5151515151515151
 768 0.5757575757575757
 605 0.6363636363636367
 779 0.6969696969696972
 545 0.7575757575757578
 9 0.8181818181818183
 538 0.8787878787878789
 14 0.9393939393939394
 538 1
 12 1.060606060606061
 462 1.121212121212121
 13 1.181818181818182
 29 1.242424242424242
 115 1.303030303030303
 25 1.363636363636363
 111 1.424242424242425
 28 1.484848484848485
 96 1.545454545454546
 0 1.606060606060606
 0 1.666666666666667
 2 1.727272727272728
 26 1.787878787878788
 0 1.848484848484849
 22 1.909090909090909
 2 1.96969696969697
 1 2.03030303030303
 0 2.090909090909091
 0 2.151515151515151
 3 2.212121212121212
 0 2.272727272727272
 0 2.333333333333334
 7 2.393939393939394
 0 2.454545454545455
 0 2.515151515151516
 0 2.575757575757576
 0 2.636363636363637
 0 2.696969696969697
 0 2.757575757575758
 0 2.818181818181818
 0 2.878787878787879
 0 2.939393939393939
 0 3


