# Created by Octave 3.8.2, Mon Jun 22 18:36:12 2020 CEST <damian@fptrucha.inv.usc.es>
# name: hd
# type: matrix
# rows: 100
# columns: 2
 0 -3
 0 -2.939393939393939
 0 -2.878787878787879
 0 -2.818181818181818
 0 -2.757575757575758
 0 -2.696969696969697
 0 -2.636363636363636
 1 -2.575757575757576
 0 -2.515151515151515
 4 -2.454545454545455
 0 -2.393939393939394
 0 -2.333333333333333
 1 -2.272727272727272
 0 -2.212121212121212
 0 -2.151515151515151
 0 -2.090909090909091
 3 -2.03030303030303
 21 -1.96969696969697
 26 -1.909090909090909
 1 -1.848484848484848
 0 -1.787878787878788
 0 -1.727272727272727
 2 -1.666666666666667
 78 -1.606060606060606
 14 -1.545454545454545
 81 -1.484848484848485
 17 -1.424242424242424
 91 -1.363636363636364
 21 -1.303030303030303
 8 -1.242424242424242
 416 -1.181818181818182
 9 -1.121212121212121
 361 -1.060606060606061
 13 -1
 364 -0.9393939393939394
 7 -0.8787878787878789
 364 -0.8181818181818183
 625 -0.7575757575757573
 430 -0.6969696969696968
 714 -0.6363636363636362
 433 -0.5757575757575757
 619 -0.5151515151515151
 399 -0.4545454545454546
 643 -0.393939393939394
 2796 -0.333333333333333
 398 -0.2727272727272725
 1848 -0.2121212121212119
 8 -0.1515151515151514
 1898 -0.09090909090909083
 8 -0.03030303030303028
 1694 0.03030303030303028
 14 0.09090909090909083
 1528 0.1515151515151514
 993 0.2121212121212124
 1592 0.2727272727272729
 1052 0.3333333333333335
 431 0.393939393939394
 593 0.4545454545454546
 440 0.5151515151515151
 559 0.5757575757575757
 458 0.6363636363636367
 568 0.6969696969696972
 375 0.7575757575757578
 11 0.8181818181818183
 354 0.8787878787878789
 10 0.9393939393939394
 341 1
 11 1.060606060606061
 326 1.121212121212121
 3 1.181818181818182
 21 1.242424242424242
 61 1.303030303030303
 9 1.363636363636363
 65 1.424242424242425
 21 1.484848484848485
 61 1.545454545454546
 2 1.606060606060606
 0 1.666666666666667
 1 1.727272727272728
 23 1.787878787878788
 3 1.848484848484849
 17 1.909090909090909
 1 1.96969696969697
 1 2.03030303030303
 0 2.090909090909091
 0 2.151515151515151
 1 2.212121212121212
 1 2.272727272727272
 0 2.333333333333334
 2 2.393939393939394
 0 2.454545454545455
 1 2.515151515151516
 0 2.575757575757576
 0 2.636363636363637
 0 2.696969696969697
 0 2.757575757575758
 0 2.818181818181818
 0 2.878787878787879
 0 2.939393939393939
 0 3


