# Created by Octave 3.8.2, Mon Jun 22 15:52:01 2020 CEST <damian@fptrucha.inv.usc.es>
# name: hd
# type: matrix
# rows: 100
# columns: 2
 0 -3
 0 -2.939393939393939
 0 -2.878787878787879
 0 -2.818181818181818
 0 -2.757575757575758
 0 -2.696969696969697
 0 -2.636363636363636
 1 -2.575757575757576
 0 -2.515151515151515
 6 -2.454545454545455
 1 -2.393939393939394
 2 -2.333333333333333
 0 -2.272727272727272
 0 -2.212121212121212
 0 -2.151515151515151
 2 -2.090909090909091
 2 -2.03030303030303
 25 -1.96969696969697
 35 -1.909090909090909
 0 -1.848484848484848
 1 -1.787878787878788
 0 -1.727272727272727
 2 -1.666666666666667
 100 -1.606060606060606
 20 -1.545454545454545
 112 -1.484848484848485
 19 -1.424242424242424
 118 -1.363636363636364
 21 -1.303030303030303
 11 -1.242424242424242
 567 -1.181818181818182
 22 -1.121212121212121
 541 -1.060606060606061
 14 -1
 526 -0.9393939393939394
 17 -0.8787878787878789
 522 -0.8181818181818183
 913 -0.7575757575757573
 627 -0.6969696969696968
 1006 -0.6363636363636362
 692 -0.5757575757575757
 879 -0.5151515151515151
 607 -0.4545454545454546
 932 -0.393939393939394
 4228 -0.333333333333333
 584 -0.2727272727272725
 2748 -0.2121212121212119
 8 -0.1515151515151514
 2759 -0.09090909090909083
 17 -0.03030303030303028
 2626 0.03030303030303028
 16 0.09090909090909083
 2317 0.1515151515151514
 1614 0.2121212121212124
 2334 0.2727272727272729
 1656 0.3333333333333335
 636 0.393939393939394
 1010 0.4545454545454546
 725 0.5151515151515151
 864 0.5757575757575757
 647 0.6363636363636367
 881 0.6969696969696972
 610 0.7575757575757578
 4 0.8181818181818183
 632 0.8787878787878789
 19 0.9393939393939394
 584 1
 15 1.060606060606061
 584 1.121212121212121
 19 1.181818181818182
 48 1.242424242424242
 123 1.303030303030303
 30 1.363636363636363
 115 1.424242424242425
 40 1.484848484848485
 110 1.545454545454546
 2 1.606060606060606
 0 1.666666666666667
 0 1.727272727272728
 41 1.787878787878788
 3 1.848484848484849
 24 1.909090909090909
 4 1.96969696969697
 1 2.03030303030303
 0 2.090909090909091
 0 2.151515151515151
 0 2.212121212121212
 0 2.272727272727272
 2 2.333333333333334
 16 2.393939393939394
 2 2.454545454545455
 1 2.515151515151516
 0 2.575757575757576
 0 2.636363636363637
 0 2.696969696969697
 0 2.757575757575758
 0 2.818181818181818
 0 2.878787878787879
 0 2.939393939393939
 0 3


