# Created by Octave 3.8.2, Mon Jun 22 14:33:11 2020 CEST <damian@fptrucha.inv.usc.es>
# name: hd
# type: matrix
# rows: 100
# columns: 2
 0 -3
 0 -2.939393939393939
 0 -2.878787878787879
 0 -2.818181818181818
 0 -2.757575757575758
 0 -2.696969696969697
 0 -2.636363636363636
 2 -2.575757575757576
 1 -2.515151515151515
 6 -2.454545454545455
 1 -2.393939393939394
 1 -2.333333333333333
 3 -2.272727272727272
 0 -2.212121212121212
 0 -2.151515151515151
 2 -2.090909090909091
 4 -2.03030303030303
 38 -1.96969696969697
 40 -1.909090909090909
 1 -1.848484848484848
 5 -1.787878787878788
 0 -1.727272727272727
 6 -1.666666666666667
 115 -1.606060606060606
 32 -1.545454545454545
 109 -1.484848484848485
 27 -1.424242424242424
 103 -1.363636363636364
 23 -1.303030303030303
 16 -1.242424242424242
 518 -1.181818181818182
 21 -1.121212121212121
 541 -1.060606060606061
 11 -1
 505 -0.9393939393939394
 19 -0.8787878787878789
 548 -0.8181818181818183
 877 -0.7575757575757573
 605 -0.6969696969696968
 1024 -0.6363636363636362
 661 -0.5757575757575757
 869 -0.5151515151515151
 572 -0.4545454545454546
 963 -0.393939393939394
 4101 -0.333333333333333
 547 -0.2727272727272725
 2621 -0.2121212121212119
 11 -0.1515151515151514
 2740 -0.09090909090909083
 13 -0.03030303030303028
 2500 0.03030303030303028
 20 0.09090909090909083
 2338 0.1515151515151514
 1535 0.2121212121212124
 2323 0.2727272727272729
 1596 0.3333333333333335
 653 0.393939393939394
 987 0.4545454545454546
 660 0.5151515151515151
 825 0.5757575757575757
 582 0.6363636363636367
 888 0.6969696969696972
 549 0.7575757575757578
 16 0.8181818181818183
 610 0.8787878787878789
 20 0.9393939393939394
 578 1
 19 1.060606060606061
 539 1.121212121212121
 14 1.181818181818182
 35 1.242424242424242
 124 1.303030303030303
 31 1.363636363636363
 118 1.424242424242425
 23 1.484848484848485
 100 1.545454545454546
 3 1.606060606060606
 0 1.666666666666667
 0 1.727272727272728
 31 1.787878787878788
 4 1.848484848484849
 33 1.909090909090909
 2 1.96969696969697
 1 2.03030303030303
 0 2.090909090909091
 0 2.151515151515151
 6 2.212121212121212
 1 2.272727272727272
 1 2.333333333333334
 5 2.393939393939394
 1 2.454545454545455
 2 2.515151515151516
 0 2.575757575757576
 0 2.636363636363637
 0 2.696969696969697
 0 2.757575757575758
 0 2.818181818181818
 0 2.878787878787879
 0 2.939393939393939
 0 3


