# Created by Octave 3.8.2, Sat Jun 20 15:09:30 2020 CEST <damian@fptrucha.inv.usc.es>
# name: hd
# type: matrix
# rows: 100
# columns: 2
 0 -3
 0 -2.939393939393939
 0 -2.878787878787879
 0 -2.818181818181818
 0 -2.757575757575758
 0 -2.696969696969697
 0 -2.636363636363636
 0 -2.575757575757576
 0 -2.515151515151515
 8 -2.454545454545455
 0 -2.393939393939394
 0 -2.333333333333333
 0 -2.272727272727272
 0 -2.212121212121212
 0 -2.151515151515151
 3 -2.090909090909091
 4 -2.03030303030303
 19 -1.96969696969697
 26 -1.909090909090909
 2 -1.848484848484848
 0 -1.787878787878788
 0 -1.727272727272727
 2 -1.666666666666667
 99 -1.606060606060606
 23 -1.545454545454545
 92 -1.484848484848485
 24 -1.424242424242424
 61 -1.363636363636364
 19 -1.303030303030303
 15 -1.242424242424242
 572 -1.181818181818182
 23 -1.121212121212121
 523 -1.060606060606061
 8 -1
 444 -0.9393939393939394
 20 -0.8787878787878789
 471 -0.8181818181818183
 1058 -0.7575757575757573
 665 -0.6969696969696968
 1006 -0.6363636363636362
 640 -0.5757575757575757
 905 -0.5151515151515151
 544 -0.4545454545454546
 845 -0.393939393939394
 4268 -0.333333333333333
 604 -0.2727272727272725
 2986 -0.2121212121212119
 8 -0.1515151515151514
 2731 -0.09090909090909083
 7 -0.03030303030303028
 2583 0.03030303030303028
 6 0.09090909090909083
 2284 0.1515151515151514
 1815 0.2121212121212124
 2354 0.2727272727272729
 1740 0.3333333333333335
 676 0.393939393939394
 969 0.4545454545454546
 710 0.5151515151515151
 904 0.5757575757575757
 611 0.6363636363636367
 853 0.6969696969696972
 618 0.7575757575757578
 9 0.8181818181818183
 553 0.8787878787878789
 12 0.9393939393939394
 559 1
 10 1.060606060606061
 500 1.121212121212121
 15 1.181818181818182
 28 1.242424242424242
 114 1.303030303030303
 23 1.363636363636363
 117 1.424242424242425
 19 1.484848484848485
 106 1.545454545454546
 1 1.606060606060606
 0 1.666666666666667
 2 1.727272727272728
 34 1.787878787878788
 5 1.848484848484849
 25 1.909090909090909
 5 1.96969696969697
 0 2.03030303030303
 0 2.090909090909091
 0 2.151515151515151
 0 2.212121212121212
 0 2.272727272727272
 0 2.333333333333334
 10 2.393939393939394
 0 2.454545454545455
 0 2.515151515151516
 0 2.575757575757576
 0 2.636363636363637
 0 2.696969696969697
 0 2.757575757575758
 0 2.818181818181818
 0 2.878787878787879
 0 2.939393939393939
 0 3


