# Created by Octave 3.8.2, Sat Jun 20 16:43:15 2020 CEST <damian@fptrucha.inv.usc.es>
# name: hd
# type: matrix
# rows: 100
# columns: 2
 0 -3
 0 -2.939393939393939
 0 -2.878787878787879
 0 -2.818181818181818
 0 -2.757575757575758
 0 -2.696969696969697
 0 -2.636363636363636
 0 -2.575757575757576
 1 -2.515151515151515
 7 -2.454545454545455
 0 -2.393939393939394
 1 -2.333333333333333
 1 -2.272727272727272
 0 -2.212121212121212
 0 -2.151515151515151
 2 -2.090909090909091
 0 -2.03030303030303
 21 -1.96969696969697
 31 -1.909090909090909
 4 -1.848484848484848
 6 -1.787878787878788
 0 -1.727272727272727
 1 -1.666666666666667
 93 -1.606060606060606
 19 -1.545454545454545
 94 -1.484848484848485
 23 -1.424242424242424
 72 -1.363636363636364
 8 -1.303030303030303
 6 -1.242424242424242
 565 -1.181818181818182
 11 -1.121212121212121
 529 -1.060606060606061
 10 -1
 435 -0.9393939393939394
 16 -0.8787878787878789
 436 -0.8181818181818183
 1046 -0.7575757575757573
 689 -0.6969696969696968
 1018 -0.6363636363636362
 622 -0.5757575757575757
 861 -0.5151515151515151
 556 -0.4545454545454546
 850 -0.393939393939394
 4183 -0.333333333333333
 525 -0.2727272727272725
 2898 -0.2121212121212119
 4 -0.1515151515151514
 2619 -0.09090909090909083
 9 -0.03030303030303028
 2602 0.03030303030303028
 5 0.09090909090909083
 2267 0.1515151515151514
 1714 0.2121212121212124
 2168 0.2727272727272729
 1707 0.3333333333333335
 635 0.393939393939394
 847 0.4545454545454546
 656 0.5151515151515151
 820 0.5757575757575757
 625 0.6363636363636367
 836 0.6969696969696972
 593 0.7575757575757578
 7 0.8181818181818183
 552 0.8787878787878789
 10 0.9393939393939394
 479 1
 13 1.060606060606061
 505 1.121212121212121
 15 1.181818181818182
 31 1.242424242424242
 98 1.303030303030303
 25 1.363636363636363
 106 1.424242424242425
 24 1.484848484848485
 87 1.545454545454546
 1 1.606060606060606
 0 1.666666666666667
 0 1.727272727272728
 29 1.787878787878788
 4 1.848484848484849
 26 1.909090909090909
 1 1.96969696969697
 0 2.03030303030303
 0 2.090909090909091
 0 2.151515151515151
 2 2.212121212121212
 0 2.272727272727272
 0 2.333333333333334
 7 2.393939393939394
 0 2.454545454545455
 0 2.515151515151516
 0 2.575757575757576
 0 2.636363636363637
 0 2.696969696969697
 0 2.757575757575758
 0 2.818181818181818
 0 2.878787878787879
 0 2.939393939393939
 0 3


