# Created by Octave 3.8.2, Sun Jun 21 00:51:55 2020 CEST <damian@fptrucha.inv.usc.es>
# name: hd
# type: matrix
# rows: 100
# columns: 2
 0 -3
 0 -2.939393939393939
 0 -2.878787878787879
 0 -2.818181818181818
 0 -2.757575757575758
 0 -2.696969696969697
 0 -2.636363636363636
 1 -2.575757575757576
 1 -2.515151515151515
 4 -2.454545454545455
 2 -2.393939393939394
 0 -2.333333333333333
 1 -2.272727272727272
 0 -2.212121212121212
 0 -2.151515151515151
 0 -2.090909090909091
 2 -2.03030303030303
 13 -1.96969696969697
 33 -1.909090909090909
 2 -1.848484848484848
 2 -1.787878787878788
 0 -1.727272727272727
 1 -1.666666666666667
 101 -1.606060606060606
 32 -1.545454545454545
 81 -1.484848484848485
 23 -1.424242424242424
 78 -1.363636363636364
 18 -1.303030303030303
 15 -1.242424242424242
 549 -1.181818181818182
 19 -1.121212121212121
 528 -1.060606060606061
 7 -1
 447 -0.9393939393939394
 15 -0.8787878787878789
 419 -0.8181818181818183
 942 -0.7575757575757573
 627 -0.6969696969696968
 1062 -0.6363636363636362
 653 -0.5757575757575757
 877 -0.5151515151515151
 595 -0.4545454545454546
 813 -0.393939393939394
 4119 -0.333333333333333
 566 -0.2727272727272725
 2816 -0.2121212121212119
 11 -0.1515151515151514
 2600 -0.09090909090909083
 8 -0.03030303030303028
 2495 0.03030303030303028
 19 0.09090909090909083
 2160 0.1515151515151514
 1707 0.2121212121212124
 2120 0.2727272727272729
 1569 0.3333333333333335
 622 0.393939393939394
 866 0.4545454545454546
 625 0.5151515151515151
 789 0.5757575757575757
 627 0.6363636363636367
 738 0.6969696969696972
 573 0.7575757575757578
 7 0.8181818181818183
 515 0.8787878787878789
 13 0.9393939393939394
 482 1
 9 1.060606060606061
 495 1.121212121212121
 16 1.181818181818182
 25 1.242424242424242
 103 1.303030303030303
 21 1.363636363636363
 100 1.424242424242425
 13 1.484848484848485
 93 1.545454545454546
 0 1.606060606060606
 0 1.666666666666667
 0 1.727272727272728
 29 1.787878787878788
 4 1.848484848484849
 30 1.909090909090909
 3 1.96969696969697
 1 2.03030303030303
 0 2.090909090909091
 0 2.151515151515151
 2 2.212121212121212
 0 2.272727272727272
 1 2.333333333333334
 5 2.393939393939394
 0 2.454545454545455
 0 2.515151515151516
 0 2.575757575757576
 0 2.636363636363637
 0 2.696969696969697
 0 2.757575757575758
 0 2.818181818181818
 0 2.878787878787879
 0 2.939393939393939
 0 3


