# Created by Octave 3.8.2, Sat Jun 20 19:12:45 2020 CEST <damian@fptrucha.inv.usc.es>
# name: hd
# type: matrix
# rows: 100
# columns: 2
 0 -3
 0 -2.939393939393939
 0 -2.878787878787879
 0 -2.818181818181818
 0 -2.757575757575758
 0 -2.696969696969697
 0 -2.636363636363636
 0 -2.575757575757576
 0 -2.515151515151515
 4 -2.454545454545455
 0 -2.393939393939394
 0 -2.333333333333333
 0 -2.272727272727272
 0 -2.212121212121212
 0 -2.151515151515151
 1 -2.090909090909091
 4 -2.03030303030303
 25 -1.96969696969697
 26 -1.909090909090909
 0 -1.848484848484848
 1 -1.787878787878788
 0 -1.727272727272727
 3 -1.666666666666667
 97 -1.606060606060606
 24 -1.545454545454545
 87 -1.484848484848485
 16 -1.424242424242424
 75 -1.363636363636364
 15 -1.303030303030303
 12 -1.242424242424242
 521 -1.181818181818182
 17 -1.121212121212121
 528 -1.060606060606061
 9 -1
 447 -0.9393939393939394
 12 -0.8787878787878789
 388 -0.8181818181818183
 971 -0.7575757575757573
 654 -0.6969696969696968
 1027 -0.6363636363636362
 614 -0.5757575757575757
 884 -0.5151515151515151
 584 -0.4545454545454546
 851 -0.393939393939394
 4291 -0.333333333333333
 527 -0.2727272727272725
 2920 -0.2121212121212119
 8 -0.1515151515151514
 2536 -0.09090909090909083
 8 -0.03030303030303028
 2558 0.03030303030303028
 9 0.09090909090909083
 2129 0.1515151515151514
 1807 0.2121212121212124
 2168 0.2727272727272729
 1677 0.3333333333333335
 647 0.393939393939394
 903 0.4545454545454546
 673 0.5151515151515151
 785 0.5757575757575757
 609 0.6363636363636367
 799 0.6969696969696972
 604 0.7575757575757578
 9 0.8181818181818183
 596 0.8787878787878789
 15 0.9393939393939394
 517 1
 10 1.060606060606061
 490 1.121212121212121
 10 1.181818181818182
 35 1.242424242424242
 113 1.303030303030303
 33 1.363636363636363
 131 1.424242424242425
 30 1.484848484848485
 90 1.545454545454546
 2 1.606060606060606
 0 1.666666666666667
 0 1.727272727272728
 19 1.787878787878788
 2 1.848484848484849
 36 1.909090909090909
 1 1.96969696969697
 2 2.03030303030303
 0 2.090909090909091
 0 2.151515151515151
 2 2.212121212121212
 1 2.272727272727272
 1 2.333333333333334
 6 2.393939393939394
 1 2.454545454545455
 0 2.515151515151516
 0 2.575757575757576
 0 2.636363636363637
 0 2.696969696969697
 0 2.757575757575758
 0 2.818181818181818
 0 2.878787878787879
 0 2.939393939393939
 0 3


