# Created by Octave 3.8.2, Sat Jun 20 13:10:26 2020 CEST <damian@fptrucha.inv.usc.es>
# name: hd
# type: matrix
# rows: 100
# columns: 2
 0 -3
 0 -2.939393939393939
 0 -2.878787878787879
 0 -2.818181818181818
 0 -2.757575757575758
 0 -2.696969696969697
 0 -2.636363636363636
 1 -2.575757575757576
 0 -2.515151515151515
 2 -2.454545454545455
 0 -2.393939393939394
 0 -2.333333333333333
 1 -2.272727272727272
 0 -2.212121212121212
 0 -2.151515151515151
 0 -2.090909090909091
 2 -2.03030303030303
 20 -1.96969696969697
 26 -1.909090909090909
 1 -1.848484848484848
 2 -1.787878787878788
 0 -1.727272727272727
 1 -1.666666666666667
 101 -1.606060606060606
 20 -1.545454545454545
 94 -1.484848484848485
 22 -1.424242424242424
 88 -1.363636363636364
 16 -1.303030303030303
 15 -1.242424242424242
 586 -1.181818181818182
 13 -1.121212121212121
 529 -1.060606060606061
 9 -1
 467 -0.9393939393939394
 23 -0.8787878787878789
 443 -0.8181818181818183
 1095 -0.7575757575757573
 703 -0.6969696969696968
 1195 -0.6363636363636362
 640 -0.5757575757575757
 963 -0.5151515151515151
 590 -0.4545454545454546
 853 -0.393939393939394
 4467 -0.333333333333333
 567 -0.2727272727272725
 3029 -0.2121212121212119
 15 -0.1515151515151514
 2919 -0.09090909090909083
 6 -0.03030303030303028
 2777 0.03030303030303028
 14 0.09090909090909083
 2374 0.1515151515151514
 2017 0.2121212121212124
 2370 0.2727272727272729
 1824 0.3333333333333335
 717 0.393939393939394
 988 0.4545454545454546
 704 0.5151515151515151
 913 0.5757575757575757
 649 0.6363636363636367
 907 0.6969696969696972
 629 0.7575757575757578
 11 0.8181818181818183
 608 0.8787878787878789
 10 0.9393939393939394
 604 1
 12 1.060606060606061
 530 1.121212121212121
 8 1.181818181818182
 31 1.242424242424242
 127 1.303030303030303
 37 1.363636363636363
 152 1.424242424242425
 32 1.484848484848485
 115 1.545454545454546
 3 1.606060606060606
 0 1.666666666666667
 2 1.727272727272728
 36 1.787878787878788
 3 1.848484848484849
 34 1.909090909090909
 3 1.96969696969697
 0 2.03030303030303
 0 2.090909090909091
 0 2.151515151515151
 2 2.212121212121212
 1 2.272727272727272
 2 2.333333333333334
 10 2.393939393939394
 1 2.454545454545455
 1 2.515151515151516
 0 2.575757575757576
 0 2.636363636363637
 0 2.696969696969697
 0 2.757575757575758
 0 2.818181818181818
 0 2.878787878787879
 0 2.939393939393939
 0 3


