# Created by Octave 3.8.2, Mon Jun 22 18:19:32 2020 CEST <damian@fptrucha.inv.usc.es>
# name: hd
# type: matrix
# rows: 100
# columns: 2
 0 -3
 0 -2.939393939393939
 0 -2.878787878787879
 0 -2.818181818181818
 0 -2.757575757575758
 0 -2.696969696969697
 0 -2.636363636363636
 4 -2.575757575757576
 1 -2.515151515151515
 6 -2.454545454545455
 1 -2.393939393939394
 0 -2.333333333333333
 1 -2.272727272727272
 0 -2.212121212121212
 0 -2.151515151515151
 2 -2.090909090909091
 2 -2.03030303030303
 33 -1.96969696969697
 25 -1.909090909090909
 1 -1.848484848484848
 2 -1.787878787878788
 0 -1.727272727272727
 4 -1.666666666666667
 110 -1.606060606060606
 29 -1.545454545454545
 123 -1.484848484848485
 18 -1.424242424242424
 131 -1.363636363636364
 24 -1.303030303030303
 16 -1.242424242424242
 589 -1.181818181818182
 16 -1.121212121212121
 578 -1.060606060606061
 15 -1
 558 -0.9393939393939394
 21 -0.8787878787878789
 567 -0.8181818181818183
 905 -0.7575757575757573
 666 -0.6969696969696968
 1153 -0.6363636363636362
 668 -0.5757575757575757
 952 -0.5151515151515151
 586 -0.4545454545454546
 996 -0.393939393939394
 4392 -0.333333333333333
 602 -0.2727272727272725
 2622 -0.2121212121212119
 18 -0.1515151515151514
 2781 -0.09090909090909083
 12 -0.03030303030303028
 2522 0.03030303030303028
 9 0.09090909090909083
 2402 0.1515151515151514
 1566 0.2121212121212124
 2415 0.2727272727272729
 1561 0.3333333333333335
 664 0.393939393939394
 960 0.4545454545454546
 636 0.5151515151515151
 868 0.5757575757575757
 670 0.6363636363636367
 895 0.6969696969696972
 525 0.7575757575757578
 17 0.8181818181818183
 572 0.8787878787878789
 19 0.9393939393939394
 525 1
 15 1.060606060606061
 565 1.121212121212121
 15 1.181818181818182
 31 1.242424242424242
 99 1.303030303030303
 31 1.363636363636363
 112 1.424242424242425
 16 1.484848484848485
 117 1.545454545454546
 0 1.606060606060606
 0 1.666666666666667
 0 1.727272727272728
 31 1.787878787878788
 5 1.848484848484849
 34 1.909090909090909
 1 1.96969696969697
 5 2.03030303030303
 0 2.090909090909091
 0 2.151515151515151
 3 2.212121212121212
 0 2.272727272727272
 2 2.333333333333334
 7 2.393939393939394
 1 2.454545454545455
 2 2.515151515151516
 0 2.575757575757576
 0 2.636363636363637
 0 2.696969696969697
 0 2.757575757575758
 0 2.818181818181818
 0 2.878787878787879
 0 2.939393939393939
 0 3


