# Created by Octave 3.8.2, Sat Jun 20 20:30:19 2020 CEST <damian@fptrucha.inv.usc.es>
# name: hd
# type: matrix
# rows: 100
# columns: 2
 0 -3
 0 -2.939393939393939
 0 -2.878787878787879
 0 -2.818181818181818
 0 -2.757575757575758
 0 -2.696969696969697
 0 -2.636363636363636
 0 -2.575757575757576
 0 -2.515151515151515
 6 -2.454545454545455
 0 -2.393939393939394
 0 -2.333333333333333
 0 -2.272727272727272
 0 -2.212121212121212
 0 -2.151515151515151
 0 -2.090909090909091
 2 -2.03030303030303
 22 -1.96969696969697
 20 -1.909090909090909
 0 -1.848484848484848
 0 -1.787878787878788
 0 -1.727272727272727
 3 -1.666666666666667
 110 -1.606060606060606
 15 -1.545454545454545
 80 -1.484848484848485
 19 -1.424242424242424
 70 -1.363636363636364
 25 -1.303030303030303
 21 -1.242424242424242
 552 -1.181818181818182
 13 -1.121212121212121
 471 -1.060606060606061
 10 -1
 434 -0.9393939393939394
 18 -0.8787878787878789
 416 -0.8181818181818183
 916 -0.7575757575757573
 645 -0.6969696969696968
 1031 -0.6363636363636362
 616 -0.5757575757575757
 897 -0.5151515151515151
 566 -0.4545454545454546
 846 -0.393939393939394
 4056 -0.333333333333333
 485 -0.2727272727272725
 2930 -0.2121212121212119
 4 -0.1515151515151514
 2601 -0.09090909090909083
 11 -0.03030303030303028
 2559 0.03030303030303028
 12 0.09090909090909083
 2309 0.1515151515151514
 1701 0.2121212121212124
 2235 0.2727272727272729
 1715 0.3333333333333335
 634 0.393939393939394
 882 0.4545454545454546
 635 0.5151515151515151
 852 0.5757575757575757
 563 0.6363636363636367
 817 0.6969696969696972
 631 0.7575757575757578
 14 0.8181818181818183
 565 0.8787878787878789
 17 0.9393939393939394
 578 1
 4 1.060606060606061
 541 1.121212121212121
 11 1.181818181818182
 25 1.242424242424242
 109 1.303030303030303
 24 1.363636363636363
 107 1.424242424242425
 35 1.484848484848485
 92 1.545454545454546
 1 1.606060606060606
 0 1.666666666666667
 6 1.727272727272728
 26 1.787878787878788
 5 1.848484848484849
 30 1.909090909090909
 3 1.96969696969697
 1 2.03030303030303
 0 2.090909090909091
 0 2.151515151515151
 1 2.212121212121212
 0 2.272727272727272
 0 2.333333333333334
 5 2.393939393939394
 0 2.454545454545455
 1 2.515151515151516
 0 2.575757575757576
 0 2.636363636363637
 0 2.696969696969697
 0 2.757575757575758
 0 2.818181818181818
 0 2.878787878787879
 0 2.939393939393939
 0 3


