# Created by Octave 3.8.2, Sun Jun 21 06:09:54 2020 CEST <damian@fptrucha.inv.usc.es>
# name: hd
# type: matrix
# rows: 100
# columns: 2
 0 -3
 0 -2.939393939393939
 0 -2.878787878787879
 0 -2.818181818181818
 0 -2.757575757575758
 0 -2.696969696969697
 0 -2.636363636363636
 0 -2.575757575757576
 0 -2.515151515151515
 9 -2.454545454545455
 0 -2.393939393939394
 1 -2.333333333333333
 0 -2.272727272727272
 0 -2.212121212121212
 0 -2.151515151515151
 2 -2.090909090909091
 1 -2.03030303030303
 21 -1.96969696969697
 14 -1.909090909090909
 3 -1.848484848484848
 1 -1.787878787878788
 0 -1.727272727272727
 2 -1.666666666666667
 79 -1.606060606060606
 21 -1.545454545454545
 87 -1.484848484848485
 16 -1.424242424242424
 80 -1.363636363636364
 17 -1.303030303030303
 14 -1.242424242424242
 529 -1.181818181818182
 11 -1.121212121212121
 514 -1.060606060606061
 20 -1
 429 -0.9393939393939394
 12 -0.8787878787878789
 460 -0.8181818181818183
 952 -0.7575757575757573
 633 -0.6969696969696968
 1021 -0.6363636363636362
 609 -0.5757575757575757
 807 -0.5151515151515151
 577 -0.4545454545454546
 824 -0.393939393939394
 4194 -0.333333333333333
 477 -0.2727272727272725
 2977 -0.2121212121212119
 6 -0.1515151515151514
 2622 -0.09090909090909083
 9 -0.03030303030303028
 2486 0.03030303030303028
 9 0.09090909090909083
 2140 0.1515151515151514
 1671 0.2121212121212124
 2199 0.2727272727272729
 1645 0.3333333333333335
 615 0.393939393939394
 886 0.4545454545454546
 659 0.5151515151515151
 789 0.5757575757575757
 573 0.6363636363636367
 774 0.6969696969696972
 604 0.7575757575757578
 10 0.8181818181818183
 525 0.8787878787878789
 22 0.9393939393939394
 495 1
 7 1.060606060606061
 480 1.121212121212121
 9 1.181818181818182
 27 1.242424242424242
 105 1.303030303030303
 26 1.363636363636363
 106 1.424242424242425
 23 1.484848484848485
 96 1.545454545454546
 1 1.606060606060606
 0 1.666666666666667
 1 1.727272727272728
 28 1.787878787878788
 1 1.848484848484849
 20 1.909090909090909
 3 1.96969696969697
 2 2.03030303030303
 0 2.090909090909091
 0 2.151515151515151
 2 2.212121212121212
 0 2.272727272727272
 2 2.333333333333334
 4 2.393939393939394
 0 2.454545454545455
 2 2.515151515151516
 0 2.575757575757576
 0 2.636363636363637
 0 2.696969696969697
 0 2.757575757575758
 0 2.818181818181818
 0 2.878787878787879
 0 2.939393939393939
 0 3


