# Created by Octave 3.8.2, Mon Jun 22 01:39:15 2020 CEST <damian@fptrucha.inv.usc.es>
# name: hd
# type: matrix
# rows: 100
# columns: 2
 0 -3
 0 -2.939393939393939
 0 -2.878787878787879
 0 -2.818181818181818
 0 -2.757575757575758
 0 -2.696969696969697
 0 -2.636363636363636
 0 -2.575757575757576
 1 -2.515151515151515
 2 -2.454545454545455
 0 -2.393939393939394
 2 -2.333333333333333
 2 -2.272727272727272
 0 -2.212121212121212
 0 -2.151515151515151
 1 -2.090909090909091
 2 -2.03030303030303
 40 -1.96969696969697
 34 -1.909090909090909
 1 -1.848484848484848
 0 -1.787878787878788
 0 -1.727272727272727
 3 -1.666666666666667
 101 -1.606060606060606
 24 -1.545454545454545
 97 -1.484848484848485
 22 -1.424242424242424
 97 -1.363636363636364
 23 -1.303030303030303
 12 -1.242424242424242
 552 -1.181818181818182
 7 -1.121212121212121
 488 -1.060606060606061
 12 -1
 477 -0.9393939393939394
 18 -0.8787878787878789
 422 -0.8181818181818183
 1042 -0.7575757575757573
 676 -0.6969696969696968
 1060 -0.6363636363636362
 615 -0.5757575757575757
 950 -0.5151515151515151
 563 -0.4545454545454546
 873 -0.393939393939394
 4483 -0.333333333333333
 526 -0.2727272727272725
 2949 -0.2121212121212119
 8 -0.1515151515151514
 2726 -0.09090909090909083
 11 -0.03030303030303028
 2515 0.03030303030303028
 8 0.09090909090909083
 2289 0.1515151515151514
 1896 0.2121212121212124
 2281 0.2727272727272729
 1722 0.3333333333333335
 676 0.393939393939394
 929 0.4545454545454546
 656 0.5151515151515151
 781 0.5757575757575757
 606 0.6363636363636367
 773 0.6969696969696972
 562 0.7575757575757578
 16 0.8181818181818183
 600 0.8787878787878789
 20 0.9393939393939394
 527 1
 7 1.060606060606061
 482 1.121212121212121
 14 1.181818181818182
 27 1.242424242424242
 105 1.303030303030303
 22 1.363636363636363
 108 1.424242424242425
 22 1.484848484848485
 95 1.545454545454546
 5 1.606060606060606
 0 1.666666666666667
 3 1.727272727272728
 32 1.787878787878788
 2 1.848484848484849
 40 1.909090909090909
 1 1.96969696969697
 1 2.03030303030303
 0 2.090909090909091
 0 2.151515151515151
 1 2.212121212121212
 0 2.272727272727272
 0 2.333333333333334
 10 2.393939393939394
 0 2.454545454545455
 0 2.515151515151516
 0 2.575757575757576
 0 2.636363636363637
 0 2.696969696969697
 0 2.757575757575758
 0 2.818181818181818
 0 2.878787878787879
 0 2.939393939393939
 0 3


