# Created by Octave 3.8.2, Sat Jun 20 22:29:46 2020 CEST <damian@fptrucha.inv.usc.es>
# name: hd
# type: matrix
# rows: 100
# columns: 2
 0 -3
 0 -2.939393939393939
 0 -2.878787878787879
 0 -2.818181818181818
 0 -2.757575757575758
 0 -2.696969696969697
 0 -2.636363636363636
 1 -2.575757575757576
 0 -2.515151515151515
 4 -2.454545454545455
 0 -2.393939393939394
 0 -2.333333333333333
 2 -2.272727272727272
 0 -2.212121212121212
 0 -2.151515151515151
 1 -2.090909090909091
 3 -2.03030303030303
 29 -1.96969696969697
 24 -1.909090909090909
 0 -1.848484848484848
 2 -1.787878787878788
 0 -1.727272727272727
 3 -1.666666666666667
 101 -1.606060606060606
 31 -1.545454545454545
 94 -1.484848484848485
 13 -1.424242424242424
 86 -1.363636363636364
 24 -1.303030303030303
 14 -1.242424242424242
 516 -1.181818181818182
 6 -1.121212121212121
 441 -1.060606060606061
 9 -1
 428 -0.9393939393939394
 19 -0.8787878787878789
 393 -0.8181818181818183
 942 -0.7575757575757573
 677 -0.6969696969696968
 1032 -0.6363636363636362
 646 -0.5757575757575757
 861 -0.5151515151515151
 548 -0.4545454545454546
 846 -0.393939393939394
 4140 -0.333333333333333
 512 -0.2727272727272725
 2751 -0.2121212121212119
 6 -0.1515151515151514
 2627 -0.09090909090909083
 10 -0.03030303030303028
 2492 0.03030303030303028
 9 0.09090909090909083
 2194 0.1515151515151514
 1672 0.2121212121212124
 2170 0.2727272727272729
 1692 0.3333333333333335
 645 0.393939393939394
 881 0.4545454545454546
 628 0.5151515151515151
 830 0.5757575757575757
 581 0.6363636363636367
 793 0.6969696969696972
 578 0.7575757575757578
 13 0.8181818181818183
 513 0.8787878787878789
 12 0.9393939393939394
 528 1
 12 1.060606060606061
 513 1.121212121212121
 13 1.181818181818182
 29 1.242424242424242
 112 1.303030303030303
 25 1.363636363636363
 93 1.424242424242425
 28 1.484848484848485
 89 1.545454545454546
 1 1.606060606060606
 0 1.666666666666667
 0 1.727272727272728
 27 1.787878787878788
 1 1.848484848484849
 25 1.909090909090909
 2 1.96969696969697
 0 2.03030303030303
 0 2.090909090909091
 0 2.151515151515151
 2 2.212121212121212
 0 2.272727272727272
 2 2.333333333333334
 3 2.393939393939394
 0 2.454545454545455
 0 2.515151515151516
 0 2.575757575757576
 0 2.636363636363637
 0 2.696969696969697
 0 2.757575757575758
 0 2.818181818181818
 0 2.878787878787879
 0 2.939393939393939
 0 3


