# Created by Octave 3.8.2, Sat Jun 20 20:46:50 2020 CEST <damian@fptrucha.inv.usc.es>
# name: hd
# type: matrix
# rows: 100
# columns: 2
 0 -3
 0 -2.939393939393939
 0 -2.878787878787879
 0 -2.818181818181818
 0 -2.757575757575758
 0 -2.696969696969697
 0 -2.636363636363636
 0 -2.575757575757576
 0 -2.515151515151515
 6 -2.454545454545455
 0 -2.393939393939394
 1 -2.333333333333333
 0 -2.272727272727272
 0 -2.212121212121212
 0 -2.151515151515151
 4 -2.090909090909091
 3 -2.03030303030303
 23 -1.96969696969697
 25 -1.909090909090909
 0 -1.848484848484848
 0 -1.787878787878788
 0 -1.727272727272727
 1 -1.666666666666667
 92 -1.606060606060606
 18 -1.545454545454545
 72 -1.484848484848485
 23 -1.424242424242424
 68 -1.363636363636364
 11 -1.303030303030303
 17 -1.242424242424242
 493 -1.181818181818182
 13 -1.121212121212121
 511 -1.060606060606061
 14 -1
 434 -0.9393939393939394
 10 -0.8787878787878789
 449 -0.8181818181818183
 934 -0.7575757575757573
 642 -0.6969696969696968
 977 -0.6363636363636362
 649 -0.5757575757575757
 861 -0.5151515151515151
 552 -0.4545454545454546
 793 -0.393939393939394
 4207 -0.333333333333333
 533 -0.2727272727272725
 2795 -0.2121212121212119
 9 -0.1515151515151514
 2650 -0.09090909090909083
 6 -0.03030303030303028
 2421 0.03030303030303028
 8 0.09090909090909083
 2155 0.1515151515151514
 1754 0.2121212121212124
 2224 0.2727272727272729
 1634 0.3333333333333335
 657 0.393939393939394
 880 0.4545454545454546
 612 0.5151515151515151
 843 0.5757575757575757
 587 0.6363636363636367
 764 0.6969696969696972
 609 0.7575757575757578
 12 0.8181818181818183
 534 0.8787878787878789
 11 0.9393939393939394
 538 1
 8 1.060606060606061
 525 1.121212121212121
 19 1.181818181818182
 27 1.242424242424242
 93 1.303030303030303
 29 1.363636363636363
 101 1.424242424242425
 23 1.484848484848485
 81 1.545454545454546
 1 1.606060606060606
 0 1.666666666666667
 4 1.727272727272728
 30 1.787878787878788
 3 1.848484848484849
 30 1.909090909090909
 5 1.96969696969697
 2 2.03030303030303
 0 2.090909090909091
 0 2.151515151515151
 0 2.212121212121212
 1 2.272727272727272
 0 2.333333333333334
 4 2.393939393939394
 0 2.454545454545455
 0 2.515151515151516
 0 2.575757575757576
 0 2.636363636363637
 0 2.696969696969697
 0 2.757575757575758
 0 2.818181818181818
 0 2.878787878787879
 0 2.939393939393939
 0 3


