# Created by Octave 3.8.2, Sun Jun 21 06:50:57 2020 CEST <damian@fptrucha.inv.usc.es>
# name: hd
# type: matrix
# rows: 100
# columns: 2
 0 -3
 0 -2.939393939393939
 0 -2.878787878787879
 0 -2.818181818181818
 0 -2.757575757575758
 0 -2.696969696969697
 0 -2.636363636363636
 0 -2.575757575757576
 0 -2.515151515151515
 5 -2.454545454545455
 0 -2.393939393939394
 0 -2.333333333333333
 1 -2.272727272727272
 0 -2.212121212121212
 0 -2.151515151515151
 1 -2.090909090909091
 1 -2.03030303030303
 17 -1.96969696969697
 24 -1.909090909090909
 1 -1.848484848484848
 2 -1.787878787878788
 0 -1.727272727272727
 2 -1.666666666666667
 101 -1.606060606060606
 20 -1.545454545454545
 71 -1.484848484848485
 20 -1.424242424242424
 72 -1.363636363636364
 15 -1.303030303030303
 11 -1.242424242424242
 525 -1.181818181818182
 6 -1.121212121212121
 511 -1.060606060606061
 13 -1
 407 -0.9393939393939394
 13 -0.8787878787878789
 436 -0.8181818181818183
 920 -0.7575757575757573
 637 -0.6969696969696968
 1001 -0.6363636363636362
 600 -0.5757575757575757
 894 -0.5151515151515151
 528 -0.4545454545454546
 782 -0.393939393939394
 3986 -0.333333333333333
 474 -0.2727272727272725
 2815 -0.2121212121212119
 2 -0.1515151515151514
 2585 -0.09090909090909083
 7 -0.03030303030303028
 2419 0.03030303030303028
 11 0.09090909090909083
 2129 0.1515151515151514
 1665 0.2121212121212124
 2094 0.2727272727272729
 1594 0.3333333333333335
 591 0.393939393939394
 891 0.4545454545454546
 613 0.5151515151515151
 673 0.5757575757575757
 573 0.6363636363636367
 735 0.6969696969696972
 574 0.7575757575757578
 13 0.8181818181818183
 522 0.8787878787878789
 12 0.9393939393939394
 481 1
 7 1.060606060606061
 467 1.121212121212121
 11 1.181818181818182
 31 1.242424242424242
 107 1.303030303030303
 18 1.363636363636363
 108 1.424242424242425
 27 1.484848484848485
 80 1.545454545454546
 1 1.606060606060606
 0 1.666666666666667
 3 1.727272727272728
 30 1.787878787878788
 1 1.848484848484849
 22 1.909090909090909
 1 1.96969696969697
 0 2.03030303030303
 0 2.090909090909091
 0 2.151515151515151
 1 2.212121212121212
 0 2.272727272727272
 0 2.333333333333334
 2 2.393939393939394
 0 2.454545454545455
 1 2.515151515151516
 0 2.575757575757576
 0 2.636363636363637
 0 2.696969696969697
 0 2.757575757575758
 0 2.818181818181818
 0 2.878787878787879
 0 2.939393939393939
 0 3


