# Created by Octave 3.8.2, Mon Jun 22 21:22:04 2020 CEST <damian@fptrucha.inv.usc.es>
# name: hd
# type: matrix
# rows: 100
# columns: 2
 0 -3
 0 -2.939393939393939
 0 -2.878787878787879
 0 -2.818181818181818
 0 -2.757575757575758
 0 -2.696969696969697
 0 -2.636363636363636
 0 -2.575757575757576
 0 -2.515151515151515
 5 -2.454545454545455
 0 -2.393939393939394
 0 -2.333333333333333
 1 -2.272727272727272
 0 -2.212121212121212
 0 -2.151515151515151
 0 -2.090909090909091
 1 -2.03030303030303
 31 -1.96969696969697
 34 -1.909090909090909
 0 -1.848484848484848
 1 -1.787878787878788
 0 -1.727272727272727
 5 -1.666666666666667
 111 -1.606060606060606
 30 -1.545454545454545
 120 -1.484848484848485
 31 -1.424242424242424
 97 -1.363636363636364
 32 -1.303030303030303
 9 -1.242424242424242
 589 -1.181818181818182
 11 -1.121212121212121
 566 -1.060606060606061
 11 -1
 521 -0.9393939393939394
 22 -0.8787878787878789
 531 -0.8181818181818183
 1004 -0.7575757575757573
 651 -0.6969696969696968
 1099 -0.6363636363636362
 658 -0.5757575757575757
 949 -0.5151515151515151
 654 -0.4545454545454546
 992 -0.393939393939394
 4500 -0.333333333333333
 607 -0.2727272727272725
 2845 -0.2121212121212119
 8 -0.1515151515151514
 2788 -0.09090909090909083
 13 -0.03030303030303028
 2628 0.03030303030303028
 22 0.09090909090909083
 2470 0.1515151515151514
 1594 0.2121212121212124
 2479 0.2727272727272729
 1643 0.3333333333333335
 682 0.393939393939394
 911 0.4545454545454546
 629 0.5151515151515151
 834 0.5757575757575757
 653 0.6363636363636367
 883 0.6969696969696972
 616 0.7575757575757578
 16 0.8181818181818183
 589 0.8787878787878789
 20 0.9393939393939394
 534 1
 8 1.060606060606061
 523 1.121212121212121
 12 1.181818181818182
 38 1.242424242424242
 108 1.303030303030303
 38 1.363636363636363
 112 1.424242424242425
 37 1.484848484848485
 110 1.545454545454546
 0 1.606060606060606
 0 1.666666666666667
 0 1.727272727272728
 35 1.787878787878788
 7 1.848484848484849
 33 1.909090909090909
 10 1.96969696969697
 0 2.03030303030303
 0 2.090909090909091
 0 2.151515151515151
 1 2.212121212121212
 0 2.272727272727272
 1 2.333333333333334
 7 2.393939393939394
 1 2.454545454545455
 1 2.515151515151516
 0 2.575757575757576
 0 2.636363636363637
 0 2.696969696969697
 0 2.757575757575758
 0 2.818181818181818
 0 2.878787878787879
 0 2.939393939393939
 0 3


