# Created by Octave 3.8.2, Sat Jun 20 03:29:19 2020 CEST <damian@fptrucha.inv.usc.es>
# name: hd
# type: matrix
# rows: 100
# columns: 2
 0 -3
 0 -2.939393939393939
 0 -2.878787878787879
 0 -2.818181818181818
 0 -2.757575757575758
 0 -2.696969696969697
 0 -2.636363636363636
 3 -2.575757575757576
 0 -2.515151515151515
 6 -2.454545454545455
 2 -2.393939393939394
 0 -2.333333333333333
 2 -2.272727272727272
 0 -2.212121212121212
 0 -2.151515151515151
 2 -2.090909090909091
 3 -2.03030303030303
 23 -1.96969696969697
 27 -1.909090909090909
 2 -1.848484848484848
 1 -1.787878787878788
 0 -1.727272727272727
 2 -1.666666666666667
 125 -1.606060606060606
 21 -1.545454545454545
 93 -1.484848484848485
 22 -1.424242424242424
 93 -1.363636363636364
 21 -1.303030303030303
 13 -1.242424242424242
 622 -1.181818181818182
 15 -1.121212121212121
 624 -1.060606060606061
 17 -1
 508 -0.9393939393939394
 11 -0.8787878787878789
 514 -0.8181818181818183
 1148 -0.7575757575757573
 710 -0.6969696969696968
 1168 -0.6363636363636362
 719 -0.5757575757575757
 997 -0.5151515151515151
 606 -0.4545454545454546
 949 -0.393939393939394
 4511 -0.333333333333333
 595 -0.2727272727272725
 3162 -0.2121212121212119
 13 -0.1515151515151514
 2962 -0.09090909090909083
 10 -0.03030303030303028
 2746 0.03030303030303028
 10 0.09090909090909083
 2449 0.1515151515151514
 1900 0.2121212121212124
 2546 0.2727272727272729
 1722 0.3333333333333335
 660 0.393939393939394
 937 0.4545454545454546
 745 0.5151515151515151
 920 0.5757575757575757
 631 0.6363636363636367
 847 0.6969696969696972
 582 0.7575757575757578
 19 0.8181818181818183
 545 0.8787878787878789
 15 0.9393939393939394
 506 1
 16 1.060606060606061
 480 1.121212121212121
 7 1.181818181818182
 28 1.242424242424242
 106 1.303030303030303
 26 1.363636363636363
 104 1.424242424242425
 17 1.484848484848485
 94 1.545454545454546
 2 1.606060606060606
 0 1.666666666666667
 0 1.727272727272728
 33 1.787878787878788
 5 1.848484848484849
 24 1.909090909090909
 2 1.96969696969697
 1 2.03030303030303
 0 2.090909090909091
 0 2.151515151515151
 3 2.212121212121212
 1 2.272727272727272
 2 2.333333333333334
 5 2.393939393939394
 0 2.454545454545455
 0 2.515151515151516
 0 2.575757575757576
 0 2.636363636363637
 0 2.696969696969697
 0 2.757575757575758
 0 2.818181818181818
 0 2.878787878787879
 0 2.939393939393939
 0 3


