# Created by Octave 3.8.2, Mon Jun 22 12:23:13 2020 CEST <damian@fptrucha.inv.usc.es>
# name: hd
# type: matrix
# rows: 100
# columns: 2
 0 -3
 0 -2.939393939393939
 0 -2.878787878787879
 0 -2.818181818181818
 0 -2.757575757575758
 0 -2.696969696969697
 0 -2.636363636363636
 2 -2.575757575757576
 0 -2.515151515151515
 6 -2.454545454545455
 0 -2.393939393939394
 0 -2.333333333333333
 1 -2.272727272727272
 0 -2.212121212121212
 0 -2.151515151515151
 1 -2.090909090909091
 1 -2.03030303030303
 25 -1.96969696969697
 28 -1.909090909090909
 1 -1.848484848484848
 1 -1.787878787878788
 0 -1.727272727272727
 4 -1.666666666666667
 99 -1.606060606060606
 24 -1.545454545454545
 113 -1.484848484848485
 23 -1.424242424242424
 99 -1.363636363636364
 28 -1.303030303030303
 19 -1.242424242424242
 594 -1.181818181818182
 12 -1.121212121212121
 534 -1.060606060606061
 19 -1
 496 -0.9393939393939394
 22 -0.8787878787878789
 529 -0.8181818181818183
 931 -0.7575757575757573
 593 -0.6969696969696968
 1007 -0.6363636363636362
 572 -0.5757575757575757
 896 -0.5151515151515151
 609 -0.4545454545454546
 812 -0.393939393939394
 4027 -0.333333333333333
 561 -0.2727272727272725
 2685 -0.2121212121212119
 15 -0.1515151515151514
 2703 -0.09090909090909083
 8 -0.03030303030303028
 2541 0.03030303030303028
 18 0.09090909090909083
 2330 0.1515151515151514
 1566 0.2121212121212124
 2353 0.2727272727272729
 1594 0.3333333333333335
 672 0.393939393939394
 889 0.4545454545454546
 717 0.5151515151515151
 832 0.5757575757575757
 639 0.6363636363636367
 842 0.6969696969696972
 567 0.7575757575757578
 15 0.8181818181818183
 566 0.8787878787878789
 17 0.9393939393939394
 578 1
 16 1.060606060606061
 565 1.121212121212121
 11 1.181818181818182
 37 1.242424242424242
 115 1.303030303030303
 26 1.363636363636363
 129 1.424242424242425
 36 1.484848484848485
 102 1.545454545454546
 1 1.606060606060606
 0 1.666666666666667
 1 1.727272727272728
 47 1.787878787878788
 4 1.848484848484849
 52 1.909090909090909
 8 1.96969696969697
 1 2.03030303030303
 0 2.090909090909091
 0 2.151515151515151
 1 2.212121212121212
 0 2.272727272727272
 1 2.333333333333334
 12 2.393939393939394
 1 2.454545454545455
 1 2.515151515151516
 0 2.575757575757576
 0 2.636363636363637
 0 2.696969696969697
 0 2.757575757575758
 0 2.818181818181818
 0 2.878787878787879
 0 2.939393939393939
 0 3


