# Created by Octave 3.8.2, Mon Jun 22 04:22:49 2020 CEST <damian@fptrucha.inv.usc.es>
# name: hd
# type: matrix
# rows: 100
# columns: 2
 0 -3
 0 -2.939393939393939
 0 -2.878787878787879
 0 -2.818181818181818
 0 -2.757575757575758
 0 -2.696969696969697
 0 -2.636363636363636
 3 -2.575757575757576
 0 -2.515151515151515
 6 -2.454545454545455
 1 -2.393939393939394
 1 -2.333333333333333
 1 -2.272727272727272
 0 -2.212121212121212
 0 -2.151515151515151
 1 -2.090909090909091
 4 -2.03030303030303
 29 -1.96969696969697
 41 -1.909090909090909
 0 -1.848484848484848
 3 -1.787878787878788
 0 -1.727272727272727
 2 -1.666666666666667
 100 -1.606060606060606
 30 -1.545454545454545
 115 -1.484848484848485
 31 -1.424242424242424
 125 -1.363636363636364
 23 -1.303030303030303
 13 -1.242424242424242
 528 -1.181818181818182
 15 -1.121212121212121
 518 -1.060606060606061
 14 -1
 539 -0.9393939393939394
 16 -0.8787878787878789
 533 -0.8181818181818183
 831 -0.7575757575757573
 563 -0.6969696969696968
 861 -0.6363636363636362
 623 -0.5757575757575757
 793 -0.5151515151515151
 588 -0.4545454545454546
 815 -0.393939393939394
 3745 -0.333333333333333
 507 -0.2727272727272725
 2281 -0.2121212121212119
 15 -0.1515151515151514
 2413 -0.09090909090909083
 19 -0.03030303030303028
 2255 0.03030303030303028
 19 0.09090909090909083
 2065 0.1515151515151514
 1514 0.2121212121212124
 2048 0.2727272727272729
 1366 0.3333333333333335
 579 0.393939393939394
 830 0.4545454545454546
 565 0.5151515151515151
 730 0.5757575757575757
 515 0.6363636363636367
 768 0.6969696969696972
 480 0.7575757575757578
 12 0.8181818181818183
 529 0.8787878787878789
 23 0.9393939393939394
 466 1
 13 1.060606060606061
 466 1.121212121212121
 10 1.181818181818182
 31 1.242424242424242
 98 1.303030303030303
 25 1.363636363636363
 101 1.424242424242425
 33 1.484848484848485
 102 1.545454545454546
 0 1.606060606060606
 0 1.666666666666667
 1 1.727272727272728
 46 1.787878787878788
 3 1.848484848484849
 30 1.909090909090909
 4 1.96969696969697
 0 2.03030303030303
 0 2.090909090909091
 0 2.151515151515151
 1 2.212121212121212
 1 2.272727272727272
 0 2.333333333333334
 9 2.393939393939394
 0 2.454545454545455
 1 2.515151515151516
 0 2.575757575757576
 0 2.636363636363637
 0 2.696969696969697
 0 2.757575757575758
 0 2.818181818181818
 0 2.878787878787879
 0 2.939393939393939
 0 3


