# Created by Octave 3.8.2, Sat Jun 20 08:54:19 2020 CEST <damian@fptrucha.inv.usc.es>
# name: hd
# type: matrix
# rows: 100
# columns: 2
 0 -3
 0 -2.939393939393939
 0 -2.878787878787879
 0 -2.818181818181818
 0 -2.757575757575758
 0 -2.696969696969697
 0 -2.636363636363636
 4 -2.575757575757576
 0 -2.515151515151515
 5 -2.454545454545455
 0 -2.393939393939394
 0 -2.333333333333333
 1 -2.272727272727272
 0 -2.212121212121212
 0 -2.151515151515151
 4 -2.090909090909091
 3 -2.03030303030303
 19 -1.96969696969697
 39 -1.909090909090909
 1 -1.848484848484848
 1 -1.787878787878788
 0 -1.727272727272727
 0 -1.666666666666667
 128 -1.606060606060606
 26 -1.545454545454545
 103 -1.484848484848485
 23 -1.424242424242424
 86 -1.363636363636364
 20 -1.303030303030303
 23 -1.242424242424242
 574 -1.181818181818182
 17 -1.121212121212121
 608 -1.060606060606061
 18 -1
 535 -0.9393939393939394
 11 -0.8787878787878789
 519 -0.8181818181818183
 1150 -0.7575757575757573
 773 -0.6969696969696968
 1239 -0.6363636363636362
 701 -0.5757575757575757
 1069 -0.5151515151515151
 696 -0.4545454545454546
 974 -0.393939393939394
 4695 -0.333333333333333
 606 -0.2727272727272725
 3207 -0.2121212121212119
 11 -0.1515151515151514
 3021 -0.09090909090909083
 5 -0.03030303030303028
 2884 0.03030303030303028
 16 0.09090909090909083
 2541 0.1515151515151514
 2062 0.2121212121212124
 2549 0.2727272727272729
 1992 0.3333333333333335
 698 0.393939393939394
 988 0.4545454545454546
 775 0.5151515151515151
 981 0.5757575757575757
 666 0.6363636363636367
 947 0.6969696969696972
 693 0.7575757575757578
 16 0.8181818181818183
 661 0.8787878787878789
 18 0.9393939393939394
 617 1
 15 1.060606060606061
 559 1.121212121212121
 9 1.181818181818182
 43 1.242424242424242
 104 1.303030303030303
 29 1.363636363636363
 139 1.424242424242425
 28 1.484848484848485
 122 1.545454545454546
 3 1.606060606060606
 0 1.666666666666667
 4 1.727272727272728
 30 1.787878787878788
 3 1.848484848484849
 26 1.909090909090909
 1 1.96969696969697
 1 2.03030303030303
 0 2.090909090909091
 0 2.151515151515151
 2 2.212121212121212
 0 2.272727272727272
 1 2.333333333333334
 8 2.393939393939394
 0 2.454545454545455
 1 2.515151515151516
 0 2.575757575757576
 0 2.636363636363637
 0 2.696969696969697
 0 2.757575757575758
 0 2.818181818181818
 0 2.878787878787879
 0 2.939393939393939
 0 3


