# Created by Octave 3.8.2, Sun Jun 21 03:31:13 2020 CEST <damian@fptrucha.inv.usc.es>
# name: hd
# type: matrix
# rows: 100
# columns: 2
 0 -3
 0 -2.939393939393939
 0 -2.878787878787879
 0 -2.818181818181818
 0 -2.757575757575758
 0 -2.696969696969697
 0 -2.636363636363636
 0 -2.575757575757576
 1 -2.515151515151515
 3 -2.454545454545455
 0 -2.393939393939394
 0 -2.333333333333333
 0 -2.272727272727272
 0 -2.212121212121212
 0 -2.151515151515151
 2 -2.090909090909091
 5 -2.03030303030303
 21 -1.96969696969697
 29 -1.909090909090909
 2 -1.848484848484848
 4 -1.787878787878788
 0 -1.727272727272727
 2 -1.666666666666667
 98 -1.606060606060606
 16 -1.545454545454545
 92 -1.484848484848485
 18 -1.424242424242424
 101 -1.363636363636364
 19 -1.303030303030303
 17 -1.242424242424242
 572 -1.181818181818182
 14 -1.121212121212121
 546 -1.060606060606061
 11 -1
 446 -0.9393939393939394
 10 -0.8787878787878789
 425 -0.8181818181818183
 964 -0.7575757575757573
 644 -0.6969696969696968
 1016 -0.6363636363636362
 597 -0.5757575757575757
 912 -0.5151515151515151
 563 -0.4545454545454546
 845 -0.393939393939394
 4060 -0.333333333333333
 535 -0.2727272727272725
 2802 -0.2121212121212119
 7 -0.1515151515151514
 2638 -0.09090909090909083
 3 -0.03030303030303028
 2469 0.03030303030303028
 14 0.09090909090909083
 2107 0.1515151515151514
 1650 0.2121212121212124
 2100 0.2727272727272729
 1564 0.3333333333333335
 609 0.393939393939394
 860 0.4545454545454546
 614 0.5151515151515151
 809 0.5757575757575757
 580 0.6363636363636367
 762 0.6969696969696972
 612 0.7575757575757578
 14 0.8181818181818183
 528 0.8787878787878789
 12 0.9393939393939394
 465 1
 17 1.060606060606061
 481 1.121212121212121
 15 1.181818181818182
 30 1.242424242424242
 92 1.303030303030303
 19 1.363636363636363
 82 1.424242424242425
 19 1.484848484848485
 77 1.545454545454546
 2 1.606060606060606
 0 1.666666666666667
 1 1.727272727272728
 33 1.787878787878788
 3 1.848484848484849
 27 1.909090909090909
 4 1.96969696969697
 1 2.03030303030303
 0 2.090909090909091
 0 2.151515151515151
 0 2.212121212121212
 0 2.272727272727272
 1 2.333333333333334
 6 2.393939393939394
 1 2.454545454545455
 0 2.515151515151516
 0 2.575757575757576
 0 2.636363636363637
 0 2.696969696969697
 0 2.757575757575758
 0 2.818181818181818
 0 2.878787878787879
 0 2.939393939393939
 0 3


