# Created by Octave 3.8.2, Sat Jun 20 08:42:23 2020 CEST <damian@fptrucha.inv.usc.es>
# name: hd
# type: matrix
# rows: 100
# columns: 2
 0 -3
 0 -2.939393939393939
 0 -2.878787878787879
 0 -2.818181818181818
 0 -2.757575757575758
 0 -2.696969696969697
 0 -2.636363636363636
 2 -2.575757575757576
 0 -2.515151515151515
 5 -2.454545454545455
 0 -2.393939393939394
 1 -2.333333333333333
 0 -2.272727272727272
 0 -2.212121212121212
 0 -2.151515151515151
 0 -2.090909090909091
 6 -2.03030303030303
 29 -1.96969696969697
 36 -1.909090909090909
 1 -1.848484848484848
 2 -1.787878787878788
 0 -1.727272727272727
 2 -1.666666666666667
 119 -1.606060606060606
 30 -1.545454545454545
 103 -1.484848484848485
 20 -1.424242424242424
 122 -1.363636363636364
 18 -1.303030303030303
 24 -1.242424242424242
 650 -1.181818181818182
 23 -1.121212121212121
 608 -1.060606060606061
 13 -1
 553 -0.9393939393939394
 19 -0.8787878787878789
 524 -0.8181818181818183
 1196 -0.7575757575757573
 801 -0.6969696969696968
 1150 -0.6363636363636362
 774 -0.5757575757575757
 1087 -0.5151515151515151
 690 -0.4545454545454546
 967 -0.393939393939394
 4789 -0.333333333333333
 641 -0.2727272727272725
 3246 -0.2121212121212119
 12 -0.1515151515151514
 2986 -0.09090909090909083
 10 -0.03030303030303028
 2770 0.03030303030303028
 10 0.09090909090909083
 2501 0.1515151515151514
 2032 0.2121212121212124
 2606 0.2727272727272729
 1934 0.3333333333333335
 739 0.393939393939394
 973 0.4545454545454546
 708 0.5151515151515151
 924 0.5757575757575757
 632 0.6363636363636367
 937 0.6969696969696972
 711 0.7575757575757578
 13 0.8181818181818183
 631 0.8787878787878789
 12 0.9393939393939394
 593 1
 19 1.060606060606061
 556 1.121212121212121
 12 1.181818181818182
 35 1.242424242424242
 124 1.303030303030303
 25 1.363636363636363
 114 1.424242424242425
 22 1.484848484848485
 109 1.545454545454546
 2 1.606060606060606
 0 1.666666666666667
 0 1.727272727272728
 37 1.787878787878788
 6 1.848484848484849
 32 1.909090909090909
 2 1.96969696969697
 1 2.03030303030303
 0 2.090909090909091
 0 2.151515151515151
 0 2.212121212121212
 1 2.272727272727272
 1 2.333333333333334
 13 2.393939393939394
 0 2.454545454545455
 1 2.515151515151516
 0 2.575757575757576
 0 2.636363636363637
 0 2.696969696969697
 0 2.757575757575758
 0 2.818181818181818
 0 2.878787878787879
 0 2.939393939393939
 0 3


