# Created by Octave 3.8.2, Tue Jun 23 00:36:36 2020 CEST <damian@fptrucha.inv.usc.es>
# name: hd
# type: matrix
# rows: 100
# columns: 2
 0 -3
 0 -2.939393939393939
 0 -2.878787878787879
 0 -2.818181818181818
 0 -2.757575757575758
 0 -2.696969696969697
 0 -2.636363636363636
 0 -2.575757575757576
 0 -2.515151515151515
 8 -2.454545454545455
 0 -2.393939393939394
 0 -2.333333333333333
 0 -2.272727272727272
 0 -2.212121212121212
 0 -2.151515151515151
 2 -2.090909090909091
 8 -2.03030303030303
 44 -1.96969696969697
 40 -1.909090909090909
 0 -1.848484848484848
 3 -1.787878787878788
 0 -1.727272727272727
 0 -1.666666666666667
 110 -1.606060606060606
 25 -1.545454545454545
 104 -1.484848484848485
 29 -1.424242424242424
 124 -1.363636363636364
 18 -1.303030303030303
 12 -1.242424242424242
 618 -1.181818181818182
 13 -1.121212121212121
 574 -1.060606060606061
 16 -1
 545 -0.9393939393939394
 15 -0.8787878787878789
 511 -0.8181818181818183
 1033 -0.7575757575757573
 724 -0.6969696969696968
 1083 -0.6363636363636362
 674 -0.5757575757575757
 958 -0.5151515151515151
 629 -0.4545454545454546
 1035 -0.393939393939394
 4564 -0.333333333333333
 621 -0.2727272727272725
 2901 -0.2121212121212119
 6 -0.1515151515151514
 2805 -0.09090909090909083
 19 -0.03030303030303028
 2718 0.03030303030303028
 18 0.09090909090909083
 2485 0.1515151515151514
 1727 0.2121212121212124
 2440 0.2727272727272729
 1656 0.3333333333333335
 673 0.393939393939394
 912 0.4545454545454546
 730 0.5151515151515151
 871 0.5757575757575757
 658 0.6363636363636367
 888 0.6969696969696972
 573 0.7575757575757578
 22 0.8181818181818183
 552 0.8787878787878789
 16 0.9393939393939394
 557 1
 12 1.060606060606061
 505 1.121212121212121
 13 1.181818181818182
 26 1.242424242424242
 127 1.303030303030303
 21 1.363636363636363
 119 1.424242424242425
 32 1.484848484848485
 98 1.545454545454546
 0 1.606060606060606
 0 1.666666666666667
 5 1.727272727272728
 35 1.787878787878788
 1 1.848484848484849
 31 1.909090909090909
 6 1.96969696969697
 3 2.03030303030303
 0 2.090909090909091
 0 2.151515151515151
 1 2.212121212121212
 1 2.272727272727272
 0 2.333333333333334
 4 2.393939393939394
 1 2.454545454545455
 0 2.515151515151516
 0 2.575757575757576
 0 2.636363636363637
 0 2.696969696969697
 0 2.757575757575758
 0 2.818181818181818
 0 2.878787878787879
 0 2.939393939393939
 0 3


