# Created by Octave 3.8.2, Mon Jun 22 03:14:31 2020 CEST <damian@fptrucha.inv.usc.es>
# name: hd
# type: matrix
# rows: 100
# columns: 2
 0 -3
 0 -2.939393939393939
 0 -2.878787878787879
 0 -2.818181818181818
 0 -2.757575757575758
 0 -2.696969696969697
 0 -2.636363636363636
 1 -2.575757575757576
 1 -2.515151515151515
 8 -2.454545454545455
 0 -2.393939393939394
 0 -2.333333333333333
 1 -2.272727272727272
 0 -2.212121212121212
 0 -2.151515151515151
 1 -2.090909090909091
 1 -2.03030303030303
 31 -1.96969696969697
 37 -1.909090909090909
 5 -1.848484848484848
 1 -1.787878787878788
 0 -1.727272727272727
 1 -1.666666666666667
 111 -1.606060606060606
 29 -1.545454545454545
 90 -1.484848484848485
 21 -1.424242424242424
 106 -1.363636363636364
 24 -1.303030303030303
 17 -1.242424242424242
 483 -1.181818181818182
 13 -1.121212121212121
 487 -1.060606060606061
 13 -1
 515 -0.9393939393939394
 26 -0.8787878787878789
 492 -0.8181818181818183
 833 -0.7575757575757573
 593 -0.6969696969696968
 905 -0.6363636363636362
 547 -0.5757575757575757
 836 -0.5151515151515151
 579 -0.4545454545454546
 900 -0.393939393939394
 3893 -0.333333333333333
 528 -0.2727272727272725
 2406 -0.2121212121212119
 9 -0.1515151515151514
 2545 -0.09090909090909083
 12 -0.03030303030303028
 2325 0.03030303030303028
 27 0.09090909090909083
 2196 0.1515151515151514
 1594 0.2121212121212124
 2259 0.2727272727272729
 1418 0.3333333333333335
 659 0.393939393939394
 858 0.4545454545454546
 597 0.5151515151515151
 743 0.5757575757575757
 594 0.6363636363636367
 863 0.6969696969696972
 510 0.7575757575757578
 12 0.8181818181818183
 535 0.8787878787878789
 21 0.9393939393939394
 546 1
 15 1.060606060606061
 480 1.121212121212121
 18 1.181818181818182
 24 1.242424242424242
 116 1.303030303030303
 34 1.363636363636363
 90 1.424242424242425
 24 1.484848484848485
 100 1.545454545454546
 3 1.606060606060606
 0 1.666666666666667
 1 1.727272727272728
 52 1.787878787878788
 3 1.848484848484849
 29 1.909090909090909
 9 1.96969696969697
 0 2.03030303030303
 0 2.090909090909091
 0 2.151515151515151
 0 2.212121212121212
 0 2.272727272727272
 2 2.333333333333334
 17 2.393939393939394
 0 2.454545454545455
 4 2.515151515151516
 0 2.575757575757576
 0 2.636363636363637
 0 2.696969696969697
 0 2.757575757575758
 0 2.818181818181818
 0 2.878787878787879
 0 2.939393939393939
 0 3


