# Created by Octave 3.8.2, Mon Jun 22 05:26:40 2020 CEST <damian@fptrucha.inv.usc.es>
# name: hd
# type: matrix
# rows: 100
# columns: 2
 0 -3
 0 -2.939393939393939
 0 -2.878787878787879
 0 -2.818181818181818
 0 -2.757575757575758
 0 -2.696969696969697
 0 -2.636363636363636
 0 -2.575757575757576
 0 -2.515151515151515
 14 -2.454545454545455
 2 -2.393939393939394
 0 -2.333333333333333
 0 -2.272727272727272
 0 -2.212121212121212
 0 -2.151515151515151
 0 -2.090909090909091
 4 -2.03030303030303
 39 -1.96969696969697
 49 -1.909090909090909
 4 -1.848484848484848
 2 -1.787878787878788
 0 -1.727272727272727
 4 -1.666666666666667
 86 -1.606060606060606
 34 -1.545454545454545
 93 -1.484848484848485
 22 -1.424242424242424
 103 -1.363636363636364
 30 -1.303030303030303
 14 -1.242424242424242
 511 -1.181818181818182
 14 -1.121212121212121
 498 -1.060606060606061
 25 -1
 510 -0.9393939393939394
 24 -0.8787878787878789
 535 -0.8181818181818183
 816 -0.7575757575757573
 589 -0.6969696969696968
 946 -0.6363636363636362
 652 -0.5757575757575757
 875 -0.5151515151515151
 661 -0.4545454545454546
 922 -0.393939393939394
 3757 -0.333333333333333
 530 -0.2727272727272725
 2363 -0.2121212121212119
 19 -0.1515151515151514
 2418 -0.09090909090909083
 12 -0.03030303030303028
 2310 0.03030303030303028
 13 0.09090909090909083
 2064 0.1515151515151514
 1534 0.2121212121212124
 2175 0.2727272727272729
 1419 0.3333333333333335
 626 0.393939393939394
 885 0.4545454545454546
 600 0.5151515151515151
 755 0.5757575757575757
 557 0.6363636363636367
 802 0.6969696969696972
 510 0.7575757575757578
 11 0.8181818181818183
 527 0.8787878787878789
 18 0.9393939393939394
 511 1
 8 1.060606060606061
 532 1.121212121212121
 13 1.181818181818182
 29 1.242424242424242
 101 1.303030303030303
 22 1.363636363636363
 119 1.424242424242425
 28 1.484848484848485
 101 1.545454545454546
 2 1.606060606060606
 0 1.666666666666667
 1 1.727272727272728
 31 1.787878787878788
 6 1.848484848484849
 31 1.909090909090909
 2 1.96969696969697
 0 2.03030303030303
 0 2.090909090909091
 0 2.151515151515151
 2 2.212121212121212
 0 2.272727272727272
 1 2.333333333333334
 6 2.393939393939394
 1 2.454545454545455
 1 2.515151515151516
 0 2.575757575757576
 0 2.636363636363637
 0 2.696969696969697
 0 2.757575757575758
 0 2.818181818181818
 0 2.878787878787879
 0 2.939393939393939
 0 3


