# Created by Octave 3.8.2, Sat Jun 20 02:08:16 2020 CEST <damian@fptrucha.inv.usc.es>
# name: hd
# type: matrix
# rows: 100
# columns: 2
 0 -3
 0 -2.939393939393939
 0 -2.878787878787879
 0 -2.818181818181818
 0 -2.757575757575758
 0 -2.696969696969697
 0 -2.636363636363636
 1 -2.575757575757576
 0 -2.515151515151515
 7 -2.454545454545455
 1 -2.393939393939394
 0 -2.333333333333333
 1 -2.272727272727272
 0 -2.212121212121212
 0 -2.151515151515151
 2 -2.090909090909091
 5 -2.03030303030303
 30 -1.96969696969697
 25 -1.909090909090909
 1 -1.848484848484848
 0 -1.787878787878788
 0 -1.727272727272727
 0 -1.666666666666667
 126 -1.606060606060606
 26 -1.545454545454545
 115 -1.484848484848485
 24 -1.424242424242424
 113 -1.363636363636364
 24 -1.303030303030303
 25 -1.242424242424242
 612 -1.181818181818182
 12 -1.121212121212121
 624 -1.060606060606061
 10 -1
 550 -0.9393939393939394
 14 -0.8787878787878789
 560 -0.8181818181818183
 1110 -0.7575757575757573
 745 -0.6969696969696968
 1211 -0.6363636363636362
 788 -0.5757575757575757
 1010 -0.5151515151515151
 688 -0.4545454545454546
 932 -0.393939393939394
 4559 -0.333333333333333
 579 -0.2727272727272725
 3148 -0.2121212121212119
 12 -0.1515151515151514
 2760 -0.09090909090909083
 5 -0.03030303030303028
 2698 0.03030303030303028
 6 0.09090909090909083
 2405 0.1515151515151514
 1736 0.2121212121212124
 2419 0.2727272727272729
 1706 0.3333333333333335
 631 0.393939393939394
 863 0.4545454545454546
 732 0.5151515151515151
 895 0.5757575757575757
 602 0.6363636363636367
 799 0.6969696969696972
 571 0.7575757575757578
 15 0.8181818181818183
 500 0.8787878787878789
 14 0.9393939393939394
 496 1
 9 1.060606060606061
 447 1.121212121212121
 5 1.181818181818182
 25 1.242424242424242
 80 1.303030303030303
 27 1.363636363636363
 78 1.424242424242425
 22 1.484848484848485
 77 1.545454545454546
 0 1.606060606060606
 0 1.666666666666667
 2 1.727272727272728
 21 1.787878787878788
 4 1.848484848484849
 24 1.909090909090909
 6 1.96969696969697
 1 2.03030303030303
 0 2.090909090909091
 0 2.151515151515151
 3 2.212121212121212
 1 2.272727272727272
 0 2.333333333333334
 2 2.393939393939394
 0 2.454545454545455
 3 2.515151515151516
 0 2.575757575757576
 0 2.636363636363637
 0 2.696969696969697
 0 2.757575757575758
 0 2.818181818181818
 0 2.878787878787879
 0 2.939393939393939
 0 3


