# Created by Octave 3.8.2, Sun Jun 21 01:34:33 2020 CEST <damian@fptrucha.inv.usc.es>
# name: hd
# type: matrix
# rows: 100
# columns: 2
 0 -3
 0 -2.939393939393939
 0 -2.878787878787879
 0 -2.818181818181818
 0 -2.757575757575758
 0 -2.696969696969697
 0 -2.636363636363636
 0 -2.575757575757576
 0 -2.515151515151515
 2 -2.454545454545455
 1 -2.393939393939394
 0 -2.333333333333333
 2 -2.272727272727272
 0 -2.212121212121212
 0 -2.151515151515151
 1 -2.090909090909091
 5 -2.03030303030303
 20 -1.96969696969697
 27 -1.909090909090909
 0 -1.848484848484848
 1 -1.787878787878788
 0 -1.727272727272727
 3 -1.666666666666667
 104 -1.606060606060606
 17 -1.545454545454545
 92 -1.484848484848485
 24 -1.424242424242424
 72 -1.363636363636364
 19 -1.303030303030303
 9 -1.242424242424242
 540 -1.181818181818182
 10 -1.121212121212121
 490 -1.060606060606061
 10 -1
 466 -0.9393939393939394
 11 -0.8787878787878789
 438 -0.8181818181818183
 952 -0.7575757575757573
 609 -0.6969696969696968
 1015 -0.6363636363636362
 617 -0.5757575757575757
 853 -0.5151515151515151
 581 -0.4545454545454546
 836 -0.393939393939394
 4152 -0.333333333333333
 590 -0.2727272727272725
 2757 -0.2121212121212119
 8 -0.1515151515151514
 2546 -0.09090909090909083
 9 -0.03030303030303028
 2479 0.03030303030303028
 11 0.09090909090909083
 2162 0.1515151515151514
 1668 0.2121212121212124
 2161 0.2727272727272729
 1678 0.3333333333333335
 580 0.393939393939394
 844 0.4545454545454546
 600 0.5151515151515151
 806 0.5757575757575757
 544 0.6363636363636367
 799 0.6969696969696972
 619 0.7575757575757578
 8 0.8181818181818183
 555 0.8787878787878789
 8 0.9393939393939394
 499 1
 10 1.060606060606061
 457 1.121212121212121
 10 1.181818181818182
 31 1.242424242424242
 89 1.303030303030303
 30 1.363636363636363
 91 1.424242424242425
 29 1.484848484848485
 79 1.545454545454546
 0 1.606060606060606
 0 1.666666666666667
 0 1.727272727272728
 27 1.787878787878788
 3 1.848484848484849
 22 1.909090909090909
 5 1.96969696969697
 1 2.03030303030303
 0 2.090909090909091
 0 2.151515151515151
 1 2.212121212121212
 0 2.272727272727272
 0 2.333333333333334
 5 2.393939393939394
 1 2.454545454545455
 0 2.515151515151516
 0 2.575757575757576
 0 2.636363636363637
 0 2.696969696969697
 0 2.757575757575758
 0 2.818181818181818
 0 2.878787878787879
 0 2.939393939393939
 0 3


