# Created by Octave 3.8.2, Sat Jun 20 07:17:52 2020 CEST <damian@fptrucha.inv.usc.es>
# name: hd
# type: matrix
# rows: 100
# columns: 2
 0 -3
 0 -2.939393939393939
 0 -2.878787878787879
 0 -2.818181818181818
 0 -2.757575757575758
 0 -2.696969696969697
 0 -2.636363636363636
 3 -2.575757575757576
 0 -2.515151515151515
 12 -2.454545454545455
 0 -2.393939393939394
 1 -2.333333333333333
 2 -2.272727272727272
 0 -2.212121212121212
 0 -2.151515151515151
 0 -2.090909090909091
 4 -2.03030303030303
 32 -1.96969696969697
 32 -1.909090909090909
 1 -1.848484848484848
 1 -1.787878787878788
 0 -1.727272727272727
 1 -1.666666666666667
 130 -1.606060606060606
 31 -1.545454545454545
 123 -1.484848484848485
 27 -1.424242424242424
 98 -1.363636363636364
 27 -1.303030303030303
 18 -1.242424242424242
 631 -1.181818181818182
 13 -1.121212121212121
 705 -1.060606060606061
 13 -1
 609 -0.9393939393939394
 13 -0.8787878787878789
 501 -0.8181818181818183
 1222 -0.7575757575757573
 794 -0.6969696969696968
 1211 -0.6363636363636362
 791 -0.5757575757575757
 1049 -0.5151515151515151
 730 -0.4545454545454546
 1034 -0.393939393939394
 4708 -0.333333333333333
 624 -0.2727272727272725
 3243 -0.2121212121212119
 8 -0.1515151515151514
 2968 -0.09090909090909083
 10 -0.03030303030303028
 2768 0.03030303030303028
 9 0.09090909090909083
 2390 0.1515151515151514
 1841 0.2121212121212124
 2466 0.2727272727272729
 1737 0.3333333333333335
 669 0.393939393939394
 909 0.4545454545454546
 760 0.5151515151515151
 878 0.5757575757575757
 642 0.6363636363636367
 800 0.6969696969696972
 583 0.7575757575757578
 9 0.8181818181818183
 556 0.8787878787878789
 13 0.9393939393939394
 534 1
 13 1.060606060606061
 517 1.121212121212121
 9 1.181818181818182
 25 1.242424242424242
 88 1.303030303030303
 27 1.363636363636363
 111 1.424242424242425
 23 1.484848484848485
 84 1.545454545454546
 3 1.606060606060606
 0 1.666666666666667
 0 1.727272727272728
 29 1.787878787878788
 1 1.848484848484849
 28 1.909090909090909
 2 1.96969696969697
 0 2.03030303030303
 0 2.090909090909091
 0 2.151515151515151
 0 2.212121212121212
 0 2.272727272727272
 1 2.333333333333334
 6 2.393939393939394
 1 2.454545454545455
 0 2.515151515151516
 0 2.575757575757576
 0 2.636363636363637
 0 2.696969696969697
 0 2.757575757575758
 0 2.818181818181818
 0 2.878787878787879
 0 2.939393939393939
 0 3


