# Created by Octave 3.8.2, Mon Jun 22 17:38:30 2020 CEST <damian@fptrucha.inv.usc.es>
# name: hd
# type: matrix
# rows: 100
# columns: 2
 0 -3
 0 -2.939393939393939
 0 -2.878787878787879
 0 -2.818181818181818
 0 -2.757575757575758
 0 -2.696969696969697
 0 -2.636363636363636
 1 -2.575757575757576
 1 -2.515151515151515
 8 -2.454545454545455
 0 -2.393939393939394
 0 -2.333333333333333
 3 -2.272727272727272
 0 -2.212121212121212
 0 -2.151515151515151
 2 -2.090909090909091
 7 -2.03030303030303
 32 -1.96969696969697
 42 -1.909090909090909
 3 -1.848484848484848
 0 -1.787878787878788
 0 -1.727272727272727
 1 -1.666666666666667
 117 -1.606060606060606
 32 -1.545454545454545
 110 -1.484848484848485
 33 -1.424242424242424
 118 -1.363636363636364
 24 -1.303030303030303
 15 -1.242424242424242
 591 -1.181818181818182
 7 -1.121212121212121
 614 -1.060606060606061
 17 -1
 578 -0.9393939393939394
 17 -0.8787878787878789
 556 -0.8181818181818183
 921 -0.7575757575757573
 656 -0.6969696969696968
 1067 -0.6363636363636362
 662 -0.5757575757575757
 977 -0.5151515151515151
 654 -0.4545454545454546
 945 -0.393939393939394
 4140 -0.333333333333333
 623 -0.2727272727272725
 2639 -0.2121212121212119
 13 -0.1515151515151514
 2802 -0.09090909090909083
 13 -0.03030303030303028
 2548 0.03030303030303028
 18 0.09090909090909083
 2367 0.1515151515151514
 1528 0.2121212121212124
 2368 0.2727272727272729
 1689 0.3333333333333335
 645 0.393939393939394
 973 0.4545454545454546
 668 0.5151515151515151
 805 0.5757575757575757
 618 0.6363636363636367
 862 0.6969696969696972
 536 0.7575757575757578
 12 0.8181818181818183
 602 0.8787878787878789
 16 0.9393939393939394
 567 1
 14 1.060606060606061
 553 1.121212121212121
 15 1.181818181818182
 36 1.242424242424242
 120 1.303030303030303
 26 1.363636363636363
 121 1.424242424242425
 45 1.484848484848485
 114 1.545454545454546
 5 1.606060606060606
 0 1.666666666666667
 3 1.727272727272728
 34 1.787878787878788
 3 1.848484848484849
 32 1.909090909090909
 5 1.96969696969697
 2 2.03030303030303
 0 2.090909090909091
 0 2.151515151515151
 2 2.212121212121212
 0 2.272727272727272
 1 2.333333333333334
 10 2.393939393939394
 0 2.454545454545455
 1 2.515151515151516
 0 2.575757575757576
 0 2.636363636363637
 0 2.696969696969697
 0 2.757575757575758
 0 2.818181818181818
 0 2.878787878787879
 0 2.939393939393939
 0 3


