# Created by Octave 3.8.2, Mon Jun 22 06:28:38 2020 CEST <damian@fptrucha.inv.usc.es>
# name: hd
# type: matrix
# rows: 100
# columns: 2
 0 -3
 0 -2.939393939393939
 0 -2.878787878787879
 0 -2.818181818181818
 0 -2.757575757575758
 0 -2.696969696969697
 0 -2.636363636363636
 1 -2.575757575757576
 0 -2.515151515151515
 12 -2.454545454545455
 0 -2.393939393939394
 0 -2.333333333333333
 0 -2.272727272727272
 0 -2.212121212121212
 0 -2.151515151515151
 1 -2.090909090909091
 3 -2.03030303030303
 46 -1.96969696969697
 38 -1.909090909090909
 4 -1.848484848484848
 2 -1.787878787878788
 0 -1.727272727272727
 1 -1.666666666666667
 96 -1.606060606060606
 33 -1.545454545454545
 116 -1.484848484848485
 27 -1.424242424242424
 102 -1.363636363636364
 19 -1.303030303030303
 17 -1.242424242424242
 517 -1.181818181818182
 15 -1.121212121212121
 565 -1.060606060606061
 16 -1
 506 -0.9393939393939394
 31 -0.8787878787878789
 507 -0.8181818181818183
 778 -0.7575757575757573
 564 -0.6969696969696968
 955 -0.6363636363636362
 601 -0.5757575757575757
 858 -0.5151515151515151
 595 -0.4545454545454546
 882 -0.393939393939394
 3791 -0.333333333333333
 583 -0.2727272727272725
 2363 -0.2121212121212119
 11 -0.1515151515151514
 2509 -0.09090909090909083
 18 -0.03030303030303028
 2375 0.03030303030303028
 18 0.09090909090909083
 2209 0.1515151515151514
 1476 0.2121212121212124
 2259 0.2727272727272729
 1469 0.3333333333333335
 644 0.393939393939394
 829 0.4545454545454546
 639 0.5151515151515151
 778 0.5757575757575757
 661 0.6363636363636367
 782 0.6969696969696972
 487 0.7575757575757578
 13 0.8181818181818183
 548 0.8787878787878789
 15 0.9393939393939394
 501 1
 21 1.060606060606061
 529 1.121212121212121
 19 1.181818181818182
 24 1.242424242424242
 109 1.303030303030303
 34 1.363636363636363
 100 1.424242424242425
 30 1.484848484848485
 103 1.545454545454546
 1 1.606060606060606
 0 1.666666666666667
 3 1.727272727272728
 43 1.787878787878788
 9 1.848484848484849
 28 1.909090909090909
 2 1.96969696969697
 1 2.03030303030303
 0 2.090909090909091
 0 2.151515151515151
 2 2.212121212121212
 2 2.272727272727272
 2 2.333333333333334
 8 2.393939393939394
 2 2.454545454545455
 1 2.515151515151516
 0 2.575757575757576
 0 2.636363636363637
 0 2.696969696969697
 0 2.757575757575758
 0 2.818181818181818
 0 2.878787878787879
 0 2.939393939393939
 0 3


