# Created by Octave 3.8.2, Sun Jun 21 05:33:50 2020 CEST <damian@fptrucha.inv.usc.es>
# name: hd
# type: matrix
# rows: 100
# columns: 2
 0 -3
 0 -2.939393939393939
 0 -2.878787878787879
 0 -2.818181818181818
 0 -2.757575757575758
 0 -2.696969696969697
 0 -2.636363636363636
 3 -2.575757575757576
 1 -2.515151515151515
 2 -2.454545454545455
 1 -2.393939393939394
 0 -2.333333333333333
 0 -2.272727272727272
 0 -2.212121212121212
 0 -2.151515151515151
 1 -2.090909090909091
 2 -2.03030303030303
 18 -1.96969696969697
 30 -1.909090909090909
 0 -1.848484848484848
 1 -1.787878787878788
 0 -1.727272727272727
 1 -1.666666666666667
 85 -1.606060606060606
 18 -1.545454545454545
 89 -1.484848484848485
 26 -1.424242424242424
 82 -1.363636363636364
 14 -1.303030303030303
 21 -1.242424242424242
 552 -1.181818181818182
 14 -1.121212121212121
 506 -1.060606060606061
 12 -1
 448 -0.9393939393939394
 13 -0.8787878787878789
 423 -0.8181818181818183
 962 -0.7575757575757573
 669 -0.6969696969696968
 1010 -0.6363636363636362
 639 -0.5757575757575757
 838 -0.5151515151515151
 561 -0.4545454545454546
 792 -0.393939393939394
 4124 -0.333333333333333
 550 -0.2727272727272725
 2759 -0.2121212121212119
 15 -0.1515151515151514
 2577 -0.09090909090909083
 10 -0.03030303030303028
 2475 0.03030303030303028
 13 0.09090909090909083
 2122 0.1515151515151514
 1766 0.2121212121212124
 2213 0.2727272727272729
 1653 0.3333333333333335
 643 0.393939393939394
 875 0.4545454545454546
 670 0.5151515151515151
 760 0.5757575757575757
 600 0.6363636363636367
 752 0.6969696969696972
 566 0.7575757575757578
 13 0.8181818181818183
 532 0.8787878787878789
 10 0.9393939393939394
 467 1
 10 1.060606060606061
 475 1.121212121212121
 11 1.181818181818182
 23 1.242424242424242
 101 1.303030303030303
 20 1.363636363636363
 84 1.424242424242425
 24 1.484848484848485
 106 1.545454545454546
 3 1.606060606060606
 0 1.666666666666667
 2 1.727272727272728
 28 1.787878787878788
 3 1.848484848484849
 19 1.909090909090909
 6 1.96969696969697
 1 2.03030303030303
 0 2.090909090909091
 0 2.151515151515151
 3 2.212121212121212
 1 2.272727272727272
 1 2.333333333333334
 3 2.393939393939394
 0 2.454545454545455
 0 2.515151515151516
 0 2.575757575757576
 0 2.636363636363637
 0 2.696969696969697
 0 2.757575757575758
 0 2.818181818181818
 0 2.878787878787879
 0 2.939393939393939
 0 3


