# Created by Octave 3.8.2, Sun Jun 21 04:30:56 2020 CEST <damian@fptrucha.inv.usc.es>
# name: hd
# type: matrix
# rows: 100
# columns: 2
 0 -3
 0 -2.939393939393939
 0 -2.878787878787879
 0 -2.818181818181818
 0 -2.757575757575758
 0 -2.696969696969697
 0 -2.636363636363636
 4 -2.575757575757576
 1 -2.515151515151515
 3 -2.454545454545455
 0 -2.393939393939394
 2 -2.333333333333333
 3 -2.272727272727272
 0 -2.212121212121212
 0 -2.151515151515151
 1 -2.090909090909091
 3 -2.03030303030303
 17 -1.96969696969697
 29 -1.909090909090909
 0 -1.848484848484848
 1 -1.787878787878788
 0 -1.727272727272727
 2 -1.666666666666667
 89 -1.606060606060606
 24 -1.545454545454545
 89 -1.484848484848485
 25 -1.424242424242424
 77 -1.363636363636364
 18 -1.303030303030303
 14 -1.242424242424242
 559 -1.181818181818182
 21 -1.121212121212121
 532 -1.060606060606061
 14 -1
 486 -0.9393939393939394
 13 -0.8787878787878789
 450 -0.8181818181818183
 995 -0.7575757575757573
 633 -0.6969696969696968
 999 -0.6363636363636362
 594 -0.5757575757575757
 865 -0.5151515151515151
 605 -0.4545454545454546
 798 -0.393939393939394
 4208 -0.333333333333333
 541 -0.2727272727272725
 2900 -0.2121212121212119
 16 -0.1515151515151514
 2578 -0.09090909090909083
 9 -0.03030303030303028
 2480 0.03030303030303028
 6 0.09090909090909083
 2218 0.1515151515151514
 1678 0.2121212121212124
 2234 0.2727272727272729
 1587 0.3333333333333335
 606 0.393939393939394
 907 0.4545454545454546
 629 0.5151515151515151
 825 0.5757575757575757
 610 0.6363636363636367
 775 0.6969696969696972
 555 0.7575757575757578
 13 0.8181818181818183
 532 0.8787878787878789
 16 0.9393939393939394
 533 1
 9 1.060606060606061
 461 1.121212121212121
 10 1.181818181818182
 23 1.242424242424242
 78 1.303030303030303
 30 1.363636363636363
 81 1.424242424242425
 35 1.484848484848485
 85 1.545454545454546
 0 1.606060606060606
 0 1.666666666666667
 1 1.727272727272728
 31 1.787878787878788
 1 1.848484848484849
 26 1.909090909090909
 6 1.96969696969697
 1 2.03030303030303
 0 2.090909090909091
 0 2.151515151515151
 1 2.212121212121212
 0 2.272727272727272
 0 2.333333333333334
 6 2.393939393939394
 0 2.454545454545455
 1 2.515151515151516
 0 2.575757575757576
 0 2.636363636363637
 0 2.696969696969697
 0 2.757575757575758
 0 2.818181818181818
 0 2.878787878787879
 0 2.939393939393939
 0 3


