# Created by Octave 3.8.2, Sat Jun 20 07:14:50 2020 CEST <damian@fptrucha.inv.usc.es>
# name: hd
# type: matrix
# rows: 100
# columns: 2
 0 -3
 0 -2.939393939393939
 0 -2.878787878787879
 0 -2.818181818181818
 0 -2.757575757575758
 0 -2.696969696969697
 0 -2.636363636363636
 2 -2.575757575757576
 0 -2.515151515151515
 7 -2.454545454545455
 0 -2.393939393939394
 1 -2.333333333333333
 2 -2.272727272727272
 0 -2.212121212121212
 0 -2.151515151515151
 1 -2.090909090909091
 6 -2.03030303030303
 30 -1.96969696969697
 37 -1.909090909090909
 2 -1.848484848484848
 0 -1.787878787878788
 0 -1.727272727272727
 1 -1.666666666666667
 130 -1.606060606060606
 38 -1.545454545454545
 130 -1.484848484848485
 34 -1.424242424242424
 112 -1.363636363636364
 14 -1.303030303030303
 18 -1.242424242424242
 659 -1.181818181818182
 20 -1.121212121212121
 660 -1.060606060606061
 19 -1
 584 -0.9393939393939394
 24 -0.8787878787878789
 576 -0.8181818181818183
 1232 -0.7575757575757573
 790 -0.6969696969696968
 1291 -0.6363636363636362
 742 -0.5757575757575757
 1072 -0.5151515151515151
 662 -0.4545454545454546
 1003 -0.393939393939394
 4921 -0.333333333333333
 626 -0.2727272727272725
 3127 -0.2121212121212119
 8 -0.1515151515151514
 2930 -0.09090909090909083
 5 -0.03030303030303028
 2914 0.03030303030303028
 14 0.09090909090909083
 2451 0.1515151515151514
 1868 0.2121212121212124
 2522 0.2727272727272729
 1841 0.3333333333333335
 633 0.393939393939394
 923 0.4545454545454546
 725 0.5151515151515151
 827 0.5757575757575757
 644 0.6363636363636367
 837 0.6969696969696972
 615 0.7575757575757578
 14 0.8181818181818183
 585 0.8787878787878789
 7 0.9393939393939394
 524 1
 18 1.060606060606061
 516 1.121212121212121
 4 1.181818181818182
 34 1.242424242424242
 99 1.303030303030303
 23 1.363636363636363
 94 1.424242424242425
 27 1.484848484848485
 97 1.545454545454546
 0 1.606060606060606
 0 1.666666666666667
 5 1.727272727272728
 32 1.787878787878788
 3 1.848484848484849
 27 1.909090909090909
 1 1.96969696969697
 1 2.03030303030303
 0 2.090909090909091
 0 2.151515151515151
 1 2.212121212121212
 1 2.272727272727272
 1 2.333333333333334
 3 2.393939393939394
 0 2.454545454545455
 1 2.515151515151516
 0 2.575757575757576
 0 2.636363636363637
 0 2.696969696969697
 0 2.757575757575758
 0 2.818181818181818
 0 2.878787878787879
 0 2.939393939393939
 0 3


