# Created by Octave 3.8.2, Mon Jun 22 14:04:41 2020 CEST <damian@fptrucha.inv.usc.es>
# name: hd
# type: matrix
# rows: 100
# columns: 2
 0 -3
 0 -2.939393939393939
 0 -2.878787878787879
 0 -2.818181818181818
 0 -2.757575757575758
 0 -2.696969696969697
 0 -2.636363636363636
 4 -2.575757575757576
 1 -2.515151515151515
 10 -2.454545454545455
 0 -2.393939393939394
 0 -2.333333333333333
 1 -2.272727272727272
 0 -2.212121212121212
 0 -2.151515151515151
 1 -2.090909090909091
 1 -2.03030303030303
 31 -1.96969696969697
 47 -1.909090909090909
 1 -1.848484848484848
 2 -1.787878787878788
 0 -1.727272727272727
 3 -1.666666666666667
 95 -1.606060606060606
 42 -1.545454545454545
 129 -1.484848484848485
 27 -1.424242424242424
 116 -1.363636363636364
 24 -1.303030303030303
 15 -1.242424242424242
 562 -1.181818181818182
 27 -1.121212121212121
 528 -1.060606060606061
 19 -1
 504 -0.9393939393939394
 15 -0.8787878787878789
 562 -0.8181818181818183
 888 -0.7575757575757573
 612 -0.6969696969696968
 1024 -0.6363636363636362
 623 -0.5757575757575757
 910 -0.5151515151515151
 592 -0.4545454545454546
 880 -0.393939393939394
 4201 -0.333333333333333
 592 -0.2727272727272725
 2598 -0.2121212121212119
 14 -0.1515151515151514
 2668 -0.09090909090909083
 18 -0.03030303030303028
 2537 0.03030303030303028
 14 0.09090909090909083
 2252 0.1515151515151514
 1640 0.2121212121212124
 2384 0.2727272727272729
 1660 0.3333333333333335
 671 0.393939393939394
 937 0.4545454545454546
 607 0.5151515151515151
 811 0.5757575757575757
 632 0.6363636363636367
 873 0.6969696969696972
 519 0.7575757575757578
 19 0.8181818181818183
 541 0.8787878787878789
 16 0.9393939393939394
 543 1
 21 1.060606060606061
 507 1.121212121212121
 7 1.181818181818182
 32 1.242424242424242
 108 1.303030303030303
 30 1.363636363636363
 112 1.424242424242425
 38 1.484848484848485
 121 1.545454545454546
 4 1.606060606060606
 0 1.666666666666667
 0 1.727272727272728
 52 1.787878787878788
 3 1.848484848484849
 47 1.909090909090909
 7 1.96969696969697
 1 2.03030303030303
 0 2.090909090909091
 0 2.151515151515151
 0 2.212121212121212
 1 2.272727272727272
 1 2.333333333333334
 12 2.393939393939394
 1 2.454545454545455
 0 2.515151515151516
 0 2.575757575757576
 0 2.636363636363637
 0 2.696969696969697
 0 2.757575757575758
 0 2.818181818181818
 0 2.878787878787879
 0 2.939393939393939
 0 3


