# Created by Octave 3.8.2, Sat Jun 20 10:17:43 2020 CEST <damian@fptrucha.inv.usc.es>
# name: hd
# type: matrix
# rows: 100
# columns: 2
 0 -3
 0 -2.939393939393939
 0 -2.878787878787879
 0 -2.818181818181818
 0 -2.757575757575758
 0 -2.696969696969697
 0 -2.636363636363636
 2 -2.575757575757576
 0 -2.515151515151515
 2 -2.454545454545455
 1 -2.393939393939394
 0 -2.333333333333333
 2 -2.272727272727272
 0 -2.212121212121212
 0 -2.151515151515151
 1 -2.090909090909091
 0 -2.03030303030303
 33 -1.96969696969697
 30 -1.909090909090909
 2 -1.848484848484848
 0 -1.787878787878788
 0 -1.727272727272727
 1 -1.666666666666667
 120 -1.606060606060606
 33 -1.545454545454545
 99 -1.484848484848485
 26 -1.424242424242424
 79 -1.363636363636364
 26 -1.303030303030303
 16 -1.242424242424242
 615 -1.181818181818182
 15 -1.121212121212121
 548 -1.060606060606061
 16 -1
 534 -0.9393939393939394
 14 -0.8787878787878789
 513 -0.8181818181818183
 1108 -0.7575757575757573
 759 -0.6969696969696968
 1149 -0.6363636363636362
 710 -0.5757575757575757
 996 -0.5151515151515151
 626 -0.4545454545454546
 898 -0.393939393939394
 4661 -0.333333333333333
 605 -0.2727272727272725
 3152 -0.2121212121212119
 10 -0.1515151515151514
 2895 -0.09090909090909083
 5 -0.03030303030303028
 2785 0.03030303030303028
 19 0.09090909090909083
 2493 0.1515151515151514
 1904 0.2121212121212124
 2507 0.2727272727272729
 1852 0.3333333333333335
 716 0.393939393939394
 996 0.4545454545454546
 707 0.5151515151515151
 914 0.5757575757575757
 721 0.6363636363636367
 898 0.6969696969696972
 677 0.7575757575757578
 10 0.8181818181818183
 655 0.8787878787878789
 15 0.9393939393939394
 598 1
 13 1.060606060606061
 566 1.121212121212121
 4 1.181818181818182
 34 1.242424242424242
 108 1.303030303030303
 31 1.363636363636363
 111 1.424242424242425
 32 1.484848484848485
 115 1.545454545454546
 2 1.606060606060606
 0 1.666666666666667
 2 1.727272727272728
 40 1.787878787878788
 6 1.848484848484849
 54 1.909090909090909
 2 1.96969696969697
 0 2.03030303030303
 0 2.090909090909091
 0 2.151515151515151
 1 2.212121212121212
 0 2.272727272727272
 0 2.333333333333334
 8 2.393939393939394
 0 2.454545454545455
 0 2.515151515151516
 0 2.575757575757576
 0 2.636363636363637
 0 2.696969696969697
 0 2.757575757575758
 0 2.818181818181818
 0 2.878787878787879
 0 2.939393939393939
 0 3


