# Created by Octave 3.8.2, Mon Jun 22 06:30:37 2020 CEST <damian@fptrucha.inv.usc.es>
# name: hd
# type: matrix
# rows: 100
# columns: 2
 0 -3
 0 -2.939393939393939
 0 -2.878787878787879
 0 -2.818181818181818
 0 -2.757575757575758
 0 -2.696969696969697
 0 -2.636363636363636
 0 -2.575757575757576
 1 -2.515151515151515
 10 -2.454545454545455
 1 -2.393939393939394
 0 -2.333333333333333
 1 -2.272727272727272
 0 -2.212121212121212
 0 -2.151515151515151
 1 -2.090909090909091
 7 -2.03030303030303
 34 -1.96969696969697
 49 -1.909090909090909
 1 -1.848484848484848
 2 -1.787878787878788
 0 -1.727272727272727
 2 -1.666666666666667
 103 -1.606060606060606
 32 -1.545454545454545
 125 -1.484848484848485
 35 -1.424242424242424
 109 -1.363636363636364
 17 -1.303030303030303
 19 -1.242424242424242
 502 -1.181818181818182
 7 -1.121212121212121
 505 -1.060606060606061
 17 -1
 515 -0.9393939393939394
 22 -0.8787878787878789
 504 -0.8181818181818183
 844 -0.7575757575757573
 603 -0.6969696969696968
 914 -0.6363636363636362
 555 -0.5757575757575757
 880 -0.5151515151515151
 607 -0.4545454545454546
 934 -0.393939393939394
 3768 -0.333333333333333
 567 -0.2727272727272725
 2411 -0.2121212121212119
 17 -0.1515151515151514
 2493 -0.09090909090909083
 17 -0.03030303030303028
 2348 0.03030303030303028
 26 0.09090909090909083
 2194 0.1515151515151514
 1459 0.2121212121212124
 2269 0.2727272727272729
 1489 0.3333333333333335
 658 0.393939393939394
 865 0.4545454545454546
 631 0.5151515151515151
 834 0.5757575757575757
 580 0.6363636363636367
 822 0.6969696969696972
 499 0.7575757575757578
 9 0.8181818181818183
 534 0.8787878787878789
 18 0.9393939393939394
 507 1
 21 1.060606060606061
 496 1.121212121212121
 9 1.181818181818182
 33 1.242424242424242
 84 1.303030303030303
 30 1.363636363636363
 108 1.424242424242425
 36 1.484848484848485
 108 1.545454545454546
 6 1.606060606060606
 0 1.666666666666667
 1 1.727272727272728
 38 1.787878787878788
 8 1.848484848484849
 41 1.909090909090909
 4 1.96969696969697
 0 2.03030303030303
 0 2.090909090909091
 0 2.151515151515151
 4 2.212121212121212
 1 2.272727272727272
 0 2.333333333333334
 10 2.393939393939394
 0 2.454545454545455
 1 2.515151515151516
 0 2.575757575757576
 0 2.636363636363637
 0 2.696969696969697
 0 2.757575757575758
 0 2.818181818181818
 0 2.878787878787879
 0 2.939393939393939
 0 3


