# Created by Octave 3.8.2, Sat Jun 20 09:49:13 2020 CEST <damian@fptrucha.inv.usc.es>
# name: hd
# type: matrix
# rows: 100
# columns: 2
 0 -3
 0 -2.939393939393939
 0 -2.878787878787879
 0 -2.818181818181818
 0 -2.757575757575758
 0 -2.696969696969697
 0 -2.636363636363636
 2 -2.575757575757576
 0 -2.515151515151515
 11 -2.454545454545455
 0 -2.393939393939394
 0 -2.333333333333333
 0 -2.272727272727272
 0 -2.212121212121212
 0 -2.151515151515151
 2 -2.090909090909091
 4 -2.03030303030303
 25 -1.96969696969697
 37 -1.909090909090909
 0 -1.848484848484848
 1 -1.787878787878788
 0 -1.727272727272727
 2 -1.666666666666667
 108 -1.606060606060606
 15 -1.545454545454545
 96 -1.484848484848485
 30 -1.424242424242424
 78 -1.363636363636364
 21 -1.303030303030303
 11 -1.242424242424242
 606 -1.181818181818182
 10 -1.121212121212121
 598 -1.060606060606061
 13 -1
 496 -0.9393939393939394
 7 -0.8787878787878789
 486 -0.8181818181818183
 1161 -0.7575757575757573
 738 -0.6969696969696968
 1106 -0.6363636363636362
 757 -0.5757575757575757
 1029 -0.5151515151515151
 634 -0.4545454545454546
 941 -0.393939393939394
 4686 -0.333333333333333
 599 -0.2727272727272725
 3290 -0.2121212121212119
 7 -0.1515151515151514
 2891 -0.09090909090909083
 12 -0.03030303030303028
 2880 0.03030303030303028
 14 0.09090909090909083
 2481 0.1515151515151514
 2030 0.2121212121212124
 2481 0.2727272727272729
 1812 0.3333333333333335
 704 0.393939393939394
 1013 0.4545454545454546
 732 0.5151515151515151
 963 0.5757575757575757
 682 0.6363636363636367
 887 0.6969696969696972
 680 0.7575757575757578
 19 0.8181818181818183
 632 0.8787878787878789
 15 0.9393939393939394
 634 1
 14 1.060606060606061
 600 1.121212121212121
 18 1.181818181818182
 32 1.242424242424242
 134 1.303030303030303
 33 1.363636363636363
 130 1.424242424242425
 48 1.484848484848485
 110 1.545454545454546
 2 1.606060606060606
 0 1.666666666666667
 3 1.727272727272728
 41 1.787878787878788
 4 1.848484848484849
 50 1.909090909090909
 3 1.96969696969697
 2 2.03030303030303
 0 2.090909090909091
 0 2.151515151515151
 2 2.212121212121212
 1 2.272727272727272
 0 2.333333333333334
 5 2.393939393939394
 0 2.454545454545455
 3 2.515151515151516
 0 2.575757575757576
 0 2.636363636363637
 0 2.696969696969697
 0 2.757575757575758
 0 2.818181818181818
 0 2.878787878787879
 0 2.939393939393939
 0 3


