# Created by Octave 3.8.2, Mon Jun 22 10:35:07 2020 CEST <damian@fptrucha.inv.usc.es>
# name: hd
# type: matrix
# rows: 100
# columns: 2
 0 -3
 0 -2.939393939393939
 0 -2.878787878787879
 0 -2.818181818181818
 0 -2.757575757575758
 0 -2.696969696969697
 0 -2.636363636363636
 1 -2.575757575757576
 1 -2.515151515151515
 4 -2.454545454545455
 2 -2.393939393939394
 0 -2.333333333333333
 0 -2.272727272727272
 0 -2.212121212121212
 0 -2.151515151515151
 0 -2.090909090909091
 2 -2.03030303030303
 32 -1.96969696969697
 34 -1.909090909090909
 1 -1.848484848484848
 3 -1.787878787878788
 0 -1.727272727272727
 2 -1.666666666666667
 91 -1.606060606060606
 31 -1.545454545454545
 100 -1.484848484848485
 29 -1.424242424242424
 102 -1.363636363636364
 25 -1.303030303030303
 13 -1.242424242424242
 498 -1.181818181818182
 16 -1.121212121212121
 551 -1.060606060606061
 17 -1
 507 -0.9393939393939394
 18 -0.8787878787878789
 539 -0.8181818181818183
 909 -0.7575757575757573
 652 -0.6969696969696968
 944 -0.6363636363636362
 630 -0.5757575757575757
 838 -0.5151515151515151
 580 -0.4545454545454546
 929 -0.393939393939394
 3983 -0.333333333333333
 649 -0.2727272727272725
 2576 -0.2121212121212119
 17 -0.1515151515151514
 2656 -0.09090909090909083
 8 -0.03030303030303028
 2499 0.03030303030303028
 32 0.09090909090909083
 2404 0.1515151515151514
 1533 0.2121212121212124
 2364 0.2727272727272729
 1587 0.3333333333333335
 697 0.393939393939394
 902 0.4545454545454546
 657 0.5151515151515151
 809 0.5757575757575757
 626 0.6363636363636367
 860 0.6969696969696972
 539 0.7575757575757578
 9 0.8181818181818183
 585 0.8787878787878789
 21 0.9393939393939394
 530 1
 12 1.060606060606061
 526 1.121212121212121
 15 1.181818181818182
 28 1.242424242424242
 98 1.303030303030303
 29 1.363636363636363
 102 1.424242424242425
 27 1.484848484848485
 87 1.545454545454546
 3 1.606060606060606
 0 1.666666666666667
 1 1.727272727272728
 38 1.787878787878788
 5 1.848484848484849
 31 1.909090909090909
 5 1.96969696969697
 1 2.03030303030303
 0 2.090909090909091
 0 2.151515151515151
 1 2.212121212121212
 0 2.272727272727272
 3 2.333333333333334
 11 2.393939393939394
 0 2.454545454545455
 0 2.515151515151516
 0 2.575757575757576
 0 2.636363636363637
 0 2.696969696969697
 0 2.757575757575758
 0 2.818181818181818
 0 2.878787878787879
 0 2.939393939393939
 0 3


