# Created by Octave 3.8.2, Sat Jun 20 07:47:58 2020 CEST <damian@fptrucha.inv.usc.es>
# name: hd
# type: matrix
# rows: 100
# columns: 2
 0 -3
 0 -2.939393939393939
 0 -2.878787878787879
 0 -2.818181818181818
 0 -2.757575757575758
 0 -2.696969696969697
 0 -2.636363636363636
 0 -2.575757575757576
 0 -2.515151515151515
 4 -2.454545454545455
 0 -2.393939393939394
 0 -2.333333333333333
 3 -2.272727272727272
 0 -2.212121212121212
 0 -2.151515151515151
 2 -2.090909090909091
 2 -2.03030303030303
 26 -1.96969696969697
 29 -1.909090909090909
 0 -1.848484848484848
 1 -1.787878787878788
 0 -1.727272727272727
 1 -1.666666666666667
 130 -1.606060606060606
 31 -1.545454545454545
 109 -1.484848484848485
 29 -1.424242424242424
 99 -1.363636363636364
 24 -1.303030303030303
 17 -1.242424242424242
 670 -1.181818181818182
 15 -1.121212121212121
 563 -1.060606060606061
 15 -1
 532 -0.9393939393939394
 21 -0.8787878787878789
 476 -0.8181818181818183
 1193 -0.7575757575757573
 786 -0.6969696969696968
 1219 -0.6363636363636362
 723 -0.5757575757575757
 1027 -0.5151515151515151
 695 -0.4545454545454546
 999 -0.393939393939394
 4797 -0.333333333333333
 639 -0.2727272727272725
 3154 -0.2121212121212119
 14 -0.1515151515151514
 3035 -0.09090909090909083
 6 -0.03030303030303028
 2911 0.03030303030303028
 14 0.09090909090909083
 2500 0.1515151515151514
 1886 0.2121212121212124
 2513 0.2727272727272729
 1868 0.3333333333333335
 658 0.393939393939394
 971 0.4545454545454546
 732 0.5151515151515151
 867 0.5757575757575757
 610 0.6363636363636367
 827 0.6969696969696972
 637 0.7575757575757578
 17 0.8181818181818183
 573 0.8787878787878789
 16 0.9393939393939394
 590 1
 13 1.060606060606061
 527 1.121212121212121
 11 1.181818181818182
 23 1.242424242424242
 111 1.303030303030303
 37 1.363636363636363
 118 1.424242424242425
 34 1.484848484848485
 100 1.545454545454546
 2 1.606060606060606
 0 1.666666666666667
 1 1.727272727272728
 30 1.787878787878788
 2 1.848484848484849
 27 1.909090909090909
 1 1.96969696969697
 1 2.03030303030303
 0 2.090909090909091
 0 2.151515151515151
 2 2.212121212121212
 0 2.272727272727272
 1 2.333333333333334
 4 2.393939393939394
 0 2.454545454545455
 2 2.515151515151516
 0 2.575757575757576
 0 2.636363636363637
 0 2.696969696969697
 0 2.757575757575758
 0 2.818181818181818
 0 2.878787878787879
 0 2.939393939393939
 0 3


