# Created by Octave 3.8.2, Sun Jun 21 03:53:58 2020 CEST <damian@fptrucha.inv.usc.es>
# name: hd
# type: matrix
# rows: 100
# columns: 2
 0 -3
 0 -2.939393939393939
 0 -2.878787878787879
 0 -2.818181818181818
 0 -2.757575757575758
 0 -2.696969696969697
 0 -2.636363636363636
 2 -2.575757575757576
 0 -2.515151515151515
 7 -2.454545454545455
 0 -2.393939393939394
 1 -2.333333333333333
 0 -2.272727272727272
 0 -2.212121212121212
 0 -2.151515151515151
 1 -2.090909090909091
 6 -2.03030303030303
 23 -1.96969696969697
 28 -1.909090909090909
 0 -1.848484848484848
 4 -1.787878787878788
 0 -1.727272727272727
 3 -1.666666666666667
 84 -1.606060606060606
 18 -1.545454545454545
 85 -1.484848484848485
 19 -1.424242424242424
 66 -1.363636363636364
 19 -1.303030303030303
 9 -1.242424242424242
 563 -1.181818181818182
 12 -1.121212121212121
 493 -1.060606060606061
 13 -1
 451 -0.9393939393939394
 12 -0.8787878787878789
 455 -0.8181818181818183
 947 -0.7575757575757573
 654 -0.6969696969696968
 1041 -0.6363636363636362
 620 -0.5757575757575757
 854 -0.5151515151515151
 529 -0.4545454545454546
 815 -0.393939393939394
 4182 -0.333333333333333
 498 -0.2727272727272725
 2786 -0.2121212121212119
 10 -0.1515151515151514
 2663 -0.09090909090909083
 17 -0.03030303030303028
 2552 0.03030303030303028
 13 0.09090909090909083
 2198 0.1515151515151514
 1652 0.2121212121212124
 2185 0.2727272727272729
 1649 0.3333333333333335
 613 0.393939393939394
 860 0.4545454545454546
 672 0.5151515151515151
 842 0.5757575757575757
 615 0.6363636363636367
 765 0.6969696969696972
 567 0.7575757575757578
 13 0.8181818181818183
 573 0.8787878787878789
 12 0.9393939393939394
 523 1
 7 1.060606060606061
 480 1.121212121212121
 8 1.181818181818182
 29 1.242424242424242
 101 1.303030303030303
 29 1.363636363636363
 111 1.424242424242425
 23 1.484848484848485
 87 1.545454545454546
 2 1.606060606060606
 0 1.666666666666667
 1 1.727272727272728
 23 1.787878787878788
 7 1.848484848484849
 27 1.909090909090909
 8 1.96969696969697
 0 2.03030303030303
 0 2.090909090909091
 0 2.151515151515151
 2 2.212121212121212
 0 2.272727272727272
 1 2.333333333333334
 4 2.393939393939394
 1 2.454545454545455
 0 2.515151515151516
 0 2.575757575757576
 0 2.636363636363637
 0 2.696969696969697
 0 2.757575757575758
 0 2.818181818181818
 0 2.878787878787879
 0 2.939393939393939
 0 3


