# Created by Octave 3.8.2, Mon Jun 22 02:25:30 2020 CEST <damian@fptrucha.inv.usc.es>
# name: hd
# type: matrix
# rows: 100
# columns: 2
 0 -3
 0 -2.939393939393939
 0 -2.878787878787879
 0 -2.818181818181818
 0 -2.757575757575758
 0 -2.696969696969697
 0 -2.636363636363636
 0 -2.575757575757576
 0 -2.515151515151515
 7 -2.454545454545455
 0 -2.393939393939394
 0 -2.333333333333333
 1 -2.272727272727272
 0 -2.212121212121212
 0 -2.151515151515151
 3 -2.090909090909091
 4 -2.03030303030303
 23 -1.96969696969697
 24 -1.909090909090909
 1 -1.848484848484848
 1 -1.787878787878788
 0 -1.727272727272727
 2 -1.666666666666667
 45 -1.606060606060606
 15 -1.545454545454545
 61 -1.484848484848485
 12 -1.424242424242424
 61 -1.363636363636364
 13 -1.303030303030303
 9 -1.242424242424242
 251 -1.181818181818182
 11 -1.121212121212121
 272 -1.060606060606061
 8 -1
 214 -0.9393939393939394
 11 -0.8787878787878789
 178 -0.8181818181818183
 526 -0.7575757575757573
 232 -0.6969696969696968
 388 -0.6363636363636362
 254 -0.5757575757575757
 272 -0.5151515151515151
 183 -0.4545454545454546
 317 -0.393939393939394
 1673 -0.333333333333333
 116 -0.2727272727272725
 998 -0.2121212121212119
 6 -0.1515151515151514
 1139 -0.09090909090909083
 11 -0.03030303030303028
 770 0.03030303030303028
 9 0.09090909090909083
 595 0.1515151515151514
 800 0.2121212121212124
 627 0.2727272727272729
 636 0.3333333333333335
 210 0.393939393939394
 282 0.4545454545454546
 187 0.5151515151515151
 216 0.5757575757575757
 150 0.6363636363636367
 206 0.6969696969696972
 271 0.7575757575757578
 11 0.8181818181818183
 272 0.8787878787878789
 7 0.9393939393939394
 212 1
 5 1.060606060606061
 173 1.121212121212121
 6 1.181818181818182
 23 1.242424242424242
 68 1.303030303030303
 19 1.363636363636363
 66 1.424242424242425
 20 1.484848484848485
 49 1.545454545454546
 0 1.606060606060606
 0 1.666666666666667
 2 1.727272727272728
 21 1.787878787878788
 4 1.848484848484849
 13 1.909090909090909
 1 1.96969696969697
 0 2.03030303030303
 0 2.090909090909091
 0 2.151515151515151
 2 2.212121212121212
 0 2.272727272727272
 2 2.333333333333334
 6 2.393939393939394
 0 2.454545454545455
 0 2.515151515151516
 0 2.575757575757576
 0 2.636363636363637
 0 2.696969696969697
 0 2.757575757575758
 0 2.818181818181818
 0 2.878787878787879
 0 2.939393939393939
 0 3


