# Created by Octave 3.8.2, Sat Jun 20 19:27:09 2020 CEST <damian@fptrucha.inv.usc.es>
# name: hd
# type: matrix
# rows: 100
# columns: 2
 0 -3
 0 -2.939393939393939
 0 -2.878787878787879
 0 -2.818181818181818
 0 -2.757575757575758
 0 -2.696969696969697
 0 -2.636363636363636
 1 -2.575757575757576
 0 -2.515151515151515
 5 -2.454545454545455
 0 -2.393939393939394
 0 -2.333333333333333
 0 -2.272727272727272
 0 -2.212121212121212
 0 -2.151515151515151
 2 -2.090909090909091
 2 -2.03030303030303
 23 -1.96969696969697
 34 -1.909090909090909
 0 -1.848484848484848
 2 -1.787878787878788
 0 -1.727272727272727
 4 -1.666666666666667
 82 -1.606060606060606
 28 -1.545454545454545
 94 -1.484848484848485
 14 -1.424242424242424
 78 -1.363636363636364
 18 -1.303030303030303
 12 -1.242424242424242
 542 -1.181818181818182
 20 -1.121212121212121
 535 -1.060606060606061
 9 -1
 474 -0.9393939393939394
 19 -0.8787878787878789
 453 -0.8181818181818183
 951 -0.7575757575757573
 658 -0.6969696969696968
 1084 -0.6363636363636362
 590 -0.5757575757575757
 864 -0.5151515151515151
 614 -0.4545454545454546
 829 -0.393939393939394
 4266 -0.333333333333333
 542 -0.2727272727272725
 2989 -0.2121212121212119
 7 -0.1515151515151514
 2663 -0.09090909090909083
 5 -0.03030303030303028
 2527 0.03030303030303028
 10 0.09090909090909083
 2280 0.1515151515151514
 1679 0.2121212121212124
 2186 0.2727272727272729
 1759 0.3333333333333335
 628 0.393939393939394
 882 0.4545454545454546
 585 0.5151515151515151
 829 0.5757575757575757
 588 0.6363636363636367
 779 0.6969696969696972
 580 0.7575757575757578
 11 0.8181818181818183
 601 0.8787878787878789
 13 0.9393939393939394
 540 1
 11 1.060606060606061
 500 1.121212121212121
 18 1.181818181818182
 33 1.242424242424242
 97 1.303030303030303
 18 1.363636363636363
 95 1.424242424242425
 30 1.484848484848485
 83 1.545454545454546
 1 1.606060606060606
 0 1.666666666666667
 0 1.727272727272728
 25 1.787878787878788
 1 1.848484848484849
 18 1.909090909090909
 4 1.96969696969697
 3 2.03030303030303
 0 2.090909090909091
 0 2.151515151515151
 1 2.212121212121212
 2 2.272727272727272
 0 2.333333333333334
 6 2.393939393939394
 0 2.454545454545455
 2 2.515151515151516
 0 2.575757575757576
 0 2.636363636363637
 0 2.696969696969697
 0 2.757575757575758
 0 2.818181818181818
 0 2.878787878787879
 0 2.939393939393939
 0 3


