# Created by Octave 3.8.2, Mon Jun 22 03:24:46 2020 CEST <damian@fptrucha.inv.usc.es>
# name: hd
# type: matrix
# rows: 100
# columns: 2
 0 -3
 0 -2.939393939393939
 0 -2.878787878787879
 0 -2.818181818181818
 0 -2.757575757575758
 0 -2.696969696969697
 0 -2.636363636363636
 2 -2.575757575757576
 0 -2.515151515151515
 9 -2.454545454545455
 0 -2.393939393939394
 0 -2.333333333333333
 1 -2.272727272727272
 0 -2.212121212121212
 0 -2.151515151515151
 3 -2.090909090909091
 3 -2.03030303030303
 38 -1.96969696969697
 44 -1.909090909090909
 3 -1.848484848484848
 3 -1.787878787878788
 0 -1.727272727272727
 0 -1.666666666666667
 96 -1.606060606060606
 39 -1.545454545454545
 93 -1.484848484848485
 27 -1.424242424242424
 105 -1.363636363636364
 33 -1.303030303030303
 11 -1.242424242424242
 455 -1.181818181818182
 15 -1.121212121212121
 533 -1.060606060606061
 25 -1
 523 -0.9393939393939394
 22 -0.8787878787878789
 518 -0.8181818181818183
 862 -0.7575757575757573
 565 -0.6969696969696968
 904 -0.6363636363636362
 566 -0.5757575757575757
 843 -0.5151515151515151
 608 -0.4545454545454546
 917 -0.393939393939394
 3849 -0.333333333333333
 589 -0.2727272727272725
 2392 -0.2121212121212119
 16 -0.1515151515151514
 2453 -0.09090909090909083
 13 -0.03030303030303028
 2361 0.03030303030303028
 24 0.09090909090909083
 2123 0.1515151515151514
 1572 0.2121212121212124
 2120 0.2727272727272729
 1368 0.3333333333333335
 621 0.393939393939394
 900 0.4545454545454546
 646 0.5151515151515151
 832 0.5757575757575757
 617 0.6363636363636367
 761 0.6969696969696972
 514 0.7575757575757578
 18 0.8181818181818183
 487 0.8787878787878789
 23 0.9393939393939394
 496 1
 16 1.060606060606061
 506 1.121212121212121
 14 1.181818181818182
 23 1.242424242424242
 102 1.303030303030303
 35 1.363636363636363
 111 1.424242424242425
 26 1.484848484848485
 86 1.545454545454546
 3 1.606060606060606
 0 1.666666666666667
 4 1.727272727272728
 41 1.787878787878788
 4 1.848484848484849
 33 1.909090909090909
 5 1.96969696969697
 1 2.03030303030303
 0 2.090909090909091
 0 2.151515151515151
 2 2.212121212121212
 0 2.272727272727272
 0 2.333333333333334
 6 2.393939393939394
 0 2.454545454545455
 0 2.515151515151516
 0 2.575757575757576
 0 2.636363636363637
 0 2.696969696969697
 0 2.757575757575758
 0 2.818181818181818
 0 2.878787878787879
 0 2.939393939393939
 0 3


