# Created by Octave 3.8.2, Mon Jun 22 05:59:18 2020 CEST <damian@fptrucha.inv.usc.es>
# name: hd
# type: matrix
# rows: 100
# columns: 2
 0 -3
 0 -2.939393939393939
 0 -2.878787878787879
 0 -2.818181818181818
 0 -2.757575757575758
 0 -2.696969696969697
 0 -2.636363636363636
 3 -2.575757575757576
 1 -2.515151515151515
 8 -2.454545454545455
 0 -2.393939393939394
 0 -2.333333333333333
 0 -2.272727272727272
 0 -2.212121212121212
 0 -2.151515151515151
 3 -2.090909090909091
 2 -2.03030303030303
 31 -1.96969696969697
 30 -1.909090909090909
 3 -1.848484848484848
 2 -1.787878787878788
 0 -1.727272727272727
 1 -1.666666666666667
 97 -1.606060606060606
 34 -1.545454545454545
 121 -1.484848484848485
 31 -1.424242424242424
 111 -1.363636363636364
 31 -1.303030303030303
 9 -1.242424242424242
 488 -1.181818181818182
 13 -1.121212121212121
 527 -1.060606060606061
 21 -1
 490 -0.9393939393939394
 19 -0.8787878787878789
 532 -0.8181818181818183
 819 -0.7575757575757573
 630 -0.6969696969696968
 942 -0.6363636363636362
 643 -0.5757575757575757
 890 -0.5151515151515151
 551 -0.4545454545454546
 882 -0.393939393939394
 3738 -0.333333333333333
 564 -0.2727272727272725
 2413 -0.2121212121212119
 13 -0.1515151515151514
 2453 -0.09090909090909083
 21 -0.03030303030303028
 2379 0.03030303030303028
 25 0.09090909090909083
 2239 0.1515151515151514
 1430 0.2121212121212124
 2245 0.2727272727272729
 1447 0.3333333333333335
 636 0.393939393939394
 892 0.4545454545454546
 625 0.5151515151515151
 780 0.5757575757575757
 650 0.6363636363636367
 812 0.6969696969696972
 499 0.7575757575757578
 5 0.8181818181818183
 526 0.8787878787878789
 13 0.9393939393939394
 511 1
 21 1.060606060606061
 497 1.121212121212121
 13 1.181818181818182
 23 1.242424242424242
 122 1.303030303030303
 29 1.363636363636363
 93 1.424242424242425
 38 1.484848484848485
 107 1.545454545454546
 7 1.606060606060606
 0 1.666666666666667
 1 1.727272727272728
 44 1.787878787878788
 7 1.848484848484849
 32 1.909090909090909
 4 1.96969696969697
 3 2.03030303030303
 0 2.090909090909091
 0 2.151515151515151
 2 2.212121212121212
 0 2.272727272727272
 0 2.333333333333334
 12 2.393939393939394
 0 2.454545454545455
 1 2.515151515151516
 0 2.575757575757576
 0 2.636363636363637
 0 2.696969696969697
 0 2.757575757575758
 0 2.818181818181818
 0 2.878787878787879
 0 2.939393939393939
 0 3


