# Created by Octave 3.8.2, Mon Jun 22 19:11:18 2020 CEST <damian@fptrucha.inv.usc.es>
# name: hd
# type: matrix
# rows: 100
# columns: 2
 0 -3
 0 -2.939393939393939
 0 -2.878787878787879
 0 -2.818181818181818
 0 -2.757575757575758
 0 -2.696969696969697
 0 -2.636363636363636
 2 -2.575757575757576
 2 -2.515151515151515
 5 -2.454545454545455
 0 -2.393939393939394
 1 -2.333333333333333
 1 -2.272727272727272
 0 -2.212121212121212
 0 -2.151515151515151
 0 -2.090909090909091
 7 -2.03030303030303
 36 -1.96969696969697
 28 -1.909090909090909
 1 -1.848484848484848
 2 -1.787878787878788
 0 -1.727272727272727
 1 -1.666666666666667
 112 -1.606060606060606
 21 -1.545454545454545
 107 -1.484848484848485
 33 -1.424242424242424
 123 -1.363636363636364
 31 -1.303030303030303
 14 -1.242424242424242
 608 -1.181818181818182
 14 -1.121212121212121
 579 -1.060606060606061
 15 -1
 533 -0.9393939393939394
 24 -0.8787878787878789
 575 -0.8181818181818183
 963 -0.7575757575757573
 671 -0.6969696969696968
 1063 -0.6363636363636362
 662 -0.5757575757575757
 991 -0.5151515151515151
 665 -0.4545454545454546
 974 -0.393939393939394
 4348 -0.333333333333333
 606 -0.2727272727272725
 2767 -0.2121212121212119
 6 -0.1515151515151514
 2822 -0.09090909090909083
 20 -0.03030303030303028
 2589 0.03030303030303028
 14 0.09090909090909083
 2335 0.1515151515151514
 1574 0.2121212121212124
 2375 0.2727272727272729
 1606 0.3333333333333335
 654 0.393939393939394
 941 0.4545454545454546
 677 0.5151515151515151
 826 0.5757575757575757
 628 0.6363636363636367
 850 0.6969696969696972
 561 0.7575757575757578
 9 0.8181818181818183
 564 0.8787878787878789
 17 0.9393939393939394
 509 1
 16 1.060606060606061
 517 1.121212121212121
 9 1.181818181818182
 48 1.242424242424242
 120 1.303030303030303
 22 1.363636363636363
 124 1.424242424242425
 38 1.484848484848485
 118 1.545454545454546
 0 1.606060606060606
 0 1.666666666666667
 3 1.727272727272728
 45 1.787878787878788
 5 1.848484848484849
 37 1.909090909090909
 6 1.96969696969697
 2 2.03030303030303
 0 2.090909090909091
 0 2.151515151515151
 2 2.212121212121212
 0 2.272727272727272
 1 2.333333333333334
 5 2.393939393939394
 0 2.454545454545455
 2 2.515151515151516
 0 2.575757575757576
 0 2.636363636363637
 0 2.696969696969697
 0 2.757575757575758
 0 2.818181818181818
 0 2.878787878787879
 0 2.939393939393939
 0 3


