# Created by Octave 3.8.2, Mon Jun 22 12:24:16 2020 CEST <damian@fptrucha.inv.usc.es>
# name: hd
# type: matrix
# rows: 100
# columns: 2
 0 -3
 0 -2.939393939393939
 0 -2.878787878787879
 0 -2.818181818181818
 0 -2.757575757575758
 0 -2.696969696969697
 0 -2.636363636363636
 1 -2.575757575757576
 1 -2.515151515151515
 7 -2.454545454545455
 1 -2.393939393939394
 1 -2.333333333333333
 0 -2.272727272727272
 0 -2.212121212121212
 0 -2.151515151515151
 2 -2.090909090909091
 2 -2.03030303030303
 24 -1.96969696969697
 28 -1.909090909090909
 2 -1.848484848484848
 0 -1.787878787878788
 0 -1.727272727272727
 1 -1.666666666666667
 100 -1.606060606060606
 32 -1.545454545454545
 100 -1.484848484848485
 20 -1.424242424242424
 101 -1.363636363636364
 22 -1.303030303030303
 11 -1.242424242424242
 532 -1.181818181818182
 8 -1.121212121212121
 497 -1.060606060606061
 12 -1
 502 -0.9393939393939394
 17 -0.8787878787878789
 504 -0.8181818181818183
 853 -0.7575757575757573
 644 -0.6969696969696968
 962 -0.6363636363636362
 663 -0.5757575757575757
 867 -0.5151515151515151
 620 -0.4545454545454546
 886 -0.393939393939394
 3953 -0.333333333333333
 571 -0.2727272727272725
 2662 -0.2121212121212119
 16 -0.1515151515151514
 2686 -0.09090909090909083
 22 -0.03030303030303028
 2515 0.03030303030303028
 23 0.09090909090909083
 2292 0.1515151515151514
 1624 0.2121212121212124
 2352 0.2727272727272729
 1664 0.3333333333333335
 643 0.393939393939394
 926 0.4545454545454546
 670 0.5151515151515151
 880 0.5757575757575757
 653 0.6363636363636367
 841 0.6969696969696972
 523 0.7575757575757578
 13 0.8181818181818183
 542 0.8787878787878789
 14 0.9393939393939394
 534 1
 14 1.060606060606061
 498 1.121212121212121
 15 1.181818181818182
 26 1.242424242424242
 108 1.303030303030303
 23 1.363636363636363
 123 1.424242424242425
 30 1.484848484848485
 106 1.545454545454546
 2 1.606060606060606
 0 1.666666666666667
 1 1.727272727272728
 31 1.787878787878788
 8 1.848484848484849
 45 1.909090909090909
 4 1.96969696969697
 1 2.03030303030303
 0 2.090909090909091
 0 2.151515151515151
 1 2.212121212121212
 1 2.272727272727272
 0 2.333333333333334
 6 2.393939393939394
 0 2.454545454545455
 1 2.515151515151516
 0 2.575757575757576
 0 2.636363636363637
 0 2.696969696969697
 0 2.757575757575758
 0 2.818181818181818
 0 2.878787878787879
 0 2.939393939393939
 0 3


