# Created by Octave 3.8.2, Sat Jun 20 18:13:02 2020 CEST <damian@fptrucha.inv.usc.es>
# name: hd
# type: matrix
# rows: 100
# columns: 2
 0 -3
 0 -2.939393939393939
 0 -2.878787878787879
 0 -2.818181818181818
 0 -2.757575757575758
 0 -2.696969696969697
 0 -2.636363636363636
 3 -2.575757575757576
 0 -2.515151515151515
 2 -2.454545454545455
 1 -2.393939393939394
 0 -2.333333333333333
 1 -2.272727272727272
 0 -2.212121212121212
 0 -2.151515151515151
 0 -2.090909090909091
 3 -2.03030303030303
 17 -1.96969696969697
 21 -1.909090909090909
 0 -1.848484848484848
 1 -1.787878787878788
 0 -1.727272727272727
 1 -1.666666666666667
 95 -1.606060606060606
 20 -1.545454545454545
 83 -1.484848484848485
 20 -1.424242424242424
 87 -1.363636363636364
 14 -1.303030303030303
 5 -1.242424242424242
 528 -1.181818181818182
 10 -1.121212121212121
 521 -1.060606060606061
 15 -1
 454 -0.9393939393939394
 23 -0.8787878787878789
 421 -0.8181818181818183
 964 -0.7575757575757573
 638 -0.6969696969696968
 1011 -0.6363636363636362
 644 -0.5757575757575757
 864 -0.5151515151515151
 575 -0.4545454545454546
 848 -0.393939393939394
 4246 -0.333333333333333
 586 -0.2727272727272725
 2891 -0.2121212121212119
 13 -0.1515151515151514
 2641 -0.09090909090909083
 8 -0.03030303030303028
 2511 0.03030303030303028
 7 0.09090909090909083
 2219 0.1515151515151514
 1788 0.2121212121212124
 2250 0.2727272727272729
 1722 0.3333333333333335
 650 0.393939393939394
 894 0.4545454545454546
 647 0.5151515151515151
 804 0.5757575757575757
 538 0.6363636363636367
 827 0.6969696969696972
 561 0.7575757575757578
 12 0.8181818181818183
 545 0.8787878787878789
 12 0.9393939393939394
 546 1
 15 1.060606060606061
 512 1.121212121212121
 7 1.181818181818182
 34 1.242424242424242
 103 1.303030303030303
 20 1.363636363636363
 109 1.424242424242425
 23 1.484848484848485
 92 1.545454545454546
 1 1.606060606060606
 0 1.666666666666667
 1 1.727272727272728
 26 1.787878787878788
 6 1.848484848484849
 27 1.909090909090909
 3 1.96969696969697
 2 2.03030303030303
 0 2.090909090909091
 0 2.151515151515151
 1 2.212121212121212
 1 2.272727272727272
 0 2.333333333333334
 3 2.393939393939394
 0 2.454545454545455
 1 2.515151515151516
 0 2.575757575757576
 0 2.636363636363637
 0 2.696969696969697
 0 2.757575757575758
 0 2.818181818181818
 0 2.878787878787879
 0 2.939393939393939
 0 3


