# Created by Octave 3.8.2, Mon Jun 22 07:40:18 2020 CEST <damian@fptrucha.inv.usc.es>
# name: hd
# type: matrix
# rows: 100
# columns: 2
 0 -3
 0 -2.939393939393939
 0 -2.878787878787879
 0 -2.818181818181818
 0 -2.757575757575758
 0 -2.696969696969697
 0 -2.636363636363636
 1 -2.575757575757576
 1 -2.515151515151515
 6 -2.454545454545455
 0 -2.393939393939394
 1 -2.333333333333333
 0 -2.272727272727272
 0 -2.212121212121212
 0 -2.151515151515151
 0 -2.090909090909091
 3 -2.03030303030303
 46 -1.96969696969697
 33 -1.909090909090909
 1 -1.848484848484848
 1 -1.787878787878788
 0 -1.727272727272727
 1 -1.666666666666667
 94 -1.606060606060606
 31 -1.545454545454545
 101 -1.484848484848485
 30 -1.424242424242424
 107 -1.363636363636364
 16 -1.303030303030303
 14 -1.242424242424242
 525 -1.181818181818182
 9 -1.121212121212121
 499 -1.060606060606061
 18 -1
 527 -0.9393939393939394
 22 -0.8787878787878789
 507 -0.8181818181818183
 837 -0.7575757575757573
 552 -0.6969696969696968
 855 -0.6363636363636362
 597 -0.5757575757575757
 821 -0.5151515151515151
 552 -0.4545454545454546
 903 -0.393939393939394
 3833 -0.333333333333333
 597 -0.2727272727272725
 2508 -0.2121212121212119
 13 -0.1515151515151514
 2545 -0.09090909090909083
 18 -0.03030303030303028
 2456 0.03030303030303028
 27 0.09090909090909083
 2180 0.1515151515151514
 1509 0.2121212121212124
 2297 0.2727272727272729
 1516 0.3333333333333335
 641 0.393939393939394
 927 0.4545454545454546
 597 0.5151515151515151
 779 0.5757575757575757
 636 0.6363636363636367
 847 0.6969696969696972
 544 0.7575757575757578
 20 0.8181818181818183
 562 0.8787878787878789
 26 0.9393939393939394
 525 1
 12 1.060606060606061
 452 1.121212121212121
 10 1.181818181818182
 30 1.242424242424242
 112 1.303030303030303
 34 1.363636363636363
 127 1.424242424242425
 44 1.484848484848485
 112 1.545454545454546
 7 1.606060606060606
 0 1.666666666666667
 1 1.727272727272728
 31 1.787878787878788
 5 1.848484848484849
 31 1.909090909090909
 6 1.96969696969697
 1 2.03030303030303
 0 2.090909090909091
 0 2.151515151515151
 4 2.212121212121212
 0 2.272727272727272
 1 2.333333333333334
 11 2.393939393939394
 1 2.454545454545455
 1 2.515151515151516
 0 2.575757575757576
 0 2.636363636363637
 0 2.696969696969697
 0 2.757575757575758
 0 2.818181818181818
 0 2.878787878787879
 0 2.939393939393939
 0 3


