# Created by Octave 3.8.2, Sun Jun 21 01:53:46 2020 CEST <damian@fptrucha.inv.usc.es>
# name: hd
# type: matrix
# rows: 100
# columns: 2
 0 -3
 0 -2.939393939393939
 0 -2.878787878787879
 0 -2.818181818181818
 0 -2.757575757575758
 0 -2.696969696969697
 0 -2.636363636363636
 4 -2.575757575757576
 0 -2.515151515151515
 2 -2.454545454545455
 0 -2.393939393939394
 0 -2.333333333333333
 1 -2.272727272727272
 0 -2.212121212121212
 0 -2.151515151515151
 1 -2.090909090909091
 4 -2.03030303030303
 26 -1.96969696969697
 14 -1.909090909090909
 1 -1.848484848484848
 0 -1.787878787878788
 0 -1.727272727272727
 2 -1.666666666666667
 102 -1.606060606060606
 28 -1.545454545454545
 88 -1.484848484848485
 26 -1.424242424242424
 82 -1.363636363636364
 25 -1.303030303030303
 12 -1.242424242424242
 568 -1.181818181818182
 9 -1.121212121212121
 495 -1.060606060606061
 8 -1
 447 -0.9393939393939394
 14 -0.8787878787878789
 433 -0.8181818181818183
 955 -0.7575757575757573
 613 -0.6969696969696968
 1024 -0.6363636363636362
 615 -0.5757575757575757
 886 -0.5151515151515151
 573 -0.4545454545454546
 859 -0.393939393939394
 4114 -0.333333333333333
 532 -0.2727272727272725
 2868 -0.2121212121212119
 6 -0.1515151515151514
 2575 -0.09090909090909083
 11 -0.03030303030303028
 2450 0.03030303030303028
 9 0.09090909090909083
 2133 0.1515151515151514
 1714 0.2121212121212124
 2250 0.2727272727272729
 1527 0.3333333333333335
 615 0.393939393939394
 871 0.4545454545454546
 571 0.5151515151515151
 773 0.5757575757575757
 581 0.6363636363636367
 768 0.6969696969696972
 578 0.7575757575757578
 9 0.8181818181818183
 532 0.8787878787878789
 5 0.9393939393939394
 472 1
 8 1.060606060606061
 461 1.121212121212121
 10 1.181818181818182
 27 1.242424242424242
 104 1.303030303030303
 17 1.363636363636363
 88 1.424242424242425
 25 1.484848484848485
 89 1.545454545454546
 5 1.606060606060606
 0 1.666666666666667
 3 1.727272727272728
 23 1.787878787878788
 2 1.848484848484849
 30 1.909090909090909
 5 1.96969696969697
 2 2.03030303030303
 0 2.090909090909091
 0 2.151515151515151
 0 2.212121212121212
 0 2.272727272727272
 1 2.333333333333334
 5 2.393939393939394
 1 2.454545454545455
 0 2.515151515151516
 0 2.575757575757576
 0 2.636363636363637
 0 2.696969696969697
 0 2.757575757575758
 0 2.818181818181818
 0 2.878787878787879
 0 2.939393939393939
 0 3


