# Created by Octave 3.8.2, Mon Jun 22 10:44:19 2020 CEST <damian@fptrucha.inv.usc.es>
# name: hd
# type: matrix
# rows: 100
# columns: 2
 0 -3
 0 -2.939393939393939
 0 -2.878787878787879
 0 -2.818181818181818
 0 -2.757575757575758
 0 -2.696969696969697
 0 -2.636363636363636
 3 -2.575757575757576
 0 -2.515151515151515
 12 -2.454545454545455
 1 -2.393939393939394
 1 -2.333333333333333
 1 -2.272727272727272
 0 -2.212121212121212
 0 -2.151515151515151
 1 -2.090909090909091
 2 -2.03030303030303
 21 -1.96969696969697
 22 -1.909090909090909
 1 -1.848484848484848
 1 -1.787878787878788
 0 -1.727272727272727
 4 -1.666666666666667
 91 -1.606060606060606
 33 -1.545454545454545
 104 -1.484848484848485
 28 -1.424242424242424
 121 -1.363636363636364
 27 -1.303030303030303
 14 -1.242424242424242
 520 -1.181818181818182
 10 -1.121212121212121
 557 -1.060606060606061
 23 -1
 505 -0.9393939393939394
 19 -0.8787878787878789
 462 -0.8181818181818183
 924 -0.7575757575757573
 662 -0.6969696969696968
 957 -0.6363636363636362
 643 -0.5757575757575757
 854 -0.5151515151515151
 632 -0.4545454545454546
 964 -0.393939393939394
 4095 -0.333333333333333
 589 -0.2727272727272725
 2613 -0.2121212121212119
 15 -0.1515151515151514
 2595 -0.09090909090909083
 23 -0.03030303030303028
 2580 0.03030303030303028
 15 0.09090909090909083
 2294 0.1515151515151514
 1505 0.2121212121212124
 2332 0.2727272727272729
 1576 0.3333333333333335
 662 0.393939393939394
 854 0.4545454545454546
 699 0.5151515151515151
 830 0.5757575757575757
 634 0.6363636363636367
 886 0.6969696969696972
 580 0.7575757575757578
 9 0.8181818181818183
 574 0.8787878787878789
 21 0.9393939393939394
 529 1
 7 1.060606060606061
 516 1.121212121212121
 22 1.181818181818182
 29 1.242424242424242
 105 1.303030303030303
 34 1.363636363636363
 116 1.424242424242425
 32 1.484848484848485
 92 1.545454545454546
 5 1.606060606060606
 0 1.666666666666667
 1 1.727272727272728
 44 1.787878787878788
 3 1.848484848484849
 31 1.909090909090909
 3 1.96969696969697
 1 2.03030303030303
 0 2.090909090909091
 0 2.151515151515151
 2 2.212121212121212
 0 2.272727272727272
 2 2.333333333333334
 5 2.393939393939394
 2 2.454545454545455
 0 2.515151515151516
 0 2.575757575757576
 0 2.636363636363637
 0 2.696969696969697
 0 2.757575757575758
 0 2.818181818181818
 0 2.878787878787879
 0 2.939393939393939
 0 3


