# Created by Octave 3.8.2, Sun Jun 21 05:58:57 2020 CEST <damian@fptrucha.inv.usc.es>
# name: hd
# type: matrix
# rows: 100
# columns: 2
 0 -3
 0 -2.939393939393939
 0 -2.878787878787879
 0 -2.818181818181818
 0 -2.757575757575758
 0 -2.696969696969697
 0 -2.636363636363636
 0 -2.575757575757576
 1 -2.515151515151515
 4 -2.454545454545455
 0 -2.393939393939394
 0 -2.333333333333333
 1 -2.272727272727272
 0 -2.212121212121212
 0 -2.151515151515151
 0 -2.090909090909091
 2 -2.03030303030303
 20 -1.96969696969697
 19 -1.909090909090909
 1 -1.848484848484848
 2 -1.787878787878788
 0 -1.727272727272727
 2 -1.666666666666667
 96 -1.606060606060606
 16 -1.545454545454545
 71 -1.484848484848485
 14 -1.424242424242424
 80 -1.363636363636364
 12 -1.303030303030303
 13 -1.242424242424242
 495 -1.181818181818182
 8 -1.121212121212121
 491 -1.060606060606061
 11 -1
 430 -0.9393939393939394
 13 -0.8787878787878789
 391 -0.8181818181818183
 912 -0.7575757575757573
 648 -0.6969696969696968
 1013 -0.6363636363636362
 627 -0.5757575757575757
 779 -0.5151515151515151
 520 -0.4545454545454546
 757 -0.393939393939394
 4097 -0.333333333333333
 507 -0.2727272727272725
 2734 -0.2121212121212119
 5 -0.1515151515151514
 2635 -0.09090909090909083
 6 -0.03030303030303028
 2442 0.03030303030303028
 12 0.09090909090909083
 2102 0.1515151515151514
 1605 0.2121212121212124
 2107 0.2727272727272729
 1520 0.3333333333333335
 630 0.393939393939394
 880 0.4545454545454546
 634 0.5151515151515151
 762 0.5757575757575757
 517 0.6363636363636367
 800 0.6969696969696972
 526 0.7575757575757578
 10 0.8181818181818183
 492 0.8787878787878789
 8 0.9393939393939394
 503 1
 17 1.060606060606061
 446 1.121212121212121
 16 1.181818181818182
 23 1.242424242424242
 80 1.303030303030303
 27 1.363636363636363
 95 1.424242424242425
 22 1.484848484848485
 85 1.545454545454546
 2 1.606060606060606
 0 1.666666666666667
 2 1.727272727272728
 27 1.787878787878788
 5 1.848484848484849
 21 1.909090909090909
 2 1.96969696969697
 0 2.03030303030303
 0 2.090909090909091
 0 2.151515151515151
 2 2.212121212121212
 0 2.272727272727272
 0 2.333333333333334
 1 2.393939393939394
 0 2.454545454545455
 0 2.515151515151516
 0 2.575757575757576
 0 2.636363636363637
 0 2.696969696969697
 0 2.757575757575758
 0 2.818181818181818
 0 2.878787878787879
 0 2.939393939393939
 0 3


