# Created by Octave 3.8.2, Mon Jun 22 20:39:27 2020 CEST <damian@fptrucha.inv.usc.es>
# name: hd
# type: matrix
# rows: 100
# columns: 2
 0 -3
 0 -2.939393939393939
 0 -2.878787878787879
 0 -2.818181818181818
 0 -2.757575757575758
 0 -2.696969696969697
 0 -2.636363636363636
 4 -2.575757575757576
 1 -2.515151515151515
 5 -2.454545454545455
 0 -2.393939393939394
 1 -2.333333333333333
 1 -2.272727272727272
 0 -2.212121212121212
 0 -2.151515151515151
 3 -2.090909090909091
 6 -2.03030303030303
 23 -1.96969696969697
 46 -1.909090909090909
 4 -1.848484848484848
 1 -1.787878787878788
 0 -1.727272727272727
 1 -1.666666666666667
 111 -1.606060606060606
 37 -1.545454545454545
 106 -1.484848484848485
 31 -1.424242424242424
 137 -1.363636363636364
 26 -1.303030303030303
 14 -1.242424242424242
 606 -1.181818181818182
 15 -1.121212121212121
 592 -1.060606060606061
 8 -1
 577 -0.9393939393939394
 17 -0.8787878787878789
 494 -0.8181818181818183
 975 -0.7575757575757573
 630 -0.6969696969696968
 1059 -0.6363636363636362
 654 -0.5757575757575757
 939 -0.5151515151515151
 699 -0.4545454545454546
 980 -0.393939393939394
 4296 -0.333333333333333
 569 -0.2727272727272725
 2835 -0.2121212121212119
 11 -0.1515151515151514
 2774 -0.09090909090909083
 16 -0.03030303030303028
 2636 0.03030303030303028
 10 0.09090909090909083
 2324 0.1515151515151514
 1633 0.2121212121212124
 2525 0.2727272727272729
 1668 0.3333333333333335
 639 0.393939393939394
 935 0.4545454545454546
 650 0.5151515151515151
 881 0.5757575757575757
 606 0.6363636363636367
 893 0.6969696969696972
 520 0.7575757575757578
 9 0.8181818181818183
 611 0.8787878787878789
 22 0.9393939393939394
 526 1
 17 1.060606060606061
 504 1.121212121212121
 11 1.181818181818182
 30 1.242424242424242
 114 1.303030303030303
 38 1.363636363636363
 119 1.424242424242425
 34 1.484848484848485
 104 1.545454545454546
 1 1.606060606060606
 0 1.666666666666667
 3 1.727272727272728
 47 1.787878787878788
 1 1.848484848484849
 33 1.909090909090909
 4 1.96969696969697
 0 2.03030303030303
 0 2.090909090909091
 0 2.151515151515151
 3 2.212121212121212
 1 2.272727272727272
 1 2.333333333333334
 10 2.393939393939394
 0 2.454545454545455
 2 2.515151515151516
 0 2.575757575757576
 0 2.636363636363637
 0 2.696969696969697
 0 2.757575757575758
 0 2.818181818181818
 0 2.878787878787879
 0 2.939393939393939
 0 3


