# Created by Octave 3.8.2, Mon Jun 22 02:46:06 2020 CEST <damian@fptrucha.inv.usc.es>
# name: hd
# type: matrix
# rows: 100
# columns: 2
 0 -3
 0 -2.939393939393939
 0 -2.878787878787879
 0 -2.818181818181818
 0 -2.757575757575758
 0 -2.696969696969697
 0 -2.636363636363636
 3 -2.575757575757576
 1 -2.515151515151515
 9 -2.454545454545455
 0 -2.393939393939394
 1 -2.333333333333333
 1 -2.272727272727272
 0 -2.212121212121212
 0 -2.151515151515151
 1 -2.090909090909091
 2 -2.03030303030303
 33 -1.96969696969697
 30 -1.909090909090909
 2 -1.848484848484848
 5 -1.787878787878788
 0 -1.727272727272727
 1 -1.666666666666667
 86 -1.606060606060606
 28 -1.545454545454545
 94 -1.484848484848485
 34 -1.424242424242424
 100 -1.363636363636364
 19 -1.303030303030303
 21 -1.242424242424242
 478 -1.181818181818182
 12 -1.121212121212121
 472 -1.060606060606061
 19 -1
 490 -0.9393939393939394
 20 -0.8787878787878789
 478 -0.8181818181818183
 874 -0.7575757575757573
 600 -0.6969696969696968
 899 -0.6363636363636362
 519 -0.5757575757575757
 816 -0.5151515151515151
 539 -0.4545454545454546
 808 -0.393939393939394
 3799 -0.333333333333333
 541 -0.2727272727272725
 2309 -0.2121212121212119
 4 -0.1515151515151514
 2384 -0.09090909090909083
 19 -0.03030303030303028
 2368 0.03030303030303028
 19 0.09090909090909083
 2223 0.1515151515151514
 1546 0.2121212121212124
 2106 0.2727272727272729
 1434 0.3333333333333335
 592 0.393939393939394
 828 0.4545454545454546
 689 0.5151515151515151
 781 0.5757575757575757
 596 0.6363636363636367
 847 0.6969696969696972
 487 0.7575757575757578
 17 0.8181818181818183
 507 0.8787878787878789
 19 0.9393939393939394
 531 1
 13 1.060606060606061
 464 1.121212121212121
 15 1.181818181818182
 32 1.242424242424242
 123 1.303030303030303
 33 1.363636363636363
 105 1.424242424242425
 25 1.484848484848485
 111 1.545454545454546
 4 1.606060606060606
 0 1.666666666666667
 2 1.727272727272728
 53 1.787878787878788
 4 1.848484848484849
 40 1.909090909090909
 5 1.96969696969697
 1 2.03030303030303
 0 2.090909090909091
 0 2.151515151515151
 1 2.212121212121212
 1 2.272727272727272
 2 2.333333333333334
 4 2.393939393939394
 1 2.454545454545455
 2 2.515151515151516
 0 2.575757575757576
 0 2.636363636363637
 0 2.696969696969697
 0 2.757575757575758
 0 2.818181818181818
 0 2.878787878787879
 0 2.939393939393939
 0 3


