# Created by Octave 3.8.2, Mon Jun 22 04:32:43 2020 CEST <damian@fptrucha.inv.usc.es>
# name: hd
# type: matrix
# rows: 100
# columns: 2
 0 -3
 0 -2.939393939393939
 0 -2.878787878787879
 0 -2.818181818181818
 0 -2.757575757575758
 0 -2.696969696969697
 0 -2.636363636363636
 0 -2.575757575757576
 1 -2.515151515151515
 12 -2.454545454545455
 2 -2.393939393939394
 0 -2.333333333333333
 0 -2.272727272727272
 0 -2.212121212121212
 0 -2.151515151515151
 0 -2.090909090909091
 6 -2.03030303030303
 28 -1.96969696969697
 33 -1.909090909090909
 2 -1.848484848484848
 2 -1.787878787878788
 0 -1.727272727272727
 3 -1.666666666666667
 103 -1.606060606060606
 34 -1.545454545454545
 112 -1.484848484848485
 31 -1.424242424242424
 111 -1.363636363636364
 22 -1.303030303030303
 16 -1.242424242424242
 489 -1.181818181818182
 13 -1.121212121212121
 513 -1.060606060606061
 12 -1
 471 -0.9393939393939394
 20 -0.8787878787878789
 493 -0.8181818181818183
 866 -0.7575757575757573
 571 -0.6969696969696968
 832 -0.6363636363636362
 595 -0.5757575757575757
 798 -0.5151515151515151
 584 -0.4545454545454546
 794 -0.393939393939394
 3632 -0.333333333333333
 505 -0.2727272727272725
 2345 -0.2121212121212119
 21 -0.1515151515151514
 2322 -0.09090909090909083
 17 -0.03030303030303028
 2204 0.03030303030303028
 12 0.09090909090909083
 1923 0.1515151515151514
 1428 0.2121212121212124
 2067 0.2727272727272729
 1412 0.3333333333333335
 570 0.393939393939394
 817 0.4545454545454546
 581 0.5151515151515151
 713 0.5757575757575757
 578 0.6363636363636367
 698 0.6969696969696972
 503 0.7575757575757578
 15 0.8181818181818183
 556 0.8787878787878789
 15 0.9393939393939394
 488 1
 16 1.060606060606061
 459 1.121212121212121
 8 1.181818181818182
 31 1.242424242424242
 108 1.303030303030303
 36 1.363636363636363
 120 1.424242424242425
 27 1.484848484848485
 98 1.545454545454546
 0 1.606060606060606
 0 1.666666666666667
 0 1.727272727272728
 29 1.787878787878788
 6 1.848484848484849
 23 1.909090909090909
 5 1.96969696969697
 3 2.03030303030303
 0 2.090909090909091
 0 2.151515151515151
 3 2.212121212121212
 2 2.272727272727272
 1 2.333333333333334
 5 2.393939393939394
 2 2.454545454545455
 1 2.515151515151516
 0 2.575757575757576
 0 2.636363636363637
 0 2.696969696969697
 0 2.757575757575758
 0 2.818181818181818
 0 2.878787878787879
 0 2.939393939393939
 0 3


