# Created by Octave 3.8.2, Mon Jun 22 09:30:15 2020 CEST <damian@fptrucha.inv.usc.es>
# name: hd
# type: matrix
# rows: 100
# columns: 2
 0 -3
 0 -2.939393939393939
 0 -2.878787878787879
 0 -2.818181818181818
 0 -2.757575757575758
 0 -2.696969696969697
 0 -2.636363636363636
 0 -2.575757575757576
 0 -2.515151515151515
 5 -2.454545454545455
 1 -2.393939393939394
 1 -2.333333333333333
 0 -2.272727272727272
 0 -2.212121212121212
 0 -2.151515151515151
 0 -2.090909090909091
 3 -2.03030303030303
 21 -1.96969696969697
 35 -1.909090909090909
 3 -1.848484848484848
 2 -1.787878787878788
 0 -1.727272727272727
 2 -1.666666666666667
 84 -1.606060606060606
 30 -1.545454545454545
 112 -1.484848484848485
 24 -1.424242424242424
 112 -1.363636363636364
 24 -1.303030303030303
 13 -1.242424242424242
 492 -1.181818181818182
 11 -1.121212121212121
 555 -1.060606060606061
 26 -1
 509 -0.9393939393939394
 16 -0.8787878787878789
 489 -0.8181818181818183
 851 -0.7575757575757573
 610 -0.6969696969696968
 866 -0.6363636363636362
 656 -0.5757575757575757
 867 -0.5151515151515151
 536 -0.4545454545454546
 908 -0.393939393939394
 3938 -0.333333333333333
 568 -0.2727272727272725
 2545 -0.2121212121212119
 13 -0.1515151515151514
 2537 -0.09090909090909083
 19 -0.03030303030303028
 2466 0.03030303030303028
 23 0.09090909090909083
 2199 0.1515151515151514
 1543 0.2121212121212124
 2252 0.2727272727272729
 1473 0.3333333333333335
 611 0.393939393939394
 865 0.4545454545454546
 647 0.5151515151515151
 805 0.5757575757575757
 642 0.6363636363636367
 870 0.6969696969696972
 540 0.7575757575757578
 10 0.8181818181818183
 567 0.8787878787878789
 19 0.9393939393939394
 533 1
 15 1.060606060606061
 535 1.121212121212121
 16 1.181818181818182
 21 1.242424242424242
 122 1.303030303030303
 33 1.363636363636363
 84 1.424242424242425
 30 1.484848484848485
 110 1.545454545454546
 6 1.606060606060606
 0 1.666666666666667
 0 1.727272727272728
 34 1.787878787878788
 10 1.848484848484849
 39 1.909090909090909
 6 1.96969696969697
 0 2.03030303030303
 0 2.090909090909091
 0 2.151515151515151
 0 2.212121212121212
 1 2.272727272727272
 0 2.333333333333334
 5 2.393939393939394
 0 2.454545454545455
 0 2.515151515151516
 0 2.575757575757576
 0 2.636363636363637
 0 2.696969696969697
 0 2.757575757575758
 0 2.818181818181818
 0 2.878787878787879
 0 2.939393939393939
 0 3


