# Created by Octave 3.8.2, Sat Jun 20 02:44:50 2020 CEST <damian@fptrucha.inv.usc.es>
# name: hd
# type: matrix
# rows: 100
# columns: 2
 0 -3
 0 -2.939393939393939
 0 -2.878787878787879
 0 -2.818181818181818
 0 -2.757575757575758
 0 -2.696969696969697
 0 -2.636363636363636
 2 -2.575757575757576
 1 -2.515151515151515
 7 -2.454545454545455
 2 -2.393939393939394
 0 -2.333333333333333
 0 -2.272727272727272
 0 -2.212121212121212
 0 -2.151515151515151
 4 -2.090909090909091
 6 -2.03030303030303
 32 -1.96969696969697
 41 -1.909090909090909
 0 -1.848484848484848
 1 -1.787878787878788
 0 -1.727272727272727
 1 -1.666666666666667
 125 -1.606060606060606
 27 -1.545454545454545
 104 -1.484848484848485
 31 -1.424242424242424
 102 -1.363636363636364
 22 -1.303030303030303
 14 -1.242424242424242
 641 -1.181818181818182
 15 -1.121212121212121
 612 -1.060606060606061
 17 -1
 531 -0.9393939393939394
 15 -0.8787878787878789
 505 -0.8181818181818183
 1126 -0.7575757575757573
 702 -0.6969696969696968
 1156 -0.6363636363636362
 755 -0.5757575757575757
 1035 -0.5151515151515151
 681 -0.4545454545454546
 1008 -0.393939393939394
 4629 -0.333333333333333
 657 -0.2727272727272725
 3170 -0.2121212121212119
 11 -0.1515151515151514
 2903 -0.09090909090909083
 8 -0.03030303030303028
 2772 0.03030303030303028
 10 0.09090909090909083
 2500 0.1515151515151514
 1775 0.2121212121212124
 2428 0.2727272727272729
 1736 0.3333333333333335
 664 0.393939393939394
 896 0.4545454545454546
 666 0.5151515151515151
 823 0.5757575757575757
 593 0.6363636363636367
 807 0.6969696969696972
 548 0.7575757575757578
 14 0.8181818181818183
 529 0.8787878787878789
 11 0.9393939393939394
 459 1
 9 1.060606060606061
 461 1.121212121212121
 12 1.181818181818182
 28 1.242424242424242
 93 1.303030303030303
 22 1.363636363636363
 97 1.424242424242425
 23 1.484848484848485
 99 1.545454545454546
 0 1.606060606060606
 0 1.666666666666667
 2 1.727272727272728
 24 1.787878787878788
 5 1.848484848484849
 23 1.909090909090909
 3 1.96969696969697
 2 2.03030303030303
 0 2.090909090909091
 0 2.151515151515151
 1 2.212121212121212
 0 2.272727272727272
 0 2.333333333333334
 9 2.393939393939394
 0 2.454545454545455
 0 2.515151515151516
 0 2.575757575757576
 0 2.636363636363637
 0 2.696969696969697
 0 2.757575757575758
 0 2.818181818181818
 0 2.878787878787879
 0 2.939393939393939
 0 3


