# Created by Octave 3.8.2, Sat Jun 20 03:10:25 2020 CEST <damian@fptrucha.inv.usc.es>
# name: hd
# type: matrix
# rows: 100
# columns: 2
 0 -3
 0 -2.939393939393939
 0 -2.878787878787879
 0 -2.818181818181818
 0 -2.757575757575758
 0 -2.696969696969697
 0 -2.636363636363636
 1 -2.575757575757576
 0 -2.515151515151515
 8 -2.454545454545455
 0 -2.393939393939394
 3 -2.333333333333333
 0 -2.272727272727272
 0 -2.212121212121212
 0 -2.151515151515151
 0 -2.090909090909091
 2 -2.03030303030303
 23 -1.96969696969697
 32 -1.909090909090909
 1 -1.848484848484848
 1 -1.787878787878788
 0 -1.727272727272727
 3 -1.666666666666667
 104 -1.606060606060606
 25 -1.545454545454545
 107 -1.484848484848485
 29 -1.424242424242424
 89 -1.363636363636364
 28 -1.303030303030303
 17 -1.242424242424242
 560 -1.181818181818182
 21 -1.121212121212121
 579 -1.060606060606061
 7 -1
 541 -0.9393939393939394
 21 -0.8787878787878789
 500 -0.8181818181818183
 1085 -0.7575757575757573
 760 -0.6969696969696968
 1183 -0.6363636363636362
 681 -0.5757575757575757
 1038 -0.5151515151515151
 641 -0.4545454545454546
 979 -0.393939393939394
 4583 -0.333333333333333
 618 -0.2727272727272725
 3108 -0.2121212121212119
 12 -0.1515151515151514
 2829 -0.09090909090909083
 10 -0.03030303030303028
 2782 0.03030303030303028
 10 0.09090909090909083
 2429 0.1515151515151514
 1868 0.2121212121212124
 2557 0.2727272727272729
 1719 0.3333333333333335
 636 0.393939393939394
 902 0.4545454545454546
 687 0.5151515151515151
 867 0.5757575757575757
 622 0.6363636363636367
 805 0.6969696969696972
 574 0.7575757575757578
 12 0.8181818181818183
 533 0.8787878787878789
 13 0.9393939393939394
 486 1
 17 1.060606060606061
 457 1.121212121212121
 12 1.181818181818182
 23 1.242424242424242
 88 1.303030303030303
 17 1.363636363636363
 82 1.424242424242425
 30 1.484848484848485
 87 1.545454545454546
 2 1.606060606060606
 0 1.666666666666667
 0 1.727272727272728
 23 1.787878787878788
 2 1.848484848484849
 18 1.909090909090909
 4 1.96969696969697
 2 2.03030303030303
 0 2.090909090909091
 0 2.151515151515151
 1 2.212121212121212
 1 2.272727272727272
 0 2.333333333333334
 10 2.393939393939394
 1 2.454545454545455
 1 2.515151515151516
 0 2.575757575757576
 0 2.636363636363637
 0 2.696969696969697
 0 2.757575757575758
 0 2.818181818181818
 0 2.878787878787879
 0 2.939393939393939
 0 3


