# Created by Octave 3.8.2, Sat Jun 20 02:13:47 2020 CEST <damian@fptrucha.inv.usc.es>
# name: hd
# type: matrix
# rows: 100
# columns: 2
 0 -3
 0 -2.939393939393939
 0 -2.878787878787879
 0 -2.818181818181818
 0 -2.757575757575758
 0 -2.696969696969697
 0 -2.636363636363636
 0 -2.575757575757576
 1 -2.515151515151515
 6 -2.454545454545455
 1 -2.393939393939394
 1 -2.333333333333333
 0 -2.272727272727272
 0 -2.212121212121212
 0 -2.151515151515151
 0 -2.090909090909091
 3 -2.03030303030303
 32 -1.96969696969697
 29 -1.909090909090909
 0 -1.848484848484848
 0 -1.787878787878788
 0 -1.727272727272727
 1 -1.666666666666667
 117 -1.606060606060606
 30 -1.545454545454545
 104 -1.484848484848485
 18 -1.424242424242424
 114 -1.363636363636364
 25 -1.303030303030303
 17 -1.242424242424242
 644 -1.181818181818182
 16 -1.121212121212121
 555 -1.060606060606061
 15 -1
 514 -0.9393939393939394
 26 -0.8787878787878789
 515 -0.8181818181818183
 1174 -0.7575757575757573
 724 -0.6969696969696968
 1164 -0.6363636363636362
 744 -0.5757575757575757
 987 -0.5151515151515151
 640 -0.4545454545454546
 967 -0.393939393939394
 4607 -0.333333333333333
 592 -0.2727272727272725
 3169 -0.2121212121212119
 10 -0.1515151515151514
 2913 -0.09090909090909083
 15 -0.03030303030303028
 2796 0.03030303030303028
 16 0.09090909090909083
 2497 0.1515151515151514
 1793 0.2121212121212124
 2502 0.2727272727272729
 1579 0.3333333333333335
 631 0.393939393939394
 869 0.4545454545454546
 707 0.5151515151515151
 878 0.5757575757575757
 634 0.6363636363636367
 833 0.6969696969696972
 578 0.7575757575757578
 10 0.8181818181818183
 477 0.8787878787878789
 14 0.9393939393939394
 491 1
 10 1.060606060606061
 441 1.121212121212121
 17 1.181818181818182
 23 1.242424242424242
 93 1.303030303030303
 18 1.363636363636363
 83 1.424242424242425
 20 1.484848484848485
 82 1.545454545454546
 3 1.606060606060606
 0 1.666666666666667
 1 1.727272727272728
 26 1.787878787878788
 1 1.848484848484849
 26 1.909090909090909
 1 1.96969696969697
 2 2.03030303030303
 0 2.090909090909091
 0 2.151515151515151
 1 2.212121212121212
 0 2.272727272727272
 0 2.333333333333334
 4 2.393939393939394
 1 2.454545454545455
 0 2.515151515151516
 0 2.575757575757576
 0 2.636363636363637
 0 2.696969696969697
 0 2.757575757575758
 0 2.818181818181818
 0 2.878787878787879
 0 2.939393939393939
 0 3


