# Created by Octave 3.8.2, Sat Jun 20 03:22:23 2020 CEST <damian@fptrucha.inv.usc.es>
# name: hd
# type: matrix
# rows: 100
# columns: 2
 0 -3
 0 -2.939393939393939
 0 -2.878787878787879
 0 -2.818181818181818
 0 -2.757575757575758
 0 -2.696969696969697
 0 -2.636363636363636
 3 -2.575757575757576
 0 -2.515151515151515
 10 -2.454545454545455
 1 -2.393939393939394
 0 -2.333333333333333
 0 -2.272727272727272
 0 -2.212121212121212
 0 -2.151515151515151
 2 -2.090909090909091
 7 -2.03030303030303
 20 -1.96969696969697
 23 -1.909090909090909
 3 -1.848484848484848
 1 -1.787878787878788
 0 -1.727272727272727
 5 -1.666666666666667
 90 -1.606060606060606
 26 -1.545454545454545
 98 -1.484848484848485
 33 -1.424242424242424
 113 -1.363636363636364
 24 -1.303030303030303
 14 -1.242424242424242
 653 -1.181818181818182
 15 -1.121212121212121
 617 -1.060606060606061
 12 -1
 521 -0.9393939393939394
 10 -0.8787878787878789
 516 -0.8181818181818183
 1108 -0.7575757575757573
 704 -0.6969696969696968
 1158 -0.6363636363636362
 722 -0.5757575757575757
 1019 -0.5151515151515151
 673 -0.4545454545454546
 970 -0.393939393939394
 4633 -0.333333333333333
 636 -0.2727272727272725
 3195 -0.2121212121212119
 12 -0.1515151515151514
 2889 -0.09090909090909083
 7 -0.03030303030303028
 2850 0.03030303030303028
 12 0.09090909090909083
 2429 0.1515151515151514
 1882 0.2121212121212124
 2478 0.2727272727272729
 1768 0.3333333333333335
 640 0.393939393939394
 931 0.4545454545454546
 726 0.5151515151515151
 911 0.5757575757575757
 610 0.6363636363636367
 867 0.6969696969696972
 578 0.7575757575757578
 12 0.8181818181818183
 554 0.8787878787878789
 12 0.9393939393939394
 515 1
 11 1.060606060606061
 480 1.121212121212121
 16 1.181818181818182
 28 1.242424242424242
 82 1.303030303030303
 22 1.363636363636363
 80 1.424242424242425
 24 1.484848484848485
 95 1.545454545454546
 1 1.606060606060606
 0 1.666666666666667
 0 1.727272727272728
 29 1.787878787878788
 2 1.848484848484849
 24 1.909090909090909
 1 1.96969696969697
 1 2.03030303030303
 0 2.090909090909091
 0 2.151515151515151
 0 2.212121212121212
 0 2.272727272727272
 0 2.333333333333334
 7 2.393939393939394
 0 2.454545454545455
 1 2.515151515151516
 0 2.575757575757576
 0 2.636363636363637
 0 2.696969696969697
 0 2.757575757575758
 0 2.818181818181818
 0 2.878787878787879
 0 2.939393939393939
 0 3


