# Created by Octave 3.8.2, Sat Jun 20 23:33:53 2020 CEST <damian@fptrucha.inv.usc.es>
# name: hd
# type: matrix
# rows: 100
# columns: 2
 0 -3
 0 -2.939393939393939
 0 -2.878787878787879
 0 -2.818181818181818
 0 -2.757575757575758
 0 -2.696969696969697
 0 -2.636363636363636
 1 -2.575757575757576
 1 -2.515151515151515
 3 -2.454545454545455
 0 -2.393939393939394
 0 -2.333333333333333
 1 -2.272727272727272
 0 -2.212121212121212
 0 -2.151515151515151
 2 -2.090909090909091
 5 -2.03030303030303
 19 -1.96969696969697
 36 -1.909090909090909
 0 -1.848484848484848
 1 -1.787878787878788
 0 -1.727272727272727
 0 -1.666666666666667
 100 -1.606060606060606
 20 -1.545454545454545
 87 -1.484848484848485
 15 -1.424242424242424
 64 -1.363636363636364
 23 -1.303030303030303
 12 -1.242424242424242
 577 -1.181818181818182
 9 -1.121212121212121
 531 -1.060606060606061
 10 -1
 419 -0.9393939393939394
 8 -0.8787878787878789
 413 -0.8181818181818183
 961 -0.7575757575757573
 648 -0.6969696969696968
 1008 -0.6363636363636362
 615 -0.5757575757575757
 868 -0.5151515151515151
 557 -0.4545454545454546
 858 -0.393939393939394
 4182 -0.333333333333333
 501 -0.2727272727272725
 2793 -0.2121212121212119
 10 -0.1515151515151514
 2598 -0.09090909090909083
 8 -0.03030303030303028
 2446 0.03030303030303028
 13 0.09090909090909083
 2158 0.1515151515151514
 1767 0.2121212121212124
 2134 0.2727272727272729
 1672 0.3333333333333335
 623 0.393939393939394
 873 0.4545454545454546
 620 0.5151515151515151
 800 0.5757575757575757
 582 0.6363636363636367
 767 0.6969696969696972
 567 0.7575757575757578
 11 0.8181818181818183
 524 0.8787878787878789
 12 0.9393939393939394
 525 1
 10 1.060606060606061
 508 1.121212121212121
 13 1.181818181818182
 28 1.242424242424242
 103 1.303030303030303
 29 1.363636363636363
 120 1.424242424242425
 28 1.484848484848485
 81 1.545454545454546
 2 1.606060606060606
 0 1.666666666666667
 0 1.727272727272728
 26 1.787878787878788
 6 1.848484848484849
 34 1.909090909090909
 3 1.96969696969697
 0 2.03030303030303
 0 2.090909090909091
 0 2.151515151515151
 1 2.212121212121212
 2 2.272727272727272
 0 2.333333333333334
 4 2.393939393939394
 2 2.454545454545455
 0 2.515151515151516
 0 2.575757575757576
 0 2.636363636363637
 0 2.696969696969697
 0 2.757575757575758
 0 2.818181818181818
 0 2.878787878787879
 0 2.939393939393939
 0 3


