# Created by Octave 3.8.2, Sat Jun 20 10:03:17 2020 CEST <damian@fptrucha.inv.usc.es>
# name: hd
# type: matrix
# rows: 100
# columns: 2
 0 -3
 0 -2.939393939393939
 0 -2.878787878787879
 0 -2.818181818181818
 0 -2.757575757575758
 0 -2.696969696969697
 0 -2.636363636363636
 1 -2.575757575757576
 0 -2.515151515151515
 8 -2.454545454545455
 2 -2.393939393939394
 1 -2.333333333333333
 0 -2.272727272727272
 0 -2.212121212121212
 0 -2.151515151515151
 1 -2.090909090909091
 2 -2.03030303030303
 28 -1.96969696969697
 32 -1.909090909090909
 3 -1.848484848484848
 0 -1.787878787878788
 0 -1.727272727272727
 2 -1.666666666666667
 106 -1.606060606060606
 19 -1.545454545454545
 96 -1.484848484848485
 22 -1.424242424242424
 106 -1.363636363636364
 14 -1.303030303030303
 12 -1.242424242424242
 575 -1.181818181818182
 11 -1.121212121212121
 521 -1.060606060606061
 14 -1
 448 -0.9393939393939394
 13 -0.8787878787878789
 482 -0.8181818181818183
 1116 -0.7575757575757573
 768 -0.6969696969696968
 1127 -0.6363636363636362
 679 -0.5757575757575757
 1023 -0.5151515151515151
 617 -0.4545454545454546
 936 -0.393939393939394
 4673 -0.333333333333333
 594 -0.2727272727272725
 3172 -0.2121212121212119
 10 -0.1515151515151514
 3020 -0.09090909090909083
 7 -0.03030303030303028
 2796 0.03030303030303028
 16 0.09090909090909083
 2430 0.1515151515151514
 2004 0.2121212121212124
 2612 0.2727272727272729
 1834 0.3333333333333335
 651 0.393939393939394
 1044 0.4545454545454546
 742 0.5151515151515151
 950 0.5757575757575757
 641 0.6363636363636367
 868 0.6969696969696972
 727 0.7575757575757578
 16 0.8181818181818183
 660 0.8787878787878789
 11 0.9393939393939394
 581 1
 21 1.060606060606061
 539 1.121212121212121
 13 1.181818181818182
 26 1.242424242424242
 109 1.303030303030303
 33 1.363636363636363
 119 1.424242424242425
 27 1.484848484848485
 112 1.545454545454546
 1 1.606060606060606
 0 1.666666666666667
 4 1.727272727272728
 39 1.787878787878788
 4 1.848484848484849
 36 1.909090909090909
 4 1.96969696969697
 1 2.03030303030303
 0 2.090909090909091
 0 2.151515151515151
 0 2.212121212121212
 0 2.272727272727272
 1 2.333333333333334
 8 2.393939393939394
 1 2.454545454545455
 1 2.515151515151516
 0 2.575757575757576
 0 2.636363636363637
 0 2.696969696969697
 0 2.757575757575758
 0 2.818181818181818
 0 2.878787878787879
 0 2.939393939393939
 0 3


