# Created by Octave 3.8.2, Mon Jun 22 16:42:57 2020 CEST <damian@fptrucha.inv.usc.es>
# name: hd
# type: matrix
# rows: 100
# columns: 2
 0 -3
 0 -2.939393939393939
 0 -2.878787878787879
 0 -2.818181818181818
 0 -2.757575757575758
 0 -2.696969696969697
 0 -2.636363636363636
 2 -2.575757575757576
 1 -2.515151515151515
 12 -2.454545454545455
 0 -2.393939393939394
 0 -2.333333333333333
 2 -2.272727272727272
 0 -2.212121212121212
 0 -2.151515151515151
 3 -2.090909090909091
 7 -2.03030303030303
 34 -1.96969696969697
 40 -1.909090909090909
 1 -1.848484848484848
 0 -1.787878787878788
 0 -1.727272727272727
 2 -1.666666666666667
 111 -1.606060606060606
 32 -1.545454545454545
 105 -1.484848484848485
 21 -1.424242424242424
 123 -1.363636363636364
 15 -1.303030303030303
 15 -1.242424242424242
 565 -1.181818181818182
 17 -1.121212121212121
 579 -1.060606060606061
 22 -1
 546 -0.9393939393939394
 18 -0.8787878787878789
 502 -0.8181818181818183
 941 -0.7575757575757573
 682 -0.6969696969696968
 990 -0.6363636363636362
 635 -0.5757575757575757
 942 -0.5151515151515151
 587 -0.4545454545454546
 924 -0.393939393939394
 4215 -0.333333333333333
 592 -0.2727272727272725
 2748 -0.2121212121212119
 21 -0.1515151515151514
 2721 -0.09090909090909083
 21 -0.03030303030303028
 2590 0.03030303030303028
 18 0.09090909090909083
 2379 0.1515151515151514
 1602 0.2121212121212124
 2406 0.2727272727272729
 1711 0.3333333333333335
 706 0.393939393939394
 937 0.4545454545454546
 678 0.5151515151515151
 847 0.5757575757575757
 651 0.6363636363636367
 835 0.6969696969696972
 549 0.7575757575757578
 11 0.8181818181818183
 586 0.8787878787878789
 21 0.9393939393939394
 547 1
 17 1.060606060606061
 518 1.121212121212121
 13 1.181818181818182
 39 1.242424242424242
 105 1.303030303030303
 30 1.363636363636363
 130 1.424242424242425
 31 1.484848484848485
 110 1.545454545454546
 1 1.606060606060606
 0 1.666666666666667
 0 1.727272727272728
 37 1.787878787878788
 2 1.848484848484849
 48 1.909090909090909
 6 1.96969696969697
 3 2.03030303030303
 0 2.090909090909091
 0 2.151515151515151
 3 2.212121212121212
 1 2.272727272727272
 5 2.333333333333334
 10 2.393939393939394
 0 2.454545454545455
 0 2.515151515151516
 0 2.575757575757576
 0 2.636363636363637
 0 2.696969696969697
 0 2.757575757575758
 0 2.818181818181818
 0 2.878787878787879
 0 2.939393939393939
 0 3


