# Created by Octave 3.8.2, Sat Jun 20 21:38:44 2020 CEST <damian@fptrucha.inv.usc.es>
# name: hd
# type: matrix
# rows: 100
# columns: 2
 0 -3
 0 -2.939393939393939
 0 -2.878787878787879
 0 -2.818181818181818
 0 -2.757575757575758
 0 -2.696969696969697
 0 -2.636363636363636
 4 -2.575757575757576
 0 -2.515151515151515
 4 -2.454545454545455
 0 -2.393939393939394
 1 -2.333333333333333
 0 -2.272727272727272
 0 -2.212121212121212
 0 -2.151515151515151
 1 -2.090909090909091
 1 -2.03030303030303
 22 -1.96969696969697
 18 -1.909090909090909
 0 -1.848484848484848
 1 -1.787878787878788
 0 -1.727272727272727
 3 -1.666666666666667
 89 -1.606060606060606
 19 -1.545454545454545
 83 -1.484848484848485
 21 -1.424242424242424
 80 -1.363636363636364
 20 -1.303030303030303
 9 -1.242424242424242
 524 -1.181818181818182
 14 -1.121212121212121
 471 -1.060606060606061
 14 -1
 456 -0.9393939393939394
 12 -0.8787878787878789
 406 -0.8181818181818183
 943 -0.7575757575757573
 616 -0.6969696969696968
 1015 -0.6363636363636362
 608 -0.5757575757575757
 815 -0.5151515151515151
 586 -0.4545454545454546
 854 -0.393939393939394
 4110 -0.333333333333333
 543 -0.2727272727272725
 2862 -0.2121212121212119
 14 -0.1515151515151514
 2584 -0.09090909090909083
 5 -0.03030303030303028
 2476 0.03030303030303028
 19 0.09090909090909083
 2168 0.1515151515151514
 1723 0.2121212121212124
 2199 0.2727272727272729
 1646 0.3333333333333335
 638 0.393939393939394
 884 0.4545454545454546
 661 0.5151515151515151
 804 0.5757575757575757
 602 0.6363636363636367
 731 0.6969696969696972
 562 0.7575757575757578
 10 0.8181818181818183
 540 0.8787878787878789
 9 0.9393939393939394
 516 1
 12 1.060606060606061
 498 1.121212121212121
 10 1.181818181818182
 30 1.242424242424242
 83 1.303030303030303
 19 1.363636363636363
 96 1.424242424242425
 28 1.484848484848485
 100 1.545454545454546
 3 1.606060606060606
 0 1.666666666666667
 0 1.727272727272728
 43 1.787878787878788
 3 1.848484848484849
 35 1.909090909090909
 7 1.96969696969697
 2 2.03030303030303
 0 2.090909090909091
 0 2.151515151515151
 2 2.212121212121212
 0 2.272727272727272
 0 2.333333333333334
 4 2.393939393939394
 2 2.454545454545455
 1 2.515151515151516
 0 2.575757575757576
 0 2.636363636363637
 0 2.696969696969697
 0 2.757575757575758
 0 2.818181818181818
 0 2.878787878787879
 0 2.939393939393939
 0 3


