# Created by Octave 3.8.2, Sun Jun 21 05:05:02 2020 CEST <damian@fptrucha.inv.usc.es>
# name: hd
# type: matrix
# rows: 100
# columns: 2
 0 -3
 0 -2.939393939393939
 0 -2.878787878787879
 0 -2.818181818181818
 0 -2.757575757575758
 0 -2.696969696969697
 0 -2.636363636363636
 3 -2.575757575757576
 0 -2.515151515151515
 4 -2.454545454545455
 0 -2.393939393939394
 0 -2.333333333333333
 0 -2.272727272727272
 0 -2.212121212121212
 0 -2.151515151515151
 1 -2.090909090909091
 6 -2.03030303030303
 23 -1.96969696969697
 19 -1.909090909090909
 2 -1.848484848484848
 0 -1.787878787878788
 0 -1.727272727272727
 6 -1.666666666666667
 79 -1.606060606060606
 24 -1.545454545454545
 100 -1.484848484848485
 23 -1.424242424242424
 105 -1.363636363636364
 28 -1.303030303030303
 17 -1.242424242424242
 566 -1.181818181818182
 17 -1.121212121212121
 498 -1.060606060606061
 5 -1
 471 -0.9393939393939394
 14 -0.8787878787878789
 442 -0.8181818181818183
 1022 -0.7575757575757573
 652 -0.6969696969696968
 1012 -0.6363636363636362
 667 -0.5757575757575757
 911 -0.5151515151515151
 577 -0.4545454545454546
 842 -0.393939393939394
 4190 -0.333333333333333
 496 -0.2727272727272725
 2864 -0.2121212121212119
 8 -0.1515151515151514
 2576 -0.09090909090909083
 13 -0.03030303030303028
 2509 0.03030303030303028
 13 0.09090909090909083
 2178 0.1515151515151514
 1651 0.2121212121212124
 2211 0.2727272727272729
 1619 0.3333333333333335
 635 0.393939393939394
 857 0.4545454545454546
 661 0.5151515151515151
 791 0.5757575757575757
 602 0.6363636363636367
 803 0.6969696969696972
 546 0.7575757575757578
 10 0.8181818181818183
 527 0.8787878787878789
 8 0.9393939393939394
 501 1
 11 1.060606060606061
 496 1.121212121212121
 12 1.181818181818182
 23 1.242424242424242
 99 1.303030303030303
 16 1.363636363636363
 91 1.424242424242425
 38 1.484848484848485
 90 1.545454545454546
 2 1.606060606060606
 0 1.666666666666667
 3 1.727272727272728
 29 1.787878787878788
 2 1.848484848484849
 36 1.909090909090909
 5 1.96969696969697
 2 2.03030303030303
 0 2.090909090909091
 0 2.151515151515151
 2 2.212121212121212
 0 2.272727272727272
 0 2.333333333333334
 7 2.393939393939394
 0 2.454545454545455
 1 2.515151515151516
 0 2.575757575757576
 0 2.636363636363637
 0 2.696969696969697
 0 2.757575757575758
 0 2.818181818181818
 0 2.878787878787879
 0 2.939393939393939
 0 3


