# Created by Octave 3.8.2, Sat Jun 20 16:57:06 2020 CEST <damian@fptrucha.inv.usc.es>
# name: hd
# type: matrix
# rows: 100
# columns: 2
 0 -3
 0 -2.939393939393939
 0 -2.878787878787879
 0 -2.818181818181818
 0 -2.757575757575758
 0 -2.696969696969697
 0 -2.636363636363636
 0 -2.575757575757576
 1 -2.515151515151515
 8 -2.454545454545455
 0 -2.393939393939394
 1 -2.333333333333333
 2 -2.272727272727272
 0 -2.212121212121212
 0 -2.151515151515151
 0 -2.090909090909091
 4 -2.03030303030303
 31 -1.96969696969697
 25 -1.909090909090909
 2 -1.848484848484848
 0 -1.787878787878788
 0 -1.727272727272727
 1 -1.666666666666667
 102 -1.606060606060606
 14 -1.545454545454545
 94 -1.484848484848485
 12 -1.424242424242424
 90 -1.363636363636364
 18 -1.303030303030303
 4 -1.242424242424242
 598 -1.181818181818182
 19 -1.121212121212121
 539 -1.060606060606061
 19 -1
 469 -0.9393939393939394
 12 -0.8787878787878789
 452 -0.8181818181818183
 985 -0.7575757575757573
 647 -0.6969696969696968
 1050 -0.6363636363636362
 663 -0.5757575757575757
 932 -0.5151515151515151
 590 -0.4545454545454546
 837 -0.393939393939394
 4195 -0.333333333333333
 550 -0.2727272727272725
 2889 -0.2121212121212119
 9 -0.1515151515151514
 2724 -0.09090909090909083
 6 -0.03030303030303028
 2546 0.03030303030303028
 15 0.09090909090909083
 2237 0.1515151515151514
 1745 0.2121212121212124
 2241 0.2727272727272729
 1686 0.3333333333333335
 609 0.393939393939394
 903 0.4545454545454546
 652 0.5151515151515151
 790 0.5757575757575757
 587 0.6363636363636367
 811 0.6969696969696972
 600 0.7575757575757578
 12 0.8181818181818183
 528 0.8787878787878789
 15 0.9393939393939394
 495 1
 14 1.060606060606061
 491 1.121212121212121
 12 1.181818181818182
 27 1.242424242424242
 116 1.303030303030303
 16 1.363636363636363
 109 1.424242424242425
 26 1.484848484848485
 80 1.545454545454546
 2 1.606060606060606
 0 1.666666666666667
 0 1.727272727272728
 30 1.787878787878788
 1 1.848484848484849
 36 1.909090909090909
 3 1.96969696969697
 2 2.03030303030303
 0 2.090909090909091
 0 2.151515151515151
 2 2.212121212121212
 0 2.272727272727272
 2 2.333333333333334
 5 2.393939393939394
 1 2.454545454545455
 1 2.515151515151516
 0 2.575757575757576
 0 2.636363636363637
 0 2.696969696969697
 0 2.757575757575758
 0 2.818181818181818
 0 2.878787878787879
 0 2.939393939393939
 0 3


