# Created by Octave 3.8.2, Sat Jun 20 02:21:56 2020 CEST <damian@fptrucha.inv.usc.es>
# name: hd
# type: matrix
# rows: 100
# columns: 2
 0 -3
 0 -2.939393939393939
 0 -2.878787878787879
 0 -2.818181818181818
 0 -2.757575757575758
 0 -2.696969696969697
 0 -2.636363636363636
 2 -2.575757575757576
 0 -2.515151515151515
 3 -2.454545454545455
 0 -2.393939393939394
 0 -2.333333333333333
 1 -2.272727272727272
 0 -2.212121212121212
 0 -2.151515151515151
 0 -2.090909090909091
 5 -2.03030303030303
 31 -1.96969696969697
 35 -1.909090909090909
 1 -1.848484848484848
 2 -1.787878787878788
 0 -1.727272727272727
 0 -1.666666666666667
 117 -1.606060606060606
 29 -1.545454545454545
 110 -1.484848484848485
 21 -1.424242424242424
 96 -1.363636363636364
 16 -1.303030303030303
 20 -1.242424242424242
 650 -1.181818181818182
 17 -1.121212121212121
 623 -1.060606060606061
 10 -1
 512 -0.9393939393939394
 13 -0.8787878787878789
 519 -0.8181818181818183
 1128 -0.7575757575757573
 764 -0.6969696969696968
 1135 -0.6363636363636362
 769 -0.5757575757575757
 957 -0.5151515151515151
 633 -0.4545454545454546
 962 -0.393939393939394
 4596 -0.333333333333333
 618 -0.2727272727272725
 3159 -0.2121212121212119
 7 -0.1515151515151514
 2837 -0.09090909090909083
 6 -0.03030303030303028
 2851 0.03030303030303028
 14 0.09090909090909083
 2405 0.1515151515151514
 1706 0.2121212121212124
 2378 0.2727272727272729
 1652 0.3333333333333335
 656 0.393939393939394
 891 0.4545454545454546
 689 0.5151515151515151
 865 0.5757575757575757
 586 0.6363636363636367
 760 0.6969696969696972
 545 0.7575757575757578
 7 0.8181818181818183
 528 0.8787878787878789
 9 0.9393939393939394
 487 1
 6 1.060606060606061
 446 1.121212121212121
 5 1.181818181818182
 28 1.242424242424242
 86 1.303030303030303
 21 1.363636363636363
 85 1.424242424242425
 21 1.484848484848485
 83 1.545454545454546
 2 1.606060606060606
 0 1.666666666666667
 0 1.727272727272728
 19 1.787878787878788
 1 1.848484848484849
 30 1.909090909090909
 0 1.96969696969697
 1 2.03030303030303
 0 2.090909090909091
 0 2.151515151515151
 0 2.212121212121212
 1 2.272727272727272
 1 2.333333333333334
 1 2.393939393939394
 0 2.454545454545455
 1 2.515151515151516
 0 2.575757575757576
 0 2.636363636363637
 0 2.696969696969697
 0 2.757575757575758
 0 2.818181818181818
 0 2.878787878787879
 0 2.939393939393939
 0 3


