# Created by Octave 3.8.2, Sat Jun 20 05:35:30 2020 CEST <damian@fptrucha.inv.usc.es>
# name: hd
# type: matrix
# rows: 100
# columns: 2
 0 -3
 0 -2.939393939393939
 0 -2.878787878787879
 0 -2.818181818181818
 0 -2.757575757575758
 0 -2.696969696969697
 0 -2.636363636363636
 0 -2.575757575757576
 1 -2.515151515151515
 7 -2.454545454545455
 0 -2.393939393939394
 0 -2.333333333333333
 1 -2.272727272727272
 0 -2.212121212121212
 0 -2.151515151515151
 0 -2.090909090909091
 6 -2.03030303030303
 20 -1.96969696969697
 27 -1.909090909090909
 1 -1.848484848484848
 0 -1.787878787878788
 0 -1.727272727272727
 2 -1.666666666666667
 124 -1.606060606060606
 25 -1.545454545454545
 100 -1.484848484848485
 24 -1.424242424242424
 98 -1.363636363636364
 28 -1.303030303030303
 11 -1.242424242424242
 688 -1.181818181818182
 17 -1.121212121212121
 643 -1.060606060606061
 19 -1
 559 -0.9393939393939394
 15 -0.8787878787878789
 498 -0.8181818181818183
 1173 -0.7575757575757573
 788 -0.6969696969696968
 1192 -0.6363636363636362
 760 -0.5757575757575757
 971 -0.5151515151515151
 681 -0.4545454545454546
 998 -0.393939393939394
 4657 -0.333333333333333
 637 -0.2727272727272725
 3224 -0.2121212121212119
 8 -0.1515151515151514
 3008 -0.09090909090909083
 9 -0.03030303030303028
 2780 0.03030303030303028
 11 0.09090909090909083
 2548 0.1515151515151514
 1901 0.2121212121212124
 2423 0.2727272727272729
 1728 0.3333333333333335
 673 0.393939393939394
 945 0.4545454545454546
 720 0.5151515151515151
 910 0.5757575757575757
 630 0.6363636363636367
 849 0.6969696969696972
 620 0.7575757575757578
 18 0.8181818181818183
 549 0.8787878787878789
 21 0.9393939393939394
 538 1
 15 1.060606060606061
 537 1.121212121212121
 15 1.181818181818182
 39 1.242424242424242
 105 1.303030303030303
 31 1.363636363636363
 92 1.424242424242425
 22 1.484848484848485
 101 1.545454545454546
 0 1.606060606060606
 0 1.666666666666667
 1 1.727272727272728
 27 1.787878787878788
 2 1.848484848484849
 28 1.909090909090909
 5 1.96969696969697
 0 2.03030303030303
 0 2.090909090909091
 0 2.151515151515151
 3 2.212121212121212
 1 2.272727272727272
 1 2.333333333333334
 10 2.393939393939394
 0 2.454545454545455
 0 2.515151515151516
 0 2.575757575757576
 0 2.636363636363637
 0 2.696969696969697
 0 2.757575757575758
 0 2.818181818181818
 0 2.878787878787879
 0 2.939393939393939
 0 3


