# Created by Octave 3.8.2, Sun Jun 21 06:15:29 2020 CEST <damian@fptrucha.inv.usc.es>
# name: hd
# type: matrix
# rows: 100
# columns: 2
 0 -3
 0 -2.939393939393939
 0 -2.878787878787879
 0 -2.818181818181818
 0 -2.757575757575758
 0 -2.696969696969697
 0 -2.636363636363636
 1 -2.575757575757576
 1 -2.515151515151515
 5 -2.454545454545455
 1 -2.393939393939394
 0 -2.333333333333333
 1 -2.272727272727272
 0 -2.212121212121212
 0 -2.151515151515151
 1 -2.090909090909091
 1 -2.03030303030303
 22 -1.96969696969697
 21 -1.909090909090909
 1 -1.848484848484848
 2 -1.787878787878788
 0 -1.727272727272727
 2 -1.666666666666667
 92 -1.606060606060606
 20 -1.545454545454545
 92 -1.484848484848485
 23 -1.424242424242424
 73 -1.363636363636364
 13 -1.303030303030303
 6 -1.242424242424242
 517 -1.181818181818182
 15 -1.121212121212121
 494 -1.060606060606061
 7 -1
 437 -0.9393939393939394
 9 -0.8787878787878789
 417 -0.8181818181818183
 970 -0.7575757575757573
 605 -0.6969696969696968
 1043 -0.6363636363636362
 603 -0.5757575757575757
 839 -0.5151515151515151
 572 -0.4545454545454546
 868 -0.393939393939394
 4227 -0.333333333333333
 513 -0.2727272727272725
 2805 -0.2121212121212119
 12 -0.1515151515151514
 2630 -0.09090909090909083
 8 -0.03030303030303028
 2479 0.03030303030303028
 10 0.09090909090909083
 2074 0.1515151515151514
 1737 0.2121212121212124
 2096 0.2727272727272729
 1596 0.3333333333333335
 594 0.393939393939394
 830 0.4545454545454546
 637 0.5151515151515151
 781 0.5757575757575757
 577 0.6363636363636367
 769 0.6969696969696972
 601 0.7575757575757578
 12 0.8181818181818183
 517 0.8787878787878789
 11 0.9393939393939394
 484 1
 6 1.060606060606061
 429 1.121212121212121
 11 1.181818181818182
 20 1.242424242424242
 89 1.303030303030303
 20 1.363636363636363
 93 1.424242424242425
 15 1.484848484848485
 87 1.545454545454546
 2 1.606060606060606
 0 1.666666666666667
 2 1.727272727272728
 31 1.787878787878788
 5 1.848484848484849
 30 1.909090909090909
 4 1.96969696969697
 2 2.03030303030303
 0 2.090909090909091
 0 2.151515151515151
 1 2.212121212121212
 1 2.272727272727272
 0 2.333333333333334
 3 2.393939393939394
 1 2.454545454545455
 0 2.515151515151516
 0 2.575757575757576
 0 2.636363636363637
 0 2.696969696969697
 0 2.757575757575758
 0 2.818181818181818
 0 2.878787878787879
 0 2.939393939393939
 0 3


