# Created by Octave 3.8.2, Sat Jun 20 11:58:27 2020 CEST <damian@fptrucha.inv.usc.es>
# name: hd
# type: matrix
# rows: 100
# columns: 2
 0 -3
 0 -2.939393939393939
 0 -2.878787878787879
 0 -2.818181818181818
 0 -2.757575757575758
 0 -2.696969696969697
 0 -2.636363636363636
 3 -2.575757575757576
 0 -2.515151515151515
 5 -2.454545454545455
 1 -2.393939393939394
 3 -2.333333333333333
 0 -2.272727272727272
 0 -2.212121212121212
 0 -2.151515151515151
 1 -2.090909090909091
 6 -2.03030303030303
 28 -1.96969696969697
 28 -1.909090909090909
 0 -1.848484848484848
 1 -1.787878787878788
 0 -1.727272727272727
 1 -1.666666666666667
 108 -1.606060606060606
 21 -1.545454545454545
 76 -1.484848484848485
 21 -1.424242424242424
 94 -1.363636363636364
 22 -1.303030303030303
 11 -1.242424242424242
 576 -1.181818181818182
 16 -1.121212121212121
 543 -1.060606060606061
 14 -1
 495 -0.9393939393939394
 11 -0.8787878787878789
 487 -0.8181818181818183
 1118 -0.7575757575757573
 768 -0.6969696969696968
 1152 -0.6363636363636362
 677 -0.5757575757575757
 960 -0.5151515151515151
 620 -0.4545454545454546
 880 -0.393939393939394
 4555 -0.333333333333333
 541 -0.2727272727272725
 3115 -0.2121212121212119
 10 -0.1515151515151514
 2897 -0.09090909090909083
 7 -0.03030303030303028
 2714 0.03030303030303028
 11 0.09090909090909083
 2355 0.1515151515151514
 1923 0.2121212121212124
 2385 0.2727272727272729
 1865 0.3333333333333335
 704 0.393939393939394
 1002 0.4545454545454546
 794 0.5151515151515151
 954 0.5757575757575757
 648 0.6363636363636367
 912 0.6969696969696972
 681 0.7575757575757578
 14 0.8181818181818183
 628 0.8787878787878789
 10 0.9393939393939394
 613 1
 16 1.060606060606061
 582 1.121212121212121
 14 1.181818181818182
 26 1.242424242424242
 114 1.303030303030303
 17 1.363636363636363
 124 1.424242424242425
 26 1.484848484848485
 114 1.545454545454546
 0 1.606060606060606
 0 1.666666666666667
 1 1.727272727272728
 45 1.787878787878788
 1 1.848484848484849
 29 1.909090909090909
 3 1.96969696969697
 0 2.03030303030303
 0 2.090909090909091
 0 2.151515151515151
 0 2.212121212121212
 1 2.272727272727272
 0 2.333333333333334
 4 2.393939393939394
 0 2.454545454545455
 2 2.515151515151516
 0 2.575757575757576
 0 2.636363636363637
 0 2.696969696969697
 0 2.757575757575758
 0 2.818181818181818
 0 2.878787878787879
 0 2.939393939393939
 0 3


