# Created by Octave 3.8.2, Mon Jun 22 11:09:15 2020 CEST <damian@fptrucha.inv.usc.es>
# name: hd
# type: matrix
# rows: 100
# columns: 2
 0 -3
 0 -2.939393939393939
 0 -2.878787878787879
 0 -2.818181818181818
 0 -2.757575757575758
 0 -2.696969696969697
 0 -2.636363636363636
 6 -2.575757575757576
 0 -2.515151515151515
 5 -2.454545454545455
 0 -2.393939393939394
 1 -2.333333333333333
 2 -2.272727272727272
 0 -2.212121212121212
 0 -2.151515151515151
 3 -2.090909090909091
 5 -2.03030303030303
 33 -1.96969696969697
 38 -1.909090909090909
 3 -1.848484848484848
 4 -1.787878787878788
 0 -1.727272727272727
 3 -1.666666666666667
 113 -1.606060606060606
 32 -1.545454545454545
 109 -1.484848484848485
 26 -1.424242424242424
 110 -1.363636363636364
 18 -1.303030303030303
 17 -1.242424242424242
 539 -1.181818181818182
 13 -1.121212121212121
 540 -1.060606060606061
 26 -1
 484 -0.9393939393939394
 27 -0.8787878787878789
 506 -0.8181818181818183
 901 -0.7575757575757573
 625 -0.6969696969696968
 956 -0.6363636363636362
 607 -0.5757575757575757
 853 -0.5151515151515151
 582 -0.4545454545454546
 865 -0.393939393939394
 3920 -0.333333333333333
 573 -0.2727272727272725
 2549 -0.2121212121212119
 19 -0.1515151515151514
 2645 -0.09090909090909083
 18 -0.03030303030303028
 2580 0.03030303030303028
 18 0.09090909090909083
 2227 0.1515151515151514
 1516 0.2121212121212124
 2322 0.2727272727272729
 1646 0.3333333333333335
 646 0.393939393939394
 899 0.4545454545454546
 674 0.5151515151515151
 832 0.5757575757575757
 630 0.6363636363636367
 867 0.6969696969696972
 566 0.7575757575757578
 15 0.8181818181818183
 557 0.8787878787878789
 17 0.9393939393939394
 514 1
 18 1.060606060606061
 527 1.121212121212121
 8 1.181818181818182
 31 1.242424242424242
 124 1.303030303030303
 18 1.363636363636363
 116 1.424242424242425
 32 1.484848484848485
 81 1.545454545454546
 2 1.606060606060606
 0 1.666666666666667
 1 1.727272727272728
 44 1.787878787878788
 1 1.848484848484849
 43 1.909090909090909
 6 1.96969696969697
 2 2.03030303030303
 0 2.090909090909091
 0 2.151515151515151
 2 2.212121212121212
 0 2.272727272727272
 2 2.333333333333334
 10 2.393939393939394
 0 2.454545454545455
 1 2.515151515151516
 0 2.575757575757576
 0 2.636363636363637
 0 2.696969696969697
 0 2.757575757575758
 0 2.818181818181818
 0 2.878787878787879
 0 2.939393939393939
 0 3


