# Created by Octave 3.8.2, Sun Jun 21 00:54:04 2020 CEST <damian@fptrucha.inv.usc.es>
# name: hd
# type: matrix
# rows: 100
# columns: 2
 0 -3
 0 -2.939393939393939
 0 -2.878787878787879
 0 -2.818181818181818
 0 -2.757575757575758
 0 -2.696969696969697
 0 -2.636363636363636
 0 -2.575757575757576
 0 -2.515151515151515
 3 -2.454545454545455
 0 -2.393939393939394
 1 -2.333333333333333
 2 -2.272727272727272
 0 -2.212121212121212
 0 -2.151515151515151
 0 -2.090909090909091
 2 -2.03030303030303
 27 -1.96969696969697
 27 -1.909090909090909
 2 -1.848484848484848
 2 -1.787878787878788
 0 -1.727272727272727
 3 -1.666666666666667
 95 -1.606060606060606
 21 -1.545454545454545
 84 -1.484848484848485
 22 -1.424242424242424
 80 -1.363636363636364
 20 -1.303030303030303
 15 -1.242424242424242
 523 -1.181818181818182
 11 -1.121212121212121
 511 -1.060606060606061
 10 -1
 428 -0.9393939393939394
 17 -0.8787878787878789
 403 -0.8181818181818183
 951 -0.7575757575757573
 651 -0.6969696969696968
 980 -0.6363636363636362
 596 -0.5757575757575757
 881 -0.5151515151515151
 536 -0.4545454545454546
 787 -0.393939393939394
 4008 -0.333333333333333
 500 -0.2727272727272725
 2885 -0.2121212121212119
 8 -0.1515151515151514
 2678 -0.09090909090909083
 10 -0.03030303030303028
 2479 0.03030303030303028
 17 0.09090909090909083
 2098 0.1515151515151514
 1651 0.2121212121212124
 2207 0.2727272727272729
 1599 0.3333333333333335
 636 0.393939393939394
 849 0.4545454545454546
 617 0.5151515151515151
 787 0.5757575757575757
 565 0.6363636363636367
 801 0.6969696969696972
 556 0.7575757575757578
 7 0.8181818181818183
 512 0.8787878787878789
 7 0.9393939393939394
 485 1
 14 1.060606060606061
 503 1.121212121212121
 13 1.181818181818182
 28 1.242424242424242
 95 1.303030303030303
 23 1.363636363636363
 85 1.424242424242425
 24 1.484848484848485
 92 1.545454545454546
 1 1.606060606060606
 0 1.666666666666667
 4 1.727272727272728
 34 1.787878787878788
 0 1.848484848484849
 27 1.909090909090909
 3 1.96969696969697
 0 2.03030303030303
 0 2.090909090909091
 0 2.151515151515151
 1 2.212121212121212
 0 2.272727272727272
 0 2.333333333333334
 7 2.393939393939394
 0 2.454545454545455
 0 2.515151515151516
 0 2.575757575757576
 0 2.636363636363637
 0 2.696969696969697
 0 2.757575757575758
 0 2.818181818181818
 0 2.878787878787879
 0 2.939393939393939
 0 3


