# Created by Octave 3.8.2, Mon Jun 22 14:25:43 2020 CEST <damian@fptrucha.inv.usc.es>
# name: hd
# type: matrix
# rows: 100
# columns: 2
 0 -3
 0 -2.939393939393939
 0 -2.878787878787879
 0 -2.818181818181818
 0 -2.757575757575758
 0 -2.696969696969697
 0 -2.636363636363636
 1 -2.575757575757576
 0 -2.515151515151515
 7 -2.454545454545455
 1 -2.393939393939394
 0 -2.333333333333333
 2 -2.272727272727272
 0 -2.212121212121212
 0 -2.151515151515151
 4 -2.090909090909091
 5 -2.03030303030303
 20 -1.96969696969697
 42 -1.909090909090909
 0 -1.848484848484848
 0 -1.787878787878788
 0 -1.727272727272727
 2 -1.666666666666667
 104 -1.606060606060606
 35 -1.545454545454545
 98 -1.484848484848485
 24 -1.424242424242424
 108 -1.363636363636364
 27 -1.303030303030303
 17 -1.242424242424242
 545 -1.181818181818182
 12 -1.121212121212121
 548 -1.060606060606061
 12 -1
 520 -0.9393939393939394
 25 -0.8787878787878789
 532 -0.8181818181818183
 881 -0.7575757575757573
 656 -0.6969696969696968
 944 -0.6363636363636362
 638 -0.5757575757575757
 872 -0.5151515151515151
 636 -0.4545454545454546
 891 -0.393939393939394
 4106 -0.333333333333333
 557 -0.2727272727272725
 2641 -0.2121212121212119
 15 -0.1515151515151514
 2652 -0.09090909090909083
 19 -0.03030303030303028
 2606 0.03030303030303028
 25 0.09090909090909083
 2318 0.1515151515151514
 1544 0.2121212121212124
 2356 0.2727272727272729
 1609 0.3333333333333335
 658 0.393939393939394
 964 0.4545454545454546
 655 0.5151515151515151
 830 0.5757575757575757
 639 0.6363636363636367
 854 0.6969696969696972
 551 0.7575757575757578
 13 0.8181818181818183
 594 0.8787878787878789
 9 0.9393939393939394
 617 1
 17 1.060606060606061
 535 1.121212121212121
 15 1.181818181818182
 31 1.242424242424242
 121 1.303030303030303
 31 1.363636363636363
 113 1.424242424242425
 40 1.484848484848485
 114 1.545454545454546
 2 1.606060606060606
 0 1.666666666666667
 1 1.727272727272728
 29 1.787878787878788
 2 1.848484848484849
 37 1.909090909090909
 3 1.96969696969697
 2 2.03030303030303
 0 2.090909090909091
 0 2.151515151515151
 3 2.212121212121212
 1 2.272727272727272
 2 2.333333333333334
 10 2.393939393939394
 1 2.454545454545455
 2 2.515151515151516
 0 2.575757575757576
 0 2.636363636363637
 0 2.696969696969697
 0 2.757575757575758
 0 2.818181818181818
 0 2.878787878787879
 0 2.939393939393939
 0 3


