# Created by Octave 3.8.2, Sun Jun 21 06:47:37 2020 CEST <damian@fptrucha.inv.usc.es>
# name: hd
# type: matrix
# rows: 100
# columns: 2
 0 -3
 0 -2.939393939393939
 0 -2.878787878787879
 0 -2.818181818181818
 0 -2.757575757575758
 0 -2.696969696969697
 0 -2.636363636363636
 2 -2.575757575757576
 0 -2.515151515151515
 5 -2.454545454545455
 0 -2.393939393939394
 0 -2.333333333333333
 1 -2.272727272727272
 0 -2.212121212121212
 0 -2.151515151515151
 1 -2.090909090909091
 4 -2.03030303030303
 26 -1.96969696969697
 13 -1.909090909090909
 0 -1.848484848484848
 1 -1.787878787878788
 0 -1.727272727272727
 1 -1.666666666666667
 100 -1.606060606060606
 20 -1.545454545454545
 94 -1.484848484848485
 18 -1.424242424242424
 71 -1.363636363636364
 15 -1.303030303030303
 9 -1.242424242424242
 512 -1.181818181818182
 17 -1.121212121212121
 475 -1.060606060606061
 8 -1
 417 -0.9393939393939394
 19 -0.8787878787878789
 434 -0.8181818181818183
 994 -0.7575757575757573
 664 -0.6969696969696968
 1010 -0.6363636363636362
 622 -0.5757575757575757
 826 -0.5151515151515151
 523 -0.4545454545454546
 785 -0.393939393939394
 4144 -0.333333333333333
 528 -0.2727272727272725
 2745 -0.2121212121212119
 7 -0.1515151515151514
 2636 -0.09090909090909083
 11 -0.03030303030303028
 2569 0.03030303030303028
 10 0.09090909090909083
 2221 0.1515151515151514
 1672 0.2121212121212124
 2199 0.2727272727272729
 1654 0.3333333333333335
 630 0.393939393939394
 814 0.4545454545454546
 700 0.5151515151515151
 763 0.5757575757575757
 591 0.6363636363636367
 751 0.6969696969696972
 491 0.7575757575757578
 11 0.8181818181818183
 509 0.8787878787878789
 24 0.9393939393939394
 524 1
 10 1.060606060606061
 461 1.121212121212121
 14 1.181818181818182
 28 1.242424242424242
 103 1.303030303030303
 19 1.363636363636363
 82 1.424242424242425
 23 1.484848484848485
 80 1.545454545454546
 0 1.606060606060606
 0 1.666666666666667
 0 1.727272727272728
 27 1.787878787878788
 5 1.848484848484849
 21 1.909090909090909
 1 1.96969696969697
 0 2.03030303030303
 0 2.090909090909091
 0 2.151515151515151
 0 2.212121212121212
 0 2.272727272727272
 0 2.333333333333334
 7 2.393939393939394
 0 2.454545454545455
 0 2.515151515151516
 0 2.575757575757576
 0 2.636363636363637
 0 2.696969696969697
 0 2.757575757575758
 0 2.818181818181818
 0 2.878787878787879
 0 2.939393939393939
 0 3


