# Created by Octave 3.8.2, Mon Jun 22 00:48:09 2020 CEST <damian@fptrucha.inv.usc.es>
# name: hd
# type: matrix
# rows: 100
# columns: 2
 0 -3
 0 -2.939393939393939
 0 -2.878787878787879
 0 -2.818181818181818
 0 -2.757575757575758
 0 -2.696969696969697
 0 -2.636363636363636
 1 -2.575757575757576
 0 -2.515151515151515
 4 -2.454545454545455
 1 -2.393939393939394
 0 -2.333333333333333
 1 -2.272727272727272
 0 -2.212121212121212
 0 -2.151515151515151
 2 -2.090909090909091
 2 -2.03030303030303
 21 -1.96969696969697
 19 -1.909090909090909
 0 -1.848484848484848
 0 -1.787878787878788
 0 -1.727272727272727
 0 -1.666666666666667
 76 -1.606060606060606
 20 -1.545454545454545
 103 -1.484848484848485
 30 -1.424242424242424
 80 -1.363636363636364
 24 -1.303030303030303
 18 -1.242424242424242
 509 -1.181818181818182
 11 -1.121212121212121
 471 -1.060606060606061
 5 -1
 446 -0.9393939393939394
 15 -0.8787878787878789
 425 -0.8181818181818183
 959 -0.7575757575757573
 693 -0.6969696969696968
 1036 -0.6363636363636362
 595 -0.5757575757575757
 868 -0.5151515151515151
 562 -0.4545454545454546
 765 -0.393939393939394
 4027 -0.333333333333333
 491 -0.2727272727272725
 2813 -0.2121212121212119
 3 -0.1515151515151514
 2588 -0.09090909090909083
 8 -0.03030303030303028
 2544 0.03030303030303028
 9 0.09090909090909083
 2169 0.1515151515151514
 1740 0.2121212121212124
 2187 0.2727272727272729
 1625 0.3333333333333335
 628 0.393939393939394
 912 0.4545454545454546
 619 0.5151515151515151
 845 0.5757575757575757
 561 0.6363636363636367
 814 0.6969696969696972
 629 0.7575757575757578
 5 0.8181818181818183
 541 0.8787878787878789
 15 0.9393939393939394
 479 1
 18 1.060606060606061
 497 1.121212121212121
 8 1.181818181818182
 19 1.242424242424242
 113 1.303030303030303
 26 1.363636363636363
 68 1.424242424242425
 22 1.484848484848485
 68 1.545454545454546
 4 1.606060606060606
 0 1.666666666666667
 1 1.727272727272728
 30 1.787878787878788
 2 1.848484848484849
 21 1.909090909090909
 4 1.96969696969697
 0 2.03030303030303
 0 2.090909090909091
 0 2.151515151515151
 3 2.212121212121212
 0 2.272727272727272
 0 2.333333333333334
 3 2.393939393939394
 0 2.454545454545455
 1 2.515151515151516
 0 2.575757575757576
 0 2.636363636363637
 0 2.696969696969697
 0 2.757575757575758
 0 2.818181818181818
 0 2.878787878787879
 0 2.939393939393939
 0 3


