# Created by Octave 3.8.2, Sun Jun 21 07:19:06 2020 CEST <damian@fptrucha.inv.usc.es>
# name: hd
# type: matrix
# rows: 100
# columns: 2
 0 -3
 0 -2.939393939393939
 0 -2.878787878787879
 0 -2.818181818181818
 0 -2.757575757575758
 0 -2.696969696969697
 0 -2.636363636363636
 0 -2.575757575757576
 1 -2.515151515151515
 2 -2.454545454545455
 1 -2.393939393939394
 0 -2.333333333333333
 0 -2.272727272727272
 0 -2.212121212121212
 0 -2.151515151515151
 0 -2.090909090909091
 5 -2.03030303030303
 19 -1.96969696969697
 27 -1.909090909090909
 1 -1.848484848484848
 1 -1.787878787878788
 0 -1.727272727272727
 1 -1.666666666666667
 80 -1.606060606060606
 23 -1.545454545454545
 100 -1.484848484848485
 25 -1.424242424242424
 83 -1.363636363636364
 20 -1.303030303030303
 19 -1.242424242424242
 535 -1.181818181818182
 10 -1.121212121212121
 516 -1.060606060606061
 9 -1
 449 -0.9393939393939394
 10 -0.8787878787878789
 428 -0.8181818181818183
 966 -0.7575757575757573
 681 -0.6969696969696968
 1018 -0.6363636363636362
 709 -0.5757575757575757
 925 -0.5151515151515151
 587 -0.4545454545454546
 798 -0.393939393939394
 4160 -0.333333333333333
 540 -0.2727272727272725
 2851 -0.2121212121212119
 9 -0.1515151515151514
 2675 -0.09090909090909083
 8 -0.03030303030303028
 2477 0.03030303030303028
 11 0.09090909090909083
 2174 0.1515151515151514
 1720 0.2121212121212124
 2203 0.2727272727272729
 1699 0.3333333333333335
 642 0.393939393939394
 866 0.4545454545454546
 651 0.5151515151515151
 748 0.5757575757575757
 544 0.6363636363636367
 789 0.6969696969696972
 563 0.7575757575757578
 2 0.8181818181818183
 514 0.8787878787878789
 13 0.9393939393939394
 452 1
 7 1.060606060606061
 463 1.121212121212121
 15 1.181818181818182
 30 1.242424242424242
 81 1.303030303030303
 21 1.363636363636363
 84 1.424242424242425
 26 1.484848484848485
 83 1.545454545454546
 2 1.606060606060606
 0 1.666666666666667
 0 1.727272727272728
 34 1.787878787878788
 2 1.848484848484849
 29 1.909090909090909
 2 1.96969696969697
 3 2.03030303030303
 0 2.090909090909091
 0 2.151515151515151
 1 2.212121212121212
 0 2.272727272727272
 1 2.333333333333334
 6 2.393939393939394
 0 2.454545454545455
 0 2.515151515151516
 0 2.575757575757576
 0 2.636363636363637
 0 2.696969696969697
 0 2.757575757575758
 0 2.818181818181818
 0 2.878787878787879
 0 2.939393939393939
 0 3


