# Created by Octave 3.8.2, Sat Jun 20 07:46:30 2020 CEST <damian@fptrucha.inv.usc.es>
# name: hd
# type: matrix
# rows: 100
# columns: 2
 0 -3
 0 -2.939393939393939
 0 -2.878787878787879
 0 -2.818181818181818
 0 -2.757575757575758
 0 -2.696969696969697
 0 -2.636363636363636
 1 -2.575757575757576
 0 -2.515151515151515
 7 -2.454545454545455
 0 -2.393939393939394
 3 -2.333333333333333
 1 -2.272727272727272
 0 -2.212121212121212
 0 -2.151515151515151
 1 -2.090909090909091
 5 -2.03030303030303
 33 -1.96969696969697
 47 -1.909090909090909
 1 -1.848484848484848
 1 -1.787878787878788
 0 -1.727272727272727
 3 -1.666666666666667
 147 -1.606060606060606
 36 -1.545454545454545
 127 -1.484848484848485
 30 -1.424242424242424
 115 -1.363636363636364
 22 -1.303030303030303
 10 -1.242424242424242
 700 -1.181818181818182
 18 -1.121212121212121
 606 -1.060606060606061
 17 -1
 565 -0.9393939393939394
 18 -0.8787878787878789
 574 -0.8181818181818183
 1217 -0.7575757575757573
 796 -0.6969696969696968
 1199 -0.6363636363636362
 783 -0.5757575757575757
 1092 -0.5151515151515151
 661 -0.4545454545454546
 1034 -0.393939393939394
 4928 -0.333333333333333
 610 -0.2727272727272725
 3197 -0.2121212121212119
 13 -0.1515151515151514
 3030 -0.09090909090909083
 8 -0.03030303030303028
 2857 0.03030303030303028
 12 0.09090909090909083
 2474 0.1515151515151514
 1983 0.2121212121212124
 2492 0.2727272727272729
 1821 0.3333333333333335
 681 0.393939393939394
 978 0.4545454545454546
 726 0.5151515151515151
 924 0.5757575757575757
 670 0.6363636363636367
 870 0.6969696969696972
 625 0.7575757575757578
 15 0.8181818181818183
 572 0.8787878787878789
 10 0.9393939393939394
 513 1
 19 1.060606060606061
 536 1.121212121212121
 11 1.181818181818182
 34 1.242424242424242
 112 1.303030303030303
 29 1.363636363636363
 88 1.424242424242425
 22 1.484848484848485
 82 1.545454545454546
 2 1.606060606060606
 0 1.666666666666667
 0 1.727272727272728
 24 1.787878787878788
 3 1.848484848484849
 23 1.909090909090909
 4 1.96969696969697
 1 2.03030303030303
 0 2.090909090909091
 0 2.151515151515151
 2 2.212121212121212
 1 2.272727272727272
 1 2.333333333333334
 8 2.393939393939394
 1 2.454545454545455
 1 2.515151515151516
 0 2.575757575757576
 0 2.636363636363637
 0 2.696969696969697
 0 2.757575757575758
 0 2.818181818181818
 0 2.878787878787879
 0 2.939393939393939
 0 3


