# Created by Octave 3.8.2, Sat Jun 20 07:28:50 2020 CEST <damian@fptrucha.inv.usc.es>
# name: hd
# type: matrix
# rows: 100
# columns: 2
 0 -3
 0 -2.939393939393939
 0 -2.878787878787879
 0 -2.818181818181818
 0 -2.757575757575758
 0 -2.696969696969697
 0 -2.636363636363636
 1 -2.575757575757576
 2 -2.515151515151515
 4 -2.454545454545455
 0 -2.393939393939394
 2 -2.333333333333333
 3 -2.272727272727272
 0 -2.212121212121212
 0 -2.151515151515151
 0 -2.090909090909091
 5 -2.03030303030303
 31 -1.96969696969697
 28 -1.909090909090909
 1 -1.848484848484848
 2 -1.787878787878788
 0 -1.727272727272727
 1 -1.666666666666667
 118 -1.606060606060606
 27 -1.545454545454545
 123 -1.484848484848485
 24 -1.424242424242424
 121 -1.363636363636364
 24 -1.303030303030303
 27 -1.242424242424242
 681 -1.181818181818182
 17 -1.121212121212121
 601 -1.060606060606061
 14 -1
 540 -0.9393939393939394
 11 -0.8787878787878789
 537 -0.8181818181818183
 1194 -0.7575757575757573
 759 -0.6969696969696968
 1225 -0.6363636363636362
 784 -0.5757575757575757
 996 -0.5151515151515151
 729 -0.4545454545454546
 1013 -0.393939393939394
 4905 -0.333333333333333
 628 -0.2727272727272725
 3189 -0.2121212121212119
 16 -0.1515151515151514
 3035 -0.09090909090909083
 9 -0.03030303030303028
 2865 0.03030303030303028
 11 0.09090909090909083
 2590 0.1515151515151514
 1876 0.2121212121212124
 2425 0.2727272727272729
 1792 0.3333333333333335
 647 0.393939393939394
 1024 0.4545454545454546
 724 0.5151515151515151
 868 0.5757575757575757
 636 0.6363636363636367
 873 0.6969696969696972
 588 0.7575757575757578
 7 0.8181818181818183
 590 0.8787878787878789
 12 0.9393939393939394
 587 1
 12 1.060606060606061
 519 1.121212121212121
 6 1.181818181818182
 22 1.242424242424242
 105 1.303030303030303
 19 1.363636363636363
 106 1.424242424242425
 26 1.484848484848485
 103 1.545454545454546
 1 1.606060606060606
 0 1.666666666666667
 1 1.727272727272728
 26 1.787878787878788
 5 1.848484848484849
 30 1.909090909090909
 2 1.96969696969697
 2 2.03030303030303
 0 2.090909090909091
 0 2.151515151515151
 2 2.212121212121212
 0 2.272727272727272
 0 2.333333333333334
 7 2.393939393939394
 0 2.454545454545455
 1 2.515151515151516
 0 2.575757575757576
 0 2.636363636363637
 0 2.696969696969697
 0 2.757575757575758
 0 2.818181818181818
 0 2.878787878787879
 0 2.939393939393939
 0 3


