# Created by Octave 3.8.2, Mon Jun 22 07:28:23 2020 CEST <damian@fptrucha.inv.usc.es>
# name: hd
# type: matrix
# rows: 100
# columns: 2
 0 -3
 0 -2.939393939393939
 0 -2.878787878787879
 0 -2.818181818181818
 0 -2.757575757575758
 0 -2.696969696969697
 0 -2.636363636363636
 1 -2.575757575757576
 0 -2.515151515151515
 7 -2.454545454545455
 0 -2.393939393939394
 2 -2.333333333333333
 0 -2.272727272727272
 0 -2.212121212121212
 0 -2.151515151515151
 2 -2.090909090909091
 2 -2.03030303030303
 27 -1.96969696969697
 41 -1.909090909090909
 1 -1.848484848484848
 2 -1.787878787878788
 0 -1.727272727272727
 1 -1.666666666666667
 87 -1.606060606060606
 24 -1.545454545454545
 101 -1.484848484848485
 20 -1.424242424242424
 114 -1.363636363636364
 22 -1.303030303030303
 12 -1.242424242424242
 495 -1.181818181818182
 10 -1.121212121212121
 499 -1.060606060606061
 16 -1
 557 -0.9393939393939394
 16 -0.8787878787878789
 497 -0.8181818181818183
 802 -0.7575757575757573
 599 -0.6969696969696968
 895 -0.6363636363636362
 618 -0.5757575757575757
 819 -0.5151515151515151
 571 -0.4545454545454546
 850 -0.393939393939394
 3791 -0.333333333333333
 541 -0.2727272727272725
 2412 -0.2121212121212119
 10 -0.1515151515151514
 2489 -0.09090909090909083
 17 -0.03030303030303028
 2563 0.03030303030303028
 25 0.09090909090909083
 2256 0.1515151515151514
 1533 0.2121212121212124
 2232 0.2727272727272729
 1569 0.3333333333333335
 706 0.393939393939394
 918 0.4545454545454546
 679 0.5151515151515151
 732 0.5757575757575757
 635 0.6363636363636367
 802 0.6969696969696972
 553 0.7575757575757578
 13 0.8181818181818183
 521 0.8787878787878789
 28 0.9393939393939394
 540 1
 24 1.060606060606061
 549 1.121212121212121
 13 1.181818181818182
 27 1.242424242424242
 110 1.303030303030303
 21 1.363636363636363
 89 1.424242424242425
 24 1.484848484848485
 105 1.545454545454546
 4 1.606060606060606
 0 1.666666666666667
 3 1.727272727272728
 39 1.787878787878788
 3 1.848484848484849
 34 1.909090909090909
 7 1.96969696969697
 1 2.03030303030303
 0 2.090909090909091
 0 2.151515151515151
 1 2.212121212121212
 0 2.272727272727272
 0 2.333333333333334
 6 2.393939393939394
 0 2.454545454545455
 1 2.515151515151516
 0 2.575757575757576
 0 2.636363636363637
 0 2.696969696969697
 0 2.757575757575758
 0 2.818181818181818
 0 2.878787878787879
 0 2.939393939393939
 0 3


