# Created by Octave 3.8.2, Mon Jun 22 22:45:52 2020 CEST <damian@fptrucha.inv.usc.es>
# name: hd
# type: matrix
# rows: 100
# columns: 2
 0 -3
 0 -2.939393939393939
 0 -2.878787878787879
 0 -2.818181818181818
 0 -2.757575757575758
 0 -2.696969696969697
 0 -2.636363636363636
 0 -2.575757575757576
 0 -2.515151515151515
 4 -2.454545454545455
 0 -2.393939393939394
 0 -2.333333333333333
 3 -2.272727272727272
 0 -2.212121212121212
 0 -2.151515151515151
 1 -2.090909090909091
 7 -2.03030303030303
 37 -1.96969696969697
 35 -1.909090909090909
 1 -1.848484848484848
 5 -1.787878787878788
 0 -1.727272727272727
 0 -1.666666666666667
 109 -1.606060606060606
 29 -1.545454545454545
 116 -1.484848484848485
 28 -1.424242424242424
 119 -1.363636363636364
 23 -1.303030303030303
 9 -1.242424242424242
 591 -1.181818181818182
 15 -1.121212121212121
 598 -1.060606060606061
 15 -1
 570 -0.9393939393939394
 10 -0.8787878787878789
 528 -0.8181818181818183
 997 -0.7575757575757573
 683 -0.6969696969696968
 1098 -0.6363636363636362
 726 -0.5757575757575757
 945 -0.5151515151515151
 685 -0.4545454545454546
 979 -0.393939393939394
 4397 -0.333333333333333
 678 -0.2727272727272725
 2879 -0.2121212121212119
 11 -0.1515151515151514
 2832 -0.09090909090909083
 13 -0.03030303030303028
 2592 0.03030303030303028
 14 0.09090909090909083
 2512 0.1515151515151514
 1682 0.2121212121212124
 2455 0.2727272727272729
 1678 0.3333333333333335
 671 0.393939393939394
 951 0.4545454545454546
 681 0.5151515151515151
 935 0.5757575757575757
 672 0.6363636363636367
 871 0.6969696969696972
 570 0.7575757575757578
 16 0.8181818181818183
 590 0.8787878787878789
 15 0.9393939393939394
 567 1
 13 1.060606060606061
 558 1.121212121212121
 13 1.181818181818182
 38 1.242424242424242
 111 1.303030303030303
 41 1.363636363636363
 118 1.424242424242425
 32 1.484848484848485
 94 1.545454545454546
 2 1.606060606060606
 0 1.666666666666667
 0 1.727272727272728
 36 1.787878787878788
 4 1.848484848484849
 29 1.909090909090909
 5 1.96969696969697
 3 2.03030303030303
 0 2.090909090909091
 0 2.151515151515151
 2 2.212121212121212
 1 2.272727272727272
 0 2.333333333333334
 10 2.393939393939394
 1 2.454545454545455
 2 2.515151515151516
 0 2.575757575757576
 0 2.636363636363637
 0 2.696969696969697
 0 2.757575757575758
 0 2.818181818181818
 0 2.878787878787879
 0 2.939393939393939
 0 3


