# Created by Octave 3.8.2, Sat Jun 20 18:39:52 2020 CEST <damian@fptrucha.inv.usc.es>
# name: hd
# type: matrix
# rows: 100
# columns: 2
 0 -3
 0 -2.939393939393939
 0 -2.878787878787879
 0 -2.818181818181818
 0 -2.757575757575758
 0 -2.696969696969697
 0 -2.636363636363636
 1 -2.575757575757576
 0 -2.515151515151515
 6 -2.454545454545455
 1 -2.393939393939394
 0 -2.333333333333333
 0 -2.272727272727272
 0 -2.212121212121212
 0 -2.151515151515151
 1 -2.090909090909091
 3 -2.03030303030303
 24 -1.96969696969697
 15 -1.909090909090909
 1 -1.848484848484848
 0 -1.787878787878788
 0 -1.727272727272727
 2 -1.666666666666667
 105 -1.606060606060606
 23 -1.545454545454545
 79 -1.484848484848485
 22 -1.424242424242424
 95 -1.363636363636364
 16 -1.303030303030303
 12 -1.242424242424242
 529 -1.181818181818182
 11 -1.121212121212121
 495 -1.060606060606061
 5 -1
 436 -0.9393939393939394
 12 -0.8787878787878789
 427 -0.8181818181818183
 996 -0.7575757575757573
 593 -0.6969696969696968
 1051 -0.6363636363636362
 608 -0.5757575757575757
 875 -0.5151515151515151
 583 -0.4545454545454546
 780 -0.393939393939394
 4159 -0.333333333333333
 535 -0.2727272727272725
 2838 -0.2121212121212119
 6 -0.1515151515151514
 2642 -0.09090909090909083
 6 -0.03030303030303028
 2571 0.03030303030303028
 12 0.09090909090909083
 2224 0.1515151515151514
 1830 0.2121212121212124
 2272 0.2727272727272729
 1707 0.3333333333333335
 627 0.393939393939394
 884 0.4545454545454546
 680 0.5151515151515151
 768 0.5757575757575757
 607 0.6363636363636367
 737 0.6969696969696972
 569 0.7575757575757578
 13 0.8181818181818183
 536 0.8787878787878789
 10 0.9393939393939394
 561 1
 8 1.060606060606061
 507 1.121212121212121
 11 1.181818181818182
 23 1.242424242424242
 97 1.303030303030303
 23 1.363636363636363
 97 1.424242424242425
 29 1.484848484848485
 90 1.545454545454546
 1 1.606060606060606
 0 1.666666666666667
 2 1.727272727272728
 21 1.787878787878788
 2 1.848484848484849
 23 1.909090909090909
 5 1.96969696969697
 0 2.03030303030303
 0 2.090909090909091
 0 2.151515151515151
 2 2.212121212121212
 1 2.272727272727272
 1 2.333333333333334
 4 2.393939393939394
 1 2.454545454545455
 0 2.515151515151516
 0 2.575757575757576
 0 2.636363636363637
 0 2.696969696969697
 0 2.757575757575758
 0 2.818181818181818
 0 2.878787878787879
 0 2.939393939393939
 0 3


