# Created by Octave 3.8.2, Mon Jun 22 09:23:58 2020 CEST <damian@fptrucha.inv.usc.es>
# name: hd
# type: matrix
# rows: 100
# columns: 2
 0 -3
 0 -2.939393939393939
 0 -2.878787878787879
 0 -2.818181818181818
 0 -2.757575757575758
 0 -2.696969696969697
 0 -2.636363636363636
 1 -2.575757575757576
 0 -2.515151515151515
 8 -2.454545454545455
 0 -2.393939393939394
 1 -2.333333333333333
 1 -2.272727272727272
 0 -2.212121212121212
 0 -2.151515151515151
 1 -2.090909090909091
 3 -2.03030303030303
 32 -1.96969696969697
 39 -1.909090909090909
 0 -1.848484848484848
 1 -1.787878787878788
 0 -1.727272727272727
 3 -1.666666666666667
 92 -1.606060606060606
 27 -1.545454545454545
 103 -1.484848484848485
 29 -1.424242424242424
 124 -1.363636363636364
 26 -1.303030303030303
 24 -1.242424242424242
 506 -1.181818181818182
 18 -1.121212121212121
 501 -1.060606060606061
 17 -1
 510 -0.9393939393939394
 23 -0.8787878787878789
 525 -0.8181818181818183
 852 -0.7575757575757573
 556 -0.6969696969696968
 965 -0.6363636363636362
 578 -0.5757575757575757
 920 -0.5151515151515151
 605 -0.4545454545454546
 895 -0.393939393939394
 3878 -0.333333333333333
 608 -0.2727272727272725
 2568 -0.2121212121212119
 14 -0.1515151515151514
 2614 -0.09090909090909083
 15 -0.03030303030303028
 2445 0.03030303030303028
 19 0.09090909090909083
 2241 0.1515151515151514
 1510 0.2121212121212124
 2301 0.2727272727272729
 1505 0.3333333333333335
 663 0.393939393939394
 876 0.4545454545454546
 627 0.5151515151515151
 818 0.5757575757575757
 615 0.6363636363636367
 826 0.6969696969696972
 546 0.7575757575757578
 19 0.8181818181818183
 593 0.8787878787878789
 16 0.9393939393939394
 497 1
 25 1.060606060606061
 454 1.121212121212121
 14 1.181818181818182
 23 1.242424242424242
 120 1.303030303030303
 41 1.363636363636363
 111 1.424242424242425
 31 1.484848484848485
 98 1.545454545454546
 1 1.606060606060606
 0 1.666666666666667
 1 1.727272727272728
 38 1.787878787878788
 7 1.848484848484849
 29 1.909090909090909
 6 1.96969696969697
 2 2.03030303030303
 0 2.090909090909091
 0 2.151515151515151
 1 2.212121212121212
 3 2.272727272727272
 1 2.333333333333334
 8 2.393939393939394
 0 2.454545454545455
 2 2.515151515151516
 0 2.575757575757576
 0 2.636363636363637
 0 2.696969696969697
 0 2.757575757575758
 0 2.818181818181818
 0 2.878787878787879
 0 2.939393939393939
 0 3


