# Created by Octave 3.8.2, Mon Jun 22 15:10:39 2020 CEST <damian@fptrucha.inv.usc.es>
# name: hd
# type: matrix
# rows: 100
# columns: 2
 0 -3
 0 -2.939393939393939
 0 -2.878787878787879
 0 -2.818181818181818
 0 -2.757575757575758
 0 -2.696969696969697
 0 -2.636363636363636
 0 -2.575757575757576
 1 -2.515151515151515
 10 -2.454545454545455
 1 -2.393939393939394
 0 -2.333333333333333
 2 -2.272727272727272
 0 -2.212121212121212
 0 -2.151515151515151
 3 -2.090909090909091
 5 -2.03030303030303
 24 -1.96969696969697
 36 -1.909090909090909
 2 -1.848484848484848
 1 -1.787878787878788
 0 -1.727272727272727
 2 -1.666666666666667
 98 -1.606060606060606
 24 -1.545454545454545
 105 -1.484848484848485
 23 -1.424242424242424
 114 -1.363636363636364
 20 -1.303030303030303
 14 -1.242424242424242
 598 -1.181818181818182
 14 -1.121212121212121
 533 -1.060606060606061
 15 -1
 541 -0.9393939393939394
 17 -0.8787878787878789
 515 -0.8181818181818183
 932 -0.7575757575757573
 635 -0.6969696969696968
 1022 -0.6363636363636362
 649 -0.5757575757575757
 897 -0.5151515151515151
 642 -0.4545454545454546
 972 -0.393939393939394
 4297 -0.333333333333333
 574 -0.2727272727272725
 2724 -0.2121212121212119
 17 -0.1515151515151514
 2701 -0.09090909090909083
 8 -0.03030303030303028
 2662 0.03030303030303028
 13 0.09090909090909083
 2372 0.1515151515151514
 1656 0.2121212121212124
 2322 0.2727272727272729
 1687 0.3333333333333335
 658 0.393939393939394
 961 0.4545454545454546
 697 0.5151515151515151
 856 0.5757575757575757
 623 0.6363636363636367
 848 0.6969696969696972
 630 0.7575757575757578
 15 0.8181818181818183
 583 0.8787878787878789
 24 0.9393939393939394
 593 1
 20 1.060606060606061
 543 1.121212121212121
 11 1.181818181818182
 28 1.242424242424242
 109 1.303030303030303
 42 1.363636363636363
 110 1.424242424242425
 25 1.484848484848485
 109 1.545454545454546
 2 1.606060606060606
 0 1.666666666666667
 0 1.727272727272728
 37 1.787878787878788
 9 1.848484848484849
 31 1.909090909090909
 1 1.96969696969697
 2 2.03030303030303
 0 2.090909090909091
 0 2.151515151515151
 3 2.212121212121212
 0 2.272727272727272
 0 2.333333333333334
 10 2.393939393939394
 0 2.454545454545455
 2 2.515151515151516
 0 2.575757575757576
 0 2.636363636363637
 0 2.696969696969697
 0 2.757575757575758
 0 2.818181818181818
 0 2.878787878787879
 0 2.939393939393939
 0 3


