# Created by Octave 3.8.2, Mon Jun 22 06:15:52 2020 CEST <damian@fptrucha.inv.usc.es>
# name: hd
# type: matrix
# rows: 100
# columns: 2
 0 -3
 0 -2.939393939393939
 0 -2.878787878787879
 0 -2.818181818181818
 0 -2.757575757575758
 0 -2.696969696969697
 0 -2.636363636363636
 3 -2.575757575757576
 0 -2.515151515151515
 10 -2.454545454545455
 2 -2.393939393939394
 0 -2.333333333333333
 2 -2.272727272727272
 0 -2.212121212121212
 0 -2.151515151515151
 0 -2.090909090909091
 12 -2.03030303030303
 34 -1.96969696969697
 39 -1.909090909090909
 1 -1.848484848484848
 1 -1.787878787878788
 0 -1.727272727272727
 1 -1.666666666666667
 84 -1.606060606060606
 32 -1.545454545454545
 113 -1.484848484848485
 30 -1.424242424242424
 128 -1.363636363636364
 21 -1.303030303030303
 16 -1.242424242424242
 543 -1.181818181818182
 26 -1.121212121212121
 563 -1.060606060606061
 18 -1
 528 -0.9393939393939394
 27 -0.8787878787878789
 490 -0.8181818181818183
 863 -0.7575757575757573
 540 -0.6969696969696968
 874 -0.6363636363636362
 607 -0.5757575757575757
 885 -0.5151515151515151
 585 -0.4545454545454546
 895 -0.393939393939394
 3800 -0.333333333333333
 602 -0.2727272727272725
 2368 -0.2121212121212119
 13 -0.1515151515151514
 2577 -0.09090909090909083
 25 -0.03030303030303028
 2391 0.03030303030303028
 20 0.09090909090909083
 2211 0.1515151515151514
 1426 0.2121212121212124
 2290 0.2727272727272729
 1482 0.3333333333333335
 623 0.393939393939394
 853 0.4545454545454546
 636 0.5151515151515151
 819 0.5757575757575757
 585 0.6363636363636367
 787 0.6969696969696972
 513 0.7575757575757578
 16 0.8181818181818183
 518 0.8787878787878789
 15 0.9393939393939394
 526 1
 14 1.060606060606061
 484 1.121212121212121
 12 1.181818181818182
 29 1.242424242424242
 101 1.303030303030303
 33 1.363636363636363
 117 1.424242424242425
 23 1.484848484848485
 75 1.545454545454546
 4 1.606060606060606
 0 1.666666666666667
 0 1.727272727272728
 41 1.787878787878788
 4 1.848484848484849
 29 1.909090909090909
 3 1.96969696969697
 2 2.03030303030303
 0 2.090909090909091
 0 2.151515151515151
 2 2.212121212121212
 1 2.272727272727272
 0 2.333333333333334
 6 2.393939393939394
 1 2.454545454545455
 3 2.515151515151516
 0 2.575757575757576
 0 2.636363636363637
 0 2.696969696969697
 0 2.757575757575758
 0 2.818181818181818
 0 2.878787878787879
 0 2.939393939393939
 0 3


