# Created by Octave 3.8.2, Sat Jun 20 08:40:03 2020 CEST <damian@fptrucha.inv.usc.es>
# name: hd
# type: matrix
# rows: 100
# columns: 2
 0 -3
 0 -2.939393939393939
 0 -2.878787878787879
 0 -2.818181818181818
 0 -2.757575757575758
 0 -2.696969696969697
 0 -2.636363636363636
 0 -2.575757575757576
 1 -2.515151515151515
 12 -2.454545454545455
 1 -2.393939393939394
 0 -2.333333333333333
 1 -2.272727272727272
 0 -2.212121212121212
 0 -2.151515151515151
 3 -2.090909090909091
 3 -2.03030303030303
 37 -1.96969696969697
 24 -1.909090909090909
 1 -1.848484848484848
 1 -1.787878787878788
 0 -1.727272727272727
 1 -1.666666666666667
 119 -1.606060606060606
 40 -1.545454545454545
 103 -1.484848484848485
 22 -1.424242424242424
 116 -1.363636363636364
 23 -1.303030303030303
 13 -1.242424242424242
 604 -1.181818181818182
 18 -1.121212121212121
 635 -1.060606060606061
 7 -1
 537 -0.9393939393939394
 17 -0.8787878787878789
 534 -0.8181818181818183
 1118 -0.7575757575757573
 802 -0.6969696969696968
 1234 -0.6363636363636362
 727 -0.5757575757575757
 1054 -0.5151515151515151
 668 -0.4545454545454546
 999 -0.393939393939394
 4884 -0.333333333333333
 600 -0.2727272727272725
 3245 -0.2121212121212119
 13 -0.1515151515151514
 3145 -0.09090909090909083
 15 -0.03030303030303028
 2839 0.03030303030303028
 12 0.09090909090909083
 2522 0.1515151515151514
 2007 0.2121212121212124
 2582 0.2727272727272729
 1865 0.3333333333333335
 723 0.393939393939394
 1055 0.4545454545454546
 740 0.5151515151515151
 877 0.5757575757575757
 651 0.6363636363636367
 944 0.6969696969696972
 602 0.7575757575757578
 16 0.8181818181818183
 685 0.8787878787878789
 15 0.9393939393939394
 617 1
 14 1.060606060606061
 542 1.121212121212121
 5 1.181818181818182
 26 1.242424242424242
 124 1.303030303030303
 31 1.363636363636363
 128 1.424242424242425
 21 1.484848484848485
 111 1.545454545454546
 1 1.606060606060606
 0 1.666666666666667
 0 1.727272727272728
 43 1.787878787878788
 10 1.848484848484849
 38 1.909090909090909
 3 1.96969696969697
 1 2.03030303030303
 0 2.090909090909091
 0 2.151515151515151
 2 2.212121212121212
 1 2.272727272727272
 2 2.333333333333334
 6 2.393939393939394
 0 2.454545454545455
 0 2.515151515151516
 0 2.575757575757576
 0 2.636363636363637
 0 2.696969696969697
 0 2.757575757575758
 0 2.818181818181818
 0 2.878787878787879
 0 2.939393939393939
 0 3


