# Created by Octave 3.8.2, Mon Jun 22 08:07:34 2020 CEST <damian@fptrucha.inv.usc.es>
# name: hd
# type: matrix
# rows: 100
# columns: 2
 0 -3
 0 -2.939393939393939
 0 -2.878787878787879
 0 -2.818181818181818
 0 -2.757575757575758
 0 -2.696969696969697
 0 -2.636363636363636
 1 -2.575757575757576
 0 -2.515151515151515
 10 -2.454545454545455
 0 -2.393939393939394
 0 -2.333333333333333
 0 -2.272727272727272
 0 -2.212121212121212
 0 -2.151515151515151
 0 -2.090909090909091
 4 -2.03030303030303
 50 -1.96969696969697
 45 -1.909090909090909
 1 -1.848484848484848
 3 -1.787878787878788
 0 -1.727272727272727
 2 -1.666666666666667
 87 -1.606060606060606
 26 -1.545454545454545
 111 -1.484848484848485
 24 -1.424242424242424
 101 -1.363636363636364
 24 -1.303030303030303
 16 -1.242424242424242
 488 -1.181818181818182
 18 -1.121212121212121
 477 -1.060606060606061
 11 -1
 493 -0.9393939393939394
 15 -0.8787878787878789
 488 -0.8181818181818183
 826 -0.7575757575757573
 619 -0.6969696969696968
 944 -0.6363636363636362
 609 -0.5757575757575757
 887 -0.5151515151515151
 587 -0.4545454545454546
 898 -0.393939393939394
 3822 -0.333333333333333
 565 -0.2727272727272725
 2421 -0.2121212121212119
 8 -0.1515151515151514
 2644 -0.09090909090909083
 13 -0.03030303030303028
 2427 0.03030303030303028
 17 0.09090909090909083
 2203 0.1515151515151514
 1454 0.2121212121212124
 2251 0.2727272727272729
 1608 0.3333333333333335
 626 0.393939393939394
 935 0.4545454545454546
 616 0.5151515151515151
 768 0.5757575757575757
 626 0.6363636363636367
 770 0.6969696969696972
 524 0.7575757575757578
 7 0.8181818181818183
 564 0.8787878787878789
 13 0.9393939393939394
 533 1
 19 1.060606060606061
 521 1.121212121212121
 12 1.181818181818182
 24 1.242424242424242
 111 1.303030303030303
 25 1.363636363636363
 124 1.424242424242425
 36 1.484848484848485
 101 1.545454545454546
 3 1.606060606060606
 0 1.666666666666667
 2 1.727272727272728
 40 1.787878787878788
 2 1.848484848484849
 35 1.909090909090909
 4 1.96969696969697
 3 2.03030303030303
 0 2.090909090909091
 0 2.151515151515151
 0 2.212121212121212
 1 2.272727272727272
 0 2.333333333333334
 15 2.393939393939394
 0 2.454545454545455
 0 2.515151515151516
 0 2.575757575757576
 0 2.636363636363637
 0 2.696969696969697
 0 2.757575757575758
 0 2.818181818181818
 0 2.878787878787879
 0 2.939393939393939
 0 3


