# Created by Octave 3.8.2, Sat Jun 20 21:18:34 2020 CEST <damian@fptrucha.inv.usc.es>
# name: hd
# type: matrix
# rows: 100
# columns: 2
 0 -3
 0 -2.939393939393939
 0 -2.878787878787879
 0 -2.818181818181818
 0 -2.757575757575758
 0 -2.696969696969697
 0 -2.636363636363636
 0 -2.575757575757576
 0 -2.515151515151515
 4 -2.454545454545455
 0 -2.393939393939394
 0 -2.333333333333333
 1 -2.272727272727272
 0 -2.212121212121212
 0 -2.151515151515151
 2 -2.090909090909091
 5 -2.03030303030303
 25 -1.96969696969697
 32 -1.909090909090909
 1 -1.848484848484848
 1 -1.787878787878788
 0 -1.727272727272727
 0 -1.666666666666667
 93 -1.606060606060606
 23 -1.545454545454545
 94 -1.484848484848485
 23 -1.424242424242424
 101 -1.363636363636364
 17 -1.303030303030303
 5 -1.242424242424242
 491 -1.181818181818182
 17 -1.121212121212121
 496 -1.060606060606061
 12 -1
 466 -0.9393939393939394
 11 -0.8787878787878789
 455 -0.8181818181818183
 929 -0.7575757575757573
 657 -0.6969696969696968
 1023 -0.6363636363636362
 604 -0.5757575757575757
 815 -0.5151515151515151
 549 -0.4545454545454546
 798 -0.393939393939394
 4137 -0.333333333333333
 507 -0.2727272727272725
 2867 -0.2121212121212119
 2 -0.1515151515151514
 2471 -0.09090909090909083
 8 -0.03030303030303028
 2503 0.03030303030303028
 9 0.09090909090909083
 2228 0.1515151515151514
 1683 0.2121212121212124
 2261 0.2727272727272729
 1597 0.3333333333333335
 639 0.393939393939394
 893 0.4545454545454546
 651 0.5151515151515151
 753 0.5757575757575757
 591 0.6363636363636367
 803 0.6969696969696972
 522 0.7575757575757578
 11 0.8181818181818183
 553 0.8787878787878789
 6 0.9393939393939394
 523 1
 7 1.060606060606061
 467 1.121212121212121
 4 1.181818181818182
 30 1.242424242424242
 99 1.303030303030303
 17 1.363636363636363
 101 1.424242424242425
 26 1.484848484848485
 97 1.545454545454546
 3 1.606060606060606
 0 1.666666666666667
 2 1.727272727272728
 44 1.787878787878788
 4 1.848484848484849
 22 1.909090909090909
 1 1.96969696969697
 1 2.03030303030303
 0 2.090909090909091
 0 2.151515151515151
 2 2.212121212121212
 0 2.272727272727272
 0 2.333333333333334
 8 2.393939393939394
 2 2.454545454545455
 2 2.515151515151516
 0 2.575757575757576
 0 2.636363636363637
 0 2.696969696969697
 0 2.757575757575758
 0 2.818181818181818
 0 2.878787878787879
 0 2.939393939393939
 0 3


