# Created by Octave 3.8.2, Sat Jun 20 10:20:38 2020 CEST <damian@fptrucha.inv.usc.es>
# name: hd
# type: matrix
# rows: 100
# columns: 2
 0 -3
 0 -2.939393939393939
 0 -2.878787878787879
 0 -2.818181818181818
 0 -2.757575757575758
 0 -2.696969696969697
 0 -2.636363636363636
 0 -2.575757575757576
 0 -2.515151515151515
 4 -2.454545454545455
 0 -2.393939393939394
 1 -2.333333333333333
 0 -2.272727272727272
 0 -2.212121212121212
 0 -2.151515151515151
 0 -2.090909090909091
 3 -2.03030303030303
 27 -1.96969696969697
 21 -1.909090909090909
 1 -1.848484848484848
 2 -1.787878787878788
 0 -1.727272727272727
 1 -1.666666666666667
 104 -1.606060606060606
 27 -1.545454545454545
 98 -1.484848484848485
 31 -1.424242424242424
 75 -1.363636363636364
 22 -1.303030303030303
 10 -1.242424242424242
 614 -1.181818181818182
 14 -1.121212121212121
 579 -1.060606060606061
 12 -1
 504 -0.9393939393939394
 19 -0.8787878787878789
 509 -0.8181818181818183
 1191 -0.7575757575757573
 677 -0.6969696969696968
 1141 -0.6363636363636362
 742 -0.5757575757575757
 981 -0.5151515151515151
 689 -0.4545454545454546
 927 -0.393939393939394
 4658 -0.333333333333333
 582 -0.2727272727272725
 3106 -0.2121212121212119
 11 -0.1515151515151514
 2946 -0.09090909090909083
 11 -0.03030303030303028
 2742 0.03030303030303028
 15 0.09090909090909083
 2422 0.1515151515151514
 1950 0.2121212121212124
 2487 0.2727272727272729
 1881 0.3333333333333335
 746 0.393939393939394
 1015 0.4545454545454546
 791 0.5151515151515151
 966 0.5757575757575757
 691 0.6363636363636367
 908 0.6969696969696972
 706 0.7575757575757578
 15 0.8181818181818183
 662 0.8787878787878789
 23 0.9393939393939394
 615 1
 14 1.060606060606061
 601 1.121212121212121
 13 1.181818181818182
 38 1.242424242424242
 139 1.303030303030303
 31 1.363636363636363
 140 1.424242424242425
 15 1.484848484848485
 118 1.545454545454546
 2 1.606060606060606
 0 1.666666666666667
 2 1.727272727272728
 40 1.787878787878788
 4 1.848484848484849
 38 1.909090909090909
 6 1.96969696969697
 3 2.03030303030303
 0 2.090909090909091
 0 2.151515151515151
 0 2.212121212121212
 3 2.272727272727272
 2 2.333333333333334
 5 2.393939393939394
 1 2.454545454545455
 0 2.515151515151516
 0 2.575757575757576
 0 2.636363636363637
 0 2.696969696969697
 0 2.757575757575758
 0 2.818181818181818
 0 2.878787878787879
 0 2.939393939393939
 0 3


