# Created by Octave 3.8.2, Sat Jun 20 22:25:47 2020 CEST <damian@fptrucha.inv.usc.es>
# name: hd
# type: matrix
# rows: 100
# columns: 2
 0 -3
 0 -2.939393939393939
 0 -2.878787878787879
 0 -2.818181818181818
 0 -2.757575757575758
 0 -2.696969696969697
 0 -2.636363636363636
 3 -2.575757575757576
 0 -2.515151515151515
 12 -2.454545454545455
 0 -2.393939393939394
 0 -2.333333333333333
 0 -2.272727272727272
 0 -2.212121212121212
 0 -2.151515151515151
 1 -2.090909090909091
 5 -2.03030303030303
 28 -1.96969696969697
 25 -1.909090909090909
 1 -1.848484848484848
 1 -1.787878787878788
 0 -1.727272727272727
 3 -1.666666666666667
 88 -1.606060606060606
 14 -1.545454545454545
 100 -1.484848484848485
 23 -1.424242424242424
 73 -1.363636363636364
 23 -1.303030303030303
 14 -1.242424242424242
 557 -1.181818181818182
 16 -1.121212121212121
 499 -1.060606060606061
 14 -1
 414 -0.9393939393939394
 10 -0.8787878787878789
 387 -0.8181818181818183
 931 -0.7575757575757573
 629 -0.6969696969696968
 1081 -0.6363636363636362
 609 -0.5757575757575757
 889 -0.5151515151515151
 511 -0.4545454545454546
 812 -0.393939393939394
 4174 -0.333333333333333
 504 -0.2727272727272725
 2902 -0.2121212121212119
 7 -0.1515151515151514
 2556 -0.09090909090909083
 4 -0.03030303030303028
 2376 0.03030303030303028
 10 0.09090909090909083
 2271 0.1515151515151514
 1757 0.2121212121212124
 2207 0.2727272727272729
 1702 0.3333333333333335
 619 0.393939393939394
 869 0.4545454545454546
 618 0.5151515151515151
 784 0.5757575757575757
 577 0.6363636363636367
 780 0.6969696969696972
 558 0.7575757575757578
 14 0.8181818181818183
 557 0.8787878787878789
 14 0.9393939393939394
 539 1
 11 1.060606060606061
 471 1.121212121212121
 9 1.181818181818182
 42 1.242424242424242
 103 1.303030303030303
 18 1.363636363636363
 90 1.424242424242425
 25 1.484848484848485
 97 1.545454545454546
 1 1.606060606060606
 0 1.666666666666667
 2 1.727272727272728
 22 1.787878787878788
 4 1.848484848484849
 24 1.909090909090909
 5 1.96969696969697
 0 2.03030303030303
 0 2.090909090909091
 0 2.151515151515151
 0 2.212121212121212
 0 2.272727272727272
 0 2.333333333333334
 6 2.393939393939394
 0 2.454545454545455
 0 2.515151515151516
 0 2.575757575757576
 0 2.636363636363637
 0 2.696969696969697
 0 2.757575757575758
 0 2.818181818181818
 0 2.878787878787879
 0 2.939393939393939
 0 3


