# Created by Octave 3.8.2, Mon Jun 22 22:09:46 2020 CEST <damian@fptrucha.inv.usc.es>
# name: hd
# type: matrix
# rows: 100
# columns: 2
 0 -3
 0 -2.939393939393939
 0 -2.878787878787879
 0 -2.818181818181818
 0 -2.757575757575758
 0 -2.696969696969697
 0 -2.636363636363636
 2 -2.575757575757576
 1 -2.515151515151515
 10 -2.454545454545455
 0 -2.393939393939394
 0 -2.333333333333333
 3 -2.272727272727272
 0 -2.212121212121212
 0 -2.151515151515151
 0 -2.090909090909091
 5 -2.03030303030303
 38 -1.96969696969697
 53 -1.909090909090909
 2 -1.848484848484848
 2 -1.787878787878788
 0 -1.727272727272727
 2 -1.666666666666667
 115 -1.606060606060606
 27 -1.545454545454545
 112 -1.484848484848485
 40 -1.424242424242424
 131 -1.363636363636364
 25 -1.303030303030303
 10 -1.242424242424242
 600 -1.181818181818182
 20 -1.121212121212121
 568 -1.060606060606061
 12 -1
 607 -0.9393939393939394
 26 -0.8787878787878789
 555 -0.8181818181818183
 981 -0.7575757575757573
 674 -0.6969696969696968
 1085 -0.6363636363636362
 678 -0.5757575757575757
 987 -0.5151515151515151
 664 -0.4545454545454546
 964 -0.393939393939394
 4564 -0.333333333333333
 605 -0.2727272727272725
 2745 -0.2121212121212119
 12 -0.1515151515151514
 2846 -0.09090909090909083
 14 -0.03030303030303028
 2598 0.03030303030303028
 12 0.09090909090909083
 2500 0.1515151515151514
 1590 0.2121212121212124
 2475 0.2727272727272729
 1666 0.3333333333333335
 686 0.393939393939394
 951 0.4545454545454546
 721 0.5151515151515151
 848 0.5757575757575757
 690 0.6363636363636367
 840 0.6969696969696972
 558 0.7575757575757578
 17 0.8181818181818183
 571 0.8787878787878789
 13 0.9393939393939394
 576 1
 20 1.060606060606061
 554 1.121212121212121
 17 1.181818181818182
 38 1.242424242424242
 110 1.303030303030303
 27 1.363636363636363
 122 1.424242424242425
 37 1.484848484848485
 125 1.545454545454546
 2 1.606060606060606
 0 1.666666666666667
 3 1.727272727272728
 29 1.787878787878788
 2 1.848484848484849
 37 1.909090909090909
 5 1.96969696969697
 0 2.03030303030303
 0 2.090909090909091
 0 2.151515151515151
 0 2.212121212121212
 1 2.272727272727272
 0 2.333333333333334
 8 2.393939393939394
 0 2.454545454545455
 1 2.515151515151516
 0 2.575757575757576
 0 2.636363636363637
 0 2.696969696969697
 0 2.757575757575758
 0 2.818181818181818
 0 2.878787878787879
 0 2.939393939393939
 0 3


