# Created by Octave 3.8.2, Sun Jun 21 07:27:42 2020 CEST <damian@fptrucha.inv.usc.es>
# name: hd
# type: matrix
# rows: 100
# columns: 2
 0 -3
 0 -2.939393939393939
 0 -2.878787878787879
 0 -2.818181818181818
 0 -2.757575757575758
 0 -2.696969696969697
 0 -2.636363636363636
 1 -2.575757575757576
 2 -2.515151515151515
 9 -2.454545454545455
 0 -2.393939393939394
 0 -2.333333333333333
 0 -2.272727272727272
 0 -2.212121212121212
 0 -2.151515151515151
 1 -2.090909090909091
 0 -2.03030303030303
 18 -1.96969696969697
 17 -1.909090909090909
 0 -1.848484848484848
 1 -1.787878787878788
 0 -1.727272727272727
 1 -1.666666666666667
 92 -1.606060606060606
 19 -1.545454545454545
 82 -1.484848484848485
 16 -1.424242424242424
 84 -1.363636363636364
 11 -1.303030303030303
 8 -1.242424242424242
 491 -1.181818181818182
 11 -1.121212121212121
 527 -1.060606060606061
 11 -1
 446 -0.9393939393939394
 11 -0.8787878787878789
 400 -0.8181818181818183
 950 -0.7575757575757573
 642 -0.6969696969696968
 1032 -0.6363636363636362
 646 -0.5757575757575757
 875 -0.5151515151515151
 566 -0.4545454545454546
 840 -0.393939393939394
 4166 -0.333333333333333
 496 -0.2727272727272725
 2774 -0.2121212121212119
 6 -0.1515151515151514
 2721 -0.09090909090909083
 8 -0.03030303030303028
 2428 0.03030303030303028
 11 0.09090909090909083
 2179 0.1515151515151514
 1591 0.2121212121212124
 2087 0.2727272727272729
 1662 0.3333333333333335
 624 0.393939393939394
 883 0.4545454545454546
 629 0.5151515151515151
 797 0.5757575757575757
 530 0.6363636363636367
 742 0.6969696969696972
 558 0.7575757575757578
 9 0.8181818181818183
 544 0.8787878787878789
 13 0.9393939393939394
 463 1
 13 1.060606060606061
 477 1.121212121212121
 11 1.181818181818182
 16 1.242424242424242
 77 1.303030303030303
 16 1.363636363636363
 104 1.424242424242425
 20 1.484848484848485
 82 1.545454545454546
 3 1.606060606060606
 0 1.666666666666667
 1 1.727272727272728
 30 1.787878787878788
 3 1.848484848484849
 20 1.909090909090909
 6 1.96969696969697
 1 2.03030303030303
 0 2.090909090909091
 0 2.151515151515151
 0 2.212121212121212
 1 2.272727272727272
 0 2.333333333333334
 8 2.393939393939394
 0 2.454545454545455
 1 2.515151515151516
 0 2.575757575757576
 0 2.636363636363637
 0 2.696969696969697
 0 2.757575757575758
 0 2.818181818181818
 0 2.878787878787879
 0 2.939393939393939
 0 3


