# Created by Octave 3.8.2, Sat Jun 20 02:20:36 2020 CEST <damian@fptrucha.inv.usc.es>
# name: hd
# type: matrix
# rows: 100
# columns: 2
 0 -3
 0 -2.939393939393939
 0 -2.878787878787879
 0 -2.818181818181818
 0 -2.757575757575758
 0 -2.696969696969697
 0 -2.636363636363636
 3 -2.575757575757576
 1 -2.515151515151515
 5 -2.454545454545455
 1 -2.393939393939394
 1 -2.333333333333333
 2 -2.272727272727272
 0 -2.212121212121212
 0 -2.151515151515151
 1 -2.090909090909091
 2 -2.03030303030303
 29 -1.96969696969697
 32 -1.909090909090909
 0 -1.848484848484848
 2 -1.787878787878788
 0 -1.727272727272727
 2 -1.666666666666667
 126 -1.606060606060606
 27 -1.545454545454545
 105 -1.484848484848485
 33 -1.424242424242424
 80 -1.363636363636364
 14 -1.303030303030303
 15 -1.242424242424242
 651 -1.181818181818182
 23 -1.121212121212121
 610 -1.060606060606061
 12 -1
 527 -0.9393939393939394
 20 -0.8787878787878789
 502 -0.8181818181818183
 1098 -0.7575757575757573
 796 -0.6969696969696968
 1172 -0.6363636363636362
 702 -0.5757575757575757
 1010 -0.5151515151515151
 666 -0.4545454545454546
 983 -0.393939393939394
 4483 -0.333333333333333
 623 -0.2727272727272725
 3037 -0.2121212121212119
 8 -0.1515151515151514
 2887 -0.09090909090909083
 10 -0.03030303030303028
 2792 0.03030303030303028
 11 0.09090909090909083
 2430 0.1515151515151514
 1701 0.2121212121212124
 2458 0.2727272727272729
 1685 0.3333333333333335
 656 0.393939393939394
 896 0.4545454545454546
 647 0.5151515151515151
 831 0.5757575757575757
 617 0.6363636363636367
 737 0.6969696969696972
 542 0.7575757575757578
 14 0.8181818181818183
 502 0.8787878787878789
 11 0.9393939393939394
 512 1
 13 1.060606060606061
 438 1.121212121212121
 8 1.181818181818182
 19 1.242424242424242
 93 1.303030303030303
 11 1.363636363636363
 89 1.424242424242425
 16 1.484848484848485
 67 1.545454545454546
 5 1.606060606060606
 0 1.666666666666667
 1 1.727272727272728
 22 1.787878787878788
 6 1.848484848484849
 21 1.909090909090909
 1 1.96969696969697
 0 2.03030303030303
 0 2.090909090909091
 0 2.151515151515151
 0 2.212121212121212
 0 2.272727272727272
 0 2.333333333333334
 2 2.393939393939394
 1 2.454545454545455
 0 2.515151515151516
 0 2.575757575757576
 0 2.636363636363637
 0 2.696969696969697
 0 2.757575757575758
 0 2.818181818181818
 0 2.878787878787879
 0 2.939393939393939
 0 3


