# Created by Octave 3.8.2, Sun Jun 21 03:04:19 2020 CEST <damian@fptrucha.inv.usc.es>
# name: hd
# type: matrix
# rows: 100
# columns: 2
 0 -3
 0 -2.939393939393939
 0 -2.878787878787879
 0 -2.818181818181818
 0 -2.757575757575758
 0 -2.696969696969697
 0 -2.636363636363636
 1 -2.575757575757576
 0 -2.515151515151515
 1 -2.454545454545455
 0 -2.393939393939394
 0 -2.333333333333333
 0 -2.272727272727272
 0 -2.212121212121212
 0 -2.151515151515151
 2 -2.090909090909091
 3 -2.03030303030303
 22 -1.96969696969697
 22 -1.909090909090909
 0 -1.848484848484848
 0 -1.787878787878788
 0 -1.727272727272727
 0 -1.666666666666667
 80 -1.606060606060606
 19 -1.545454545454545
 79 -1.484848484848485
 24 -1.424242424242424
 70 -1.363636363636364
 15 -1.303030303030303
 7 -1.242424242424242
 535 -1.181818181818182
 18 -1.121212121212121
 502 -1.060606060606061
 15 -1
 436 -0.9393939393939394
 15 -0.8787878787878789
 428 -0.8181818181818183
 983 -0.7575757575757573
 634 -0.6969696969696968
 912 -0.6363636363636362
 659 -0.5757575757575757
 901 -0.5151515151515151
 535 -0.4545454545454546
 788 -0.393939393939394
 4124 -0.333333333333333
 491 -0.2727272727272725
 2819 -0.2121212121212119
 8 -0.1515151515151514
 2625 -0.09090909090909083
 6 -0.03030303030303028
 2453 0.03030303030303028
 10 0.09090909090909083
 2150 0.1515151515151514
 1663 0.2121212121212124
 2221 0.2727272727272729
 1525 0.3333333333333335
 602 0.393939393939394
 908 0.4545454545454546
 631 0.5151515151515151
 744 0.5757575757575757
 564 0.6363636363636367
 784 0.6969696969696972
 547 0.7575757575757578
 9 0.8181818181818183
 496 0.8787878787878789
 14 0.9393939393939394
 505 1
 17 1.060606060606061
 444 1.121212121212121
 13 1.181818181818182
 31 1.242424242424242
 86 1.303030303030303
 23 1.363636363636363
 97 1.424242424242425
 21 1.484848484848485
 91 1.545454545454546
 5 1.606060606060606
 0 1.666666666666667
 1 1.727272727272728
 33 1.787878787878788
 5 1.848484848484849
 28 1.909090909090909
 3 1.96969696969697
 0 2.03030303030303
 0 2.090909090909091
 0 2.151515151515151
 2 2.212121212121212
 0 2.272727272727272
 0 2.333333333333334
 8 2.393939393939394
 0 2.454545454545455
 0 2.515151515151516
 0 2.575757575757576
 0 2.636363636363637
 0 2.696969696969697
 0 2.757575757575758
 0 2.818181818181818
 0 2.878787878787879
 0 2.939393939393939
 0 3


