# Created by Octave 3.8.2, Sat Jun 20 20:01:08 2020 CEST <damian@fptrucha.inv.usc.es>
# name: hd
# type: matrix
# rows: 100
# columns: 2
 0 -3
 0 -2.939393939393939
 0 -2.878787878787879
 0 -2.818181818181818
 0 -2.757575757575758
 0 -2.696969696969697
 0 -2.636363636363636
 1 -2.575757575757576
 0 -2.515151515151515
 5 -2.454545454545455
 0 -2.393939393939394
 0 -2.333333333333333
 1 -2.272727272727272
 0 -2.212121212121212
 0 -2.151515151515151
 3 -2.090909090909091
 3 -2.03030303030303
 15 -1.96969696969697
 25 -1.909090909090909
 4 -1.848484848484848
 0 -1.787878787878788
 0 -1.727272727272727
 3 -1.666666666666667
 103 -1.606060606060606
 24 -1.545454545454545
 92 -1.484848484848485
 18 -1.424242424242424
 68 -1.363636363636364
 23 -1.303030303030303
 17 -1.242424242424242
 537 -1.181818181818182
 13 -1.121212121212121
 502 -1.060606060606061
 10 -1
 462 -0.9393939393939394
 21 -0.8787878787878789
 433 -0.8181818181818183
 977 -0.7575757575757573
 675 -0.6969696969696968
 1053 -0.6363636363636362
 633 -0.5757575757575757
 907 -0.5151515151515151
 597 -0.4545454545454546
 853 -0.393939393939394
 4208 -0.333333333333333
 471 -0.2727272727272725
 2887 -0.2121212121212119
 8 -0.1515151515151514
 2687 -0.09090909090909083
 8 -0.03030303030303028
 2514 0.03030303030303028
 10 0.09090909090909083
 2128 0.1515151515151514
 1693 0.2121212121212124
 2204 0.2727272727272729
 1702 0.3333333333333335
 666 0.393939393939394
 932 0.4545454545454546
 651 0.5151515151515151
 803 0.5757575757575757
 614 0.6363636363636367
 791 0.6969696969696972
 556 0.7575757575757578
 13 0.8181818181818183
 559 0.8787878787878789
 11 0.9393939393939394
 539 1
 12 1.060606060606061
 452 1.121212121212121
 12 1.181818181818182
 32 1.242424242424242
 126 1.303030303030303
 25 1.363636363636363
 86 1.424242424242425
 26 1.484848484848485
 91 1.545454545454546
 2 1.606060606060606
 0 1.666666666666667
 0 1.727272727272728
 20 1.787878787878788
 0 1.848484848484849
 30 1.909090909090909
 2 1.96969696969697
 1 2.03030303030303
 0 2.090909090909091
 0 2.151515151515151
 0 2.212121212121212
 0 2.272727272727272
 0 2.333333333333334
 4 2.393939393939394
 1 2.454545454545455
 0 2.515151515151516
 0 2.575757575757576
 0 2.636363636363637
 0 2.696969696969697
 0 2.757575757575758
 0 2.818181818181818
 0 2.878787878787879
 0 2.939393939393939
 0 3


