# Created by Octave 3.8.2, Sun Jun 21 07:19:50 2020 CEST <damian@fptrucha.inv.usc.es>
# name: hd
# type: matrix
# rows: 100
# columns: 2
 0 -3
 0 -2.939393939393939
 0 -2.878787878787879
 0 -2.818181818181818
 0 -2.757575757575758
 0 -2.696969696969697
 0 -2.636363636363636
 0 -2.575757575757576
 0 -2.515151515151515
 3 -2.454545454545455
 0 -2.393939393939394
 1 -2.333333333333333
 0 -2.272727272727272
 0 -2.212121212121212
 0 -2.151515151515151
 2 -2.090909090909091
 0 -2.03030303030303
 10 -1.96969696969697
 17 -1.909090909090909
 0 -1.848484848484848
 0 -1.787878787878788
 0 -1.727272727272727
 4 -1.666666666666667
 57 -1.606060606060606
 13 -1.545454545454545
 55 -1.484848484848485
 12 -1.424242424242424
 47 -1.363636363636364
 8 -1.303030303030303
 10 -1.242424242424242
 340 -1.181818181818182
 14 -1.121212121212121
 306 -1.060606060606061
 7 -1
 306 -0.9393939393939394
 10 -0.8787878787878789
 285 -0.8181818181818183
 635 -0.7575757575757573
 379 -0.6969696969696968
 662 -0.6363636363636362
 429 -0.5757575757575757
 594 -0.5151515151515151
 357 -0.4545454545454546
 526 -0.393939393939394
 2735 -0.333333333333333
 344 -0.2727272727272725
 1863 -0.2121212121212119
 5 -0.1515151515151514
 1778 -0.09090909090909083
 7 -0.03030303030303028
 1602 0.03030303030303028
 5 0.09090909090909083
 1420 0.1515151515151514
 1131 0.2121212121212124
 1369 0.2727272727272729
 1037 0.3333333333333335
 390 0.393939393939394
 547 0.4545454545454546
 458 0.5151515151515151
 477 0.5757575757575757
 407 0.6363636363636367
 483 0.6969696969696972
 354 0.7575757575757578
 5 0.8181818181818183
 334 0.8787878787878789
 5 0.9393939393939394
 305 1
 11 1.060606060606061
 331 1.121212121212121
 8 1.181818181818182
 23 1.242424242424242
 49 1.303030303030303
 19 1.363636363636363
 69 1.424242424242425
 20 1.484848484848485
 62 1.545454545454546
 0 1.606060606060606
 0 1.666666666666667
 3 1.727272727272728
 17 1.787878787878788
 1 1.848484848484849
 17 1.909090909090909
 3 1.96969696969697
 0 2.03030303030303
 0 2.090909090909091
 0 2.151515151515151
 1 2.212121212121212
 0 2.272727272727272
 0 2.333333333333334
 3 2.393939393939394
 0 2.454545454545455
 0 2.515151515151516
 0 2.575757575757576
 0 2.636363636363637
 0 2.696969696969697
 0 2.757575757575758
 0 2.818181818181818
 0 2.878787878787879
 0 2.939393939393939
 0 3


