# Created by Octave 3.8.2, Sat Jun 20 13:02:07 2020 CEST <damian@fptrucha.inv.usc.es>
# name: hd
# type: matrix
# rows: 100
# columns: 2
 0 -3
 0 -2.939393939393939
 0 -2.878787878787879
 0 -2.818181818181818
 0 -2.757575757575758
 0 -2.696969696969697
 0 -2.636363636363636
 6 -2.575757575757576
 0 -2.515151515151515
 3 -2.454545454545455
 1 -2.393939393939394
 0 -2.333333333333333
 1 -2.272727272727272
 0 -2.212121212121212
 0 -2.151515151515151
 1 -2.090909090909091
 3 -2.03030303030303
 29 -1.96969696969697
 27 -1.909090909090909
 1 -1.848484848484848
 1 -1.787878787878788
 0 -1.727272727272727
 2 -1.666666666666667
 84 -1.606060606060606
 23 -1.545454545454545
 104 -1.484848484848485
 22 -1.424242424242424
 89 -1.363636363636364
 17 -1.303030303030303
 12 -1.242424242424242
 566 -1.181818181818182
 12 -1.121212121212121
 525 -1.060606060606061
 15 -1
 462 -0.9393939393939394
 14 -0.8787878787878789
 469 -0.8181818181818183
 1066 -0.7575757575757573
 700 -0.6969696969696968
 1084 -0.6363636363636362
 678 -0.5757575757575757
 915 -0.5151515151515151
 637 -0.4545454545454546
 879 -0.393939393939394
 4601 -0.333333333333333
 575 -0.2727272727272725
 3012 -0.2121212121212119
 11 -0.1515151515151514
 2831 -0.09090909090909083
 12 -0.03030303030303028
 2678 0.03030303030303028
 15 0.09090909090909083
 2330 0.1515151515151514
 1963 0.2121212121212124
 2322 0.2727272727272729
 1800 0.3333333333333335
 703 0.393939393939394
 994 0.4545454545454546
 743 0.5151515151515151
 902 0.5757575757575757
 646 0.6363636363636367
 898 0.6969696969696972
 610 0.7575757575757578
 17 0.8181818181818183
 615 0.8787878787878789
 14 0.9393939393939394
 570 1
 13 1.060606060606061
 570 1.121212121212121
 12 1.181818181818182
 41 1.242424242424242
 119 1.303030303030303
 31 1.363636363636363
 100 1.424242424242425
 34 1.484848484848485
 102 1.545454545454546
 1 1.606060606060606
 0 1.666666666666667
 0 1.727272727272728
 29 1.787878787878788
 3 1.848484848484849
 25 1.909090909090909
 11 1.96969696969697
 1 2.03030303030303
 0 2.090909090909091
 0 2.151515151515151
 1 2.212121212121212
 0 2.272727272727272
 0 2.333333333333334
 6 2.393939393939394
 0 2.454545454545455
 1 2.515151515151516
 0 2.575757575757576
 0 2.636363636363637
 0 2.696969696969697
 0 2.757575757575758
 0 2.818181818181818
 0 2.878787878787879
 0 2.939393939393939
 0 3


