# Created by Octave 3.8.2, Mon Jun 22 13:55:23 2020 CEST <damian@fptrucha.inv.usc.es>
# name: hd
# type: matrix
# rows: 100
# columns: 2
 0 -3
 0 -2.939393939393939
 0 -2.878787878787879
 0 -2.818181818181818
 0 -2.757575757575758
 0 -2.696969696969697
 0 -2.636363636363636
 2 -2.575757575757576
 2 -2.515151515151515
 7 -2.454545454545455
 2 -2.393939393939394
 1 -2.333333333333333
 2 -2.272727272727272
 0 -2.212121212121212
 0 -2.151515151515151
 2 -2.090909090909091
 5 -2.03030303030303
 43 -1.96969696969697
 39 -1.909090909090909
 3 -1.848484848484848
 3 -1.787878787878788
 0 -1.727272727272727
 5 -1.666666666666667
 111 -1.606060606060606
 29 -1.545454545454545
 105 -1.484848484848485
 27 -1.424242424242424
 115 -1.363636363636364
 16 -1.303030303030303
 14 -1.242424242424242
 525 -1.181818181818182
 15 -1.121212121212121
 513 -1.060606060606061
 23 -1
 538 -0.9393939393939394
 17 -0.8787878787878789
 533 -0.8181818181818183
 854 -0.7575757575757573
 645 -0.6969696969696968
 987 -0.6363636363636362
 595 -0.5757575757575757
 871 -0.5151515151515151
 644 -0.4545454545454546
 896 -0.393939393939394
 4050 -0.333333333333333
 529 -0.2727272727272725
 2595 -0.2121212121212119
 17 -0.1515151515151514
 2713 -0.09090909090909083
 18 -0.03030303030303028
 2443 0.03030303030303028
 19 0.09090909090909083
 2296 0.1515151515151514
 1522 0.2121212121212124
 2347 0.2727272727272729
 1651 0.3333333333333335
 681 0.393939393939394
 940 0.4545454545454546
 688 0.5151515151515151
 828 0.5757575757575757
 641 0.6363636363636367
 879 0.6969696969696972
 547 0.7575757575757578
 17 0.8181818181818183
 551 0.8787878787878789
 17 0.9393939393939394
 558 1
 11 1.060606060606061
 534 1.121212121212121
 12 1.181818181818182
 37 1.242424242424242
 129 1.303030303030303
 30 1.363636363636363
 104 1.424242424242425
 36 1.484848484848485
 116 1.545454545454546
 0 1.606060606060606
 0 1.666666666666667
 1 1.727272727272728
 51 1.787878787878788
 3 1.848484848484849
 30 1.909090909090909
 6 1.96969696969697
 2 2.03030303030303
 0 2.090909090909091
 0 2.151515151515151
 3 2.212121212121212
 0 2.272727272727272
 1 2.333333333333334
 9 2.393939393939394
 0 2.454545454545455
 2 2.515151515151516
 0 2.575757575757576
 0 2.636363636363637
 0 2.696969696969697
 0 2.757575757575758
 0 2.818181818181818
 0 2.878787878787879
 0 2.939393939393939
 0 3


