# Created by Octave 3.8.2, Mon Jun 22 12:15:52 2020 CEST <damian@fptrucha.inv.usc.es>
# name: hd
# type: matrix
# rows: 100
# columns: 2
 0 -3
 0 -2.939393939393939
 0 -2.878787878787879
 0 -2.818181818181818
 0 -2.757575757575758
 0 -2.696969696969697
 0 -2.636363636363636
 1 -2.575757575757576
 0 -2.515151515151515
 6 -2.454545454545455
 1 -2.393939393939394
 0 -2.333333333333333
 2 -2.272727272727272
 0 -2.212121212121212
 0 -2.151515151515151
 4 -2.090909090909091
 5 -2.03030303030303
 26 -1.96969696969697
 36 -1.909090909090909
 0 -1.848484848484848
 1 -1.787878787878788
 0 -1.727272727272727
 2 -1.666666666666667
 86 -1.606060606060606
 20 -1.545454545454545
 95 -1.484848484848485
 24 -1.424242424242424
 112 -1.363636363636364
 22 -1.303030303030303
 12 -1.242424242424242
 510 -1.181818181818182
 13 -1.121212121212121
 502 -1.060606060606061
 10 -1
 538 -0.9393939393939394
 15 -0.8787878787878789
 484 -0.8181818181818183
 855 -0.7575757575757573
 609 -0.6969696969696968
 897 -0.6363636363636362
 602 -0.5757575757575757
 897 -0.5151515151515151
 587 -0.4545454545454546
 905 -0.393939393939394
 4043 -0.333333333333333
 554 -0.2727272727272725
 2581 -0.2121212121212119
 10 -0.1515151515151514
 2655 -0.09090909090909083
 14 -0.03030303030303028
 2581 0.03030303030303028
 16 0.09090909090909083
 2325 0.1515151515151514
 1434 0.2121212121212124
 2333 0.2727272727272729
 1601 0.3333333333333335
 644 0.393939393939394
 960 0.4545454545454546
 718 0.5151515151515151
 865 0.5757575757575757
 660 0.6363636363636367
 785 0.6969696969696972
 559 0.7575757575757578
 11 0.8181818181818183
 595 0.8787878787878789
 22 0.9393939393939394
 510 1
 11 1.060606060606061
 524 1.121212121212121
 10 1.181818181818182
 27 1.242424242424242
 116 1.303030303030303
 25 1.363636363636363
 131 1.424242424242425
 30 1.484848484848485
 107 1.545454545454546
 1 1.606060606060606
 0 1.666666666666667
 1 1.727272727272728
 38 1.787878787878788
 2 1.848484848484849
 40 1.909090909090909
 2 1.96969696969697
 0 2.03030303030303
 0 2.090909090909091
 0 2.151515151515151
 1 2.212121212121212
 1 2.272727272727272
 1 2.333333333333334
 7 2.393939393939394
 0 2.454545454545455
 1 2.515151515151516
 0 2.575757575757576
 0 2.636363636363637
 0 2.696969696969697
 0 2.757575757575758
 0 2.818181818181818
 0 2.878787878787879
 0 2.939393939393939
 0 3


