# Created by Octave 3.8.2, Mon Jun 22 06:51:08 2020 CEST <damian@fptrucha.inv.usc.es>
# name: hd
# type: matrix
# rows: 100
# columns: 2
 0 -3
 0 -2.939393939393939
 0 -2.878787878787879
 0 -2.818181818181818
 0 -2.757575757575758
 0 -2.696969696969697
 0 -2.636363636363636
 1 -2.575757575757576
 1 -2.515151515151515
 10 -2.454545454545455
 1 -2.393939393939394
 0 -2.333333333333333
 1 -2.272727272727272
 0 -2.212121212121212
 0 -2.151515151515151
 1 -2.090909090909091
 3 -2.03030303030303
 22 -1.96969696969697
 42 -1.909090909090909
 0 -1.848484848484848
 0 -1.787878787878788
 0 -1.727272727272727
 5 -1.666666666666667
 94 -1.606060606060606
 29 -1.545454545454545
 135 -1.484848484848485
 26 -1.424242424242424
 95 -1.363636363636364
 26 -1.303030303030303
 13 -1.242424242424242
 475 -1.181818181818182
 15 -1.121212121212121
 525 -1.060606060606061
 16 -1
 512 -0.9393939393939394
 24 -0.8787878787878789
 474 -0.8181818181818183
 828 -0.7575757575757573
 548 -0.6969696969696968
 889 -0.6363636363636362
 640 -0.5757575757575757
 868 -0.5151515151515151
 569 -0.4545454545454546
 876 -0.393939393939394
 3744 -0.333333333333333
 548 -0.2727272727272725
 2317 -0.2121212121212119
 17 -0.1515151515151514
 2510 -0.09090909090909083
 22 -0.03030303030303028
 2388 0.03030303030303028
 30 0.09090909090909083
 2180 0.1515151515151514
 1436 0.2121212121212124
 2275 0.2727272727272729
 1525 0.3333333333333335
 635 0.393939393939394
 885 0.4545454545454546
 620 0.5151515151515151
 775 0.5757575757575757
 629 0.6363636363636367
 808 0.6969696969696972
 481 0.7575757575757578
 10 0.8181818181818183
 532 0.8787878787878789
 24 0.9393939393939394
 495 1
 25 1.060606060606061
 513 1.121212121212121
 16 1.181818181818182
 23 1.242424242424242
 100 1.303030303030303
 31 1.363636363636363
 121 1.424242424242425
 37 1.484848484848485
 98 1.545454545454546
 2 1.606060606060606
 0 1.666666666666667
 0 1.727272727272728
 34 1.787878787878788
 8 1.848484848484849
 32 1.909090909090909
 9 1.96969696969697
 0 2.03030303030303
 0 2.090909090909091
 0 2.151515151515151
 0 2.212121212121212
 1 2.272727272727272
 1 2.333333333333334
 8 2.393939393939394
 1 2.454545454545455
 3 2.515151515151516
 0 2.575757575757576
 0 2.636363636363637
 0 2.696969696969697
 0 2.757575757575758
 0 2.818181818181818
 0 2.878787878787879
 0 2.939393939393939
 0 3


