# Created by Octave 3.8.2, Sat Jun 20 11:54:12 2020 CEST <damian@fptrucha.inv.usc.es>
# name: hd
# type: matrix
# rows: 100
# columns: 2
 0 -3
 0 -2.939393939393939
 0 -2.878787878787879
 0 -2.818181818181818
 0 -2.757575757575758
 0 -2.696969696969697
 0 -2.636363636363636
 2 -2.575757575757576
 0 -2.515151515151515
 6 -2.454545454545455
 0 -2.393939393939394
 0 -2.333333333333333
 3 -2.272727272727272
 0 -2.212121212121212
 0 -2.151515151515151
 0 -2.090909090909091
 3 -2.03030303030303
 29 -1.96969696969697
 28 -1.909090909090909
 1 -1.848484848484848
 2 -1.787878787878788
 0 -1.727272727272727
 3 -1.666666666666667
 117 -1.606060606060606
 23 -1.545454545454545
 76 -1.484848484848485
 24 -1.424242424242424
 94 -1.363636363636364
 22 -1.303030303030303
 17 -1.242424242424242
 551 -1.181818181818182
 20 -1.121212121212121
 582 -1.060606060606061
 10 -1
 471 -0.9393939393939394
 13 -0.8787878787878789
 444 -0.8181818181818183
 1086 -0.7575757575757573
 750 -0.6969696969696968
 1040 -0.6363636363636362
 670 -0.5757575757575757
 930 -0.5151515151515151
 638 -0.4545454545454546
 899 -0.393939393939394
 4487 -0.333333333333333
 572 -0.2727272727272725
 3084 -0.2121212121212119
 14 -0.1515151515151514
 2930 -0.09090909090909083
 9 -0.03030303030303028
 2754 0.03030303030303028
 10 0.09090909090909083
 2383 0.1515151515151514
 1939 0.2121212121212124
 2383 0.2727272727272729
 1888 0.3333333333333335
 695 0.393939393939394
 940 0.4545454545454546
 726 0.5151515151515151
 858 0.5757575757575757
 669 0.6363636363636367
 869 0.6969696969696972
 600 0.7575757575757578
 12 0.8181818181818183
 611 0.8787878787878789
 25 0.9393939393939394
 565 1
 17 1.060606060606061
 543 1.121212121212121
 12 1.181818181818182
 41 1.242424242424242
 116 1.303030303030303
 26 1.363636363636363
 105 1.424242424242425
 34 1.484848484848485
 112 1.545454545454546
 4 1.606060606060606
 0 1.666666666666667
 0 1.727272727272728
 39 1.787878787878788
 3 1.848484848484849
 31 1.909090909090909
 4 1.96969696969697
 2 2.03030303030303
 0 2.090909090909091
 0 2.151515151515151
 1 2.212121212121212
 0 2.272727272727272
 0 2.333333333333334
 9 2.393939393939394
 0 2.454545454545455
 1 2.515151515151516
 0 2.575757575757576
 0 2.636363636363637
 0 2.696969696969697
 0 2.757575757575758
 0 2.818181818181818
 0 2.878787878787879
 0 2.939393939393939
 0 3


