# Created by Octave 3.8.2, Mon Jun 22 10:23:32 2020 CEST <damian@fptrucha.inv.usc.es>
# name: hd
# type: matrix
# rows: 100
# columns: 2
 0 -3
 0 -2.939393939393939
 0 -2.878787878787879
 0 -2.818181818181818
 0 -2.757575757575758
 0 -2.696969696969697
 0 -2.636363636363636
 3 -2.575757575757576
 0 -2.515151515151515
 5 -2.454545454545455
 1 -2.393939393939394
 0 -2.333333333333333
 1 -2.272727272727272
 0 -2.212121212121212
 0 -2.151515151515151
 1 -2.090909090909091
 1 -2.03030303030303
 37 -1.96969696969697
 26 -1.909090909090909
 0 -1.848484848484848
 3 -1.787878787878788
 0 -1.727272727272727
 1 -1.666666666666667
 84 -1.606060606060606
 23 -1.545454545454545
 87 -1.484848484848485
 28 -1.424242424242424
 114 -1.363636363636364
 24 -1.303030303030303
 14 -1.242424242424242
 496 -1.181818181818182
 20 -1.121212121212121
 515 -1.060606060606061
 18 -1
 493 -0.9393939393939394
 22 -0.8787878787878789
 518 -0.8181818181818183
 904 -0.7575757575757573
 640 -0.6969696969696968
 922 -0.6363636363636362
 590 -0.5757575757575757
 840 -0.5151515151515151
 630 -0.4545454545454546
 938 -0.393939393939394
 3940 -0.333333333333333
 612 -0.2727272727272725
 2583 -0.2121212121212119
 13 -0.1515151515151514
 2643 -0.09090909090909083
 18 -0.03030303030303028
 2511 0.03030303030303028
 14 0.09090909090909083
 2336 0.1515151515151514
 1498 0.2121212121212124
 2371 0.2727272727272729
 1586 0.3333333333333335
 621 0.393939393939394
 944 0.4545454545454546
 678 0.5151515151515151
 792 0.5757575757575757
 618 0.6363636363636367
 850 0.6969696969696972
 540 0.7575757575757578
 10 0.8181818181818183
 528 0.8787878787878789
 17 0.9393939393939394
 559 1
 9 1.060606060606061
 493 1.121212121212121
 22 1.181818181818182
 29 1.242424242424242
 112 1.303030303030303
 29 1.363636363636363
 133 1.424242424242425
 32 1.484848484848485
 100 1.545454545454546
 2 1.606060606060606
 0 1.666666666666667
 3 1.727272727272728
 47 1.787878787878788
 6 1.848484848484849
 46 1.909090909090909
 3 1.96969696969697
 1 2.03030303030303
 0 2.090909090909091
 0 2.151515151515151
 1 2.212121212121212
 1 2.272727272727272
 0 2.333333333333334
 12 2.393939393939394
 0 2.454545454545455
 0 2.515151515151516
 0 2.575757575757576
 0 2.636363636363637
 0 2.696969696969697
 0 2.757575757575758
 0 2.818181818181818
 0 2.878787878787879
 0 2.939393939393939
 0 3


