# Created by Octave 3.8.2, Mon Jun 22 16:16:01 2020 CEST <damian@fptrucha.inv.usc.es>
# name: hd
# type: matrix
# rows: 100
# columns: 2
 0 -3
 0 -2.939393939393939
 0 -2.878787878787879
 0 -2.818181818181818
 0 -2.757575757575758
 0 -2.696969696969697
 0 -2.636363636363636
 1 -2.575757575757576
 2 -2.515151515151515
 5 -2.454545454545455
 1 -2.393939393939394
 0 -2.333333333333333
 0 -2.272727272727272
 0 -2.212121212121212
 0 -2.151515151515151
 0 -2.090909090909091
 5 -2.03030303030303
 30 -1.96969696969697
 29 -1.909090909090909
 3 -1.848484848484848
 1 -1.787878787878788
 0 -1.727272727272727
 2 -1.666666666666667
 103 -1.606060606060606
 36 -1.545454545454545
 100 -1.484848484848485
 39 -1.424242424242424
 124 -1.363636363636364
 24 -1.303030303030303
 16 -1.242424242424242
 575 -1.181818181818182
 16 -1.121212121212121
 498 -1.060606060606061
 19 -1
 536 -0.9393939393939394
 25 -0.8787878787878789
 488 -0.8181818181818183
 929 -0.7575757575757573
 614 -0.6969696969696968
 1050 -0.6363636363636362
 631 -0.5757575757575757
 878 -0.5151515151515151
 614 -0.4545454545454546
 954 -0.393939393939394
 4264 -0.333333333333333
 618 -0.2727272727272725
 2680 -0.2121212121212119
 15 -0.1515151515151514
 2669 -0.09090909090909083
 14 -0.03030303030303028
 2425 0.03030303030303028
 16 0.09090909090909083
 2412 0.1515151515151514
 1648 0.2121212121212124
 2360 0.2727272727272729
 1750 0.3333333333333335
 629 0.393939393939394
 970 0.4545454545454546
 657 0.5151515151515151
 919 0.5757575757575757
 668 0.6363636363636367
 843 0.6969696969696972
 598 0.7575757575757578
 12 0.8181818181818183
 604 0.8787878787878789
 20 0.9393939393939394
 578 1
 9 1.060606060606061
 564 1.121212121212121
 13 1.181818181818182
 27 1.242424242424242
 119 1.303030303030303
 25 1.363636363636363
 137 1.424242424242425
 33 1.484848484848485
 119 1.545454545454546
 1 1.606060606060606
 0 1.666666666666667
 2 1.727272727272728
 38 1.787878787878788
 3 1.848484848484849
 33 1.909090909090909
 10 1.96969696969697
 2 2.03030303030303
 0 2.090909090909091
 0 2.151515151515151
 3 2.212121212121212
 1 2.272727272727272
 0 2.333333333333334
 10 2.393939393939394
 0 2.454545454545455
 0 2.515151515151516
 0 2.575757575757576
 0 2.636363636363637
 0 2.696969696969697
 0 2.757575757575758
 0 2.818181818181818
 0 2.878787878787879
 0 2.939393939393939
 0 3


