# Created by Octave 3.8.2, Mon Jun 22 02:36:56 2020 CEST <damian@fptrucha.inv.usc.es>
# name: hd
# type: matrix
# rows: 100
# columns: 2
 0 -3
 0 -2.939393939393939
 0 -2.878787878787879
 0 -2.818181818181818
 0 -2.757575757575758
 0 -2.696969696969697
 0 -2.636363636363636
 1 -2.575757575757576
 0 -2.515151515151515
 11 -2.454545454545455
 1 -2.393939393939394
 1 -2.333333333333333
 1 -2.272727272727272
 0 -2.212121212121212
 0 -2.151515151515151
 1 -2.090909090909091
 5 -2.03030303030303
 31 -1.96969696969697
 34 -1.909090909090909
 2 -1.848484848484848
 2 -1.787878787878788
 0 -1.727272727272727
 3 -1.666666666666667
 100 -1.606060606060606
 32 -1.545454545454545
 124 -1.484848484848485
 32 -1.424242424242424
 125 -1.363636363636364
 19 -1.303030303030303
 13 -1.242424242424242
 489 -1.181818181818182
 14 -1.121212121212121
 459 -1.060606060606061
 14 -1
 499 -0.9393939393939394
 29 -0.8787878787878789
 462 -0.8181818181818183
 891 -0.7575757575757573
 647 -0.6969696969696968
 910 -0.6363636363636362
 555 -0.5757575757575757
 822 -0.5151515151515151
 591 -0.4545454545454546
 901 -0.393939393939394
 3714 -0.333333333333333
 534 -0.2727272727272725
 2381 -0.2121212121212119
 16 -0.1515151515151514
 2384 -0.09090909090909083
 15 -0.03030303030303028
 2339 0.03030303030303028
 30 0.09090909090909083
 2150 0.1515151515151514
 1535 0.2121212121212124
 2208 0.2727272727272729
 1464 0.3333333333333335
 638 0.393939393939394
 912 0.4545454545454546
 619 0.5151515151515151
 795 0.5757575757575757
 610 0.6363636363636367
 747 0.6969696969696972
 540 0.7575757575757578
 14 0.8181818181818183
 500 0.8787878787878789
 33 0.9393939393939394
 541 1
 15 1.060606060606061
 494 1.121212121212121
 13 1.181818181818182
 25 1.242424242424242
 109 1.303030303030303
 29 1.363636363636363
 134 1.424242424242425
 36 1.484848484848485
 95 1.545454545454546
 4 1.606060606060606
 0 1.666666666666667
 0 1.727272727272728
 52 1.787878787878788
 5 1.848484848484849
 29 1.909090909090909
 5 1.96969696969697
 2 2.03030303030303
 0 2.090909090909091
 0 2.151515151515151
 5 2.212121212121212
 0 2.272727272727272
 0 2.333333333333334
 6 2.393939393939394
 0 2.454545454545455
 0 2.515151515151516
 0 2.575757575757576
 0 2.636363636363637
 0 2.696969696969697
 0 2.757575757575758
 0 2.818181818181818
 0 2.878787878787879
 0 2.939393939393939
 0 3


