# Created by Octave 3.8.2, Sun Jun 21 03:51:48 2020 CEST <damian@fptrucha.inv.usc.es>
# name: hd
# type: matrix
# rows: 100
# columns: 2
 0 -3
 0 -2.939393939393939
 0 -2.878787878787879
 0 -2.818181818181818
 0 -2.757575757575758
 0 -2.696969696969697
 0 -2.636363636363636
 2 -2.575757575757576
 0 -2.515151515151515
 5 -2.454545454545455
 0 -2.393939393939394
 0 -2.333333333333333
 0 -2.272727272727272
 0 -2.212121212121212
 0 -2.151515151515151
 4 -2.090909090909091
 7 -2.03030303030303
 34 -1.96969696969697
 19 -1.909090909090909
 0 -1.848484848484848
 1 -1.787878787878788
 0 -1.727272727272727
 4 -1.666666666666667
 91 -1.606060606060606
 18 -1.545454545454545
 75 -1.484848484848485
 17 -1.424242424242424
 78 -1.363636363636364
 20 -1.303030303030303
 12 -1.242424242424242
 519 -1.181818181818182
 14 -1.121212121212121
 482 -1.060606060606061
 13 -1
 441 -0.9393939393939394
 16 -0.8787878787878789
 394 -0.8181818181818183
 953 -0.7575757575757573
 616 -0.6969696969696968
 980 -0.6363636363636362
 632 -0.5757575757575757
 839 -0.5151515151515151
 536 -0.4545454545454546
 824 -0.393939393939394
 4254 -0.333333333333333
 508 -0.2727272727272725
 2823 -0.2121212121212119
 8 -0.1515151515151514
 2563 -0.09090909090909083
 7 -0.03030303030303028
 2356 0.03030303030303028
 11 0.09090909090909083
 2177 0.1515151515151514
 1676 0.2121212121212124
 2056 0.2727272727272729
 1612 0.3333333333333335
 606 0.393939393939394
 855 0.4545454545454546
 648 0.5151515151515151
 799 0.5757575757575757
 577 0.6363636363636367
 790 0.6969696969696972
 560 0.7575757575757578
 7 0.8181818181818183
 555 0.8787878787878789
 11 0.9393939393939394
 516 1
 14 1.060606060606061
 488 1.121212121212121
 16 1.181818181818182
 33 1.242424242424242
 87 1.303030303030303
 22 1.363636363636363
 84 1.424242424242425
 21 1.484848484848485
 106 1.545454545454546
 2 1.606060606060606
 0 1.666666666666667
 1 1.727272727272728
 37 1.787878787878788
 3 1.848484848484849
 26 1.909090909090909
 3 1.96969696969697
 2 2.03030303030303
 0 2.090909090909091
 0 2.151515151515151
 2 2.212121212121212
 0 2.272727272727272
 0 2.333333333333334
 7 2.393939393939394
 0 2.454545454545455
 1 2.515151515151516
 0 2.575757575757576
 0 2.636363636363637
 0 2.696969696969697
 0 2.757575757575758
 0 2.818181818181818
 0 2.878787878787879
 0 2.939393939393939
 0 3


