# Created by Octave 3.8.2, Sat Jun 20 08:07:56 2020 CEST <damian@fptrucha.inv.usc.es>
# name: hd
# type: matrix
# rows: 100
# columns: 2
 0 -3
 0 -2.939393939393939
 0 -2.878787878787879
 0 -2.818181818181818
 0 -2.757575757575758
 0 -2.696969696969697
 0 -2.636363636363636
 1 -2.575757575757576
 0 -2.515151515151515
 5 -2.454545454545455
 0 -2.393939393939394
 0 -2.333333333333333
 0 -2.272727272727272
 0 -2.212121212121212
 0 -2.151515151515151
 0 -2.090909090909091
 2 -2.03030303030303
 26 -1.96969696969697
 25 -1.909090909090909
 2 -1.848484848484848
 0 -1.787878787878788
 0 -1.727272727272727
 0 -1.666666666666667
 121 -1.606060606060606
 24 -1.545454545454545
 98 -1.484848484848485
 24 -1.424242424242424
 102 -1.363636363636364
 24 -1.303030303030303
 19 -1.242424242424242
 648 -1.181818181818182
 19 -1.121212121212121
 630 -1.060606060606061
 18 -1
 587 -0.9393939393939394
 19 -0.8787878787878789
 542 -0.8181818181818183
 1180 -0.7575757575757573
 789 -0.6969696969696968
 1166 -0.6363636363636362
 707 -0.5757575757575757
 1087 -0.5151515151515151
 700 -0.4545454545454546
 1019 -0.393939393939394
 4851 -0.333333333333333
 580 -0.2727272727272725
 3156 -0.2121212121212119
 15 -0.1515151515151514
 3005 -0.09090909090909083
 10 -0.03030303030303028
 2903 0.03030303030303028
 17 0.09090909090909083
 2512 0.1515151515151514
 1935 0.2121212121212124
 2472 0.2727272727272729
 1849 0.3333333333333335
 749 0.393939393939394
 942 0.4545454545454546
 681 0.5151515151515151
 923 0.5757575757575757
 633 0.6363636363636367
 818 0.6969696969696972
 649 0.7575757575757578
 9 0.8181818181818183
 586 0.8787878787878789
 14 0.9393939393939394
 554 1
 15 1.060606060606061
 503 1.121212121212121
 14 1.181818181818182
 22 1.242424242424242
 99 1.303030303030303
 21 1.363636363636363
 95 1.424242424242425
 24 1.484848484848485
 88 1.545454545454546
 2 1.606060606060606
 0 1.666666666666667
 0 1.727272727272728
 34 1.787878787878788
 1 1.848484848484849
 24 1.909090909090909
 3 1.96969696969697
 2 2.03030303030303
 0 2.090909090909091
 0 2.151515151515151
 0 2.212121212121212
 0 2.272727272727272
 1 2.333333333333334
 7 2.393939393939394
 0 2.454545454545455
 1 2.515151515151516
 0 2.575757575757576
 0 2.636363636363637
 0 2.696969696969697
 0 2.757575757575758
 0 2.818181818181818
 0 2.878787878787879
 0 2.939393939393939
 0 3


