# Created by Octave 3.8.2, Sat Jun 20 05:24:09 2020 CEST <damian@fptrucha.inv.usc.es>
# name: hd
# type: matrix
# rows: 100
# columns: 2
 0 -3
 0 -2.939393939393939
 0 -2.878787878787879
 0 -2.818181818181818
 0 -2.757575757575758
 0 -2.696969696969697
 0 -2.636363636363636
 2 -2.575757575757576
 0 -2.515151515151515
 3 -2.454545454545455
 2 -2.393939393939394
 0 -2.333333333333333
 1 -2.272727272727272
 0 -2.212121212121212
 0 -2.151515151515151
 1 -2.090909090909091
 3 -2.03030303030303
 27 -1.96969696969697
 40 -1.909090909090909
 3 -1.848484848484848
 0 -1.787878787878788
 0 -1.727272727272727
 2 -1.666666666666667
 100 -1.606060606060606
 34 -1.545454545454545
 99 -1.484848484848485
 27 -1.424242424242424
 111 -1.363636363636364
 30 -1.303030303030303
 14 -1.242424242424242
 606 -1.181818181818182
 15 -1.121212121212121
 610 -1.060606060606061
 16 -1
 503 -0.9393939393939394
 21 -0.8787878787878789
 519 -0.8181818181818183
 1131 -0.7575757575757573
 757 -0.6969696969696968
 1109 -0.6363636363636362
 700 -0.5757575757575757
 962 -0.5151515151515151
 661 -0.4545454545454546
 934 -0.393939393939394
 4748 -0.333333333333333
 633 -0.2727272727272725
 3193 -0.2121212121212119
 8 -0.1515151515151514
 2933 -0.09090909090909083
 8 -0.03030303030303028
 2761 0.03030303030303028
 11 0.09090909090909083
 2431 0.1515151515151514
 1783 0.2121212121212124
 2511 0.2727272727272729
 1796 0.3333333333333335
 666 0.393939393939394
 974 0.4545454545454546
 711 0.5151515151515151
 871 0.5757575757575757
 668 0.6363636363636367
 823 0.6969696969696972
 610 0.7575757575757578
 11 0.8181818181818183
 531 0.8787878787878789
 16 0.9393939393939394
 534 1
 9 1.060606060606061
 525 1.121212121212121
 8 1.181818181818182
 35 1.242424242424242
 108 1.303030303030303
 30 1.363636363636363
 104 1.424242424242425
 23 1.484848484848485
 88 1.545454545454546
 1 1.606060606060606
 0 1.666666666666667
 3 1.727272727272728
 29 1.787878787878788
 6 1.848484848484849
 29 1.909090909090909
 7 1.96969696969697
 1 2.03030303030303
 0 2.090909090909091
 0 2.151515151515151
 1 2.212121212121212
 1 2.272727272727272
 2 2.333333333333334
 11 2.393939393939394
 0 2.454545454545455
 0 2.515151515151516
 0 2.575757575757576
 0 2.636363636363637
 0 2.696969696969697
 0 2.757575757575758
 0 2.818181818181818
 0 2.878787878787879
 0 2.939393939393939
 0 3


