# Created by Octave 3.8.2, Sun Jun 21 06:54:20 2020 CEST <damian@fptrucha.inv.usc.es>
# name: hd
# type: matrix
# rows: 100
# columns: 2
 0 -3
 0 -2.939393939393939
 0 -2.878787878787879
 0 -2.818181818181818
 0 -2.757575757575758
 0 -2.696969696969697
 0 -2.636363636363636
 1 -2.575757575757576
 1 -2.515151515151515
 2 -2.454545454545455
 3 -2.393939393939394
 1 -2.333333333333333
 0 -2.272727272727272
 0 -2.212121212121212
 0 -2.151515151515151
 0 -2.090909090909091
 2 -2.03030303030303
 13 -1.96969696969697
 21 -1.909090909090909
 0 -1.848484848484848
 0 -1.787878787878788
 0 -1.727272727272727
 0 -1.666666666666667
 84 -1.606060606060606
 26 -1.545454545454545
 78 -1.484848484848485
 20 -1.424242424242424
 76 -1.363636363636364
 15 -1.303030303030303
 15 -1.242424242424242
 528 -1.181818181818182
 11 -1.121212121212121
 498 -1.060606060606061
 9 -1
 430 -0.9393939393939394
 9 -0.8787878787878789
 448 -0.8181818181818183
 967 -0.7575757575757573
 657 -0.6969696969696968
 983 -0.6363636363636362
 629 -0.5757575757575757
 857 -0.5151515151515151
 555 -0.4545454545454546
 800 -0.393939393939394
 3985 -0.333333333333333
 488 -0.2727272727272725
 2819 -0.2121212121212119
 8 -0.1515151515151514
 2594 -0.09090909090909083
 4 -0.03030303030303028
 2480 0.03030303030303028
 17 0.09090909090909083
 2163 0.1515151515151514
 1639 0.2121212121212124
 2083 0.2727272727272729
 1576 0.3333333333333335
 596 0.393939393939394
 880 0.4545454545454546
 595 0.5151515151515151
 761 0.5757575757575757
 558 0.6363636363636367
 767 0.6969696969696972
 487 0.7575757575757578
 12 0.8181818181818183
 528 0.8787878787878789
 11 0.9393939393939394
 469 1
 8 1.060606060606061
 470 1.121212121212121
 7 1.181818181818182
 19 1.242424242424242
 86 1.303030303030303
 11 1.363636363636363
 80 1.424242424242425
 24 1.484848484848485
 82 1.545454545454546
 0 1.606060606060606
 0 1.666666666666667
 2 1.727272727272728
 28 1.787878787878788
 2 1.848484848484849
 28 1.909090909090909
 2 1.96969696969697
 0 2.03030303030303
 0 2.090909090909091
 0 2.151515151515151
 1 2.212121212121212
 0 2.272727272727272
 0 2.333333333333334
 5 2.393939393939394
 0 2.454545454545455
 1 2.515151515151516
 0 2.575757575757576
 0 2.636363636363637
 0 2.696969696969697
 0 2.757575757575758
 0 2.818181818181818
 0 2.878787878787879
 0 2.939393939393939
 0 3


