# Created by Octave 3.8.2, Mon Jun 22 01:20:03 2020 CEST <damian@fptrucha.inv.usc.es>
# name: hd
# type: matrix
# rows: 100
# columns: 2
 0 -3
 0 -2.939393939393939
 0 -2.878787878787879
 0 -2.818181818181818
 0 -2.757575757575758
 0 -2.696969696969697
 0 -2.636363636363636
 1 -2.575757575757576
 1 -2.515151515151515
 4 -2.454545454545455
 0 -2.393939393939394
 0 -2.333333333333333
 1 -2.272727272727272
 0 -2.212121212121212
 0 -2.151515151515151
 4 -2.090909090909091
 3 -2.03030303030303
 21 -1.96969696969697
 19 -1.909090909090909
 1 -1.848484848484848
 0 -1.787878787878788
 0 -1.727272727272727
 1 -1.666666666666667
 79 -1.606060606060606
 15 -1.545454545454545
 93 -1.484848484848485
 18 -1.424242424242424
 85 -1.363636363636364
 18 -1.303030303030303
 9 -1.242424242424242
 518 -1.181818181818182
 17 -1.121212121212121
 476 -1.060606060606061
 6 -1
 431 -0.9393939393939394
 12 -0.8787878787878789
 419 -0.8181818181818183
 949 -0.7575757575757573
 675 -0.6969696969696968
 1060 -0.6363636363636362
 620 -0.5757575757575757
 844 -0.5151515151515151
 527 -0.4545454545454546
 800 -0.393939393939394
 4089 -0.333333333333333
 508 -0.2727272727272725
 2909 -0.2121212121212119
 11 -0.1515151515151514
 2569 -0.09090909090909083
 15 -0.03030303030303028
 2425 0.03030303030303028
 5 0.09090909090909083
 2196 0.1515151515151514
 1674 0.2121212121212124
 2156 0.2727272727272729
 1646 0.3333333333333335
 611 0.393939393939394
 879 0.4545454545454546
 620 0.5151515151515151
 825 0.5757575757575757
 606 0.6363636363636367
 823 0.6969696969696972
 572 0.7575757575757578
 8 0.8181818181818183
 522 0.8787878787878789
 15 0.9393939393939394
 532 1
 9 1.060606060606061
 458 1.121212121212121
 12 1.181818181818182
 33 1.242424242424242
 88 1.303030303030303
 16 1.363636363636363
 101 1.424242424242425
 17 1.484848484848485
 85 1.545454545454546
 1 1.606060606060606
 0 1.666666666666667
 1 1.727272727272728
 29 1.787878787878788
 4 1.848484848484849
 24 1.909090909090909
 3 1.96969696969697
 0 2.03030303030303
 0 2.090909090909091
 0 2.151515151515151
 0 2.212121212121212
 0 2.272727272727272
 1 2.333333333333334
 5 2.393939393939394
 0 2.454545454545455
 0 2.515151515151516
 0 2.575757575757576
 0 2.636363636363637
 0 2.696969696969697
 0 2.757575757575758
 0 2.818181818181818
 0 2.878787878787879
 0 2.939393939393939
 0 3


