# Created by Octave 3.8.2, Sat Jun 20 04:21:36 2020 CEST <damian@fptrucha.inv.usc.es>
# name: hd
# type: matrix
# rows: 100
# columns: 2
 0 -3
 0 -2.939393939393939
 0 -2.878787878787879
 0 -2.818181818181818
 0 -2.757575757575758
 0 -2.696969696969697
 0 -2.636363636363636
 1 -2.575757575757576
 1 -2.515151515151515
 4 -2.454545454545455
 0 -2.393939393939394
 0 -2.333333333333333
 1 -2.272727272727272
 0 -2.212121212121212
 0 -2.151515151515151
 0 -2.090909090909091
 10 -2.03030303030303
 26 -1.96969696969697
 48 -1.909090909090909
 3 -1.848484848484848
 0 -1.787878787878788
 0 -1.727272727272727
 0 -1.666666666666667
 109 -1.606060606060606
 29 -1.545454545454545
 122 -1.484848484848485
 32 -1.424242424242424
 107 -1.363636363636364
 22 -1.303030303030303
 16 -1.242424242424242
 666 -1.181818181818182
 13 -1.121212121212121
 651 -1.060606060606061
 14 -1
 589 -0.9393939393939394
 16 -0.8787878787878789
 593 -0.8181818181818183
 1205 -0.7575757575757573
 798 -0.6969696969696968
 1218 -0.6363636363636362
 751 -0.5757575757575757
 1045 -0.5151515151515151
 659 -0.4545454545454546
 985 -0.393939393939394
 4962 -0.333333333333333
 628 -0.2727272727272725
 3081 -0.2121212121212119
 9 -0.1515151515151514
 2957 -0.09090909090909083
 11 -0.03030303030303028
 2829 0.03030303030303028
 11 0.09090909090909083
 2489 0.1515151515151514
 1844 0.2121212121212124
 2452 0.2727272727272729
 1677 0.3333333333333335
 649 0.393939393939394
 856 0.4545454545454546
 701 0.5151515151515151
 887 0.5757575757575757
 606 0.6363636363636367
 776 0.6969696969696972
 577 0.7575757575757578
 8 0.8181818181818183
 515 0.8787878787878789
 8 0.9393939393939394
 518 1
 22 1.060606060606061
 453 1.121212121212121
 9 1.181818181818182
 22 1.242424242424242
 98 1.303030303030303
 23 1.363636363636363
 87 1.424242424242425
 14 1.484848484848485
 76 1.545454545454546
 2 1.606060606060606
 0 1.666666666666667
 1 1.727272727272728
 23 1.787878787878788
 6 1.848484848484849
 34 1.909090909090909
 4 1.96969696969697
 3 2.03030303030303
 0 2.090909090909091
 0 2.151515151515151
 1 2.212121212121212
 1 2.272727272727272
 1 2.333333333333334
 8 2.393939393939394
 0 2.454545454545455
 0 2.515151515151516
 0 2.575757575757576
 0 2.636363636363637
 0 2.696969696969697
 0 2.757575757575758
 0 2.818181818181818
 0 2.878787878787879
 0 2.939393939393939
 0 3


