# Created by Octave 3.8.2, Sun Jun 21 08:15:26 2020 CEST <damian@fptrucha.inv.usc.es>
# name: hd
# type: matrix
# rows: 100
# columns: 2
 0 -3
 0 -2.939393939393939
 0 -2.878787878787879
 0 -2.818181818181818
 0 -2.757575757575758
 0 -2.696969696969697
 0 -2.636363636363636
 3 -2.575757575757576
 1 -2.515151515151515
 10 -2.454545454545455
 0 -2.393939393939394
 1 -2.333333333333333
 2 -2.272727272727272
 0 -2.212121212121212
 0 -2.151515151515151
 1 -2.090909090909091
 3 -2.03030303030303
 20 -1.96969696969697
 31 -1.909090909090909
 1 -1.848484848484848
 1 -1.787878787878788
 0 -1.727272727272727
 2 -1.666666666666667
 94 -1.606060606060606
 16 -1.545454545454545
 84 -1.484848484848485
 26 -1.424242424242424
 72 -1.363636363636364
 20 -1.303030303030303
 12 -1.242424242424242
 549 -1.181818181818182
 9 -1.121212121212121
 499 -1.060606060606061
 9 -1
 422 -0.9393939393939394
 15 -0.8787878787878789
 419 -0.8181818181818183
 950 -0.7575757575757573
 640 -0.6969696969696968
 983 -0.6363636363636362
 666 -0.5757575757575757
 885 -0.5151515151515151
 545 -0.4545454545454546
 784 -0.393939393939394
 4168 -0.333333333333333
 527 -0.2727272727272725
 2954 -0.2121212121212119
 7 -0.1515151515151514
 2546 -0.09090909090909083
 11 -0.03030303030303028
 2550 0.03030303030303028
 10 0.09090909090909083
 2042 0.1515151515151514
 1701 0.2121212121212124
 2273 0.2727272727272729
 1547 0.3333333333333335
 589 0.393939393939394
 900 0.4545454545454546
 616 0.5151515151515151
 813 0.5757575757575757
 590 0.6363636363636367
 796 0.6969696969696972
 556 0.7575757575757578
 15 0.8181818181818183
 486 0.8787878787878789
 13 0.9393939393939394
 522 1
 12 1.060606060606061
 464 1.121212121212121
 11 1.181818181818182
 24 1.242424242424242
 108 1.303030303030303
 27 1.363636363636363
 100 1.424242424242425
 33 1.484848484848485
 76 1.545454545454546
 1 1.606060606060606
 0 1.666666666666667
 2 1.727272727272728
 31 1.787878787878788
 5 1.848484848484849
 22 1.909090909090909
 0 1.96969696969697
 1 2.03030303030303
 0 2.090909090909091
 0 2.151515151515151
 0 2.212121212121212
 1 2.272727272727272
 0 2.333333333333334
 7 2.393939393939394
 0 2.454545454545455
 1 2.515151515151516
 0 2.575757575757576
 0 2.636363636363637
 0 2.696969696969697
 0 2.757575757575758
 0 2.818181818181818
 0 2.878787878787879
 0 2.939393939393939
 0 3


