# Created by Octave 3.8.2, Sat Jun 20 09:58:56 2020 CEST <damian@fptrucha.inv.usc.es>
# name: hd
# type: matrix
# rows: 100
# columns: 2
 0 -3
 0 -2.939393939393939
 0 -2.878787878787879
 0 -2.818181818181818
 0 -2.757575757575758
 0 -2.696969696969697
 0 -2.636363636363636
 1 -2.575757575757576
 0 -2.515151515151515
 5 -2.454545454545455
 0 -2.393939393939394
 0 -2.333333333333333
 1 -2.272727272727272
 0 -2.212121212121212
 0 -2.151515151515151
 0 -2.090909090909091
 0 -2.03030303030303
 12 -1.96969696969697
 12 -1.909090909090909
 1 -1.848484848484848
 0 -1.787878787878788
 0 -1.727272727272727
 2 -1.666666666666667
 66 -1.606060606060606
 23 -1.545454545454545
 70 -1.484848484848485
 13 -1.424242424242424
 61 -1.363636363636364
 9 -1.303030303030303
 9 -1.242424242424242
 393 -1.181818181818182
 9 -1.121212121212121
 373 -1.060606060606061
 8 -1
 333 -0.9393939393939394
 11 -0.8787878787878789
 321 -0.8181818181818183
 807 -0.7575757575757573
 506 -0.6969696969696968
 771 -0.6363636363636362
 443 -0.5757575757575757
 687 -0.5151515151515151
 447 -0.4545454545454546
 624 -0.393939393939394
 3212 -0.333333333333333
 406 -0.2727272727272725
 2137 -0.2121212121212119
 6 -0.1515151515151514
 1954 -0.09090909090909083
 2 -0.03030303030303028
 1887 0.03030303030303028
 4 0.09090909090909083
 1645 0.1515151515151514
 1343 0.2121212121212124
 1629 0.2727272727272729
 1255 0.3333333333333335
 501 0.393939393939394
 703 0.4545454545454546
 488 0.5151515151515151
 610 0.5757575757575757
 455 0.6363636363636367
 614 0.6969696969696972
 442 0.7575757575757578
 9 0.8181818181818183
 374 0.8787878787878789
 12 0.9393939393939394
 382 1
 10 1.060606060606061
 361 1.121212121212121
 8 1.181818181818182
 21 1.242424242424242
 77 1.303030303030303
 15 1.363636363636363
 90 1.424242424242425
 24 1.484848484848485
 85 1.545454545454546
 1 1.606060606060606
 0 1.666666666666667
 1 1.727272727272728
 26 1.787878787878788
 0 1.848484848484849
 27 1.909090909090909
 4 1.96969696969697
 0 2.03030303030303
 0 2.090909090909091
 0 2.151515151515151
 1 2.212121212121212
 0 2.272727272727272
 1 2.333333333333334
 7 2.393939393939394
 0 2.454545454545455
 2 2.515151515151516
 0 2.575757575757576
 0 2.636363636363637
 0 2.696969696969697
 0 2.757575757575758
 0 2.818181818181818
 0 2.878787878787879
 0 2.939393939393939
 0 3


