# Created by Octave 3.8.2, Sat Jun 20 12:36:51 2020 CEST <damian@fptrucha.inv.usc.es>
# name: hd
# type: matrix
# rows: 100
# columns: 2
 0 -3
 0 -2.939393939393939
 0 -2.878787878787879
 0 -2.818181818181818
 0 -2.757575757575758
 0 -2.696969696969697
 0 -2.636363636363636
 1 -2.575757575757576
 0 -2.515151515151515
 3 -2.454545454545455
 0 -2.393939393939394
 3 -2.333333333333333
 1 -2.272727272727272
 0 -2.212121212121212
 0 -2.151515151515151
 3 -2.090909090909091
 3 -2.03030303030303
 24 -1.96969696969697
 31 -1.909090909090909
 1 -1.848484848484848
 0 -1.787878787878788
 0 -1.727272727272727
 3 -1.666666666666667
 97 -1.606060606060606
 17 -1.545454545454545
 97 -1.484848484848485
 23 -1.424242424242424
 83 -1.363636363636364
 13 -1.303030303030303
 20 -1.242424242424242
 596 -1.181818181818182
 14 -1.121212121212121
 546 -1.060606060606061
 6 -1
 449 -0.9393939393939394
 21 -0.8787878787878789
 483 -0.8181818181818183
 1031 -0.7575757575757573
 719 -0.6969696969696968
 1071 -0.6363636363636362
 655 -0.5757575757575757
 926 -0.5151515151515151
 641 -0.4545454545454546
 860 -0.393939393939394
 4522 -0.333333333333333
 573 -0.2727272727272725
 3116 -0.2121212121212119
 7 -0.1515151515151514
 2914 -0.09090909090909083
 9 -0.03030303030303028
 2872 0.03030303030303028
 13 0.09090909090909083
 2411 0.1515151515151514
 1959 0.2121212121212124
 2302 0.2727272727272729
 1915 0.3333333333333335
 744 0.393939393939394
 998 0.4545454545454546
 754 0.5151515151515151
 945 0.5757575757575757
 643 0.6363636363636367
 844 0.6969696969696972
 646 0.7575757575757578
 11 0.8181818181818183
 610 0.8787878787878789
 13 0.9393939393939394
 630 1
 17 1.060606060606061
 538 1.121212121212121
 14 1.181818181818182
 40 1.242424242424242
 127 1.303030303030303
 31 1.363636363636363
 138 1.424242424242425
 28 1.484848484848485
 101 1.545454545454546
 1 1.606060606060606
 0 1.666666666666667
 1 1.727272727272728
 27 1.787878787878788
 7 1.848484848484849
 43 1.909090909090909
 4 1.96969696969697
 0 2.03030303030303
 0 2.090909090909091
 0 2.151515151515151
 5 2.212121212121212
 0 2.272727272727272
 0 2.333333333333334
 8 2.393939393939394
 0 2.454545454545455
 0 2.515151515151516
 0 2.575757575757576
 0 2.636363636363637
 0 2.696969696969697
 0 2.757575757575758
 0 2.818181818181818
 0 2.878787878787879
 0 2.939393939393939
 0 3


