# Created by Octave 3.8.2, Mon Jun 22 09:16:06 2020 CEST <damian@fptrucha.inv.usc.es>
# name: hd
# type: matrix
# rows: 100
# columns: 2
 0 -3
 0 -2.939393939393939
 0 -2.878787878787879
 0 -2.818181818181818
 0 -2.757575757575758
 0 -2.696969696969697
 0 -2.636363636363636
 3 -2.575757575757576
 2 -2.515151515151515
 5 -2.454545454545455
 0 -2.393939393939394
 0 -2.333333333333333
 1 -2.272727272727272
 0 -2.212121212121212
 0 -2.151515151515151
 3 -2.090909090909091
 9 -2.03030303030303
 43 -1.96969696969697
 34 -1.909090909090909
 1 -1.848484848484848
 0 -1.787878787878788
 0 -1.727272727272727
 4 -1.666666666666667
 97 -1.606060606060606
 18 -1.545454545454545
 84 -1.484848484848485
 33 -1.424242424242424
 125 -1.363636363636364
 19 -1.303030303030303
 9 -1.242424242424242
 549 -1.181818181818182
 9 -1.121212121212121
 493 -1.060606060606061
 14 -1
 522 -0.9393939393939394
 16 -0.8787878787878789
 510 -0.8181818181818183
 855 -0.7575757575757573
 639 -0.6969696969696968
 992 -0.6363636363636362
 603 -0.5757575757575757
 851 -0.5151515151515151
 599 -0.4545454545454546
 937 -0.393939393939394
 3872 -0.333333333333333
 578 -0.2727272727272725
 2424 -0.2121212121212119
 17 -0.1515151515151514
 2621 -0.09090909090909083
 14 -0.03030303030303028
 2497 0.03030303030303028
 17 0.09090909090909083
 2228 0.1515151515151514
 1415 0.2121212121212124
 2274 0.2727272727272729
 1547 0.3333333333333335
 676 0.393939393939394
 914 0.4545454545454546
 673 0.5151515151515151
 813 0.5757575757575757
 611 0.6363636363636367
 816 0.6969696969696972
 500 0.7575757575757578
 11 0.8181818181818183
 546 0.8787878787878789
 16 0.9393939393939394
 518 1
 20 1.060606060606061
 478 1.121212121212121
 14 1.181818181818182
 29 1.242424242424242
 117 1.303030303030303
 20 1.363636363636363
 130 1.424242424242425
 38 1.484848484848485
 95 1.545454545454546
 4 1.606060606060606
 0 1.666666666666667
 2 1.727272727272728
 34 1.787878787878788
 3 1.848484848484849
 42 1.909090909090909
 2 1.96969696969697
 2 2.03030303030303
 0 2.090909090909091
 0 2.151515151515151
 3 2.212121212121212
 0 2.272727272727272
 2 2.333333333333334
 10 2.393939393939394
 2 2.454545454545455
 0 2.515151515151516
 0 2.575757575757576
 0 2.636363636363637
 0 2.696969696969697
 0 2.757575757575758
 0 2.818181818181818
 0 2.878787878787879
 0 2.939393939393939
 0 3


