# Created by Octave 3.8.2, Mon Jun 22 14:34:17 2020 CEST <damian@fptrucha.inv.usc.es>
# name: hd
# type: matrix
# rows: 100
# columns: 2
 0 -3
 0 -2.939393939393939
 0 -2.878787878787879
 0 -2.818181818181818
 0 -2.757575757575758
 0 -2.696969696969697
 0 -2.636363636363636
 3 -2.575757575757576
 0 -2.515151515151515
 13 -2.454545454545455
 1 -2.393939393939394
 2 -2.333333333333333
 1 -2.272727272727272
 0 -2.212121212121212
 0 -2.151515151515151
 3 -2.090909090909091
 3 -2.03030303030303
 32 -1.96969696969697
 44 -1.909090909090909
 3 -1.848484848484848
 3 -1.787878787878788
 0 -1.727272727272727
 1 -1.666666666666667
 102 -1.606060606060606
 27 -1.545454545454545
 108 -1.484848484848485
 30 -1.424242424242424
 127 -1.363636363636364
 32 -1.303030303030303
 13 -1.242424242424242
 525 -1.181818181818182
 21 -1.121212121212121
 516 -1.060606060606061
 12 -1
 516 -0.9393939393939394
 19 -0.8787878787878789
 540 -0.8181818181818183
 870 -0.7575757575757573
 607 -0.6969696969696968
 961 -0.6363636363636362
 652 -0.5757575757575757
 890 -0.5151515151515151
 630 -0.4545454545454546
 892 -0.393939393939394
 4124 -0.333333333333333
 548 -0.2727272727272725
 2663 -0.2121212121212119
 14 -0.1515151515151514
 2709 -0.09090909090909083
 18 -0.03030303030303028
 2566 0.03030303030303028
 19 0.09090909090909083
 2331 0.1515151515151514
 1518 0.2121212121212124
 2378 0.2727272727272729
 1590 0.3333333333333335
 693 0.393939393939394
 919 0.4545454545454546
 685 0.5151515151515151
 812 0.5757575757575757
 673 0.6363636363636367
 876 0.6969696969696972
 601 0.7575757575757578
 13 0.8181818181818183
 646 0.8787878787878789
 17 0.9393939393939394
 583 1
 20 1.060606060606061
 536 1.121212121212121
 10 1.181818181818182
 26 1.242424242424242
 97 1.303030303030303
 28 1.363636363636363
 102 1.424242424242425
 36 1.484848484848485
 111 1.545454545454546
 3 1.606060606060606
 0 1.666666666666667
 0 1.727272727272728
 61 1.787878787878788
 5 1.848484848484849
 34 1.909090909090909
 4 1.96969696969697
 2 2.03030303030303
 0 2.090909090909091
 0 2.151515151515151
 2 2.212121212121212
 1 2.272727272727272
 1 2.333333333333334
 13 2.393939393939394
 0 2.454545454545455
 0 2.515151515151516
 0 2.575757575757576
 0 2.636363636363637
 0 2.696969696969697
 0 2.757575757575758
 0 2.818181818181818
 0 2.878787878787879
 0 2.939393939393939
 0 3


