# Created by Octave 3.8.2, Mon Jun 22 13:21:47 2020 CEST <damian@fptrucha.inv.usc.es>
# name: hd
# type: matrix
# rows: 100
# columns: 2
 0 -3
 0 -2.939393939393939
 0 -2.878787878787879
 0 -2.818181818181818
 0 -2.757575757575758
 0 -2.696969696969697
 0 -2.636363636363636
 1 -2.575757575757576
 1 -2.515151515151515
 7 -2.454545454545455
 0 -2.393939393939394
 1 -2.333333333333333
 5 -2.272727272727272
 0 -2.212121212121212
 0 -2.151515151515151
 2 -2.090909090909091
 5 -2.03030303030303
 32 -1.96969696969697
 29 -1.909090909090909
 3 -1.848484848484848
 2 -1.787878787878788
 0 -1.727272727272727
 2 -1.666666666666667
 94 -1.606060606060606
 25 -1.545454545454545
 114 -1.484848484848485
 18 -1.424242424242424
 118 -1.363636363636364
 28 -1.303030303030303
 12 -1.242424242424242
 554 -1.181818181818182
 13 -1.121212121212121
 562 -1.060606060606061
 18 -1
 555 -0.9393939393939394
 16 -0.8787878787878789
 522 -0.8181818181818183
 888 -0.7575757575757573
 615 -0.6969696969696968
 1001 -0.6363636363636362
 654 -0.5757575757575757
 937 -0.5151515151515151
 640 -0.4545454545454546
 884 -0.393939393939394
 4125 -0.333333333333333
 589 -0.2727272727272725
 2685 -0.2121212121212119
 17 -0.1515151515151514
 2729 -0.09090909090909083
 16 -0.03030303030303028
 2601 0.03030303030303028
 23 0.09090909090909083
 2333 0.1515151515151514
 1564 0.2121212121212124
 2331 0.2727272727272729
 1564 0.3333333333333335
 674 0.393939393939394
 912 0.4545454545454546
 633 0.5151515151515151
 842 0.5757575757575757
 663 0.6363636363636367
 872 0.6969696969696972
 558 0.7575757575757578
 17 0.8181818181818183
 567 0.8787878787878789
 21 0.9393939393939394
 531 1
 8 1.060606060606061
 553 1.121212121212121
 15 1.181818181818182
 34 1.242424242424242
 106 1.303030303030303
 25 1.363636363636363
 124 1.424242424242425
 32 1.484848484848485
 118 1.545454545454546
 5 1.606060606060606
 0 1.666666666666667
 2 1.727272727272728
 56 1.787878787878788
 7 1.848484848484849
 28 1.909090909090909
 2 1.96969696969697
 1 2.03030303030303
 0 2.090909090909091
 0 2.151515151515151
 4 2.212121212121212
 0 2.272727272727272
 2 2.333333333333334
 9 2.393939393939394
 2 2.454545454545455
 2 2.515151515151516
 0 2.575757575757576
 0 2.636363636363637
 0 2.696969696969697
 0 2.757575757575758
 0 2.818181818181818
 0 2.878787878787879
 0 2.939393939393939
 0 3


