# Created by Octave 3.8.2, Sun Jun 21 04:28:37 2020 CEST <damian@fptrucha.inv.usc.es>
# name: hd
# type: matrix
# rows: 100
# columns: 2
 0 -3
 0 -2.939393939393939
 0 -2.878787878787879
 0 -2.818181818181818
 0 -2.757575757575758
 0 -2.696969696969697
 0 -2.636363636363636
 0 -2.575757575757576
 0 -2.515151515151515
 5 -2.454545454545455
 1 -2.393939393939394
 0 -2.333333333333333
 1 -2.272727272727272
 0 -2.212121212121212
 0 -2.151515151515151
 2 -2.090909090909091
 3 -2.03030303030303
 21 -1.96969696969697
 23 -1.909090909090909
 0 -1.848484848484848
 2 -1.787878787878788
 0 -1.727272727272727
 2 -1.666666666666667
 101 -1.606060606060606
 26 -1.545454545454545
 79 -1.484848484848485
 29 -1.424242424242424
 91 -1.363636363636364
 21 -1.303030303030303
 8 -1.242424242424242
 509 -1.181818181818182
 10 -1.121212121212121
 555 -1.060606060606061
 15 -1
 420 -0.9393939393939394
 14 -0.8787878787878789
 410 -0.8181818181818183
 926 -0.7575757575757573
 625 -0.6969696969696968
 1065 -0.6363636363636362
 603 -0.5757575757575757
 837 -0.5151515151515151
 537 -0.4545454545454546
 819 -0.393939393939394
 4186 -0.333333333333333
 548 -0.2727272727272725
 2802 -0.2121212121212119
 7 -0.1515151515151514
 2613 -0.09090909090909083
 12 -0.03030303030303028
 2478 0.03030303030303028
 14 0.09090909090909083
 2194 0.1515151515151514
 1660 0.2121212121212124
 2143 0.2727272727272729
 1561 0.3333333333333335
 631 0.393939393939394
 869 0.4545454545454546
 651 0.5151515151515151
 775 0.5757575757575757
 596 0.6363636363636367
 818 0.6969696969696972
 529 0.7575757575757578
 8 0.8181818181818183
 493 0.8787878787878789
 9 0.9393939393939394
 514 1
 15 1.060606060606061
 478 1.121212121212121
 11 1.181818181818182
 30 1.242424242424242
 103 1.303030303030303
 27 1.363636363636363
 87 1.424242424242425
 23 1.484848484848485
 86 1.545454545454546
 1 1.606060606060606
 0 1.666666666666667
 5 1.727272727272728
 21 1.787878787878788
 0 1.848484848484849
 26 1.909090909090909
 2 1.96969696969697
 2 2.03030303030303
 0 2.090909090909091
 0 2.151515151515151
 0 2.212121212121212
 0 2.272727272727272
 0 2.333333333333334
 8 2.393939393939394
 0 2.454545454545455
 1 2.515151515151516
 0 2.575757575757576
 0 2.636363636363637
 0 2.696969696969697
 0 2.757575757575758
 0 2.818181818181818
 0 2.878787878787879
 0 2.939393939393939
 0 3


