# Created by Octave 3.8.2, Mon Jun 22 14:20:48 2020 CEST <damian@fptrucha.inv.usc.es>
# name: hd
# type: matrix
# rows: 100
# columns: 2
 0 -3
 0 -2.939393939393939
 0 -2.878787878787879
 0 -2.818181818181818
 0 -2.757575757575758
 0 -2.696969696969697
 0 -2.636363636363636
 0 -2.575757575757576
 0 -2.515151515151515
 4 -2.454545454545455
 0 -2.393939393939394
 0 -2.333333333333333
 1 -2.272727272727272
 0 -2.212121212121212
 0 -2.151515151515151
 2 -2.090909090909091
 3 -2.03030303030303
 40 -1.96969696969697
 36 -1.909090909090909
 2 -1.848484848484848
 2 -1.787878787878788
 0 -1.727272727272727
 3 -1.666666666666667
 102 -1.606060606060606
 30 -1.545454545454545
 107 -1.484848484848485
 27 -1.424242424242424
 104 -1.363636363636364
 20 -1.303030303030303
 15 -1.242424242424242
 511 -1.181818181818182
 11 -1.121212121212121
 550 -1.060606060606061
 25 -1
 529 -0.9393939393939394
 19 -0.8787878787878789
 503 -0.8181818181818183
 931 -0.7575757575757573
 642 -0.6969696969696968
 970 -0.6363636363636362
 603 -0.5757575757575757
 857 -0.5151515151515151
 655 -0.4545454545454546
 908 -0.393939393939394
 4039 -0.333333333333333
 604 -0.2727272727272725
 2611 -0.2121212121212119
 16 -0.1515151515151514
 2598 -0.09090909090909083
 23 -0.03030303030303028
 2591 0.03030303030303028
 21 0.09090909090909083
 2410 0.1515151515151514
 1464 0.2121212121212124
 2339 0.2727272727272729
 1575 0.3333333333333335
 673 0.393939393939394
 942 0.4545454545454546
 667 0.5151515151515151
 839 0.5757575757575757
 702 0.6363636363636367
 870 0.6969696969696972
 555 0.7575757575757578
 17 0.8181818181818183
 571 0.8787878787878789
 19 0.9393939393939394
 543 1
 28 1.060606060606061
 555 1.121212121212121
 12 1.181818181818182
 27 1.242424242424242
 123 1.303030303030303
 42 1.363636363636363
 126 1.424242424242425
 36 1.484848484848485
 117 1.545454545454546
 1 1.606060606060606
 0 1.666666666666667
 3 1.727272727272728
 40 1.787878787878788
 1 1.848484848484849
 35 1.909090909090909
 5 1.96969696969697
 2 2.03030303030303
 0 2.090909090909091
 0 2.151515151515151
 6 2.212121212121212
 1 2.272727272727272
 0 2.333333333333334
 15 2.393939393939394
 0 2.454545454545455
 1 2.515151515151516
 0 2.575757575757576
 0 2.636363636363637
 0 2.696969696969697
 0 2.757575757575758
 0 2.818181818181818
 0 2.878787878787879
 0 2.939393939393939
 0 3


