# Created by Octave 3.8.2, Sat Jun 20 09:34:34 2020 CEST <damian@fptrucha.inv.usc.es>
# name: hd
# type: matrix
# rows: 100
# columns: 2
 0 -3
 0 -2.939393939393939
 0 -2.878787878787879
 0 -2.818181818181818
 0 -2.757575757575758
 0 -2.696969696969697
 0 -2.636363636363636
 0 -2.575757575757576
 0 -2.515151515151515
 8 -2.454545454545455
 1 -2.393939393939394
 0 -2.333333333333333
 1 -2.272727272727272
 0 -2.212121212121212
 0 -2.151515151515151
 3 -2.090909090909091
 4 -2.03030303030303
 25 -1.96969696969697
 38 -1.909090909090909
 2 -1.848484848484848
 1 -1.787878787878788
 0 -1.727272727272727
 2 -1.666666666666667
 118 -1.606060606060606
 30 -1.545454545454545
 102 -1.484848484848485
 21 -1.424242424242424
 108 -1.363636363636364
 19 -1.303030303030303
 19 -1.242424242424242
 596 -1.181818181818182
 11 -1.121212121212121
 614 -1.060606060606061
 20 -1
 578 -0.9393939393939394
 23 -0.8787878787878789
 496 -0.8181818181818183
 1175 -0.7575757575757573
 768 -0.6969696969696968
 1159 -0.6363636363636362
 705 -0.5757575757575757
 1075 -0.5151515151515151
 657 -0.4545454545454546
 1004 -0.393939393939394
 4769 -0.333333333333333
 581 -0.2727272727272725
 3136 -0.2121212121212119
 3 -0.1515151515151514
 3018 -0.09090909090909083
 12 -0.03030303030303028
 2849 0.03030303030303028
 10 0.09090909090909083
 2484 0.1515151515151514
 2022 0.2121212121212124
 2468 0.2727272727272729
 1903 0.3333333333333335
 701 0.393939393939394
 985 0.4545454545454546
 736 0.5151515151515151
 954 0.5757575757575757
 701 0.6363636363636367
 886 0.6969696969696972
 666 0.7575757575757578
 14 0.8181818181818183
 673 0.8787878787878789
 11 0.9393939393939394
 602 1
 19 1.060606060606061
 601 1.121212121212121
 11 1.181818181818182
 36 1.242424242424242
 97 1.303030303030303
 22 1.363636363636363
 129 1.424242424242425
 32 1.484848484848485
 122 1.545454545454546
 1 1.606060606060606
 0 1.666666666666667
 0 1.727272727272728
 36 1.787878787878788
 6 1.848484848484849
 43 1.909090909090909
 2 1.96969696969697
 0 2.03030303030303
 0 2.090909090909091
 0 2.151515151515151
 2 2.212121212121212
 1 2.272727272727272
 1 2.333333333333334
 10 2.393939393939394
 1 2.454545454545455
 1 2.515151515151516
 0 2.575757575757576
 0 2.636363636363637
 0 2.696969696969697
 0 2.757575757575758
 0 2.818181818181818
 0 2.878787878787879
 0 2.939393939393939
 0 3


