# Created by Octave 3.8.2, Mon Jun 22 04:15:16 2020 CEST <damian@fptrucha.inv.usc.es>
# name: hd
# type: matrix
# rows: 100
# columns: 2
 0 -3
 0 -2.939393939393939
 0 -2.878787878787879
 0 -2.818181818181818
 0 -2.757575757575758
 0 -2.696969696969697
 0 -2.636363636363636
 0 -2.575757575757576
 1 -2.515151515151515
 4 -2.454545454545455
 0 -2.393939393939394
 0 -2.333333333333333
 0 -2.272727272727272
 0 -2.212121212121212
 0 -2.151515151515151
 3 -2.090909090909091
 6 -2.03030303030303
 26 -1.96969696969697
 47 -1.909090909090909
 1 -1.848484848484848
 1 -1.787878787878788
 0 -1.727272727272727
 0 -1.666666666666667
 90 -1.606060606060606
 25 -1.545454545454545
 122 -1.484848484848485
 27 -1.424242424242424
 110 -1.363636363636364
 19 -1.303030303030303
 11 -1.242424242424242
 517 -1.181818181818182
 28 -1.121212121212121
 492 -1.060606060606061
 13 -1
 494 -0.9393939393939394
 19 -0.8787878787878789
 450 -0.8181818181818183
 832 -0.7575757575757573
 592 -0.6969696969696968
 879 -0.6363636363636362
 583 -0.5757575757575757
 831 -0.5151515151515151
 595 -0.4545454545454546
 807 -0.393939393939394
 3727 -0.333333333333333
 539 -0.2727272727272725
 2325 -0.2121212121212119
 14 -0.1515151515151514
 2389 -0.09090909090909083
 17 -0.03030303030303028
 2230 0.03030303030303028
 31 0.09090909090909083
 2023 0.1515151515151514
 1520 0.2121212121212124
 2053 0.2727272727272729
 1450 0.3333333333333335
 591 0.393939393939394
 834 0.4545454545454546
 610 0.5151515151515151
 720 0.5757575757575757
 567 0.6363636363636367
 756 0.6969696969696972
 531 0.7575757575757578
 10 0.8181818181818183
 499 0.8787878787878789
 16 0.9393939393939394
 516 1
 24 1.060606060606061
 467 1.121212121212121
 11 1.181818181818182
 25 1.242424242424242
 104 1.303030303030303
 30 1.363636363636363
 97 1.424242424242425
 32 1.484848484848485
 103 1.545454545454546
 7 1.606060606060606
 0 1.666666666666667
 1 1.727272727272728
 46 1.787878787878788
 4 1.848484848484849
 28 1.909090909090909
 6 1.96969696969697
 1 2.03030303030303
 0 2.090909090909091
 0 2.151515151515151
 0 2.212121212121212
 0 2.272727272727272
 2 2.333333333333334
 12 2.393939393939394
 2 2.454545454545455
 0 2.515151515151516
 0 2.575757575757576
 0 2.636363636363637
 0 2.696969696969697
 0 2.757575757575758
 0 2.818181818181818
 0 2.878787878787879
 0 2.939393939393939
 0 3


