# Created by Octave 3.8.2, Sun Jun 21 07:56:04 2020 CEST <damian@fptrucha.inv.usc.es>
# name: hd
# type: matrix
# rows: 100
# columns: 2
 0 -3
 0 -2.939393939393939
 0 -2.878787878787879
 0 -2.818181818181818
 0 -2.757575757575758
 0 -2.696969696969697
 0 -2.636363636363636
 5 -2.575757575757576
 0 -2.515151515151515
 7 -2.454545454545455
 0 -2.393939393939394
 1 -2.333333333333333
 2 -2.272727272727272
 0 -2.212121212121212
 0 -2.151515151515151
 3 -2.090909090909091
 2 -2.03030303030303
 16 -1.96969696969697
 30 -1.909090909090909
 0 -1.848484848484848
 2 -1.787878787878788
 0 -1.727272727272727
 0 -1.666666666666667
 101 -1.606060606060606
 28 -1.545454545454545
 92 -1.484848484848485
 19 -1.424242424242424
 65 -1.363636363636364
 24 -1.303030303030303
 10 -1.242424242424242
 519 -1.181818181818182
 7 -1.121212121212121
 526 -1.060606060606061
 13 -1
 488 -0.9393939393939394
 16 -0.8787878787878789
 404 -0.8181818181818183
 935 -0.7575757575757573
 620 -0.6969696969696968
 1012 -0.6363636363636362
 597 -0.5757575757575757
 803 -0.5151515151515151
 548 -0.4545454545454546
 819 -0.393939393939394
 4203 -0.333333333333333
 512 -0.2727272727272725
 2844 -0.2121212121212119
 10 -0.1515151515151514
 2659 -0.09090909090909083
 6 -0.03030303030303028
 2385 0.03030303030303028
 7 0.09090909090909083
 2131 0.1515151515151514
 1600 0.2121212121212124
 2179 0.2727272727272729
 1567 0.3333333333333335
 593 0.393939393939394
 890 0.4545454545454546
 599 0.5151515151515151
 705 0.5757575757575757
 569 0.6363636363636367
 797 0.6969696969696972
 556 0.7575757575757578
 11 0.8181818181818183
 479 0.8787878787878789
 4 0.9393939393939394
 475 1
 11 1.060606060606061
 476 1.121212121212121
 9 1.181818181818182
 25 1.242424242424242
 105 1.303030303030303
 27 1.363636363636363
 70 1.424242424242425
 22 1.484848484848485
 85 1.545454545454546
 2 1.606060606060606
 0 1.666666666666667
 5 1.727272727272728
 17 1.787878787878788
 3 1.848484848484849
 20 1.909090909090909
 3 1.96969696969697
 4 2.03030303030303
 0 2.090909090909091
 0 2.151515151515151
 2 2.212121212121212
 1 2.272727272727272
 0 2.333333333333334
 3 2.393939393939394
 0 2.454545454545455
 3 2.515151515151516
 0 2.575757575757576
 0 2.636363636363637
 0 2.696969696969697
 0 2.757575757575758
 0 2.818181818181818
 0 2.878787878787879
 0 2.939393939393939
 0 3


