# Created by Octave 3.8.2, Mon Jun 22 08:46:33 2020 CEST <damian@fptrucha.inv.usc.es>
# name: hd
# type: matrix
# rows: 100
# columns: 2
 0 -3
 0 -2.939393939393939
 0 -2.878787878787879
 0 -2.818181818181818
 0 -2.757575757575758
 0 -2.696969696969697
 0 -2.636363636363636
 4 -2.575757575757576
 1 -2.515151515151515
 16 -2.454545454545455
 1 -2.393939393939394
 1 -2.333333333333333
 1 -2.272727272727272
 0 -2.212121212121212
 0 -2.151515151515151
 0 -2.090909090909091
 1 -2.03030303030303
 35 -1.96969696969697
 24 -1.909090909090909
 3 -1.848484848484848
 3 -1.787878787878788
 0 -1.727272727272727
 1 -1.666666666666667
 94 -1.606060606060606
 25 -1.545454545454545
 103 -1.484848484848485
 28 -1.424242424242424
 111 -1.363636363636364
 21 -1.303030303030303
 10 -1.242424242424242
 527 -1.181818181818182
 11 -1.121212121212121
 524 -1.060606060606061
 13 -1
 487 -0.9393939393939394
 29 -0.8787878787878789
 502 -0.8181818181818183
 862 -0.7575757575757573
 616 -0.6969696969696968
 864 -0.6363636363636362
 613 -0.5757575757575757
 876 -0.5151515151515151
 577 -0.4545454545454546
 919 -0.393939393939394
 3950 -0.333333333333333
 623 -0.2727272727272725
 2535 -0.2121212121212119
 12 -0.1515151515151514
 2717 -0.09090909090909083
 14 -0.03030303030303028
 2422 0.03030303030303028
 21 0.09090909090909083
 2180 0.1515151515151514
 1449 0.2121212121212124
 2226 0.2727272727272729
 1570 0.3333333333333335
 675 0.393939393939394
 904 0.4545454545454546
 646 0.5151515151515151
 846 0.5757575757575757
 628 0.6363636363636367
 791 0.6969696969696972
 562 0.7575757575757578
 17 0.8181818181818183
 565 0.8787878787878789
 14 0.9393939393939394
 486 1
 12 1.060606060606061
 478 1.121212121212121
 14 1.181818181818182
 25 1.242424242424242
 111 1.303030303030303
 32 1.363636363636363
 107 1.424242424242425
 35 1.484848484848485
 102 1.545454545454546
 4 1.606060606060606
 0 1.666666666666667
 0 1.727272727272728
 43 1.787878787878788
 3 1.848484848484849
 44 1.909090909090909
 4 1.96969696969697
 5 2.03030303030303
 0 2.090909090909091
 0 2.151515151515151
 1 2.212121212121212
 1 2.272727272727272
 1 2.333333333333334
 7 2.393939393939394
 0 2.454545454545455
 3 2.515151515151516
 0 2.575757575757576
 0 2.636363636363637
 0 2.696969696969697
 0 2.757575757575758
 0 2.818181818181818
 0 2.878787878787879
 0 2.939393939393939
 0 3


