# Created by Octave 3.8.2, Sat Jun 20 07:31:44 2020 CEST <damian@fptrucha.inv.usc.es>
# name: hd
# type: matrix
# rows: 100
# columns: 2
 0 -3
 0 -2.939393939393939
 0 -2.878787878787879
 0 -2.818181818181818
 0 -2.757575757575758
 0 -2.696969696969697
 0 -2.636363636363636
 0 -2.575757575757576
 0 -2.515151515151515
 4 -2.454545454545455
 0 -2.393939393939394
 0 -2.333333333333333
 3 -2.272727272727272
 0 -2.212121212121212
 0 -2.151515151515151
 3 -2.090909090909091
 3 -2.03030303030303
 46 -1.96969696969697
 39 -1.909090909090909
 1 -1.848484848484848
 1 -1.787878787878788
 0 -1.727272727272727
 0 -1.666666666666667
 115 -1.606060606060606
 34 -1.545454545454545
 106 -1.484848484848485
 27 -1.424242424242424
 118 -1.363636363636364
 23 -1.303030303030303
 24 -1.242424242424242
 624 -1.181818181818182
 21 -1.121212121212121
 639 -1.060606060606061
 11 -1
 538 -0.9393939393939394
 13 -0.8787878787878789
 533 -0.8181818181818183
 1165 -0.7575757575757573
 768 -0.6969696969696968
 1159 -0.6363636363636362
 757 -0.5757575757575757
 1035 -0.5151515151515151
 749 -0.4545454545454546
 985 -0.393939393939394
 4734 -0.333333333333333
 623 -0.2727272727272725
 3120 -0.2121212121212119
 14 -0.1515151515151514
 3091 -0.09090909090909083
 11 -0.03030303030303028
 2851 0.03030303030303028
 11 0.09090909090909083
 2514 0.1515151515151514
 1935 0.2121212121212124
 2565 0.2727272727272729
 1802 0.3333333333333335
 682 0.393939393939394
 1002 0.4545454545454546
 738 0.5151515151515151
 891 0.5757575757575757
 627 0.6363636363636367
 882 0.6969696969696972
 613 0.7575757575757578
 16 0.8181818181818183
 575 0.8787878787878789
 10 0.9393939393939394
 550 1
 8 1.060606060606061
 491 1.121212121212121
 7 1.181818181818182
 29 1.242424242424242
 104 1.303030303030303
 29 1.363636363636363
 102 1.424242424242425
 26 1.484848484848485
 84 1.545454545454546
 0 1.606060606060606
 0 1.666666666666667
 0 1.727272727272728
 31 1.787878787878788
 1 1.848484848484849
 34 1.909090909090909
 5 1.96969696969697
 0 2.03030303030303
 0 2.090909090909091
 0 2.151515151515151
 1 2.212121212121212
 0 2.272727272727272
 0 2.333333333333334
 8 2.393939393939394
 0 2.454545454545455
 1 2.515151515151516
 0 2.575757575757576
 0 2.636363636363637
 0 2.696969696969697
 0 2.757575757575758
 0 2.818181818181818
 0 2.878787878787879
 0 2.939393939393939
 0 3


