# Created by Octave 3.8.2, Sun Jun 21 04:41:47 2020 CEST <damian@fptrucha.inv.usc.es>
# name: hd
# type: matrix
# rows: 100
# columns: 2
 0 -3
 0 -2.939393939393939
 0 -2.878787878787879
 0 -2.818181818181818
 0 -2.757575757575758
 0 -2.696969696969697
 0 -2.636363636363636
 0 -2.575757575757576
 0 -2.515151515151515
 5 -2.454545454545455
 0 -2.393939393939394
 0 -2.333333333333333
 0 -2.272727272727272
 0 -2.212121212121212
 0 -2.151515151515151
 1 -2.090909090909091
 1 -2.03030303030303
 25 -1.96969696969697
 30 -1.909090909090909
 1 -1.848484848484848
 3 -1.787878787878788
 0 -1.727272727272727
 3 -1.666666666666667
 109 -1.606060606060606
 16 -1.545454545454545
 94 -1.484848484848485
 24 -1.424242424242424
 102 -1.363636363636364
 18 -1.303030303030303
 11 -1.242424242424242
 563 -1.181818181818182
 13 -1.121212121212121
 480 -1.060606060606061
 12 -1
 438 -0.9393939393939394
 17 -0.8787878787878789
 432 -0.8181818181818183
 1001 -0.7575757575757573
 697 -0.6969696969696968
 1055 -0.6363636363636362
 656 -0.5757575757575757
 840 -0.5151515151515151
 588 -0.4545454545454546
 860 -0.393939393939394
 4240 -0.333333333333333
 499 -0.2727272727272725
 2834 -0.2121212121212119
 9 -0.1515151515151514
 2740 -0.09090909090909083
 6 -0.03030303030303028
 2498 0.03030303030303028
 12 0.09090909090909083
 2132 0.1515151515151514
 1592 0.2121212121212124
 2244 0.2727272727272729
 1592 0.3333333333333335
 646 0.393939393939394
 839 0.4545454545454546
 623 0.5151515151515151
 780 0.5757575757575757
 580 0.6363636363636367
 753 0.6969696969696972
 561 0.7575757575757578
 11 0.8181818181818183
 520 0.8787878787878789
 8 0.9393939393939394
 489 1
 9 1.060606060606061
 471 1.121212121212121
 11 1.181818181818182
 34 1.242424242424242
 108 1.303030303030303
 19 1.363636363636363
 82 1.424242424242425
 27 1.484848484848485
 87 1.545454545454546
 0 1.606060606060606
 0 1.666666666666667
 0 1.727272727272728
 31 1.787878787878788
 6 1.848484848484849
 31 1.909090909090909
 4 1.96969696969697
 3 2.03030303030303
 0 2.090909090909091
 0 2.151515151515151
 3 2.212121212121212
 0 2.272727272727272
 0 2.333333333333334
 10 2.393939393939394
 0 2.454545454545455
 0 2.515151515151516
 0 2.575757575757576
 0 2.636363636363637
 0 2.696969696969697
 0 2.757575757575758
 0 2.818181818181818
 0 2.878787878787879
 0 2.939393939393939
 0 3


