# Created by Octave 3.8.2, Mon Jun 22 21:42:56 2020 CEST <damian@fptrucha.inv.usc.es>
# name: hd
# type: matrix
# rows: 100
# columns: 2
 0 -3
 0 -2.939393939393939
 0 -2.878787878787879
 0 -2.818181818181818
 0 -2.757575757575758
 0 -2.696969696969697
 0 -2.636363636363636
 1 -2.575757575757576
 1 -2.515151515151515
 10 -2.454545454545455
 0 -2.393939393939394
 2 -2.333333333333333
 0 -2.272727272727272
 0 -2.212121212121212
 0 -2.151515151515151
 2 -2.090909090909091
 2 -2.03030303030303
 30 -1.96969696969697
 35 -1.909090909090909
 2 -1.848484848484848
 1 -1.787878787878788
 0 -1.727272727272727
 2 -1.666666666666667
 108 -1.606060606060606
 29 -1.545454545454545
 109 -1.484848484848485
 33 -1.424242424242424
 119 -1.363636363636364
 30 -1.303030303030303
 14 -1.242424242424242
 650 -1.181818181818182
 13 -1.121212121212121
 596 -1.060606060606061
 19 -1
 561 -0.9393939393939394
 15 -0.8787878787878789
 560 -0.8181818181818183
 991 -0.7575757575757573
 702 -0.6969696969696968
 1113 -0.6363636363636362
 673 -0.5757575757575757
 970 -0.5151515151515151
 611 -0.4545454545454546
 993 -0.393939393939394
 4362 -0.333333333333333
 561 -0.2727272727272725
 2851 -0.2121212121212119
 12 -0.1515151515151514
 2706 -0.09090909090909083
 15 -0.03030303030303028
 2606 0.03030303030303028
 23 0.09090909090909083
 2419 0.1515151515151514
 1584 0.2121212121212124
 2436 0.2727272727272729
 1694 0.3333333333333335
 615 0.393939393939394
 936 0.4545454545454546
 711 0.5151515151515151
 853 0.5757575757575757
 630 0.6363636363636367
 877 0.6969696969696972
 587 0.7575757575757578
 12 0.8181818181818183
 582 0.8787878787878789
 20 0.9393939393939394
 552 1
 15 1.060606060606061
 549 1.121212121212121
 6 1.181818181818182
 29 1.242424242424242
 108 1.303030303030303
 28 1.363636363636363
 117 1.424242424242425
 27 1.484848484848485
 101 1.545454545454546
 1 1.606060606060606
 0 1.666666666666667
 4 1.727272727272728
 40 1.787878787878788
 4 1.848484848484849
 27 1.909090909090909
 2 1.96969696969697
 2 2.03030303030303
 0 2.090909090909091
 0 2.151515151515151
 1 2.212121212121212
 0 2.272727272727272
 1 2.333333333333334
 13 2.393939393939394
 0 2.454545454545455
 0 2.515151515151516
 0 2.575757575757576
 0 2.636363636363637
 0 2.696969696969697
 0 2.757575757575758
 0 2.818181818181818
 0 2.878787878787879
 0 2.939393939393939
 0 3


