# Created by Octave 3.8.2, Mon Jun 22 05:19:58 2020 CEST <damian@fptrucha.inv.usc.es>
# name: hd
# type: matrix
# rows: 100
# columns: 2
 0 -3
 0 -2.939393939393939
 0 -2.878787878787879
 0 -2.818181818181818
 0 -2.757575757575758
 0 -2.696969696969697
 0 -2.636363636363636
 2 -2.575757575757576
 0 -2.515151515151515
 17 -2.454545454545455
 1 -2.393939393939394
 0 -2.333333333333333
 2 -2.272727272727272
 0 -2.212121212121212
 0 -2.151515151515151
 0 -2.090909090909091
 4 -2.03030303030303
 38 -1.96969696969697
 57 -1.909090909090909
 4 -1.848484848484848
 2 -1.787878787878788
 0 -1.727272727272727
 3 -1.666666666666667
 112 -1.606060606060606
 31 -1.545454545454545
 107 -1.484848484848485
 20 -1.424242424242424
 124 -1.363636363636364
 25 -1.303030303030303
 12 -1.242424242424242
 547 -1.181818181818182
 16 -1.121212121212121
 499 -1.060606060606061
 20 -1
 518 -0.9393939393939394
 26 -0.8787878787878789
 492 -0.8181818181818183
 842 -0.7575757575757573
 592 -0.6969696969696968
 890 -0.6363636363636362
 566 -0.5757575757575757
 853 -0.5151515151515151
 582 -0.4545454545454546
 878 -0.393939393939394
 3732 -0.333333333333333
 528 -0.2727272727272725
 2420 -0.2121212121212119
 10 -0.1515151515151514
 2426 -0.09090909090909083
 17 -0.03030303030303028
 2239 0.03030303030303028
 17 0.09090909090909083
 2114 0.1515151515151514
 1497 0.2121212121212124
 2188 0.2727272727272729
 1443 0.3333333333333335
 631 0.393939393939394
 867 0.4545454545454546
 586 0.5151515151515151
 768 0.5757575757575757
 589 0.6363636363636367
 788 0.6969696969696972
 458 0.7575757575757578
 17 0.8181818181818183
 492 0.8787878787878789
 18 0.9393939393939394
 477 1
 14 1.060606060606061
 510 1.121212121212121
 13 1.181818181818182
 29 1.242424242424242
 125 1.303030303030303
 33 1.363636363636363
 106 1.424242424242425
 29 1.484848484848485
 101 1.545454545454546
 2 1.606060606060606
 0 1.666666666666667
 1 1.727272727272728
 25 1.787878787878788
 4 1.848484848484849
 31 1.909090909090909
 6 1.96969696969697
 2 2.03030303030303
 0 2.090909090909091
 0 2.151515151515151
 2 2.212121212121212
 1 2.272727272727272
 0 2.333333333333334
 10 2.393939393939394
 0 2.454545454545455
 0 2.515151515151516
 0 2.575757575757576
 0 2.636363636363637
 0 2.696969696969697
 0 2.757575757575758
 0 2.818181818181818
 0 2.878787878787879
 0 2.939393939393939
 0 3


