# Created by Octave 3.8.2, Mon Jun 22 05:36:07 2020 CEST <damian@fptrucha.inv.usc.es>
# name: hd
# type: matrix
# rows: 100
# columns: 2
 0 -3
 0 -2.939393939393939
 0 -2.878787878787879
 0 -2.818181818181818
 0 -2.757575757575758
 0 -2.696969696969697
 0 -2.636363636363636
 1 -2.575757575757576
 0 -2.515151515151515
 7 -2.454545454545455
 2 -2.393939393939394
 1 -2.333333333333333
 1 -2.272727272727272
 0 -2.212121212121212
 0 -2.151515151515151
 3 -2.090909090909091
 4 -2.03030303030303
 24 -1.96969696969697
 30 -1.909090909090909
 1 -1.848484848484848
 2 -1.787878787878788
 0 -1.727272727272727
 5 -1.666666666666667
 89 -1.606060606060606
 21 -1.545454545454545
 106 -1.484848484848485
 26 -1.424242424242424
 105 -1.363636363636364
 25 -1.303030303030303
 10 -1.242424242424242
 516 -1.181818181818182
 13 -1.121212121212121
 519 -1.060606060606061
 15 -1
 532 -0.9393939393939394
 33 -0.8787878787878789
 495 -0.8181818181818183
 844 -0.7575757575757573
 559 -0.6969696969696968
 887 -0.6363636363636362
 574 -0.5757575757575757
 875 -0.5151515151515151
 607 -0.4545454545454546
 876 -0.393939393939394
 3665 -0.333333333333333
 609 -0.2727272727272725
 2310 -0.2121212121212119
 12 -0.1515151515151514
 2468 -0.09090909090909083
 22 -0.03030303030303028
 2365 0.03030303030303028
 18 0.09090909090909083
 2194 0.1515151515151514
 1457 0.2121212121212124
 2195 0.2727272727272729
 1419 0.3333333333333335
 599 0.393939393939394
 816 0.4545454545454546
 557 0.5151515151515151
 764 0.5757575757575757
 628 0.6363636363636367
 798 0.6969696969696972
 496 0.7575757575757578
 13 0.8181818181818183
 564 0.8787878787878789
 13 0.9393939393939394
 506 1
 20 1.060606060606061
 471 1.121212121212121
 14 1.181818181818182
 26 1.242424242424242
 97 1.303030303030303
 28 1.363636363636363
 113 1.424242424242425
 36 1.484848484848485
 95 1.545454545454546
 3 1.606060606060606
 0 1.666666666666667
 3 1.727272727272728
 40 1.787878787878788
 5 1.848484848484849
 30 1.909090909090909
 4 1.96969696969697
 3 2.03030303030303
 0 2.090909090909091
 0 2.151515151515151
 1 2.212121212121212
 0 2.272727272727272
 0 2.333333333333334
 8 2.393939393939394
 1 2.454545454545455
 3 2.515151515151516
 0 2.575757575757576
 0 2.636363636363637
 0 2.696969696969697
 0 2.757575757575758
 0 2.818181818181818
 0 2.878787878787879
 0 2.939393939393939
 0 3


