# Created by Octave 3.8.2, Sat Jun 20 10:23:33 2020 CEST <damian@fptrucha.inv.usc.es>
# name: hd
# type: matrix
# rows: 100
# columns: 2
 0 -3
 0 -2.939393939393939
 0 -2.878787878787879
 0 -2.818181818181818
 0 -2.757575757575758
 0 -2.696969696969697
 0 -2.636363636363636
 1 -2.575757575757576
 1 -2.515151515151515
 2 -2.454545454545455
 0 -2.393939393939394
 1 -2.333333333333333
 2 -2.272727272727272
 0 -2.212121212121212
 0 -2.151515151515151
 0 -2.090909090909091
 6 -2.03030303030303
 27 -1.96969696969697
 32 -1.909090909090909
 1 -1.848484848484848
 3 -1.787878787878788
 0 -1.727272727272727
 3 -1.666666666666667
 117 -1.606060606060606
 24 -1.545454545454545
 115 -1.484848484848485
 22 -1.424242424242424
 87 -1.363636363636364
 21 -1.303030303030303
 11 -1.242424242424242
 563 -1.181818181818182
 20 -1.121212121212121
 551 -1.060606060606061
 11 -1
 487 -0.9393939393939394
 19 -0.8787878787878789
 473 -0.8181818181818183
 1090 -0.7575757575757573
 762 -0.6969696969696968
 1162 -0.6363636363636362
 674 -0.5757575757575757
 985 -0.5151515151515151
 665 -0.4545454545454546
 903 -0.393939393939394
 4648 -0.333333333333333
 572 -0.2727272727272725
 3186 -0.2121212121212119
 13 -0.1515151515151514
 2960 -0.09090909090909083
 12 -0.03030303030303028
 2777 0.03030303030303028
 12 0.09090909090909083
 2433 0.1515151515151514
 1991 0.2121212121212124
 2456 0.2727272727272729
 1947 0.3333333333333335
 745 0.393939393939394
 1063 0.4545454545454546
 785 0.5151515151515151
 905 0.5757575757575757
 645 0.6363636363636367
 869 0.6969696969696972
 650 0.7575757575757578
 13 0.8181818181818183
 644 0.8787878787878789
 12 0.9393939393939394
 629 1
 9 1.060606060606061
 601 1.121212121212121
 11 1.181818181818182
 25 1.242424242424242
 122 1.303030303030303
 37 1.363636363636363
 121 1.424242424242425
 35 1.484848484848485
 108 1.545454545454546
 1 1.606060606060606
 0 1.666666666666667
 0 1.727272727272728
 44 1.787878787878788
 3 1.848484848484849
 41 1.909090909090909
 3 1.96969696969697
 2 2.03030303030303
 0 2.090909090909091
 0 2.151515151515151
 1 2.212121212121212
 1 2.272727272727272
 0 2.333333333333334
 6 2.393939393939394
 1 2.454545454545455
 0 2.515151515151516
 0 2.575757575757576
 0 2.636363636363637
 0 2.696969696969697
 0 2.757575757575758
 0 2.818181818181818
 0 2.878787878787879
 0 2.939393939393939
 0 3


