# Created by Octave 3.8.2, Mon Jun 22 02:17:52 2020 CEST <damian@fptrucha.inv.usc.es>
# name: hd
# type: matrix
# rows: 100
# columns: 2
 0 -3
 0 -2.939393939393939
 0 -2.878787878787879
 0 -2.818181818181818
 0 -2.757575757575758
 0 -2.696969696969697
 0 -2.636363636363636
 1 -2.575757575757576
 0 -2.515151515151515
 8 -2.454545454545455
 0 -2.393939393939394
 0 -2.333333333333333
 2 -2.272727272727272
 0 -2.212121212121212
 0 -2.151515151515151
 1 -2.090909090909091
 3 -2.03030303030303
 33 -1.96969696969697
 33 -1.909090909090909
 1 -1.848484848484848
 3 -1.787878787878788
 0 -1.727272727272727
 1 -1.666666666666667
 130 -1.606060606060606
 26 -1.545454545454545
 102 -1.484848484848485
 25 -1.424242424242424
 123 -1.363636363636364
 30 -1.303030303030303
 11 -1.242424242424242
 544 -1.181818181818182
 21 -1.121212121212121
 532 -1.060606060606061
 10 -1
 496 -0.9393939393939394
 21 -0.8787878787878789
 508 -0.8181818181818183
 965 -0.7575757575757573
 680 -0.6969696969696968
 982 -0.6363636363636362
 550 -0.5757575757575757
 881 -0.5151515151515151
 632 -0.4545454545454546
 923 -0.393939393939394
 4128 -0.333333333333333
 572 -0.2727272727272725
 2612 -0.2121212121212119
 8 -0.1515151515151514
 2645 -0.09090909090909083
 26 -0.03030303030303028
 2413 0.03030303030303028
 16 0.09090909090909083
 2169 0.1515151515151514
 1710 0.2121212121212124
 2158 0.2727272727272729
 1567 0.3333333333333335
 614 0.393939393939394
 884 0.4545454545454546
 627 0.5151515151515151
 788 0.5757575757575757
 599 0.6363636363636367
 768 0.6969696969696972
 530 0.7575757575757578
 8 0.8181818181818183
 610 0.8787878787878789
 21 0.9393939393939394
 566 1
 14 1.060606060606061
 525 1.121212121212121
 8 1.181818181818182
 22 1.242424242424242
 104 1.303030303030303
 23 1.363636363636363
 102 1.424242424242425
 37 1.484848484848485
 114 1.545454545454546
 1 1.606060606060606
 0 1.666666666666667
 1 1.727272727272728
 33 1.787878787878788
 6 1.848484848484849
 35 1.909090909090909
 7 1.96969696969697
 1 2.03030303030303
 0 2.090909090909091
 0 2.151515151515151
 0 2.212121212121212
 0 2.272727272727272
 1 2.333333333333334
 12 2.393939393939394
 0 2.454545454545455
 1 2.515151515151516
 0 2.575757575757576
 0 2.636363636363637
 0 2.696969696969697
 0 2.757575757575758
 0 2.818181818181818
 0 2.878787878787879
 0 2.939393939393939
 0 3


