# Created by Octave 3.8.2, Sat Jun 20 03:50:53 2020 CEST <damian@fptrucha.inv.usc.es>
# name: hd
# type: matrix
# rows: 100
# columns: 2
 0 -3
 0 -2.939393939393939
 0 -2.878787878787879
 0 -2.818181818181818
 0 -2.757575757575758
 0 -2.696969696969697
 0 -2.636363636363636
 2 -2.575757575757576
 0 -2.515151515151515
 8 -2.454545454545455
 0 -2.393939393939394
 1 -2.333333333333333
 2 -2.272727272727272
 0 -2.212121212121212
 0 -2.151515151515151
 2 -2.090909090909091
 7 -2.03030303030303
 38 -1.96969696969697
 33 -1.909090909090909
 1 -1.848484848484848
 0 -1.787878787878788
 0 -1.727272727272727
 0 -1.666666666666667
 144 -1.606060606060606
 29 -1.545454545454545
 128 -1.484848484848485
 23 -1.424242424242424
 91 -1.363636363636364
 29 -1.303030303030303
 18 -1.242424242424242
 613 -1.181818181818182
 22 -1.121212121212121
 609 -1.060606060606061
 14 -1
 499 -0.9393939393939394
 21 -0.8787878787878789
 576 -0.8181818181818183
 1175 -0.7575757575757573
 739 -0.6969696969696968
 1126 -0.6363636363636362
 719 -0.5757575757575757
 1012 -0.5151515151515151
 665 -0.4545454545454546
 953 -0.393939393939394
 4767 -0.333333333333333
 614 -0.2727272727272725
 3152 -0.2121212121212119
 9 -0.1515151515151514
 2946 -0.09090909090909083
 6 -0.03030303030303028
 2779 0.03030303030303028
 9 0.09090909090909083
 2447 0.1515151515151514
 1780 0.2121212121212124
 2471 0.2727272727272729
 1750 0.3333333333333335
 637 0.393939393939394
 916 0.4545454545454546
 722 0.5151515151515151
 855 0.5757575757575757
 628 0.6363636363636367
 781 0.6969696969696972
 584 0.7575757575757578
 16 0.8181818181818183
 546 0.8787878787878789
 18 0.9393939393939394
 481 1
 15 1.060606060606061
 478 1.121212121212121
 6 1.181818181818182
 20 1.242424242424242
 104 1.303030303030303
 18 1.363636363636363
 86 1.424242424242425
 21 1.484848484848485
 84 1.545454545454546
 1 1.606060606060606
 0 1.666666666666667
 1 1.727272727272728
 30 1.787878787878788
 1 1.848484848484849
 14 1.909090909090909
 8 1.96969696969697
 0 2.03030303030303
 0 2.090909090909091
 0 2.151515151515151
 1 2.212121212121212
 0 2.272727272727272
 0 2.333333333333334
 5 2.393939393939394
 0 2.454545454545455
 0 2.515151515151516
 0 2.575757575757576
 0 2.636363636363637
 0 2.696969696969697
 0 2.757575757575758
 0 2.818181818181818
 0 2.878787878787879
 0 2.939393939393939
 0 3


