# Created by Octave 3.8.2, Sat Jun 20 14:15:09 2020 CEST <damian@fptrucha.inv.usc.es>
# name: hd
# type: matrix
# rows: 100
# columns: 2
 0 -3
 0 -2.939393939393939
 0 -2.878787878787879
 0 -2.818181818181818
 0 -2.757575757575758
 0 -2.696969696969697
 0 -2.636363636363636
 0 -2.575757575757576
 0 -2.515151515151515
 6 -2.454545454545455
 1 -2.393939393939394
 0 -2.333333333333333
 0 -2.272727272727272
 0 -2.212121212121212
 0 -2.151515151515151
 1 -2.090909090909091
 4 -2.03030303030303
 22 -1.96969696969697
 28 -1.909090909090909
 0 -1.848484848484848
 0 -1.787878787878788
 0 -1.727272727272727
 4 -1.666666666666667
 101 -1.606060606060606
 32 -1.545454545454545
 84 -1.484848484848485
 28 -1.424242424242424
 74 -1.363636363636364
 19 -1.303030303030303
 14 -1.242424242424242
 584 -1.181818181818182
 15 -1.121212121212121
 550 -1.060606060606061
 6 -1
 449 -0.9393939393939394
 23 -0.8787878787878789
 486 -0.8181818181818183
 1063 -0.7575757575757573
 729 -0.6969696969696968
 1117 -0.6363636363636362
 655 -0.5757575757575757
 920 -0.5151515151515151
 616 -0.4545454545454546
 864 -0.393939393939394
 4430 -0.333333333333333
 612 -0.2727272727272725
 2911 -0.2121212121212119
 11 -0.1515151515151514
 2749 -0.09090909090909083
 10 -0.03030303030303028
 2630 0.03030303030303028
 16 0.09090909090909083
 2364 0.1515151515151514
 1843 0.2121212121212124
 2289 0.2727272727272729
 1783 0.3333333333333335
 655 0.393939393939394
 926 0.4545454545454546
 693 0.5151515151515151
 855 0.5757575757575757
 625 0.6363636363636367
 845 0.6969696969696972
 647 0.7575757575757578
 4 0.8181818181818183
 578 0.8787878787878789
 12 0.9393939393939394
 551 1
 7 1.060606060606061
 561 1.121212121212121
 15 1.181818181818182
 30 1.242424242424242
 112 1.303030303030303
 28 1.363636363636363
 111 1.424242424242425
 31 1.484848484848485
 105 1.545454545454546
 2 1.606060606060606
 0 1.666666666666667
 0 1.727272727272728
 36 1.787878787878788
 3 1.848484848484849
 30 1.909090909090909
 3 1.96969696969697
 2 2.03030303030303
 0 2.090909090909091
 0 2.151515151515151
 1 2.212121212121212
 1 2.272727272727272
 0 2.333333333333334
 8 2.393939393939394
 0 2.454545454545455
 1 2.515151515151516
 0 2.575757575757576
 0 2.636363636363637
 0 2.696969696969697
 0 2.757575757575758
 0 2.818181818181818
 0 2.878787878787879
 0 2.939393939393939
 0 3


