# Created by Octave 3.8.2, Mon Jun 22 03:02:02 2020 CEST <damian@fptrucha.inv.usc.es>
# name: hd
# type: matrix
# rows: 100
# columns: 2
 0 -3
 0 -2.939393939393939
 0 -2.878787878787879
 0 -2.818181818181818
 0 -2.757575757575758
 0 -2.696969696969697
 0 -2.636363636363636
 2 -2.575757575757576
 0 -2.515151515151515
 14 -2.454545454545455
 0 -2.393939393939394
 1 -2.333333333333333
 1 -2.272727272727272
 0 -2.212121212121212
 0 -2.151515151515151
 2 -2.090909090909091
 9 -2.03030303030303
 37 -1.96969696969697
 20 -1.909090909090909
 0 -1.848484848484848
 4 -1.787878787878788
 0 -1.727272727272727
 3 -1.666666666666667
 79 -1.606060606060606
 24 -1.545454545454545
 100 -1.484848484848485
 31 -1.424242424242424
 114 -1.363636363636364
 30 -1.303030303030303
 15 -1.242424242424242
 479 -1.181818181818182
 17 -1.121212121212121
 521 -1.060606060606061
 24 -1
 508 -0.9393939393939394
 30 -0.8787878787878789
 467 -0.8181818181818183
 881 -0.7575757575757573
 615 -0.6969696969696968
 927 -0.6363636363636362
 580 -0.5757575757575757
 802 -0.5151515151515151
 538 -0.4545454545454546
 888 -0.393939393939394
 3792 -0.333333333333333
 540 -0.2727272727272725
 2285 -0.2121212121212119
 23 -0.1515151515151514
 2487 -0.09090909090909083
 14 -0.03030303030303028
 2401 0.03030303030303028
 12 0.09090909090909083
 2146 0.1515151515151514
 1471 0.2121212121212124
 2143 0.2727272727272729
 1446 0.3333333333333335
 593 0.393939393939394
 882 0.4545454545454546
 611 0.5151515151515151
 758 0.5757575757575757
 587 0.6363636363636367
 800 0.6969696969696972
 481 0.7575757575757578
 8 0.8181818181818183
 503 0.8787878787878789
 16 0.9393939393939394
 495 1
 22 1.060606060606061
 494 1.121212121212121
 10 1.181818181818182
 29 1.242424242424242
 102 1.303030303030303
 28 1.363636363636363
 103 1.424242424242425
 32 1.484848484848485
 111 1.545454545454546
 2 1.606060606060606
 0 1.666666666666667
 1 1.727272727272728
 33 1.787878787878788
 3 1.848484848484849
 33 1.909090909090909
 8 1.96969696969697
 4 2.03030303030303
 0 2.090909090909091
 0 2.151515151515151
 4 2.212121212121212
 1 2.272727272727272
 1 2.333333333333334
 9 2.393939393939394
 0 2.454545454545455
 1 2.515151515151516
 0 2.575757575757576
 0 2.636363636363637
 0 2.696969696969697
 0 2.757575757575758
 0 2.818181818181818
 0 2.878787878787879
 0 2.939393939393939
 0 3


