# Created by Octave 3.8.2, Sat Jun 20 06:44:59 2020 CEST <damian@fptrucha.inv.usc.es>
# name: hd
# type: matrix
# rows: 100
# columns: 2
 0 -3
 0 -2.939393939393939
 0 -2.878787878787879
 0 -2.818181818181818
 0 -2.757575757575758
 0 -2.696969696969697
 0 -2.636363636363636
 1 -2.575757575757576
 0 -2.515151515151515
 11 -2.454545454545455
 0 -2.393939393939394
 0 -2.333333333333333
 0 -2.272727272727272
 0 -2.212121212121212
 0 -2.151515151515151
 0 -2.090909090909091
 5 -2.03030303030303
 37 -1.96969696969697
 31 -1.909090909090909
 2 -1.848484848484848
 0 -1.787878787878788
 0 -1.727272727272727
 2 -1.666666666666667
 124 -1.606060606060606
 20 -1.545454545454545
 102 -1.484848484848485
 18 -1.424242424242424
 104 -1.363636363636364
 29 -1.303030303030303
 19 -1.242424242424242
 652 -1.181818181818182
 14 -1.121212121212121
 630 -1.060606060606061
 19 -1
 557 -0.9393939393939394
 20 -0.8787878787878789
 585 -0.8181818181818183
 1161 -0.7575757575757573
 802 -0.6969696969696968
 1244 -0.6363636363636362
 751 -0.5757575757575757
 1112 -0.5151515151515151
 671 -0.4545454545454546
 995 -0.393939393939394
 4784 -0.333333333333333
 634 -0.2727272727272725
 3171 -0.2121212121212119
 7 -0.1515151515151514
 3024 -0.09090909090909083
 14 -0.03030303030303028
 2883 0.03030303030303028
 13 0.09090909090909083
 2522 0.1515151515151514
 1899 0.2121212121212124
 2495 0.2727272727272729
 1756 0.3333333333333335
 690 0.393939393939394
 981 0.4545454545454546
 724 0.5151515151515151
 844 0.5757575757575757
 611 0.6363636363636367
 821 0.6969696969696972
 635 0.7575757575757578
 8 0.8181818181818183
 508 0.8787878787878789
 21 0.9393939393939394
 523 1
 11 1.060606060606061
 543 1.121212121212121
 8 1.181818181818182
 28 1.242424242424242
 103 1.303030303030303
 22 1.363636363636363
 91 1.424242424242425
 24 1.484848484848485
 100 1.545454545454546
 2 1.606060606060606
 0 1.666666666666667
 3 1.727272727272728
 32 1.787878787878788
 1 1.848484848484849
 24 1.909090909090909
 4 1.96969696969697
 2 2.03030303030303
 0 2.090909090909091
 0 2.151515151515151
 0 2.212121212121212
 0 2.272727272727272
 1 2.333333333333334
 5 2.393939393939394
 0 2.454545454545455
 0 2.515151515151516
 0 2.575757575757576
 0 2.636363636363637
 0 2.696969696969697
 0 2.757575757575758
 0 2.818181818181818
 0 2.878787878787879
 0 2.939393939393939
 0 3


