# Created by Octave 3.8.2, Sat Jun 20 16:36:44 2020 CEST <damian@fptrucha.inv.usc.es>
# name: hd
# type: matrix
# rows: 100
# columns: 2
 0 -3
 0 -2.939393939393939
 0 -2.878787878787879
 0 -2.818181818181818
 0 -2.757575757575758
 0 -2.696969696969697
 0 -2.636363636363636
 2 -2.575757575757576
 0 -2.515151515151515
 3 -2.454545454545455
 0 -2.393939393939394
 1 -2.333333333333333
 1 -2.272727272727272
 0 -2.212121212121212
 0 -2.151515151515151
 2 -2.090909090909091
 3 -2.03030303030303
 20 -1.96969696969697
 31 -1.909090909090909
 2 -1.848484848484848
 0 -1.787878787878788
 0 -1.727272727272727
 0 -1.666666666666667
 87 -1.606060606060606
 21 -1.545454545454545
 95 -1.484848484848485
 22 -1.424242424242424
 83 -1.363636363636364
 18 -1.303030303030303
 21 -1.242424242424242
 549 -1.181818181818182
 14 -1.121212121212121
 462 -1.060606060606061
 17 -1
 444 -0.9393939393939394
 17 -0.8787878787878789
 407 -0.8181818181818183
 991 -0.7575757575757573
 647 -0.6969696969696968
 1040 -0.6363636363636362
 621 -0.5757575757575757
 823 -0.5151515151515151
 576 -0.4545454545454546
 786 -0.393939393939394
 4188 -0.333333333333333
 533 -0.2727272727272725
 2899 -0.2121212121212119
 3 -0.1515151515151514
 2728 -0.09090909090909083
 10 -0.03030303030303028
 2564 0.03030303030303028
 11 0.09090909090909083
 2261 0.1515151515151514
 1834 0.2121212121212124
 2291 0.2727272727272729
 1669 0.3333333333333335
 640 0.393939393939394
 904 0.4545454545454546
 703 0.5151515151515151
 847 0.5757575757575757
 556 0.6363636363636367
 800 0.6969696969696972
 614 0.7575757575757578
 15 0.8181818181818183
 591 0.8787878787878789
 16 0.9393939393939394
 551 1
 9 1.060606060606061
 467 1.121212121212121
 7 1.181818181818182
 36 1.242424242424242
 89 1.303030303030303
 25 1.363636363636363
 116 1.424242424242425
 20 1.484848484848485
 89 1.545454545454546
 1 1.606060606060606
 0 1.666666666666667
 1 1.727272727272728
 39 1.787878787878788
 3 1.848484848484849
 36 1.909090909090909
 5 1.96969696969697
 1 2.03030303030303
 0 2.090909090909091
 0 2.151515151515151
 0 2.212121212121212
 0 2.272727272727272
 0 2.333333333333334
 7 2.393939393939394
 0 2.454545454545455
 3 2.515151515151516
 0 2.575757575757576
 0 2.636363636363637
 0 2.696969696969697
 0 2.757575757575758
 0 2.818181818181818
 0 2.878787878787879
 0 2.939393939393939
 0 3


