# Created by Octave 3.8.2, Sun Jun 21 02:50:39 2020 CEST <damian@fptrucha.inv.usc.es>
# name: hd
# type: matrix
# rows: 100
# columns: 2
 0 -3
 0 -2.939393939393939
 0 -2.878787878787879
 0 -2.818181818181818
 0 -2.757575757575758
 0 -2.696969696969697
 0 -2.636363636363636
 2 -2.575757575757576
 0 -2.515151515151515
 6 -2.454545454545455
 0 -2.393939393939394
 0 -2.333333333333333
 0 -2.272727272727272
 0 -2.212121212121212
 0 -2.151515151515151
 1 -2.090909090909091
 3 -2.03030303030303
 36 -1.96969696969697
 29 -1.909090909090909
 0 -1.848484848484848
 1 -1.787878787878788
 0 -1.727272727272727
 4 -1.666666666666667
 97 -1.606060606060606
 20 -1.545454545454545
 99 -1.484848484848485
 24 -1.424242424242424
 84 -1.363636363636364
 21 -1.303030303030303
 6 -1.242424242424242
 538 -1.181818181818182
 20 -1.121212121212121
 506 -1.060606060606061
 19 -1
 401 -0.9393939393939394
 14 -0.8787878787878789
 441 -0.8181818181818183
 914 -0.7575757575757573
 670 -0.6969696969696968
 1043 -0.6363636363636362
 638 -0.5757575757575757
 844 -0.5151515151515151
 496 -0.4545454545454546
 766 -0.393939393939394
 4186 -0.333333333333333
 488 -0.2727272727272725
 2841 -0.2121212121212119
 12 -0.1515151515151514
 2582 -0.09090909090909083
 7 -0.03030303030303028
 2437 0.03030303030303028
 16 0.09090909090909083
 2211 0.1515151515151514
 1633 0.2121212121212124
 2246 0.2727272727272729
 1575 0.3333333333333335
 613 0.393939393939394
 824 0.4545454545454546
 658 0.5151515151515151
 770 0.5757575757575757
 568 0.6363636363636367
 751 0.6969696969696972
 511 0.7575757575757578
 13 0.8181818181818183
 579 0.8787878787878789
 12 0.9393939393939394
 528 1
 6 1.060606060606061
 449 1.121212121212121
 12 1.181818181818182
 25 1.242424242424242
 110 1.303030303030303
 22 1.363636363636363
 82 1.424242424242425
 19 1.484848484848485
 68 1.545454545454546
 0 1.606060606060606
 0 1.666666666666667
 0 1.727272727272728
 31 1.787878787878788
 3 1.848484848484849
 14 1.909090909090909
 1 1.96969696969697
 0 2.03030303030303
 0 2.090909090909091
 0 2.151515151515151
 1 2.212121212121212
 0 2.272727272727272
 1 2.333333333333334
 9 2.393939393939394
 1 2.454545454545455
 1 2.515151515151516
 0 2.575757575757576
 0 2.636363636363637
 0 2.696969696969697
 0 2.757575757575758
 0 2.818181818181818
 0 2.878787878787879
 0 2.939393939393939
 0 3


