# Created by Octave 3.8.2, Sat Jun 20 07:50:20 2020 CEST <damian@fptrucha.inv.usc.es>
# name: hd
# type: matrix
# rows: 100
# columns: 2
 0 -3
 0 -2.939393939393939
 0 -2.878787878787879
 0 -2.818181818181818
 0 -2.757575757575758
 0 -2.696969696969697
 0 -2.636363636363636
 1 -2.575757575757576
 1 -2.515151515151515
 4 -2.454545454545455
 1 -2.393939393939394
 1 -2.333333333333333
 1 -2.272727272727272
 0 -2.212121212121212
 0 -2.151515151515151
 1 -2.090909090909091
 2 -2.03030303030303
 37 -1.96969696969697
 27 -1.909090909090909
 2 -1.848484848484848
 2 -1.787878787878788
 0 -1.727272727272727
 1 -1.666666666666667
 127 -1.606060606060606
 38 -1.545454545454545
 113 -1.484848484848485
 31 -1.424242424242424
 116 -1.363636363636364
 29 -1.303030303030303
 19 -1.242424242424242
 666 -1.181818181818182
 19 -1.121212121212121
 623 -1.060606060606061
 15 -1
 589 -0.9393939393939394
 15 -0.8787878787878789
 537 -0.8181818181818183
 1166 -0.7575757575757573
 727 -0.6969696969696968
 1207 -0.6363636363636362
 745 -0.5757575757575757
 1121 -0.5151515151515151
 685 -0.4545454545454546
 1052 -0.393939393939394
 4785 -0.333333333333333
 617 -0.2727272727272725
 3105 -0.2121212121212119
 8 -0.1515151515151514
 3003 -0.09090909090909083
 15 -0.03030303030303028
 2963 0.03030303030303028
 15 0.09090909090909083
 2452 0.1515151515151514
 1999 0.2121212121212124
 2549 0.2727272727272729
 1815 0.3333333333333335
 677 0.393939393939394
 991 0.4545454545454546
 724 0.5151515151515151
 876 0.5757575757575757
 649 0.6363636363636367
 881 0.6969696969696972
 630 0.7575757575757578
 15 0.8181818181818183
 553 0.8787878787878789
 11 0.9393939393939394
 541 1
 15 1.060606060606061
 543 1.121212121212121
 12 1.181818181818182
 20 1.242424242424242
 97 1.303030303030303
 35 1.363636363636363
 97 1.424242424242425
 25 1.484848484848485
 109 1.545454545454546
 1 1.606060606060606
 0 1.666666666666667
 2 1.727272727272728
 20 1.787878787878788
 5 1.848484848484849
 25 1.909090909090909
 5 1.96969696969697
 1 2.03030303030303
 0 2.090909090909091
 0 2.151515151515151
 0 2.212121212121212
 1 2.272727272727272
 2 2.333333333333334
 7 2.393939393939394
 0 2.454545454545455
 0 2.515151515151516
 0 2.575757575757576
 0 2.636363636363637
 0 2.696969696969697
 0 2.757575757575758
 0 2.818181818181818
 0 2.878787878787879
 0 2.939393939393939
 0 3


