# Created by Octave 3.8.2, Mon Jun 22 16:31:05 2020 CEST <damian@fptrucha.inv.usc.es>
# name: hd
# type: matrix
# rows: 100
# columns: 2
 0 -3
 0 -2.939393939393939
 0 -2.878787878787879
 0 -2.818181818181818
 0 -2.757575757575758
 0 -2.696969696969697
 0 -2.636363636363636
 5 -2.575757575757576
 1 -2.515151515151515
 5 -2.454545454545455
 2 -2.393939393939394
 1 -2.333333333333333
 0 -2.272727272727272
 0 -2.212121212121212
 0 -2.151515151515151
 1 -2.090909090909091
 3 -2.03030303030303
 29 -1.96969696969697
 28 -1.909090909090909
 1 -1.848484848484848
 1 -1.787878787878788
 0 -1.727272727272727
 0 -1.666666666666667
 113 -1.606060606060606
 34 -1.545454545454545
 100 -1.484848484848485
 29 -1.424242424242424
 104 -1.363636363636364
 29 -1.303030303030303
 13 -1.242424242424242
 586 -1.181818181818182
 20 -1.121212121212121
 598 -1.060606060606061
 17 -1
 579 -0.9393939393939394
 16 -0.8787878787878789
 558 -0.8181818181818183
 954 -0.7575757575757573
 643 -0.6969696969696968
 984 -0.6363636363636362
 600 -0.5757575757575757
 951 -0.5151515151515151
 650 -0.4545454545454546
 971 -0.393939393939394
 4110 -0.333333333333333
 591 -0.2727272727272725
 2749 -0.2121212121212119
 20 -0.1515151515151514
 2710 -0.09090909090909083
 16 -0.03030303030303028
 2610 0.03030303030303028
 24 0.09090909090909083
 2390 0.1515151515151514
 1686 0.2121212121212124
 2312 0.2727272727272729
 1659 0.3333333333333335
 667 0.393939393939394
 913 0.4545454545454546
 661 0.5151515151515151
 823 0.5757575757575757
 637 0.6363636363636367
 906 0.6969696969696972
 577 0.7575757575757578
 17 0.8181818181818183
 649 0.8787878787878789
 16 0.9393939393939394
 527 1
 15 1.060606060606061
 525 1.121212121212121
 12 1.181818181818182
 20 1.242424242424242
 126 1.303030303030303
 32 1.363636363636363
 133 1.424242424242425
 24 1.484848484848485
 102 1.545454545454546
 1 1.606060606060606
 0 1.666666666666667
 1 1.727272727272728
 41 1.787878787878788
 4 1.848484848484849
 39 1.909090909090909
 2 1.96969696969697
 2 2.03030303030303
 0 2.090909090909091
 0 2.151515151515151
 3 2.212121212121212
 1 2.272727272727272
 3 2.333333333333334
 14 2.393939393939394
 0 2.454545454545455
 1 2.515151515151516
 0 2.575757575757576
 0 2.636363636363637
 0 2.696969696969697
 0 2.757575757575758
 0 2.818181818181818
 0 2.878787878787879
 0 2.939393939393939
 0 3


