# Created by Octave 3.8.2, Tue Jun 23 00:37:48 2020 CEST <damian@fptrucha.inv.usc.es>
# name: hd
# type: matrix
# rows: 100
# columns: 2
 0 -3
 0 -2.939393939393939
 0 -2.878787878787879
 0 -2.818181818181818
 0 -2.757575757575758
 0 -2.696969696969697
 0 -2.636363636363636
 1 -2.575757575757576
 3 -2.515151515151515
 8 -2.454545454545455
 0 -2.393939393939394
 1 -2.333333333333333
 0 -2.272727272727272
 0 -2.212121212121212
 0 -2.151515151515151
 1 -2.090909090909091
 7 -2.03030303030303
 41 -1.96969696969697
 53 -1.909090909090909
 2 -1.848484848484848
 4 -1.787878787878788
 0 -1.727272727272727
 0 -1.666666666666667
 134 -1.606060606060606
 26 -1.545454545454545
 113 -1.484848484848485
 32 -1.424242424242424
 113 -1.363636363636364
 22 -1.303030303030303
 14 -1.242424242424242
 656 -1.181818181818182
 19 -1.121212121212121
 575 -1.060606060606061
 4 -1
 519 -0.9393939393939394
 18 -0.8787878787878789
 561 -0.8181818181818183
 1061 -0.7575757575757573
 707 -0.6969696969696968
 1087 -0.6363636363636362
 681 -0.5757575757575757
 957 -0.5151515151515151
 625 -0.4545454545454546
 994 -0.393939393939394
 4568 -0.333333333333333
 622 -0.2727272727272725
 2859 -0.2121212121212119
 12 -0.1515151515151514
 2718 -0.09090909090909083
 18 -0.03030303030303028
 2642 0.03030303030303028
 7 0.09090909090909083
 2503 0.1515151515151514
 1686 0.2121212121212124
 2434 0.2727272727272729
 1692 0.3333333333333335
 671 0.393939393939394
 899 0.4545454545454546
 663 0.5151515151515151
 913 0.5757575757575757
 680 0.6363636363636367
 890 0.6969696969696972
 566 0.7575757575757578
 18 0.8181818181818183
 551 0.8787878787878789
 11 0.9393939393939394
 504 1
 9 1.060606060606061
 534 1.121212121212121
 12 1.181818181818182
 26 1.242424242424242
 109 1.303030303030303
 29 1.363636363636363
 122 1.424242424242425
 30 1.484848484848485
 93 1.545454545454546
 2 1.606060606060606
 0 1.666666666666667
 2 1.727272727272728
 38 1.787878787878788
 6 1.848484848484849
 27 1.909090909090909
 5 1.96969696969697
 3 2.03030303030303
 0 2.090909090909091
 0 2.151515151515151
 1 2.212121212121212
 0 2.272727272727272
 3 2.333333333333334
 10 2.393939393939394
 2 2.454545454545455
 1 2.515151515151516
 0 2.575757575757576
 0 2.636363636363637
 0 2.696969696969697
 0 2.757575757575758
 0 2.818181818181818
 0 2.878787878787879
 0 2.939393939393939
 0 3


