# Created by Octave 3.8.2, Sat Jun 20 08:49:49 2020 CEST <damian@fptrucha.inv.usc.es>
# name: hd
# type: matrix
# rows: 100
# columns: 2
 0 -3
 0 -2.939393939393939
 0 -2.878787878787879
 0 -2.818181818181818
 0 -2.757575757575758
 0 -2.696969696969697
 0 -2.636363636363636
 3 -2.575757575757576
 0 -2.515151515151515
 2 -2.454545454545455
 1 -2.393939393939394
 1 -2.333333333333333
 1 -2.272727272727272
 0 -2.212121212121212
 0 -2.151515151515151
 1 -2.090909090909091
 1 -2.03030303030303
 32 -1.96969696969697
 24 -1.909090909090909
 1 -1.848484848484848
 1 -1.787878787878788
 0 -1.727272727272727
 2 -1.666666666666667
 133 -1.606060606060606
 30 -1.545454545454545
 107 -1.484848484848485
 32 -1.424242424242424
 103 -1.363636363636364
 26 -1.303030303030303
 15 -1.242424242424242
 648 -1.181818181818182
 20 -1.121212121212121
 566 -1.060606060606061
 16 -1
 530 -0.9393939393939394
 13 -0.8787878787878789
 542 -0.8181818181818183
 1192 -0.7575757575757573
 820 -0.6969696969696968
 1132 -0.6363636363636362
 744 -0.5757575757575757
 1046 -0.5151515151515151
 733 -0.4545454545454546
 933 -0.393939393939394
 4754 -0.333333333333333
 604 -0.2727272727272725
 3193 -0.2121212121212119
 11 -0.1515151515151514
 3064 -0.09090909090909083
 16 -0.03030303030303028
 2824 0.03030303030303028
 20 0.09090909090909083
 2556 0.1515151515151514
 1992 0.2121212121212124
 2626 0.2727272727272729
 1964 0.3333333333333335
 715 0.393939393939394
 995 0.4545454545454546
 771 0.5151515151515151
 957 0.5757575757575757
 689 0.6363636363636367
 902 0.6969696969696972
 656 0.7575757575757578
 17 0.8181818181818183
 639 0.8787878787878789
 14 0.9393939393939394
 623 1
 25 1.060606060606061
 577 1.121212121212121
 13 1.181818181818182
 39 1.242424242424242
 123 1.303030303030303
 32 1.363636363636363
 126 1.424242424242425
 31 1.484848484848485
 138 1.545454545454546
 2 1.606060606060606
 0 1.666666666666667
 0 1.727272727272728
 54 1.787878787878788
 1 1.848484848484849
 31 1.909090909090909
 6 1.96969696969697
 0 2.03030303030303
 0 2.090909090909091
 0 2.151515151515151
 2 2.212121212121212
 1 2.272727272727272
 3 2.333333333333334
 10 2.393939393939394
 0 2.454545454545455
 1 2.515151515151516
 0 2.575757575757576
 0 2.636363636363637
 0 2.696969696969697
 0 2.757575757575758
 0 2.818181818181818
 0 2.878787878787879
 0 2.939393939393939
 0 3


