# Created by Octave 3.8.2, Mon Jun 22 00:23:58 2020 CEST <damian@fptrucha.inv.usc.es>
# name: hd
# type: matrix
# rows: 100
# columns: 2
 0 -3
 0 -2.939393939393939
 0 -2.878787878787879
 0 -2.818181818181818
 0 -2.757575757575758
 0 -2.696969696969697
 0 -2.636363636363636
 2 -2.575757575757576
 0 -2.515151515151515
 4 -2.454545454545455
 1 -2.393939393939394
 0 -2.333333333333333
 2 -2.272727272727272
 0 -2.212121212121212
 0 -2.151515151515151
 0 -2.090909090909091
 5 -2.03030303030303
 23 -1.96969696969697
 14 -1.909090909090909
 1 -1.848484848484848
 1 -1.787878787878788
 0 -1.727272727272727
 4 -1.666666666666667
 94 -1.606060606060606
 23 -1.545454545454545
 83 -1.484848484848485
 32 -1.424242424242424
 80 -1.363636363636364
 14 -1.303030303030303
 15 -1.242424242424242
 545 -1.181818181818182
 19 -1.121212121212121
 549 -1.060606060606061
 18 -1
 508 -0.9393939393939394
 13 -0.8787878787878789
 468 -0.8181818181818183
 973 -0.7575757575757573
 704 -0.6969696969696968
 1017 -0.6363636363636362
 645 -0.5757575757575757
 895 -0.5151515151515151
 605 -0.4545454545454546
 783 -0.393939393939394
 4134 -0.333333333333333
 517 -0.2727272727272725
 2929 -0.2121212121212119
 4 -0.1515151515151514
 2688 -0.09090909090909083
 10 -0.03030303030303028
 2629 0.03030303030303028
 6 0.09090909090909083
 2300 0.1515151515151514
 1793 0.2121212121212124
 2166 0.2727272727272729
 1642 0.3333333333333335
 649 0.393939393939394
 886 0.4545454545454546
 684 0.5151515151515151
 819 0.5757575757575757
 606 0.6363636363636367
 792 0.6969696969696972
 600 0.7575757575757578
 10 0.8181818181818183
 507 0.8787878787878789
 13 0.9393939393939394
 531 1
 7 1.060606060606061
 466 1.121212121212121
 12 1.181818181818182
 24 1.242424242424242
 97 1.303030303030303
 19 1.363636363636363
 114 1.424242424242425
 25 1.484848484848485
 84 1.545454545454546
 1 1.606060606060606
 0 1.666666666666667
 0 1.727272727272728
 28 1.787878787878788
 1 1.848484848484849
 31 1.909090909090909
 5 1.96969696969697
 4 2.03030303030303
 0 2.090909090909091
 0 2.151515151515151
 3 2.212121212121212
 0 2.272727272727272
 1 2.333333333333334
 7 2.393939393939394
 0 2.454545454545455
 1 2.515151515151516
 0 2.575757575757576
 0 2.636363636363637
 0 2.696969696969697
 0 2.757575757575758
 0 2.818181818181818
 0 2.878787878787879
 0 2.939393939393939
 0 3


