# Created by Octave 3.8.2, Sat Jun 20 02:37:56 2020 CEST <damian@fptrucha.inv.usc.es>
# name: hd
# type: matrix
# rows: 100
# columns: 2
 0 -3
 0 -2.939393939393939
 0 -2.878787878787879
 0 -2.818181818181818
 0 -2.757575757575758
 0 -2.696969696969697
 0 -2.636363636363636
 0 -2.575757575757576
 3 -2.515151515151515
 10 -2.454545454545455
 0 -2.393939393939394
 0 -2.333333333333333
 1 -2.272727272727272
 0 -2.212121212121212
 0 -2.151515151515151
 0 -2.090909090909091
 7 -2.03030303030303
 32 -1.96969696969697
 26 -1.909090909090909
 0 -1.848484848484848
 0 -1.787878787878788
 0 -1.727272727272727
 0 -1.666666666666667
 101 -1.606060606060606
 24 -1.545454545454545
 109 -1.484848484848485
 22 -1.424242424242424
 110 -1.363636363636364
 34 -1.303030303030303
 16 -1.242424242424242
 660 -1.181818181818182
 23 -1.121212121212121
 586 -1.060606060606061
 15 -1
 538 -0.9393939393939394
 17 -0.8787878787878789
 542 -0.8181818181818183
 1097 -0.7575757575757573
 761 -0.6969696969696968
 1163 -0.6363636363636362
 728 -0.5757575757575757
 996 -0.5151515151515151
 663 -0.4545454545454546
 934 -0.393939393939394
 4558 -0.333333333333333
 605 -0.2727272727272725
 3100 -0.2121212121212119
 12 -0.1515151515151514
 2817 -0.09090909090909083
 10 -0.03030303030303028
 2763 0.03030303030303028
 15 0.09090909090909083
 2452 0.1515151515151514
 1769 0.2121212121212124
 2490 0.2727272727272729
 1675 0.3333333333333335
 659 0.393939393939394
 923 0.4545454545454546
 659 0.5151515151515151
 874 0.5757575757575757
 592 0.6363636363636367
 787 0.6969696969696972
 543 0.7575757575757578
 14 0.8181818181818183
 482 0.8787878787878789
 11 0.9393939393939394
 491 1
 15 1.060606060606061
 476 1.121212121212121
 12 1.181818181818182
 23 1.242424242424242
 72 1.303030303030303
 26 1.363636363636363
 78 1.424242424242425
 22 1.484848484848485
 82 1.545454545454546
 1 1.606060606060606
 0 1.666666666666667
 1 1.727272727272728
 28 1.787878787878788
 3 1.848484848484849
 19 1.909090909090909
 2 1.96969696969697
 1 2.03030303030303
 0 2.090909090909091
 0 2.151515151515151
 0 2.212121212121212
 0 2.272727272727272
 0 2.333333333333334
 3 2.393939393939394
 0 2.454545454545455
 1 2.515151515151516
 0 2.575757575757576
 0 2.636363636363637
 0 2.696969696969697
 0 2.757575757575758
 0 2.818181818181818
 0 2.878787878787879
 0 2.939393939393939
 0 3


