# Created by Octave 3.8.2, Mon Jun 22 03:43:34 2020 CEST <damian@fptrucha.inv.usc.es>
# name: hd
# type: matrix
# rows: 100
# columns: 2
 0 -3
 0 -2.939393939393939
 0 -2.878787878787879
 0 -2.818181818181818
 0 -2.757575757575758
 0 -2.696969696969697
 0 -2.636363636363636
 2 -2.575757575757576
 2 -2.515151515151515
 8 -2.454545454545455
 0 -2.393939393939394
 1 -2.333333333333333
 0 -2.272727272727272
 0 -2.212121212121212
 0 -2.151515151515151
 4 -2.090909090909091
 1 -2.03030303030303
 29 -1.96969696969697
 36 -1.909090909090909
 1 -1.848484848484848
 2 -1.787878787878788
 0 -1.727272727272727
 1 -1.666666666666667
 108 -1.606060606060606
 36 -1.545454545454545
 104 -1.484848484848485
 28 -1.424242424242424
 114 -1.363636363636364
 24 -1.303030303030303
 13 -1.242424242424242
 505 -1.181818181818182
 17 -1.121212121212121
 494 -1.060606060606061
 22 -1
 509 -0.9393939393939394
 28 -0.8787878787878789
 482 -0.8181818181818183
 809 -0.7575757575757573
 573 -0.6969696969696968
 893 -0.6363636363636362
 618 -0.5757575757575757
 796 -0.5151515151515151
 581 -0.4545454545454546
 895 -0.393939393939394
 3908 -0.333333333333333
 560 -0.2727272727272725
 2297 -0.2121212121212119
 14 -0.1515151515151514
 2411 -0.09090909090909083
 17 -0.03030303030303028
 2381 0.03030303030303028
 33 0.09090909090909083
 2141 0.1515151515151514
 1454 0.2121212121212124
 2236 0.2727272727272729
 1464 0.3333333333333335
 589 0.393939393939394
 828 0.4545454545454546
 595 0.5151515151515151
 758 0.5757575757575757
 605 0.6363636363636367
 749 0.6969696969696972
 497 0.7575757575757578
 12 0.8181818181818183
 550 0.8787878787878789
 24 0.9393939393939394
 521 1
 20 1.060606060606061
 503 1.121212121212121
 16 1.181818181818182
 24 1.242424242424242
 105 1.303030303030303
 24 1.363636363636363
 117 1.424242424242425
 36 1.484848484848485
 97 1.545454545454546
 2 1.606060606060606
 0 1.666666666666667
 4 1.727272727272728
 31 1.787878787878788
 3 1.848484848484849
 32 1.909090909090909
 3 1.96969696969697
 3 2.03030303030303
 0 2.090909090909091
 0 2.151515151515151
 3 2.212121212121212
 1 2.272727272727272
 0 2.333333333333334
 8 2.393939393939394
 1 2.454545454545455
 2 2.515151515151516
 0 2.575757575757576
 0 2.636363636363637
 0 2.696969696969697
 0 2.757575757575758
 0 2.818181818181818
 0 2.878787878787879
 0 2.939393939393939
 0 3


