# Created by Octave 3.8.2, Mon Jun 22 08:32:29 2020 CEST <damian@fptrucha.inv.usc.es>
# name: hd
# type: matrix
# rows: 100
# columns: 2
 0 -3
 0 -2.939393939393939
 0 -2.878787878787879
 0 -2.818181818181818
 0 -2.757575757575758
 0 -2.696969696969697
 0 -2.636363636363636
 2 -2.575757575757576
 1 -2.515151515151515
 8 -2.454545454545455
 1 -2.393939393939394
 0 -2.333333333333333
 2 -2.272727272727272
 0 -2.212121212121212
 0 -2.151515151515151
 0 -2.090909090909091
 3 -2.03030303030303
 31 -1.96969696969697
 47 -1.909090909090909
 2 -1.848484848484848
 1 -1.787878787878788
 0 -1.727272727272727
 4 -1.666666666666667
 91 -1.606060606060606
 28 -1.545454545454545
 125 -1.484848484848485
 25 -1.424242424242424
 116 -1.363636363636364
 24 -1.303030303030303
 17 -1.242424242424242
 541 -1.181818181818182
 15 -1.121212121212121
 577 -1.060606060606061
 15 -1
 479 -0.9393939393939394
 19 -0.8787878787878789
 513 -0.8181818181818183
 885 -0.7575757575757573
 598 -0.6969696969696968
 911 -0.6363636363636362
 587 -0.5757575757575757
 899 -0.5151515151515151
 581 -0.4545454545454546
 938 -0.393939393939394
 3907 -0.333333333333333
 568 -0.2727272727272725
 2485 -0.2121212121212119
 13 -0.1515151515151514
 2645 -0.09090909090909083
 17 -0.03030303030303028
 2454 0.03030303030303028
 23 0.09090909090909083
 2249 0.1515151515151514
 1513 0.2121212121212124
 2271 0.2727272727272729
 1480 0.3333333333333335
 673 0.393939393939394
 854 0.4545454545454546
 656 0.5151515151515151
 812 0.5757575757575757
 604 0.6363636363636367
 861 0.6969696969696972
 511 0.7575757575757578
 9 0.8181818181818183
 585 0.8787878787878789
 19 0.9393939393939394
 510 1
 20 1.060606060606061
 477 1.121212121212121
 8 1.181818181818182
 35 1.242424242424242
 116 1.303030303030303
 29 1.363636363636363
 108 1.424242424242425
 28 1.484848484848485
 101 1.545454545454546
 4 1.606060606060606
 0 1.666666666666667
 3 1.727272727272728
 52 1.787878787878788
 5 1.848484848484849
 44 1.909090909090909
 5 1.96969696969697
 5 2.03030303030303
 0 2.090909090909091
 0 2.151515151515151
 3 2.212121212121212
 0 2.272727272727272
 0 2.333333333333334
 9 2.393939393939394
 0 2.454545454545455
 1 2.515151515151516
 0 2.575757575757576
 0 2.636363636363637
 0 2.696969696969697
 0 2.757575757575758
 0 2.818181818181818
 0 2.878787878787879
 0 2.939393939393939
 0 3


