# Created by Octave 3.8.2, Sat Jun 20 19:28:28 2020 CEST <damian@fptrucha.inv.usc.es>
# name: hd
# type: matrix
# rows: 100
# columns: 2
 0 -3
 0 -2.939393939393939
 0 -2.878787878787879
 0 -2.818181818181818
 0 -2.757575757575758
 0 -2.696969696969697
 0 -2.636363636363636
 1 -2.575757575757576
 0 -2.515151515151515
 2 -2.454545454545455
 0 -2.393939393939394
 1 -2.333333333333333
 0 -2.272727272727272
 0 -2.212121212121212
 0 -2.151515151515151
 1 -2.090909090909091
 2 -2.03030303030303
 23 -1.96969696969697
 30 -1.909090909090909
 1 -1.848484848484848
 0 -1.787878787878788
 0 -1.727272727272727
 4 -1.666666666666667
 83 -1.606060606060606
 10 -1.545454545454545
 94 -1.484848484848485
 19 -1.424242424242424
 86 -1.363636363636364
 11 -1.303030303030303
 12 -1.242424242424242
 535 -1.181818181818182
 13 -1.121212121212121
 537 -1.060606060606061
 7 -1
 440 -0.9393939393939394
 12 -0.8787878787878789
 487 -0.8181818181818183
 981 -0.7575757575757573
 610 -0.6969696969696968
 1025 -0.6363636363636362
 642 -0.5757575757575757
 909 -0.5151515151515151
 576 -0.4545454545454546
 792 -0.393939393939394
 4238 -0.333333333333333
 532 -0.2727272727272725
 2905 -0.2121212121212119
 8 -0.1515151515151514
 2639 -0.09090909090909083
 7 -0.03030303030303028
 2559 0.03030303030303028
 9 0.09090909090909083
 2261 0.1515151515151514
 1724 0.2121212121212124
 2214 0.2727272727272729
 1626 0.3333333333333335
 655 0.393939393939394
 887 0.4545454545454546
 633 0.5151515151515151
 804 0.5757575757575757
 579 0.6363636363636367
 795 0.6969696969696972
 589 0.7575757575757578
 10 0.8181818181818183
 507 0.8787878787878789
 16 0.9393939393939394
 531 1
 12 1.060606060606061
 479 1.121212121212121
 6 1.181818181818182
 27 1.242424242424242
 102 1.303030303030303
 26 1.363636363636363
 110 1.424242424242425
 24 1.484848484848485
 106 1.545454545454546
 2 1.606060606060606
 0 1.666666666666667
 3 1.727272727272728
 30 1.787878787878788
 3 1.848484848484849
 21 1.909090909090909
 4 1.96969696969697
 0 2.03030303030303
 0 2.090909090909091
 0 2.151515151515151
 0 2.212121212121212
 3 2.272727272727272
 2 2.333333333333334
 3 2.393939393939394
 0 2.454545454545455
 1 2.515151515151516
 0 2.575757575757576
 0 2.636363636363637
 0 2.696969696969697
 0 2.757575757575758
 0 2.818181818181818
 0 2.878787878787879
 0 2.939393939393939
 0 3


