# Created by Octave 3.8.2, Sat Jun 20 19:48:34 2020 CEST <damian@fptrucha.inv.usc.es>
# name: hd
# type: matrix
# rows: 100
# columns: 2
 0 -3
 0 -2.939393939393939
 0 -2.878787878787879
 0 -2.818181818181818
 0 -2.757575757575758
 0 -2.696969696969697
 0 -2.636363636363636
 1 -2.575757575757576
 0 -2.515151515151515
 4 -2.454545454545455
 0 -2.393939393939394
 0 -2.333333333333333
 1 -2.272727272727272
 0 -2.212121212121212
 0 -2.151515151515151
 4 -2.090909090909091
 0 -2.03030303030303
 24 -1.96969696969697
 19 -1.909090909090909
 0 -1.848484848484848
 0 -1.787878787878788
 0 -1.727272727272727
 4 -1.666666666666667
 110 -1.606060606060606
 24 -1.545454545454545
 75 -1.484848484848485
 19 -1.424242424242424
 64 -1.363636363636364
 18 -1.303030303030303
 11 -1.242424242424242
 557 -1.181818181818182
 16 -1.121212121212121
 558 -1.060606060606061
 14 -1
 414 -0.9393939393939394
 15 -0.8787878787878789
 447 -0.8181818181818183
 1001 -0.7575757575757573
 647 -0.6969696969696968
 993 -0.6363636363636362
 625 -0.5757575757575757
 847 -0.5151515151515151
 605 -0.4545454545454546
 803 -0.393939393939394
 4177 -0.333333333333333
 534 -0.2727272727272725
 2922 -0.2121212121212119
 10 -0.1515151515151514
 2615 -0.09090909090909083
 7 -0.03030303030303028
 2583 0.03030303030303028
 7 0.09090909090909083
 2168 0.1515151515151514
 1666 0.2121212121212124
 2303 0.2727272727272729
 1673 0.3333333333333335
 627 0.393939393939394
 856 0.4545454545454546
 670 0.5151515151515151
 766 0.5757575757575757
 589 0.6363636363636367
 775 0.6969696969696972
 546 0.7575757575757578
 11 0.8181818181818183
 566 0.8787878787878789
 11 0.9393939393939394
 537 1
 18 1.060606060606061
 487 1.121212121212121
 12 1.181818181818182
 20 1.242424242424242
 80 1.303030303030303
 18 1.363636363636363
 80 1.424242424242425
 20 1.484848484848485
 82 1.545454545454546
 2 1.606060606060606
 0 1.666666666666667
 2 1.727272727272728
 35 1.787878787878788
 4 1.848484848484849
 27 1.909090909090909
 2 1.96969696969697
 4 2.03030303030303
 0 2.090909090909091
 0 2.151515151515151
 0 2.212121212121212
 0 2.272727272727272
 0 2.333333333333334
 4 2.393939393939394
 0 2.454545454545455
 1 2.515151515151516
 0 2.575757575757576
 0 2.636363636363637
 0 2.696969696969697
 0 2.757575757575758
 0 2.818181818181818
 0 2.878787878787879
 0 2.939393939393939
 0 3


