# Created by Octave 3.8.2, Mon Jun 22 08:26:40 2020 CEST <damian@fptrucha.inv.usc.es>
# name: hd
# type: matrix
# rows: 100
# columns: 2
 0 -3
 0 -2.939393939393939
 0 -2.878787878787879
 0 -2.818181818181818
 0 -2.757575757575758
 0 -2.696969696969697
 0 -2.636363636363636
 2 -2.575757575757576
 0 -2.515151515151515
 5 -2.454545454545455
 1 -2.393939393939394
 0 -2.333333333333333
 1 -2.272727272727272
 0 -2.212121212121212
 0 -2.151515151515151
 3 -2.090909090909091
 3 -2.03030303030303
 39 -1.96969696969697
 40 -1.909090909090909
 1 -1.848484848484848
 2 -1.787878787878788
 0 -1.727272727272727
 2 -1.666666666666667
 110 -1.606060606060606
 33 -1.545454545454545
 111 -1.484848484848485
 36 -1.424242424242424
 112 -1.363636363636364
 23 -1.303030303030303
 12 -1.242424242424242
 505 -1.181818181818182
 17 -1.121212121212121
 512 -1.060606060606061
 15 -1
 509 -0.9393939393939394
 20 -0.8787878787878789
 526 -0.8181818181818183
 830 -0.7575757575757573
 606 -0.6969696969696968
 933 -0.6363636363636362
 577 -0.5757575757575757
 894 -0.5151515151515151
 566 -0.4545454545454546
 915 -0.393939393939394
 4021 -0.333333333333333
 526 -0.2727272727272725
 2506 -0.2121212121212119
 9 -0.1515151515151514
 2594 -0.09090909090909083
 21 -0.03030303030303028
 2474 0.03030303030303028
 20 0.09090909090909083
 2243 0.1515151515151514
 1514 0.2121212121212124
 2370 0.2727272727272729
 1516 0.3333333333333335
 608 0.393939393939394
 874 0.4545454545454546
 633 0.5151515151515151
 820 0.5757575757575757
 617 0.6363636363636367
 854 0.6969696969696972
 512 0.7575757575757578
 14 0.8181818181818183
 532 0.8787878787878789
 25 0.9393939393939394
 509 1
 18 1.060606060606061
 490 1.121212121212121
 17 1.181818181818182
 17 1.242424242424242
 106 1.303030303030303
 26 1.363636363636363
 123 1.424242424242425
 27 1.484848484848485
 107 1.545454545454546
 2 1.606060606060606
 0 1.666666666666667
 4 1.727272727272728
 33 1.787878787878788
 5 1.848484848484849
 25 1.909090909090909
 6 1.96969696969697
 0 2.03030303030303
 0 2.090909090909091
 0 2.151515151515151
 1 2.212121212121212
 0 2.272727272727272
 2 2.333333333333334
 9 2.393939393939394
 1 2.454545454545455
 1 2.515151515151516
 0 2.575757575757576
 0 2.636363636363637
 0 2.696969696969697
 0 2.757575757575758
 0 2.818181818181818
 0 2.878787878787879
 0 2.939393939393939
 0 3


