# Created by Octave 3.8.2, Mon Jun 22 15:57:31 2020 CEST <damian@fptrucha.inv.usc.es>
# name: hd
# type: matrix
# rows: 100
# columns: 2
 0 -3
 0 -2.939393939393939
 0 -2.878787878787879
 0 -2.818181818181818
 0 -2.757575757575758
 0 -2.696969696969697
 0 -2.636363636363636
 1 -2.575757575757576
 0 -2.515151515151515
 7 -2.454545454545455
 1 -2.393939393939394
 1 -2.333333333333333
 1 -2.272727272727272
 0 -2.212121212121212
 0 -2.151515151515151
 2 -2.090909090909091
 2 -2.03030303030303
 44 -1.96969696969697
 32 -1.909090909090909
 2 -1.848484848484848
 0 -1.787878787878788
 0 -1.727272727272727
 1 -1.666666666666667
 96 -1.606060606060606
 29 -1.545454545454545
 125 -1.484848484848485
 33 -1.424242424242424
 129 -1.363636363636364
 23 -1.303030303030303
 7 -1.242424242424242
 587 -1.181818181818182
 21 -1.121212121212121
 520 -1.060606060606061
 25 -1
 527 -0.9393939393939394
 21 -0.8787878787878789
 499 -0.8181818181818183
 986 -0.7575757575757573
 657 -0.6969696969696968
 1011 -0.6363636363636362
 652 -0.5757575757575757
 891 -0.5151515151515151
 609 -0.4545454545454546
 913 -0.393939393939394
 4254 -0.333333333333333
 564 -0.2727272727272725
 2712 -0.2121212121212119
 14 -0.1515151515151514
 2669 -0.09090909090909083
 19 -0.03030303030303028
 2579 0.03030303030303028
 14 0.09090909090909083
 2242 0.1515151515151514
 1646 0.2121212121212124
 2361 0.2727272727272729
 1647 0.3333333333333335
 641 0.393939393939394
 963 0.4545454545454546
 678 0.5151515151515151
 879 0.5757575757575757
 689 0.6363636363636367
 837 0.6969696969696972
 607 0.7575757575757578
 19 0.8181818181818183
 663 0.8787878787878789
 28 0.9393939393939394
 606 1
 19 1.060606060606061
 550 1.121212121212121
 15 1.181818181818182
 25 1.242424242424242
 134 1.303030303030303
 44 1.363636363636363
 119 1.424242424242425
 37 1.484848484848485
 106 1.545454545454546
 2 1.606060606060606
 0 1.666666666666667
 4 1.727272727272728
 44 1.787878787878788
 5 1.848484848484849
 49 1.909090909090909
 6 1.96969696969697
 1 2.03030303030303
 0 2.090909090909091
 0 2.151515151515151
 1 2.212121212121212
 1 2.272727272727272
 4 2.333333333333334
 15 2.393939393939394
 1 2.454545454545455
 2 2.515151515151516
 0 2.575757575757576
 0 2.636363636363637
 0 2.696969696969697
 0 2.757575757575758
 0 2.818181818181818
 0 2.878787878787879
 0 2.939393939393939
 0 3


