# Created by Octave 3.8.2, Mon Jun 22 02:53:46 2020 CEST <damian@fptrucha.inv.usc.es>
# name: hd
# type: matrix
# rows: 100
# columns: 2
 0 -3
 0 -2.939393939393939
 0 -2.878787878787879
 0 -2.818181818181818
 0 -2.757575757575758
 0 -2.696969696969697
 0 -2.636363636363636
 1 -2.575757575757576
 1 -2.515151515151515
 5 -2.454545454545455
 2 -2.393939393939394
 1 -2.333333333333333
 0 -2.272727272727272
 0 -2.212121212121212
 0 -2.151515151515151
 0 -2.090909090909091
 5 -2.03030303030303
 30 -1.96969696969697
 39 -1.909090909090909
 1 -1.848484848484848
 1 -1.787878787878788
 0 -1.727272727272727
 2 -1.666666666666667
 106 -1.606060606060606
 25 -1.545454545454545
 105 -1.484848484848485
 26 -1.424242424242424
 97 -1.363636363636364
 26 -1.303030303030303
 11 -1.242424242424242
 499 -1.181818181818182
 14 -1.121212121212121
 491 -1.060606060606061
 21 -1
 461 -0.9393939393939394
 20 -0.8787878787878789
 462 -0.8181818181818183
 801 -0.7575757575757573
 557 -0.6969696969696968
 883 -0.6363636363636362
 558 -0.5757575757575757
 813 -0.5151515151515151
 543 -0.4545454545454546
 855 -0.393939393939394
 3763 -0.333333333333333
 535 -0.2727272727272725
 2371 -0.2121212121212119
 17 -0.1515151515151514
 2498 -0.09090909090909083
 15 -0.03030303030303028
 2218 0.03030303030303028
 34 0.09090909090909083
 2092 0.1515151515151514
 1602 0.2121212121212124
 2131 0.2727272727272729
 1456 0.3333333333333335
 572 0.393939393939394
 847 0.4545454545454546
 595 0.5151515151515151
 813 0.5757575757575757
 599 0.6363636363636367
 737 0.6969696969696972
 508 0.7575757575757578
 16 0.8181818181818183
 533 0.8787878787878789
 14 0.9393939393939394
 559 1
 22 1.060606060606061
 492 1.121212121212121
 7 1.181818181818182
 35 1.242424242424242
 94 1.303030303030303
 29 1.363636363636363
 110 1.424242424242425
 32 1.484848484848485
 102 1.545454545454546
 1 1.606060606060606
 0 1.666666666666667
 1 1.727272727272728
 34 1.787878787878788
 6 1.848484848484849
 40 1.909090909090909
 10 1.96969696969697
 0 2.03030303030303
 0 2.090909090909091
 0 2.151515151515151
 2 2.212121212121212
 1 2.272727272727272
 1 2.333333333333334
 10 2.393939393939394
 0 2.454545454545455
 1 2.515151515151516
 0 2.575757575757576
 0 2.636363636363637
 0 2.696969696969697
 0 2.757575757575758
 0 2.818181818181818
 0 2.878787878787879
 0 2.939393939393939
 0 3


