# Created by Octave 3.8.2, Sun Jun 21 01:14:19 2020 CEST <damian@fptrucha.inv.usc.es>
# name: hd
# type: matrix
# rows: 100
# columns: 2
 0 -3
 0 -2.939393939393939
 0 -2.878787878787879
 0 -2.818181818181818
 0 -2.757575757575758
 0 -2.696969696969697
 0 -2.636363636363636
 5 -2.575757575757576
 0 -2.515151515151515
 6 -2.454545454545455
 0 -2.393939393939394
 1 -2.333333333333333
 3 -2.272727272727272
 0 -2.212121212121212
 0 -2.151515151515151
 0 -2.090909090909091
 4 -2.03030303030303
 19 -1.96969696969697
 30 -1.909090909090909
 1 -1.848484848484848
 2 -1.787878787878788
 0 -1.727272727272727
 2 -1.666666666666667
 88 -1.606060606060606
 19 -1.545454545454545
 92 -1.484848484848485
 14 -1.424242424242424
 96 -1.363636363636364
 26 -1.303030303030303
 12 -1.242424242424242
 508 -1.181818181818182
 21 -1.121212121212121
 528 -1.060606060606061
 10 -1
 442 -0.9393939393939394
 15 -0.8787878787878789
 437 -0.8181818181818183
 958 -0.7575757575757573
 654 -0.6969696969696968
 1010 -0.6363636363636362
 622 -0.5757575757575757
 776 -0.5151515151515151
 557 -0.4545454545454546
 859 -0.393939393939394
 4162 -0.333333333333333
 531 -0.2727272727272725
 2754 -0.2121212121212119
 9 -0.1515151515151514
 2602 -0.09090909090909083
 7 -0.03030303030303028
 2452 0.03030303030303028
 9 0.09090909090909083
 2163 0.1515151515151514
 1816 0.2121212121212124
 2113 0.2727272727272729
 1656 0.3333333333333335
 597 0.393939393939394
 892 0.4545454545454546
 648 0.5151515151515151
 819 0.5757575757575757
 554 0.6363636363636367
 820 0.6969696969696972
 578 0.7575757575757578
 14 0.8181818181818183
 522 0.8787878787878789
 27 0.9393939393939394
 492 1
 6 1.060606060606061
 516 1.121212121212121
 12 1.181818181818182
 32 1.242424242424242
 92 1.303030303030303
 23 1.363636363636363
 110 1.424242424242425
 24 1.484848484848485
 86 1.545454545454546
 2 1.606060606060606
 0 1.666666666666667
 1 1.727272727272728
 22 1.787878787878788
 2 1.848484848484849
 37 1.909090909090909
 2 1.96969696969697
 1 2.03030303030303
 0 2.090909090909091
 0 2.151515151515151
 3 2.212121212121212
 0 2.272727272727272
 0 2.333333333333334
 7 2.393939393939394
 0 2.454545454545455
 0 2.515151515151516
 0 2.575757575757576
 0 2.636363636363637
 0 2.696969696969697
 0 2.757575757575758
 0 2.818181818181818
 0 2.878787878787879
 0 2.939393939393939
 0 3


