# Created by Octave 3.8.2, Sat Jun 20 19:05:29 2020 CEST <damian@fptrucha.inv.usc.es>
# name: hd
# type: matrix
# rows: 100
# columns: 2
 0 -3
 0 -2.939393939393939
 0 -2.878787878787879
 0 -2.818181818181818
 0 -2.757575757575758
 0 -2.696969696969697
 0 -2.636363636363636
 0 -2.575757575757576
 0 -2.515151515151515
 8 -2.454545454545455
 0 -2.393939393939394
 1 -2.333333333333333
 2 -2.272727272727272
 0 -2.212121212121212
 0 -2.151515151515151
 1 -2.090909090909091
 2 -2.03030303030303
 27 -1.96969696969697
 17 -1.909090909090909
 2 -1.848484848484848
 0 -1.787878787878788
 0 -1.727272727272727
 1 -1.666666666666667
 76 -1.606060606060606
 20 -1.545454545454545
 78 -1.484848484848485
 23 -1.424242424242424
 81 -1.363636363636364
 19 -1.303030303030303
 11 -1.242424242424242
 571 -1.181818181818182
 10 -1.121212121212121
 525 -1.060606060606061
 12 -1
 427 -0.9393939393939394
 14 -0.8787878787878789
 454 -0.8181818181818183
 926 -0.7575757575757573
 640 -0.6969696969696968
 1005 -0.6363636363636362
 636 -0.5757575757575757
 818 -0.5151515151515151
 510 -0.4545454545454546
 855 -0.393939393939394
 4285 -0.333333333333333
 545 -0.2727272727272725
 2879 -0.2121212121212119
 10 -0.1515151515151514
 2636 -0.09090909090909083
 8 -0.03030303030303028
 2515 0.03030303030303028
 7 0.09090909090909083
 2106 0.1515151515151514
 1809 0.2121212121212124
 2216 0.2727272727272729
 1702 0.3333333333333335
 614 0.393939393939394
 972 0.4545454545454546
 663 0.5151515151515151
 841 0.5757575757575757
 587 0.6363636363636367
 879 0.6969696969696972
 528 0.7575757575757578
 10 0.8181818181818183
 524 0.8787878787878789
 17 0.9393939393939394
 541 1
 15 1.060606060606061
 517 1.121212121212121
 10 1.181818181818182
 23 1.242424242424242
 90 1.303030303030303
 29 1.363636363636363
 86 1.424242424242425
 26 1.484848484848485
 107 1.545454545454546
 3 1.606060606060606
 0 1.666666666666667
 0 1.727272727272728
 36 1.787878787878788
 4 1.848484848484849
 21 1.909090909090909
 7 1.96969696969697
 1 2.03030303030303
 0 2.090909090909091
 0 2.151515151515151
 1 2.212121212121212
 0 2.272727272727272
 0 2.333333333333334
 3 2.393939393939394
 0 2.454545454545455
 5 2.515151515151516
 0 2.575757575757576
 0 2.636363636363637
 0 2.696969696969697
 0 2.757575757575758
 0 2.818181818181818
 0 2.878787878787879
 0 2.939393939393939
 0 3


