# Created by Octave 3.8.2, Sun Jun 21 02:34:43 2020 CEST <damian@fptrucha.inv.usc.es>
# name: hd
# type: matrix
# rows: 100
# columns: 2
 0 -3
 0 -2.939393939393939
 0 -2.878787878787879
 0 -2.818181818181818
 0 -2.757575757575758
 0 -2.696969696969697
 0 -2.636363636363636
 1 -2.575757575757576
 0 -2.515151515151515
 6 -2.454545454545455
 0 -2.393939393939394
 0 -2.333333333333333
 2 -2.272727272727272
 0 -2.212121212121212
 0 -2.151515151515151
 2 -2.090909090909091
 4 -2.03030303030303
 31 -1.96969696969697
 31 -1.909090909090909
 2 -1.848484848484848
 0 -1.787878787878788
 0 -1.727272727272727
 0 -1.666666666666667
 93 -1.606060606060606
 24 -1.545454545454545
 91 -1.484848484848485
 22 -1.424242424242424
 56 -1.363636363636364
 15 -1.303030303030303
 17 -1.242424242424242
 561 -1.181818181818182
 17 -1.121212121212121
 476 -1.060606060606061
 12 -1
 469 -0.9393939393939394
 15 -0.8787878787878789
 445 -0.8181818181818183
 961 -0.7575757575757573
 686 -0.6969696969696968
 1001 -0.6363636363636362
 632 -0.5757575757575757
 843 -0.5151515151515151
 575 -0.4545454545454546
 821 -0.393939393939394
 4192 -0.333333333333333
 540 -0.2727272727272725
 2860 -0.2121212121212119
 9 -0.1515151515151514
 2699 -0.09090909090909083
 9 -0.03030303030303028
 2441 0.03030303030303028
 8 0.09090909090909083
 2167 0.1515151515151514
 1681 0.2121212121212124
 2170 0.2727272727272729
 1585 0.3333333333333335
 635 0.393939393939394
 818 0.4545454545454546
 628 0.5151515151515151
 842 0.5757575757575757
 599 0.6363636363636367
 797 0.6969696969696972
 569 0.7575757575757578
 12 0.8181818181818183
 533 0.8787878787878789
 8 0.9393939393939394
 468 1
 6 1.060606060606061
 472 1.121212121212121
 14 1.181818181818182
 21 1.242424242424242
 79 1.303030303030303
 35 1.363636363636363
 93 1.424242424242425
 20 1.484848484848485
 96 1.545454545454546
 4 1.606060606060606
 0 1.666666666666667
 2 1.727272727272728
 23 1.787878787878788
 2 1.848484848484849
 27 1.909090909090909
 5 1.96969696969697
 1 2.03030303030303
 0 2.090909090909091
 0 2.151515151515151
 2 2.212121212121212
 2 2.272727272727272
 3 2.333333333333334
 8 2.393939393939394
 1 2.454545454545455
 1 2.515151515151516
 0 2.575757575757576
 0 2.636363636363637
 0 2.696969696969697
 0 2.757575757575758
 0 2.818181818181818
 0 2.878787878787879
 0 2.939393939393939
 0 3


