# Created by Octave 3.8.2, Sat Jun 20 10:35:56 2020 CEST <damian@fptrucha.inv.usc.es>
# name: hd
# type: matrix
# rows: 100
# columns: 2
 0 -3
 0 -2.939393939393939
 0 -2.878787878787879
 0 -2.818181818181818
 0 -2.757575757575758
 0 -2.696969696969697
 0 -2.636363636363636
 1 -2.575757575757576
 1 -2.515151515151515
 5 -2.454545454545455
 0 -2.393939393939394
 0 -2.333333333333333
 0 -2.272727272727272
 0 -2.212121212121212
 0 -2.151515151515151
 2 -2.090909090909091
 3 -2.03030303030303
 26 -1.96969696969697
 25 -1.909090909090909
 2 -1.848484848484848
 0 -1.787878787878788
 0 -1.727272727272727
 1 -1.666666666666667
 104 -1.606060606060606
 21 -1.545454545454545
 111 -1.484848484848485
 27 -1.424242424242424
 82 -1.363636363636364
 18 -1.303030303030303
 16 -1.242424242424242
 566 -1.181818181818182
 12 -1.121212121212121
 549 -1.060606060606061
 12 -1
 468 -0.9393939393939394
 11 -0.8787878787878789
 509 -0.8181818181818183
 1138 -0.7575757575757573
 787 -0.6969696969696968
 1151 -0.6363636363636362
 736 -0.5757575757575757
 1013 -0.5151515151515151
 602 -0.4545454545454546
 959 -0.393939393939394
 4646 -0.333333333333333
 598 -0.2727272727272725
 3141 -0.2121212121212119
 9 -0.1515151515151514
 2871 -0.09090909090909083
 10 -0.03030303030303028
 2840 0.03030303030303028
 12 0.09090909090909083
 2494 0.1515151515151514
 1989 0.2121212121212124
 2453 0.2727272727272729
 1832 0.3333333333333335
 713 0.393939393939394
 987 0.4545454545454546
 692 0.5151515151515151
 970 0.5757575757575757
 664 0.6363636363636367
 931 0.6969696969696972
 704 0.7575757575757578
 15 0.8181818181818183
 677 0.8787878787878789
 10 0.9393939393939394
 533 1
 15 1.060606060606061
 533 1.121212121212121
 14 1.181818181818182
 31 1.242424242424242
 125 1.303030303030303
 24 1.363636363636363
 116 1.424242424242425
 29 1.484848484848485
 95 1.545454545454546
 1 1.606060606060606
 0 1.666666666666667
 0 1.727272727272728
 32 1.787878787878788
 3 1.848484848484849
 39 1.909090909090909
 2 1.96969696969697
 1 2.03030303030303
 0 2.090909090909091
 0 2.151515151515151
 0 2.212121212121212
 0 2.272727272727272
 0 2.333333333333334
 7 2.393939393939394
 0 2.454545454545455
 1 2.515151515151516
 0 2.575757575757576
 0 2.636363636363637
 0 2.696969696969697
 0 2.757575757575758
 0 2.818181818181818
 0 2.878787878787879
 0 2.939393939393939
 0 3


