# Created by Octave 3.8.2, Sat Jun 20 22:05:22 2020 CEST <damian@fptrucha.inv.usc.es>
# name: hd
# type: matrix
# rows: 100
# columns: 2
 0 -3
 0 -2.939393939393939
 0 -2.878787878787879
 0 -2.818181818181818
 0 -2.757575757575758
 0 -2.696969696969697
 0 -2.636363636363636
 0 -2.575757575757576
 1 -2.515151515151515
 2 -2.454545454545455
 1 -2.393939393939394
 2 -2.333333333333333
 1 -2.272727272727272
 0 -2.212121212121212
 0 -2.151515151515151
 3 -2.090909090909091
 1 -2.03030303030303
 17 -1.96969696969697
 32 -1.909090909090909
 2 -1.848484848484848
 0 -1.787878787878788
 0 -1.727272727272727
 0 -1.666666666666667
 79 -1.606060606060606
 26 -1.545454545454545
 91 -1.484848484848485
 14 -1.424242424242424
 90 -1.363636363636364
 20 -1.303030303030303
 10 -1.242424242424242
 552 -1.181818181818182
 15 -1.121212121212121
 507 -1.060606060606061
 6 -1
 444 -0.9393939393939394
 10 -0.8787878787878789
 463 -0.8181818181818183
 942 -0.7575757575757573
 618 -0.6969696969696968
 1013 -0.6363636363636362
 591 -0.5757575757575757
 850 -0.5151515151515151
 548 -0.4545454545454546
 799 -0.393939393939394
 4273 -0.333333333333333
 500 -0.2727272727272725
 2869 -0.2121212121212119
 9 -0.1515151515151514
 2546 -0.09090909090909083
 10 -0.03030303030303028
 2480 0.03030303030303028
 12 0.09090909090909083
 2190 0.1515151515151514
 1777 0.2121212121212124
 2230 0.2727272727272729
 1694 0.3333333333333335
 667 0.393939393939394
 916 0.4545454545454546
 682 0.5151515151515151
 839 0.5757575757575757
 564 0.6363636363636367
 810 0.6969696969696972
 579 0.7575757575757578
 15 0.8181818181818183
 540 0.8787878787878789
 16 0.9393939393939394
 499 1
 10 1.060606060606061
 463 1.121212121212121
 5 1.181818181818182
 23 1.242424242424242
 112 1.303030303030303
 28 1.363636363636363
 100 1.424242424242425
 28 1.484848484848485
 95 1.545454545454546
 1 1.606060606060606
 0 1.666666666666667
 2 1.727272727272728
 35 1.787878787878788
 0 1.848484848484849
 30 1.909090909090909
 5 1.96969696969697
 0 2.03030303030303
 0 2.090909090909091
 0 2.151515151515151
 1 2.212121212121212
 0 2.272727272727272
 1 2.333333333333334
 5 2.393939393939394
 0 2.454545454545455
 0 2.515151515151516
 0 2.575757575757576
 0 2.636363636363637
 0 2.696969696969697
 0 2.757575757575758
 0 2.818181818181818
 0 2.878787878787879
 0 2.939393939393939
 0 3


