# Created by Octave 3.8.2, Mon Jun 22 08:09:11 2020 CEST <damian@fptrucha.inv.usc.es>
# name: hd
# type: matrix
# rows: 100
# columns: 2
 0 -3
 0 -2.939393939393939
 0 -2.878787878787879
 0 -2.818181818181818
 0 -2.757575757575758
 0 -2.696969696969697
 0 -2.636363636363636
 0 -2.575757575757576
 0 -2.515151515151515
 7 -2.454545454545455
 0 -2.393939393939394
 0 -2.333333333333333
 1 -2.272727272727272
 0 -2.212121212121212
 0 -2.151515151515151
 1 -2.090909090909091
 4 -2.03030303030303
 25 -1.96969696969697
 17 -1.909090909090909
 2 -1.848484848484848
 1 -1.787878787878788
 0 -1.727272727272727
 0 -1.666666666666667
 60 -1.606060606060606
 21 -1.545454545454545
 70 -1.484848484848485
 21 -1.424242424242424
 89 -1.363636363636364
 16 -1.303030303030303
 10 -1.242424242424242
 384 -1.181818181818182
 15 -1.121212121212121
 359 -1.060606060606061
 9 -1
 320 -0.9393939393939394
 10 -0.8787878787878789
 309 -0.8181818181818183
 576 -0.7575757575757573
 423 -0.6969696969696968
 586 -0.6363636363636362
 401 -0.5757575757575757
 610 -0.5151515151515151
 399 -0.4545454545454546
 567 -0.393939393939394
 2518 -0.333333333333333
 392 -0.2727272727272725
 1627 -0.2121212121212119
 7 -0.1515151515151514
 1685 -0.09090909090909083
 13 -0.03030303030303028
 1577 0.03030303030303028
 13 0.09090909090909083
 1483 0.1515151515151514
 1013 0.2121212121212124
 1539 0.2727272727272729
 945 0.3333333333333335
 404 0.393939393939394
 628 0.4545454545454546
 423 0.5151515151515151
 573 0.5757575757575757
 404 0.6363636363636367
 524 0.6969696969696972
 353 0.7575757575757578
 6 0.8181818181818183
 384 0.8787878787878789
 7 0.9393939393939394
 349 1
 12 1.060606060606061
 348 1.121212121212121
 6 1.181818181818182
 21 1.242424242424242
 71 1.303030303030303
 11 1.363636363636363
 60 1.424242424242425
 24 1.484848484848485
 71 1.545454545454546
 1 1.606060606060606
 0 1.666666666666667
 1 1.727272727272728
 33 1.787878787878788
 1 1.848484848484849
 27 1.909090909090909
 5 1.96969696969697
 1 2.03030303030303
 0 2.090909090909091
 0 2.151515151515151
 0 2.212121212121212
 0 2.272727272727272
 0 2.333333333333334
 7 2.393939393939394
 0 2.454545454545455
 2 2.515151515151516
 0 2.575757575757576
 0 2.636363636363637
 0 2.696969696969697
 0 2.757575757575758
 0 2.818181818181818
 0 2.878787878787879
 0 2.939393939393939
 0 3


