# Created by Octave 3.8.2, Sat Jun 20 19:19:13 2020 CEST <damian@fptrucha.inv.usc.es>
# name: hd
# type: matrix
# rows: 100
# columns: 2
 0 -3
 0 -2.939393939393939
 0 -2.878787878787879
 0 -2.818181818181818
 0 -2.757575757575758
 0 -2.696969696969697
 0 -2.636363636363636
 0 -2.575757575757576
 0 -2.515151515151515
 7 -2.454545454545455
 0 -2.393939393939394
 0 -2.333333333333333
 0 -2.272727272727272
 0 -2.212121212121212
 0 -2.151515151515151
 1 -2.090909090909091
 5 -2.03030303030303
 21 -1.96969696969697
 25 -1.909090909090909
 0 -1.848484848484848
 0 -1.787878787878788
 0 -1.727272727272727
 1 -1.666666666666667
 86 -1.606060606060606
 18 -1.545454545454545
 89 -1.484848484848485
 18 -1.424242424242424
 84 -1.363636363636364
 26 -1.303030303030303
 10 -1.242424242424242
 580 -1.181818181818182
 13 -1.121212121212121
 492 -1.060606060606061
 13 -1
 476 -0.9393939393939394
 12 -0.8787878787878789
 419 -0.8181818181818183
 956 -0.7575757575757573
 706 -0.6969696969696968
 1057 -0.6363636363636362
 626 -0.5757575757575757
 848 -0.5151515151515151
 530 -0.4545454545454546
 863 -0.393939393939394
 4222 -0.333333333333333
 566 -0.2727272727272725
 2912 -0.2121212121212119
 10 -0.1515151515151514
 2653 -0.09090909090909083
 9 -0.03030303030303028
 2553 0.03030303030303028
 6 0.09090909090909083
 2328 0.1515151515151514
 1745 0.2121212121212124
 2237 0.2727272727272729
 1649 0.3333333333333335
 676 0.393939393939394
 949 0.4545454545454546
 677 0.5151515151515151
 865 0.5757575757575757
 612 0.6363636363636367
 838 0.6969696969696972
 598 0.7575757575757578
 8 0.8181818181818183
 587 0.8787878787878789
 6 0.9393939393939394
 548 1
 10 1.060606060606061
 532 1.121212121212121
 8 1.181818181818182
 37 1.242424242424242
 95 1.303030303030303
 25 1.363636363636363
 91 1.424242424242425
 25 1.484848484848485
 103 1.545454545454546
 1 1.606060606060606
 0 1.666666666666667
 4 1.727272727272728
 27 1.787878787878788
 4 1.848484848484849
 29 1.909090909090909
 3 1.96969696969697
 0 2.03030303030303
 0 2.090909090909091
 0 2.151515151515151
 2 2.212121212121212
 1 2.272727272727272
 0 2.333333333333334
 12 2.393939393939394
 0 2.454545454545455
 0 2.515151515151516
 0 2.575757575757576
 0 2.636363636363637
 0 2.696969696969697
 0 2.757575757575758
 0 2.818181818181818
 0 2.878787878787879
 0 2.939393939393939
 0 3


