# Created by Octave 3.8.2, Sun Jun 21 01:30:14 2020 CEST <damian@fptrucha.inv.usc.es>
# name: hd
# type: matrix
# rows: 100
# columns: 2
 0 -3
 0 -2.939393939393939
 0 -2.878787878787879
 0 -2.818181818181818
 0 -2.757575757575758
 0 -2.696969696969697
 0 -2.636363636363636
 1 -2.575757575757576
 1 -2.515151515151515
 5 -2.454545454545455
 0 -2.393939393939394
 2 -2.333333333333333
 0 -2.272727272727272
 0 -2.212121212121212
 0 -2.151515151515151
 0 -2.090909090909091
 3 -2.03030303030303
 24 -1.96969696969697
 18 -1.909090909090909
 1 -1.848484848484848
 2 -1.787878787878788
 0 -1.727272727272727
 1 -1.666666666666667
 99 -1.606060606060606
 19 -1.545454545454545
 78 -1.484848484848485
 20 -1.424242424242424
 85 -1.363636363636364
 24 -1.303030303030303
 7 -1.242424242424242
 523 -1.181818181818182
 6 -1.121212121212121
 496 -1.060606060606061
 15 -1
 432 -0.9393939393939394
 8 -0.8787878787878789
 426 -0.8181818181818183
 952 -0.7575757575757573
 614 -0.6969696969696968
 961 -0.6363636363636362
 639 -0.5757575757575757
 804 -0.5151515151515151
 579 -0.4545454545454546
 805 -0.393939393939394
 4022 -0.333333333333333
 515 -0.2727272727272725
 2860 -0.2121212121212119
 8 -0.1515151515151514
 2479 -0.09090909090909083
 13 -0.03030303030303028
 2503 0.03030303030303028
 10 0.09090909090909083
 2182 0.1515151515151514
 1704 0.2121212121212124
 2190 0.2727272727272729
 1594 0.3333333333333335
 649 0.393939393939394
 875 0.4545454545454546
 621 0.5151515151515151
 755 0.5757575757575757
 550 0.6363636363636367
 776 0.6969696969696972
 574 0.7575757575757578
 8 0.8181818181818183
 511 0.8787878787878789
 14 0.9393939393939394
 519 1
 5 1.060606060606061
 466 1.121212121212121
 10 1.181818181818182
 29 1.242424242424242
 83 1.303030303030303
 33 1.363636363636363
 100 1.424242424242425
 38 1.484848484848485
 78 1.545454545454546
 2 1.606060606060606
 0 1.666666666666667
 1 1.727272727272728
 24 1.787878787878788
 2 1.848484848484849
 17 1.909090909090909
 1 1.96969696969697
 0 2.03030303030303
 0 2.090909090909091
 0 2.151515151515151
 2 2.212121212121212
 1 2.272727272727272
 0 2.333333333333334
 4 2.393939393939394
 0 2.454545454545455
 1 2.515151515151516
 0 2.575757575757576
 0 2.636363636363637
 0 2.696969696969697
 0 2.757575757575758
 0 2.818181818181818
 0 2.878787878787879
 0 2.939393939393939
 0 3


