# Created by Octave 3.8.2, Mon Jun 22 14:03:34 2020 CEST <damian@fptrucha.inv.usc.es>
# name: hd
# type: matrix
# rows: 100
# columns: 2
 0 -3
 0 -2.939393939393939
 0 -2.878787878787879
 0 -2.818181818181818
 0 -2.757575757575758
 0 -2.696969696969697
 0 -2.636363636363636
 1 -2.575757575757576
 0 -2.515151515151515
 5 -2.454545454545455
 0 -2.393939393939394
 0 -2.333333333333333
 0 -2.272727272727272
 0 -2.212121212121212
 0 -2.151515151515151
 0 -2.090909090909091
 2 -2.03030303030303
 38 -1.96969696969697
 30 -1.909090909090909
 1 -1.848484848484848
 4 -1.787878787878788
 0 -1.727272727272727
 0 -1.666666666666667
 98 -1.606060606060606
 14 -1.545454545454545
 111 -1.484848484848485
 25 -1.424242424242424
 99 -1.363636363636364
 20 -1.303030303030303
 19 -1.242424242424242
 537 -1.181818181818182
 18 -1.121212121212121
 567 -1.060606060606061
 18 -1
 519 -0.9393939393939394
 25 -0.8787878787878789
 531 -0.8181818181818183
 896 -0.7575757575757573
 675 -0.6969696969696968
 1014 -0.6363636363636362
 669 -0.5757575757575757
 887 -0.5151515151515151
 657 -0.4545454545454546
 955 -0.393939393939394
 4140 -0.333333333333333
 584 -0.2727272727272725
 2667 -0.2121212121212119
 10 -0.1515151515151514
 2692 -0.09090909090909083
 24 -0.03030303030303028
 2578 0.03030303030303028
 20 0.09090909090909083
 2315 0.1515151515151514
 1502 0.2121212121212124
 2345 0.2727272727272729
 1607 0.3333333333333335
 667 0.393939393939394
 924 0.4545454545454546
 660 0.5151515151515151
 855 0.5757575757575757
 662 0.6363636363636367
 873 0.6969696969696972
 575 0.7575757575757578
 21 0.8181818181818183
 586 0.8787878787878789
 16 0.9393939393939394
 593 1
 26 1.060606060606061
 564 1.121212121212121
 18 1.181818181818182
 25 1.242424242424242
 115 1.303030303030303
 24 1.363636363636363
 101 1.424242424242425
 33 1.484848484848485
 118 1.545454545454546
 2 1.606060606060606
 0 1.666666666666667
 1 1.727272727272728
 33 1.787878787878788
 2 1.848484848484849
 44 1.909090909090909
 1 1.96969696969697
 3 2.03030303030303
 0 2.090909090909091
 0 2.151515151515151
 1 2.212121212121212
 1 2.272727272727272
 1 2.333333333333334
 10 2.393939393939394
 0 2.454545454545455
 1 2.515151515151516
 0 2.575757575757576
 0 2.636363636363637
 0 2.696969696969697
 0 2.757575757575758
 0 2.818181818181818
 0 2.878787878787879
 0 2.939393939393939
 0 3


