# Created by Octave 3.8.2, Tue Jun 23 00:01:01 2020 CEST <damian@fptrucha.inv.usc.es>
# name: hd
# type: matrix
# rows: 100
# columns: 2
 0 -3
 0 -2.939393939393939
 0 -2.878787878787879
 0 -2.818181818181818
 0 -2.757575757575758
 0 -2.696969696969697
 0 -2.636363636363636
 2 -2.575757575757576
 0 -2.515151515151515
 6 -2.454545454545455
 0 -2.393939393939394
 2 -2.333333333333333
 0 -2.272727272727272
 0 -2.212121212121212
 0 -2.151515151515151
 0 -2.090909090909091
 6 -2.03030303030303
 32 -1.96969696969697
 42 -1.909090909090909
 1 -1.848484848484848
 2 -1.787878787878788
 0 -1.727272727272727
 1 -1.666666666666667
 126 -1.606060606060606
 29 -1.545454545454545
 129 -1.484848484848485
 24 -1.424242424242424
 119 -1.363636363636364
 34 -1.303030303030303
 10 -1.242424242424242
 673 -1.181818181818182
 24 -1.121212121212121
 603 -1.060606060606061
 15 -1
 586 -0.9393939393939394
 24 -0.8787878787878789
 574 -0.8181818181818183
 1014 -0.7575757575757573
 721 -0.6969696969696968
 1067 -0.6363636363636362
 678 -0.5757575757575757
 968 -0.5151515151515151
 650 -0.4545454545454546
 950 -0.393939393939394
 4581 -0.333333333333333
 630 -0.2727272727272725
 2903 -0.2121212121212119
 9 -0.1515151515151514
 2791 -0.09090909090909083
 17 -0.03030303030303028
 2600 0.03030303030303028
 16 0.09090909090909083
 2390 0.1515151515151514
 1627 0.2121212121212124
 2384 0.2727272727272729
 1660 0.3333333333333335
 699 0.393939393939394
 974 0.4545454545454546
 665 0.5151515151515151
 847 0.5757575757575757
 627 0.6363636363636367
 863 0.6969696969696972
 575 0.7575757575757578
 12 0.8181818181818183
 500 0.8787878787878789
 20 0.9393939393939394
 564 1
 11 1.060606060606061
 500 1.121212121212121
 9 1.181818181818182
 27 1.242424242424242
 109 1.303030303030303
 31 1.363636363636363
 111 1.424242424242425
 15 1.484848484848485
 82 1.545454545454546
 2 1.606060606060606
 0 1.666666666666667
 3 1.727272727272728
 36 1.787878787878788
 5 1.848484848484849
 33 1.909090909090909
 0 1.96969696969697
 2 2.03030303030303
 0 2.090909090909091
 0 2.151515151515151
 1 2.212121212121212
 0 2.272727272727272
 0 2.333333333333334
 6 2.393939393939394
 1 2.454545454545455
 0 2.515151515151516
 0 2.575757575757576
 0 2.636363636363637
 0 2.696969696969697
 0 2.757575757575758
 0 2.818181818181818
 0 2.878787878787879
 0 2.939393939393939
 0 3


