# Created by Octave 3.8.2, Sun Jun 21 05:17:27 2020 CEST <damian@fptrucha.inv.usc.es>
# name: hd
# type: matrix
# rows: 100
# columns: 2
 0 -3
 0 -2.939393939393939
 0 -2.878787878787879
 0 -2.818181818181818
 0 -2.757575757575758
 0 -2.696969696969697
 0 -2.636363636363636
 0 -2.575757575757576
 0 -2.515151515151515
 3 -2.454545454545455
 0 -2.393939393939394
 0 -2.333333333333333
 3 -2.272727272727272
 0 -2.212121212121212
 0 -2.151515151515151
 2 -2.090909090909091
 5 -2.03030303030303
 20 -1.96969696969697
 26 -1.909090909090909
 0 -1.848484848484848
 1 -1.787878787878788
 0 -1.727272727272727
 0 -1.666666666666667
 72 -1.606060606060606
 22 -1.545454545454545
 87 -1.484848484848485
 15 -1.424242424242424
 84 -1.363636363636364
 24 -1.303030303030303
 16 -1.242424242424242
 551 -1.181818181818182
 21 -1.121212121212121
 536 -1.060606060606061
 12 -1
 434 -0.9393939393939394
 12 -0.8787878787878789
 481 -0.8181818181818183
 1010 -0.7575757575757573
 663 -0.6969696969696968
 1039 -0.6363636363636362
 665 -0.5757575757575757
 833 -0.5151515151515151
 589 -0.4545454545454546
 823 -0.393939393939394
 4147 -0.333333333333333
 512 -0.2727272727272725
 2946 -0.2121212121212119
 10 -0.1515151515151514
 2599 -0.09090909090909083
 13 -0.03030303030303028
 2504 0.03030303030303028
 8 0.09090909090909083
 2186 0.1515151515151514
 1752 0.2121212121212124
 2191 0.2727272727272729
 1636 0.3333333333333335
 646 0.393939393939394
 928 0.4545454545454546
 606 0.5151515151515151
 751 0.5757575757575757
 543 0.6363636363636367
 844 0.6969696969696972
 557 0.7575757575757578
 15 0.8181818181818183
 546 0.8787878787878789
 14 0.9393939393939394
 460 1
 18 1.060606060606061
 498 1.121212121212121
 10 1.181818181818182
 25 1.242424242424242
 91 1.303030303030303
 21 1.363636363636363
 95 1.424242424242425
 27 1.484848484848485
 86 1.545454545454546
 1 1.606060606060606
 0 1.666666666666667
 1 1.727272727272728
 25 1.787878787878788
 3 1.848484848484849
 32 1.909090909090909
 0 1.96969696969697
 1 2.03030303030303
 0 2.090909090909091
 0 2.151515151515151
 1 2.212121212121212
 1 2.272727272727272
 0 2.333333333333334
 3 2.393939393939394
 0 2.454545454545455
 0 2.515151515151516
 0 2.575757575757576
 0 2.636363636363637
 0 2.696969696969697
 0 2.757575757575758
 0 2.818181818181818
 0 2.878787878787879
 0 2.939393939393939
 0 3


