# Created by Octave 3.8.2, Mon Jun 22 22:14:27 2020 CEST <damian@fptrucha.inv.usc.es>
# name: hd
# type: matrix
# rows: 100
# columns: 2
 0 -3
 0 -2.939393939393939
 0 -2.878787878787879
 0 -2.818181818181818
 0 -2.757575757575758
 0 -2.696969696969697
 0 -2.636363636363636
 3 -2.575757575757576
 0 -2.515151515151515
 5 -2.454545454545455
 1 -2.393939393939394
 1 -2.333333333333333
 1 -2.272727272727272
 0 -2.212121212121212
 0 -2.151515151515151
 2 -2.090909090909091
 7 -2.03030303030303
 54 -1.96969696969697
 30 -1.909090909090909
 1 -1.848484848484848
 1 -1.787878787878788
 0 -1.727272727272727
 1 -1.666666666666667
 103 -1.606060606060606
 29 -1.545454545454545
 120 -1.484848484848485
 31 -1.424242424242424
 114 -1.363636363636364
 25 -1.303030303030303
 11 -1.242424242424242
 625 -1.181818181818182
 16 -1.121212121212121
 570 -1.060606060606061
 13 -1
 598 -0.9393939393939394
 21 -0.8787878787878789
 524 -0.8181818181818183
 1044 -0.7575757575757573
 716 -0.6969696969696968
 1090 -0.6363636363636362
 643 -0.5757575757575757
 947 -0.5151515151515151
 699 -0.4545454545454546
 1025 -0.393939393939394
 4415 -0.333333333333333
 629 -0.2727272727272725
 2860 -0.2121212121212119
 15 -0.1515151515151514
 2819 -0.09090909090909083
 18 -0.03030303030303028
 2666 0.03030303030303028
 20 0.09090909090909083
 2478 0.1515151515151514
 1684 0.2121212121212124
 2444 0.2727272727272729
 1636 0.3333333333333335
 675 0.393939393939394
 997 0.4545454545454546
 700 0.5151515151515151
 791 0.5757575757575757
 676 0.6363636363636367
 963 0.6969696969696972
 560 0.7575757575757578
 12 0.8181818181818183
 630 0.8787878787878789
 16 0.9393939393939394
 578 1
 12 1.060606060606061
 557 1.121212121212121
 10 1.181818181818182
 35 1.242424242424242
 129 1.303030303030303
 25 1.363636363636363
 122 1.424242424242425
 39 1.484848484848485
 101 1.545454545454546
 2 1.606060606060606
 0 1.666666666666667
 1 1.727272727272728
 37 1.787878787878788
 3 1.848484848484849
 39 1.909090909090909
 6 1.96969696969697
 0 2.03030303030303
 0 2.090909090909091
 0 2.151515151515151
 1 2.212121212121212
 1 2.272727272727272
 2 2.333333333333334
 6 2.393939393939394
 0 2.454545454545455
 1 2.515151515151516
 0 2.575757575757576
 0 2.636363636363637
 0 2.696969696969697
 0 2.757575757575758
 0 2.818181818181818
 0 2.878787878787879
 0 2.939393939393939
 0 3


