# Created by Octave 3.8.2, Sat Jun 20 22:47:29 2020 CEST <damian@fptrucha.inv.usc.es>
# name: hd
# type: matrix
# rows: 100
# columns: 2
 0 -3
 0 -2.939393939393939
 0 -2.878787878787879
 0 -2.818181818181818
 0 -2.757575757575758
 0 -2.696969696969697
 0 -2.636363636363636
 1 -2.575757575757576
 0 -2.515151515151515
 5 -2.454545454545455
 0 -2.393939393939394
 0 -2.333333333333333
 0 -2.272727272727272
 0 -2.212121212121212
 0 -2.151515151515151
 0 -2.090909090909091
 3 -2.03030303030303
 20 -1.96969696969697
 21 -1.909090909090909
 3 -1.848484848484848
 0 -1.787878787878788
 0 -1.727272727272727
 3 -1.666666666666667
 86 -1.606060606060606
 19 -1.545454545454545
 81 -1.484848484848485
 15 -1.424242424242424
 86 -1.363636363636364
 16 -1.303030303030303
 12 -1.242424242424242
 511 -1.181818181818182
 16 -1.121212121212121
 508 -1.060606060606061
 11 -1
 432 -0.9393939393939394
 13 -0.8787878787878789
 438 -0.8181818181818183
 998 -0.7575757575757573
 645 -0.6969696969696968
 960 -0.6363636363636362
 644 -0.5757575757575757
 877 -0.5151515151515151
 559 -0.4545454545454546
 841 -0.393939393939394
 4070 -0.333333333333333
 510 -0.2727272727272725
 2834 -0.2121212121212119
 7 -0.1515151515151514
 2581 -0.09090909090909083
 4 -0.03030303030303028
 2426 0.03030303030303028
 7 0.09090909090909083
 2193 0.1515151515151514
 1802 0.2121212121212124
 2124 0.2727272727272729
 1643 0.3333333333333335
 637 0.393939393939394
 901 0.4545454545454546
 669 0.5151515151515151
 827 0.5757575757575757
 579 0.6363636363636367
 810 0.6969696969696972
 609 0.7575757575757578
 14 0.8181818181818183
 555 0.8787878787878789
 10 0.9393939393939394
 506 1
 10 1.060606060606061
 507 1.121212121212121
 16 1.181818181818182
 29 1.242424242424242
 98 1.303030303030303
 17 1.363636363636363
 101 1.424242424242425
 30 1.484848484848485
 106 1.545454545454546
 1 1.606060606060606
 0 1.666666666666667
 0 1.727272727272728
 28 1.787878787878788
 2 1.848484848484849
 23 1.909090909090909
 4 1.96969696969697
 1 2.03030303030303
 0 2.090909090909091
 0 2.151515151515151
 2 2.212121212121212
 0 2.272727272727272
 0 2.333333333333334
 2 2.393939393939394
 1 2.454545454545455
 1 2.515151515151516
 0 2.575757575757576
 0 2.636363636363637
 0 2.696969696969697
 0 2.757575757575758
 0 2.818181818181818
 0 2.878787878787879
 0 2.939393939393939
 0 3


