# Created by Octave 3.8.2, Mon Jun 22 02:35:59 2020 CEST <damian@fptrucha.inv.usc.es>
# name: hd
# type: matrix
# rows: 100
# columns: 2
 0 -3
 0 -2.939393939393939
 0 -2.878787878787879
 0 -2.818181818181818
 0 -2.757575757575758
 0 -2.696969696969697
 0 -2.636363636363636
 2 -2.575757575757576
 1 -2.515151515151515
 6 -2.454545454545455
 2 -2.393939393939394
 0 -2.333333333333333
 1 -2.272727272727272
 0 -2.212121212121212
 0 -2.151515151515151
 2 -2.090909090909091
 4 -2.03030303030303
 25 -1.96969696969697
 40 -1.909090909090909
 0 -1.848484848484848
 0 -1.787878787878788
 0 -1.727272727272727
 0 -1.666666666666667
 85 -1.606060606060606
 32 -1.545454545454545
 97 -1.484848484848485
 30 -1.424242424242424
 124 -1.363636363636364
 28 -1.303030303030303
 14 -1.242424242424242
 480 -1.181818181818182
 18 -1.121212121212121
 461 -1.060606060606061
 15 -1
 492 -0.9393939393939394
 28 -0.8787878787878789
 483 -0.8181818181818183
 858 -0.7575757575757573
 582 -0.6969696969696968
 851 -0.6363636363636362
 537 -0.5757575757575757
 835 -0.5151515151515151
 569 -0.4545454545454546
 905 -0.393939393939394
 3831 -0.333333333333333
 561 -0.2727272727272725
 2371 -0.2121212121212119
 10 -0.1515151515151514
 2463 -0.09090909090909083
 21 -0.03030303030303028
 2312 0.03030303030303028
 22 0.09090909090909083
 2162 0.1515151515151514
 1556 0.2121212121212124
 2190 0.2727272727272729
 1417 0.3333333333333335
 615 0.393939393939394
 824 0.4545454545454546
 668 0.5151515151515151
 775 0.5757575757575757
 552 0.6363636363636367
 792 0.6969696969696972
 528 0.7575757575757578
 14 0.8181818181818183
 527 0.8787878787878789
 20 0.9393939393939394
 549 1
 14 1.060606060606061
 500 1.121212121212121
 14 1.181818181818182
 34 1.242424242424242
 91 1.303030303030303
 34 1.363636363636363
 107 1.424242424242425
 28 1.484848484848485
 108 1.545454545454546
 8 1.606060606060606
 0 1.666666666666667
 0 1.727272727272728
 18 1.787878787878788
 3 1.848484848484849
 28 1.909090909090909
 3 1.96969696969697
 1 2.03030303030303
 0 2.090909090909091
 0 2.151515151515151
 2 2.212121212121212
 0 2.272727272727272
 0 2.333333333333334
 11 2.393939393939394
 1 2.454545454545455
 2 2.515151515151516
 0 2.575757575757576
 0 2.636363636363637
 0 2.696969696969697
 0 2.757575757575758
 0 2.818181818181818
 0 2.878787878787879
 0 2.939393939393939
 0 3


