# Created by Octave 3.8.2, Mon Jun 22 20:51:04 2020 CEST <damian@fptrucha.inv.usc.es>
# name: hd
# type: matrix
# rows: 100
# columns: 2
 0 -3
 0 -2.939393939393939
 0 -2.878787878787879
 0 -2.818181818181818
 0 -2.757575757575758
 0 -2.696969696969697
 0 -2.636363636363636
 0 -2.575757575757576
 0 -2.515151515151515
 10 -2.454545454545455
 0 -2.393939393939394
 1 -2.333333333333333
 0 -2.272727272727272
 0 -2.212121212121212
 0 -2.151515151515151
 2 -2.090909090909091
 2 -2.03030303030303
 43 -1.96969696969697
 38 -1.909090909090909
 1 -1.848484848484848
 3 -1.787878787878788
 0 -1.727272727272727
 3 -1.666666666666667
 110 -1.606060606060606
 22 -1.545454545454545
 100 -1.484848484848485
 20 -1.424242424242424
 114 -1.363636363636364
 19 -1.303030303030303
 18 -1.242424242424242
 598 -1.181818181818182
 17 -1.121212121212121
 554 -1.060606060606061
 16 -1
 512 -0.9393939393939394
 13 -0.8787878787878789
 570 -0.8181818181818183
 967 -0.7575757575757573
 683 -0.6969696969696968
 1082 -0.6363636363636362
 697 -0.5757575757575757
 964 -0.5151515151515151
 644 -0.4545454545454546
 959 -0.393939393939394
 4449 -0.333333333333333
 618 -0.2727272727272725
 2820 -0.2121212121212119
 16 -0.1515151515151514
 2800 -0.09090909090909083
 10 -0.03030303030303028
 2664 0.03030303030303028
 18 0.09090909090909083
 2307 0.1515151515151514
 1688 0.2121212121212124
 2415 0.2727272727272729
 1551 0.3333333333333335
 650 0.393939393939394
 918 0.4545454545454546
 668 0.5151515151515151
 861 0.5757575757575757
 665 0.6363636363636367
 854 0.6969696969696972
 578 0.7575757575757578
 15 0.8181818181818183
 569 0.8787878787878789
 14 0.9393939393939394
 568 1
 11 1.060606060606061
 533 1.121212121212121
 20 1.181818181818182
 23 1.242424242424242
 111 1.303030303030303
 32 1.363636363636363
 113 1.424242424242425
 45 1.484848484848485
 126 1.545454545454546
 3 1.606060606060606
 0 1.666666666666667
 1 1.727272727272728
 31 1.787878787878788
 6 1.848484848484849
 34 1.909090909090909
 5 1.96969696969697
 3 2.03030303030303
 0 2.090909090909091
 0 2.151515151515151
 1 2.212121212121212
 1 2.272727272727272
 1 2.333333333333334
 8 2.393939393939394
 0 2.454545454545455
 2 2.515151515151516
 0 2.575757575757576
 0 2.636363636363637
 0 2.696969696969697
 0 2.757575757575758
 0 2.818181818181818
 0 2.878787878787879
 0 2.939393939393939
 0 3


