# Created by Octave 3.8.2, Sat Jun 20 21:53:44 2020 CEST <damian@fptrucha.inv.usc.es>
# name: hd
# type: matrix
# rows: 100
# columns: 2
 0 -3
 0 -2.939393939393939
 0 -2.878787878787879
 0 -2.818181818181818
 0 -2.757575757575758
 0 -2.696969696969697
 0 -2.636363636363636
 1 -2.575757575757576
 0 -2.515151515151515
 3 -2.454545454545455
 1 -2.393939393939394
 0 -2.333333333333333
 1 -2.272727272727272
 0 -2.212121212121212
 0 -2.151515151515151
 1 -2.090909090909091
 2 -2.03030303030303
 24 -1.96969696969697
 26 -1.909090909090909
 1 -1.848484848484848
 0 -1.787878787878788
 0 -1.727272727272727
 0 -1.666666666666667
 90 -1.606060606060606
 14 -1.545454545454545
 81 -1.484848484848485
 26 -1.424242424242424
 70 -1.363636363636364
 20 -1.303030303030303
 10 -1.242424242424242
 507 -1.181818181818182
 15 -1.121212121212121
 540 -1.060606060606061
 15 -1
 440 -0.9393939393939394
 14 -0.8787878787878789
 415 -0.8181818181818183
 985 -0.7575757575757573
 636 -0.6969696969696968
 975 -0.6363636363636362
 634 -0.5757575757575757
 844 -0.5151515151515151
 525 -0.4545454545454546
 792 -0.393939393939394
 4203 -0.333333333333333
 499 -0.2727272727272725
 2759 -0.2121212121212119
 5 -0.1515151515151514
 2663 -0.09090909090909083
 10 -0.03030303030303028
 2434 0.03030303030303028
 12 0.09090909090909083
 2189 0.1515151515151514
 1778 0.2121212121212124
 2250 0.2727272727272729
 1644 0.3333333333333335
 628 0.393939393939394
 896 0.4545454545454546
 651 0.5151515151515151
 808 0.5757575757575757
 544 0.6363636363636367
 752 0.6969696969696972
 639 0.7575757575757578
 13 0.8181818181818183
 538 0.8787878787878789
 11 0.9393939393939394
 490 1
 3 1.060606060606061
 494 1.121212121212121
 12 1.181818181818182
 31 1.242424242424242
 101 1.303030303030303
 31 1.363636363636363
 89 1.424242424242425
 32 1.484848484848485
 102 1.545454545454546
 1 1.606060606060606
 0 1.666666666666667
 1 1.727272727272728
 24 1.787878787878788
 4 1.848484848484849
 30 1.909090909090909
 9 1.96969696969697
 0 2.03030303030303
 0 2.090909090909091
 0 2.151515151515151
 0 2.212121212121212
 1 2.272727272727272
 1 2.333333333333334
 4 2.393939393939394
 2 2.454545454545455
 0 2.515151515151516
 0 2.575757575757576
 0 2.636363636363637
 0 2.696969696969697
 0 2.757575757575758
 0 2.818181818181818
 0 2.878787878787879
 0 2.939393939393939
 0 3


