# Created by Octave 3.8.2, Mon Jun 22 16:14:55 2020 CEST <damian@fptrucha.inv.usc.es>
# name: hd
# type: matrix
# rows: 100
# columns: 2
 0 -3
 0 -2.939393939393939
 0 -2.878787878787879
 0 -2.818181818181818
 0 -2.757575757575758
 0 -2.696969696969697
 0 -2.636363636363636
 1 -2.575757575757576
 1 -2.515151515151515
 5 -2.454545454545455
 1 -2.393939393939394
 0 -2.333333333333333
 2 -2.272727272727272
 0 -2.212121212121212
 0 -2.151515151515151
 2 -2.090909090909091
 3 -2.03030303030303
 37 -1.96969696969697
 38 -1.909090909090909
 2 -1.848484848484848
 0 -1.787878787878788
 0 -1.727272727272727
 2 -1.666666666666667
 114 -1.606060606060606
 32 -1.545454545454545
 116 -1.484848484848485
 22 -1.424242424242424
 119 -1.363636363636364
 25 -1.303030303030303
 14 -1.242424242424242
 570 -1.181818181818182
 15 -1.121212121212121
 558 -1.060606060606061
 14 -1
 551 -0.9393939393939394
 25 -0.8787878787878789
 505 -0.8181818181818183
 952 -0.7575757575757573
 682 -0.6969696969696968
 996 -0.6363636363636362
 687 -0.5757575757575757
 947 -0.5151515151515151
 664 -0.4545454545454546
 901 -0.393939393939394
 4293 -0.333333333333333
 592 -0.2727272727272725
 2664 -0.2121212121212119
 15 -0.1515151515151514
 2694 -0.09090909090909083
 14 -0.03030303030303028
 2695 0.03030303030303028
 18 0.09090909090909083
 2342 0.1515151515151514
 1683 0.2121212121212124
 2429 0.2727272727272729
 1699 0.3333333333333335
 702 0.393939393939394
 965 0.4545454545454546
 713 0.5151515151515151
 800 0.5757575757575757
 667 0.6363636363636367
 863 0.6969696969696972
 562 0.7575757575757578
 16 0.8181818181818183
 603 0.8787878787878789
 22 0.9393939393939394
 542 1
 14 1.060606060606061
 518 1.121212121212121
 13 1.181818181818182
 29 1.242424242424242
 118 1.303030303030303
 37 1.363636363636363
 149 1.424242424242425
 32 1.484848484848485
 100 1.545454545454546
 1 1.606060606060606
 0 1.666666666666667
 4 1.727272727272728
 50 1.787878787878788
 7 1.848484848484849
 45 1.909090909090909
 3 1.96969696969697
 2 2.03030303030303
 0 2.090909090909091
 0 2.151515151515151
 0 2.212121212121212
 0 2.272727272727272
 0 2.333333333333334
 6 2.393939393939394
 1 2.454545454545455
 2 2.515151515151516
 0 2.575757575757576
 0 2.636363636363637
 0 2.696969696969697
 0 2.757575757575758
 0 2.818181818181818
 0 2.878787878787879
 0 2.939393939393939
 0 3


