# Created by Octave 3.8.2, Sat Jun 20 15:38:27 2020 CEST <damian@fptrucha.inv.usc.es>
# name: hd
# type: matrix
# rows: 100
# columns: 2
 0 -3
 0 -2.939393939393939
 0 -2.878787878787879
 0 -2.818181818181818
 0 -2.757575757575758
 0 -2.696969696969697
 0 -2.636363636363636
 1 -2.575757575757576
 1 -2.515151515151515
 6 -2.454545454545455
 0 -2.393939393939394
 0 -2.333333333333333
 0 -2.272727272727272
 0 -2.212121212121212
 0 -2.151515151515151
 0 -2.090909090909091
 2 -2.03030303030303
 31 -1.96969696969697
 23 -1.909090909090909
 0 -1.848484848484848
 3 -1.787878787878788
 0 -1.727272727272727
 1 -1.666666666666667
 74 -1.606060606060606
 26 -1.545454545454545
 81 -1.484848484848485
 14 -1.424242424242424
 75 -1.363636363636364
 18 -1.303030303030303
 15 -1.242424242424242
 559 -1.181818181818182
 12 -1.121212121212121
 479 -1.060606060606061
 21 -1
 448 -0.9393939393939394
 12 -0.8787878787878789
 429 -0.8181818181818183
 1000 -0.7575757575757573
 662 -0.6969696969696968
 1008 -0.6363636363636362
 641 -0.5757575757575757
 920 -0.5151515151515151
 607 -0.4545454545454546
 866 -0.393939393939394
 4220 -0.333333333333333
 556 -0.2727272727272725
 3090 -0.2121212121212119
 5 -0.1515151515151514
 2766 -0.09090909090909083
 5 -0.03030303030303028
 2632 0.03030303030303028
 9 0.09090909090909083
 2220 0.1515151515151514
 1882 0.2121212121212124
 2299 0.2727272727272729
 1680 0.3333333333333335
 653 0.393939393939394
 948 0.4545454545454546
 730 0.5151515151515151
 848 0.5757575757575757
 560 0.6363636363636367
 867 0.6969696969696972
 616 0.7575757575757578
 15 0.8181818181818183
 550 0.8787878787878789
 8 0.9393939393939394
 548 1
 7 1.060606060606061
 512 1.121212121212121
 9 1.181818181818182
 32 1.242424242424242
 116 1.303030303030303
 27 1.363636363636363
 121 1.424242424242425
 26 1.484848484848485
 108 1.545454545454546
 2 1.606060606060606
 0 1.666666666666667
 3 1.727272727272728
 33 1.787878787878788
 2 1.848484848484849
 24 1.909090909090909
 7 1.96969696969697
 2 2.03030303030303
 0 2.090909090909091
 0 2.151515151515151
 3 2.212121212121212
 0 2.272727272727272
 2 2.333333333333334
 8 2.393939393939394
 0 2.454545454545455
 2 2.515151515151516
 0 2.575757575757576
 0 2.636363636363637
 0 2.696969696969697
 0 2.757575757575758
 0 2.818181818181818
 0 2.878787878787879
 0 2.939393939393939
 0 3


