# Created by Octave 3.8.2, Mon Jun 22 23:57:26 2020 CEST <damian@fptrucha.inv.usc.es>
# name: hd
# type: matrix
# rows: 100
# columns: 2
 0 -3
 0 -2.939393939393939
 0 -2.878787878787879
 0 -2.818181818181818
 0 -2.757575757575758
 0 -2.696969696969697
 0 -2.636363636363636
 2 -2.575757575757576
 1 -2.515151515151515
 9 -2.454545454545455
 0 -2.393939393939394
 0 -2.333333333333333
 1 -2.272727272727272
 0 -2.212121212121212
 0 -2.151515151515151
 1 -2.090909090909091
 6 -2.03030303030303
 45 -1.96969696969697
 40 -1.909090909090909
 3 -1.848484848484848
 3 -1.787878787878788
 0 -1.727272727272727
 0 -1.666666666666667
 118 -1.606060606060606
 24 -1.545454545454545
 91 -1.484848484848485
 21 -1.424242424242424
 117 -1.363636363636364
 30 -1.303030303030303
 14 -1.242424242424242
 672 -1.181818181818182
 17 -1.121212121212121
 620 -1.060606060606061
 26 -1
 602 -0.9393939393939394
 25 -0.8787878787878789
 565 -0.8181818181818183
 1076 -0.7575757575757573
 722 -0.6969696969696968
 1197 -0.6363636363636362
 677 -0.5757575757575757
 1026 -0.5151515151515151
 666 -0.4545454545454546
 960 -0.393939393939394
 4597 -0.333333333333333
 638 -0.2727272727272725
 2828 -0.2121212121212119
 14 -0.1515151515151514
 2846 -0.09090909090909083
 21 -0.03030303030303028
 2662 0.03030303030303028
 15 0.09090909090909083
 2400 0.1515151515151514
 1651 0.2121212121212124
 2486 0.2727272727272729
 1678 0.3333333333333335
 594 0.393939393939394
 924 0.4545454545454546
 689 0.5151515151515151
 910 0.5757575757575757
 646 0.6363636363636367
 857 0.6969696969696972
 563 0.7575757575757578
 15 0.8181818181818183
 579 0.8787878787878789
 19 0.9393939393939394
 568 1
 16 1.060606060606061
 487 1.121212121212121
 12 1.181818181818182
 32 1.242424242424242
 110 1.303030303030303
 31 1.363636363636363
 112 1.424242424242425
 18 1.484848484848485
 94 1.545454545454546
 1 1.606060606060606
 0 1.666666666666667
 3 1.727272727272728
 43 1.787878787878788
 4 1.848484848484849
 25 1.909090909090909
 2 1.96969696969697
 0 2.03030303030303
 0 2.090909090909091
 0 2.151515151515151
 3 2.212121212121212
 1 2.272727272727272
 1 2.333333333333334
 6 2.393939393939394
 1 2.454545454545455
 0 2.515151515151516
 0 2.575757575757576
 0 2.636363636363637
 0 2.696969696969697
 0 2.757575757575758
 0 2.818181818181818
 0 2.878787878787879
 0 2.939393939393939
 0 3


