# Created by Octave 3.8.2, Sat Jun 20 21:34:48 2020 CEST <damian@fptrucha.inv.usc.es>
# name: hd
# type: matrix
# rows: 100
# columns: 2
 0 -3
 0 -2.939393939393939
 0 -2.878787878787879
 0 -2.818181818181818
 0 -2.757575757575758
 0 -2.696969696969697
 0 -2.636363636363636
 1 -2.575757575757576
 0 -2.515151515151515
 3 -2.454545454545455
 0 -2.393939393939394
 2 -2.333333333333333
 0 -2.272727272727272
 0 -2.212121212121212
 0 -2.151515151515151
 1 -2.090909090909091
 3 -2.03030303030303
 13 -1.96969696969697
 25 -1.909090909090909
 0 -1.848484848484848
 0 -1.787878787878788
 0 -1.727272727272727
 1 -1.666666666666667
 82 -1.606060606060606
 18 -1.545454545454545
 74 -1.484848484848485
 20 -1.424242424242424
 79 -1.363636363636364
 17 -1.303030303030303
 10 -1.242424242424242
 488 -1.181818181818182
 11 -1.121212121212121
 535 -1.060606060606061
 7 -1
 432 -0.9393939393939394
 9 -0.8787878787878789
 419 -0.8181818181818183
 1004 -0.7575757575757573
 624 -0.6969696969696968
 978 -0.6363636363636362
 621 -0.5757575757575757
 796 -0.5151515151515151
 553 -0.4545454545454546
 791 -0.393939393939394
 4227 -0.333333333333333
 493 -0.2727272727272725
 2777 -0.2121212121212119
 3 -0.1515151515151514
 2574 -0.09090909090909083
 10 -0.03030303030303028
 2469 0.03030303030303028
 12 0.09090909090909083
 2170 0.1515151515151514
 1744 0.2121212121212124
 2282 0.2727272727272729
 1634 0.3333333333333335
 584 0.393939393939394
 874 0.4545454545454546
 628 0.5151515151515151
 808 0.5757575757575757
 555 0.6363636363636367
 775 0.6969696969696972
 585 0.7575757575757578
 10 0.8181818181818183
 557 0.8787878787878789
 13 0.9393939393939394
 571 1
 17 1.060606060606061
 471 1.121212121212121
 13 1.181818181818182
 30 1.242424242424242
 91 1.303030303030303
 23 1.363636363636363
 113 1.424242424242425
 28 1.484848484848485
 91 1.545454545454546
 1 1.606060606060606
 0 1.666666666666667
 2 1.727272727272728
 33 1.787878787878788
 5 1.848484848484849
 22 1.909090909090909
 3 1.96969696969697
 1 2.03030303030303
 0 2.090909090909091
 0 2.151515151515151
 2 2.212121212121212
 1 2.272727272727272
 0 2.333333333333334
 7 2.393939393939394
 0 2.454545454545455
 1 2.515151515151516
 0 2.575757575757576
 0 2.636363636363637
 0 2.696969696969697
 0 2.757575757575758
 0 2.818181818181818
 0 2.878787878787879
 0 2.939393939393939
 0 3


