# Created by Octave 3.8.2, Mon Jun 22 07:52:03 2020 CEST <damian@fptrucha.inv.usc.es>
# name: hd
# type: matrix
# rows: 100
# columns: 2
 0 -3
 0 -2.939393939393939
 0 -2.878787878787879
 0 -2.818181818181818
 0 -2.757575757575758
 0 -2.696969696969697
 0 -2.636363636363636
 1 -2.575757575757576
 0 -2.515151515151515
 13 -2.454545454545455
 0 -2.393939393939394
 0 -2.333333333333333
 1 -2.272727272727272
 0 -2.212121212121212
 0 -2.151515151515151
 3 -2.090909090909091
 3 -2.03030303030303
 35 -1.96969696969697
 28 -1.909090909090909
 3 -1.848484848484848
 3 -1.787878787878788
 0 -1.727272727272727
 1 -1.666666666666667
 92 -1.606060606060606
 26 -1.545454545454545
 88 -1.484848484848485
 33 -1.424242424242424
 96 -1.363636363636364
 23 -1.303030303030303
 11 -1.242424242424242
 491 -1.181818181818182
 11 -1.121212121212121
 525 -1.060606060606061
 17 -1
 462 -0.9393939393939394
 24 -0.8787878787878789
 516 -0.8181818181818183
 841 -0.7575757575757573
 516 -0.6969696969696968
 936 -0.6363636363636362
 598 -0.5757575757575757
 895 -0.5151515151515151
 648 -0.4545454545454546
 881 -0.393939393939394
 3976 -0.333333333333333
 542 -0.2727272727272725
 2452 -0.2121212121212119
 15 -0.1515151515151514
 2627 -0.09090909090909083
 23 -0.03030303030303028
 2335 0.03030303030303028
 18 0.09090909090909083
 2225 0.1515151515151514
 1500 0.2121212121212124
 2324 0.2727272727272729
 1494 0.3333333333333335
 620 0.393939393939394
 887 0.4545454545454546
 664 0.5151515151515151
 817 0.5757575757575757
 604 0.6363636363636367
 820 0.6969696969696972
 529 0.7575757575757578
 11 0.8181818181818183
 565 0.8787878787878789
 15 0.9393939393939394
 525 1
 16 1.060606060606061
 471 1.121212121212121
 13 1.181818181818182
 36 1.242424242424242
 101 1.303030303030303
 34 1.363636363636363
 117 1.424242424242425
 31 1.484848484848485
 103 1.545454545454546
 3 1.606060606060606
 0 1.666666666666667
 2 1.727272727272728
 30 1.787878787878788
 5 1.848484848484849
 32 1.909090909090909
 4 1.96969696969697
 3 2.03030303030303
 0 2.090909090909091
 0 2.151515151515151
 0 2.212121212121212
 1 2.272727272727272
 0 2.333333333333334
 9 2.393939393939394
 0 2.454545454545455
 1 2.515151515151516
 0 2.575757575757576
 0 2.636363636363637
 0 2.696969696969697
 0 2.757575757575758
 0 2.818181818181818
 0 2.878787878787879
 0 2.939393939393939
 0 3


