# Created by Octave 3.8.2, Sat Jun 20 20:25:07 2020 CEST <damian@fptrucha.inv.usc.es>
# name: hd
# type: matrix
# rows: 100
# columns: 2
 0 -3
 0 -2.939393939393939
 0 -2.878787878787879
 0 -2.818181818181818
 0 -2.757575757575758
 0 -2.696969696969697
 0 -2.636363636363636
 3 -2.575757575757576
 0 -2.515151515151515
 2 -2.454545454545455
 0 -2.393939393939394
 1 -2.333333333333333
 3 -2.272727272727272
 0 -2.212121212121212
 0 -2.151515151515151
 2 -2.090909090909091
 6 -2.03030303030303
 31 -1.96969696969697
 30 -1.909090909090909
 1 -1.848484848484848
 1 -1.787878787878788
 0 -1.727272727272727
 6 -1.666666666666667
 90 -1.606060606060606
 25 -1.545454545454545
 74 -1.484848484848485
 21 -1.424242424242424
 69 -1.363636363636364
 18 -1.303030303030303
 19 -1.242424242424242
 545 -1.181818181818182
 9 -1.121212121212121
 500 -1.060606060606061
 10 -1
 453 -0.9393939393939394
 9 -0.8787878787878789
 390 -0.8181818181818183
 981 -0.7575757575757573
 651 -0.6969696969696968
 1018 -0.6363636363636362
 637 -0.5757575757575757
 907 -0.5151515151515151
 538 -0.4545454545454546
 830 -0.393939393939394
 4137 -0.333333333333333
 537 -0.2727272727272725
 2891 -0.2121212121212119
 15 -0.1515151515151514
 2752 -0.09090909090909083
 11 -0.03030303030303028
 2639 0.03030303030303028
 18 0.09090909090909083
 2215 0.1515151515151514
 1830 0.2121212121212124
 2193 0.2727272727272729
 1629 0.3333333333333335
 626 0.393939393939394
 905 0.4545454545454546
 645 0.5151515151515151
 809 0.5757575757575757
 561 0.6363636363636367
 844 0.6969696969696972
 617 0.7575757575757578
 8 0.8181818181818183
 554 0.8787878787878789
 15 0.9393939393939394
 541 1
 13 1.060606060606061
 529 1.121212121212121
 9 1.181818181818182
 29 1.242424242424242
 94 1.303030303030303
 18 1.363636363636363
 114 1.424242424242425
 20 1.484848484848485
 98 1.545454545454546
 1 1.606060606060606
 0 1.666666666666667
 1 1.727272727272728
 25 1.787878787878788
 4 1.848484848484849
 34 1.909090909090909
 1 1.96969696969697
 0 2.03030303030303
 0 2.090909090909091
 0 2.151515151515151
 0 2.212121212121212
 0 2.272727272727272
 1 2.333333333333334
 6 2.393939393939394
 2 2.454545454545455
 2 2.515151515151516
 0 2.575757575757576
 0 2.636363636363637
 0 2.696969696969697
 0 2.757575757575758
 0 2.818181818181818
 0 2.878787878787879
 0 2.939393939393939
 0 3


