# Created by Octave 3.8.2, Sat Jun 20 08:00:38 2020 CEST <damian@fptrucha.inv.usc.es>
# name: hd
# type: matrix
# rows: 100
# columns: 2
 0 -3
 0 -2.939393939393939
 0 -2.878787878787879
 0 -2.818181818181818
 0 -2.757575757575758
 0 -2.696969696969697
 0 -2.636363636363636
 0 -2.575757575757576
 1 -2.515151515151515
 8 -2.454545454545455
 0 -2.393939393939394
 0 -2.333333333333333
 0 -2.272727272727272
 0 -2.212121212121212
 0 -2.151515151515151
 3 -2.090909090909091
 3 -2.03030303030303
 34 -1.96969696969697
 47 -1.909090909090909
 1 -1.848484848484848
 3 -1.787878787878788
 0 -1.727272727272727
 2 -1.666666666666667
 121 -1.606060606060606
 27 -1.545454545454545
 130 -1.484848484848485
 24 -1.424242424242424
 114 -1.363636363636364
 17 -1.303030303030303
 10 -1.242424242424242
 690 -1.181818181818182
 16 -1.121212121212121
 655 -1.060606060606061
 13 -1
 570 -0.9393939393939394
 14 -0.8787878787878789
 560 -0.8181818181818183
 1164 -0.7575757575757573
 807 -0.6969696969696968
 1202 -0.6363636363636362
 753 -0.5757575757575757
 1109 -0.5151515151515151
 679 -0.4545454545454546
 1032 -0.393939393939394
 4822 -0.333333333333333
 650 -0.2727272727272725
 3185 -0.2121212121212119
 6 -0.1515151515151514
 3029 -0.09090909090909083
 9 -0.03030303030303028
 2875 0.03030303030303028
 9 0.09090909090909083
 2568 0.1515151515151514
 1960 0.2121212121212124
 2434 0.2727272727272729
 1809 0.3333333333333335
 636 0.393939393939394
 1001 0.4545454545454546
 751 0.5151515151515151
 881 0.5757575757575757
 630 0.6363636363636367
 894 0.6969696969696972
 648 0.7575757575757578
 11 0.8181818181818183
 581 0.8787878787878789
 16 0.9393939393939394
 528 1
 8 1.060606060606061
 528 1.121212121212121
 8 1.181818181818182
 40 1.242424242424242
 109 1.303030303030303
 21 1.363636363636363
 105 1.424242424242425
 20 1.484848484848485
 92 1.545454545454546
 1 1.606060606060606
 0 1.666666666666667
 2 1.727272727272728
 32 1.787878787878788
 3 1.848484848484849
 31 1.909090909090909
 1 1.96969696969697
 3 2.03030303030303
 0 2.090909090909091
 0 2.151515151515151
 2 2.212121212121212
 0 2.272727272727272
 0 2.333333333333334
 6 2.393939393939394
 0 2.454545454545455
 0 2.515151515151516
 0 2.575757575757576
 0 2.636363636363637
 0 2.696969696969697
 0 2.757575757575758
 0 2.818181818181818
 0 2.878787878787879
 0 2.939393939393939
 0 3


