# Created by Octave 3.8.2, Mon Jun 22 22:27:07 2020 CEST <damian@fptrucha.inv.usc.es>
# name: hd
# type: matrix
# rows: 100
# columns: 2
 0 -3
 0 -2.939393939393939
 0 -2.878787878787879
 0 -2.818181818181818
 0 -2.757575757575758
 0 -2.696969696969697
 0 -2.636363636363636
 1 -2.575757575757576
 1 -2.515151515151515
 10 -2.454545454545455
 0 -2.393939393939394
 0 -2.333333333333333
 2 -2.272727272727272
 0 -2.212121212121212
 0 -2.151515151515151
 1 -2.090909090909091
 4 -2.03030303030303
 37 -1.96969696969697
 38 -1.909090909090909
 2 -1.848484848484848
 2 -1.787878787878788
 0 -1.727272727272727
 5 -1.666666666666667
 116 -1.606060606060606
 31 -1.545454545454545
 122 -1.484848484848485
 25 -1.424242424242424
 111 -1.363636363636364
 23 -1.303030303030303
 11 -1.242424242424242
 621 -1.181818181818182
 20 -1.121212121212121
 646 -1.060606060606061
 16 -1
 563 -0.9393939393939394
 15 -0.8787878787878789
 573 -0.8181818181818183
 966 -0.7575757575757573
 719 -0.6969696969696968
 1078 -0.6363636363636362
 696 -0.5757575757575757
 970 -0.5151515151515151
 651 -0.4545454545454546
 996 -0.393939393939394
 4450 -0.333333333333333
 621 -0.2727272727272725
 2855 -0.2121212121212119
 16 -0.1515151515151514
 2809 -0.09090909090909083
 8 -0.03030303030303028
 2546 0.03030303030303028
 14 0.09090909090909083
 2430 0.1515151515151514
 1725 0.2121212121212124
 2488 0.2727272727272729
 1671 0.3333333333333335
 706 0.393939393939394
 988 0.4545454545454546
 678 0.5151515151515151
 859 0.5757575757575757
 638 0.6363636363636367
 860 0.6969696969696972
 580 0.7575757575757578
 9 0.8181818181818183
 569 0.8787878787878789
 21 0.9393939393939394
 574 1
 16 1.060606060606061
 549 1.121212121212121
 15 1.181818181818182
 36 1.242424242424242
 89 1.303030303030303
 28 1.363636363636363
 133 1.424242424242425
 33 1.484848484848485
 134 1.545454545454546
 1 1.606060606060606
 0 1.666666666666667
 0 1.727272727272728
 44 1.787878787878788
 3 1.848484848484849
 31 1.909090909090909
 4 1.96969696969697
 3 2.03030303030303
 0 2.090909090909091
 0 2.151515151515151
 2 2.212121212121212
 0 2.272727272727272
 1 2.333333333333334
 9 2.393939393939394
 2 2.454545454545455
 0 2.515151515151516
 0 2.575757575757576
 0 2.636363636363637
 0 2.696969696969697
 0 2.757575757575758
 0 2.818181818181818
 0 2.878787878787879
 0 2.939393939393939
 0 3


