# Created by Octave 3.8.2, Mon Jun 22 13:16:26 2020 CEST <damian@fptrucha.inv.usc.es>
# name: hd
# type: matrix
# rows: 100
# columns: 2
 0 -3
 0 -2.939393939393939
 0 -2.878787878787879
 0 -2.818181818181818
 0 -2.757575757575758
 0 -2.696969696969697
 0 -2.636363636363636
 3 -2.575757575757576
 1 -2.515151515151515
 8 -2.454545454545455
 1 -2.393939393939394
 0 -2.333333333333333
 1 -2.272727272727272
 0 -2.212121212121212
 0 -2.151515151515151
 2 -2.090909090909091
 2 -2.03030303030303
 29 -1.96969696969697
 34 -1.909090909090909
 2 -1.848484848484848
 2 -1.787878787878788
 0 -1.727272727272727
 2 -1.666666666666667
 103 -1.606060606060606
 22 -1.545454545454545
 116 -1.484848484848485
 26 -1.424242424242424
 106 -1.363636363636364
 24 -1.303030303030303
 13 -1.242424242424242
 576 -1.181818181818182
 12 -1.121212121212121
 540 -1.060606060606061
 19 -1
 515 -0.9393939393939394
 23 -0.8787878787878789
 550 -0.8181818181818183
 896 -0.7575757575757573
 639 -0.6969696969696968
 1028 -0.6363636363636362
 641 -0.5757575757575757
 920 -0.5151515151515151
 630 -0.4545454545454546
 887 -0.393939393939394
 4182 -0.333333333333333
 549 -0.2727272727272725
 2764 -0.2121212121212119
 13 -0.1515151515151514
 2569 -0.09090909090909083
 21 -0.03030303030303028
 2494 0.03030303030303028
 27 0.09090909090909083
 2353 0.1515151515151514
 1611 0.2121212121212124
 2390 0.2727272727272729
 1627 0.3333333333333335
 672 0.393939393939394
 910 0.4545454545454546
 613 0.5151515151515151
 858 0.5757575757575757
 661 0.6363636363636367
 860 0.6969696969696972
 557 0.7575757575757578
 8 0.8181818181818183
 590 0.8787878787878789
 13 0.9393939393939394
 565 1
 7 1.060606060606061
 548 1.121212121212121
 14 1.181818181818182
 30 1.242424242424242
 129 1.303030303030303
 27 1.363636363636363
 106 1.424242424242425
 20 1.484848484848485
 97 1.545454545454546
 1 1.606060606060606
 0 1.666666666666667
 1 1.727272727272728
 36 1.787878787878788
 7 1.848484848484849
 32 1.909090909090909
 4 1.96969696969697
 0 2.03030303030303
 0 2.090909090909091
 0 2.151515151515151
 2 2.212121212121212
 2 2.272727272727272
 1 2.333333333333334
 16 2.393939393939394
 1 2.454545454545455
 0 2.515151515151516
 0 2.575757575757576
 0 2.636363636363637
 0 2.696969696969697
 0 2.757575757575758
 0 2.818181818181818
 0 2.878787878787879
 0 2.939393939393939
 0 3


