# Created by Octave 3.8.2, Sun Jun 21 02:26:56 2020 CEST <damian@fptrucha.inv.usc.es>
# name: hd
# type: matrix
# rows: 100
# columns: 2
 0 -3
 0 -2.939393939393939
 0 -2.878787878787879
 0 -2.818181818181818
 0 -2.757575757575758
 0 -2.696969696969697
 0 -2.636363636363636
 1 -2.575757575757576
 0 -2.515151515151515
 5 -2.454545454545455
 2 -2.393939393939394
 1 -2.333333333333333
 0 -2.272727272727272
 0 -2.212121212121212
 0 -2.151515151515151
 2 -2.090909090909091
 4 -2.03030303030303
 23 -1.96969696969697
 20 -1.909090909090909
 1 -1.848484848484848
 3 -1.787878787878788
 0 -1.727272727272727
 3 -1.666666666666667
 99 -1.606060606060606
 21 -1.545454545454545
 86 -1.484848484848485
 19 -1.424242424242424
 80 -1.363636363636364
 17 -1.303030303030303
 12 -1.242424242424242
 558 -1.181818181818182
 19 -1.121212121212121
 542 -1.060606060606061
 11 -1
 447 -0.9393939393939394
 11 -0.8787878787878789
 412 -0.8181818181818183
 994 -0.7575757575757573
 661 -0.6969696969696968
 1024 -0.6363636363636362
 628 -0.5757575757575757
 932 -0.5151515151515151
 578 -0.4545454545454546
 833 -0.393939393939394
 4197 -0.333333333333333
 543 -0.2727272727272725
 2911 -0.2121212121212119
 8 -0.1515151515151514
 2703 -0.09090909090909083
 10 -0.03030303030303028
 2457 0.03030303030303028
 17 0.09090909090909083
 2138 0.1515151515151514
 1684 0.2121212121212124
 2140 0.2727272727272729
 1572 0.3333333333333335
 587 0.393939393939394
 849 0.4545454545454546
 644 0.5151515151515151
 780 0.5757575757575757
 594 0.6363636363636367
 737 0.6969696969696972
 605 0.7575757575757578
 11 0.8181818181818183
 520 0.8787878787878789
 16 0.9393939393939394
 499 1
 11 1.060606060606061
 421 1.121212121212121
 7 1.181818181818182
 26 1.242424242424242
 100 1.303030303030303
 27 1.363636363636363
 92 1.424242424242425
 21 1.484848484848485
 88 1.545454545454546
 1 1.606060606060606
 0 1.666666666666667
 0 1.727272727272728
 27 1.787878787878788
 3 1.848484848484849
 26 1.909090909090909
 2 1.96969696969697
 0 2.03030303030303
 0 2.090909090909091
 0 2.151515151515151
 0 2.212121212121212
 1 2.272727272727272
 1 2.333333333333334
 4 2.393939393939394
 0 2.454545454545455
 1 2.515151515151516
 0 2.575757575757576
 0 2.636363636363637
 0 2.696969696969697
 0 2.757575757575758
 0 2.818181818181818
 0 2.878787878787879
 0 2.939393939393939
 0 3


