# Created by Octave 3.8.2, Sat Jun 20 10:13:23 2020 CEST <damian@fptrucha.inv.usc.es>
# name: hd
# type: matrix
# rows: 100
# columns: 2
 0 -3
 0 -2.939393939393939
 0 -2.878787878787879
 0 -2.818181818181818
 0 -2.757575757575758
 0 -2.696969696969697
 0 -2.636363636363636
 0 -2.575757575757576
 0 -2.515151515151515
 4 -2.454545454545455
 0 -2.393939393939394
 0 -2.333333333333333
 2 -2.272727272727272
 0 -2.212121212121212
 0 -2.151515151515151
 1 -2.090909090909091
 4 -2.03030303030303
 20 -1.96969696969697
 33 -1.909090909090909
 1 -1.848484848484848
 0 -1.787878787878788
 0 -1.727272727272727
 0 -1.666666666666667
 101 -1.606060606060606
 32 -1.545454545454545
 102 -1.484848484848485
 29 -1.424242424242424
 106 -1.363636363636364
 23 -1.303030303030303
 17 -1.242424242424242
 582 -1.181818181818182
 14 -1.121212121212121
 573 -1.060606060606061
 10 -1
 454 -0.9393939393939394
 17 -0.8787878787878789
 489 -0.8181818181818183
 1101 -0.7575757575757573
 775 -0.6969696969696968
 1106 -0.6363636363636362
 685 -0.5757575757575757
 1022 -0.5151515151515151
 656 -0.4545454545454546
 916 -0.393939393939394
 4671 -0.333333333333333
 632 -0.2727272727272725
 3232 -0.2121212121212119
 11 -0.1515151515151514
 2987 -0.09090909090909083
 10 -0.03030303030303028
 2838 0.03030303030303028
 16 0.09090909090909083
 2533 0.1515151515151514
 2013 0.2121212121212124
 2451 0.2727272727272729
 1853 0.3333333333333335
 663 0.393939393939394
 1108 0.4545454545454546
 695 0.5151515151515151
 833 0.5757575757575757
 647 0.6363636363636367
 893 0.6969696969696972
 658 0.7575757575757578
 14 0.8181818181818183
 634 0.8787878787878789
 16 0.9393939393939394
 605 1
 15 1.060606060606061
 589 1.121212121212121
 8 1.181818181818182
 46 1.242424242424242
 117 1.303030303030303
 24 1.363636363636363
 124 1.424242424242425
 38 1.484848484848485
 123 1.545454545454546
 0 1.606060606060606
 0 1.666666666666667
 1 1.727272727272728
 47 1.787878787878788
 2 1.848484848484849
 39 1.909090909090909
 5 1.96969696969697
 1 2.03030303030303
 0 2.090909090909091
 0 2.151515151515151
 2 2.212121212121212
 0 2.272727272727272
 0 2.333333333333334
 11 2.393939393939394
 1 2.454545454545455
 0 2.515151515151516
 0 2.575757575757576
 0 2.636363636363637
 0 2.696969696969697
 0 2.757575757575758
 0 2.818181818181818
 0 2.878787878787879
 0 2.939393939393939
 0 3


