# Created by Octave 3.8.2, Mon Jun 22 02:37:51 2020 CEST <damian@fptrucha.inv.usc.es>
# name: hd
# type: matrix
# rows: 100
# columns: 2
 0 -3
 0 -2.939393939393939
 0 -2.878787878787879
 0 -2.818181818181818
 0 -2.757575757575758
 0 -2.696969696969697
 0 -2.636363636363636
 0 -2.575757575757576
 0 -2.515151515151515
 9 -2.454545454545455
 2 -2.393939393939394
 0 -2.333333333333333
 0 -2.272727272727272
 0 -2.212121212121212
 0 -2.151515151515151
 0 -2.090909090909091
 4 -2.03030303030303
 30 -1.96969696969697
 36 -1.909090909090909
 0 -1.848484848484848
 2 -1.787878787878788
 0 -1.727272727272727
 3 -1.666666666666667
 78 -1.606060606060606
 36 -1.545454545454545
 91 -1.484848484848485
 23 -1.424242424242424
 97 -1.363636363636364
 26 -1.303030303030303
 21 -1.242424242424242
 508 -1.181818181818182
 23 -1.121212121212121
 473 -1.060606060606061
 24 -1
 467 -0.9393939393939394
 32 -0.8787878787878789
 484 -0.8181818181818183
 878 -0.7575757575757573
 605 -0.6969696969696968
 866 -0.6363636363636362
 586 -0.5757575757575757
 863 -0.5151515151515151
 601 -0.4545454545454546
 832 -0.393939393939394
 3767 -0.333333333333333
 540 -0.2727272727272725
 2305 -0.2121212121212119
 16 -0.1515151515151514
 2485 -0.09090909090909083
 17 -0.03030303030303028
 2207 0.03030303030303028
 18 0.09090909090909083
 2085 0.1515151515151514
 1563 0.2121212121212124
 2249 0.2727272727272729
 1412 0.3333333333333335
 618 0.393939393939394
 848 0.4545454545454546
 626 0.5151515151515151
 774 0.5757575757575757
 601 0.6363636363636367
 814 0.6969696969696972
 522 0.7575757575757578
 17 0.8181818181818183
 505 0.8787878787878789
 15 0.9393939393939394
 504 1
 16 1.060606060606061
 464 1.121212121212121
 15 1.181818181818182
 28 1.242424242424242
 99 1.303030303030303
 20 1.363636363636363
 93 1.424242424242425
 29 1.484848484848485
 86 1.545454545454546
 1 1.606060606060606
 0 1.666666666666667
 2 1.727272727272728
 54 1.787878787878788
 5 1.848484848484849
 28 1.909090909090909
 9 1.96969696969697
 6 2.03030303030303
 0 2.090909090909091
 0 2.151515151515151
 0 2.212121212121212
 0 2.272727272727272
 0 2.333333333333334
 13 2.393939393939394
 0 2.454545454545455
 0 2.515151515151516
 0 2.575757575757576
 0 2.636363636363637
 0 2.696969696969697
 0 2.757575757575758
 0 2.818181818181818
 0 2.878787878787879
 0 2.939393939393939
 0 3


