# Created by Octave 3.8.2, Mon Jun 22 20:49:56 2020 CEST <damian@fptrucha.inv.usc.es>
# name: hd
# type: matrix
# rows: 100
# columns: 2
 0 -3
 0 -2.939393939393939
 0 -2.878787878787879
 0 -2.818181818181818
 0 -2.757575757575758
 0 -2.696969696969697
 0 -2.636363636363636
 0 -2.575757575757576
 3 -2.515151515151515
 8 -2.454545454545455
 1 -2.393939393939394
 1 -2.333333333333333
 1 -2.272727272727272
 0 -2.212121212121212
 0 -2.151515151515151
 2 -2.090909090909091
 5 -2.03030303030303
 35 -1.96969696969697
 41 -1.909090909090909
 2 -1.848484848484848
 2 -1.787878787878788
 0 -1.727272727272727
 1 -1.666666666666667
 119 -1.606060606060606
 24 -1.545454545454545
 120 -1.484848484848485
 22 -1.424242424242424
 104 -1.363636363636364
 18 -1.303030303030303
 15 -1.242424242424242
 564 -1.181818181818182
 22 -1.121212121212121
 566 -1.060606060606061
 14 -1
 544 -0.9393939393939394
 17 -0.8787878787878789
 574 -0.8181818181818183
 967 -0.7575757575757573
 719 -0.6969696969696968
 1064 -0.6363636363636362
 661 -0.5757575757575757
 961 -0.5151515151515151
 660 -0.4545454545454546
 915 -0.393939393939394
 4470 -0.333333333333333
 639 -0.2727272727272725
 2739 -0.2121212121212119
 13 -0.1515151515151514
 2842 -0.09090909090909083
 11 -0.03030303030303028
 2639 0.03030303030303028
 11 0.09090909090909083
 2359 0.1515151515151514
 1564 0.2121212121212124
 2444 0.2727272727272729
 1592 0.3333333333333335
 638 0.393939393939394
 917 0.4545454545454546
 679 0.5151515151515151
 867 0.5757575757575757
 700 0.6363636363636367
 875 0.6969696969696972
 599 0.7575757575757578
 10 0.8181818181818183
 571 0.8787878787878789
 22 0.9393939393939394
 550 1
 12 1.060606060606061
 564 1.121212121212121
 22 1.181818181818182
 38 1.242424242424242
 116 1.303030303030303
 27 1.363636363636363
 109 1.424242424242425
 29 1.484848484848485
 107 1.545454545454546
 0 1.606060606060606
 0 1.666666666666667
 2 1.727272727272728
 40 1.787878787878788
 2 1.848484848484849
 29 1.909090909090909
 5 1.96969696969697
 3 2.03030303030303
 0 2.090909090909091
 0 2.151515151515151
 0 2.212121212121212
 0 2.272727272727272
 1 2.333333333333334
 5 2.393939393939394
 2 2.454545454545455
 2 2.515151515151516
 0 2.575757575757576
 0 2.636363636363637
 0 2.696969696969697
 0 2.757575757575758
 0 2.818181818181818
 0 2.878787878787879
 0 2.939393939393939
 0 3


