# Created by Octave 3.8.2, Mon Jun 22 16:23:22 2020 CEST <damian@fptrucha.inv.usc.es>
# name: hd
# type: matrix
# rows: 100
# columns: 2
 0 -3
 0 -2.939393939393939
 0 -2.878787878787879
 0 -2.818181818181818
 0 -2.757575757575758
 0 -2.696969696969697
 0 -2.636363636363636
 2 -2.575757575757576
 1 -2.515151515151515
 8 -2.454545454545455
 1 -2.393939393939394
 0 -2.333333333333333
 1 -2.272727272727272
 0 -2.212121212121212
 0 -2.151515151515151
 1 -2.090909090909091
 1 -2.03030303030303
 38 -1.96969696969697
 33 -1.909090909090909
 0 -1.848484848484848
 3 -1.787878787878788
 0 -1.727272727272727
 2 -1.666666666666667
 117 -1.606060606060606
 22 -1.545454545454545
 127 -1.484848484848485
 26 -1.424242424242424
 118 -1.363636363636364
 27 -1.303030303030303
 10 -1.242424242424242
 623 -1.181818181818182
 15 -1.121212121212121
 574 -1.060606060606061
 19 -1
 555 -0.9393939393939394
 24 -0.8787878787878789
 562 -0.8181818181818183
 902 -0.7575757575757573
 648 -0.6969696969696968
 1082 -0.6363636363636362
 597 -0.5757575757575757
 923 -0.5151515151515151
 661 -0.4545454545454546
 932 -0.393939393939394
 4140 -0.333333333333333
 564 -0.2727272727272725
 2719 -0.2121212121212119
 8 -0.1515151515151514
 2798 -0.09090909090909083
 10 -0.03030303030303028
 2580 0.03030303030303028
 13 0.09090909090909083
 2332 0.1515151515151514
 1526 0.2121212121212124
 2342 0.2727272727272729
 1652 0.3333333333333335
 656 0.393939393939394
 935 0.4545454545454546
 711 0.5151515151515151
 843 0.5757575757575757
 595 0.6363636363636367
 890 0.6969696969696972
 589 0.7575757575757578
 19 0.8181818181818183
 601 0.8787878787878789
 20 0.9393939393939394
 563 1
 17 1.060606060606061
 559 1.121212121212121
 5 1.181818181818182
 43 1.242424242424242
 122 1.303030303030303
 44 1.363636363636363
 116 1.424242424242425
 43 1.484848484848485
 115 1.545454545454546
 0 1.606060606060606
 0 1.666666666666667
 0 1.727272727272728
 43 1.787878787878788
 5 1.848484848484849
 26 1.909090909090909
 7 1.96969696969697
 0 2.03030303030303
 0 2.090909090909091
 0 2.151515151515151
 1 2.212121212121212
 0 2.272727272727272
 1 2.333333333333334
 4 2.393939393939394
 0 2.454545454545455
 1 2.515151515151516
 0 2.575757575757576
 0 2.636363636363637
 0 2.696969696969697
 0 2.757575757575758
 0 2.818181818181818
 0 2.878787878787879
 0 2.939393939393939
 0 3


