# Created by Octave 3.8.2, Mon Jun 22 03:49:17 2020 CEST <damian@fptrucha.inv.usc.es>
# name: hd
# type: matrix
# rows: 100
# columns: 2
 0 -3
 0 -2.939393939393939
 0 -2.878787878787879
 0 -2.818181818181818
 0 -2.757575757575758
 0 -2.696969696969697
 0 -2.636363636363636
 3 -2.575757575757576
 0 -2.515151515151515
 16 -2.454545454545455
 0 -2.393939393939394
 0 -2.333333333333333
 0 -2.272727272727272
 0 -2.212121212121212
 0 -2.151515151515151
 2 -2.090909090909091
 1 -2.03030303030303
 39 -1.96969696969697
 45 -1.909090909090909
 2 -1.848484848484848
 2 -1.787878787878788
 0 -1.727272727272727
 4 -1.666666666666667
 99 -1.606060606060606
 36 -1.545454545454545
 117 -1.484848484848485
 21 -1.424242424242424
 108 -1.363636363636364
 24 -1.303030303030303
 16 -1.242424242424242
 531 -1.181818181818182
 20 -1.121212121212121
 455 -1.060606060606061
 16 -1
 549 -0.9393939393939394
 25 -0.8787878787878789
 513 -0.8181818181818183
 900 -0.7575757575757573
 594 -0.6969696969696968
 902 -0.6363636363636362
 586 -0.5757575757575757
 862 -0.5151515151515151
 580 -0.4545454545454546
 862 -0.393939393939394
 3673 -0.333333333333333
 539 -0.2727272727272725
 2340 -0.2121212121212119
 12 -0.1515151515151514
 2496 -0.09090909090909083
 12 -0.03030303030303028
 2280 0.03030303030303028
 25 0.09090909090909083
 2136 0.1515151515151514
 1555 0.2121212121212124
 2123 0.2727272727272729
 1454 0.3333333333333335
 594 0.393939393939394
 896 0.4545454545454546
 587 0.5151515151515151
 771 0.5757575757575757
 579 0.6363636363636367
 775 0.6969696969696972
 510 0.7575757575757578
 8 0.8181818181818183
 526 0.8787878787878789
 19 0.9393939393939394
 513 1
 15 1.060606060606061
 526 1.121212121212121
 9 1.181818181818182
 37 1.242424242424242
 110 1.303030303030303
 26 1.363636363636363
 124 1.424242424242425
 37 1.484848484848485
 83 1.545454545454546
 3 1.606060606060606
 0 1.666666666666667
 2 1.727272727272728
 45 1.787878787878788
 6 1.848484848484849
 33 1.909090909090909
 2 1.96969696969697
 0 2.03030303030303
 0 2.090909090909091
 0 2.151515151515151
 1 2.212121212121212
 0 2.272727272727272
 1 2.333333333333334
 4 2.393939393939394
 0 2.454545454545455
 2 2.515151515151516
 0 2.575757575757576
 0 2.636363636363637
 0 2.696969696969697
 0 2.757575757575758
 0 2.818181818181818
 0 2.878787878787879
 0 2.939393939393939
 0 3


