# Created by Octave 3.8.2, Mon Jun 22 01:26:03 2020 CEST <damian@fptrucha.inv.usc.es>
# name: hd
# type: matrix
# rows: 100
# columns: 2
 0 -3
 0 -2.939393939393939
 0 -2.878787878787879
 0 -2.818181818181818
 0 -2.757575757575758
 0 -2.696969696969697
 0 -2.636363636363636
 0 -2.575757575757576
 0 -2.515151515151515
 4 -2.454545454545455
 1 -2.393939393939394
 2 -2.333333333333333
 0 -2.272727272727272
 0 -2.212121212121212
 0 -2.151515151515151
 1 -2.090909090909091
 2 -2.03030303030303
 22 -1.96969696969697
 21 -1.909090909090909
 0 -1.848484848484848
 1 -1.787878787878788
 0 -1.727272727272727
 1 -1.666666666666667
 90 -1.606060606060606
 19 -1.545454545454545
 93 -1.484848484848485
 23 -1.424242424242424
 89 -1.363636363636364
 19 -1.303030303030303
 16 -1.242424242424242
 509 -1.181818181818182
 15 -1.121212121212121
 440 -1.060606060606061
 13 -1
 429 -0.9393939393939394
 16 -0.8787878787878789
 428 -0.8181818181818183
 1008 -0.7575757575757573
 598 -0.6969696969696968
 965 -0.6363636363636362
 671 -0.5757575757575757
 836 -0.5151515151515151
 577 -0.4545454545454546
 811 -0.393939393939394
 4076 -0.333333333333333
 529 -0.2727272727272725
 2817 -0.2121212121212119
 8 -0.1515151515151514
 2607 -0.09090909090909083
 6 -0.03030303030303028
 2475 0.03030303030303028
 10 0.09090909090909083
 2234 0.1515151515151514
 1824 0.2121212121212124
 2252 0.2727272727272729
 1692 0.3333333333333335
 631 0.393939393939394
 857 0.4545454545454546
 618 0.5151515151515151
 747 0.5757575757575757
 582 0.6363636363636367
 781 0.6969696969696972
 519 0.7575757575757578
 12 0.8181818181818183
 540 0.8787878787878789
 15 0.9393939393939394
 520 1
 8 1.060606060606061
 482 1.121212121212121
 10 1.181818181818182
 25 1.242424242424242
 103 1.303030303030303
 27 1.363636363636363
 109 1.424242424242425
 32 1.484848484848485
 93 1.545454545454546
 2 1.606060606060606
 0 1.666666666666667
 1 1.727272727272728
 24 1.787878787878788
 2 1.848484848484849
 21 1.909090909090909
 0 1.96969696969697
 1 2.03030303030303
 0 2.090909090909091
 0 2.151515151515151
 0 2.212121212121212
 0 2.272727272727272
 1 2.333333333333334
 4 2.393939393939394
 1 2.454545454545455
 1 2.515151515151516
 0 2.575757575757576
 0 2.636363636363637
 0 2.696969696969697
 0 2.757575757575758
 0 2.818181818181818
 0 2.878787878787879
 0 2.939393939393939
 0 3


