# Created by Octave 3.8.2, Mon Jun 22 22:19:14 2020 CEST <damian@fptrucha.inv.usc.es>
# name: hd
# type: matrix
# rows: 100
# columns: 2
 0 -3
 0 -2.939393939393939
 0 -2.878787878787879
 0 -2.818181818181818
 0 -2.757575757575758
 0 -2.696969696969697
 0 -2.636363636363636
 1 -2.575757575757576
 0 -2.515151515151515
 13 -2.454545454545455
 1 -2.393939393939394
 1 -2.333333333333333
 1 -2.272727272727272
 0 -2.212121212121212
 0 -2.151515151515151
 1 -2.090909090909091
 5 -2.03030303030303
 36 -1.96969696969697
 44 -1.909090909090909
 5 -1.848484848484848
 1 -1.787878787878788
 0 -1.727272727272727
 1 -1.666666666666667
 120 -1.606060606060606
 27 -1.545454545454545
 105 -1.484848484848485
 19 -1.424242424242424
 128 -1.363636363636364
 31 -1.303030303030303
 19 -1.242424242424242
 601 -1.181818181818182
 18 -1.121212121212121
 585 -1.060606060606061
 15 -1
 541 -0.9393939393939394
 14 -0.8787878787878789
 579 -0.8181818181818183
 1009 -0.7575757575757573
 671 -0.6969696969696968
 1101 -0.6363636363636362
 706 -0.5757575757575757
 919 -0.5151515151515151
 629 -0.4545454545454546
 923 -0.393939393939394
 4557 -0.333333333333333
 623 -0.2727272727272725
 2788 -0.2121212121212119
 12 -0.1515151515151514
 2821 -0.09090909090909083
 14 -0.03030303030303028
 2671 0.03030303030303028
 15 0.09090909090909083
 2422 0.1515151515151514
 1645 0.2121212121212124
 2526 0.2727272727272729
 1609 0.3333333333333335
 712 0.393939393939394
 990 0.4545454545454546
 704 0.5151515151515151
 835 0.5757575757575757
 619 0.6363636363636367
 844 0.6969696969696972
 604 0.7575757575757578
 15 0.8181818181818183
 582 0.8787878787878789
 19 0.9393939393939394
 590 1
 19 1.060606060606061
 581 1.121212121212121
 10 1.181818181818182
 36 1.242424242424242
 102 1.303030303030303
 28 1.363636363636363
 130 1.424242424242425
 30 1.484848484848485
 119 1.545454545454546
 1 1.606060606060606
 0 1.666666666666667
 4 1.727272727272728
 40 1.787878787878788
 4 1.848484848484849
 37 1.909090909090909
 4 1.96969696969697
 1 2.03030303030303
 0 2.090909090909091
 0 2.151515151515151
 2 2.212121212121212
 0 2.272727272727272
 1 2.333333333333334
 12 2.393939393939394
 0 2.454545454545455
 2 2.515151515151516
 0 2.575757575757576
 0 2.636363636363637
 0 2.696969696969697
 0 2.757575757575758
 0 2.818181818181818
 0 2.878787878787879
 0 2.939393939393939
 0 3


