# Created by Octave 3.8.2, Sat Jun 20 13:22:19 2020 CEST <damian@fptrucha.inv.usc.es>
# name: hd
# type: matrix
# rows: 100
# columns: 2
 0 -3
 0 -2.939393939393939
 0 -2.878787878787879
 0 -2.818181818181818
 0 -2.757575757575758
 0 -2.696969696969697
 0 -2.636363636363636
 2 -2.575757575757576
 0 -2.515151515151515
 2 -2.454545454545455
 0 -2.393939393939394
 1 -2.333333333333333
 1 -2.272727272727272
 0 -2.212121212121212
 0 -2.151515151515151
 2 -2.090909090909091
 5 -2.03030303030303
 17 -1.96969696969697
 29 -1.909090909090909
 0 -1.848484848484848
 0 -1.787878787878788
 0 -1.727272727272727
 3 -1.666666666666667
 105 -1.606060606060606
 19 -1.545454545454545
 93 -1.484848484848485
 23 -1.424242424242424
 59 -1.363636363636364
 19 -1.303030303030303
 14 -1.242424242424242
 557 -1.181818181818182
 15 -1.121212121212121
 530 -1.060606060606061
 14 -1
 504 -0.9393939393939394
 15 -0.8787878787878789
 485 -0.8181818181818183
 1065 -0.7575757575757573
 724 -0.6969696969696968
 1068 -0.6363636363636362
 667 -0.5757575757575757
 913 -0.5151515151515151
 576 -0.4545454545454546
 906 -0.393939393939394
 4438 -0.333333333333333
 586 -0.2727272727272725
 3072 -0.2121212121212119
 12 -0.1515151515151514
 2926 -0.09090909090909083
 10 -0.03030303030303028
 2678 0.03030303030303028
 9 0.09090909090909083
 2367 0.1515151515151514
 1908 0.2121212121212124
 2371 0.2727272727272729
 1785 0.3333333333333335
 679 0.393939393939394
 978 0.4545454545454546
 714 0.5151515151515151
 882 0.5757575757575757
 635 0.6363636363636367
 834 0.6969696969696972
 646 0.7575757575757578
 10 0.8181818181818183
 646 0.8787878787878789
 17 0.9393939393939394
 625 1
 11 1.060606060606061
 536 1.121212121212121
 14 1.181818181818182
 33 1.242424242424242
 111 1.303030303030303
 26 1.363636363636363
 115 1.424242424242425
 35 1.484848484848485
 101 1.545454545454546
 1 1.606060606060606
 0 1.666666666666667
 1 1.727272727272728
 31 1.787878787878788
 5 1.848484848484849
 23 1.909090909090909
 4 1.96969696969697
 1 2.03030303030303
 0 2.090909090909091
 0 2.151515151515151
 0 2.212121212121212
 0 2.272727272727272
 0 2.333333333333334
 3 2.393939393939394
 1 2.454545454545455
 0 2.515151515151516
 0 2.575757575757576
 0 2.636363636363637
 0 2.696969696969697
 0 2.757575757575758
 0 2.818181818181818
 0 2.878787878787879
 0 2.939393939393939
 0 3


