# Created by Octave 3.8.2, Sun Jun 21 04:03:28 2020 CEST <damian@fptrucha.inv.usc.es>
# name: hd
# type: matrix
# rows: 100
# columns: 2
 0 -3
 0 -2.939393939393939
 0 -2.878787878787879
 0 -2.818181818181818
 0 -2.757575757575758
 0 -2.696969696969697
 0 -2.636363636363636
 2 -2.575757575757576
 0 -2.515151515151515
 6 -2.454545454545455
 0 -2.393939393939394
 0 -2.333333333333333
 0 -2.272727272727272
 0 -2.212121212121212
 0 -2.151515151515151
 1 -2.090909090909091
 4 -2.03030303030303
 23 -1.96969696969697
 29 -1.909090909090909
 0 -1.848484848484848
 2 -1.787878787878788
 0 -1.727272727272727
 1 -1.666666666666667
 102 -1.606060606060606
 16 -1.545454545454545
 108 -1.484848484848485
 14 -1.424242424242424
 85 -1.363636363636364
 15 -1.303030303030303
 14 -1.242424242424242
 497 -1.181818181818182
 14 -1.121212121212121
 533 -1.060606060606061
 15 -1
 461 -0.9393939393939394
 12 -0.8787878787878789
 430 -0.8181818181818183
 990 -0.7575757575757573
 655 -0.6969696969696968
 1031 -0.6363636363636362
 629 -0.5757575757575757
 904 -0.5151515151515151
 553 -0.4545454545454546
 823 -0.393939393939394
 4205 -0.333333333333333
 471 -0.2727272727272725
 2770 -0.2121212121212119
 9 -0.1515151515151514
 2625 -0.09090909090909083
 11 -0.03030303030303028
 2402 0.03030303030303028
 10 0.09090909090909083
 2139 0.1515151515151514
 1629 0.2121212121212124
 2160 0.2727272727272729
 1560 0.3333333333333335
 649 0.393939393939394
 888 0.4545454545454546
 635 0.5151515151515151
 811 0.5757575757575757
 599 0.6363636363636367
 770 0.6969696969696972
 581 0.7575757575757578
 13 0.8181818181818183
 509 0.8787878787878789
 15 0.9393939393939394
 568 1
 13 1.060606060606061
 459 1.121212121212121
 12 1.181818181818182
 25 1.242424242424242
 95 1.303030303030303
 26 1.363636363636363
 89 1.424242424242425
 24 1.484848484848485
 84 1.545454545454546
 0 1.606060606060606
 0 1.666666666666667
 3 1.727272727272728
 30 1.787878787878788
 1 1.848484848484849
 24 1.909090909090909
 1 1.96969696969697
 3 2.03030303030303
 0 2.090909090909091
 0 2.151515151515151
 1 2.212121212121212
 0 2.272727272727272
 1 2.333333333333334
 5 2.393939393939394
 0 2.454545454545455
 1 2.515151515151516
 0 2.575757575757576
 0 2.636363636363637
 0 2.696969696969697
 0 2.757575757575758
 0 2.818181818181818
 0 2.878787878787879
 0 2.939393939393939
 0 3


