# Created by Octave 3.8.2, Sat Jun 20 10:33:08 2020 CEST <damian@fptrucha.inv.usc.es>
# name: hd
# type: matrix
# rows: 100
# columns: 2
 0 -3
 0 -2.939393939393939
 0 -2.878787878787879
 0 -2.818181818181818
 0 -2.757575757575758
 0 -2.696969696969697
 0 -2.636363636363636
 2 -2.575757575757576
 0 -2.515151515151515
 3 -2.454545454545455
 2 -2.393939393939394
 2 -2.333333333333333
 2 -2.272727272727272
 0 -2.212121212121212
 0 -2.151515151515151
 1 -2.090909090909091
 2 -2.03030303030303
 30 -1.96969696969697
 36 -1.909090909090909
 3 -1.848484848484848
 0 -1.787878787878788
 0 -1.727272727272727
 1 -1.666666666666667
 117 -1.606060606060606
 36 -1.545454545454545
 104 -1.484848484848485
 24 -1.424242424242424
 97 -1.363636363636364
 17 -1.303030303030303
 17 -1.242424242424242
 571 -1.181818181818182
 16 -1.121212121212121
 588 -1.060606060606061
 14 -1
 464 -0.9393939393939394
 13 -0.8787878787878789
 475 -0.8181818181818183
 1101 -0.7575757575757573
 737 -0.6969696969696968
 1143 -0.6363636363636362
 624 -0.5757575757575757
 973 -0.5151515151515151
 643 -0.4545454545454546
 956 -0.393939393939394
 4666 -0.333333333333333
 591 -0.2727272727272725
 3126 -0.2121212121212119
 11 -0.1515151515151514
 2973 -0.09090909090909083
 17 -0.03030303030303028
 2815 0.03030303030303028
 13 0.09090909090909083
 2442 0.1515151515151514
 1924 0.2121212121212124
 2535 0.2727272727272729
 1952 0.3333333333333335
 694 0.393939393939394
 996 0.4545454545454546
 766 0.5151515151515151
 906 0.5757575757575757
 637 0.6363636363636367
 880 0.6969696969696972
 671 0.7575757575757578
 20 0.8181818181818183
 673 0.8787878787878789
 13 0.9393939393939394
 586 1
 11 1.060606060606061
 615 1.121212121212121
 10 1.181818181818182
 25 1.242424242424242
 120 1.303030303030303
 35 1.363636363636363
 134 1.424242424242425
 33 1.484848484848485
 99 1.545454545454546
 4 1.606060606060606
 0 1.666666666666667
 3 1.727272727272728
 27 1.787878787878788
 4 1.848484848484849
 34 1.909090909090909
 5 1.96969696969697
 1 2.03030303030303
 0 2.090909090909091
 0 2.151515151515151
 1 2.212121212121212
 0 2.272727272727272
 0 2.333333333333334
 8 2.393939393939394
 0 2.454545454545455
 0 2.515151515151516
 0 2.575757575757576
 0 2.636363636363637
 0 2.696969696969697
 0 2.757575757575758
 0 2.818181818181818
 0 2.878787878787879
 0 2.939393939393939
 0 3


