# Created by Octave 3.8.2, Mon Jun 22 05:01:03 2020 CEST <damian@fptrucha.inv.usc.es>
# name: hd
# type: matrix
# rows: 100
# columns: 2
 0 -3
 0 -2.939393939393939
 0 -2.878787878787879
 0 -2.818181818181818
 0 -2.757575757575758
 0 -2.696969696969697
 0 -2.636363636363636
 2 -2.575757575757576
 2 -2.515151515151515
 11 -2.454545454545455
 2 -2.393939393939394
 0 -2.333333333333333
 2 -2.272727272727272
 0 -2.212121212121212
 0 -2.151515151515151
 1 -2.090909090909091
 4 -2.03030303030303
 32 -1.96969696969697
 45 -1.909090909090909
 2 -1.848484848484848
 2 -1.787878787878788
 0 -1.727272727272727
 1 -1.666666666666667
 87 -1.606060606060606
 28 -1.545454545454545
 103 -1.484848484848485
 31 -1.424242424242424
 128 -1.363636363636364
 26 -1.303030303030303
 13 -1.242424242424242
 568 -1.181818181818182
 7 -1.121212121212121
 490 -1.060606060606061
 17 -1
 481 -0.9393939393939394
 19 -0.8787878787878789
 450 -0.8181818181818183
 847 -0.7575757575757573
 614 -0.6969696969696968
 884 -0.6363636363636362
 591 -0.5757575757575757
 792 -0.5151515151515151
 585 -0.4545454545454546
 799 -0.393939393939394
 3710 -0.333333333333333
 523 -0.2727272727272725
 2302 -0.2121212121212119
 16 -0.1515151515151514
 2370 -0.09090909090909083
 27 -0.03030303030303028
 2221 0.03030303030303028
 14 0.09090909090909083
 2066 0.1515151515151514
 1432 0.2121212121212124
 2032 0.2727272727272729
 1368 0.3333333333333335
 633 0.393939393939394
 809 0.4545454545454546
 565 0.5151515151515151
 723 0.5757575757575757
 556 0.6363636363636367
 717 0.6969696969696972
 474 0.7575757575757578
 16 0.8181818181818183
 531 0.8787878787878789
 19 0.9393939393939394
 496 1
 11 1.060606060606061
 460 1.121212121212121
 13 1.181818181818182
 26 1.242424242424242
 106 1.303030303030303
 31 1.363636363636363
 93 1.424242424242425
 42 1.484848484848485
 101 1.545454545454546
 0 1.606060606060606
 0 1.666666666666667
 1 1.727272727272728
 39 1.787878787878788
 3 1.848484848484849
 47 1.909090909090909
 5 1.96969696969697
 0 2.03030303030303
 0 2.090909090909091
 0 2.151515151515151
 1 2.212121212121212
 1 2.272727272727272
 1 2.333333333333334
 13 2.393939393939394
 1 2.454545454545455
 0 2.515151515151516
 0 2.575757575757576
 0 2.636363636363637
 0 2.696969696969697
 0 2.757575757575758
 0 2.818181818181818
 0 2.878787878787879
 0 2.939393939393939
 0 3


