# Created by Octave 3.8.2, Mon Jun 22 09:37:29 2020 CEST <damian@fptrucha.inv.usc.es>
# name: hd
# type: matrix
# rows: 100
# columns: 2
 0 -3
 0 -2.939393939393939
 0 -2.878787878787879
 0 -2.818181818181818
 0 -2.757575757575758
 0 -2.696969696969697
 0 -2.636363636363636
 0 -2.575757575757576
 2 -2.515151515151515
 15 -2.454545454545455
 0 -2.393939393939394
 0 -2.333333333333333
 1 -2.272727272727272
 0 -2.212121212121212
 0 -2.151515151515151
 2 -2.090909090909091
 2 -2.03030303030303
 35 -1.96969696969697
 29 -1.909090909090909
 1 -1.848484848484848
 3 -1.787878787878788
 0 -1.727272727272727
 0 -1.666666666666667
 102 -1.606060606060606
 28 -1.545454545454545
 87 -1.484848484848485
 25 -1.424242424242424
 109 -1.363636363636364
 20 -1.303030303030303
 10 -1.242424242424242
 529 -1.181818181818182
 11 -1.121212121212121
 514 -1.060606060606061
 16 -1
 529 -0.9393939393939394
 24 -0.8787878787878789
 499 -0.8181818181818183
 847 -0.7575757575757573
 617 -0.6969696969696968
 887 -0.6363636363636362
 594 -0.5757575757575757
 846 -0.5151515151515151
 636 -0.4545454545454546
 943 -0.393939393939394
 3799 -0.333333333333333
 580 -0.2727272727272725
 2512 -0.2121212121212119
 12 -0.1515151515151514
 2573 -0.09090909090909083
 23 -0.03030303030303028
 2455 0.03030303030303028
 21 0.09090909090909083
 2345 0.1515151515151514
 1546 0.2121212121212124
 2305 0.2727272727272729
 1634 0.3333333333333335
 630 0.393939393939394
 875 0.4545454545454546
 640 0.5151515151515151
 789 0.5757575757575757
 594 0.6363636363636367
 833 0.6969696969696972
 528 0.7575757575757578
 9 0.8181818181818183
 572 0.8787878787878789
 16 0.9393939393939394
 449 1
 12 1.060606060606061
 510 1.121212121212121
 6 1.181818181818182
 37 1.242424242424242
 107 1.303030303030303
 25 1.363636363636363
 83 1.424242424242425
 41 1.484848484848485
 102 1.545454545454546
 0 1.606060606060606
 0 1.666666666666667
 2 1.727272727272728
 30 1.787878787878788
 7 1.848484848484849
 37 1.909090909090909
 6 1.96969696969697
 5 2.03030303030303
 0 2.090909090909091
 0 2.151515151515151
 3 2.212121212121212
 1 2.272727272727272
 1 2.333333333333334
 8 2.393939393939394
 0 2.454545454545455
 1 2.515151515151516
 0 2.575757575757576
 0 2.636363636363637
 0 2.696969696969697
 0 2.757575757575758
 0 2.818181818181818
 0 2.878787878787879
 0 2.939393939393939
 0 3


