# Created by Octave 3.8.2, Mon Jun 22 01:44:32 2020 CEST <damian@fptrucha.inv.usc.es>
# name: hd
# type: matrix
# rows: 100
# columns: 2
 0 -3
 0 -2.939393939393939
 0 -2.878787878787879
 0 -2.818181818181818
 0 -2.757575757575758
 0 -2.696969696969697
 0 -2.636363636363636
 3 -2.575757575757576
 0 -2.515151515151515
 2 -2.454545454545455
 0 -2.393939393939394
 0 -2.333333333333333
 0 -2.272727272727272
 0 -2.212121212121212
 0 -2.151515151515151
 2 -2.090909090909091
 4 -2.03030303030303
 24 -1.96969696969697
 39 -1.909090909090909
 4 -1.848484848484848
 1 -1.787878787878788
 0 -1.727272727272727
 1 -1.666666666666667
 82 -1.606060606060606
 30 -1.545454545454545
 102 -1.484848484848485
 20 -1.424242424242424
 92 -1.363636363636364
 19 -1.303030303030303
 11 -1.242424242424242
 584 -1.181818181818182
 12 -1.121212121212121
 525 -1.060606060606061
 10 -1
 514 -0.9393939393939394
 18 -0.8787878787878789
 509 -0.8181818181818183
 1039 -0.7575757575757573
 713 -0.6969696969696968
 1046 -0.6363636363636362
 615 -0.5757575757575757
 903 -0.5151515151515151
 590 -0.4545454545454546
 849 -0.393939393939394
 4312 -0.333333333333333
 583 -0.2727272727272725
 2797 -0.2121212121212119
 12 -0.1515151515151514
 2736 -0.09090909090909083
 11 -0.03030303030303028
 2463 0.03030303030303028
 14 0.09090909090909083
 2274 0.1515151515151514
 1761 0.2121212121212124
 2203 0.2727272727272729
 1716 0.3333333333333335
 701 0.393939393939394
 901 0.4545454545454546
 679 0.5151515151515151
 806 0.5757575757575757
 617 0.6363636363636367
 830 0.6969696969696972
 660 0.7575757575757578
 13 0.8181818181818183
 581 0.8787878787878789
 9 0.9393939393939394
 532 1
 11 1.060606060606061
 492 1.121212121212121
 10 1.181818181818182
 27 1.242424242424242
 111 1.303030303030303
 28 1.363636363636363
 123 1.424242424242425
 29 1.484848484848485
 97 1.545454545454546
 0 1.606060606060606
 0 1.666666666666667
 1 1.727272727272728
 42 1.787878787878788
 6 1.848484848484849
 31 1.909090909090909
 4 1.96969696969697
 1 2.03030303030303
 0 2.090909090909091
 0 2.151515151515151
 2 2.212121212121212
 0 2.272727272727272
 0 2.333333333333334
 13 2.393939393939394
 0 2.454545454545455
 2 2.515151515151516
 0 2.575757575757576
 0 2.636363636363637
 0 2.696969696969697
 0 2.757575757575758
 0 2.818181818181818
 0 2.878787878787879
 0 2.939393939393939
 0 3


