# Created by Octave 3.8.2, Sun Jun 21 06:58:40 2020 CEST <damian@fptrucha.inv.usc.es>
# name: hd
# type: matrix
# rows: 100
# columns: 2
 0 -3
 0 -2.939393939393939
 0 -2.878787878787879
 0 -2.818181818181818
 0 -2.757575757575758
 0 -2.696969696969697
 0 -2.636363636363636
 0 -2.575757575757576
 0 -2.515151515151515
 5 -2.454545454545455
 0 -2.393939393939394
 0 -2.333333333333333
 0 -2.272727272727272
 0 -2.212121212121212
 0 -2.151515151515151
 4 -2.090909090909091
 4 -2.03030303030303
 22 -1.96969696969697
 24 -1.909090909090909
 2 -1.848484848484848
 2 -1.787878787878788
 0 -1.727272727272727
 3 -1.666666666666667
 74 -1.606060606060606
 21 -1.545454545454545
 70 -1.484848484848485
 14 -1.424242424242424
 76 -1.363636363636364
 9 -1.303030303030303
 14 -1.242424242424242
 527 -1.181818181818182
 17 -1.121212121212121
 501 -1.060606060606061
 11 -1
 436 -0.9393939393939394
 11 -0.8787878787878789
 420 -0.8181818181818183
 949 -0.7575757575757573
 627 -0.6969696969696968
 1001 -0.6363636363636362
 604 -0.5757575757575757
 832 -0.5151515151515151
 547 -0.4545454545454546
 837 -0.393939393939394
 4048 -0.333333333333333
 487 -0.2727272727272725
 2817 -0.2121212121212119
 9 -0.1515151515151514
 2511 -0.09090909090909083
 14 -0.03030303030303028
 2481 0.03030303030303028
 14 0.09090909090909083
 2083 0.1515151515151514
 1616 0.2121212121212124
 2169 0.2727272727272729
 1594 0.3333333333333335
 618 0.393939393939394
 832 0.4545454545454546
 583 0.5151515151515151
 811 0.5757575757575757
 578 0.6363636363636367
 786 0.6969696969696972
 533 0.7575757575757578
 7 0.8181818181818183
 533 0.8787878787878789
 18 0.9393939393939394
 513 1
 9 1.060606060606061
 435 1.121212121212121
 13 1.181818181818182
 27 1.242424242424242
 75 1.303030303030303
 28 1.363636363636363
 79 1.424242424242425
 18 1.484848484848485
 71 1.545454545454546
 3 1.606060606060606
 0 1.666666666666667
 3 1.727272727272728
 26 1.787878787878788
 2 1.848484848484849
 27 1.909090909090909
 3 1.96969696969697
 2 2.03030303030303
 0 2.090909090909091
 0 2.151515151515151
 0 2.212121212121212
 0 2.272727272727272
 1 2.333333333333334
 5 2.393939393939394
 0 2.454545454545455
 1 2.515151515151516
 0 2.575757575757576
 0 2.636363636363637
 0 2.696969696969697
 0 2.757575757575758
 0 2.818181818181818
 0 2.878787878787879
 0 2.939393939393939
 0 3


