# Created by Octave 3.8.2, Mon Jun 22 11:55:18 2020 CEST <damian@fptrucha.inv.usc.es>
# name: hd
# type: matrix
# rows: 100
# columns: 2
 0 -3
 0 -2.939393939393939
 0 -2.878787878787879
 0 -2.818181818181818
 0 -2.757575757575758
 0 -2.696969696969697
 0 -2.636363636363636
 3 -2.575757575757576
 1 -2.515151515151515
 8 -2.454545454545455
 0 -2.393939393939394
 0 -2.333333333333333
 0 -2.272727272727272
 0 -2.212121212121212
 0 -2.151515151515151
 0 -2.090909090909091
 4 -2.03030303030303
 32 -1.96969696969697
 25 -1.909090909090909
 4 -1.848484848484848
 3 -1.787878787878788
 0 -1.727272727272727
 2 -1.666666666666667
 92 -1.606060606060606
 27 -1.545454545454545
 99 -1.484848484848485
 30 -1.424242424242424
 99 -1.363636363636364
 16 -1.303030303030303
 16 -1.242424242424242
 500 -1.181818181818182
 22 -1.121212121212121
 469 -1.060606060606061
 12 -1
 470 -0.9393939393939394
 21 -0.8787878787878789
 512 -0.8181818181818183
 859 -0.7575757575757573
 575 -0.6969696969696968
 972 -0.6363636363636362
 627 -0.5757575757575757
 854 -0.5151515151515151
 601 -0.4545454545454546
 902 -0.393939393939394
 4148 -0.333333333333333
 586 -0.2727272727272725
 2499 -0.2121212121212119
 12 -0.1515151515151514
 2598 -0.09090909090909083
 10 -0.03030303030303028
 2451 0.03030303030303028
 16 0.09090909090909083
 2290 0.1515151515151514
 1482 0.2121212121212124
 2329 0.2727272727272729
 1583 0.3333333333333335
 664 0.393939393939394
 887 0.4545454545454546
 652 0.5151515151515151
 912 0.5757575757575757
 630 0.6363636363636367
 893 0.6969696969696972
 539 0.7575757575757578
 12 0.8181818181818183
 561 0.8787878787878789
 21 0.9393939393939394
 602 1
 8 1.060606060606061
 508 1.121212121212121
 6 1.181818181818182
 31 1.242424242424242
 112 1.303030303030303
 25 1.363636363636363
 113 1.424242424242425
 33 1.484848484848485
 86 1.545454545454546
 3 1.606060606060606
 0 1.666666666666667
 2 1.727272727272728
 51 1.787878787878788
 9 1.848484848484849
 32 1.909090909090909
 2 1.96969696969697
 2 2.03030303030303
 0 2.090909090909091
 0 2.151515151515151
 0 2.212121212121212
 1 2.272727272727272
 1 2.333333333333334
 9 2.393939393939394
 0 2.454545454545455
 1 2.515151515151516
 0 2.575757575757576
 0 2.636363636363637
 0 2.696969696969697
 0 2.757575757575758
 0 2.818181818181818
 0 2.878787878787879
 0 2.939393939393939
 0 3


