# Created by Octave 3.8.2, Mon Jun 22 09:13:00 2020 CEST <damian@fptrucha.inv.usc.es>
# name: hd
# type: matrix
# rows: 100
# columns: 2
 0 -3
 0 -2.939393939393939
 0 -2.878787878787879
 0 -2.818181818181818
 0 -2.757575757575758
 0 -2.696969696969697
 0 -2.636363636363636
 0 -2.575757575757576
 0 -2.515151515151515
 7 -2.454545454545455
 1 -2.393939393939394
 0 -2.333333333333333
 0 -2.272727272727272
 0 -2.212121212121212
 0 -2.151515151515151
 0 -2.090909090909091
 1 -2.03030303030303
 32 -1.96969696969697
 31 -1.909090909090909
 0 -1.848484848484848
 4 -1.787878787878788
 0 -1.727272727272727
 0 -1.666666666666667
 119 -1.606060606060606
 22 -1.545454545454545
 106 -1.484848484848485
 26 -1.424242424242424
 124 -1.363636363636364
 29 -1.303030303030303
 10 -1.242424242424242
 503 -1.181818181818182
 16 -1.121212121212121
 500 -1.060606060606061
 21 -1
 472 -0.9393939393939394
 24 -0.8787878787878789
 491 -0.8181818181818183
 835 -0.7575757575757573
 622 -0.6969696969696968
 962 -0.6363636363636362
 601 -0.5757575757575757
 906 -0.5151515151515151
 621 -0.4545454545454546
 896 -0.393939393939394
 3959 -0.333333333333333
 585 -0.2727272727272725
 2542 -0.2121212121212119
 14 -0.1515151515151514
 2607 -0.09090909090909083
 18 -0.03030303030303028
 2458 0.03030303030303028
 19 0.09090909090909083
 2282 0.1515151515151514
 1462 0.2121212121212124
 2313 0.2727272727272729
 1556 0.3333333333333335
 599 0.393939393939394
 886 0.4545454545454546
 612 0.5151515151515151
 810 0.5757575757575757
 640 0.6363636363636367
 890 0.6969696969696972
 544 0.7575757575757578
 20 0.8181818181818183
 550 0.8787878787878789
 16 0.9393939393939394
 536 1
 14 1.060606060606061
 510 1.121212121212121
 9 1.181818181818182
 39 1.242424242424242
 111 1.303030303030303
 35 1.363636363636363
 143 1.424242424242425
 35 1.484848484848485
 106 1.545454545454546
 4 1.606060606060606
 0 1.666666666666667
 3 1.727272727272728
 31 1.787878787878788
 6 1.848484848484849
 37 1.909090909090909
 5 1.96969696969697
 0 2.03030303030303
 0 2.090909090909091
 0 2.151515151515151
 2 2.212121212121212
 0 2.272727272727272
 1 2.333333333333334
 8 2.393939393939394
 0 2.454545454545455
 1 2.515151515151516
 0 2.575757575757576
 0 2.636363636363637
 0 2.696969696969697
 0 2.757575757575758
 0 2.818181818181818
 0 2.878787878787879
 0 2.939393939393939
 0 3


