# Created by Octave 3.8.2, Mon Jun 22 22:07:23 2020 CEST <damian@fptrucha.inv.usc.es>
# name: hd
# type: matrix
# rows: 100
# columns: 2
 0 -3
 0 -2.939393939393939
 0 -2.878787878787879
 0 -2.818181818181818
 0 -2.757575757575758
 0 -2.696969696969697
 0 -2.636363636363636
 2 -2.575757575757576
 1 -2.515151515151515
 8 -2.454545454545455
 0 -2.393939393939394
 0 -2.333333333333333
 1 -2.272727272727272
 0 -2.212121212121212
 0 -2.151515151515151
 4 -2.090909090909091
 3 -2.03030303030303
 45 -1.96969696969697
 46 -1.909090909090909
 0 -1.848484848484848
 2 -1.787878787878788
 0 -1.727272727272727
 1 -1.666666666666667
 108 -1.606060606060606
 33 -1.545454545454545
 141 -1.484848484848485
 34 -1.424242424242424
 101 -1.363636363636364
 30 -1.303030303030303
 16 -1.242424242424242
 615 -1.181818181818182
 18 -1.121212121212121
 633 -1.060606060606061
 21 -1
 580 -0.9393939393939394
 29 -0.8787878787878789
 587 -0.8181818181818183
 1021 -0.7575757575757573
 743 -0.6969696969696968
 1137 -0.6363636363636362
 719 -0.5757575757575757
 1000 -0.5151515151515151
 630 -0.4545454545454546
 972 -0.393939393939394
 4549 -0.333333333333333
 616 -0.2727272727272725
 2823 -0.2121212121212119
 11 -0.1515151515151514
 2789 -0.09090909090909083
 9 -0.03030303030303028
 2651 0.03030303030303028
 21 0.09090909090909083
 2343 0.1515151515151514
 1608 0.2121212121212124
 2439 0.2727272727272729
 1690 0.3333333333333335
 636 0.393939393939394
 906 0.4545454545454546
 705 0.5151515151515151
 813 0.5757575757575757
 679 0.6363636363636367
 822 0.6969696969696972
 590 0.7575757575757578
 18 0.8181818181818183
 614 0.8787878787878789
 16 0.9393939393939394
 559 1
 8 1.060606060606061
 528 1.121212121212121
 7 1.181818181818182
 42 1.242424242424242
 116 1.303030303030303
 27 1.363636363636363
 120 1.424242424242425
 23 1.484848484848485
 95 1.545454545454546
 3 1.606060606060606
 0 1.666666666666667
 0 1.727272727272728
 36 1.787878787878788
 7 1.848484848484849
 29 1.909090909090909
 2 1.96969696969697
 1 2.03030303030303
 0 2.090909090909091
 0 2.151515151515151
 2 2.212121212121212
 0 2.272727272727272
 0 2.333333333333334
 8 2.393939393939394
 0 2.454545454545455
 2 2.515151515151516
 0 2.575757575757576
 0 2.636363636363637
 0 2.696969696969697
 0 2.757575757575758
 0 2.818181818181818
 0 2.878787878787879
 0 2.939393939393939
 0 3


