# Created by Octave 3.8.2, Mon Jun 22 14:44:40 2020 CEST <damian@fptrucha.inv.usc.es>
# name: hd
# type: matrix
# rows: 100
# columns: 2
 0 -3
 0 -2.939393939393939
 0 -2.878787878787879
 0 -2.818181818181818
 0 -2.757575757575758
 0 -2.696969696969697
 0 -2.636363636363636
 4 -2.575757575757576
 1 -2.515151515151515
 8 -2.454545454545455
 0 -2.393939393939394
 1 -2.333333333333333
 0 -2.272727272727272
 0 -2.212121212121212
 0 -2.151515151515151
 2 -2.090909090909091
 5 -2.03030303030303
 33 -1.96969696969697
 25 -1.909090909090909
 2 -1.848484848484848
 1 -1.787878787878788
 0 -1.727272727272727
 1 -1.666666666666667
 92 -1.606060606060606
 29 -1.545454545454545
 125 -1.484848484848485
 30 -1.424242424242424
 105 -1.363636363636364
 22 -1.303030303030303
 5 -1.242424242424242
 566 -1.181818181818182
 7 -1.121212121212121
 523 -1.060606060606061
 12 -1
 517 -0.9393939393939394
 27 -0.8787878787878789
 461 -0.8181818181818183
 838 -0.7575757575757573
 601 -0.6969696969696968
 958 -0.6363636363636362
 653 -0.5757575757575757
 870 -0.5151515151515151
 620 -0.4545454545454546
 925 -0.393939393939394
 4145 -0.333333333333333
 604 -0.2727272727272725
 2625 -0.2121212121212119
 17 -0.1515151515151514
 2632 -0.09090909090909083
 19 -0.03030303030303028
 2633 0.03030303030303028
 19 0.09090909090909083
 2323 0.1515151515151514
 1554 0.2121212121212124
 2354 0.2727272727272729
 1612 0.3333333333333335
 656 0.393939393939394
 955 0.4545454545454546
 644 0.5151515151515151
 819 0.5757575757575757
 613 0.6363636363636367
 840 0.6969696969696972
 572 0.7575757575757578
 9 0.8181818181818183
 567 0.8787878787878789
 10 0.9393939393939394
 547 1
 19 1.060606060606061
 531 1.121212121212121
 14 1.181818181818182
 33 1.242424242424242
 119 1.303030303030303
 22 1.363636363636363
 113 1.424242424242425
 31 1.484848484848485
 116 1.545454545454546
 1 1.606060606060606
 0 1.666666666666667
 1 1.727272727272728
 37 1.787878787878788
 8 1.848484848484849
 31 1.909090909090909
 4 1.96969696969697
 2 2.03030303030303
 0 2.090909090909091
 0 2.151515151515151
 1 2.212121212121212
 0 2.272727272727272
 0 2.333333333333334
 13 2.393939393939394
 2 2.454545454545455
 0 2.515151515151516
 0 2.575757575757576
 0 2.636363636363637
 0 2.696969696969697
 0 2.757575757575758
 0 2.818181818181818
 0 2.878787878787879
 0 2.939393939393939
 0 3


