# Created by Octave 3.8.2, Mon Jun 22 02:08:44 2020 CEST <damian@fptrucha.inv.usc.es>
# name: hd
# type: matrix
# rows: 100
# columns: 2
 0 -3
 0 -2.939393939393939
 0 -2.878787878787879
 0 -2.818181818181818
 0 -2.757575757575758
 0 -2.696969696969697
 0 -2.636363636363636
 2 -2.575757575757576
 1 -2.515151515151515
 6 -2.454545454545455
 0 -2.393939393939394
 0 -2.333333333333333
 0 -2.272727272727272
 0 -2.212121212121212
 0 -2.151515151515151
 3 -2.090909090909091
 0 -2.03030303030303
 23 -1.96969696969697
 25 -1.909090909090909
 1 -1.848484848484848
 1 -1.787878787878788
 0 -1.727272727272727
 1 -1.666666666666667
 71 -1.606060606060606
 20 -1.545454545454545
 62 -1.484848484848485
 14 -1.424242424242424
 81 -1.363636363636364
 15 -1.303030303030303
 11 -1.242424242424242
 338 -1.181818181818182
 13 -1.121212121212121
 357 -1.060606060606061
 15 -1
 340 -0.9393939393939394
 20 -0.8787878787878789
 315 -0.8181818181818183
 619 -0.7575757575757573
 434 -0.6969696969696968
 683 -0.6363636363636362
 408 -0.5757575757575757
 532 -0.5151515151515151
 394 -0.4545454545454546
 567 -0.393939393939394
 2712 -0.333333333333333
 391 -0.2727272727272725
 1698 -0.2121212121212119
 9 -0.1515151515151514
 1766 -0.09090909090909083
 12 -0.03030303030303028
 1654 0.03030303030303028
 15 0.09090909090909083
 1464 0.1515151515151514
 1076 0.2121212121212124
 1465 0.2727272727272729
 1029 0.3333333333333335
 456 0.393939393939394
 582 0.4545454545454546
 396 0.5151515151515151
 487 0.5757575757575757
 388 0.6363636363636367
 557 0.6969696969696972
 380 0.7575757575757578
 10 0.8181818181818183
 380 0.8787878787878789
 10 0.9393939393939394
 338 1
 13 1.060606060606061
 350 1.121212121212121
 7 1.181818181818182
 15 1.242424242424242
 76 1.303030303030303
 19 1.363636363636363
 84 1.424242424242425
 30 1.484848484848485
 66 1.545454545454546
 2 1.606060606060606
 0 1.666666666666667
 2 1.727272727272728
 24 1.787878787878788
 3 1.848484848484849
 25 1.909090909090909
 1 1.96969696969697
 1 2.03030303030303
 0 2.090909090909091
 0 2.151515151515151
 2 2.212121212121212
 1 2.272727272727272
 0 2.333333333333334
 4 2.393939393939394
 0 2.454545454545455
 0 2.515151515151516
 0 2.575757575757576
 0 2.636363636363637
 0 2.696969696969697
 0 2.757575757575758
 0 2.818181818181818
 0 2.878787878787879
 0 2.939393939393939
 0 3


