# Created by Octave 3.8.2, Mon Jun 22 02:43:14 2020 CEST <damian@fptrucha.inv.usc.es>
# name: hd
# type: matrix
# rows: 100
# columns: 2
 0 -3
 0 -2.939393939393939
 0 -2.878787878787879
 0 -2.818181818181818
 0 -2.757575757575758
 0 -2.696969696969697
 0 -2.636363636363636
 2 -2.575757575757576
 0 -2.515151515151515
 8 -2.454545454545455
 1 -2.393939393939394
 0 -2.333333333333333
 4 -2.272727272727272
 0 -2.212121212121212
 0 -2.151515151515151
 1 -2.090909090909091
 4 -2.03030303030303
 25 -1.96969696969697
 29 -1.909090909090909
 1 -1.848484848484848
 2 -1.787878787878788
 0 -1.727272727272727
 1 -1.666666666666667
 102 -1.606060606060606
 28 -1.545454545454545
 127 -1.484848484848485
 36 -1.424242424242424
 107 -1.363636363636364
 21 -1.303030303030303
 16 -1.242424242424242
 466 -1.181818181818182
 14 -1.121212121212121
 477 -1.060606060606061
 14 -1
 487 -0.9393939393939394
 28 -0.8787878787878789
 462 -0.8181818181818183
 882 -0.7575757575757573
 608 -0.6969696969696968
 862 -0.6363636363636362
 553 -0.5757575757575757
 839 -0.5151515151515151
 609 -0.4545454545454546
 865 -0.393939393939394
 3859 -0.333333333333333
 596 -0.2727272727272725
 2349 -0.2121212121212119
 12 -0.1515151515151514
 2472 -0.09090909090909083
 22 -0.03030303030303028
 2353 0.03030303030303028
 14 0.09090909090909083
 2210 0.1515151515151514
 1529 0.2121212121212124
 2129 0.2727272727272729
 1417 0.3333333333333335
 620 0.393939393939394
 859 0.4545454545454546
 666 0.5151515151515151
 756 0.5757575757575757
 623 0.6363636363636367
 825 0.6969696969696972
 504 0.7575757575757578
 14 0.8181818181818183
 525 0.8787878787878789
 21 0.9393939393939394
 525 1
 14 1.060606060606061
 506 1.121212121212121
 15 1.181818181818182
 35 1.242424242424242
 94 1.303030303030303
 27 1.363636363636363
 118 1.424242424242425
 28 1.484848484848485
 100 1.545454545454546
 1 1.606060606060606
 0 1.666666666666667
 2 1.727272727272728
 36 1.787878787878788
 7 1.848484848484849
 42 1.909090909090909
 4 1.96969696969697
 4 2.03030303030303
 0 2.090909090909091
 0 2.151515151515151
 0 2.212121212121212
 0 2.272727272727272
 3 2.333333333333334
 7 2.393939393939394
 0 2.454545454545455
 1 2.515151515151516
 0 2.575757575757576
 0 2.636363636363637
 0 2.696969696969697
 0 2.757575757575758
 0 2.818181818181818
 0 2.878787878787879
 0 2.939393939393939
 0 3


