# Created by Octave 3.8.2, Mon Jun 22 14:54:32 2020 CEST <damian@fptrucha.inv.usc.es>
# name: hd
# type: matrix
# rows: 100
# columns: 2
 0 -3
 0 -2.939393939393939
 0 -2.878787878787879
 0 -2.818181818181818
 0 -2.757575757575758
 0 -2.696969696969697
 0 -2.636363636363636
 3 -2.575757575757576
 1 -2.515151515151515
 6 -2.454545454545455
 0 -2.393939393939394
 0 -2.333333333333333
 3 -2.272727272727272
 0 -2.212121212121212
 0 -2.151515151515151
 1 -2.090909090909091
 1 -2.03030303030303
 34 -1.96969696969697
 43 -1.909090909090909
 4 -1.848484848484848
 4 -1.787878787878788
 0 -1.727272727272727
 4 -1.666666666666667
 99 -1.606060606060606
 32 -1.545454545454545
 112 -1.484848484848485
 32 -1.424242424242424
 120 -1.363636363636364
 19 -1.303030303030303
 16 -1.242424242424242
 550 -1.181818181818182
 15 -1.121212121212121
 530 -1.060606060606061
 23 -1
 523 -0.9393939393939394
 16 -0.8787878787878789
 478 -0.8181818181818183
 888 -0.7575757575757573
 663 -0.6969696969696968
 1003 -0.6363636363636362
 653 -0.5757575757575757
 911 -0.5151515151515151
 618 -0.4545454545454546
 927 -0.393939393939394
 4126 -0.333333333333333
 552 -0.2727272727272725
 2711 -0.2121212121212119
 9 -0.1515151515151514
 2753 -0.09090909090909083
 13 -0.03030303030303028
 2511 0.03030303030303028
 19 0.09090909090909083
 2329 0.1515151515151514
 1615 0.2121212121212124
 2435 0.2727272727272729
 1601 0.3333333333333335
 653 0.393939393939394
 899 0.4545454545454546
 674 0.5151515151515151
 870 0.5757575757575757
 645 0.6363636363636367
 837 0.6969696969696972
 533 0.7575757575757578
 12 0.8181818181818183
 583 0.8787878787878789
 10 0.9393939393939394
 585 1
 22 1.060606060606061
 540 1.121212121212121
 15 1.181818181818182
 41 1.242424242424242
 118 1.303030303030303
 27 1.363636363636363
 81 1.424242424242425
 39 1.484848484848485
 105 1.545454545454546
 3 1.606060606060606
 0 1.666666666666667
 3 1.727272727272728
 37 1.787878787878788
 5 1.848484848484849
 37 1.909090909090909
 3 1.96969696969697
 1 2.03030303030303
 0 2.090909090909091
 0 2.151515151515151
 2 2.212121212121212
 0 2.272727272727272
 1 2.333333333333334
 12 2.393939393939394
 1 2.454545454545455
 1 2.515151515151516
 0 2.575757575757576
 0 2.636363636363637
 0 2.696969696969697
 0 2.757575757575758
 0 2.818181818181818
 0 2.878787878787879
 0 2.939393939393939
 0 3


