# Created by Octave 3.8.2, Sat Jun 20 22:31:06 2020 CEST <damian@fptrucha.inv.usc.es>
# name: hd
# type: matrix
# rows: 100
# columns: 2
 0 -3
 0 -2.939393939393939
 0 -2.878787878787879
 0 -2.818181818181818
 0 -2.757575757575758
 0 -2.696969696969697
 0 -2.636363636363636
 2 -2.575757575757576
 0 -2.515151515151515
 7 -2.454545454545455
 0 -2.393939393939394
 1 -2.333333333333333
 0 -2.272727272727272
 0 -2.212121212121212
 0 -2.151515151515151
 1 -2.090909090909091
 1 -2.03030303030303
 19 -1.96969696969697
 27 -1.909090909090909
 0 -1.848484848484848
 3 -1.787878787878788
 0 -1.727272727272727
 1 -1.666666666666667
 89 -1.606060606060606
 26 -1.545454545454545
 85 -1.484848484848485
 7 -1.424242424242424
 92 -1.363636363636364
 13 -1.303030303030303
 13 -1.242424242424242
 513 -1.181818181818182
 15 -1.121212121212121
 447 -1.060606060606061
 14 -1
 420 -0.9393939393939394
 10 -0.8787878787878789
 463 -0.8181818181818183
 930 -0.7575757575757573
 671 -0.6969696969696968
 975 -0.6363636363636362
 606 -0.5757575757575757
 765 -0.5151515151515151
 565 -0.4545454545454546
 813 -0.393939393939394
 4286 -0.333333333333333
 533 -0.2727272727272725
 2890 -0.2121212121212119
 4 -0.1515151515151514
 2672 -0.09090909090909083
 6 -0.03030303030303028
 2526 0.03030303030303028
 14 0.09090909090909083
 2206 0.1515151515151514
 1805 0.2121212121212124
 2154 0.2727272727272729
 1620 0.3333333333333335
 601 0.393939393939394
 850 0.4545454545454546
 637 0.5151515151515151
 824 0.5757575757575757
 576 0.6363636363636367
 789 0.6969696969696972
 545 0.7575757575757578
 5 0.8181818181818183
 528 0.8787878787878789
 23 0.9393939393939394
 530 1
 14 1.060606060606061
 507 1.121212121212121
 8 1.181818181818182
 26 1.242424242424242
 118 1.303030303030303
 34 1.363636363636363
 111 1.424242424242425
 25 1.484848484848485
 91 1.545454545454546
 0 1.606060606060606
 0 1.666666666666667
 5 1.727272727272728
 29 1.787878787878788
 6 1.848484848484849
 34 1.909090909090909
 3 1.96969696969697
 2 2.03030303030303
 0 2.090909090909091
 0 2.151515151515151
 2 2.212121212121212
 0 2.272727272727272
 0 2.333333333333334
 5 2.393939393939394
 0 2.454545454545455
 1 2.515151515151516
 0 2.575757575757576
 0 2.636363636363637
 0 2.696969696969697
 0 2.757575757575758
 0 2.818181818181818
 0 2.878787878787879
 0 2.939393939393939
 0 3


