# Created by Octave 3.8.2, Sat Jun 20 03:56:29 2020 CEST <damian@fptrucha.inv.usc.es>
# name: hd
# type: matrix
# rows: 100
# columns: 2
 0 -3
 0 -2.939393939393939
 0 -2.878787878787879
 0 -2.818181818181818
 0 -2.757575757575758
 0 -2.696969696969697
 0 -2.636363636363636
 3 -2.575757575757576
 1 -2.515151515151515
 7 -2.454545454545455
 1 -2.393939393939394
 1 -2.333333333333333
 1 -2.272727272727272
 0 -2.212121212121212
 0 -2.151515151515151
 0 -2.090909090909091
 1 -2.03030303030303
 31 -1.96969696969697
 31 -1.909090909090909
 2 -1.848484848484848
 4 -1.787878787878788
 0 -1.727272727272727
 2 -1.666666666666667
 140 -1.606060606060606
 24 -1.545454545454545
 114 -1.484848484848485
 34 -1.424242424242424
 109 -1.363636363636364
 18 -1.303030303030303
 21 -1.242424242424242
 654 -1.181818181818182
 26 -1.121212121212121
 610 -1.060606060606061
 16 -1
 584 -0.9393939393939394
 17 -0.8787878787878789
 543 -0.8181818181818183
 1169 -0.7575757575757573
 784 -0.6969696969696968
 1157 -0.6363636363636362
 737 -0.5757575757575757
 1016 -0.5151515151515151
 702 -0.4545454545454546
 962 -0.393939393939394
 4835 -0.333333333333333
 591 -0.2727272727272725
 3189 -0.2121212121212119
 11 -0.1515151515151514
 2881 -0.09090909090909083
 9 -0.03030303030303028
 2806 0.03030303030303028
 14 0.09090909090909083
 2440 0.1515151515151514
 1794 0.2121212121212124
 2427 0.2727272727272729
 1714 0.3333333333333335
 679 0.393939393939394
 905 0.4545454545454546
 734 0.5151515151515151
 866 0.5757575757575757
 611 0.6363636363636367
 793 0.6969696969696972
 568 0.7575757575757578
 10 0.8181818181818183
 547 0.8787878787878789
 15 0.9393939393939394
 504 1
 11 1.060606060606061
 499 1.121212121212121
 3 1.181818181818182
 28 1.242424242424242
 97 1.303030303030303
 24 1.363636363636363
 108 1.424242424242425
 17 1.484848484848485
 88 1.545454545454546
 1 1.606060606060606
 0 1.666666666666667
 0 1.727272727272728
 22 1.787878787878788
 1 1.848484848484849
 20 1.909090909090909
 4 1.96969696969697
 4 2.03030303030303
 0 2.090909090909091
 0 2.151515151515151
 0 2.212121212121212
 1 2.272727272727272
 1 2.333333333333334
 2 2.393939393939394
 0 2.454545454545455
 1 2.515151515151516
 0 2.575757575757576
 0 2.636363636363637
 0 2.696969696969697
 0 2.757575757575758
 0 2.818181818181818
 0 2.878787878787879
 0 2.939393939393939
 0 3


