# Created by Octave 3.8.2, Sat Jun 20 20:55:58 2020 CEST <damian@fptrucha.inv.usc.es>
# name: hd
# type: matrix
# rows: 100
# columns: 2
 0 -3
 0 -2.939393939393939
 0 -2.878787878787879
 0 -2.818181818181818
 0 -2.757575757575758
 0 -2.696969696969697
 0 -2.636363636363636
 2 -2.575757575757576
 0 -2.515151515151515
 4 -2.454545454545455
 0 -2.393939393939394
 0 -2.333333333333333
 1 -2.272727272727272
 0 -2.212121212121212
 0 -2.151515151515151
 1 -2.090909090909091
 0 -2.03030303030303
 25 -1.96969696969697
 27 -1.909090909090909
 2 -1.848484848484848
 3 -1.787878787878788
 0 -1.727272727272727
 1 -1.666666666666667
 84 -1.606060606060606
 16 -1.545454545454545
 82 -1.484848484848485
 16 -1.424242424242424
 87 -1.363636363636364
 19 -1.303030303030303
 13 -1.242424242424242
 509 -1.181818181818182
 9 -1.121212121212121
 487 -1.060606060606061
 11 -1
 463 -0.9393939393939394
 10 -0.8787878787878789
 451 -0.8181818181818183
 983 -0.7575757575757573
 645 -0.6969696969696968
 994 -0.6363636363636362
 665 -0.5757575757575757
 797 -0.5151515151515151
 561 -0.4545454545454546
 838 -0.393939393939394
 4077 -0.333333333333333
 517 -0.2727272727272725
 2869 -0.2121212121212119
 7 -0.1515151515151514
 2635 -0.09090909090909083
 12 -0.03030303030303028
 2443 0.03030303030303028
 8 0.09090909090909083
 2204 0.1515151515151514
 1750 0.2121212121212124
 2235 0.2727272727272729
 1682 0.3333333333333335
 623 0.393939393939394
 944 0.4545454545454546
 629 0.5151515151515151
 784 0.5757575757575757
 584 0.6363636363636367
 741 0.6969696969696972
 591 0.7575757575757578
 10 0.8181818181818183
 591 0.8787878787878789
 7 0.9393939393939394
 531 1
 11 1.060606060606061
 490 1.121212121212121
 13 1.181818181818182
 22 1.242424242424242
 118 1.303030303030303
 24 1.363636363636363
 106 1.424242424242425
 19 1.484848484848485
 103 1.545454545454546
 0 1.606060606060606
 0 1.666666666666667
 2 1.727272727272728
 39 1.787878787878788
 2 1.848484848484849
 35 1.909090909090909
 4 1.96969696969697
 0 2.03030303030303
 0 2.090909090909091
 0 2.151515151515151
 1 2.212121212121212
 0 2.272727272727272
 0 2.333333333333334
 5 2.393939393939394
 0 2.454545454545455
 0 2.515151515151516
 0 2.575757575757576
 0 2.636363636363637
 0 2.696969696969697
 0 2.757575757575758
 0 2.818181818181818
 0 2.878787878787879
 0 2.939393939393939
 0 3


