# Created by Octave 3.8.2, Sat Jun 20 06:31:01 2020 CEST <damian@fptrucha.inv.usc.es>
# name: hd
# type: matrix
# rows: 100
# columns: 2
 0 -3
 0 -2.939393939393939
 0 -2.878787878787879
 0 -2.818181818181818
 0 -2.757575757575758
 0 -2.696969696969697
 0 -2.636363636363636
 0 -2.575757575757576
 1 -2.515151515151515
 12 -2.454545454545455
 0 -2.393939393939394
 1 -2.333333333333333
 2 -2.272727272727272
 0 -2.212121212121212
 0 -2.151515151515151
 1 -2.090909090909091
 2 -2.03030303030303
 38 -1.96969696969697
 26 -1.909090909090909
 0 -1.848484848484848
 1 -1.787878787878788
 0 -1.727272727272727
 1 -1.666666666666667
 147 -1.606060606060606
 28 -1.545454545454545
 108 -1.484848484848485
 25 -1.424242424242424
 121 -1.363636363636364
 16 -1.303030303030303
 13 -1.242424242424242
 648 -1.181818181818182
 24 -1.121212121212121
 608 -1.060606060606061
 12 -1
 552 -0.9393939393939394
 21 -0.8787878787878789
 540 -0.8181818181818183
 1182 -0.7575757575757573
 740 -0.6969696969696968
 1159 -0.6363636363636362
 745 -0.5757575757575757
 1141 -0.5151515151515151
 667 -0.4545454545454546
 1004 -0.393939393939394
 4748 -0.333333333333333
 623 -0.2727272727272725
 3280 -0.2121212121212119
 15 -0.1515151515151514
 2938 -0.09090909090909083
 9 -0.03030303030303028
 2831 0.03030303030303028
 10 0.09090909090909083
 2453 0.1515151515151514
 1888 0.2121212121212124
 2516 0.2727272727272729
 1808 0.3333333333333335
 663 0.393939393939394
 952 0.4545454545454546
 710 0.5151515151515151
 899 0.5757575757575757
 608 0.6363636363636367
 826 0.6969696969696972
 610 0.7575757575757578
 15 0.8181818181818183
 562 0.8787878787878789
 15 0.9393939393939394
 511 1
 17 1.060606060606061
 475 1.121212121212121
 6 1.181818181818182
 36 1.242424242424242
 108 1.303030303030303
 29 1.363636363636363
 101 1.424242424242425
 18 1.484848484848485
 99 1.545454545454546
 0 1.606060606060606
 0 1.666666666666667
 2 1.727272727272728
 26 1.787878787878788
 5 1.848484848484849
 25 1.909090909090909
 5 1.96969696969697
 0 2.03030303030303
 0 2.090909090909091
 0 2.151515151515151
 1 2.212121212121212
 1 2.272727272727272
 0 2.333333333333334
 6 2.393939393939394
 1 2.454545454545455
 1 2.515151515151516
 0 2.575757575757576
 0 2.636363636363637
 0 2.696969696969697
 0 2.757575757575758
 0 2.818181818181818
 0 2.878787878787879
 0 2.939393939393939
 0 3


