# Created by Octave 3.8.2, Mon Jun 22 08:05:26 2020 CEST <damian@fptrucha.inv.usc.es>
# name: hd
# type: matrix
# rows: 100
# columns: 2
 0 -3
 0 -2.939393939393939
 0 -2.878787878787879
 0 -2.818181818181818
 0 -2.757575757575758
 0 -2.696969696969697
 0 -2.636363636363636
 1 -2.575757575757576
 0 -2.515151515151515
 8 -2.454545454545455
 1 -2.393939393939394
 0 -2.333333333333333
 2 -2.272727272727272
 0 -2.212121212121212
 0 -2.151515151515151
 1 -2.090909090909091
 3 -2.03030303030303
 38 -1.96969696969697
 34 -1.909090909090909
 2 -1.848484848484848
 0 -1.787878787878788
 0 -1.727272727272727
 2 -1.666666666666667
 105 -1.606060606060606
 35 -1.545454545454545
 117 -1.484848484848485
 27 -1.424242424242424
 121 -1.363636363636364
 25 -1.303030303030303
 14 -1.242424242424242
 539 -1.181818181818182
 19 -1.121212121212121
 528 -1.060606060606061
 12 -1
 508 -0.9393939393939394
 30 -0.8787878787878789
 476 -0.8181818181818183
 853 -0.7575757575757573
 592 -0.6969696969696968
 921 -0.6363636363636362
 592 -0.5757575757575757
 872 -0.5151515151515151
 568 -0.4545454545454546
 866 -0.393939393939394
 3880 -0.333333333333333
 553 -0.2727272727272725
 2456 -0.2121212121212119
 14 -0.1515151515151514
 2649 -0.09090909090909083
 13 -0.03030303030303028
 2399 0.03030303030303028
 26 0.09090909090909083
 2265 0.1515151515151514
 1540 0.2121212121212124
 2425 0.2727272727272729
 1564 0.3333333333333335
 649 0.393939393939394
 886 0.4545454545454546
 583 0.5151515151515151
 812 0.5757575757575757
 654 0.6363636363636367
 804 0.6969696969696972
 495 0.7575757575757578
 11 0.8181818181818183
 580 0.8787878787878789
 13 0.9393939393939394
 550 1
 13 1.060606060606061
 493 1.121212121212121
 10 1.181818181818182
 23 1.242424242424242
 108 1.303030303030303
 34 1.363636363636363
 111 1.424242424242425
 20 1.484848484848485
 96 1.545454545454546
 6 1.606060606060606
 0 1.666666666666667
 1 1.727272727272728
 43 1.787878787878788
 6 1.848484848484849
 31 1.909090909090909
 7 1.96969696969697
 2 2.03030303030303
 0 2.090909090909091
 0 2.151515151515151
 1 2.212121212121212
 1 2.272727272727272
 0 2.333333333333334
 13 2.393939393939394
 0 2.454545454545455
 0 2.515151515151516
 0 2.575757575757576
 0 2.636363636363637
 0 2.696969696969697
 0 2.757575757575758
 0 2.818181818181818
 0 2.878787878787879
 0 2.939393939393939
 0 3


