# Created by Octave 3.8.2, Sun Jun 21 00:03:29 2020 CEST <damian@fptrucha.inv.usc.es>
# name: hd
# type: matrix
# rows: 100
# columns: 2
 0 -3
 0 -2.939393939393939
 0 -2.878787878787879
 0 -2.818181818181818
 0 -2.757575757575758
 0 -2.696969696969697
 0 -2.636363636363636
 1 -2.575757575757576
 1 -2.515151515151515
 4 -2.454545454545455
 0 -2.393939393939394
 1 -2.333333333333333
 1 -2.272727272727272
 0 -2.212121212121212
 0 -2.151515151515151
 0 -2.090909090909091
 5 -2.03030303030303
 16 -1.96969696969697
 28 -1.909090909090909
 4 -1.848484848484848
 1 -1.787878787878788
 0 -1.727272727272727
 0 -1.666666666666667
 86 -1.606060606060606
 20 -1.545454545454545
 87 -1.484848484848485
 23 -1.424242424242424
 90 -1.363636363636364
 18 -1.303030303030303
 11 -1.242424242424242
 499 -1.181818181818182
 15 -1.121212121212121
 486 -1.060606060606061
 9 -1
 428 -0.9393939393939394
 15 -0.8787878787878789
 443 -0.8181818181818183
 958 -0.7575757575757573
 675 -0.6969696969696968
 1023 -0.6363636363636362
 591 -0.5757575757575757
 770 -0.5151515151515151
 570 -0.4545454545454546
 827 -0.393939393939394
 4211 -0.333333333333333
 515 -0.2727272727272725
 2890 -0.2121212121212119
 7 -0.1515151515151514
 2523 -0.09090909090909083
 7 -0.03030303030303028
 2448 0.03030303030303028
 10 0.09090909090909083
 2133 0.1515151515151514
 1725 0.2121212121212124
 2208 0.2727272727272729
 1683 0.3333333333333335
 608 0.393939393939394
 908 0.4545454545454546
 655 0.5151515151515151
 754 0.5757575757575757
 568 0.6363636363636367
 826 0.6969696969696972
 605 0.7575757575757578
 14 0.8181818181818183
 515 0.8787878787878789
 5 0.9393939393939394
 544 1
 10 1.060606060606061
 481 1.121212121212121
 9 1.181818181818182
 23 1.242424242424242
 103 1.303030303030303
 25 1.363636363636363
 101 1.424242424242425
 26 1.484848484848485
 90 1.545454545454546
 2 1.606060606060606
 0 1.666666666666667
 3 1.727272727272728
 27 1.787878787878788
 4 1.848484848484849
 26 1.909090909090909
 5 1.96969696969697
 2 2.03030303030303
 0 2.090909090909091
 0 2.151515151515151
 3 2.212121212121212
 0 2.272727272727272
 1 2.333333333333334
 7 2.393939393939394
 0 2.454545454545455
 1 2.515151515151516
 0 2.575757575757576
 0 2.636363636363637
 0 2.696969696969697
 0 2.757575757575758
 0 2.818181818181818
 0 2.878787878787879
 0 2.939393939393939
 0 3


