# Created by Octave 3.8.2, Mon Jun 22 23:37:39 2020 CEST <damian@fptrucha.inv.usc.es>
# name: hd
# type: matrix
# rows: 100
# columns: 2
 0 -3
 0 -2.939393939393939
 0 -2.878787878787879
 0 -2.818181818181818
 0 -2.757575757575758
 0 -2.696969696969697
 0 -2.636363636363636
 3 -2.575757575757576
 1 -2.515151515151515
 6 -2.454545454545455
 0 -2.393939393939394
 0 -2.333333333333333
 1 -2.272727272727272
 0 -2.212121212121212
 0 -2.151515151515151
 2 -2.090909090909091
 5 -2.03030303030303
 41 -1.96969696969697
 30 -1.909090909090909
 4 -1.848484848484848
 1 -1.787878787878788
 0 -1.727272727272727
 1 -1.666666666666667
 114 -1.606060606060606
 27 -1.545454545454545
 113 -1.484848484848485
 30 -1.424242424242424
 117 -1.363636363636364
 24 -1.303030303030303
 17 -1.242424242424242
 616 -1.181818181818182
 20 -1.121212121212121
 604 -1.060606060606061
 20 -1
 525 -0.9393939393939394
 27 -0.8787878787878789
 539 -0.8181818181818183
 1028 -0.7575757575757573
 745 -0.6969696969696968
 1066 -0.6363636363636362
 691 -0.5757575757575757
 939 -0.5151515151515151
 651 -0.4545454545454546
 988 -0.393939393939394
 4478 -0.333333333333333
 604 -0.2727272727272725
 2880 -0.2121212121212119
 12 -0.1515151515151514
 2861 -0.09090909090909083
 12 -0.03030303030303028
 2528 0.03030303030303028
 17 0.09090909090909083
 2370 0.1515151515151514
 1732 0.2121212121212124
 2515 0.2727272727272729
 1726 0.3333333333333335
 714 0.393939393939394
 946 0.4545454545454546
 717 0.5151515151515151
 794 0.5757575757575757
 683 0.6363636363636367
 884 0.6969696969696972
 561 0.7575757575757578
 21 0.8181818181818183
 567 0.8787878787878789
 15 0.9393939393939394
 555 1
 16 1.060606060606061
 553 1.121212121212121
 20 1.181818181818182
 29 1.242424242424242
 145 1.303030303030303
 32 1.363636363636363
 107 1.424242424242425
 36 1.484848484848485
 103 1.545454545454546
 1 1.606060606060606
 0 1.666666666666667
 0 1.727272727272728
 40 1.787878787878788
 5 1.848484848484849
 34 1.909090909090909
 7 1.96969696969697
 2 2.03030303030303
 0 2.090909090909091
 0 2.151515151515151
 0 2.212121212121212
 0 2.272727272727272
 2 2.333333333333334
 9 2.393939393939394
 0 2.454545454545455
 0 2.515151515151516
 0 2.575757575757576
 0 2.636363636363637
 0 2.696969696969697
 0 2.757575757575758
 0 2.818181818181818
 0 2.878787878787879
 0 2.939393939393939
 0 3


