# Created by Octave 3.8.2, Mon Jun 22 15:50:51 2020 CEST <damian@fptrucha.inv.usc.es>
# name: hd
# type: matrix
# rows: 100
# columns: 2
 0 -3
 0 -2.939393939393939
 0 -2.878787878787879
 0 -2.818181818181818
 0 -2.757575757575758
 0 -2.696969696969697
 0 -2.636363636363636
 1 -2.575757575757576
 0 -2.515151515151515
 12 -2.454545454545455
 1 -2.393939393939394
 2 -2.333333333333333
 0 -2.272727272727272
 0 -2.212121212121212
 0 -2.151515151515151
 0 -2.090909090909091
 6 -2.03030303030303
 34 -1.96969696969697
 35 -1.909090909090909
 2 -1.848484848484848
 1 -1.787878787878788
 0 -1.727272727272727
 3 -1.666666666666667
 110 -1.606060606060606
 36 -1.545454545454545
 107 -1.484848484848485
 30 -1.424242424242424
 108 -1.363636363636364
 21 -1.303030303030303
 18 -1.242424242424242
 522 -1.181818181818182
 13 -1.121212121212121
 555 -1.060606060606061
 18 -1
 530 -0.9393939393939394
 20 -0.8787878787878789
 540 -0.8181818181818183
 962 -0.7575757575757573
 652 -0.6969696969696968
 1034 -0.6363636363636362
 671 -0.5757575757575757
 933 -0.5151515151515151
 638 -0.4545454545454546
 953 -0.393939393939394
 4284 -0.333333333333333
 592 -0.2727272727272725
 2693 -0.2121212121212119
 12 -0.1515151515151514
 2849 -0.09090909090909083
 16 -0.03030303030303028
 2528 0.03030303030303028
 17 0.09090909090909083
 2305 0.1515151515151514
 1604 0.2121212121212124
 2305 0.2727272727272729
 1714 0.3333333333333335
 690 0.393939393939394
 970 0.4545454545454546
 676 0.5151515151515151
 861 0.5757575757575757
 638 0.6363636363636367
 845 0.6969696969696972
 584 0.7575757575757578
 16 0.8181818181818183
 606 0.8787878787878789
 27 0.9393939393939394
 587 1
 15 1.060606060606061
 568 1.121212121212121
 8 1.181818181818182
 52 1.242424242424242
 118 1.303030303030303
 24 1.363636363636363
 148 1.424242424242425
 42 1.484848484848485
 131 1.545454545454546
 3 1.606060606060606
 0 1.666666666666667
 0 1.727272727272728
 51 1.787878787878788
 0 1.848484848484849
 45 1.909090909090909
 6 1.96969696969697
 4 2.03030303030303
 0 2.090909090909091
 0 2.151515151515151
 1 2.212121212121212
 2 2.272727272727272
 0 2.333333333333334
 10 2.393939393939394
 1 2.454545454545455
 1 2.515151515151516
 0 2.575757575757576
 0 2.636363636363637
 0 2.696969696969697
 0 2.757575757575758
 0 2.818181818181818
 0 2.878787878787879
 0 2.939393939393939
 0 3


