# Created by Octave 3.8.2, Mon Jun 22 18:04:10 2020 CEST <damian@fptrucha.inv.usc.es>
# name: hd
# type: matrix
# rows: 100
# columns: 2
 0 -3
 0 -2.939393939393939
 0 -2.878787878787879
 0 -2.818181818181818
 0 -2.757575757575758
 0 -2.696969696969697
 0 -2.636363636363636
 3 -2.575757575757576
 0 -2.515151515151515
 15 -2.454545454545455
 0 -2.393939393939394
 1 -2.333333333333333
 1 -2.272727272727272
 0 -2.212121212121212
 0 -2.151515151515151
 5 -2.090909090909091
 2 -2.03030303030303
 36 -1.96969696969697
 47 -1.909090909090909
 4 -1.848484848484848
 0 -1.787878787878788
 0 -1.727272727272727
 1 -1.666666666666667
 120 -1.606060606060606
 24 -1.545454545454545
 135 -1.484848484848485
 20 -1.424242424242424
 104 -1.363636363636364
 19 -1.303030303030303
 17 -1.242424242424242
 606 -1.181818181818182
 18 -1.121212121212121
 569 -1.060606060606061
 23 -1
 550 -0.9393939393939394
 22 -0.8787878787878789
 516 -0.8181818181818183
 959 -0.7575757575757573
 696 -0.6969696969696968
 948 -0.6363636363636362
 634 -0.5757575757575757
 946 -0.5151515151515151
 618 -0.4545454545454546
 1000 -0.393939393939394
 4327 -0.333333333333333
 603 -0.2727272727272725
 2673 -0.2121212121212119
 9 -0.1515151515151514
 2735 -0.09090909090909083
 11 -0.03030303030303028
 2557 0.03030303030303028
 19 0.09090909090909083
 2369 0.1515151515151514
 1586 0.2121212121212124
 2408 0.2727272727272729
 1660 0.3333333333333335
 645 0.393939393939394
 926 0.4545454545454546
 685 0.5151515151515151
 769 0.5757575757575757
 665 0.6363636363636367
 879 0.6969696969696972
 551 0.7575757575757578
 21 0.8181818181818183
 552 0.8787878787878789
 9 0.9393939393939394
 583 1
 22 1.060606060606061
 545 1.121212121212121
 12 1.181818181818182
 35 1.242424242424242
 131 1.303030303030303
 18 1.363636363636363
 100 1.424242424242425
 31 1.484848484848485
 118 1.545454545454546
 1 1.606060606060606
 0 1.666666666666667
 0 1.727272727272728
 32 1.787878787878788
 3 1.848484848484849
 31 1.909090909090909
 7 1.96969696969697
 2 2.03030303030303
 0 2.090909090909091
 0 2.151515151515151
 1 2.212121212121212
 1 2.272727272727272
 0 2.333333333333334
 5 2.393939393939394
 1 2.454545454545455
 1 2.515151515151516
 0 2.575757575757576
 0 2.636363636363637
 0 2.696969696969697
 0 2.757575757575758
 0 2.818181818181818
 0 2.878787878787879
 0 2.939393939393939
 0 3


