# Created by Octave 3.8.2, Mon Jun 22 08:51:47 2020 CEST <damian@fptrucha.inv.usc.es>
# name: hd
# type: matrix
# rows: 100
# columns: 2
 0 -3
 0 -2.939393939393939
 0 -2.878787878787879
 0 -2.818181818181818
 0 -2.757575757575758
 0 -2.696969696969697
 0 -2.636363636363636
 0 -2.575757575757576
 1 -2.515151515151515
 7 -2.454545454545455
 0 -2.393939393939394
 1 -2.333333333333333
 1 -2.272727272727272
 0 -2.212121212121212
 0 -2.151515151515151
 2 -2.090909090909091
 3 -2.03030303030303
 37 -1.96969696969697
 40 -1.909090909090909
 1 -1.848484848484848
 0 -1.787878787878788
 0 -1.727272727272727
 1 -1.666666666666667
 80 -1.606060606060606
 36 -1.545454545454545
 107 -1.484848484848485
 27 -1.424242424242424
 121 -1.363636363636364
 31 -1.303030303030303
 7 -1.242424242424242
 509 -1.181818181818182
 14 -1.121212121212121
 548 -1.060606060606061
 13 -1
 522 -0.9393939393939394
 21 -0.8787878787878789
 507 -0.8181818181818183
 775 -0.7575757575757573
 599 -0.6969696969696968
 952 -0.6363636363636362
 624 -0.5757575757575757
 888 -0.5151515151515151
 637 -0.4545454545454546
 927 -0.393939393939394
 3924 -0.333333333333333
 530 -0.2727272727272725
 2532 -0.2121212121212119
 15 -0.1515151515151514
 2592 -0.09090909090909083
 8 -0.03030303030303028
 2439 0.03030303030303028
 20 0.09090909090909083
 2277 0.1515151515151514
 1537 0.2121212121212124
 2250 0.2727272727272729
 1503 0.3333333333333335
 646 0.393939393939394
 888 0.4545454545454546
 656 0.5151515151515151
 803 0.5757575757575757
 611 0.6363636363636367
 836 0.6969696969696972
 498 0.7575757575757578
 15 0.8181818181818183
 559 0.8787878787878789
 15 0.9393939393939394
 531 1
 12 1.060606060606061
 498 1.121212121212121
 15 1.181818181818182
 26 1.242424242424242
 101 1.303030303030303
 27 1.363636363636363
 122 1.424242424242425
 28 1.484848484848485
 116 1.545454545454546
 1 1.606060606060606
 0 1.666666666666667
 3 1.727272727272728
 42 1.787878787878788
 8 1.848484848484849
 41 1.909090909090909
 2 1.96969696969697
 1 2.03030303030303
 0 2.090909090909091
 0 2.151515151515151
 0 2.212121212121212
 0 2.272727272727272
 1 2.333333333333334
 8 2.393939393939394
 0 2.454545454545455
 3 2.515151515151516
 0 2.575757575757576
 0 2.636363636363637
 0 2.696969696969697
 0 2.757575757575758
 0 2.818181818181818
 0 2.878787878787879
 0 2.939393939393939
 0 3


