# Created by Octave 3.8.2, Mon Jun 22 16:08:15 2020 CEST <damian@fptrucha.inv.usc.es>
# name: hd
# type: matrix
# rows: 100
# columns: 2
 0 -3
 0 -2.939393939393939
 0 -2.878787878787879
 0 -2.818181818181818
 0 -2.757575757575758
 0 -2.696969696969697
 0 -2.636363636363636
 0 -2.575757575757576
 2 -2.515151515151515
 5 -2.454545454545455
 1 -2.393939393939394
 0 -2.333333333333333
 0 -2.272727272727272
 0 -2.212121212121212
 0 -2.151515151515151
 0 -2.090909090909091
 5 -2.03030303030303
 29 -1.96969696969697
 28 -1.909090909090909
 1 -1.848484848484848
 2 -1.787878787878788
 0 -1.727272727272727
 2 -1.666666666666667
 98 -1.606060606060606
 28 -1.545454545454545
 115 -1.484848484848485
 37 -1.424242424242424
 111 -1.363636363636364
 31 -1.303030303030303
 18 -1.242424242424242
 575 -1.181818181818182
 16 -1.121212121212121
 554 -1.060606060606061
 11 -1
 553 -0.9393939393939394
 20 -0.8787878787878789
 473 -0.8181818181818183
 955 -0.7575757575757573
 688 -0.6969696969696968
 1041 -0.6363636363636362
 585 -0.5757575757575757
 927 -0.5151515151515151
 634 -0.4545454545454546
 960 -0.393939393939394
 4185 -0.333333333333333
 589 -0.2727272727272725
 2709 -0.2121212121212119
 18 -0.1515151515151514
 2683 -0.09090909090909083
 10 -0.03030303030303028
 2537 0.03030303030303028
 19 0.09090909090909083
 2361 0.1515151515151514
 1648 0.2121212121212124
 2343 0.2727272727272729
 1651 0.3333333333333335
 683 0.393939393939394
 959 0.4545454545454546
 675 0.5151515151515151
 830 0.5757575757575757
 678 0.6363636363636367
 853 0.6969696969696972
 601 0.7575757575757578
 9 0.8181818181818183
 649 0.8787878787878789
 21 0.9393939393939394
 617 1
 11 1.060606060606061
 515 1.121212121212121
 9 1.181818181818182
 39 1.242424242424242
 122 1.303030303030303
 34 1.363636363636363
 114 1.424242424242425
 43 1.484848484848485
 124 1.545454545454546
 3 1.606060606060606
 0 1.666666666666667
 3 1.727272727272728
 44 1.787878787878788
 2 1.848484848484849
 50 1.909090909090909
 3 1.96969696969697
 1 2.03030303030303
 0 2.090909090909091
 0 2.151515151515151
 0 2.212121212121212
 1 2.272727272727272
 3 2.333333333333334
 6 2.393939393939394
 1 2.454545454545455
 0 2.515151515151516
 0 2.575757575757576
 0 2.636363636363637
 0 2.696969696969697
 0 2.757575757575758
 0 2.818181818181818
 0 2.878787878787879
 0 2.939393939393939
 0 3


