# Created by Octave 3.8.2, Mon Jun 22 01:28:06 2020 CEST <damian@fptrucha.inv.usc.es>
# name: hd
# type: matrix
# rows: 100
# columns: 2
 0 -3
 0 -2.939393939393939
 0 -2.878787878787879
 0 -2.818181818181818
 0 -2.757575757575758
 0 -2.696969696969697
 0 -2.636363636363636
 4 -2.575757575757576
 1 -2.515151515151515
 5 -2.454545454545455
 0 -2.393939393939394
 0 -2.333333333333333
 0 -2.272727272727272
 0 -2.212121212121212
 0 -2.151515151515151
 0 -2.090909090909091
 1 -2.03030303030303
 18 -1.96969696969697
 24 -1.909090909090909
 0 -1.848484848484848
 1 -1.787878787878788
 0 -1.727272727272727
 2 -1.666666666666667
 81 -1.606060606060606
 24 -1.545454545454545
 83 -1.484848484848485
 26 -1.424242424242424
 91 -1.363636363636364
 18 -1.303030303030303
 11 -1.242424242424242
 557 -1.181818181818182
 13 -1.121212121212121
 517 -1.060606060606061
 13 -1
 430 -0.9393939393939394
 8 -0.8787878787878789
 399 -0.8181818181818183
 993 -0.7575757575757573
 663 -0.6969696969696968
 1035 -0.6363636363636362
 685 -0.5757575757575757
 951 -0.5151515151515151
 559 -0.4545454545454546
 889 -0.393939393939394
 4246 -0.333333333333333
 507 -0.2727272727272725
 2949 -0.2121212121212119
 8 -0.1515151515151514
 2650 -0.09090909090909083
 9 -0.03030303030303028
 2449 0.03030303030303028
 9 0.09090909090909083
 2228 0.1515151515151514
 1716 0.2121212121212124
 2209 0.2727272727272729
 1681 0.3333333333333335
 644 0.393939393939394
 875 0.4545454545454546
 625 0.5151515151515151
 813 0.5757575757575757
 557 0.6363636363636367
 775 0.6969696969696972
 610 0.7575757575757578
 10 0.8181818181818183
 570 0.8787878787878789
 5 0.9393939393939394
 465 1
 10 1.060606060606061
 483 1.121212121212121
 8 1.181818181818182
 27 1.242424242424242
 79 1.303030303030303
 30 1.363636363636363
 90 1.424242424242425
 29 1.484848484848485
 83 1.545454545454546
 1 1.606060606060606
 0 1.666666666666667
 1 1.727272727272728
 29 1.787878787878788
 5 1.848484848484849
 29 1.909090909090909
 3 1.96969696969697
 2 2.03030303030303
 0 2.090909090909091
 0 2.151515151515151
 1 2.212121212121212
 0 2.272727272727272
 0 2.333333333333334
 3 2.393939393939394
 0 2.454545454545455
 0 2.515151515151516
 0 2.575757575757576
 0 2.636363636363637
 0 2.696969696969697
 0 2.757575757575758
 0 2.818181818181818
 0 2.878787878787879
 0 2.939393939393939
 0 3


