# Created by Octave 3.8.2, Mon Jun 22 17:35:35 2020 CEST <damian@fptrucha.inv.usc.es>
# name: hd
# type: matrix
# rows: 100
# columns: 2
 0 -3
 0 -2.939393939393939
 0 -2.878787878787879
 0 -2.818181818181818
 0 -2.757575757575758
 0 -2.696969696969697
 0 -2.636363636363636
 3 -2.575757575757576
 1 -2.515151515151515
 7 -2.454545454545455
 1 -2.393939393939394
 0 -2.333333333333333
 1 -2.272727272727272
 0 -2.212121212121212
 0 -2.151515151515151
 2 -2.090909090909091
 5 -2.03030303030303
 34 -1.96969696969697
 41 -1.909090909090909
 1 -1.848484848484848
 1 -1.787878787878788
 0 -1.727272727272727
 3 -1.666666666666667
 108 -1.606060606060606
 30 -1.545454545454545
 98 -1.484848484848485
 40 -1.424242424242424
 98 -1.363636363636364
 27 -1.303030303030303
 13 -1.242424242424242
 573 -1.181818181818182
 16 -1.121212121212121
 612 -1.060606060606061
 18 -1
 556 -0.9393939393939394
 31 -0.8787878787878789
 564 -0.8181818181818183
 957 -0.7575757575757573
 637 -0.6969696969696968
 1017 -0.6363636363636362
 687 -0.5757575757575757
 946 -0.5151515151515151
 661 -0.4545454545454546
 907 -0.393939393939394
 4306 -0.333333333333333
 591 -0.2727272727272725
 2667 -0.2121212121212119
 14 -0.1515151515151514
 2716 -0.09090909090909083
 16 -0.03030303030303028
 2499 0.03030303030303028
 16 0.09090909090909083
 2373 0.1515151515151514
 1584 0.2121212121212124
 2436 0.2727272727272729
 1619 0.3333333333333335
 648 0.393939393939394
 913 0.4545454545454546
 710 0.5151515151515151
 775 0.5757575757575757
 670 0.6363636363636367
 868 0.6969696969696972
 543 0.7575757575757578
 13 0.8181818181818183
 620 0.8787878787878789
 19 0.9393939393939394
 619 1
 17 1.060606060606061
 557 1.121212121212121
 9 1.181818181818182
 27 1.242424242424242
 132 1.303030303030303
 32 1.363636363636363
 109 1.424242424242425
 35 1.484848484848485
 100 1.545454545454546
 3 1.606060606060606
 0 1.666666666666667
 1 1.727272727272728
 39 1.787878787878788
 5 1.848484848484849
 32 1.909090909090909
 5 1.96969696969697
 0 2.03030303030303
 0 2.090909090909091
 0 2.151515151515151
 2 2.212121212121212
 1 2.272727272727272
 0 2.333333333333334
 9 2.393939393939394
 1 2.454545454545455
 0 2.515151515151516
 0 2.575757575757576
 0 2.636363636363637
 0 2.696969696969697
 0 2.757575757575758
 0 2.818181818181818
 0 2.878787878787879
 0 2.939393939393939
 0 3


