# Created by Octave 3.8.2, Mon Jun 22 05:32:17 2020 CEST <damian@fptrucha.inv.usc.es>
# name: hd
# type: matrix
# rows: 100
# columns: 2
 0 -3
 0 -2.939393939393939
 0 -2.878787878787879
 0 -2.818181818181818
 0 -2.757575757575758
 0 -2.696969696969697
 0 -2.636363636363636
 2 -2.575757575757576
 0 -2.515151515151515
 18 -2.454545454545455
 1 -2.393939393939394
 1 -2.333333333333333
 1 -2.272727272727272
 0 -2.212121212121212
 0 -2.151515151515151
 2 -2.090909090909091
 5 -2.03030303030303
 38 -1.96969696969697
 39 -1.909090909090909
 0 -1.848484848484848
 0 -1.787878787878788
 0 -1.727272727272727
 3 -1.666666666666667
 96 -1.606060606060606
 32 -1.545454545454545
 112 -1.484848484848485
 27 -1.424242424242424
 106 -1.363636363636364
 31 -1.303030303030303
 6 -1.242424242424242
 530 -1.181818181818182
 15 -1.121212121212121
 489 -1.060606060606061
 10 -1
 520 -0.9393939393939394
 20 -0.8787878787878789
 538 -0.8181818181818183
 883 -0.7575757575757573
 566 -0.6969696969696968
 878 -0.6363636363636362
 564 -0.5757575757575757
 868 -0.5151515151515151
 577 -0.4545454545454546
 888 -0.393939393939394
 3744 -0.333333333333333
 569 -0.2727272727272725
 2380 -0.2121212121212119
 17 -0.1515151515151514
 2508 -0.09090909090909083
 7 -0.03030303030303028
 2250 0.03030303030303028
 21 0.09090909090909083
 2146 0.1515151515151514
 1422 0.2121212121212124
 2145 0.2727272727272729
 1470 0.3333333333333335
 622 0.393939393939394
 776 0.4545454545454546
 639 0.5151515151515151
 743 0.5757575757575757
 592 0.6363636363636367
 773 0.6969696969696972
 488 0.7575757575757578
 15 0.8181818181818183
 513 0.8787878787878789
 22 0.9393939393939394
 464 1
 19 1.060606060606061
 502 1.121212121212121
 16 1.181818181818182
 29 1.242424242424242
 99 1.303030303030303
 17 1.363636363636363
 106 1.424242424242425
 35 1.484848484848485
 101 1.545454545454546
 1 1.606060606060606
 0 1.666666666666667
 4 1.727272727272728
 55 1.787878787878788
 5 1.848484848484849
 33 1.909090909090909
 3 1.96969696969697
 5 2.03030303030303
 0 2.090909090909091
 0 2.151515151515151
 1 2.212121212121212
 2 2.272727272727272
 2 2.333333333333334
 10 2.393939393939394
 1 2.454545454545455
 0 2.515151515151516
 0 2.575757575757576
 0 2.636363636363637
 0 2.696969696969697
 0 2.757575757575758
 0 2.818181818181818
 0 2.878787878787879
 0 2.939393939393939
 0 3


