# Created by Octave 3.8.2, Mon Jun 22 10:47:30 2020 CEST <damian@fptrucha.inv.usc.es>
# name: hd
# type: matrix
# rows: 100
# columns: 2
 0 -3
 0 -2.939393939393939
 0 -2.878787878787879
 0 -2.818181818181818
 0 -2.757575757575758
 0 -2.696969696969697
 0 -2.636363636363636
 1 -2.575757575757576
 1 -2.515151515151515
 5 -2.454545454545455
 1 -2.393939393939394
 1 -2.333333333333333
 0 -2.272727272727272
 0 -2.212121212121212
 0 -2.151515151515151
 2 -2.090909090909091
 4 -2.03030303030303
 36 -1.96969696969697
 32 -1.909090909090909
 2 -1.848484848484848
 1 -1.787878787878788
 0 -1.727272727272727
 3 -1.666666666666667
 103 -1.606060606060606
 22 -1.545454545454545
 89 -1.484848484848485
 33 -1.424242424242424
 100 -1.363636363636364
 26 -1.303030303030303
 12 -1.242424242424242
 545 -1.181818181818182
 11 -1.121212121212121
 496 -1.060606060606061
 13 -1
 505 -0.9393939393939394
 15 -0.8787878787878789
 505 -0.8181818181818183
 835 -0.7575757575757573
 589 -0.6969696969696968
 977 -0.6363636363636362
 623 -0.5757575757575757
 887 -0.5151515151515151
 634 -0.4545454545454546
 891 -0.393939393939394
 4002 -0.333333333333333
 573 -0.2727272727272725
 2539 -0.2121212121212119
 11 -0.1515151515151514
 2697 -0.09090909090909083
 15 -0.03030303030303028
 2473 0.03030303030303028
 21 0.09090909090909083
 2310 0.1515151515151514
 1549 0.2121212121212124
 2384 0.2727272727272729
 1523 0.3333333333333335
 639 0.393939393939394
 901 0.4545454545454546
 695 0.5151515151515151
 853 0.5757575757575757
 622 0.6363636363636367
 812 0.6969696969696972
 528 0.7575757575757578
 10 0.8181818181818183
 574 0.8787878787878789
 24 0.9393939393939394
 558 1
 26 1.060606060606061
 538 1.121212121212121
 9 1.181818181818182
 38 1.242424242424242
 116 1.303030303030303
 28 1.363636363636363
 102 1.424242424242425
 21 1.484848484848485
 111 1.545454545454546
 4 1.606060606060606
 0 1.666666666666667
 2 1.727272727272728
 38 1.787878787878788
 5 1.848484848484849
 47 1.909090909090909
 3 1.96969696969697
 1 2.03030303030303
 0 2.090909090909091
 0 2.151515151515151
 5 2.212121212121212
 0 2.272727272727272
 3 2.333333333333334
 5 2.393939393939394
 0 2.454545454545455
 1 2.515151515151516
 0 2.575757575757576
 0 2.636363636363637
 0 2.696969696969697
 0 2.757575757575758
 0 2.818181818181818
 0 2.878787878787879
 0 2.939393939393939
 0 3


