# Created by Octave 3.8.2, Mon Jun 22 04:56:16 2020 CEST <damian@fptrucha.inv.usc.es>
# name: hd
# type: matrix
# rows: 100
# columns: 2
 0 -3
 0 -2.939393939393939
 0 -2.878787878787879
 0 -2.818181818181818
 0 -2.757575757575758
 0 -2.696969696969697
 0 -2.636363636363636
 0 -2.575757575757576
 0 -2.515151515151515
 3 -2.454545454545455
 0 -2.393939393939394
 1 -2.333333333333333
 0 -2.272727272727272
 0 -2.212121212121212
 0 -2.151515151515151
 0 -2.090909090909091
 2 -2.03030303030303
 17 -1.96969696969697
 23 -1.909090909090909
 0 -1.848484848484848
 0 -1.787878787878788
 0 -1.727272727272727
 0 -1.666666666666667
 71 -1.606060606060606
 23 -1.545454545454545
 79 -1.484848484848485
 22 -1.424242424242424
 70 -1.363636363636364
 21 -1.303030303030303
 5 -1.242424242424242
 340 -1.181818181818182
 11 -1.121212121212121
 342 -1.060606060606061
 13 -1
 322 -0.9393939393939394
 13 -0.8787878787878789
 329 -0.8181818181818183
 598 -0.7575757575757573
 381 -0.6969696969696968
 598 -0.6363636363636362
 385 -0.5757575757575757
 540 -0.5151515151515151
 384 -0.4545454545454546
 593 -0.393939393939394
 2505 -0.333333333333333
 331 -0.2727272727272725
 1503 -0.2121212121212119
 8 -0.1515151515151514
 1523 -0.09090909090909083
 11 -0.03030303030303028
 1508 0.03030303030303028
 15 0.09090909090909083
 1312 0.1515151515151514
 932 0.2121212121212124
 1241 0.2727272727272729
 937 0.3333333333333335
 416 0.393939393939394
 526 0.4545454545454546
 355 0.5151515151515151
 463 0.5757575757575757
 362 0.6363636363636367
 462 0.6969696969696972
 351 0.7575757575757578
 1 0.8181818181818183
 343 0.8787878787878789
 10 0.9393939393939394
 322 1
 10 1.060606060606061
 325 1.121212121212121
 3 1.181818181818182
 17 1.242424242424242
 59 1.303030303030303
 23 1.363636363636363
 89 1.424242424242425
 20 1.484848484848485
 73 1.545454545454546
 2 1.606060606060606
 0 1.666666666666667
 0 1.727272727272728
 21 1.787878787878788
 2 1.848484848484849
 24 1.909090909090909
 4 1.96969696969697
 2 2.03030303030303
 0 2.090909090909091
 0 2.151515151515151
 3 2.212121212121212
 0 2.272727272727272
 0 2.333333333333334
 3 2.393939393939394
 0 2.454545454545455
 2 2.515151515151516
 0 2.575757575757576
 0 2.636363636363637
 0 2.696969696969697
 0 2.757575757575758
 0 2.818181818181818
 0 2.878787878787879
 0 2.939393939393939
 0 3


