# Created by Octave 3.8.2, Mon Jun 22 20:10:04 2020 CEST <damian@fptrucha.inv.usc.es>
# name: hd
# type: matrix
# rows: 100
# columns: 2
 0 -3
 0 -2.939393939393939
 0 -2.878787878787879
 0 -2.818181818181818
 0 -2.757575757575758
 0 -2.696969696969697
 0 -2.636363636363636
 1 -2.575757575757576
 0 -2.515151515151515
 11 -2.454545454545455
 1 -2.393939393939394
 0 -2.333333333333333
 0 -2.272727272727272
 0 -2.212121212121212
 0 -2.151515151515151
 0 -2.090909090909091
 1 -2.03030303030303
 37 -1.96969696969697
 42 -1.909090909090909
 4 -1.848484848484848
 3 -1.787878787878788
 0 -1.727272727272727
 4 -1.666666666666667
 108 -1.606060606060606
 25 -1.545454545454545
 117 -1.484848484848485
 34 -1.424242424242424
 142 -1.363636363636364
 21 -1.303030303030303
 12 -1.242424242424242
 625 -1.181818181818182
 20 -1.121212121212121
 565 -1.060606060606061
 20 -1
 514 -0.9393939393939394
 21 -0.8787878787878789
 599 -0.8181818181818183
 991 -0.7575757575757573
 685 -0.6969696969696968
 1010 -0.6363636363636362
 691 -0.5757575757575757
 1007 -0.5151515151515151
 626 -0.4545454545454546
 1057 -0.393939393939394
 4395 -0.333333333333333
 599 -0.2727272727272725
 2741 -0.2121212121212119
 13 -0.1515151515151514
 2786 -0.09090909090909083
 12 -0.03030303030303028
 2684 0.03030303030303028
 22 0.09090909090909083
 2334 0.1515151515151514
 1580 0.2121212121212124
 2479 0.2727272727272729
 1619 0.3333333333333335
 668 0.393939393939394
 907 0.4545454545454546
 720 0.5151515151515151
 828 0.5757575757575757
 678 0.6363636363636367
 907 0.6969696969696972
 553 0.7575757575757578
 13 0.8181818181818183
 608 0.8787878787878789
 14 0.9393939393939394
 530 1
 11 1.060606060606061
 516 1.121212121212121
 9 1.181818181818182
 33 1.242424242424242
 116 1.303030303030303
 27 1.363636363636363
 119 1.424242424242425
 29 1.484848484848485
 102 1.545454545454546
 1 1.606060606060606
 0 1.666666666666667
 3 1.727272727272728
 39 1.787878787878788
 6 1.848484848484849
 35 1.909090909090909
 5 1.96969696969697
 1 2.03030303030303
 0 2.090909090909091
 0 2.151515151515151
 0 2.212121212121212
 0 2.272727272727272
 3 2.333333333333334
 5 2.393939393939394
 0 2.454545454545455
 1 2.515151515151516
 0 2.575757575757576
 0 2.636363636363637
 0 2.696969696969697
 0 2.757575757575758
 0 2.818181818181818
 0 2.878787878787879
 0 2.939393939393939
 0 3


