# Created by Octave 3.8.2, Mon Jun 22 12:34:28 2020 CEST <damian@fptrucha.inv.usc.es>
# name: hd
# type: matrix
# rows: 100
# columns: 2
 0 -3
 0 -2.939393939393939
 0 -2.878787878787879
 0 -2.818181818181818
 0 -2.757575757575758
 0 -2.696969696969697
 0 -2.636363636363636
 1 -2.575757575757576
 2 -2.515151515151515
 14 -2.454545454545455
 1 -2.393939393939394
 0 -2.333333333333333
 1 -2.272727272727272
 0 -2.212121212121212
 0 -2.151515151515151
 2 -2.090909090909091
 5 -2.03030303030303
 30 -1.96969696969697
 29 -1.909090909090909
 2 -1.848484848484848
 0 -1.787878787878788
 0 -1.727272727272727
 1 -1.666666666666667
 91 -1.606060606060606
 35 -1.545454545454545
 117 -1.484848484848485
 22 -1.424242424242424
 93 -1.363636363636364
 25 -1.303030303030303
 13 -1.242424242424242
 529 -1.181818181818182
 16 -1.121212121212121
 500 -1.060606060606061
 16 -1
 498 -0.9393939393939394
 23 -0.8787878787878789
 492 -0.8181818181818183
 868 -0.7575757575757573
 589 -0.6969696969696968
 1001 -0.6363636363636362
 649 -0.5757575757575757
 903 -0.5151515151515151
 608 -0.4545454545454546
 910 -0.393939393939394
 4073 -0.333333333333333
 629 -0.2727272727272725
 2696 -0.2121212121212119
 9 -0.1515151515151514
 2625 -0.09090909090909083
 11 -0.03030303030303028
 2415 0.03030303030303028
 18 0.09090909090909083
 2315 0.1515151515151514
 1488 0.2121212121212124
 2420 0.2727272727272729
 1702 0.3333333333333335
 644 0.393939393939394
 962 0.4545454545454546
 727 0.5151515151515151
 893 0.5757575757575757
 649 0.6363636363636367
 873 0.6969696969696972
 518 0.7575757575757578
 14 0.8181818181818183
 526 0.8787878787878789
 17 0.9393939393939394
 534 1
 11 1.060606060606061
 517 1.121212121212121
 11 1.181818181818182
 38 1.242424242424242
 94 1.303030303030303
 25 1.363636363636363
 110 1.424242424242425
 30 1.484848484848485
 94 1.545454545454546
 0 1.606060606060606
 0 1.666666666666667
 0 1.727272727272728
 36 1.787878787878788
 7 1.848484848484849
 38 1.909090909090909
 4 1.96969696969697
 0 2.03030303030303
 0 2.090909090909091
 0 2.151515151515151
 3 2.212121212121212
 0 2.272727272727272
 1 2.333333333333334
 12 2.393939393939394
 0 2.454545454545455
 0 2.515151515151516
 0 2.575757575757576
 0 2.636363636363637
 0 2.696969696969697
 0 2.757575757575758
 0 2.818181818181818
 0 2.878787878787879
 0 2.939393939393939
 0 3


