# Created by Octave 3.8.2, Mon Jun 22 09:01:57 2020 CEST <damian@fptrucha.inv.usc.es>
# name: hd
# type: matrix
# rows: 100
# columns: 2
 0 -3
 0 -2.939393939393939
 0 -2.878787878787879
 0 -2.818181818181818
 0 -2.757575757575758
 0 -2.696969696969697
 0 -2.636363636363636
 3 -2.575757575757576
 0 -2.515151515151515
 2 -2.454545454545455
 0 -2.393939393939394
 0 -2.333333333333333
 1 -2.272727272727272
 0 -2.212121212121212
 0 -2.151515151515151
 3 -2.090909090909091
 6 -2.03030303030303
 35 -1.96969696969697
 44 -1.909090909090909
 1 -1.848484848484848
 3 -1.787878787878788
 0 -1.727272727272727
 2 -1.666666666666667
 90 -1.606060606060606
 31 -1.545454545454545
 101 -1.484848484848485
 27 -1.424242424242424
 113 -1.363636363636364
 34 -1.303030303030303
 18 -1.242424242424242
 527 -1.181818181818182
 21 -1.121212121212121
 527 -1.060606060606061
 16 -1
 522 -0.9393939393939394
 11 -0.8787878787878789
 494 -0.8181818181818183
 903 -0.7575757575757573
 614 -0.6969696969696968
 900 -0.6363636363636362
 636 -0.5757575757575757
 928 -0.5151515151515151
 605 -0.4545454545454546
 900 -0.393939393939394
 3950 -0.333333333333333
 573 -0.2727272727272725
 2489 -0.2121212121212119
 8 -0.1515151515151514
 2522 -0.09090909090909083
 19 -0.03030303030303028
 2439 0.03030303030303028
 23 0.09090909090909083
 2149 0.1515151515151514
 1481 0.2121212121212124
 2310 0.2727272727272729
 1459 0.3333333333333335
 654 0.393939393939394
 907 0.4545454545454546
 601 0.5151515151515151
 841 0.5757575757575757
 613 0.6363636363636367
 859 0.6969696969696972
 500 0.7575757575757578
 14 0.8181818181818183
 537 0.8787878787878789
 11 0.9393939393939394
 518 1
 21 1.060606060606061
 496 1.121212121212121
 17 1.181818181818182
 24 1.242424242424242
 92 1.303030303030303
 29 1.363636363636363
 115 1.424242424242425
 28 1.484848484848485
 95 1.545454545454546
 2 1.606060606060606
 0 1.666666666666667
 4 1.727272727272728
 42 1.787878787878788
 9 1.848484848484849
 36 1.909090909090909
 8 1.96969696969697
 1 2.03030303030303
 0 2.090909090909091
 0 2.151515151515151
 2 2.212121212121212
 1 2.272727272727272
 2 2.333333333333334
 7 2.393939393939394
 1 2.454545454545455
 1 2.515151515151516
 0 2.575757575757576
 0 2.636363636363637
 0 2.696969696969697
 0 2.757575757575758
 0 2.818181818181818
 0 2.878787878787879
 0 2.939393939393939
 0 3


