# Created by Octave 3.8.2, Mon Jun 22 08:38:40 2020 CEST <damian@fptrucha.inv.usc.es>
# name: hd
# type: matrix
# rows: 100
# columns: 2
 0 -3
 0 -2.939393939393939
 0 -2.878787878787879
 0 -2.818181818181818
 0 -2.757575757575758
 0 -2.696969696969697
 0 -2.636363636363636
 1 -2.575757575757576
 1 -2.515151515151515
 4 -2.454545454545455
 0 -2.393939393939394
 0 -2.333333333333333
 2 -2.272727272727272
 0 -2.212121212121212
 0 -2.151515151515151
 0 -2.090909090909091
 5 -2.03030303030303
 39 -1.96969696969697
 37 -1.909090909090909
 1 -1.848484848484848
 0 -1.787878787878788
 0 -1.727272727272727
 4 -1.666666666666667
 101 -1.606060606060606
 29 -1.545454545454545
 111 -1.484848484848485
 24 -1.424242424242424
 116 -1.363636363636364
 25 -1.303030303030303
 12 -1.242424242424242
 521 -1.181818181818182
 18 -1.121212121212121
 529 -1.060606060606061
 18 -1
 519 -0.9393939393939394
 19 -0.8787878787878789
 479 -0.8181818181818183
 846 -0.7575757575757573
 594 -0.6969696969696968
 935 -0.6363636363636362
 625 -0.5757575757575757
 890 -0.5151515151515151
 616 -0.4545454545454546
 887 -0.393939393939394
 3906 -0.333333333333333
 529 -0.2727272727272725
 2515 -0.2121212121212119
 10 -0.1515151515151514
 2607 -0.09090909090909083
 13 -0.03030303030303028
 2441 0.03030303030303028
 25 0.09090909090909083
 2223 0.1515151515151514
 1485 0.2121212121212124
 2288 0.2727272727272729
 1499 0.3333333333333335
 667 0.393939393939394
 883 0.4545454545454546
 587 0.5151515151515151
 829 0.5757575757575757
 603 0.6363636363636367
 810 0.6969696969696972
 533 0.7575757575757578
 12 0.8181818181818183
 610 0.8787878787878789
 21 0.9393939393939394
 524 1
 14 1.060606060606061
 484 1.121212121212121
 14 1.181818181818182
 29 1.242424242424242
 98 1.303030303030303
 34 1.363636363636363
 103 1.424242424242425
 35 1.484848484848485
 97 1.545454545454546
 2 1.606060606060606
 0 1.666666666666667
 0 1.727272727272728
 38 1.787878787878788
 1 1.848484848484849
 31 1.909090909090909
 4 1.96969696969697
 2 2.03030303030303
 0 2.090909090909091
 0 2.151515151515151
 1 2.212121212121212
 0 2.272727272727272
 1 2.333333333333334
 8 2.393939393939394
 0 2.454545454545455
 2 2.515151515151516
 0 2.575757575757576
 0 2.636363636363637
 0 2.696969696969697
 0 2.757575757575758
 0 2.818181818181818
 0 2.878787878787879
 0 2.939393939393939
 0 3


