# Created by Octave 3.8.2, Sat Jun 20 10:04:41 2020 CEST <damian@fptrucha.inv.usc.es>
# name: hd
# type: matrix
# rows: 100
# columns: 2
 0 -3
 0 -2.939393939393939
 0 -2.878787878787879
 0 -2.818181818181818
 0 -2.757575757575758
 0 -2.696969696969697
 0 -2.636363636363636
 1 -2.575757575757576
 0 -2.515151515151515
 3 -2.454545454545455
 2 -2.393939393939394
 1 -2.333333333333333
 0 -2.272727272727272
 0 -2.212121212121212
 0 -2.151515151515151
 0 -2.090909090909091
 1 -2.03030303030303
 24 -1.96969696969697
 22 -1.909090909090909
 1 -1.848484848484848
 5 -1.787878787878788
 0 -1.727272727272727
 3 -1.666666666666667
 118 -1.606060606060606
 31 -1.545454545454545
 88 -1.484848484848485
 20 -1.424242424242424
 114 -1.363636363636364
 21 -1.303030303030303
 15 -1.242424242424242
 604 -1.181818181818182
 18 -1.121212121212121
 569 -1.060606060606061
 18 -1
 521 -0.9393939393939394
 18 -0.8787878787878789
 475 -0.8181818181818183
 1109 -0.7575757575757573
 699 -0.6969696969696968
 1148 -0.6363636363636362
 705 -0.5757575757575757
 968 -0.5151515151515151
 590 -0.4545454545454546
 938 -0.393939393939394
 4654 -0.333333333333333
 606 -0.2727272727272725
 3156 -0.2121212121212119
 9 -0.1515151515151514
 3087 -0.09090909090909083
 16 -0.03030303030303028
 2840 0.03030303030303028
 10 0.09090909090909083
 2505 0.1515151515151514
 2015 0.2121212121212124
 2448 0.2727272727272729
 1921 0.3333333333333335
 735 0.393939393939394
 973 0.4545454545454546
 710 0.5151515151515151
 924 0.5757575757575757
 629 0.6363636363636367
 907 0.6969696969696972
 687 0.7575757575757578
 13 0.8181818181818183
 623 0.8787878787878789
 24 0.9393939393939394
 632 1
 20 1.060606060606061
 591 1.121212121212121
 15 1.181818181818182
 38 1.242424242424242
 119 1.303030303030303
 28 1.363636363636363
 108 1.424242424242425
 40 1.484848484848485
 119 1.545454545454546
 0 1.606060606060606
 0 1.666666666666667
 2 1.727272727272728
 34 1.787878787878788
 1 1.848484848484849
 35 1.909090909090909
 10 1.96969696969697
 1 2.03030303030303
 0 2.090909090909091
 0 2.151515151515151
 2 2.212121212121212
 2 2.272727272727272
 1 2.333333333333334
 8 2.393939393939394
 0 2.454545454545455
 3 2.515151515151516
 0 2.575757575757576
 0 2.636363636363637
 0 2.696969696969697
 0 2.757575757575758
 0 2.818181818181818
 0 2.878787878787879
 0 2.939393939393939
 0 3


