# Created by Octave 3.8.2, Mon Jun 22 18:43:06 2020 CEST <damian@fptrucha.inv.usc.es>
# name: hd
# type: matrix
# rows: 100
# columns: 2
 0 -3
 0 -2.939393939393939
 0 -2.878787878787879
 0 -2.818181818181818
 0 -2.757575757575758
 0 -2.696969696969697
 0 -2.636363636363636
 0 -2.575757575757576
 0 -2.515151515151515
 8 -2.454545454545455
 1 -2.393939393939394
 1 -2.333333333333333
 3 -2.272727272727272
 0 -2.212121212121212
 0 -2.151515151515151
 1 -2.090909090909091
 0 -2.03030303030303
 49 -1.96969696969697
 34 -1.909090909090909
 2 -1.848484848484848
 3 -1.787878787878788
 0 -1.727272727272727
 4 -1.666666666666667
 120 -1.606060606060606
 21 -1.545454545454545
 118 -1.484848484848485
 32 -1.424242424242424
 113 -1.363636363636364
 29 -1.303030303030303
 19 -1.242424242424242
 577 -1.181818181818182
 20 -1.121212121212121
 581 -1.060606060606061
 23 -1
 563 -0.9393939393939394
 13 -0.8787878787878789
 596 -0.8181818181818183
 1026 -0.7575757575757573
 688 -0.6969696969696968
 1089 -0.6363636363636362
 686 -0.5757575757575757
 956 -0.5151515151515151
 684 -0.4545454545454546
 941 -0.393939393939394
 4286 -0.333333333333333
 676 -0.2727272727272725
 2765 -0.2121212121212119
 11 -0.1515151515151514
 2837 -0.09090909090909083
 21 -0.03030303030303028
 2595 0.03030303030303028
 21 0.09090909090909083
 2473 0.1515151515151514
 1555 0.2121212121212124
 2408 0.2727272727272729
 1649 0.3333333333333335
 640 0.393939393939394
 864 0.4545454545454546
 703 0.5151515151515151
 790 0.5757575757575757
 679 0.6363636363636367
 890 0.6969696969696972
 524 0.7575757575757578
 12 0.8181818181818183
 558 0.8787878787878789
 18 0.9393939393939394
 536 1
 16 1.060606060606061
 507 1.121212121212121
 10 1.181818181818182
 29 1.242424242424242
 94 1.303030303030303
 37 1.363636363636363
 105 1.424242424242425
 23 1.484848484848485
 121 1.545454545454546
 1 1.606060606060606
 0 1.666666666666667
 0 1.727272727272728
 24 1.787878787878788
 4 1.848484848484849
 31 1.909090909090909
 6 1.96969696969697
 0 2.03030303030303
 0 2.090909090909091
 0 2.151515151515151
 1 2.212121212121212
 1 2.272727272727272
 1 2.333333333333334
 12 2.393939393939394
 2 2.454545454545455
 0 2.515151515151516
 0 2.575757575757576
 0 2.636363636363637
 0 2.696969696969697
 0 2.757575757575758
 0 2.818181818181818
 0 2.878787878787879
 0 2.939393939393939
 0 3


