# Created by Octave 3.8.2, Mon Jun 22 22:03:49 2020 CEST <damian@fptrucha.inv.usc.es>
# name: hd
# type: matrix
# rows: 100
# columns: 2
 0 -3
 0 -2.939393939393939
 0 -2.878787878787879
 0 -2.818181818181818
 0 -2.757575757575758
 0 -2.696969696969697
 0 -2.636363636363636
 3 -2.575757575757576
 1 -2.515151515151515
 9 -2.454545454545455
 0 -2.393939393939394
 2 -2.333333333333333
 0 -2.272727272727272
 0 -2.212121212121212
 0 -2.151515151515151
 1 -2.090909090909091
 3 -2.03030303030303
 33 -1.96969696969697
 34 -1.909090909090909
 0 -1.848484848484848
 1 -1.787878787878788
 0 -1.727272727272727
 2 -1.666666666666667
 128 -1.606060606060606
 26 -1.545454545454545
 110 -1.484848484848485
 32 -1.424242424242424
 133 -1.363636363636364
 25 -1.303030303030303
 6 -1.242424242424242
 610 -1.181818181818182
 18 -1.121212121212121
 564 -1.060606060606061
 23 -1
 577 -0.9393939393939394
 15 -0.8787878787878789
 530 -0.8181818181818183
 994 -0.7575757575757573
 694 -0.6969696969696968
 1147 -0.6363636363636362
 677 -0.5757575757575757
 972 -0.5151515151515151
 680 -0.4545454545454546
 920 -0.393939393939394
 4405 -0.333333333333333
 625 -0.2727272727272725
 2897 -0.2121212121212119
 13 -0.1515151515151514
 2883 -0.09090909090909083
 10 -0.03030303030303028
 2637 0.03030303030303028
 14 0.09090909090909083
 2416 0.1515151515151514
 1664 0.2121212121212124
 2532 0.2727272727272729
 1654 0.3333333333333335
 664 0.393939393939394
 923 0.4545454545454546
 675 0.5151515151515151
 850 0.5757575757575757
 642 0.6363636363636367
 834 0.6969696969696972
 591 0.7575757575757578
 11 0.8181818181818183
 616 0.8787878787878789
 19 0.9393939393939394
 578 1
 10 1.060606060606061
 548 1.121212121212121
 15 1.181818181818182
 38 1.242424242424242
 124 1.303030303030303
 36 1.363636363636363
 109 1.424242424242425
 25 1.484848484848485
 107 1.545454545454546
 2 1.606060606060606
 0 1.666666666666667
 1 1.727272727272728
 52 1.787878787878788
 3 1.848484848484849
 32 1.909090909090909
 6 1.96969696969697
 1 2.03030303030303
 0 2.090909090909091
 0 2.151515151515151
 0 2.212121212121212
 1 2.272727272727272
 2 2.333333333333334
 16 2.393939393939394
 1 2.454545454545455
 0 2.515151515151516
 0 2.575757575757576
 0 2.636363636363637
 0 2.696969696969697
 0 2.757575757575758
 0 2.818181818181818
 0 2.878787878787879
 0 2.939393939393939
 0 3


