# Created by Octave 3.8.2, Mon Jun 22 18:14:20 2020 CEST <damian@fptrucha.inv.usc.es>
# name: hd
# type: matrix
# rows: 100
# columns: 2
 0 -3
 0 -2.939393939393939
 0 -2.878787878787879
 0 -2.818181818181818
 0 -2.757575757575758
 0 -2.696969696969697
 0 -2.636363636363636
 0 -2.575757575757576
 0 -2.515151515151515
 14 -2.454545454545455
 1 -2.393939393939394
 2 -2.333333333333333
 0 -2.272727272727272
 0 -2.212121212121212
 0 -2.151515151515151
 2 -2.090909090909091
 2 -2.03030303030303
 34 -1.96969696969697
 42 -1.909090909090909
 1 -1.848484848484848
 3 -1.787878787878788
 0 -1.727272727272727
 2 -1.666666666666667
 92 -1.606060606060606
 28 -1.545454545454545
 127 -1.484848484848485
 21 -1.424242424242424
 107 -1.363636363636364
 19 -1.303030303030303
 12 -1.242424242424242
 584 -1.181818181818182
 18 -1.121212121212121
 599 -1.060606060606061
 18 -1
 553 -0.9393939393939394
 16 -0.8787878787878789
 543 -0.8181818181818183
 933 -0.7575757575757573
 647 -0.6969696969696968
 1057 -0.6363636363636362
 578 -0.5757575757575757
 940 -0.5151515151515151
 649 -0.4545454545454546
 927 -0.393939393939394
 4322 -0.333333333333333
 606 -0.2727272727272725
 2753 -0.2121212121212119
 10 -0.1515151515151514
 2746 -0.09090909090909083
 15 -0.03030303030303028
 2583 0.03030303030303028
 16 0.09090909090909083
 2351 0.1515151515151514
 1536 0.2121212121212124
 2372 0.2727272727272729
 1526 0.3333333333333335
 628 0.393939393939394
 895 0.4545454545454546
 663 0.5151515151515151
 839 0.5757575757575757
 644 0.6363636363636367
 856 0.6969696969696972
 537 0.7575757575757578
 19 0.8181818181818183
 578 0.8787878787878789
 24 0.9393939393939394
 505 1
 12 1.060606060606061
 530 1.121212121212121
 7 1.181818181818182
 34 1.242424242424242
 119 1.303030303030303
 32 1.363636363636363
 111 1.424242424242425
 41 1.484848484848485
 101 1.545454545454546
 6 1.606060606060606
 0 1.666666666666667
 2 1.727272727272728
 38 1.787878787878788
 3 1.848484848484849
 36 1.909090909090909
 3 1.96969696969697
 0 2.03030303030303
 0 2.090909090909091
 0 2.151515151515151
 0 2.212121212121212
 2 2.272727272727272
 0 2.333333333333334
 12 2.393939393939394
 0 2.454545454545455
 3 2.515151515151516
 0 2.575757575757576
 0 2.636363636363637
 0 2.696969696969697
 0 2.757575757575758
 0 2.818181818181818
 0 2.878787878787879
 0 2.939393939393939
 0 3


