# Created by Octave 3.8.2, Mon Jun 22 03:52:47 2020 CEST <damian@fptrucha.inv.usc.es>
# name: hd
# type: matrix
# rows: 100
# columns: 2
 0 -3
 0 -2.939393939393939
 0 -2.878787878787879
 0 -2.818181818181818
 0 -2.757575757575758
 0 -2.696969696969697
 0 -2.636363636363636
 1 -2.575757575757576
 0 -2.515151515151515
 8 -2.454545454545455
 2 -2.393939393939394
 0 -2.333333333333333
 0 -2.272727272727272
 0 -2.212121212121212
 0 -2.151515151515151
 1 -2.090909090909091
 4 -2.03030303030303
 25 -1.96969696969697
 39 -1.909090909090909
 2 -1.848484848484848
 3 -1.787878787878788
 0 -1.727272727272727
 1 -1.666666666666667
 111 -1.606060606060606
 26 -1.545454545454545
 122 -1.484848484848485
 29 -1.424242424242424
 117 -1.363636363636364
 28 -1.303030303030303
 19 -1.242424242424242
 565 -1.181818181818182
 15 -1.121212121212121
 514 -1.060606060606061
 16 -1
 553 -0.9393939393939394
 29 -0.8787878787878789
 467 -0.8181818181818183
 865 -0.7575757575757573
 588 -0.6969696969696968
 890 -0.6363636363636362
 544 -0.5757575757575757
 867 -0.5151515151515151
 571 -0.4545454545454546
 854 -0.393939393939394
 3766 -0.333333333333333
 595 -0.2727272727272725
 2353 -0.2121212121212119
 13 -0.1515151515151514
 2497 -0.09090909090909083
 18 -0.03030303030303028
 2298 0.03030303030303028
 19 0.09090909090909083
 2049 0.1515151515151514
 1525 0.2121212121212124
 2200 0.2727272727272729
 1506 0.3333333333333335
 611 0.393939393939394
 823 0.4545454545454546
 596 0.5151515151515151
 751 0.5757575757575757
 613 0.6363636363636367
 760 0.6969696969696972
 508 0.7575757575757578
 11 0.8181818181818183
 553 0.8787878787878789
 14 0.9393939393939394
 497 1
 18 1.060606060606061
 479 1.121212121212121
 8 1.181818181818182
 29 1.242424242424242
 109 1.303030303030303
 25 1.363636363636363
 107 1.424242424242425
 27 1.484848484848485
 108 1.545454545454546
 5 1.606060606060606
 0 1.666666666666667
 1 1.727272727272728
 40 1.787878787878788
 3 1.848484848484849
 42 1.909090909090909
 1 1.96969696969697
 2 2.03030303030303
 0 2.090909090909091
 0 2.151515151515151
 2 2.212121212121212
 1 2.272727272727272
 2 2.333333333333334
 13 2.393939393939394
 0 2.454545454545455
 1 2.515151515151516
 0 2.575757575757576
 0 2.636363636363637
 0 2.696969696969697
 0 2.757575757575758
 0 2.818181818181818
 0 2.878787878787879
 0 2.939393939393939
 0 3


