# Created by Octave 3.8.2, Mon Jun 22 09:57:39 2020 CEST <damian@fptrucha.inv.usc.es>
# name: hd
# type: matrix
# rows: 100
# columns: 2
 0 -3
 0 -2.939393939393939
 0 -2.878787878787879
 0 -2.818181818181818
 0 -2.757575757575758
 0 -2.696969696969697
 0 -2.636363636363636
 2 -2.575757575757576
 0 -2.515151515151515
 5 -2.454545454545455
 0 -2.393939393939394
 0 -2.333333333333333
 0 -2.272727272727272
 0 -2.212121212121212
 0 -2.151515151515151
 0 -2.090909090909091
 2 -2.03030303030303
 26 -1.96969696969697
 41 -1.909090909090909
 2 -1.848484848484848
 1 -1.787878787878788
 0 -1.727272727272727
 1 -1.666666666666667
 84 -1.606060606060606
 22 -1.545454545454545
 97 -1.484848484848485
 35 -1.424242424242424
 112 -1.363636363636364
 22 -1.303030303030303
 12 -1.242424242424242
 520 -1.181818181818182
 26 -1.121212121212121
 523 -1.060606060606061
 9 -1
 482 -0.9393939393939394
 21 -0.8787878787878789
 498 -0.8181818181818183
 882 -0.7575757575757573
 619 -0.6969696969696968
 966 -0.6363636363636362
 597 -0.5757575757575757
 829 -0.5151515151515151
 624 -0.4545454545454546
 941 -0.393939393939394
 3940 -0.333333333333333
 565 -0.2727272727272725
 2470 -0.2121212121212119
 15 -0.1515151515151514
 2571 -0.09090909090909083
 18 -0.03030303030303028
 2471 0.03030303030303028
 30 0.09090909090909083
 2228 0.1515151515151514
 1552 0.2121212121212124
 2442 0.2727272727272729
 1515 0.3333333333333335
 632 0.393939393939394
 878 0.4545454545454546
 684 0.5151515151515151
 793 0.5757575757575757
 663 0.6363636363636367
 849 0.6969696969696972
 515 0.7575757575757578
 19 0.8181818181818183
 556 0.8787878787878789
 18 0.9393939393939394
 543 1
 15 1.060606060606061
 521 1.121212121212121
 14 1.181818181818182
 40 1.242424242424242
 119 1.303030303030303
 29 1.363636363636363
 128 1.424242424242425
 32 1.484848484848485
 116 1.545454545454546
 10 1.606060606060606
 0 1.666666666666667
 0 1.727272727272728
 42 1.787878787878788
 8 1.848484848484849
 27 1.909090909090909
 5 1.96969696969697
 4 2.03030303030303
 0 2.090909090909091
 0 2.151515151515151
 0 2.212121212121212
 0 2.272727272727272
 0 2.333333333333334
 8 2.393939393939394
 0 2.454545454545455
 0 2.515151515151516
 0 2.575757575757576
 0 2.636363636363637
 0 2.696969696969697
 0 2.757575757575758
 0 2.818181818181818
 0 2.878787878787879
 0 2.939393939393939
 0 3


