# Created by Octave 3.8.2, Sat Jun 20 21:08:15 2020 CEST <damian@fptrucha.inv.usc.es>
# name: hd
# type: matrix
# rows: 100
# columns: 2
 0 -3
 0 -2.939393939393939
 0 -2.878787878787879
 0 -2.818181818181818
 0 -2.757575757575758
 0 -2.696969696969697
 0 -2.636363636363636
 0 -2.575757575757576
 0 -2.515151515151515
 3 -2.454545454545455
 0 -2.393939393939394
 0 -2.333333333333333
 1 -2.272727272727272
 0 -2.212121212121212
 0 -2.151515151515151
 1 -2.090909090909091
 2 -2.03030303030303
 23 -1.96969696969697
 17 -1.909090909090909
 0 -1.848484848484848
 2 -1.787878787878788
 0 -1.727272727272727
 0 -1.666666666666667
 94 -1.606060606060606
 21 -1.545454545454545
 91 -1.484848484848485
 22 -1.424242424242424
 85 -1.363636363636364
 14 -1.303030303030303
 17 -1.242424242424242
 512 -1.181818181818182
 19 -1.121212121212121
 501 -1.060606060606061
 11 -1
 432 -0.9393939393939394
 15 -0.8787878787878789
 424 -0.8181818181818183
 954 -0.7575757575757573
 678 -0.6969696969696968
 1040 -0.6363636363636362
 641 -0.5757575757575757
 848 -0.5151515151515151
 514 -0.4545454545454546
 785 -0.393939393939394
 4091 -0.333333333333333
 512 -0.2727272727272725
 2993 -0.2121212121212119
 8 -0.1515151515151514
 2682 -0.09090909090909083
 10 -0.03030303030303028
 2533 0.03030303030303028
 12 0.09090909090909083
 2196 0.1515151515151514
 1669 0.2121212121212124
 2109 0.2727272727272729
 1609 0.3333333333333335
 631 0.393939393939394
 880 0.4545454545454546
 659 0.5151515151515151
 822 0.5757575757575757
 555 0.6363636363636367
 853 0.6969696969696972
 581 0.7575757575757578
 14 0.8181818181818183
 579 0.8787878787878789
 11 0.9393939393939394
 508 1
 12 1.060606060606061
 496 1.121212121212121
 8 1.181818181818182
 31 1.242424242424242
 106 1.303030303030303
 20 1.363636363636363
 86 1.424242424242425
 27 1.484848484848485
 105 1.545454545454546
 3 1.606060606060606
 0 1.666666666666667
 3 1.727272727272728
 35 1.787878787878788
 0 1.848484848484849
 26 1.909090909090909
 0 1.96969696969697
 1 2.03030303030303
 0 2.090909090909091
 0 2.151515151515151
 2 2.212121212121212
 1 2.272727272727272
 0 2.333333333333334
 6 2.393939393939394
 0 2.454545454545455
 2 2.515151515151516
 0 2.575757575757576
 0 2.636363636363637
 0 2.696969696969697
 0 2.757575757575758
 0 2.818181818181818
 0 2.878787878787879
 0 2.939393939393939
 0 3


