# Created by Octave 3.8.2, Mon Jun 22 00:42:00 2020 CEST <damian@fptrucha.inv.usc.es>
# name: hd
# type: matrix
# rows: 100
# columns: 2
 0 -3
 0 -2.939393939393939
 0 -2.878787878787879
 0 -2.818181818181818
 0 -2.757575757575758
 0 -2.696969696969697
 0 -2.636363636363636
 1 -2.575757575757576
 0 -2.515151515151515
 2 -2.454545454545455
 2 -2.393939393939394
 0 -2.333333333333333
 1 -2.272727272727272
 0 -2.212121212121212
 0 -2.151515151515151
 1 -2.090909090909091
 3 -2.03030303030303
 20 -1.96969696969697
 18 -1.909090909090909
 0 -1.848484848484848
 1 -1.787878787878788
 0 -1.727272727272727
 0 -1.666666666666667
 94 -1.606060606060606
 24 -1.545454545454545
 96 -1.484848484848485
 24 -1.424242424242424
 85 -1.363636363636364
 16 -1.303030303030303
 5 -1.242424242424242
 556 -1.181818181818182
 16 -1.121212121212121
 490 -1.060606060606061
 6 -1
 438 -0.9393939393939394
 15 -0.8787878787878789
 446 -0.8181818181818183
 964 -0.7575757575757573
 653 -0.6969696969696968
 1020 -0.6363636363636362
 640 -0.5757575757575757
 905 -0.5151515151515151
 576 -0.4545454545454546
 824 -0.393939393939394
 4383 -0.333333333333333
 533 -0.2727272727272725
 2897 -0.2121212121212119
 7 -0.1515151515151514
 2703 -0.09090909090909083
 8 -0.03030303030303028
 2469 0.03030303030303028
 11 0.09090909090909083
 2151 0.1515151515151514
 1690 0.2121212121212124
 2182 0.2727272727272729
 1623 0.3333333333333335
 593 0.393939393939394
 885 0.4545454545454546
 642 0.5151515151515151
 771 0.5757575757575757
 563 0.6363636363636367
 810 0.6969696969696972
 612 0.7575757575757578
 13 0.8181818181818183
 544 0.8787878787878789
 12 0.9393939393939394
 526 1
 14 1.060606060606061
 480 1.121212121212121
 8 1.181818181818182
 24 1.242424242424242
 109 1.303030303030303
 17 1.363636363636363
 91 1.424242424242425
 33 1.484848484848485
 91 1.545454545454546
 1 1.606060606060606
 0 1.666666666666667
 1 1.727272727272728
 33 1.787878787878788
 4 1.848484848484849
 23 1.909090909090909
 4 1.96969696969697
 1 2.03030303030303
 0 2.090909090909091
 0 2.151515151515151
 1 2.212121212121212
 0 2.272727272727272
 0 2.333333333333334
 6 2.393939393939394
 0 2.454545454545455
 1 2.515151515151516
 0 2.575757575757576
 0 2.636363636363637
 0 2.696969696969697
 0 2.757575757575758
 0 2.818181818181818
 0 2.878787878787879
 0 2.939393939393939
 0 3


