# Created by Octave 3.8.2, Mon Jun 22 04:31:48 2020 CEST <damian@fptrucha.inv.usc.es>
# name: hd
# type: matrix
# rows: 100
# columns: 2
 0 -3
 0 -2.939393939393939
 0 -2.878787878787879
 0 -2.818181818181818
 0 -2.757575757575758
 0 -2.696969696969697
 0 -2.636363636363636
 1 -2.575757575757576
 0 -2.515151515151515
 10 -2.454545454545455
 0 -2.393939393939394
 0 -2.333333333333333
 0 -2.272727272727272
 0 -2.212121212121212
 0 -2.151515151515151
 0 -2.090909090909091
 4 -2.03030303030303
 33 -1.96969696969697
 36 -1.909090909090909
 1 -1.848484848484848
 0 -1.787878787878788
 0 -1.727272727272727
 3 -1.666666666666667
 89 -1.606060606060606
 36 -1.545454545454545
 107 -1.484848484848485
 21 -1.424242424242424
 109 -1.363636363636364
 30 -1.303030303030303
 10 -1.242424242424242
 554 -1.181818181818182
 26 -1.121212121212121
 527 -1.060606060606061
 23 -1
 496 -0.9393939393939394
 24 -0.8787878787878789
 487 -0.8181818181818183
 885 -0.7575757575757573
 558 -0.6969696969696968
 848 -0.6363636363636362
 535 -0.5757575757575757
 823 -0.5151515151515151
 540 -0.4545454545454546
 811 -0.393939393939394
 3647 -0.333333333333333
 537 -0.2727272727272725
 2244 -0.2121212121212119
 16 -0.1515151515151514
 2348 -0.09090909090909083
 19 -0.03030303030303028
 2265 0.03030303030303028
 18 0.09090909090909083
 1956 0.1515151515151514
 1492 0.2121212121212124
 2053 0.2727272727272729
 1347 0.3333333333333335
 573 0.393939393939394
 807 0.4545454545454546
 571 0.5151515151515151
 677 0.5757575757575757
 486 0.6363636363636367
 743 0.6969696969696972
 512 0.7575757575757578
 14 0.8181818181818183
 519 0.8787878787878789
 15 0.9393939393939394
 499 1
 14 1.060606060606061
 487 1.121212121212121
 12 1.181818181818182
 29 1.242424242424242
 99 1.303030303030303
 33 1.363636363636363
 127 1.424242424242425
 30 1.484848484848485
 84 1.545454545454546
 1 1.606060606060606
 0 1.666666666666667
 1 1.727272727272728
 32 1.787878787878788
 6 1.848484848484849
 35 1.909090909090909
 4 1.96969696969697
 3 2.03030303030303
 0 2.090909090909091
 0 2.151515151515151
 1 2.212121212121212
 0 2.272727272727272
 0 2.333333333333334
 11 2.393939393939394
 0 2.454545454545455
 0 2.515151515151516
 0 2.575757575757576
 0 2.636363636363637
 0 2.696969696969697
 0 2.757575757575758
 0 2.818181818181818
 0 2.878787878787879
 0 2.939393939393939
 0 3


