# Created by Octave 3.8.2, Sat Jun 20 08:20:46 2020 CEST <damian@fptrucha.inv.usc.es>
# name: hd
# type: matrix
# rows: 100
# columns: 2
 0 -3
 0 -2.939393939393939
 0 -2.878787878787879
 0 -2.818181818181818
 0 -2.757575757575758
 0 -2.696969696969697
 0 -2.636363636363636
 2 -2.575757575757576
 1 -2.515151515151515
 5 -2.454545454545455
 1 -2.393939393939394
 2 -2.333333333333333
 0 -2.272727272727272
 0 -2.212121212121212
 0 -2.151515151515151
 0 -2.090909090909091
 7 -2.03030303030303
 35 -1.96969696969697
 37 -1.909090909090909
 0 -1.848484848484848
 2 -1.787878787878788
 0 -1.727272727272727
 0 -1.666666666666667
 118 -1.606060606060606
 39 -1.545454545454545
 93 -1.484848484848485
 23 -1.424242424242424
 94 -1.363636363636364
 17 -1.303030303030303
 10 -1.242424242424242
 655 -1.181818181818182
 20 -1.121212121212121
 601 -1.060606060606061
 11 -1
 532 -0.9393939393939394
 21 -0.8787878787878789
 525 -0.8181818181818183
 1188 -0.7575757575757573
 746 -0.6969696969696968
 1156 -0.6363636363636362
 770 -0.5757575757575757
 1044 -0.5151515151515151
 679 -0.4545454545454546
 981 -0.393939393939394
 4891 -0.333333333333333
 657 -0.2727272727272725
 3112 -0.2121212121212119
 15 -0.1515151515151514
 2926 -0.09090909090909083
 9 -0.03030303030303028
 2946 0.03030303030303028
 12 0.09090909090909083
 2534 0.1515151515151514
 1923 0.2121212121212124
 2616 0.2727272727272729
 1951 0.3333333333333335
 751 0.393939393939394
 1090 0.4545454545454546
 713 0.5151515151515151
 894 0.5757575757575757
 694 0.6363636363636367
 927 0.6969696969696972
 683 0.7575757575757578
 15 0.8181818181818183
 620 0.8787878787878789
 14 0.9393939393939394
 550 1
 20 1.060606060606061
 575 1.121212121212121
 9 1.181818181818182
 28 1.242424242424242
 126 1.303030303030303
 27 1.363636363636363
 109 1.424242424242425
 37 1.484848484848485
 108 1.545454545454546
 0 1.606060606060606
 0 1.666666666666667
 2 1.727272727272728
 37 1.787878787878788
 2 1.848484848484849
 37 1.909090909090909
 5 1.96969696969697
 0 2.03030303030303
 0 2.090909090909091
 0 2.151515151515151
 1 2.212121212121212
 1 2.272727272727272
 1 2.333333333333334
 10 2.393939393939394
 0 2.454545454545455
 1 2.515151515151516
 0 2.575757575757576
 0 2.636363636363637
 0 2.696969696969697
 0 2.757575757575758
 0 2.818181818181818
 0 2.878787878787879
 0 2.939393939393939
 0 3


