# Created by Octave 3.8.2, Mon Jun 22 19:32:44 2020 CEST <damian@fptrucha.inv.usc.es>
# name: hd
# type: matrix
# rows: 100
# columns: 2
 0 -3
 0 -2.939393939393939
 0 -2.878787878787879
 0 -2.818181818181818
 0 -2.757575757575758
 0 -2.696969696969697
 0 -2.636363636363636
 1 -2.575757575757576
 2 -2.515151515151515
 10 -2.454545454545455
 1 -2.393939393939394
 0 -2.333333333333333
 0 -2.272727272727272
 0 -2.212121212121212
 0 -2.151515151515151
 1 -2.090909090909091
 7 -2.03030303030303
 30 -1.96969696969697
 32 -1.909090909090909
 2 -1.848484848484848
 2 -1.787878787878788
 0 -1.727272727272727
 1 -1.666666666666667
 114 -1.606060606060606
 45 -1.545454545454545
 133 -1.484848484848485
 37 -1.424242424242424
 116 -1.363636363636364
 18 -1.303030303030303
 20 -1.242424242424242
 637 -1.181818181818182
 25 -1.121212121212121
 584 -1.060606060606061
 16 -1
 565 -0.9393939393939394
 20 -0.8787878787878789
 585 -0.8181818181818183
 947 -0.7575757575757573
 649 -0.6969696969696968
 1126 -0.6363636363636362
 635 -0.5757575757575757
 961 -0.5151515151515151
 624 -0.4545454545454546
 994 -0.393939393939394
 4313 -0.333333333333333
 628 -0.2727272727272725
 2816 -0.2121212121212119
 13 -0.1515151515151514
 2704 -0.09090909090909083
 19 -0.03030303030303028
 2601 0.03030303030303028
 17 0.09090909090909083
 2378 0.1515151515151514
 1538 0.2121212121212124
 2440 0.2727272727272729
 1613 0.3333333333333335
 634 0.393939393939394
 882 0.4545454545454546
 678 0.5151515151515151
 874 0.5757575757575757
 677 0.6363636363636367
 808 0.6969696969696972
 544 0.7575757575757578
 16 0.8181818181818183
 572 0.8787878787878789
 15 0.9393939393939394
 521 1
 16 1.060606060606061
 534 1.121212121212121
 15 1.181818181818182
 34 1.242424242424242
 88 1.303030303030303
 26 1.363636363636363
 90 1.424242424242425
 26 1.484848484848485
 111 1.545454545454546
 2 1.606060606060606
 0 1.666666666666667
 0 1.727272727272728
 35 1.787878787878788
 5 1.848484848484849
 25 1.909090909090909
 5 1.96969696969697
 2 2.03030303030303
 0 2.090909090909091
 0 2.151515151515151
 3 2.212121212121212
 0 2.272727272727272
 2 2.333333333333334
 11 2.393939393939394
 1 2.454545454545455
 1 2.515151515151516
 0 2.575757575757576
 0 2.636363636363637
 0 2.696969696969697
 0 2.757575757575758
 0 2.818181818181818
 0 2.878787878787879
 0 2.939393939393939
 0 3


