# Created by Octave 3.8.2, Mon Jun 22 05:10:36 2020 CEST <damian@fptrucha.inv.usc.es>
# name: hd
# type: matrix
# rows: 100
# columns: 2
 0 -3
 0 -2.939393939393939
 0 -2.878787878787879
 0 -2.818181818181818
 0 -2.757575757575758
 0 -2.696969696969697
 0 -2.636363636363636
 2 -2.575757575757576
 0 -2.515151515151515
 13 -2.454545454545455
 0 -2.393939393939394
 1 -2.333333333333333
 0 -2.272727272727272
 0 -2.212121212121212
 0 -2.151515151515151
 1 -2.090909090909091
 8 -2.03030303030303
 45 -1.96969696969697
 45 -1.909090909090909
 0 -1.848484848484848
 2 -1.787878787878788
 0 -1.727272727272727
 2 -1.666666666666667
 91 -1.606060606060606
 27 -1.545454545454545
 112 -1.484848484848485
 32 -1.424242424242424
 114 -1.363636363636364
 23 -1.303030303030303
 9 -1.242424242424242
 546 -1.181818181818182
 15 -1.121212121212121
 514 -1.060606060606061
 30 -1
 495 -0.9393939393939394
 23 -0.8787878787878789
 476 -0.8181818181818183
 851 -0.7575757575757573
 640 -0.6969696969696968
 884 -0.6363636363636362
 568 -0.5757575757575757
 808 -0.5151515151515151
 572 -0.4545454545454546
 889 -0.393939393939394
 3733 -0.333333333333333
 493 -0.2727272727272725
 2342 -0.2121212121212119
 11 -0.1515151515151514
 2287 -0.09090909090909083
 11 -0.03030303030303028
 2196 0.03030303030303028
 17 0.09090909090909083
 2043 0.1515151515151514
 1467 0.2121212121212124
 2053 0.2727272727272729
 1447 0.3333333333333335
 621 0.393939393939394
 843 0.4545454545454546
 608 0.5151515151515151
 728 0.5757575757575757
 595 0.6363636363636367
 735 0.6969696969696972
 524 0.7575757575757578
 10 0.8181818181818183
 503 0.8787878787878789
 10 0.9393939393939394
 481 1
 14 1.060606060606061
 466 1.121212121212121
 9 1.181818181818182
 39 1.242424242424242
 104 1.303030303030303
 26 1.363636363636363
 111 1.424242424242425
 37 1.484848484848485
 100 1.545454545454546
 4 1.606060606060606
 0 1.666666666666667
 2 1.727272727272728
 45 1.787878787878788
 2 1.848484848484849
 30 1.909090909090909
 2 1.96969696969697
 1 2.03030303030303
 0 2.090909090909091
 0 2.151515151515151
 2 2.212121212121212
 0 2.272727272727272
 1 2.333333333333334
 10 2.393939393939394
 1 2.454545454545455
 2 2.515151515151516
 0 2.575757575757576
 0 2.636363636363637
 0 2.696969696969697
 0 2.757575757575758
 0 2.818181818181818
 0 2.878787878787879
 0 2.939393939393939
 0 3


