# Created by Octave 3.8.2, Mon Jun 22 12:08:51 2020 CEST <damian@fptrucha.inv.usc.es>
# name: hd
# type: matrix
# rows: 100
# columns: 2
 0 -3
 0 -2.939393939393939
 0 -2.878787878787879
 0 -2.818181818181818
 0 -2.757575757575758
 0 -2.696969696969697
 0 -2.636363636363636
 2 -2.575757575757576
 0 -2.515151515151515
 8 -2.454545454545455
 0 -2.393939393939394
 0 -2.333333333333333
 0 -2.272727272727272
 0 -2.212121212121212
 0 -2.151515151515151
 1 -2.090909090909091
 4 -2.03030303030303
 27 -1.96969696969697
 38 -1.909090909090909
 1 -1.848484848484848
 1 -1.787878787878788
 0 -1.727272727272727
 2 -1.666666666666667
 87 -1.606060606060606
 27 -1.545454545454545
 109 -1.484848484848485
 26 -1.424242424242424
 104 -1.363636363636364
 21 -1.303030303030303
 12 -1.242424242424242
 495 -1.181818181818182
 16 -1.121212121212121
 551 -1.060606060606061
 10 -1
 466 -0.9393939393939394
 24 -0.8787878787878789
 549 -0.8181818181818183
 879 -0.7575757575757573
 614 -0.6969696969696968
 921 -0.6363636363636362
 562 -0.5757575757575757
 848 -0.5151515151515151
 629 -0.4545454545454546
 908 -0.393939393939394
 4174 -0.333333333333333
 547 -0.2727272727272725
 2591 -0.2121212121212119
 7 -0.1515151515151514
 2611 -0.09090909090909083
 21 -0.03030303030303028
 2565 0.03030303030303028
 23 0.09090909090909083
 2381 0.1515151515151514
 1547 0.2121212121212124
 2278 0.2727272727272729
 1561 0.3333333333333335
 692 0.393939393939394
 928 0.4545454545454546
 617 0.5151515151515151
 868 0.5757575757575757
 646 0.6363636363636367
 895 0.6969696969696972
 555 0.7575757575757578
 18 0.8181818181818183
 552 0.8787878787878789
 16 0.9393939393939394
 521 1
 18 1.060606060606061
 519 1.121212121212121
 10 1.181818181818182
 28 1.242424242424242
 128 1.303030303030303
 28 1.363636363636363
 106 1.424242424242425
 40 1.484848484848485
 88 1.545454545454546
 2 1.606060606060606
 0 1.666666666666667
 1 1.727272727272728
 30 1.787878787878788
 5 1.848484848484849
 37 1.909090909090909
 7 1.96969696969697
 5 2.03030303030303
 0 2.090909090909091
 0 2.151515151515151
 3 2.212121212121212
 1 2.272727272727272
 0 2.333333333333334
 13 2.393939393939394
 0 2.454545454545455
 1 2.515151515151516
 0 2.575757575757576
 0 2.636363636363637
 0 2.696969696969697
 0 2.757575757575758
 0 2.818181818181818
 0 2.878787878787879
 0 2.939393939393939
 0 3


