# Created by Octave 3.8.2, Mon Jun 22 19:09:02 2020 CEST <damian@fptrucha.inv.usc.es>
# name: hd
# type: matrix
# rows: 100
# columns: 2
 0 -3
 0 -2.939393939393939
 0 -2.878787878787879
 0 -2.818181818181818
 0 -2.757575757575758
 0 -2.696969696969697
 0 -2.636363636363636
 3 -2.575757575757576
 0 -2.515151515151515
 12 -2.454545454545455
 2 -2.393939393939394
 4 -2.333333333333333
 2 -2.272727272727272
 0 -2.212121212121212
 0 -2.151515151515151
 1 -2.090909090909091
 1 -2.03030303030303
 47 -1.96969696969697
 48 -1.909090909090909
 2 -1.848484848484848
 3 -1.787878787878788
 0 -1.727272727272727
 2 -1.666666666666667
 117 -1.606060606060606
 23 -1.545454545454545
 120 -1.484848484848485
 31 -1.424242424242424
 121 -1.363636363636364
 26 -1.303030303030303
 17 -1.242424242424242
 621 -1.181818181818182
 22 -1.121212121212121
 597 -1.060606060606061
 19 -1
 592 -0.9393939393939394
 23 -0.8787878787878789
 563 -0.8181818181818183
 956 -0.7575757575757573
 652 -0.6969696969696968
 1115 -0.6363636363636362
 654 -0.5757575757575757
 962 -0.5151515151515151
 650 -0.4545454545454546
 960 -0.393939393939394
 4393 -0.333333333333333
 643 -0.2727272727272725
 2703 -0.2121212121212119
 10 -0.1515151515151514
 2806 -0.09090909090909083
 13 -0.03030303030303028
 2667 0.03030303030303028
 13 0.09090909090909083
 2340 0.1515151515151514
 1551 0.2121212121212124
 2300 0.2727272727272729
 1626 0.3333333333333335
 686 0.393939393939394
 927 0.4545454545454546
 662 0.5151515151515151
 843 0.5757575757575757
 623 0.6363636363636367
 866 0.6969696969696972
 546 0.7575757575757578
 15 0.8181818181818183
 590 0.8787878787878789
 13 0.9393939393939394
 541 1
 16 1.060606060606061
 542 1.121212121212121
 12 1.181818181818182
 32 1.242424242424242
 121 1.303030303030303
 29 1.363636363636363
 105 1.424242424242425
 29 1.484848484848485
 112 1.545454545454546
 0 1.606060606060606
 0 1.666666666666667
 0 1.727272727272728
 25 1.787878787878788
 3 1.848484848484849
 21 1.909090909090909
 5 1.96969696969697
 1 2.03030303030303
 0 2.090909090909091
 0 2.151515151515151
 3 2.212121212121212
 1 2.272727272727272
 3 2.333333333333334
 7 2.393939393939394
 0 2.454545454545455
 0 2.515151515151516
 0 2.575757575757576
 0 2.636363636363637
 0 2.696969696969697
 0 2.757575757575758
 0 2.818181818181818
 0 2.878787878787879
 0 2.939393939393939
 0 3


