# Created by Octave 3.8.2, Mon Jun 22 03:22:46 2020 CEST <damian@fptrucha.inv.usc.es>
# name: hd
# type: matrix
# rows: 100
# columns: 2
 0 -3
 0 -2.939393939393939
 0 -2.878787878787879
 0 -2.818181818181818
 0 -2.757575757575758
 0 -2.696969696969697
 0 -2.636363636363636
 2 -2.575757575757576
 1 -2.515151515151515
 4 -2.454545454545455
 2 -2.393939393939394
 0 -2.333333333333333
 1 -2.272727272727272
 0 -2.212121212121212
 0 -2.151515151515151
 0 -2.090909090909091
 7 -2.03030303030303
 24 -1.96969696969697
 35 -1.909090909090909
 1 -1.848484848484848
 2 -1.787878787878788
 0 -1.727272727272727
 2 -1.666666666666667
 84 -1.606060606060606
 29 -1.545454545454545
 104 -1.484848484848485
 34 -1.424242424242424
 97 -1.363636363636364
 24 -1.303030303030303
 12 -1.242424242424242
 517 -1.181818181818182
 14 -1.121212121212121
 505 -1.060606060606061
 13 -1
 501 -0.9393939393939394
 21 -0.8787878787878789
 527 -0.8181818181818183
 878 -0.7575757575757573
 612 -0.6969696969696968
 922 -0.6363636363636362
 575 -0.5757575757575757
 805 -0.5151515151515151
 541 -0.4545454545454546
 869 -0.393939393939394
 3775 -0.333333333333333
 556 -0.2727272727272725
 2398 -0.2121212121212119
 13 -0.1515151515151514
 2467 -0.09090909090909083
 15 -0.03030303030303028
 2291 0.03030303030303028
 29 0.09090909090909083
 2125 0.1515151515151514
 1482 0.2121212121212124
 2190 0.2727272727272729
 1386 0.3333333333333335
 679 0.393939393939394
 872 0.4545454545454546
 588 0.5151515151515151
 808 0.5757575757575757
 597 0.6363636363636367
 796 0.6969696969696972
 491 0.7575757575757578
 9 0.8181818181818183
 508 0.8787878787878789
 14 0.9393939393939394
 552 1
 19 1.060606060606061
 488 1.121212121212121
 12 1.181818181818182
 41 1.242424242424242
 117 1.303030303030303
 24 1.363636363636363
 104 1.424242424242425
 24 1.484848484848485
 83 1.545454545454546
 2 1.606060606060606
 0 1.666666666666667
 3 1.727272727272728
 39 1.787878787878788
 8 1.848484848484849
 31 1.909090909090909
 4 1.96969696969697
 2 2.03030303030303
 0 2.090909090909091
 0 2.151515151515151
 3 2.212121212121212
 1 2.272727272727272
 0 2.333333333333334
 11 2.393939393939394
 0 2.454545454545455
 1 2.515151515151516
 0 2.575757575757576
 0 2.636363636363637
 0 2.696969696969697
 0 2.757575757575758
 0 2.818181818181818
 0 2.878787878787879
 0 2.939393939393939
 0 3


