# Created by Octave 3.8.2, Sun Jun 21 05:39:24 2020 CEST <damian@fptrucha.inv.usc.es>
# name: hd
# type: matrix
# rows: 100
# columns: 2
 0 -3
 0 -2.939393939393939
 0 -2.878787878787879
 0 -2.818181818181818
 0 -2.757575757575758
 0 -2.696969696969697
 0 -2.636363636363636
 2 -2.575757575757576
 1 -2.515151515151515
 2 -2.454545454545455
 1 -2.393939393939394
 0 -2.333333333333333
 1 -2.272727272727272
 0 -2.212121212121212
 0 -2.151515151515151
 1 -2.090909090909091
 4 -2.03030303030303
 18 -1.96969696969697
 27 -1.909090909090909
 4 -1.848484848484848
 3 -1.787878787878788
 0 -1.727272727272727
 1 -1.666666666666667
 89 -1.606060606060606
 27 -1.545454545454545
 79 -1.484848484848485
 19 -1.424242424242424
 85 -1.363636363636364
 20 -1.303030303030303
 5 -1.242424242424242
 522 -1.181818181818182
 15 -1.121212121212121
 468 -1.060606060606061
 6 -1
 413 -0.9393939393939394
 15 -0.8787878787878789
 427 -0.8181818181818183
 960 -0.7575757575757573
 643 -0.6969696969696968
 966 -0.6363636363636362
 616 -0.5757575757575757
 808 -0.5151515151515151
 579 -0.4545454545454546
 782 -0.393939393939394
 4226 -0.333333333333333
 510 -0.2727272727272725
 2877 -0.2121212121212119
 9 -0.1515151515151514
 2655 -0.09090909090909083
 10 -0.03030303030303028
 2446 0.03030303030303028
 12 0.09090909090909083
 2137 0.1515151515151514
 1791 0.2121212121212124
 2200 0.2727272727272729
 1527 0.3333333333333335
 595 0.393939393939394
 844 0.4545454545454546
 586 0.5151515151515151
 781 0.5757575757575757
 595 0.6363636363636367
 769 0.6969696969696972
 540 0.7575757575757578
 12 0.8181818181818183
 537 0.8787878787878789
 13 0.9393939393939394
 506 1
 5 1.060606060606061
 502 1.121212121212121
 8 1.181818181818182
 24 1.242424242424242
 119 1.303030303030303
 23 1.363636363636363
 104 1.424242424242425
 23 1.484848484848485
 94 1.545454545454546
 0 1.606060606060606
 0 1.666666666666667
 0 1.727272727272728
 27 1.787878787878788
 2 1.848484848484849
 19 1.909090909090909
 5 1.96969696969697
 3 2.03030303030303
 0 2.090909090909091
 0 2.151515151515151
 0 2.212121212121212
 0 2.272727272727272
 0 2.333333333333334
 3 2.393939393939394
 0 2.454545454545455
 1 2.515151515151516
 0 2.575757575757576
 0 2.636363636363637
 0 2.696969696969697
 0 2.757575757575758
 0 2.818181818181818
 0 2.878787878787879
 0 2.939393939393939
 0 3


