# Created by Octave 3.8.2, Sun Jun 21 01:03:51 2020 CEST <damian@fptrucha.inv.usc.es>
# name: hd
# type: matrix
# rows: 100
# columns: 2
 0 -3
 0 -2.939393939393939
 0 -2.878787878787879
 0 -2.818181818181818
 0 -2.757575757575758
 0 -2.696969696969697
 0 -2.636363636363636
 1 -2.575757575757576
 0 -2.515151515151515
 3 -2.454545454545455
 0 -2.393939393939394
 0 -2.333333333333333
 0 -2.272727272727272
 0 -2.212121212121212
 0 -2.151515151515151
 0 -2.090909090909091
 4 -2.03030303030303
 17 -1.96969696969697
 21 -1.909090909090909
 1 -1.848484848484848
 0 -1.787878787878788
 0 -1.727272727272727
 2 -1.666666666666667
 85 -1.606060606060606
 23 -1.545454545454545
 84 -1.484848484848485
 17 -1.424242424242424
 88 -1.363636363636364
 22 -1.303030303030303
 12 -1.242424242424242
 541 -1.181818181818182
 14 -1.121212121212121
 478 -1.060606060606061
 11 -1
 486 -0.9393939393939394
 9 -0.8787878787878789
 434 -0.8181818181818183
 977 -0.7575757575757573
 645 -0.6969696969696968
 1043 -0.6363636363636362
 588 -0.5757575757575757
 831 -0.5151515151515151
 557 -0.4545454545454546
 756 -0.393939393939394
 4021 -0.333333333333333
 567 -0.2727272727272725
 2848 -0.2121212121212119
 17 -0.1515151515151514
 2551 -0.09090909090909083
 2 -0.03030303030303028
 2432 0.03030303030303028
 13 0.09090909090909083
 2071 0.1515151515151514
 1728 0.2121212121212124
 2250 0.2727272727272729
 1609 0.3333333333333335
 595 0.393939393939394
 879 0.4545454545454546
 635 0.5151515151515151
 753 0.5757575757575757
 539 0.6363636363636367
 753 0.6969696969696972
 566 0.7575757575757578
 8 0.8181818181818183
 560 0.8787878787878789
 13 0.9393939393939394
 521 1
 10 1.060606060606061
 458 1.121212121212121
 8 1.181818181818182
 25 1.242424242424242
 88 1.303030303030303
 10 1.363636363636363
 110 1.424242424242425
 25 1.484848484848485
 97 1.545454545454546
 0 1.606060606060606
 0 1.666666666666667
 0 1.727272727272728
 31 1.787878787878788
 4 1.848484848484849
 22 1.909090909090909
 3 1.96969696969697
 1 2.03030303030303
 0 2.090909090909091
 0 2.151515151515151
 2 2.212121212121212
 1 2.272727272727272
 0 2.333333333333334
 5 2.393939393939394
 1 2.454545454545455
 0 2.515151515151516
 0 2.575757575757576
 0 2.636363636363637
 0 2.696969696969697
 0 2.757575757575758
 0 2.818181818181818
 0 2.878787878787879
 0 2.939393939393939
 0 3


