# Created by Octave 3.8.2, Sat Jun 20 23:21:44 2020 CEST <damian@fptrucha.inv.usc.es>
# name: hd
# type: matrix
# rows: 100
# columns: 2
 0 -3
 0 -2.939393939393939
 0 -2.878787878787879
 0 -2.818181818181818
 0 -2.757575757575758
 0 -2.696969696969697
 0 -2.636363636363636
 0 -2.575757575757576
 1 -2.515151515151515
 3 -2.454545454545455
 0 -2.393939393939394
 0 -2.333333333333333
 0 -2.272727272727272
 0 -2.212121212121212
 0 -2.151515151515151
 1 -2.090909090909091
 3 -2.03030303030303
 15 -1.96969696969697
 19 -1.909090909090909
 2 -1.848484848484848
 2 -1.787878787878788
 0 -1.727272727272727
 1 -1.666666666666667
 66 -1.606060606060606
 17 -1.545454545454545
 62 -1.484848484848485
 13 -1.424242424242424
 50 -1.363636363636364
 14 -1.303030303030303
 6 -1.242424242424242
 357 -1.181818181818182
 4 -1.121212121212121
 316 -1.060606060606061
 5 -1
 279 -0.9393939393939394
 7 -0.8787878787878789
 283 -0.8181818181818183
 632 -0.7575757575757573
 391 -0.6969696969696968
 671 -0.6363636363636362
 395 -0.5757575757575757
 498 -0.5151515151515151
 363 -0.4545454545454546
 500 -0.393939393939394
 2773 -0.333333333333333
 313 -0.2727272727272725
 1908 -0.2121212121212119
 5 -0.1515151515151514
 1701 -0.09090909090909083
 10 -0.03030303030303028
 1570 0.03030303030303028
 5 0.09090909090909083
 1467 0.1515151515151514
 1125 0.2121212121212124
 1363 0.2727272727272729
 1128 0.3333333333333335
 413 0.393939393939394
 592 0.4545454545454546
 461 0.5151515151515151
 527 0.5757575757575757
 389 0.6363636363636367
 485 0.6969696969696972
 409 0.7575757575757578
 9 0.8181818181818183
 344 0.8787878787878789
 11 0.9393939393939394
 358 1
 5 1.060606060606061
 315 1.121212121212121
 5 1.181818181818182
 15 1.242424242424242
 68 1.303030303030303
 16 1.363636363636363
 64 1.424242424242425
 15 1.484848484848485
 68 1.545454545454546
 0 1.606060606060606
 0 1.666666666666667
 0 1.727272727272728
 15 1.787878787878788
 0 1.848484848484849
 15 1.909090909090909
 2 1.96969696969697
 0 2.03030303030303
 0 2.090909090909091
 0 2.151515151515151
 0 2.212121212121212
 1 2.272727272727272
 1 2.333333333333334
 5 2.393939393939394
 0 2.454545454545455
 0 2.515151515151516
 0 2.575757575757576
 0 2.636363636363637
 0 2.696969696969697
 0 2.757575757575758
 0 2.818181818181818
 0 2.878787878787879
 0 2.939393939393939
 0 3


