# Created by Octave 3.8.2, Mon Jun 22 23:15:10 2020 CEST <damian@fptrucha.inv.usc.es>
# name: hd
# type: matrix
# rows: 100
# columns: 2
 0 -3
 0 -2.939393939393939
 0 -2.878787878787879
 0 -2.818181818181818
 0 -2.757575757575758
 0 -2.696969696969697
 0 -2.636363636363636
 0 -2.575757575757576
 0 -2.515151515151515
 10 -2.454545454545455
 0 -2.393939393939394
 0 -2.333333333333333
 2 -2.272727272727272
 0 -2.212121212121212
 0 -2.151515151515151
 1 -2.090909090909091
 3 -2.03030303030303
 38 -1.96969696969697
 36 -1.909090909090909
 2 -1.848484848484848
 1 -1.787878787878788
 0 -1.727272727272727
 0 -1.666666666666667
 113 -1.606060606060606
 22 -1.545454545454545
 84 -1.484848484848485
 27 -1.424242424242424
 116 -1.363636363636364
 32 -1.303030303030303
 21 -1.242424242424242
 613 -1.181818181818182
 20 -1.121212121212121
 606 -1.060606060606061
 18 -1
 528 -0.9393939393939394
 24 -0.8787878787878789
 567 -0.8181818181818183
 991 -0.7575757575757573
 742 -0.6969696969696968
 1090 -0.6363636363636362
 698 -0.5757575757575757
 968 -0.5151515151515151
 651 -0.4545454545454546
 969 -0.393939393939394
 4503 -0.333333333333333
 622 -0.2727272727272725
 2796 -0.2121212121212119
 8 -0.1515151515151514
 2810 -0.09090909090909083
 15 -0.03030303030303028
 2733 0.03030303030303028
 14 0.09090909090909083
 2462 0.1515151515151514
 1679 0.2121212121212124
 2489 0.2727272727272729
 1713 0.3333333333333335
 691 0.393939393939394
 934 0.4545454545454546
 695 0.5151515151515151
 821 0.5757575757575757
 648 0.6363636363636367
 913 0.6969696969696972
 574 0.7575757575757578
 12 0.8181818181818183
 578 0.8787878787878789
 24 0.9393939393939394
 614 1
 14 1.060606060606061
 519 1.121212121212121
 16 1.181818181818182
 28 1.242424242424242
 138 1.303030303030303
 27 1.363636363636363
 133 1.424242424242425
 36 1.484848484848485
 135 1.545454545454546
 3 1.606060606060606
 0 1.666666666666667
 0 1.727272727272728
 32 1.787878787878788
 1 1.848484848484849
 35 1.909090909090909
 6 1.96969696969697
 0 2.03030303030303
 0 2.090909090909091
 0 2.151515151515151
 0 2.212121212121212
 2 2.272727272727272
 1 2.333333333333334
 4 2.393939393939394
 1 2.454545454545455
 1 2.515151515151516
 0 2.575757575757576
 0 2.636363636363637
 0 2.696969696969697
 0 2.757575757575758
 0 2.818181818181818
 0 2.878787878787879
 0 2.939393939393939
 0 3


