# Created by Octave 3.8.2, Mon Jun 22 14:16:30 2020 CEST <damian@fptrucha.inv.usc.es>
# name: hd
# type: matrix
# rows: 100
# columns: 2
 0 -3
 0 -2.939393939393939
 0 -2.878787878787879
 0 -2.818181818181818
 0 -2.757575757575758
 0 -2.696969696969697
 0 -2.636363636363636
 2 -2.575757575757576
 1 -2.515151515151515
 7 -2.454545454545455
 1 -2.393939393939394
 0 -2.333333333333333
 3 -2.272727272727272
 0 -2.212121212121212
 0 -2.151515151515151
 2 -2.090909090909091
 6 -2.03030303030303
 39 -1.96969696969697
 35 -1.909090909090909
 0 -1.848484848484848
 2 -1.787878787878788
 0 -1.727272727272727
 2 -1.666666666666667
 96 -1.606060606060606
 22 -1.545454545454545
 89 -1.484848484848485
 28 -1.424242424242424
 113 -1.363636363636364
 22 -1.303030303030303
 10 -1.242424242424242
 582 -1.181818181818182
 15 -1.121212121212121
 508 -1.060606060606061
 12 -1
 519 -0.9393939393939394
 18 -0.8787878787878789
 509 -0.8181818181818183
 815 -0.7575757575757573
 643 -0.6969696969696968
 1004 -0.6363636363636362
 642 -0.5757575757575757
 861 -0.5151515151515151
 639 -0.4545454545454546
 924 -0.393939393939394
 4135 -0.333333333333333
 608 -0.2727272727272725
 2576 -0.2121212121212119
 5 -0.1515151515151514
 2590 -0.09090909090909083
 16 -0.03030303030303028
 2606 0.03030303030303028
 24 0.09090909090909083
 2309 0.1515151515151514
 1590 0.2121212121212124
 2318 0.2727272727272729
 1573 0.3333333333333335
 635 0.393939393939394
 948 0.4545454545454546
 656 0.5151515151515151
 820 0.5757575757575757
 657 0.6363636363636367
 826 0.6969696969696972
 550 0.7575757575757578
 18 0.8181818181818183
 596 0.8787878787878789
 27 0.9393939393939394
 559 1
 18 1.060606060606061
 568 1.121212121212121
 16 1.181818181818182
 40 1.242424242424242
 112 1.303030303030303
 38 1.363636363636363
 110 1.424242424242425
 31 1.484848484848485
 111 1.545454545454546
 4 1.606060606060606
 0 1.666666666666667
 0 1.727272727272728
 41 1.787878787878788
 5 1.848484848484849
 36 1.909090909090909
 2 1.96969696969697
 0 2.03030303030303
 0 2.090909090909091
 0 2.151515151515151
 2 2.212121212121212
 0 2.272727272727272
 0 2.333333333333334
 8 2.393939393939394
 2 2.454545454545455
 2 2.515151515151516
 0 2.575757575757576
 0 2.636363636363637
 0 2.696969696969697
 0 2.757575757575758
 0 2.818181818181818
 0 2.878787878787879
 0 2.939393939393939
 0 3


