# Created by Octave 3.8.2, Sat Jun 20 19:47:14 2020 CEST <damian@fptrucha.inv.usc.es>
# name: hd
# type: matrix
# rows: 100
# columns: 2
 0 -3
 0 -2.939393939393939
 0 -2.878787878787879
 0 -2.818181818181818
 0 -2.757575757575758
 0 -2.696969696969697
 0 -2.636363636363636
 2 -2.575757575757576
 0 -2.515151515151515
 7 -2.454545454545455
 1 -2.393939393939394
 0 -2.333333333333333
 1 -2.272727272727272
 0 -2.212121212121212
 0 -2.151515151515151
 1 -2.090909090909091
 1 -2.03030303030303
 22 -1.96969696969697
 21 -1.909090909090909
 1 -1.848484848484848
 1 -1.787878787878788
 0 -1.727272727272727
 0 -1.666666666666667
 91 -1.606060606060606
 23 -1.545454545454545
 98 -1.484848484848485
 22 -1.424242424242424
 80 -1.363636363636364
 21 -1.303030303030303
 10 -1.242424242424242
 532 -1.181818181818182
 16 -1.121212121212121
 529 -1.060606060606061
 5 -1
 445 -0.9393939393939394
 12 -0.8787878787878789
 440 -0.8181818181818183
 961 -0.7575757575757573
 684 -0.6969696969696968
 994 -0.6363636363636362
 630 -0.5757575757575757
 848 -0.5151515151515151
 543 -0.4545454545454546
 872 -0.393939393939394
 4049 -0.333333333333333
 546 -0.2727272727272725
 2872 -0.2121212121212119
 13 -0.1515151515151514
 2644 -0.09090909090909083
 11 -0.03030303030303028
 2461 0.03030303030303028
 17 0.09090909090909083
 2237 0.1515151515151514
 1750 0.2121212121212124
 2251 0.2727272727272729
 1636 0.3333333333333335
 654 0.393939393939394
 922 0.4545454545454546
 684 0.5151515151515151
 833 0.5757575757575757
 598 0.6363636363636367
 808 0.6969696969696972
 607 0.7575757575757578
 6 0.8181818181818183
 543 0.8787878787878789
 10 0.9393939393939394
 518 1
 16 1.060606060606061
 497 1.121212121212121
 13 1.181818181818182
 23 1.242424242424242
 87 1.303030303030303
 19 1.363636363636363
 101 1.424242424242425
 18 1.484848484848485
 67 1.545454545454546
 5 1.606060606060606
 0 1.666666666666667
 0 1.727272727272728
 29 1.787878787878788
 1 1.848484848484849
 25 1.909090909090909
 3 1.96969696969697
 0 2.03030303030303
 0 2.090909090909091
 0 2.151515151515151
 2 2.212121212121212
 0 2.272727272727272
 0 2.333333333333334
 4 2.393939393939394
 0 2.454545454545455
 0 2.515151515151516
 0 2.575757575757576
 0 2.636363636363637
 0 2.696969696969697
 0 2.757575757575758
 0 2.818181818181818
 0 2.878787878787879
 0 2.939393939393939
 0 3


