# Created by Octave 3.8.2, Mon Jun 22 14:29:59 2020 CEST <damian@fptrucha.inv.usc.es>
# name: hd
# type: matrix
# rows: 100
# columns: 2
 0 -3
 0 -2.939393939393939
 0 -2.878787878787879
 0 -2.818181818181818
 0 -2.757575757575758
 0 -2.696969696969697
 0 -2.636363636363636
 1 -2.575757575757576
 2 -2.515151515151515
 5 -2.454545454545455
 2 -2.393939393939394
 0 -2.333333333333333
 1 -2.272727272727272
 0 -2.212121212121212
 0 -2.151515151515151
 2 -2.090909090909091
 5 -2.03030303030303
 29 -1.96969696969697
 36 -1.909090909090909
 1 -1.848484848484848
 1 -1.787878787878788
 0 -1.727272727272727
 1 -1.666666666666667
 100 -1.606060606060606
 30 -1.545454545454545
 96 -1.484848484848485
 35 -1.424242424242424
 106 -1.363636363636364
 20 -1.303030303030303
 11 -1.242424242424242
 508 -1.181818181818182
 17 -1.121212121212121
 515 -1.060606060606061
 21 -1
 522 -0.9393939393939394
 28 -0.8787878787878789
 493 -0.8181818181818183
 913 -0.7575757575757573
 594 -0.6969696969696968
 979 -0.6363636363636362
 650 -0.5757575757575757
 856 -0.5151515151515151
 663 -0.4545454545454546
 946 -0.393939393939394
 4047 -0.333333333333333
 606 -0.2727272727272725
 2582 -0.2121212121212119
 16 -0.1515151515151514
 2694 -0.09090909090909083
 8 -0.03030303030303028
 2474 0.03030303030303028
 20 0.09090909090909083
 2373 0.1515151515151514
 1476 0.2121212121212124
 2375 0.2727272727272729
 1583 0.3333333333333335
 674 0.393939393939394
 916 0.4545454545454546
 658 0.5151515151515151
 857 0.5757575757575757
 631 0.6363636363636367
 901 0.6969696969696972
 548 0.7575757575757578
 14 0.8181818181818183
 570 0.8787878787878789
 18 0.9393939393939394
 575 1
 14 1.060606060606061
 536 1.121212121212121
 14 1.181818181818182
 33 1.242424242424242
 112 1.303030303030303
 33 1.363636363636363
 127 1.424242424242425
 41 1.484848484848485
 112 1.545454545454546
 1 1.606060606060606
 0 1.666666666666667
 1 1.727272727272728
 41 1.787878787878788
 4 1.848484848484849
 34 1.909090909090909
 2 1.96969696969697
 4 2.03030303030303
 0 2.090909090909091
 0 2.151515151515151
 1 2.212121212121212
 1 2.272727272727272
 1 2.333333333333334
 10 2.393939393939394
 0 2.454545454545455
 0 2.515151515151516
 0 2.575757575757576
 0 2.636363636363637
 0 2.696969696969697
 0 2.757575757575758
 0 2.818181818181818
 0 2.878787878787879
 0 2.939393939393939
 0 3


