# Created by Octave 3.8.2, Mon Jun 22 12:49:07 2020 CEST <damian@fptrucha.inv.usc.es>
# name: hd
# type: matrix
# rows: 100
# columns: 2
 0 -3
 0 -2.939393939393939
 0 -2.878787878787879
 0 -2.818181818181818
 0 -2.757575757575758
 0 -2.696969696969697
 0 -2.636363636363636
 0 -2.575757575757576
 0 -2.515151515151515
 3 -2.454545454545455
 0 -2.393939393939394
 0 -2.333333333333333
 2 -2.272727272727272
 0 -2.212121212121212
 0 -2.151515151515151
 2 -2.090909090909091
 2 -2.03030303030303
 33 -1.96969696969697
 35 -1.909090909090909
 2 -1.848484848484848
 2 -1.787878787878788
 0 -1.727272727272727
 1 -1.666666666666667
 101 -1.606060606060606
 35 -1.545454545454545
 95 -1.484848484848485
 27 -1.424242424242424
 128 -1.363636363636364
 28 -1.303030303030303
 16 -1.242424242424242
 566 -1.181818181818182
 10 -1.121212121212121
 585 -1.060606060606061
 19 -1
 509 -0.9393939393939394
 28 -0.8787878787878789
 531 -0.8181818181818183
 923 -0.7575757575757573
 636 -0.6969696969696968
 960 -0.6363636363636362
 657 -0.5757575757575757
 847 -0.5151515151515151
 616 -0.4545454545454546
 953 -0.393939393939394
 4186 -0.333333333333333
 593 -0.2727272727272725
 2551 -0.2121212121212119
 16 -0.1515151515151514
 2662 -0.09090909090909083
 17 -0.03030303030303028
 2469 0.03030303030303028
 19 0.09090909090909083
 2404 0.1515151515151514
 1621 0.2121212121212124
 2302 0.2727272727272729
 1578 0.3333333333333335
 657 0.393939393939394
 889 0.4545454545454546
 648 0.5151515151515151
 785 0.5757575757575757
 653 0.6363636363636367
 893 0.6969696969696972
 518 0.7575757575757578
 13 0.8181818181818183
 556 0.8787878787878789
 12 0.9393939393939394
 555 1
 15 1.060606060606061
 522 1.121212121212121
 14 1.181818181818182
 25 1.242424242424242
 121 1.303030303030303
 28 1.363636363636363
 101 1.424242424242425
 27 1.484848484848485
 101 1.545454545454546
 1 1.606060606060606
 0 1.666666666666667
 5 1.727272727272728
 37 1.787878787878788
 7 1.848484848484849
 36 1.909090909090909
 7 1.96969696969697
 1 2.03030303030303
 0 2.090909090909091
 0 2.151515151515151
 2 2.212121212121212
 0 2.272727272727272
 0 2.333333333333334
 8 2.393939393939394
 1 2.454545454545455
 1 2.515151515151516
 0 2.575757575757576
 0 2.636363636363637
 0 2.696969696969697
 0 2.757575757575758
 0 2.818181818181818
 0 2.878787878787879
 0 2.939393939393939
 0 3


