# Created by Octave 3.8.2, Sat Jun 20 04:12:56 2020 CEST <damian@fptrucha.inv.usc.es>
# name: hd
# type: matrix
# rows: 100
# columns: 2
 0 -3
 0 -2.939393939393939
 0 -2.878787878787879
 0 -2.818181818181818
 0 -2.757575757575758
 0 -2.696969696969697
 0 -2.636363636363636
 1 -2.575757575757576
 1 -2.515151515151515
 6 -2.454545454545455
 0 -2.393939393939394
 1 -2.333333333333333
 0 -2.272727272727272
 0 -2.212121212121212
 0 -2.151515151515151
 3 -2.090909090909091
 3 -2.03030303030303
 44 -1.96969696969697
 38 -1.909090909090909
 2 -1.848484848484848
 0 -1.787878787878788
 0 -1.727272727272727
 0 -1.666666666666667
 113 -1.606060606060606
 26 -1.545454545454545
 120 -1.484848484848485
 39 -1.424242424242424
 122 -1.363636363636364
 30 -1.303030303030303
 9 -1.242424242424242
 662 -1.181818181818182
 16 -1.121212121212121
 654 -1.060606060606061
 18 -1
 562 -0.9393939393939394
 23 -0.8787878787878789
 546 -0.8181818181818183
 1190 -0.7575757575757573
 753 -0.6969696969696968
 1177 -0.6363636363636362
 786 -0.5757575757575757
 1048 -0.5151515151515151
 682 -0.4545454545454546
 987 -0.393939393939394
 4690 -0.333333333333333
 652 -0.2727272727272725
 3122 -0.2121212121212119
 15 -0.1515151515151514
 3070 -0.09090909090909083
 18 -0.03030303030303028
 2843 0.03030303030303028
 10 0.09090909090909083
 2509 0.1515151515151514
 1852 0.2121212121212124
 2503 0.2727272727272729
 1664 0.3333333333333335
 653 0.393939393939394
 868 0.4545454545454546
 681 0.5151515151515151
 846 0.5757575757575757
 653 0.6363636363636367
 832 0.6969696969696972
 534 0.7575757575757578
 7 0.8181818181818183
 557 0.8787878787878789
 13 0.9393939393939394
 517 1
 12 1.060606060606061
 485 1.121212121212121
 10 1.181818181818182
 26 1.242424242424242
 85 1.303030303030303
 23 1.363636363636363
 98 1.424242424242425
 25 1.484848484848485
 81 1.545454545454546
 4 1.606060606060606
 0 1.666666666666667
 3 1.727272727272728
 27 1.787878787878788
 4 1.848484848484849
 21 1.909090909090909
 2 1.96969696969697
 3 2.03030303030303
 0 2.090909090909091
 0 2.151515151515151
 3 2.212121212121212
 1 2.272727272727272
 1 2.333333333333334
 6 2.393939393939394
 0 2.454545454545455
 1 2.515151515151516
 0 2.575757575757576
 0 2.636363636363637
 0 2.696969696969697
 0 2.757575757575758
 0 2.818181818181818
 0 2.878787878787879
 0 2.939393939393939
 0 3


