# Created by Octave 3.8.2, Sat Jun 20 07:11:59 2020 CEST <damian@fptrucha.inv.usc.es>
# name: hd
# type: matrix
# rows: 100
# columns: 2
 0 -3
 0 -2.939393939393939
 0 -2.878787878787879
 0 -2.818181818181818
 0 -2.757575757575758
 0 -2.696969696969697
 0 -2.636363636363636
 1 -2.575757575757576
 0 -2.515151515151515
 4 -2.454545454545455
 0 -2.393939393939394
 2 -2.333333333333333
 1 -2.272727272727272
 0 -2.212121212121212
 0 -2.151515151515151
 1 -2.090909090909091
 8 -2.03030303030303
 41 -1.96969696969697
 34 -1.909090909090909
 4 -1.848484848484848
 1 -1.787878787878788
 0 -1.727272727272727
 5 -1.666666666666667
 126 -1.606060606060606
 30 -1.545454545454545
 130 -1.484848484848485
 27 -1.424242424242424
 102 -1.363636363636364
 24 -1.303030303030303
 15 -1.242424242424242
 715 -1.181818181818182
 19 -1.121212121212121
 611 -1.060606060606061
 13 -1
 559 -0.9393939393939394
 11 -0.8787878787878789
 555 -0.8181818181818183
 1165 -0.7575757575757573
 833 -0.6969696969696968
 1265 -0.6363636363636362
 771 -0.5757575757575757
 1066 -0.5151515151515151
 671 -0.4545454545454546
 1049 -0.393939393939394
 4792 -0.333333333333333
 639 -0.2727272727272725
 3295 -0.2121212121212119
 8 -0.1515151515151514
 2929 -0.09090909090909083
 8 -0.03030303030303028
 2843 0.03030303030303028
 10 0.09090909090909083
 2500 0.1515151515151514
 1876 0.2121212121212124
 2457 0.2727272727272729
 1812 0.3333333333333335
 645 0.393939393939394
 951 0.4545454545454546
 717 0.5151515151515151
 858 0.5757575757575757
 613 0.6363636363636367
 885 0.6969696969696972
 614 0.7575757575757578
 8 0.8181818181818183
 573 0.8787878787878789
 10 0.9393939393939394
 520 1
 14 1.060606060606061
 523 1.121212121212121
 11 1.181818181818182
 41 1.242424242424242
 96 1.303030303030303
 28 1.363636363636363
 101 1.424242424242425
 18 1.484848484848485
 88 1.545454545454546
 4 1.606060606060606
 0 1.666666666666667
 0 1.727272727272728
 29 1.787878787878788
 3 1.848484848484849
 30 1.909090909090909
 6 1.96969696969697
 1 2.03030303030303
 0 2.090909090909091
 0 2.151515151515151
 0 2.212121212121212
 2 2.272727272727272
 1 2.333333333333334
 7 2.393939393939394
 0 2.454545454545455
 1 2.515151515151516
 0 2.575757575757576
 0 2.636363636363637
 0 2.696969696969697
 0 2.757575757575758
 0 2.818181818181818
 0 2.878787878787879
 0 2.939393939393939
 0 3


