# Created by Octave 3.8.2, Mon Jun 22 15:47:33 2020 CEST <damian@fptrucha.inv.usc.es>
# name: hd
# type: matrix
# rows: 100
# columns: 2
 0 -3
 0 -2.939393939393939
 0 -2.878787878787879
 0 -2.818181818181818
 0 -2.757575757575758
 0 -2.696969696969697
 0 -2.636363636363636
 4 -2.575757575757576
 1 -2.515151515151515
 5 -2.454545454545455
 0 -2.393939393939394
 1 -2.333333333333333
 0 -2.272727272727272
 0 -2.212121212121212
 0 -2.151515151515151
 1 -2.090909090909091
 6 -2.03030303030303
 21 -1.96969696969697
 42 -1.909090909090909
 0 -1.848484848484848
 1 -1.787878787878788
 0 -1.727272727272727
 5 -1.666666666666667
 98 -1.606060606060606
 24 -1.545454545454545
 98 -1.484848484848485
 28 -1.424242424242424
 117 -1.363636363636364
 28 -1.303030303030303
 18 -1.242424242424242
 564 -1.181818181818182
 19 -1.121212121212121
 544 -1.060606060606061
 18 -1
 492 -0.9393939393939394
 27 -0.8787878787878789
 492 -0.8181818181818183
 948 -0.7575757575757573
 670 -0.6969696969696968
 1049 -0.6363636363636362
 680 -0.5757575757575757
 940 -0.5151515151515151
 655 -0.4545454545454546
 991 -0.393939393939394
 4177 -0.333333333333333
 592 -0.2727272727272725
 2741 -0.2121212121212119
 13 -0.1515151515151514
 2746 -0.09090909090909083
 15 -0.03030303030303028
 2626 0.03030303030303028
 18 0.09090909090909083
 2320 0.1515151515151514
 1668 0.2121212121212124
 2402 0.2727272727272729
 1654 0.3333333333333335
 706 0.393939393939394
 968 0.4545454545454546
 713 0.5151515151515151
 881 0.5757575757575757
 684 0.6363636363636367
 894 0.6969696969696972
 552 0.7575757575757578
 22 0.8181818181818183
 636 0.8787878787878789
 13 0.9393939393939394
 591 1
 18 1.060606060606061
 544 1.121212121212121
 15 1.181818181818182
 26 1.242424242424242
 126 1.303030303030303
 29 1.363636363636363
 129 1.424242424242425
 34 1.484848484848485
 122 1.545454545454546
 6 1.606060606060606
 0 1.666666666666667
 2 1.727272727272728
 49 1.787878787878788
 6 1.848484848484849
 46 1.909090909090909
 5 1.96969696969697
 1 2.03030303030303
 0 2.090909090909091
 0 2.151515151515151
 3 2.212121212121212
 2 2.272727272727272
 2 2.333333333333334
 12 2.393939393939394
 1 2.454545454545455
 0 2.515151515151516
 0 2.575757575757576
 0 2.636363636363637
 0 2.696969696969697
 0 2.757575757575758
 0 2.818181818181818
 0 2.878787878787879
 0 2.939393939393939
 0 3


