# Created by Octave 3.8.2, Mon Jun 22 02:56:39 2020 CEST <damian@fptrucha.inv.usc.es>
# name: hd
# type: matrix
# rows: 100
# columns: 2
 0 -3
 0 -2.939393939393939
 0 -2.878787878787879
 0 -2.818181818181818
 0 -2.757575757575758
 0 -2.696969696969697
 0 -2.636363636363636
 0 -2.575757575757576
 1 -2.515151515151515
 11 -2.454545454545455
 0 -2.393939393939394
 0 -2.333333333333333
 3 -2.272727272727272
 0 -2.212121212121212
 0 -2.151515151515151
 1 -2.090909090909091
 6 -2.03030303030303
 28 -1.96969696969697
 39 -1.909090909090909
 1 -1.848484848484848
 2 -1.787878787878788
 0 -1.727272727272727
 3 -1.666666666666667
 98 -1.606060606060606
 23 -1.545454545454545
 108 -1.484848484848485
 37 -1.424242424242424
 116 -1.363636363636364
 20 -1.303030303030303
 19 -1.242424242424242
 463 -1.181818181818182
 7 -1.121212121212121
 483 -1.060606060606061
 18 -1
 503 -0.9393939393939394
 15 -0.8787878787878789
 511 -0.8181818181818183
 915 -0.7575757575757573
 501 -0.6969696969696968
 925 -0.6363636363636362
 519 -0.5757575757575757
 817 -0.5151515151515151
 543 -0.4545454545454546
 899 -0.393939393939394
 3840 -0.333333333333333
 574 -0.2727272727272725
 2335 -0.2121212121212119
 16 -0.1515151515151514
 2433 -0.09090909090909083
 13 -0.03030303030303028
 2383 0.03030303030303028
 23 0.09090909090909083
 2105 0.1515151515151514
 1502 0.2121212121212124
 2123 0.2727272727272729
 1457 0.3333333333333335
 621 0.393939393939394
 869 0.4545454545454546
 649 0.5151515151515151
 740 0.5757575757575757
 587 0.6363636363636367
 778 0.6969696969696972
 498 0.7575757575757578
 18 0.8181818181818183
 538 0.8787878787878789
 28 0.9393939393939394
 567 1
 14 1.060606060606061
 501 1.121212121212121
 23 1.181818181818182
 29 1.242424242424242
 91 1.303030303030303
 23 1.363636363636363
 102 1.424242424242425
 35 1.484848484848485
 110 1.545454545454546
 3 1.606060606060606
 0 1.666666666666667
 1 1.727272727272728
 38 1.787878787878788
 10 1.848484848484849
 36 1.909090909090909
 4 1.96969696969697
 3 2.03030303030303
 0 2.090909090909091
 0 2.151515151515151
 2 2.212121212121212
 1 2.272727272727272
 1 2.333333333333334
 11 2.393939393939394
 0 2.454545454545455
 1 2.515151515151516
 0 2.575757575757576
 0 2.636363636363637
 0 2.696969696969697
 0 2.757575757575758
 0 2.818181818181818
 0 2.878787878787879
 0 2.939393939393939
 0 3


