# Created by Octave 3.8.2, Mon Jun 22 11:54:17 2020 CEST <damian@fptrucha.inv.usc.es>
# name: hd
# type: matrix
# rows: 100
# columns: 2
 0 -3
 0 -2.939393939393939
 0 -2.878787878787879
 0 -2.818181818181818
 0 -2.757575757575758
 0 -2.696969696969697
 0 -2.636363636363636
 0 -2.575757575757576
 0 -2.515151515151515
 7 -2.454545454545455
 0 -2.393939393939394
 0 -2.333333333333333
 0 -2.272727272727272
 0 -2.212121212121212
 0 -2.151515151515151
 3 -2.090909090909091
 2 -2.03030303030303
 27 -1.96969696969697
 29 -1.909090909090909
 6 -1.848484848484848
 1 -1.787878787878788
 0 -1.727272727272727
 0 -1.666666666666667
 79 -1.606060606060606
 32 -1.545454545454545
 110 -1.484848484848485
 32 -1.424242424242424
 129 -1.363636363636364
 27 -1.303030303030303
 18 -1.242424242424242
 528 -1.181818181818182
 14 -1.121212121212121
 494 -1.060606060606061
 15 -1
 472 -0.9393939393939394
 14 -0.8787878787878789
 493 -0.8181818181818183
 822 -0.7575757575757573
 603 -0.6969696969696968
 918 -0.6363636363636362
 648 -0.5757575757575757
 945 -0.5151515151515151
 613 -0.4545454545454546
 878 -0.393939393939394
 3970 -0.333333333333333
 547 -0.2727272727272725
 2445 -0.2121212121212119
 14 -0.1515151515151514
 2509 -0.09090909090909083
 18 -0.03030303030303028
 2567 0.03030303030303028
 20 0.09090909090909083
 2291 0.1515151515151514
 1518 0.2121212121212124
 2363 0.2727272727272729
 1512 0.3333333333333335
 655 0.393939393939394
 905 0.4545454545454546
 702 0.5151515151515151
 781 0.5757575757575757
 628 0.6363636363636367
 822 0.6969696969696972
 562 0.7575757575757578
 18 0.8181818181818183
 553 0.8787878787878789
 18 0.9393939393939394
 536 1
 18 1.060606060606061
 458 1.121212121212121
 10 1.181818181818182
 29 1.242424242424242
 129 1.303030303030303
 36 1.363636363636363
 110 1.424242424242425
 38 1.484848484848485
 112 1.545454545454546
 2 1.606060606060606
 0 1.666666666666667
 0 1.727272727272728
 43 1.787878787878788
 5 1.848484848484849
 42 1.909090909090909
 3 1.96969696969697
 2 2.03030303030303
 0 2.090909090909091
 0 2.151515151515151
 4 2.212121212121212
 1 2.272727272727272
 1 2.333333333333334
 5 2.393939393939394
 1 2.454545454545455
 1 2.515151515151516
 0 2.575757575757576
 0 2.636363636363637
 0 2.696969696969697
 0 2.757575757575758
 0 2.818181818181818
 0 2.878787878787879
 0 2.939393939393939
 0 3


