# Created by Octave 3.8.2, Mon Jun 22 09:20:15 2020 CEST <damian@fptrucha.inv.usc.es>
# name: hd
# type: matrix
# rows: 100
# columns: 2
 0 -3
 0 -2.939393939393939
 0 -2.878787878787879
 0 -2.818181818181818
 0 -2.757575757575758
 0 -2.696969696969697
 0 -2.636363636363636
 0 -2.575757575757576
 1 -2.515151515151515
 5 -2.454545454545455
 1 -2.393939393939394
 2 -2.333333333333333
 2 -2.272727272727272
 0 -2.212121212121212
 0 -2.151515151515151
 2 -2.090909090909091
 7 -2.03030303030303
 45 -1.96969696969697
 35 -1.909090909090909
 0 -1.848484848484848
 3 -1.787878787878788
 0 -1.727272727272727
 1 -1.666666666666667
 101 -1.606060606060606
 31 -1.545454545454545
 131 -1.484848484848485
 36 -1.424242424242424
 107 -1.363636363636364
 25 -1.303030303030303
 17 -1.242424242424242
 549 -1.181818181818182
 15 -1.121212121212121
 523 -1.060606060606061
 6 -1
 513 -0.9393939393939394
 13 -0.8787878787878789
 526 -0.8181818181818183
 869 -0.7575757575757573
 593 -0.6969696969696968
 904 -0.6363636363636362
 615 -0.5757575757575757
 868 -0.5151515151515151
 596 -0.4545454545454546
 910 -0.393939393939394
 3936 -0.333333333333333
 554 -0.2727272727272725
 2585 -0.2121212121212119
 15 -0.1515151515151514
 2532 -0.09090909090909083
 12 -0.03030303030303028
 2459 0.03030303030303028
 19 0.09090909090909083
 2220 0.1515151515151514
 1516 0.2121212121212124
 2237 0.2727272727272729
 1484 0.3333333333333335
 632 0.393939393939394
 900 0.4545454545454546
 661 0.5151515151515151
 841 0.5757575757575757
 681 0.6363636363636367
 852 0.6969696969696972
 545 0.7575757575757578
 13 0.8181818181818183
 515 0.8787878787878789
 18 0.9393939393939394
 494 1
 24 1.060606060606061
 490 1.121212121212121
 13 1.181818181818182
 28 1.242424242424242
 111 1.303030303030303
 26 1.363636363636363
 99 1.424242424242425
 33 1.484848484848485
 107 1.545454545454546
 3 1.606060606060606
 0 1.666666666666667
 2 1.727272727272728
 37 1.787878787878788
 5 1.848484848484849
 35 1.909090909090909
 0 1.96969696969697
 1 2.03030303030303
 0 2.090909090909091
 0 2.151515151515151
 2 2.212121212121212
 1 2.272727272727272
 1 2.333333333333334
 16 2.393939393939394
 0 2.454545454545455
 1 2.515151515151516
 0 2.575757575757576
 0 2.636363636363637
 0 2.696969696969697
 0 2.757575757575758
 0 2.818181818181818
 0 2.878787878787879
 0 2.939393939393939
 0 3


