# Created by Octave 3.8.2, Sat Jun 20 13:41:43 2020 CEST <damian@fptrucha.inv.usc.es>
# name: hd
# type: matrix
# rows: 100
# columns: 2
 0 -3
 0 -2.939393939393939
 0 -2.878787878787879
 0 -2.818181818181818
 0 -2.757575757575758
 0 -2.696969696969697
 0 -2.636363636363636
 1 -2.575757575757576
 2 -2.515151515151515
 4 -2.454545454545455
 0 -2.393939393939394
 0 -2.333333333333333
 0 -2.272727272727272
 0 -2.212121212121212
 0 -2.151515151515151
 4 -2.090909090909091
 4 -2.03030303030303
 18 -1.96969696969697
 24 -1.909090909090909
 2 -1.848484848484848
 2 -1.787878787878788
 0 -1.727272727272727
 1 -1.666666666666667
 98 -1.606060606060606
 27 -1.545454545454545
 91 -1.484848484848485
 29 -1.424242424242424
 97 -1.363636363636364
 16 -1.303030303030303
 18 -1.242424242424242
 522 -1.181818181818182
 15 -1.121212121212121
 547 -1.060606060606061
 8 -1
 467 -0.9393939393939394
 13 -0.8787878787878789
 435 -0.8181818181818183
 1087 -0.7575757575757573
 710 -0.6969696969696968
 1080 -0.6363636363636362
 598 -0.5757575757575757
 978 -0.5151515151515151
 625 -0.4545454545454546
 883 -0.393939393939394
 4476 -0.333333333333333
 540 -0.2727272727272725
 2998 -0.2121212121212119
 8 -0.1515151515151514
 2734 -0.09090909090909083
 14 -0.03030303030303028
 2598 0.03030303030303028
 11 0.09090909090909083
 2328 0.1515151515151514
 1820 0.2121212121212124
 2353 0.2727272727272729
 1777 0.3333333333333335
 651 0.393939393939394
 974 0.4545454545454546
 714 0.5151515151515151
 906 0.5757575757575757
 650 0.6363636363636367
 812 0.6969696969696972
 603 0.7575757575757578
 15 0.8181818181818183
 607 0.8787878787878789
 10 0.9393939393939394
 583 1
 11 1.060606060606061
 504 1.121212121212121
 10 1.181818181818182
 33 1.242424242424242
 115 1.303030303030303
 23 1.363636363636363
 102 1.424242424242425
 33 1.484848484848485
 109 1.545454545454546
 1 1.606060606060606
 0 1.666666666666667
 2 1.727272727272728
 32 1.787878787878788
 4 1.848484848484849
 28 1.909090909090909
 5 1.96969696969697
 2 2.03030303030303
 0 2.090909090909091
 0 2.151515151515151
 2 2.212121212121212
 1 2.272727272727272
 2 2.333333333333334
 8 2.393939393939394
 1 2.454545454545455
 0 2.515151515151516
 0 2.575757575757576
 0 2.636363636363637
 0 2.696969696969697
 0 2.757575757575758
 0 2.818181818181818
 0 2.878787878787879
 0 2.939393939393939
 0 3


