# Created by Octave 3.8.2, Sat Jun 20 08:40:56 2020 CEST <damian@fptrucha.inv.usc.es>
# name: hd
# type: matrix
# rows: 100
# columns: 2
 0 -3
 0 -2.939393939393939
 0 -2.878787878787879
 0 -2.818181818181818
 0 -2.757575757575758
 0 -2.696969696969697
 0 -2.636363636363636
 2 -2.575757575757576
 0 -2.515151515151515
 3 -2.454545454545455
 0 -2.393939393939394
 1 -2.333333333333333
 2 -2.272727272727272
 0 -2.212121212121212
 0 -2.151515151515151
 3 -2.090909090909091
 3 -2.03030303030303
 26 -1.96969696969697
 25 -1.909090909090909
 1 -1.848484848484848
 1 -1.787878787878788
 0 -1.727272727272727
 1 -1.666666666666667
 83 -1.606060606060606
 15 -1.545454545454545
 68 -1.484848484848485
 17 -1.424242424242424
 79 -1.363636363636364
 13 -1.303030303030303
 10 -1.242424242424242
 398 -1.181818181818182
 8 -1.121212121212121
 387 -1.060606060606061
 11 -1
 340 -0.9393939393939394
 11 -0.8787878787878789
 320 -0.8181818181818183
 826 -0.7575757575757573
 525 -0.6969696969696968
 751 -0.6363636363636362
 483 -0.5757575757575757
 704 -0.5151515151515151
 461 -0.4545454545454546
 615 -0.393939393939394
 3101 -0.333333333333333
 416 -0.2727272727272725
 2030 -0.2121212121212119
 10 -0.1515151515151514
 1925 -0.09090909090909083
 6 -0.03030303030303028
 1896 0.03030303030303028
 9 0.09090909090909083
 1659 0.1515151515151514
 1292 0.2121212121212124
 1657 0.2727272727272729
 1239 0.3333333333333335
 476 0.393939393939394
 664 0.4545454545454546
 519 0.5151515151515151
 638 0.5757575757575757
 451 0.6363636363636367
 604 0.6969696969696972
 426 0.7575757575757578
 9 0.8181818181818183
 422 0.8787878787878789
 10 0.9393939393939394
 376 1
 9 1.060606060606061
 397 1.121212121212121
 7 1.181818181818182
 18 1.242424242424242
 99 1.303030303030303
 17 1.363636363636363
 75 1.424242424242425
 26 1.484848484848485
 69 1.545454545454546
 0 1.606060606060606
 0 1.666666666666667
 1 1.727272727272728
 31 1.787878787878788
 1 1.848484848484849
 20 1.909090909090909
 8 1.96969696969697
 0 2.03030303030303
 0 2.090909090909091
 0 2.151515151515151
 3 2.212121212121212
 1 2.272727272727272
 0 2.333333333333334
 5 2.393939393939394
 0 2.454545454545455
 0 2.515151515151516
 0 2.575757575757576
 0 2.636363636363637
 0 2.696969696969697
 0 2.757575757575758
 0 2.818181818181818
 0 2.878787878787879
 0 2.939393939393939
 0 3


