# Created by Octave 3.8.2, Sat Jun 20 14:27:16 2020 CEST <damian@fptrucha.inv.usc.es>
# name: hd
# type: matrix
# rows: 100
# columns: 2
 0 -3
 0 -2.939393939393939
 0 -2.878787878787879
 0 -2.818181818181818
 0 -2.757575757575758
 0 -2.696969696969697
 0 -2.636363636363636
 0 -2.575757575757576
 2 -2.515151515151515
 6 -2.454545454545455
 0 -2.393939393939394
 1 -2.333333333333333
 0 -2.272727272727272
 0 -2.212121212121212
 0 -2.151515151515151
 1 -2.090909090909091
 1 -2.03030303030303
 29 -1.96969696969697
 29 -1.909090909090909
 2 -1.848484848484848
 2 -1.787878787878788
 0 -1.727272727272727
 1 -1.666666666666667
 125 -1.606060606060606
 22 -1.545454545454545
 97 -1.484848484848485
 24 -1.424242424242424
 79 -1.363636363636364
 18 -1.303030303030303
 12 -1.242424242424242
 540 -1.181818181818182
 18 -1.121212121212121
 537 -1.060606060606061
 9 -1
 459 -0.9393939393939394
 14 -0.8787878787878789
 444 -0.8181818181818183
 1024 -0.7575757575757573
 710 -0.6969696969696968
 1133 -0.6363636363636362
 686 -0.5757575757575757
 895 -0.5151515151515151
 596 -0.4545454545454546
 845 -0.393939393939394
 4417 -0.333333333333333
 560 -0.2727272727272725
 3096 -0.2121212121212119
 14 -0.1515151515151514
 2732 -0.09090909090909083
 10 -0.03030303030303028
 2681 0.03030303030303028
 14 0.09090909090909083
 2320 0.1515151515151514
 1824 0.2121212121212124
 2368 0.2727272727272729
 1759 0.3333333333333335
 679 0.393939393939394
 969 0.4545454545454546
 722 0.5151515151515151
 889 0.5757575757575757
 642 0.6363636363636367
 813 0.6969696969696972
 667 0.7575757575757578
 8 0.8181818181818183
 613 0.8787878787878789
 9 0.9393939393939394
 548 1
 10 1.060606060606061
 527 1.121212121212121
 14 1.181818181818182
 21 1.242424242424242
 116 1.303030303030303
 26 1.363636363636363
 123 1.424242424242425
 17 1.484848484848485
 109 1.545454545454546
 4 1.606060606060606
 0 1.666666666666667
 1 1.727272727272728
 35 1.787878787878788
 2 1.848484848484849
 21 1.909090909090909
 1 1.96969696969697
 0 2.03030303030303
 0 2.090909090909091
 0 2.151515151515151
 1 2.212121212121212
 0 2.272727272727272
 0 2.333333333333334
 8 2.393939393939394
 2 2.454545454545455
 1 2.515151515151516
 0 2.575757575757576
 0 2.636363636363637
 0 2.696969696969697
 0 2.757575757575758
 0 2.818181818181818
 0 2.878787878787879
 0 2.939393939393939
 0 3


