# Created by Octave 3.8.2, Mon Jun 22 08:42:51 2020 CEST <damian@fptrucha.inv.usc.es>
# name: hd
# type: matrix
# rows: 100
# columns: 2
 0 -3
 0 -2.939393939393939
 0 -2.878787878787879
 0 -2.818181818181818
 0 -2.757575757575758
 0 -2.696969696969697
 0 -2.636363636363636
 1 -2.575757575757576
 0 -2.515151515151515
 9 -2.454545454545455
 1 -2.393939393939394
 0 -2.333333333333333
 0 -2.272727272727272
 0 -2.212121212121212
 0 -2.151515151515151
 1 -2.090909090909091
 3 -2.03030303030303
 37 -1.96969696969697
 34 -1.909090909090909
 1 -1.848484848484848
 1 -1.787878787878788
 0 -1.727272727272727
 3 -1.666666666666667
 106 -1.606060606060606
 30 -1.545454545454545
 126 -1.484848484848485
 16 -1.424242424242424
 102 -1.363636363636364
 24 -1.303030303030303
 14 -1.242424242424242
 502 -1.181818181818182
 19 -1.121212121212121
 554 -1.060606060606061
 17 -1
 483 -0.9393939393939394
 20 -0.8787878787878789
 531 -0.8181818181818183
 854 -0.7575757575757573
 552 -0.6969696969696968
 920 -0.6363636363636362
 641 -0.5757575757575757
 872 -0.5151515151515151
 635 -0.4545454545454546
 857 -0.393939393939394
 3835 -0.333333333333333
 624 -0.2727272727272725
 2498 -0.2121212121212119
 15 -0.1515151515151514
 2606 -0.09090909090909083
 22 -0.03030303030303028
 2395 0.03030303030303028
 19 0.09090909090909083
 2204 0.1515151515151514
 1429 0.2121212121212124
 2292 0.2727272727272729
 1528 0.3333333333333335
 643 0.393939393939394
 887 0.4545454545454546
 606 0.5151515151515151
 839 0.5757575757575757
 649 0.6363636363636367
 948 0.6969696969696972
 528 0.7575757575757578
 17 0.8181818181818183
 542 0.8787878787878789
 19 0.9393939393939394
 530 1
 16 1.060606060606061
 516 1.121212121212121
 9 1.181818181818182
 34 1.242424242424242
 123 1.303030303030303
 32 1.363636363636363
 113 1.424242424242425
 32 1.484848484848485
 81 1.545454545454546
 3 1.606060606060606
 0 1.666666666666667
 1 1.727272727272728
 20 1.787878787878788
 5 1.848484848484849
 27 1.909090909090909
 4 1.96969696969697
 3 2.03030303030303
 0 2.090909090909091
 0 2.151515151515151
 2 2.212121212121212
 2 2.272727272727272
 3 2.333333333333334
 10 2.393939393939394
 1 2.454545454545455
 2 2.515151515151516
 0 2.575757575757576
 0 2.636363636363637
 0 2.696969696969697
 0 2.757575757575758
 0 2.818181818181818
 0 2.878787878787879
 0 2.939393939393939
 0 3


