# Created by Octave 3.8.2, Sat Jun 20 04:46:40 2020 CEST <damian@fptrucha.inv.usc.es>
# name: hd
# type: matrix
# rows: 100
# columns: 2
 0 -3
 0 -2.939393939393939
 0 -2.878787878787879
 0 -2.818181818181818
 0 -2.757575757575758
 0 -2.696969696969697
 0 -2.636363636363636
 1 -2.575757575757576
 0 -2.515151515151515
 3 -2.454545454545455
 0 -2.393939393939394
 1 -2.333333333333333
 0 -2.272727272727272
 0 -2.212121212121212
 0 -2.151515151515151
 0 -2.090909090909091
 4 -2.03030303030303
 29 -1.96969696969697
 36 -1.909090909090909
 1 -1.848484848484848
 1 -1.787878787878788
 0 -1.727272727272727
 1 -1.666666666666667
 103 -1.606060606060606
 33 -1.545454545454545
 94 -1.484848484848485
 25 -1.424242424242424
 94 -1.363636363636364
 16 -1.303030303030303
 13 -1.242424242424242
 575 -1.181818181818182
 12 -1.121212121212121
 614 -1.060606060606061
 16 -1
 535 -0.9393939393939394
 19 -0.8787878787878789
 496 -0.8181818181818183
 1073 -0.7575757575757573
 739 -0.6969696969696968
 1137 -0.6363636363636362
 757 -0.5757575757575757
 982 -0.5151515151515151
 662 -0.4545454545454546
 939 -0.393939393939394
 4647 -0.333333333333333
 640 -0.2727272727272725
 3053 -0.2121212121212119
 6 -0.1515151515151514
 2845 -0.09090909090909083
 10 -0.03030303030303028
 2705 0.03030303030303028
 9 0.09090909090909083
 2473 0.1515151515151514
 1782 0.2121212121212124
 2420 0.2727272727272729
 1792 0.3333333333333335
 665 0.393939393939394
 1004 0.4545454545454546
 739 0.5151515151515151
 893 0.5757575757575757
 574 0.6363636363636367
 811 0.6969696969696972
 622 0.7575757575757578
 8 0.8181818181818183
 592 0.8787878787878789
 13 0.9393939393939394
 584 1
 13 1.060606060606061
 526 1.121212121212121
 8 1.181818181818182
 20 1.242424242424242
 98 1.303030303030303
 22 1.363636363636363
 103 1.424242424242425
 28 1.484848484848485
 99 1.545454545454546
 5 1.606060606060606
 0 1.666666666666667
 1 1.727272727272728
 27 1.787878787878788
 3 1.848484848484849
 19 1.909090909090909
 6 1.96969696969697
 2 2.03030303030303
 0 2.090909090909091
 0 2.151515151515151
 2 2.212121212121212
 0 2.272727272727272
 0 2.333333333333334
 5 2.393939393939394
 1 2.454545454545455
 0 2.515151515151516
 0 2.575757575757576
 0 2.636363636363637
 0 2.696969696969697
 0 2.757575757575758
 0 2.818181818181818
 0 2.878787878787879
 0 2.939393939393939
 0 3


