# Created by Octave 3.8.2, Mon Jun 22 08:45:33 2020 CEST <damian@fptrucha.inv.usc.es>
# name: hd
# type: matrix
# rows: 100
# columns: 2
 0 -3
 0 -2.939393939393939
 0 -2.878787878787879
 0 -2.818181818181818
 0 -2.757575757575758
 0 -2.696969696969697
 0 -2.636363636363636
 1 -2.575757575757576
 0 -2.515151515151515
 6 -2.454545454545455
 0 -2.393939393939394
 0 -2.333333333333333
 0 -2.272727272727272
 0 -2.212121212121212
 0 -2.151515151515151
 4 -2.090909090909091
 3 -2.03030303030303
 22 -1.96969696969697
 27 -1.909090909090909
 2 -1.848484848484848
 3 -1.787878787878788
 0 -1.727272727272727
 1 -1.666666666666667
 68 -1.606060606060606
 10 -1.545454545454545
 74 -1.484848484848485
 8 -1.424242424242424
 71 -1.363636363636364
 19 -1.303030303030303
 10 -1.242424242424242
 331 -1.181818181818182
 13 -1.121212121212121
 333 -1.060606060606061
 12 -1
 352 -0.9393939393939394
 11 -0.8787878787878789
 327 -0.8181818181818183
 558 -0.7575757575757573
 435 -0.6969696969696968
 626 -0.6363636363636362
 394 -0.5757575757575757
 597 -0.5151515151515151
 384 -0.4545454545454546
 593 -0.393939393939394
 2600 -0.333333333333333
 365 -0.2727272727272725
 1689 -0.2121212121212119
 10 -0.1515151515151514
 1672 -0.09090909090909083
 9 -0.03030303030303028
 1667 0.03030303030303028
 10 0.09090909090909083
 1445 0.1515151515151514
 946 0.2121212121212124
 1476 0.2727272727272729
 998 0.3333333333333335
 444 0.393939393939394
 541 0.4545454545454546
 435 0.5151515151515151
 478 0.5757575757575757
 372 0.6363636363636367
 578 0.6969696969696972
 319 0.7575757575757578
 7 0.8181818181818183
 355 0.8787878787878789
 9 0.9393939393939394
 360 1
 13 1.060606060606061
 323 1.121212121212121
 12 1.181818181818182
 13 1.242424242424242
 69 1.303030303030303
 15 1.363636363636363
 59 1.424242424242425
 22 1.484848484848485
 55 1.545454545454546
 2 1.606060606060606
 0 1.666666666666667
 0 1.727272727272728
 29 1.787878787878788
 5 1.848484848484849
 15 1.909090909090909
 1 1.96969696969697
 1 2.03030303030303
 0 2.090909090909091
 0 2.151515151515151
 0 2.212121212121212
 1 2.272727272727272
 0 2.333333333333334
 4 2.393939393939394
 1 2.454545454545455
 1 2.515151515151516
 0 2.575757575757576
 0 2.636363636363637
 0 2.696969696969697
 0 2.757575757575758
 0 2.818181818181818
 0 2.878787878787879
 0 2.939393939393939
 0 3


