# Created by Octave 3.8.2, Mon Jun 22 01:17:02 2020 CEST <damian@fptrucha.inv.usc.es>
# name: hd
# type: matrix
# rows: 100
# columns: 2
 0 -3
 0 -2.939393939393939
 0 -2.878787878787879
 0 -2.818181818181818
 0 -2.757575757575758
 0 -2.696969696969697
 0 -2.636363636363636
 0 -2.575757575757576
 0 -2.515151515151515
 6 -2.454545454545455
 0 -2.393939393939394
 1 -2.333333333333333
 4 -2.272727272727272
 0 -2.212121212121212
 0 -2.151515151515151
 2 -2.090909090909091
 0 -2.03030303030303
 22 -1.96969696969697
 16 -1.909090909090909
 0 -1.848484848484848
 1 -1.787878787878788
 0 -1.727272727272727
 1 -1.666666666666667
 96 -1.606060606060606
 21 -1.545454545454545
 75 -1.484848484848485
 19 -1.424242424242424
 61 -1.363636363636364
 21 -1.303030303030303
 15 -1.242424242424242
 560 -1.181818181818182
 16 -1.121212121212121
 514 -1.060606060606061
 13 -1
 450 -0.9393939393939394
 21 -0.8787878787878789
 411 -0.8181818181818183
 941 -0.7575757575757573
 614 -0.6969696969696968
 1050 -0.6363636363636362
 644 -0.5757575757575757
 893 -0.5151515151515151
 524 -0.4545454545454546
 806 -0.393939393939394
 4090 -0.333333333333333
 540 -0.2727272727272725
 2891 -0.2121212121212119
 8 -0.1515151515151514
 2614 -0.09090909090909083
 7 -0.03030303030303028
 2499 0.03030303030303028
 9 0.09090909090909083
 2173 0.1515151515151514
 1701 0.2121212121212124
 2153 0.2727272727272729
 1671 0.3333333333333335
 626 0.393939393939394
 885 0.4545454545454546
 664 0.5151515151515151
 764 0.5757575757575757
 569 0.6363636363636367
 881 0.6969696969696972
 579 0.7575757575757578
 13 0.8181818181818183
 504 0.8787878787878789
 11 0.9393939393939394
 535 1
 13 1.060606060606061
 506 1.121212121212121
 13 1.181818181818182
 27 1.242424242424242
 84 1.303030303030303
 21 1.363636363636363
 95 1.424242424242425
 31 1.484848484848485
 92 1.545454545454546
 0 1.606060606060606
 0 1.666666666666667
 1 1.727272727272728
 36 1.787878787878788
 3 1.848484848484849
 24 1.909090909090909
 4 1.96969696969697
 2 2.03030303030303
 0 2.090909090909091
 0 2.151515151515151
 1 2.212121212121212
 0 2.272727272727272
 0 2.333333333333334
 4 2.393939393939394
 2 2.454545454545455
 1 2.515151515151516
 0 2.575757575757576
 0 2.636363636363637
 0 2.696969696969697
 0 2.757575757575758
 0 2.818181818181818
 0 2.878787878787879
 0 2.939393939393939
 0 3


