# Created by Octave 3.8.2, Mon Jun 22 18:00:50 2020 CEST <damian@fptrucha.inv.usc.es>
# name: hd
# type: matrix
# rows: 100
# columns: 2
 0 -3
 0 -2.939393939393939
 0 -2.878787878787879
 0 -2.818181818181818
 0 -2.757575757575758
 0 -2.696969696969697
 0 -2.636363636363636
 2 -2.575757575757576
 0 -2.515151515151515
 9 -2.454545454545455
 0 -2.393939393939394
 0 -2.333333333333333
 2 -2.272727272727272
 0 -2.212121212121212
 0 -2.151515151515151
 1 -2.090909090909091
 4 -2.03030303030303
 35 -1.96969696969697
 36 -1.909090909090909
 2 -1.848484848484848
 3 -1.787878787878788
 0 -1.727272727272727
 2 -1.666666666666667
 108 -1.606060606060606
 27 -1.545454545454545
 119 -1.484848484848485
 26 -1.424242424242424
 120 -1.363636363636364
 25 -1.303030303030303
 11 -1.242424242424242
 545 -1.181818181818182
 16 -1.121212121212121
 583 -1.060606060606061
 14 -1
 560 -0.9393939393939394
 24 -0.8787878787878789
 520 -0.8181818181818183
 935 -0.7575757575757573
 700 -0.6969696969696968
 1028 -0.6363636363636362
 666 -0.5757575757575757
 878 -0.5151515151515151
 652 -0.4545454545454546
 949 -0.393939393939394
 4205 -0.333333333333333
 606 -0.2727272727272725
 2732 -0.2121212121212119
 13 -0.1515151515151514
 2740 -0.09090909090909083
 12 -0.03030303030303028
 2596 0.03030303030303028
 20 0.09090909090909083
 2390 0.1515151515151514
 1585 0.2121212121212124
 2372 0.2727272727272729
 1563 0.3333333333333335
 668 0.393939393939394
 938 0.4545454545454546
 677 0.5151515151515151
 829 0.5757575757575757
 624 0.6363636363636367
 864 0.6969696969696972
 540 0.7575757575757578
 15 0.8181818181818183
 560 0.8787878787878789
 16 0.9393939393939394
 556 1
 15 1.060606060606061
 494 1.121212121212121
 13 1.181818181818182
 31 1.242424242424242
 124 1.303030303030303
 25 1.363636363636363
 119 1.424242424242425
 41 1.484848484848485
 104 1.545454545454546
 1 1.606060606060606
 0 1.666666666666667
 3 1.727272727272728
 39 1.787878787878788
 6 1.848484848484849
 32 1.909090909090909
 11 1.96969696969697
 1 2.03030303030303
 0 2.090909090909091
 0 2.151515151515151
 1 2.212121212121212
 1 2.272727272727272
 1 2.333333333333334
 14 2.393939393939394
 2 2.454545454545455
 2 2.515151515151516
 0 2.575757575757576
 0 2.636363636363637
 0 2.696969696969697
 0 2.757575757575758
 0 2.818181818181818
 0 2.878787878787879
 0 2.939393939393939
 0 3


