# Created by Octave 3.8.2, Sat Jun 20 10:07:34 2020 CEST <damian@fptrucha.inv.usc.es>
# name: hd
# type: matrix
# rows: 100
# columns: 2
 0 -3
 0 -2.939393939393939
 0 -2.878787878787879
 0 -2.818181818181818
 0 -2.757575757575758
 0 -2.696969696969697
 0 -2.636363636363636
 1 -2.575757575757576
 1 -2.515151515151515
 4 -2.454545454545455
 2 -2.393939393939394
 0 -2.333333333333333
 1 -2.272727272727272
 0 -2.212121212121212
 0 -2.151515151515151
 1 -2.090909090909091
 2 -2.03030303030303
 27 -1.96969696969697
 35 -1.909090909090909
 1 -1.848484848484848
 2 -1.787878787878788
 0 -1.727272727272727
 1 -1.666666666666667
 119 -1.606060606060606
 27 -1.545454545454545
 101 -1.484848484848485
 24 -1.424242424242424
 91 -1.363636363636364
 18 -1.303030303030303
 10 -1.242424242424242
 551 -1.181818181818182
 19 -1.121212121212121
 577 -1.060606060606061
 20 -1
 507 -0.9393939393939394
 17 -0.8787878787878789
 477 -0.8181818181818183
 1100 -0.7575757575757573
 731 -0.6969696969696968
 1122 -0.6363636363636362
 751 -0.5757575757575757
 928 -0.5151515151515151
 649 -0.4545454545454546
 911 -0.393939393939394
 4585 -0.333333333333333
 565 -0.2727272727272725
 3196 -0.2121212121212119
 10 -0.1515151515151514
 2895 -0.09090909090909083
 9 -0.03030303030303028
 2835 0.03030303030303028
 14 0.09090909090909083
 2531 0.1515151515151514
 1948 0.2121212121212124
 2486 0.2727272727272729
 1915 0.3333333333333335
 733 0.393939393939394
 1031 0.4545454545454546
 757 0.5151515151515151
 935 0.5757575757575757
 623 0.6363636363636367
 899 0.6969696969696972
 683 0.7575757575757578
 14 0.8181818181818183
 666 0.8787878787878789
 11 0.9393939393939394
 602 1
 18 1.060606060606061
 518 1.121212121212121
 10 1.181818181818182
 42 1.242424242424242
 105 1.303030303030303
 27 1.363636363636363
 130 1.424242424242425
 28 1.484848484848485
 121 1.545454545454546
 3 1.606060606060606
 0 1.666666666666667
 0 1.727272727272728
 42 1.787878787878788
 5 1.848484848484849
 32 1.909090909090909
 2 1.96969696969697
 0 2.03030303030303
 0 2.090909090909091
 0 2.151515151515151
 2 2.212121212121212
 1 2.272727272727272
 0 2.333333333333334
 8 2.393939393939394
 0 2.454545454545455
 0 2.515151515151516
 0 2.575757575757576
 0 2.636363636363637
 0 2.696969696969697
 0 2.757575757575758
 0 2.818181818181818
 0 2.878787878787879
 0 2.939393939393939
 0 3


