# Created by Octave 3.8.2, Sat Jun 20 19:57:13 2020 CEST <damian@fptrucha.inv.usc.es>
# name: hd
# type: matrix
# rows: 100
# columns: 2
 0 -3
 0 -2.939393939393939
 0 -2.878787878787879
 0 -2.818181818181818
 0 -2.757575757575758
 0 -2.696969696969697
 0 -2.636363636363636
 3 -2.575757575757576
 1 -2.515151515151515
 6 -2.454545454545455
 1 -2.393939393939394
 0 -2.333333333333333
 1 -2.272727272727272
 0 -2.212121212121212
 0 -2.151515151515151
 1 -2.090909090909091
 6 -2.03030303030303
 27 -1.96969696969697
 25 -1.909090909090909
 0 -1.848484848484848
 3 -1.787878787878788
 0 -1.727272727272727
 1 -1.666666666666667
 98 -1.606060606060606
 26 -1.545454545454545
 98 -1.484848484848485
 25 -1.424242424242424
 84 -1.363636363636364
 22 -1.303030303030303
 11 -1.242424242424242
 526 -1.181818181818182
 13 -1.121212121212121
 493 -1.060606060606061
 8 -1
 445 -0.9393939393939394
 18 -0.8787878787878789
 436 -0.8181818181818183
 952 -0.7575757575757573
 652 -0.6969696969696968
 948 -0.6363636363636362
 600 -0.5757575757575757
 859 -0.5151515151515151
 604 -0.4545454545454546
 800 -0.393939393939394
 4168 -0.333333333333333
 496 -0.2727272727272725
 3014 -0.2121212121212119
 12 -0.1515151515151514
 2632 -0.09090909090909083
 8 -0.03030303030303028
 2495 0.03030303030303028
 9 0.09090909090909083
 2218 0.1515151515151514
 1754 0.2121212121212124
 2211 0.2727272727272729
 1645 0.3333333333333335
 590 0.393939393939394
 929 0.4545454545454546
 647 0.5151515151515151
 832 0.5757575757575757
 615 0.6363636363636367
 825 0.6969696969696972
 620 0.7575757575757578
 9 0.8181818181818183
 558 0.8787878787878789
 7 0.9393939393939394
 535 1
 8 1.060606060606061
 460 1.121212121212121
 6 1.181818181818182
 31 1.242424242424242
 105 1.303030303030303
 16 1.363636363636363
 101 1.424242424242425
 21 1.484848484848485
 100 1.545454545454546
 1 1.606060606060606
 0 1.666666666666667
 1 1.727272727272728
 35 1.787878787878788
 6 1.848484848484849
 16 1.909090909090909
 0 1.96969696969697
 0 2.03030303030303
 0 2.090909090909091
 0 2.151515151515151
 1 2.212121212121212
 0 2.272727272727272
 0 2.333333333333334
 10 2.393939393939394
 0 2.454545454545455
 1 2.515151515151516
 0 2.575757575757576
 0 2.636363636363637
 0 2.696969696969697
 0 2.757575757575758
 0 2.818181818181818
 0 2.878787878787879
 0 2.939393939393939
 0 3


