# Created by Octave 3.8.2, Mon Jun 22 17:41:56 2020 CEST <damian@fptrucha.inv.usc.es>
# name: hd
# type: matrix
# rows: 100
# columns: 2
 0 -3
 0 -2.939393939393939
 0 -2.878787878787879
 0 -2.818181818181818
 0 -2.757575757575758
 0 -2.696969696969697
 0 -2.636363636363636
 0 -2.575757575757576
 1 -2.515151515151515
 12 -2.454545454545455
 1 -2.393939393939394
 0 -2.333333333333333
 3 -2.272727272727272
 0 -2.212121212121212
 0 -2.151515151515151
 2 -2.090909090909091
 5 -2.03030303030303
 30 -1.96969696969697
 38 -1.909090909090909
 2 -1.848484848484848
 0 -1.787878787878788
 0 -1.727272727272727
 2 -1.666666666666667
 108 -1.606060606060606
 39 -1.545454545454545
 120 -1.484848484848485
 23 -1.424242424242424
 127 -1.363636363636364
 37 -1.303030303030303
 13 -1.242424242424242
 603 -1.181818181818182
 21 -1.121212121212121
 608 -1.060606060606061
 18 -1
 558 -0.9393939393939394
 21 -0.8787878787878789
 572 -0.8181818181818183
 947 -0.7575757575757573
 650 -0.6969696969696968
 1000 -0.6363636363636362
 660 -0.5757575757575757
 1011 -0.5151515151515151
 637 -0.4545454545454546
 976 -0.393939393939394
 4364 -0.333333333333333
 618 -0.2727272727272725
 2698 -0.2121212121212119
 16 -0.1515151515151514
 2769 -0.09090909090909083
 8 -0.03030303030303028
 2611 0.03030303030303028
 22 0.09090909090909083
 2327 0.1515151515151514
 1644 0.2121212121212124
 2446 0.2727272727272729
 1652 0.3333333333333335
 704 0.393939393939394
 873 0.4545454545454546
 708 0.5151515151515151
 837 0.5757575757575757
 648 0.6363636363636367
 914 0.6969696969696972
 562 0.7575757575757578
 18 0.8181818181818183
 583 0.8787878787878789
 14 0.9393939393939394
 546 1
 14 1.060606060606061
 513 1.121212121212121
 13 1.181818181818182
 26 1.242424242424242
 108 1.303030303030303
 20 1.363636363636363
 113 1.424242424242425
 39 1.484848484848485
 102 1.545454545454546
 5 1.606060606060606
 0 1.666666666666667
 3 1.727272727272728
 41 1.787878787878788
 6 1.848484848484849
 35 1.909090909090909
 8 1.96969696969697
 3 2.03030303030303
 0 2.090909090909091
 0 2.151515151515151
 0 2.212121212121212
 0 2.272727272727272
 0 2.333333333333334
 6 2.393939393939394
 2 2.454545454545455
 0 2.515151515151516
 0 2.575757575757576
 0 2.636363636363637
 0 2.696969696969697
 0 2.757575757575758
 0 2.818181818181818
 0 2.878787878787879
 0 2.939393939393939
 0 3


