# Created by Octave 3.8.2, Sun Jun 21 02:11:51 2020 CEST <damian@fptrucha.inv.usc.es>
# name: hd
# type: matrix
# rows: 100
# columns: 2
 0 -3
 0 -2.939393939393939
 0 -2.878787878787879
 0 -2.818181818181818
 0 -2.757575757575758
 0 -2.696969696969697
 0 -2.636363636363636
 0 -2.575757575757576
 0 -2.515151515151515
 5 -2.454545454545455
 1 -2.393939393939394
 0 -2.333333333333333
 1 -2.272727272727272
 0 -2.212121212121212
 0 -2.151515151515151
 2 -2.090909090909091
 5 -2.03030303030303
 28 -1.96969696969697
 17 -1.909090909090909
 3 -1.848484848484848
 2 -1.787878787878788
 0 -1.727272727272727
 0 -1.666666666666667
 101 -1.606060606060606
 22 -1.545454545454545
 104 -1.484848484848485
 10 -1.424242424242424
 85 -1.363636363636364
 16 -1.303030303030303
 7 -1.242424242424242
 551 -1.181818181818182
 14 -1.121212121212121
 488 -1.060606060606061
 15 -1
 437 -0.9393939393939394
 20 -0.8787878787878789
 450 -0.8181818181818183
 950 -0.7575757575757573
 677 -0.6969696969696968
 1002 -0.6363636363636362
 675 -0.5757575757575757
 912 -0.5151515151515151
 534 -0.4545454545454546
 832 -0.393939393939394
 4136 -0.333333333333333
 547 -0.2727272727272725
 2851 -0.2121212121212119
 7 -0.1515151515151514
 2617 -0.09090909090909083
 6 -0.03030303030303028
 2389 0.03030303030303028
 10 0.09090909090909083
 2135 0.1515151515151514
 1625 0.2121212121212124
 2226 0.2727272727272729
 1628 0.3333333333333335
 585 0.393939393939394
 853 0.4545454545454546
 628 0.5151515151515151
 765 0.5757575757575757
 599 0.6363636363636367
 770 0.6969696969696972
 523 0.7575757575757578
 12 0.8181818181818183
 504 0.8787878787878789
 19 0.9393939393939394
 494 1
 14 1.060606060606061
 444 1.121212121212121
 9 1.181818181818182
 25 1.242424242424242
 84 1.303030303030303
 25 1.363636363636363
 90 1.424242424242425
 22 1.484848484848485
 72 1.545454545454546
 1 1.606060606060606
 0 1.666666666666667
 2 1.727272727272728
 26 1.787878787878788
 3 1.848484848484849
 18 1.909090909090909
 2 1.96969696969697
 1 2.03030303030303
 0 2.090909090909091
 0 2.151515151515151
 1 2.212121212121212
 1 2.272727272727272
 2 2.333333333333334
 3 2.393939393939394
 0 2.454545454545455
 1 2.515151515151516
 0 2.575757575757576
 0 2.636363636363637
 0 2.696969696969697
 0 2.757575757575758
 0 2.818181818181818
 0 2.878787878787879
 0 2.939393939393939
 0 3


