# Created by Octave 3.8.2, Mon Jun 22 16:38:30 2020 CEST <damian@fptrucha.inv.usc.es>
# name: hd
# type: matrix
# rows: 100
# columns: 2
 0 -3
 0 -2.939393939393939
 0 -2.878787878787879
 0 -2.818181818181818
 0 -2.757575757575758
 0 -2.696969696969697
 0 -2.636363636363636
 1 -2.575757575757576
 1 -2.515151515151515
 12 -2.454545454545455
 1 -2.393939393939394
 0 -2.333333333333333
 0 -2.272727272727272
 0 -2.212121212121212
 0 -2.151515151515151
 1 -2.090909090909091
 7 -2.03030303030303
 38 -1.96969696969697
 41 -1.909090909090909
 3 -1.848484848484848
 0 -1.787878787878788
 0 -1.727272727272727
 0 -1.666666666666667
 127 -1.606060606060606
 26 -1.545454545454545
 121 -1.484848484848485
 25 -1.424242424242424
 119 -1.363636363636364
 18 -1.303030303030303
 15 -1.242424242424242
 588 -1.181818181818182
 17 -1.121212121212121
 545 -1.060606060606061
 14 -1
 504 -0.9393939393939394
 20 -0.8787878787878789
 546 -0.8181818181818183
 927 -0.7575757575757573
 666 -0.6969696969696968
 1022 -0.6363636363636362
 678 -0.5757575757575757
 941 -0.5151515151515151
 656 -0.4545454545454546
 919 -0.393939393939394
 4172 -0.333333333333333
 571 -0.2727272727272725
 2740 -0.2121212121212119
 13 -0.1515151515151514
 2833 -0.09090909090909083
 17 -0.03030303030303028
 2476 0.03030303030303028
 12 0.09090909090909083
 2342 0.1515151515151514
 1596 0.2121212121212124
 2331 0.2727272727272729
 1665 0.3333333333333335
 705 0.393939393939394
 919 0.4545454545454546
 711 0.5151515151515151
 786 0.5757575757575757
 651 0.6363636363636367
 876 0.6969696969696972
 564 0.7575757575757578
 14 0.8181818181818183
 597 0.8787878787878789
 19 0.9393939393939394
 541 1
 26 1.060606060606061
 515 1.121212121212121
 10 1.181818181818182
 37 1.242424242424242
 126 1.303030303030303
 32 1.363636363636363
 117 1.424242424242425
 34 1.484848484848485
 98 1.545454545454546
 1 1.606060606060606
 0 1.666666666666667
 1 1.727272727272728
 41 1.787878787878788
 3 1.848484848484849
 49 1.909090909090909
 5 1.96969696969697
 1 2.03030303030303
 0 2.090909090909091
 0 2.151515151515151
 3 2.212121212121212
 0 2.272727272727272
 0 2.333333333333334
 10 2.393939393939394
 0 2.454545454545455
 0 2.515151515151516
 0 2.575757575757576
 0 2.636363636363637
 0 2.696969696969697
 0 2.757575757575758
 0 2.818181818181818
 0 2.878787878787879
 0 2.939393939393939
 0 3


