# Created by Octave 3.8.2, Mon Jun 22 08:56:53 2020 CEST <damian@fptrucha.inv.usc.es>
# name: hd
# type: matrix
# rows: 5
# columns: 2
 6726 -476
 4531 -238
 7419 0
 6894 238
 0 476


