# Created by Octave 3.8.2, Sun Jun 21 06:13:15 2020 CEST <damian@fptrucha.inv.usc.es>
# name: hd
# type: matrix
# rows: 5
# columns: 2
 6757 -476
 4623 -238
 7809 0
 7029 238
 0 476


