# Created by Octave 3.8.2, Sun Jun 21 06:55:26 2020 CEST <damian@fptrucha.inv.usc.es>
# name: hd
# type: matrix
# rows: 5
# columns: 2
 6786 -476
 4497 -238
 7569 0
 6955 238
 0 476


