# Created by Octave 3.8.2, Sat Jun 20 07:46:30 2020 CEST <damian@fptrucha.inv.usc.es>
# name: hd
# type: matrix
# rows: 5
# columns: 2
 8003 -476
 5346 -238
 9000 0
 8129 238
 0 476


