# Created by Octave 3.8.2, Sat Jun 20 17:11:34 2020 CEST <damian@fptrucha.inv.usc.es>
# name: hd
# type: matrix
# rows: 5
# columns: 2
 7038 -476
 4681 -238
 8083 0
 7341 238
 0 476


