# Created by Octave 3.8.2, Sun Jun 21 08:07:23 2020 CEST <damian@fptrucha.inv.usc.es>
# name: hd
# type: matrix
# rows: 5
# columns: 2
 7129 -476
 4762 -238
 7731 0
 7409 238
 0 476


