# Created by Octave 3.8.2, Mon Jun 22 08:36:37 2020 CEST <damian@fptrucha.inv.usc.es>
# name: hd
# type: matrix
# rows: 5
# columns: 2
 7017 -476
 4546 -238
 7471 0
 6952 238
 0 476


