# Created by Octave 3.8.2, Sat Jun 20 18:52:30 2020 CEST <damian@fptrucha.inv.usc.es>
# name: hd
# type: matrix
# rows: 5
# columns: 2
 6915 -476
 4630 -238
 7913 0
 7233 238
 0 476


