# Created by Octave 3.8.2, Mon Jun 22 08:01:22 2020 CEST <damian@fptrucha.inv.usc.es>
# name: hd
# type: matrix
# rows: 5
# columns: 2
 6844 -476
 4585 -238
 7408 0
 7079 238
 0 476


