# Created by Octave 3.8.2, Sat Jun 20 11:44:22 2020 CEST <damian@fptrucha.inv.usc.es>
# name: hd
# type: matrix
# rows: 5
# columns: 2
 7729 -476
 5121 -238
 8552 0
 7864 238
 0 476


