# Created by Octave 3.8.2, Mon Jun 22 13:50:03 2020 CEST <damian@fptrucha.inv.usc.es>
# name: hd
# type: matrix
# rows: 5
# columns: 2
 7233 -476
 4764 -238
 7669 0
 7315 238
 0 476


