# Created by Octave 3.8.2, Sat Jun 20 23:21:45 2020 CEST <damian@fptrucha.inv.usc.es>
# name: hd
# type: matrix
# rows: 5
# columns: 2
 4312 -476
 3122 -238
 4999 0
 4652 238
 0 476


