# Created by Octave 3.8.2, Mon Jun 22 21:17:50 2020 CEST <damian@fptrucha.inv.usc.es>
# name: hd
# type: matrix
# rows: 5
# columns: 2
 7351 -476
 4906 -238
 8172 0
 7748 238
 0 476


