# Created by Octave 3.8.2, Sat Jun 20 10:25:55 2020 CEST <damian@fptrucha.inv.usc.es>
# name: hd
# type: matrix
# rows: 5
# columns: 2
 7747 -476
 5259 -238
 8726 0
 7970 238
 0 476


