# Created by Octave 3.8.2, Tue Jun 23 00:29:30 2020 CEST <damian@fptrucha.inv.usc.es>
# name: hd
# type: matrix
# rows: 5
# columns: 2
 7409 -476
 4982 -238
 8349 0
 7894 238
 0 476


