# Created by Octave 3.8.2, Sat Jun 20 20:44:10 2020 CEST <damian@fptrucha.inv.usc.es>
# name: hd
# type: matrix
# rows: 5
# columns: 2
 7053 -476
 4536 -238
 7668 0
 7105 238
 0 476


