# Created by Octave 3.8.2, Sun Jun 21 07:29:56 2020 CEST <damian@fptrucha.inv.usc.es>
# name: hd
# type: matrix
# rows: 5
# columns: 2
 6710 -476
 4475 -238
 7456 0
 6965 238
 0 476


