# Created by Octave 3.8.2, Sun Jun 21 04:11:12 2020 CEST <damian@fptrucha.inv.usc.es>
# name: hd
# type: matrix
# rows: 5
# columns: 2
 6738 -476
 4635 -238
 7671 0
 7039 238
 0 476


