# Created by Octave 3.8.2, Sat Jun 20 06:44:59 2020 CEST <damian@fptrucha.inv.usc.es>
# name: hd
# type: matrix
# rows: 5
# columns: 2
 7915 -476
 5224 -238
 8906 0
 8117 238
 0 476


