# Created by Octave 3.8.2, Sat Jun 20 16:34:03 2020 CEST <damian@fptrucha.inv.usc.es>
# name: hd
# type: matrix
# rows: 5
# columns: 2
 7119 -476
 4691 -238
 7945 0
 7369 238
 0 476


