# Created by Octave 3.8.2, Sat Jun 20 23:15:50 2020 CEST <damian@fptrucha.inv.usc.es>
# name: hd
# type: matrix
# rows: 5
# columns: 2
 6729 -476
 4592 -238
 7765 0
 7102 238
 0 476


