# Created by Octave 3.8.2, Sun Jun 21 00:59:29 2020 CEST <damian@fptrucha.inv.usc.es>
# name: hd
# type: matrix
# rows: 5
# columns: 2
 6876 -476
 4615 -238
 7659 0
 6936 238
 0 476


