# Created by Octave 3.8.2, Sat Jun 20 06:58:54 2020 CEST <damian@fptrucha.inv.usc.es>
# name: hd
# type: matrix
# rows: 5
# columns: 2
 7742 -476
 5304 -238
 8853 0
 8238 238
 0 476


