# Created by Octave 3.8.2, Sat Jun 20 08:38:37 2020 CEST <damian@fptrucha.inv.usc.es>
# name: hd
# type: matrix
# rows: 5
# columns: 2
 7932 -476
 5389 -238
 8937 0
 8423 238
 0 476


