# Created by Octave 3.8.2, Mon Jun 22 15:03:01 2020 CEST <damian@fptrucha.inv.usc.es>
# name: hd
# type: matrix
# rows: 5
# columns: 2
 7239 -476
 4830 -238
 7936 0
 7512 238
 0 476


