# Created by Octave 3.8.2, Mon Jun 22 05:22:48 2020 CEST <damian@fptrucha.inv.usc.es>
# name: hd
# type: matrix
# rows: 5
# columns: 2
 6598 -476
 4459 -238
 7175 0
 6541 238
 0 476


