# Created by Octave 3.8.2, Mon Jun 22 18:16:11 2020 CEST <damian@fptrucha.inv.usc.es>
# name: hd
# type: matrix
# rows: 5
# columns: 2
 4863 -476
 3228 -238
 5349 0
 5059 238
 0 476


