# Created by Octave 3.8.2, Mon Jun 22 09:50:52 2020 CEST <damian@fptrucha.inv.usc.es>
# name: hd
# type: matrix
# rows: 5
# columns: 2
 6858 -476
 4650 -238
 7517 0
 7194 238
 0 476


