# Created by Octave 3.8.2, Sat Jun 20 10:01:52 2020 CEST <damian@fptrucha.inv.usc.es>
# name: hd
# type: matrix
# rows: 5
# columns: 2
 7894 -476
 5088 -238
 8811 0
 8291 238
 0 476


