# Created by Octave 3.8.2, Sat Jun 20 18:51:11 2020 CEST <damian@fptrucha.inv.usc.es>
# name: hd
# type: matrix
# rows: 5
# columns: 2
 6944 -476
 4644 -238
 7840 0
 7353 238
 0 476


