# Created by Octave 3.8.2, Mon Jun 22 00:44:05 2020 CEST <damian@fptrucha.inv.usc.es>
# name: hd
# type: matrix
# rows: 5
# columns: 2
 6742 -476
 4552 -238
 7618 0
 7001 238
 0 476


