# Created by Octave 3.8.2, Sun Jun 21 04:00:35 2020 CEST <damian@fptrucha.inv.usc.es>
# name: hd
# type: matrix
# rows: 5
# columns: 2
 6715 -476
 4578 -238
 7783 0
 7119 238
 0 476


