# Created by Octave 3.8.2, Mon Jun 22 17:48:46 2020 CEST <damian@fptrucha.inv.usc.es>
# name: hd
# type: matrix
# rows: 5
# columns: 2
 7271 -476
 4806 -238
 8068 0
 7504 238
 0 476


