# Created by Octave 3.8.2, Sat Jun 20 09:26:19 2020 CEST <damian@fptrucha.inv.usc.es>
# name: hd
# type: matrix
# rows: 5
# columns: 2
 8005 -476
 5387 -238
 9062 0
 8300 238
 0 476


