# Created by Octave 3.8.2, Sun Jun 21 01:03:51 2020 CEST <damian@fptrucha.inv.usc.es>
# name: hd
# type: matrix
# rows: 5
# columns: 2
 6870 -476
 4588 -238
 7479 0
 6988 238
 0 476


