# Created by Octave 3.8.2, Mon Jun 22 05:08:42 2020 CEST <damian@fptrucha.inv.usc.es>
# name: hd
# type: matrix
# rows: 5
# columns: 2
 6472 -476
 4459 -238
 6941 0
 6524 238
 0 476


