# Created by Octave 3.8.2, Mon Jun 22 22:20:26 2020 CEST <damian@fptrucha.inv.usc.es>
# name: hd
# type: matrix
# rows: 5
# columns: 2
 7320 -476
 5103 -238
 8364 0
 7684 238
 0 476


