# Created by Octave 3.8.2, Mon Jun 22 23:25:36 2020 CEST <damian@fptrucha.inv.usc.es>
# name: hd
# type: matrix
# rows: 5
# columns: 2
 4921 -476
 3250 -238
 5475 0
 5100 238
 0 476


