# Created by Octave 3.8.2, Sat Jun 20 21:26:21 2020 CEST <damian@fptrucha.inv.usc.es>
# name: hd
# type: matrix
# rows: 5
# columns: 2
 6893 -476
 4558 -238
 7714 0
 7289 238
 0 476


