# Created by Octave 3.8.2, Sat Jun 20 19:17:58 2020 CEST <damian@fptrucha.inv.usc.es>
# name: hd
# type: matrix
# rows: 5
# columns: 2
 7055 -476
 4730 -238
 7934 0
 7330 238
 0 476


