# Created by Octave 3.8.2, Mon Jun 22 07:34:04 2020 CEST <damian@fptrucha.inv.usc.es>
# name: hd
# type: matrix
# rows: 5
# columns: 2
 6771 -476
 4555 -238
 7295 0
 6827 238
 0 476


