# Created by Octave 3.8.2, Mon Jun 22 22:29:31 2020 CEST <damian@fptrucha.inv.usc.es>
# name: hd
# type: matrix
# rows: 5
# columns: 2
 7503 -476
 5042 -238
 8409 0
 7836 238
 0 476


