# Created by Octave 3.8.2, Mon Jun 22 00:52:14 2020 CEST <damian@fptrucha.inv.usc.es>
# name: hd
# type: matrix
# rows: 5
# columns: 2
 6936 -476
 4752 -238
 7988 0
 7418 238
 0 476


