# Created by Octave 3.8.2, Sat Jun 20 22:27:05 2020 CEST <damian@fptrucha.inv.usc.es>
# name: hd
# type: matrix
# rows: 5
# columns: 2
 6779 -476
 4588 -238
 7758 0
 6961 238
 0 476


