# Created by Octave 3.8.2, Sat Jun 20 07:51:47 2020 CEST <damian@fptrucha.inv.usc.es>
# name: hd
# type: matrix
# rows: 5
# columns: 2
 7936 -476
 5355 -238
 8816 0
 8175 238
 0 476


