# Created by Octave 3.8.2, Mon Jun 22 21:24:23 2020 CEST <damian@fptrucha.inv.usc.es>
# name: hd
# type: matrix
# rows: 5
# columns: 2
 7451 -476
 4963 -238
 8397 0
 7595 238
 0 476


