# Created by Octave 3.8.2, Mon Jun 22 07:36:05 2020 CEST <damian@fptrucha.inv.usc.es>
# name: hd
# type: matrix
# rows: 5
# columns: 2
 6826 -476
 4620 -238
 7397 0
 6671 238
 0 476


