# Created by Octave 3.8.2, Mon Jun 22 07:16:17 2020 CEST <damian@fptrucha.inv.usc.es>
# name: hd
# type: matrix
# rows: 5
# columns: 2
 6855 -476
 4491 -238
 7395 0
 6878 238
 0 476


