# Created by Octave 3.8.2, Sat Jun 20 22:06:43 2020 CEST <damian@fptrucha.inv.usc.es>
# name: hd
# type: matrix
# rows: 5
# columns: 2
 6565 -476
 4541 -238
 7639 0
 7184 238
 0 476


