# Created by Octave 3.8.2, Sat Jun 20 14:52:34 2020 CEST <damian@fptrucha.inv.usc.es>
# name: hd
# type: matrix
# rows: 5
# columns: 2
 7290 -476
 4830 -238
 8248 0
 7449 238
 0 476


