# Created by Octave 3.8.2, Sat Jun 20 11:29:23 2020 CEST <damian@fptrucha.inv.usc.es>
# name: hd
# type: matrix
# rows: 5
# columns: 2
 7671 -476
 4991 -238
 8587 0
 7991 238
 0 476


