# Created by Octave 3.8.2, Sat Jun 20 04:56:02 2020 CEST <damian@fptrucha.inv.usc.es>
# name: hd
# type: matrix
# rows: 5
# columns: 2
 7898 -476
 5228 -238
 8633 0
 8115 238
 0 476


