# Created by Octave 3.8.2, Sun Jun 21 00:47:58 2020 CEST <damian@fptrucha.inv.usc.es>
# name: hd
# type: matrix
# rows: 5
# columns: 2
 6758 -476
 4595 -238
 7624 0
 6963 238
 0 476


