# Created by Octave 3.8.2, Mon Jun 22 02:32:10 2020 CEST <damian@fptrucha.inv.usc.es>
# name: hd
# type: matrix
# rows: 5
# columns: 2
 6613 -476
 4349 -238
 7024 0
 6683 238
 0 476


