# Created by Octave 3.8.2, Mon Jun 22 17:20:19 2020 CEST <damian@fptrucha.inv.usc.es>
# name: hd
# type: matrix
# rows: 5
# columns: 2
 7332 -476
 4841 -238
 7950 0
 7549 238
 0 476


