# Created by Octave 3.8.2, Mon Jun 22 09:13:01 2020 CEST <damian@fptrucha.inv.usc.es>
# name: hd
# type: matrix
# rows: 5
# columns: 2
 6918 -476
 4556 -238
 7503 0
 7049 238
 0 476


