# Created by Octave 3.8.2, Mon Jun 22 13:41:53 2020 CEST <damian@fptrucha.inv.usc.es>
# name: hd
# type: matrix
# rows: 5
# columns: 2
 7072 -476
 4743 -238
 7660 0
 7274 238
 0 476


