# Created by Octave 3.8.2, Mon Jun 22 02:35:59 2020 CEST <damian@fptrucha.inv.usc.es>
# name: hd
# type: matrix
# rows: 5
# columns: 2
 6649 -476
 4433 -238
 7101 0
 6624 238
 0 476


