# Created by Octave 3.8.2, Mon Jun 22 05:19:58 2020 CEST <damian@fptrucha.inv.usc.es>
# name: hd
# type: matrix
# rows: 5
# columns: 2
 6483 -476
 4427 -238
 7051 0
 6648 238
 0 476


