# Created by Octave 3.8.2, Sat Jun 20 17:03:42 2020 CEST <damian@fptrucha.inv.usc.es>
# name: hd
# type: matrix
# rows: 5
# columns: 2
 6872 -476
 4535 -238
 7852 0
 7217 238
 0 476


