# Created by Octave 3.8.2, Mon Jun 22 13:53:17 2020 CEST <damian@fptrucha.inv.usc.es>
# name: hd
# type: matrix
# rows: 5
# columns: 2
 7275 -476
 4798 -238
 7751 0
 7212 238
 0 476


