# Created by Octave 3.8.2, Mon Jun 22 22:18:05 2020 CEST <damian@fptrucha.inv.usc.es>
# name: hd
# type: matrix
# rows: 5
# columns: 2
 7516 -476
 5115 -238
 8179 0
 7693 238
 0 476


