# Created by Octave 3.8.2, Sat Jun 20 14:40:19 2020 CEST <damian@fptrucha.inv.usc.es>
# name: hd
# type: matrix
# rows: 5
# columns: 2
 7109 -476
 4753 -238
 8082 0
 7567 238
 0 476


