# Created by Octave 3.8.2, Mon Jun 22 22:09:46 2020 CEST <damian@fptrucha.inv.usc.es>
# name: hd
# type: matrix
# rows: 5
# columns: 2
 7485 -476
 5063 -238
 8203 0
 7863 238
 0 476


