# Created by Octave 3.8.2, Sat Jun 20 09:21:53 2020 CEST <damian@fptrucha.inv.usc.es>
# name: hd
# type: matrix
# rows: 5
# columns: 2
 7995 -476
 5384 -238
 8929 0
 8408 238
 0 476


