# Created by Octave 3.8.2, Mon Jun 22 04:32:43 2020 CEST <damian@fptrucha.inv.usc.es>
# name: hd
# type: matrix
# rows: 5
# columns: 2
 6150 -476
 4330 -238
 6934 0
 6400 238
 0 476


