# Created by Octave 3.8.2, Mon Jun 22 02:13:48 2020 CEST <damian@fptrucha.inv.usc.es>
# name: hd
# type: matrix
# rows: 5
# columns: 2
 6940 -476
 4589 -238
 7596 0
 7112 238
 0 476


