# Created by Octave 3.8.2, Sat Jun 20 14:32:08 2020 CEST <damian@fptrucha.inv.usc.es>
# name: hd
# type: matrix
# rows: 5
# columns: 2
 7346 -476
 4917 -238
 8280 0
 7650 238
 0 476


