# Created by Octave 3.8.2, Mon Jun 22 15:35:43 2020 CEST <damian@fptrucha.inv.usc.es>
# name: hd
# type: matrix
# rows: 5
# columns: 2
 7234 -476
 4731 -238
 7988 0
 7417 238
 0 476


