# Created by Octave 3.8.2, Mon Jun 22 01:14:01 2020 CEST <damian@fptrucha.inv.usc.es>
# name: hd
# type: matrix
# rows: 5
# columns: 2
 4545 -476
 3086 -238
 5007 0
 4744 238
 0 476


