# Created by Octave 3.8.2, Mon Jun 22 19:53:10 2020 CEST <damian@fptrucha.inv.usc.es>
# name: hd
# type: matrix
# rows: 5
# columns: 2
 7568 -476
 4966 -238
 8030 0
 7622 238
 0 476


