# Created by Octave 3.8.2, Sat Jun 20 16:16:04 2020 CEST <damian@fptrucha.inv.usc.es>
# name: hd
# type: matrix
# rows: 5
# columns: 2
 7091 -476
 4754 -238
 8013 0
 7452 238
 0 476


