# Created by Octave 3.8.2, Sat Jun 20 10:22:07 2020 CEST <damian@fptrucha.inv.usc.es>
# name: hd
# type: matrix
# rows: 5
# columns: 2
 7755 -476
 5246 -238
 8803 0
 8156 238
 0 476


