# Created by Octave 3.8.2, Sat Jun 20 17:12:54 2020 CEST <damian@fptrucha.inv.usc.es>
# name: hd
# type: matrix
# rows: 5
# columns: 2
 6919 -476
 4741 -238
 7805 0
 7141 238
 0 476


