# Created by Octave 3.8.2, Mon Jun 22 15:00:48 2020 CEST <damian@fptrucha.inv.usc.es>
# name: hd
# type: matrix
# rows: 5
# columns: 2
 7409 -476
 4948 -238
 7834 0
 7515 238
 0 476


