# Created by Octave 3.8.2, Mon Jun 22 02:27:10 2020 CEST <damian@fptrucha.inv.usc.es>
# name: hd
# type: matrix
# rows: 5
# columns: 2
 253 -476
 303 -238
 493 0
 727 238
 0 476


