# Created by Octave 3.8.2, Mon Jun 22 17:51:01 2020 CEST <damian@fptrucha.inv.usc.es>
# name: hd
# type: matrix
# rows: 5
# columns: 2
 7362 -476
 4983 -238
 7948 0
 7532 238
 0 476


