# Created by Octave 3.8.2, Sun Jun 21 07:57:16 2020 CEST <damian@fptrucha.inv.usc.es>
# name: hd
# type: matrix
# rows: 5
# columns: 2
 6658 -476
 4516 -238
 7597 0
 6965 238
 0 476


