# Created by Octave 3.8.2, Mon Jun 22 20:22:24 2020 CEST <damian@fptrucha.inv.usc.es>
# name: hd
# type: matrix
# rows: 5
# columns: 2
 7197 -476
 4992 -238
 8030 0
 7688 238
 0 476


