# Created by Octave 3.8.2, Sun Jun 21 01:17:37 2020 CEST <damian@fptrucha.inv.usc.es>
# name: hd
# type: matrix
# rows: 5
# columns: 2
 6750 -476
 4548 -238
 7542 0
 7046 238
 0 476


