# Created by Octave 3.8.2, Sat Jun 20 02:13:47 2020 CEST <damian@fptrucha.inv.usc.es>
# name: hd
# type: matrix
# rows: 5
# columns: 2
 7399 -476
 5031 -238
 8527 0
 7904 238
 0 476


