# Created by Octave 3.8.2, Sat Jun 20 09:10:05 2020 CEST <damian@fptrucha.inv.usc.es>
# name: hd
# type: matrix
# rows: 5
# columns: 2
 8018 -476
 5193 -238
 8911 0
 8331 238
 0 476


