# Created by Octave 3.8.2, Sun Jun 21 03:50:44 2020 CEST <damian@fptrucha.inv.usc.es>
# name: hd
# type: matrix
# rows: 5
# columns: 2
 6884 -476
 4455 -238
 7593 0
 6970 238
 0 476


