# Created by Octave 3.8.2, Mon Jun 22 06:01:18 2020 CEST <damian@fptrucha.inv.usc.es>
# name: hd
# type: matrix
# rows: 5
# columns: 2
 6542 -476
 4432 -238
 7218 0
 6670 238
 0 476


