# Created by Octave 3.8.2, Sat Jun 20 05:13:11 2020 CEST <damian@fptrucha.inv.usc.es>
# name: hd
# type: matrix
# rows: 5
# columns: 2
 7714 -476
 5122 -238
 8436 0
 7942 238
 0 476


