# Created by Octave 3.8.2, Sat Jun 20 21:21:03 2020 CEST <damian@fptrucha.inv.usc.es>
# name: hd
# type: matrix
# rows: 5
# columns: 2
 6887 -476
 4534 -238
 7625 0
 7169 238
 0 476


