# Created by Octave 3.8.2, Sat Jun 20 09:40:27 2020 CEST <damian@fptrucha.inv.usc.es>
# name: hd
# type: matrix
# rows: 5
# columns: 2
 8079 -476
 5329 -238
 8633 0
 8350 238
 0 476


