# Created by Octave 3.8.2, Mon Jun 22 02:39:45 2020 CEST <damian@fptrucha.inv.usc.es>
# name: hd
# type: matrix
# rows: 5
# columns: 2
 6536 -476
 4398 -238
 7035 0
 6707 238
 0 476


