# Created by Octave 3.8.2, Sat Jun 20 07:01:48 2020 CEST <damian@fptrucha.inv.usc.es>
# name: hd
# type: matrix
# rows: 5
# columns: 2
 7868 -476
 5203 -238
 8761 0
 8401 238
 0 476


