# Created by Octave 3.8.2, Mon Jun 22 22:40:20 2020 CEST <damian@fptrucha.inv.usc.es>
# name: hd
# type: matrix
# rows: 5
# columns: 2
 7505 -476
 5131 -238
 8087 0
 7752 238
 0 476


