# Created by Octave 3.8.2, Sat Jun 20 14:20:29 2020 CEST <damian@fptrucha.inv.usc.es>
# name: hd
# type: matrix
# rows: 5
# columns: 2
 6660 -476
 4433 -238
 7463 0
 7022 238
 0 476


