# Created by Octave 3.8.2, Sat Jun 20 12:43:47 2020 CEST <damian@fptrucha.inv.usc.es>
# name: hd
# type: matrix
# rows: 5
# columns: 2
 7456 -476
 4914 -238
 8375 0
 7920 238
 0 476


