# Created by Octave 3.8.2, Mon Jun 22 14:26:49 2020 CEST <damian@fptrucha.inv.usc.es>
# name: hd
# type: matrix
# rows: 5
# columns: 2
 6948 -476
 4677 -238
 7781 0
 7280 238
 0 476


