# Created by Octave 3.8.2, Mon Jun 22 15:17:18 2020 CEST <damian@fptrucha.inv.usc.es>
# name: hd
# type: matrix
# rows: 5
# columns: 2
 7264 -476
 4936 -238
 7843 0
 7558 238
 0 476


