# Created by Octave 3.8.2, Mon Jun 22 02:08:44 2020 CEST <damian@fptrucha.inv.usc.es>
# name: hd
# type: matrix
# rows: 5
# columns: 2
 4468 -476
 3063 -238
 5143 0
 4718 238
 0 476


