# Created by Octave 3.8.2, Mon Jun 22 05:30:18 2020 CEST <damian@fptrucha.inv.usc.es>
# name: hd
# type: matrix
# rows: 5
# columns: 2
 4268 -476
 2887 -238
 4791 0
 4455 238
 0 476


