# Created by Octave 3.8.2, Mon Jun 22 01:17:02 2020 CEST <damian@fptrucha.inv.usc.es>
# name: hd
# type: matrix
# rows: 5
# columns: 2
 6781 -476
 4535 -238
 7781 0
 7125 238
 0 476


