# Created by Octave 3.8.2, Sun Jun 21 03:45:08 2020 CEST <damian@fptrucha.inv.usc.es>
# name: hd
# type: matrix
# rows: 5
# columns: 2
 6748 -476
 4492 -238
 7663 0
 7051 238
 0 476


