# Created by Octave 3.8.2, Mon Jun 22 14:03:35 2020 CEST <damian@fptrucha.inv.usc.es>
# name: hd
# type: matrix
# rows: 5
# columns: 2
 7199 -476
 4642 -238
 7930 0
 7340 238
 0 476


