# Created by Octave 3.8.2, Sat Jun 20 21:08:16 2020 CEST <damian@fptrucha.inv.usc.es>
# name: hd
# type: matrix
# rows: 5
# columns: 2
 6795 -476
 4609 -238
 7809 0
 7176 238
 0 476


