# Created by Octave 3.8.2, Sat Jun 20 06:42:05 2020 CEST <damian@fptrucha.inv.usc.es>
# name: hd
# type: matrix
# rows: 5
# columns: 2
 7910 -476
 5266 -238
 8399 0
 8095 238
 0 476


