# Created by Octave 3.8.2, Sat Jun 20 10:07:34 2020 CEST <damian@fptrucha.inv.usc.es>
# name: hd
# type: matrix
# rows: 5
# columns: 2
 7617 -476
 5178 -238
 8902 0
 8066 238
 0 476


