# Created by Octave 3.8.2, Tue Jun 23 00:41:23 2020 CEST <damian@fptrucha.inv.usc.es>
# name: hd
# type: matrix
# rows: 5
# columns: 2
 7553 -476
 5000 -238
 8332 0
 7795 238
 0 476


