# Created by Octave 3.8.2, Sat Jun 20 21:13:23 2020 CEST <damian@fptrucha.inv.usc.es>
# name: hd
# type: matrix
# rows: 5
# columns: 2
 6810 -476
 4647 -238
 7814 0
 7090 238
 0 476


