# Created by Octave 3.8.2, Sat Jun 20 19:55:57 2020 CEST <damian@fptrucha.inv.usc.es>
# name: hd
# type: matrix
# rows: 5
# columns: 2
 4580 -476
 3058 -238
 5062 0
 4772 238
 0 476


