# Created by Octave 3.8.2, Mon Jun 22 21:46:28 2020 CEST <damian@fptrucha.inv.usc.es>
# name: hd
# type: matrix
# rows: 5
# columns: 2
 7386 -476
 5091 -238
 8311 0
 7729 238
 0 476


