# Created by Octave 3.8.2, Sat Jun 20 05:40:43 2020 CEST <damian@fptrucha.inv.usc.es>
# name: hd
# type: matrix
# rows: 5
# columns: 2
 5132 -476
 3580 -238
 5626 0
 5294 238
 0 476


