# Created by Octave 3.8.2, Mon Jun 22 22:14:28 2020 CEST <damian@fptrucha.inv.usc.es>
# name: hd
# type: matrix
# rows: 5
# columns: 2
 7535 -476
 5019 -238
 8240 0
 7905 238
 0 476


