# Created by Octave 3.8.2, Mon Jun 22 04:27:11 2020 CEST <damian@fptrucha.inv.usc.es>
# name: hd
# type: matrix
# rows: 5
# columns: 2
 6341 -476
 4225 -238
 6805 0
 6548 238
 0 476


