# Created by Octave 3.8.2, Mon Jun 22 07:54:05 2020 CEST <damian@fptrucha.inv.usc.es>
# name: hd
# type: matrix
# rows: 5
# columns: 2
 6764 -476
 4538 -238
 7200 0
 6856 238
 0 476


