# Created by Octave 3.8.2, Mon Jun 22 13:16:26 2020 CEST <damian@fptrucha.inv.usc.es>
# name: hd
# type: matrix
# rows: 5
# columns: 2
 7153 -476
 4812 -238
 7871 0
 7285 238
 0 476


