# Created by Octave 3.8.2, Sun Jun 21 00:26:44 2020 CEST <damian@fptrucha.inv.usc.es>
# name: hd
# type: matrix
# rows: 5
# columns: 2
 6720 -476
 4404 -238
 7511 0
 7048 238
 0 476


