# Created by Octave 3.8.2, Mon Jun 22 08:10:12 2020 CEST <damian@fptrucha.inv.usc.es>
# name: hd
# type: matrix
# rows: 5
# columns: 2
 6865 -476
 4508 -238
 7389 0
 6845 238
 0 476


