# Created by Octave 3.8.2, Mon Jun 22 16:20:04 2020 CEST <damian@fptrucha.inv.usc.es>
# name: hd
# type: matrix
# rows: 5
# columns: 2
 7291 -476
 4814 -238
 8118 0
 7386 238
 0 476


