# Created by Octave 3.8.2, Sat Jun 20 10:17:44 2020 CEST <damian@fptrucha.inv.usc.es>
# name: hd
# type: matrix
# rows: 5
# columns: 2
 7818 -476
 5311 -238
 8689 0
 8127 238
 0 476


