# Created by Octave 3.8.2, Sat Jun 20 22:51:21 2020 CEST <damian@fptrucha.inv.usc.es>
# name: hd
# type: matrix
# rows: 5
# columns: 2
 6783 -476
 4582 -238
 7506 0
 6850 238
 0 476


