# Created by Octave 3.8.2, Mon Jun 22 16:25:35 2020 CEST <damian@fptrucha.inv.usc.es>
# name: hd
# type: matrix
# rows: 5
# columns: 2
 7257 -476
 4804 -238
 7930 0
 7496 238
 0 476


