# Created by Octave 3.8.2, Mon Jun 22 21:51:13 2020 CEST <damian@fptrucha.inv.usc.es>
# name: hd
# type: matrix
# rows: 5
# columns: 2
 7413 -476
 5000 -238
 8119 0
 7836 238
 0 476


