# Created by Octave 3.8.2, Sat Jun 20 03:50:53 2020 CEST <damian@fptrucha.inv.usc.es>
# name: hd
# type: matrix
# rows: 5
# columns: 2
 7757 -476
 4993 -238
 8628 0
 7906 238
 0 476


