# Created by Octave 3.8.2, Mon Jun 22 03:56:41 2020 CEST <damian@fptrucha.inv.usc.es>
# name: hd
# type: matrix
# rows: 5
# columns: 2
 6426 -476
 4376 -238
 7023 0
 6770 238
 0 476


