# Created by Octave 3.8.2, Sun Jun 21 01:42:07 2020 CEST <damian@fptrucha.inv.usc.es>
# name: hd
# type: matrix
# rows: 5
# columns: 2
 6800 -476
 4575 -238
 7535 0
 7134 238
 0 476


