# Created by Octave 3.8.2, Mon Jun 22 13:45:44 2020 CEST <damian@fptrucha.inv.usc.es>
# name: hd
# type: matrix
# rows: 5
# columns: 2
 7191 -476
 4782 -238
 7695 0
 7293 238
 0 476


