# Created by Octave 3.8.2, Mon Jun 22 14:16:30 2020 CEST <damian@fptrucha.inv.usc.es>
# name: hd
# type: matrix
# rows: 5
# columns: 2
 7087 -476
 4781 -238
 7767 0
 7084 238
 0 476


