# Created by Octave 3.8.2, Mon Jun 22 01:08:17 2020 CEST <damian@fptrucha.inv.usc.es>
# name: hd
# type: matrix
# rows: 5
# columns: 2
 6986 -476
 4582 -238
 7914 0
 7161 238
 0 476


