# Created by Octave 3.8.2, Sun Jun 21 01:24:10 2020 CEST <damian@fptrucha.inv.usc.es>
# name: hd
# type: matrix
# rows: 5
# columns: 2
 6632 -476
 4535 -238
 7745 0
 7047 238
 0 476


