# Created by Octave 3.8.2, Sat Jun 20 07:13:24 2020 CEST <damian@fptrucha.inv.usc.es>
# name: hd
# type: matrix
# rows: 5
# columns: 2
 8037 -476
 5213 -238
 8816 0
 8243 238
 0 476


