# Created by Octave 3.8.2, Sat Jun 20 16:59:45 2020 CEST <damian@fptrucha.inv.usc.es>
# name: hd
# type: matrix
# rows: 5
# columns: 2
 7147 -476
 4650 -238
 7957 0
 7269 238
 0 476


