# Created by Octave 3.8.2, Tue Jun 23 00:14:42 2020 CEST <damian@fptrucha.inv.usc.es>
# name: hd
# type: matrix
# rows: 5
# columns: 2
 7332 -476
 5031 -238
 8157 0
 7609 238
 0 476


