# Created by Octave 3.8.2, Mon Jun 22 06:07:53 2020 CEST <damian@fptrucha.inv.usc.es>
# name: hd
# type: matrix
# rows: 5
# columns: 2
 6748 -476
 4550 -238
 7032 0
 6736 238
 0 476


