# Created by Octave 3.8.2, Mon Jun 22 06:08:54 2020 CEST <damian@fptrucha.inv.usc.es>
# name: hd
# type: matrix
# rows: 5
# columns: 2
 6725 -476
 4462 -238
 7028 0
 6785 238
 0 476


