# Created by Octave 3.8.2, Sun Jun 21 02:14:05 2020 CEST <damian@fptrucha.inv.usc.es>
# name: hd
# type: matrix
# rows: 5
# columns: 2
 6802 -476
 4633 -238
 7598 0
 7119 238
 0 476


