# Created by Octave 3.8.2, Sat Jun 20 15:55:18 2020 CEST <damian@fptrucha.inv.usc.es>
# name: hd
# type: matrix
# rows: 5
# columns: 2
 7069 -476
 4743 -238
 8152 0
 7430 238
 0 476


