# Created by Octave 3.8.2, Mon Jun 22 23:24:53 2020 CEST <damian@fptrucha.inv.usc.es>
# name: hd
# type: matrix
# rows: 5
# columns: 2
 7518 -476
 5081 -238
 8354 0
 7792 238
 0 476


