# Created by Octave 3.8.2, Mon Jun 22 09:07:51 2020 CEST <damian@fptrucha.inv.usc.es>
# name: hd
# type: matrix
# rows: 5
# columns: 2
 6901 -476
 4698 -238
 7588 0
 6839 238
 0 476


