# Created by Octave 3.8.2, Mon Jun 22 02:25:30 2020 CEST <damian@fptrucha.inv.usc.es>
# name: hd
# type: matrix
# rows: 5
# columns: 2
 2501 -476
 1815 -238
 2890 0
 2760 238
 0 476


