# Created by Octave 3.8.2, Mon Jun 22 14:19:45 2020 CEST <damian@fptrucha.inv.usc.es>
# name: hd
# type: matrix
# rows: 5
# columns: 2
 6997 -476
 4703 -238
 7721 0
 7200 238
 0 476


