# Created by Octave 3.8.2, Sat Jun 20 04:38:02 2020 CEST <damian@fptrucha.inv.usc.es>
# name: hd
# type: matrix
# rows: 5
# columns: 2
 7767 -476
 5184 -238
 8671 0
 8043 238
 0 476


