# Created by Octave 3.8.2, Sat Jun 20 21:17:17 2020 CEST <damian@fptrucha.inv.usc.es>
# name: hd
# type: matrix
# rows: 5
# columns: 2
 6982 -476
 4600 -238
 7651 0
 7158 238
 0 476


