# Created by Octave 3.8.2, Mon Jun 22 23:57:26 2020 CEST <damian@fptrucha.inv.usc.es>
# name: hd
# type: matrix
# rows: 5
# columns: 2
 7550 -476
 4952 -238
 8475 0
 8077 238
 0 476


