# Created by Octave 3.8.2, Sat Jun 20 13:06:13 2020 CEST <damian@fptrucha.inv.usc.es>
# name: hd
# type: matrix
# rows: 5
# columns: 2
 7364 -476
 5022 -238
 8394 0
 7654 238
 0 476


