# Created by Octave 3.8.2, Mon Jun 22 02:27:16 2020 CEST <damian@fptrucha.inv.usc.es>
# name: hd
# type: matrix
# rows: 5
# columns: 2
 150 -476
 275 -238
 428 0
 579 238
 0 476


