# Created by Octave 3.8.2, Mon Jun 22 04:31:48 2020 CEST <damian@fptrucha.inv.usc.es>
# name: hd
# type: matrix
# rows: 5
# columns: 2
 6209 -476
 4298 -238
 6829 0
 6475 238
 0 476


