# Created by Octave 3.8.2, Sun Jun 21 06:53:15 2020 CEST <damian@fptrucha.inv.usc.es>
# name: hd
# type: matrix
# rows: 5
# columns: 2
 6672 -476
 4536 -238
 7589 0
 6883 238
 0 476


