# Created by Octave 3.8.2, Tue Jun 23 00:39:01 2020 CEST <damian@fptrucha.inv.usc.es>
# name: hd
# type: matrix
# rows: 5
# columns: 2
 7512 -476
 5050 -238
 8341 0
 7762 238
 0 476


