# Created by Octave 3.8.2, Mon Jun 22 17:28:18 2020 CEST <damian@fptrucha.inv.usc.es>
# name: hd
# type: matrix
# rows: 5
# columns: 2
 7472 -476
 4847 -238
 7910 0
 7550 238
 0 476


