# Created by Octave 3.8.2, Sat Jun 20 17:43:22 2020 CEST <damian@fptrucha.inv.usc.es>
# name: hd
# type: matrix
# rows: 5
# columns: 2
 6980 -476
 4632 -238
 7765 0
 7333 238
 0 476


