# Created by Octave 3.8.2, Mon Jun 22 16:40:43 2020 CEST <damian@fptrucha.inv.usc.es>
# name: hd
# type: matrix
# rows: 5
# columns: 2
 7328 -476
 4775 -238
 7849 0
 7389 238
 0 476


