# Created by Octave 3.8.2, Sun Jun 21 03:03:15 2020 CEST <damian@fptrucha.inv.usc.es>
# name: hd
# type: matrix
# rows: 5
# columns: 2
 4457 -476
 2951 -238
 4926 0
 4540 238
 0 476


