# Created by Octave 3.8.2, Sat Jun 20 15:48:36 2020 CEST <damian@fptrucha.inv.usc.es>
# name: hd
# type: matrix
# rows: 5
# columns: 2
 7301 -476
 4798 -238
 7754 0
 7504 238
 0 476


