# Created by Octave 3.8.2, Mon Jun 22 22:54:16 2020 CEST <damian@fptrucha.inv.usc.es>
# name: hd
# type: matrix
# rows: 5
# columns: 2
 7506 -476
 5000 -238
 8254 0
 7944 238
 0 476


