# Created by Octave 3.8.2, Mon Jun 22 23:12:46 2020 CEST <damian@fptrucha.inv.usc.es>
# name: hd
# type: matrix
# rows: 5
# columns: 2
 7491 -476
 4941 -238
 8316 0
 7748 238
 0 476


