# Created by Octave 3.8.2, Mon Jun 22 21:02:28 2020 CEST <damian@fptrucha.inv.usc.es>
# name: hd
# type: matrix
# rows: 5
# columns: 2
 7439 -476
 4909 -238
 8293 0
 7696 238
 0 476


