# Created by Octave 3.8.2, Mon Jun 22 05:02:56 2020 CEST <damian@fptrucha.inv.usc.es>
# name: hd
# type: matrix
# rows: 5
# columns: 2
 6277 -476
 4274 -238
 7069 0
 6658 238
 0 476


