# Created by Octave 3.8.2, Mon Jun 22 04:01:28 2020 CEST <damian@fptrucha.inv.usc.es>
# name: hd
# type: matrix
# rows: 5
# columns: 2
 6592 -476
 4372 -238
 7055 0
 6518 238
 0 476


