# Created by Octave 3.8.2, Sat Jun 20 18:32:06 2020 CEST <damian@fptrucha.inv.usc.es>
# name: hd
# type: matrix
# rows: 5
# columns: 2
 6975 -476
 4637 -238
 7890 0
 7237 238
 0 476


