# Created by Octave 3.8.2, Sat Jun 20 10:13:23 2020 CEST <damian@fptrucha.inv.usc.es>
# name: hd
# type: matrix
# rows: 5
# columns: 2
 7843 -476
 5250 -238
 8754 0
 8175 238
 0 476


