# Created by Octave 3.8.2, Sun Jun 21 07:04:04 2020 CEST <damian@fptrucha.inv.usc.es>
# name: hd
# type: matrix
# rows: 5
# columns: 2
 6817 -476
 4765 -238
 7927 0
 7397 238
 0 476


