# Created by Octave 3.8.2, Sat Jun 20 13:34:47 2020 CEST <damian@fptrucha.inv.usc.es>
# name: hd
# type: matrix
# rows: 5
# columns: 2
 7434 -476
 5064 -238
 8261 0
 7824 238
 0 476


