# Created by Octave 3.8.2, Mon Jun 22 06:33:34 2020 CEST <damian@fptrucha.inv.usc.es>
# name: hd
# type: matrix
# rows: 5
# columns: 2
 6610 -476
 4542 -238
 7175 0
 6741 238
 0 476


