# Created by Octave 3.8.2, Mon Jun 22 05:56:22 2020 CEST <damian@fptrucha.inv.usc.es>
# name: hd
# type: matrix
# rows: 5
# columns: 2
 6599 -476
 4398 -238
 7091 0
 6766 238
 0 476


