# Created by Octave 3.8.2, Sat Jun 20 23:08:01 2020 CEST <damian@fptrucha.inv.usc.es>
# name: hd
# type: matrix
# rows: 5
# columns: 2
 6766 -476
 4436 -238
 7720 0
 6955 238
 0 476


