# Created by Octave 3.8.2, Mon Jun 22 01:33:51 2020 CEST <damian@fptrucha.inv.usc.es>
# name: hd
# type: matrix
# rows: 5
# columns: 2
 6933 -476
 4660 -238
 7845 0
 7268 238
 0 476


