# Created by Octave 3.8.2, Sat Jun 20 03:16:46 2020 CEST <damian@fptrucha.inv.usc.es>
# name: hd
# type: matrix
# rows: 5
# columns: 2
 7555 -476
 5079 -238
 8671 0
 7825 238
 0 476


