# Created by Octave 3.8.2, Sat Jun 20 18:09:03 2020 CEST <damian@fptrucha.inv.usc.es>
# name: hd
# type: matrix
# rows: 5
# columns: 2
 6861 -476
 4733 -238
 7842 0
 7111 238
 0 476


