# Created by Octave 3.8.2, Tue Jun 23 00:08:49 2020 CEST <damian@fptrucha.inv.usc.es>
# name: hd
# type: matrix
# rows: 5
# columns: 2
 7480 -476
 4989 -238
 8419 0
 7797 238
 0 476


