# Created by Octave 3.8.2, Sat Jun 20 06:01:04 2020 CEST <damian@fptrucha.inv.usc.es>
# name: hd
# type: matrix
# rows: 5
# columns: 2
 7843 -476
 5210 -238
 8979 0
 8051 238
 0 476


