# Created by Octave 3.8.2, Sat Jun 20 19:08:03 2020 CEST <damian@fptrucha.inv.usc.es>
# name: hd
# type: matrix
# rows: 5
# columns: 2
 7027 -476
 4665 -238
 7835 0
 7317 238
 0 476


