# Created by Octave 3.8.2, Mon Jun 22 03:05:53 2020 CEST <damian@fptrucha.inv.usc.es>
# name: hd
# type: matrix
# rows: 5
# columns: 2
 6557 -476
 4331 -238
 7137 0
 6689 238
 0 476


