# Created by Octave 3.8.2, Tue Jun 23 00:24:17 2020 CEST <damian@fptrucha.inv.usc.es>
# name: hd
# type: matrix
# rows: 5
# columns: 2
 7557 -476
 4954 -238
 8281 0
 7849 238
 0 476


