# Created by Octave 3.8.2, Sat Jun 20 12:04:57 2020 CEST <damian@fptrucha.inv.usc.es>
# name: hd
# type: matrix
# rows: 5
# columns: 2
 4952 -476
 3360 -238
 5612 0
 5115 238
 0 476


