# Created by Octave 3.8.2, Sat Jun 20 18:28:10 2020 CEST <damian@fptrucha.inv.usc.es>
# name: hd
# type: matrix
# rows: 5
# columns: 2
 6912 -476
 4644 -238
 7722 0
 7317 238
 0 476


