# Created by Octave 3.8.2, Mon Jun 22 05:49:29 2020 CEST <damian@fptrucha.inv.usc.es>
# name: hd
# type: matrix
# rows: 5
# columns: 2
 6683 -476
 4406 -238
 7102 0
 6631 238
 0 476


