# Created by Octave 3.8.2, Sat Jun 20 20:46:50 2020 CEST <damian@fptrucha.inv.usc.es>
# name: hd
# type: matrix
# rows: 5
# columns: 2
 6877 -476
 4610 -238
 7665 0
 7036 238
 0 476


