# Created by Octave 3.8.2, Sat Jun 20 18:57:43 2020 CEST <damian@fptrucha.inv.usc.es>
# name: hd
# type: matrix
# rows: 5
# columns: 2
 6927 -476
 4765 -238
 7811 0
 7405 238
 0 476


