# Created by Octave 3.8.2, Mon Jun 22 03:37:48 2020 CEST <damian@fptrucha.inv.usc.es>
# name: hd
# type: matrix
# rows: 5
# columns: 2
 6668 -476
 4428 -238
 7311 0
 6808 238
 0 476


