# Created by Octave 3.8.2, Sat Jun 20 15:01:27 2020 CEST <damian@fptrucha.inv.usc.es>
# name: hd
# type: matrix
# rows: 5
# columns: 2
 7252 -476
 4820 -238
 8008 0
 7538 238
 0 476


