# Created by Octave 3.8.2, Mon Jun 22 14:42:28 2020 CEST <damian@fptrucha.inv.usc.es>
# name: hd
# type: matrix
# rows: 5
# columns: 2
 7311 -476
 4822 -238
 7891 0
 7254 238
 0 476


