# Created by Octave 3.8.2, Sat Jun 20 10:43:06 2020 CEST <damian@fptrucha.inv.usc.es>
# name: hd
# type: matrix
# rows: 5
# columns: 2
 7823 -476
 5182 -238
 8822 0
 8091 238
 0 476


