# Created by Octave 3.8.2, Sat Jun 20 14:15:09 2020 CEST <damian@fptrucha.inv.usc.es>
# name: hd
# type: matrix
# rows: 5
# columns: 2
 7290 -476
 5002 -238
 8188 0
 7672 238
 0 476


