# Created by Octave 3.8.2, Mon Jun 22 19:48:35 2020 CEST <damian@fptrucha.inv.usc.es>
# name: hd
# type: matrix
# rows: 5
# columns: 2
 7336 -476
 4992 -238
 7990 0
 7619 238
 0 476


