# Created by Octave 3.8.2, Mon Jun 22 07:06:42 2020 CEST <damian@fptrucha.inv.usc.es>
# name: hd
# type: matrix
# rows: 5
# columns: 2
 6819 -476
 4432 -238
 7229 0
 6810 238
 0 476


