# Created by Octave 3.8.2, Mon Jun 22 06:30:37 2020 CEST <damian@fptrucha.inv.usc.es>
# name: hd
# type: matrix
# rows: 5
# columns: 2
 6702 -476
 4523 -238
 7246 0
 6788 238
 0 476


