# Created by Octave 3.8.2, Mon Jun 22 01:22:06 2020 CEST <damian@fptrucha.inv.usc.es>
# name: hd
# type: matrix
# rows: 5
# columns: 2
 6831 -476
 4563 -238
 7691 0
 7123 238
 0 476


