# Created by Octave 3.8.2, Sun Jun 21 05:10:45 2020 CEST <damian@fptrucha.inv.usc.es>
# name: hd
# type: matrix
# rows: 5
# columns: 2
 6795 -476
 4554 -238
 7671 0
 7114 238
 0 476


