# Created by Octave 3.8.2, Sat Jun 20 17:14:59 2020 CEST <damian@fptrucha.inv.usc.es>
# name: hd
# type: matrix
# rows: 5
# columns: 2
 4507 -476
 3116 -238
 5096 0
 4710 238
 0 476


