# Created by Octave 3.8.2, Mon Jun 22 06:02:15 2020 CEST <damian@fptrucha.inv.usc.es>
# name: hd
# type: matrix
# rows: 5
# columns: 2
 6683 -476
 4402 -238
 7063 0
 6746 238
 0 476


