# Created by Octave 3.8.2, Mon Jun 22 13:25:40 2020 CEST <damian@fptrucha.inv.usc.es>
# name: hd
# type: matrix
# rows: 5
# columns: 2
 7088 -476
 4828 -238
 7723 0
 7356 238
 0 476


