# Created by Octave 3.8.2, Mon Jun 22 00:57:37 2020 CEST <damian@fptrucha.inv.usc.es>
# name: hd
# type: matrix
# rows: 5
# columns: 2
 7132 -476
 4924 -238
 7954 0
 7366 238
 0 476


