# Created by Octave 3.8.2, Sat Jun 20 23:23:03 2020 CEST <damian@fptrucha.inv.usc.es>
# name: hd
# type: matrix
# rows: 5
# columns: 2
 6833 -476
 4579 -238
 7918 0
 7203 238
 0 476


