# Created by Octave 3.8.2, Sun Jun 21 04:21:52 2020 CEST <damian@fptrucha.inv.usc.es>
# name: hd
# type: matrix
# rows: 5
# columns: 2
 6837 -476
 4674 -238
 7468 0
 7020 238
 0 476


