# Created by Octave 3.8.2, Sat Jun 20 16:14:42 2020 CEST <damian@fptrucha.inv.usc.es>
# name: hd
# type: matrix
# rows: 5
# columns: 2
 6926 -476
 4836 -238
 7974 0
 7373 238
 0 476


