# Created by Octave 3.8.2, Mon Jun 22 06:34:34 2020 CEST <damian@fptrucha.inv.usc.es>
# name: hd
# type: matrix
# rows: 5
# columns: 2
 6811 -476
 4466 -238
 7165 0
 6878 238
 0 476


