# Created by Octave 3.8.2, Sat Jun 20 14:11:04 2020 CEST <damian@fptrucha.inv.usc.es>
# name: hd
# type: matrix
# rows: 5
# columns: 2
 7351 -476
 4896 -238
 8107 0
 7590 238
 0 476


