# Created by Octave 3.8.2, Mon Jun 22 01:06:15 2020 CEST <damian@fptrucha.inv.usc.es>
# name: hd
# type: matrix
# rows: 5
# columns: 2
 7059 -476
 4669 -238
 7882 0
 7410 238
 0 476


