# Created by Octave 3.8.2, Sat Jun 20 19:24:31 2020 CEST <damian@fptrucha.inv.usc.es>
# name: hd
# type: matrix
# rows: 5
# columns: 2
 6968 -476
 4731 -238
 7873 0
 7177 238
 0 476


