# Created by Octave 3.8.2, Sat Jun 20 07:17:52 2020 CEST <damian@fptrucha.inv.usc.es>
# name: hd
# type: matrix
# rows: 5
# columns: 2
 7918 -476
 5106 -238
 8767 0
 8144 238
 0 476


