# Created by Octave 3.8.2, Sat Jun 20 14:05:59 2020 CEST <damian@fptrucha.inv.usc.es>
# name: hd
# type: matrix
# rows: 5
# columns: 2
 7257 -476
 5002 -238
 8269 0
 7695 238
 0 476


