# Created by Octave 3.8.2, Sun Jun 21 02:30:17 2020 CEST <damian@fptrucha.inv.usc.es>
# name: hd
# type: matrix
# rows: 5
# columns: 2
 6801 -476
 4651 -238
 7685 0
 7095 238
 0 476


