# Created by Octave 3.8.2, Mon Jun 22 09:26:06 2020 CEST <damian@fptrucha.inv.usc.es>
# name: hd
# type: matrix
# rows: 5
# columns: 2
 6760 -476
 4612 -238
 7383 0
 7002 238
 0 476


