# Created by Octave 3.8.2, Mon Jun 22 21:48:51 2020 CEST <damian@fptrucha.inv.usc.es>
# name: hd
# type: matrix
# rows: 5
# columns: 2
 7514 -476
 5032 -238
 8317 0
 7654 238
 0 476


