# Created by Octave 3.8.2, Mon Jun 22 19:58:32 2020 CEST <damian@fptrucha.inv.usc.es>
# name: hd
# type: matrix
# rows: 5
# columns: 2
 7271 -476
 4935 -238
 8045 0
 7608 238
 0 476


