# Created by Octave 3.8.2, Mon Jun 22 10:25:38 2020 CEST <damian@fptrucha.inv.usc.es>
# name: hd
# type: matrix
# rows: 5
# columns: 2
 6936 -476
 4768 -238
 7680 0
 7143 238
 0 476


