# Created by Octave 3.8.2, Sat Jun 20 13:48:05 2020 CEST <damian@fptrucha.inv.usc.es>
# name: hd
# type: matrix
# rows: 5
# columns: 2
 7392 -476
 4923 -238
 8280 0
 7611 238
 0 476


