# Created by Octave 3.8.2, Sun Jun 21 00:38:16 2020 CEST <damian@fptrucha.inv.usc.es>
# name: hd
# type: matrix
# rows: 5
# columns: 2
 6828 -476
 4521 -238
 7565 0
 6963 238
 0 476


