# Created by Octave 3.8.2, Mon Jun 22 11:13:31 2020 CEST <damian@fptrucha.inv.usc.es>
# name: hd
# type: matrix
# rows: 5
# columns: 2
 7042 -476
 4741 -238
 7738 0
 7176 238
 0 476


