# Created by Octave 3.8.2, Sun Jun 21 05:22:41 2020 CEST <damian@fptrucha.inv.usc.es>
# name: hd
# type: matrix
# rows: 5
# columns: 2
 6831 -476
 4574 -238
 7613 0
 6966 238
 0 476


