# Created by Octave 3.8.2, Sun Jun 21 00:46:50 2020 CEST <damian@fptrucha.inv.usc.es>
# name: hd
# type: matrix
# rows: 5
# columns: 2
 6666 -476
 4656 -238
 7690 0
 7074 238
 0 476


