# Created by Octave 3.8.2, Mon Jun 22 23:18:53 2020 CEST <damian@fptrucha.inv.usc.es>
# name: hd
# type: matrix
# rows: 5
# columns: 2
 7497 -476
 5151 -238
 8340 0
 7903 238
 0 476


