# Created by Octave 3.8.2, Sun Jun 21 02:02:22 2020 CEST <damian@fptrucha.inv.usc.es>
# name: hd
# type: matrix
# rows: 5
# columns: 2
 6741 -476
 4471 -238
 7560 0
 7156 238
 0 476


