# Created by Octave 3.8.2, Sat Jun 20 13:32:02 2020 CEST <damian@fptrucha.inv.usc.es>
# name: hd
# type: matrix
# rows: 5
# columns: 2
 7418 -476
 4956 -238
 8215 0
 7662 238
 0 476


