# Created by Octave 3.8.2, Mon Jun 22 04:22:49 2020 CEST <damian@fptrucha.inv.usc.es>
# name: hd
# type: matrix
# rows: 5
# columns: 2
 6434 -476
 4359 -238
 6950 0
 6603 238
 0 476


