# Created by Octave 3.8.2, Sat Jun 20 18:56:28 2020 CEST <damian@fptrucha.inv.usc.es>
# name: hd
# type: matrix
# rows: 5
# columns: 2
 7021 -476
 4639 -238
 7783 0
 7350 238
 0 476


