# Created by Octave 3.8.2, Sat Jun 20 13:40:19 2020 CEST <damian@fptrucha.inv.usc.es>
# name: hd
# type: matrix
# rows: 5
# columns: 2
 7467 -476
 4941 -238
 8342 0
 7657 238
 0 476


