# Created by Octave 3.8.2, Mon Jun 22 11:32:05 2020 CEST <damian@fptrucha.inv.usc.es>
# name: hd
# type: matrix
# rows: 5
# columns: 2
 7059 -476
 4645 -238
 7600 0
 7014 238
 0 476


