# Created by Octave 3.8.2, Sat Jun 20 02:33:44 2020 CEST <damian@fptrucha.inv.usc.es>
# name: hd
# type: matrix
# rows: 5
# columns: 2
 7442 -476
 4924 -238
 8449 0
 7873 238
 0 476


