# Created by Octave 3.8.2, Sat Jun 20 14:57:19 2020 CEST <damian@fptrucha.inv.usc.es>
# name: hd
# type: matrix
# rows: 5
# columns: 2
 7261 -476
 4893 -238
 7966 0
 7483 238
 0 476


