# Created by Octave 3.8.2, Sat Jun 20 09:53:36 2020 CEST <damian@fptrucha.inv.usc.es>
# name: hd
# type: matrix
# rows: 5
# columns: 2
 7931 -476
 5308 -238
 8861 0
 8146 238
 0 476


