# Created by Octave 3.8.2, Sun Jun 21 01:38:52 2020 CEST <damian@fptrucha.inv.usc.es>
# name: hd
# type: matrix
# rows: 5
# columns: 2
 6710 -476
 4566 -238
 7351 0
 7071 238
 0 476


