# Created by Octave 3.8.2, Sat Jun 20 18:55:09 2020 CEST <damian@fptrucha.inv.usc.es>
# name: hd
# type: matrix
# rows: 5
# columns: 2
 6917 -476
 4661 -238
 7645 0
 7402 238
 0 476


