# Created by Octave 3.8.2, Sun Jun 21 05:50:09 2020 CEST <damian@fptrucha.inv.usc.es>
# name: hd
# type: matrix
# rows: 5
# columns: 2
 6800 -476
 4509 -238
 7624 0
 7158 238
 0 476


