# Created by Octave 3.8.2, Mon Jun 22 15:30:17 2020 CEST <damian@fptrucha.inv.usc.es>
# name: hd
# type: matrix
# rows: 5
# columns: 2
 7359 -476
 4861 -238
 8031 0
 7509 238
 0 476


