# Created by Octave 3.8.2, Sat Jun 20 21:31:03 2020 CEST <damian@fptrucha.inv.usc.es>
# name: hd
# type: matrix
# rows: 5
# columns: 2
 6839 -476
 4637 -238
 7574 0
 7265 238
 0 476


