# Created by Octave 3.8.2, Mon Jun 22 09:58:46 2020 CEST <damian@fptrucha.inv.usc.es>
# name: hd
# type: matrix
# rows: 5
# columns: 2
 6855 -476
 4544 -238
 7581 0
 7110 238
 0 476


