# Created by Octave 3.8.2, Sat Jun 20 18:05:06 2020 CEST <damian@fptrucha.inv.usc.es>
# name: hd
# type: matrix
# rows: 5
# columns: 2
 7017 -476
 4582 -238
 7787 0
 7192 238
 0 476


