# Created by Octave 3.8.2, Sat Jun 20 18:49:52 2020 CEST <damian@fptrucha.inv.usc.es>
# name: hd
# type: matrix
# rows: 5
# columns: 2
 6986 -476
 4700 -238
 7881 0
 7188 238
 0 476


