# Created by Octave 3.8.2, Sat Jun 20 02:25:34 2020 CEST <damian@fptrucha.inv.usc.es>
# name: hd
# type: matrix
# rows: 5
# columns: 2
 7568 -476
 4998 -238
 8414 0
 7782 238
 0 476


