# Created by Octave 3.8.2, Mon Jun 22 15:58:12 2020 CEST <damian@fptrucha.inv.usc.es>
# name: hd
# type: matrix
# rows: 5
# columns: 2
 4808 -476
 3123 -238
 5285 0
 5020 238
 0 476


