# Created by Octave 3.8.2, Mon Jun 22 02:17:52 2020 CEST <damian@fptrucha.inv.usc.es>
# name: hd
# type: matrix
# rows: 5
# columns: 2
 6990 -476
 4661 -238
 7610 0
 7122 238
 0 476


