# Created by Octave 3.8.2, Mon Jun 22 19:33:52 2020 CEST <damian@fptrucha.inv.usc.es>
# name: hd
# type: matrix
# rows: 5
# columns: 2
 7415 -476
 4983 -238
 7974 0
 7552 238
 0 476


