# Created by Octave 3.8.2, Sat Jun 20 23:28:25 2020 CEST <damian@fptrucha.inv.usc.es>
# name: hd
# type: matrix
# rows: 5
# columns: 2
 6709 -476
 4621 -238
 7703 0
 7108 238
 0 476


