# Created by Octave 3.8.2, Mon Jun 22 22:02:39 2020 CEST <damian@fptrucha.inv.usc.es>
# name: hd
# type: matrix
# rows: 5
# columns: 2
 7461 -476
 4910 -238
 8300 0
 7674 238
 0 476


