# Created by Octave 3.8.2, Sat Jun 20 05:15:31 2020 CEST <damian@fptrucha.inv.usc.es>
# name: hd
# type: matrix
# rows: 5
# columns: 2
 5074 -476
 3426 -238
 5566 0
 5255 238
 0 476


