# Created by Octave 3.8.2, Sun Jun 21 05:56:47 2020 CEST <damian@fptrucha.inv.usc.es>
# name: hd
# type: matrix
# rows: 5
# columns: 2
 6921 -476
 4640 -238
 7701 0
 7128 238
 0 476


