# Created by Octave 3.8.2, Mon Jun 22 06:57:40 2020 CEST <damian@fptrucha.inv.usc.es>
# name: hd
# type: matrix
# rows: 5
# columns: 2
 4463 -476
 2809 -238
 4652 0
 4320 238
 0 476


