# Created by Octave 3.8.2, Sat Jun 20 04:35:12 2020 CEST <damian@fptrucha.inv.usc.es>
# name: hd
# type: matrix
# rows: 5
# columns: 2
 7653 -476
 5191 -238
 8594 0
 8034 238
 0 476


