# Created by Octave 3.8.2, Sat Jun 20 15:59:17 2020 CEST <damian@fptrucha.inv.usc.es>
# name: hd
# type: matrix
# rows: 5
# columns: 2
 7192 -476
 4635 -238
 7950 0
 7420 238
 0 476


