# Created by Octave 3.8.2, Sun Jun 21 01:37:48 2020 CEST <damian@fptrucha.inv.usc.es>
# name: hd
# type: matrix
# rows: 5
# columns: 2
 6783 -476
 4598 -238
 7677 0
 7112 238
 0 476


