# Created by Octave 3.8.2, Mon Jun 22 01:55:43 2020 CEST <damian@fptrucha.inv.usc.es>
# name: hd
# type: matrix
# rows: 5
# columns: 2
 7083 -476
 4639 -238
 7834 0
 7392 238
 0 476


