# Created by Octave 3.8.2, Sat Jun 20 17:39:29 2020 CEST <damian@fptrucha.inv.usc.es>
# name: hd
# type: matrix
# rows: 5
# columns: 2
 6896 -476
 4720 -238
 7772 0
 7206 238
 0 476


