# Created by Octave 3.8.2, Sat Jun 20 09:11:34 2020 CEST <damian@fptrucha.inv.usc.es>
# name: hd
# type: matrix
# rows: 5
# columns: 2
 8134 -476
 5526 -238
 8936 0
 8451 238
 0 476


