# Created by Octave 3.8.2, Sat Jun 20 05:28:21 2020 CEST <damian@fptrucha.inv.usc.es>
# name: hd
# type: matrix
# rows: 5
# columns: 2
 7544 -476
 5052 -238
 8599 0
 8090 238
 0 476


