# Created by Octave 3.8.2, Mon Jun 22 18:06:30 2020 CEST <damian@fptrucha.inv.usc.es>
# name: hd
# type: matrix
# rows: 5
# columns: 2
 7344 -476
 4918 -238
 8093 0
 7543 238
 0 476


