# Created by Octave 3.8.2, Sat Jun 20 08:34:08 2020 CEST <damian@fptrucha.inv.usc.es>
# name: hd
# type: matrix
# rows: 5
# columns: 2
 8043 -476
 5384 -238
 9021 0
 8414 238
 0 476


