# Created by Octave 3.8.2, Mon Jun 22 14:57:49 2020 CEST <damian@fptrucha.inv.usc.es>
# name: hd
# type: matrix
# rows: 5
# columns: 2
 7386 -476
 4827 -238
 7863 0
 7519 238
 0 476


