# Created by Octave 3.8.2, Sun Jun 21 04:02:23 2020 CEST <damian@fptrucha.inv.usc.es>
# name: hd
# type: matrix
# rows: 5
# columns: 2
 6824 -476
 4737 -238
 7737 0
 7152 238
 0 476


