# Created by Octave 3.8.2, Sun Jun 21 03:08:39 2020 CEST <damian@fptrucha.inv.usc.es>
# name: hd
# type: matrix
# rows: 5
# columns: 2
 6649 -476
 4601 -238
 7560 0
 7022 238
 0 476


