# Created by Octave 3.8.2, Sat Jun 20 08:25:16 2020 CEST <damian@fptrucha.inv.usc.es>
# name: hd
# type: matrix
# rows: 5
# columns: 2
 7941 -476
 5520 -238
 8858 0
 8440 238
 0 476


