# Created by Octave 3.8.2, Mon Jun 22 05:43:01 2020 CEST <damian@fptrucha.inv.usc.es>
# name: hd
# type: matrix
# rows: 5
# columns: 2
 6505 -476
 4443 -238
 6922 0
 6744 238
 0 476


