# Created by Octave 3.8.2, Mon Jun 22 02:30:19 2020 CEST <damian@fptrucha.inv.usc.es>
# name: hd
# type: matrix
# rows: 5
# columns: 2
 6398 -476
 4209 -238
 6962 0
 6580 238
 0 476


