# Created by Octave 3.8.2, Mon Jun 22 07:09:40 2020 CEST <damian@fptrucha.inv.usc.es>
# name: hd
# type: matrix
# rows: 5
# columns: 2
 6494 -476
 4478 -238
 7064 0
 6796 238
 0 476


