# Created by Octave 3.8.2, Mon Jun 22 10:23:32 2020 CEST <damian@fptrucha.inv.usc.es>
# name: hd
# type: matrix
# rows: 5
# columns: 2
 6961 -476
 4718 -238
 7634 0
 7041 238
 0 476


