# Created by Octave 3.8.2, Sat Jun 20 12:35:19 2020 CEST <damian@fptrucha.inv.usc.es>
# name: hd
# type: matrix
# rows: 5
# columns: 2
 7463 -476
 4955 -238
 8492 0
 7810 238
 0 476


