# Created by Octave 3.8.2, Mon Jun 22 04:50:04 2020 CEST <damian@fptrucha.inv.usc.es>
# name: hd
# type: matrix
# rows: 5
# columns: 2
 6319 -476
 4273 -238
 6784 0
 6414 238
 0 476


