# Created by Octave 3.8.2, Sat Jun 20 15:09:31 2020 CEST <damian@fptrucha.inv.usc.es>
# name: hd
# type: matrix
# rows: 5
# columns: 2
 7214 -476
 4870 -238
 8173 0
 7500 238
 0 476


