# Created by Octave 3.8.2, Sun Jun 21 03:33:24 2020 CEST <damian@fptrucha.inv.usc.es>
# name: hd
# type: matrix
# rows: 5
# columns: 2
 6645 -476
 4553 -238
 7644 0
 6948 238
 0 476


