# Created by Octave 3.8.2, Sat Jun 20 09:35:57 2020 CEST <damian@fptrucha.inv.usc.es>
# name: hd
# type: matrix
# rows: 5
# columns: 2
 7884 -476
 5259 -238
 8913 0
 8155 238
 0 476


