# Created by Octave 3.8.2, Mon Jun 22 12:43:05 2020 CEST <damian@fptrucha.inv.usc.es>
# name: hd
# type: matrix
# rows: 5
# columns: 2
 7155 -476
 4707 -238
 7956 0
 7569 238
 0 476


