# Created by Octave 3.8.2, Sat Jun 20 05:45:02 2020 CEST <damian@fptrucha.inv.usc.es>
# name: hd
# type: matrix
# rows: 5
# columns: 2
 7701 -476
 5236 -238
 8640 0
 8158 238
 0 476


