# Created by Octave 3.8.2, Mon Jun 22 23:42:26 2020 CEST <damian@fptrucha.inv.usc.es>
# name: hd
# type: matrix
# rows: 5
# columns: 2
 7596 -476
 4850 -238
 8544 0
 7782 238
 0 476


