# Created by Octave 3.8.2, Sat Jun 20 11:01:18 2020 CEST <damian@fptrucha.inv.usc.es>
# name: hd
# type: matrix
# rows: 5
# columns: 2
 7890 -476
 5286 -238
 8641 0
 7987 238
 0 476


