# Created by Octave 3.8.2, Sat Jun 20 07:22:11 2020 CEST <damian@fptrucha.inv.usc.es>
# name: hd
# type: matrix
# rows: 5
# columns: 2
 7929 -476
 5336 -238
 8813 0
 8128 238
 0 476


