# Created by Octave 3.8.2, Mon Jun 22 19:45:00 2020 CEST <damian@fptrucha.inv.usc.es>
# name: hd
# type: matrix
# rows: 5
# columns: 2
 7207 -476
 5060 -238
 8260 0
 7596 238
 0 476


