# Created by Octave 3.8.2, Mon Jun 22 11:35:49 2020 CEST <damian@fptrucha.inv.usc.es>
# name: hd
# type: matrix
# rows: 5
# columns: 2
 7044 -476
 4599 -238
 7503 0
 7092 238
 0 476


