# Created by Octave 3.8.2, Mon Jun 22 23:28:02 2020 CEST <damian@fptrucha.inv.usc.es>
# name: hd
# type: matrix
# rows: 5
# columns: 2
 7573 -476
 5202 -238
 8289 0
 8023 238
 0 476


