# Created by Octave 3.8.2, Mon Jun 22 04:55:41 2020 CEST <damian@fptrucha.inv.usc.es>
# name: hd
# type: matrix
# rows: 5
# columns: 2
 6278 -476
 4182 -238
 6797 0
 6373 238
 0 476


