# Created by Octave 3.8.2, Mon Jun 22 16:39:37 2020 CEST <damian@fptrucha.inv.usc.es>
# name: hd
# type: matrix
# rows: 5
# columns: 2
 7347 -476
 4868 -238
 8025 0
 7586 238
 0 476


