# Created by Octave 3.8.2, Mon Jun 22 08:37:39 2020 CEST <damian@fptrucha.inv.usc.es>
# name: hd
# type: matrix
# rows: 5
# columns: 2
 6937 -476
 4569 -238
 7496 0
 6974 238
 0 476


