# Created by Octave 3.8.2, Mon Jun 22 05:32:17 2020 CEST <damian@fptrucha.inv.usc.es>
# name: hd
# type: matrix
# rows: 5
# columns: 2
 6494 -476
 4362 -238
 6989 0
 6735 238
 0 476


