# Created by Octave 3.8.2, Mon Jun 22 09:09:58 2020 CEST <damian@fptrucha.inv.usc.es>
# name: hd
# type: matrix
# rows: 5
# columns: 2
 6839 -476
 4447 -238
 7191 0
 6860 238
 0 476


