# Created by Octave 3.8.2, Mon Jun 22 02:27:54 2020 CEST <damian@fptrucha.inv.usc.es>
# name: hd
# type: matrix
# rows: 5
# columns: 2
 19 -476
 48 -238
 70 0
 87 238
 0 476


