# Created by Octave 3.8.2, Mon Jun 22 12:25:19 2020 CEST <damian@fptrucha.inv.usc.es>
# name: hd
# type: matrix
# rows: 5
# columns: 2
 7070 -476
 4753 -238
 7713 0
 7331 238
 0 476


