# Created by Octave 3.8.2, Mon Jun 22 05:53:25 2020 CEST <damian@fptrucha.inv.usc.es>
# name: hd
# type: matrix
# rows: 5
# columns: 2
 6647 -476
 4488 -238
 6995 0
 6595 238
 0 476


