# Created by Octave 3.8.2, Mon Jun 22 11:42:10 2020 CEST <damian@fptrucha.inv.usc.es>
# name: hd
# type: matrix
# rows: 5
# columns: 2
 7019 -476
 4562 -238
 7803 0
 7088 238
 0 476


