# Created by Octave 3.8.2, Sun Jun 21 03:11:52 2020 CEST <damian@fptrucha.inv.usc.es>
# name: hd
# type: matrix
# rows: 5
# columns: 2
 6646 -476
 4499 -238
 7518 0
 6841 238
 0 476


