# Created by Octave 3.8.2, Sat Jun 20 20:13:54 2020 CEST <damian@fptrucha.inv.usc.es>
# name: hd
# type: matrix
# rows: 5
# columns: 2
 6849 -476
 4771 -238
 7746 0
 7279 238
 0 476


