# Created by Octave 3.8.2, Sun Jun 21 04:55:16 2020 CEST <damian@fptrucha.inv.usc.es>
# name: hd
# type: matrix
# rows: 5
# columns: 2
 6936 -476
 4674 -238
 7714 0
 7130 238
 0 476


