# Created by Octave 3.8.2, Sun Jun 21 01:04:58 2020 CEST <damian@fptrucha.inv.usc.es>
# name: hd
# type: matrix
# rows: 5
# columns: 2
 6750 -476
 4559 -238
 7471 0
 7050 238
 0 476


