# Created by Octave 3.8.2, Sat Jun 20 21:52:26 2020 CEST <damian@fptrucha.inv.usc.es>
# name: hd
# type: matrix
# rows: 5
# columns: 2
 6820 -476
 4653 -238
 7545 0
 7284 238
 0 476


