# Created by Octave 3.8.2, Mon Jun 22 21:13:08 2020 CEST <damian@fptrucha.inv.usc.es>
# name: hd
# type: matrix
# rows: 5
# columns: 2
 7419 -476
 4913 -238
 8110 0
 7726 238
 0 476


