# Created by Octave 3.8.2, Mon Jun 22 08:02:24 2020 CEST <damian@fptrucha.inv.usc.es>
# name: hd
# type: matrix
# rows: 5
# columns: 2
 6622 -476
 4555 -238
 7379 0
 6949 238
 0 476


