# Created by Octave 3.8.2, Sat Jun 20 16:32:45 2020 CEST <damian@fptrucha.inv.usc.es>
# name: hd
# type: matrix
# rows: 5
# columns: 2
 7037 -476
 4753 -238
 7852 0
 7370 238
 0 476


