# Created by Octave 3.8.2, Mon Jun 22 05:51:29 2020 CEST <damian@fptrucha.inv.usc.es>
# name: hd
# type: matrix
# rows: 5
# columns: 2
 6586 -476
 4260 -238
 7189 0
 6704 238
 0 476


