# Created by Octave 3.8.2, Mon Jun 22 18:40:45 2020 CEST <damian@fptrucha.inv.usc.es>
# name: hd
# type: matrix
# rows: 5
# columns: 2
 7298 -476
 4926 -238
 8098 0
 7584 238
 0 476


