# Created by Octave 3.8.2, Sat Jun 20 03:34:48 2020 CEST <damian@fptrucha.inv.usc.es>
# name: hd
# type: matrix
# rows: 5
# columns: 2
 7527 -476
 4906 -238
 8421 0
 7915 238
 0 476


