# Created by Octave 3.8.2, Mon Jun 22 02:04:05 2020 CEST <damian@fptrucha.inv.usc.es>
# name: hd
# type: matrix
# rows: 5
# columns: 2
 6862 -476
 4650 -238
 7594 0
 7110 238
 0 476


