# Created by Octave 3.8.2, Sat Jun 20 06:28:11 2020 CEST <damian@fptrucha.inv.usc.es>
# name: hd
# type: matrix
# rows: 5
# columns: 2
 7941 -476
 5072 -238
 8909 0
 8323 238
 0 476


