# Created by Octave 3.8.2, Mon Jun 22 10:44:19 2020 CEST <damian@fptrucha.inv.usc.es>
# name: hd
# type: matrix
# rows: 5
# columns: 2
 7219 -476
 4659 -238
 7681 0
 7185 238
 0 476


