# Created by Octave 3.8.2, Mon Jun 22 02:07:09 2020 CEST <damian@fptrucha.inv.usc.es>
# name: hd
# type: matrix
# rows: 5
# columns: 2
 6774 -476
 4714 -238
 7607 0
 7202 238
 0 476


