# Created by Octave 3.8.2, Mon Jun 22 14:49:04 2020 CEST <damian@fptrucha.inv.usc.es>
# name: hd
# type: matrix
# rows: 5
# columns: 2
 7000 -476
 4841 -238
 7900 0
 7274 238
 0 476


