# Created by Octave 3.8.2, Sat Jun 20 10:16:13 2020 CEST <damian@fptrucha.inv.usc.es>
# name: hd
# type: matrix
# rows: 5
# columns: 2
 7702 -476
 5184 -238
 8734 0
 8072 238
 0 476


