# Created by Octave 3.8.2, Sat Jun 20 18:35:58 2020 CEST <damian@fptrucha.inv.usc.es>
# name: hd
# type: matrix
# rows: 5
# columns: 2
 6795 -476
 4669 -238
 7610 0
 7166 238
 0 476


