# Created by Octave 3.8.2, Sun Jun 21 07:34:27 2020 CEST <damian@fptrucha.inv.usc.es>
# name: hd
# type: matrix
# rows: 5
# columns: 2
 7082 -476
 4681 -238
 8056 0
 7376 238
 0 476


