# Created by Octave 3.8.2, Sun Jun 21 02:04:37 2020 CEST <damian@fptrucha.inv.usc.es>
# name: hd
# type: matrix
# rows: 5
# columns: 2
 6828 -476
 4613 -238
 7527 0
 6917 238
 0 476


