# Created by Octave 3.8.2, Sun Jun 21 04:51:54 2020 CEST <damian@fptrucha.inv.usc.es>
# name: hd
# type: matrix
# rows: 5
# columns: 2
 6967 -476
 4827 -238
 7725 0
 7262 238
 0 476


