# Created by Octave 3.8.2, Mon Jun 22 21:59:30 2020 CEST <damian@fptrucha.inv.usc.es>
# name: hd
# type: matrix
# rows: 5
# columns: 2
 7604 -476
 4923 -238
 8182 0
 7716 238
 0 476


