# Created by Octave 3.8.2, Tue Jun 23 00:36:36 2020 CEST <damian@fptrucha.inv.usc.es>
# name: hd
# type: matrix
# rows: 5
# columns: 2
 7428 -476
 5096 -238
 8300 0
 7827 238
 0 476


