# Created by Octave 3.8.2, Sat Jun 20 18:53:50 2020 CEST <damian@fptrucha.inv.usc.es>
# name: hd
# type: matrix
# rows: 5
# columns: 2
 7019 -476
 4778 -238
 7844 0
 7249 238
 0 476


