# Created by Octave 3.8.2, Mon Jun 22 21:42:57 2020 CEST <damian@fptrucha.inv.usc.es>
# name: hd
# type: matrix
# rows: 5
# columns: 2
 7478 -476
 4962 -238
 8158 0
 7744 238
 0 476


