# Created by Octave 3.8.2, Mon Jun 22 03:49:17 2020 CEST <damian@fptrucha.inv.usc.es>
# name: hd
# type: matrix
# rows: 5
# columns: 2
 6708 -476
 4432 -238
 7182 0
 6608 238
 0 476


