# Created by Octave 3.8.2, Sun Jun 21 07:48:15 2020 CEST <damian@fptrucha.inv.usc.es>
# name: hd
# type: matrix
# rows: 5
# columns: 2
 6954 -476
 4648 -238
 7823 0
 7196 238
 0 476


