# Created by Octave 3.8.2, Sat Jun 20 19:01:36 2020 CEST <damian@fptrucha.inv.usc.es>
# name: hd
# type: matrix
# rows: 5
# columns: 2
 6930 -476
 4743 -238
 7739 0
 7188 238
 0 476


