# Created by Octave 3.8.2, Mon Jun 22 15:46:24 2020 CEST <damian@fptrucha.inv.usc.es>
# name: hd
# type: matrix
# rows: 5
# columns: 2
 7249 -476
 4897 -238
 8070 0
 7439 238
 0 476


