# Created by Octave 3.8.2, Mon Jun 22 06:37:32 2020 CEST <damian@fptrucha.inv.usc.es>
# name: hd
# type: matrix
# rows: 5
# columns: 2
 6788 -476
 4428 -238
 7209 0
 6914 238
 0 476


