# Created by Octave 3.8.2, Mon Jun 22 16:42:57 2020 CEST <damian@fptrucha.inv.usc.es>
# name: hd
# type: matrix
# rows: 5
# columns: 2
 7207 -476
 4861 -238
 7968 0
 7493 238
 0 476


