# Created by Octave 3.8.2, Mon Jun 22 06:18:51 2020 CEST <damian@fptrucha.inv.usc.es>
# name: hd
# type: matrix
# rows: 5
# columns: 2
 6700 -476
 4442 -238
 7080 0
 6565 238
 0 476


