# Created by Octave 3.8.2, Sat Jun 20 11:11:21 2020 CEST <damian@fptrucha.inv.usc.es>
# name: hd
# type: matrix
# rows: 5
# columns: 2
 7488 -476
 5156 -238
 8653 0
 7988 238
 0 476


