# Created by Octave 3.8.2, Sat Jun 20 21:43:49 2020 CEST <damian@fptrucha.inv.usc.es>
# name: hd
# type: matrix
# rows: 5
# columns: 2
 6778 -476
 4480 -238
 7622 0
 6958 238
 0 476


