# Created by Octave 3.8.2, Sun Jun 21 04:57:29 2020 CEST <damian@fptrucha.inv.usc.es>
# name: hd
# type: matrix
# rows: 5
# columns: 2
 6895 -476
 4641 -238
 7686 0
 7186 238
 0 476


