# Created by Octave 3.8.2, Mon Jun 22 05:09:41 2020 CEST <damian@fptrucha.inv.usc.es>
# name: hd
# type: matrix
# rows: 5
# columns: 2
 6431 -476
 4287 -238
 7056 0
 6634 238
 0 476


