# Created by Octave 3.8.2, Mon Jun 22 13:47:55 2020 CEST <damian@fptrucha.inv.usc.es>
# name: hd
# type: matrix
# rows: 5
# columns: 2
 7170 -476
 4746 -238
 7963 0
 7323 238
 0 476


