# Created by Octave 3.8.2, Sat Jun 20 19:32:18 2020 CEST <damian@fptrucha.inv.usc.es>
# name: hd
# type: matrix
# rows: 5
# columns: 2
 6775 -476
 4708 -238
 7656 0
 7004 238
 0 476


