# Created by Octave 3.8.2, Mon Jun 22 11:14:10 2020 CEST <damian@fptrucha.inv.usc.es>
# name: hd
# type: matrix
# rows: 5
# columns: 2
 4608 -476
 3125 -238
 5120 0
 4635 238
 0 476


