# Created by Octave 3.8.2, Mon Jun 22 04:51:00 2020 CEST <damian@fptrucha.inv.usc.es>
# name: hd
# type: matrix
# rows: 5
# columns: 2
 6227 -476
 4246 -238
 6927 0
 6590 238
 0 476


