# Created by Octave 3.8.2, Sat Jun 20 06:03:58 2020 CEST <damian@fptrucha.inv.usc.es>
# name: hd
# type: matrix
# rows: 5
# columns: 2
 7804 -476
 5141 -238
 8741 0
 8114 238
 0 476


