# Created by Octave 3.8.2, Sun Jun 21 00:25:40 2020 CEST <damian@fptrucha.inv.usc.es>
# name: hd
# type: matrix
# rows: 5
# columns: 2
 6642 -476
 4474 -238
 7628 0
 6977 238
 0 476


