# Created by Octave 3.8.2, Mon Jun 22 22:10:56 2020 CEST <damian@fptrucha.inv.usc.es>
# name: hd
# type: matrix
# rows: 5
# columns: 2
 7433 -476
 4990 -238
 8364 0
 7785 238
 0 476


