# Created by Octave 3.8.2, Mon Jun 22 01:48:48 2020 CEST <damian@fptrucha.inv.usc.es>
# name: hd
# type: matrix
# rows: 5
# columns: 2
 7161 -476
 4883 -238
 7868 0
 7331 238
 0 476


