# Created by Octave 3.8.2, Sat Jun 20 14:34:52 2020 CEST <damian@fptrucha.inv.usc.es>
# name: hd
# type: matrix
# rows: 5
# columns: 2
 7167 -476
 4895 -238
 8187 0
 7603 238
 0 476


