# Created by Octave 3.8.2, Mon Jun 22 02:06:11 2020 CEST <damian@fptrucha.inv.usc.es>
# name: hd
# type: matrix
# rows: 5
# columns: 2
 7061 -476
 4592 -238
 7569 0
 7127 238
 0 476


