# Created by Octave 3.8.2, Mon Jun 22 00:33:13 2020 CEST <damian@fptrucha.inv.usc.es>
# name: hd
# type: matrix
# rows: 5
# columns: 2
 6979 -476
 4571 -238
 7776 0
 7151 238
 0 476


