# Created by Octave 3.8.2, Sat Jun 20 06:19:29 2020 CEST <damian@fptrucha.inv.usc.es>
# name: hd
# type: matrix
# rows: 5
# columns: 2
 7871 -476
 5312 -238
 8670 0
 8129 238
 0 476


