# Created by Octave 3.8.2, Sun Jun 21 02:01:17 2020 CEST <damian@fptrucha.inv.usc.es>
# name: hd
# type: matrix
# rows: 5
# columns: 2
 6906 -476
 4588 -238
 7528 0
 7233 238
 0 476


