# Created by Octave 3.8.2, Mon Jun 22 14:22:31 2020 CEST <damian@fptrucha.inv.usc.es>
# name: hd
# type: matrix
# rows: 5
# columns: 2
 7109 -476
 4837 -238
 7689 0
 7170 238
 0 476


