# Created by Octave 3.8.2, Sat Jun 20 15:26:29 2020 CEST <damian@fptrucha.inv.usc.es>
# name: hd
# type: matrix
# rows: 5
# columns: 2
 7169 -476
 4771 -238
 8063 0
 7417 238
 0 476


