# Created by Octave 3.8.2, Sat Jun 20 22:19:14 2020 CEST <damian@fptrucha.inv.usc.es>
# name: hd
# type: matrix
# rows: 5
# columns: 2
 6863 -476
 4627 -238
 7667 0
 7204 238
 0 476


