# Created by Octave 3.8.2, Sat Jun 20 23:44:27 2020 CEST <damian@fptrucha.inv.usc.es>
# name: hd
# type: matrix
# rows: 5
# columns: 2
 6783 -476
 4552 -238
 7738 0
 6946 238
 0 476


