# Created by Octave 3.8.2, Mon Jun 22 05:36:07 2020 CEST <damian@fptrucha.inv.usc.es>
# name: hd
# type: matrix
# rows: 5
# columns: 2
 6590 -476
 4452 -238
 7039 0
 6585 238
 0 476


