# Created by Octave 3.8.2, Sat Jun 20 11:47:13 2020 CEST <damian@fptrucha.inv.usc.es>
# name: hd
# type: matrix
# rows: 5
# columns: 2
 7602 -476
 5122 -238
 8463 0
 7889 238
 0 476


