# Created by Octave 3.8.2, Mon Jun 22 04:36:25 2020 CEST <damian@fptrucha.inv.usc.es>
# name: hd
# type: matrix
# rows: 5
# columns: 2
 6354 -476
 4264 -238
 6996 0
 6413 238
 0 476


