# Created by Octave 3.8.2, Mon Jun 22 10:33:01 2020 CEST <damian@fptrucha.inv.usc.es>
# name: hd
# type: matrix
# rows: 5
# columns: 2
 6923 -476
 4664 -238
 7600 0
 7034 238
 0 476


