# Created by Octave 3.8.2, Tue Jun 23 00:06:53 2020 CEST <damian@fptrucha.inv.usc.es>
# name: hd
# type: matrix
# rows: 5
# columns: 2
 7674 -476
 4981 -238
 8322 0
 7801 238
 0 476


