# Created by Octave 3.8.2, Mon Jun 22 01:32:47 2020 CEST <damian@fptrucha.inv.usc.es>
# name: hd
# type: matrix
# rows: 5
# columns: 2
 6901 -476
 4569 -238
 7720 0
 7144 238
 0 476


