# Created by Octave 3.8.2, Mon Jun 22 05:18:00 2020 CEST <damian@fptrucha.inv.usc.es>
# name: hd
# type: matrix
# rows: 5
# columns: 2
 6556 -476
 4438 -238
 6977 0
 6715 238
 0 476


