# Created by Octave 3.8.2, Sat Jun 20 07:31:44 2020 CEST <damian@fptrucha.inv.usc.es>
# name: hd
# type: matrix
# rows: 5
# columns: 2
 7888 -476
 5317 -238
 8783 0
 8292 238
 0 476


