# Created by Octave 3.8.2, Mon Jun 22 09:25:04 2020 CEST <damian@fptrucha.inv.usc.es>
# name: hd
# type: matrix
# rows: 5
# columns: 2
 6795 -476
 4412 -238
 7422 0
 6955 238
 0 476


