# Created by Octave 3.8.2, Sat Jun 20 16:40:35 2020 CEST <damian@fptrucha.inv.usc.es>
# name: hd
# type: matrix
# rows: 5
# columns: 2
 7037 -476
 4787 -238
 7792 0
 7399 238
 0 476


