# Created by Octave 3.8.2, Sat Jun 20 05:25:35 2020 CEST <damian@fptrucha.inv.usc.es>
# name: hd
# type: matrix
# rows: 5
# columns: 2
 7854 -476
 5244 -238
 8604 0
 8062 238
 0 476


