# Created by Octave 3.8.2, Sat Jun 20 20:45:31 2020 CEST <damian@fptrucha.inv.usc.es>
# name: hd
# type: matrix
# rows: 5
# columns: 2
 6931 -476
 4557 -238
 7829 0
 7172 238
 0 476


