# Created by Octave 3.8.2, Sat Jun 20 21:33:32 2020 CEST <damian@fptrucha.inv.usc.es>
# name: hd
# type: matrix
# rows: 5
# columns: 2
 6770 -476
 4683 -238
 7768 0
 7111 238
 0 476


