# Created by Octave 3.8.2, Sat Jun 20 05:38:30 2020 CEST <damian@fptrucha.inv.usc.es>
# name: hd
# type: matrix
# rows: 5
# columns: 2
 7771 -476
 5165 -238
 8652 0
 8353 238
 0 476


