# Created by Octave 3.8.2, Mon Jun 22 06:12:52 2020 CEST <damian@fptrucha.inv.usc.es>
# name: hd
# type: matrix
# rows: 5
# columns: 2
 6920 -476
 4278 -238
 7246 0
 6661 238
 0 476


