# Created by Octave 3.8.2, Mon Jun 22 08:48:36 2020 CEST <damian@fptrucha.inv.usc.es>
# name: hd
# type: matrix
# rows: 5
# columns: 2
 6855 -476
 4600 -238
 7445 0
 6972 238
 0 476


