# Created by Octave 3.8.2, Sun Jun 21 07:07:32 2020 CEST <damian@fptrucha.inv.usc.es>
# name: hd
# type: matrix
# rows: 5
# columns: 2
 7109 -476
 4694 -238
 7910 0
 7294 238
 0 476


