# Created by Octave 3.8.2, Mon Jun 22 02:27:03 2020 CEST <damian@fptrucha.inv.usc.es>
# name: hd
# type: matrix
# rows: 5
# columns: 2
 305 -476
 416 -238
 660 0
 866 238
 0 476


