# Created by Octave 3.8.2, Mon Jun 22 23:29:15 2020 CEST <damian@fptrucha.inv.usc.es>
# name: hd
# type: matrix
# rows: 5
# columns: 2
 7498 -476
 5217 -238
 8223 0
 7884 238
 0 476


