# Created by Octave 3.8.2, Mon Jun 22 07:41:18 2020 CEST <damian@fptrucha.inv.usc.es>
# name: hd
# type: matrix
# rows: 5
# columns: 2
 6733 -476
 4516 -238
 7271 0
 6920 238
 0 476


