# Created by Octave 3.8.2, Mon Jun 22 14:34:17 2020 CEST <damian@fptrucha.inv.usc.es>
# name: hd
# type: matrix
# rows: 5
# columns: 2
 7166 -476
 4691 -238
 7816 0
 7371 238
 0 476


