# Created by Octave 3.8.2, Mon Jun 22 07:20:19 2020 CEST <damian@fptrucha.inv.usc.es>
# name: hd
# type: matrix
# rows: 5
# columns: 2
 6768 -476
 4508 -238
 7241 0
 6757 238
 0 476


