# Created by Octave 3.8.2, Sat Jun 20 20:17:46 2020 CEST <damian@fptrucha.inv.usc.es>
# name: hd
# type: matrix
# rows: 5
# columns: 2
 6906 -476
 4704 -238
 7821 0
 7316 238
 0 476


