# Created by Octave 3.8.2, Mon Jun 22 02:27:36 2020 CEST <damian@fptrucha.inv.usc.es>
# name: hd
# type: matrix
# rows: 5
# columns: 2
 51 -476
 127 -238
 173 0
 259 238
 0 476


