# Created by Octave 3.8.2, Mon Jun 22 23:30:26 2020 CEST <damian@fptrucha.inv.usc.es>
# name: hd
# type: matrix
# rows: 5
# columns: 2
 7503 -476
 5018 -238
 8421 0
 7670 238
 0 476


