# Created by Octave 3.8.2, Sat Jun 20 06:26:43 2020 CEST <damian@fptrucha.inv.usc.es>
# name: hd
# type: matrix
# rows: 5
# columns: 2
 7893 -476
 5259 -238
 8819 0
 8271 238
 0 476


