# Created by Octave 3.8.2, Mon Jun 22 16:56:26 2020 CEST <damian@fptrucha.inv.usc.es>
# name: hd
# type: matrix
# rows: 5
# columns: 2
 7286 -476
 4985 -238
 7863 0
 7540 238
 0 476


