# Created by Octave 3.8.2, Sat Jun 20 02:11:02 2020 CEST <damian@fptrucha.inv.usc.es>
# name: hd
# type: matrix
# rows: 5
# columns: 2
 7456 -476
 4868 -238
 8303 0
 7824 238
 0 476


