# Created by Octave 3.8.2, Sun Jun 21 04:56:22 2020 CEST <damian@fptrucha.inv.usc.es>
# name: hd
# type: matrix
# rows: 5
# columns: 2
 6756 -476
 4475 -238
 7729 0
 7063 238
 0 476


