# Created by Octave 3.8.2, Sun Jun 21 07:50:28 2020 CEST <damian@fptrucha.inv.usc.es>
# name: hd
# type: matrix
# rows: 5
# columns: 2
 6834 -476
 4589 -238
 7688 0
 7180 238
 0 476


