# Created by Octave 3.8.2, Mon Jun 22 20:31:49 2020 CEST <damian@fptrucha.inv.usc.es>
# name: hd
# type: matrix
# rows: 5
# columns: 2
 7472 -476
 4923 -238
 8203 0
 7765 238
 0 476


