# Created by Octave 3.8.2, Mon Jun 22 00:58:44 2020 CEST <damian@fptrucha.inv.usc.es>
# name: hd
# type: matrix
# rows: 5
# columns: 2
 7162 -476
 4876 -238
 7899 0
 7508 238
 0 476


