# Created by Octave 3.8.2, Sat Jun 20 08:49:49 2020 CEST <damian@fptrucha.inv.usc.es>
# name: hd
# type: matrix
# rows: 5
# columns: 2
 8032 -476
 5348 -238
 8964 0
 8508 238
 0 476


