# Created by Octave 3.8.2, Mon Jun 22 01:39:15 2020 CEST <damian@fptrucha.inv.usc.es>
# name: hd
# type: matrix
# rows: 5
# columns: 2
 7137 -476
 4842 -238
 8077 0
 7354 238
 0 476


