# Created by Octave 3.8.2, Sat Jun 20 09:24:48 2020 CEST <damian@fptrucha.inv.usc.es>
# name: hd
# type: matrix
# rows: 5
# columns: 2
 8095 -476
 5231 -238
 9035 0
 8282 238
 0 476


