# Created by Octave 3.8.2, Sat Jun 20 12:48:06 2020 CEST <damian@fptrucha.inv.usc.es>
# name: hd
# type: matrix
# rows: 5
# columns: 2
 7476 -476
 5110 -238
 8480 0
 7848 238
 0 476


