# Created by Octave 3.8.2, Sat Jun 20 21:09:34 2020 CEST <damian@fptrucha.inv.usc.es>
# name: hd
# type: matrix
# rows: 5
# columns: 2
 6747 -476
 4540 -238
 7674 0
 7148 238
 0 476


