# Created by Octave 3.8.2, Sun Jun 21 04:06:49 2020 CEST <damian@fptrucha.inv.usc.es>
# name: hd
# type: matrix
# rows: 5
# columns: 2
 6834 -476
 4553 -238
 7549 0
 7109 238
 0 476


