# Created by Octave 3.8.2, Mon Jun 22 01:31:11 2020 CEST <damian@fptrucha.inv.usc.es>
# name: hd
# type: matrix
# rows: 5
# columns: 2
 6900 -476
 4719 -238
 7857 0
 7391 238
 0 476


