# Created by Octave 3.8.2, Sat Jun 20 04:25:17 2020 CEST <damian@fptrucha.inv.usc.es>
# name: hd
# type: matrix
# rows: 5
# columns: 2
 4958 -476
 3426 -238
 5743 0
 5244 238
 0 476


