# Created by Octave 3.8.2, Sun Jun 21 07:01:38 2020 CEST <damian@fptrucha.inv.usc.es>
# name: hd
# type: matrix
# rows: 5
# columns: 2
 6967 -476
 4607 -238
 7673 0
 7135 238
 0 476


