# Created by Octave 3.8.2, Sat Jun 20 05:00:19 2020 CEST <damian@fptrucha.inv.usc.es>
# name: hd
# type: matrix
# rows: 5
# columns: 2
 7464 -476
 5022 -238
 8306 0
 8035 238
 0 476


