# Created by Octave 3.8.2, Mon Jun 22 23:11:36 2020 CEST <damian@fptrucha.inv.usc.es>
# name: hd
# type: matrix
# rows: 5
# columns: 2
 5840 -476
 3917 -238
 6393 0
 5996 238
 0 476


