# Created by Octave 3.8.2, Mon Jun 22 16:04:58 2020 CEST <damian@fptrucha.inv.usc.es>
# name: hd
# type: matrix
# rows: 5
# columns: 2
 7452 -476
 5020 -238
 7947 0
 7600 238
 0 476


