# Created by Octave 3.8.2, Sat Jun 20 21:57:32 2020 CEST <damian@fptrucha.inv.usc.es>
# name: hd
# type: matrix
# rows: 5
# columns: 2
 6850 -476
 4607 -238
 7725 0
 7267 238
 0 476


