# Created by Octave 3.8.2, Sun Jun 21 07:38:03 2020 CEST <damian@fptrucha.inv.usc.es>
# name: hd
# type: matrix
# rows: 5
# columns: 2
 7274 -476
 4807 -238
 8072 0
 7458 238
 0 476


