# Created by Octave 3.8.2, Mon Jun 22 14:59:41 2020 CEST <damian@fptrucha.inv.usc.es>
# name: hd
# type: matrix
# rows: 5
# columns: 2
 4646 -476
 3163 -238
 5110 0
 4927 238
 0 476


