# Created by Octave 3.8.2, Sun Jun 21 04:33:06 2020 CEST <damian@fptrucha.inv.usc.es>
# name: hd
# type: matrix
# rows: 5
# columns: 2
 6932 -476
 4550 -238
 7694 0
 7039 238
 0 476


