# Created by Octave 3.8.2, Mon Jun 22 02:25:09 2020 CEST <damian@fptrucha.inv.usc.es>
# name: hd
# type: matrix
# rows: 5
# columns: 2
 4639 -476
 3211 -238
 5230 0
 5077 238
 0 476


