# Created by Octave 3.8.2, Mon Jun 22 20:18:56 2020 CEST <damian@fptrucha.inv.usc.es>
# name: hd
# type: matrix
# rows: 5
# columns: 2
 7385 -476
 4948 -238
 8210 0
 7557 238
 0 476


