# Created by Octave 3.8.2, Mon Jun 22 16:24:28 2020 CEST <damian@fptrucha.inv.usc.es>
# name: hd
# type: matrix
# rows: 5
# columns: 2
 7322 -476
 4841 -238
 7901 0
 7409 238
 0 476


