# Created by Octave 3.8.2, Mon Jun 22 12:51:13 2020 CEST <damian@fptrucha.inv.usc.es>
# name: hd
# type: matrix
# rows: 5
# columns: 2
 7064 -476
 4821 -238
 7882 0
 7437 238
 0 476


