# Created by Octave 3.8.2, Mon Jun 22 19:22:22 2020 CEST <damian@fptrucha.inv.usc.es>
# name: hd
# type: matrix
# rows: 5
# columns: 2
 7315 -476
 4979 -238
 8055 0
 7652 238
 0 476


