# Created by Octave 3.8.2, Sat Jun 20 11:43:00 2020 CEST <damian@fptrucha.inv.usc.es>
# name: hd
# type: matrix
# rows: 5
# columns: 2
 7583 -476
 5102 -238
 8547 0
 7890 238
 0 476


