# Created by Octave 3.8.2, Mon Jun 22 15:37:59 2020 CEST <damian@fptrucha.inv.usc.es>
# name: hd
# type: matrix
# rows: 5
# columns: 2
 7319 -476
 4917 -238
 8093 0
 7551 238
 0 476


