# Created by Octave 3.8.2, Sat Jun 20 19:20:33 2020 CEST <damian@fptrucha.inv.usc.es>
# name: hd
# type: matrix
# rows: 5
# columns: 2
 6848 -476
 4738 -238
 7639 0
 7173 238
 0 476


