# Created by Octave 3.8.2, Mon Jun 22 13:00:49 2020 CEST <damian@fptrucha.inv.usc.es>
# name: hd
# type: matrix
# rows: 5
# columns: 2
 6983 -476
 4780 -238
 7683 0
 7231 238
 0 476


