# Created by Octave 3.8.2, Sat Jun 20 15:18:24 2020 CEST <damian@fptrucha.inv.usc.es>
# name: hd
# type: matrix
# rows: 5
# columns: 2
 4660 -476
 3052 -238
 5245 0
 4982 238
 0 476


