# Created by Octave 3.8.2, Sat Jun 20 11:48:35 2020 CEST <damian@fptrucha.inv.usc.es>
# name: hd
# type: matrix
# rows: 5
# columns: 2
 7598 -476
 5138 -238
 8443 0
 7989 238
 0 476


