# Created by Octave 3.8.2, Sat Jun 20 17:18:58 2020 CEST <damian@fptrucha.inv.usc.es>
# name: hd
# type: matrix
# rows: 5
# columns: 2
 6906 -476
 4613 -238
 7922 0
 7282 238
 0 476


