# Created by Octave 3.8.2, Sat Jun 20 02:40:37 2020 CEST <damian@fptrucha.inv.usc.es>
# name: hd
# type: matrix
# rows: 5
# columns: 2
 7562 -476
 5028 -238
 8504 0
 8008 238
 0 476


