# Created by Octave 3.8.2, Sat Jun 20 16:39:18 2020 CEST <damian@fptrucha.inv.usc.es>
# name: hd
# type: matrix
# rows: 5
# columns: 2
 7125 -476
 4665 -238
 7870 0
 7299 238
 0 476


