# Created by Octave 3.8.2, Mon Jun 22 22:43:31 2020 CEST <damian@fptrucha.inv.usc.es>
# name: hd
# type: matrix
# rows: 5
# columns: 2
 4926 -476
 3213 -238
 5524 0
 5329 238
 0 476


