# Created by Octave 3.8.2, Sat Jun 20 11:36:29 2020 CEST <damian@fptrucha.inv.usc.es>
# name: hd
# type: matrix
# rows: 5
# columns: 2
 7722 -476
 5110 -238
 8554 0
 7988 238
 0 476


