# Created by Octave 3.8.2, Sat Jun 20 14:13:50 2020 CEST <damian@fptrucha.inv.usc.es>
# name: hd
# type: matrix
# rows: 5
# columns: 2
 7429 -476
 4934 -238
 8298 0
 7603 238
 0 476


