# Created by Octave 3.8.2, Sat Jun 20 17:32:08 2020 CEST <damian@fptrucha.inv.usc.es>
# name: hd
# type: matrix
# rows: 5
# columns: 2
 6908 -476
 4644 -238
 7922 0
 7255 238
 0 476


