# Created by Octave 3.8.2, Mon Jun 22 19:43:52 2020 CEST <damian@fptrucha.inv.usc.es>
# name: hd
# type: matrix
# rows: 5
# columns: 2
 7264 -476
 4902 -238
 8267 0
 7623 238
 0 476


