# Created by Octave 3.8.2, Mon Jun 22 18:07:37 2020 CEST <damian@fptrucha.inv.usc.es>
# name: hd
# type: matrix
# rows: 5
# columns: 2
 7286 -476
 4898 -238
 7911 0
 7511 238
 0 476


