# Created by Octave 3.8.2, Mon Jun 22 13:58:42 2020 CEST <damian@fptrucha.inv.usc.es>
# name: hd
# type: matrix
# rows: 5
# columns: 2
 7064 -476
 4725 -238
 7829 0
 7257 238
 0 476


