# Created by Octave 3.8.2, Sun Jun 21 06:17:43 2020 CEST <damian@fptrucha.inv.usc.es>
# name: hd
# type: matrix
# rows: 5
# columns: 2
 6827 -476
 4586 -238
 7660 0
 6822 238
 0 476


