# Created by Octave 3.8.2, Sat Jun 20 18:20:50 2020 CEST <damian@fptrucha.inv.usc.es>
# name: hd
# type: matrix
# rows: 5
# columns: 2
 6924 -476
 4661 -238
 7806 0
 7394 238
 0 476


