# Created by Octave 3.8.2, Mon Jun 22 05:37:07 2020 CEST <damian@fptrucha.inv.usc.es>
# name: hd
# type: matrix
# rows: 5
# columns: 2
 6597 -476
 4420 -238
 7022 0
 6583 238
 0 476


