# Created by Octave 3.8.2, Mon Jun 22 21:32:43 2020 CEST <damian@fptrucha.inv.usc.es>
# name: hd
# type: matrix
# rows: 5
# columns: 2
 7308 -476
 4915 -238
 8365 0
 7547 238
 0 476


