# Created by Octave 3.8.2, Sat Jun 20 05:47:56 2020 CEST <damian@fptrucha.inv.usc.es>
# name: hd
# type: matrix
# rows: 5
# columns: 2
 7746 -476
 5215 -238
 8727 0
 8146 238
 0 476


