# Created by Octave 3.8.2, Sun Jun 21 07:08:42 2020 CEST <damian@fptrucha.inv.usc.es>
# name: hd
# type: matrix
# rows: 5
# columns: 2
 7067 -476
 4711 -238
 7881 0
 7411 238
 0 476


