# Created by Octave 3.8.2, Sat Jun 20 03:07:36 2020 CEST <damian@fptrucha.inv.usc.es>
# name: hd
# type: matrix
# rows: 5
# columns: 2
 7574 -476
 5108 -238
 8364 0
 7886 238
 0 476


