# Created by Octave 3.8.2, Sat Jun 20 09:47:42 2020 CEST <damian@fptrucha.inv.usc.es>
# name: hd
# type: matrix
# rows: 5
# columns: 2
 8005 -476
 5178 -238
 8916 0
 8434 238
 0 476


