# Created by Octave 3.8.2, Mon Jun 22 09:16:06 2020 CEST <damian@fptrucha.inv.usc.es>
# name: hd
# type: matrix
# rows: 5
# columns: 2
 6859 -476
 4506 -238
 7408 0
 6969 238
 0 476


