# Created by Octave 3.8.2, Sun Jun 21 02:59:20 2020 CEST <damian@fptrucha.inv.usc.es>
# name: hd
# type: matrix
# rows: 5
# columns: 2
 6760 -476
 4539 -238
 7548 0
 6892 238
 0 476


