# Created by Octave 3.8.2, Mon Jun 22 02:28:31 2020 CEST <damian@fptrucha.inv.usc.es>
# name: hd
# type: matrix
# rows: 5
# columns: 2
 3725 -476
 2648 -238
 4220 0
 4039 238
 0 476


