# Created by Octave 3.8.2, Mon Jun 22 05:27:40 2020 CEST <damian@fptrucha.inv.usc.es>
# name: hd
# type: matrix
# rows: 5
# columns: 2
 6451 -476
 4452 -238
 7243 0
 6623 238
 0 476


