# Created by Octave 3.8.2, Sat Jun 20 04:29:41 2020 CEST <damian@fptrucha.inv.usc.es>
# name: hd
# type: matrix
# rows: 5
# columns: 2
 7770 -476
 5290 -238
 8520 0
 8062 238
 0 476


