# Created by Octave 3.8.2, Sun Jun 21 02:53:56 2020 CEST <damian@fptrucha.inv.usc.es>
# name: hd
# type: matrix
# rows: 5
# columns: 2
 6734 -476
 4548 -238
 7404 0
 6989 238
 0 476


