# Created by Octave 3.8.2, Sun Jun 21 04:27:28 2020 CEST <damian@fptrucha.inv.usc.es>
# name: hd
# type: matrix
# rows: 5
# columns: 2
 6696 -476
 4529 -238
 7526 0
 7093 238
 0 476


