# Created by Octave 3.8.2, Mon Jun 22 08:26:40 2020 CEST <damian@fptrucha.inv.usc.es>
# name: hd
# type: matrix
# rows: 5
# columns: 2
 6865 -476
 4583 -238
 7535 0
 6927 238
 0 476


