# Created by Octave 3.8.2, Mon Jun 22 00:30:06 2020 CEST <damian@fptrucha.inv.usc.es>
# name: hd
# type: matrix
# rows: 5
# columns: 2
 7012 -476
 4666 -238
 7759 0
 7418 238
 0 476


