# Created by Octave 3.8.2, Mon Jun 22 03:51:50 2020 CEST <damian@fptrucha.inv.usc.es>
# name: hd
# type: matrix
# rows: 5
# columns: 2
 6571 -476
 4452 -238
 7340 0
 6613 238
 0 476


