# Created by Octave 3.8.2, Mon Jun 22 01:44:32 2020 CEST <damian@fptrucha.inv.usc.es>
# name: hd
# type: matrix
# rows: 5
# columns: 2
 7130 -476
 4855 -238
 8085 0
 7446 238
 0 476


