# Created by Octave 3.8.2, Sun Jun 21 00:20:17 2020 CEST <damian@fptrucha.inv.usc.es>
# name: hd
# type: matrix
# rows: 5
# columns: 2
 6708 -476
 4493 -238
 7501 0
 6945 238
 0 476


