# Created by Octave 3.8.2, Sat Jun 20 12:02:39 2020 CEST <damian@fptrucha.inv.usc.es>
# name: hd
# type: matrix
# rows: 5
# columns: 2
 7759 -476
 5143 -238
 8499 0
 7791 238
 0 476


