# Created by Octave 3.8.2, Sun Jun 21 00:19:12 2020 CEST <damian@fptrucha.inv.usc.es>
# name: hd
# type: matrix
# rows: 5
# columns: 2
 6846 -476
 4486 -238
 7354 0
 6902 238
 0 476


