# Created by Octave 3.8.2, Mon Jun 22 15:23:40 2020 CEST <damian@fptrucha.inv.usc.es>
# name: hd
# type: matrix
# rows: 5
# columns: 2
 7300 -476
 4926 -238
 7903 0
 7530 238
 0 476


