# Created by Octave 3.8.2, Mon Jun 22 17:09:29 2020 CEST <damian@fptrucha.inv.usc.es>
# name: hd
# type: matrix
# rows: 5
# columns: 2
 7196 -476
 4869 -238
 7972 0
 7585 238
 0 476


