# Created by Octave 3.8.2, Mon Jun 22 04:53:53 2020 CEST <damian@fptrucha.inv.usc.es>
# name: hd
# type: matrix
# rows: 5
# columns: 2
 6490 -476
 4297 -238
 7017 0
 6511 238
 0 476


