# Created by Octave 3.8.2, Mon Jun 22 16:32:13 2020 CEST <damian@fptrucha.inv.usc.es>
# name: hd
# type: matrix
# rows: 5
# columns: 2
 7456 -476
 4853 -238
 7782 0
 7523 238
 0 476


