# Created by Octave 3.8.2, Mon Jun 22 02:15:49 2020 CEST <damian@fptrucha.inv.usc.es>
# name: hd
# type: matrix
# rows: 5
# columns: 2
 6970 -476
 4711 -238
 7529 0
 7270 238
 0 476


