# Created by Octave 3.8.2, Mon Jun 22 09:33:22 2020 CEST <damian@fptrucha.inv.usc.es>
# name: hd
# type: matrix
# rows: 5
# columns: 2
 6911 -476
 4526 -238
 7405 0
 7001 238
 0 476


