# Created by Octave 3.8.2, Mon Jun 22 12:09:31 2020 CEST <damian@fptrucha.inv.usc.es>
# name: hd
# type: matrix
# rows: 5
# columns: 2
 4551 -476
 3108 -238
 4994 0
 4689 238
 0 476


