# Created by Octave 3.8.2, Sun Jun 21 00:12:43 2020 CEST <damian@fptrucha.inv.usc.es>
# name: hd
# type: matrix
# rows: 5
# columns: 2
 6773 -476
 4571 -238
 7513 0
 6891 238
 0 476


