# Created by Octave 3.8.2, Mon Jun 22 19:27:03 2020 CEST <damian@fptrucha.inv.usc.es>
# name: hd
# type: matrix
# rows: 5
# columns: 2
 7265 -476
 4954 -238
 8007 0
 7802 238
 0 476


