# Created by Octave 3.8.2, Mon Jun 22 09:18:11 2020 CEST <damian@fptrucha.inv.usc.es>
# name: hd
# type: matrix
# rows: 5
# columns: 2
 6972 -476
 4628 -238
 7461 0
 6885 238
 0 476


