# Created by Octave 3.8.2, Mon Jun 22 19:35:00 2020 CEST <damian@fptrucha.inv.usc.es>
# name: hd
# type: matrix
# rows: 5
# columns: 2
 7251 -476
 4945 -238
 8079 0
 7624 238
 0 476


