# Created by Octave 3.8.2, Mon Jun 22 08:11:14 2020 CEST <damian@fptrucha.inv.usc.es>
# name: hd
# type: matrix
# rows: 5
# columns: 2
 6772 -476
 4590 -238
 7399 0
 6933 238
 0 476


