# Created by Octave 3.8.2, Sat Jun 20 10:35:56 2020 CEST <damian@fptrucha.inv.usc.es>
# name: hd
# type: matrix
# rows: 5
# columns: 2
 7898 -476
 5104 -238
 8808 0
 7940 238
 0 476


