# Created by Octave 3.8.2, Sun Jun 21 08:13:14 2020 CEST <damian@fptrucha.inv.usc.es>
# name: hd
# type: matrix
# rows: 5
# columns: 2
 6725 -476
 4788 -238
 7621 0
 7146 238
 0 476


