# Created by Octave 3.8.2, Sat Jun 20 21:05:44 2020 CEST <damian@fptrucha.inv.usc.es>
# name: hd
# type: matrix
# rows: 5
# columns: 2
 6920 -476
 4762 -238
 7655 0
 7213 238
 0 476


