# Created by Octave 3.8.2, Sat Jun 20 10:31:42 2020 CEST <damian@fptrucha.inv.usc.es>
# name: hd
# type: matrix
# rows: 5
# columns: 2
 7790 -476
 5168 -238
 8639 0
 8150 238
 0 476


