# Created by Octave 3.8.2, Mon Jun 22 16:28:52 2020 CEST <damian@fptrucha.inv.usc.es>
# name: hd
# type: matrix
# rows: 5
# columns: 2
 7096 -476
 4963 -238
 7772 0
 7534 238
 0 476


