# Created by Octave 3.8.2, Mon Jun 22 11:55:18 2020 CEST <damian@fptrucha.inv.usc.es>
# name: hd
# type: matrix
# rows: 5
# columns: 2
 6906 -476
 4719 -238
 7596 0
 7236 238
 0 476


