# Created by Octave 3.8.2, Mon Jun 22 19:59:40 2020 CEST <damian@fptrucha.inv.usc.es>
# name: hd
# type: matrix
# rows: 5
# columns: 2
 7316 -476
 4935 -238
 7989 0
 7676 238
 0 476


