# Created by Octave 3.8.2, Sun Jun 21 03:42:54 2020 CEST <damian@fptrucha.inv.usc.es>
# name: hd
# type: matrix
# rows: 5
# columns: 2
 6757 -476
 4489 -238
 7544 0
 7015 238
 0 476


