# Created by Octave 3.8.2, Sun Jun 21 01:47:10 2020 CEST <damian@fptrucha.inv.usc.es>
# name: hd
# type: matrix
# rows: 5
# columns: 2
 6754 -476
 4692 -238
 7551 0
 7112 238
 0 476


