# Created by Octave 3.8.2, Mon Jun 22 04:18:05 2020 CEST <damian@fptrucha.inv.usc.es>
# name: hd
# type: matrix
# rows: 5
# columns: 2
 6349 -476
 4368 -238
 6922 0
 6496 238
 0 476


