# Created by Octave 3.8.2, Sat Jun 20 17:38:11 2020 CEST <damian@fptrucha.inv.usc.es>
# name: hd
# type: matrix
# rows: 5
# columns: 2
 4599 -476
 3176 -238
 5224 0
 4909 238
 0 476


