# Created by Octave 3.8.2, Mon Jun 22 16:45:13 2020 CEST <damian@fptrucha.inv.usc.es>
# name: hd
# type: matrix
# rows: 5
# columns: 2
 7277 -476
 4806 -238
 8102 0
 7371 238
 0 476


