# Created by Octave 3.8.2, Sat Jun 20 16:12:05 2020 CEST <damian@fptrucha.inv.usc.es>
# name: hd
# type: matrix
# rows: 5
# columns: 2
 7042 -476
 4647 -238
 7859 0
 7266 238
 0 476


