# Created by Octave 3.8.2, Mon Jun 22 14:14:22 2020 CEST <damian@fptrucha.inv.usc.es>
# name: hd
# type: matrix
# rows: 5
# columns: 2
 6902 -476
 4899 -238
 7851 0
 7186 238
 0 476


