# Created by Octave 3.8.2, Sun Jun 21 06:02:02 2020 CEST <damian@fptrucha.inv.usc.es>
# name: hd
# type: matrix
# rows: 5
# columns: 2
 6811 -476
 4423 -238
 7705 0
 7066 238
 0 476


