# Created by Octave 3.8.2, Mon Jun 22 06:03:14 2020 CEST <damian@fptrucha.inv.usc.es>
# name: hd
# type: matrix
# rows: 5
# columns: 2
 6644 -476
 4444 -238
 7139 0
 6747 238
 0 476


