# Created by Octave 3.8.2, Sat Jun 20 15:27:46 2020 CEST <damian@fptrucha.inv.usc.es>
# name: hd
# type: matrix
# rows: 5
# columns: 2
 6986 -476
 4875 -238
 7978 0
 7570 238
 0 476


