# Created by Octave 3.8.2, Sun Jun 21 03:36:45 2020 CEST <damian@fptrucha.inv.usc.es>
# name: hd
# type: matrix
# rows: 5
# columns: 2
 6924 -476
 4513 -238
 7677 0
 7199 238
 0 476


