# Created by Octave 3.8.2, Sat Jun 20 13:45:20 2020 CEST <damian@fptrucha.inv.usc.es>
# name: hd
# type: matrix
# rows: 5
# columns: 2
 7440 -476
 4958 -238
 8199 0
 7780 238
 0 476


