# Created by Octave 3.8.2, Sun Jun 21 05:36:03 2020 CEST <damian@fptrucha.inv.usc.es>
# name: hd
# type: matrix
# rows: 5
# columns: 2
 6761 -476
 4704 -238
 7671 0
 7019 238
 0 476


