# Created by Octave 3.8.2, Mon Jun 22 13:14:18 2020 CEST <damian@fptrucha.inv.usc.es>
# name: hd
# type: matrix
# rows: 5
# columns: 2
 6976 -476
 4831 -238
 7752 0
 7346 238
 0 476


