# Created by Octave 3.8.2, Mon Jun 22 07:33:03 2020 CEST <damian@fptrucha.inv.usc.es>
# name: hd
# type: matrix
# rows: 5
# columns: 2
 4503 -476
 2969 -238
 4814 0
 4441 238
 0 476


