# Created by Octave 3.8.2, Mon Jun 22 15:33:33 2020 CEST <damian@fptrucha.inv.usc.es>
# name: hd
# type: matrix
# rows: 5
# columns: 2
 7196 -476
 4835 -238
 8117 0
 7384 238
 0 476


