# Created by Octave 3.8.2, Sat Jun 20 22:52:41 2020 CEST <damian@fptrucha.inv.usc.es>
# name: hd
# type: matrix
# rows: 5
# columns: 2
 6802 -476
 4508 -238
 7735 0
 7046 238
 0 476


