# Created by Octave 3.8.2, Mon Jun 22 06:44:07 2020 CEST <damian@fptrucha.inv.usc.es>
# name: hd
# type: matrix
# rows: 5
# columns: 2
 6515 -476
 4458 -238
 7097 0
 6643 238
 0 476


