# Created by Octave 3.8.2, Sat Jun 20 20:15:11 2020 CEST <damian@fptrucha.inv.usc.es>
# name: hd
# type: matrix
# rows: 5
# columns: 2
 6932 -476
 4711 -238
 7749 0
 7259 238
 0 476


