# Created by Octave 3.8.2, Sun Jun 21 03:25:40 2020 CEST <damian@fptrucha.inv.usc.es>
# name: hd
# type: matrix
# rows: 5
# columns: 2
 6769 -476
 4599 -238
 7497 0
 7119 238
 0 476


