# Created by Octave 3.8.2, Mon Jun 22 17:57:24 2020 CEST <damian@fptrucha.inv.usc.es>
# name: hd
# type: matrix
# rows: 5
# columns: 2
 7406 -476
 4806 -238
 8010 0
 7458 238
 0 476


