# Created by Octave 3.8.2, Mon Jun 22 20:58:56 2020 CEST <damian@fptrucha.inv.usc.es>
# name: hd
# type: matrix
# rows: 5
# columns: 2
 4904 -476
 3371 -238
 5442 0
 5031 238
 0 476


