# Created by Octave 3.8.2, Tue Jun 23 00:11:08 2020 CEST <damian@fptrucha.inv.usc.es>
# name: hd
# type: matrix
# rows: 5
# columns: 2
 7531 -476
 5039 -238
 8356 0
 7714 238
 0 476


