# Created by Octave 3.8.2, Sat Jun 20 23:17:09 2020 CEST <damian@fptrucha.inv.usc.es>
# name: hd
# type: matrix
# rows: 5
# columns: 2
 6758 -476
 4444 -238
 7702 0
 7087 238
 0 476


