# Created by Octave 3.8.2, Sat Jun 20 09:15:59 2020 CEST <damian@fptrucha.inv.usc.es>
# name: hd
# type: matrix
# rows: 5
# columns: 2
 8006 -476
 5377 -238
 8820 0
 8280 238
 0 476


