# Created by Octave 3.8.2, Sun Jun 21 08:18:45 2020 CEST <damian@fptrucha.inv.usc.es>
# name: hd
# type: matrix
# rows: 5
# columns: 2
 6544 -476
 4452 -238
 7527 0
 6947 238
 0 476


