# Created by Octave 3.8.2, Mon Jun 22 05:03:53 2020 CEST <damian@fptrucha.inv.usc.es>
# name: hd
# type: matrix
# rows: 5
# columns: 2
 6533 -476
 4198 -238
 6873 0
 6351 238
 0 476


