# Created by Octave 3.8.2, Mon Jun 22 16:12:43 2020 CEST <damian@fptrucha.inv.usc.es>
# name: hd
# type: matrix
# rows: 5
# columns: 2
 7296 -476
 4869 -238
 8102 0
 7644 238
 0 476


