# Created by Octave 3.8.2, Mon Jun 22 12:20:04 2020 CEST <damian@fptrucha.inv.usc.es>
# name: hd
# type: matrix
# rows: 5
# columns: 2
 6925 -476
 4753 -238
 7819 0
 7061 238
 0 476


