# Created by Octave 3.8.2, Sat Jun 20 17:51:12 2020 CEST <damian@fptrucha.inv.usc.es>
# name: hd
# type: matrix
# rows: 5
# columns: 2
 7012 -476
 4622 -238
 7654 0
 7277 238
 0 476


