# Created by Octave 3.8.2, Mon Jun 22 19:57:24 2020 CEST <damian@fptrucha.inv.usc.es>
# name: hd
# type: matrix
# rows: 5
# columns: 2
 4907 -476
 3272 -238
 5509 0
 4981 238
 0 476


