# Created by Octave 3.8.2, Mon Jun 22 10:57:35 2020 CEST <damian@fptrucha.inv.usc.es>
# name: hd
# type: matrix
# rows: 5
# columns: 2
 7115 -476
 4636 -238
 7692 0
 7255 238
 0 476


