# Created by Octave 3.8.2, Mon Jun 22 04:52:54 2020 CEST <damian@fptrucha.inv.usc.es>
# name: hd
# type: matrix
# rows: 5
# columns: 2
 6329 -476
 4321 -238
 6911 0
 6315 238
 0 476


