# Created by Octave 3.8.2, Mon Jun 22 18:55:45 2020 CEST <damian@fptrucha.inv.usc.es>
# name: hd
# type: matrix
# rows: 5
# columns: 2
 7322 -476
 4848 -238
 8105 0
 7602 238
 0 476


