# Created by Octave 3.8.2, Sat Jun 20 03:11:19 2020 CEST <damian@fptrucha.inv.usc.es>
# name: hd
# type: matrix
# rows: 5
# columns: 2
 4987 -476
 3275 -238
 5607 0
 5214 238
 0 476


