# Created by Octave 3.8.2, Mon Jun 22 02:19:52 2020 CEST <damian@fptrucha.inv.usc.es>
# name: hd
# type: matrix
# rows: 5
# columns: 2
 6776 -476
 4557 -238
 7704 0
 6893 238
 0 476


