# Created by Octave 3.8.2, Sat Jun 20 13:57:45 2020 CEST <damian@fptrucha.inv.usc.es>
# name: hd
# type: matrix
# rows: 5
# columns: 2
 7316 -476
 4931 -238
 8249 0
 7858 238
 0 476


