# Created by Octave 3.8.2, Mon Jun 22 03:55:41 2020 CEST <damian@fptrucha.inv.usc.es>
# name: hd
# type: matrix
# rows: 5
# columns: 2
 6516 -476
 4295 -238
 6994 0
 6735 238
 0 476


