# Created by Octave 3.8.2, Sun Jun 21 05:16:19 2020 CEST <damian@fptrucha.inv.usc.es>
# name: hd
# type: matrix
# rows: 5
# columns: 2
 6865 -476
 4582 -238
 7615 0
 7105 238
 0 476


