# Created by Octave 3.8.2, Sun Jun 21 04:34:13 2020 CEST <damian@fptrucha.inv.usc.es>
# name: hd
# type: matrix
# rows: 5
# columns: 2
 6705 -476
 4592 -238
 7635 0
 6995 238
 0 476


