# Created by Octave 3.8.2, Sun Jun 21 01:58:03 2020 CEST <damian@fptrucha.inv.usc.es>
# name: hd
# type: matrix
# rows: 5
# columns: 2
 6749 -476
 4602 -238
 7566 0
 7033 238
 0 476


