# Created by Octave 3.8.2, Sun Jun 21 06:45:24 2020 CEST <damian@fptrucha.inv.usc.es>
# name: hd
# type: matrix
# rows: 5
# columns: 2
 6680 -476
 4553 -238
 7804 0
 7196 238
 0 476


