# Created by Octave 3.8.2, Sun Jun 21 05:52:21 2020 CEST <damian@fptrucha.inv.usc.es>
# name: hd
# type: matrix
# rows: 5
# columns: 2
 6694 -476
 4458 -238
 7613 0
 7152 238
 0 476


