# Created by Octave 3.8.2, Mon Jun 22 00:54:53 2020 CEST <damian@fptrucha.inv.usc.es>
# name: hd
# type: matrix
# rows: 5
# columns: 2
 7137 -476
 4864 -238
 7938 0
 7621 238
 0 476


