# Created by Octave 3.8.2, Mon Jun 22 10:27:51 2020 CEST <damian@fptrucha.inv.usc.es>
# name: hd
# type: matrix
# rows: 5
# columns: 2
 6868 -476
 4616 -238
 7656 0
 7327 238
 0 476


