# Created by Octave 3.8.2, Mon Jun 22 06:48:08 2020 CEST <damian@fptrucha.inv.usc.es>
# name: hd
# type: matrix
# rows: 5
# columns: 2
 6709 -476
 4395 -238
 7155 0
 6686 238
 0 476


