# Created by Octave 3.8.2, Mon Jun 22 17:00:29 2020 CEST <damian@fptrucha.inv.usc.es>
# name: hd
# type: matrix
# rows: 5
# columns: 2
 7356 -476
 4834 -238
 7889 0
 7467 238
 0 476


