# Created by Octave 3.8.2, Mon Jun 22 18:51:10 2020 CEST <damian@fptrucha.inv.usc.es>
# name: hd
# type: matrix
# rows: 5
# columns: 2
 7354 -476
 4868 -238
 8038 0
 7493 238
 0 476


