# Created by Octave 3.8.2, Mon Jun 22 13:15:22 2020 CEST <damian@fptrucha.inv.usc.es>
# name: hd
# type: matrix
# rows: 5
# columns: 2
 7009 -476
 4718 -238
 7820 0
 7392 238
 0 476


