# Created by Octave 3.8.2, Sat Jun 20 22:57:51 2020 CEST <damian@fptrucha.inv.usc.es>
# name: hd
# type: matrix
# rows: 5
# columns: 2
 6799 -476
 4522 -238
 7525 0
 7153 238
 0 476


