# Created by Octave 3.8.2, Mon Jun 22 06:05:55 2020 CEST <damian@fptrucha.inv.usc.es>
# name: hd
# type: matrix
# rows: 5
# columns: 2
 6699 -476
 4376 -238
 7318 0
 6809 238
 0 476


