# Created by Octave 3.8.2, Sat Jun 20 09:43:20 2020 CEST <damian@fptrucha.inv.usc.es>
# name: hd
# type: matrix
# rows: 5
# columns: 2
 7902 -476
 5301 -238
 8741 0
 8305 238
 0 476


