# Created by Octave 3.8.2, Mon Jun 22 04:23:23 2020 CEST <damian@fptrucha.inv.usc.es>
# name: hd
# type: matrix
# rows: 5
# columns: 2
 4170 -476
 2701 -238
 4488 0
 4268 238
 0 476


