# Created by Octave 3.8.2, Sat Jun 20 02:36:34 2020 CEST <damian@fptrucha.inv.usc.es>
# name: hd
# type: matrix
# rows: 5
# columns: 2
 7404 -476
 5011 -238
 8575 0
 7982 238
 0 476


