# Created by Octave 3.8.2, Sat Jun 20 16:48:29 2020 CEST <damian@fptrucha.inv.usc.es>
# name: hd
# type: matrix
# rows: 5
# columns: 2
 7082 -476
 4647 -238
 7802 0
 7275 238
 0 476


