# Created by Octave 3.8.2, Sat Jun 20 22:00:11 2020 CEST <damian@fptrucha.inv.usc.es>
# name: hd
# type: matrix
# rows: 5
# columns: 2
 6671 -476
 4596 -238
 7571 0
 7224 238
 0 476


