# Created by Octave 3.8.2, Sun Jun 21 05:28:15 2020 CEST <damian@fptrucha.inv.usc.es>
# name: hd
# type: matrix
# rows: 5
# columns: 2
 6750 -476
 4427 -238
 7573 0
 7109 238
 0 476


