# Created by Octave 3.8.2, Sat Jun 20 20:50:43 2020 CEST <damian@fptrucha.inv.usc.es>
# name: hd
# type: matrix
# rows: 5
# columns: 2
 7044 -476
 4652 -238
 7746 0
 7265 238
 0 476


