# Created by Octave 3.8.2, Sat Jun 20 07:14:51 2020 CEST <damian@fptrucha.inv.usc.es>
# name: hd
# type: matrix
# rows: 5
# columns: 2
 7828 -476
 5185 -238
 8943 0
 8220 238
 0 476


