# Created by Octave 3.8.2, Mon Jun 22 22:16:51 2020 CEST <damian@fptrucha.inv.usc.es>
# name: hd
# type: matrix
# rows: 5
# columns: 2
 7344 -476
 5050 -238
 8436 0
 7814 238
 0 476


