# Created by Octave 3.8.2, Sat Jun 20 16:24:01 2020 CEST <damian@fptrucha.inv.usc.es>
# name: hd
# type: matrix
# rows: 5
# columns: 2
 7125 -476
 4690 -238
 8105 0
 7455 238
 0 476


