# Created by Octave 3.8.2, Sat Jun 20 04:08:43 2020 CEST <damian@fptrucha.inv.usc.es>
# name: hd
# type: matrix
# rows: 5
# columns: 2
 7717 -476
 4979 -238
 8468 0
 7898 238
 0 476


