# Created by Octave 3.8.2, Mon Jun 22 15:56:26 2020 CEST <damian@fptrucha.inv.usc.es>
# name: hd
# type: matrix
# rows: 5
# columns: 2
 7389 -476
 4950 -238
 8071 0
 7573 238
 0 476


