# Created by Octave 3.8.2, Mon Jun 22 07:01:38 2020 CEST <damian@fptrucha.inv.usc.es>
# name: hd
# type: matrix
# rows: 5
# columns: 2
 6607 -476
 4463 -238
 7211 0
 6753 238
 0 476


