# Created by Octave 3.8.2, Sat Jun 20 19:53:47 2020 CEST <damian@fptrucha.inv.usc.es>
# name: hd
# type: matrix
# rows: 5
# columns: 2
 6834 -476
 4561 -238
 7733 0
 7217 238
 0 476


