# Created by Octave 3.8.2, Mon Jun 22 20:21:16 2020 CEST <damian@fptrucha.inv.usc.es>
# name: hd
# type: matrix
# rows: 5
# columns: 2
 7337 -476
 4810 -238
 8169 0
 7668 238
 0 476


