# Created by Octave 3.8.2, Mon Jun 22 18:45:22 2020 CEST <damian@fptrucha.inv.usc.es>
# name: hd
# type: matrix
# rows: 5
# columns: 2
 7267 -476
 4915 -238
 8093 0
 7647 238
 0 476


