# Created by Octave 3.8.2, Sat Jun 20 04:05:51 2020 CEST <damian@fptrucha.inv.usc.es>
# name: hd
# type: matrix
# rows: 5
# columns: 2
 7665 -476
 5075 -238
 8629 0
 7925 238
 0 476


