# Created by Octave 3.8.2, Sat Jun 20 12:21:54 2020 CEST <damian@fptrucha.inv.usc.es>
# name: hd
# type: matrix
# rows: 5
# columns: 2
 7574 -476
 5067 -238
 8582 0
 7981 238
 0 476


