# Created by Octave 3.8.2, Sun Jun 21 06:30:49 2020 CEST <damian@fptrucha.inv.usc.es>
# name: hd
# type: matrix
# rows: 5
# columns: 2
 6972 -476
 4437 -238
 7826 0
 7151 238
 0 476


