# Created by Octave 3.8.2, Sat Jun 20 19:58:30 2020 CEST <damian@fptrucha.inv.usc.es>
# name: hd
# type: matrix
# rows: 5
# columns: 2
 6988 -476
 4501 -238
 7752 0
 7153 238
 0 476


