# Created by Octave 3.8.2, Sat Jun 20 04:21:36 2020 CEST <damian@fptrucha.inv.usc.es>
# name: hd
# type: matrix
# rows: 5
# columns: 2
 7755 -476
 5179 -238
 8581 0
 8089 238
 0 476


