# Created by Octave 3.8.2, Mon Jun 22 02:49:04 2020 CEST <damian@fptrucha.inv.usc.es>
# name: hd
# type: matrix
# rows: 5
# columns: 2
 6659 -476
 4359 -238
 7067 0
 6770 238
 0 476


