# Created by Octave 3.8.2, Sat Jun 20 04:24:28 2020 CEST <damian@fptrucha.inv.usc.es>
# name: hd
# type: matrix
# rows: 5
# columns: 2
 7790 -476
 5112 -238
 8789 0
 7994 238
 0 476


