# Created by Octave 3.8.2, Mon Jun 22 02:18:53 2020 CEST <damian@fptrucha.inv.usc.es>
# name: hd
# type: matrix
# rows: 5
# columns: 2
 6705 -476
 4511 -238
 7583 0
 6948 238
 0 476


