# Created by Octave 3.8.2, Sat Jun 20 04:10:11 2020 CEST <damian@fptrucha.inv.usc.es>
# name: hd
# type: matrix
# rows: 5
# columns: 2
 7880 -476
 5103 -238
 8777 0
 8185 238
 0 476


