# Created by Octave 3.8.2, Mon Jun 22 03:04:00 2020 CEST <damian@fptrucha.inv.usc.es>
# name: hd
# type: matrix
# rows: 5
# columns: 2
 6621 -476
 4409 -238
 7094 0
 6800 238
 0 476


