# Created by Octave 3.8.2, Sat Jun 20 06:33:26 2020 CEST <damian@fptrucha.inv.usc.es>
# name: hd
# type: matrix
# rows: 5
# columns: 2
 7784 -476
 5209 -238
 8684 0
 8086 238
 0 476


