# Created by Octave 3.8.2, Sat Jun 20 09:03:15 2020 CEST <damian@fptrucha.inv.usc.es>
# name: hd
# type: matrix
# rows: 5
# columns: 2
 8027 -476
 5416 -238
 8988 0
 8427 238
 0 476


