# Created by Octave 3.8.2, Sat Jun 20 03:59:19 2020 CEST <damian@fptrucha.inv.usc.es>
# name: hd
# type: matrix
# rows: 5
# columns: 2
 7685 -476
 5283 -238
 8624 0
 8181 238
 0 476


