# Created by Octave 3.8.2, Mon Jun 22 12:40:54 2020 CEST <damian@fptrucha.inv.usc.es>
# name: hd
# type: matrix
# rows: 5
# columns: 2
 7013 -476
 4841 -238
 7711 0
 7134 238
 0 476


