# Created by Octave 3.8.2, Mon Jun 22 02:43:14 2020 CEST <damian@fptrucha.inv.usc.es>
# name: hd
# type: matrix
# rows: 5
# columns: 2
 6652 -476
 4501 -238
 7171 0
 6688 238
 0 476


