# Created by Octave 3.8.2, Sat Jun 20 05:27:00 2020 CEST <damian@fptrucha.inv.usc.es>
# name: hd
# type: matrix
# rows: 5
# columns: 2
 7682 -476
 4991 -238
 8554 0
 8035 238
 0 476


