# Created by Octave 3.8.2, Mon Jun 22 14:48:00 2020 CEST <damian@fptrucha.inv.usc.es>
# name: hd
# type: matrix
# rows: 5
# columns: 2
 7350 -476
 4920 -238
 7938 0
 7325 238
 0 476


