# Created by Octave 3.8.2, Sat Jun 20 13:50:46 2020 CEST <damian@fptrucha.inv.usc.es>
# name: hd
# type: matrix
# rows: 5
# columns: 2
 7293 -476
 4978 -238
 8313 0
 7701 238
 0 476


