# Created by Octave 3.8.2, Sat Jun 20 23:47:53 2020 CEST <damian@fptrucha.inv.usc.es>
# name: hd
# type: matrix
# rows: 5
# columns: 2
 6791 -476
 4699 -238
 7660 0
 7006 238
 0 476


