# Created by Octave 3.8.2, Sat Jun 20 18:39:52 2020 CEST <damian@fptrucha.inv.usc.es>
# name: hd
# type: matrix
# rows: 5
# columns: 2
 6834 -476
 4605 -238
 7797 0
 7211 238
 0 476


