# Created by Octave 3.8.2, Mon Jun 22 18:44:12 2020 CEST <damian@fptrucha.inv.usc.es>
# name: hd
# type: matrix
# rows: 5
# columns: 2
 7399 -476
 4868 -238
 7924 0
 7733 238
 0 476


