# Created by Octave 3.8.2, Sat Jun 20 22:02:43 2020 CEST <damian@fptrucha.inv.usc.es>
# name: hd
# type: matrix
# rows: 5
# columns: 2
 6679 -476
 4513 -238
 7585 0
 7030 238
 0 476


