# Created by Octave 3.8.2, Mon Jun 22 04:21:53 2020 CEST <damian@fptrucha.inv.usc.es>
# name: hd
# type: matrix
# rows: 5
# columns: 2
 6290 -476
 4353 -238
 6943 0
 6531 238
 0 476


