# Created by Octave 3.8.2, Mon Jun 22 01:21:06 2020 CEST <damian@fptrucha.inv.usc.es>
# name: hd
# type: matrix
# rows: 5
# columns: 2
 6840 -476
 4516 -238
 7846 0
 7115 238
 0 476


