# Created by Octave 3.8.2, Sun Jun 21 05:51:16 2020 CEST <damian@fptrucha.inv.usc.es>
# name: hd
# type: matrix
# rows: 5
# columns: 2
 6830 -476
 4593 -238
 7703 0
 7069 238
 0 476


