# Created by Octave 3.8.2, Sat Jun 20 17:08:55 2020 CEST <damian@fptrucha.inv.usc.es>
# name: hd
# type: matrix
# rows: 5
# columns: 2
 7004 -476
 4790 -238
 7989 0
 7422 238
 0 476


