# Created by Octave 3.8.2, Mon Jun 22 08:18:29 2020 CEST <damian@fptrucha.inv.usc.es>
# name: hd
# type: matrix
# rows: 5
# columns: 2
 6803 -476
 4543 -238
 7323 0
 6970 238
 0 476


