# Created by Octave 3.8.2, Sat Jun 20 10:34:32 2020 CEST <damian@fptrucha.inv.usc.es>
# name: hd
# type: matrix
# rows: 5
# columns: 2
 7769 -476
 5213 -238
 8763 0
 8123 238
 0 476


