# Created by Octave 3.8.2, Mon Jun 22 12:13:45 2020 CEST <damian@fptrucha.inv.usc.es>
# name: hd
# type: matrix
# rows: 5
# columns: 2
 7041 -476
 4647 -238
 7581 0
 7182 238
 0 476


