# Created by Octave 3.8.2, Mon Jun 22 05:21:49 2020 CEST <damian@fptrucha.inv.usc.es>
# name: hd
# type: matrix
# rows: 5
# columns: 2
 6650 -476
 4388 -238
 6998 0
 6659 238
 0 476


