# Created by Octave 3.8.2, Mon Jun 22 07:24:22 2020 CEST <damian@fptrucha.inv.usc.es>
# name: hd
# type: matrix
# rows: 5
# columns: 2
 6782 -476
 4701 -238
 7294 0
 6737 238
 0 476


