# Created by Octave 3.8.2, Sat Jun 20 21:12:07 2020 CEST <damian@fptrucha.inv.usc.es>
# name: hd
# type: matrix
# rows: 5
# columns: 2
 6660 -476
 4646 -238
 7606 0
 7248 238
 0 476


