# Created by Octave 3.8.2, Sat Jun 20 17:20:20 2020 CEST <damian@fptrucha.inv.usc.es>
# name: hd
# type: matrix
# rows: 5
# columns: 2
 7010 -476
 4607 -238
 7894 0
 7406 238
 0 476


