# Created by Octave 3.8.2, Sun Jun 21 01:14:20 2020 CEST <damian@fptrucha.inv.usc.es>
# name: hd
# type: matrix
# rows: 5
# columns: 2
 6925 -476
 4496 -238
 7668 0
 7162 238
 0 476


