# Created by Octave 3.8.2, Mon Jun 22 16:50:47 2020 CEST <damian@fptrucha.inv.usc.es>
# name: hd
# type: matrix
# rows: 5
# columns: 2
 7321 -476
 4865 -238
 7982 0
 7508 238
 0 476


