# Created by Octave 3.8.2, Mon Jun 22 16:46:20 2020 CEST <damian@fptrucha.inv.usc.es>
# name: hd
# type: matrix
# rows: 5
# columns: 2
 7178 -476
 4742 -238
 7969 0
 7453 238
 0 476


