# Created by Octave 3.8.2, Sat Jun 20 07:09:04 2020 CEST <damian@fptrucha.inv.usc.es>
# name: hd
# type: matrix
# rows: 5
# columns: 2
 7935 -476
 5263 -238
 8681 0
 8257 238
 0 476


