# Created by Octave 3.8.2, Mon Jun 22 03:45:29 2020 CEST <damian@fptrucha.inv.usc.es>
# name: hd
# type: matrix
# rows: 5
# columns: 2
 6556 -476
 4336 -238
 7199 0
 6701 238
 0 476


