# Created by Octave 3.8.2, Mon Jun 22 10:49:36 2020 CEST <damian@fptrucha.inv.usc.es>
# name: hd
# type: matrix
# rows: 5
# columns: 2
 6936 -476
 4757 -238
 7570 0
 7167 238
 0 476


