# Created by Octave 3.8.2, Tue Jun 23 00:43:45 2020 CEST <damian@fptrucha.inv.usc.es>
# name: hd
# type: matrix
# rows: 5
# columns: 2
 7452 -476
 4958 -238
 8255 0
 7915 238
 0 476


