# Created by Octave 3.8.2, Sun Jun 21 05:00:35 2020 CEST <damian@fptrucha.inv.usc.es>
# name: hd
# type: matrix
# rows: 5
# columns: 2
 4589 -476
 3042 -238
 4946 0
 4695 238
 0 476


