# Created by Octave 3.8.2, Mon Jun 22 12:49:07 2020 CEST <damian@fptrucha.inv.usc.es>
# name: hd
# type: matrix
# rows: 5
# columns: 2
 7087 -476
 4670 -238
 7858 0
 7290 238
 0 476


