# Created by Octave 3.8.2, Sat Jun 20 14:48:33 2020 CEST <damian@fptrucha.inv.usc.es>
# name: hd
# type: matrix
# rows: 5
# columns: 2
 7370 -476
 5010 -238
 8176 0
 7756 238
 0 476


