# Created by Octave 3.8.2, Mon Jun 22 06:14:54 2020 CEST <damian@fptrucha.inv.usc.es>
# name: hd
# type: matrix
# rows: 5
# columns: 2
 6742 -476
 4487 -238
 7184 0
 6605 238
 0 476


