# Created by Octave 3.8.2, Sat Jun 20 11:55:35 2020 CEST <damian@fptrucha.inv.usc.es>
# name: hd
# type: matrix
# rows: 5
# columns: 2
 7673 -476
 5087 -238
 8556 0
 8055 238
 0 476


