# Created by Octave 3.8.2, Sat Jun 20 05:29:48 2020 CEST <damian@fptrucha.inv.usc.es>
# name: hd
# type: matrix
# rows: 5
# columns: 2
 7667 -476
 5245 -238
 8709 0
 8035 238
 0 476


