# Created by Octave 3.8.2, Mon Jun 22 12:07:47 2020 CEST <damian@fptrucha.inv.usc.es>
# name: hd
# type: matrix
# rows: 5
# columns: 2
 7048 -476
 4680 -238
 7565 0
 7157 238
 0 476


