# Created by Octave 3.8.2, Mon Jun 22 03:50:50 2020 CEST <damian@fptrucha.inv.usc.es>
# name: hd
# type: matrix
# rows: 5
# columns: 2
 6747 -476
 4496 -238
 7137 0
 6458 238
 0 476


