# Created by Octave 3.8.2, Mon Jun 22 05:59:18 2020 CEST <damian@fptrucha.inv.usc.es>
# name: hd
# type: matrix
# rows: 5
# columns: 2
 6611 -476
 4546 -238
 7103 0
 6753 238
 0 476


