# Created by Octave 3.8.2, Mon Jun 22 06:25:36 2020 CEST <damian@fptrucha.inv.usc.es>
# name: hd
# type: matrix
# rows: 5
# columns: 2
 6707 -476
 4512 -238
 7100 0
 6657 238
 0 476


