# Created by Octave 3.8.2, Mon Jun 22 20:45:18 2020 CEST <damian@fptrucha.inv.usc.es>
# name: hd
# type: matrix
# rows: 5
# columns: 2
 7381 -476
 5014 -238
 8255 0
 7730 238
 0 476


