# Created by Octave 3.8.2, Sat Jun 20 14:24:35 2020 CEST <damian@fptrucha.inv.usc.es>
# name: hd
# type: matrix
# rows: 5
# columns: 2
 7183 -476
 4895 -238
 8073 0
 7567 238
 0 476


