# Created by Octave 3.8.2, Mon Jun 22 09:03:42 2020 CEST <damian@fptrucha.inv.usc.es>
# name: hd
# type: matrix
# rows: 5
# columns: 2
 4377 -476
 2901 -238
 4946 0
 4637 238
 0 476


