# Created by Octave 3.8.2, Mon Jun 22 15:22:35 2020 CEST <damian@fptrucha.inv.usc.es>
# name: hd
# type: matrix
# rows: 5
# columns: 2
 7333 -476
 4958 -238
 8018 0
 7513 238
 0 476


