# Created by Octave 3.8.2, Sun Jun 21 00:29:36 2020 CEST <damian@fptrucha.inv.usc.es>
# name: hd
# type: matrix
# rows: 5
# columns: 2
 4433 -476
 2998 -238
 4997 0
 4615 238
 0 476


