# Created by Octave 3.8.2, Mon Jun 22 06:50:09 2020 CEST <damian@fptrucha.inv.usc.es>
# name: hd
# type: matrix
# rows: 5
# columns: 2
 6714 -476
 4467 -238
 7243 0
 6662 238
 0 476


