# Created by Octave 3.8.2, Sat Jun 20 12:52:55 2020 CEST <damian@fptrucha.inv.usc.es>
# name: hd
# type: matrix
# rows: 5
# columns: 2
 7506 -476
 5048 -238
 8476 0
 7905 238
 0 476


