# Created by Octave 3.8.2, Sat Jun 20 03:14:04 2020 CEST <damian@fptrucha.inv.usc.es>
# name: hd
# type: matrix
# rows: 5
# columns: 2
 7563 -476
 5091 -238
 8661 0
 7835 238
 0 476


