# Created by Octave 3.8.2, Sun Jun 21 03:56:11 2020 CEST <damian@fptrucha.inv.usc.es>
# name: hd
# type: matrix
# rows: 5
# columns: 2
 6966 -476
 4579 -238
 7748 0
 6974 238
 0 476


