# Created by Octave 3.8.2, Mon Jun 22 23:23:43 2020 CEST <damian@fptrucha.inv.usc.es>
# name: hd
# type: matrix
# rows: 5
# columns: 2
 7590 -476
 4989 -238
 8359 0
 7841 238
 0 476


