# Created by Octave 3.8.2, Mon Jun 22 10:36:15 2020 CEST <damian@fptrucha.inv.usc.es>
# name: hd
# type: matrix
# rows: 5
# columns: 2
 7094 -476
 4718 -238
 7715 0
 7219 238
 0 476


