# Created by Octave 3.8.2, Sat Jun 20 10:49:49 2020 CEST <damian@fptrucha.inv.usc.es>
# name: hd
# type: matrix
# rows: 5
# columns: 2
 5085 -476
 3411 -238
 5623 0
 5340 238
 0 476


