# Created by Octave 3.8.2, Mon Jun 22 10:04:52 2020 CEST <damian@fptrucha.inv.usc.es>
# name: hd
# type: matrix
# rows: 5
# columns: 2
 7115 -476
 4615 -238
 7678 0
 7181 238
 0 476


