# Created by Octave 3.8.2, Mon Jun 22 02:27:27 2020 CEST <damian@fptrucha.inv.usc.es>
# name: hd
# type: matrix
# rows: 5
# columns: 2
 80 -476
 167 -238
 249 0
 410 238
 0 476


