# Created by Octave 3.8.2, Mon Jun 22 12:57:36 2020 CEST <damian@fptrucha.inv.usc.es>
# name: hd
# type: matrix
# rows: 5
# columns: 2
 7211 -476
 4775 -238
 7685 0
 7033 238
 0 476


