# Created by Octave 3.8.2, Mon Jun 22 13:33:14 2020 CEST <damian@fptrucha.inv.usc.es>
# name: hd
# type: matrix
# rows: 5
# columns: 2
 7306 -476
 4673 -238
 7873 0
 7231 238
 0 476


