# Created by Octave 3.8.2, Mon Jun 22 16:26:41 2020 CEST <damian@fptrucha.inv.usc.es>
# name: hd
# type: matrix
# rows: 5
# columns: 2
 7332 -476
 4910 -238
 7784 0
 7474 238
 0 476


