# Created by Octave 3.8.2, Mon Jun 22 05:10:36 2020 CEST <damian@fptrucha.inv.usc.es>
# name: hd
# type: matrix
# rows: 5
# columns: 2
 6399 -476
 4323 -238
 6989 0
 6503 238
 0 476


