# Created by Octave 3.8.2, Sat Jun 20 12:56:30 2020 CEST <damian@fptrucha.inv.usc.es>
# name: hd
# type: matrix
# rows: 5
# columns: 2
 7558 -476
 4914 -238
 8472 0
 7809 238
 0 476


