# Created by Octave 3.8.2, Sat Jun 20 07:28:50 2020 CEST <damian@fptrucha.inv.usc.es>
# name: hd
# type: matrix
# rows: 5
# columns: 2
 7937 -476
 5258 -238
 8840 0
 8256 238
 0 476


