# Created by Octave 3.8.2, Sat Jun 20 02:09:40 2020 CEST <damian@fptrucha.inv.usc.es>
# name: hd
# type: matrix
# rows: 5
# columns: 2
 7443 -476
 4836 -238
 8311 0
 7633 238
 0 476


