# Created by Octave 3.8.2, Sat Jun 20 04:15:47 2020 CEST <damian@fptrucha.inv.usc.es>
# name: hd
# type: matrix
# rows: 5
# columns: 2
 7586 -476
 5098 -238
 8668 0
 8020 238
 0 476


