# Created by Octave 3.8.2, Mon Jun 22 09:44:21 2020 CEST <damian@fptrucha.inv.usc.es>
# name: hd
# type: matrix
# rows: 5
# columns: 2
 6943 -476
 4672 -238
 7594 0
 6998 238
 0 476


