# Created by Octave 3.8.2, Sat Jun 20 04:49:26 2020 CEST <damian@fptrucha.inv.usc.es>
# name: hd
# type: matrix
# rows: 5
# columns: 2
 7602 -476
 4978 -238
 8508 0
 7932 238
 0 476


