# Created by Octave 3.8.2, Sat Jun 20 06:09:18 2020 CEST <damian@fptrucha.inv.usc.es>
# name: hd
# type: matrix
# rows: 5
# columns: 2
 7813 -476
 5346 -238
 8774 0
 8193 238
 0 476


