# Created by Octave 3.8.2, Mon Jun 22 10:10:13 2020 CEST <damian@fptrucha.inv.usc.es>
# name: hd
# type: matrix
# rows: 5
# columns: 2
 6870 -476
 4636 -238
 7527 0
 7089 238
 0 476


