# Created by Octave 3.8.2, Sat Jun 20 17:42:04 2020 CEST <damian@fptrucha.inv.usc.es>
# name: hd
# type: matrix
# rows: 5
# columns: 2
 6874 -476
 4667 -238
 7824 0
 7278 238
 0 476


