# Created by Octave 3.8.2, Mon Jun 22 18:25:14 2020 CEST <damian@fptrucha.inv.usc.es>
# name: hd
# type: matrix
# rows: 5
# columns: 2
 7266 -476
 4704 -238
 7991 0
 7458 238
 0 476


