# Created by Octave 3.8.2, Mon Jun 22 13:37:34 2020 CEST <damian@fptrucha.inv.usc.es>
# name: hd
# type: matrix
# rows: 5
# columns: 2
 7275 -476
 4914 -238
 7697 0
 7297 238
 0 476


