# Created by Octave 3.8.2, Mon Jun 22 03:31:26 2020 CEST <damian@fptrucha.inv.usc.es>
# name: hd
# type: matrix
# rows: 5
# columns: 2
 6564 -476
 4445 -238
 7114 0
 6821 238
 0 476


