# Created by Octave 3.8.2, Sun Jun 21 07:25:31 2020 CEST <damian@fptrucha.inv.usc.es>
# name: hd
# type: matrix
# rows: 5
# columns: 2
 6560 -476
 4458 -238
 7450 0
 6992 238
 0 476


