# Created by Octave 3.8.2, Sat Jun 20 21:46:26 2020 CEST <damian@fptrucha.inv.usc.es>
# name: hd
# type: matrix
# rows: 5
# columns: 2
 6649 -476
 4658 -238
 7673 0
 7151 238
 0 476


