# Created by Octave 3.8.2, Mon Jun 22 12:11:33 2020 CEST <damian@fptrucha.inv.usc.es>
# name: hd
# type: matrix
# rows: 5
# columns: 2
 6992 -476
 4568 -238
 7587 0
 7028 238
 0 476


