# Created by Octave 3.8.2, Sat Jun 20 15:05:32 2020 CEST <damian@fptrucha.inv.usc.es>
# name: hd
# type: matrix
# rows: 5
# columns: 2
 7409 -476
 4758 -238
 8213 0
 7522 238
 0 476


