# Created by Octave 3.8.2, Mon Jun 22 22:19:15 2020 CEST <damian@fptrucha.inv.usc.es>
# name: hd
# type: matrix
# rows: 5
# columns: 2
 7406 -476
 5059 -238
 8398 0
 7700 238
 0 476


