# Created by Octave 3.8.2, Sat Jun 20 11:08:30 2020 CEST <damian@fptrucha.inv.usc.es>
# name: hd
# type: matrix
# rows: 5
# columns: 2
 7652 -476
 5077 -238
 8542 0
 7889 238
 0 476


