# Created by Octave 3.8.2, Mon Jun 22 11:50:28 2020 CEST <damian@fptrucha.inv.usc.es>
# name: hd
# type: matrix
# rows: 5
# columns: 2
 6944 -476
 4584 -238
 7541 0
 6993 238
 0 476


