# Created by Octave 3.8.2, Mon Jun 22 23:46:02 2020 CEST <damian@fptrucha.inv.usc.es>
# name: hd
# type: matrix
# rows: 5
# columns: 2
 7472 -476
 5104 -238
 8373 0
 7907 238
 0 476


