# Created by Octave 3.8.2, Mon Jun 22 18:35:30 2020 CEST <damian@fptrucha.inv.usc.es>
# name: hd
# type: matrix
# rows: 5
# columns: 2
 7458 -476
 4855 -238
 7980 0
 7494 238
 0 476


