# Created by Octave 3.8.2, Sat Jun 20 10:52:39 2020 CEST <damian@fptrucha.inv.usc.es>
# name: hd
# type: matrix
# rows: 5
# columns: 2
 7735 -476
 5237 -238
 8785 0
 8058 238
 0 476


