# Created by Octave 3.8.2, Mon Jun 22 20:48:47 2020 CEST <damian@fptrucha.inv.usc.es>
# name: hd
# type: matrix
# rows: 5
# columns: 2
 7307 -476
 4966 -238
 8204 0
 7626 238
 0 476


