# Created by Octave 3.8.2, Mon Jun 22 05:26:40 2020 CEST <damian@fptrucha.inv.usc.es>
# name: hd
# type: matrix
# rows: 5
# columns: 2
 6533 -476
 4413 -238
 7188 0
 6667 238
 0 476


