# Created by Octave 3.8.2, Mon Jun 22 00:34:14 2020 CEST <damian@fptrucha.inv.usc.es>
# name: hd
# type: matrix
# rows: 5
# columns: 2
 6762 -476
 4571 -238
 7714 0
 7134 238
 0 476


