# Created by Octave 3.8.2, Mon Jun 22 02:05:08 2020 CEST <damian@fptrucha.inv.usc.es>
# name: hd
# type: matrix
# rows: 5
# columns: 2
 6781 -476
 4750 -238
 7793 0
 7239 238
 0 476


