# Created by Octave 3.8.2, Sun Jun 21 01:30:15 2020 CEST <damian@fptrucha.inv.usc.es>
# name: hd
# type: matrix
# rows: 5
# columns: 2
 6769 -476
 4542 -238
 7460 0
 7047 238
 0 476


