# Created by Octave 3.8.2, Sun Jun 21 08:16:32 2020 CEST <damian@fptrucha.inv.usc.es>
# name: hd
# type: matrix
# rows: 5
# columns: 2
 6736 -476
 4492 -238
 7601 0
 6992 238
 0 476


