# Created by Octave 3.8.2, Mon Jun 22 11:33:43 2020 CEST <damian@fptrucha.inv.usc.es>
# name: hd
# type: matrix
# rows: 5
# columns: 2
 7009 -476
 4794 -238
 7591 0
 7274 238
 0 476


