# Created by Octave 3.8.2, Mon Jun 22 15:39:46 2020 CEST <damian@fptrucha.inv.usc.es>
# name: hd
# type: matrix
# rows: 5
# columns: 2
 7366 -476
 4842 -238
 8002 0
 7545 238
 0 476


