# Created by Octave 3.8.2, Mon Jun 22 20:56:55 2020 CEST <damian@fptrucha.inv.usc.es>
# name: hd
# type: matrix
# rows: 5
# columns: 2
 7494 -476
 4916 -238
 8104 0
 7760 238
 0 476


