# Created by Octave 3.8.2, Mon Jun 22 21:53:36 2020 CEST <damian@fptrucha.inv.usc.es>
# name: hd
# type: matrix
# rows: 5
# columns: 2
 7497 -476
 4907 -238
 8239 0
 7793 238
 0 476


