# Created by Octave 3.8.2, Mon Jun 22 01:16:03 2020 CEST <damian@fptrucha.inv.usc.es>
# name: hd
# type: matrix
# rows: 5
# columns: 2
 6724 -476
 4590 -238
 7802 0
 7175 238
 0 476


