# Created by Octave 3.8.2, Sat Jun 20 12:10:32 2020 CEST <damian@fptrucha.inv.usc.es>
# name: hd
# type: matrix
# rows: 5
# columns: 2
 7592 -476
 5095 -238
 8623 0
 7865 238
 0 476


