# Created by Octave 3.8.2, Mon Jun 22 08:14:18 2020 CEST <damian@fptrucha.inv.usc.es>
# name: hd
# type: matrix
# rows: 5
# columns: 2
 6973 -476
 4591 -238
 7295 0
 6996 238
 0 476


