# Created by Octave 3.8.2, Mon Jun 22 21:41:48 2020 CEST <damian@fptrucha.inv.usc.es>
# name: hd
# type: matrix
# rows: 5
# columns: 2
 7396 -476
 4912 -238
 8151 0
 7683 238
 0 476


