# Created by Octave 3.8.2, Sat Jun 20 12:38:17 2020 CEST <damian@fptrucha.inv.usc.es>
# name: hd
# type: matrix
# rows: 5
# columns: 2
 7730 -476
 4993 -238
 8493 0
 8095 238
 0 476


