# Created by Octave 3.8.2, Mon Jun 22 00:56:34 2020 CEST <damian@fptrucha.inv.usc.es>
# name: hd
# type: matrix
# rows: 5
# columns: 2
 7319 -476
 4814 -238
 8226 0
 7483 238
 0 476


