# Created by Octave 3.8.2, Sat Jun 20 03:55:04 2020 CEST <damian@fptrucha.inv.usc.es>
# name: hd
# type: matrix
# rows: 5
# columns: 2
 7643 -476
 5069 -238
 8561 0
 7879 238
 0 476


