# Created by Octave 3.8.2, Mon Jun 22 03:30:28 2020 CEST <damian@fptrucha.inv.usc.es>
# name: hd
# type: matrix
# rows: 5
# columns: 2
 6591 -476
 4382 -238
 7054 0
 6603 238
 0 476


