# Created by Octave 3.8.2, Mon Jun 22 22:50:39 2020 CEST <damian@fptrucha.inv.usc.es>
# name: hd
# type: matrix
# rows: 5
# columns: 2
 7502 -476
 5114 -238
 8394 0
 7847 238
 0 476


