# Created by Octave 3.8.2, Sat Jun 20 12:51:29 2020 CEST <damian@fptrucha.inv.usc.es>
# name: hd
# type: matrix
# rows: 5
# columns: 2
 3699 -476
 2512 -238
 4181 0
 3876 238
 0 476


