# Created by Octave 3.8.2, Mon Jun 22 17:35:35 2020 CEST <damian@fptrucha.inv.usc.es>
# name: hd
# type: matrix
# rows: 5
# columns: 2
 7187 -476
 4896 -238
 7977 0
 7577 238
 0 476


