# Created by Octave 3.8.2, Sat Jun 20 09:23:23 2020 CEST <damian@fptrucha.inv.usc.es>
# name: hd
# type: matrix
# rows: 5
# columns: 2
 7983 -476
 5345 -238
 8868 0
 8381 238
 0 476


