# Created by Octave 3.8.2, Sat Jun 20 07:40:30 2020 CEST <damian@fptrucha.inv.usc.es>
# name: hd
# type: matrix
# rows: 5
# columns: 2
 7974 -476
 5407 -238
 8809 0
 8316 238
 0 476


