# Created by Octave 3.8.2, Mon Jun 22 19:24:44 2020 CEST <damian@fptrucha.inv.usc.es>
# name: hd
# type: matrix
# rows: 5
# columns: 2
 7306 -476
 5052 -238
 8099 0
 7728 238
 0 476


