# Created by Octave 3.8.2, Mon Jun 22 17:23:50 2020 CEST <damian@fptrucha.inv.usc.es>
# name: hd
# type: matrix
# rows: 5
# columns: 2
 7357 -476
 4915 -238
 7947 0
 7636 238
 0 476


