# Created by Octave 3.8.2, Mon Jun 22 04:12:26 2020 CEST <damian@fptrucha.inv.usc.es>
# name: hd
# type: matrix
# rows: 5
# columns: 2
 6511 -476
 4447 -238
 6824 0
 6553 238
 0 476


