# Created by Octave 3.8.2, Mon Jun 22 14:12:10 2020 CEST <damian@fptrucha.inv.usc.es>
# name: hd
# type: matrix
# rows: 5
# columns: 2
 7316 -476
 4711 -238
 7672 0
 7127 238
 0 476


