# Created by Octave 3.8.2, Sat Jun 20 21:18:34 2020 CEST <damian@fptrucha.inv.usc.es>
# name: hd
# type: matrix
# rows: 5
# columns: 2
 6792 -476
 4561 -238
 7740 0
 7013 238
 0 476


