# Created by Octave 3.8.2, Sat Jun 20 09:58:00 2020 CEST <damian@fptrucha.inv.usc.es>
# name: hd
# type: matrix
# rows: 5
# columns: 2
 7807 -476
 5294 -238
 8703 0
 8184 238
 0 476


