# Created by Octave 3.8.2, Sat Jun 20 08:43:52 2020 CEST <damian@fptrucha.inv.usc.es>
# name: hd
# type: matrix
# rows: 5
# columns: 2
 8044 -476
 5308 -238
 8857 0
 8145 238
 0 476


