# Created by Octave 3.8.2, Mon Jun 22 17:04:59 2020 CEST <damian@fptrucha.inv.usc.es>
# name: hd
# type: matrix
# rows: 5
# columns: 2
 7320 -476
 4798 -238
 7943 0
 7401 238
 0 476


