# Created by Octave 3.8.2, Mon Jun 22 04:15:16 2020 CEST <damian@fptrucha.inv.usc.es>
# name: hd
# type: matrix
# rows: 5
# columns: 2
 6312 -476
 4365 -238
 6956 0
 6635 238
 0 476


