# Created by Octave 3.8.2, Sat Jun 20 23:24:31 2020 CEST <damian@fptrucha.inv.usc.es>
# name: hd
# type: matrix
# rows: 5
# columns: 2
 6888 -476
 4674 -238
 7774 0
 7146 238
 0 476


