# Created by Octave 3.8.2, Sat Jun 20 10:11:57 2020 CEST <damian@fptrucha.inv.usc.es>
# name: hd
# type: matrix
# rows: 5
# columns: 2
 7754 -476
 5264 -238
 8728 0
 8162 238
 0 476


