# Created by Octave 3.8.2, Mon Jun 22 16:06:03 2020 CEST <damian@fptrucha.inv.usc.es>
# name: hd
# type: matrix
# rows: 5
# columns: 2
 7300 -476
 4936 -238
 7983 0
 7402 238
 0 476


