# Created by Octave 3.8.2, Sun Jun 21 03:10:48 2020 CEST <damian@fptrucha.inv.usc.es>
# name: hd
# type: matrix
# rows: 5
# columns: 2
 6613 -476
 4495 -238
 7579 0
 7016 238
 0 476


