# Created by Octave 3.8.2, Mon Jun 22 00:59:50 2020 CEST <damian@fptrucha.inv.usc.es>
# name: hd
# type: matrix
# rows: 5
# columns: 2
 7214 -476
 4818 -238
 8024 0
 7575 238
 0 476


