# Created by Octave 3.8.2, Sun Jun 21 03:52:53 2020 CEST <damian@fptrucha.inv.usc.es>
# name: hd
# type: matrix
# rows: 5
# columns: 2
 6637 -476
 4508 -238
 7670 0
 7115 238
 0 476


