# Created by Octave 3.8.2, Tue Jun 23 00:07:38 2020 CEST <damian@fptrucha.inv.usc.es>
# name: hd
# type: matrix
# rows: 5
# columns: 2
 5001 -476
 3401 -238
 5476 0
 5101 238
 0 476


