# Created by Octave 3.8.2, Sun Jun 21 02:42:20 2020 CEST <damian@fptrucha.inv.usc.es>
# name: hd
# type: matrix
# rows: 5
# columns: 2
 6650 -476
 4401 -238
 7570 0
 7004 238
 0 476


