# Created by Octave 3.8.2, Mon Jun 22 11:16:15 2020 CEST <damian@fptrucha.inv.usc.es>
# name: hd
# type: matrix
# rows: 5
# columns: 2
 7089 -476
 4643 -238
 7775 0
 7129 238
 0 476


