# Created by Octave 3.8.2, Mon Jun 22 12:01:31 2020 CEST <damian@fptrucha.inv.usc.es>
# name: hd
# type: matrix
# rows: 5
# columns: 2
 6866 -476
 4686 -238
 7777 0
 6991 238
 0 476


