# Created by Octave 3.8.2, Mon Jun 22 07:35:06 2020 CEST <damian@fptrucha.inv.usc.es>
# name: hd
# type: matrix
# rows: 5
# columns: 2
 6818 -476
 4468 -238
 7308 0
 6931 238
 0 476


