# Created by Octave 3.8.2, Mon Jun 22 04:19:01 2020 CEST <damian@fptrucha.inv.usc.es>
# name: hd
# type: matrix
# rows: 5
# columns: 2
 6355 -476
 4321 -238
 7006 0
 6423 238
 0 476


