# Created by Octave 3.8.2, Sun Jun 21 01:02:48 2020 CEST <damian@fptrucha.inv.usc.es>
# name: hd
# type: matrix
# rows: 5
# columns: 2
 6770 -476
 4488 -238
 7527 0
 7076 238
 0 476


