# Created by Octave 3.8.2, Sat Jun 20 14:51:09 2020 CEST <damian@fptrucha.inv.usc.es>
# name: hd
# type: matrix
# rows: 5
# columns: 2
 7242 -476
 4758 -238
 8134 0
 7408 238
 0 476


