# Created by Octave 3.8.2, Sun Jun 21 03:04:20 2020 CEST <damian@fptrucha.inv.usc.es>
# name: hd
# type: matrix
# rows: 5
# columns: 2
 6653 -476
 4398 -238
 7592 0
 7113 238
 0 476


