# Created by Octave 3.8.2, Mon Jun 22 16:36:44 2020 CEST <damian@fptrucha.inv.usc.es>
# name: hd
# type: matrix
# rows: 5
# columns: 2
 7270 -476
 4882 -238
 8043 0
 7361 238
 0 476


