# Created by Octave 3.8.2, Sun Jun 21 03:57:16 2020 CEST <damian@fptrucha.inv.usc.es>
# name: hd
# type: matrix
# rows: 5
# columns: 2
 6818 -476
 4550 -238
 7537 0
 7084 238
 0 476


