# Created by Octave 3.8.2, Sat Jun 20 22:28:27 2020 CEST <damian@fptrucha.inv.usc.es>
# name: hd
# type: matrix
# rows: 5
# columns: 2
 6733 -476
 4460 -238
 7628 0
 7193 238
 0 476


