# Created by Octave 3.8.2, Sat Jun 20 21:23:42 2020 CEST <damian@fptrucha.inv.usc.es>
# name: hd
# type: matrix
# rows: 5
# columns: 2
 6818 -476
 4541 -238
 7667 0
 7071 238
 0 476


