# Created by Octave 3.8.2, Sat Jun 20 20:39:28 2020 CEST <damian@fptrucha.inv.usc.es>
# name: hd
# type: matrix
# rows: 5
# columns: 2
 6920 -476
 4629 -238
 7734 0
 7179 238
 0 476


