# Created by Octave 3.8.2, Mon Jun 22 07:27:24 2020 CEST <damian@fptrucha.inv.usc.es>
# name: hd
# type: matrix
# rows: 5
# columns: 2
 6732 -476
 4626 -238
 7262 0
 6915 238
 0 476


