# Created by Octave 3.8.2, Sun Jun 21 07:09:51 2020 CEST <damian@fptrucha.inv.usc.es>
# name: hd
# type: matrix
# rows: 5
# columns: 2
 7147 -476
 4688 -238
 7977 0
 7428 238
 0 476


