# Created by Octave 3.8.2, Mon Jun 22 04:51:56 2020 CEST <damian@fptrucha.inv.usc.es>
# name: hd
# type: matrix
# rows: 5
# columns: 2
 6360 -476
 4311 -238
 6809 0
 6542 238
 0 476


