# Created by Octave 3.8.2, Mon Jun 22 13:59:47 2020 CEST <damian@fptrucha.inv.usc.es>
# name: hd
# type: matrix
# rows: 5
# columns: 2
 7128 -476
 4696 -238
 7797 0
 7379 238
 0 476


