# Created by Octave 3.8.2, Sat Jun 20 11:14:13 2020 CEST <damian@fptrucha.inv.usc.es>
# name: hd
# type: matrix
# rows: 5
# columns: 2
 7907 -476
 5272 -238
 8595 0
 8091 238
 0 476


