# Created by Octave 3.8.2, Sat Jun 20 09:14:27 2020 CEST <damian@fptrucha.inv.usc.es>
# name: hd
# type: matrix
# rows: 5
# columns: 2
 8010 -476
 5501 -238
 8934 0
 8478 238
 0 476


