# Created by Octave 3.8.2, Sat Jun 20 06:36:17 2020 CEST <damian@fptrucha.inv.usc.es>
# name: hd
# type: matrix
# rows: 5
# columns: 2
 7762 -476
 5214 -238
 8979 0
 8328 238
 0 476


