# Created by Octave 3.8.2, Mon Jun 22 17:29:23 2020 CEST <damian@fptrucha.inv.usc.es>
# name: hd
# type: matrix
# rows: 5
# columns: 2
 7270 -476
 4903 -238
 7771 0
 7500 238
 0 476


