# Created by Octave 3.8.2, Mon Jun 22 00:43:03 2020 CEST <damian@fptrucha.inv.usc.es>
# name: hd
# type: matrix
# rows: 5
# columns: 2
 6895 -476
 4553 -238
 7909 0
 7222 238
 0 476


