# Created by Octave 3.8.2, Mon Jun 22 07:53:04 2020 CEST <damian@fptrucha.inv.usc.es>
# name: hd
# type: matrix
# rows: 5
# columns: 2
 6777 -476
 4613 -238
 7503 0
 6919 238
 0 476


