# Created by Octave 3.8.2, Sat Jun 20 20:58:31 2020 CEST <damian@fptrucha.inv.usc.es>
# name: hd
# type: matrix
# rows: 5
# columns: 2
 6787 -476
 4568 -238
 7676 0
 7076 238
 0 476


