# Created by Octave 3.8.2, Sat Jun 20 11:16:30 2020 CEST <damian@fptrucha.inv.usc.es>
# name: hd
# type: matrix
# rows: 5
# columns: 2
 7569 -476
 5076 -238
 8719 0
 8038 238
 0 476


