# Created by Octave 3.8.2, Mon Jun 22 16:48:36 2020 CEST <damian@fptrucha.inv.usc.es>
# name: hd
# type: matrix
# rows: 5
# columns: 2
 7168 -476
 4890 -238
 8035 0
 7448 238
 0 476


