# Created by Octave 3.8.2, Sat Jun 20 07:50:20 2020 CEST <damian@fptrucha.inv.usc.es>
# name: hd
# type: matrix
# rows: 5
# columns: 2
 7833 -476
 5325 -238
 8994 0
 8302 238
 0 476


