# Created by Octave 3.8.2, Mon Jun 22 20:49:56 2020 CEST <damian@fptrucha.inv.usc.es>
# name: hd
# type: matrix
# rows: 5
# columns: 2
 7290 -476
 4975 -238
 8106 0
 7708 238
 0 476


