# Created by Octave 3.8.2, Sat Jun 20 16:10:42 2020 CEST <damian@fptrucha.inv.usc.es>
# name: hd
# type: matrix
# rows: 5
# columns: 2
 7107 -476
 4731 -238
 7991 0
 7547 238
 0 476


