# Created by Octave 3.8.2, Mon Jun 22 07:42:18 2020 CEST <damian@fptrucha.inv.usc.es>
# name: hd
# type: matrix
# rows: 5
# columns: 2
 6725 -476
 4534 -238
 7238 0
 6865 238
 0 476


