# Created by Octave 3.8.2, Mon Jun 22 16:17:10 2020 CEST <damian@fptrucha.inv.usc.es>
# name: hd
# type: matrix
# rows: 5
# columns: 2
 7367 -476
 4919 -238
 7916 0
 7546 238
 0 476


