# Created by Octave 3.8.2, Sat Jun 20 08:00:38 2020 CEST <damian@fptrucha.inv.usc.es>
# name: hd
# type: matrix
# rows: 5
# columns: 2
 7906 -476
 5425 -238
 8926 0
 8149 238
 0 476


