# Created by Octave 3.8.2, Mon Jun 22 00:51:10 2020 CEST <damian@fptrucha.inv.usc.es>
# name: hd
# type: matrix
# rows: 5
# columns: 2
 6919 -476
 4678 -238
 7743 0
 7080 238
 0 476


