# Created by Octave 3.8.2, Mon Jun 22 09:48:38 2020 CEST <damian@fptrucha.inv.usc.es>
# name: hd
# type: matrix
# rows: 5
# columns: 2
 7041 -476
 4626 -238
 7558 0
 7018 238
 0 476


