# Created by Octave 3.8.2, Mon Jun 22 07:31:28 2020 CEST <damian@fptrucha.inv.usc.es>
# name: hd
# type: matrix
# rows: 5
# columns: 2
 6799 -476
 4518 -238
 7201 0
 6802 238
 0 476


