# Created by Octave 3.8.2, Mon Jun 22 23:10:46 2020 CEST <damian@fptrucha.inv.usc.es>
# name: hd
# type: matrix
# rows: 5
# columns: 2
 7493 -476
 5128 -238
 8359 0
 7895 238
 0 476


