# Created by Octave 3.8.2, Sun Jun 21 06:31:58 2020 CEST <damian@fptrucha.inv.usc.es>
# name: hd
# type: matrix
# rows: 5
# columns: 2
 6946 -476
 4545 -238
 7676 0
 7198 238
 0 476


