# Created by Octave 3.8.2, Mon Jun 22 11:15:11 2020 CEST <damian@fptrucha.inv.usc.es>
# name: hd
# type: matrix
# rows: 5
# columns: 2
 6961 -476
 4601 -238
 7683 0
 7169 238
 0 476


