# Created by Octave 3.8.2, Sat Jun 20 21:41:16 2020 CEST <damian@fptrucha.inv.usc.es>
# name: hd
# type: matrix
# rows: 5
# columns: 2
 6790 -476
 4746 -238
 7813 0
 7200 238
 0 476


