# Created by Octave 3.8.2, Sat Jun 20 20:32:58 2020 CEST <damian@fptrucha.inv.usc.es>
# name: hd
# type: matrix
# rows: 5
# columns: 2
 6984 -476
 4719 -238
 7827 0
 7222 238
 0 476


