# Created by Octave 3.8.2, Mon Jun 22 23:43:37 2020 CEST <damian@fptrucha.inv.usc.es>
# name: hd
# type: matrix
# rows: 5
# columns: 2
 7460 -476
 4907 -238
 8314 0
 7902 238
 0 476


