# Created by Octave 3.8.2, Sat Jun 20 07:53:11 2020 CEST <damian@fptrucha.inv.usc.es>
# name: hd
# type: matrix
# rows: 5
# columns: 2
 7841 -476
 5276 -238
 8911 0
 8221 238
 0 476


