# Created by Octave 3.8.2, Sat Jun 20 04:39:29 2020 CEST <damian@fptrucha.inv.usc.es>
# name: hd
# type: matrix
# rows: 5
# columns: 2
 7596 -476
 5091 -238
 8608 0
 8064 238
 0 476


