# Created by Octave 3.8.2, Sun Jun 21 04:01:18 2020 CEST <damian@fptrucha.inv.usc.es>
# name: hd
# type: matrix
# rows: 5
# columns: 2
 4399 -476
 2973 -238
 5126 0
 4740 238
 0 476


