# Created by Octave 3.8.2, Sun Jun 21 02:48:27 2020 CEST <damian@fptrucha.inv.usc.es>
# name: hd
# type: matrix
# rows: 5
# columns: 2
 6682 -476
 4502 -238
 7387 0
 6824 238
 0 476


