# Created by Octave 3.8.2, Mon Jun 22 18:56:28 2020 CEST <damian@fptrucha.inv.usc.es>
# name: hd
# type: matrix
# rows: 5
# columns: 2
 4844 -476
 3253 -238
 5324 0
 4936 238
 0 476


