# Created by Octave 3.8.2, Mon Jun 22 16:01:31 2020 CEST <damian@fptrucha.inv.usc.es>
# name: hd
# type: matrix
# rows: 5
# columns: 2
 7248 -476
 4966 -238
 8000 0
 7510 238
 0 476


