# Created by Octave 3.8.2, Sat Jun 20 11:20:44 2020 CEST <damian@fptrucha.inv.usc.es>
# name: hd
# type: matrix
# rows: 5
# columns: 2
 7813 -476
 5040 -238
 8592 0
 7991 238
 0 476


