# Created by Octave 3.8.2, Mon Jun 22 19:42:42 2020 CEST <damian@fptrucha.inv.usc.es>
# name: hd
# type: matrix
# rows: 5
# columns: 2
 7392 -476
 4933 -238
 8141 0
 7703 238
 0 476


