# Created by Octave 3.8.2, Mon Jun 22 22:08:33 2020 CEST <damian@fptrucha.inv.usc.es>
# name: hd
# type: matrix
# rows: 5
# columns: 2
 7428 -476
 4835 -238
 8393 0
 7835 238
 0 476


