# Created by Octave 3.8.2, Mon Jun 22 06:39:33 2020 CEST <damian@fptrucha.inv.usc.es>
# name: hd
# type: matrix
# rows: 5
# columns: 2
 6699 -476
 4504 -238
 7017 0
 6884 238
 0 476


