# Created by Octave 3.8.2, Mon Jun 22 03:08:45 2020 CEST <damian@fptrucha.inv.usc.es>
# name: hd
# type: matrix
# rows: 5
# columns: 2
 6539 -476
 4484 -238
 6950 0
 6693 238
 0 476


