# Created by Octave 3.8.2, Sun Jun 21 01:55:54 2020 CEST <damian@fptrucha.inv.usc.es>
# name: hd
# type: matrix
# rows: 5
# columns: 2
 6582 -476
 4415 -238
 7444 0
 6876 238
 0 476


