# Created by Octave 3.8.2, Sat Jun 20 07:44:57 2020 CEST <damian@fptrucha.inv.usc.es>
# name: hd
# type: matrix
# rows: 5
# columns: 2
 7920 -476
 5374 -238
 8812 0
 8229 238
 0 476


