# Created by Octave 3.8.2, Sun Jun 21 01:59:07 2020 CEST <damian@fptrucha.inv.usc.es>
# name: hd
# type: matrix
# rows: 5
# columns: 2
 6801 -476
 4477 -238
 7566 0
 6887 238
 0 476


