# Created by Octave 3.8.2, Mon Jun 22 10:54:50 2020 CEST <damian@fptrucha.inv.usc.es>
# name: hd
# type: matrix
# rows: 5
# columns: 2
 7049 -476
 4597 -238
 7709 0
 7184 238
 0 476


