# Created by Octave 3.8.2, Mon Jun 22 11:24:43 2020 CEST <damian@fptrucha.inv.usc.es>
# name: hd
# type: matrix
# rows: 5
# columns: 2
 6920 -476
 4622 -238
 7731 0
 7171 238
 0 476


