# Created by Octave 3.8.2, Sun Jun 21 01:56:58 2020 CEST <damian@fptrucha.inv.usc.es>
# name: hd
# type: matrix
# rows: 5
# columns: 2
 6570 -476
 4462 -238
 7389 0
 7007 238
 0 476


