# Created by Octave 3.8.2, Sat Jun 20 02:01:49 2020 CEST <damian@fptrucha.inv.usc.es>
# name: hd
# type: matrix
# rows: 5
# columns: 2
 7562 -476
 4882 -238
 8382 0
 7840 238
 0 476


