# Created by Octave 3.8.2, Mon Jun 22 16:55:18 2020 CEST <damian@fptrucha.inv.usc.es>
# name: hd
# type: matrix
# rows: 5
# columns: 2
 7267 -476
 4793 -238
 7854 0
 7391 238
 0 476


