# Created by Octave 3.8.2, Mon Jun 22 04:42:37 2020 CEST <damian@fptrucha.inv.usc.es>
# name: hd
# type: matrix
# rows: 5
# columns: 2
 6298 -476
 4207 -238
 6743 0
 6484 238
 0 476


