# Created by Octave 3.8.2, Sat Jun 20 22:12:42 2020 CEST <damian@fptrucha.inv.usc.es>
# name: hd
# type: matrix
# rows: 5
# columns: 2
 4540 -476
 3011 -238
 5120 0
 4788 238
 0 476


