# Created by Octave 3.8.2, Sat Jun 20 13:27:54 2020 CEST <damian@fptrucha.inv.usc.es>
# name: hd
# type: matrix
# rows: 5
# columns: 2
 7476 -476
 4910 -238
 8305 0
 7778 238
 0 476


