# Created by Octave 3.8.2, Sat Jun 20 20:48:07 2020 CEST <damian@fptrucha.inv.usc.es>
# name: hd
# type: matrix
# rows: 5
# columns: 2
 6684 -476
 4564 -238
 7846 0
 7218 238
 0 476


