# Created by Octave 3.8.2, Sat Jun 20 09:01:47 2020 CEST <damian@fptrucha.inv.usc.es>
# name: hd
# type: matrix
# rows: 5
# columns: 2
 8102 -476
 5279 -238
 8920 0
 8430 238
 0 476


