# Created by Octave 3.8.2, Sat Jun 20 22:18:00 2020 CEST <damian@fptrucha.inv.usc.es>
# name: hd
# type: matrix
# rows: 5
# columns: 2
 6763 -476
 4698 -238
 7662 0
 7215 238
 0 476


