# Created by Octave 3.8.2, Sat Jun 20 04:14:22 2020 CEST <damian@fptrucha.inv.usc.es>
# name: hd
# type: matrix
# rows: 5
# columns: 2
 7823 -476
 5116 -238
 8413 0
 8014 238
 0 476


