# Created by Octave 3.8.2, Sat Jun 20 20:10:02 2020 CEST <damian@fptrucha.inv.usc.es>
# name: hd
# type: matrix
# rows: 5
# columns: 2
 6943 -476
 4532 -238
 7681 0
 7238 238
 0 476


