# Created by Octave 3.8.2, Sat Jun 20 21:14:41 2020 CEST <damian@fptrucha.inv.usc.es>
# name: hd
# type: matrix
# rows: 5
# columns: 2
 6809 -476
 4655 -238
 7755 0
 6978 238
 0 476


