# Created by Octave 3.8.2, Mon Jun 22 05:24:44 2020 CEST <damian@fptrucha.inv.usc.es>
# name: hd
# type: matrix
# rows: 5
# columns: 2
 6521 -476
 4469 -238
 7109 0
 6665 238
 0 476


