# Created by Octave 3.8.2, Mon Jun 22 19:52:02 2020 CEST <damian@fptrucha.inv.usc.es>
# name: hd
# type: matrix
# rows: 5
# columns: 2
 7454 -476
 4942 -238
 8164 0
 7659 238
 0 476


