# Created by Octave 3.8.2, Sat Jun 20 18:18:13 2020 CEST <damian@fptrucha.inv.usc.es>
# name: hd
# type: matrix
# rows: 5
# columns: 2
 6900 -476
 4752 -238
 7622 0
 7210 238
 0 476


