# Created by Octave 3.8.2, Mon Jun 22 02:45:09 2020 CEST <damian@fptrucha.inv.usc.es>
# name: hd
# type: matrix
# rows: 5
# columns: 2
 6640 -476
 4342 -238
 7017 0
 6742 238
 0 476


