# Created by Octave 3.8.2, Mon Jun 22 10:36:57 2020 CEST <damian@fptrucha.inv.usc.es>
# name: hd
# type: matrix
# rows: 5
# columns: 2
 4673 -476
 3107 -238
 5061 0
 4670 238
 0 476


