# Created by Octave 3.8.2, Sat Jun 20 12:36:51 2020 CEST <damian@fptrucha.inv.usc.es>
# name: hd
# type: matrix
# rows: 5
# columns: 2
 7739 -476
 4969 -238
 8404 0
 8054 238
 0 476


