# Created by Octave 3.8.2, Mon Jun 22 05:01:03 2020 CEST <damian@fptrucha.inv.usc.es>
# name: hd
# type: matrix
# rows: 5
# columns: 2
 6384 -476
 4333 -238
 6837 0
 6455 238
 0 476


