# Created by Octave 3.8.2, Sat Jun 20 14:33:29 2020 CEST <damian@fptrucha.inv.usc.es>
# name: hd
# type: matrix
# rows: 5
# columns: 2
 7202 -476
 4982 -238
 8135 0
 7549 238
 0 476


