# Created by Octave 3.8.2, Sat Jun 20 11:04:11 2020 CEST <damian@fptrucha.inv.usc.es>
# name: hd
# type: matrix
# rows: 5
# columns: 2
 7602 -476
 5147 -238
 8800 0
 8178 238
 0 476


