# Created by Octave 3.8.2, Mon Jun 22 03:38:45 2020 CEST <damian@fptrucha.inv.usc.es>
# name: hd
# type: matrix
# rows: 5
# columns: 2
 6671 -476
 4501 -238
 6986 0
 6626 238
 0 476


