# Created by Octave 3.8.2, Sun Jun 21 06:56:30 2020 CEST <damian@fptrucha.inv.usc.es>
# name: hd
# type: matrix
# rows: 5
# columns: 2
 6553 -476
 4438 -238
 7476 0
 6851 238
 0 476


