# Created by Octave 3.8.2, Mon Jun 22 20:38:19 2020 CEST <damian@fptrucha.inv.usc.es>
# name: hd
# type: matrix
# rows: 5
# columns: 2
 4913 -476
 3331 -238
 5370 0
 5065 238
 0 476


