# Created by Octave 3.8.2, Mon Jun 22 15:25:52 2020 CEST <damian@fptrucha.inv.usc.es>
# name: hd
# type: matrix
# rows: 5
# columns: 2
 7343 -476
 4786 -238
 8029 0
 7495 238
 0 476


