# Created by Octave 3.8.2, Mon Jun 22 12:34:29 2020 CEST <damian@fptrucha.inv.usc.es>
# name: hd
# type: matrix
# rows: 5
# columns: 2
 7066 -476
 4825 -238
 7829 0
 7154 238
 0 476


