# Created by Octave 3.8.2, Mon Jun 22 01:59:53 2020 CEST <damian@fptrucha.inv.usc.es>
# name: hd
# type: matrix
# rows: 5
# columns: 2
 6886 -476
 4649 -238
 7799 0
 7299 238
 0 476


