# Created by Octave 3.8.2, Sat Jun 20 05:14:36 2020 CEST <damian@fptrucha.inv.usc.es>
# name: hd
# type: matrix
# rows: 5
# columns: 2
 7755 -476
 5061 -238
 8491 0
 7747 238
 0 476


