# Created by Octave 3.8.2, Mon Jun 22 14:36:27 2020 CEST <damian@fptrucha.inv.usc.es>
# name: hd
# type: matrix
# rows: 5
# columns: 2
 7151 -476
 4766 -238
 7782 0
 7301 238
 0 476


