# Created by Octave 3.8.2, Sun Jun 21 04:13:22 2020 CEST <damian@fptrucha.inv.usc.es>
# name: hd
# type: matrix
# rows: 5
# columns: 2
 6786 -476
 4537 -238
 7565 0
 7031 238
 0 476


