# Created by Octave 3.8.2, Mon Jun 22 02:50:58 2020 CEST <damian@fptrucha.inv.usc.es>
# name: hd
# type: matrix
# rows: 5
# columns: 2
 6577 -476
 4398 -238
 7092 0
 6649 238
 0 476


