# Created by Octave 3.8.2, Sat Jun 20 13:09:02 2020 CEST <damian@fptrucha.inv.usc.es>
# name: hd
# type: matrix
# rows: 5
# columns: 2
 7515 -476
 5124 -238
 8276 0
 7807 238
 0 476


