# Created by Octave 3.8.2, Mon Jun 22 11:59:28 2020 CEST <damian@fptrucha.inv.usc.es>
# name: hd
# type: matrix
# rows: 5
# columns: 2
 7158 -476
 4608 -238
 7593 0
 7070 238
 0 476


