# Created by Octave 3.8.2, Sat Jun 20 22:41:05 2020 CEST <damian@fptrucha.inv.usc.es>
# name: hd
# type: matrix
# rows: 5
# columns: 2
 6876 -476
 4497 -238
 7767 0
 7311 238
 0 476


