# Created by Octave 3.8.2, Sat Jun 20 04:11:32 2020 CEST <damian@fptrucha.inv.usc.es>
# name: hd
# type: matrix
# rows: 5
# columns: 2
 7619 -476
 5031 -238
 8666 0
 7931 238
 0 476


