# Created by Octave 3.8.2, Mon Jun 22 11:27:56 2020 CEST <damian@fptrucha.inv.usc.es>
# name: hd
# type: matrix
# rows: 5
# columns: 2
 7049 -476
 4595 -238
 7670 0
 7110 238
 0 476


