# Created by Octave 3.8.2, Sat Jun 20 04:42:25 2020 CEST <damian@fptrucha.inv.usc.es>
# name: hd
# type: matrix
# rows: 5
# columns: 2
 7720 -476
 4927 -238
 8496 0
 7943 238
 0 476


