# Created by Octave 3.8.2, Sat Jun 20 11:19:20 2020 CEST <damian@fptrucha.inv.usc.es>
# name: hd
# type: matrix
# rows: 5
# columns: 2
 7548 -476
 5109 -238
 8491 0
 8136 238
 0 476


