# Created by Octave 3.8.2, Mon Jun 22 11:20:28 2020 CEST <damian@fptrucha.inv.usc.es>
# name: hd
# type: matrix
# rows: 5
# columns: 2
 7035 -476
 4518 -238
 7722 0
 7182 238
 0 476


