# Created by Octave 3.8.2, Mon Jun 22 23:56:14 2020 CEST <damian@fptrucha.inv.usc.es>
# name: hd
# type: matrix
# rows: 5
# columns: 2
 7394 -476
 5076 -238
 8509 0
 7842 238
 0 476


