# Created by Octave 3.8.2, Mon Jun 22 20:01:58 2020 CEST <damian@fptrucha.inv.usc.es>
# name: hd
# type: matrix
# rows: 5
# columns: 2
 7300 -476
 5022 -238
 8052 0
 7726 238
 0 476


