# Created by Octave 3.8.2, Sat Jun 20 08:54:19 2020 CEST <damian@fptrucha.inv.usc.es>
# name: hd
# type: matrix
# rows: 5
# columns: 2
 8222 -476
 5339 -238
 8860 0
 8321 238
 0 476


