# Created by Octave 3.8.2, Mon Jun 22 11:01:47 2020 CEST <damian@fptrucha.inv.usc.es>
# name: hd
# type: matrix
# rows: 5
# columns: 2
 7077 -476
 4783 -238
 7795 0
 7216 238
 0 476


