# Created by Octave 3.8.2, Sat Jun 20 07:30:17 2020 CEST <damian@fptrucha.inv.usc.es>
# name: hd
# type: matrix
# rows: 5
# columns: 2
 7941 -476
 5246 -238
 8859 0
 8271 238
 0 476


