# Created by Octave 3.8.2, Sun Jun 21 01:35:38 2020 CEST <damian@fptrucha.inv.usc.es>
# name: hd
# type: matrix
# rows: 5
# columns: 2
 6703 -476
 4431 -238
 7505 0
 7172 238
 0 476


