# Created by Octave 3.8.2, Sat Jun 20 16:21:20 2020 CEST <damian@fptrucha.inv.usc.es>
# name: hd
# type: matrix
# rows: 5
# columns: 2
 7045 -476
 4770 -238
 7982 0
 7377 238
 0 476


