# Created by Octave 3.8.2, Sat Jun 20 12:46:39 2020 CEST <damian@fptrucha.inv.usc.es>
# name: hd
# type: matrix
# rows: 5
# columns: 2
 7460 -476
 4945 -238
 8369 0
 7950 238
 0 476


