# Created by Octave 3.8.2, Mon Jun 22 23:35:15 2020 CEST <damian@fptrucha.inv.usc.es>
# name: hd
# type: matrix
# rows: 5
# columns: 2
 7560 -476
 5039 -238
 8309 0
 7736 238
 0 476


