# Created by Octave 3.8.2, Mon Jun 22 07:57:10 2020 CEST <damian@fptrucha.inv.usc.es>
# name: hd
# type: matrix
# rows: 5
# columns: 2
 6849 -476
 4647 -238
 7382 0
 6760 238
 0 476


