# Created by Octave 3.8.2, Sat Jun 20 09:49:13 2020 CEST <damian@fptrucha.inv.usc.es>
# name: hd
# type: matrix
# rows: 5
# columns: 2
 7827 -476
 5437 -238
 8809 0
 8099 238
 0 476


