# Created by Octave 3.8.2, Sun Jun 21 04:25:11 2020 CEST <damian@fptrucha.inv.usc.es>
# name: hd
# type: matrix
# rows: 5
# columns: 2
 6802 -476
 4501 -238
 7474 0
 6910 238
 0 476


