# Created by Octave 3.8.2, Mon Jun 22 06:20:52 2020 CEST <damian@fptrucha.inv.usc.es>
# name: hd
# type: matrix
# rows: 5
# columns: 2
 6832 -476
 4423 -238
 7333 0
 6851 238
 0 476


