# Created by Octave 3.8.2, Sat Jun 20 17:36:09 2020 CEST <damian@fptrucha.inv.usc.es>
# name: hd
# type: matrix
# rows: 5
# columns: 2
 7079 -476
 4604 -238
 7833 0
 7373 238
 0 476


