# Created by Octave 3.8.2, Sat Jun 20 22:35:50 2020 CEST <damian@fptrucha.inv.usc.es>
# name: hd
# type: matrix
# rows: 5
# columns: 2
 4376 -476
 3040 -238
 4987 0
 4723 238
 0 476


