# Created by Octave 3.8.2, Mon Jun 22 02:27:44 2020 CEST <damian@fptrucha.inv.usc.es>
# name: hd
# type: matrix
# rows: 5
# columns: 2
 40 -476
 85 -238
 113 0
 198 238
 0 476


