# Created by Octave 3.8.2, Sun Jun 21 03:38:56 2020 CEST <damian@fptrucha.inv.usc.es>
# name: hd
# type: matrix
# rows: 5
# columns: 2
 6922 -476
 4699 -238
 7614 0
 7051 238
 0 476


