# Created by Octave 3.8.2, Mon Jun 22 03:14:31 2020 CEST <damian@fptrucha.inv.usc.es>
# name: hd
# type: matrix
# rows: 5
# columns: 2
 6668 -476
 4376 -238
 7311 0
 6818 238
 0 476


