# Created by Octave 3.8.2, Mon Jun 22 00:31:05 2020 CEST <damian@fptrucha.inv.usc.es>
# name: hd
# type: matrix
# rows: 5
# columns: 2
 6868 -476
 4598 -238
 7880 0
 7229 238
 0 476


