# Created by Octave 3.8.2, Sun Jun 21 04:15:34 2020 CEST <damian@fptrucha.inv.usc.es>
# name: hd
# type: matrix
# rows: 5
# columns: 2
 6758 -476
 4643 -238
 7537 0
 7023 238
 0 476


