# Created by Octave 3.8.2, Mon Jun 22 19:40:23 2020 CEST <damian@fptrucha.inv.usc.es>
# name: hd
# type: matrix
# rows: 5
# columns: 2
 7500 -476
 4835 -238
 8157 0
 7626 238
 0 476


