# Created by Octave 3.8.2, Sat Jun 20 07:39:02 2020 CEST <damian@fptrucha.inv.usc.es>
# name: hd
# type: matrix
# rows: 5
# columns: 2
 7822 -476
 5376 -238
 8758 0
 8346 238
 0 476


