# Created by Octave 3.8.2, Sat Jun 20 07:47:58 2020 CEST <damian@fptrucha.inv.usc.es>
# name: hd
# type: matrix
# rows: 5
# columns: 2
 7785 -476
 5402 -238
 8619 0
 8232 238
 0 476


