# Created by Octave 3.8.2, Sat Jun 20 04:18:43 2020 CEST <damian@fptrucha.inv.usc.es>
# name: hd
# type: matrix
# rows: 5
# columns: 2
 7697 -476
 5268 -238
 8777 0
 8061 238
 0 476


