# Created by Octave 3.8.2, Sun Jun 21 03:21:40 2020 CEST <damian@fptrucha.inv.usc.es>
# name: hd
# type: matrix
# rows: 5
# columns: 2
 6824 -476
 4600 -238
 7501 0
 7034 238
 0 476


