# Created by Octave 3.8.2, Sat Jun 20 13:33:26 2020 CEST <damian@fptrucha.inv.usc.es>
# name: hd
# type: matrix
# rows: 5
# columns: 2
 7407 -476
 4987 -238
 8392 0
 7796 238
 0 476


