# Created by Octave 3.8.2, Sun Jun 21 02:39:04 2020 CEST <damian@fptrucha.inv.usc.es>
# name: hd
# type: matrix
# rows: 5
# columns: 2
 6772 -476
 4446 -238
 7585 0
 7009 238
 0 476


