# Created by Octave 3.8.2, Mon Jun 22 05:35:10 2020 CEST <damian@fptrucha.inv.usc.es>
# name: hd
# type: matrix
# rows: 5
# columns: 2
 6566 -476
 4446 -238
 7135 0
 6747 238
 0 476


