# Created by Octave 3.8.2, Mon Jun 22 03:58:35 2020 CEST <damian@fptrucha.inv.usc.es>
# name: hd
# type: matrix
# rows: 5
# columns: 2
 6451 -476
 4432 -238
 6927 0
 6565 238
 0 476


