# Created by Octave 3.8.2, Sat Jun 20 15:06:53 2020 CEST <damian@fptrucha.inv.usc.es>
# name: hd
# type: matrix
# rows: 5
# columns: 2
 7213 -476
 4735 -238
 8163 0
 7439 238
 0 476


