# Created by Octave 3.8.2, Mon Jun 22 14:33:11 2020 CEST <damian@fptrucha.inv.usc.es>
# name: hd
# type: matrix
# rows: 5
# columns: 2
 7201 -476
 4698 -238
 7813 0
 7221 238
 0 476


