# Created by Octave 3.8.2, Sun Jun 21 02:52:50 2020 CEST <damian@fptrucha.inv.usc.es>
# name: hd
# type: matrix
# rows: 5
# columns: 2
 6827 -476
 4479 -238
 7534 0
 7039 238
 0 476


