# Created by Octave 3.8.2, Sat Jun 20 13:20:53 2020 CEST <damian@fptrucha.inv.usc.es>
# name: hd
# type: matrix
# rows: 5
# columns: 2
 7496 -476
 5177 -238
 8338 0
 7842 238
 0 476


