# Created by Octave 3.8.2, Sat Jun 20 14:04:38 2020 CEST <damian@fptrucha.inv.usc.es>
# name: hd
# type: matrix
# rows: 5
# columns: 2
 7469 -476
 5044 -238
 8175 0
 7627 238
 0 476


