# Created by Octave 3.8.2, Sun Jun 21 00:10:37 2020 CEST <damian@fptrucha.inv.usc.es>
# name: hd
# type: matrix
# rows: 5
# columns: 2
 4391 -476
 2972 -238
 5056 0
 4537 238
 0 476


