# Created by Octave 3.8.2, Sat Jun 20 08:03:37 2020 CEST <damian@fptrucha.inv.usc.es>
# name: hd
# type: matrix
# rows: 5
# columns: 2
 7920 -476
 5351 -238
 8816 0
 8014 238
 0 476


