# Created by Octave 3.8.2, Mon Jun 22 09:49:44 2020 CEST <damian@fptrucha.inv.usc.es>
# name: hd
# type: matrix
# rows: 5
# columns: 2
 6929 -476
 4609 -238
 7491 0
 7050 238
 0 476


