# Created by Octave 3.8.2, Sun Jun 21 03:53:58 2020 CEST <damian@fptrucha.inv.usc.es>
# name: hd
# type: matrix
# rows: 5
# columns: 2
 6797 -476
 4659 -238
 7710 0
 7158 238
 0 476


