# Created by Octave 3.8.2, Mon Jun 22 00:45:06 2020 CEST <damian@fptrucha.inv.usc.es>
# name: hd
# type: matrix
# rows: 5
# columns: 2
 6780 -476
 4699 -238
 7716 0
 7147 238
 0 476


