# Created by Octave 3.8.2, Sat Jun 20 15:10:51 2020 CEST <damian@fptrucha.inv.usc.es>
# name: hd
# type: matrix
# rows: 5
# columns: 2
 7124 -476
 4748 -238
 8079 0
 7515 238
 0 476


