# Created by Octave 3.8.2, Sat Jun 20 22:55:17 2020 CEST <damian@fptrucha.inv.usc.es>
# name: hd
# type: matrix
# rows: 5
# columns: 2
 6884 -476
 4531 -238
 7553 0
 7078 238
 0 476


