# Created by Octave 3.8.2, Mon Jun 22 03:41:41 2020 CEST <damian@fptrucha.inv.usc.es>
# name: hd
# type: matrix
# rows: 5
# columns: 2
 6567 -476
 4401 -238
 7137 0
 6795 238
 0 476


