# Created by Octave 3.8.2, Sun Jun 21 05:38:16 2020 CEST <damian@fptrucha.inv.usc.es>
# name: hd
# type: matrix
# rows: 5
# columns: 2
 6722 -476
 4688 -238
 7699 0
 7262 238
 0 476


