# Created by Octave 3.8.2, Sat Jun 20 03:30:44 2020 CEST <damian@fptrucha.inv.usc.es>
# name: hd
# type: matrix
# rows: 5
# columns: 2
 7624 -476
 5010 -238
 8530 0
 7985 238
 0 476


