# Created by Octave 3.8.2, Mon Jun 22 23:21:18 2020 CEST <damian@fptrucha.inv.usc.es>
# name: hd
# type: matrix
# rows: 5
# columns: 2
 7556 -476
 5054 -238
 8231 0
 7790 238
 0 476


