# Created by Octave 3.8.2, Sat Jun 20 22:38:31 2020 CEST <damian@fptrucha.inv.usc.es>
# name: hd
# type: matrix
# rows: 5
# columns: 2
 6935 -476
 4670 -238
 8010 0
 6984 238
 0 476


