# Created by Octave 3.8.2, Mon Jun 22 01:45:36 2020 CEST <damian@fptrucha.inv.usc.es>
# name: hd
# type: matrix
# rows: 5
# columns: 2
 7182 -476
 4748 -238
 7845 0
 7469 238
 0 476


