# Created by Octave 3.8.2, Sun Jun 21 04:44:01 2020 CEST <damian@fptrucha.inv.usc.es>
# name: hd
# type: matrix
# rows: 5
# columns: 2
 6848 -476
 4531 -238
 7628 0
 7177 238
 0 476


