# Created by Octave 3.8.2, Mon Jun 22 16:33:21 2020 CEST <damian@fptrucha.inv.usc.es>
# name: hd
# type: matrix
# rows: 5
# columns: 2
 7242 -476
 4849 -238
 7881 0
 7463 238
 0 476


