# Created by Octave 3.8.2, Mon Jun 22 01:28:06 2020 CEST <damian@fptrucha.inv.usc.es>
# name: hd
# type: matrix
# rows: 5
# columns: 2
 6976 -476
 4637 -238
 7766 0
 7280 238
 0 476


