# Created by Octave 3.8.2, Sun Jun 21 01:20:57 2020 CEST <damian@fptrucha.inv.usc.es>
# name: hd
# type: matrix
# rows: 5
# columns: 2
 6866 -476
 4539 -238
 7615 0
 7127 238
 0 476


