# Created by Octave 3.8.2, Mon Jun 22 21:01:16 2020 CEST <damian@fptrucha.inv.usc.es>
# name: hd
# type: matrix
# rows: 5
# columns: 2
 7376 -476
 4918 -238
 8230 0
 7520 238
 0 476


