# Created by Octave 3.8.2, Sat Jun 20 12:23:16 2020 CEST <damian@fptrucha.inv.usc.es>
# name: hd
# type: matrix
# rows: 5
# columns: 2
 7531 -476
 5158 -238
 8620 0
 7890 238
 0 476


