# Created by Octave 3.8.2, Sat Jun 20 16:17:22 2020 CEST <damian@fptrucha.inv.usc.es>
# name: hd
# type: matrix
# rows: 5
# columns: 2
 7106 -476
 4734 -238
 7926 0
 7390 238
 0 476


