# Created by Octave 3.8.2, Mon Jun 22 22:33:11 2020 CEST <damian@fptrucha.inv.usc.es>
# name: hd
# type: matrix
# rows: 5
# columns: 2
 7566 -476
 4942 -238
 8401 0
 7908 238
 0 476


