# Created by Octave 3.8.2, Sun Jun 21 00:27:48 2020 CEST <damian@fptrucha.inv.usc.es>
# name: hd
# type: matrix
# rows: 5
# columns: 2
 6783 -476
 4541 -238
 7499 0
 7151 238
 0 476


