# Created by Octave 3.8.2, Sun Jun 21 06:09:54 2020 CEST <damian@fptrucha.inv.usc.es>
# name: hd
# type: matrix
# rows: 5
# columns: 2
 6888 -476
 4541 -238
 7689 0
 7133 238
 0 476


