# Created by Octave 3.8.2, Sun Jun 21 01:15:26 2020 CEST <damian@fptrucha.inv.usc.es>
# name: hd
# type: matrix
# rows: 5
# columns: 2
 6805 -476
 4476 -238
 7702 0
 6966 238
 0 476


