# Created by Octave 3.8.2, Mon Jun 22 15:45:16 2020 CEST <damian@fptrucha.inv.usc.es>
# name: hd
# type: matrix
# rows: 5
# columns: 2
 7339 -476
 4854 -238
 8070 0
 7514 238
 0 476


