# Created by Octave 3.8.2, Sat Jun 20 19:16:38 2020 CEST <damian@fptrucha.inv.usc.es>
# name: hd
# type: matrix
# rows: 5
# columns: 2
 6864 -476
 4647 -238
 7753 0
 7338 238
 0 476


