# Created by Octave 3.8.2, Mon Jun 22 03:43:34 2020 CEST <damian@fptrucha.inv.usc.es>
# name: hd
# type: matrix
# rows: 5
# columns: 2
 6520 -476
 4484 -238
 6984 0
 6766 238
 0 476


