# Created by Octave 3.8.2, Mon Jun 22 11:48:24 2020 CEST <damian@fptrucha.inv.usc.es>
# name: hd
# type: matrix
# rows: 5
# columns: 2
 6891 -476
 4713 -238
 7485 0
 7138 238
 0 476


