# Created by Octave 3.8.2, Sat Jun 20 16:13:23 2020 CEST <damian@fptrucha.inv.usc.es>
# name: hd
# type: matrix
# rows: 5
# columns: 2
 7140 -476
 4718 -238
 7901 0
 7440 238
 0 476


