# Created by Octave 3.8.2, Mon Jun 22 11:40:05 2020 CEST <damian@fptrucha.inv.usc.es>
# name: hd
# type: matrix
# rows: 5
# columns: 2
 7089 -476
 4687 -238
 7386 0
 7074 238
 0 476


