# Created by Octave 3.8.2, Mon Jun 22 14:06:47 2020 CEST <damian@fptrucha.inv.usc.es>
# name: hd
# type: matrix
# rows: 5
# columns: 2
 6935 -476
 4693 -238
 7885 0
 7318 238
 0 476


