# Created by Octave 3.8.2, Sun Jun 21 02:45:15 2020 CEST <damian@fptrucha.inv.usc.es>
# name: hd
# type: matrix
# rows: 5
# columns: 2
 6742 -476
 4539 -238
 7730 0
 7004 238
 0 476


