# Created by Octave 3.8.2, Mon Jun 22 18:37:18 2020 CEST <damian@fptrucha.inv.usc.es>
# name: hd
# type: matrix
# rows: 5
# columns: 2
 7254 -476
 4883 -238
 8117 0
 7532 238
 0 476


