# Created by Octave 3.8.2, Mon Jun 22 06:09:55 2020 CEST <damian@fptrucha.inv.usc.es>
# name: hd
# type: matrix
# rows: 5
# columns: 2
 6673 -476
 4419 -238
 7224 0
 6834 238
 0 476


