# Created by Octave 3.8.2, Tue Jun 23 00:02:11 2020 CEST <damian@fptrucha.inv.usc.es>
# name: hd
# type: matrix
# rows: 5
# columns: 2
 7600 -476
 4963 -238
 8338 0
 7724 238
 0 476


