# Created by Octave 3.8.2, Sat Jun 20 11:02:45 2020 CEST <damian@fptrucha.inv.usc.es>
# name: hd
# type: matrix
# rows: 5
# columns: 2
 7785 -476
 4999 -238
 8792 0
 8071 238
 0 476


