# Created by Octave 3.8.2, Sun Jun 21 00:11:39 2020 CEST <damian@fptrucha.inv.usc.es>
# name: hd
# type: matrix
# rows: 5
# columns: 2
 6641 -476
 4414 -238
 7704 0
 7205 238
 0 476


