# Created by Octave 3.8.2, Sat Jun 20 20:19:56 2020 CEST <damian@fptrucha.inv.usc.es>
# name: hd
# type: matrix
# rows: 5
# columns: 2
 6987 -476
 4721 -238
 7840 0
 7356 238
 0 476


