# Created by Octave 3.8.2, Sat Jun 20 21:02:24 2020 CEST <damian@fptrucha.inv.usc.es>
# name: hd
# type: matrix
# rows: 5
# columns: 2
 6809 -476
 4474 -238
 7751 0
 7022 238
 0 476


