# Created by Octave 3.8.2, Sat Jun 20 18:46:24 2020 CEST <damian@fptrucha.inv.usc.es>
# name: hd
# type: matrix
# rows: 5
# columns: 2
 7081 -476
 4657 -238
 7850 0
 7144 238
 0 476


