# Created by Octave 3.8.2, Sat Jun 20 23:18:21 2020 CEST <damian@fptrucha.inv.usc.es>
# name: hd
# type: matrix
# rows: 5
# columns: 2
 6673 -476
 4434 -238
 7508 0
 7043 238
 0 476


