# Created by Octave 3.8.2, Mon Jun 22 12:41:58 2020 CEST <damian@fptrucha.inv.usc.es>
# name: hd
# type: matrix
# rows: 5
# columns: 2
 7088 -476
 4810 -238
 7752 0
 7252 238
 0 476


