# Created by Octave 3.8.2, Sat Jun 20 02:22:48 2020 CEST <damian@fptrucha.inv.usc.es>
# name: hd
# type: matrix
# rows: 5
# columns: 2
 4974 -476
 3290 -238
 5439 0
 5083 238
 0 476


