# Created by Octave 3.8.2, Mon Jun 22 10:13:23 2020 CEST <damian@fptrucha.inv.usc.es>
# name: hd
# type: matrix
# rows: 5
# columns: 2
 6948 -476
 4682 -238
 7709 0
 7156 238
 0 476


