# Created by Octave 3.8.2, Mon Jun 22 13:06:46 2020 CEST <damian@fptrucha.inv.usc.es>
# name: hd
# type: matrix
# rows: 5
# columns: 2
 7150 -476
 4775 -238
 7774 0
 7283 238
 0 476


