# Created by Octave 3.8.2, Mon Jun 22 16:38:30 2020 CEST <damian@fptrucha.inv.usc.es>
# name: hd
# type: matrix
# rows: 5
# columns: 2
 7219 -476
 4843 -238
 7923 0
 7320 238
 0 476


