# Created by Octave 3.8.2, Sun Jun 21 00:24:35 2020 CEST <damian@fptrucha.inv.usc.es>
# name: hd
# type: matrix
# rows: 5
# columns: 2
 6788 -476
 4475 -238
 7669 0
 6925 238
 0 476


