# Created by Octave 3.8.2, Mon Jun 22 02:21:51 2020 CEST <damian@fptrucha.inv.usc.es>
# name: hd
# type: matrix
# rows: 5
# columns: 2
 6705 -476
 4622 -238
 7470 0
 7038 238
 0 476


