# Created by Octave 3.8.2, Sat Jun 20 14:01:52 2020 CEST <damian@fptrucha.inv.usc.es>
# name: hd
# type: matrix
# rows: 5
# columns: 2
 7270 -476
 5026 -238
 8292 0
 7772 238
 0 476


