# Created by Octave 3.8.2, Mon Jun 22 01:05:12 2020 CEST <damian@fptrucha.inv.usc.es>
# name: hd
# type: matrix
# rows: 5
# columns: 2
 7045 -476
 4758 -238
 7728 0
 7321 238
 0 476


