# Created by Octave 3.8.2, Mon Jun 22 12:15:53 2020 CEST <damian@fptrucha.inv.usc.es>
# name: hd
# type: matrix
# rows: 5
# columns: 2
 6937 -476
 4615 -238
 7654 0
 7171 238
 0 476


