# Created by Octave 3.8.2, Sat Jun 20 08:40:03 2020 CEST <damian@fptrucha.inv.usc.es>
# name: hd
# type: matrix
# rows: 5
# columns: 2
 7979 -476
 5382 -238
 8936 0
 8588 238
 0 476


