# Created by Octave 3.8.2, Sat Jun 20 18:41:11 2020 CEST <damian@fptrucha.inv.usc.es>
# name: hd
# type: matrix
# rows: 5
# columns: 2
 6838 -476
 4498 -238
 7744 0
 7263 238
 0 476


