# Created by Octave 3.8.2, Sun Jun 21 07:27:43 2020 CEST <damian@fptrucha.inv.usc.es>
# name: hd
# type: matrix
# rows: 5
# columns: 2
 6776 -476
 4494 -238
 7726 0
 7036 238
 0 476


