# Created by Octave 3.8.2, Sat Jun 20 02:57:54 2020 CEST <damian@fptrucha.inv.usc.es>
# name: hd
# type: matrix
# rows: 5
# columns: 2
 7502 -476
 5025 -238
 8464 0
 8058 238
 0 476


