# Created by Octave 3.8.2, Mon Jun 22 10:17:36 2020 CEST <damian@fptrucha.inv.usc.es>
# name: hd
# type: matrix
# rows: 5
# columns: 2
 6922 -476
 4609 -238
 7740 0
 6980 238
 0 476


