# Created by Octave 3.8.2, Sat Jun 20 12:26:11 2020 CEST <damian@fptrucha.inv.usc.es>
# name: hd
# type: matrix
# rows: 5
# columns: 2
 7625 -476
 5126 -238
 8566 0
 7849 238
 0 476


