# Created by Octave 3.8.2, Mon Jun 22 16:21:09 2020 CEST <damian@fptrucha.inv.usc.es>
# name: hd
# type: matrix
# rows: 5
# columns: 2
 7175 -476
 4823 -238
 7803 0
 7476 238
 0 476


