# Created by Octave 3.8.2, Mon Jun 22 08:21:32 2020 CEST <damian@fptrucha.inv.usc.es>
# name: hd
# type: matrix
# rows: 5
# columns: 2
 6799 -476
 4619 -238
 7389 0
 7057 238
 0 476


