# Created by Octave 3.8.2, Sat Jun 20 13:18:08 2020 CEST <damian@fptrucha.inv.usc.es>
# name: hd
# type: matrix
# rows: 5
# columns: 2
 4853 -476
 3328 -238
 5455 0
 5119 238
 0 476


