# Created by Octave 3.8.2, Sat Jun 20 20:06:10 2020 CEST <damian@fptrucha.inv.usc.es>
# name: hd
# type: matrix
# rows: 5
# columns: 2
 6905 -476
 4680 -238
 7894 0
 7208 238
 0 476


