# Created by Octave 3.8.2, Sat Jun 20 03:27:56 2020 CEST <damian@fptrucha.inv.usc.es>
# name: hd
# type: matrix
# rows: 5
# columns: 2
 7534 -476
 4951 -238
 8510 0
 7976 238
 0 476


