# Created by Octave 3.8.2, Mon Jun 22 11:54:18 2020 CEST <damian@fptrucha.inv.usc.es>
# name: hd
# type: matrix
# rows: 5
# columns: 2
 6829 -476
 4711 -238
 7474 0
 7089 238
 0 476


