# Created by Octave 3.8.2, Sat Jun 20 02:24:10 2020 CEST <damian@fptrucha.inv.usc.es>
# name: hd
# type: matrix
# rows: 5
# columns: 2
 7681 -476
 4976 -238
 8527 0
 7850 238
 0 476


