# Created by Octave 3.8.2, Sat Jun 20 05:18:22 2020 CEST <damian@fptrucha.inv.usc.es>
# name: hd
# type: matrix
# rows: 5
# columns: 2
 7791 -476
 5131 -238
 8517 0
 8002 238
 0 476


