# Created by Octave 3.8.2, Sat Jun 20 06:18:00 2020 CEST <damian@fptrucha.inv.usc.es>
# name: hd
# type: matrix
# rows: 5
# columns: 2
 7944 -476
 5298 -238
 8784 0
 8120 238
 0 476


