# Created by Octave 3.8.2, Mon Jun 22 03:25:44 2020 CEST <damian@fptrucha.inv.usc.es>
# name: hd
# type: matrix
# rows: 5
# columns: 2
 6742 -476
 4326 -238
 7002 0
 6720 238
 0 476


