# Created by Octave 3.8.2, Sun Jun 21 04:32:01 2020 CEST <damian@fptrucha.inv.usc.es>
# name: hd
# type: matrix
# rows: 5
# columns: 2
 6602 -476
 4568 -238
 7668 0
 6863 238
 0 476


