# Created by Octave 3.8.2, Mon Jun 22 13:40:49 2020 CEST <damian@fptrucha.inv.usc.es>
# name: hd
# type: matrix
# rows: 5
# columns: 2
 7254 -476
 4739 -238
 7778 0
 7173 238
 0 476


