# Created by Octave 3.8.2, Mon Jun 22 02:27:57 2020 CEST <damian@fptrucha.inv.usc.es>
# name: hd
# type: matrix
# rows: 5
# columns: 2
 20 -476
 53 -238
 83 0
 96 238
 0 476


