# Created by Octave 3.8.2, Mon Jun 22 06:57:03 2020 CEST <damian@fptrucha.inv.usc.es>
# name: hd
# type: matrix
# rows: 5
# columns: 2
 6753 -476
 4455 -238
 7230 0
 6779 238
 0 476


