# Created by Octave 3.8.2, Sat Jun 20 19:51:09 2020 CEST <damian@fptrucha.inv.usc.es>
# name: hd
# type: matrix
# rows: 5
# columns: 2
 6833 -476
 4643 -238
 7661 0
 7082 238
 0 476


