# Created by Octave 3.8.2, Mon Jun 22 20:46:27 2020 CEST <damian@fptrucha.inv.usc.es>
# name: hd
# type: matrix
# rows: 5
# columns: 2
 7334 -476
 4950 -238
 8063 0
 7771 238
 0 476


