# Created by Octave 3.8.2, Sun Jun 21 04:29:49 2020 CEST <damian@fptrucha.inv.usc.es>
# name: hd
# type: matrix
# rows: 5
# columns: 2
 6832 -476
 4597 -238
 7756 0
 7152 238
 0 476


