# Created by Octave 3.8.2, Mon Jun 22 00:37:13 2020 CEST <damian@fptrucha.inv.usc.es>
# name: hd
# type: matrix
# rows: 5
# columns: 2
 6797 -476
 4752 -238
 7761 0
 7145 238
 0 476


