# Created by Octave 3.8.2, Sat Jun 20 08:02:07 2020 CEST <damian@fptrucha.inv.usc.es>
# name: hd
# type: matrix
# rows: 5
# columns: 2
 7832 -476
 5229 -238
 8878 0
 8087 238
 0 476


