# Created by Octave 3.8.2, Sun Jun 21 00:21:21 2020 CEST <damian@fptrucha.inv.usc.es>
# name: hd
# type: matrix
# rows: 5
# columns: 2
 6669 -476
 4497 -238
 7705 0
 7114 238
 0 476


