# Created by Octave 3.8.2, Sun Jun 21 02:29:11 2020 CEST <damian@fptrucha.inv.usc.es>
# name: hd
# type: matrix
# rows: 5
# columns: 2
 6838 -476
 4725 -238
 7762 0
 7135 238
 0 476


