# Created by Octave 3.8.2, Mon Jun 22 04:13:22 2020 CEST <damian@fptrucha.inv.usc.es>
# name: hd
# type: matrix
# rows: 5
# columns: 2
 6461 -476
 4432 -238
 6983 0
 6416 238
 0 476


