# Created by Octave 3.8.2, Sun Jun 21 01:26:20 2020 CEST <damian@fptrucha.inv.usc.es>
# name: hd
# type: matrix
# rows: 5
# columns: 2
 6667 -476
 4393 -238
 7558 0
 7059 238
 0 476


