# Created by Octave 3.8.2, Mon Jun 22 09:21:16 2020 CEST <damian@fptrucha.inv.usc.es>
# name: hd
# type: matrix
# rows: 5
# columns: 2
 6857 -476
 4589 -238
 7504 0
 6955 238
 0 476


