# Created by Octave 3.8.2, Mon Jun 22 07:51:04 2020 CEST <damian@fptrucha.inv.usc.es>
# name: hd
# type: matrix
# rows: 5
# columns: 2
 4477 -476
 2939 -238
 4930 0
 4442 238
 0 476


