# Created by Octave 3.8.2, Mon Jun 22 10:03:47 2020 CEST <damian@fptrucha.inv.usc.es>
# name: hd
# type: matrix
# rows: 5
# columns: 2
 6920 -476
 4622 -238
 7647 0
 7213 238
 0 476


