# Created by Octave 3.8.2, Sun Jun 21 00:58:27 2020 CEST <damian@fptrucha.inv.usc.es>
# name: hd
# type: matrix
# rows: 5
# columns: 2
 6709 -476
 4630 -238
 7411 0
 7005 238
 0 476


