# Created by Octave 3.8.2, Sun Jun 21 03:35:39 2020 CEST <damian@fptrucha.inv.usc.es>
# name: hd
# type: matrix
# rows: 5
# columns: 2
 6572 -476
 4546 -238
 7585 0
 7138 238
 0 476


