# Created by Octave 3.8.2, Sat Jun 20 16:31:26 2020 CEST <damian@fptrucha.inv.usc.es>
# name: hd
# type: matrix
# rows: 5
# columns: 2
 7079 -476
 4774 -238
 7967 0
 7553 238
 0 476


