# Created by Octave 3.8.2, Sat Jun 20 17:59:02 2020 CEST <damian@fptrucha.inv.usc.es>
# name: hd
# type: matrix
# rows: 5
# columns: 2
 6942 -476
 4583 -238
 7831 0
 7118 238
 0 476


