# Created by Octave 3.8.2, Mon Jun 22 08:20:29 2020 CEST <damian@fptrucha.inv.usc.es>
# name: hd
# type: matrix
# rows: 5
# columns: 2
 6837 -476
 4621 -238
 7427 0
 6807 238
 0 476


