# Created by Octave 3.8.2, Sat Jun 20 05:52:19 2020 CEST <damian@fptrucha.inv.usc.es>
# name: hd
# type: matrix
# rows: 5
# columns: 2
 7862 -476
 5189 -238
 8859 0
 8229 238
 0 476


