# Created by Octave 3.8.2, Mon Jun 22 04:28:09 2020 CEST <damian@fptrucha.inv.usc.es>
# name: hd
# type: matrix
# rows: 5
# columns: 2
 6250 -476
 4227 -238
 6763 0
 6665 238
 0 476


