# Created by Octave 3.8.2, Sat Jun 20 08:45:23 2020 CEST <damian@fptrucha.inv.usc.es>
# name: hd
# type: matrix
# rows: 5
# columns: 2
 8050 -476
 5408 -238
 8934 0
 8495 238
 0 476


