# Created by Octave 3.8.2, Mon Jun 22 22:53:07 2020 CEST <damian@fptrucha.inv.usc.es>
# name: hd
# type: matrix
# rows: 5
# columns: 2
 7581 -476
 5041 -238
 8201 0
 8087 238
 0 476


