# Created by Octave 3.8.2, Sat Jun 20 07:24:30 2020 CEST <damian@fptrucha.inv.usc.es>
# name: hd
# type: matrix
# rows: 5
# columns: 2
 7773 -476
 5298 -238
 8681 0
 8198 238
 0 476


