# Created by Octave 3.8.2, Sat Jun 20 16:03:14 2020 CEST <damian@fptrucha.inv.usc.es>
# name: hd
# type: matrix
# rows: 5
# columns: 2
 6934 -476
 4834 -238
 7989 0
 7315 238
 0 476


