# Created by Octave 3.8.2, Mon Jun 22 00:32:10 2020 CEST <damian@fptrucha.inv.usc.es>
# name: hd
# type: matrix
# rows: 5
# columns: 2
 6861 -476
 4683 -238
 7741 0
 7365 238
 0 476


