# Created by Octave 3.8.2, Mon Jun 22 12:56:32 2020 CEST <damian@fptrucha.inv.usc.es>
# name: hd
# type: matrix
# rows: 5
# columns: 2
 7063 -476
 4721 -238
 7816 0
 7214 238
 0 476


