# Created by Octave 3.8.2, Mon Jun 22 21:09:32 2020 CEST <damian@fptrucha.inv.usc.es>
# name: hd
# type: matrix
# rows: 5
# columns: 2
 7657 -476
 4900 -238
 8101 0
 7858 238
 0 476


