# Created by Octave 3.8.2, Sun Jun 21 04:17:53 2020 CEST <damian@fptrucha.inv.usc.es>
# name: hd
# type: matrix
# rows: 5
# columns: 2
 6767 -476
 4509 -238
 7650 0
 7021 238
 0 476


