# Created by Octave 3.8.2, Mon Jun 22 18:26:24 2020 CEST <damian@fptrucha.inv.usc.es>
# name: hd
# type: matrix
# rows: 5
# columns: 2
 7451 -476
 4909 -238
 8054 0
 7510 238
 0 476


