# Created by Octave 3.8.2, Sat Jun 20 02:59:20 2020 CEST <damian@fptrucha.inv.usc.es>
# name: hd
# type: matrix
# rows: 5
# columns: 2
 7562 -476
 5056 -238
 8399 0
 7943 238
 0 476


