# Created by Octave 3.8.2, Sun Jun 21 06:24:06 2020 CEST <damian@fptrucha.inv.usc.es>
# name: hd
# type: matrix
# rows: 5
# columns: 2
 6715 -476
 4424 -238
 7388 0
 6980 238
 0 476


