# Created by Octave 3.8.2, Sat Jun 20 03:00:43 2020 CEST <damian@fptrucha.inv.usc.es>
# name: hd
# type: matrix
# rows: 5
# columns: 2
 7544 -476
 5016 -238
 8492 0
 7974 238
 0 476


