# Created by Octave 3.8.2, Sat Jun 20 11:15:06 2020 CEST <damian@fptrucha.inv.usc.es>
# name: hd
# type: matrix
# rows: 5
# columns: 2
 5080 -476
 3404 -238
 5652 0
 5289 238
 0 476


