# Created by Octave 3.8.2, Mon Jun 22 21:14:17 2020 CEST <damian@fptrucha.inv.usc.es>
# name: hd
# type: matrix
# rows: 5
# columns: 2
 7440 -476
 5132 -238
 8151 0
 7751 238
 0 476


