# Created by Octave 3.8.2, Sat Jun 20 20:23:50 2020 CEST <damian@fptrucha.inv.usc.es>
# name: hd
# type: matrix
# rows: 5
# columns: 2
 6985 -476
 4573 -238
 7807 0
 7281 238
 0 476


