# Created by Octave 3.8.2, Mon Jun 22 16:23:23 2020 CEST <damian@fptrucha.inv.usc.es>
# name: hd
# type: matrix
# rows: 5
# columns: 2
 7325 -476
 4853 -238
 7951 0
 7565 238
 0 476


