# Created by Octave 3.8.2, Mon Jun 22 17:06:05 2020 CEST <damian@fptrucha.inv.usc.es>
# name: hd
# type: matrix
# rows: 5
# columns: 2
 7147 -476
 4879 -238
 7966 0
 7535 238
 0 476


