# Created by Octave 3.8.2, Sat Jun 20 22:47:30 2020 CEST <damian@fptrucha.inv.usc.es>
# name: hd
# type: matrix
# rows: 5
# columns: 2
 6765 -476
 4723 -238
 7742 0
 7147 238
 0 476


