# Created by Octave 3.8.2, Sat Jun 20 15:32:58 2020 CEST <damian@fptrucha.inv.usc.es>
# name: hd
# type: matrix
# rows: 5
# columns: 2
 7133 -476
 4825 -238
 7999 0
 7588 238
 0 476


