# Created by Octave 3.8.2, Mon Jun 22 13:48:58 2020 CEST <damian@fptrucha.inv.usc.es>
# name: hd
# type: matrix
# rows: 5
# columns: 2
 7020 -476
 4751 -238
 7814 0
 7282 238
 0 476


