# Created by Octave 3.8.2, Sun Jun 21 04:47:22 2020 CEST <damian@fptrucha.inv.usc.es>
# name: hd
# type: matrix
# rows: 5
# columns: 2
 6859 -476
 4665 -238
 7662 0
 7143 238
 0 476


