# Created by Octave 3.8.2, Sat Jun 20 18:00:20 2020 CEST <damian@fptrucha.inv.usc.es>
# name: hd
# type: matrix
# rows: 5
# columns: 2
 6997 -476
 4604 -238
 7840 0
 7265 238
 0 476


