# Created by Octave 3.8.2, Mon Jun 22 00:21:57 2020 CEST <damian@fptrucha.inv.usc.es>
# name: hd
# type: matrix
# rows: 5
# columns: 2
 6794 -476
 4535 -238
 7720 0
 7038 238
 0 476


