# Created by Octave 3.8.2, Mon Jun 22 20:17:47 2020 CEST <damian@fptrucha.inv.usc.es>
# name: hd
# type: matrix
# rows: 5
# columns: 2
 4838 -476
 3295 -238
 5286 0
 5141 238
 0 476


