# Created by Octave 3.8.2, Mon Jun 22 04:00:29 2020 CEST <damian@fptrucha.inv.usc.es>
# name: hd
# type: matrix
# rows: 5
# columns: 2
 6414 -476
 4342 -238
 6890 0
 6627 238
 0 476


