# Created by Octave 3.8.2, Mon Jun 22 19:10:10 2020 CEST <damian@fptrucha.inv.usc.es>
# name: hd
# type: matrix
# rows: 5
# columns: 2
 7382 -476
 4899 -238
 8062 0
 7648 238
 0 476


