# Created by Octave 3.8.2, Sat Jun 20 21:54:59 2020 CEST <damian@fptrucha.inv.usc.es>
# name: hd
# type: matrix
# rows: 5
# columns: 2
 6857 -476
 4615 -238
 7717 0
 7023 238
 0 476


