# Created by Octave 3.8.2, Sat Jun 20 10:44:33 2020 CEST <damian@fptrucha.inv.usc.es>
# name: hd
# type: matrix
# rows: 5
# columns: 2
 7580 -476
 5209 -238
 8849 0
 7991 238
 0 476


