# Created by Octave 3.8.2, Mon Jun 22 12:52:18 2020 CEST <damian@fptrucha.inv.usc.es>
# name: hd
# type: matrix
# rows: 5
# columns: 2
 7184 -476
 4774 -238
 7817 0
 7267 238
 0 476


