# Created by Octave 3.8.2, Sun Jun 21 02:26:56 2020 CEST <damian@fptrucha.inv.usc.es>
# name: hd
# type: matrix
# rows: 5
# columns: 2
 6856 -476
 4673 -238
 7505 0
 7058 238
 0 476


