# Created by Octave 3.8.2, Mon Jun 22 17:18:02 2020 CEST <damian@fptrucha.inv.usc.es>
# name: hd
# type: matrix
# rows: 5
# columns: 2
 7354 -476
 4834 -238
 8014 0
 7476 238
 0 476


