# Created by Octave 3.8.2, Mon Jun 22 04:29:57 2020 CEST <damian@fptrucha.inv.usc.es>
# name: hd
# type: matrix
# rows: 5
# columns: 2
 6436 -476
 4306 -238
 6876 0
 6354 238
 0 476


