# Created by Octave 3.8.2, Mon Jun 22 08:32:29 2020 CEST <damian@fptrucha.inv.usc.es>
# name: hd
# type: matrix
# rows: 5
# columns: 2
 6821 -476
 4479 -238
 7563 0
 6948 238
 0 476


