# Created by Octave 3.8.2, Sun Jun 21 03:27:50 2020 CEST <damian@fptrucha.inv.usc.es>
# name: hd
# type: matrix
# rows: 5
# columns: 2
 6929 -476
 4551 -238
 7777 0
 7151 238
 0 476


