# Created by Octave 3.8.2, Sat Jun 20 11:12:47 2020 CEST <damian@fptrucha.inv.usc.es>
# name: hd
# type: matrix
# rows: 5
# columns: 2
 7734 -476
 5282 -238
 8646 0
 8091 238
 0 476


