# Created by Octave 3.8.2, Sat Jun 20 14:00:31 2020 CEST <damian@fptrucha.inv.usc.es>
# name: hd
# type: matrix
# rows: 5
# columns: 2
 7441 -476
 4962 -238
 8165 0
 7575 238
 0 476


