# Created by Octave 3.8.2, Mon Jun 22 09:37:29 2020 CEST <damian@fptrucha.inv.usc.es>
# name: hd
# type: matrix
# rows: 5
# columns: 2
 6815 -476
 4480 -238
 7419 0
 7172 238
 0 476


