# Created by Octave 3.8.2, Sat Jun 20 10:41:45 2020 CEST <damian@fptrucha.inv.usc.es>
# name: hd
# type: matrix
# rows: 5
# columns: 2
 7874 -476
 5296 -238
 8792 0
 8241 238
 0 476


