# Created by Octave 3.8.2, Mon Jun 22 14:46:53 2020 CEST <damian@fptrucha.inv.usc.es>
# name: hd
# type: matrix
# rows: 5
# columns: 2
 7254 -476
 4786 -238
 7921 0
 7286 238
 0 476


