# Created by Octave 3.8.2, Sat Jun 20 11:22:13 2020 CEST <damian@fptrucha.inv.usc.es>
# name: hd
# type: matrix
# rows: 5
# columns: 2
 7847 -476
 5223 -238
 8498 0
 7992 238
 0 476


