# Created by Octave 3.8.2, Mon Jun 22 14:39:41 2020 CEST <damian@fptrucha.inv.usc.es>
# name: hd
# type: matrix
# rows: 5
# columns: 2
 7113 -476
 4742 -238
 7823 0
 7243 238
 0 476


