# Created by Octave 3.8.2, Mon Jun 22 06:49:11 2020 CEST <damian@fptrucha.inv.usc.es>
# name: hd
# type: matrix
# rows: 5
# columns: 2
 6756 -476
 4417 -238
 7126 0
 6826 238
 0 476


