# Created by Octave 3.8.2, Mon Jun 22 21:36:16 2020 CEST <damian@fptrucha.inv.usc.es>
# name: hd
# type: matrix
# rows: 5
# columns: 2
 7544 -476
 5122 -238
 8233 0
 7820 238
 0 476


