# Created by Octave 3.8.2, Sat Jun 20 15:13:34 2020 CEST <damian@fptrucha.inv.usc.es>
# name: hd
# type: matrix
# rows: 5
# columns: 2
 7328 -476
 4752 -238
 8053 0
 7590 238
 0 476


