# Created by Octave 3.8.2, Sat Jun 20 08:51:16 2020 CEST <damian@fptrucha.inv.usc.es>
# name: hd
# type: matrix
# rows: 5
# columns: 2
 8075 -476
 5337 -238
 8919 0
 8162 238
 0 476


