# Created by Octave 3.8.2, Sat Jun 20 17:44:40 2020 CEST <damian@fptrucha.inv.usc.es>
# name: hd
# type: matrix
# rows: 5
# columns: 2
 6933 -476
 4669 -238
 7761 0
 7320 238
 0 476


