# Created by Octave 3.8.2, Mon Jun 22 01:26:03 2020 CEST <damian@fptrucha.inv.usc.es>
# name: hd
# type: matrix
# rows: 5
# columns: 2
 6781 -476
 4530 -238
 7852 0
 7037 238
 0 476


