# Created by Octave 3.8.2, Sat Jun 20 07:56:10 2020 CEST <damian@fptrucha.inv.usc.es>
# name: hd
# type: matrix
# rows: 5
# columns: 2
 8111 -476
 5247 -238
 8841 0
 8212 238
 0 476


