# Created by Octave 3.8.2, Mon Jun 22 11:51:08 2020 CEST <damian@fptrucha.inv.usc.es>
# name: hd
# type: matrix
# rows: 5
# columns: 2
 4626 -476
 3094 -238
 5043 0
 4655 238
 0 476


