# Created by Octave 3.8.2, Sat Jun 20 05:03:10 2020 CEST <damian@fptrucha.inv.usc.es>
# name: hd
# type: matrix
# rows: 5
# columns: 2
 7596 -476
 5049 -238
 8634 0
 7955 238
 0 476


