# Created by Octave 3.8.2, Mon Jun 22 06:43:06 2020 CEST <damian@fptrucha.inv.usc.es>
# name: hd
# type: matrix
# rows: 5
# columns: 2
 6677 -476
 4296 -238
 7162 0
 6805 238
 0 476


