# Created by Octave 3.8.2, Sun Jun 21 07:43:28 2020 CEST <damian@fptrucha.inv.usc.es>
# name: hd
# type: matrix
# rows: 5
# columns: 2
 7215 -476
 4830 -238
 7898 0
 7462 238
 0 476


