# Created by Octave 3.8.2, Sat Jun 20 13:13:06 2020 CEST <damian@fptrucha.inv.usc.es>
# name: hd
# type: matrix
# rows: 5
# columns: 2
 7654 -476
 4917 -238
 8234 0
 7864 238
 0 476


