# Created by Octave 3.8.2, Sat Jun 20 16:04:35 2020 CEST <damian@fptrucha.inv.usc.es>
# name: hd
# type: matrix
# rows: 5
# columns: 2
 7139 -476
 4770 -238
 8141 0
 7378 238
 0 476


