# Created by Octave 3.8.2, Sat Jun 20 03:06:10 2020 CEST <damian@fptrucha.inv.usc.es>
# name: hd
# type: matrix
# rows: 5
# columns: 2
 7580 -476
 5029 -238
 8553 0
 7879 238
 0 476


