# Created by Octave 3.8.2, Sat Jun 20 07:07:36 2020 CEST <damian@fptrucha.inv.usc.es>
# name: hd
# type: matrix
# rows: 5
# columns: 2
 7927 -476
 5181 -238
 8824 0
 8189 238
 0 476


