# Created by Octave 3.8.2, Sun Jun 21 06:25:11 2020 CEST <damian@fptrucha.inv.usc.es>
# name: hd
# type: matrix
# rows: 5
# columns: 2
 6611 -476
 4457 -238
 7707 0
 6923 238
 0 476


