# Created by Octave 3.8.2, Sun Jun 21 02:15:11 2020 CEST <damian@fptrucha.inv.usc.es>
# name: hd
# type: matrix
# rows: 5
# columns: 2
 6608 -476
 4434 -238
 7583 0
 7106 238
 0 476


