# Created by Octave 3.8.2, Sat Jun 20 10:10:27 2020 CEST <damian@fptrucha.inv.usc.es>
# name: hd
# type: matrix
# rows: 5
# columns: 2
 7736 -476
 5298 -238
 8511 0
 8077 238
 0 476


