# Created by Octave 3.8.2, Mon Jun 22 04:06:48 2020 CEST <damian@fptrucha.inv.usc.es>
# name: hd
# type: matrix
# rows: 5
# columns: 2
 4291 -476
 2856 -238
 4468 0
 4466 238
 0 476


