# Created by Octave 3.8.2, Sat Jun 20 16:51:57 2020 CEST <damian@fptrucha.inv.usc.es>
# name: hd
# type: matrix
# rows: 5
# columns: 2
 4697 -476
 3100 -238
 5204 0
 4700 238
 0 476


