# Created by Octave 3.8.2, Mon Jun 22 09:36:27 2020 CEST <damian@fptrucha.inv.usc.es>
# name: hd
# type: matrix
# rows: 5
# columns: 2
 6833 -476
 4594 -238
 7550 0
 7183 238
 0 476


