# Created by Octave 3.8.2, Sat Jun 20 11:35:03 2020 CEST <damian@fptrucha.inv.usc.es>
# name: hd
# type: matrix
# rows: 5
# columns: 2
 7648 -476
 5082 -238
 8627 0
 7838 238
 0 476


