# Created by Octave 3.8.2, Mon Jun 22 01:40:19 2020 CEST <damian@fptrucha.inv.usc.es>
# name: hd
# type: matrix
# rows: 5
# columns: 2
 7123 -476
 4873 -238
 8008 0
 7462 238
 0 476


