# Created by Octave 3.8.2, Mon Jun 22 10:11:18 2020 CEST <damian@fptrucha.inv.usc.es>
# name: hd
# type: matrix
# rows: 5
# columns: 2
 7017 -476
 4744 -238
 7466 0
 7194 238
 0 476


