# Created by Octave 3.8.2, Mon Jun 22 05:31:16 2020 CEST <damian@fptrucha.inv.usc.es>
# name: hd
# type: matrix
# rows: 5
# columns: 2
 6643 -476
 4343 -238
 7137 0
 6658 238
 0 476


