# Created by Octave 3.8.2, Sat Jun 20 17:56:27 2020 CEST <damian@fptrucha.inv.usc.es>
# name: hd
# type: matrix
# rows: 5
# columns: 2
 7106 -476
 4607 -238
 7849 0
 7257 238
 0 476


