# Created by Octave 3.8.2, Mon Jun 22 19:05:35 2020 CEST <damian@fptrucha.inv.usc.es>
# name: hd
# type: matrix
# rows: 5
# columns: 2
 7391 -476
 5072 -238
 8062 0
 7573 238
 0 476


