# Created by Octave 3.8.2, Sat Jun 20 19:06:45 2020 CEST <damian@fptrucha.inv.usc.es>
# name: hd
# type: matrix
# rows: 5
# columns: 2
 6922 -476
 4650 -238
 7857 0
 7146 238
 0 476


