# Created by Octave 3.8.2, Sun Jun 21 06:34:14 2020 CEST <damian@fptrucha.inv.usc.es>
# name: hd
# type: matrix
# rows: 5
# columns: 2
 7056 -476
 4611 -238
 7921 0
 7338 238
 0 476


