# Created by Octave 3.8.2, Mon Jun 22 10:34:03 2020 CEST <damian@fptrucha.inv.usc.es>
# name: hd
# type: matrix
# rows: 5
# columns: 2
 6913 -476
 4619 -238
 7595 0
 7113 238
 0 476


