# Created by Octave 3.8.2, Mon Jun 22 08:03:26 2020 CEST <damian@fptrucha.inv.usc.es>
# name: hd
# type: matrix
# rows: 5
# columns: 2
 6887 -476
 4579 -238
 7352 0
 6861 238
 0 476


