# Created by Octave 3.8.2, Sat Jun 20 10:56:54 2020 CEST <damian@fptrucha.inv.usc.es>
# name: hd
# type: matrix
# rows: 5
# columns: 2
 7830 -476
 5211 -238
 8485 0
 8083 238
 0 476


