# Created by Octave 3.8.2, Sat Jun 20 10:09:04 2020 CEST <damian@fptrucha.inv.usc.es>
# name: hd
# type: matrix
# rows: 5
# columns: 2
 7827 -476
 5285 -238
 8780 0
 8081 238
 0 476


