# Created by Octave 3.8.2, Mon Jun 22 12:48:02 2020 CEST <damian@fptrucha.inv.usc.es>
# name: hd
# type: matrix
# rows: 5
# columns: 2
 7092 -476
 4751 -238
 7917 0
 7359 238
 0 476


