# Created by Octave 3.8.2, Sat Jun 20 13:37:35 2020 CEST <damian@fptrucha.inv.usc.es>
# name: hd
# type: matrix
# rows: 5
# columns: 2
 7485 -476
 4973 -238
 8302 0
 7767 238
 0 476


