# Created by Octave 3.8.2, Sun Jun 21 08:01:26 2020 CEST <damian@fptrucha.inv.usc.es>
# name: hd
# type: matrix
# rows: 5
# columns: 2
 7107 -476
 4755 -238
 7825 0
 7346 238
 0 476


