# Created by Octave 3.8.2, Sat Jun 20 20:41:34 2020 CEST <damian@fptrucha.inv.usc.es>
# name: hd
# type: matrix
# rows: 5
# columns: 2
 4549 -476
 3052 -238
 5185 0
 4849 238
 0 476


