# Created by Octave 3.8.2, Mon Jun 22 15:41:56 2020 CEST <damian@fptrucha.inv.usc.es>
# name: hd
# type: matrix
# rows: 5
# columns: 2
 7344 -476
 4841 -238
 7837 0
 7509 238
 0 476


