# Created by Octave 3.8.2, Sat Jun 20 12:49:30 2020 CEST <damian@fptrucha.inv.usc.es>
# name: hd
# type: matrix
# rows: 5
# columns: 2
 7565 -476
 5086 -238
 8362 0
 7920 238
 0 476


