# Created by Octave 3.8.2, Sat Jun 20 05:01:43 2020 CEST <damian@fptrucha.inv.usc.es>
# name: hd
# type: matrix
# rows: 5
# columns: 2
 7476 -476
 5182 -238
 8617 0
 7828 238
 0 476


