# Created by Octave 3.8.2, Sat Jun 20 14:28:37 2020 CEST <damian@fptrucha.inv.usc.es>
# name: hd
# type: matrix
# rows: 5
# columns: 2
 7276 -476
 4931 -238
 8300 0
 7661 238
 0 476


