# Created by Octave 3.8.2, Sat Jun 20 16:19:56 2020 CEST <damian@fptrucha.inv.usc.es>
# name: hd
# type: matrix
# rows: 5
# columns: 2
 7089 -476
 4765 -238
 7908 0
 7363 238
 0 476


