# Created by Octave 3.8.2, Sun Jun 21 03:34:32 2020 CEST <damian@fptrucha.inv.usc.es>
# name: hd
# type: matrix
# rows: 5
# columns: 2
 6674 -476
 4514 -238
 7424 0
 7059 238
 0 476


