# Created by Octave 3.8.2, Mon Jun 22 14:58:57 2020 CEST <damian@fptrucha.inv.usc.es>
# name: hd
# type: matrix
# rows: 5
# columns: 2
 7211 -476
 4831 -238
 7830 0
 7510 238
 0 476


