# Created by Octave 3.8.2, Mon Jun 22 18:58:42 2020 CEST <damian@fptrucha.inv.usc.es>
# name: hd
# type: matrix
# rows: 5
# columns: 2
 7383 -476
 4963 -238
 8132 0
 7768 238
 0 476


