# Created by Octave 3.8.2, Mon Jun 22 17:19:12 2020 CEST <damian@fptrucha.inv.usc.es>
# name: hd
# type: matrix
# rows: 5
# columns: 2
 7206 -476
 4860 -238
 8029 0
 7677 238
 0 476


