# Created by Octave 3.8.2, Mon Jun 22 16:22:15 2020 CEST <damian@fptrucha.inv.usc.es>
# name: hd
# type: matrix
# rows: 5
# columns: 2
 7327 -476
 4721 -238
 7938 0
 7421 238
 0 476


