# Created by Octave 3.8.2, Sat Jun 20 12:33:54 2020 CEST <damian@fptrucha.inv.usc.es>
# name: hd
# type: matrix
# rows: 5
# columns: 2
 7536 -476
 5055 -238
 8340 0
 7841 238
 0 476


