# Created by Octave 3.8.2, Mon Jun 22 14:00:49 2020 CEST <damian@fptrucha.inv.usc.es>
# name: hd
# type: matrix
# rows: 5
# columns: 2
 7056 -476
 4768 -238
 7727 0
 7210 238
 0 476


