# Created by Octave 3.8.2, Sun Jun 21 05:19:47 2020 CEST <damian@fptrucha.inv.usc.es>
# name: hd
# type: matrix
# rows: 5
# columns: 2
 6781 -476
 4576 -238
 7689 0
 6987 238
 0 476


