# Created by Octave 3.8.2, Mon Jun 22 23:00:20 2020 CEST <damian@fptrucha.inv.usc.es>
# name: hd
# type: matrix
# rows: 5
# columns: 2
 7515 -476
 4999 -238
 8462 0
 7927 238
 0 476


