# Created by Octave 3.8.2, Sun Jun 21 03:18:25 2020 CEST <damian@fptrucha.inv.usc.es>
# name: hd
# type: matrix
# rows: 5
# columns: 2
 6708 -476
 4665 -238
 7623 0
 6842 238
 0 476


