# Created by Octave 3.8.2, Sat Jun 20 06:57:24 2020 CEST <damian@fptrucha.inv.usc.es>
# name: hd
# type: matrix
# rows: 5
# columns: 2
 5213 -476
 3363 -238
 5646 0
 5498 238
 0 476


