# Created by Octave 3.8.2, Sat Jun 20 17:30:50 2020 CEST <damian@fptrucha.inv.usc.es>
# name: hd
# type: matrix
# rows: 5
# columns: 2
 6991 -476
 4725 -238
 7753 0
 7409 238
 0 476


