# Created by Octave 3.8.2, Mon Jun 22 18:21:48 2020 CEST <damian@fptrucha.inv.usc.es>
# name: hd
# type: matrix
# rows: 5
# columns: 2
 7420 -476
 4902 -238
 8089 0
 7570 238
 0 476


