# Created by Octave 3.8.2, Mon Jun 22 22:55:30 2020 CEST <damian@fptrucha.inv.usc.es>
# name: hd
# type: matrix
# rows: 5
# columns: 2
 7416 -476
 5041 -238
 8527 0
 7672 238
 0 476


