# Created by Octave 3.8.2, Mon Jun 22 02:42:14 2020 CEST <damian@fptrucha.inv.usc.es>
# name: hd
# type: matrix
# rows: 5
# columns: 2
 4413 -476
 2960 -238
 4699 0
 4402 238
 0 476


