# Created by Octave 3.8.2, Sat Jun 20 05:08:59 2020 CEST <damian@fptrucha.inv.usc.es>
# name: hd
# type: matrix
# rows: 5
# columns: 2
 7750 -476
 5095 -238
 8601 0
 8025 238
 0 476


