# Created by Octave 3.8.2, Mon Jun 22 06:31:38 2020 CEST <damian@fptrucha.inv.usc.es>
# name: hd
# type: matrix
# rows: 5
# columns: 2
 6706 -476
 4479 -238
 7136 0
 6728 238
 0 476


