# Created by Octave 3.8.2, Sat Jun 20 15:30:21 2020 CEST <damian@fptrucha.inv.usc.es>
# name: hd
# type: matrix
# rows: 5
# columns: 2
 7125 -476
 4784 -238
 8102 0
 7615 238
 0 476


