# Created by Octave 3.8.2, Mon Jun 22 06:22:31 2020 CEST <damian@fptrucha.inv.usc.es>
# name: hd
# type: matrix
# rows: 5
# columns: 2
 4529 -476
 2890 -238
 4778 0
 4517 238
 0 476


