# Created by Octave 3.8.2, Mon Jun 22 04:56:16 2020 CEST <damian@fptrucha.inv.usc.es>
# name: hd
# type: matrix
# rows: 5
# columns: 2
 4258 -476
 2814 -238
 4581 0
 4254 238
 0 476


