# Created by Octave 3.8.2, Mon Jun 22 21:27:58 2020 CEST <damian@fptrucha.inv.usc.es>
# name: hd
# type: matrix
# rows: 5
# columns: 2
 7522 -476
 5107 -238
 8381 0
 7769 238
 0 476


