# Created by Octave 3.8.2, Sun Jun 21 01:22:01 2020 CEST <damian@fptrucha.inv.usc.es>
# name: hd
# type: matrix
# rows: 5
# columns: 2
 6879 -476
 4683 -238
 7559 0
 6995 238
 0 476


