# Created by Octave 3.8.2, Mon Jun 22 01:37:05 2020 CEST <damian@fptrucha.inv.usc.es>
# name: hd
# type: matrix
# rows: 5
# columns: 2
 7204 -476
 4840 -238
 8038 0
 7557 238
 0 476


