# Created by Octave 3.8.2, Sat Jun 20 02:35:12 2020 CEST <damian@fptrucha.inv.usc.es>
# name: hd
# type: matrix
# rows: 5
# columns: 2
 7739 -476
 4909 -238
 8485 0
 7995 238
 0 476


