# Created by Octave 3.8.2, Sat Jun 20 23:27:05 2020 CEST <damian@fptrucha.inv.usc.es>
# name: hd
# type: matrix
# rows: 5
# columns: 2
 6797 -476
 4427 -238
 7607 0
 7045 238
 0 476


