# Created by Octave 3.8.2, Sun Jun 21 06:35:24 2020 CEST <damian@fptrucha.inv.usc.es>
# name: hd
# type: matrix
# rows: 5
# columns: 2
 7044 -476
 4636 -238
 8069 0
 7432 238
 0 476


