# Created by Octave 3.8.2, Mon Jun 22 08:31:26 2020 CEST <damian@fptrucha.inv.usc.es>
# name: hd
# type: matrix
# rows: 5
# columns: 2
 6834 -476
 4531 -238
 7437 0
 7064 238
 0 476


