# Created by Octave 3.8.2, Mon Jun 22 07:25:24 2020 CEST <damian@fptrucha.inv.usc.es>
# name: hd
# type: matrix
# rows: 5
# columns: 2
 6588 -476
 4544 -238
 7252 0
 6923 238
 0 476


