# Created by Octave 3.8.2, Mon Jun 22 02:27:51 2020 CEST <damian@fptrucha.inv.usc.es>
# name: hd
# type: matrix
# rows: 5
# columns: 2
 42 -476
 80 -238
 86 0
 139 238
 0 476


