# Created by Octave 3.8.2, Sun Jun 21 01:45:25 2020 CEST <damian@fptrucha.inv.usc.es>
# name: hd
# type: matrix
# rows: 5
# columns: 2
 6614 -476
 4360 -238
 7530 0
 6779 238
 0 476


