# Created by Octave 3.8.2, Mon Jun 22 08:42:51 2020 CEST <damian@fptrucha.inv.usc.es>
# name: hd
# type: matrix
# rows: 5
# columns: 2
 6868 -476
 4596 -238
 7343 0
 6913 238
 0 476


