# Created by Octave 3.8.2, Sat Jun 20 03:57:55 2020 CEST <damian@fptrucha.inv.usc.es>
# name: hd
# type: matrix
# rows: 5
# columns: 2
 7715 -476
 5083 -238
 8649 0
 7919 238
 0 476


