# Created by Octave 3.8.2, Sat Jun 20 09:08:37 2020 CEST <damian@fptrucha.inv.usc.es>
# name: hd
# type: matrix
# rows: 5
# columns: 2
 7797 -476
 5320 -238
 8766 0
 8417 238
 0 476


