# Created by Octave 3.8.2, Mon Jun 22 23:51:28 2020 CEST <damian@fptrucha.inv.usc.es>
# name: hd
# type: matrix
# rows: 5
# columns: 2
 5613 -476
 8203 -238
 8883 0
 8494 238
 6704 476


