# Created by Octave 3.8.2, Mon Jun 22 07:00:38 2020 CEST <damian@fptrucha.inv.usc.es>
# name: hd
# type: matrix
# rows: 5
# columns: 2
 5202 -476
 7444 -238
 7737 0
 7478 238
 5902 476


