# Created by Octave 3.8.2, Sun Jun 21 06:45:18 2020 CEST <damian@fptrucha.inv.usc.es>
# name: hd
# type: matrix
# rows: 5
# columns: 2
 5098 -476
 7463 -238
 8355 0
 8073 238
 6061 476


