# Created by Octave 3.8.2, Mon Jun 22 02:47:04 2020 CEST <damian@fptrucha.inv.usc.es>
# name: hd
# type: matrix
# rows: 5
# columns: 2
 5097 -476
 7314 -238
 7659 0
 7247 238
 5914 476


