# Created by Octave 3.8.2, Sat Jun 20 07:04:41 2020 CEST <damian@fptrucha.inv.usc.es>
# name: hd
# type: matrix
# rows: 5
# columns: 2
 6043 -476
 8973 -238
 9599 0
 9218 238
 6989 476


