# Created by Octave 3.8.2, Mon Jun 22 19:58:29 2020 CEST <damian@fptrucha.inv.usc.es>
# name: hd
# type: matrix
# rows: 5
# columns: 2
 5567 -476
 8189 -238
 8670 0
 8364 238
 6678 476


