# Created by Octave 3.8.2, Mon Jun 22 22:02:36 2020 CEST <damian@fptrucha.inv.usc.es>
# name: hd
# type: matrix
# rows: 5
# columns: 2
 5724 -476
 8302 -238
 8812 0
 8521 238
 6738 476


