# Created by Octave 3.8.2, Mon Jun 22 16:13:46 2020 CEST <damian@fptrucha.inv.usc.es>
# name: hd
# type: matrix
# rows: 5
# columns: 2
 5583 -476
 8142 -238
 8587 0
 8012 238
 6464 476


