# Created by Octave 3.8.2, Sat Jun 20 13:36:06 2020 CEST <damian@fptrucha.inv.usc.es>
# name: hd
# type: matrix
# rows: 5
# columns: 2
 5456 -476
 8376 -238
 9011 0
 8555 238
 6587 476


