# Created by Octave 3.8.2, Sat Jun 20 07:56:08 2020 CEST <damian@fptrucha.inv.usc.es>
# name: hd
# type: matrix
# rows: 5
# columns: 2
 6074 -476
 8927 -238
 9495 0
 9144 238
 6937 476


