# Created by Octave 3.8.2, Sun Jun 21 04:40:35 2020 CEST <damian@fptrucha.inv.usc.es>
# name: hd
# type: matrix
# rows: 5
# columns: 2
 3397 -476
 5173 -238
 5432 0
 5317 238
 4148 476


