# Created by Octave 3.8.2, Mon Jun 22 18:32:03 2020 CEST <damian@fptrucha.inv.usc.es>
# name: hd
# type: matrix
# rows: 5
# columns: 2
 5508 -476
 8236 -238
 8656 0
 8078 238
 6673 476


