# Created by Octave 3.8.2, Mon Jun 22 00:34:13 2020 CEST <damian@fptrucha.inv.usc.es>
# name: hd
# type: matrix
# rows: 5
# columns: 2
 5045 -476
 7540 -238
 8281 0
 8008 238
 6127 476


