# Created by Octave 3.8.2, Sun Jun 21 03:05:19 2020 CEST <damian@fptrucha.inv.usc.es>
# name: hd
# type: matrix
# rows: 5
# columns: 2
 5004 -476
 7468 -238
 8086 0
 7769 238
 6086 476


