# Created by Octave 3.8.2, Mon Jun 22 17:39:39 2020 CEST <damian@fptrucha.inv.usc.es>
# name: hd
# type: matrix
# rows: 5
# columns: 2
 5634 -476
 8171 -238
 8657 0
 8334 238
 6682 476


