# Created by Octave 3.8.2, Mon Jun 22 22:39:05 2020 CEST <damian@fptrucha.inv.usc.es>
# name: hd
# type: matrix
# rows: 5
# columns: 2
 5711 -476
 8392 -238
 8815 0
 8609 238
 6781 476


