# Created by Octave 3.8.2, Sun Jun 21 05:44:28 2020 CEST <damian@fptrucha.inv.usc.es>
# name: hd
# type: matrix
# rows: 5
# columns: 2
 4959 -476
 7314 -238
 8159 0
 7930 238
 5977 476


