# Created by Octave 3.8.2, Sat Jun 20 10:07:32 2020 CEST <damian@fptrucha.inv.usc.es>
# name: hd
# type: matrix
# rows: 5
# columns: 2
 5706 -476
 8685 -238
 9607 0
 8922 238
 6945 476


