# Created by Octave 3.8.2, Mon Jun 22 03:39:44 2020 CEST <damian@fptrucha.inv.usc.es>
# name: hd
# type: matrix
# rows: 5
# columns: 2
 4943 -476
 7522 -238
 7692 0
 7197 238
 6077 476


