# Created by Octave 3.8.2, Mon Jun 22 03:27:39 2020 CEST <damian@fptrucha.inv.usc.es>
# name: hd
# type: matrix
# rows: 5
# columns: 2
 5183 -476
 7397 -238
 7653 0
 7339 238
 6021 476


