# Created by Octave 3.8.2, Sat Jun 20 05:58:05 2020 CEST <damian@fptrucha.inv.usc.es>
# name: hd
# type: matrix
# rows: 5
# columns: 2
 5995 -476
 8775 -238
 9406 0
 8920 238
 6737 476


