# Created by Octave 3.8.2, Mon Jun 22 14:20:46 2020 CEST <damian@fptrucha.inv.usc.es>
# name: hd
# type: matrix
# rows: 5
# columns: 2
 5385 -476
 8028 -238
 8340 0
 7881 238
 6443 476


