# Created by Octave 3.8.2, Sat Jun 20 18:14:18 2020 CEST <damian@fptrucha.inv.usc.es>
# name: hd
# type: matrix
# rows: 5
# columns: 2
 5228 -476
 7835 -238
 8476 0
 8079 238
 6145 476


