# Created by Octave 3.8.2, Sun Jun 21 08:07:17 2020 CEST <damian@fptrucha.inv.usc.es>
# name: hd
# type: matrix
# rows: 5
# columns: 2
 5146 -476
 7798 -238
 8456 0
 8423 238
 6190 476


