# Created by Octave 3.8.2, Mon Jun 22 19:50:52 2020 CEST <damian@fptrucha.inv.usc.es>
# name: hd
# type: matrix
# rows: 5
# columns: 2
 5418 -476
 8219 -238
 8568 0
 8494 238
 6590 476


