# Created by Octave 3.8.2, Mon Jun 22 17:54:23 2020 CEST <damian@fptrucha.inv.usc.es>
# name: hd
# type: matrix
# rows: 5
# columns: 2
 5548 -476
 8076 -238
 8547 0
 8221 238
 6505 476


