# Created by Octave 3.8.2, Sat Jun 20 11:04:08 2020 CEST <damian@fptrucha.inv.usc.es>
# name: hd
# type: matrix
# rows: 5
# columns: 2
 5906 -476
 8620 -238
 9316 0
 9052 238
 6787 476


