# Created by Octave 3.8.2, Mon Jun 22 18:55:42 2020 CEST <damian@fptrucha.inv.usc.es>
# name: hd
# type: matrix
# rows: 5
# columns: 2
 5556 -476
 8064 -238
 8768 0
 8388 238
 6615 476


