# Created by Octave 3.8.2, Mon Jun 22 21:35:02 2020 CEST <damian@fptrucha.inv.usc.es>
# name: hd
# type: matrix
# rows: 5
# columns: 2
 5629 -476
 8325 -238
 8883 0
 8675 238
 6712 476


