# Created by Octave 3.8.2, Sat Jun 20 07:25:57 2020 CEST <damian@fptrucha.inv.usc.es>
# name: hd
# type: matrix
# rows: 5
# columns: 2
 6041 -476
 9062 -238
 9515 0
 9053 238
 6915 476


