# Created by Octave 3.8.2, Sun Jun 21 08:04:52 2020 CEST <damian@fptrucha.inv.usc.es>
# name: hd
# type: matrix
# rows: 5
# columns: 2
 5309 -476
 7819 -238
 8646 0
 8180 238
 6387 476


