# Created by Octave 3.8.2, Mon Jun 22 06:14:52 2020 CEST <damian@fptrucha.inv.usc.es>
# name: hd
# type: matrix
# rows: 5
# columns: 2
 5236 -476
 7467 -238
 7646 0
 7299 238
 6039 476


