# Created by Octave 3.8.2, Sat Jun 20 18:05:01 2020 CEST <damian@fptrucha.inv.usc.es>
# name: hd
# type: matrix
# rows: 5
# columns: 2
 5222 -476
 7765 -238
 8385 0
 7988 238
 6244 476


