# Created by Octave 3.8.2, Mon Jun 22 04:36:23 2020 CEST <damian@fptrucha.inv.usc.es>
# name: hd
# type: matrix
# rows: 5
# columns: 2
 4830 -476
 6991 -238
 7399 0
 7101 238
 5855 476


