# Created by Octave 3.8.2, Sat Jun 20 14:58:41 2020 CEST <damian@fptrucha.inv.usc.es>
# name: hd
# type: matrix
# rows: 5
# columns: 2
 5309 -476
 8311 -238
 8772 0
 8473 238
 6406 476


