# Created by Octave 3.8.2, Sat Jun 20 12:11:52 2020 CEST <damian@fptrucha.inv.usc.es>
# name: hd
# type: matrix
# rows: 5
# columns: 2
 5762 -476
 8614 -238
 9100 0
 8619 238
 6711 476


