# Created by Octave 3.8.2, Sat Jun 20 09:38:54 2020 CEST <damian@fptrucha.inv.usc.es>
# name: hd
# type: matrix
# rows: 5
# columns: 2
 6023 -476
 9037 -238
 9485 0
 9172 238
 7150 476


