# Created by Octave 3.8.2, Sat Jun 20 06:52:12 2020 CEST <damian@fptrucha.inv.usc.es>
# name: hd
# type: matrix
# rows: 5
# columns: 2
 5989 -476
 8802 -238
 9393 0
 9034 238
 6941 476


