# Created by Octave 3.8.2, Mon Jun 22 08:02:23 2020 CEST <damian@fptrucha.inv.usc.es>
# name: hd
# type: matrix
# rows: 5
# columns: 2
 5092 -476
 7623 -238
 7904 0
 7472 238
 6205 476


