# Created by Octave 3.8.2, Mon Jun 22 11:41:05 2020 CEST <damian@fptrucha.inv.usc.es>
# name: hd
# type: matrix
# rows: 5
# columns: 2
 5479 -476
 8033 -238
 8137 0
 7691 238
 6081 476


