# Created by Octave 3.8.2, Mon Jun 22 13:55:21 2020 CEST <damian@fptrucha.inv.usc.es>
# name: hd
# type: matrix
# rows: 5
# columns: 2
 5245 -476
 8028 -238
 8413 0
 7952 238
 6215 476


