# Created by Octave 3.8.2, Sat Jun 20 13:20:50 2020 CEST <damian@fptrucha.inv.usc.es>
# name: hd
# type: matrix
# rows: 5
# columns: 2
 5661 -476
 8385 -238
 9028 0
 8748 238
 6632 476


