# Created by Octave 3.8.2, Mon Jun 22 22:51:49 2020 CEST <damian@fptrucha.inv.usc.es>
# name: hd
# type: matrix
# rows: 5
# columns: 2
 5670 -476
 8299 -238
 8998 0
 8542 238
 6643 476


