# Created by Octave 3.8.2, Sat Jun 20 08:46:52 2020 CEST <damian@fptrucha.inv.usc.es>
# name: hd
# type: matrix
# rows: 5
# columns: 2
 5997 -476
 8988 -238
 9627 0
 9269 238
 7123 476


