# Created by Octave 3.8.2, Sun Jun 21 08:11:58 2020 CEST <damian@fptrucha.inv.usc.es>
# name: hd
# type: matrix
# rows: 5
# columns: 2
 5095 -476
 7537 -238
 8219 0
 8120 238
 6033 476


