# Created by Octave 3.8.2, Mon Jun 22 01:10:22 2020 CEST <damian@fptrucha.inv.usc.es>
# name: hd
# type: matrix
# rows: 5
# columns: 2
 5157 -476
 7792 -238
 8418 0
 8151 238
 6027 476


