# Created by Octave 3.8.2, Sat Jun 20 04:08:42 2020 CEST <damian@fptrucha.inv.usc.es>
# name: hd
# type: matrix
# rows: 5
# columns: 2
 5819 -476
 8714 -238
 8978 0
 8857 238
 6805 476


