# Created by Octave 3.8.2, Sat Jun 20 08:58:46 2020 CEST <damian@fptrucha.inv.usc.es>
# name: hd
# type: matrix
# rows: 5
# columns: 2
 6063 -476
 9067 -238
 9486 0
 9190 238
 7190 476


