# Created by Octave 3.8.2, Sat Jun 20 10:17:41 2020 CEST <damian@fptrucha.inv.usc.es>
# name: hd
# type: matrix
# rows: 5
# columns: 2
 5975 -476
 8721 -238
 9312 0
 9069 238
 6821 476


