# Created by Octave 3.8.2, Mon Jun 22 11:27:54 2020 CEST <damian@fptrucha.inv.usc.es>
# name: hd
# type: matrix
# rows: 5
# columns: 2
 5350 -476
 7778 -238
 8170 0
 7786 238
 6210 476


