# Created by Octave 3.8.2, Sun Jun 21 03:37:45 2020 CEST <damian@fptrucha.inv.usc.es>
# name: hd
# type: matrix
# rows: 5
# columns: 2
 5070 -476
 7839 -238
 8030 0
 8038 238
 6182 476


