# Created by Octave 3.8.2, Sat Jun 20 04:39:28 2020 CEST <damian@fptrucha.inv.usc.es>
# name: hd
# type: matrix
# rows: 5
# columns: 2
 5837 -476
 8520 -238
 9303 0
 8908 238
 6613 476


