# Created by Octave 3.8.2, Sat Jun 20 20:13:50 2020 CEST <damian@fptrucha.inv.usc.es>
# name: hd
# type: matrix
# rows: 5
# columns: 2
 5238 -476
 7777 -238
 8396 0
 8083 238
 6286 476


