# Created by Octave 3.8.2, Mon Jun 22 09:28:10 2020 CEST <damian@fptrucha.inv.usc.es>
# name: hd
# type: matrix
# rows: 5
# columns: 2
 5189 -476
 7542 -238
 7946 0
 7647 238
 6174 476


