# Created by Octave 3.8.2, Mon Jun 22 06:33:33 2020 CEST <damian@fptrucha.inv.usc.es>
# name: hd
# type: matrix
# rows: 5
# columns: 2
 5115 -476
 7516 -238
 7799 0
 7306 238
 6136 476


