# Created by Octave 3.8.2, Mon Jun 22 12:36:36 2020 CEST <damian@fptrucha.inv.usc.es>
# name: hd
# type: matrix
# rows: 5
# columns: 2
 5300 -476
 7816 -238
 8209 0
 7990 238
 6346 476


