# Created by Octave 3.8.2, Tue Jun 23 00:05:40 2020 CEST <damian@fptrucha.inv.usc.es>
# name: hd
# type: matrix
# rows: 5
# columns: 2
 5566 -476
 8562 -238
 8873 0
 8594 238
 6715 476


