# Created by Octave 3.8.2, Sun Jun 21 05:07:11 2020 CEST <damian@fptrucha.inv.usc.es>
# name: hd
# type: matrix
# rows: 5
# columns: 2
 5159 -476
 7844 -238
 8363 0
 7962 238
 6216 476


