# Created by Octave 3.8.2, Sat Jun 20 08:51:14 2020 CEST <damian@fptrucha.inv.usc.es>
# name: hd
# type: matrix
# rows: 5
# columns: 2
 5969 -476
 8994 -238
 9715 0
 9016 238
 7051 476


