# Created by Octave 3.8.2, Sat Jun 20 22:20:29 2020 CEST <damian@fptrucha.inv.usc.es>
# name: hd
# type: matrix
# rows: 5
# columns: 2
 5163 -476
 7682 -238
 8311 0
 8208 238
 6250 476


