# Created by Octave 3.8.2, Sat Jun 20 10:06:05 2020 CEST <damian@fptrucha.inv.usc.es>
# name: hd
# type: matrix
# rows: 5
# columns: 2
 5889 -476
 8662 -238
 9504 0
 9154 238
 6664 476


