# Created by Octave 3.8.2, Mon Jun 22 15:05:09 2020 CEST <damian@fptrucha.inv.usc.es>
# name: hd
# type: matrix
# rows: 5
# columns: 2
 5532 -476
 8042 -238
 8627 0
 8216 238
 6565 476


