# Created by Octave 3.8.2, Mon Jun 22 21:03:34 2020 CEST <damian@fptrucha.inv.usc.es>
# name: hd
# type: matrix
# rows: 5
# columns: 2
 5562 -476
 8317 -238
 8797 0
 8408 238
 6720 476


