# Created by Octave 3.8.2, Sat Jun 20 13:23:38 2020 CEST <damian@fptrucha.inv.usc.es>
# name: hd
# type: matrix
# rows: 5
# columns: 2
 5706 -476
 8245 -238
 8843 0
 8494 238
 6811 476


