# Created by Octave 3.8.2, Mon Jun 22 18:14:18 2020 CEST <damian@fptrucha.inv.usc.es>
# name: hd
# type: matrix
# rows: 5
# columns: 2
 5414 -476
 8116 -238
 8514 0
 8132 238
 6511 476


