# Created by Octave 3.8.2, Sat Jun 20 13:07:33 2020 CEST <damian@fptrucha.inv.usc.es>
# name: hd
# type: matrix
# rows: 5
# columns: 2
 5623 -476
 8372 -238
 8957 0
 8646 238
 6606 476


