# Created by Octave 3.8.2, Mon Jun 22 06:42:07 2020 CEST <damian@fptrucha.inv.usc.es>
# name: hd
# type: matrix
# rows: 5
# columns: 2
 5092 -476
 7562 -238
 7765 0
 7334 238
 6012 476


