# Created by Octave 3.8.2, Sun Jun 21 02:58:10 2020 CEST <damian@fptrucha.inv.usc.es>
# name: hd
# type: matrix
# rows: 5
# columns: 2
 5014 -476
 7554 -238
 8147 0
 7809 238
 6071 476


