# Created by Octave 3.8.2, Mon Jun 22 15:40:50 2020 CEST <damian@fptrucha.inv.usc.es>
# name: hd
# type: matrix
# rows: 5
# columns: 2
 5507 -476
 7971 -238
 8668 0
 8106 238
 6525 476


