# Created by Octave 3.8.2, Sat Jun 20 13:18:05 2020 CEST <damian@fptrucha.inv.usc.es>
# name: hd
# type: matrix
# rows: 5
# columns: 2
 3649 -476
 5516 -238
 5831 0
 5738 238
 4427 476


