# Created by Octave 3.8.2, Mon Jun 22 21:57:04 2020 CEST <damian@fptrucha.inv.usc.es>
# name: hd
# type: matrix
# rows: 5
# columns: 2
 5590 -476
 8466 -238
 8962 0
 8577 238
 6665 476


