# Created by Octave 3.8.2, Sun Jun 21 06:00:47 2020 CEST <damian@fptrucha.inv.usc.es>
# name: hd
# type: matrix
# rows: 5
# columns: 2
 4936 -476
 7550 -238
 8196 0
 7968 238
 6083 476


