# Created by Octave 3.8.2, Sat Jun 20 20:28:59 2020 CEST <damian@fptrucha.inv.usc.es>
# name: hd
# type: matrix
# rows: 5
# columns: 2
 5203 -476
 7786 -238
 8491 0
 8024 238
 6159 476


