# Created by Octave 3.8.2, Sat Jun 20 05:50:48 2020 CEST <damian@fptrucha.inv.usc.es>
# name: hd
# type: matrix
# rows: 5
# columns: 2
 5914 -476
 8850 -238
 9213 0
 9060 238
 6886 476


