# Created by Octave 3.8.2, Mon Jun 22 11:24:41 2020 CEST <damian@fptrucha.inv.usc.es>
# name: hd
# type: matrix
# rows: 5
# columns: 2
 5355 -476
 7805 -238
 8276 0
 7798 238
 6214 476


