# Created by Octave 3.8.2, Mon Jun 22 15:46:22 2020 CEST <damian@fptrucha.inv.usc.es>
# name: hd
# type: matrix
# rows: 5
# columns: 2
 5415 -476
 8082 -238
 8790 0
 8153 238
 6560 476


