# Created by Octave 3.8.2, Sun Jun 21 04:15:28 2020 CEST <damian@fptrucha.inv.usc.es>
# name: hd
# type: matrix
# rows: 5
# columns: 2
 5137 -476
 7637 -238
 8299 0
 7824 238
 6004 476


