# Created by Octave 3.8.2, Mon Jun 22 17:17:59 2020 CEST <damian@fptrucha.inv.usc.es>
# name: hd
# type: matrix
# rows: 5
# columns: 2
 5527 -476
 8228 -238
 8643 0
 8182 238
 6501 476


