# Created by Octave 3.8.2, Sun Jun 21 00:23:26 2020 CEST <damian@fptrucha.inv.usc.es>
# name: hd
# type: matrix
# rows: 5
# columns: 2
 5020 -476
 7637 -238
 8100 0
 7963 238
 6002 476


