# Created by Octave 3.8.2, Mon Jun 22 03:14:30 2020 CEST <damian@fptrucha.inv.usc.es>
# name: hd
# type: matrix
# rows: 5
# columns: 2
 5061 -476
 7542 -238
 7774 0
 7444 238
 6058 476


