# Created by Octave 3.8.2, Sat Jun 20 22:37:05 2020 CEST <damian@fptrucha.inv.usc.es>
# name: hd
# type: matrix
# rows: 5
# columns: 2
 5027 -476
 7595 -238
 8276 0
 7989 238
 6055 476


