# Created by Octave 3.8.2, Mon Jun 22 08:20:28 2020 CEST <damian@fptrucha.inv.usc.es>
# name: hd
# type: matrix
# rows: 5
# columns: 2
 5173 -476
 7702 -238
 7870 0
 7636 238
 6174 476


