# Created by Octave 3.8.2, Mon Jun 22 01:23:04 2020 CEST <damian@fptrucha.inv.usc.es>
# name: hd
# type: matrix
# rows: 5
# columns: 2
 4974 -476
 7542 -238
 8120 0
 7926 238
 5972 476


