# Created by Octave 3.8.2, Sun Jun 21 01:15:21 2020 CEST <damian@fptrucha.inv.usc.es>
# name: hd
# type: matrix
# rows: 5
# columns: 2
 5059 -476
 7570 -238
 8265 0
 7786 238
 5993 476


