# Created by Octave 3.8.2, Sun Jun 21 03:54:59 2020 CEST <damian@fptrucha.inv.usc.es>
# name: hd
# type: matrix
# rows: 5
# columns: 2
 4935 -476
 7526 -238
 8161 0
 8031 238
 6021 476


