# Created by Octave 3.8.2, Mon Jun 22 04:40:42 2020 CEST <damian@fptrucha.inv.usc.es>
# name: hd
# type: matrix
# rows: 5
# columns: 2
 4706 -476
 7159 -238
 7326 0
 7058 238
 5767 476


