# Created by Octave 3.8.2, Sat Jun 20 06:34:51 2020 CEST <damian@fptrucha.inv.usc.es>
# name: hd
# type: matrix
# rows: 5
# columns: 2
 6072 -476
 8720 -238
 9306 0
 9038 238
 6930 476


