# Created by Octave 3.8.2, Mon Jun 22 19:21:11 2020 CEST <damian@fptrucha.inv.usc.es>
# name: hd
# type: matrix
# rows: 5
# columns: 2
 5369 -476
 8098 -238
 8714 0
 8366 238
 6570 476


