# Created by Octave 3.8.2, Mon Jun 22 01:11:21 2020 CEST <damian@fptrucha.inv.usc.es>
# name: hd
# type: matrix
# rows: 5
# columns: 2
 5209 -476
 7630 -238
 8290 0
 8095 238
 6227 476


