# Created by Octave 3.8.2, Mon Jun 22 01:04:07 2020 CEST <damian@fptrucha.inv.usc.es>
# name: hd
# type: matrix
# rows: 5
# columns: 2
 5333 -476
 7809 -238
 8553 0
 8226 238
 6247 476


