# Created by Octave 3.8.2, Sun Jun 21 03:38:50 2020 CEST <damian@fptrucha.inv.usc.es>
# name: hd
# type: matrix
# rows: 5
# columns: 2
 5022 -476
 7751 -238
 8230 0
 7925 238
 6132 476


