# Created by Octave 3.8.2, Sat Jun 20 21:42:26 2020 CEST <damian@fptrucha.inv.usc.es>
# name: hd
# type: matrix
# rows: 5
# columns: 2
 5130 -476
 7723 -238
 8246 0
 7992 238
 6032 476


