# Created by Octave 3.8.2, Sun Jun 21 03:13:56 2020 CEST <damian@fptrucha.inv.usc.es>
# name: hd
# type: matrix
# rows: 5
# columns: 2
 5116 -476
 7530 -238
 8142 0
 7791 238
 6150 476


