# Created by Octave 3.8.2, Sat Jun 20 18:57:38 2020 CEST <damian@fptrucha.inv.usc.es>
# name: hd
# type: matrix
# rows: 5
# columns: 2
 5233 -476
 7720 -238
 8512 0
 8128 238
 6141 476


