# Created by Octave 3.8.2, Mon Jun 22 20:25:53 2020 CEST <damian@fptrucha.inv.usc.es>
# name: hd
# type: matrix
# rows: 5
# columns: 2
 5501 -476
 8249 -238
 8725 0
 8287 238
 6579 476


