# Created by Octave 3.8.2, Sat Jun 20 04:47:58 2020 CEST <damian@fptrucha.inv.usc.es>
# name: hd
# type: matrix
# rows: 5
# columns: 2
 5856 -476
 8475 -238
 9118 0
 8842 238
 6746 476


