# Created by Octave 3.8.2, Mon Jun 22 03:46:23 2020 CEST <damian@fptrucha.inv.usc.es>
# name: hd
# type: matrix
# rows: 5
# columns: 2
 5056 -476
 7326 -238
 7634 0
 7335 238
 6103 476


