# Created by Octave 3.8.2, Sun Jun 21 01:42:02 2020 CEST <damian@fptrucha.inv.usc.es>
# name: hd
# type: matrix
# rows: 5
# columns: 2
 5003 -476
 7634 -238
 8108 0
 7947 238
 6032 476


