# Created by Octave 3.8.2, Sat Jun 20 05:25:33 2020 CEST <damian@fptrucha.inv.usc.es>
# name: hd
# type: matrix
# rows: 5
# columns: 2
 5971 -476
 8797 -238
 9254 0
 9009 238
 6854 476


