# Created by Octave 3.8.2, Sun Jun 21 00:08:43 2020 CEST <damian@fptrucha.inv.usc.es>
# name: hd
# type: matrix
# rows: 5
# columns: 2
 5036 -476
 7633 -238
 8203 0
 7844 238
 6016 476


