# Created by Octave 3.8.2, Sun Jun 21 01:53:41 2020 CEST <damian@fptrucha.inv.usc.es>
# name: hd
# type: matrix
# rows: 5
# columns: 2
 5112 -476
 7566 -238
 8307 0
 7692 238
 6110 476


