# Created by Octave 3.8.2, Mon Jun 22 06:08:52 2020 CEST <damian@fptrucha.inv.usc.es>
# name: hd
# type: matrix
# rows: 5
# columns: 2
 5253 -476
 7524 -238
 7671 0
 7326 238
 6003 476


