# Created by Octave 3.8.2, Mon Jun 22 15:02:59 2020 CEST <damian@fptrucha.inv.usc.es>
# name: hd
# type: matrix
# rows: 5
# columns: 2
 5415 -476
 8087 -238
 8645 0
 8103 238
 6447 476


