# Created by Octave 3.8.2, Mon Jun 22 12:08:49 2020 CEST <damian@fptrucha.inv.usc.es>
# name: hd
# type: matrix
# rows: 5
# columns: 2
 5428 -476
 7819 -238
 8157 0
 7893 238
 6329 476


