# Created by Octave 3.8.2, Mon Jun 22 14:07:49 2020 CEST <damian@fptrucha.inv.usc.es>
# name: hd
# type: matrix
# rows: 5
# columns: 2
 5321 -476
 8127 -238
 8244 0
 8116 238
 6412 476


