# Created by Octave 3.8.2, Mon Jun 22 05:49:28 2020 CEST <damian@fptrucha.inv.usc.es>
# name: hd
# type: matrix
# rows: 5
# columns: 2
 5064 -476
 7464 -238
 7602 0
 7350 238
 5934 476


