# Created by Octave 3.8.2, Mon Jun 22 13:59:45 2020 CEST <damian@fptrucha.inv.usc.es>
# name: hd
# type: matrix
# rows: 5
# columns: 2
 5370 -476
 8030 -238
 8401 0
 8129 238
 6442 476


