# Created by Octave 3.8.2, Sat Jun 20 11:39:20 2020 CEST <damian@fptrucha.inv.usc.es>
# name: hd
# type: matrix
# rows: 5
# columns: 2
 5635 -476
 8520 -238
 9249 0
 8819 238
 6921 476


