# Created by Octave 3.8.2, Mon Jun 22 11:55:16 2020 CEST <damian@fptrucha.inv.usc.es>
# name: hd
# type: matrix
# rows: 5
# columns: 2
 5381 -476
 7856 -238
 8130 0
 7771 238
 6131 476


