# Created by Octave 3.8.2, Mon Jun 22 00:33:12 2020 CEST <damian@fptrucha.inv.usc.es>
# name: hd
# type: matrix
# rows: 5
# columns: 2
 5141 -476
 7689 -238
 8413 0
 8036 238
 6094 476


