# Created by Octave 3.8.2, Mon Jun 22 05:51:28 2020 CEST <damian@fptrucha.inv.usc.es>
# name: hd
# type: matrix
# rows: 5
# columns: 2
 5044 -476
 7394 -238
 7680 0
 7311 238
 6000 476


