# Created by Octave 3.8.2, Mon Jun 22 23:08:17 2020 CEST <damian@fptrucha.inv.usc.es>
# name: hd
# type: matrix
# rows: 5
# columns: 2
 5757 -476
 8545 -238
 9068 0
 8533 238
 6682 476


