# Created by Octave 3.8.2, Sat Jun 20 19:01:32 2020 CEST <damian@fptrucha.inv.usc.es>
# name: hd
# type: matrix
# rows: 5
# columns: 2
 5155 -476
 7535 -238
 8461 0
 8134 238
 6198 476


