# Created by Octave 3.8.2, Sat Jun 20 03:12:42 2020 CEST <damian@fptrucha.inv.usc.es>
# name: hd
# type: matrix
# rows: 5
# columns: 2
 5767 -476
 8455 -238
 9179 0
 8854 238
 6617 476


