# Created by Octave 3.8.2, Sat Jun 20 07:36:06 2020 CEST <damian@fptrucha.inv.usc.es>
# name: hd
# type: matrix
# rows: 5
# columns: 2
 6038 -476
 8877 -238
 9433 0
 9269 238
 7004 476


