# Created by Octave 3.8.2, Sat Jun 20 03:37:05 2020 CEST <damian@fptrucha.inv.usc.es>
# name: hd
# type: matrix
# rows: 5
# columns: 2
 5711 -476
 8573 -238
 9281 0
 8855 238
 6771 476


