# Created by Octave 3.8.2, Sat Jun 20 09:11:32 2020 CEST <damian@fptrucha.inv.usc.es>
# name: hd
# type: matrix
# rows: 5
# columns: 2
 6046 -476
 9173 -238
 9663 0
 9330 238
 7093 476


