# Created by Octave 3.8.2, Mon Jun 22 14:25:42 2020 CEST <damian@fptrucha.inv.usc.es>
# name: hd
# type: matrix
# rows: 5
# columns: 2
 5446 -476
 8014 -238
 8253 0
 8046 238
 6394 476


