# Created by Octave 3.8.2, Sun Jun 21 08:16:26 2020 CEST <damian@fptrucha.inv.usc.es>
# name: hd
# type: matrix
# rows: 5
# columns: 2
 5062 -476
 7595 -238
 8029 0
 7835 238
 5785 476


