# Created by Octave 3.8.2, Mon Jun 22 05:46:54 2020 CEST <damian@fptrucha.inv.usc.es>
# name: hd
# type: matrix
# rows: 5
# columns: 2
 5230 -476
 7288 -238
 7744 0
 7224 238
 6034 476


