# Created by Octave 3.8.2, Mon Jun 22 16:34:29 2020 CEST <damian@fptrucha.inv.usc.es>
# name: hd
# type: matrix
# rows: 5
# columns: 2
 5545 -476
 8180 -238
 8351 0
 8116 238
 6413 476


