# Created by Octave 3.8.2, Mon Jun 22 20:54:31 2020 CEST <damian@fptrucha.inv.usc.es>
# name: hd
# type: matrix
# rows: 5
# columns: 2
 5635 -476
 8517 -238
 8616 0
 8533 238
 6579 476


