# Created by Octave 3.8.2, Sat Jun 20 03:15:24 2020 CEST <damian@fptrucha.inv.usc.es>
# name: hd
# type: matrix
# rows: 5
# columns: 2
 5634 -476
 8595 -238
 9059 0
 8581 238
 6662 476


