# Created by Octave 3.8.2, Mon Jun 22 02:26:11 2020 CEST <damian@fptrucha.inv.usc.es>
# name: hd
# type: matrix
# rows: 5
# columns: 2
 1313 -476
 1945 -238
 2387 0
 2800 238
 1935 476


