# Created by Octave 3.8.2, Mon Jun 22 20:34:03 2020 CEST <damian@fptrucha.inv.usc.es>
# name: hd
# type: matrix
# rows: 5
# columns: 2
 5635 -476
 8315 -238
 8727 0
 8430 238
 6630 476


