# Created by Octave 3.8.2, Sat Jun 20 20:16:22 2020 CEST <damian@fptrucha.inv.usc.es>
# name: hd
# type: matrix
# rows: 5
# columns: 2
 5179 -476
 7708 -238
 8214 0
 7942 238
 6150 476


