# Created by Octave 3.8.2, Mon Jun 22 00:26:04 2020 CEST <damian@fptrucha.inv.usc.es>
# name: hd
# type: matrix
# rows: 5
# columns: 2
 5336 -476
 8036 -238
 8634 0
 8333 238
 6374 476


