# Created by Octave 3.8.2, Mon Jun 22 02:42:13 2020 CEST <damian@fptrucha.inv.usc.es>
# name: hd
# type: matrix
# rows: 5
# columns: 2
 3356 -476
 4912 -238
 5039 0
 4806 238
 4028 476


