# Created by Octave 3.8.2, Sun Jun 21 02:41:09 2020 CEST <damian@fptrucha.inv.usc.es>
# name: hd
# type: matrix
# rows: 5
# columns: 2
 5087 -476
 7518 -238
 8181 0
 7981 238
 5958 476


