# Created by Octave 3.8.2, Sun Jun 21 05:17:22 2020 CEST <damian@fptrucha.inv.usc.es>
# name: hd
# type: matrix
# rows: 5
# columns: 2
 5212 -476
 7570 -238
 8279 0
 8123 238
 6218 476


