# Created by Octave 3.8.2, Mon Jun 22 08:57:57 2020 CEST <damian@fptrucha.inv.usc.es>
# name: hd
# type: matrix
# rows: 5
# columns: 2
 5392 -476
 7653 -238
 7981 0
 7737 238
 6175 476


