# Created by Octave 3.8.2, Mon Jun 22 17:01:35 2020 CEST <damian@fptrucha.inv.usc.es>
# name: hd
# type: matrix
# rows: 5
# columns: 2
 5477 -476
 8013 -238
 8373 0
 8146 238
 6635 476


