# Created by Octave 3.8.2, Sat Jun 20 07:16:18 2020 CEST <damian@fptrucha.inv.usc.es>
# name: hd
# type: matrix
# rows: 5
# columns: 2
 5821 -476
 8805 -238
 9393 0
 9056 238
 7082 476


