# Created by Octave 3.8.2, Sun Jun 21 04:36:21 2020 CEST <damian@fptrucha.inv.usc.es>
# name: hd
# type: matrix
# rows: 5
# columns: 2
 5098 -476
 7647 -238
 8463 0
 7855 238
 6090 476


