# Created by Octave 3.8.2, Sat Jun 20 14:29:54 2020 CEST <damian@fptrucha.inv.usc.es>
# name: hd
# type: matrix
# rows: 5
# columns: 2
 5380 -476
 8240 -238
 8811 0
 8446 238
 6482 476


