# Created by Octave 3.8.2, Sat Jun 20 09:29:12 2020 CEST <damian@fptrucha.inv.usc.es>
# name: hd
# type: matrix
# rows: 5
# columns: 2
 6012 -476
 8825 -238
 9589 0
 9086 238
 6985 476


