# Created by Octave 3.8.2, Sat Jun 20 13:43:52 2020 CEST <damian@fptrucha.inv.usc.es>
# name: hd
# type: matrix
# rows: 5
# columns: 2
 5618 -476
 8341 -238
 9008 0
 8536 238
 6541 476


