# Created by Octave 3.8.2, Mon Jun 22 09:46:27 2020 CEST <damian@fptrucha.inv.usc.es>
# name: hd
# type: matrix
# rows: 5
# columns: 2
 5258 -476
 7812 -238
 8167 0
 7721 238
 6092 476


