# Created by Octave 3.8.2, Sun Jun 21 00:44:34 2020 CEST <damian@fptrucha.inv.usc.es>
# name: hd
# type: matrix
# rows: 5
# columns: 2
 4907 -476
 7659 -238
 8080 0
 7749 238
 6029 476


