# Created by Octave 3.8.2, Sat Jun 20 12:28:53 2020 CEST <damian@fptrucha.inv.usc.es>
# name: hd
# type: matrix
# rows: 5
# columns: 2
 5739 -476
 8517 -238
 8942 0
 8677 238
 6688 476


