# Created by Octave 3.8.2, Sun Jun 21 06:20:42 2020 CEST <damian@fptrucha.inv.usc.es>
# name: hd
# type: matrix
# rows: 5
# columns: 2
 4997 -476
 7469 -238
 8284 0
 7936 238
 6092 476


