# Created by Octave 3.8.2, Mon Jun 22 21:25:31 2020 CEST <damian@fptrucha.inv.usc.es>
# name: hd
# type: matrix
# rows: 5
# columns: 2
 5610 -476
 8339 -238
 8935 0
 8497 238
 6813 476


