# Created by Octave 3.8.2, Mon Jun 22 19:18:51 2020 CEST <damian@fptrucha.inv.usc.es>
# name: hd
# type: matrix
# rows: 5
# columns: 2
 5483 -476
 8075 -238
 8485 0
 8432 238
 6532 476


