# Created by Octave 3.8.2, Sat Jun 20 10:16:10 2020 CEST <damian@fptrucha.inv.usc.es>
# name: hd
# type: matrix
# rows: 5
# columns: 2
 5795 -476
 8705 -238
 9193 0
 8984 238
 6906 476


