# Created by Octave 3.8.2, Sun Jun 21 07:25:25 2020 CEST <damian@fptrucha.inv.usc.es>
# name: hd
# type: matrix
# rows: 5
# columns: 2
 4856 -476
 7401 -238
 8042 0
 7903 238
 6128 476


