# Created by Octave 3.8.2, Sun Jun 21 03:22:18 2020 CEST <damian@fptrucha.inv.usc.es>
# name: hd
# type: matrix
# rows: 5
# columns: 2
 3354 -476
 5038 -238
 5433 0
 5191 238
 3939 476


