# Created by Octave 3.8.2, Mon Jun 22 08:45:31 2020 CEST <damian@fptrucha.inv.usc.es>
# name: hd
# type: matrix
# rows: 5
# columns: 2
 3470 -476
 5089 -238
 5125 0
 4984 238
 4053 476


