# Created by Octave 3.8.2, Sat Jun 20 02:22:47 2020 CEST <damian@fptrucha.inv.usc.es>
# name: hd
# type: matrix
# rows: 5
# columns: 2
 3748 -476
 5587 -238
 5970 0
 5620 238
 4308 476


