# Created by Octave 3.8.2, Mon Jun 22 14:50:07 2020 CEST <damian@fptrucha.inv.usc.es>
# name: hd
# type: matrix
# rows: 5
# columns: 2
 5483 -476
 8188 -238
 8337 0
 7979 238
 6402 476


