# Created by Octave 3.8.2, Mon Jun 22 14:08:53 2020 CEST <damian@fptrucha.inv.usc.es>
# name: hd
# type: matrix
# rows: 5
# columns: 2
 5417 -476
 7940 -238
 8206 0
 7950 238
 6289 476


