# Created by Octave 3.8.2, Sun Jun 21 00:56:15 2020 CEST <damian@fptrucha.inv.usc.es>
# name: hd
# type: matrix
# rows: 5
# columns: 2
 5024 -476
 7714 -238
 8233 0
 7906 238
 6175 476


