# Created by Octave 3.8.2, Sat Jun 20 22:01:25 2020 CEST <damian@fptrucha.inv.usc.es>
# name: hd
# type: matrix
# rows: 5
# columns: 2
 5166 -476
 7768 -238
 8265 0
 7871 238
 6041 476


