# Created by Octave 3.8.2, Sat Jun 20 17:07:30 2020 CEST <damian@fptrucha.inv.usc.es>
# name: hd
# type: matrix
# rows: 5
# columns: 2
 5229 -476
 7720 -238
 8348 0
 8077 238
 6301 476


