# Created by Octave 3.8.2, Mon Jun 22 16:31:03 2020 CEST <damian@fptrucha.inv.usc.es>
# name: hd
# type: matrix
# rows: 5
# columns: 2
 5577 -476
 8197 -238
 8511 0
 8167 238
 6545 476


