# Created by Octave 3.8.2, Mon Jun 22 02:26:55 2020 CEST <damian@fptrucha.inv.usc.es>
# name: hd
# type: matrix
# rows: 5
# columns: 2
 282 -476
 491 -238
 817 0
 1173 238
 629 476


