# Created by Octave 3.8.2, Sun Jun 21 03:20:29 2020 CEST <damian@fptrucha.inv.usc.es>
# name: hd
# type: matrix
# rows: 5
# columns: 2
 5076 -476
 7526 -238
 8282 0
 7879 238
 5933 476


