# Created by Octave 3.8.2, Sat Jun 20 19:06:41 2020 CEST <damian@fptrucha.inv.usc.es>
# name: hd
# type: matrix
# rows: 5
# columns: 2
 5176 -476
 7744 -238
 8465 0
 7986 238
 6214 476


