# Created by Octave 3.8.2, Sat Jun 20 07:06:08 2020 CEST <damian@fptrucha.inv.usc.es>
# name: hd
# type: matrix
# rows: 5
# columns: 2
 5942 -476
 8981 -238
 9554 0
 9069 238
 6867 476


