# Created by Octave 3.8.2, Mon Jun 22 06:53:03 2020 CEST <damian@fptrucha.inv.usc.es>
# name: hd
# type: matrix
# rows: 5
# columns: 2
 5200 -476
 7485 -238
 7628 0
 7331 238
 6003 476


