# Created by Octave 3.8.2, Sat Jun 20 20:02:18 2020 CEST <damian@fptrucha.inv.usc.es>
# name: hd
# type: matrix
# rows: 5
# columns: 2
 5065 -476
 7554 -238
 8464 0
 7963 238
 6149 476


