# Created by Octave 3.8.2, Sat Jun 20 05:21:13 2020 CEST <damian@fptrucha.inv.usc.es>
# name: hd
# type: matrix
# rows: 5
# columns: 2
 5732 -476
 8552 -238
 9224 0
 8902 238
 6728 476


