# Created by Octave 3.8.2, Mon Jun 22 07:58:12 2020 CEST <damian@fptrucha.inv.usc.es>
# name: hd
# type: matrix
# rows: 5
# columns: 2
 5109 -476
 7629 -238
 7995 0
 7559 238
 6114 476


