# Created by Octave 3.8.2, Mon Jun 22 05:15:58 2020 CEST <damian@fptrucha.inv.usc.es>
# name: hd
# type: matrix
# rows: 5
# columns: 2
 4989 -476
 7291 -238
 7577 0
 7277 238
 5725 476


