# Created by Octave 3.8.2, Sat Jun 20 15:32:54 2020 CEST <damian@fptrucha.inv.usc.es>
# name: hd
# type: matrix
# rows: 5
# columns: 2
 5387 -476
 7967 -238
 8678 0
 8372 238
 6267 476


