# Created by Octave 3.8.2, Sat Jun 20 23:05:12 2020 CEST <damian@fptrucha.inv.usc.es>
# name: hd
# type: matrix
# rows: 5
# columns: 2
 5040 -476
 7643 -238
 8185 0
 8020 238
 6101 476


