# Created by Octave 3.8.2, Mon Jun 22 10:29:53 2020 CEST <damian@fptrucha.inv.usc.es>
# name: hd
# type: matrix
# rows: 5
# columns: 2
 5275 -476
 7629 -238
 8086 0
 7874 238
 6240 476


