# Created by Octave 3.8.2, Mon Jun 22 13:06:45 2020 CEST <damian@fptrucha.inv.usc.es>
# name: hd
# type: matrix
# rows: 5
# columns: 2
 5459 -476
 7930 -238
 8359 0
 7974 238
 6398 476


