# Created by Octave 3.8.2, Sun Jun 21 06:21:51 2020 CEST <damian@fptrucha.inv.usc.es>
# name: hd
# type: matrix
# rows: 5
# columns: 2
 5120 -476
 7390 -238
 7942 0
 7925 238
 5957 476


