# Created by Octave 3.8.2, Sat Jun 20 10:55:27 2020 CEST <damian@fptrucha.inv.usc.es>
# name: hd
# type: matrix
# rows: 5
# columns: 2
 5795 -476
 8791 -238
 9510 0
 8910 238
 6927 476


