# Created by Octave 3.8.2, Mon Jun 22 18:59:45 2020 CEST <damian@fptrucha.inv.usc.es>
# name: hd
# type: matrix
# rows: 5
# columns: 2
 5540 -476
 8177 -238
 8571 0
 8432 238
 6602 476


