# Created by Octave 3.8.2, Mon Jun 22 01:40:19 2020 CEST <damian@fptrucha.inv.usc.es>
# name: hd
# type: matrix
# rows: 5
# columns: 2
 5441 -476
 8010 -238
 8561 0
 8232 238
 6467 476


