# Created by Octave 3.8.2, Sat Jun 20 21:05:40 2020 CEST <damian@fptrucha.inv.usc.es>
# name: hd
# type: matrix
# rows: 5
# columns: 2
 5110 -476
 7794 -238
 8335 0
 8055 238
 6099 476


