# Created by Octave 3.8.2, Sat Jun 20 03:53:41 2020 CEST <damian@fptrucha.inv.usc.es>
# name: hd
# type: matrix
# rows: 5
# columns: 2
 5841 -476
 8678 -238
 9271 0
 8788 238
 6781 476


