# Created by Octave 3.8.2, Sat Jun 20 16:32:41 2020 CEST <damian@fptrucha.inv.usc.es>
# name: hd
# type: matrix
# rows: 5
# columns: 2
 5192 -476
 7863 -238
 8513 0
 8257 238
 6260 476


