# Created by Octave 3.8.2, Mon Jun 22 18:38:23 2020 CEST <damian@fptrucha.inv.usc.es>
# name: hd
# type: matrix
# rows: 5
# columns: 2
 5429 -476
 8223 -238
 8680 0
 8262 238
 6483 476


