# Created by Octave 3.8.2, Mon Jun 22 09:03:40 2020 CEST <damian@fptrucha.inv.usc.es>
# name: hd
# type: matrix
# rows: 5
# columns: 2
 3454 -476
 4910 -238
 5335 0
 4927 238
 4079 476


