# Created by Octave 3.8.2, Mon Jun 22 02:33:08 2020 CEST <damian@fptrucha.inv.usc.es>
# name: hd
# type: matrix
# rows: 5
# columns: 2
 5064 -476
 7371 -238
 7656 0
 7299 238
 6007 476


