# Created by Octave 3.8.2, Mon Jun 22 02:20:52 2020 CEST <damian@fptrucha.inv.usc.es>
# name: hd
# type: matrix
# rows: 5
# columns: 2
 5384 -476
 7689 -238
 8014 0
 7722 238
 6345 476


