# Created by Octave 3.8.2, Sun Jun 21 04:13:16 2020 CEST <damian@fptrucha.inv.usc.es>
# name: hd
# type: matrix
# rows: 5
# columns: 2
 4962 -476
 7615 -238
 8156 0
 7845 238
 6031 476


