# Created by Octave 3.8.2, Sat Jun 20 18:02:24 2020 CEST <damian@fptrucha.inv.usc.es>
# name: hd
# type: matrix
# rows: 5
# columns: 2
 5190 -476
 7930 -238
 8368 0
 8069 238
 6070 476


