# Created by Octave 3.8.2, Mon Jun 22 06:31:37 2020 CEST <damian@fptrucha.inv.usc.es>
# name: hd
# type: matrix
# rows: 5
# columns: 2
 5139 -476
 7654 -238
 7775 0
 7210 238
 6078 476


