# Created by Octave 3.8.2, Sat Jun 20 21:27:04 2020 CEST <damian@fptrucha.inv.usc.es>
# name: hd
# type: matrix
# rows: 5
# columns: 2
 3414 -476
 5054 -238
 5297 0
 5211 238
 3971 476


