# Created by Octave 3.8.2, Sat Jun 20 11:49:59 2020 CEST <damian@fptrucha.inv.usc.es>
# name: hd
# type: matrix
# rows: 5
# columns: 2
 5655 -476
 8430 -238
 9223 0
 8765 238
 6826 476


