# Created by Octave 3.8.2, Mon Jun 22 23:49:07 2020 CEST <damian@fptrucha.inv.usc.es>
# name: hd
# type: matrix
# rows: 5
# columns: 2
 5602 -476
 8400 -238
 8834 0
 8585 238
 6775 476


