# Created by Octave 3.8.2, Sat Jun 20 20:30:15 2020 CEST <damian@fptrucha.inv.usc.es>
# name: hd
# type: matrix
# rows: 5
# columns: 2
 5171 -476
 7742 -238
 8515 0
 7992 238
 6237 476


