# Created by Octave 3.8.2, Sat Jun 20 21:10:48 2020 CEST <damian@fptrucha.inv.usc.es>
# name: hd
# type: matrix
# rows: 5
# columns: 2
 5092 -476
 7765 -238
 8276 0
 8060 238
 6231 476


