# Created by Octave 3.8.2, Mon Jun 22 11:20:26 2020 CEST <damian@fptrucha.inv.usc.es>
# name: hd
# type: matrix
# rows: 5
# columns: 2
 5411 -476
 7873 -238
 8289 0
 7768 238
 6295 476


