# Created by Octave 3.8.2, Mon Jun 22 05:43:57 2020 CEST <damian@fptrucha.inv.usc.es>
# name: hd
# type: matrix
# rows: 5
# columns: 2
 5060 -476
 7313 -238
 7575 0
 7312 238
 6122 476


