# Created by Octave 3.8.2, Sat Jun 20 03:04:46 2020 CEST <damian@fptrucha.inv.usc.es>
# name: hd
# type: matrix
# rows: 5
# columns: 2
 5764 -476
 8440 -238
 9237 0
 8664 238
 6814 476


