# Created by Octave 3.8.2, Sat Jun 20 06:37:42 2020 CEST <damian@fptrucha.inv.usc.es>
# name: hd
# type: matrix
# rows: 5
# columns: 2
 5954 -476
 8952 -238
 9383 0
 9079 238
 6916 476


