# Created by Octave 3.8.2, Sat Jun 20 02:30:58 2020 CEST <damian@fptrucha.inv.usc.es>
# name: hd
# type: matrix
# rows: 5
# columns: 2
 5681 -476
 8476 -238
 9019 0
 8704 238
 6548 476


