# Created by Octave 3.8.2, Sun Jun 21 01:39:53 2020 CEST <damian@fptrucha.inv.usc.es>
# name: hd
# type: matrix
# rows: 5
# columns: 2
 4975 -476
 7449 -238
 8283 0
 7864 238
 5982 476


