# Created by Octave 3.8.2, Sun Jun 21 06:57:29 2020 CEST <damian@fptrucha.inv.usc.es>
# name: hd
# type: matrix
# rows: 5
# columns: 2
 5031 -476
 7396 -238
 8124 0
 7673 238
 5877 476


