# Created by Octave 3.8.2, Mon Jun 22 07:49:23 2020 CEST <damian@fptrucha.inv.usc.es>
# name: hd
# type: matrix
# rows: 5
# columns: 2
 5207 -476
 7604 -238
 7854 0
 7558 238
 6249 476


