# Created by Octave 3.8.2, Mon Jun 22 15:28:05 2020 CEST <damian@fptrucha.inv.usc.es>
# name: hd
# type: matrix
# rows: 5
# columns: 2
 5668 -476
 8307 -238
 8618 0
 8087 238
 6463 476


