# Created by Octave 3.8.2, Mon Jun 22 22:20:23 2020 CEST <damian@fptrucha.inv.usc.es>
# name: hd
# type: matrix
# rows: 5
# columns: 2
 5725 -476
 8307 -238
 8847 0
 8464 238
 6712 476


