# Created by Octave 3.8.2, Sat Jun 20 20:59:44 2020 CEST <damian@fptrucha.inv.usc.es>
# name: hd
# type: matrix
# rows: 5
# columns: 2
 5060 -476
 7714 -238
 8272 0
 8067 238
 6091 476


