# Created by Octave 3.8.2, Sun Jun 21 06:39:32 2020 CEST <damian@fptrucha.inv.usc.es>
# name: hd
# type: matrix
# rows: 5
# columns: 2
 3388 -476
 5088 -238
 5601 0
 5487 238
 4235 476


