# Created by Octave 3.8.2, Sat Jun 20 14:04:34 2020 CEST <damian@fptrucha.inv.usc.es>
# name: hd
# type: matrix
# rows: 5
# columns: 2
 5594 -476
 8390 -238
 8743 0
 8510 238
 6608 476


