# Created by Octave 3.8.2, Sat Jun 20 15:16:06 2020 CEST <damian@fptrucha.inv.usc.es>
# name: hd
# type: matrix
# rows: 5
# columns: 2
 5439 -476
 7836 -238
 8602 0
 8304 238
 6264 476


