# Created by Octave 3.8.2, Sat Jun 20 03:18:14 2020 CEST <damian@fptrucha.inv.usc.es>
# name: hd
# type: matrix
# rows: 5
# columns: 2
 5775 -476
 8643 -238
 9348 0
 8727 238
 6816 476


