# Created by Octave 3.8.2, Mon Jun 22 14:56:43 2020 CEST <damian@fptrucha.inv.usc.es>
# name: hd
# type: matrix
# rows: 5
# columns: 2
 5456 -476
 8136 -238
 8489 0
 8170 238
 6594 476


