# Created by Octave 3.8.2, Sat Jun 20 07:13:22 2020 CEST <damian@fptrucha.inv.usc.es>
# name: hd
# type: matrix
# rows: 5
# columns: 2
 6005 -476
 8965 -238
 9532 0
 9074 238
 7027 476


