# Created by Octave 3.8.2, Mon Jun 22 14:33:09 2020 CEST <damian@fptrucha.inv.usc.es>
# name: hd
# type: matrix
# rows: 5
# columns: 2
 5459 -476
 8012 -238
 8372 0
 7873 238
 6359 476


