# Created by Octave 3.8.2, Mon Jun 22 10:02:39 2020 CEST <damian@fptrucha.inv.usc.es>
# name: hd
# type: matrix
# rows: 5
# columns: 2
 5296 -476
 8009 -238
 8189 0
 7803 238
 6401 476


