# Created by Octave 3.8.2, Sun Jun 21 03:04:14 2020 CEST <damian@fptrucha.inv.usc.es>
# name: hd
# type: matrix
# rows: 5
# columns: 2
 4923 -476
 7473 -238
 8136 0
 7889 238
 6092 476


