# Created by Octave 3.8.2, Mon Jun 22 09:18:09 2020 CEST <damian@fptrucha.inv.usc.es>
# name: hd
# type: matrix
# rows: 5
# columns: 2
 5266 -476
 7731 -238
 8028 0
 7564 238
 6176 476


