# Created by Octave 3.8.2, Sun Jun 21 06:40:41 2020 CEST <damian@fptrucha.inv.usc.es>
# name: hd
# type: matrix
# rows: 5
# columns: 2
 5263 -476
 7738 -238
 8507 0
 8165 238
 6192 476


