# Created by Octave 3.8.2, Sat Jun 20 14:11:01 2020 CEST <damian@fptrucha.inv.usc.es>
# name: hd
# type: matrix
# rows: 5
# columns: 2
 5500 -476
 8161 -238
 8668 0
 8432 238
 6783 476


