# Created by Octave 3.8.2, Sun Jun 21 03:41:02 2020 CEST <damian@fptrucha.inv.usc.es>
# name: hd
# type: matrix
# rows: 5
# columns: 2
 4943 -476
 7555 -238
 8179 0
 7898 238
 6081 476


