# Created by Octave 3.8.2, Mon Jun 22 20:53:20 2020 CEST <damian@fptrucha.inv.usc.es>
# name: hd
# type: matrix
# rows: 5
# columns: 2
 5606 -476
 8298 -238
 8693 0
 8510 238
 6598 476


