# Created by Octave 3.8.2, Mon Jun 22 19:34:57 2020 CEST <damian@fptrucha.inv.usc.es>
# name: hd
# type: matrix
# rows: 5
# columns: 2
 5510 -476
 8145 -238
 8758 0
 8190 238
 6641 476


