# Created by Octave 3.8.2, Mon Jun 22 21:53:33 2020 CEST <damian@fptrucha.inv.usc.es>
# name: hd
# type: matrix
# rows: 5
# columns: 2
 5521 -476
 8417 -238
 8674 0
 8572 238
 6628 476


