# Created by Octave 3.8.2, Sat Jun 20 19:02:49 2020 CEST <damian@fptrucha.inv.usc.es>
# name: hd
# type: matrix
# rows: 5
# columns: 2
 5138 -476
 7692 -238
 8373 0
 7973 238
 6068 476


