# Created by Octave 3.8.2, Sat Jun 20 07:47:56 2020 CEST <damian@fptrucha.inv.usc.es>
# name: hd
# type: matrix
# rows: 5
# columns: 2
 5929 -476
 8770 -238
 9498 0
 9085 238
 7041 476


