# Created by Octave 3.8.2, Sun Jun 21 02:04:31 2020 CEST <damian@fptrucha.inv.usc.es>
# name: hd
# type: matrix
# rows: 5
# columns: 2
 5005 -476
 7678 -238
 8202 0
 7802 238
 5925 476


