# Created by Octave 3.8.2, Mon Jun 22 03:49:52 2020 CEST <damian@fptrucha.inv.usc.es>
# name: hd
# type: matrix
# rows: 5
# columns: 2
 3340 -476
 4960 -238
 5081 0
 4758 238
 4045 476


