# Created by Octave 3.8.2, Sat Jun 20 17:03:38 2020 CEST <damian@fptrucha.inv.usc.es>
# name: hd
# type: matrix
# rows: 5
# columns: 2
 5098 -476
 7630 -238
 8463 0
 7973 238
 6271 476


