# Created by Octave 3.8.2, Sat Jun 20 19:49:50 2020 CEST <damian@fptrucha.inv.usc.es>
# name: hd
# type: matrix
# rows: 5
# columns: 2
 5089 -476
 7721 -238
 8247 0
 8048 238
 6235 476


