# Created by Octave 3.8.2, Sat Jun 20 08:16:14 2020 CEST <damian@fptrucha.inv.usc.es>
# name: hd
# type: matrix
# rows: 5
# columns: 2
 6018 -476
 9092 -238
 9551 0
 9248 238
 6978 476


