# Created by Octave 3.8.2, Sat Jun 20 15:09:27 2020 CEST <damian@fptrucha.inv.usc.es>
# name: hd
# type: matrix
# rows: 5
# columns: 2
 5380 -476
 8173 -238
 8824 0
 8215 238
 6403 476


