# Created by Octave 3.8.2, Mon Jun 22 18:41:53 2020 CEST <damian@fptrucha.inv.usc.es>
# name: hd
# type: matrix
# rows: 5
# columns: 2
 5692 -476
 8138 -238
 8657 0
 8274 238
 6702 476


