# Created by Octave 3.8.2, Mon Jun 22 11:02:51 2020 CEST <damian@fptrucha.inv.usc.es>
# name: hd
# type: matrix
# rows: 5
# columns: 2
 5399 -476
 7906 -238
 8321 0
 7970 238
 6438 476


