# Created by Octave 3.8.2, Sat Jun 20 04:21:34 2020 CEST <damian@fptrucha.inv.usc.es>
# name: hd
# type: matrix
# rows: 5
# columns: 2
 5858 -476
 8907 -238
 9138 0
 8886 238
 6884 476


