# Created by Octave 3.8.2, Mon Jun 22 22:23:30 2020 CEST <damian@fptrucha.inv.usc.es>
# name: hd
# type: matrix
# rows: 5
# columns: 2
 5674 -476
 8558 -238
 8760 0
 8746 238
 6744 476


