# Created by Octave 3.8.2, Sat Jun 20 03:22:22 2020 CEST <damian@fptrucha.inv.usc.es>
# name: hd
# type: matrix
# rows: 5
# columns: 2
 5818 -476
 8555 -238
 9316 0
 8803 238
 6730 476


