# Created by Octave 3.8.2, Sat Jun 20 18:33:22 2020 CEST <damian@fptrucha.inv.usc.es>
# name: hd
# type: matrix
# rows: 5
# columns: 2
 5196 -476
 7708 -238
 8115 0
 8058 238
 6186 476


