# Created by Octave 3.8.2, Mon Jun 22 12:27:25 2020 CEST <damian@fptrucha.inv.usc.es>
# name: hd
# type: matrix
# rows: 5
# columns: 2
 5524 -476
 8051 -238
 8308 0
 7815 238
 6360 476


