# Created by Octave 3.8.2, Mon Jun 22 02:38:47 2020 CEST <damian@fptrucha.inv.usc.es>
# name: hd
# type: matrix
# rows: 5
# columns: 2
 5114 -476
 7389 -238
 7614 0
 7256 238
 6011 476


