# Created by Octave 3.8.2, Mon Jun 22 07:07:41 2020 CEST <damian@fptrucha.inv.usc.es>
# name: hd
# type: matrix
# rows: 5
# columns: 2
 5092 -476
 7621 -238
 7723 0
 7447 238
 6048 476


