# Created by Octave 3.8.2, Mon Jun 22 17:20:16 2020 CEST <damian@fptrucha.inv.usc.es>
# name: hd
# type: matrix
# rows: 5
# columns: 2
 5483 -476
 8208 -238
 8531 0
 8278 238
 6624 476


