# Created by Octave 3.8.2, Sat Jun 20 16:00:33 2020 CEST <damian@fptrucha.inv.usc.es>
# name: hd
# type: matrix
# rows: 5
# columns: 2
 5372 -476
 7999 -238
 8689 0
 8304 238
 6402 476


