# Created by Octave 3.8.2, Mon Jun 22 13:36:24 2020 CEST <damian@fptrucha.inv.usc.es>
# name: hd
# type: matrix
# rows: 5
# columns: 2
 5476 -476
 8210 -238
 8346 0
 8042 238
 6238 476


