# Created by Octave 3.8.2, Mon Jun 22 05:37:06 2020 CEST <damian@fptrucha.inv.usc.es>
# name: hd
# type: matrix
# rows: 5
# columns: 2
 5104 -476
 7459 -238
 7526 0
 7313 238
 5902 476


