# Created by Octave 3.8.2, Mon Jun 22 15:16:08 2020 CEST <damian@fptrucha.inv.usc.es>
# name: hd
# type: matrix
# rows: 5
# columns: 2
 5544 -476
 8321 -238
 8630 0
 8253 238
 6528 476


