# Created by Octave 3.8.2, Mon Jun 22 10:26:44 2020 CEST <damian@fptrucha.inv.usc.es>
# name: hd
# type: matrix
# rows: 5
# columns: 2
 5240 -476
 7844 -238
 8232 0
 7953 238
 6195 476


