# Created by Octave 3.8.2, Mon Jun 22 01:16:02 2020 CEST <damian@fptrucha.inv.usc.es>
# name: hd
# type: matrix
# rows: 5
# columns: 2
 5114 -476
 7509 -238
 8328 0
 7997 238
 6214 476


