# Created by Octave 3.8.2, Mon Jun 22 20:44:06 2020 CEST <damian@fptrucha.inv.usc.es>
# name: hd
# type: matrix
# rows: 5
# columns: 2
 5429 -476
 8381 -238
 8701 0
 8374 238
 6559 476


