# Created by Octave 3.8.2, Sat Jun 20 21:04:23 2020 CEST <damian@fptrucha.inv.usc.es>
# name: hd
# type: matrix
# rows: 5
# columns: 2
 3410 -476
 4967 -238
 5345 0
 5169 238
 4064 476


