# Created by Octave 3.8.2, Sat Jun 20 12:48:03 2020 CEST <damian@fptrucha.inv.usc.es>
# name: hd
# type: matrix
# rows: 5
# columns: 2
 5709 -476
 8341 -238
 9032 0
 8787 238
 6790 476


