# Created by Octave 3.8.2, Mon Jun 22 07:22:20 2020 CEST <damian@fptrucha.inv.usc.es>
# name: hd
# type: matrix
# rows: 5
# columns: 2
 5078 -476
 7672 -238
 7811 0
 7589 238
 6079 476


