# Created by Octave 3.8.2, Sat Jun 20 15:01:24 2020 CEST <damian@fptrucha.inv.usc.es>
# name: hd
# type: matrix
# rows: 5
# columns: 2
 5426 -476
 7997 -238
 8752 0
 8340 238
 6433 476


