# Created by Octave 3.8.2, Mon Jun 22 13:05:42 2020 CEST <damian@fptrucha.inv.usc.es>
# name: hd
# type: matrix
# rows: 5
# columns: 2
 3542 -476
 5202 -238
 5410 0
 5317 238
 4133 476


