# Created by Octave 3.8.2, Mon Jun 22 20:24:43 2020 CEST <damian@fptrucha.inv.usc.es>
# name: hd
# type: matrix
# rows: 5
# columns: 2
 5597 -476
 8370 -238
 8611 0
 8252 238
 6654 476


