# Created by Octave 3.8.2, Mon Jun 22 12:07:45 2020 CEST <damian@fptrucha.inv.usc.es>
# name: hd
# type: matrix
# rows: 5
# columns: 2
 5410 -476
 7940 -238
 8109 0
 7782 238
 6384 476


