# Created by Octave 3.8.2, Mon Jun 22 05:26:38 2020 CEST <damian@fptrucha.inv.usc.es>
# name: hd
# type: matrix
# rows: 5
# columns: 2
 5059 -476
 7262 -238
 7689 0
 7334 238
 6187 476


