# Created by Octave 3.8.2, Sat Jun 20 05:59:35 2020 CEST <damian@fptrucha.inv.usc.es>
# name: hd
# type: matrix
# rows: 5
# columns: 2
 5772 -476
 8679 -238
 9522 0
 9074 238
 6986 476


