# Created by Octave 3.8.2, Mon Jun 22 17:33:53 2020 CEST <damian@fptrucha.inv.usc.es>
# name: hd
# type: matrix
# rows: 5
# columns: 2
 5540 -476
 8122 -238
 8487 0
 8324 238
 6535 476


