# Created by Octave 3.8.2, Sat Jun 20 17:51:07 2020 CEST <damian@fptrucha.inv.usc.es>
# name: hd
# type: matrix
# rows: 5
# columns: 2
 5184 -476
 7838 -238
 8374 0
 8056 238
 6168 476


