# Created by Octave 3.8.2, Sun Jun 21 00:28:50 2020 CEST <damian@fptrucha.inv.usc.es>
# name: hd
# type: matrix
# rows: 5
# columns: 2
 5002 -476
 7438 -238
 8213 0
 7910 238
 5936 476


