# Created by Octave 3.8.2, Sat Jun 20 22:00:06 2020 CEST <damian@fptrucha.inv.usc.es>
# name: hd
# type: matrix
# rows: 5
# columns: 2
 4984 -476
 7651 -238
 8193 0
 7927 238
 6141 476


