# Created by Octave 3.8.2, Tue Jun 23 00:47:51 2020 CEST <damian@fptrucha.inv.usc.es>
# name: hd
# type: matrix
# rows: 5
# columns: 2
 5687 -476
 8497 -238
 8763 0
 8698 238
 6653 476


