# Created by Octave 3.8.2, Mon Jun 22 02:07:08 2020 CEST <damian@fptrucha.inv.usc.es>
# name: hd
# type: matrix
# rows: 5
# columns: 2
 5211 -476
 7656 -238
 8177 0
 7961 238
 6376 476


