# Created by Octave 3.8.2, Sat Jun 20 12:01:11 2020 CEST <damian@fptrucha.inv.usc.es>
# name: hd
# type: matrix
# rows: 5
# columns: 2
 5814 -476
 8564 -238
 9061 0
 8861 238
 6696 476


