# Created by Octave 3.8.2, Mon Jun 22 00:36:13 2020 CEST <damian@fptrucha.inv.usc.es>
# name: hd
# type: matrix
# rows: 5
# columns: 2
 5118 -476
 7630 -238
 8285 0
 7829 238
 6084 476


