# Created by Octave 3.8.2, Sat Jun 20 03:39:46 2020 CEST <damian@fptrucha.inv.usc.es>
# name: hd
# type: matrix
# rows: 5
# columns: 2
 5703 -476
 8269 -238
 9043 0
 8598 238
 6475 476


