# Created by Octave 3.8.2, Sun Jun 21 06:35:18 2020 CEST <damian@fptrucha.inv.usc.es>
# name: hd
# type: matrix
# rows: 5
# columns: 2
 5253 -476
 7896 -238
 8699 0
 8275 238
 6273 476


