# Created by Octave 3.8.2, Mon Jun 22 10:17:34 2020 CEST <damian@fptrucha.inv.usc.es>
# name: hd
# type: matrix
# rows: 5
# columns: 2
 5354 -476
 7754 -238
 8260 0
 7726 238
 6208 476


