# Created by Octave 3.8.2, Mon Jun 22 12:14:48 2020 CEST <damian@fptrucha.inv.usc.es>
# name: hd
# type: matrix
# rows: 5
# columns: 2
 5427 -476
 7791 -238
 8201 0
 7907 238
 6203 476


