# Created by Octave 3.8.2, Sun Jun 21 05:48:55 2020 CEST <damian@fptrucha.inv.usc.es>
# name: hd
# type: matrix
# rows: 5
# columns: 2
 5125 -476
 7723 -238
 8186 0
 7829 238
 6134 476


