# Created by Octave 3.8.2, Mon Jun 22 18:43:04 2020 CEST <damian@fptrucha.inv.usc.es>
# name: hd
# type: matrix
# rows: 5
# columns: 2
 5589 -476
 8285 -238
 8694 0
 8400 238
 6569 476


