# Created by Octave 3.8.2, Mon Jun 22 05:53:24 2020 CEST <damian@fptrucha.inv.usc.es>
# name: hd
# type: matrix
# rows: 5
# columns: 2
 5175 -476
 7398 -238
 7635 0
 7364 238
 5913 476


