# Created by Octave 3.8.2, Mon Jun 22 08:28:17 2020 CEST <damian@fptrucha.inv.usc.es>
# name: hd
# type: matrix
# rows: 5
# columns: 2
 5260 -476
 7728 -238
 7951 0
 7623 238
 6105 476


