# Created by Octave 3.8.2, Sat Jun 20 18:45:02 2020 CEST <damian@fptrucha.inv.usc.es>
# name: hd
# type: matrix
# rows: 5
# columns: 2
 5107 -476
 7998 -238
 8176 0
 8009 238
 6334 476


