# Created by Octave 3.8.2, Mon Jun 22 20:27:03 2020 CEST <damian@fptrucha.inv.usc.es>
# name: hd
# type: matrix
# rows: 5
# columns: 2
 5603 -476
 8437 -238
 8911 0
 8497 238
 6602 476


