# Created by Octave 3.8.2, Mon Jun 22 07:26:23 2020 CEST <damian@fptrucha.inv.usc.es>
# name: hd
# type: matrix
# rows: 5
# columns: 2
 5114 -476
 7599 -238
 7872 0
 7557 238
 6108 476


