# Created by Octave 3.8.2, Sun Jun 21 02:07:24 2020 CEST <damian@fptrucha.inv.usc.es>
# name: hd
# type: matrix
# rows: 5
# columns: 2
 5002 -476
 7580 -238
 8078 0
 7932 238
 6019 476


