# Created by Octave 3.8.2, Mon Jun 22 01:17:01 2020 CEST <damian@fptrucha.inv.usc.es>
# name: hd
# type: matrix
# rows: 5
# columns: 2
 5168 -476
 7601 -238
 8393 0
 7966 238
 6037 476


