# Created by Octave 3.8.2, Mon Jun 22 22:53:04 2020 CEST <damian@fptrucha.inv.usc.es>
# name: hd
# type: matrix
# rows: 5
# columns: 2
 5638 -476
 8641 -238
 8878 0
 8688 238
 6718 476


