# Created by Octave 3.8.2, Mon Jun 22 13:43:34 2020 CEST <damian@fptrucha.inv.usc.es>
# name: hd
# type: matrix
# rows: 5
# columns: 2
 3700 -476
 5382 -238
 5464 0
 5090 238
 4233 476


