# Created by Octave 3.8.2, Sat Jun 20 19:58:25 2020 CEST <damian@fptrucha.inv.usc.es>
# name: hd
# type: matrix
# rows: 5
# columns: 2
 5078 -476
 7790 -238
 8323 0
 7942 238
 6263 476


