# Created by Octave 3.8.2, Mon Jun 22 07:57:09 2020 CEST <damian@fptrucha.inv.usc.es>
# name: hd
# type: matrix
# rows: 5
# columns: 2
 5151 -476
 7713 -238
 7926 0
 7449 238
 6137 476


