# Created by Octave 3.8.2, Sat Jun 20 18:25:27 2020 CEST <damian@fptrucha.inv.usc.es>
# name: hd
# type: matrix
# rows: 5
# columns: 2
 5186 -476
 7839 -238
 8181 0
 8031 238
 6163 476


