# Created by Octave 3.8.2, Mon Jun 22 20:21:13 2020 CEST <damian@fptrucha.inv.usc.es>
# name: hd
# type: matrix
# rows: 5
# columns: 2
 5546 -476
 8240 -238
 8677 0
 8568 238
 6601 476


