# Created by Octave 3.8.2, Sat Jun 20 22:23:06 2020 CEST <damian@fptrucha.inv.usc.es>
# name: hd
# type: matrix
# rows: 5
# columns: 2
 5067 -476
 7611 -238
 8130 0
 7929 238
 6244 476


