# Created by Octave 3.8.2, Sun Jun 21 04:17:47 2020 CEST <damian@fptrucha.inv.usc.es>
# name: hd
# type: matrix
# rows: 5
# columns: 2
 4979 -476
 7648 -238
 8206 0
 7871 238
 6116 476


