# Created by Octave 3.8.2, Mon Jun 22 16:40:41 2020 CEST <damian@fptrucha.inv.usc.es>
# name: hd
# type: matrix
# rows: 5
# columns: 2
 5601 -476
 8089 -238
 8335 0
 8091 238
 6568 476


