# Created by Octave 3.8.2, Sat Jun 20 15:53:55 2020 CEST <damian@fptrucha.inv.usc.es>
# name: hd
# type: matrix
# rows: 5
# columns: 2
 5342 -476
 8199 -238
 8506 0
 8135 238
 6248 476


