# Created by Octave 3.8.2, Mon Jun 22 04:02:23 2020 CEST <damian@fptrucha.inv.usc.es>
# name: hd
# type: matrix
# rows: 5
# columns: 2
 5084 -476
 7279 -238
 7593 0
 7433 238
 6083 476


