# Created by Octave 3.8.2, Sat Jun 20 21:17:11 2020 CEST <damian@fptrucha.inv.usc.es>
# name: hd
# type: matrix
# rows: 5
# columns: 2
 5095 -476
 7780 -238
 8211 0
 8076 238
 6018 476


