# Created by Octave 3.8.2, Sat Jun 20 18:29:28 2020 CEST <damian@fptrucha.inv.usc.es>
# name: hd
# type: matrix
# rows: 5
# columns: 2
 5272 -476
 7858 -238
 8405 0
 8090 238
 6196 476


