# Created by Octave 3.8.2, Mon Jun 22 16:23:20 2020 CEST <damian@fptrucha.inv.usc.es>
# name: hd
# type: matrix
# rows: 5
# columns: 2
 5446 -476
 8215 -238
 8460 0
 8266 238
 6526 476


