# Created by Octave 3.8.2, Mon Jun 22 05:25:40 2020 CEST <damian@fptrucha.inv.usc.es>
# name: hd
# type: matrix
# rows: 5
# columns: 2
 4956 -476
 7377 -238
 7626 0
 7291 238
 6103 476


