# Created by Octave 3.8.2, Sat Jun 20 09:34:32 2020 CEST <damian@fptrucha.inv.usc.es>
# name: hd
# type: matrix
# rows: 5
# columns: 2
 6068 -476
 8830 -238
 9536 0
 9277 238
 7029 476


