# Created by Octave 3.8.2, Mon Jun 22 06:05:54 2020 CEST <damian@fptrucha.inv.usc.es>
# name: hd
# type: matrix
# rows: 5
# columns: 2
 5152 -476
 7492 -238
 7754 0
 7451 238
 6225 476


