# Created by Octave 3.8.2, Mon Jun 22 03:58:34 2020 CEST <damian@fptrucha.inv.usc.es>
# name: hd
# type: matrix
# rows: 5
# columns: 2
 4859 -476
 7254 -238
 7481 0
 7307 238
 6061 476


