# Created by Octave 3.8.2, Mon Jun 22 22:15:37 2020 CEST <damian@fptrucha.inv.usc.es>
# name: hd
# type: matrix
# rows: 5
# columns: 2
 5608 -476
 8433 -238
 8969 0
 8432 238
 6751 476


