# Created by Octave 3.8.2, Mon Jun 22 06:04:55 2020 CEST <damian@fptrucha.inv.usc.es>
# name: hd
# type: matrix
# rows: 5
# columns: 2
 3398 -476
 4910 -238
 5095 0
 4772 238
 4016 476


