# Created by Octave 3.8.2, Mon Jun 22 19:15:51 2020 CEST <damian@fptrucha.inv.usc.es>
# name: hd
# type: matrix
# rows: 5
# columns: 2
 5569 -476
 8240 -238
 8707 0
 8354 238
 6483 476


