# Created by Octave 3.8.2, Mon Jun 22 09:19:14 2020 CEST <damian@fptrucha.inv.usc.es>
# name: hd
# type: matrix
# rows: 5
# columns: 2
 5283 -476
 7700 -238
 8112 0
 7755 238
 6241 476


