# Created by Octave 3.8.2, Sun Jun 21 06:29:30 2020 CEST <damian@fptrucha.inv.usc.es>
# name: hd
# type: matrix
# rows: 5
# columns: 2
 4923 -476
 7476 -238
 8240 0
 7961 238
 6067 476


