# Created by Octave 3.8.2, Sat Jun 20 10:33:06 2020 CEST <damian@fptrucha.inv.usc.es>
# name: hd
# type: matrix
# rows: 5
# columns: 2
 5896 -476
 8694 -238
 9361 0
 9023 238
 6916 476


