# Created by Octave 3.8.2, Mon Jun 22 10:19:17 2020 CEST <damian@fptrucha.inv.usc.es>
# name: hd
# type: matrix
# rows: 5
# columns: 2
 5230 -476
 7849 -238
 8423 0
 7849 238
 6273 476


