# Created by Octave 3.8.2, Mon Jun 22 20:32:55 2020 CEST <damian@fptrucha.inv.usc.es>
# name: hd
# type: matrix
# rows: 5
# columns: 2
 5478 -476
 8197 -238
 8767 0
 8560 238
 6787 476


