# Created by Octave 3.8.2, Sat Jun 20 02:51:06 2020 CEST <damian@fptrucha.inv.usc.es>
# name: hd
# type: matrix
# rows: 5
# columns: 2
 5783 -476
 8652 -238
 9048 0
 8624 238
 6728 476


