# Created by Octave 3.8.2, Mon Jun 22 12:09:29 2020 CEST <damian@fptrucha.inv.usc.es>
# name: hd
# type: matrix
# rows: 5
# columns: 2
 3530 -476
 5200 -238
 5291 0
 5093 238
 4137 476


