# Created by Octave 3.8.2, Mon Jun 22 22:44:39 2020 CEST <damian@fptrucha.inv.usc.es>
# name: hd
# type: matrix
# rows: 5
# columns: 2
 5587 -476
 8313 -238
 8786 0
 8601 238
 6605 476


