# Created by Octave 3.8.2, Sat Jun 20 09:27:44 2020 CEST <damian@fptrucha.inv.usc.es>
# name: hd
# type: matrix
# rows: 5
# columns: 2
 5865 -476
 9032 -238
 9564 0
 9222 238
 6964 476


