# Created by Octave 3.8.2, Mon Jun 22 15:07:20 2020 CEST <damian@fptrucha.inv.usc.es>
# name: hd
# type: matrix
# rows: 5
# columns: 2
 5475 -476
 8205 -238
 8702 0
 8010 238
 6492 476


