# Created by Octave 3.8.2, Sun Jun 21 01:26:14 2020 CEST <damian@fptrucha.inv.usc.es>
# name: hd
# type: matrix
# rows: 5
# columns: 2
 5002 -476
 7481 -238
 8072 0
 7873 238
 5945 476


