# Created by Octave 3.8.2, Mon Jun 22 04:28:08 2020 CEST <damian@fptrucha.inv.usc.es>
# name: hd
# type: matrix
# rows: 5
# columns: 2
 4881 -476
 7028 -238
 7422 0
 7111 238
 5823 476


