# Created by Octave 3.8.2, Mon Jun 22 12:30:12 2020 CEST <damian@fptrucha.inv.usc.es>
# name: hd
# type: matrix
# rows: 5
# columns: 2
 5373 -476
 7897 -238
 8512 0
 7894 238
 6356 476


