# Created by Octave 3.8.2, Mon Jun 22 23:03:55 2020 CEST <damian@fptrucha.inv.usc.es>
# name: hd
# type: matrix
# rows: 5
# columns: 2
 5679 -476
 8527 -238
 9016 0
 8653 238
 6639 476


