# Created by Octave 3.8.2, Sun Jun 21 01:32:18 2020 CEST <damian@fptrucha.inv.usc.es>
# name: hd
# type: matrix
# rows: 5
# columns: 2
 4955 -476
 7480 -238
 8135 0
 7789 238
 5881 476


