# Created by Octave 3.8.2, Sat Jun 20 17:37:20 2020 CEST <damian@fptrucha.inv.usc.es>
# name: hd
# type: matrix
# rows: 5
# columns: 2
 5145 -476
 7824 -238
 8410 0
 8077 238
 6268 476


