# Created by Octave 3.8.2, Mon Jun 22 03:59:31 2020 CEST <damian@fptrucha.inv.usc.es>
# name: hd
# type: matrix
# rows: 5
# columns: 2
 5055 -476
 7326 -238
 7618 0
 7346 238
 5895 476


