# Created by Octave 3.8.2, Mon Jun 22 16:27:44 2020 CEST <damian@fptrucha.inv.usc.es>
# name: hd
# type: matrix
# rows: 5
# columns: 2
 5608 -476
 8018 -238
 8622 0
 8095 238
 6555 476


