# Created by Octave 3.8.2, Mon Jun 22 15:54:10 2020 CEST <damian@fptrucha.inv.usc.es>
# name: hd
# type: matrix
# rows: 5
# columns: 2
 5478 -476
 8274 -238
 8541 0
 8427 238
 6532 476


