# Created by Octave 3.8.2, Sun Jun 21 07:13:11 2020 CEST <damian@fptrucha.inv.usc.es>
# name: hd
# type: matrix
# rows: 5
# columns: 2
 5201 -476
 7844 -238
 8429 0
 8257 238
 6213 476


