# Created by Octave 3.8.2, Sun Jun 21 00:51:50 2020 CEST <damian@fptrucha.inv.usc.es>
# name: hd
# type: matrix
# rows: 5
# columns: 2
 5028 -476
 7699 -238
 8348 0
 7840 238
 6045 476


