# Created by Octave 3.8.2, Mon Jun 22 07:29:24 2020 CEST <damian@fptrucha.inv.usc.es>
# name: hd
# type: matrix
# rows: 5
# columns: 2
 5204 -476
 7615 -238
 7776 0
 7584 238
 6170 476


