# Created by Octave 3.8.2, Sat Jun 20 10:40:12 2020 CEST <damian@fptrucha.inv.usc.es>
# name: hd
# type: matrix
# rows: 5
# columns: 2
 6004 -476
 8910 -238
 9151 0
 8879 238
 6733 476


