# Created by Octave 3.8.2, Mon Jun 22 00:27:06 2020 CEST <damian@fptrucha.inv.usc.es>
# name: hd
# type: matrix
# rows: 5
# columns: 2
 5296 -476
 7954 -238
 8657 0
 8330 238
 6476 476


