# Created by Octave 3.8.2, Sat Jun 20 21:15:53 2020 CEST <damian@fptrucha.inv.usc.es>
# name: hd
# type: matrix
# rows: 5
# columns: 2
 5022 -476
 7746 -238
 8263 0
 7792 238
 6084 476


