# Created by Octave 3.8.2, Sat Jun 20 13:38:54 2020 CEST <damian@fptrucha.inv.usc.es>
# name: hd
# type: matrix
# rows: 5
# columns: 2
 5602 -476
 8288 -238
 8950 0
 8535 238
 6590 476


