# Created by Octave 3.8.2, Mon Jun 22 01:03:04 2020 CEST <damian@fptrucha.inv.usc.es>
# name: hd
# type: matrix
# rows: 5
# columns: 2
 5326 -476
 7837 -238
 8642 0
 8314 238
 6388 476


