# Created by Octave 3.8.2, Mon Jun 22 23:26:44 2020 CEST <damian@fptrucha.inv.usc.es>
# name: hd
# type: matrix
# rows: 5
# columns: 2
 5736 -476
 8494 -238
 8834 0
 8593 238
 6835 476


