# Created by Octave 3.8.2, Sun Jun 21 00:10:32 2020 CEST <damian@fptrucha.inv.usc.es>
# name: hd
# type: matrix
# rows: 5
# columns: 2
 3361 -476
 4895 -238
 5408 0
 5202 238
 3949 476


