# Created by Octave 3.8.2, Sat Jun 20 03:46:38 2020 CEST <damian@fptrucha.inv.usc.es>
# name: hd
# type: matrix
# rows: 5
# columns: 2
 5779 -476
 8588 -238
 9134 0
 8656 238
 6650 476


