# Created by Octave 3.8.2, Sat Jun 20 02:39:15 2020 CEST <damian@fptrucha.inv.usc.es>
# name: hd
# type: matrix
# rows: 5
# columns: 2
 5666 -476
 8394 -238
 9116 0
 8700 238
 6678 476


