# Created by Octave 3.8.2, Mon Jun 22 05:06:42 2020 CEST <damian@fptrucha.inv.usc.es>
# name: hd
# type: matrix
# rows: 5
# columns: 2
 4977 -476
 7165 -238
 7622 0
 7211 238
 5838 476


