# Created by Octave 3.8.2, Sat Jun 20 23:39:10 2020 CEST <damian@fptrucha.inv.usc.es>
# name: hd
# type: matrix
# rows: 5
# columns: 2
 5025 -476
 7714 -238
 8277 0
 7830 238
 6128 476


