# Created by Octave 3.8.2, Sat Jun 20 14:17:48 2020 CEST <damian@fptrucha.inv.usc.es>
# name: hd
# type: matrix
# rows: 5
# columns: 2
 5581 -476
 8042 -238
 8906 0
 8603 238
 6459 476


