# Created by Octave 3.8.2, Mon Jun 22 11:56:16 2020 CEST <damian@fptrucha.inv.usc.es>
# name: hd
# type: matrix
# rows: 5
# columns: 2
 5250 -476
 7665 -238
 8276 0
 7916 238
 6078 476


