# Created by Octave 3.8.2, Mon Jun 22 06:39:32 2020 CEST <damian@fptrucha.inv.usc.es>
# name: hd
# type: matrix
# rows: 5
# columns: 2
 5064 -476
 7551 -238
 7681 0
 7499 238
 6025 476


