# Created by Octave 3.8.2, Tue Jun 23 00:06:50 2020 CEST <damian@fptrucha.inv.usc.es>
# name: hd
# type: matrix
# rows: 5
# columns: 2
 5686 -476
 8411 -238
 8931 0
 8665 238
 6709 476


