# Created by Octave 3.8.2, Sun Jun 21 06:13:09 2020 CEST <damian@fptrucha.inv.usc.es>
# name: hd
# type: matrix
# rows: 5
# columns: 2
 5070 -476
 7596 -238
 8353 0
 7935 238
 6214 476


