# Created by Octave 3.8.2, Sat Jun 20 12:14:41 2020 CEST <damian@fptrucha.inv.usc.es>
# name: hd
# type: matrix
# rows: 5
# columns: 2
 5587 -476
 8319 -238
 8909 0
 8765 238
 6666 476


