# Created by Octave 3.8.2, Sat Jun 20 04:38:01 2020 CEST <damian@fptrucha.inv.usc.es>
# name: hd
# type: matrix
# rows: 5
# columns: 2
 5845 -476
 8718 -238
 9361 0
 8765 238
 6868 476


