# Created by Octave 3.8.2, Sat Jun 20 02:15:07 2020 CEST <damian@fptrucha.inv.usc.es>
# name: hd
# type: matrix
# rows: 5
# columns: 2
 5915 -476
 8583 -238
 9096 0
 8396 238
 6676 476


