# Created by Octave 3.8.2, Mon Jun 22 20:18:53 2020 CEST <damian@fptrucha.inv.usc.es>
# name: hd
# type: matrix
# rows: 5
# columns: 2
 5624 -476
 8131 -238
 8747 0
 8419 238
 6505 476


