# Created by Octave 3.8.2, Sat Jun 20 15:38:24 2020 CEST <damian@fptrucha.inv.usc.es>
# name: hd
# type: matrix
# rows: 5
# columns: 2
 5332 -476
 8040 -238
 8685 0
 8297 238
 6434 476


