# Created by Octave 3.8.2, Sat Jun 20 11:35:00 2020 CEST <damian@fptrucha.inv.usc.es>
# name: hd
# type: matrix
# rows: 5
# columns: 2
 5770 -476
 8526 -238
 9231 0
 8782 238
 6775 476


