# Created by Octave 3.8.2, Sun Jun 21 00:19:07 2020 CEST <damian@fptrucha.inv.usc.es>
# name: hd
# type: matrix
# rows: 5
# columns: 2
 5009 -476
 7632 -238
 8128 0
 7645 238
 5923 476


