# Created by Octave 3.8.2, Mon Jun 22 11:25:46 2020 CEST <damian@fptrucha.inv.usc.es>
# name: hd
# type: matrix
# rows: 5
# columns: 2
 5267 -476
 7839 -238
 7991 0
 7766 238
 6279 476


