# Created by Octave 3.8.2, Sun Jun 21 04:27:22 2020 CEST <damian@fptrucha.inv.usc.es>
# name: hd
# type: matrix
# rows: 5
# columns: 2
 4922 -476
 7580 -238
 8171 0
 7885 238
 5948 476


