# Created by Octave 3.8.2, Mon Jun 22 06:09:53 2020 CEST <damian@fptrucha.inv.usc.es>
# name: hd
# type: matrix
# rows: 5
# columns: 2
 5123 -476
 7602 -238
 7715 0
 7421 238
 6101 476


