# Created by Octave 3.8.2, Sat Jun 20 04:42:23 2020 CEST <damian@fptrucha.inv.usc.es>
# name: hd
# type: matrix
# rows: 5
# columns: 2
 5754 -476
 8672 -238
 9034 0
 8776 238
 6785 476


