# Created by Octave 3.8.2, Mon Jun 22 17:16:52 2020 CEST <damian@fptrucha.inv.usc.es>
# name: hd
# type: matrix
# rows: 5
# columns: 2
 3539 -476
 5430 -238
 5526 0
 5314 238
 4307 476


