# Created by Octave 3.8.2, Sat Jun 20 09:32:10 2020 CEST <damian@fptrucha.inv.usc.es>
# name: hd
# type: matrix
# rows: 5
# columns: 2
 5972 -476
 8793 -238
 9364 0
 9195 238
 7134 476


