# Created by Octave 3.8.2, Sat Jun 20 10:04:38 2020 CEST <damian@fptrucha.inv.usc.es>
# name: hd
# type: matrix
# rows: 5
# columns: 2
 5827 -476
 8620 -238
 9349 0
 9349 238
 7006 476


