# Created by Octave 3.8.2, Mon Jun 22 10:42:12 2020 CEST <damian@fptrucha.inv.usc.es>
# name: hd
# type: matrix
# rows: 5
# columns: 2
 5429 -476
 7820 -238
 8215 0
 8015 238
 6227 476


