# Created by Octave 3.8.2, Sun Jun 21 04:34:08 2020 CEST <damian@fptrucha.inv.usc.es>
# name: hd
# type: matrix
# rows: 5
# columns: 2
 5124 -476
 7572 -238
 8233 0
 7854 238
 6068 476


