# Created by Octave 3.8.2, Mon Jun 22 02:27:43 2020 CEST <damian@fptrucha.inv.usc.es>
# name: hd
# type: matrix
# rows: 5
# columns: 2
 25 -476
 36 -238
 133 0
 219 238
 95 476


