# Created by Octave 3.8.2, Mon Jun 22 02:28:31 2020 CEST <damian@fptrucha.inv.usc.es>
# name: hd
# type: matrix
# rows: 5
# columns: 2
 2970 -476
 4242 -238
 4442 0
 4370 238
 3660 476


