# Created by Octave 3.8.2, Mon Jun 22 07:30:25 2020 CEST <damian@fptrucha.inv.usc.es>
# name: hd
# type: matrix
# rows: 5
# columns: 2
 5298 -476
 7583 -238
 7837 0
 7565 238
 6102 476


