# Created by Octave 3.8.2, Sun Jun 21 05:30:29 2020 CEST <damian@fptrucha.inv.usc.es>
# name: hd
# type: matrix
# rows: 5
# columns: 2
 5040 -476
 7579 -238
 8141 0
 7911 238
 6153 476


