# Created by Octave 3.8.2, Mon Jun 22 01:58:49 2020 CEST <damian@fptrucha.inv.usc.es>
# name: hd
# type: matrix
# rows: 5
# columns: 2
 5241 -476
 7835 -238
 8331 0
 7999 238
 6421 476


