# Created by Octave 3.8.2, Sun Jun 21 02:15:06 2020 CEST <damian@fptrucha.inv.usc.es>
# name: hd
# type: matrix
# rows: 5
# columns: 2
 5207 -476
 7378 -238
 7997 0
 7977 238
 6011 476


