# Created by Octave 3.8.2, Sat Jun 20 21:46:21 2020 CEST <damian@fptrucha.inv.usc.es>
# name: hd
# type: matrix
# rows: 5
# columns: 2
 5108 -476
 7501 -238
 8325 0
 7959 238
 6186 476


