# Created by Octave 3.8.2, Mon Jun 22 14:23:30 2020 CEST <damian@fptrucha.inv.usc.es>
# name: hd
# type: matrix
# rows: 5
# columns: 2
 5300 -476
 7836 -238
 8335 0
 7631 238
 6314 476


