# Created by Octave 3.8.2, Mon Jun 22 04:23:22 2020 CEST <damian@fptrucha.inv.usc.es>
# name: hd
# type: matrix
# rows: 5
# columns: 2
 3263 -476
 4662 -238
 4819 0
 4607 238
 3770 476


