# Created by Octave 3.8.2, Mon Jun 22 12:12:37 2020 CEST <damian@fptrucha.inv.usc.es>
# name: hd
# type: matrix
# rows: 5
# columns: 2
 5276 -476
 7901 -238
 8170 0
 7816 238
 6266 476


