# Created by Octave 3.8.2, Sat Jun 20 17:12:50 2020 CEST <damian@fptrucha.inv.usc.es>
# name: hd
# type: matrix
# rows: 5
# columns: 2
 5252 -476
 7656 -238
 8488 0
 8024 238
 6305 476


