# Created by Octave 3.8.2, Mon Jun 22 09:45:22 2020 CEST <damian@fptrucha.inv.usc.es>
# name: hd
# type: matrix
# rows: 5
# columns: 2
 5321 -476
 7780 -238
 8091 0
 7815 238
 6105 476


