# Created by Octave 3.8.2, Tue Jun 23 00:27:31 2020 CEST <damian@fptrucha.inv.usc.es>
# name: hd
# type: matrix
# rows: 5
# columns: 2
 5707 -476
 8556 -238
 8948 0
 8587 238
 6806 476


