# Created by Octave 3.8.2, Sat Jun 20 15:05:28 2020 CEST <damian@fptrucha.inv.usc.es>
# name: hd
# type: matrix
# rows: 5
# columns: 2
 5381 -476
 8042 -238
 8908 0
 8386 238
 6462 476


