# Created by Octave 3.8.2, Sat Jun 20 17:47:13 2020 CEST <damian@fptrucha.inv.usc.es>
# name: hd
# type: matrix
# rows: 5
# columns: 2
 5243 -476
 7919 -238
 8560 0
 8104 238
 6143 476


