# Created by Octave 3.8.2, Mon Jun 22 19:02:04 2020 CEST <damian@fptrucha.inv.usc.es>
# name: hd
# type: matrix
# rows: 5
# columns: 2
 5637 -476
 8235 -238
 8688 0
 8306 238
 6649 476


