# Created by Octave 3.8.2, Sat Jun 20 08:03:35 2020 CEST <damian@fptrucha.inv.usc.es>
# name: hd
# type: matrix
# rows: 5
# columns: 2
 5805 -476
 8989 -238
 9426 0
 8937 238
 6969 476


