# Created by Octave 3.8.2, Sun Jun 21 05:16:14 2020 CEST <damian@fptrucha.inv.usc.es>
# name: hd
# type: matrix
# rows: 5
# columns: 2
 5201 -476
 7651 -238
 8190 0
 8030 238
 6079 476


