# Created by Octave 3.8.2, Sun Jun 21 00:06:34 2020 CEST <damian@fptrucha.inv.usc.es>
# name: hd
# type: matrix
# rows: 5
# columns: 2
 4940 -476
 7532 -238
 8340 0
 7966 238
 6180 476


