# Created by Octave 3.8.2, Sun Jun 21 05:10:39 2020 CEST <damian@fptrucha.inv.usc.es>
# name: hd
# type: matrix
# rows: 5
# columns: 2
 5014 -476
 7582 -238
 8270 0
 7934 238
 6310 476


