# Created by Octave 3.8.2, Sat Jun 20 02:03:02 2020 CEST <damian@fptrucha.inv.usc.es>
# name: hd
# type: matrix
# rows: 5
# columns: 2
 5637 -476
 8245 -238
 8920 0
 8658 238
 6605 476


