# Created by Octave 3.8.2, Sun Jun 21 02:29:06 2020 CEST <damian@fptrucha.inv.usc.es>
# name: hd
# type: matrix
# rows: 5
# columns: 2
 5186 -476
 7798 -238
 8334 0
 7968 238
 6182 476


