# Created by Octave 3.8.2, Sat Jun 20 07:03:10 2020 CEST <damian@fptrucha.inv.usc.es>
# name: hd
# type: matrix
# rows: 5
# columns: 2
 5871 -476
 8959 -238
 9410 0
 9145 238
 6938 476


