# Created by Octave 3.8.2, Sun Jun 21 05:04:57 2020 CEST <damian@fptrucha.inv.usc.es>
# name: hd
# type: matrix
# rows: 5
# columns: 2
 5116 -476
 7631 -238
 8182 0
 8224 238
 6217 476


