# Created by Octave 3.8.2, Mon Jun 22 17:26:03 2020 CEST <damian@fptrucha.inv.usc.es>
# name: hd
# type: matrix
# rows: 5
# columns: 2
 5511 -476
 8234 -238
 8605 0
 8181 238
 6622 476


