# Created by Octave 3.8.2, Sat Jun 20 19:16:34 2020 CEST <damian@fptrucha.inv.usc.es>
# name: hd
# type: matrix
# rows: 5
# columns: 2
 5151 -476
 7856 -238
 8267 0
 8077 238
 6217 476


