# Created by Octave 3.8.2, Mon Jun 22 17:40:46 2020 CEST <damian@fptrucha.inv.usc.es>
# name: hd
# type: matrix
# rows: 5
# columns: 2
 5615 -476
 8357 -238
 8572 0
 8291 238
 6568 476


