# Created by Octave 3.8.2, Mon Jun 22 17:23:47 2020 CEST <damian@fptrucha.inv.usc.es>
# name: hd
# type: matrix
# rows: 5
# columns: 2
 5635 -476
 8186 -238
 8571 0
 8277 238
 6762 476


