# Created by Octave 3.8.2, Sun Jun 21 03:41:46 2020 CEST <damian@fptrucha.inv.usc.es>
# name: hd
# type: matrix
# rows: 5
# columns: 2
 3458 -476
 5034 -238
 5347 0
 5261 238
 4011 476


