# Created by Octave 3.8.2, Sat Jun 20 15:51:15 2020 CEST <damian@fptrucha.inv.usc.es>
# name: hd
# type: matrix
# rows: 5
# columns: 2
 5366 -476
 8078 -238
 8679 0
 8315 238
 6365 476


