# Created by Octave 3.8.2, Mon Jun 22 10:43:14 2020 CEST <damian@fptrucha.inv.usc.es>
# name: hd
# type: matrix
# rows: 5
# columns: 2
 5230 -476
 7882 -238
 8135 0
 7813 238
 6212 476


