# Created by Octave 3.8.2, Mon Jun 22 17:55:30 2020 CEST <damian@fptrucha.inv.usc.es>
# name: hd
# type: matrix
# rows: 5
# columns: 2
 5632 -476
 8163 -238
 8703 0
 8353 238
 6524 476


