# Created by Octave 3.8.2, Sat Jun 20 16:45:46 2020 CEST <damian@fptrucha.inv.usc.es>
# name: hd
# type: matrix
# rows: 5
# columns: 2
 5214 -476
 7688 -238
 8308 0
 8133 238
 6383 476


