# Created by Octave 3.8.2, Sat Jun 20 12:10:29 2020 CEST <damian@fptrucha.inv.usc.es>
# name: hd
# type: matrix
# rows: 5
# columns: 2
 5655 -476
 8601 -238
 9234 0
 8772 238
 6819 476


