# Created by Octave 3.8.2, Mon Jun 22 05:59:17 2020 CEST <damian@fptrucha.inv.usc.es>
# name: hd
# type: matrix
# rows: 5
# columns: 2
 5118 -476
 7614 -238
 7651 0
 7480 238
 6074 476


