# Created by Octave 3.8.2, Sun Jun 21 06:36:27 2020 CEST <damian@fptrucha.inv.usc.es>
# name: hd
# type: matrix
# rows: 5
# columns: 2
 5257 -476
 7987 -238
 8306 0
 8202 238
 6243 476


