# Created by Octave 3.8.2, Sat Jun 20 13:15:53 2020 CEST <damian@fptrucha.inv.usc.es>
# name: hd
# type: matrix
# rows: 5
# columns: 2
 5616 -476
 8296 -238
 9129 0
 8751 238
 6724 476


