# Created by Octave 3.8.2, Mon Jun 22 04:56:15 2020 CEST <damian@fptrucha.inv.usc.es>
# name: hd
# type: matrix
# rows: 5
# columns: 2
 3216 -476
 4778 -238
 4915 0
 4663 238
 3733 476


