# Created by Octave 3.8.2, Sat Jun 20 13:30:36 2020 CEST <damian@fptrucha.inv.usc.es>
# name: hd
# type: matrix
# rows: 5
# columns: 2
 5652 -476
 8235 -238
 8990 0
 8526 238
 6522 476


