# Created by Octave 3.8.2, Mon Jun 22 05:52:27 2020 CEST <damian@fptrucha.inv.usc.es>
# name: hd
# type: matrix
# rows: 5
# columns: 2
 5200 -476
 7541 -238
 7886 0
 7353 238
 6087 476


