# Created by Octave 3.8.2, Sat Jun 20 11:52:49 2020 CEST <damian@fptrucha.inv.usc.es>
# name: hd
# type: matrix
# rows: 5
# columns: 2
 5802 -476
 8787 -238
 8995 0
 8824 238
 6682 476


