# Created by Octave 3.8.2, Mon Jun 22 04:19:00 2020 CEST <damian@fptrucha.inv.usc.es>
# name: hd
# type: matrix
# rows: 5
# columns: 2
 5060 -476
 7008 -238
 7496 0
 7137 238
 5803 476


