# Created by Octave 3.8.2, Mon Jun 22 16:59:22 2020 CEST <damian@fptrucha.inv.usc.es>
# name: hd
# type: matrix
# rows: 5
# columns: 2
 5648 -476
 8325 -238
 8513 0
 8087 238
 6609 476


