# Created by Octave 3.8.2, Mon Jun 22 22:28:15 2020 CEST <damian@fptrucha.inv.usc.es>
# name: hd
# type: matrix
# rows: 5
# columns: 2
 5826 -476
 8510 -238
 8872 0
 8526 238
 6652 476


