# Created by Octave 3.8.2, Sun Jun 21 02:18:25 2020 CEST <damian@fptrucha.inv.usc.es>
# name: hd
# type: matrix
# rows: 5
# columns: 2
 5079 -476
 7558 -238
 8356 0
 7865 238
 6367 476


