# Created by Octave 3.8.2, Sun Jun 21 02:09:37 2020 CEST <damian@fptrucha.inv.usc.es>
# name: hd
# type: matrix
# rows: 5
# columns: 2
 4966 -476
 7544 -238
 8181 0
 7815 238
 6089 476


