# Created by Octave 3.8.2, Mon Jun 22 01:37:04 2020 CEST <damian@fptrucha.inv.usc.es>
# name: hd
# type: matrix
# rows: 5
# columns: 2
 5397 -476
 8164 -238
 8474 0
 8492 238
 6484 476


