# Created by Octave 3.8.2, Sat Jun 20 03:34:47 2020 CEST <damian@fptrucha.inv.usc.es>
# name: hd
# type: matrix
# rows: 5
# columns: 2
 5588 -476
 8466 -238
 9177 0
 8648 238
 6870 476


