# Created by Octave 3.8.2, Sat Jun 20 05:19:50 2020 CEST <damian@fptrucha.inv.usc.es>
# name: hd
# type: matrix
# rows: 5
# columns: 2
 5945 -476
 8800 -238
 9217 0
 8967 238
 6772 476


