# Created by Octave 3.8.2, Mon Jun 22 07:51:03 2020 CEST <damian@fptrucha.inv.usc.es>
# name: hd
# type: matrix
# rows: 5
# columns: 2
 3437 -476
 5005 -238
 5227 0
 4882 238
 4037 476


