# Created by Octave 3.8.2, Mon Jun 22 00:52:13 2020 CEST <damian@fptrucha.inv.usc.es>
# name: hd
# type: matrix
# rows: 5
# columns: 2
 5413 -476
 7677 -238
 8571 0
 8334 238
 6277 476


