# Created by Octave 3.8.2, Sat Jun 20 20:07:21 2020 CEST <damian@fptrucha.inv.usc.es>
# name: hd
# type: matrix
# rows: 5
# columns: 2
 5165 -476
 7719 -238
 8396 0
 7848 238
 6042 476


