# Created by Octave 3.8.2, Sat Jun 20 06:39:08 2020 CEST <damian@fptrucha.inv.usc.es>
# name: hd
# type: matrix
# rows: 5
# columns: 2
 5866 -476
 8779 -238
 9259 0
 9134 238
 6876 476


