# Created by Octave 3.8.2, Sat Jun 20 18:06:20 2020 CEST <damian@fptrucha.inv.usc.es>
# name: hd
# type: matrix
# rows: 5
# columns: 2
 5148 -476
 7795 -238
 8478 0
 8103 238
 6191 476


