# Created by Octave 3.8.2, Mon Jun 22 02:27:02 2020 CEST <damian@fptrucha.inv.usc.es>
# name: hd
# type: matrix
# rows: 5
# columns: 2
 231 -476
 342 -238
 615 0
 1011 238
 518 476


