# Created by Octave 3.8.2, Sat Jun 20 16:21:16 2020 CEST <damian@fptrucha.inv.usc.es>
# name: hd
# type: matrix
# rows: 5
# columns: 2
 5298 -476
 7931 -238
 8638 0
 8129 238
 6311 476


