# Created by Octave 3.8.2, Sat Jun 20 17:48:28 2020 CEST <damian@fptrucha.inv.usc.es>
# name: hd
# type: matrix
# rows: 5
# columns: 2
 5158 -476
 7931 -238
 8481 0
 8177 238
 6199 476


