# Created by Octave 3.8.2, Mon Jun 22 16:42:54 2020 CEST <damian@fptrucha.inv.usc.es>
# name: hd
# type: matrix
# rows: 5
# columns: 2
 5532 -476
 8075 -238
 8675 0
 8189 238
 6506 476


