# Created by Octave 3.8.2, Mon Jun 22 22:12:02 2020 CEST <damian@fptrucha.inv.usc.es>
# name: hd
# type: matrix
# rows: 5
# columns: 2
 5782 -476
 8376 -238
 8783 0
 8571 238
 6747 476


