# Created by Octave 3.8.2, Mon Jun 22 10:03:45 2020 CEST <damian@fptrucha.inv.usc.es>
# name: hd
# type: matrix
# rows: 5
# columns: 2
 5278 -476
 7774 -238
 8266 0
 7850 238
 6189 476


