# Created by Octave 3.8.2, Mon Jun 22 12:38:45 2020 CEST <damian@fptrucha.inv.usc.es>
# name: hd
# type: matrix
# rows: 5
# columns: 2
 5277 -476
 7886 -238
 8328 0
 8098 238
 6489 476


