# Created by Octave 3.8.2, Sat Jun 20 13:03:24 2020 CEST <damian@fptrucha.inv.usc.es>
# name: hd
# type: matrix
# rows: 5
# columns: 2
 5589 -476
 8338 -238
 8770 0
 8713 238
 6519 476


