# Created by Octave 3.8.2, Mon Jun 22 09:10:57 2020 CEST <damian@fptrucha.inv.usc.es>
# name: hd
# type: matrix
# rows: 5
# columns: 2
 5268 -476
 7599 -238
 7881 0
 7590 238
 6160 476


