# Created by Octave 3.8.2, Mon Jun 22 08:43:49 2020 CEST <damian@fptrucha.inv.usc.es>
# name: hd
# type: matrix
# rows: 5
# columns: 2
 5221 -476
 7670 -238
 8025 0
 7651 238
 6226 476


