# Created by Octave 3.8.2, Mon Jun 22 18:10:58 2020 CEST <damian@fptrucha.inv.usc.es>
# name: hd
# type: matrix
# rows: 5
# columns: 2
 5592 -476
 8134 -238
 8653 0
 8272 238
 6521 476


