# Created by Octave 3.8.2, Sat Jun 20 09:52:02 2020 CEST <damian@fptrucha.inv.usc.es>
# name: hd
# type: matrix
# rows: 5
# columns: 2
 6024 -476
 8913 -238
 9420 0
 9003 238
 6850 476


