# Created by Octave 3.8.2, Sat Jun 20 12:55:07 2020 CEST <damian@fptrucha.inv.usc.es>
# name: hd
# type: matrix
# rows: 5
# columns: 2
 5698 -476
 8478 -238
 9182 0
 8652 238
 6688 476


