# Created by Octave 3.8.2, Mon Jun 22 16:55:15 2020 CEST <damian@fptrucha.inv.usc.es>
# name: hd
# type: matrix
# rows: 5
# columns: 2
 5511 -476
 8036 -238
 8437 0
 8161 238
 6539 476


