# Created by Octave 3.8.2, Mon Jun 22 12:29:08 2020 CEST <damian@fptrucha.inv.usc.es>
# name: hd
# type: matrix
# rows: 5
# columns: 2
 5373 -476
 7970 -238
 8305 0
 8063 238
 6356 476


