# Created by Octave 3.8.2, Sun Jun 21 04:51:48 2020 CEST <damian@fptrucha.inv.usc.es>
# name: hd
# type: matrix
# rows: 5
# columns: 2
 5179 -476
 7813 -238
 8318 0
 8159 238
 6303 476


