# Created by Octave 3.8.2, Sun Jun 21 06:12:02 2020 CEST <damian@fptrucha.inv.usc.es>
# name: hd
# type: matrix
# rows: 5
# columns: 2
 5120 -476
 7567 -238
 8395 0
 7962 238
 6336 476


