# Created by Octave 3.8.2, Sat Jun 20 21:14:36 2020 CEST <damian@fptrucha.inv.usc.es>
# name: hd
# type: matrix
# rows: 5
# columns: 2
 5066 -476
 7785 -238
 8285 0
 7761 238
 6126 476


