# Created by Octave 3.8.2, Sat Jun 20 06:44:57 2020 CEST <damian@fptrucha.inv.usc.es>
# name: hd
# type: matrix
# rows: 5
# columns: 2
 5993 -476
 8925 -238
 9414 0
 8981 238
 6977 476


