# Created by Octave 3.8.2, Mon Jun 22 17:41:54 2020 CEST <damian@fptrucha.inv.usc.es>
# name: hd
# type: matrix
# rows: 5
# columns: 2
 5672 -476
 8351 -238
 8530 0
 8426 238
 6505 476


