# Created by Octave 3.8.2, Mon Jun 22 18:58:39 2020 CEST <damian@fptrucha.inv.usc.es>
# name: hd
# type: matrix
# rows: 5
# columns: 2
 5654 -476
 8310 -238
 8741 0
 8334 238
 6608 476


