# Created by Octave 3.8.2, Sat Jun 20 13:53:30 2020 CEST <damian@fptrucha.inv.usc.es>
# name: hd
# type: matrix
# rows: 5
# columns: 2
 5473 -476
 8305 -238
 8784 0
 8708 238
 6548 476


