# Created by Octave 3.8.2, Sun Jun 21 04:02:18 2020 CEST <damian@fptrucha.inv.usc.es>
# name: hd
# type: matrix
# rows: 5
# columns: 2
 5016 -476
 7616 -238
 8274 0
 8158 238
 6102 476


