# Created by Octave 3.8.2, Mon Jun 22 06:25:34 2020 CEST <damian@fptrucha.inv.usc.es>
# name: hd
# type: matrix
# rows: 5
# columns: 2
 5102 -476
 7472 -238
 7598 0
 7390 238
 6198 476


