# Created by Octave 3.8.2, Mon Jun 22 09:55:21 2020 CEST <damian@fptrucha.inv.usc.es>
# name: hd
# type: matrix
# rows: 5
# columns: 2
 5287 -476
 7985 -238
 8237 0
 7868 238
 6256 476


