# Created by Octave 3.8.2, Mon Jun 22 22:30:40 2020 CEST <damian@fptrucha.inv.usc.es>
# name: hd
# type: matrix
# rows: 5
# columns: 2
 5644 -476
 8359 -238
 8849 0
 8607 238
 6858 476


