# Created by Octave 3.8.2, Sat Jun 20 19:13:57 2020 CEST <damian@fptrucha.inv.usc.es>
# name: hd
# type: matrix
# rows: 5
# columns: 2
 5219 -476
 7830 -238
 8596 0
 7895 238
 6310 476


