# Created by Octave 3.8.2, Sun Jun 21 04:04:29 2020 CEST <damian@fptrucha.inv.usc.es>
# name: hd
# type: matrix
# rows: 5
# columns: 2
 4965 -476
 7537 -238
 8439 0
 7897 238
 6105 476


