# Created by Octave 3.8.2, Sat Jun 20 23:06:34 2020 CEST <damian@fptrucha.inv.usc.es>
# name: hd
# type: matrix
# rows: 5
# columns: 2
 4960 -476
 7740 -238
 8312 0
 8092 238
 6107 476


