# Created by Octave 3.8.2, Sun Jun 21 01:02:42 2020 CEST <damian@fptrucha.inv.usc.es>
# name: hd
# type: matrix
# rows: 5
# columns: 2
 5040 -476
 7588 -238
 8133 0
 7899 238
 5978 476


