# Created by Octave 3.8.2, Sat Jun 20 09:21:51 2020 CEST <damian@fptrucha.inv.usc.es>
# name: hd
# type: matrix
# rows: 5
# columns: 2
 6057 -476
 9016 -238
 9553 0
 9318 238
 7128 476


