# Created by Octave 3.8.2, Sun Jun 21 00:55:08 2020 CEST <damian@fptrucha.inv.usc.es>
# name: hd
# type: matrix
# rows: 5
# columns: 2
 5054 -476
 7546 -238
 8185 0
 7836 238
 6072 476


