# Created by Octave 3.8.2, Mon Jun 22 06:47:09 2020 CEST <damian@fptrucha.inv.usc.es>
# name: hd
# type: matrix
# rows: 5
# columns: 2
 5167 -476
 7550 -238
 7750 0
 7337 238
 5982 476


