# Created by Octave 3.8.2, Mon Jun 22 06:13:54 2020 CEST <damian@fptrucha.inv.usc.es>
# name: hd
# type: matrix
# rows: 5
# columns: 2
 5051 -476
 7521 -238
 7777 0
 7441 238
 6121 476


