# Created by Octave 3.8.2, Sat Jun 20 05:52:18 2020 CEST <damian@fptrucha.inv.usc.es>
# name: hd
# type: matrix
# rows: 5
# columns: 2
 5872 -476
 8873 -238
 9447 0
 9094 238
 6974 476


