# Created by Octave 3.8.2, Mon Jun 22 11:14:09 2020 CEST <damian@fptrucha.inv.usc.es>
# name: hd
# type: matrix
# rows: 5
# columns: 2
 3522 -476
 5101 -238
 5553 0
 5154 238
 4172 476


