# Created by Octave 3.8.2, Mon Jun 22 07:33:02 2020 CEST <damian@fptrucha.inv.usc.es>
# name: hd
# type: matrix
# rows: 5
# columns: 2
 3340 -476
 5009 -238
 5269 0
 4867 238
 3978 476


