# Created by Octave 3.8.2, Mon Jun 22 18:52:16 2020 CEST <damian@fptrucha.inv.usc.es>
# name: hd
# type: matrix
# rows: 5
# columns: 2
 5513 -476
 8183 -238
 8757 0
 8093 238
 6538 476


