# Created by Octave 3.8.2, Sat Jun 20 20:49:20 2020 CEST <damian@fptrucha.inv.usc.es>
# name: hd
# type: matrix
# rows: 5
# columns: 2
 5116 -476
 7539 -238
 8151 0
 7901 238
 6172 476


