# Created by Octave 3.8.2, Sat Jun 20 23:03:55 2020 CEST <damian@fptrucha.inv.usc.es>
# name: hd
# type: matrix
# rows: 5
# columns: 2
 5164 -476
 7534 -238
 8210 0
 7836 238
 6032 476


