# Created by Octave 3.8.2, Sat Jun 20 22:32:15 2020 CEST <damian@fptrucha.inv.usc.es>
# name: hd
# type: matrix
# rows: 5
# columns: 2
 5060 -476
 7829 -238
 8223 0
 8006 238
 6057 476


