# Created by Octave 3.8.2, Sun Jun 21 01:21:56 2020 CEST <damian@fptrucha.inv.usc.es>
# name: hd
# type: matrix
# rows: 5
# columns: 2
 5088 -476
 7596 -238
 8249 0
 7839 238
 6077 476


