# Created by Octave 3.8.2, Mon Jun 22 12:24:14 2020 CEST <damian@fptrucha.inv.usc.es>
# name: hd
# type: matrix
# rows: 5
# columns: 2
 5325 -476
 7874 -238
 8180 0
 7935 238
 6372 476


