# Created by Octave 3.8.2, Mon Jun 22 03:20:49 2020 CEST <damian@fptrucha.inv.usc.es>
# name: hd
# type: matrix
# rows: 5
# columns: 2
 5183 -476
 7308 -238
 7714 0
 7360 238
 6056 476


