# Created by Octave 3.8.2, Sat Jun 20 13:33:22 2020 CEST <damian@fptrucha.inv.usc.es>
# name: hd
# type: matrix
# rows: 5
# columns: 2
 5710 -476
 8288 -238
 8967 0
 8533 238
 6622 476


