# Created by Octave 3.8.2, Mon Jun 22 14:00:47 2020 CEST <damian@fptrucha.inv.usc.es>
# name: hd
# type: matrix
# rows: 5
# columns: 2
 5501 -476
 7887 -238
 8325 0
 7836 238
 6447 476


