# Created by Octave 3.8.2, Mon Jun 22 19:23:29 2020 CEST <damian@fptrucha.inv.usc.es>
# name: hd
# type: matrix
# rows: 5
# columns: 2
 5632 -476
 8413 -238
 8575 0
 8378 238
 6708 476


