# Created by Octave 3.8.2, Sat Jun 20 10:22:05 2020 CEST <damian@fptrucha.inv.usc.es>
# name: hd
# type: matrix
# rows: 5
# columns: 2
 6028 -476
 8695 -238
 9526 0
 8992 238
 6803 476


