# Created by Octave 3.8.2, Sat Jun 20 21:30:58 2020 CEST <damian@fptrucha.inv.usc.es>
# name: hd
# type: matrix
# rows: 5
# columns: 2
 5018 -476
 7697 -238
 8210 0
 8055 238
 6157 476


