# Created by Octave 3.8.2, Mon Jun 22 09:12:59 2020 CEST <damian@fptrucha.inv.usc.es>
# name: hd
# type: matrix
# rows: 5
# columns: 2
 5358 -476
 7815 -238
 8157 0
 7553 238
 6117 476


