# Created by Octave 3.8.2, Mon Jun 22 18:40:42 2020 CEST <damian@fptrucha.inv.usc.es>
# name: hd
# type: matrix
# rows: 5
# columns: 2
 5599 -476
 8224 -238
 8665 0
 8238 238
 6463 476


