# Created by Octave 3.8.2, Sat Jun 20 06:47:48 2020 CEST <damian@fptrucha.inv.usc.es>
# name: hd
# type: matrix
# rows: 5
# columns: 2
 5855 -476
 9005 -238
 9373 0
 9042 238
 6921 476


