# Created by Octave 3.8.2, Sat Jun 20 10:47:24 2020 CEST <damian@fptrucha.inv.usc.es>
# name: hd
# type: matrix
# rows: 5
# columns: 2
 5915 -476
 8468 -238
 9350 0
 9057 238
 6927 476


