# Created by Octave 3.8.2, Mon Jun 22 09:21:53 2020 CEST <damian@fptrucha.inv.usc.es>
# name: hd
# type: matrix
# rows: 5
# columns: 2
 3458 -476
 5091 -238
 5302 0
 5046 238
 3979 476


