# Created by Octave 3.8.2, Sat Jun 20 22:06:37 2020 CEST <damian@fptrucha.inv.usc.es>
# name: hd
# type: matrix
# rows: 5
# columns: 2
 5099 -476
 7519 -238
 8183 0
 7912 238
 5939 476


