# Created by Octave 3.8.2, Sun Jun 21 06:14:16 2020 CEST <damian@fptrucha.inv.usc.es>
# name: hd
# type: matrix
# rows: 5
# columns: 2
 5074 -476
 7501 -238
 8235 0
 7833 238
 6064 476


