# Created by Octave 3.8.2, Mon Jun 22 15:31:18 2020 CEST <damian@fptrucha.inv.usc.es>
# name: hd
# type: matrix
# rows: 5
# columns: 2
 5474 -476
 8327 -238
 8538 0
 8064 238
 6511 476


