# Created by Octave 3.8.2, Mon Jun 22 14:45:45 2020 CEST <damian@fptrucha.inv.usc.es>
# name: hd
# type: matrix
# rows: 5
# columns: 2
 5452 -476
 8129 -238
 8484 0
 7868 238
 6606 476


