# Created by Octave 3.8.2, Sun Jun 21 01:45:20 2020 CEST <damian@fptrucha.inv.usc.es>
# name: hd
# type: matrix
# rows: 5
# columns: 2
 4975 -476
 7483 -238
 8054 0
 7553 238
 5811 476


