# Created by Octave 3.8.2, Mon Jun 22 01:33:50 2020 CEST <damian@fptrucha.inv.usc.es>
# name: hd
# type: matrix
# rows: 5
# columns: 2
 5224 -476
 7762 -238
 8462 0
 8074 238
 6294 476


