# Created by Octave 3.8.2, Sun Jun 21 03:46:12 2020 CEST <damian@fptrucha.inv.usc.es>
# name: hd
# type: matrix
# rows: 5
# columns: 2
 5143 -476
 7715 -238
 8397 0
 7983 238
 5969 476


