# Created by Octave 3.8.2, Sat Jun 20 07:37:34 2020 CEST <damian@fptrucha.inv.usc.es>
# name: hd
# type: matrix
# rows: 5
# columns: 2
 5862 -476
 8834 -238
 9511 0
 9085 238
 6875 476


