# Created by Octave 3.8.2, Sat Jun 20 12:23:13 2020 CEST <damian@fptrucha.inv.usc.es>
# name: hd
# type: matrix
# rows: 5
# columns: 2
 5703 -476
 8465 -238
 9184 0
 8865 238
 6855 476


