# Created by Octave 3.8.2, Mon Jun 22 04:21:52 2020 CEST <damian@fptrucha.inv.usc.es>
# name: hd
# type: matrix
# rows: 5
# columns: 2
 5100 -476
 7105 -238
 7431 0
 7100 238
 5826 476


