# Created by Octave 3.8.2, Sun Jun 21 03:49:33 2020 CEST <damian@fptrucha.inv.usc.es>
# name: hd
# type: matrix
# rows: 5
# columns: 2
 4983 -476
 7584 -238
 8291 0
 7703 238
 6031 476


