# Created by Octave 3.8.2, Mon Jun 22 20:04:13 2020 CEST <damian@fptrucha.inv.usc.es>
# name: hd
# type: matrix
# rows: 5
# columns: 2
 5508 -476
 8509 -238
 8736 0
 8496 238
 6616 476


