# Created by Octave 3.8.2, Sat Jun 20 19:11:27 2020 CEST <damian@fptrucha.inv.usc.es>
# name: hd
# type: matrix
# rows: 5
# columns: 2
 5286 -476
 7728 -238
 8329 0
 8115 238
 6170 476


