# Created by Octave 3.8.2, Mon Jun 22 12:03:36 2020 CEST <damian@fptrucha.inv.usc.es>
# name: hd
# type: matrix
# rows: 5
# columns: 2
 5166 -476
 7798 -238
 8007 0
 7771 238
 6271 476


