# Created by Octave 3.8.2, Mon Jun 22 22:42:42 2020 CEST <damian@fptrucha.inv.usc.es>
# name: hd
# type: matrix
# rows: 5
# columns: 2
 5604 -476
 8316 -238
 8800 0
 8672 238
 6772 476


