# Created by Octave 3.8.2, Mon Jun 22 10:22:28 2020 CEST <damian@fptrucha.inv.usc.es>
# name: hd
# type: matrix
# rows: 5
# columns: 2
 5306 -476
 7792 -238
 8055 0
 7764 238
 6419 476


