# Created by Octave 3.8.2, Mon Jun 22 08:48:35 2020 CEST <damian@fptrucha.inv.usc.es>
# name: hd
# type: matrix
# rows: 5
# columns: 2
 5270 -476
 7668 -238
 7934 0
 7625 238
 6229 476


