# Created by Octave 3.8.2, Sat Jun 20 11:01:16 2020 CEST <damian@fptrucha.inv.usc.es>
# name: hd
# type: matrix
# rows: 5
# columns: 2
 5881 -476
 8788 -238
 9347 0
 8960 238
 6799 476


