# Created by Octave 3.8.2, Sun Jun 21 04:33:01 2020 CEST <damian@fptrucha.inv.usc.es>
# name: hd
# type: matrix
# rows: 5
# columns: 2
 5274 -476
 7573 -238
 8182 0
 8019 238
 6119 476


