# Created by Octave 3.8.2, Sun Jun 21 01:24:04 2020 CEST <damian@fptrucha.inv.usc.es>
# name: hd
# type: matrix
# rows: 5
# columns: 2
 5102 -476
 7519 -238
 8226 0
 7872 238
 6004 476


