# Created by Octave 3.8.2, Mon Jun 22 11:00:40 2020 CEST <damian@fptrucha.inv.usc.es>
# name: hd
# type: matrix
# rows: 5
# columns: 2
 5331 -476
 7892 -238
 8115 0
 7933 238
 6292 476


