# Created by Octave 3.8.2, Mon Jun 22 04:50:03 2020 CEST <damian@fptrucha.inv.usc.es>
# name: hd
# type: matrix
# rows: 5
# columns: 2
 4897 -476
 7183 -238
 7286 0
 7091 238
 5675 476


