# Created by Octave 3.8.2, Sat Jun 20 11:24:56 2020 CEST <damian@fptrucha.inv.usc.es>
# name: hd
# type: matrix
# rows: 5
# columns: 2
 5732 -476
 8482 -238
 9073 0
 8849 238
 6691 476


