# Created by Octave 3.8.2, Sat Jun 20 05:18:21 2020 CEST <damian@fptrucha.inv.usc.es>
# name: hd
# type: matrix
# rows: 5
# columns: 2
 5925 -476
 8773 -238
 9278 0
 8830 238
 6598 476


