# Created by Octave 3.8.2, Mon Jun 22 13:16:25 2020 CEST <damian@fptrucha.inv.usc.es>
# name: hd
# type: matrix
# rows: 5
# columns: 2
 5518 -476
 8138 -238
 8275 0
 8108 238
 6322 476


