# Created by Octave 3.8.2, Mon Jun 22 06:18:49 2020 CEST <damian@fptrucha.inv.usc.es>
# name: hd
# type: matrix
# rows: 5
# columns: 2
 5060 -476
 7310 -238
 7700 0
 7384 238
 6008 476


