# Created by Octave 3.8.2, Mon Jun 22 08:25:34 2020 CEST <damian@fptrucha.inv.usc.es>
# name: hd
# type: matrix
# rows: 5
# columns: 2
 5173 -476
 7711 -238
 8066 0
 7604 238
 6113 476


