# Created by Octave 3.8.2, Sat Jun 20 15:44:32 2020 CEST <damian@fptrucha.inv.usc.es>
# name: hd
# type: matrix
# rows: 5
# columns: 2
 5373 -476
 7899 -238
 8657 0
 8045 238
 6255 476


