# Created by Octave 3.8.2, Sun Jun 21 03:34:26 2020 CEST <damian@fptrucha.inv.usc.es>
# name: hd
# type: matrix
# rows: 5
# columns: 2
 5001 -476
 7458 -238
 7978 0
 7823 238
 6093 476


