# Created by Octave 3.8.2, Sat Jun 20 05:47:54 2020 CEST <damian@fptrucha.inv.usc.es>
# name: hd
# type: matrix
# rows: 5
# columns: 2
 5980 -476
 8785 -238
 9372 0
 9114 238
 6815 476


