# Created by Octave 3.8.2, Mon Jun 22 03:01:01 2020 CEST <damian@fptrucha.inv.usc.es>
# name: hd
# type: matrix
# rows: 5
# columns: 2
 5019 -476
 7417 -238
 7590 0
 7368 238
 5942 476


