# Created by Octave 3.8.2, Mon Jun 22 17:37:20 2020 CEST <damian@fptrucha.inv.usc.es>
# name: hd
# type: matrix
# rows: 5
# columns: 2
 5459 -476
 8235 -238
 8508 0
 8242 238
 6444 476


