# Created by Octave 3.8.2, Sat Jun 20 09:26:16 2020 CEST <damian@fptrucha.inv.usc.es>
# name: hd
# type: matrix
# rows: 5
# columns: 2
 6091 -476
 9004 -238
 9605 0
 9201 238
 6961 476


