# Created by Octave 3.8.2, Sat Jun 20 23:29:43 2020 CEST <damian@fptrucha.inv.usc.es>
# name: hd
# type: matrix
# rows: 5
# columns: 2
 5069 -476
 7653 -238
 8180 0
 7909 238
 5994 476


