# Created by Octave 3.8.2, Sat Jun 20 14:12:24 2020 CEST <damian@fptrucha.inv.usc.es>
# name: hd
# type: matrix
# rows: 5
# columns: 2
 5591 -476
 8195 -238
 8940 0
 8551 238
 6477 476


