# Created by Octave 3.8.2, Sun Jun 21 07:42:11 2020 CEST <damian@fptrucha.inv.usc.es>
# name: hd
# type: matrix
# rows: 5
# columns: 2
 5229 -476
 7990 -238
 8649 0
 8214 238
 6261 476


