# Created by Octave 3.8.2, Sat Jun 20 17:14:54 2020 CEST <damian@fptrucha.inv.usc.es>
# name: hd
# type: matrix
# rows: 5
# columns: 2
 3441 -476
 5098 -238
 5559 0
 5290 238
 4038 476


