# Created by Octave 3.8.2, Sat Jun 20 13:48:02 2020 CEST <damian@fptrucha.inv.usc.es>
# name: hd
# type: matrix
# rows: 5
# columns: 2
 5486 -476
 8206 -238
 8841 0
 8626 238
 6480 476


