# Created by Octave 3.8.2, Sun Jun 21 05:25:58 2020 CEST <damian@fptrucha.inv.usc.es>
# name: hd
# type: matrix
# rows: 5
# columns: 2
 4964 -476
 7628 -238
 8171 0
 7723 238
 6036 476


