# Created by Octave 3.8.2, Sat Jun 20 04:28:15 2020 CEST <damian@fptrucha.inv.usc.es>
# name: hd
# type: matrix
# rows: 5
# columns: 2
 5859 -476
 8703 -238
 9338 0
 8944 238
 6782 476


