# Created by Octave 3.8.2, Sat Jun 20 20:35:32 2020 CEST <damian@fptrucha.inv.usc.es>
# name: hd
# type: matrix
# rows: 5
# columns: 2
 5236 -476
 7783 -238
 8292 0
 8062 238
 6155 476


