# Created by Octave 3.8.2, Sat Jun 20 12:59:16 2020 CEST <damian@fptrucha.inv.usc.es>
# name: hd
# type: matrix
# rows: 5
# columns: 2
 5598 -476
 8488 -238
 9043 0
 8724 238
 6707 476


