# Created by Octave 3.8.2, Mon Jun 22 12:22:09 2020 CEST <damian@fptrucha.inv.usc.es>
# name: hd
# type: matrix
# rows: 5
# columns: 2
 5396 -476
 7842 -238
 8144 0
 7908 238
 6223 476


