# Created by Octave 3.8.2, Sun Jun 21 07:39:53 2020 CEST <damian@fptrucha.inv.usc.es>
# name: hd
# type: matrix
# rows: 5
# columns: 2
 3532 -476
 5171 -238
 5584 0
 5346 238
 4166 476


