# Created by Octave 3.8.2, Sat Jun 20 21:43:44 2020 CEST <damian@fptrucha.inv.usc.es>
# name: hd
# type: matrix
# rows: 5
# columns: 2
 4929 -476
 7604 -238
 8169 0
 7825 238
 6077 476


