# Created by Octave 3.8.2, Mon Jun 22 21:20:52 2020 CEST <damian@fptrucha.inv.usc.es>
# name: hd
# type: matrix
# rows: 5
# columns: 2
 5604 -476
 8216 -238
 8800 0
 8476 238
 6680 476


