# Created by Octave 3.8.2, Mon Jun 22 08:17:22 2020 CEST <damian@fptrucha.inv.usc.es>
# name: hd
# type: matrix
# rows: 5
# columns: 2
 5114 -476
 7679 -238
 7996 0
 7624 238
 6146 476


