# Created by Octave 3.8.2, Mon Jun 22 14:39:40 2020 CEST <damian@fptrucha.inv.usc.es>
# name: hd
# type: matrix
# rows: 5
# columns: 2
 5585 -476
 8117 -238
 8329 0
 7912 238
 6278 476


