# Created by Octave 3.8.2, Mon Jun 22 16:11:32 2020 CEST <damian@fptrucha.inv.usc.es>
# name: hd
# type: matrix
# rows: 5
# columns: 2
 5615 -476
 8179 -238
 8524 0
 8079 238
 6579 476


