# Created by Octave 3.8.2, Mon Jun 22 18:49:57 2020 CEST <damian@fptrucha.inv.usc.es>
# name: hd
# type: matrix
# rows: 5
# columns: 2
 5604 -476
 8357 -238
 8583 0
 8319 238
 6764 476


