# Created by Octave 3.8.2, Sat Jun 20 15:52:36 2020 CEST <damian@fptrucha.inv.usc.es>
# name: hd
# type: matrix
# rows: 5
# columns: 2
 5358 -476
 8087 -238
 8521 0
 8355 238
 6157 476


