# Created by Octave 3.8.2, Sat Jun 20 10:20:36 2020 CEST <damian@fptrucha.inv.usc.es>
# name: hd
# type: matrix
# rows: 5
# columns: 2
 5845 -476
 9004 -238
 9430 0
 8958 238
 6953 476


