# Created by Octave 3.8.2, Mon Jun 22 04:05:13 2020 CEST <damian@fptrucha.inv.usc.es>
# name: hd
# type: matrix
# rows: 5
# columns: 2
 4962 -476
 7385 -238
 7491 0
 7308 238
 5915 476


