# Created by Octave 3.8.2, Mon Jun 22 17:35:32 2020 CEST <damian@fptrucha.inv.usc.es>
# name: hd
# type: matrix
# rows: 5
# columns: 2
 5482 -476
 8007 -238
 8520 0
 8321 238
 6717 476


