# Created by Octave 3.8.2, Mon Jun 22 21:37:24 2020 CEST <damian@fptrucha.inv.usc.es>
# name: hd
# type: matrix
# rows: 5
# columns: 2
 5629 -476
 8323 -238
 8759 0
 8528 238
 6620 476


