# Created by Octave 3.8.2, Sat Jun 20 14:41:35 2020 CEST <damian@fptrucha.inv.usc.es>
# name: hd
# type: matrix
# rows: 5
# columns: 2
 5447 -476
 8136 -238
 8612 0
 8385 238
 6426 476


