# Created by Octave 3.8.2, Sat Jun 20 20:23:46 2020 CEST <damian@fptrucha.inv.usc.es>
# name: hd
# type: matrix
# rows: 5
# columns: 2
 5166 -476
 7729 -238
 8455 0
 8049 238
 6159 476


