# Created by Octave 3.8.2, Sat Jun 20 15:26:26 2020 CEST <damian@fptrucha.inv.usc.es>
# name: hd
# type: matrix
# rows: 5
# columns: 2
 5277 -476
 8010 -238
 8568 0
 8344 238
 6516 476


