# Created by Octave 3.8.2, Sat Jun 20 23:47:48 2020 CEST <damian@fptrucha.inv.usc.es>
# name: hd
# type: matrix
# rows: 5
# columns: 2
 5235 -476
 7641 -238
 8191 0
 7869 238
 6279 476


