# Created by Octave 3.8.2, Mon Jun 22 19:14:44 2020 CEST <damian@fptrucha.inv.usc.es>
# name: hd
# type: matrix
# rows: 5
# columns: 2
 5476 -476
 8247 -238
 8802 0
 8373 238
 6746 476


