# Created by Octave 3.8.2, Sat Jun 20 12:04:00 2020 CEST <damian@fptrucha.inv.usc.es>
# name: hd
# type: matrix
# rows: 5
# columns: 2
 5684 -476
 8485 -238
 9075 0
 8788 238
 6783 476


