# Created by Octave 3.8.2, Sat Jun 20 11:29:20 2020 CEST <damian@fptrucha.inv.usc.es>
# name: hd
# type: matrix
# rows: 5
# columns: 2
 5621 -476
 8657 -238
 9203 0
 8779 238
 6732 476


