# Created by Octave 3.8.2, Tue Jun 23 00:11:05 2020 CEST <damian@fptrucha.inv.usc.es>
# name: hd
# type: matrix
# rows: 5
# columns: 2
 5743 -476
 8341 -238
 8891 0
 8643 238
 6691 476


