# Created by Octave 3.8.2, Sat Jun 20 16:17:18 2020 CEST <damian@fptrucha.inv.usc.es>
# name: hd
# type: matrix
# rows: 5
# columns: 2
 5283 -476
 8005 -238
 8525 0
 8232 238
 6246 476


