# Created by Octave 3.8.2, Mon Jun 22 18:04:08 2020 CEST <damian@fptrucha.inv.usc.es>
# name: hd
# type: matrix
# rows: 5
# columns: 2
 5572 -476
 8137 -238
 8580 0
 8248 238
 6461 476


