# Created by Octave 3.8.2, Mon Jun 22 04:12:25 2020 CEST <damian@fptrucha.inv.usc.es>
# name: hd
# type: matrix
# rows: 5
# columns: 2
 4891 -476
 7259 -238
 7405 0
 7304 238
 5831 476


