# Created by Octave 3.8.2, Mon Jun 22 02:50:00 2020 CEST <damian@fptrucha.inv.usc.es>
# name: hd
# type: matrix
# rows: 5
# columns: 2
 5097 -476
 7266 -238
 7618 0
 7498 238
 6139 476


