# Created by Octave 3.8.2, Sat Jun 20 14:55:57 2020 CEST <damian@fptrucha.inv.usc.es>
# name: hd
# type: matrix
# rows: 5
# columns: 2
 5387 -476
 7995 -238
 8521 0
 8215 238
 6424 476


