# Created by Octave 3.8.2, Mon Jun 22 20:15:49 2020 CEST <damian@fptrucha.inv.usc.es>
# name: hd
# type: matrix
# rows: 5
# columns: 2
 5459 -476
 8283 -238
 8532 0
 8379 238
 6632 476


