# Created by Octave 3.8.2, Mon Jun 22 15:26:57 2020 CEST <damian@fptrucha.inv.usc.es>
# name: hd
# type: matrix
# rows: 5
# columns: 2
 5548 -476
 8134 -238
 8669 0
 8060 238
 6454 476


