# Created by Octave 3.8.2, Mon Jun 22 06:51:06 2020 CEST <damian@fptrucha.inv.usc.es>
# name: hd
# type: matrix
# rows: 5
# columns: 2
 5237 -476
 7354 -238
 7683 0
 7454 238
 5985 476


