# Created by Octave 3.8.2, Mon Jun 22 15:21:23 2020 CEST <damian@fptrucha.inv.usc.es>
# name: hd
# type: matrix
# rows: 5
# columns: 2
 5558 -476
 8169 -238
 8499 0
 8386 238
 6448 476


