# Created by Octave 3.8.2, Mon Jun 22 19:28:08 2020 CEST <damian@fptrucha.inv.usc.es>
# name: hd
# type: matrix
# rows: 5
# columns: 2
 5557 -476
 8345 -238
 8468 0
 8335 238
 6612 476


