# Created by Octave 3.8.2, Sat Jun 20 02:59:19 2020 CEST <damian@fptrucha.inv.usc.es>
# name: hd
# type: matrix
# rows: 5
# columns: 2
 5656 -476
 8521 -238
 9066 0
 8751 238
 6610 476


