# Created by Octave 3.8.2, Mon Jun 22 02:41:37 2020 CEST <damian@fptrucha.inv.usc.es>
# name: hd
# type: matrix
# rows: 5
# columns: 2
 5051 -476
 7343 -238
 7696 0
 7267 238
 5950 476


