# Created by Octave 3.8.2, Sat Jun 20 05:01:42 2020 CEST <damian@fptrucha.inv.usc.es>
# name: hd
# type: matrix
# rows: 5
# columns: 2
 5795 -476
 8491 -238
 9250 0
 8762 238
 6878 476


