# Created by Octave 3.8.2, Sat Jun 20 14:05:56 2020 CEST <damian@fptrucha.inv.usc.es>
# name: hd
# type: matrix
# rows: 5
# columns: 2
 5486 -476
 8188 -238
 8809 0
 8642 238
 6610 476


