# Created by Octave 3.8.2, Mon Jun 22 04:10:29 2020 CEST <damian@fptrucha.inv.usc.es>
# name: hd
# type: matrix
# rows: 5
# columns: 2
 4926 -476
 7334 -238
 7492 0
 7365 238
 5956 476


