# Created by Octave 3.8.2, Mon Jun 22 12:40:52 2020 CEST <damian@fptrucha.inv.usc.es>
# name: hd
# type: matrix
# rows: 5
# columns: 2
 5253 -476
 7964 -238
 8357 0
 7935 238
 6292 476


