# Created by Octave 3.8.2, Sat Jun 20 21:03:34 2020 CEST <damian@fptrucha.inv.usc.es>
# name: hd
# type: matrix
# rows: 5
# columns: 2
 5096 -476
 7774 -238
 8284 0
 7918 238
 6036 476


