# Created by Octave 3.8.2, Sat Jun 20 14:13:46 2020 CEST <damian@fptrucha.inv.usc.es>
# name: hd
# type: matrix
# rows: 5
# columns: 2
 5351 -476
 8341 -238
 9004 0
 8439 238
 6604 476


