# Created by Octave 3.8.2, Mon Jun 22 04:34:31 2020 CEST <damian@fptrucha.inv.usc.es>
# name: hd
# type: matrix
# rows: 5
# columns: 2
 4820 -476
 6962 -238
 7416 0
 7061 238
 5696 476


