# Created by Octave 3.8.2, Sat Jun 20 16:09:20 2020 CEST <damian@fptrucha.inv.usc.es>
# name: hd
# type: matrix
# rows: 5
# columns: 2
 5255 -476
 8098 -238
 8592 0
 8239 238
 6351 476


