# Created by Octave 3.8.2, Sat Jun 20 17:21:34 2020 CEST <damian@fptrucha.inv.usc.es>
# name: hd
# type: matrix
# rows: 5
# columns: 2
 5245 -476
 7847 -238
 8329 0
 8219 238
 6373 476


