# Created by Octave 3.8.2, Mon Jun 22 06:32:35 2020 CEST <damian@fptrucha.inv.usc.es>
# name: hd
# type: matrix
# rows: 5
# columns: 2
 5131 -476
 7529 -238
 7815 0
 7449 238
 6088 476


