# Created by Octave 3.8.2, Sun Jun 21 03:32:14 2020 CEST <damian@fptrucha.inv.usc.es>
# name: hd
# type: matrix
# rows: 5
# columns: 2
 5038 -476
 7557 -238
 8160 0
 8042 238
 6183 476


