# Created by Octave 3.8.2, Sat Jun 20 09:47:39 2020 CEST <damian@fptrucha.inv.usc.es>
# name: hd
# type: matrix
# rows: 5
# columns: 2
 5985 -476
 8916 -238
 9498 0
 9279 238
 7083 476


