# Created by Octave 3.8.2, Mon Jun 22 04:57:09 2020 CEST <damian@fptrucha.inv.usc.es>
# name: hd
# type: matrix
# rows: 5
# columns: 2
 4815 -476
 7180 -238
 7282 0
 7220 238
 5841 476


