# Created by Octave 3.8.2, Mon Jun 22 05:27:39 2020 CEST <damian@fptrucha.inv.usc.es>
# name: hd
# type: matrix
# rows: 5
# columns: 2
 5111 -476
 7357 -238
 7669 0
 7252 238
 6047 476


