# Created by Octave 3.8.2, Mon Jun 22 07:12:39 2020 CEST <damian@fptrucha.inv.usc.es>
# name: hd
# type: matrix
# rows: 5
# columns: 2
 5086 -476
 7464 -238
 7727 0
 7471 238
 6038 476


