# Created by Octave 3.8.2, Sun Jun 21 04:50:41 2020 CEST <damian@fptrucha.inv.usc.es>
# name: hd
# type: matrix
# rows: 5
# columns: 2
 5074 -476
 7779 -238
 8328 0
 8013 238
 6306 476


