# Created by Octave 3.8.2, Sat Jun 20 22:13:58 2020 CEST <damian@fptrucha.inv.usc.es>
# name: hd
# type: matrix
# rows: 5
# columns: 2
 5212 -476
 7755 -238
 8387 0
 7845 238
 6136 476


