# Created by Octave 3.8.2, Sun Jun 21 01:17:33 2020 CEST <damian@fptrucha.inv.usc.es>
# name: hd
# type: matrix
# rows: 5
# columns: 2
 5090 -476
 7456 -238
 8120 0
 7993 238
 6193 476


