# Created by Octave 3.8.2, Mon Jun 22 16:24:26 2020 CEST <damian@fptrucha.inv.usc.es>
# name: hd
# type: matrix
# rows: 5
# columns: 2
 5483 -476
 8105 -238
 8536 0
 8191 238
 6601 476


