# Created by Octave 3.8.2, Mon Jun 22 04:46:18 2020 CEST <damian@fptrucha.inv.usc.es>
# name: hd
# type: matrix
# rows: 5
# columns: 2
 4933 -476
 6991 -238
 7527 0
 7187 238
 5840 476


