# Created by Octave 3.8.2, Sat Jun 20 05:07:28 2020 CEST <damian@fptrucha.inv.usc.es>
# name: hd
# type: matrix
# rows: 5
# columns: 2
 5881 -476
 8680 -238
 9411 0
 8764 238
 6653 476


