# Created by Octave 3.8.2, Sat Jun 20 17:42:00 2020 CEST <damian@fptrucha.inv.usc.es>
# name: hd
# type: matrix
# rows: 5
# columns: 2
 5157 -476
 7892 -238
 8353 0
 8011 238
 6235 476


