# Created by Octave 3.8.2, Sat Jun 20 06:29:34 2020 CEST <damian@fptrucha.inv.usc.es>
# name: hd
# type: matrix
# rows: 5
# columns: 2
 5821 -476
 8869 -238
 9431 0
 9114 238
 6894 476


