# Created by Octave 3.8.2, Sat Jun 20 23:43:07 2020 CEST <damian@fptrucha.inv.usc.es>
# name: hd
# type: matrix
# rows: 5
# columns: 2
 4972 -476
 7713 -238
 8061 0
 7797 238
 6047 476


