# Created by Octave 3.8.2, Mon Jun 22 17:48:43 2020 CEST <damian@fptrucha.inv.usc.es>
# name: hd
# type: matrix
# rows: 5
# columns: 2
 5422 -476
 8084 -238
 8590 0
 8360 238
 6468 476


