# Created by Octave 3.8.2, Mon Jun 22 08:50:42 2020 CEST <damian@fptrucha.inv.usc.es>
# name: hd
# type: matrix
# rows: 5
# columns: 2
 5197 -476
 7717 -238
 7922 0
 7660 238
 6136 476


