# Created by Octave 3.8.2, Sat Jun 20 23:17:04 2020 CEST <damian@fptrucha.inv.usc.es>
# name: hd
# type: matrix
# rows: 5
# columns: 2
 5025 -476
 7531 -238
 8266 0
 7858 238
 6091 476


