# Created by Octave 3.8.2, Mon Jun 22 13:05:03 2020 CEST <damian@fptrucha.inv.usc.es>
# name: hd
# type: matrix
# rows: 5
# columns: 2
 5434 -476
 8197 -238
 8178 0
 7880 238
 6383 476


