# Created by Octave 3.8.2, Sun Jun 21 04:49:34 2020 CEST <damian@fptrucha.inv.usc.es>
# name: hd
# type: matrix
# rows: 5
# columns: 2
 5150 -476
 7660 -238
 8472 0
 7927 238
 6161 476


