# Created by Octave 3.8.2, Sun Jun 21 04:20:00 2020 CEST <damian@fptrucha.inv.usc.es>
# name: hd
# type: matrix
# rows: 5
# columns: 2
 4955 -476
 7786 -238
 8118 0
 7815 238
 5998 476


