# Created by Octave 3.8.2, Sun Jun 21 04:54:03 2020 CEST <damian@fptrucha.inv.usc.es>
# name: hd
# type: matrix
# rows: 5
# columns: 2
 5166 -476
 7658 -238
 8427 0
 8172 238
 6152 476


