# Created by Octave 3.8.2, Mon Jun 22 02:08:43 2020 CEST <damian@fptrucha.inv.usc.es>
# name: hd
# type: matrix
# rows: 5
# columns: 2
 3434 -476
 5043 -238
 5493 0
 5285 238
 4117 476


