# Created by Octave 3.8.2, Sun Jun 21 01:28:00 2020 CEST <damian@fptrucha.inv.usc.es>
# name: hd
# type: matrix
# rows: 5
# columns: 2
 5138 -476
 7598 -238
 8125 0
 7802 238
 6084 476


