# Created by Octave 3.8.2, Sat Jun 20 18:16:52 2020 CEST <damian@fptrucha.inv.usc.es>
# name: hd
# type: matrix
# rows: 5
# columns: 2
 5225 -476
 7694 -238
 8250 0
 7999 238
 6197 476


