# Created by Octave 3.8.2, Sun Jun 21 02:10:42 2020 CEST <damian@fptrucha.inv.usc.es>
# name: hd
# type: matrix
# rows: 5
# columns: 2
 5207 -476
 7603 -238
 8224 0
 7809 238
 6004 476


