# Created by Octave 3.8.2, Sat Jun 20 09:15:56 2020 CEST <damian@fptrucha.inv.usc.es>
# name: hd
# type: matrix
# rows: 5
# columns: 2
 6010 -476
 8935 -238
 9530 0
 9231 238
 7122 476


