# Created by Octave 3.8.2, Sun Jun 21 00:59:25 2020 CEST <damian@fptrucha.inv.usc.es>
# name: hd
# type: matrix
# rows: 5
# columns: 2
 5049 -476
 7658 -238
 8319 0
 7848 238
 6011 476


