# Created by Octave 3.8.2, Mon Jun 22 02:17:51 2020 CEST <damian@fptrucha.inv.usc.es>
# name: hd
# type: matrix
# rows: 5
# columns: 2
 5232 -476
 7825 -238
 8301 0
 7815 238
 6191 476


