# Created by Octave 3.8.2, Mon Jun 22 07:31:26 2020 CEST <damian@fptrucha.inv.usc.es>
# name: hd
# type: matrix
# rows: 5
# columns: 2
 5008 -476
 7572 -238
 7925 0
 7411 238
 6092 476


