# Created by Octave 3.8.2, Sat Jun 20 07:57:38 2020 CEST <damian@fptrucha.inv.usc.es>
# name: hd
# type: matrix
# rows: 5
# columns: 2
 5994 -476
 8985 -238
 9486 0
 9156 238
 6949 476


