# Created by Octave 3.8.2, Mon Jun 22 20:30:36 2020 CEST <damian@fptrucha.inv.usc.es>
# name: hd
# type: matrix
# rows: 5
# columns: 2
 5590 -476
 8306 -238
 8674 0
 8385 238
 6743 476


