# Created by Octave 3.8.2, Mon Jun 22 01:30:10 2020 CEST <damian@fptrucha.inv.usc.es>
# name: hd
# type: matrix
# rows: 5
# columns: 2
 5194 -476
 7732 -238
 8626 0
 7955 238
 6194 476


