# Created by Octave 3.8.2, Mon Jun 22 09:43:19 2020 CEST <damian@fptrucha.inv.usc.es>
# name: hd
# type: matrix
# rows: 5
# columns: 2
 5284 -476
 7717 -238
 8168 0
 7648 238
 6234 476


