# Created by Octave 3.8.2, Sun Jun 21 05:47:45 2020 CEST <damian@fptrucha.inv.usc.es>
# name: hd
# type: matrix
# rows: 5
# columns: 2
 4925 -476
 7594 -238
 8150 0
 7916 238
 6099 476


