# Created by Octave 3.8.2, Mon Jun 22 16:04:55 2020 CEST <damian@fptrucha.inv.usc.es>
# name: hd
# type: matrix
# rows: 5
# columns: 2
 5589 -476
 8384 -238
 8637 0
 8315 238
 6484 476


