# Created by Octave 3.8.2, Sun Jun 21 06:27:15 2020 CEST <damian@fptrucha.inv.usc.es>
# name: hd
# type: matrix
# rows: 5
# columns: 2
 4948 -476
 7570 -238
 8224 0
 7797 238
 5977 476


