# Created by Octave 3.8.2, Sat Jun 20 07:46:28 2020 CEST <damian@fptrucha.inv.usc.es>
# name: hd
# type: matrix
# rows: 5
# columns: 2
 6114 -476
 8968 -238
 9642 0
 9151 238
 7008 476


