# Created by Octave 3.8.2, Sat Jun 20 12:21:51 2020 CEST <damian@fptrucha.inv.usc.es>
# name: hd
# type: matrix
# rows: 5
# columns: 2
 5706 -476
 8525 -238
 9206 0
 8836 238
 6735 476


