# Created by Octave 3.8.2, Sat Jun 20 07:14:49 2020 CEST <damian@fptrucha.inv.usc.es>
# name: hd
# type: matrix
# rows: 5
# columns: 2
 6011 -476
 8869 -238
 9554 0
 9057 238
 6957 476


