# Created by Octave 3.8.2, Sat Jun 20 07:00:20 2020 CEST <damian@fptrucha.inv.usc.es>
# name: hd
# type: matrix
# rows: 5
# columns: 2
 5954 -476
 9060 -238
 9301 0
 9118 238
 6969 476


