# Created by Octave 3.8.2, Sat Jun 20 10:43:04 2020 CEST <damian@fptrucha.inv.usc.es>
# name: hd
# type: matrix
# rows: 5
# columns: 2
 5632 -476
 8789 -238
 9447 0
 9035 238
 6813 476


