# Created by Octave 3.8.2, Mon Jun 22 20:29:26 2020 CEST <damian@fptrucha.inv.usc.es>
# name: hd
# type: matrix
# rows: 5
# columns: 2
 5649 -476
 8416 -238
 8687 0
 8483 238
 6681 476


