# Created by Octave 3.8.2, Sat Jun 20 12:51:26 2020 CEST <damian@fptrucha.inv.usc.es>
# name: hd
# type: matrix
# rows: 5
# columns: 2
 2762 -476
 4283 -238
 4446 0
 4320 238
 3234 476


