# Created by Octave 3.8.2, Sat Jun 20 11:15:04 2020 CEST <damian@fptrucha.inv.usc.es>
# name: hd
# type: matrix
# rows: 5
# columns: 2
 3749 -476
 5663 -238
 6073 0
 5896 238
 4530 476


