# Created by Octave 3.8.2, Sat Jun 20 12:16:13 2020 CEST <damian@fptrucha.inv.usc.es>
# name: hd
# type: matrix
# rows: 5
# columns: 2
 5648 -476
 8519 -238
 9052 0
 8809 238
 6759 476


