# Created by Octave 3.8.2, Sun Jun 21 03:50:39 2020 CEST <damian@fptrucha.inv.usc.es>
# name: hd
# type: matrix
# rows: 5
# columns: 2
 4981 -476
 7681 -238
 8129 0
 7769 238
 6148 476


