# Created by Octave 3.8.2, Sun Jun 21 02:42:15 2020 CEST <damian@fptrucha.inv.usc.es>
# name: hd
# type: matrix
# rows: 5
# columns: 2
 4901 -476
 7549 -238
 8091 0
 7745 238
 5990 476


