# Created by Octave 3.8.2, Mon Jun 22 00:49:08 2020 CEST <damian@fptrucha.inv.usc.es>
# name: hd
# type: matrix
# rows: 5
# columns: 2
 5011 -476
 7723 -238
 8288 0
 8051 238
 6165 476


