# Created by Octave 3.8.2, Sat Jun 20 09:17:25 2020 CEST <damian@fptrucha.inv.usc.es>
# name: hd
# type: matrix
# rows: 5
# columns: 2
 5990 -476
 9057 -238
 9681 0
 9242 238
 7049 476


