# Created by Octave 3.8.2, Mon Jun 22 17:32:44 2020 CEST <damian@fptrucha.inv.usc.es>
# name: hd
# type: matrix
# rows: 5
# columns: 2
 5525 -476
 8164 -238
 8646 0
 8302 238
 6381 476


