# Created by Octave 3.8.2, Sat Jun 20 23:10:30 2020 CEST <damian@fptrucha.inv.usc.es>
# name: hd
# type: matrix
# rows: 5
# columns: 2
 5081 -476
 7651 -238
 8243 0
 7987 238
 6213 476


