# Created by Octave 3.8.2, Mon Jun 22 17:59:40 2020 CEST <damian@fptrucha.inv.usc.es>
# name: hd
# type: matrix
# rows: 5
# columns: 2
 5544 -476
 8249 -238
 8499 0
 8066 238
 6526 476


