# Created by Octave 3.8.2, Sat Jun 20 23:54:54 2020 CEST <damian@fptrucha.inv.usc.es>
# name: hd
# type: matrix
# rows: 5
# columns: 2
 5166 -476
 7552 -238
 8307 0
 8030 238
 5997 476


