# Created by Octave 3.8.2, Mon Jun 22 01:01:58 2020 CEST <damian@fptrucha.inv.usc.es>
# name: hd
# type: matrix
# rows: 5
# columns: 2
 5270 -476
 7942 -238
 8737 0
 8440 238
 6316 476


