# Created by Octave 3.8.2, Sat Jun 20 03:56:28 2020 CEST <damian@fptrucha.inv.usc.es>
# name: hd
# type: matrix
# rows: 5
# columns: 2
 5816 -476
 8632 -238
 9226 0
 8815 238
 6908 476


