# Created by Octave 3.8.2, Mon Jun 22 16:58:12 2020 CEST <damian@fptrucha.inv.usc.es>
# name: hd
# type: matrix
# rows: 5
# columns: 2
 5477 -476
 8128 -238
 8578 0
 8023 238
 6379 476


