# Created by Octave 3.8.2, Tue Jun 23 00:15:49 2020 CEST <damian@fptrucha.inv.usc.es>
# name: hd
# type: matrix
# rows: 5
# columns: 2
 5662 -476
 8594 -238
 8802 0
 8534 238
 6667 476


