# Created by Octave 3.8.2, Mon Jun 22 14:32:05 2020 CEST <damian@fptrucha.inv.usc.es>
# name: hd
# type: matrix
# rows: 5
# columns: 2
 5289 -476
 8100 -238
 8400 0
 7892 238
 6463 476


