# Created by Octave 3.8.2, Mon Jun 22 11:01:45 2020 CEST <damian@fptrucha.inv.usc.es>
# name: hd
# type: matrix
# rows: 5
# columns: 2
 5340 -476
 7984 -238
 8343 0
 7967 238
 6415 476


