# Created by Octave 3.8.2, Mon Jun 22 20:49:53 2020 CEST <damian@fptrucha.inv.usc.es>
# name: hd
# type: matrix
# rows: 5
# columns: 2
 5530 -476
 8225 -238
 8788 0
 8263 238
 6832 476


