# Created by Octave 3.8.2, Mon Jun 22 12:17:55 2020 CEST <damian@fptrucha.inv.usc.es>
# name: hd
# type: matrix
# rows: 5
# columns: 2
 5418 -476
 7921 -238
 8240 0
 7824 238
 6242 476


