# Created by Octave 3.8.2, Mon Jun 22 09:47:32 2020 CEST <damian@fptrucha.inv.usc.es>
# name: hd
# type: matrix
# rows: 5
# columns: 2
 5316 -476
 7619 -238
 8062 0
 7749 238
 6308 476


