# Created by Octave 3.8.2, Sun Jun 21 02:33:29 2020 CEST <damian@fptrucha.inv.usc.es>
# name: hd
# type: matrix
# rows: 5
# columns: 2
 5086 -476
 7481 -238
 8127 0
 7748 238
 6101 476


