# Created by Octave 3.8.2, Sat Jun 20 23:11:45 2020 CEST <damian@fptrucha.inv.usc.es>
# name: hd
# type: matrix
# rows: 5
# columns: 2
 5164 -476
 7701 -238
 8299 0
 8058 238
 6095 476


