# Created by Octave 3.8.2, Mon Jun 22 04:07:41 2020 CEST <damian@fptrucha.inv.usc.es>
# name: hd
# type: matrix
# rows: 5
# columns: 2
 5082 -476
 7353 -238
 7479 0
 7337 238
 5808 476


