# Created by Octave 3.8.2, Mon Jun 22 00:29:05 2020 CEST <damian@fptrucha.inv.usc.es>
# name: hd
# type: matrix
# rows: 5
# columns: 2
 5209 -476
 7942 -238
 8660 0
 8259 238
 6197 476


