# Created by Octave 3.8.2, Sun Jun 21 07:15:37 2020 CEST <damian@fptrucha.inv.usc.es>
# name: hd
# type: matrix
# rows: 5
# columns: 2
 5207 -476
 7838 -238
 8423 0
 8040 238
 6297 476


