# Created by Octave 3.8.2, Mon Jun 22 23:23:40 2020 CEST <damian@fptrucha.inv.usc.es>
# name: hd
# type: matrix
# rows: 5
# columns: 2
 5701 -476
 8422 -238
 9014 0
 8571 238
 6689 476


