# Created by Octave 3.8.2, Sat Jun 20 11:51:24 2020 CEST <damian@fptrucha.inv.usc.es>
# name: hd
# type: matrix
# rows: 5
# columns: 2
 5676 -476
 8598 -238
 9131 0
 8850 238
 6802 476


