# Created by Octave 3.8.2, Sat Jun 20 15:45:52 2020 CEST <damian@fptrucha.inv.usc.es>
# name: hd
# type: matrix
# rows: 5
# columns: 2
 5314 -476
 7933 -238
 8518 0
 8361 238
 6273 476


