# Created by Octave 3.8.2, Sat Jun 20 17:40:43 2020 CEST <damian@fptrucha.inv.usc.es>
# name: hd
# type: matrix
# rows: 5
# columns: 2
 5185 -476
 7905 -238
 8353 0
 8186 238
 6228 476


