# Created by Octave 3.8.2, Sat Jun 20 10:11:55 2020 CEST <damian@fptrucha.inv.usc.es>
# name: hd
# type: matrix
# rows: 5
# columns: 2
 5851 -476
 8814 -238
 9366 0
 8982 238
 6900 476


