# Created by Octave 3.8.2, Mon Jun 22 03:24:45 2020 CEST <damian@fptrucha.inv.usc.es>
# name: hd
# type: matrix
# rows: 5
# columns: 2
 5147 -476
 7485 -238
 7676 0
 7371 238
 6000 476


