# Created by Octave 3.8.2, Mon Jun 22 22:14:24 2020 CEST <damian@fptrucha.inv.usc.es>
# name: hd
# type: matrix
# rows: 5
# columns: 2
 5646 -476
 8457 -238
 8843 0
 8702 238
 6834 476


