# Created by Octave 3.8.2, Sun Jun 21 04:24:01 2020 CEST <damian@fptrucha.inv.usc.es>
# name: hd
# type: matrix
# rows: 5
# columns: 2
 5088 -476
 7783 -238
 8199 0
 7734 238
 6081 476


