# Created by Octave 3.8.2, Sat Jun 20 22:03:54 2020 CEST <damian@fptrucha.inv.usc.es>
# name: hd
# type: matrix
# rows: 5
# columns: 2
 5220 -476
 7594 -238
 8206 0
 7889 238
 6064 476


