# Created by Octave 3.8.2, Sun Jun 21 05:03:50 2020 CEST <damian@fptrucha.inv.usc.es>
# name: hd
# type: matrix
# rows: 5
# columns: 2
 5235 -476
 7842 -238
 8333 0
 7842 238
 6330 476


