# Created by Octave 3.8.2, Sat Jun 20 16:19:52 2020 CEST <damian@fptrucha.inv.usc.es>
# name: hd
# type: matrix
# rows: 5
# columns: 2
 5308 -476
 8026 -238
 8522 0
 8100 238
 6255 476


