# Created by Octave 3.8.2, Sat Jun 20 23:09:14 2020 CEST <damian@fptrucha.inv.usc.es>
# name: hd
# type: matrix
# rows: 5
# columns: 2
 5010 -476
 7553 -238
 8169 0
 8020 238
 6166 476


