# Created by Octave 3.8.2, Mon Jun 22 09:38:29 2020 CEST <damian@fptrucha.inv.usc.es>
# name: hd
# type: matrix
# rows: 5
# columns: 2
 5185 -476
 7659 -238
 8186 0
 7721 238
 6217 476


