# Created by Octave 3.8.2, Sat Jun 20 12:36:48 2020 CEST <damian@fptrucha.inv.usc.es>
# name: hd
# type: matrix
# rows: 5
# columns: 2
 5698 -476
 8585 -238
 9097 0
 8852 238
 6790 476


