# Created by Octave 3.8.2, Mon Jun 22 23:57:23 2020 CEST <damian@fptrucha.inv.usc.es>
# name: hd
# type: matrix
# rows: 5
# columns: 2
 5660 -476
 8492 -238
 8942 0
 8748 238
 6737 476


