# Created by Octave 3.8.2, Mon Jun 22 14:38:34 2020 CEST <damian@fptrucha.inv.usc.es>
# name: hd
# type: matrix
# rows: 5
# columns: 2
 5384 -476
 8046 -238
 8308 0
 8159 238
 6474 476


