# Created by Octave 3.8.2, Mon Jun 22 02:12:44 2020 CEST <damian@fptrucha.inv.usc.es>
# name: hd
# type: matrix
# rows: 5
# columns: 2
 5185 -476
 7721 -238
 8078 0
 7983 238
 6311 476


