# Created by Octave 3.8.2, Mon Jun 22 13:51:07 2020 CEST <damian@fptrucha.inv.usc.es>
# name: hd
# type: matrix
# rows: 5
# columns: 2
 5514 -476
 7831 -238
 8241 0
 8073 238
 6325 476


