# Created by Octave 3.8.2, Mon Jun 22 09:57:38 2020 CEST <damian@fptrucha.inv.usc.es>
# name: hd
# type: matrix
# rows: 5
# columns: 2
 5242 -476
 7624 -238
 8161 0
 7844 238
 6215 476


