# Created by Octave 3.8.2, Sun Jun 21 07:29:50 2020 CEST <damian@fptrucha.inv.usc.es>
# name: hd
# type: matrix
# rows: 5
# columns: 2
 4859 -476
 7636 -238
 8085 0
 7776 238
 6045 476


