# Created by Octave 3.8.2, Mon Jun 22 15:12:51 2020 CEST <damian@fptrucha.inv.usc.es>
# name: hd
# type: matrix
# rows: 5
# columns: 2
 5440 -476
 8115 -238
 8605 0
 8337 238
 6617 476


