# Created by Octave 3.8.2, Mon Jun 22 15:13:57 2020 CEST <damian@fptrucha.inv.usc.es>
# name: hd
# type: matrix
# rows: 5
# columns: 2
 5594 -476
 8121 -238
 8359 0
 8211 238
 6541 476


