# Created by Octave 3.8.2, Sat Jun 20 23:49:15 2020 CEST <damian@fptrucha.inv.usc.es>
# name: hd
# type: matrix
# rows: 5
# columns: 2
 5038 -476
 7517 -238
 8095 0
 7616 238
 6263 476


