# Created by Octave 3.8.2, Sat Jun 20 22:52:36 2020 CEST <damian@fptrucha.inv.usc.es>
# name: hd
# type: matrix
# rows: 5
# columns: 2
 5081 -476
 7520 -238
 8375 0
 8001 238
 5912 476


