# Created by Octave 3.8.2, Mon Jun 22 20:22:22 2020 CEST <damian@fptrucha.inv.usc.es>
# name: hd
# type: matrix
# rows: 5
# columns: 2
 5532 -476
 8143 -238
 8619 0
 8470 238
 6726 476


