# Created by Octave 3.8.2, Sun Jun 21 03:18:20 2020 CEST <damian@fptrucha.inv.usc.es>
# name: hd
# type: matrix
# rows: 5
# columns: 2
 5103 -476
 7552 -238
 8179 0
 7707 238
 6034 476


