# Created by Octave 3.8.2, Mon Jun 22 18:06:27 2020 CEST <damian@fptrucha.inv.usc.es>
# name: hd
# type: matrix
# rows: 5
# columns: 2
 5525 -476
 8177 -238
 8787 0
 8217 238
 6482 476


