# Created by Octave 3.8.2, Mon Jun 22 12:28:05 2020 CEST <damian@fptrucha.inv.usc.es>
# name: hd
# type: matrix
# rows: 5
# columns: 2
 3548 -476
 5249 -238
 5559 0
 5421 238
 4132 476


