# Created by Octave 3.8.2, Mon Jun 22 05:42:02 2020 CEST <damian@fptrucha.inv.usc.es>
# name: hd
# type: matrix
# rows: 5
# columns: 2
 5167 -476
 7545 -238
 7629 0
 7480 238
 5947 476


