# Created by Octave 3.8.2, Sat Jun 20 10:14:47 2020 CEST <damian@fptrucha.inv.usc.es>
# name: hd
# type: matrix
# rows: 5
# columns: 2
 5795 -476
 8883 -238
 9220 0
 8958 238
 6849 476


