# Created by Octave 3.8.2, Sat Jun 20 19:55:02 2020 CEST <damian@fptrucha.inv.usc.es>
# name: hd
# type: matrix
# rows: 5
# columns: 2
 5144 -476
 7704 -238
 8419 0
 8007 238
 6171 476


