# Created by Octave 3.8.2, Sun Jun 21 05:52:15 2020 CEST <damian@fptrucha.inv.usc.es>
# name: hd
# type: matrix
# rows: 5
# columns: 2
 5045 -476
 7477 -238
 8184 0
 7885 238
 6207 476


