# Created by Octave 3.8.2, Mon Jun 22 16:54:11 2020 CEST <damian@fptrucha.inv.usc.es>
# name: hd
# type: matrix
# rows: 5
# columns: 2
 5644 -476
 7978 -238
 8578 0
 8008 238
 6598 476


