# Created by Octave 3.8.2, Sun Jun 21 02:34:37 2020 CEST <damian@fptrucha.inv.usc.es>
# name: hd
# type: matrix
# rows: 5
# columns: 2
 5046 -476
 7656 -238
 8255 0
 8014 238
 6127 476


