# Created by Octave 3.8.2, Mon Jun 22 21:59:27 2020 CEST <damian@fptrucha.inv.usc.es>
# name: hd
# type: matrix
# rows: 5
# columns: 2
 5628 -476
 8473 -238
 8761 0
 8444 238
 6718 476


