# Created by Octave 3.8.2, Mon Jun 22 09:23:57 2020 CEST <damian@fptrucha.inv.usc.es>
# name: hd
# type: matrix
# rows: 5
# columns: 2
 5254 -476
 7655 -238
 8040 0
 7689 238
 6178 476


