# Created by Octave 3.8.2, Mon Jun 22 02:49:03 2020 CEST <damian@fptrucha.inv.usc.es>
# name: hd
# type: matrix
# rows: 5
# columns: 2
 5073 -476
 7287 -238
 7696 0
 7526 238
 5930 476


