# Created by Octave 3.8.2, Mon Jun 22 11:46:18 2020 CEST <damian@fptrucha.inv.usc.es>
# name: hd
# type: matrix
# rows: 5
# columns: 2
 5288 -476
 7994 -238
 8032 0
 7710 238
 6185 476


