# Created by Octave 3.8.2, Mon Jun 22 17:07:09 2020 CEST <damian@fptrucha.inv.usc.es>
# name: hd
# type: matrix
# rows: 5
# columns: 2
 5621 -476
 8157 -238
 8522 0
 8158 238
 6606 476


