# Created by Octave 3.8.2, Mon Jun 22 13:14:16 2020 CEST <damian@fptrucha.inv.usc.es>
# name: hd
# type: matrix
# rows: 5
# columns: 2
 5379 -476
 7920 -238
 8349 0
 8022 238
 6252 476


