# Created by Octave 3.8.2, Sat Jun 20 14:16:27 2020 CEST <damian@fptrucha.inv.usc.es>
# name: hd
# type: matrix
# rows: 5
# columns: 2
 5511 -476
 8190 -238
 8860 0
 8575 238
 6653 476


