# Created by Octave 3.8.2, Mon Jun 22 06:41:07 2020 CEST <damian@fptrucha.inv.usc.es>
# name: hd
# type: matrix
# rows: 5
# columns: 2
 5173 -476
 7625 -238
 7655 0
 7380 238
 6058 476


