# Created by Octave 3.8.2, Sat Jun 20 02:57:52 2020 CEST <damian@fptrucha.inv.usc.es>
# name: hd
# type: matrix
# rows: 5
# columns: 2
 5834 -476
 8426 -238
 9162 0
 8806 238
 6688 476


