# Created by Octave 3.8.2, Mon Jun 22 02:27:56 2020 CEST <damian@fptrucha.inv.usc.es>
# name: hd
# type: matrix
# rows: 5
# columns: 2
 17 -476
 26 -238
 67 0
 115 238
 61 476


