# Created by Octave 3.8.2, Mon Jun 22 15:06:15 2020 CEST <damian@fptrucha.inv.usc.es>
# name: hd
# type: matrix
# rows: 5
# columns: 2
 5618 -476
 8169 -238
 8586 0
 8333 238
 6334 476


