# Created by Octave 3.8.2, Sat Jun 20 18:41:07 2020 CEST <damian@fptrucha.inv.usc.es>
# name: hd
# type: matrix
# rows: 5
# columns: 2
 5030 -476
 7669 -238
 8317 0
 8054 238
 6173 476


