# Created by Octave 3.8.2, Mon Jun 22 00:25:00 2020 CEST <damian@fptrucha.inv.usc.es>
# name: hd
# type: matrix
# rows: 5
# columns: 2
 5387 -476
 7813 -238
 8587 0
 8417 238
 6199 476


