# Created by Octave 3.8.2, Sat Jun 20 19:05:25 2020 CEST <damian@fptrucha.inv.usc.es>
# name: hd
# type: matrix
# rows: 5
# columns: 2
 5254 -476
 7757 -238
 8388 0
 8085 238
 6166 476


