# Created by Octave 3.8.2, Mon Jun 22 21:44:04 2020 CEST <damian@fptrucha.inv.usc.es>
# name: hd
# type: matrix
# rows: 5
# columns: 2
 5620 -476
 8445 -238
 8930 0
 8508 238
 6654 476


