# Created by Octave 3.8.2, Mon Jun 22 10:38:02 2020 CEST <damian@fptrucha.inv.usc.es>
# name: hd
# type: matrix
# rows: 5
# columns: 2
 5304 -476
 7850 -238
 8271 0
 7782 238
 6351 476


