# Created by Octave 3.8.2, Mon Jun 22 15:10:37 2020 CEST <damian@fptrucha.inv.usc.es>
# name: hd
# type: matrix
# rows: 5
# columns: 2
 5592 -476
 8185 -238
 8430 0
 8274 238
 6601 476


