# Created by Octave 3.8.2, Mon Jun 22 22:04:57 2020 CEST <damian@fptrucha.inv.usc.es>
# name: hd
# type: matrix
# rows: 5
# columns: 2
 5566 -476
 8469 -238
 8773 0
 8615 238
 6765 476


