# Created by Octave 3.8.2, Mon Jun 22 14:41:23 2020 CEST <damian@fptrucha.inv.usc.es>
# name: hd
# type: matrix
# rows: 5
# columns: 2
 5467 -476
 7929 -238
 8345 0
 8132 238
 6228 476


