# Created by Octave 3.8.2, Mon Jun 22 05:20:51 2020 CEST <damian@fptrucha.inv.usc.es>
# name: hd
# type: matrix
# rows: 5
# columns: 2
 5029 -476
 7377 -238
 7487 0
 7235 238
 5982 476


