# Created by Octave 3.8.2, Sun Jun 21 01:26:56 2020 CEST <damian@fptrucha.inv.usc.es>
# name: hd
# type: matrix
# rows: 5
# columns: 2
 3297 -476
 4985 -238
 5361 0
 5089 238
 4054 476


