# Created by Octave 3.8.2, Mon Jun 22 23:43:34 2020 CEST <damian@fptrucha.inv.usc.es>
# name: hd
# type: matrix
# rows: 5
# columns: 2
 5592 -476
 8384 -238
 8978 0
 8656 238
 6739 476


