# Created by Octave 3.8.2, Sat Jun 20 18:24:13 2020 CEST <damian@fptrucha.inv.usc.es>
# name: hd
# type: matrix
# rows: 5
# columns: 2
 3420 -476
 4964 -238
 5435 0
 5275 238
 4175 476


