# Created by Octave 3.8.2, Mon Jun 22 22:34:20 2020 CEST <damian@fptrucha.inv.usc.es>
# name: hd
# type: matrix
# rows: 5
# columns: 2
 5592 -476
 8398 -238
 8803 0
 8599 238
 6764 476


