# Created by Octave 3.8.2, Sat Jun 20 10:35:54 2020 CEST <damian@fptrucha.inv.usc.es>
# name: hd
# type: matrix
# rows: 5
# columns: 2
 5891 -476
 8727 -238
 9361 0
 8838 238
 7000 476


