# Created by Octave 3.8.2, Tue Jun 23 00:38:57 2020 CEST <damian@fptrucha.inv.usc.es>
# name: hd
# type: matrix
# rows: 5
# columns: 2
 5797 -476
 8444 -238
 8982 0
 8632 238
 6700 476


