# Created by Octave 3.8.2, Mon Jun 22 10:52:41 2020 CEST <damian@fptrucha.inv.usc.es>
# name: hd
# type: matrix
# rows: 5
# columns: 2
 5337 -476
 7952 -238
 8207 0
 7766 238
 6413 476


