# Created by Octave 3.8.2, Sun Jun 21 07:48:09 2020 CEST <damian@fptrucha.inv.usc.es>
# name: hd
# type: matrix
# rows: 5
# columns: 2
 5191 -476
 7692 -238
 8391 0
 8149 238
 6181 476


