# Created by Octave 3.8.2, Mon Jun 22 05:16:56 2020 CEST <damian@fptrucha.inv.usc.es>
# name: hd
# type: matrix
# rows: 5
# columns: 2
 4972 -476
 7206 -238
 7554 0
 7358 238
 5907 476


