# Created by Octave 3.8.2, Mon Jun 22 01:07:15 2020 CEST <damian@fptrucha.inv.usc.es>
# name: hd
# type: matrix
# rows: 5
# columns: 2
 5165 -476
 7827 -238
 8512 0
 8197 238
 6363 476


