# Created by Octave 3.8.2, Sat Jun 20 22:58:34 2020 CEST <damian@fptrucha.inv.usc.es>
# name: hd
# type: matrix
# rows: 5
# columns: 2
 3351 -476
 5075 -238
 5369 0
 5282 238
 4038 476


