# Created by Octave 3.8.2, Sat Jun 20 02:00:32 2020 CEST <damian@fptrucha.inv.usc.es>
# name: hd
# type: matrix
# rows: 5
# columns: 2
 5699 -476
 8360 -238
 8890 0
 8529 238
 6577 476


