# Created by Octave 3.8.2, Mon Jun 22 02:55:39 2020 CEST <damian@fptrucha.inv.usc.es>
# name: hd
# type: matrix
# rows: 5
# columns: 2
 5128 -476
 7338 -238
 7708 0
 7272 238
 6094 476


