# Created by Octave 3.8.2, Mon Jun 22 12:46:55 2020 CEST <damian@fptrucha.inv.usc.es>
# name: hd
# type: matrix
# rows: 5
# columns: 2
 3575 -476
 5227 -238
 5465 0
 5262 238
 4215 476


