# Created by Octave 3.8.2, Sat Jun 20 19:15:16 2020 CEST <damian@fptrucha.inv.usc.es>
# name: hd
# type: matrix
# rows: 5
# columns: 2
 5156 -476
 7663 -238
 8407 0
 8062 238
 6077 476


