# Created by Octave 3.8.2, Mon Jun 22 21:27:55 2020 CEST <damian@fptrucha.inv.usc.es>
# name: hd
# type: matrix
# rows: 5
# columns: 2
 5725 -476
 8463 -238
 9020 0
 8467 238
 6728 476


