# Created by Octave 3.8.2, Sat Jun 20 04:33:44 2020 CEST <damian@fptrucha.inv.usc.es>
# name: hd
# type: matrix
# rows: 5
# columns: 2
 5931 -476
 8700 -238
 9038 0
 8939 238
 6817 476


