# Created by Octave 3.8.2, Sat Jun 20 22:46:07 2020 CEST <damian@fptrucha.inv.usc.es>
# name: hd
# type: matrix
# rows: 5
# columns: 2
 5087 -476
 7475 -238
 8249 0
 7968 238
 6025 476


