# Created by Octave 3.8.2, Mon Jun 22 12:35:33 2020 CEST <damian@fptrucha.inv.usc.es>
# name: hd
# type: matrix
# rows: 5
# columns: 2
 5398 -476
 7831 -238
 8278 0
 7972 238
 6416 476


