# Created by Octave 3.8.2, Mon Jun 22 12:05:40 2020 CEST <damian@fptrucha.inv.usc.es>
# name: hd
# type: matrix
# rows: 5
# columns: 2
 5302 -476
 7945 -238
 8384 0
 7834 238
 6178 476


