# Created by Octave 3.8.2, Mon Jun 22 01:42:26 2020 CEST <damian@fptrucha.inv.usc.es>
# name: hd
# type: matrix
# rows: 5
# columns: 2
 5325 -476
 8118 -238
 8404 0
 8329 238
 6453 476


