# Created by Octave 3.8.2, Mon Jun 22 06:20:51 2020 CEST <damian@fptrucha.inv.usc.es>
# name: hd
# type: matrix
# rows: 5
# columns: 2
 5281 -476
 7573 -238
 7817 0
 7590 238
 5934 476


