# Created by Octave 3.8.2, Mon Jun 22 07:13:39 2020 CEST <damian@fptrucha.inv.usc.es>
# name: hd
# type: matrix
# rows: 5
# columns: 2
 5124 -476
 7662 -238
 7789 0
 7447 238
 5998 476


