# Created by Octave 3.8.2, Sat Jun 20 16:55:43 2020 CEST <damian@fptrucha.inv.usc.es>
# name: hd
# type: matrix
# rows: 5
# columns: 2
 5201 -476
 7887 -238
 8434 0
 8053 238
 6265 476


