# Created by Octave 3.8.2, Sat Jun 20 04:51:41 2020 CEST <damian@fptrucha.inv.usc.es>
# name: hd
# type: matrix
# rows: 5
# columns: 2
 5729 -476
 8759 -238
 9096 0
 8883 238
 6810 476


