# Created by Octave 3.8.2, Mon Jun 22 16:20:01 2020 CEST <damian@fptrucha.inv.usc.es>
# name: hd
# type: matrix
# rows: 5
# columns: 2
 5506 -476
 8190 -238
 8457 0
 8188 238
 6577 476


