# Created by Octave 3.8.2, Sun Jun 21 00:41:22 2020 CEST <damian@fptrucha.inv.usc.es>
# name: hd
# type: matrix
# rows: 5
# columns: 2
 4997 -476
 7470 -238
 8113 0
 7851 238
 6016 476


