# Created by Octave 3.8.2, Mon Jun 22 02:16:50 2020 CEST <damian@fptrucha.inv.usc.es>
# name: hd
# type: matrix
# rows: 5
# columns: 2
 5541 -476
 7831 -238
 8238 0
 8011 238
 6442 476


