# Created by Octave 3.8.2, Mon Jun 22 15:38:39 2020 CEST <damian@fptrucha.inv.usc.es>
# name: hd
# type: matrix
# rows: 5
# columns: 2
 3543 -476
 5402 -238
 5607 0
 5394 238
 4365 476


