# Created by Octave 3.8.2, Sat Jun 20 21:41:11 2020 CEST <damian@fptrucha.inv.usc.es>
# name: hd
# type: matrix
# rows: 5
# columns: 2
 5013 -476
 7702 -238
 8436 0
 8134 238
 6077 476


