# Created by Octave 3.8.2, Mon Jun 22 20:23:32 2020 CEST <damian@fptrucha.inv.usc.es>
# name: hd
# type: matrix
# rows: 5
# columns: 2
 5532 -476
 8375 -238
 8713 0
 8465 238
 6625 476


