# Created by Octave 3.8.2, Mon Jun 22 04:08:36 2020 CEST <damian@fptrucha.inv.usc.es>
# name: hd
# type: matrix
# rows: 5
# columns: 2
 5008 -476
 7282 -238
 7518 0
 7340 238
 5808 476


