# Created by Octave 3.8.2, Mon Jun 22 23:42:22 2020 CEST <damian@fptrucha.inv.usc.es>
# name: hd
# type: matrix
# rows: 5
# columns: 2
 5672 -476
 8389 -238
 9005 0
 8603 238
 6744 476


