# Created by Octave 3.8.2, Sat Jun 20 03:25:07 2020 CEST <damian@fptrucha.inv.usc.es>
# name: hd
# type: matrix
# rows: 5
# columns: 2
 5577 -476
 8338 -238
 9047 0
 8713 238
 6569 476


