# Created by Octave 3.8.2, Mon Jun 22 14:09:59 2020 CEST <damian@fptrucha.inv.usc.es>
# name: hd
# type: matrix
# rows: 5
# columns: 2
 5436 -476
 8038 -238
 8444 0
 7989 238
 6480 476


