# Created by Octave 3.8.2, Mon Jun 22 01:50:27 2020 CEST <damian@fptrucha.inv.usc.es>
# name: hd
# type: matrix
# rows: 5
# columns: 2
 3697 -476
 5223 -238
 5512 0
 5569 238
 4285 476


