# Created by Octave 3.8.2, Sun Jun 21 04:46:10 2020 CEST <damian@fptrucha.inv.usc.es>
# name: hd
# type: matrix
# rows: 5
# columns: 2
 5288 -476
 7862 -238
 8223 0
 7977 238
 6151 476


