# Created by Octave 3.8.2, Sat Jun 20 04:29:40 2020 CEST <damian@fptrucha.inv.usc.es>
# name: hd
# type: matrix
# rows: 5
# columns: 2
 5780 -476
 8792 -238
 9308 0
 8800 238
 6917 476


