# Created by Octave 3.8.2, Mon Jun 22 00:51:10 2020 CEST <damian@fptrucha.inv.usc.es>
# name: hd
# type: matrix
# rows: 5
# columns: 2
 5226 -476
 7765 -238
 8319 0
 7912 238
 6148 476


