# Created by Octave 3.8.2, Sat Jun 20 09:14:25 2020 CEST <damian@fptrucha.inv.usc.es>
# name: hd
# type: matrix
# rows: 5
# columns: 2
 6067 -476
 8919 -238
 9640 0
 9384 238
 7094 476


