# Created by Octave 3.8.2, Mon Jun 22 02:26:46 2020 CEST <damian@fptrucha.inv.usc.es>
# name: hd
# type: matrix
# rows: 5
# columns: 2
 385 -476
 641 -238
 993 0
 1485 238
 769 476


