# Created by Octave 3.8.2, Mon Jun 22 03:55:40 2020 CEST <damian@fptrucha.inv.usc.es>
# name: hd
# type: matrix
# rows: 5
# columns: 2
 5052 -476
 7193 -238
 7560 0
 7306 238
 5963 476


