# Created by Octave 3.8.2, Mon Jun 22 08:41:47 2020 CEST <damian@fptrucha.inv.usc.es>
# name: hd
# type: matrix
# rows: 5
# columns: 2
 5188 -476
 7590 -238
 7995 0
 7594 238
 6138 476


