# Created by Octave 3.8.2, Sat Jun 20 12:31:09 2020 CEST <damian@fptrucha.inv.usc.es>
# name: hd
# type: matrix
# rows: 5
# columns: 2
 5650 -476
 8421 -238
 9028 0
 8790 238
 6626 476


