# Created by Octave 3.8.2, Sat Jun 20 17:38:07 2020 CEST <damian@fptrucha.inv.usc.es>
# name: hd
# type: matrix
# rows: 5
# columns: 2
 3532 -476
 5162 -238
 5606 0
 5379 238
 4099 476


