# Created by Octave 3.8.2, Sat Jun 20 08:37:03 2020 CEST <damian@fptrucha.inv.usc.es>
# name: hd
# type: matrix
# rows: 5
# columns: 2
 5957 -476
 9041 -238
 9627 0
 9262 238
 7023 476


