# Created by Octave 3.8.2, Sat Jun 20 08:35:34 2020 CEST <damian@fptrucha.inv.usc.es>
# name: hd
# type: matrix
# rows: 5
# columns: 2
 6070 -476
 9125 -238
 9496 0
 9286 238
 7183 476


