# Created by Octave 3.8.2, Sat Jun 20 02:11:01 2020 CEST <damian@fptrucha.inv.usc.es>
# name: hd
# type: matrix
# rows: 5
# columns: 2
 5649 -476
 8420 -238
 9072 0
 8545 238
 6626 476


