# Created by Octave 3.8.2, Sat Jun 20 14:08:08 2020 CEST <damian@fptrucha.inv.usc.es>
# name: hd
# type: matrix
# rows: 5
# columns: 2
 5534 -476
 8254 -238
 8737 0
 8625 238
 6459 476


