# Created by Octave 3.8.2, Sat Jun 20 14:51:06 2020 CEST <damian@fptrucha.inv.usc.es>
# name: hd
# type: matrix
# rows: 5
# columns: 2
 5348 -476
 8061 -238
 8734 0
 8275 238
 6432 476


