# Created by Octave 3.8.2, Sat Jun 20 03:16:45 2020 CEST <damian@fptrucha.inv.usc.es>
# name: hd
# type: matrix
# rows: 5
# columns: 2
 5717 -476
 8522 -238
 9280 0
 8741 238
 6802 476


