# Created by Octave 3.8.2, Sat Jun 20 07:44:55 2020 CEST <damian@fptrucha.inv.usc.es>
# name: hd
# type: matrix
# rows: 5
# columns: 2
 5995 -476
 9042 -238
 9562 0
 9127 238
 6912 476


