# Created by Octave 3.8.2, Sat Jun 20 19:23:07 2020 CEST <damian@fptrucha.inv.usc.es>
# name: hd
# type: matrix
# rows: 5
# columns: 2
 5266 -476
 7762 -238
 8426 0
 8084 238
 6185 476


