# Created by Octave 3.8.2, Sun Jun 21 06:17:38 2020 CEST <damian@fptrucha.inv.usc.es>
# name: hd
# type: matrix
# rows: 5
# columns: 2
 5130 -476
 7489 -238
 8297 0
 7702 238
 6099 476


