# Created by Octave 3.8.2, Sat Jun 20 23:28:20 2020 CEST <damian@fptrucha.inv.usc.es>
# name: hd
# type: matrix
# rows: 5
# columns: 2
 5016 -476
 7656 -238
 8230 0
 7889 238
 6148 476


