# Created by Octave 3.8.2, Mon Jun 22 07:16:16 2020 CEST <damian@fptrucha.inv.usc.es>
# name: hd
# type: matrix
# rows: 5
# columns: 2
 5212 -476
 7625 -238
 7873 0
 7555 238
 6164 476


