# Created by Octave 3.8.2, Sun Jun 21 04:22:53 2020 CEST <damian@fptrucha.inv.usc.es>
# name: hd
# type: matrix
# rows: 5
# columns: 2
 5188 -476
 7625 -238
 8102 0
 7959 238
 6276 476


