# Created by Octave 3.8.2, Sat Jun 20 19:09:20 2020 CEST <damian@fptrucha.inv.usc.es>
# name: hd
# type: matrix
# rows: 5
# columns: 2
 5257 -476
 7776 -238
 8305 0
 8090 238
 6265 476


