# Created by Octave 3.8.2, Sun Jun 21 07:03:58 2020 CEST <damian@fptrucha.inv.usc.es>
# name: hd
# type: matrix
# rows: 5
# columns: 2
 5185 -476
 7641 -238
 8446 0
 8276 238
 6349 476


