# Created by Octave 3.8.2, Mon Jun 22 11:17:15 2020 CEST <damian@fptrucha.inv.usc.es>
# name: hd
# type: matrix
# rows: 5
# columns: 2
 5342 -476
 7896 -238
 8004 0
 7885 238
 6344 476


