# Created by Octave 3.8.2, Sat Jun 20 11:17:54 2020 CEST <damian@fptrucha.inv.usc.es>
# name: hd
# type: matrix
# rows: 5
# columns: 2
 5760 -476
 8777 -238
 9214 0
 8956 238
 6791 476


