# Created by Octave 3.8.2, Sun Jun 21 03:15:03 2020 CEST <damian@fptrucha.inv.usc.es>
# name: hd
# type: matrix
# rows: 5
# columns: 2
 5084 -476
 7560 -238
 8100 0
 7680 238
 5984 476


