# Created by Octave 3.8.2, Sun Jun 21 06:33:00 2020 CEST <damian@fptrucha.inv.usc.es>
# name: hd
# type: matrix
# rows: 5
# columns: 2
 5081 -476
 7847 -238
 8513 0
 8038 238
 6047 476


