# Created by Octave 3.8.2, Sun Jun 21 00:39:15 2020 CEST <damian@fptrucha.inv.usc.es>
# name: hd
# type: matrix
# rows: 5
# columns: 2
 5022 -476
 7607 -238
 7935 0
 7832 238
 6008 476


