# Created by Octave 3.8.2, Sat Jun 20 14:06:48 2020 CEST <damian@fptrucha.inv.usc.es>
# name: hd
# type: matrix
# rows: 5
# columns: 2
 3713 -476
 5568 -238
 5832 0
 5842 238
 4449 476


