# Created by Octave 3.8.2, Sat Jun 20 17:55:01 2020 CEST <damian@fptrucha.inv.usc.es>
# name: hd
# type: matrix
# rows: 5
# columns: 2
 5153 -476
 7809 -238
 8460 0
 8095 238
 6125 476


