# Created by Octave 3.8.2, Sat Jun 20 09:50:38 2020 CEST <damian@fptrucha.inv.usc.es>
# name: hd
# type: matrix
# rows: 5
# columns: 2
 5929 -476
 8829 -238
 9432 0
 9182 238
 6899 476


