# Created by Octave 3.8.2, Mon Jun 22 15:18:27 2020 CEST <damian@fptrucha.inv.usc.es>
# name: hd
# type: matrix
# rows: 5
# columns: 2
 5712 -476
 8318 -238
 8718 0
 8245 238
 6494 476


