# Created by Octave 3.8.2, Sun Jun 21 08:10:47 2020 CEST <damian@fptrucha.inv.usc.es>
# name: hd
# type: matrix
# rows: 5
# columns: 2
 5106 -476
 7702 -238
 8418 0
 8218 238
 6242 476


