# Created by Octave 3.8.2, Mon Jun 22 09:09:56 2020 CEST <damian@fptrucha.inv.usc.es>
# name: hd
# type: matrix
# rows: 5
# columns: 2
 5073 -476
 7716 -238
 7827 0
 7496 238
 6067 476


