# Created by Octave 3.8.2, Mon Jun 22 16:35:35 2020 CEST <damian@fptrucha.inv.usc.es>
# name: hd
# type: matrix
# rows: 5
# columns: 2
 5512 -476
 8050 -238
 8412 0
 8372 238
 6609 476


