# Created by Octave 3.8.2, Mon Jun 22 16:38:28 2020 CEST <damian@fptrucha.inv.usc.es>
# name: hd
# type: matrix
# rows: 5
# columns: 2
 5590 -476
 8052 -238
 8361 0
 8216 238
 6640 476


