# Created by Octave 3.8.2, Sat Jun 20 09:23:20 2020 CEST <damian@fptrucha.inv.usc.es>
# name: hd
# type: matrix
# rows: 5
# columns: 2
 6007 -476
 8932 -238
 9486 0
 9251 238
 7034 476


