# Created by Octave 3.8.2, Mon Jun 22 03:02:01 2020 CEST <damian@fptrucha.inv.usc.es>
# name: hd
# type: matrix
# rows: 5
# columns: 2
 5045 -476
 7289 -238
 7563 0
 7311 238
 6080 476


