# Created by Octave 3.8.2, Mon Jun 22 15:58:10 2020 CEST <damian@fptrucha.inv.usc.es>
# name: hd
# type: matrix
# rows: 5
# columns: 2
 3625 -476
 5376 -238
 5695 0
 5341 238
 4375 476


