# Created by Octave 3.8.2, Mon Jun 22 14:37:28 2020 CEST <damian@fptrucha.inv.usc.es>
# name: hd
# type: matrix
# rows: 5
# columns: 2
 5412 -476
 7833 -238
 8277 0
 7899 238
 6289 476


