# Created by Octave 3.8.2, Sat Jun 20 03:06:09 2020 CEST <damian@fptrucha.inv.usc.es>
# name: hd
# type: matrix
# rows: 5
# columns: 2
 5651 -476
 8603 -238
 9055 0
 8803 238
 6640 476


