# Created by Octave 3.8.2, Sat Jun 20 23:21:39 2020 CEST <damian@fptrucha.inv.usc.es>
# name: hd
# type: matrix
# rows: 5
# columns: 2
 3378 -476
 4999 -238
 5352 0
 5143 238
 4080 476


