# Created by Octave 3.8.2, Sat Jun 20 19:24:26 2020 CEST <damian@fptrucha.inv.usc.es>
# name: hd
# type: matrix
# rows: 5
# columns: 2
 5234 -476
 7850 -238
 8445 0
 8052 238
 6138 476


