# Created by Octave 3.8.2, Mon Jun 22 05:58:18 2020 CEST <damian@fptrucha.inv.usc.es>
# name: hd
# type: matrix
# rows: 5
# columns: 2
 5099 -476
 7522 -238
 7727 0
 7428 238
 5840 476


