# Created by Octave 3.8.2, Mon Jun 22 01:47:45 2020 CEST <damian@fptrucha.inv.usc.es>
# name: hd
# type: matrix
# rows: 5
# columns: 2
 5318 -476
 7942 -238
 8495 0
 8100 238
 6404 476


