# Created by Octave 3.8.2, Mon Jun 22 04:20:57 2020 CEST <damian@fptrucha.inv.usc.es>
# name: hd
# type: matrix
# rows: 5
# columns: 2
 5075 -476
 7139 -238
 7491 0
 7281 238
 5675 476


