# Created by Octave 3.8.2, Mon Jun 22 20:42:56 2020 CEST <damian@fptrucha.inv.usc.es>
# name: hd
# type: matrix
# rows: 5
# columns: 2
 5546 -476
 8256 -238
 8680 0
 8315 238
 6645 476


