# Created by Octave 3.8.2, Mon Jun 22 07:55:05 2020 CEST <damian@fptrucha.inv.usc.es>
# name: hd
# type: matrix
# rows: 5
# columns: 2
 5227 -476
 7723 -238
 7931 0
 7564 238
 6152 476


