# Created by Octave 3.8.2, Mon Jun 22 06:26:36 2020 CEST <damian@fptrucha.inv.usc.es>
# name: hd
# type: matrix
# rows: 5
# columns: 2
 5217 -476
 7491 -238
 7697 0
 7325 238
 6087 476


