# Created by Octave 3.8.2, Sun Jun 21 02:43:23 2020 CEST <damian@fptrucha.inv.usc.es>
# name: hd
# type: matrix
# rows: 5
# columns: 2
 4953 -476
 7654 -238
 8164 0
 7791 238
 5965 476


