# Created by Octave 3.8.2, Sat Jun 20 12:42:23 2020 CEST <damian@fptrucha.inv.usc.es>
# name: hd
# type: matrix
# rows: 5
# columns: 2
 5764 -476
 8455 -238
 9109 0
 8637 238
 6729 476


