# Created by Octave 3.8.2, Sat Jun 20 11:40:13 2020 CEST <damian@fptrucha.inv.usc.es>
# name: hd
# type: matrix
# rows: 5
# columns: 2
 3759 -476
 5610 -238
 6083 0
 5759 238
 4335 476


