# Created by Octave 3.8.2, Mon Jun 22 18:25:12 2020 CEST <damian@fptrucha.inv.usc.es>
# name: hd
# type: matrix
# rows: 5
# columns: 2
 5664 -476
 8074 -238
 8359 0
 8264 238
 6487 476


