# Created by Octave 3.8.2, Mon Jun 22 23:59:48 2020 CEST <damian@fptrucha.inv.usc.es>
# name: hd
# type: matrix
# rows: 5
# columns: 2
 5609 -476
 8335 -238
 8992 0
 8670 238
 6724 476


