# Created by Octave 3.8.2, Sat Jun 20 18:38:31 2020 CEST <damian@fptrucha.inv.usc.es>
# name: hd
# type: matrix
# rows: 5
# columns: 2
 5147 -476
 7745 -238
 8312 0
 7924 238
 6166 476


