# Created by Octave 3.8.2, Mon Jun 22 14:17:33 2020 CEST <damian@fptrucha.inv.usc.es>
# name: hd
# type: matrix
# rows: 5
# columns: 2
 5280 -476
 7970 -238
 8119 0
 8052 238
 6315 476


