# Created by Octave 3.8.2, Mon Jun 22 20:20:03 2020 CEST <damian@fptrucha.inv.usc.es>
# name: hd
# type: matrix
# rows: 5
# columns: 2
 5754 -476
 8300 -238
 8820 0
 8306 238
 6624 476


