# Created by Octave 3.8.2, Mon Jun 22 17:57:21 2020 CEST <damian@fptrucha.inv.usc.es>
# name: hd
# type: matrix
# rows: 5
# columns: 2
 5413 -476
 8244 -238
 8450 0
 8284 238
 6645 476


