# Created by Octave 3.8.2, Mon Jun 22 09:31:18 2020 CEST <damian@fptrucha.inv.usc.es>
# name: hd
# type: matrix
# rows: 5
# columns: 2
 5143 -476
 7905 -238
 7973 0
 7576 238
 6074 476


