# Created by Octave 3.8.2, Sat Jun 20 23:37:47 2020 CEST <damian@fptrucha.inv.usc.es>
# name: hd
# type: matrix
# rows: 5
# columns: 2
 5085 -476
 7763 -238
 8329 0
 7946 238
 6020 476


