# Created by Octave 3.8.2, Sun Jun 21 02:50:34 2020 CEST <damian@fptrucha.inv.usc.es>
# name: hd
# type: matrix
# rows: 5
# columns: 2
 5082 -476
 7499 -238
 8181 0
 7718 238
 6179 476


