# Created by Octave 3.8.2, Mon Jun 22 20:03:05 2020 CEST <damian@fptrucha.inv.usc.es>
# name: hd
# type: matrix
# rows: 5
# columns: 2
 5572 -476
 8273 -238
 8730 0
 8202 238
 6571 476


