# Created by Octave 3.8.2, Sat Jun 20 17:11:30 2020 CEST <damian@fptrucha.inv.usc.es>
# name: hd
# type: matrix
# rows: 5
# columns: 2
 5233 -476
 7874 -238
 8678 0
 8142 238
 6379 476


