# Created by Octave 3.8.2, Sun Jun 21 02:48:22 2020 CEST <damian@fptrucha.inv.usc.es>
# name: hd
# type: matrix
# rows: 5
# columns: 2
 4891 -476
 7574 -238
 7810 0
 7689 238
 6023 476


