# Created by Octave 3.8.2, Sat Jun 20 13:08:58 2020 CEST <damian@fptrucha.inv.usc.es>
# name: hd
# type: matrix
# rows: 5
# columns: 2
 5632 -476
 8541 -238
 8935 0
 8664 238
 6772 476


