# Created by Octave 3.8.2, Sat Jun 20 10:13:20 2020 CEST <damian@fptrucha.inv.usc.es>
# name: hd
# type: matrix
# rows: 5
# columns: 2
 5917 -476
 8784 -238
 9356 0
 9016 238
 7008 476


