# Created by Octave 3.8.2, Mon Jun 22 06:56:02 2020 CEST <damian@fptrucha.inv.usc.es>
# name: hd
# type: matrix
# rows: 5
# columns: 2
 5129 -476
 7593 -238
 7817 0
 7390 238
 5872 476


