# Created by Octave 3.8.2, Mon Jun 22 09:35:23 2020 CEST <damian@fptrucha.inv.usc.es>
# name: hd
# type: matrix
# rows: 5
# columns: 2
 5100 -476
 7780 -238
 7999 0
 7656 238
 6230 476


