# Created by Octave 3.8.2, Sun Jun 21 00:53:59 2020 CEST <damian@fptrucha.inv.usc.es>
# name: hd
# type: matrix
# rows: 5
# columns: 2
 5034 -476
 7509 -238
 8260 0
 7754 238
 6050 476


