# Created by Octave 3.8.2, Sat Jun 20 13:41:40 2020 CEST <damian@fptrucha.inv.usc.es>
# name: hd
# type: matrix
# rows: 5
# columns: 2
 5352 -476
 8268 -238
 8842 0
 8550 238
 6604 476


