# Created by Octave 3.8.2, Mon Jun 22 19:07:51 2020 CEST <damian@fptrucha.inv.usc.es>
# name: hd
# type: matrix
# rows: 5
# columns: 2
 5536 -476
 8271 -238
 8748 0
 8440 238
 6660 476


