# Created by Octave 3.8.2, Sun Jun 21 07:43:22 2020 CEST <damian@fptrucha.inv.usc.es>
# name: hd
# type: matrix
# rows: 5
# columns: 2
 5215 -476
 8045 -238
 8592 0
 8331 238
 6370 476


