# Created by Octave 3.8.2, Sun Jun 21 00:32:41 2020 CEST <damian@fptrucha.inv.usc.es>
# name: hd
# type: matrix
# rows: 5
# columns: 2
 4884 -476
 7525 -238
 8013 0
 7597 238
 6002 476


