# Created by Octave 3.8.2, Sun Jun 21 01:59:02 2020 CEST <damian@fptrucha.inv.usc.es>
# name: hd
# type: matrix
# rows: 5
# columns: 2
 4985 -476
 7545 -238
 8031 0
 7767 238
 6115 476


