# Created by Octave 3.8.2, Sat Jun 20 08:13:48 2020 CEST <damian@fptrucha.inv.usc.es>
# name: hd
# type: matrix
# rows: 5
# columns: 2
 6052 -476
 8886 -238
 9451 0
 9326 238
 7019 476


