# Created by Octave 3.8.2, Sat Jun 20 05:34:08 2020 CEST <damian@fptrucha.inv.usc.es>
# name: hd
# type: matrix
# rows: 5
# columns: 2
 5905 -476
 8575 -238
 9284 0
 8811 238
 6803 476


