# Created by Octave 3.8.2, Mon Jun 22 19:29:15 2020 CEST <damian@fptrucha.inv.usc.es>
# name: hd
# type: matrix
# rows: 5
# columns: 2
 5518 -476
 8161 -238
 8680 0
 8413 238
 6517 476


