# Created by Octave 3.8.2, Mon Jun 22 21:07:11 2020 CEST <damian@fptrucha.inv.usc.es>
# name: hd
# type: matrix
# rows: 5
# columns: 2
 5607 -476
 8434 -238
 8916 0
 8499 238
 6687 476


