# Created by Octave 3.8.2, Sun Jun 21 01:55:49 2020 CEST <damian@fptrucha.inv.usc.es>
# name: hd
# type: matrix
# rows: 5
# columns: 2
 5056 -476
 7375 -238
 7986 0
 7675 238
 6006 476


