# Created by Octave 3.8.2, Mon Jun 22 21:31:29 2020 CEST <damian@fptrucha.inv.usc.es>
# name: hd
# type: matrix
# rows: 5
# columns: 2
 5701 -476
 8467 -238
 8980 0
 8529 238
 6690 476


