# Created by Octave 3.8.2, Mon Jun 22 07:11:40 2020 CEST <damian@fptrucha.inv.usc.es>
# name: hd
# type: matrix
# rows: 5
# columns: 2
 5278 -476
 7394 -238
 7794 0
 7313 238
 6062 476


