# Created by Octave 3.8.2, Sun Jun 21 08:14:14 2020 CEST <damian@fptrucha.inv.usc.es>
# name: hd
# type: matrix
# rows: 5
# columns: 2
 5126 -476
 7547 -238
 8318 0
 8115 238
 6201 476


