# Created by Octave 3.8.2, Mon Jun 22 13:20:41 2020 CEST <damian@fptrucha.inv.usc.es>
# name: hd
# type: matrix
# rows: 5
# columns: 2
 5569 -476
 8136 -238
 8392 0
 8018 238
 6362 476


