# Created by Octave 3.8.2, Mon Jun 22 06:36:31 2020 CEST <damian@fptrucha.inv.usc.es>
# name: hd
# type: matrix
# rows: 5
# columns: 2
 5207 -476
 7602 -238
 7634 0
 7372 238
 5995 476


