# Created by Octave 3.8.2, Mon Jun 22 10:55:28 2020 CEST <damian@fptrucha.inv.usc.es>
# name: hd
# type: matrix
# rows: 5
# columns: 2
 3569 -476
 5193 -238
 5527 0
 5129 238
 4273 476


