# Created by Octave 3.8.2, Sat Jun 20 09:00:18 2020 CEST <damian@fptrucha.inv.usc.es>
# name: hd
# type: matrix
# rows: 5
# columns: 2
 6056 -476
 8811 -238
 9481 0
 9218 238
 6991 476


