# Created by Octave 3.8.2, Mon Jun 22 03:06:49 2020 CEST <damian@fptrucha.inv.usc.es>
# name: hd
# type: matrix
# rows: 5
# columns: 2
 5018 -476
 7260 -238
 7749 0
 7361 238
 6041 476


