# Created by Octave 3.8.2, Mon Jun 22 20:51:02 2020 CEST <damian@fptrucha.inv.usc.es>
# name: hd
# type: matrix
# rows: 5
# columns: 2
 5586 -476
 8293 -238
 8719 0
 8407 238
 6603 476


