# Created by Octave 3.8.2, Sun Jun 21 02:53:50 2020 CEST <damian@fptrucha.inv.usc.es>
# name: hd
# type: matrix
# rows: 5
# columns: 2
 5003 -476
 7519 -238
 8019 0
 7768 238
 6022 476


