# Created by Octave 3.8.2, Mon Jun 22 14:28:53 2020 CEST <damian@fptrucha.inv.usc.es>
# name: hd
# type: matrix
# rows: 5
# columns: 2
 5524 -476
 8002 -238
 8263 0
 7965 238
 6432 476


