# Created by Octave 3.8.2, Sat Jun 20 15:02:45 2020 CEST <damian@fptrucha.inv.usc.es>
# name: hd
# type: matrix
# rows: 5
# columns: 2
 5387 -476
 8079 -238
 8833 0
 8410 238
 6480 476


