# Created by Octave 3.8.2, Sat Jun 20 18:34:36 2020 CEST <damian@fptrucha.inv.usc.es>
# name: hd
# type: matrix
# rows: 5
# columns: 2
 5115 -476
 7780 -238
 8339 0
 7958 238
 6141 476


