# Created by Octave 3.8.2, Mon Jun 22 12:55:26 2020 CEST <damian@fptrucha.inv.usc.es>
# name: hd
# type: matrix
# rows: 5
# columns: 2
 5476 -476
 7921 -238
 8281 0
 8044 238
 6296 476


