# Created by Octave 3.8.2, Sun Jun 21 01:46:01 2020 CEST <damian@fptrucha.inv.usc.es>
# name: hd
# type: matrix
# rows: 5
# columns: 2
 3283 -476
 4995 -238
 5123 0
 5088 238
 3982 476


