# Created by Octave 3.8.2, Mon Jun 22 23:32:45 2020 CEST <damian@fptrucha.inv.usc.es>
# name: hd
# type: matrix
# rows: 5
# columns: 2
 5627 -476
 8521 -238
 8789 0
 8623 238
 6897 476


