# Created by Octave 3.8.2, Mon Jun 22 18:34:19 2020 CEST <damian@fptrucha.inv.usc.es>
# name: hd
# type: matrix
# rows: 5
# columns: 2
 5549 -476
 8097 -238
 8721 0
 8218 238
 6591 476


