# Created by Octave 3.8.2, Sun Jun 21 04:31:55 2020 CEST <damian@fptrucha.inv.usc.es>
# name: hd
# type: matrix
# rows: 5
# columns: 2
 4937 -476
 7409 -238
 8402 0
 7754 238
 6049 476


