# Created by Octave 3.8.2, Mon Jun 22 17:00:27 2020 CEST <damian@fptrucha.inv.usc.es>
# name: hd
# type: matrix
# rows: 5
# columns: 2
 5528 -476
 8098 -238
 8409 0
 8134 238
 6668 476


