# Created by Octave 3.8.2, Mon Jun 22 12:44:05 2020 CEST <damian@fptrucha.inv.usc.es>
# name: hd
# type: matrix
# rows: 5
# columns: 2
 5519 -476
 8091 -238
 8338 0
 7865 238
 6183 476


