# Created by Octave 3.8.2, Mon Jun 22 05:45:55 2020 CEST <damian@fptrucha.inv.usc.es>
# name: hd
# type: matrix
# rows: 5
# columns: 2
 5035 -476
 7440 -238
 7724 0
 7257 238
 6089 476


