# Created by Octave 3.8.2, Tue Jun 23 00:30:35 2020 CEST <damian@fptrucha.inv.usc.es>
# name: hd
# type: matrix
# rows: 5
# columns: 2
 5716 -476
 8505 -238
 8871 0
 8396 238
 6595 476


