# Created by Octave 3.8.2, Sat Jun 20 12:35:16 2020 CEST <damian@fptrucha.inv.usc.es>
# name: hd
# type: matrix
# rows: 5
# columns: 2
 5703 -476
 8356 -238
 9057 0
 8584 238
 6833 476


