# Created by Octave 3.8.2, Sun Jun 21 02:35:40 2020 CEST <damian@fptrucha.inv.usc.es>
# name: hd
# type: matrix
# rows: 5
# columns: 2
 5032 -476
 7582 -238
 8100 0
 7697 238
 6117 476


