# Created by Octave 3.8.2, Mon Jun 22 10:44:17 2020 CEST <damian@fptrucha.inv.usc.es>
# name: hd
# type: matrix
# rows: 5
# columns: 2
 5330 -476
 8000 -238
 8204 0
 7981 238
 6267 476


