# Created by Octave 3.8.2, Mon Jun 22 01:54:42 2020 CEST <damian@fptrucha.inv.usc.es>
# name: hd
# type: matrix
# rows: 5
# columns: 2
 5450 -476
 7891 -238
 8283 0
 8148 238
 6466 476


