# Created by Octave 3.8.2, Mon Jun 22 00:47:08 2020 CEST <damian@fptrucha.inv.usc.es>
# name: hd
# type: matrix
# rows: 5
# columns: 2
 5027 -476
 7685 -238
 8241 0
 7977 238
 6272 476


