# Created by Octave 3.8.2, Sat Jun 20 04:07:14 2020 CEST <damian@fptrucha.inv.usc.es>
# name: hd
# type: matrix
# rows: 5
# columns: 2
 5794 -476
 8623 -238
 9292 0
 8739 238
 6666 476


