# Created by Octave 3.8.2, Sat Jun 20 20:41:30 2020 CEST <damian@fptrucha.inv.usc.es>
# name: hd
# type: matrix
# rows: 5
# columns: 2
 3417 -476
 5174 -238
 5571 0
 5321 238
 4029 476


