# Created by Octave 3.8.2, Sun Jun 21 02:13:59 2020 CEST <damian@fptrucha.inv.usc.es>
# name: hd
# type: matrix
# rows: 5
# columns: 2
 5139 -476
 7680 -238
 8186 0
 7856 238
 6112 476


