# Created by Octave 3.8.2, Mon Jun 22 04:45:22 2020 CEST <damian@fptrucha.inv.usc.es>
# name: hd
# type: matrix
# rows: 5
# columns: 2
 4929 -476
 7202 -238
 7340 0
 7239 238
 5830 476


