# Created by Octave 3.8.2, Mon Jun 22 07:02:38 2020 CEST <damian@fptrucha.inv.usc.es>
# name: hd
# type: matrix
# rows: 5
# columns: 2
 5138 -476
 7525 -238
 7756 0
 7311 238
 6024 476


