# Created by Octave 3.8.2, Mon Jun 22 21:32:40 2020 CEST <damian@fptrucha.inv.usc.es>
# name: hd
# type: matrix
# rows: 5
# columns: 2
 5569 -476
 8243 -238
 8840 0
 8377 238
 6677 476


