# Created by Octave 3.8.2, Sun Jun 21 06:54:14 2020 CEST <damian@fptrucha.inv.usc.es>
# name: hd
# type: matrix
# rows: 5
# columns: 2
 4956 -476
 7363 -238
 8161 0
 7715 238
 5920 476


