# Created by Octave 3.8.2, Sat Jun 20 19:17:53 2020 CEST <damian@fptrucha.inv.usc.es>
# name: hd
# type: matrix
# rows: 5
# columns: 2
 5074 -476
 7941 -238
 8731 0
 8091 238
 6220 476


