# Created by Octave 3.8.2, Sat Jun 20 14:47:04 2020 CEST <damian@fptrucha.inv.usc.es>
# name: hd
# type: matrix
# rows: 5
# columns: 2
 5504 -476
 8211 -238
 8742 0
 8379 238
 6503 476


