# Created by Octave 3.8.2, Mon Jun 22 20:35:13 2020 CEST <damian@fptrucha.inv.usc.es>
# name: hd
# type: matrix
# rows: 5
# columns: 2
 5533 -476
 8329 -238
 8809 0
 8477 238
 6696 476


