# Created by Octave 3.8.2, Mon Jun 22 08:51:45 2020 CEST <damian@fptrucha.inv.usc.es>
# name: hd
# type: matrix
# rows: 5
# columns: 2
 5297 -476
 7706 -238
 8054 0
 7659 238
 6063 476


