# Created by Octave 3.8.2, Sat Jun 20 23:53:24 2020 CEST <damian@fptrucha.inv.usc.es>
# name: hd
# type: matrix
# rows: 5
# columns: 2
 5125 -476
 7608 -238
 8249 0
 7969 238
 5971 476


