# Created by Octave 3.8.2, Mon Jun 22 21:05:57 2020 CEST <damian@fptrucha.inv.usc.es>
# name: hd
# type: matrix
# rows: 5
# columns: 2
 5562 -476
 8199 -238
 8659 0
 8703 238
 6673 476


