# Created by Octave 3.8.2, Sun Jun 21 07:19:00 2020 CEST <damian@fptrucha.inv.usc.es>
# name: hd
# type: matrix
# rows: 5
# columns: 2
 5168 -476
 7725 -238
 8311 0
 8022 238
 6024 476


