# Created by Octave 3.8.2, Sat Jun 20 23:33:48 2020 CEST <damian@fptrucha.inv.usc.es>
# name: hd
# type: matrix
# rows: 5
# columns: 2
 5040 -476
 7789 -238
 8227 0
 7919 238
 6083 476


