# Created by Octave 3.8.2, Mon Jun 22 02:35:01 2020 CEST <damian@fptrucha.inv.usc.es>
# name: hd
# type: matrix
# rows: 5
# columns: 2
 5057 -476
 7466 -238
 7551 0
 7364 238
 5962 476


