# Created by Octave 3.8.2, Sun Jun 21 01:01:36 2020 CEST <damian@fptrucha.inv.usc.es>
# name: hd
# type: matrix
# rows: 5
# columns: 2
 4980 -476
 7504 -238
 8078 0
 7823 238
 6138 476


