# Created by Octave 3.8.2, Sat Jun 20 04:36:37 2020 CEST <damian@fptrucha.inv.usc.es>
# name: hd
# type: matrix
# rows: 5
# columns: 2
 5737 -476
 8639 -238
 9380 0
 8725 238
 6889 476


