# Created by Octave 3.8.2, Sat Jun 20 18:28:06 2020 CEST <damian@fptrucha.inv.usc.es>
# name: hd
# type: matrix
# rows: 5
# columns: 2
 5202 -476
 7727 -238
 8391 0
 8172 238
 6167 476


