# Created by Octave 3.8.2, Sat Jun 20 07:34:36 2020 CEST <damian@fptrucha.inv.usc.es>
# name: hd
# type: matrix
# rows: 5
# columns: 2
 6026 -476
 8799 -238
 9504 0
 9057 238
 6950 476


