# Created by Octave 3.8.2, Sat Jun 20 21:34:44 2020 CEST <damian@fptrucha.inv.usc.es>
# name: hd
# type: matrix
# rows: 5
# columns: 2
 5106 -476
 7618 -238
 8150 0
 7939 238
 6114 476


