# Created by Octave 3.8.2, Mon Jun 22 13:26:45 2020 CEST <damian@fptrucha.inv.usc.es>
# name: hd
# type: matrix
# rows: 5
# columns: 2
 5392 -476
 7979 -238
 8552 0
 7990 238
 6271 476


