# Created by Octave 3.8.2, Sat Jun 20 14:03:09 2020 CEST <damian@fptrucha.inv.usc.es>
# name: hd
# type: matrix
# rows: 5
# columns: 2
 5481 -476
 8208 -238
 8747 0
 8464 238
 6709 476


