# Created by Octave 3.8.2, Mon Jun 22 08:42:49 2020 CEST <damian@fptrucha.inv.usc.es>
# name: hd
# type: matrix
# rows: 5
# columns: 2
 5242 -476
 7772 -238
 7879 0
 7557 238
 6230 476


