# Created by Octave 3.8.2, Mon Jun 22 13:03:57 2020 CEST <damian@fptrucha.inv.usc.es>
# name: hd
# type: matrix
# rows: 5
# columns: 2
 5235 -476
 7993 -238
 8234 0
 7896 238
 6437 476


