# Created by Octave 3.8.2, Sat Jun 20 16:25:16 2020 CEST <damian@fptrucha.inv.usc.es>
# name: hd
# type: matrix
# rows: 5
# columns: 2
 5278 -476
 8030 -238
 8537 0
 8271 238
 6337 476


