# Created by Octave 3.8.2, Sat Jun 20 05:37:01 2020 CEST <damian@fptrucha.inv.usc.es>
# name: hd
# type: matrix
# rows: 5
# columns: 2
 6092 -476
 8753 -238
 9480 0
 8856 238
 6804 476


