# Created by Octave 3.8.2, Mon Jun 22 08:05:24 2020 CEST <damian@fptrucha.inv.usc.es>
# name: hd
# type: matrix
# rows: 5
# columns: 2
 5393 -476
 7705 -238
 8056 0
 7515 238
 6083 476


