# Created by Octave 3.8.2, Sat Jun 20 11:27:56 2020 CEST <damian@fptrucha.inv.usc.es>
# name: hd
# type: matrix
# rows: 5
# columns: 2
 5832 -476
 8670 -238
 9116 0
 8849 238
 6931 476


