# Created by Octave 3.8.2, Mon Jun 22 22:10:52 2020 CEST <damian@fptrucha.inv.usc.es>
# name: hd
# type: matrix
# rows: 5
# columns: 2
 5708 -476
 8381 -238
 8871 0
 8535 238
 6751 476


