# Created by Octave 3.8.2, Sat Jun 20 13:19:25 2020 CEST <damian@fptrucha.inv.usc.es>
# name: hd
# type: matrix
# rows: 5
# columns: 2
 5515 -476
 8274 -238
 8985 0
 8674 238
 6756 476


