# Created by Octave 3.8.2, Sun Jun 21 07:35:34 2020 CEST <damian@fptrucha.inv.usc.es>
# name: hd
# type: matrix
# rows: 5
# columns: 2
 5392 -476
 7883 -238
 8712 0
 8325 238
 6217 476


