# Created by Octave 3.8.2, Mon Jun 22 14:01:51 2020 CEST <damian@fptrucha.inv.usc.es>
# name: hd
# type: matrix
# rows: 5
# columns: 2
 5340 -476
 8001 -238
 8302 0
 8054 238
 6518 476


