# Created by Octave 3.8.2, Mon Jun 22 12:31:17 2020 CEST <damian@fptrucha.inv.usc.es>
# name: hd
# type: matrix
# rows: 5
# columns: 2
 5286 -476
 7997 -238
 8386 0
 7903 238
 6311 476


