# Created by Octave 3.8.2, Sat Jun 20 21:28:19 2020 CEST <damian@fptrucha.inv.usc.es>
# name: hd
# type: matrix
# rows: 5
# columns: 2
 5177 -476
 7710 -238
 8278 0
 7780 238
 6066 476


