# Created by Octave 3.8.2, Mon Jun 22 02:11:42 2020 CEST <damian@fptrucha.inv.usc.es>
# name: hd
# type: matrix
# rows: 5
# columns: 2
 5110 -476
 7462 -238
 7842 0
 7623 238
 6157 476


