# Created by Octave 3.8.2, Mon Jun 22 04:31:47 2020 CEST <damian@fptrucha.inv.usc.es>
# name: hd
# type: matrix
# rows: 5
# columns: 2
 4767 -476
 7073 -238
 7369 0
 7046 238
 5739 476


