# Created by Octave 3.8.2, Sun Jun 21 05:41:11 2020 CEST <damian@fptrucha.inv.usc.es>
# name: hd
# type: matrix
# rows: 5
# columns: 2
 4991 -476
 7448 -238
 8229 0
 7936 238
 5996 476


