# Created by Octave 3.8.2, Sat Jun 20 08:55:48 2020 CEST <damian@fptrucha.inv.usc.es>
# name: hd
# type: matrix
# rows: 5
# columns: 2
 5969 -476
 9218 -238
 9509 0
 9112 238
 7155 476


