# Created by Octave 3.8.2, Mon Jun 22 11:11:19 2020 CEST <damian@fptrucha.inv.usc.es>
# name: hd
# type: matrix
# rows: 5
# columns: 2
 5341 -476
 7723 -238
 8167 0
 7915 238
 6468 476


