# Created by Octave 3.8.2, Sun Jun 21 05:08:18 2020 CEST <damian@fptrucha.inv.usc.es>
# name: hd
# type: matrix
# rows: 5
# columns: 2
 5270 -476
 7667 -238
 8406 0
 8058 238
 6058 476


