# Created by Octave 3.8.2, Mon Jun 22 18:35:27 2020 CEST <damian@fptrucha.inv.usc.es>
# name: hd
# type: matrix
# rows: 5
# columns: 2
 5484 -476
 8391 -238
 8536 0
 8207 238
 6613 476


