# Created by Octave 3.8.2, Mon Jun 22 07:32:25 2020 CEST <damian@fptrucha.inv.usc.es>
# name: hd
# type: matrix
# rows: 5
# columns: 2
 5197 -476
 7532 -238
 7954 0
 7466 238
 6060 476


