# Created by Octave 3.8.2, Mon Jun 22 01:43:29 2020 CEST <damian@fptrucha.inv.usc.es>
# name: hd
# type: matrix
# rows: 5
# columns: 2
 5368 -476
 7998 -238
 8456 0
 8428 238
 6447 476


