# Created by Octave 3.8.2, Mon Jun 22 19:55:26 2020 CEST <damian@fptrucha.inv.usc.es>
# name: hd
# type: matrix
# rows: 5
# columns: 2
 5616 -476
 8176 -238
 8701 0
 8349 238
 6530 476


