# Created by Octave 3.8.2, Sat Jun 20 04:49:25 2020 CEST <damian@fptrucha.inv.usc.es>
# name: hd
# type: matrix
# rows: 5
# columns: 2
 5784 -476
 8668 -238
 9279 0
 8642 238
 6615 476


