# Created by Octave 3.8.2, Sun Jun 21 06:08:38 2020 CEST <damian@fptrucha.inv.usc.es>
# name: hd
# type: matrix
# rows: 5
# columns: 2
 5096 -476
 7670 -238
 8320 0
 8000 238
 5981 476


