# Created by Octave 3.8.2, Sun Jun 21 03:33:19 2020 CEST <damian@fptrucha.inv.usc.es>
# name: hd
# type: matrix
# rows: 5
# columns: 2
 5048 -476
 7466 -238
 8151 0
 7931 238
 6106 476


