# Created by Octave 3.8.2, Mon Jun 22 18:37:15 2020 CEST <damian@fptrucha.inv.usc.es>
# name: hd
# type: matrix
# rows: 5
# columns: 2
 5528 -476
 8076 -238
 8714 0
 8382 238
 6609 476


