# Created by Octave 3.8.2, Sat Jun 20 21:13:18 2020 CEST <damian@fptrucha.inv.usc.es>
# name: hd
# type: matrix
# rows: 5
# columns: 2
 5103 -476
 7613 -238
 8388 0
 7838 238
 6200 476


