# Created by Octave 3.8.2, Mon Jun 22 06:49:09 2020 CEST <damian@fptrucha.inv.usc.es>
# name: hd
# type: matrix
# rows: 5
# columns: 2
 5052 -476
 7622 -238
 7657 0
 7450 238
 6087 476


