# Created by Octave 3.8.2, Sat Jun 20 16:04:31 2020 CEST <damian@fptrucha.inv.usc.es>
# name: hd
# type: matrix
# rows: 5
# columns: 2
 5382 -476
 7956 -238
 8833 0
 8176 238
 6316 476


