# Created by Octave 3.8.2, Mon Jun 22 14:03:33 2020 CEST <damian@fptrucha.inv.usc.es>
# name: hd
# type: matrix
# rows: 5
# columns: 2
 5529 -476
 8049 -238
 8414 0
 8012 238
 6471 476


