# Created by Octave 3.8.2, Sat Jun 20 09:57:58 2020 CEST <damian@fptrucha.inv.usc.es>
# name: hd
# type: matrix
# rows: 5
# columns: 2
 6061 -476
 8755 -238
 9226 0
 9060 238
 7014 476


