# Created by Octave 3.8.2, Mon Jun 22 03:43:33 2020 CEST <damian@fptrucha.inv.usc.es>
# name: hd
# type: matrix
# rows: 5
# columns: 2
 5103 -476
 7305 -238
 7610 0
 7380 238
 6017 476


