# Created by Octave 3.8.2, Mon Jun 22 18:28:38 2020 CEST <damian@fptrucha.inv.usc.es>
# name: hd
# type: matrix
# rows: 5
# columns: 2
 5766 -476
 8259 -238
 8555 0
 8427 238
 6593 476


