# Created by Octave 3.8.2, Mon Jun 22 05:32:16 2020 CEST <damian@fptrucha.inv.usc.es>
# name: hd
# type: matrix
# rows: 5
# columns: 2
 5095 -476
 7250 -238
 7595 0
 7264 238
 6034 476


