# Created by Octave 3.8.2, Mon Jun 22 07:46:22 2020 CEST <damian@fptrucha.inv.usc.es>
# name: hd
# type: matrix
# rows: 5
# columns: 2
 5163 -476
 7641 -238
 7817 0
 7503 238
 6097 476


