# Created by Octave 3.8.2, Sun Jun 21 07:16:46 2020 CEST <damian@fptrucha.inv.usc.es>
# name: hd
# type: matrix
# rows: 5
# columns: 2
 5240 -476
 7734 -238
 8353 0
 8105 238
 6126 476


