# Created by Octave 3.8.2, Sat Jun 20 06:13:35 2020 CEST <damian@fptrucha.inv.usc.es>
# name: hd
# type: matrix
# rows: 5
# columns: 2
 5840 -476
 8895 -238
 9246 0
 9031 238
 6691 476


