# Created by Octave 3.8.2, Sat Jun 20 09:43:18 2020 CEST <damian@fptrucha.inv.usc.es>
# name: hd
# type: matrix
# rows: 5
# columns: 2
 5935 -476
 8773 -238
 9375 0
 9163 238
 7149 476


