# Created by Octave 3.8.2, Mon Jun 22 10:15:29 2020 CEST <damian@fptrucha.inv.usc.es>
# name: hd
# type: matrix
# rows: 5
# columns: 2
 5210 -476
 7763 -238
 8217 0
 7753 238
 6302 476


