# Created by Octave 3.8.2, Mon Jun 22 09:54:15 2020 CEST <damian@fptrucha.inv.usc.es>
# name: hd
# type: matrix
# rows: 5
# columns: 2
 5446 -476
 7881 -238
 8085 0
 7899 238
 6363 476


