# Created by Octave 3.8.2, Mon Jun 22 21:30:19 2020 CEST <damian@fptrucha.inv.usc.es>
# name: hd
# type: matrix
# rows: 5
# columns: 2
 5639 -476
 8383 -238
 8818 0
 8381 238
 6672 476


