# Created by Octave 3.8.2, Sat Jun 20 19:21:48 2020 CEST <damian@fptrucha.inv.usc.es>
# name: hd
# type: matrix
# rows: 5
# columns: 2
 5148 -476
 7839 -238
 8278 0
 7974 238
 6278 476


