# Created by Octave 3.8.2, Sat Jun 20 21:26:15 2020 CEST <damian@fptrucha.inv.usc.es>
# name: hd
# type: matrix
# rows: 5
# columns: 2
 5129 -476
 7596 -238
 8366 0
 8181 238
 6068 476


