# Created by Octave 3.8.2, Sat Jun 20 09:44:45 2020 CEST <damian@fptrucha.inv.usc.es>
# name: hd
# type: matrix
# rows: 5
# columns: 2
 5857 -476
 8885 -238
 9308 0
 9065 238
 6987 476


