# Created by Octave 3.8.2, Sun Jun 21 04:55:10 2020 CEST <damian@fptrucha.inv.usc.es>
# name: hd
# type: matrix
# rows: 5
# columns: 2
 5069 -476
 7900 -238
 8463 0
 7950 238
 6038 476


