# Created by Octave 3.8.2, Sat Jun 20 11:12:44 2020 CEST <damian@fptrucha.inv.usc.es>
# name: hd
# type: matrix
# rows: 5
# columns: 2
 5850 -476
 8741 -238
 9294 0
 8931 238
 6956 476


