# Created by Octave 3.8.2, Mon Jun 22 23:07:02 2020 CEST <damian@fptrucha.inv.usc.es>
# name: hd
# type: matrix
# rows: 5
# columns: 2
 5726 -476
 8448 -238
 8995 0
 8759 238
 6805 476


