# Created by Octave 3.8.2, Sat Jun 20 04:45:17 2020 CEST <damian@fptrucha.inv.usc.es>
# name: hd
# type: matrix
# rows: 5
# columns: 2
 5805 -476
 8636 -238
 9222 0
 8821 238
 6684 476


