# Created by Octave 3.8.2, Mon Jun 22 21:16:38 2020 CEST <damian@fptrucha.inv.usc.es>
# name: hd
# type: matrix
# rows: 5
# columns: 2
 5617 -476
 8446 -238
 8867 0
 8344 238
 6631 476


