# Created by Octave 3.8.2, Sun Jun 21 03:28:52 2020 CEST <damian@fptrucha.inv.usc.es>
# name: hd
# type: matrix
# rows: 5
# columns: 2
 5135 -476
 7569 -238
 8272 0
 7835 238
 6088 476


