# Created by Octave 3.8.2, Mon Jun 22 23:30:23 2020 CEST <damian@fptrucha.inv.usc.es>
# name: hd
# type: matrix
# rows: 5
# columns: 2
 5640 -476
 8577 -238
 8799 0
 8665 238
 6659 476


