# Created by Octave 3.8.2, Sat Jun 20 13:11:43 2020 CEST <damian@fptrucha.inv.usc.es>
# name: hd
# type: matrix
# rows: 5
# columns: 2
 5498 -476
 8357 -238
 8971 0
 8439 238
 6574 476


