# Created by Octave 3.8.2, Sat Jun 20 03:43:52 2020 CEST <damian@fptrucha.inv.usc.es>
# name: hd
# type: matrix
# rows: 5
# columns: 2
 5815 -476
 8526 -238
 9169 0
 8780 238
 6566 476


