# Created by Octave 3.8.2, Mon Jun 22 02:48:04 2020 CEST <damian@fptrucha.inv.usc.es>
# name: hd
# type: matrix
# rows: 5
# columns: 2
 5200 -476
 7330 -238
 7745 0
 7363 238
 5995 476


