# Created by Octave 3.8.2, Sun Jun 21 01:48:13 2020 CEST <damian@fptrucha.inv.usc.es>
# name: hd
# type: matrix
# rows: 5
# columns: 2
 5123 -476
 7655 -238
 8292 0
 7819 238
 6013 476


