# Created by Octave 3.8.2, Sun Jun 21 02:51:39 2020 CEST <damian@fptrucha.inv.usc.es>
# name: hd
# type: matrix
# rows: 5
# columns: 2
 5055 -476
 7510 -238
 8205 0
 7898 238
 6001 476


