# Created by Octave 3.8.2, Sat Jun 20 17:17:30 2020 CEST <damian@fptrucha.inv.usc.es>
# name: hd
# type: matrix
# rows: 5
# columns: 2
 5315 -476
 7867 -238
 8375 0
 7965 238
 6274 476


