# Created by Octave 3.8.2, Mon Jun 22 11:53:12 2020 CEST <damian@fptrucha.inv.usc.es>
# name: hd
# type: matrix
# rows: 5
# columns: 2
 5378 -476
 7989 -238
 8068 0
 7641 238
 6261 476


