# Created by Octave 3.8.2, Mon Jun 22 20:47:34 2020 CEST <damian@fptrucha.inv.usc.es>
# name: hd
# type: matrix
# rows: 5
# columns: 2
 5605 -476
 8458 -238
 8737 0
 8562 238
 6560 476


