# Created by Octave 3.8.2, Mon Jun 22 08:01:21 2020 CEST <damian@fptrucha.inv.usc.es>
# name: hd
# type: matrix
# rows: 5
# columns: 2
 5322 -476
 7607 -238
 7854 0
 7746 238
 6203 476


