# Created by Octave 3.8.2, Mon Jun 22 07:53:02 2020 CEST <damian@fptrucha.inv.usc.es>
# name: hd
# type: matrix
# rows: 5
# columns: 2
 5214 -476
 7602 -238
 8116 0
 7548 238
 6102 476


