# Created by Octave 3.8.2, Mon Jun 22 08:08:33 2020 CEST <damian@fptrucha.inv.usc.es>
# name: hd
# type: matrix
# rows: 5
# columns: 2
 5139 -476
 7725 -238
 7900 0
 7568 238
 6126 476


