# Created by Octave 3.8.2, Tue Jun 23 00:24:14 2020 CEST <damian@fptrucha.inv.usc.es>
# name: hd
# type: matrix
# rows: 5
# columns: 2
 5651 -476
 8380 -238
 9034 0
 8503 238
 6650 476


