# Created by Octave 3.8.2, Sun Jun 21 00:15:54 2020 CEST <damian@fptrucha.inv.usc.es>
# name: hd
# type: matrix
# rows: 5
# columns: 2
 5001 -476
 7566 -238
 8289 0
 7919 238
 6012 476


