# Created by Octave 3.8.2, Sat Jun 20 06:42:04 2020 CEST <damian@fptrucha.inv.usc.es>
# name: hd
# type: matrix
# rows: 5
# columns: 2
 5850 -476
 8709 -238
 9235 0
 8961 238
 6805 476


