# Created by Octave 3.8.2, Mon Jun 22 01:39:14 2020 CEST <damian@fptrucha.inv.usc.es>
# name: hd
# type: matrix
# rows: 5
# columns: 2
 5327 -476
 8054 -238
 8562 0
 8402 238
 6411 476


