# Created by Octave 3.8.2, Sun Jun 21 00:36:00 2020 CEST <damian@fptrucha.inv.usc.es>
# name: hd
# type: matrix
# rows: 5
# columns: 2
 4968 -476
 7472 -238
 8050 0
 7675 238
 6039 476


