# Created by Octave 3.8.2, Sat Jun 20 16:49:39 2020 CEST <damian@fptrucha.inv.usc.es>
# name: hd
# type: matrix
# rows: 5
# columns: 2
 5180 -476
 7946 -238
 8448 0
 8127 238
 6221 476


