# Created by Octave 3.8.2, Mon Jun 22 07:19:18 2020 CEST <damian@fptrucha.inv.usc.es>
# name: hd
# type: matrix
# rows: 5
# columns: 2
 5184 -476
 7561 -238
 8042 0
 7471 238
 6129 476


