# Created by Octave 3.8.2, Sun Jun 21 07:01:32 2020 CEST <damian@fptrucha.inv.usc.es>
# name: hd
# type: matrix
# rows: 5
# columns: 2
 5205 -476
 7722 -238
 8246 0
 7869 238
 6306 476


