# Created by Octave 3.8.2, Sat Jun 20 18:11:31 2020 CEST <damian@fptrucha.inv.usc.es>
# name: hd
# type: matrix
# rows: 5
# columns: 2
 5288 -476
 7802 -238
 8358 0
 8039 238
 6269 476


