# Created by Octave 3.8.2, Mon Jun 22 22:18:01 2020 CEST <damian@fptrucha.inv.usc.es>
# name: hd
# type: matrix
# rows: 5
# columns: 2
 5586 -476
 8425 -238
 8757 0
 8458 238
 6801 476


