# Created by Octave 3.8.2, Sat Jun 20 19:40:47 2020 CEST <damian@fptrucha.inv.usc.es>
# name: hd
# type: matrix
# rows: 5
# columns: 2
 5202 -476
 7849 -238
 8364 0
 8094 238
 6088 476


