# Created by Octave 3.8.2, Sat Jun 20 14:36:10 2020 CEST <damian@fptrucha.inv.usc.es>
# name: hd
# type: matrix
# rows: 5
# columns: 2
 5492 -476
 8177 -238
 8836 0
 8564 238
 6528 476


