# Created by Octave 3.8.2, Sat Jun 20 03:59:18 2020 CEST <damian@fptrucha.inv.usc.es>
# name: hd
# type: matrix
# rows: 5
# columns: 2
 5846 -476
 8652 -238
 9537 0
 8976 238
 6824 476


