# Created by Octave 3.8.2, Sun Jun 21 07:00:24 2020 CEST <damian@fptrucha.inv.usc.es>
# name: hd
# type: matrix
# rows: 5
# columns: 2
 4903 -476
 7622 -238
 8418 0
 7896 238
 6186 476


