# Created by Octave 3.8.2, Sun Jun 21 01:12:05 2020 CEST <damian@fptrucha.inv.usc.es>
# name: hd
# type: matrix
# rows: 5
# columns: 2
 5054 -476
 7518 -238
 8062 0
 7819 238
 6067 476


