# Created by Octave 3.8.2, Mon Jun 22 14:52:19 2020 CEST <damian@fptrucha.inv.usc.es>
# name: hd
# type: matrix
# rows: 5
# columns: 2
 5389 -476
 8061 -238
 8489 0
 8113 238
 6335 476


