# Created by Octave 3.8.2, Sun Jun 21 00:43:29 2020 CEST <damian@fptrucha.inv.usc.es>
# name: hd
# type: matrix
# rows: 5
# columns: 2
 4996 -476
 7433 -238
 8108 0
 7756 238
 6131 476


