# Created by Octave 3.8.2, Sun Jun 21 01:31:14 2020 CEST <damian@fptrucha.inv.usc.es>
# name: hd
# type: matrix
# rows: 5
# columns: 2
 5015 -476
 7418 -238
 8081 0
 7875 238
 6115 476


