# Created by Octave 3.8.2, Sat Jun 20 05:28:19 2020 CEST <damian@fptrucha.inv.usc.es>
# name: hd
# type: matrix
# rows: 5
# columns: 2
 5737 -476
 8621 -238
 9250 0
 8914 238
 6750 476


