# Created by Octave 3.8.2, Mon Jun 22 08:36:35 2020 CEST <damian@fptrucha.inv.usc.es>
# name: hd
# type: matrix
# rows: 5
# columns: 2
 5282 -476
 7798 -238
 7965 0
 7547 238
 6106 476


