# Created by Octave 3.8.2, Mon Jun 22 11:03:55 2020 CEST <damian@fptrucha.inv.usc.es>
# name: hd
# type: matrix
# rows: 5
# columns: 2
 5353 -476
 7861 -238
 8389 0
 7881 238
 6330 476


