# Created by Octave 3.8.2, Sat Jun 20 13:45:16 2020 CEST <damian@fptrucha.inv.usc.es>
# name: hd
# type: matrix
# rows: 5
# columns: 2
 5569 -476
 8263 -238
 8780 0
 8637 238
 6629 476


