# Created by Octave 3.8.2, Mon Jun 22 04:44:26 2020 CEST <damian@fptrucha.inv.usc.es>
# name: hd
# type: matrix
# rows: 5
# columns: 2
 4979 -476
 6988 -238
 7280 0
 7092 238
 5793 476


