# Created by Octave 3.8.2, Sat Jun 20 17:52:24 2020 CEST <damian@fptrucha.inv.usc.es>
# name: hd
# type: matrix
# rows: 5
# columns: 2
 5196 -476
 7613 -238
 8507 0
 7994 238
 6180 476


