# Created by Octave 3.8.2, Mon Jun 22 01:00:54 2020 CEST <damian@fptrucha.inv.usc.es>
# name: hd
# type: matrix
# rows: 5
# columns: 2
 4493 -476
 8613 -238
 8955 0
 8931 238
 5532 476


