# Created by Octave 3.8.2, Sun Jun 21 05:55:35 2020 CEST <damian@fptrucha.inv.usc.es>
# name: hd
# type: matrix
# rows: 5
# columns: 2
 4297 -476
 8317 -238
 8561 0
 8471 238
 5257 476


