# Created by Octave 3.8.2, Mon Jun 22 10:54:48 2020 CEST <damian@fptrucha.inv.usc.es>
# name: hd
# type: matrix
# rows: 5
# columns: 2
 4335 -476
 8551 -238
 8581 0
 8530 238
 5393 476


