# Created by Octave 3.8.2, Sat Jun 20 13:27:52 2020 CEST <damian@fptrucha.inv.usc.es>
# name: hd
# type: matrix
# rows: 5
# columns: 2
 4716 -476
 9003 -238
 9256 0
 9392 238
 5710 476


