# Created by Octave 3.8.2, Sat Jun 20 19:12:43 2020 CEST <damian@fptrucha.inv.usc.es>
# name: hd
# type: matrix
# rows: 5
# columns: 2
 4288 -476
 8606 -238
 8738 0
 8664 238
 5411 476


