# Created by Octave 3.8.2, Mon Jun 22 13:22:50 2020 CEST <damian@fptrucha.inv.usc.es>
# name: hd
# type: matrix
# rows: 5
# columns: 2
 4473 -476
 8782 -238
 8676 0
 8670 238
 5543 476


