# Created by Octave 3.8.2, Sun Jun 21 07:00:26 2020 CEST <damian@fptrucha.inv.usc.es>
# name: hd
# type: matrix
# rows: 5
# columns: 2
 4189 -476
 8263 -238
 8665 0
 8519 238
 5389 476


