# Created by Octave 3.8.2, Sat Jun 20 21:41:13 2020 CEST <damian@fptrucha.inv.usc.es>
# name: hd
# type: matrix
# rows: 5
# columns: 2
 4237 -476
 8339 -238
 8838 0
 8664 238
 5284 476


