# Created by Octave 3.8.2, Mon Jun 22 22:12:03 2020 CEST <damian@fptrucha.inv.usc.es>
# name: hd
# type: matrix
# rows: 5
# columns: 2
 4797 -476
 9086 -238
 9287 0
 9310 238
 5779 476


