# Created by Octave 3.8.2, Sat Jun 20 13:14:29 2020 CEST <damian@fptrucha.inv.usc.es>
# name: hd
# type: matrix
# rows: 5
# columns: 2
 4678 -476
 8941 -238
 9342 0
 9209 238
 5643 476


