# Created by Octave 3.8.2, Mon Jun 22 18:24:02 2020 CEST <damian@fptrucha.inv.usc.es>
# name: hd
# type: matrix
# rows: 5
# columns: 2
 4638 -476
 8937 -238
 8895 0
 8901 238
 5675 476


