# Created by Octave 3.8.2, Mon Jun 22 17:22:37 2020 CEST <damian@fptrucha.inv.usc.es>
# name: hd
# type: matrix
# rows: 5
# columns: 2
 4545 -476
 8908 -238
 8893 0
 8971 238
 5643 476


