# Created by Octave 3.8.2, Mon Jun 22 04:21:53 2020 CEST <damian@fptrucha.inv.usc.es>
# name: hd
# type: matrix
# rows: 5
# columns: 2
 4141 -476
 7818 -238
 7896 0
 7660 238
 5047 476


