# Created by Octave 3.8.2, Mon Jun 22 05:07:40 2020 CEST <damian@fptrucha.inv.usc.es>
# name: hd
# type: matrix
# rows: 5
# columns: 2
 4147 -476
 7921 -238
 7781 0
 7742 238
 5007 476


