# Created by Octave 3.8.2, Mon Jun 22 17:07:09 2020 CEST <damian@fptrucha.inv.usc.es>
# name: hd
# type: matrix
# rows: 5
# columns: 2
 4637 -476
 8961 -238
 8837 0
 8930 238
 5699 476


