# Created by Octave 3.8.2, Mon Jun 22 02:10:44 2020 CEST <damian@fptrucha.inv.usc.es>
# name: hd
# type: matrix
# rows: 5
# columns: 2
 4131 -476
 8025 -238
 8307 0
 8288 238
 5394 476


