# Created by Octave 3.8.2, Mon Jun 22 19:31:34 2020 CEST <damian@fptrucha.inv.usc.es>
# name: hd
# type: matrix
# rows: 5
# columns: 2
 4588 -476
 9000 -238
 9123 0
 8983 238
 5712 476


