# Created by Octave 3.8.2, Mon Jun 22 02:53:46 2020 CEST <damian@fptrucha.inv.usc.es>
# name: hd
# type: matrix
# rows: 5
# columns: 2
 4294 -476
 7801 -238
 7780 0
 7986 238
 5156 476


