# Created by Octave 3.8.2, Mon Jun 22 12:46:56 2020 CEST <damian@fptrucha.inv.usc.es>
# name: hd
# type: matrix
# rows: 5
# columns: 2
 2987 -476
 5736 -238
 5716 0
 5692 238
 3613 476


