# Created by Octave 3.8.2, Sat Jun 20 05:59:35 2020 CEST <damian@fptrucha.inv.usc.es>
# name: hd
# type: matrix
# rows: 5
# columns: 2
 4876 -476
 9380 -238
 9867 0
 9863 238
 6047 476


