# Created by Octave 3.8.2, Sun Jun 21 03:25:36 2020 CEST <damian@fptrucha.inv.usc.es>
# name: hd
# type: matrix
# rows: 5
# columns: 2
 4277 -476
 8146 -238
 8541 0
 8487 238
 5276 476


