# Created by Octave 3.8.2, Sat Jun 20 10:30:12 2020 CEST <damian@fptrucha.inv.usc.es>
# name: hd
# type: matrix
# rows: 5
# columns: 2
 4928 -476
 9412 -238
 9786 0
 9665 238
 6084 476


