# Created by Octave 3.8.2, Mon Jun 22 08:50:42 2020 CEST <damian@fptrucha.inv.usc.es>
# name: hd
# type: matrix
# rows: 5
# columns: 2
 4236 -476
 8423 -238
 8375 0
 8232 238
 5366 476


