# Created by Octave 3.8.2, Sat Jun 20 22:03:55 2020 CEST <damian@fptrucha.inv.usc.es>
# name: hd
# type: matrix
# rows: 5
# columns: 2
 4323 -476
 8338 -238
 8569 0
 8425 238
 5318 476


