# Created by Octave 3.8.2, Mon Jun 22 17:58:30 2020 CEST <damian@fptrucha.inv.usc.es>
# name: hd
# type: matrix
# rows: 5
# columns: 2
 4717 -476
 8996 -238
 9025 0
 9114 238
 5650 476


