# Created by Octave 3.8.2, Mon Jun 22 11:56:17 2020 CEST <damian@fptrucha.inv.usc.es>
# name: hd
# type: matrix
# rows: 5
# columns: 2
 4325 -476
 8512 -238
 8521 0
 8505 238
 5322 476


