# Created by Octave 3.8.2, Sat Jun 20 09:10:04 2020 CEST <damian@fptrucha.inv.usc.es>
# name: hd
# type: matrix
# rows: 5
# columns: 2
 5035 -476
 9746 -238
 9843 0
 9973 238
 6197 476


