# Created by Octave 3.8.2, Tue Jun 23 00:38:58 2020 CEST <damian@fptrucha.inv.usc.es>
# name: hd
# type: matrix
# rows: 5
# columns: 2
 4814 -476
 9193 -238
 9464 0
 9236 238
 5848 476


