# Created by Octave 3.8.2, Mon Jun 22 13:14:16 2020 CEST <damian@fptrucha.inv.usc.es>
# name: hd
# type: matrix
# rows: 5
# columns: 2
 4459 -476
 8602 -238
 8787 0
 8661 238
 5413 476


