# Created by Octave 3.8.2, Mon Jun 22 11:39:00 2020 CEST <damian@fptrucha.inv.usc.es>
# name: hd
# type: matrix
# rows: 5
# columns: 2
 4343 -476
 8770 -238
 8616 0
 8690 238
 5409 476


