# Created by Octave 3.8.2, Mon Jun 22 08:09:10 2020 CEST <damian@fptrucha.inv.usc.es>
# name: hd
# type: matrix
# rows: 5
# columns: 2
 2814 -476
 5566 -238
 5480 0
 5532 238
 3490 476


