# Created by Octave 3.8.2, Mon Jun 22 02:31:14 2020 CEST <damian@fptrucha.inv.usc.es>
# name: hd
# type: matrix
# rows: 5
# columns: 2
 4269 -476
 8094 -238
 7978 0
 7770 238
 5278 476


