# Created by Octave 3.8.2, Mon Jun 22 01:10:22 2020 CEST <damian@fptrucha.inv.usc.es>
# name: hd
# type: matrix
# rows: 5
# columns: 2
 4373 -476
 8527 -238
 8662 0
 8689 238
 5294 476


