# Created by Octave 3.8.2, Sat Jun 20 23:25:47 2020 CEST <damian@fptrucha.inv.usc.es>
# name: hd
# type: matrix
# rows: 5
# columns: 2
 4371 -476
 8191 -238
 8459 0
 8523 238
 5342 476


