# Created by Octave 3.8.2, Sat Jun 20 10:03:15 2020 CEST <damian@fptrucha.inv.usc.es>
# name: hd
# type: matrix
# rows: 5
# columns: 2
 4916 -476
 9579 -238
 9788 0
 9597 238
 6063 476


