# Created by Octave 3.8.2, Sat Jun 20 17:52:26 2020 CEST <damian@fptrucha.inv.usc.es>
# name: hd
# type: matrix
# rows: 5
# columns: 2
 4379 -476
 8451 -238
 8637 0
 8632 238
 5391 476


