# Created by Octave 3.8.2, Sat Jun 20 12:55:08 2020 CEST <damian@fptrucha.inv.usc.es>
# name: hd
# type: matrix
# rows: 5
# columns: 2
 4836 -476
 9207 -238
 9424 0
 9438 238
 5793 476


