# Created by Octave 3.8.2, Sat Jun 20 07:57:39 2020 CEST <damian@fptrucha.inv.usc.es>
# name: hd
# type: matrix
# rows: 5
# columns: 2
 4982 -476
 9843 -238
 9748 0
 9927 238
 6070 476


