# Created by Octave 3.8.2, Mon Jun 22 22:35:33 2020 CEST <damian@fptrucha.inv.usc.es>
# name: hd
# type: matrix
# rows: 5
# columns: 2
 4574 -476
 9199 -238
 9317 0
 9473 238
 5821 476


