# Created by Octave 3.8.2, Sat Jun 20 15:43:12 2020 CEST <damian@fptrucha.inv.usc.es>
# name: hd
# type: matrix
# rows: 5
# columns: 2
 4525 -476
 8773 -238
 8841 0
 8869 238
 5521 476


