# Created by Octave 3.8.2, Sat Jun 20 02:06:59 2020 CEST <damian@fptrucha.inv.usc.es>
# name: hd
# type: matrix
# rows: 5
# columns: 2
 4607 -476
 9046 -238
 9367 0
 9200 238
 5920 476


