# Created by Octave 3.8.2, Tue Jun 23 00:46:07 2020 CEST <damian@fptrucha.inv.usc.es>
# name: hd
# type: matrix
# rows: 5
# columns: 2
 4637 -476
 9202 -238
 9293 0
 9273 238
 5896 476


