# Created by Octave 3.8.2, Mon Jun 22 04:25:14 2020 CEST <damian@fptrucha.inv.usc.es>
# name: hd
# type: matrix
# rows: 5
# columns: 2
 4029 -476
 7644 -238
 7909 0
 7802 238
 4998 476


