# Created by Octave 3.8.2, Mon Jun 22 18:36:11 2020 CEST <damian@fptrucha.inv.usc.es>
# name: hd
# type: matrix
# rows: 5
# columns: 2
 3017 -476
 5852 -238
 5897 0
 5903 238
 3697 476


