# Created by Octave 3.8.2, Sat Jun 20 16:25:17 2020 CEST <damian@fptrucha.inv.usc.es>
# name: hd
# type: matrix
# rows: 5
# columns: 2
 4548 -476
 8617 -238
 8918 0
 8831 238
 5539 476


