# Created by Octave 3.8.2, Mon Jun 22 02:59:11 2020 CEST <damian@fptrucha.inv.usc.es>
# name: hd
# type: matrix
# rows: 5
# columns: 2
 2768 -476
 5239 -238
 5257 0
 5363 238
 3371 476


