# Created by Octave 3.8.2, Sun Jun 21 00:32:42 2020 CEST <damian@fptrucha.inv.usc.es>
# name: hd
# type: matrix
# rows: 5
# columns: 2
 4165 -476
 8070 -238
 8344 0
 8151 238
 5291 476


