# Created by Octave 3.8.2, Sat Jun 20 06:10:46 2020 CEST <damian@fptrucha.inv.usc.es>
# name: hd
# type: matrix
# rows: 5
# columns: 2
 5005 -476
 9549 -238
 9731 0
 9816 238
 5956 476


