# Created by Octave 3.8.2, Sat Jun 20 12:26:09 2020 CEST <damian@fptrucha.inv.usc.es>
# name: hd
# type: matrix
# rows: 5
# columns: 2
 4667 -476
 9343 -238
 9566 0
 9430 238
 5892 476


