# Created by Octave 3.8.2, Mon Jun 22 23:07:03 2020 CEST <damian@fptrucha.inv.usc.es>
# name: hd
# type: matrix
# rows: 5
# columns: 2
 4777 -476
 9236 -238
 9360 0
 9570 238
 5790 476


