# Created by Octave 3.8.2, Sat Jun 20 11:02:43 2020 CEST <damian@fptrucha.inv.usc.es>
# name: hd
# type: matrix
# rows: 5
# columns: 2
 4876 -476
 9473 -238
 9679 0
 9703 238
 5980 476


