# Created by Octave 3.8.2, Sun Jun 21 02:52:47 2020 CEST <damian@fptrucha.inv.usc.es>
# name: hd
# type: matrix
# rows: 5
# columns: 2
 4297 -476
 8314 -238
 8449 0
 8379 238
 5296 476


