# Created by Octave 3.8.2, Mon Jun 22 21:00:01 2020 CEST <damian@fptrucha.inv.usc.es>
# name: hd
# type: matrix
# rows: 5
# columns: 2
 4721 -476
 9094 -238
 9110 0
 9258 238
 5820 476


