# Created by Octave 3.8.2, Sat Jun 20 13:41:41 2020 CEST <damian@fptrucha.inv.usc.es>
# name: hd
# type: matrix
# rows: 5
# columns: 2
 4424 -476
 9003 -238
 9239 0
 9084 238
 5866 476


