# Created by Octave 3.8.2, Mon Jun 22 06:04:15 2020 CEST <damian@fptrucha.inv.usc.es>
# name: hd
# type: matrix
# rows: 5
# columns: 2
 4172 -476
 8188 -238
 8052 0
 8016 238
 5221 476


