# Created by Octave 3.8.2, Sun Jun 21 04:56:18 2020 CEST <damian@fptrucha.inv.usc.es>
# name: hd
# type: matrix
# rows: 5
# columns: 2
 4297 -476
 8255 -238
 8476 0
 8529 238
 5442 476


