# Created by Octave 3.8.2, Mon Jun 22 06:49:10 2020 CEST <damian@fptrucha.inv.usc.es>
# name: hd
# type: matrix
# rows: 5
# columns: 2
 4239 -476
 8268 -238
 8052 0
 8020 238
 5289 476


