# Created by Octave 3.8.2, Mon Jun 22 07:38:12 2020 CEST <damian@fptrucha.inv.usc.es>
# name: hd
# type: matrix
# rows: 5
# columns: 2
 4261 -476
 8480 -238
 8308 0
 8293 238
 5392 476


