# Created by Octave 3.8.2, Mon Jun 22 18:39:32 2020 CEST <damian@fptrucha.inv.usc.es>
# name: hd
# type: matrix
# rows: 5
# columns: 2
 4735 -476
 9132 -238
 8887 0
 8939 238
 5710 476


