# Created by Octave 3.8.2, Mon Jun 22 20:58:08 2020 CEST <damian@fptrucha.inv.usc.es>
# name: hd
# type: matrix
# rows: 5
# columns: 2
 4754 -476
 9151 -238
 9109 0
 9333 238
 5771 476


