# Created by Octave 3.8.2, Sat Jun 20 10:20:37 2020 CEST <damian@fptrucha.inv.usc.es>
# name: hd
# type: matrix
# rows: 5
# columns: 2
 4885 -476
 9784 -238
 9803 0
 9667 238
 6051 476


