# Created by Octave 3.8.2, Mon Jun 22 19:03:16 2020 CEST <damian@fptrucha.inv.usc.es>
# name: hd
# type: matrix
# rows: 5
# columns: 2
 4605 -476
 9223 -238
 8972 0
 8773 238
 5711 476


