# Created by Octave 3.8.2, Mon Jun 22 04:29:02 2020 CEST <damian@fptrucha.inv.usc.es>
# name: hd
# type: matrix
# rows: 5
# columns: 2
 4028 -476
 7710 -238
 7729 0
 7723 238
 4961 476


