# Created by Octave 3.8.2, Sat Jun 20 13:22:17 2020 CEST <damian@fptrucha.inv.usc.es>
# name: hd
# type: matrix
# rows: 5
# columns: 2
 4625 -476
 9266 -238
 9240 0
 9460 238
 5722 476


