# Created by Octave 3.8.2, Mon Jun 22 22:03:47 2020 CEST <damian@fptrucha.inv.usc.es>
# name: hd
# type: matrix
# rows: 5
# columns: 2
 4749 -476
 9118 -238
 9333 0
 9400 238
 5652 476


