# Created by Octave 3.8.2, Sat Jun 20 13:42:32 2020 CEST <damian@fptrucha.inv.usc.es>
# name: hd
# type: matrix
# rows: 5
# columns: 2
 3031 -476
 5949 -238
 6184 0
 6027 238
 3804 476


