# Created by Octave 3.8.2, Mon Jun 22 01:48:48 2020 CEST <damian@fptrucha.inv.usc.es>
# name: hd
# type: matrix
# rows: 5
# columns: 2
 4415 -476
 8702 -238
 8932 0
 8806 238
 5548 476


