# Created by Octave 3.8.2, Sat Jun 20 02:30:58 2020 CEST <damian@fptrucha.inv.usc.es>
# name: hd
# type: matrix
# rows: 5
# columns: 2
 4709 -476
 9235 -238
 9323 0
 9340 238
 5821 476


