# Created by Octave 3.8.2, Sat Jun 20 20:45:28 2020 CEST <damian@fptrucha.inv.usc.es>
# name: hd
# type: matrix
# rows: 5
# columns: 2
 4308 -476
 8419 -238
 8804 0
 8414 238
 5535 476


