# Created by Octave 3.8.2, Mon Jun 22 02:13:47 2020 CEST <damian@fptrucha.inv.usc.es>
# name: hd
# type: matrix
# rows: 5
# columns: 2
 4282 -476
 8453 -238
 8424 0
 8682 238
 5412 476


