# Created by Octave 3.8.2, Sat Jun 20 02:44:49 2020 CEST <damian@fptrucha.inv.usc.es>
# name: hd
# type: matrix
# rows: 5
# columns: 2
 4674 -476
 9385 -238
 9583 0
 9329 238
 5872 476


