# Created by Octave 3.8.2, Sat Jun 20 09:15:57 2020 CEST <damian@fptrucha.inv.usc.es>
# name: hd
# type: matrix
# rows: 5
# columns: 2
 4980 -476
 9800 -238
 9867 0
 9982 238
 6199 476


