# Created by Octave 3.8.2, Mon Jun 22 09:38:30 2020 CEST <damian@fptrucha.inv.usc.es>
# name: hd
# type: matrix
# rows: 5
# columns: 2
 4304 -476
 8412 -238
 8463 0
 8410 238
 5379 476


