# Created by Octave 3.8.2, Mon Jun 22 13:37:33 2020 CEST <damian@fptrucha.inv.usc.es>
# name: hd
# type: matrix
# rows: 5
# columns: 2
 4517 -476
 8892 -238
 8717 0
 8733 238
 5428 476


