# Created by Octave 3.8.2, Mon Jun 22 07:30:26 2020 CEST <damian@fptrucha.inv.usc.es>
# name: hd
# type: matrix
# rows: 5
# columns: 2
 4416 -476
 8261 -238
 8229 0
 8189 238
 5290 476


