# Created by Octave 3.8.2, Sat Jun 20 08:40:01 2020 CEST <damian@fptrucha.inv.usc.es>
# name: hd
# type: matrix
# rows: 5
# columns: 2
 5086 -476
 9786 -238
 10002 0
 10236 238
 6128 476


