# Created by Octave 3.8.2, Sun Jun 21 01:15:23 2020 CEST <damian@fptrucha.inv.usc.es>
# name: hd
# type: matrix
# rows: 5
# columns: 2
 4252 -476
 8258 -238
 8598 0
 8262 238
 5303 476


