# Created by Octave 3.8.2, Mon Jun 22 02:35:58 2020 CEST <damian@fptrucha.inv.usc.es>
# name: hd
# type: matrix
# rows: 5
# columns: 2
 4189 -476
 8039 -238
 8020 0
 7892 238
 5254 476


