# Created by Octave 3.8.2, Sat Jun 20 19:23:09 2020 CEST <damian@fptrucha.inv.usc.es>
# name: hd
# type: matrix
# rows: 5
# columns: 2
 4408 -476
 8432 -238
 8789 0
 8737 238
 5357 476


