# Created by Octave 3.8.2, Mon Jun 22 19:11:16 2020 CEST <damian@fptrucha.inv.usc.es>
# name: hd
# type: matrix
# rows: 5
# columns: 2
 4577 -476
 8928 -238
 8924 0
 9159 238
 5694 476


