# Created by Octave 3.8.2, Mon Jun 22 17:21:26 2020 CEST <damian@fptrucha.inv.usc.es>
# name: hd
# type: matrix
# rows: 5
# columns: 2
 4563 -476
 8980 -238
 8948 0
 9086 238
 5583 476


