# Created by Octave 3.8.2, Mon Jun 22 07:55:06 2020 CEST <damian@fptrucha.inv.usc.es>
# name: hd
# type: matrix
# rows: 5
# columns: 2
 4393 -476
 8407 -238
 8381 0
 8154 238
 5262 476


