# Created by Octave 3.8.2, Sat Jun 20 18:11:33 2020 CEST <damian@fptrucha.inv.usc.es>
# name: hd
# type: matrix
# rows: 5
# columns: 2
 4519 -476
 8460 -238
 8718 0
 8559 238
 5500 476


