# Created by Octave 3.8.2, Sat Jun 20 21:34:45 2020 CEST <damian@fptrucha.inv.usc.es>
# name: hd
# type: matrix
# rows: 5
# columns: 2
 4359 -476
 8299 -238
 8334 0
 8663 238
 5272 476


