# Created by Octave 3.8.2, Sat Jun 20 22:38:27 2020 CEST <damian@fptrucha.inv.usc.es>
# name: hd
# type: matrix
# rows: 5
# columns: 2
 4295 -476
 8566 -238
 8836 0
 8491 238
 5220 476


