# Created by Octave 3.8.2, Sun Jun 21 05:46:42 2020 CEST <damian@fptrucha.inv.usc.es>
# name: hd
# type: matrix
# rows: 5
# columns: 2
 4300 -476
 8202 -238
 8556 0
 8512 238
 5335 476


