# Created by Octave 3.8.2, Sat Jun 20 19:39:30 2020 CEST <damian@fptrucha.inv.usc.es>
# name: hd
# type: matrix
# rows: 5
# columns: 2
 4489 -476
 8418 -238
 8735 0
 8609 238
 5340 476


