# Created by Octave 3.8.2, Mon Jun 22 05:23:46 2020 CEST <damian@fptrucha.inv.usc.es>
# name: hd
# type: matrix
# rows: 5
# columns: 2
 4180 -476
 8124 -238
 8049 0
 7963 238
 5264 476


