# Created by Octave 3.8.2, Sun Jun 21 02:45:11 2020 CEST <damian@fptrucha.inv.usc.es>
# name: hd
# type: matrix
# rows: 5
# columns: 2
 4243 -476
 8291 -238
 8554 0
 8469 238
 5265 476


