# Created by Octave 3.8.2, Sun Jun 21 05:08:20 2020 CEST <damian@fptrucha.inv.usc.es>
# name: hd
# type: matrix
# rows: 5
# columns: 2
 4460 -476
 8424 -238
 8564 0
 8682 238
 5329 476


