# Created by Octave 3.8.2, Sat Jun 20 17:56:24 2020 CEST <damian@fptrucha.inv.usc.es>
# name: hd
# type: matrix
# rows: 5
# columns: 2
 4457 -476
 8613 -238
 8747 0
 8635 238
 5422 476


