# Created by Octave 3.8.2, Mon Jun 22 10:36:56 2020 CEST <damian@fptrucha.inv.usc.es>
# name: hd
# type: matrix
# rows: 5
# columns: 2
 2936 -476
 5667 -238
 5730 0
 5638 238
 3566 476


