# Created by Octave 3.8.2, Mon Jun 22 23:36:23 2020 CEST <damian@fptrucha.inv.usc.es>
# name: hd
# type: matrix
# rows: 5
# columns: 2
 4600 -476
 9181 -238
 9467 0
 9468 238
 5893 476


