# Created by Octave 3.8.2, Sun Jun 21 00:29:33 2020 CEST <damian@fptrucha.inv.usc.es>
# name: hd
# type: matrix
# rows: 5
# columns: 2
 2815 -476
 5394 -238
 5618 0
 5511 238
 3480 476


