# Created by Octave 3.8.2, Mon Jun 22 03:15:28 2020 CEST <damian@fptrucha.inv.usc.es>
# name: hd
# type: matrix
# rows: 5
# columns: 2
 4270 -476
 8110 -238
 7999 0
 8007 238
 5133 476


