# Created by Octave 3.8.2, Sun Jun 21 00:33:48 2020 CEST <damian@fptrucha.inv.usc.es>
# name: hd
# type: matrix
# rows: 5
# columns: 2
 4279 -476
 8092 -238
 8376 0
 8342 238
 5317 476


