# Created by Octave 3.8.2, Mon Jun 22 04:19:00 2020 CEST <damian@fptrucha.inv.usc.es>
# name: hd
# type: matrix
# rows: 5
# columns: 2
 4099 -476
 7777 -238
 7861 0
 7726 238
 5041 476


