# Created by Octave 3.8.2, Mon Jun 22 08:04:25 2020 CEST <damian@fptrucha.inv.usc.es>
# name: hd
# type: matrix
# rows: 5
# columns: 2
 4357 -476
 8401 -238
 8359 0
 8170 238
 5333 476


