# Created by Octave 3.8.2, Mon Jun 22 18:21:46 2020 CEST <damian@fptrucha.inv.usc.es>
# name: hd
# type: matrix
# rows: 5
# columns: 2
 4653 -476
 8895 -238
 9071 0
 9087 238
 5687 476


