# Created by Octave 3.8.2, Tue Jun 23 00:46:41 2020 CEST <damian@fptrucha.inv.usc.es>
# name: hd
# type: matrix
# rows: 5
# columns: 2
 2348 -476
 4413 -238
 4564 0
 4470 238
 2777 476


