# Created by Octave 3.8.2, Mon Jun 22 17:41:55 2020 CEST <damian@fptrucha.inv.usc.es>
# name: hd
# type: matrix
# rows: 5
# columns: 2
 4687 -476
 9040 -238
 9038 0
 9075 238
 5644 476


