# Created by Octave 3.8.2, Sun Jun 21 07:13:13 2020 CEST <damian@fptrucha.inv.usc.es>
# name: hd
# type: matrix
# rows: 5
# columns: 2
 4369 -476
 8603 -238
 8728 0
 8835 238
 5409 476


