# Created by Octave 3.8.2, Mon Jun 22 06:35:33 2020 CEST <damian@fptrucha.inv.usc.es>
# name: hd
# type: matrix
# rows: 5
# columns: 2
 4309 -476
 8162 -238
 8128 0
 7985 238
 5194 476


