# Created by Octave 3.8.2, Mon Jun 22 05:41:03 2020 CEST <damian@fptrucha.inv.usc.es>
# name: hd
# type: matrix
# rows: 5
# columns: 2
 4215 -476
 8062 -238
 8074 0
 7931 238
 5089 476


