# Created by Octave 3.8.2, Sat Jun 20 05:04:33 2020 CEST <damian@fptrucha.inv.usc.es>
# name: hd
# type: matrix
# rows: 5
# columns: 2
 4939 -476
 9410 -238
 9431 0
 9517 238
 5917 476


