# Created by Octave 3.8.2, Mon Jun 22 01:28:05 2020 CEST <damian@fptrucha.inv.usc.es>
# name: hd
# type: matrix
# rows: 5
# columns: 2
 4390 -476
 8399 -238
 8688 0
 8711 238
 5437 476


