# Created by Octave 3.8.2, Mon Jun 22 20:06:33 2020 CEST <damian@fptrucha.inv.usc.es>
# name: hd
# type: matrix
# rows: 5
# columns: 2
 4623 -476
 9216 -238
 9233 0
 9203 238
 5735 476


