# Created by Octave 3.8.2, Mon Jun 22 09:39:31 2020 CEST <damian@fptrucha.inv.usc.es>
# name: hd
# type: matrix
# rows: 5
# columns: 2
 4453 -476
 8345 -238
 8541 0
 8323 238
 5252 476


