# Created by Octave 3.8.2, Mon Jun 22 03:41:40 2020 CEST <damian@fptrucha.inv.usc.es>
# name: hd
# type: matrix
# rows: 5
# columns: 2
 4408 -476
 8015 -238
 8013 0
 8123 238
 5145 476


