# Created by Octave 3.8.2, Sun Jun 21 03:43:59 2020 CEST <damian@fptrucha.inv.usc.es>
# name: hd
# type: matrix
# rows: 5
# columns: 2
 4375 -476
 8297 -238
 8578 0
 8457 238
 5398 476


