# Created by Octave 3.8.2, Mon Jun 22 06:34:33 2020 CEST <damian@fptrucha.inv.usc.es>
# name: hd
# type: matrix
# rows: 5
# columns: 2
 4244 -476
 8237 -238
 8149 0
 8104 238
 5286 476


