# Created by Octave 3.8.2, Mon Jun 22 07:41:18 2020 CEST <damian@fptrucha.inv.usc.es>
# name: hd
# type: matrix
# rows: 5
# columns: 2
 4295 -476
 8241 -238
 8244 0
 8131 238
 5295 476


