# Created by Octave 3.8.2, Mon Jun 22 18:47:36 2020 CEST <damian@fptrucha.inv.usc.es>
# name: hd
# type: matrix
# rows: 5
# columns: 2
 4654 -476
 8978 -238
 8978 0
 9026 238
 5737 476


