# Created by Octave 3.8.2, Sat Jun 20 12:19:04 2020 CEST <damian@fptrucha.inv.usc.es>
# name: hd
# type: matrix
# rows: 5
# columns: 2
 4777 -476
 9227 -238
 9494 0
 9408 238
 5989 476


