# Created by Octave 3.8.2, Mon Jun 22 20:40:36 2020 CEST <damian@fptrucha.inv.usc.es>
# name: hd
# type: matrix
# rows: 5
# columns: 2
 4663 -476
 9039 -238
 9122 0
 9145 238
 5769 476


