# Created by Octave 3.8.2, Sun Jun 21 06:44:13 2020 CEST <damian@fptrucha.inv.usc.es>
# name: hd
# type: matrix
# rows: 5
# columns: 2
 4345 -476
 8279 -238
 8636 0
 8673 238
 5374 476


