# Created by Octave 3.8.2, Mon Jun 22 11:57:21 2020 CEST <damian@fptrucha.inv.usc.es>
# name: hd
# type: matrix
# rows: 5
# columns: 2
 4461 -476
 8634 -238
 8560 0
 8437 238
 5381 476


