# Created by Octave 3.8.2, Sat Jun 20 07:39:01 2020 CEST <damian@fptrucha.inv.usc.es>
# name: hd
# type: matrix
# rows: 5
# columns: 2
 5001 -476
 9580 -238
 9766 0
 10007 238
 6042 476


