# Created by Octave 3.8.2, Sun Jun 21 00:04:29 2020 CEST <damian@fptrucha.inv.usc.es>
# name: hd
# type: matrix
# rows: 5
# columns: 2
 4182 -476
 8245 -238
 8357 0
 8484 238
 5185 476


