# Created by Octave 3.8.2, Sun Jun 21 05:10:41 2020 CEST <damian@fptrucha.inv.usc.es>
# name: hd
# type: matrix
# rows: 5
# columns: 2
 4232 -476
 8306 -238
 8440 0
 8693 238
 5439 476


