# Created by Octave 3.8.2, Mon Jun 22 03:58:35 2020 CEST <damian@fptrucha.inv.usc.es>
# name: hd
# type: matrix
# rows: 5
# columns: 2
 4066 -476
 7869 -238
 7907 0
 7959 238
 5161 476


