# Created by Octave 3.8.2, Sat Jun 20 13:04:48 2020 CEST <damian@fptrucha.inv.usc.es>
# name: hd
# type: matrix
# rows: 5
# columns: 2
 4637 -476
 9126 -238
 9525 0
 9379 238
 5843 476


