# Created by Octave 3.8.2, Sat Jun 20 10:27:19 2020 CEST <damian@fptrucha.inv.usc.es>
# name: hd
# type: matrix
# rows: 5
# columns: 2
 4900 -476
 9483 -238
 9866 0
 9753 238
 5901 476


