# Created by Octave 3.8.2, Mon Jun 22 10:41:07 2020 CEST <damian@fptrucha.inv.usc.es>
# name: hd
# type: matrix
# rows: 5
# columns: 2
 4459 -476
 8692 -238
 8670 0
 8604 238
 5471 476


