# Created by Octave 3.8.2, Mon Jun 22 11:37:54 2020 CEST <damian@fptrucha.inv.usc.es>
# name: hd
# type: matrix
# rows: 5
# columns: 2
 4393 -476
 8693 -238
 8589 0
 8488 238
 5360 476


