# Created by Octave 3.8.2, Mon Jun 22 20:54:32 2020 CEST <damian@fptrucha.inv.usc.es>
# name: hd
# type: matrix
# rows: 5
# columns: 2
 4704 -476
 9187 -238
 9144 0
 9145 238
 5700 476


