# Created by Octave 3.8.2, Mon Jun 22 05:15:58 2020 CEST <damian@fptrucha.inv.usc.es>
# name: hd
# type: matrix
# rows: 5
# columns: 2
 4151 -476
 7930 -238
 8000 0
 7810 238
 4968 476


