# Created by Octave 3.8.2, Sat Jun 20 22:46:09 2020 CEST <damian@fptrucha.inv.usc.es>
# name: hd
# type: matrix
# rows: 5
# columns: 2
 4206 -476
 8181 -238
 8677 0
 8434 238
 5306 476


