# Created by Octave 3.8.2, Mon Jun 22 07:53:03 2020 CEST <damian@fptrucha.inv.usc.es>
# name: hd
# type: matrix
# rows: 5
# columns: 2
 4223 -476
 8407 -238
 8406 0
 8244 238
 5302 476


