# Created by Octave 3.8.2, Sat Jun 20 16:08:03 2020 CEST <damian@fptrucha.inv.usc.es>
# name: hd
# type: matrix
# rows: 5
# columns: 2
 4565 -476
 8743 -238
 8933 0
 8761 238
 5485 476


