# Created by Octave 3.8.2, Mon Jun 22 03:29:31 2020 CEST <damian@fptrucha.inv.usc.es>
# name: hd
# type: matrix
# rows: 5
# columns: 2
 4178 -476
 7978 -238
 8156 0
 7936 238
 5197 476


