# Created by Octave 3.8.2, Mon Jun 22 00:38:53 2020 CEST <damian@fptrucha.inv.usc.es>
# name: hd
# type: matrix
# rows: 5
# columns: 2
 4336 -476
 8330 -238
 8663 0
 8615 238
 5334 476


