# Created by Octave 3.8.2, Sun Jun 21 01:12:06 2020 CEST <damian@fptrucha.inv.usc.es>
# name: hd
# type: matrix
# rows: 5
# columns: 2
 4300 -476
 8097 -238
 8411 0
 8425 238
 5287 476


