# Created by Octave 3.8.2, Sat Jun 20 07:22:10 2020 CEST <damian@fptrucha.inv.usc.es>
# name: hd
# type: matrix
# rows: 5
# columns: 2
 4965 -476
 9663 -238
 9957 0
 9801 238
 6121 476


