# Created by Octave 3.8.2, Sat Jun 20 23:06:35 2020 CEST <damian@fptrucha.inv.usc.es>
# name: hd
# type: matrix
# rows: 5
# columns: 2
 4161 -476
 8469 -238
 8642 0
 8563 238
 5376 476


