# Created by Octave 3.8.2, Sun Jun 21 04:58:35 2020 CEST <damian@fptrucha.inv.usc.es>
# name: hd
# type: matrix
# rows: 5
# columns: 2
 4332 -476
 8521 -238
 8770 0
 8732 238
 5304 476


