# Created by Octave 3.8.2, Sat Jun 20 11:23:36 2020 CEST <damian@fptrucha.inv.usc.es>
# name: hd
# type: matrix
# rows: 5
# columns: 2
 4736 -476
 9240 -238
 9629 0
 9635 238
 5985 476


