# Created by Octave 3.8.2, Mon Jun 22 04:49:09 2020 CEST <damian@fptrucha.inv.usc.es>
# name: hd
# type: matrix
# rows: 5
# columns: 2
 4139 -476
 7707 -238
 7672 0
 7739 238
 5059 476


