# Created by Octave 3.8.2, Mon Jun 22 01:45:36 2020 CEST <damian@fptrucha.inv.usc.es>
# name: hd
# type: matrix
# rows: 5
# columns: 2
 4615 -476
 8623 -238
 8750 0
 9037 238
 5652 476


