# Created by Octave 3.8.2, Sun Jun 21 06:38:48 2020 CEST <damian@fptrucha.inv.usc.es>
# name: hd
# type: matrix
# rows: 5
# columns: 2
 4415 -476
 8386 -238
 8738 0
 8836 238
 5466 476


