# Created by Octave 3.8.2, Sat Jun 20 21:37:21 2020 CEST <damian@fptrucha.inv.usc.es>
# name: hd
# type: matrix
# rows: 5
# columns: 2
 4373 -476
 8353 -238
 8378 0
 8447 238
 5362 476


