# Created by Octave 3.8.2, Mon Jun 22 00:50:10 2020 CEST <damian@fptrucha.inv.usc.es>
# name: hd
# type: matrix
# rows: 5
# columns: 2
 4321 -476
 8301 -238
 8620 0
 8705 238
 5395 476


