# Created by Octave 3.8.2, Sat Jun 20 13:38:55 2020 CEST <damian@fptrucha.inv.usc.es>
# name: hd
# type: matrix
# rows: 5
# columns: 2
 4730 -476
 8991 -238
 9211 0
 9315 238
 5718 476


