# Created by Octave 3.8.2, Mon Jun 22 11:18:20 2020 CEST <damian@fptrucha.inv.usc.es>
# name: hd
# type: matrix
# rows: 5
# columns: 2
 4417 -476
 8765 -238
 8561 0
 8659 238
 5349 476


