# Created by Octave 3.8.2, Mon Jun 22 23:03:56 2020 CEST <damian@fptrucha.inv.usc.es>
# name: hd
# type: matrix
# rows: 5
# columns: 2
 4717 -476
 9213 -238
 9484 0
 9409 238
 5691 476


