# Created by Octave 3.8.2, Sat Jun 20 20:08:44 2020 CEST <damian@fptrucha.inv.usc.es>
# name: hd
# type: matrix
# rows: 5
# columns: 2
 4371 -476
 8360 -238
 8749 0
 8623 238
 5393 476


