# Created by Octave 3.8.2, Mon Jun 22 11:16:13 2020 CEST <damian@fptrucha.inv.usc.es>
# name: hd
# type: matrix
# rows: 5
# columns: 2
 4504 -476
 8693 -238
 8599 0
 8461 238
 5585 476


