# Created by Octave 3.8.2, Mon Jun 22 23:01:29 2020 CEST <damian@fptrucha.inv.usc.es>
# name: hd
# type: matrix
# rows: 5
# columns: 2
 4772 -476
 9160 -238
 9290 0
 9616 238
 5845 476


