# Created by Octave 3.8.2, Mon Jun 22 12:43:04 2020 CEST <damian@fptrucha.inv.usc.es>
# name: hd
# type: matrix
# rows: 5
# columns: 2
 4470 -476
 8596 -238
 8894 0
 8860 238
 5583 476


