# Created by Octave 3.8.2, Mon Jun 22 07:21:19 2020 CEST <damian@fptrucha.inv.usc.es>
# name: hd
# type: matrix
# rows: 5
# columns: 2
 4323 -476
 8430 -238
 8286 0
 8055 238
 5278 476


