# Created by Octave 3.8.2, Sat Jun 20 14:53:51 2020 CEST <damian@fptrucha.inv.usc.es>
# name: hd
# type: matrix
# rows: 5
# columns: 2
 4519 -476
 8921 -238
 9219 0
 8983 238
 5578 476


