# Created by Octave 3.8.2, Sun Jun 21 08:06:05 2020 CEST <damian@fptrucha.inv.usc.es>
# name: hd
# type: matrix
# rows: 5
# columns: 2
 4466 -476
 8638 -238
 8793 0
 8745 238
 5514 476


