# Created by Octave 3.8.2, Mon Jun 22 20:17:45 2020 CEST <damian@fptrucha.inv.usc.es>
# name: hd
# type: matrix
# rows: 5
# columns: 2
 3078 -476
 5911 -238
 5976 0
 6064 238
 3816 476


