# Created by Octave 3.8.2, Mon Jun 22 04:23:22 2020 CEST <damian@fptrucha.inv.usc.es>
# name: hd
# type: matrix
# rows: 5
# columns: 2
 2693 -476
 5114 -238
 5004 0
 5001 238
 3309 476


