# Created by Octave 3.8.2, Sun Jun 21 06:36:29 2020 CEST <damian@fptrucha.inv.usc.es>
# name: hd
# type: matrix
# rows: 5
# columns: 2
 4375 -476
 8715 -238
 8693 0
 8773 238
 5439 476


