# Created by Octave 3.8.2, Sat Jun 20 21:04:24 2020 CEST <damian@fptrucha.inv.usc.es>
# name: hd
# type: matrix
# rows: 5
# columns: 2
 2839 -476
 5469 -238
 5539 0
 5540 238
 3568 476


