# Created by Octave 3.8.2, Sun Jun 21 03:30:02 2020 CEST <damian@fptrucha.inv.usc.es>
# name: hd
# type: matrix
# rows: 5
# columns: 2
 4114 -476
 8377 -238
 8396 0
 8302 238
 5392 476


