# Created by Octave 3.8.2, Sat Jun 20 18:35:55 2020 CEST <damian@fptrucha.inv.usc.es>
# name: hd
# type: matrix
# rows: 5
# columns: 2
 4481 -476
 8336 -238
 8493 0
 8578 238
 5468 476


