# Created by Octave 3.8.2, Sun Jun 21 03:59:25 2020 CEST <damian@fptrucha.inv.usc.es>
# name: hd
# type: matrix
# rows: 5
# columns: 2
 4277 -476
 8321 -238
 8692 0
 8508 238
 5252 476


