# Created by Octave 3.8.2, Sat Jun 20 15:09:28 2020 CEST <damian@fptrucha.inv.usc.es>
# name: hd
# type: matrix
# rows: 5
# columns: 2
 4566 -476
 8772 -238
 9191 0
 8920 238
 5546 476


