# Created by Octave 3.8.2, Sat Jun 20 05:52:18 2020 CEST <damian@fptrucha.inv.usc.es>
# name: hd
# type: matrix
# rows: 5
# columns: 2
 4903 -476
 9638 -238
 9800 0
 9848 238
 6071 476


