# Created by Octave 3.8.2, Sun Jun 21 03:32:16 2020 CEST <damian@fptrucha.inv.usc.es>
# name: hd
# type: matrix
# rows: 5
# columns: 2
 4225 -476
 8254 -238
 8503 0
 8625 238
 5373 476


