# Created by Octave 3.8.2, Sat Jun 20 04:33:44 2020 CEST <damian@fptrucha.inv.usc.es>
# name: hd
# type: matrix
# rows: 5
# columns: 2
 4947 -476
 9485 -238
 9378 0
 9651 238
 5964 476


