# Created by Octave 3.8.2, Sat Jun 20 11:50:00 2020 CEST <damian@fptrucha.inv.usc.es>
# name: hd
# type: matrix
# rows: 5
# columns: 2
 4689 -476
 9319 -238
 9437 0
 9515 238
 5939 476


