# Created by Octave 3.8.2, Mon Jun 22 17:43:06 2020 CEST <damian@fptrucha.inv.usc.es>
# name: hd
# type: matrix
# rows: 5
# columns: 2
 4599 -476
 9022 -238
 9092 0
 8905 238
 5787 476


