# Created by Octave 3.8.2, Sun Jun 21 01:52:37 2020 CEST <damian@fptrucha.inv.usc.es>
# name: hd
# type: matrix
# rows: 5
# columns: 2
 4248 -476
 8282 -238
 8461 0
 8355 238
 5359 476


