# Created by Octave 3.8.2, Sun Jun 21 06:14:18 2020 CEST <damian@fptrucha.inv.usc.es>
# name: hd
# type: matrix
# rows: 5
# columns: 2
 4261 -476
 8168 -238
 8488 0
 8522 238
 5268 476


