# Created by Octave 3.8.2, Mon Jun 22 14:05:43 2020 CEST <damian@fptrucha.inv.usc.es>
# name: hd
# type: matrix
# rows: 5
# columns: 2
 4416 -476
 8619 -238
 8570 0
 8549 238
 5413 476


