# Created by Octave 3.8.2, Mon Jun 22 20:53:21 2020 CEST <damian@fptrucha.inv.usc.es>
# name: hd
# type: matrix
# rows: 5
# columns: 2
 4634 -476
 9003 -238
 9150 0
 9130 238
 5788 476


