# Created by Octave 3.8.2, Mon Jun 22 20:21:14 2020 CEST <damian@fptrucha.inv.usc.es>
# name: hd
# type: matrix
# rows: 5
# columns: 2
 4654 -476
 8957 -238
 9074 0
 9171 238
 5776 476


