# Created by Octave 3.8.2, Mon Jun 22 02:23:41 2020 CEST <damian@fptrucha.inv.usc.es>
# name: hd
# type: matrix
# rows: 5
# columns: 2
 3953 -476
 7597 -238
 7766 0
 7863 238
 4843 476


