# Created by Octave 3.8.2, Sat Jun 20 18:38:32 2020 CEST <damian@fptrucha.inv.usc.es>
# name: hd
# type: matrix
# rows: 5
# columns: 2
 4366 -476
 8439 -238
 8651 0
 8450 238
 5388 476


