# Created by Octave 3.8.2, Sat Jun 20 09:57:59 2020 CEST <damian@fptrucha.inv.usc.es>
# name: hd
# type: matrix
# rows: 5
# columns: 2
 5014 -476
 9608 -238
 9660 0
 9763 238
 6071 476


