# Created by Octave 3.8.2, Sat Jun 20 04:04:30 2020 CEST <damian@fptrucha.inv.usc.es>
# name: hd
# type: matrix
# rows: 5
# columns: 2
 4873 -476
 9271 -238
 9495 0
 9481 238
 6022 476


