# Created by Octave 3.8.2, Sat Jun 20 09:34:32 2020 CEST <damian@fptrucha.inv.usc.es>
# name: hd
# type: matrix
# rows: 5
# columns: 2
 4994 -476
 9688 -238
 9967 0
 9893 238
 6198 476


