# Created by Octave 3.8.2, Mon Jun 22 07:23:20 2020 CEST <damian@fptrucha.inv.usc.es>
# name: hd
# type: matrix
# rows: 5
# columns: 2
 4243 -476
 8198 -238
 8099 0
 8058 238
 5330 476


