# Created by Octave 3.8.2, Sat Jun 20 22:02:40 2020 CEST <damian@fptrucha.inv.usc.es>
# name: hd
# type: matrix
# rows: 5
# columns: 2
 4218 -476
 8196 -238
 8448 0
 8427 238
 5327 476


