# Created by Octave 3.8.2, Sat Jun 20 16:03:11 2020 CEST <damian@fptrucha.inv.usc.es>
# name: hd
# type: matrix
# rows: 5
# columns: 2
 4456 -476
 8475 -238
 8937 0
 8860 238
 5558 476


