# Created by Octave 3.8.2, Mon Jun 22 16:21:07 2020 CEST <damian@fptrucha.inv.usc.es>
# name: hd
# type: matrix
# rows: 5
# columns: 2
 4562 -476
 8761 -238
 8734 0
 9071 238
 5512 476


