# Created by Octave 3.8.2, Mon Jun 22 08:30:20 2020 CEST <damian@fptrucha.inv.usc.es>
# name: hd
# type: matrix
# rows: 5
# columns: 2
 4242 -476
 8358 -238
 8384 0
 8332 238
 5246 476


