# Created by Octave 3.8.2, Mon Jun 22 11:06:01 2020 CEST <damian@fptrucha.inv.usc.es>
# name: hd
# type: matrix
# rows: 5
# columns: 2
 4408 -476
 8643 -238
 8493 0
 8586 238
 5293 476


