# Created by Octave 3.8.2, Mon Jun 22 11:03:56 2020 CEST <damian@fptrucha.inv.usc.es>
# name: hd
# type: matrix
# rows: 5
# columns: 2
 4476 -476
 8575 -238
 8687 0
 8622 238
 5454 476


