# Created by Octave 3.8.2, Sun Jun 21 05:41:13 2020 CEST <damian@fptrucha.inv.usc.es>
# name: hd
# type: matrix
# rows: 5
# columns: 2
 4260 -476
 8222 -238
 8470 0
 8377 238
 5271 476


