# Created by Octave 3.8.2, Sat Jun 20 15:39:45 2020 CEST <damian@fptrucha.inv.usc.es>
# name: hd
# type: matrix
# rows: 5
# columns: 2
 4539 -476
 8864 -238
 8818 0
 8946 238
 5675 476


