# Created by Octave 3.8.2, Sat Jun 20 21:33:29 2020 CEST <damian@fptrucha.inv.usc.es>
# name: hd
# type: matrix
# rows: 5
# columns: 2
 4310 -476
 8402 -238
 8507 0
 8690 238
 5360 476


