# Created by Octave 3.8.2, Sat Jun 20 16:47:08 2020 CEST <damian@fptrucha.inv.usc.es>
# name: hd
# type: matrix
# rows: 5
# columns: 2
 4374 -476
 8720 -238
 8992 0
 8985 238
 5466 476


