# Created by Octave 3.8.2, Mon Jun 22 15:17:16 2020 CEST <damian@fptrucha.inv.usc.es>
# name: hd
# type: matrix
# rows: 5
# columns: 2
 4479 -476
 8888 -238
 8934 0
 8980 238
 5684 476


