# Created by Octave 3.8.2, Sat Jun 20 10:10:25 2020 CEST <damian@fptrucha.inv.usc.es>
# name: hd
# type: matrix
# rows: 5
# columns: 2
 4877 -476
 9460 -238
 9546 0
 9723 238
 5940 476


