# Created by Octave 3.8.2, Mon Jun 22 08:12:12 2020 CEST <damian@fptrucha.inv.usc.es>
# name: hd
# type: matrix
# rows: 5
# columns: 2
 4376 -476
 8338 -238
 8193 0
 8167 238
 5255 476


