# Created by Octave 3.8.2, Mon Jun 22 06:58:38 2020 CEST <damian@fptrucha.inv.usc.es>
# name: hd
# type: matrix
# rows: 5
# columns: 2
 4319 -476
 8104 -238
 8074 0
 8067 238
 5166 476


