# Created by Octave 3.8.2, Sat Jun 20 11:19:18 2020 CEST <damian@fptrucha.inv.usc.es>
# name: hd
# type: matrix
# rows: 5
# columns: 2
 4796 -476
 9282 -238
 9529 0
 9565 238
 5998 476


