# Created by Octave 3.8.2, Mon Jun 22 04:06:11 2020 CEST <damian@fptrucha.inv.usc.es>
# name: hd
# type: matrix
# rows: 5
# columns: 2
 4005 -476
 7950 -238
 7934 0
 7955 238
 5145 476


