# Created by Octave 3.8.2, Sat Jun 20 21:54:56 2020 CEST <damian@fptrucha.inv.usc.es>
# name: hd
# type: matrix
# rows: 5
# columns: 2
 4400 -476
 8236 -238
 8712 0
 8535 238
 5299 476


