# Created by Octave 3.8.2, Mon Jun 22 03:27:39 2020 CEST <damian@fptrucha.inv.usc.es>
# name: hd
# type: matrix
# rows: 5
# columns: 2
 4318 -476
 8103 -238
 7998 0
 7940 238
 5234 476


