# Created by Octave 3.8.2, Mon Jun 22 22:59:07 2020 CEST <damian@fptrucha.inv.usc.es>
# name: hd
# type: matrix
# rows: 5
# columns: 2
 4739 -476
 9332 -238
 9343 0
 9361 238
 5878 476


