# Created by Octave 3.8.2, Mon Jun 22 19:54:17 2020 CEST <damian@fptrucha.inv.usc.es>
# name: hd
# type: matrix
# rows: 5
# columns: 2
 4655 -476
 9025 -238
 9093 0
 9125 238
 5652 476


