# Created by Octave 3.8.2, Mon Jun 22 10:20:21 2020 CEST <damian@fptrucha.inv.usc.es>
# name: hd
# type: matrix
# rows: 5
# columns: 2
 4372 -476
 8628 -238
 8550 0
 8623 238
 5390 476


