# Created by Octave 3.8.2, Sat Jun 20 07:13:23 2020 CEST <damian@fptrucha.inv.usc.es>
# name: hd
# type: matrix
# rows: 5
# columns: 2
 5049 -476
 9703 -238
 9885 0
 9784 238
 6182 476


