# Created by Octave 3.8.2, Mon Jun 22 20:13:34 2020 CEST <damian@fptrucha.inv.usc.es>
# name: hd
# type: matrix
# rows: 5
# columns: 2
 4516 -476
 8973 -238
 9253 0
 8990 238
 5851 476


