# Created by Octave 3.8.2, Sun Jun 21 02:40:07 2020 CEST <damian@fptrucha.inv.usc.es>
# name: hd
# type: matrix
# rows: 5
# columns: 2
 4158 -476
 8216 -238
 8471 0
 8364 238
 5322 476


