# Created by Octave 3.8.2, Sat Jun 20 04:50:16 2020 CEST <damian@fptrucha.inv.usc.es>
# name: hd
# type: matrix
# rows: 5
# columns: 2
 3228 -476
 6050 -238
 6410 0
 6304 238
 3847 476


