# Created by Octave 3.8.2, Mon Jun 22 07:39:15 2020 CEST <damian@fptrucha.inv.usc.es>
# name: hd
# type: matrix
# rows: 5
# columns: 2
 4384 -476
 8460 -238
 8184 0
 8217 238
 5341 476


