# Created by Octave 3.8.2, Mon Jun 22 23:30:24 2020 CEST <damian@fptrucha.inv.usc.es>
# name: hd
# type: matrix
# rows: 5
# columns: 2
 4684 -476
 9208 -238
 9392 0
 9335 238
 5721 476


