# Created by Octave 3.8.2, Sun Jun 21 05:09:32 2020 CEST <damian@fptrucha.inv.usc.es>
# name: hd
# type: matrix
# rows: 5
# columns: 2
 4300 -476
 8295 -238
 8503 0
 8371 238
 5345 476


