# Created by Octave 3.8.2, Sat Jun 20 16:32:43 2020 CEST <damian@fptrucha.inv.usc.es>
# name: hd
# type: matrix
# rows: 5
# columns: 2
 4399 -476
 8519 -238
 8872 0
 8762 238
 5533 476


