# Created by Octave 3.8.2, Mon Jun 22 17:29:21 2020 CEST <damian@fptrucha.inv.usc.es>
# name: hd
# type: matrix
# rows: 5
# columns: 2
 4687 -476
 8838 -238
 8810 0
 8946 238
 5598 476


