# Created by Octave 3.8.2, Sat Jun 20 04:03:07 2020 CEST <damian@fptrucha.inv.usc.es>
# name: hd
# type: matrix
# rows: 5
# columns: 2
 4912 -476
 9244 -238
 9796 0
 9572 238
 6071 476


