# Created by Octave 3.8.2, Sat Jun 20 05:49:19 2020 CEST <damian@fptrucha.inv.usc.es>
# name: hd
# type: matrix
# rows: 5
# columns: 2
 4907 -476
 9626 -238
 9697 0
 9710 238
 5986 476


