# Created by Octave 3.8.2, Mon Jun 22 13:26:45 2020 CEST <damian@fptrucha.inv.usc.es>
# name: hd
# type: matrix
# rows: 5
# columns: 2
 4500 -476
 8732 -238
 8861 0
 8665 238
 5426 476


