# Created by Octave 3.8.2, Mon Jun 22 09:23:57 2020 CEST <damian@fptrucha.inv.usc.es>
# name: hd
# type: matrix
# rows: 5
# columns: 2
 4357 -476
 8453 -238
 8272 0
 8385 238
 5349 476


