# Created by Octave 3.8.2, Sat Jun 20 08:26:44 2020 CEST <damian@fptrucha.inv.usc.es>
# name: hd
# type: matrix
# rows: 5
# columns: 2
 5047 -476
 9924 -238
 9981 0
 9827 238
 6187 476


