# Created by Octave 3.8.2, Mon Jun 22 23:08:18 2020 CEST <damian@fptrucha.inv.usc.es>
# name: hd
# type: matrix
# rows: 5
# columns: 2
 4751 -476
 9421 -238
 9411 0
 9222 238
 5780 476


