# Created by Octave 3.8.2, Mon Jun 22 14:24:35 2020 CEST <damian@fptrucha.inv.usc.es>
# name: hd
# type: matrix
# rows: 5
# columns: 2
 4586 -476
 8717 -238
 8554 0
 8688 238
 5550 476


