# Created by Octave 3.8.2, Sat Jun 20 20:16:23 2020 CEST <damian@fptrucha.inv.usc.es>
# name: hd
# type: matrix
# rows: 5
# columns: 2
 4385 -476
 8417 -238
 8523 0
 8536 238
 5332 476


