# Created by Octave 3.8.2, Sat Jun 20 15:00:06 2020 CEST <damian@fptrucha.inv.usc.es>
# name: hd
# type: matrix
# rows: 5
# columns: 2
 4582 -476
 8799 -238
 9017 0
 8976 238
 5537 476


