# Created by Octave 3.8.2, Mon Jun 22 18:52:17 2020 CEST <damian@fptrucha.inv.usc.es>
# name: hd
# type: matrix
# rows: 5
# columns: 2
 4585 -476
 9022 -238
 9007 0
 8869 238
 5601 476


