# Created by Octave 3.8.2, Sat Jun 20 17:26:49 2020 CEST <damian@fptrucha.inv.usc.es>
# name: hd
# type: matrix
# rows: 5
# columns: 2
 4352 -476
 8506 -238
 8783 0
 8626 238
 5572 476


