# Created by Octave 3.8.2, Mon Jun 22 17:16:11 2020 CEST <damian@fptrucha.inv.usc.es>
# name: hd
# type: matrix
# rows: 5
# columns: 2
 4618 -476
 8860 -238
 9043 0
 8998 238
 5743 476


