# Created by Octave 3.8.2, Sat Jun 20 06:15:01 2020 CEST <damian@fptrucha.inv.usc.es>
# name: hd
# type: matrix
# rows: 5
# columns: 2
 4923 -476
 9595 -238
 9746 0
 9720 238
 6026 476


