# Created by Octave 3.8.2, Sat Jun 20 16:58:25 2020 CEST <damian@fptrucha.inv.usc.es>
# name: hd
# type: matrix
# rows: 5
# columns: 2
 4500 -476
 8609 -238
 8823 0
 8931 238
 5515 476


