# Created by Octave 3.8.2, Mon Jun 22 22:02:37 2020 CEST <damian@fptrucha.inv.usc.es>
# name: hd
# type: matrix
# rows: 5
# columns: 2
 4680 -476
 9097 -238
 9239 0
 9256 238
 5825 476


