# Created by Octave 3.8.2, Mon Jun 22 11:01:45 2020 CEST <damian@fptrucha.inv.usc.es>
# name: hd
# type: matrix
# rows: 5
# columns: 2
 4422 -476
 8652 -238
 8870 0
 8534 238
 5571 476


