# Created by Octave 3.8.2, Sat Jun 20 23:39:12 2020 CEST <damian@fptrucha.inv.usc.es>
# name: hd
# type: matrix
# rows: 5
# columns: 2
 4187 -476
 8462 -238
 8447 0
 8602 238
 5276 476


