# Created by Octave 3.8.2, Mon Jun 22 05:58:18 2020 CEST <damian@fptrucha.inv.usc.es>
# name: hd
# type: matrix
# rows: 5
# columns: 2
 4249 -476
 8186 -238
 8061 0
 7957 238
 5163 476


