# Created by Octave 3.8.2, Sat Jun 20 22:43:35 2020 CEST <damian@fptrucha.inv.usc.es>
# name: hd
# type: matrix
# rows: 5
# columns: 2
 4284 -476
 8277 -238
 8554 0
 8455 238
 5309 476


