# Created by Octave 3.8.2, Mon Jun 22 06:09:54 2020 CEST <damian@fptrucha.inv.usc.es>
# name: hd
# type: matrix
# rows: 5
# columns: 2
 4266 -476
 8251 -238
 8144 0
 7990 238
 5311 476


