# Created by Octave 3.8.2, Mon Jun 22 07:40:17 2020 CEST <damian@fptrucha.inv.usc.es>
# name: hd
# type: matrix
# rows: 5
# columns: 2
 4291 -476
 8237 -238
 8211 0
 8237 238
 5371 476


