# Created by Octave 3.8.2, Sun Jun 21 02:30:13 2020 CEST <damian@fptrucha.inv.usc.es>
# name: hd
# type: matrix
# rows: 5
# columns: 2
 4348 -476
 8267 -238
 8662 0
 8524 238
 5248 476


