# Created by Octave 3.8.2, Mon Jun 22 18:10:58 2020 CEST <damian@fptrucha.inv.usc.es>
# name: hd
# type: matrix
# rows: 5
# columns: 2
 4530 -476
 8956 -238
 9050 0
 8991 238
 5645 476


