# Created by Octave 3.8.2, Sun Jun 21 08:12:00 2020 CEST <damian@fptrucha.inv.usc.es>
# name: hd
# type: matrix
# rows: 5
# columns: 2
 4217 -476
 8307 -238
 8646 0
 8522 238
 5312 476


