# Created by Octave 3.8.2, Mon Jun 22 20:20:04 2020 CEST <damian@fptrucha.inv.usc.es>
# name: hd
# type: matrix
# rows: 5
# columns: 2
 4752 -476
 9136 -238
 9188 0
 9079 238
 5649 476


