# Created by Octave 3.8.2, Mon Jun 22 00:53:17 2020 CEST <damian@fptrucha.inv.usc.es>
# name: hd
# type: matrix
# rows: 5
# columns: 2
 4374 -476
 8539 -238
 8913 0
 8803 238
 5478 476


