# Created by Octave 3.8.2, Sun Jun 21 06:40:43 2020 CEST <damian@fptrucha.inv.usc.es>
# name: hd
# type: matrix
# rows: 5
# columns: 2
 4378 -476
 8483 -238
 8806 0
 8783 238
 5415 476


