# Created by Octave 3.8.2, Sat Jun 20 02:28:17 2020 CEST <damian@fptrucha.inv.usc.es>
# name: hd
# type: matrix
# rows: 5
# columns: 2
 4832 -476
 9064 -238
 9566 0
 9357 238
 5843 476


