# Created by Octave 3.8.2, Mon Jun 22 09:18:10 2020 CEST <damian@fptrucha.inv.usc.es>
# name: hd
# type: matrix
# rows: 5
# columns: 2
 4332 -476
 8466 -238
 8452 0
 8182 238
 5333 476


