# Created by Octave 3.8.2, Mon Jun 22 02:39:44 2020 CEST <damian@fptrucha.inv.usc.es>
# name: hd
# type: matrix
# rows: 5
# columns: 2
 4201 -476
 8084 -238
 7900 0
 7887 238
 5190 476


