# Created by Octave 3.8.2, Sat Jun 20 22:19:10 2020 CEST <damian@fptrucha.inv.usc.es>
# name: hd
# type: matrix
# rows: 5
# columns: 2
 4314 -476
 8334 -238
 8587 0
 8691 238
 5334 476


