# Created by Octave 3.8.2, Tue Jun 23 00:25:07 2020 CEST <damian@fptrucha.inv.usc.es>
# name: hd
# type: matrix
# rows: 5
# columns: 2
 3446 -476
 6645 -238
 6788 0
 6840 238
 4260 476


