# Created by Octave 3.8.2, Sat Jun 20 14:51:07 2020 CEST <damian@fptrucha.inv.usc.es>
# name: hd
# type: matrix
# rows: 5
# columns: 2
 4549 -476
 8690 -238
 9119 0
 8901 238
 5591 476


