# Created by Octave 3.8.2, Mon Jun 22 15:19:09 2020 CEST <damian@fptrucha.inv.usc.es>
# name: hd
# type: matrix
# rows: 5
# columns: 2
 3009 -476
 5802 -238
 5850 0
 5910 238
 3734 476


