# Created by Octave 3.8.2, Sun Jun 21 07:48:11 2020 CEST <damian@fptrucha.inv.usc.es>
# name: hd
# type: matrix
# rows: 5
# columns: 2
 4331 -476
 8451 -238
 8742 0
 8744 238
 5336 476


