# Created by Octave 3.8.2, Mon Jun 22 15:11:43 2020 CEST <damian@fptrucha.inv.usc.es>
# name: hd
# type: matrix
# rows: 5
# columns: 2
 4589 -476
 8989 -238
 8869 0
 8877 238
 5660 476


