# Created by Octave 3.8.2, Mon Jun 22 07:57:09 2020 CEST <damian@fptrucha.inv.usc.es>
# name: hd
# type: matrix
# rows: 5
# columns: 2
 4298 -476
 8438 -238
 8283 0
 8163 238
 5194 476


