# Created by Octave 3.8.2, Mon Jun 22 08:36:36 2020 CEST <damian@fptrucha.inv.usc.es>
# name: hd
# type: matrix
# rows: 5
# columns: 2
 4372 -476
 8508 -238
 8417 0
 8084 238
 5317 476


