# Created by Octave 3.8.2, Sat Jun 20 20:03:35 2020 CEST <damian@fptrucha.inv.usc.es>
# name: hd
# type: matrix
# rows: 5
# columns: 2
 4422 -476
 8504 -238
 8574 0
 8690 238
 5523 476


