# Created by Octave 3.8.2, Sat Jun 20 12:10:30 2020 CEST <damian@fptrucha.inv.usc.es>
# name: hd
# type: matrix
# rows: 5
# columns: 2
 4771 -476
 9312 -238
 9545 0
 9553 238
 5900 476


