# Created by Octave 3.8.2, Mon Jun 22 17:11:41 2020 CEST <damian@fptrucha.inv.usc.es>
# name: hd
# type: matrix
# rows: 5
# columns: 2
 4550 -476
 8910 -238
 8824 0
 8964 238
 5546 476


