# Created by Octave 3.8.2, Sat Jun 20 17:07:31 2020 CEST <damian@fptrucha.inv.usc.es>
# name: hd
# type: matrix
# rows: 5
# columns: 2
 4446 -476
 8323 -238
 8775 0
 8583 238
 5548 476


