# Created by Octave 3.8.2, Sat Jun 20 19:36:54 2020 CEST <damian@fptrucha.inv.usc.es>
# name: hd
# type: matrix
# rows: 5
# columns: 2
 4398 -476
 8493 -238
 8593 0
 8502 238
 5341 476


