# Created by Octave 3.8.2, Sat Jun 20 16:30:02 2020 CEST <damian@fptrucha.inv.usc.es>
# name: hd
# type: matrix
# rows: 5
# columns: 2
 4534 -476
 8562 -238
 8956 0
 8918 238
 5592 476


