# Created by Octave 3.8.2, Mon Jun 22 16:36:42 2020 CEST <damian@fptrucha.inv.usc.es>
# name: hd
# type: matrix
# rows: 5
# columns: 2
 4586 -476
 8928 -238
 8957 0
 8898 238
 5589 476


