# Created by Octave 3.8.2, Mon Jun 22 18:34:20 2020 CEST <damian@fptrucha.inv.usc.es>
# name: hd
# type: matrix
# rows: 5
# columns: 2
 4631 -476
 8923 -238
 9053 0
 8952 238
 5617 476


