# Created by Octave 3.8.2, Mon Jun 22 09:06:43 2020 CEST <damian@fptrucha.inv.usc.es>
# name: hd
# type: matrix
# rows: 5
# columns: 2
 4320 -476
 8328 -238
 8390 0
 8373 238
 5302 476


