# Created by Octave 3.8.2, Sat Jun 20 20:21:09 2020 CEST <damian@fptrucha.inv.usc.es>
# name: hd
# type: matrix
# rows: 5
# columns: 2
 4391 -476
 8486 -238
 8738 0
 8684 238
 5423 476


