# Created by Octave 3.8.2, Sat Jun 20 21:57:29 2020 CEST <damian@fptrucha.inv.usc.es>
# name: hd
# type: matrix
# rows: 5
# columns: 2
 4273 -476
 8440 -238
 8580 0
 8566 238
 5433 476


