# Created by Octave 3.8.2, Sat Jun 20 16:10:40 2020 CEST <damian@fptrucha.inv.usc.es>
# name: hd
# type: matrix
# rows: 5
# columns: 2
 4539 -476
 8561 -238
 8920 0
 8978 238
 5623 476


