# Created by Octave 3.8.2, Sun Jun 21 02:50:36 2020 CEST <damian@fptrucha.inv.usc.es>
# name: hd
# type: matrix
# rows: 5
# columns: 2
 4315 -476
 8147 -238
 8415 0
 8475 238
 5307 476


