# Created by Octave 3.8.2, Mon Jun 22 17:04:57 2020 CEST <damian@fptrucha.inv.usc.es>
# name: hd
# type: matrix
# rows: 5
# columns: 2
 4549 -476
 8873 -238
 8836 0
 8890 238
 5554 476


