# Created by Octave 3.8.2, Mon Jun 22 07:20:18 2020 CEST <damian@fptrucha.inv.usc.es>
# name: hd
# type: matrix
# rows: 5
# columns: 2
 4299 -476
 8286 -238
 8209 0
 8027 238
 5162 476


