# Created by Octave 3.8.2, Tue Jun 23 00:13:30 2020 CEST <damian@fptrucha.inv.usc.es>
# name: hd
# type: matrix
# rows: 5
# columns: 2
 4617 -476
 9091 -238
 9275 0
 9418 238
 5796 476


