# Created by Octave 3.8.2, Tue Jun 23 00:43:43 2020 CEST <damian@fptrucha.inv.usc.es>
# name: hd
# type: matrix
# rows: 5
# columns: 2
 4716 -476
 9074 -238
 9258 0
 9392 238
 5817 476


