# Created by Octave 3.8.2, Mon Jun 22 16:53:02 2020 CEST <damian@fptrucha.inv.usc.es>
# name: hd
# type: matrix
# rows: 5
# columns: 2
 4509 -476
 8989 -238
 9089 0
 9002 238
 5579 476


