# Created by Octave 3.8.2, Sun Jun 21 01:26:58 2020 CEST <damian@fptrucha.inv.usc.es>
# name: hd
# type: matrix
# rows: 5
# columns: 2
 2786 -476
 5439 -238
 5558 0
 5516 238
 3487 476


