# Created by Octave 3.8.2, Sat Jun 20 10:33:07 2020 CEST <damian@fptrucha.inv.usc.es>
# name: hd
# type: matrix
# rows: 5
# columns: 2
 4940 -476
 9516 -238
 9722 0
 9657 238
 6055 476


