# Created by Octave 3.8.2, Sat Jun 20 08:28:12 2020 CEST <damian@fptrucha.inv.usc.es>
# name: hd
# type: matrix
# rows: 5
# columns: 2
 5041 -476
 9781 -238
 9879 0
 10162 238
 6227 476


