# Created by Octave 3.8.2, Mon Jun 22 06:41:08 2020 CEST <damian@fptrucha.inv.usc.es>
# name: hd
# type: matrix
# rows: 5
# columns: 2
 4299 -476
 8290 -238
 8037 0
 7938 238
 5327 476


