# Created by Octave 3.8.2, Sat Jun 20 02:24:09 2020 CEST <damian@fptrucha.inv.usc.es>
# name: hd
# type: matrix
# rows: 5
# columns: 2
 4891 -476
 9404 -238
 9387 0
 9416 238
 5873 476


