# Created by Octave 3.8.2, Mon Jun 22 22:41:31 2020 CEST <damian@fptrucha.inv.usc.es>
# name: hd
# type: matrix
# rows: 5
# columns: 2
 4736 -476
 9180 -238
 9277 0
 9350 238
 5914 476


