# Created by Octave 3.8.2, Sat Jun 20 06:58:53 2020 CEST <damian@fptrucha.inv.usc.es>
# name: hd
# type: matrix
# rows: 5
# columns: 2
 4883 -476
 9474 -238
 9934 0
 9885 238
 6036 476


