# Created by Octave 3.8.2, Mon Jun 22 17:47:38 2020 CEST <damian@fptrucha.inv.usc.es>
# name: hd
# type: matrix
# rows: 5
# columns: 2
 4472 -476
 9102 -238
 8995 0
 8910 238
 5612 476


