# Created by Octave 3.8.2, Mon Jun 22 08:45:32 2020 CEST <damian@fptrucha.inv.usc.es>
# name: hd
# type: matrix
# rows: 5
# columns: 2
 2863 -476
 5536 -238
 5412 0
 5383 238
 3527 476


