# Created by Octave 3.8.2, Mon Jun 22 03:06:49 2020 CEST <damian@fptrucha.inv.usc.es>
# name: hd
# type: matrix
# rows: 5
# columns: 2
 4136 -476
 7984 -238
 8094 0
 7898 238
 5317 476


