# Created by Octave 3.8.2, Sun Jun 21 01:26:16 2020 CEST <damian@fptrucha.inv.usc.es>
# name: hd
# type: matrix
# rows: 5
# columns: 2
 4203 -476
 8142 -238
 8393 0
 8402 238
 5233 476


