# Created by Octave 3.8.2, Sun Jun 21 06:46:27 2020 CEST <damian@fptrucha.inv.usc.es>
# name: hd
# type: matrix
# rows: 5
# columns: 2
 4218 -476
 8179 -238
 8577 0
 8496 238
 5261 476


