# Created by Octave 3.8.2, Mon Jun 22 02:28:00 2020 CEST <damian@fptrucha.inv.usc.es>
# name: hd
# type: matrix
# rows: 5
# columns: 2
 19 -476
 16 -238
 53 0
 174 238
 32 476


