# Created by Octave 3.8.2, Mon Jun 22 02:26:11 2020 CEST <damian@fptrucha.inv.usc.es>
# name: hd
# type: matrix
# rows: 5
# columns: 2
 1006 -476
 2067 -238
 2534 0
 3198 238
 1575 476


