# Created by Octave 3.8.2, Mon Jun 22 23:24:50 2020 CEST <damian@fptrucha.inv.usc.es>
# name: hd
# type: matrix
# rows: 5
# columns: 2
 4710 -476
 9264 -238
 9332 0
 9280 238
 5808 476


