# Created by Octave 3.8.2, Mon Jun 22 04:37:22 2020 CEST <damian@fptrucha.inv.usc.es>
# name: hd
# type: matrix
# rows: 5
# columns: 2
 4028 -476
 7730 -238
 7678 0
 7971 238
 5098 476


