# Created by Octave 3.8.2, Sat Jun 20 17:45:56 2020 CEST <damian@fptrucha.inv.usc.es>
# name: hd
# type: matrix
# rows: 5
# columns: 2
 4293 -476
 8559 -238
 8831 0
 8762 238
 5471 476


