# Created by Octave 3.8.2, Sat Jun 20 15:18:21 2020 CEST <damian@fptrucha.inv.usc.es>
# name: hd
# type: matrix
# rows: 5
# columns: 2
 2950 -476
 5652 -238
 5815 0
 5954 238
 3648 476


