# Created by Octave 3.8.2, Mon Jun 22 11:51:07 2020 CEST <damian@fptrucha.inv.usc.es>
# name: hd
# type: matrix
# rows: 5
# columns: 2
 2928 -476
 5726 -238
 5586 0
 5540 238
 3553 476


