# Created by Octave 3.8.2, Sat Jun 20 15:56:35 2020 CEST <damian@fptrucha.inv.usc.es>
# name: hd
# type: matrix
# rows: 5
# columns: 2
 4484 -476
 8685 -238
 8941 0
 8933 238
 5607 476


