# Created by Octave 3.8.2, Sun Jun 21 03:02:30 2020 CEST <damian@fptrucha.inv.usc.es>
# name: hd
# type: matrix
# rows: 5
# columns: 2
 4119 -476
 8179 -238
 8338 0
 8222 238
 5218 476


