# Created by Octave 3.8.2, Mon Jun 22 07:52:02 2020 CEST <damian@fptrucha.inv.usc.es>
# name: hd
# type: matrix
# rows: 5
# columns: 2
 4231 -476
 8413 -238
 8265 0
 8273 238
 5239 476


