# Created by Octave 3.8.2, Sun Jun 21 06:25:07 2020 CEST <damian@fptrucha.inv.usc.es>
# name: hd
# type: matrix
# rows: 5
# columns: 2
 4265 -476
 7964 -238
 8567 0
 8282 238
 5256 476


