# Created by Octave 3.8.2, Mon Jun 22 11:53:12 2020 CEST <damian@fptrucha.inv.usc.es>
# name: hd
# type: matrix
# rows: 5
# columns: 2
 4438 -476
 8682 -238
 8473 0
 8365 238
 5379 476


