# Created by Octave 3.8.2, Sun Jun 21 01:09:56 2020 CEST <damian@fptrucha.inv.usc.es>
# name: hd
# type: matrix
# rows: 5
# columns: 2
 4296 -476
 8222 -238
 8519 0
 8417 238
 5284 476


