# Created by Octave 3.8.2, Sat Jun 20 20:30:16 2020 CEST <damian@fptrucha.inv.usc.es>
# name: hd
# type: matrix
# rows: 5
# columns: 2
 4378 -476
 8467 -238
 8710 0
 8656 238
 5446 476


