# Created by Octave 3.8.2, Sat Jun 20 10:07:33 2020 CEST <damian@fptrucha.inv.usc.es>
# name: hd
# type: matrix
# rows: 5
# columns: 2
 4824 -476
 9382 -238
 9910 0
 9710 238
 6039 476


