# Created by Octave 3.8.2, Sun Jun 21 07:10:55 2020 CEST <damian@fptrucha.inv.usc.es>
# name: hd
# type: matrix
# rows: 5
# columns: 2
 4434 -476
 8601 -238
 8721 0
 8806 238
 5406 476


