# Created by Octave 3.8.2, Sun Jun 21 04:36:22 2020 CEST <damian@fptrucha.inv.usc.es>
# name: hd
# type: matrix
# rows: 5
# columns: 2
 4251 -476
 8340 -238
 8825 0
 8383 238
 5354 476


