# Created by Octave 3.8.2, Mon Jun 22 14:15:26 2020 CEST <damian@fptrucha.inv.usc.es>
# name: hd
# type: matrix
# rows: 5
# columns: 2
 4411 -476
 8654 -238
 8660 0
 8685 238
 5517 476


