# Created by Octave 3.8.2, Sat Jun 20 03:23:45 2020 CEST <damian@fptrucha.inv.usc.es>
# name: hd
# type: matrix
# rows: 5
# columns: 2
 4831 -476
 9205 -238
 9470 0
 9318 238
 5816 476


