# Created by Octave 3.8.2, Mon Jun 22 11:33:42 2020 CEST <damian@fptrucha.inv.usc.es>
# name: hd
# type: matrix
# rows: 5
# columns: 2
 4468 -476
 8611 -238
 8509 0
 8706 238
 5445 476


