# Created by Octave 3.8.2, Sat Jun 20 18:42:27 2020 CEST <damian@fptrucha.inv.usc.es>
# name: hd
# type: matrix
# rows: 5
# columns: 2
 4291 -476
 8394 -238
 8676 0
 8695 238
 5450 476


