# Created by Octave 3.8.2, Mon Jun 22 00:23:58 2020 CEST <damian@fptrucha.inv.usc.es>
# name: hd
# type: matrix
# rows: 5
# columns: 2
 4447 -476
 8473 -238
 8872 0
 8651 238
 5542 476


