# Created by Octave 3.8.2, Sat Jun 20 02:03:02 2020 CEST <damian@fptrucha.inv.usc.es>
# name: hd
# type: matrix
# rows: 5
# columns: 2
 4699 -476
 8967 -238
 9234 0
 9263 238
 5902 476


