# Created by Octave 3.8.2, Mon Jun 22 15:26:58 2020 CEST <damian@fptrucha.inv.usc.es>
# name: hd
# type: matrix
# rows: 5
# columns: 2
 4627 -476
 8832 -238
 9014 0
 8826 238
 5566 476


