# Created by Octave 3.8.2, Mon Jun 22 16:54:11 2020 CEST <damian@fptrucha.inv.usc.es>
# name: hd
# type: matrix
# rows: 5
# columns: 2
 4551 -476
 8916 -238
 8910 0
 8785 238
 5644 476


