# Created by Octave 3.8.2, Mon Jun 22 15:06:15 2020 CEST <damian@fptrucha.inv.usc.es>
# name: hd
# type: matrix
# rows: 5
# columns: 2
 4588 -476
 8943 -238
 9031 0
 9095 238
 5383 476


