# Created by Octave 3.8.2, Sat Jun 20 17:53:43 2020 CEST <damian@fptrucha.inv.usc.es>
# name: hd
# type: matrix
# rows: 5
# columns: 2
 4149 -476
 8513 -238
 8825 0
 8676 238
 5380 476


