# Created by Octave 3.8.2, Sat Jun 20 02:42:02 2020 CEST <damian@fptrucha.inv.usc.es>
# name: hd
# type: matrix
# rows: 5
# columns: 2
 4907 -476
 9183 -238
 9608 0
 9392 238
 5855 476


