# Created by Octave 3.8.2, Sun Jun 21 07:32:06 2020 CEST <damian@fptrucha.inv.usc.es>
# name: hd
# type: matrix
# rows: 5
# columns: 2
 4252 -476
 8182 -238
 8479 0
 8506 238
 5291 476


