# Created by Octave 3.8.2, Mon Jun 22 16:35:35 2020 CEST <damian@fptrucha.inv.usc.es>
# name: hd
# type: matrix
# rows: 5
# columns: 2
 4664 -476
 8761 -238
 8945 0
 8932 238
 5653 476


