# Created by Octave 3.8.2, Mon Jun 22 09:22:56 2020 CEST <damian@fptrucha.inv.usc.es>
# name: hd
# type: matrix
# rows: 5
# columns: 2
 4280 -476
 8398 -238
 8416 0
 8234 238
 5333 476


