# Created by Octave 3.8.2, Mon Jun 22 14:34:16 2020 CEST <damian@fptrucha.inv.usc.es>
# name: hd
# type: matrix
# rows: 5
# columns: 2
 4584 -476
 8799 -238
 8792 0
 8598 238
 5514 476


