# Created by Octave 3.8.2, Mon Jun 22 21:20:53 2020 CEST <damian@fptrucha.inv.usc.es>
# name: hd
# type: matrix
# rows: 5
# columns: 2
 4652 -476
 8996 -238
 9161 0
 9119 238
 5848 476


