# Created by Octave 3.8.2, Sat Jun 20 16:17:20 2020 CEST <damian@fptrucha.inv.usc.es>
# name: hd
# type: matrix
# rows: 5
# columns: 2
 4471 -476
 8633 -238
 8881 0
 8809 238
 5497 476


