# Created by Octave 3.8.2, Sun Jun 21 07:53:47 2020 CEST <damian@fptrucha.inv.usc.es>
# name: hd
# type: matrix
# rows: 5
# columns: 2
 4081 -476
 8352 -238
 8583 0
 8466 238
 5353 476


