# Created by Octave 3.8.2, Mon Jun 22 02:27:26 2020 CEST <damian@fptrucha.inv.usc.es>
# name: hd
# type: matrix
# rows: 5
# columns: 2
 47 -476
 74 -238
 211 0
 608 238
 89 476


