# Created by Octave 3.8.2, Mon Jun 22 22:27:05 2020 CEST <damian@fptrucha.inv.usc.es>
# name: hd
# type: matrix
# rows: 5
# columns: 2
 4620 -476
 9162 -238
 9466 0
 9288 238
 5784 476


