# Created by Octave 3.8.2, Mon Jun 22 09:46:27 2020 CEST <damian@fptrucha.inv.usc.es>
# name: hd
# type: matrix
# rows: 5
# columns: 2
 4409 -476
 8415 -238
 8606 0
 8334 238
 5286 476


