# Created by Octave 3.8.2, Mon Jun 22 02:27:39 2020 CEST <damian@fptrucha.inv.usc.es>
# name: hd
# type: matrix
# rows: 5
# columns: 2
 26 -476
 24 -238
 156 0
 307 238
 54 476


