# Created by Octave 3.8.2, Mon Jun 22 23:20:04 2020 CEST <damian@fptrucha.inv.usc.es>
# name: hd
# type: matrix
# rows: 5
# columns: 2
 4738 -476
 9327 -238
 9280 0
 9603 238
 5678 476


