# Created by Octave 3.8.2, Sat Jun 20 19:58:26 2020 CEST <damian@fptrucha.inv.usc.es>
# name: hd
# type: matrix
# rows: 5
# columns: 2
 4348 -476
 8432 -238
 8577 0
 8598 238
 5441 476


