# Created by Octave 3.8.2, Sat Jun 20 10:37:21 2020 CEST <damian@fptrucha.inv.usc.es>
# name: hd
# type: matrix
# rows: 5
# columns: 2
 4970 -476
 9463 -238
 9699 0
 9579 238
 6057 476


