# Created by Octave 3.8.2, Mon Jun 22 21:31:30 2020 CEST <damian@fptrucha.inv.usc.es>
# name: hd
# type: matrix
# rows: 5
# columns: 2
 4714 -476
 9297 -238
 9282 0
 9265 238
 5809 476


