# Created by Octave 3.8.2, Sun Jun 21 06:18:47 2020 CEST <damian@fptrucha.inv.usc.es>
# name: hd
# type: matrix
# rows: 5
# columns: 2
 4345 -476
 8286 -238
 8530 0
 8456 238
 5424 476


