# Created by Octave 3.8.2, Mon Jun 22 03:50:49 2020 CEST <damian@fptrucha.inv.usc.es>
# name: hd
# type: matrix
# rows: 5
# columns: 2
 4158 -476
 8175 -238
 8079 0
 7832 238
 5138 476


