# Created by Octave 3.8.2, Sat Jun 20 22:32:17 2020 CEST <damian@fptrucha.inv.usc.es>
# name: hd
# type: matrix
# rows: 5
# columns: 2
 4310 -476
 8368 -238
 8662 0
 8557 238
 5278 476


