# Created by Octave 3.8.2, Mon Jun 22 00:28:06 2020 CEST <damian@fptrucha.inv.usc.es>
# name: hd
# type: matrix
# rows: 5
# columns: 2
 4386 -476
 8591 -238
 8868 0
 8745 238
 5384 476


