# Created by Octave 3.8.2, Mon Jun 22 21:52:22 2020 CEST <damian@fptrucha.inv.usc.es>
# name: hd
# type: matrix
# rows: 5
# columns: 2
 4700 -476
 9209 -238
 9266 0
 9022 238
 5880 476


