# Created by Octave 3.8.2, Mon Jun 22 03:55:40 2020 CEST <damian@fptrucha.inv.usc.es>
# name: hd
# type: matrix
# rows: 5
# columns: 2
 4165 -476
 7902 -238
 7993 0
 7877 238
 5137 476


