# Created by Octave 3.8.2, Mon Jun 22 16:31:04 2020 CEST <damian@fptrucha.inv.usc.es>
# name: hd
# type: matrix
# rows: 5
# columns: 2
 4658 -476
 8889 -238
 8926 0
 8875 238
 5649 476


