# Created by Octave 3.8.2, Mon Jun 22 05:35:09 2020 CEST <damian@fptrucha.inv.usc.es>
# name: hd
# type: matrix
# rows: 5
# columns: 2
 4191 -476
 8171 -238
 7932 0
 8079 238
 5104 476


