# Created by Octave 3.8.2, Sat Jun 20 18:25:28 2020 CEST <damian@fptrucha.inv.usc.es>
# name: hd
# type: matrix
# rows: 5
# columns: 2
 4343 -476
 8473 -238
 8618 0
 8470 238
 5496 476


