# Created by Octave 3.8.2, Mon Jun 22 14:50:08 2020 CEST <damian@fptrucha.inv.usc.es>
# name: hd
# type: matrix
# rows: 5
# columns: 2
 4519 -476
 8852 -238
 8796 0
 8686 238
 5536 476


