# Created by Octave 3.8.2, Mon Jun 22 10:11:17 2020 CEST <damian@fptrucha.inv.usc.es>
# name: hd
# type: matrix
# rows: 5
# columns: 2
 4447 -476
 8627 -238
 8603 0
 8441 238
 5348 476


