# Created by Octave 3.8.2, Sun Jun 21 00:11:36 2020 CEST <damian@fptrucha.inv.usc.es>
# name: hd
# type: matrix
# rows: 5
# columns: 2
 4261 -476
 8019 -238
 8478 0
 8613 238
 5369 476


