# Created by Octave 3.8.2, Mon Jun 22 16:45:11 2020 CEST <damian@fptrucha.inv.usc.es>
# name: hd
# type: matrix
# rows: 5
# columns: 2
 4502 -476
 8948 -238
 8938 0
 8816 238
 5757 476


