# Created by Octave 3.8.2, Sat Jun 20 23:52:05 2020 CEST <damian@fptrucha.inv.usc.es>
# name: hd
# type: matrix
# rows: 5
# columns: 2
 4229 -476
 8386 -238
 8428 0
 8468 238
 5298 476


