# Created by Octave 3.8.2, Sat Jun 20 22:56:29 2020 CEST <damian@fptrucha.inv.usc.es>
# name: hd
# type: matrix
# rows: 5
# columns: 2
 4281 -476
 8147 -238
 8474 0
 8448 238
 5430 476


