# Created by Octave 3.8.2, Mon Jun 22 02:30:18 2020 CEST <damian@fptrucha.inv.usc.es>
# name: hd
# type: matrix
# rows: 5
# columns: 2
 4111 -476
 7853 -238
 7808 0
 7696 238
 5083 476


