# Created by Octave 3.8.2, Mon Jun 22 09:58:44 2020 CEST <damian@fptrucha.inv.usc.es>
# name: hd
# type: matrix
# rows: 5
# columns: 2
 4311 -476
 8521 -238
 8441 0
 8469 238
 5467 476


