# Created by Octave 3.8.2, Sat Jun 20 10:45:57 2020 CEST <damian@fptrucha.inv.usc.es>
# name: hd
# type: matrix
# rows: 5
# columns: 2
 4992 -476
 9411 -238
 9634 0
 9494 238
 6077 476


