# Created by Octave 3.8.2, Sat Jun 20 10:06:06 2020 CEST <damian@fptrucha.inv.usc.es>
# name: hd
# type: matrix
# rows: 5
# columns: 2
 4902 -476
 9454 -238
 9838 0
 9722 238
 5957 476


