# Created by Octave 3.8.2, Mon Jun 22 00:22:56 2020 CEST <damian@fptrucha.inv.usc.es>
# name: hd
# type: matrix
# rows: 5
# columns: 2
 4329 -476
 8332 -238
 8582 0
 8710 238
 5270 476


