# Created by Octave 3.8.2, Mon Jun 22 19:39:14 2020 CEST <damian@fptrucha.inv.usc.es>
# name: hd
# type: matrix
# rows: 5
# columns: 2
 4578 -476
 9135 -238
 9094 0
 9190 238
 5820 476


