# Created by Octave 3.8.2, Sat Jun 20 19:42:05 2020 CEST <damian@fptrucha.inv.usc.es>
# name: hd
# type: matrix
# rows: 5
# columns: 2
 4264 -476
 8486 -238
 8605 0
 8699 238
 5549 476


