# Created by Octave 3.8.2, Sat Jun 20 17:06:12 2020 CEST <damian@fptrucha.inv.usc.es>
# name: hd
# type: matrix
# rows: 5
# columns: 2
 4407 -476
 8560 -238
 8809 0
 8857 238
 5478 476


