# Created by Octave 3.8.2, Mon Jun 22 09:42:17 2020 CEST <damian@fptrucha.inv.usc.es>
# name: hd
# type: matrix
# rows: 5
# columns: 2
 4403 -476
 8441 -238
 8535 0
 8525 238
 5422 476


