# Created by Octave 3.8.2, Mon Jun 22 09:34:22 2020 CEST <damian@fptrucha.inv.usc.es>
# name: hd
# type: matrix
# rows: 5
# columns: 2
 4350 -476
 8428 -238
 8525 0
 8353 238
 5287 476


