# Created by Octave 3.8.2, Sat Jun 20 16:18:36 2020 CEST <damian@fptrucha.inv.usc.es>
# name: hd
# type: matrix
# rows: 5
# columns: 2
 4475 -476
 8725 -238
 8957 0
 9025 238
 5472 476


