# Created by Octave 3.8.2, Mon Jun 22 09:16:05 2020 CEST <damian@fptrucha.inv.usc.es>
# name: hd
# type: matrix
# rows: 5
# columns: 2
 4310 -476
 8409 -238
 8278 0
 8341 238
 5386 476


