# Created by Octave 3.8.2, Sat Jun 20 08:35:34 2020 CEST <damian@fptrucha.inv.usc.es>
# name: hd
# type: matrix
# rows: 5
# columns: 2
 4993 -476
 9964 -238
 9925 0
 10005 238
 6273 476


