# Created by Octave 3.8.2, Mon Jun 22 15:29:11 2020 CEST <damian@fptrucha.inv.usc.es>
# name: hd
# type: matrix
# rows: 5
# columns: 2
 4560 -476
 9111 -238
 8996 0
 8965 238
 5591 476


