# Created by Octave 3.8.2, Mon Jun 22 14:08:54 2020 CEST <damian@fptrucha.inv.usc.es>
# name: hd
# type: matrix
# rows: 5
# columns: 2
 4517 -476
 8628 -238
 8724 0
 8426 238
 5507 476


