# Created by Octave 3.8.2, Sat Jun 20 06:40:34 2020 CEST <damian@fptrucha.inv.usc.es>
# name: hd
# type: matrix
# rows: 5
# columns: 2
 4854 -476
 9483 -238
 9556 0
 9661 238
 6014 476


