# Created by Octave 3.8.2, Sat Jun 20 04:24:27 2020 CEST <damian@fptrucha.inv.usc.es>
# name: hd
# type: matrix
# rows: 5
# columns: 2
 4830 -476
 9545 -238
 9811 0
 9471 238
 6046 476


