# Created by Octave 3.8.2, Sun Jun 21 00:39:17 2020 CEST <damian@fptrucha.inv.usc.es>
# name: hd
# type: matrix
# rows: 5
# columns: 2
 4200 -476
 8233 -238
 8346 0
 8379 238
 5246 476


