# Created by Octave 3.8.2, Tue Jun 23 00:15:50 2020 CEST <damian@fptrucha.inv.usc.es>
# name: hd
# type: matrix
# rows: 5
# columns: 2
 4729 -476
 9267 -238
 9283 0
 9218 238
 5762 476


