# Created by Octave 3.8.2, Mon Jun 22 01:55:42 2020 CEST <damian@fptrucha.inv.usc.es>
# name: hd
# type: matrix
# rows: 5
# columns: 2
 4518 -476
 8589 -238
 8712 0
 8802 238
 5490 476


