# Created by Octave 3.8.2, Sun Jun 21 03:17:16 2020 CEST <damian@fptrucha.inv.usc.es>
# name: hd
# type: matrix
# rows: 5
# columns: 2
 4270 -476
 8251 -238
 8417 0
 8435 238
 5451 476


