# Created by Octave 3.8.2, Mon Jun 22 02:03:03 2020 CEST <damian@fptrucha.inv.usc.es>
# name: hd
# type: matrix
# rows: 5
# columns: 2
 4387 -476
 8594 -238
 8817 0
 8911 238
 5473 476


