# Created by Octave 3.8.2, Sat Jun 20 05:32:45 2020 CEST <damian@fptrucha.inv.usc.es>
# name: hd
# type: matrix
# rows: 5
# columns: 2
 4890 -476
 9388 -238
 9637 0
 9777 238
 6011 476


