# Created by Octave 3.8.2, Sat Jun 20 11:42:58 2020 CEST <damian@fptrucha.inv.usc.es>
# name: hd
# type: matrix
# rows: 5
# columns: 2
 4750 -476
 9313 -238
 9500 0
 9464 238
 5849 476


