# Created by Octave 3.8.2, Sat Jun 20 12:04:55 2020 CEST <damian@fptrucha.inv.usc.es>
# name: hd
# type: matrix
# rows: 5
# columns: 2
 3164 -476
 6043 -238
 6202 0
 6254 238
 3920 476


