# Created by Octave 3.8.2, Mon Jun 22 17:34:26 2020 CEST <damian@fptrucha.inv.usc.es>
# name: hd
# type: matrix
# rows: 5
# columns: 2
 2316 -476
 4368 -238
 4408 0
 4356 238
 2799 476


