# Created by Octave 3.8.2, Mon Jun 22 23:09:29 2020 CEST <damian@fptrucha.inv.usc.es>
# name: hd
# type: matrix
# rows: 5
# columns: 2
 4797 -476
 9191 -238
 9428 0
 9275 238
 5743 476


