# Created by Octave 3.8.2, Mon Jun 22 21:45:15 2020 CEST <damian@fptrucha.inv.usc.es>
# name: hd
# type: matrix
# rows: 5
# columns: 2
 4614 -476
 9167 -238
 9318 0
 9448 238
 5689 476


