# Created by Octave 3.8.2, Mon Jun 22 09:49:42 2020 CEST <damian@fptrucha.inv.usc.es>
# name: hd
# type: matrix
# rows: 5
# columns: 2
 4447 -476
 8578 -238
 8464 0
 8203 238
 5462 476


