# Created by Octave 3.8.2, Mon Jun 22 14:36:26 2020 CEST <damian@fptrucha.inv.usc.es>
# name: hd
# type: matrix
# rows: 5
# columns: 2
 4495 -476
 8851 -238
 8736 0
 8610 238
 5492 476


