# Created by Octave 3.8.2, Mon Jun 22 12:48:00 2020 CEST <damian@fptrucha.inv.usc.es>
# name: hd
# type: matrix
# rows: 5
# columns: 2
 4467 -476
 8741 -238
 8936 0
 8679 238
 5413 476


