# Created by Octave 3.8.2, Sat Jun 20 21:17:13 2020 CEST <damian@fptrucha.inv.usc.es>
# name: hd
# type: matrix
# rows: 5
# columns: 2
 4307 -476
 8467 -238
 8558 0
 8654 238
 5194 476


