# Created by Octave 3.8.2, Sat Jun 20 20:27:42 2020 CEST <damian@fptrucha.inv.usc.es>
# name: hd
# type: matrix
# rows: 5
# columns: 2
 4418 -476
 8271 -238
 8687 0
 8821 238
 5419 476


