# Created by Octave 3.8.2, Sat Jun 20 03:10:25 2020 CEST <damian@fptrucha.inv.usc.es>
# name: hd
# type: matrix
# rows: 5
# columns: 2
 4813 -476
 9228 -238
 9426 0
 9271 238
 5871 476


