# Created by Octave 3.8.2, Mon Jun 22 21:36:14 2020 CEST <damian@fptrucha.inv.usc.es>
# name: hd
# type: matrix
# rows: 5
# columns: 2
 4678 -476
 9234 -238
 9189 0
 9402 238
 5730 476


