# Created by Octave 3.8.2, Sat Jun 20 21:53:41 2020 CEST <damian@fptrucha.inv.usc.es>
# name: hd
# type: matrix
# rows: 5
# columns: 2
 4351 -476
 8316 -238
 8676 0
 8509 238
 5244 476


