# Created by Octave 3.8.2, Sat Jun 20 18:29:29 2020 CEST <damian@fptrucha.inv.usc.es>
# name: hd
# type: matrix
# rows: 5
# columns: 2
 4445 -476
 8473 -238
 8801 0
 8728 238
 5374 476


