# Created by Octave 3.8.2, Sat Jun 20 05:22:40 2020 CEST <damian@fptrucha.inv.usc.es>
# name: hd
# type: matrix
# rows: 5
# columns: 2
 4937 -476
 9424 -238
 9579 0
 9438 238
 5860 476


