# Created by Octave 3.8.2, Mon Jun 22 19:49:43 2020 CEST <damian@fptrucha.inv.usc.es>
# name: hd
# type: matrix
# rows: 5
# columns: 2
 4584 -476
 8788 -238
 9128 0
 9220 238
 5669 476


