# Created by Octave 3.8.2, Mon Jun 22 20:27:04 2020 CEST <damian@fptrucha.inv.usc.es>
# name: hd
# type: matrix
# rows: 5
# columns: 2
 4643 -476
 9234 -238
 9188 0
 9261 238
 5724 476


