# Created by Octave 3.8.2, Mon Jun 22 04:17:09 2020 CEST <damian@fptrucha.inv.usc.es>
# name: hd
# type: matrix
# rows: 5
# columns: 2
 4163 -476
 7849 -238
 7860 0
 8016 238
 5005 476


