# Created by Octave 3.8.2, Mon Jun 22 11:14:09 2020 CEST <damian@fptrucha.inv.usc.es>
# name: hd
# type: matrix
# rows: 5
# columns: 2
 2847 -476
 5655 -238
 5738 0
 5655 238
 3607 476


