# Created by Octave 3.8.2, Mon Jun 22 09:15:02 2020 CEST <damian@fptrucha.inv.usc.es>
# name: hd
# type: matrix
# rows: 5
# columns: 2
 4365 -476
 8234 -238
 8252 0
 8199 238
 5200 476


