# Created by Octave 3.8.2, Sat Jun 20 13:18:06 2020 CEST <damian@fptrucha.inv.usc.es>
# name: hd
# type: matrix
# rows: 5
# columns: 2
 3071 -476
 6012 -238
 6097 0
 6129 238
 3852 476


