# Created by Octave 3.8.2, Mon Jun 22 02:50:57 2020 CEST <damian@fptrucha.inv.usc.es>
# name: hd
# type: matrix
# rows: 5
# columns: 2
 4343 -476
 7932 -238
 8059 0
 7912 238
 5360 476


