# Created by Octave 3.8.2, Mon Jun 22 05:06:43 2020 CEST <damian@fptrucha.inv.usc.es>
# name: hd
# type: matrix
# rows: 5
# columns: 2
 4039 -476
 7933 -238
 7930 0
 7779 238
 5132 476


