# Created by Octave 3.8.2, Mon Jun 22 05:19:00 2020 CEST <damian@fptrucha.inv.usc.es>
# name: hd
# type: matrix
# rows: 5
# columns: 2
 4207 -476
 8056 -238
 7907 0
 7955 238
 5083 476


