# Created by Octave 3.8.2, Sat Jun 20 16:12:02 2020 CEST <damian@fptrucha.inv.usc.es>
# name: hd
# type: matrix
# rows: 5
# columns: 2
 4522 -476
 8560 -238
 8712 0
 8723 238
 5589 476


