# Created by Octave 3.8.2, Mon Jun 22 07:18:19 2020 CEST <damian@fptrucha.inv.usc.es>
# name: hd
# type: matrix
# rows: 5
# columns: 2
 4285 -476
 8169 -238
 8254 0
 7986 238
 5299 476


