# Created by Octave 3.8.2, Sat Jun 20 06:28:10 2020 CEST <damian@fptrucha.inv.usc.es>
# name: hd
# type: matrix
# rows: 5
# columns: 2
 5044 -476
 9679 -238
 9750 0
 9854 238
 6145 476


