# Created by Octave 3.8.2, Sun Jun 21 00:23:27 2020 CEST <damian@fptrucha.inv.usc.es>
# name: hd
# type: matrix
# rows: 5
# columns: 2
 4218 -476
 8291 -238
 8546 0
 8423 238
 5244 476


