# Created by Octave 3.8.2, Mon Jun 22 21:22:02 2020 CEST <damian@fptrucha.inv.usc.es>
# name: hd
# type: matrix
# rows: 5
# columns: 2
 4693 -476
 9039 -238
 9217 0
 9122 238
 5741 476


