# Created by Octave 3.8.2, Mon Jun 22 14:49:02 2020 CEST <damian@fptrucha.inv.usc.es>
# name: hd
# type: matrix
# rows: 5
# columns: 2
 4468 -476
 8727 -238
 8777 0
 8799 238
 5546 476


