# Created by Octave 3.8.2, Sat Jun 20 13:43:53 2020 CEST <damian@fptrucha.inv.usc.es>
# name: hd
# type: matrix
# rows: 5
# columns: 2
 4691 -476
 9175 -238
 9157 0
 9338 238
 5683 476


