# Created by Octave 3.8.2, Sun Jun 21 08:17:34 2020 CEST <damian@fptrucha.inv.usc.es>
# name: hd
# type: matrix
# rows: 5
# columns: 2
 4287 -476
 8062 -238
 8589 0
 8453 238
 5171 476


