# Created by Octave 3.8.2, Sat Jun 20 15:57:57 2020 CEST <damian@fptrucha.inv.usc.es>
# name: hd
# type: matrix
# rows: 5
# columns: 2
 4470 -476
 8720 -238
 8819 0
 8864 238
 5541 476


