# Created by Octave 3.8.2, Mon Jun 22 12:33:23 2020 CEST <damian@fptrucha.inv.usc.es>
# name: hd
# type: matrix
# rows: 5
# columns: 2
 4541 -476
 8796 -238
 8771 0
 8588 238
 5407 476


