# Created by Octave 3.8.2, Mon Jun 22 07:24:21 2020 CEST <damian@fptrucha.inv.usc.es>
# name: hd
# type: matrix
# rows: 5
# columns: 2
 4254 -476
 8400 -238
 8205 0
 8075 238
 5223 476


