# Created by Octave 3.8.2, Sat Jun 20 14:33:27 2020 CEST <damian@fptrucha.inv.usc.es>
# name: hd
# type: matrix
# rows: 5
# columns: 2
 4500 -476
 8818 -238
 9142 0
 9127 238
 5721 476


