# Created by Octave 3.8.2, Sun Jun 21 02:48:24 2020 CEST <damian@fptrucha.inv.usc.es>
# name: hd
# type: matrix
# rows: 5
# columns: 2
 4096 -476
 8242 -238
 8214 0
 8146 238
 5289 476


