# Created by Octave 3.8.2, Mon Jun 22 16:23:21 2020 CEST <damian@fptrucha.inv.usc.es>
# name: hd
# type: matrix
# rows: 5
# columns: 2
 4466 -476
 8955 -238
 8844 0
 9109 238
 5539 476


