# Created by Octave 3.8.2, Sat Jun 20 19:52:26 2020 CEST <damian@fptrucha.inv.usc.es>
# name: hd
# type: matrix
# rows: 5
# columns: 2
 4291 -476
 8552 -238
 8938 0
 8765 238
 5440 476


