# Created by Octave 3.8.2, Mon Jun 22 21:27:56 2020 CEST <damian@fptrucha.inv.usc.es>
# name: hd
# type: matrix
# rows: 5
# columns: 2
 4774 -476
 9168 -238
 9420 0
 9285 238
 5756 476


