# Created by Octave 3.8.2, Sun Jun 21 01:36:40 2020 CEST <damian@fptrucha.inv.usc.es>
# name: hd
# type: matrix
# rows: 5
# columns: 2
 4170 -476
 8158 -238
 8546 0
 8536 238
 5335 476


