# Created by Octave 3.8.2, Sat Jun 20 04:51:41 2020 CEST <damian@fptrucha.inv.usc.es>
# name: hd
# type: matrix
# rows: 5
# columns: 2
 4791 -476
 9388 -238
 9587 0
 9498 238
 6013 476


