# Created by Octave 3.8.2, Mon Jun 22 14:16:29 2020 CEST <damian@fptrucha.inv.usc.es>
# name: hd
# type: matrix
# rows: 5
# columns: 2
 4494 -476
 8649 -238
 8684 0
 8558 238
 5574 476


