# Created by Octave 3.8.2, Mon Jun 22 02:40:41 2020 CEST <damian@fptrucha.inv.usc.es>
# name: hd
# type: matrix
# rows: 5
# columns: 2
 4254 -476
 8141 -238
 7959 0
 7871 238
 5188 476


