# Created by Octave 3.8.2, Mon Jun 22 18:38:24 2020 CEST <damian@fptrucha.inv.usc.es>
# name: hd
# type: matrix
# rows: 5
# columns: 2
 4569 -476
 8859 -238
 8875 0
 9081 238
 5693 476


