# Created by Octave 3.8.2, Sat Jun 20 17:39:26 2020 CEST <damian@fptrucha.inv.usc.es>
# name: hd
# type: matrix
# rows: 5
# columns: 2
 4422 -476
 8480 -238
 8675 0
 8663 238
 5471 476


