# Created by Octave 3.8.2, Tue Jun 23 00:11:06 2020 CEST <damian@fptrucha.inv.usc.es>
# name: hd
# type: matrix
# rows: 5
# columns: 2
 4740 -476
 9158 -238
 9367 0
 9284 238
 5760 476


