# Created by Octave 3.8.2, Mon Jun 22 01:21:06 2020 CEST <damian@fptrucha.inv.usc.es>
# name: hd
# type: matrix
# rows: 5
# columns: 2
 4214 -476
 8261 -238
 8762 0
 8552 238
 5491 476


