# Created by Octave 3.8.2, Sun Jun 21 01:31:15 2020 CEST <damian@fptrucha.inv.usc.es>
# name: hd
# type: matrix
# rows: 5
# columns: 2
 4165 -476
 8234 -238
 8318 0
 8362 238
 5425 476


