# Created by Octave 3.8.2, Sat Jun 20 13:59:06 2020 CEST <damian@fptrucha.inv.usc.es>
# name: hd
# type: matrix
# rows: 5
# columns: 2
 4713 -476
 9186 -238
 9258 0
 9180 238
 5830 476


