# Created by Octave 3.8.2, Sat Jun 20 18:53:47 2020 CEST <damian@fptrucha.inv.usc.es>
# name: hd
# type: matrix
# rows: 5
# columns: 2
 4413 -476
 8396 -238
 8875 0
 8725 238
 5489 476


