# Created by Octave 3.8.2, Sun Jun 21 02:26:52 2020 CEST <damian@fptrucha.inv.usc.es>
# name: hd
# type: matrix
# rows: 5
# columns: 2
 4474 -476
 8411 -238
 8434 0
 8469 238
 5342 476


