# Created by Octave 3.8.2, Mon Jun 22 14:59:39 2020 CEST <damian@fptrucha.inv.usc.es>
# name: hd
# type: matrix
# rows: 5
# columns: 2
 3062 -476
 5760 -238
 5712 0
 5865 238
 3722 476


