# Created by Octave 3.8.2, Sat Jun 20 14:04:35 2020 CEST <damian@fptrucha.inv.usc.es>
# name: hd
# type: matrix
# rows: 5
# columns: 2
 4658 -476
 9149 -238
 9146 0
 9116 238
 5776 476


