# Created by Octave 3.8.2, Mon Jun 22 09:21:15 2020 CEST <damian@fptrucha.inv.usc.es>
# name: hd
# type: matrix
# rows: 5
# columns: 2
 4381 -476
 8436 -238
 8457 0
 8239 238
 5442 476


