# Created by Octave 3.8.2, Mon Jun 22 15:57:30 2020 CEST <damian@fptrucha.inv.usc.es>
# name: hd
# type: matrix
# rows: 5
# columns: 2
 4640 -476
 8943 -238
 8972 0
 8788 238
 5627 476


