# Created by Octave 3.8.2, Mon Jun 22 14:33:10 2020 CEST <damian@fptrucha.inv.usc.es>
# name: hd
# type: matrix
# rows: 5
# columns: 2
 4458 -476
 8755 -238
 8733 0
 8642 238
 5487 476


