# Created by Octave 3.8.2, Sun Jun 21 00:54:01 2020 CEST <damian@fptrucha.inv.usc.es>
# name: hd
# type: matrix
# rows: 5
# columns: 2
 4232 -476
 8259 -238
 8423 0
 8359 238
 5334 476


