# Created by Octave 3.8.2, Mon Jun 22 23:59:49 2020 CEST <damian@fptrucha.inv.usc.es>
# name: hd
# type: matrix
# rows: 5
# columns: 2
 4621 -476
 9085 -238
 9384 0
 9417 238
 5823 476


