# Created by Octave 3.8.2, Mon Jun 22 18:17:15 2020 CEST <damian@fptrucha.inv.usc.es>
# name: hd
# type: matrix
# rows: 5
# columns: 2
 4557 -476
 8875 -238
 8969 0
 9003 238
 5708 476


