# Created by Octave 3.8.2, Sat Jun 20 03:45:17 2020 CEST <damian@fptrucha.inv.usc.es>
# name: hd
# type: matrix
# rows: 5
# columns: 2
 4886 -476
 9311 -238
 9511 0
 9435 238
 6004 476


