# Created by Octave 3.8.2, Mon Jun 22 03:23:46 2020 CEST <damian@fptrucha.inv.usc.es>
# name: hd
# type: matrix
# rows: 5
# columns: 2
 4437 -476
 8143 -238
 7947 0
 8115 238
 5250 476


