# Created by Octave 3.8.2, Tue Jun 23 00:17:01 2020 CEST <damian@fptrucha.inv.usc.es>
# name: hd
# type: matrix
# rows: 5
# columns: 2
 4661 -476
 9071 -238
 9363 0
 9434 238
 6007 476


