# Created by Octave 3.8.2, Sat Jun 20 19:33:02 2020 CEST <damian@fptrucha.inv.usc.es>
# name: hd
# type: matrix
# rows: 5
# columns: 2
 2858 -476
 5403 -238
 5711 0
 5517 238
 3499 476


