# Created by Octave 3.8.2, Mon Jun 22 11:59:27 2020 CEST <damian@fptrucha.inv.usc.es>
# name: hd
# type: matrix
# rows: 5
# columns: 2
 4275 -476
 8680 -238
 8562 0
 8430 238
 5457 476


