# Created by Octave 3.8.2, Sat Jun 20 08:42:22 2020 CEST <damian@fptrucha.inv.usc.es>
# name: hd
# type: matrix
# rows: 5
# columns: 2
 5046 -476
 9783 -238
 9964 0
 9983 238
 6321 476


