# Created by Octave 3.8.2, Mon Jun 22 13:05:42 2020 CEST <damian@fptrucha.inv.usc.es>
# name: hd
# type: matrix
# rows: 5
# columns: 2
 2912 -476
 5686 -238
 5752 0
 5701 238
 3553 476


