# Created by Octave 3.8.2, Mon Jun 22 03:11:39 2020 CEST <damian@fptrucha.inv.usc.es>
# name: hd
# type: matrix
# rows: 5
# columns: 2
 4470 -476
 7919 -238
 7962 0
 7801 238
 5168 476


