# Created by Octave 3.8.2, Sun Jun 21 06:22:57 2020 CEST <damian@fptrucha.inv.usc.es>
# name: hd
# type: matrix
# rows: 5
# columns: 2
 4297 -476
 8143 -238
 8291 0
 8378 238
 5267 476


