# Created by Octave 3.8.2, Sun Jun 21 01:21:58 2020 CEST <damian@fptrucha.inv.usc.es>
# name: hd
# type: matrix
# rows: 5
# columns: 2
 4288 -476
 8334 -238
 8467 0
 8485 238
 5275 476


