# Created by Octave 3.8.2, Mon Jun 22 13:35:20 2020 CEST <damian@fptrucha.inv.usc.es>
# name: hd
# type: matrix
# rows: 5
# columns: 2
 4455 -476
 8666 -238
 8544 0
 8692 238
 5598 476


