# Created by Octave 3.8.2, Sat Jun 20 22:06:39 2020 CEST <damian@fptrucha.inv.usc.es>
# name: hd
# type: matrix
# rows: 5
# columns: 2
 4276 -476
 8169 -238
 8510 0
 8527 238
 5170 476


