# Created by Octave 3.8.2, Mon Jun 22 08:17:22 2020 CEST <damian@fptrucha.inv.usc.es>
# name: hd
# type: matrix
# rows: 5
# columns: 2
 4286 -476
 8347 -238
 8387 0
 8121 238
 5418 476


