# Created by Octave 3.8.2, Mon Jun 22 18:20:38 2020 CEST <damian@fptrucha.inv.usc.es>
# name: hd
# type: matrix
# rows: 5
# columns: 2
 4501 -476
 9037 -238
 9025 0
 8983 238
 5630 476


