# Created by Octave 3.8.2, Mon Jun 22 00:47:08 2020 CEST <damian@fptrucha.inv.usc.es>
# name: hd
# type: matrix
# rows: 5
# columns: 2
 4367 -476
 8170 -238
 8530 0
 8688 238
 5447 476


