# Created by Octave 3.8.2, Sat Jun 20 09:40:25 2020 CEST <damian@fptrucha.inv.usc.es>
# name: hd
# type: matrix
# rows: 5
# columns: 2
 4972 -476
 9853 -238
 9772 0
 9841 238
 6114 476


