# Created by Octave 3.8.2, Sun Jun 21 01:05:58 2020 CEST <damian@fptrucha.inv.usc.es>
# name: hd
# type: matrix
# rows: 5
# columns: 2
 4238 -476
 8089 -238
 8382 0
 8369 238
 5279 476


