# Created by Octave 3.8.2, Mon Jun 22 12:03:36 2020 CEST <damian@fptrucha.inv.usc.es>
# name: hd
# type: matrix
# rows: 5
# columns: 2
 4277 -476
 8434 -238
 8466 0
 8542 238
 5294 476


