# Created by Octave 3.8.2, Mon Jun 22 02:22:47 2020 CEST <damian@fptrucha.inv.usc.es>
# name: hd
# type: matrix
# rows: 5
# columns: 2
 4261 -476
 8185 -238
 8160 0
 8092 238
 5270 476


