# Created by Octave 3.8.2, Mon Jun 22 23:42:23 2020 CEST <damian@fptrucha.inv.usc.es>
# name: hd
# type: matrix
# rows: 5
# columns: 2
 4736 -476
 9109 -238
 9475 0
 9307 238
 5786 476


