# Created by Octave 3.8.2, Sun Jun 21 06:58:36 2020 CEST <damian@fptrucha.inv.usc.es>
# name: hd
# type: matrix
# rows: 5
# columns: 2
 4189 -476
 8077 -238
 8387 0
 8315 238
 5179 476


