# Created by Octave 3.8.2, Mon Jun 22 21:57:05 2020 CEST <damian@fptrucha.inv.usc.es>
# name: hd
# type: matrix
# rows: 5
# columns: 2
 4571 -476
 9187 -238
 9410 0
 9307 238
 5785 476


