# Created by Octave 3.8.2, Sun Jun 21 01:02:44 2020 CEST <damian@fptrucha.inv.usc.es>
# name: hd
# type: matrix
# rows: 5
# columns: 2
 4235 -476
 8326 -238
 8381 0
 8489 238
 5207 476


