# Created by Octave 3.8.2, Mon Jun 22 08:06:30 2020 CEST <damian@fptrucha.inv.usc.es>
# name: hd
# type: matrix
# rows: 5
# columns: 2
 4269 -476
 8480 -238
 8315 0
 8306 238
 5274 476


