# Created by Octave 3.8.2, Sun Jun 21 05:11:49 2020 CEST <damian@fptrucha.inv.usc.es>
# name: hd
# type: matrix
# rows: 5
# columns: 2
 4322 -476
 8320 -238
 8558 0
 8535 238
 5385 476


