# Created by Octave 3.8.2, Sat Jun 20 13:19:26 2020 CEST <damian@fptrucha.inv.usc.es>
# name: hd
# type: matrix
# rows: 5
# columns: 2
 4593 -476
 9076 -238
 9284 0
 9356 238
 5895 476


