# Created by Octave 3.8.2, Sun Jun 21 03:24:29 2020 CEST <damian@fptrucha.inv.usc.es>
# name: hd
# type: matrix
# rows: 5
# columns: 2
 4193 -476
 8247 -238
 8450 0
 8597 238
 5348 476


