# Created by Octave 3.8.2, Mon Jun 22 04:39:13 2020 CEST <damian@fptrucha.inv.usc.es>
# name: hd
# type: matrix
# rows: 5
# columns: 2
 3935 -476
 7894 -238
 7654 0
 7791 238
 5134 476


