# Created by Octave 3.8.2, Mon Jun 22 01:43:29 2020 CEST <damian@fptrucha.inv.usc.es>
# name: hd
# type: matrix
# rows: 5
# columns: 2
 4469 -476
 8635 -238
 9025 0
 8958 238
 5610 476


