# Created by Octave 3.8.2, Sun Jun 21 06:53:10 2020 CEST <damian@fptrucha.inv.usc.es>
# name: hd
# type: matrix
# rows: 5
# columns: 2
 4232 -476
 8199 -238
 8317 0
 8426 238
 5232 476


