# Created by Octave 3.8.2, Sat Jun 20 05:10:21 2020 CEST <damian@fptrucha.inv.usc.es>
# name: hd
# type: matrix
# rows: 5
# columns: 2
 4926 -476
 9247 -238
 9499 0
 9552 238
 5967 476


