# Created by Octave 3.8.2, Mon Jun 22 05:26:39 2020 CEST <damian@fptrucha.inv.usc.es>
# name: hd
# type: matrix
# rows: 5
# columns: 2
 4170 -476
 8040 -238
 7979 0
 7986 238
 5356 476


