# Created by Octave 3.8.2, Sat Jun 20 12:24:44 2020 CEST <damian@fptrucha.inv.usc.es>
# name: hd
# type: matrix
# rows: 5
# columns: 2
 4803 -476
 9345 -238
 9518 0
 9587 238
 5875 476


