# Created by Octave 3.8.2, Sat Jun 20 15:14:50 2020 CEST <damian@fptrucha.inv.usc.es>
# name: hd
# type: matrix
# rows: 5
# columns: 2
 4474 -476
 8656 -238
 9121 0
 8878 238
 5461 476


