# Created by Octave 3.8.2, Mon Jun 22 19:00:55 2020 CEST <damian@fptrucha.inv.usc.es>
# name: hd
# type: matrix
# rows: 5
# columns: 2
 4569 -476
 8858 -238
 9068 0
 8872 238
 5845 476


