# Created by Octave 3.8.2, Sat Jun 20 06:49:12 2020 CEST <damian@fptrucha.inv.usc.es>
# name: hd
# type: matrix
# rows: 5
# columns: 2
 4801 -476
 9515 -238
 9646 0
 9539 238
 6080 476


