# Created by Octave 3.8.2, Mon Jun 22 23:49:08 2020 CEST <damian@fptrucha.inv.usc.es>
# name: hd
# type: matrix
# rows: 5
# columns: 2
 4649 -476
 9139 -238
 9223 0
 9294 238
 5891 476


