# Created by Octave 3.8.2, Sat Jun 20 02:04:22 2020 CEST <damian@fptrucha.inv.usc.es>
# name: hd
# type: matrix
# rows: 5
# columns: 2
 4703 -476
 9093 -238
 9277 0
 9362 238
 5741 476


