# Created by Octave 3.8.2, Sat Jun 20 06:17:59 2020 CEST <damian@fptrucha.inv.usc.es>
# name: hd
# type: matrix
# rows: 5
# columns: 2
 4908 -476
 9690 -238
 9904 0
 9677 238
 5981 476


