# Created by Octave 3.8.2, Sat Jun 20 08:09:26 2020 CEST <damian@fptrucha.inv.usc.es>
# name: hd
# type: matrix
# rows: 5
# columns: 2
 4958 -476
 9723 -238
 10012 0
 10105 238
 6210 476


