# Created by Octave 3.8.2, Sat Jun 20 15:16:07 2020 CEST <damian@fptrucha.inv.usc.es>
# name: hd
# type: matrix
# rows: 5
# columns: 2
 4562 -476
 8551 -238
 8924 0
 8862 238
 5546 476


