# Created by Octave 3.8.2, Mon Jun 22 08:25:35 2020 CEST <damian@fptrucha.inv.usc.es>
# name: hd
# type: matrix
# rows: 5
# columns: 2
 4259 -476
 8516 -238
 8406 0
 8200 238
 5286 476


