# Created by Octave 3.8.2, Mon Jun 22 18:25:12 2020 CEST <damian@fptrucha.inv.usc.es>
# name: hd
# type: matrix
# rows: 5
# columns: 2
 4639 -476
 8815 -238
 8857 0
 8909 238
 5628 476


