# Created by Octave 3.8.2, Sat Jun 20 11:27:57 2020 CEST <damian@fptrucha.inv.usc.es>
# name: hd
# type: matrix
# rows: 5
# columns: 2
 4948 -476
 9345 -238
 9551 0
 9513 238
 6041 476


