# Created by Octave 3.8.2, Mon Jun 22 12:27:25 2020 CEST <damian@fptrucha.inv.usc.es>
# name: hd
# type: matrix
# rows: 5
# columns: 2
 4593 -476
 8694 -238
 8828 0
 8535 238
 5408 476


