# Created by Octave 3.8.2, Sat Jun 20 14:27:14 2020 CEST <damian@fptrucha.inv.usc.es>
# name: hd
# type: matrix
# rows: 5
# columns: 2
 4650 -476
 9063 -238
 9137 0
 9288 238
 5616 476


