# Created by Octave 3.8.2, Mon Jun 22 04:06:47 2020 CEST <damian@fptrucha.inv.usc.es>
# name: hd
# type: matrix
# rows: 5
# columns: 2
 2784 -476
 5200 -238
 5099 0
 5265 238
 3340 476


