# Created by Octave 3.8.2, Mon Jun 22 22:09:44 2020 CEST <damian@fptrucha.inv.usc.es>
# name: hd
# type: matrix
# rows: 5
# columns: 2
 4604 -476
 9245 -238
 9247 0
 9274 238
 5865 476


