# Created by Octave 3.8.2, Sat Jun 20 03:50:52 2020 CEST <damian@fptrucha.inv.usc.es>
# name: hd
# type: matrix
# rows: 5
# columns: 2
 4906 -476
 9382 -238
 9557 0
 9420 238
 5841 476


