# Created by Octave 3.8.2, Mon Jun 22 12:17:56 2020 CEST <damian@fptrucha.inv.usc.es>
# name: hd
# type: matrix
# rows: 5
# columns: 2
 4478 -476
 8673 -238
 8645 0
 8508 238
 5341 476


