# Created by Octave 3.8.2, Mon Jun 22 00:21:00 2020 CEST <damian@fptrucha.inv.usc.es>
# name: hd
# type: matrix
# rows: 5
# columns: 2
 4428 -476
 8238 -238
 8538 0
 8317 238
 5288 476


