# Created by Octave 3.8.2, Sat Jun 20 13:32:00 2020 CEST <damian@fptrucha.inv.usc.es>
# name: hd
# type: matrix
# rows: 5
# columns: 2
 4654 -476
 9136 -238
 9082 0
 9319 238
 5731 476


