# Created by Octave 3.8.2, Sat Jun 20 22:28:23 2020 CEST <damian@fptrucha.inv.usc.es>
# name: hd
# type: matrix
# rows: 5
# columns: 2
 4231 -476
 8067 -238
 8613 0
 8560 238
 5276 476


