# Created by Octave 3.8.2, Mon Jun 22 11:35:47 2020 CEST <damian@fptrucha.inv.usc.es>
# name: hd
# type: matrix
# rows: 5
# columns: 2
 4291 -476
 8695 -238
 8437 0
 8373 238
 5387 476


