# Created by Octave 3.8.2, Sat Jun 20 22:47:26 2020 CEST <damian@fptrucha.inv.usc.es>
# name: hd
# type: matrix
# rows: 5
# columns: 2
 4281 -476
 8325 -238
 8618 0
 8601 238
 5296 476


