# Created by Octave 3.8.2, Mon Jun 22 01:14:00 2020 CEST <damian@fptrucha.inv.usc.es>
# name: hd
# type: matrix
# rows: 5
# columns: 2
 2804 -476
 5488 -238
 5643 0
 5748 238
 3472 476


