# Created by Octave 3.8.2, Mon Jun 22 00:59:49 2020 CEST <damian@fptrucha.inv.usc.es>
# name: hd
# type: matrix
# rows: 5
# columns: 2
 4530 -476
 8816 -238
 8950 0
 9063 238
 5510 476


