# Created by Octave 3.8.2, Mon Jun 22 10:07:02 2020 CEST <damian@fptrucha.inv.usc.es>
# name: hd
# type: matrix
# rows: 5
# columns: 2
 4362 -476
 8478 -238
 8363 0
 8631 238
 5426 476


