# Created by Octave 3.8.2, Sun Jun 21 01:38:49 2020 CEST <damian@fptrucha.inv.usc.es>
# name: hd
# type: matrix
# rows: 5
# columns: 2
 4161 -476
 8145 -238
 8415 0
 8316 238
 5288 476


