# Created by Octave 3.8.2, Sat Jun 20 04:32:18 2020 CEST <damian@fptrucha.inv.usc.es>
# name: hd
# type: matrix
# rows: 5
# columns: 2
 4928 -476
 9386 -238
 9667 0
 9577 238
 5971 476


