# Created by Octave 3.8.2, Sat Jun 20 16:16:02 2020 CEST <damian@fptrucha.inv.usc.es>
# name: hd
# type: matrix
# rows: 5
# columns: 2
 4464 -476
 8649 -238
 8899 0
 8872 238
 5456 476


