# Created by Octave 3.8.2, Sat Jun 20 13:33:23 2020 CEST <damian@fptrucha.inv.usc.es>
# name: hd
# type: matrix
# rows: 5
# columns: 2
 4790 -476
 9027 -238
 9293 0
 9324 238
 5686 476


