# Created by Octave 3.8.2, Sat Jun 20 14:08:09 2020 CEST <damian@fptrucha.inv.usc.es>
# name: hd
# type: matrix
# rows: 5
# columns: 2
 4656 -476
 8932 -238
 9171 0
 9319 238
 5531 476


