# Created by Octave 3.8.2, Mon Jun 22 02:25:53 2020 CEST <damian@fptrucha.inv.usc.es>
# name: hd
# type: matrix
# rows: 5
# columns: 2
 1580 -476
 3080 -238
 3483 0
 4107 238
 2227 476


