# Created by Octave 3.8.2, Sat Jun 20 06:22:15 2020 CEST <damian@fptrucha.inv.usc.es>
# name: hd
# type: matrix
# rows: 5
# columns: 2
 5011 -476
 9554 -238
 9884 0
 9840 238
 5999 476


