# Created by Octave 3.8.2, Mon Jun 22 02:09:45 2020 CEST <damian@fptrucha.inv.usc.es>
# name: hd
# type: matrix
# rows: 5
# columns: 2
 4296 -476
 8463 -238
 8374 0
 8764 238
 5425 476


