# Created by Octave 3.8.2, Tue Jun 23 00:27:32 2020 CEST <damian@fptrucha.inv.usc.es>
# name: hd
# type: matrix
# rows: 5
# columns: 2
 4688 -476
 9361 -238
 9292 0
 9324 238
 5939 476


