# Created by Octave 3.8.2, Mon Jun 22 05:02:55 2020 CEST <damian@fptrucha.inv.usc.es>
# name: hd
# type: matrix
# rows: 5
# columns: 2
 4010 -476
 7735 -238
 8010 0
 7848 238
 5085 476


