# Created by Octave 3.8.2, Sun Jun 21 02:02:19 2020 CEST <damian@fptrucha.inv.usc.es>
# name: hd
# type: matrix
# rows: 5
# columns: 2
 4163 -476
 8165 -238
 8460 0
 8499 238
 5303 476


