# Created by Octave 3.8.2, Mon Jun 22 12:11:32 2020 CEST <damian@fptrucha.inv.usc.es>
# name: hd
# type: matrix
# rows: 5
# columns: 2
 4486 -476
 8591 -238
 8327 0
 8451 238
 5422 476


