# Created by Octave 3.8.2, Mon Jun 22 11:15:10 2020 CEST <damian@fptrucha.inv.usc.es>
# name: hd
# type: matrix
# rows: 5
# columns: 2
 4352 -476
 8552 -238
 8705 0
 8394 238
 5413 476


