# Created by Octave 3.8.2, Mon Jun 22 17:19:10 2020 CEST <damian@fptrucha.inv.usc.es>
# name: hd
# type: matrix
# rows: 5
# columns: 2
 4451 -476
 8937 -238
 8955 0
 8981 238
 5624 476


