# Created by Octave 3.8.2, Mon Jun 22 11:19:24 2020 CEST <damian@fptrucha.inv.usc.es>
# name: hd
# type: matrix
# rows: 5
# columns: 2
 4475 -476
 8676 -238
 8446 0
 8530 238
 5386 476


