# Created by Octave 3.8.2, Mon Jun 22 04:20:57 2020 CEST <damian@fptrucha.inv.usc.es>
# name: hd
# type: matrix
# rows: 5
# columns: 2
 4172 -476
 7786 -238
 7973 0
 7844 238
 4886 476


