# Created by Octave 3.8.2, Mon Jun 22 12:53:20 2020 CEST <damian@fptrucha.inv.usc.es>
# name: hd
# type: matrix
# rows: 5
# columns: 2
 4562 -476
 8616 -238
 8696 0
 8678 238
 5408 476


