# Created by Octave 3.8.2, Sat Jun 20 12:51:27 2020 CEST <damian@fptrucha.inv.usc.es>
# name: hd
# type: matrix
# rows: 5
# columns: 2
 2356 -476
 4548 -238
 4757 0
 4583 238
 2801 476


