# Created by Octave 3.8.2, Sat Jun 20 12:07:42 2020 CEST <damian@fptrucha.inv.usc.es>
# name: hd
# type: matrix
# rows: 5
# columns: 2
 4832 -476
 9160 -238
 9403 0
 9383 238
 5928 476


