# Created by Octave 3.8.2, Mon Jun 22 12:24:14 2020 CEST <damian@fptrucha.inv.usc.es>
# name: hd
# type: matrix
# rows: 5
# columns: 2
 4380 -476
 8500 -238
 8671 0
 8576 238
 5559 476


