# Created by Octave 3.8.2, Sat Jun 20 11:08:28 2020 CEST <damian@fptrucha.inv.usc.es>
# name: hd
# type: matrix
# rows: 5
# columns: 2
 4910 -476
 9392 -238
 9534 0
 9406 238
 5893 476


