# Created by Octave 3.8.2, Sat Jun 20 13:17:16 2020 CEST <damian@fptrucha.inv.usc.es>
# name: hd
# type: matrix
# rows: 5
# columns: 2
 4739 -476
 9180 -238
 9564 0
 9312 238
 5850 476


