# Created by Octave 3.8.2, Sat Jun 20 11:12:45 2020 CEST <damian@fptrucha.inv.usc.es>
# name: hd
# type: matrix
# rows: 5
# columns: 2
 4862 -476
 9475 -238
 9698 0
 9684 238
 6053 476


