# Created by Octave 3.8.2, Mon Jun 22 08:48:35 2020 CEST <damian@fptrucha.inv.usc.es>
# name: hd
# type: matrix
# rows: 5
# columns: 2
 4341 -476
 8385 -238
 8282 0
 8305 238
 5413 476


