# Created by Octave 3.8.2, Mon Jun 22 20:08:52 2020 CEST <damian@fptrucha.inv.usc.es>
# name: hd
# type: matrix
# rows: 5
# columns: 2
 4616 -476
 8985 -238
 8999 0
 8895 238
 5655 476


