# Created by Octave 3.8.2, Sat Jun 20 16:19:54 2020 CEST <damian@fptrucha.inv.usc.es>
# name: hd
# type: matrix
# rows: 5
# columns: 2
 4460 -476
 8682 -238
 8903 0
 8649 238
 5517 476


