# Created by Octave 3.8.2, Mon Jun 22 22:15:38 2020 CEST <damian@fptrucha.inv.usc.es>
# name: hd
# type: matrix
# rows: 5
# columns: 2
 4654 -476
 9177 -238
 9258 0
 9265 238
 5839 476


