# Created by Octave 3.8.2, Sun Jun 21 05:18:33 2020 CEST <damian@fptrucha.inv.usc.es>
# name: hd
# type: matrix
# rows: 5
# columns: 2
 4260 -476
 8425 -238
 8574 0
 8491 238
 5417 476


