# Created by Octave 3.8.2, Mon Jun 22 20:05:22 2020 CEST <damian@fptrucha.inv.usc.es>
# name: hd
# type: matrix
# rows: 5
# columns: 2
 4575 -476
 8929 -238
 9141 0
 9196 238
 5738 476


