# Created by Octave 3.8.2, Mon Jun 22 10:44:18 2020 CEST <damian@fptrucha.inv.usc.es>
# name: hd
# type: matrix
# rows: 5
# columns: 2
 4464 -476
 8606 -238
 8715 0
 8574 238
 5423 476


