# Created by Octave 3.8.2, Sun Jun 21 05:54:29 2020 CEST <damian@fptrucha.inv.usc.es>
# name: hd
# type: matrix
# rows: 5
# columns: 2
 4370 -476
 8402 -238
 8498 0
 8552 238
 5500 476


