# Created by Octave 3.8.2, Sun Jun 21 01:18:42 2020 CEST <damian@fptrucha.inv.usc.es>
# name: hd
# type: matrix
# rows: 5
# columns: 2
 4164 -476
 8409 -238
 8438 0
 8313 238
 5288 476


