# Created by Octave 3.8.2, Sun Jun 21 04:48:29 2020 CEST <damian@fptrucha.inv.usc.es>
# name: hd
# type: matrix
# rows: 5
# columns: 2
 4261 -476
 8474 -238
 8622 0
 8654 238
 5337 476


