# Created by Octave 3.8.2, Sat Jun 20 23:09:16 2020 CEST <damian@fptrucha.inv.usc.es>
# name: hd
# type: matrix
# rows: 5
# columns: 2
 4275 -476
 8087 -238
 8609 0
 8617 238
 5330 476


