# Created by Octave 3.8.2, Sat Jun 20 02:43:27 2020 CEST <damian@fptrucha.inv.usc.es>
# name: hd
# type: matrix
# rows: 5
# columns: 2
 4705 -476
 9095 -238
 9355 0
 9275 238
 5923 476


