# Created by Octave 3.8.2, Sun Jun 21 04:04:30 2020 CEST <damian@fptrucha.inv.usc.es>
# name: hd
# type: matrix
# rows: 5
# columns: 2
 4254 -476
 8200 -238
 8660 0
 8563 238
 5266 476


