# Created by Octave 3.8.2, Mon Jun 22 14:27:50 2020 CEST <damian@fptrucha.inv.usc.es>
# name: hd
# type: matrix
# rows: 5
# columns: 2
 4476 -476
 8804 -238
 8601 0
 8638 238
 5501 476


