# Created by Octave 3.8.2, Mon Jun 22 13:47:54 2020 CEST <damian@fptrucha.inv.usc.es>
# name: hd
# type: matrix
# rows: 5
# columns: 2
 4547 -476
 8882 -238
 8851 0
 8583 238
 5578 476


