# Created by Octave 3.8.2, Mon Jun 22 04:34:31 2020 CEST <damian@fptrucha.inv.usc.es>
# name: hd
# type: matrix
# rows: 5
# columns: 2
 3978 -476
 7645 -238
 7822 0
 7487 238
 5023 476


