# Created by Octave 3.8.2, Sat Jun 20 21:38:41 2020 CEST <damian@fptrucha.inv.usc.es>
# name: hd
# type: matrix
# rows: 5
# columns: 2
 4288 -476
 8379 -238
 8490 0
 8487 238
 5350 476


