# Created by Octave 3.8.2, Sun Jun 21 04:18:55 2020 CEST <damian@fptrucha.inv.usc.es>
# name: hd
# type: matrix
# rows: 5
# columns: 2
 4328 -476
 8079 -238
 8488 0
 8566 238
 5269 476


