# Created by Octave 3.8.2, Mon Jun 22 20:07:45 2020 CEST <damian@fptrucha.inv.usc.es>
# name: hd
# type: matrix
# rows: 5
# columns: 2
 4673 -476
 9168 -238
 9023 0
 9311 238
 5735 476


