# Created by Octave 3.8.2, Sat Jun 20 16:04:33 2020 CEST <damian@fptrucha.inv.usc.es>
# name: hd
# type: matrix
# rows: 5
# columns: 2
 4475 -476
 8838 -238
 9024 0
 8830 238
 5496 476


