# Created by Octave 3.8.2, Sun Jun 21 01:49:23 2020 CEST <damian@fptrucha.inv.usc.es>
# name: hd
# type: matrix
# rows: 5
# columns: 2
 4364 -476
 8308 -238
 8552 0
 8388 238
 5291 476


