# Created by Octave 3.8.2, Sat Jun 20 15:26:27 2020 CEST <damian@fptrucha.inv.usc.es>
# name: hd
# type: matrix
# rows: 5
# columns: 2
 4479 -476
 8601 -238
 9085 0
 8861 238
 5689 476


