# Created by Octave 3.8.2, Mon Jun 22 01:09:20 2020 CEST <damian@fptrucha.inv.usc.es>
# name: hd
# type: matrix
# rows: 5
# columns: 2
 4506 -476
 8585 -238
 8815 0
 8713 238
 5371 476


