# Created by Octave 3.8.2, Mon Jun 22 11:21:29 2020 CEST <damian@fptrucha.inv.usc.es>
# name: hd
# type: matrix
# rows: 5
# columns: 2
 4465 -476
 8535 -238
 8376 0
 8439 238
 5382 476


