# Created by Octave 3.8.2, Mon Jun 22 14:44:39 2020 CEST <damian@fptrucha.inv.usc.es>
# name: hd
# type: matrix
# rows: 5
# columns: 2
 4501 -476
 8762 -238
 8636 0
 8572 238
 5465 476


