# Created by Octave 3.8.2, Sat Jun 20 04:46:39 2020 CEST <damian@fptrucha.inv.usc.es>
# name: hd
# type: matrix
# rows: 5
# columns: 2
 4944 -476
 9163 -238
 9432 0
 9536 238
 5811 476


