# Created by Octave 3.8.2, Sat Jun 20 12:01:11 2020 CEST <damian@fptrucha.inv.usc.es>
# name: hd
# type: matrix
# rows: 5
# columns: 2
 4855 -476
 9228 -238
 9610 0
 9503 238
 5800 476


