# Created by Octave 3.8.2, Sun Jun 21 03:15:05 2020 CEST <damian@fptrucha.inv.usc.es>
# name: hd
# type: matrix
# rows: 5
# columns: 2
 4302 -476
 8181 -238
 8413 0
 8320 238
 5192 476


