# Created by Octave 3.8.2, Tue Jun 23 00:36:33 2020 CEST <damian@fptrucha.inv.usc.es>
# name: hd
# type: matrix
# rows: 5
# columns: 2
 4636 -476
 9205 -238
 9271 0
 9389 238
 5907 476


