# Created by Octave 3.8.2, Mon Jun 22 02:08:08 2020 CEST <damian@fptrucha.inv.usc.es>
# name: hd
# type: matrix
# rows: 5
# columns: 2
 4336 -476
 8263 -238
 8580 0
 8553 238
 5302 476


