# Created by Octave 3.8.2, Mon Jun 22 12:01:30 2020 CEST <damian@fptrucha.inv.usc.es>
# name: hd
# type: matrix
# rows: 5
# columns: 2
 4429 -476
 8529 -238
 8582 0
 8424 238
 5385 476


