# Created by Octave 3.8.2, Sat Jun 20 17:22:55 2020 CEST <damian@fptrucha.inv.usc.es>
# name: hd
# type: matrix
# rows: 5
# columns: 2
 4362 -476
 8494 -238
 8832 0
 8804 238
 5398 476


