# Created by Octave 3.8.2, Sat Jun 20 14:19:10 2020 CEST <damian@fptrucha.inv.usc.es>
# name: hd
# type: matrix
# rows: 5
# columns: 2
 4554 -476
 8705 -238
 9033 0
 9129 238
 5702 476


