# Created by Octave 3.8.2, Sat Jun 20 06:29:34 2020 CEST <damian@fptrucha.inv.usc.es>
# name: hd
# type: matrix
# rows: 5
# columns: 2
 4918 -476
 9601 -238
 9695 0
 9810 238
 6105 476


