# Created by Octave 3.8.2, Sun Jun 21 04:35:15 2020 CEST <damian@fptrucha.inv.usc.es>
# name: hd
# type: matrix
# rows: 5
# columns: 2
 4303 -476
 8357 -238
 8562 0
 8642 238
 5408 476


