# Created by Octave 3.8.2, Mon Jun 22 22:25:53 2020 CEST <damian@fptrucha.inv.usc.es>
# name: hd
# type: matrix
# rows: 5
# columns: 2
 4617 -476
 9106 -238
 9211 0
 9411 238
 5716 476


