# Created by Octave 3.8.2, Sat Jun 20 09:44:45 2020 CEST <damian@fptrucha.inv.usc.es>
# name: hd
# type: matrix
# rows: 5
# columns: 2
 4852 -476
 9682 -238
 9690 0
 9792 238
 6086 476


