# Created by Octave 3.8.2, Mon Jun 22 07:59:15 2020 CEST <damian@fptrucha.inv.usc.es>
# name: hd
# type: matrix
# rows: 5
# columns: 2
 4379 -476
 8459 -238
 8321 0
 8352 238
 5301 476


