# Created by Octave 3.8.2, Mon Jun 22 06:15:51 2020 CEST <damian@fptrucha.inv.usc.es>
# name: hd
# type: matrix
# rows: 5
# columns: 2
 4314 -476
 8308 -238
 8086 0
 8149 238
 5196 476


