# Created by Octave 3.8.2, Sun Jun 21 01:45:21 2020 CEST <damian@fptrucha.inv.usc.es>
# name: hd
# type: matrix
# rows: 5
# columns: 2
 4258 -476
 8123 -238
 8338 0
 8050 238
 5107 476


