# Created by Octave 3.8.2, Mon Jun 22 23:35:13 2020 CEST <damian@fptrucha.inv.usc.es>
# name: hd
# type: matrix
# rows: 5
# columns: 2
 4748 -476
 9117 -238
 9324 0
 9286 238
 5680 476


