# Created by Octave 3.8.2, Mon Jun 22 07:50:25 2020 CEST <damian@fptrucha.inv.usc.es>
# name: hd
# type: matrix
# rows: 5
# columns: 2
 4376 -476
 8369 -238
 8199 0
 8157 238
 5376 476


