# Created by Octave 3.8.2, Mon Jun 22 14:32:06 2020 CEST <damian@fptrucha.inv.usc.es>
# name: hd
# type: matrix
# rows: 5
# columns: 2
 4400 -476
 8663 -238
 8825 0
 8714 238
 5542 476


