# Created by Octave 3.8.2, Mon Jun 22 23:41:10 2020 CEST <damian@fptrucha.inv.usc.es>
# name: hd
# type: matrix
# rows: 5
# columns: 2
 4594 -476
 9151 -238
 9429 0
 9354 238
 5923 476


