# Created by Octave 3.8.2, Sat Jun 20 09:49:11 2020 CEST <damian@fptrucha.inv.usc.es>
# name: hd
# type: matrix
# rows: 5
# columns: 2
 5031 -476
 9663 -238
 9860 0
 9817 238
 6033 476


