# Created by Octave 3.8.2, Sun Jun 21 01:30:11 2020 CEST <damian@fptrucha.inv.usc.es>
# name: hd
# type: matrix
# rows: 5
# columns: 2
 4258 -476
 8183 -238
 8446 0
 8380 238
 5212 476


