# Created by Octave 3.8.2, Sun Jun 21 07:08:38 2020 CEST <damian@fptrucha.inv.usc.es>
# name: hd
# type: matrix
# rows: 5
# columns: 2
 4543 -476
 8612 -238
 8821 0
 8829 238
 5581 476


