# Created by Octave 3.8.2, Mon Jun 22 18:58:40 2020 CEST <damian@fptrucha.inv.usc.es>
# name: hd
# type: matrix
# rows: 5
# columns: 2
 4694 -476
 8989 -238
 9188 0
 9137 238
 5639 476


