# Created by Octave 3.8.2, Sat Jun 20 12:02:37 2020 CEST <damian@fptrucha.inv.usc.es>
# name: hd
# type: matrix
# rows: 5
# columns: 2
 4854 -476
 9457 -238
 9474 0
 9459 238
 5824 476


