# Created by Octave 3.8.2, Mon Jun 22 01:12:23 2020 CEST <damian@fptrucha.inv.usc.es>
# name: hd
# type: matrix
# rows: 5
# columns: 2
 4265 -476
 8269 -238
 8794 0
 8526 238
 5412 476


