# Created by Octave 3.8.2, Mon Jun 22 16:20:02 2020 CEST <damian@fptrucha.inv.usc.es>
# name: hd
# type: matrix
# rows: 5
# columns: 2
 4498 -476
 8924 -238
 8964 0
 8862 238
 5670 476


