# Created by Octave 3.8.2, Mon Jun 22 20:55:42 2020 CEST <damian@fptrucha.inv.usc.es>
# name: hd
# type: matrix
# rows: 5
# columns: 2
 4738 -476
 9107 -238
 9234 0
 9212 238
 5713 476


