# Created by Octave 3.8.2, Sat Jun 20 09:23:21 2020 CEST <damian@fptrucha.inv.usc.es>
# name: hd
# type: matrix
# rows: 5
# columns: 2
 5017 -476
 9673 -238
 9908 0
 10024 238
 6088 476


