# Created by Octave 3.8.2, Mon Jun 22 12:28:05 2020 CEST <damian@fptrucha.inv.usc.es>
# name: hd
# type: matrix
# rows: 5
# columns: 2
 2978 -476
 5742 -238
 5753 0
 5886 238
 3550 476


