# Created by Octave 3.8.2, Mon Jun 22 07:35:05 2020 CEST <damian@fptrucha.inv.usc.es>
# name: hd
# type: matrix
# rows: 5
# columns: 2
 4277 -476
 8280 -238
 8340 0
 8120 238
 5332 476


