# Created by Octave 3.8.2, Mon Jun 22 23:12:44 2020 CEST <damian@fptrucha.inv.usc.es>
# name: hd
# type: matrix
# rows: 5
# columns: 2
 4636 -476
 9242 -238
 9208 0
 9278 238
 5844 476


