# Created by Octave 3.8.2, Mon Jun 22 19:05:34 2020 CEST <damian@fptrucha.inv.usc.es>
# name: hd
# type: matrix
# rows: 5
# columns: 2
 4548 -476
 9117 -238
 9098 0
 9120 238
 5878 476


