# Created by Octave 3.8.2, Mon Jun 22 09:33:20 2020 CEST <damian@fptrucha.inv.usc.es>
# name: hd
# type: matrix
# rows: 5
# columns: 2
 4341 -476
 8368 -238
 8349 0
 8251 238
 5370 476


