# Created by Octave 3.8.2, Sat Jun 20 03:22:22 2020 CEST <damian@fptrucha.inv.usc.es>
# name: hd
# type: matrix
# rows: 5
# columns: 2
 4862 -476
 9306 -238
 9622 0
 9448 238
 5984 476


