# Created by Octave 3.8.2, Sat Jun 20 09:46:13 2020 CEST <damian@fptrucha.inv.usc.es>
# name: hd
# type: matrix
# rows: 5
# columns: 2
 4987 -476
 9648 -238
 9889 0
 9768 238
 5996 476


