# Created by Octave 3.8.2, Sat Jun 20 07:59:09 2020 CEST <damian@fptrucha.inv.usc.es>
# name: hd
# type: matrix
# rows: 5
# columns: 2
 4995 -476
 9671 -238
 9828 0
 9949 238
 6169 476


