# Created by Octave 3.8.2, Sun Jun 21 00:58:24 2020 CEST <damian@fptrucha.inv.usc.es>
# name: hd
# type: matrix
# rows: 5
# columns: 2
 4169 -476
 8307 -238
 8428 0
 8420 238
 5233 476


