# Created by Octave 3.8.2, Sun Jun 21 07:44:33 2020 CEST <damian@fptrucha.inv.usc.es>
# name: hd
# type: matrix
# rows: 5
# columns: 2
 4355 -476
 8674 -238
 8921 0
 8741 238
 5456 476


