# Created by Octave 3.8.2, Sun Jun 21 04:16:40 2020 CEST <damian@fptrucha.inv.usc.es>
# name: hd
# type: matrix
# rows: 5
# columns: 2
 4235 -476
 8122 -238
 8451 0
 8534 238
 5264 476


