# Created by Octave 3.8.2, Sat Jun 20 07:36:07 2020 CEST <damian@fptrucha.inv.usc.es>
# name: hd
# type: matrix
# rows: 5
# columns: 2
 5011 -476
 9704 -238
 9861 0
 9874 238
 6171 476


