# Created by Octave 3.8.2, Mon Jun 22 15:07:20 2020 CEST <damian@fptrucha.inv.usc.es>
# name: hd
# type: matrix
# rows: 5
# columns: 2
 4568 -476
 8884 -238
 9079 0
 8777 238
 5576 476


