# Created by Octave 3.8.2, Mon Jun 22 02:04:05 2020 CEST <damian@fptrucha.inv.usc.es>
# name: hd
# type: matrix
# rows: 5
# columns: 2
 4371 -476
 8440 -238
 8583 0
 8461 238
 5397 476


