# Created by Octave 3.8.2, Mon Jun 22 16:59:23 2020 CEST <damian@fptrucha.inv.usc.es>
# name: hd
# type: matrix
# rows: 5
# columns: 2
 4633 -476
 9011 -238
 9068 0
 8776 238
 5694 476


