# Created by Octave 3.8.2, Sat Jun 20 23:14:26 2020 CEST <damian@fptrucha.inv.usc.es>
# name: hd
# type: matrix
# rows: 5
# columns: 2
 4236 -476
 8340 -238
 8498 0
 8471 238
 5211 476


