# Created by Octave 3.8.2, Sat Jun 20 18:00:17 2020 CEST <damian@fptrucha.inv.usc.es>
# name: hd
# type: matrix
# rows: 5
# columns: 2
 4391 -476
 8543 -238
 8720 0
 8682 238
 5403 476


