# Created by Octave 3.8.2, Sun Jun 21 07:12:04 2020 CEST <damian@fptrucha.inv.usc.es>
# name: hd
# type: matrix
# rows: 5
# columns: 2
 4399 -476
 8428 -238
 8584 0
 8802 238
 5583 476


