# Created by Octave 3.8.2, Sat Jun 20 06:20:49 2020 CEST <damian@fptrucha.inv.usc.es>
# name: hd
# type: matrix
# rows: 5
# columns: 2
 4859 -476
 9463 -238
 9631 0
 9675 238
 5885 476


