# Created by Octave 3.8.2, Mon Jun 22 22:49:26 2020 CEST <damian@fptrucha.inv.usc.es>
# name: hd
# type: matrix
# rows: 5
# columns: 2
 4725 -476
 9162 -238
 9395 0
 9657 238
 5741 476


