# Created by Octave 3.8.2, Mon Jun 22 15:58:10 2020 CEST <damian@fptrucha.inv.usc.es>
# name: hd
# type: matrix
# rows: 5
# columns: 2
 2998 -476
 5915 -238
 5858 0
 5893 238
 3748 476


