# Created by Octave 3.8.2, Sun Jun 21 03:11:49 2020 CEST <damian@fptrucha.inv.usc.es>
# name: hd
# type: matrix
# rows: 5
# columns: 2
 4252 -476
 8147 -238
 8296 0
 8433 238
 5135 476


