# Created by Octave 3.8.2, Mon Jun 22 15:36:50 2020 CEST <damian@fptrucha.inv.usc.es>
# name: hd
# type: matrix
# rows: 5
# columns: 2
 4539 -476
 8890 -238
 8914 0
 8849 238
 5669 476


