# Created by Octave 3.8.2, Mon Jun 22 08:53:49 2020 CEST <damian@fptrucha.inv.usc.es>
# name: hd
# type: matrix
# rows: 5
# columns: 2
 4493 -476
 8450 -238
 8470 0
 8161 238
 5291 476


