# Created by Octave 3.8.2, Mon Jun 22 13:38:35 2020 CEST <damian@fptrucha.inv.usc.es>
# name: hd
# type: matrix
# rows: 5
# columns: 2
 4576 -476
 8746 -238
 8714 0
 8627 238
 5615 476


