# Created by Octave 3.8.2, Mon Jun 22 19:52:00 2020 CEST <damian@fptrucha.inv.usc.es>
# name: hd
# type: matrix
# rows: 5
# columns: 2
 4638 -476
 9170 -238
 9161 0
 8985 238
 5728 476


