# Created by Octave 3.8.2, Sun Jun 21 00:56:16 2020 CEST <damian@fptrucha.inv.usc.es>
# name: hd
# type: matrix
# rows: 5
# columns: 2
 4288 -476
 8295 -238
 8590 0
 8501 238
 5378 476


