# Created by Octave 3.8.2, Mon Jun 22 18:54:33 2020 CEST <damian@fptrucha.inv.usc.es>
# name: hd
# type: matrix
# rows: 5
# columns: 2
 4724 -476
 8890 -238
 8999 0
 8910 238
 5658 476


