# Created by Octave 3.8.2, Sat Jun 20 19:00:15 2020 CEST <damian@fptrucha.inv.usc.es>
# name: hd
# type: matrix
# rows: 5
# columns: 2
 4399 -476
 8406 -238
 8648 0
 8741 238
 5428 476


