# Created by Octave 3.8.2, Mon Jun 22 15:28:06 2020 CEST <damian@fptrucha.inv.usc.es>
# name: hd
# type: matrix
# rows: 5
# columns: 2
 4710 -476
 8983 -238
 9024 0
 8838 238
 5588 476


