# Created by Octave 3.8.2, Mon Jun 22 18:08:42 2020 CEST <damian@fptrucha.inv.usc.es>
# name: hd
# type: matrix
# rows: 5
# columns: 2
 4521 -476
 8996 -238
 9096 0
 8843 238
 5590 476


