# Created by Octave 3.8.2, Sat Jun 20 14:47:05 2020 CEST <damian@fptrucha.inv.usc.es>
# name: hd
# type: matrix
# rows: 5
# columns: 2
 4611 -476
 8921 -238
 9028 0
 9159 238
 5620 476


