# Created by Octave 3.8.2, Mon Jun 22 03:20:49 2020 CEST <damian@fptrucha.inv.usc.es>
# name: hd
# type: matrix
# rows: 5
# columns: 2
 4286 -476
 7991 -238
 8131 0
 7962 238
 5251 476


