# Created by Octave 3.8.2, Mon Jun 22 04:58:12 2020 CEST <damian@fptrucha.inv.usc.es>
# name: hd
# type: matrix
# rows: 5
# columns: 2
 4136 -476
 7827 -238
 7876 0
 7624 238
 4973 476


