# Created by Octave 3.8.2, Sat Jun 20 04:29:40 2020 CEST <damian@fptrucha.inv.usc.es>
# name: hd
# type: matrix
# rows: 5
# columns: 2
 4859 -476
 9489 -238
 9604 0
 9642 238
 6003 476


