# Created by Octave 3.8.2, Sun Jun 21 04:12:13 2020 CEST <damian@fptrucha.inv.usc.es>
# name: hd
# type: matrix
# rows: 5
# columns: 2
 4307 -476
 8435 -238
 8491 0
 8454 238
 5268 476


