# Created by Octave 3.8.2, Sat Jun 20 22:10:35 2020 CEST <damian@fptrucha.inv.usc.es>
# name: hd
# type: matrix
# rows: 5
# columns: 2
 4425 -476
 8289 -238
 8629 0
 8574 238
 5375 476


