# Created by Octave 3.8.2, Sun Jun 21 03:56:08 2020 CEST <damian@fptrucha.inv.usc.es>
# name: hd
# type: matrix
# rows: 5
# columns: 2
 4339 -476
 8415 -238
 8540 0
 8548 238
 5207 476


