# Created by Octave 3.8.2, Mon Jun 22 13:39:41 2020 CEST <damian@fptrucha.inv.usc.es>
# name: hd
# type: matrix
# rows: 5
# columns: 2
 4523 -476
 8755 -238
 8790 0
 8548 238
 5569 476


