# Created by Octave 3.8.2, Sun Jun 21 04:06:46 2020 CEST <damian@fptrucha.inv.usc.es>
# name: hd
# type: matrix
# rows: 5
# columns: 2
 4218 -476
 8280 -238
 8518 0
 8479 238
 5306 476


