# Created by Octave 3.8.2, Sat Jun 20 21:52:23 2020 CEST <damian@fptrucha.inv.usc.es>
# name: hd
# type: matrix
# rows: 5
# columns: 2
 4290 -476
 8182 -238
 8676 0
 8633 238
 5356 476


