# Created by Octave 3.8.2, Sat Jun 20 19:05:27 2020 CEST <damian@fptrucha.inv.usc.es>
# name: hd
# type: matrix
# rows: 5
# columns: 2
 4378 -476
 8559 -238
 8669 0
 8625 238
 5419 476


