# Created by Octave 3.8.2, Mon Jun 22 05:20:52 2020 CEST <damian@fptrucha.inv.usc.es>
# name: hd
# type: matrix
# rows: 5
# columns: 2
 4172 -476
 8092 -238
 7909 0
 7882 238
 5055 476


