# Created by Octave 3.8.2, Sat Jun 20 11:37:55 2020 CEST <damian@fptrucha.inv.usc.es>
# name: hd
# type: matrix
# rows: 5
# columns: 2
 4880 -476
 9393 -238
 9452 0
 9334 238
 5900 476


