# Created by Octave 3.8.2, Sun Jun 21 04:25:07 2020 CEST <damian@fptrucha.inv.usc.es>
# name: hd
# type: matrix
# rows: 5
# columns: 2
 4237 -476
 8272 -238
 8415 0
 8222 238
 5241 476


