# Created by Octave 3.8.2, Mon Jun 22 09:04:40 2020 CEST <damian@fptrucha.inv.usc.es>
# name: hd
# type: matrix
# rows: 5
# columns: 2
 4390 -476
 8514 -238
 8306 0
 8305 238
 5311 476


