# Created by Octave 3.8.2, Sun Jun 21 00:52:55 2020 CEST <damian@fptrucha.inv.usc.es>
# name: hd
# type: matrix
# rows: 5
# columns: 2
 4193 -476
 8084 -238
 8338 0
 8440 238
 5148 476


