# Created by Octave 3.8.2, Sat Jun 20 19:06:42 2020 CEST <damian@fptrucha.inv.usc.es>
# name: hd
# type: matrix
# rows: 5
# columns: 2
 4396 -476
 8416 -238
 8728 0
 8671 238
 5374 476


