# Created by Octave 3.8.2, Mon Jun 22 09:47:32 2020 CEST <damian@fptrucha.inv.usc.es>
# name: hd
# type: matrix
# rows: 5
# columns: 2
 4472 -476
 8329 -238
 8386 0
 8489 238
 5378 476


