# Created by Octave 3.8.2, Sun Jun 21 05:33:47 2020 CEST <damian@fptrucha.inv.usc.es>
# name: hd
# type: matrix
# rows: 5
# columns: 2
 4184 -476
 8292 -238
 8624 0
 8495 238
 5328 476


