# Created by Octave 3.8.2, Sun Jun 21 01:39:54 2020 CEST <damian@fptrucha.inv.usc.es>
# name: hd
# type: matrix
# rows: 5
# columns: 2
 4162 -476
 8178 -238
 8543 0
 8432 238
 5238 476


