# Created by Octave 3.8.2, Mon Jun 22 12:16:54 2020 CEST <damian@fptrucha.inv.usc.es>
# name: hd
# type: matrix
# rows: 5
# columns: 2
 4491 -476
 8624 -238
 8641 0
 8584 238
 5384 476


