# Created by Octave 3.8.2, Sun Jun 21 00:41:24 2020 CEST <damian@fptrucha.inv.usc.es>
# name: hd
# type: matrix
# rows: 5
# columns: 2
 4247 -476
 8088 -238
 8455 0
 8452 238
 5205 476


