# Created by Octave 3.8.2, Mon Jun 22 21:19:01 2020 CEST <damian@fptrucha.inv.usc.es>
# name: hd
# type: matrix
# rows: 5
# columns: 2
 4642 -476
 9191 -238
 9354 0
 9164 238
 5805 476


