# Created by Octave 3.8.2, Mon Jun 22 14:12:09 2020 CEST <damian@fptrucha.inv.usc.es>
# name: hd
# type: matrix
# rows: 5
# columns: 2
 4338 -476
 8822 -238
 8636 0
 8578 238
 5515 476


