# Created by Octave 3.8.2, Sat Jun 20 23:46:32 2020 CEST <damian@fptrucha.inv.usc.es>
# name: hd
# type: matrix
# rows: 5
# columns: 2
 4391 -476
 8252 -238
 8660 0
 8481 238
 5196 476


