# Created by Octave 3.8.2, Mon Jun 22 05:37:06 2020 CEST <damian@fptrucha.inv.usc.es>
# name: hd
# type: matrix
# rows: 5
# columns: 2
 4198 -476
 8133 -238
 7896 0
 7886 238
 5191 476


