# Created by Octave 3.8.2, Sun Jun 21 02:18:27 2020 CEST <damian@fptrucha.inv.usc.es>
# name: hd
# type: matrix
# rows: 5
# columns: 2
 4211 -476
 8370 -238
 8552 0
 8611 238
 5481 476


