# Created by Octave 3.8.2, Mon Jun 22 01:03:04 2020 CEST <damian@fptrucha.inv.usc.es>
# name: hd
# type: matrix
# rows: 5
# columns: 2
 4508 -476
 8587 -238
 8997 0
 8898 238
 5517 476


