# Created by Octave 3.8.2, Sat Jun 20 08:49:48 2020 CEST <damian@fptrucha.inv.usc.es>
# name: hd
# type: matrix
# rows: 5
# columns: 2
 5077 -476
 9832 -238
 10029 0
 10155 238
 6175 476


