# Created by Octave 3.8.2, Mon Jun 22 05:56:22 2020 CEST <damian@fptrucha.inv.usc.es>
# name: hd
# type: matrix
# rows: 5
# columns: 2
 4293 -476
 8048 -238
 7955 0
 8028 238
 5152 476


