# Created by Octave 3.8.2, Mon Jun 22 18:32:04 2020 CEST <damian@fptrucha.inv.usc.es>
# name: hd
# type: matrix
# rows: 5
# columns: 2
 4588 -476
 9024 -238
 8957 0
 8860 238
 5722 476


