# Created by Octave 3.8.2, Mon Jun 22 23:37:37 2020 CEST <damian@fptrucha.inv.usc.es>
# name: hd
# type: matrix
# rows: 5
# columns: 2
 4635 -476
 9171 -238
 9444 0
 9298 238
 5781 476


