# Created by Octave 3.8.2, Mon Jun 22 10:16:33 2020 CEST <damian@fptrucha.inv.usc.es>
# name: hd
# type: matrix
# rows: 5
# columns: 2
 4382 -476
 8522 -238
 8616 0
 8436 238
 5467 476


