# Created by Octave 3.8.2, Sat Jun 20 06:56:30 2020 CEST <damian@fptrucha.inv.usc.es>
# name: hd
# type: matrix
# rows: 5
# columns: 2
 4885 -476
 9477 -238
 9622 0
 9752 238
 5980 476


