# Created by Octave 3.8.2, Mon Jun 22 06:12:51 2020 CEST <damian@fptrucha.inv.usc.es>
# name: hd
# type: matrix
# rows: 5
# columns: 2
 4353 -476
 8308 -238
 8101 0
 7915 238
 5261 476


