# Created by Octave 3.8.2, Mon Jun 22 00:54:52 2020 CEST <damian@fptrucha.inv.usc.es>
# name: hd
# type: matrix
# rows: 5
# columns: 2
 4542 -476
 8686 -238
 9078 0
 8974 238
 5401 476


