# Created by Octave 3.8.2, Mon Jun 22 06:44:06 2020 CEST <damian@fptrucha.inv.usc.es>
# name: hd
# type: matrix
# rows: 5
# columns: 2
 4354 -476
 8045 -238
 8147 0
 7872 238
 5167 476


