# Created by Octave 3.8.2, Sat Jun 20 19:24:28 2020 CEST <damian@fptrucha.inv.usc.es>
# name: hd
# type: matrix
# rows: 5
# columns: 2
 4397 -476
 8597 -238
 8734 0
 8610 238
 5381 476


