# Created by Octave 3.8.2, Mon Jun 22 17:23:48 2020 CEST <damian@fptrucha.inv.usc.es>
# name: hd
# type: matrix
# rows: 5
# columns: 2
 4616 -476
 9001 -238
 8934 0
 9045 238
 5835 476


