# Created by Octave 3.8.2, Mon Jun 22 10:50:38 2020 CEST <damian@fptrucha.inv.usc.es>
# name: hd
# type: matrix
# rows: 5
# columns: 2
 4386 -476
 8591 -238
 8539 0
 8430 238
 5362 476


