# Created by Octave 3.8.2, Mon Jun 22 22:00:41 2020 CEST <damian@fptrucha.inv.usc.es>
# name: hd
# type: matrix
# rows: 5
# columns: 2
 4673 -476
 9166 -238
 9234 0
 9269 238
 5862 476


