# Created by Octave 3.8.2, Sat Jun 20 22:29:42 2020 CEST <damian@fptrucha.inv.usc.es>
# name: hd
# type: matrix
# rows: 5
# columns: 2
 4326 -476
 8328 -238
 8556 0
 8526 238
 5314 476


