# Created by Octave 3.8.2, Sat Jun 20 10:11:55 2020 CEST <damian@fptrucha.inv.usc.es>
# name: hd
# type: matrix
# rows: 5
# columns: 2
 4858 -476
 9604 -238
 9695 0
 9752 238
 6004 476


