# Created by Octave 3.8.2, Sun Jun 21 06:07:31 2020 CEST <damian@fptrucha.inv.usc.es>
# name: hd
# type: matrix
# rows: 5
# columns: 2
 4220 -476
 8264 -238
 8352 0
 8523 238
 5351 476


