# Created by Octave 3.8.2, Sun Jun 21 01:35:34 2020 CEST <damian@fptrucha.inv.usc.es>
# name: hd
# type: matrix
# rows: 5
# columns: 2
 4313 -476
 8105 -238
 8324 0
 8503 238
 5286 476


