# Created by Octave 3.8.2, Sun Jun 21 00:30:36 2020 CEST <damian@fptrucha.inv.usc.es>
# name: hd
# type: matrix
# rows: 5
# columns: 2
 4220 -476
 8121 -238
 8401 0
 8417 238
 5343 476


