# Created by Octave 3.8.2, Sat Jun 20 23:58:11 2020 CEST <damian@fptrucha.inv.usc.es>
# name: hd
# type: matrix
# rows: 5
# columns: 2
 4296 -476
 8219 -238
 8338 0
 8405 238
 5124 476


