# Created by Octave 3.8.2, Mon Jun 22 06:23:31 2020 CEST <damian@fptrucha.inv.usc.es>
# name: hd
# type: matrix
# rows: 5
# columns: 2
 4352 -476
 8225 -238
 8119 0
 7931 238
 5237 476


