# Created by Octave 3.8.2, Mon Jun 22 16:42:55 2020 CEST <damian@fptrucha.inv.usc.es>
# name: hd
# type: matrix
# rows: 5
# columns: 2
 4511 -476
 8873 -238
 9009 0
 8909 238
 5675 476


