# Created by Octave 3.8.2, Sun Jun 21 07:09:46 2020 CEST <damian@fptrucha.inv.usc.es>
# name: hd
# type: matrix
# rows: 5
# columns: 2
 4367 -476
 8702 -238
 8830 0
 8824 238
 5483 476


