# Created by Octave 3.8.2, Mon Jun 22 01:04:07 2020 CEST <damian@fptrucha.inv.usc.es>
# name: hd
# type: matrix
# rows: 5
# columns: 2
 4421 -476
 8559 -238
 8915 0
 8866 238
 5407 476


