# Created by Octave 3.8.2, Mon Jun 22 03:18:55 2020 CEST <damian@fptrucha.inv.usc.es>
# name: hd
# type: matrix
# rows: 5
# columns: 2
 4256 -476
 8079 -238
 7996 0
 7964 238
 5201 476


