# Created by Octave 3.8.2, Sat Jun 20 06:31:00 2020 CEST <damian@fptrucha.inv.usc.es>
# name: hd
# type: matrix
# rows: 5
# columns: 2
 4872 -476
 9670 -238
 9672 0
 9740 238
 6084 476


