# Created by Octave 3.8.2, Sat Jun 20 19:44:34 2020 CEST <damian@fptrucha.inv.usc.es>
# name: hd
# type: matrix
# rows: 5
# columns: 2
 4334 -476
 8265 -238
 8555 0
 8495 238
 5418 476


