# Created by Octave 3.8.2, Sat Jun 20 13:06:11 2020 CEST <damian@fptrucha.inv.usc.es>
# name: hd
# type: matrix
# rows: 5
# columns: 2
 4721 -476
 8974 -238
 9278 0
 9404 238
 5796 476


