# Created by Octave 3.8.2, Mon Jun 22 03:28:37 2020 CEST <damian@fptrucha.inv.usc.es>
# name: hd
# type: matrix
# rows: 5
# columns: 2
 4287 -476
 8059 -238
 8005 0
 8017 238
 5196 476


