# Created by Octave 3.8.2, Sat Jun 20 03:52:16 2020 CEST <damian@fptrucha.inv.usc.es>
# name: hd
# type: matrix
# rows: 5
# columns: 2
 5040 -476
 9237 -238
 9559 0
 9530 238
 6035 476


