# Created by Octave 3.8.2, Sat Jun 20 09:20:21 2020 CEST <damian@fptrucha.inv.usc.es>
# name: hd
# type: matrix
# rows: 5
# columns: 2
 4986 -476
 9719 -238
 10036 0
 10060 238
 6068 476


