# Created by Octave 3.8.2, Sat Jun 20 21:56:13 2020 CEST <damian@fptrucha.inv.usc.es>
# name: hd
# type: matrix
# rows: 5
# columns: 2
 4285 -476
 8485 -238
 8582 0
 8586 238
 5457 476


