# Created by Octave 3.8.2, Mon Jun 22 09:25:02 2020 CEST <damian@fptrucha.inv.usc.es>
# name: hd
# type: matrix
# rows: 5
# columns: 2
 4351 -476
 8351 -238
 8257 0
 8222 238
 5339 476


