# Created by Octave 3.8.2, Sat Jun 20 05:24:08 2020 CEST <damian@fptrucha.inv.usc.es>
# name: hd
# type: matrix
# rows: 5
# columns: 2
 4819 -476
 9637 -238
 9428 0
 9495 238
 5916 476


