# Created by Octave 3.8.2, Sat Jun 20 18:14:19 2020 CEST <damian@fptrucha.inv.usc.es>
# name: hd
# type: matrix
# rows: 5
# columns: 2
 4342 -476
 8632 -238
 8757 0
 8578 238
 5454 476


