# Created by Octave 3.8.2, Mon Jun 22 01:52:37 2020 CEST <damian@fptrucha.inv.usc.es>
# name: hd
# type: matrix
# rows: 5
# columns: 2
 4419 -476
 8511 -238
 8815 0
 8905 238
 5633 476


