# Created by Octave 3.8.2, Sat Jun 20 04:11:32 2020 CEST <damian@fptrucha.inv.usc.es>
# name: hd
# type: matrix
# rows: 5
# columns: 2
 4859 -476
 9256 -238
 9558 0
 9518 238
 6045 476


