# Created by Octave 3.8.2, Mon Jun 22 05:28:38 2020 CEST <damian@fptrucha.inv.usc.es>
# name: hd
# type: matrix
# rows: 5
# columns: 2
 4280 -476
 8130 -238
 7915 0
 7965 238
 5315 476


