# Created by Octave 3.8.2, Mon Jun 22 12:02:32 2020 CEST <damian@fptrucha.inv.usc.es>
# name: hd
# type: matrix
# rows: 5
# columns: 2
 4410 -476
 8708 -238
 8633 0
 8510 238
 5374 476


