# Created by Octave 3.8.2, Mon Jun 22 23:46:43 2020 CEST <damian@fptrucha.inv.usc.es>
# name: hd
# type: matrix
# rows: 5
# columns: 2
 3087 -476
 6047 -238
 6143 0
 6290 238
 3895 476


