# Created by Octave 3.8.2, Sat Jun 20 16:23:58 2020 CEST <damian@fptrucha.inv.usc.es>
# name: hd
# type: matrix
# rows: 5
# columns: 2
 4376 -476
 8655 -238
 8990 0
 8916 238
 5518 476


