# Created by Octave 3.8.2, Mon Jun 22 00:52:13 2020 CEST <damian@fptrucha.inv.usc.es>
# name: hd
# type: matrix
# rows: 5
# columns: 2
 4432 -476
 8535 -238
 8867 0
 8984 238
 5454 476


