# Created by Octave 3.8.2, Sat Jun 20 07:25:58 2020 CEST <damian@fptrucha.inv.usc.es>
# name: hd
# type: matrix
# rows: 5
# columns: 2
 5073 -476
 9740 -238
 9897 0
 9836 238
 6040 476


