# Created by Octave 3.8.2, Sat Jun 20 11:11:19 2020 CEST <damian@fptrucha.inv.usc.es>
# name: hd
# type: matrix
# rows: 5
# columns: 2
 4851 -476
 9247 -238
 9528 0
 9733 238
 5910 476


