# Created by Octave 3.8.2, Sun Jun 21 08:13:09 2020 CEST <damian@fptrucha.inv.usc.es>
# name: hd
# type: matrix
# rows: 5
# columns: 2
 4310 -476
 8293 -238
 8631 0
 8646 238
 5297 476


