# Created by Octave 3.8.2, Sat Jun 20 23:17:05 2020 CEST <damian@fptrucha.inv.usc.es>
# name: hd
# type: matrix
# rows: 5
# columns: 2
 4219 -476
 8204 -238
 8451 0
 8594 238
 5303 476


