# Created by Octave 3.8.2, Mon Jun 22 19:04:24 2020 CEST <damian@fptrucha.inv.usc.es>
# name: hd
# type: matrix
# rows: 5
# columns: 2
 4538 -476
 8876 -238
 9104 0
 9042 238
 5640 476


