# Created by Octave 3.8.2, Mon Jun 22 20:25:54 2020 CEST <damian@fptrucha.inv.usc.es>
# name: hd
# type: matrix
# rows: 5
# columns: 2
 4661 -476
 8900 -238
 9078 0
 9054 238
 5648 476


