# Created by Octave 3.8.2, Mon Jun 22 14:02:31 2020 CEST <damian@fptrucha.inv.usc.es>
# name: hd
# type: matrix
# rows: 5
# columns: 2
 3034 -476
 5716 -238
 5715 0
 5699 238
 3633 476


