# Created by Octave 3.8.2, Mon Jun 22 06:08:53 2020 CEST <damian@fptrucha.inv.usc.es>
# name: hd
# type: matrix
# rows: 5
# columns: 2
 4375 -476
 8265 -238
 7939 0
 7990 238
 5208 476


