# Created by Octave 3.8.2, Sat Jun 20 11:41:38 2020 CEST <damian@fptrucha.inv.usc.es>
# name: hd
# type: matrix
# rows: 5
# columns: 2
 4914 -476
 9404 -238
 9391 0
 9561 238
 6044 476


