# Created by Octave 3.8.2, Mon Jun 22 22:18:02 2020 CEST <damian@fptrucha.inv.usc.es>
# name: hd
# type: matrix
# rows: 5
# columns: 2
 4627 -476
 9163 -238
 9191 0
 9269 238
 5777 476


