# Created by Octave 3.8.2, Sat Jun 20 05:43:36 2020 CEST <damian@fptrucha.inv.usc.es>
# name: hd
# type: matrix
# rows: 5
# columns: 2
 4912 -476
 9649 -238
 9768 0
 9545 238
 6085 476


