# Created by Octave 3.8.2, Mon Jun 22 19:43:50 2020 CEST <damian@fptrucha.inv.usc.es>
# name: hd
# type: matrix
# rows: 5
# columns: 2
 4576 -476
 8966 -238
 9158 0
 9133 238
 5659 476


