# Created by Octave 3.8.2, Sun Jun 21 06:03:04 2020 CEST <damian@fptrucha.inv.usc.es>
# name: hd
# type: matrix
# rows: 5
# columns: 2
 4310 -476
 8281 -238
 8519 0
 8442 238
 5408 476


