# Created by Octave 3.8.2, Sun Jun 21 03:33:20 2020 CEST <damian@fptrucha.inv.usc.es>
# name: hd
# type: matrix
# rows: 5
# columns: 2
 4209 -476
 8214 -238
 8498 0
 8388 238
 5393 476


