# Created by Octave 3.8.2, Sat Jun 20 12:35:17 2020 CEST <damian@fptrucha.inv.usc.es>
# name: hd
# type: matrix
# rows: 5
# columns: 2
 4757 -476
 9061 -238
 9425 0
 9327 238
 5963 476


