# Created by Octave 3.8.2, Mon Jun 22 10:05:56 2020 CEST <damian@fptrucha.inv.usc.es>
# name: hd
# type: matrix
# rows: 5
# columns: 2
 4309 -476
 8662 -238
 8545 0
 8482 238
 5344 476


