# Created by Octave 3.8.2, Sat Jun 20 17:37:21 2020 CEST <damian@fptrucha.inv.usc.es>
# name: hd
# type: matrix
# rows: 5
# columns: 2
 4402 -476
 8464 -238
 8692 0
 8705 238
 5461 476


