# Created by Octave 3.8.2, Mon Jun 22 14:04:40 2020 CEST <damian@fptrucha.inv.usc.es>
# name: hd
# type: matrix
# rows: 5
# columns: 2
 4602 -476
 8692 -238
 8579 0
 8724 238
 5551 476


