# Created by Octave 3.8.2, Sat Jun 20 14:29:55 2020 CEST <damian@fptrucha.inv.usc.es>
# name: hd
# type: matrix
# rows: 5
# columns: 2
 4570 -476
 8917 -238
 9089 0
 9176 238
 5607 476


