# Created by Octave 3.8.2, Sat Jun 20 23:44:23 2020 CEST <damian@fptrucha.inv.usc.es>
# name: hd
# type: matrix
# rows: 5
# columns: 2
 4318 -476
 8290 -238
 8563 0
 8407 238
 5321 476


