# Created by Octave 3.8.2, Sat Jun 20 16:44:28 2020 CEST <damian@fptrucha.inv.usc.es>
# name: hd
# type: matrix
# rows: 5
# columns: 2
 4369 -476
 8301 -238
 8705 0
 8826 238
 5406 476


