# Created by Octave 3.8.2, Sat Jun 20 02:55:14 2020 CEST <damian@fptrucha.inv.usc.es>
# name: hd
# type: matrix
# rows: 5
# columns: 2
 4744 -476
 9116 -238
 9352 0
 9300 238
 5859 476


