# Created by Octave 3.8.2, Mon Jun 22 20:45:16 2020 CEST <damian@fptrucha.inv.usc.es>
# name: hd
# type: matrix
# rows: 5
# columns: 2
 4625 -476
 9106 -238
 9137 0
 9223 238
 5875 476


