# Created by Octave 3.8.2, Sun Jun 21 04:52:58 2020 CEST <damian@fptrucha.inv.usc.es>
# name: hd
# type: matrix
# rows: 5
# columns: 2
 4253 -476
 8482 -238
 8747 0
 8546 238
 5414 476


