# Created by Octave 3.8.2, Sun Jun 21 00:21:17 2020 CEST <damian@fptrucha.inv.usc.es>
# name: hd
# type: matrix
# rows: 5
# columns: 2
 4281 -476
 8014 -238
 8649 0
 8599 238
 5156 476


