# Created by Octave 3.8.2, Sat Jun 20 05:40:41 2020 CEST <damian@fptrucha.inv.usc.es>
# name: hd
# type: matrix
# rows: 5
# columns: 2
 3197 -476
 6409 -238
 6317 0
 6348 238
 3929 476


