# Created by Octave 3.8.2, Mon Jun 22 06:32:36 2020 CEST <damian@fptrucha.inv.usc.es>
# name: hd
# type: matrix
# rows: 5
# columns: 2
 4228 -476
 8249 -238
 8201 0
 8156 238
 5178 476


