# Created by Octave 3.8.2, Sat Jun 20 11:48:33 2020 CEST <damian@fptrucha.inv.usc.es>
# name: hd
# type: matrix
# rows: 5
# columns: 2
 4737 -476
 9210 -238
 9579 0
 9525 238
 5948 476


