# Created by Octave 3.8.2, Sun Jun 21 02:21:46 2020 CEST <damian@fptrucha.inv.usc.es>
# name: hd
# type: matrix
# rows: 5
# columns: 2
 4263 -476
 8257 -238
 8583 0
 8564 238
 5412 476


