# Created by Octave 3.8.2, Sat Jun 20 12:06:21 2020 CEST <damian@fptrucha.inv.usc.es>
# name: hd
# type: matrix
# rows: 5
# columns: 2
 4926 -476
 9378 -238
 9502 0
 9298 238
 5920 476


