# Created by Octave 3.8.2, Sat Jun 20 04:08:43 2020 CEST <damian@fptrucha.inv.usc.es>
# name: hd
# type: matrix
# rows: 5
# columns: 2
 4931 -476
 9365 -238
 9381 0
 9420 238
 6076 476


