# Created by Octave 3.8.2, Sat Jun 20 13:08:59 2020 CEST <damian@fptrucha.inv.usc.es>
# name: hd
# type: matrix
# rows: 5
# columns: 2
 4827 -476
 9159 -238
 9286 0
 9351 238
 5921 476


