# Created by Octave 3.8.2, Mon Jun 22 18:27:29 2020 CEST <damian@fptrucha.inv.usc.es>
# name: hd
# type: matrix
# rows: 5
# columns: 2
 4557 -476
 8927 -238
 8935 0
 9076 238
 5660 476


