# Created by Octave 3.8.2, Mon Jun 22 21:25:32 2020 CEST <damian@fptrucha.inv.usc.es>
# name: hd
# type: matrix
# rows: 5
# columns: 2
 4706 -476
 9056 -238
 9293 0
 9314 238
 5825 476


