# Created by Octave 3.8.2, Sat Jun 20 05:19:50 2020 CEST <damian@fptrucha.inv.usc.es>
# name: hd
# type: matrix
# rows: 5
# columns: 2
 4985 -476
 9568 -238
 9631 0
 9560 238
 5957 476


