# Created by Octave 3.8.2, Sat Jun 20 18:15:37 2020 CEST <damian@fptrucha.inv.usc.es>
# name: hd
# type: matrix
# rows: 5
# columns: 2
 4360 -476
 8456 -238
 8660 0
 8678 238
 5441 476


