# Created by Octave 3.8.2, Mon Jun 22 11:20:27 2020 CEST <damian@fptrucha.inv.usc.es>
# name: hd
# type: matrix
# rows: 5
# columns: 2
 4469 -476
 8579 -238
 8615 0
 8481 238
 5492 476


