# Created by Octave 3.8.2, Sun Jun 21 02:22:51 2020 CEST <damian@fptrucha.inv.usc.es>
# name: hd
# type: matrix
# rows: 5
# columns: 2
 4334 -476
 8468 -238
 8602 0
 8643 238
 5294 476


