# Created by Octave 3.8.2, Sat Jun 20 08:34:07 2020 CEST <damian@fptrucha.inv.usc.es>
# name: hd
# type: matrix
# rows: 5
# columns: 2
 5055 -476
 9882 -238
 10121 0
 9955 238
 6238 476


