# Created by Octave 3.8.2, Mon Jun 22 01:57:45 2020 CEST <damian@fptrucha.inv.usc.es>
# name: hd
# type: matrix
# rows: 5
# columns: 2
 4579 -476
 8761 -238
 8660 0
 8907 238
 5497 476


