# Created by Octave 3.8.2, Mon Jun 22 20:52:12 2020 CEST <damian@fptrucha.inv.usc.es>
# name: hd
# type: matrix
# rows: 5
# columns: 2
 4708 -476
 9000 -238
 9173 0
 9127 238
 5793 476


