# Created by Octave 3.8.2, Sat Jun 20 23:10:31 2020 CEST <damian@fptrucha.inv.usc.es>
# name: hd
# type: matrix
# rows: 5
# columns: 2
 4282 -476
 8340 -238
 8563 0
 8620 238
 5370 476


