# Created by Octave 3.8.2, Sat Jun 20 23:35:10 2020 CEST <damian@fptrucha.inv.usc.es>
# name: hd
# type: matrix
# rows: 5
# columns: 2
 4253 -476
 8059 -238
 8604 0
 8285 238
 5365 476


