# Created by Octave 3.8.2, Mon Jun 22 14:56:43 2020 CEST <damian@fptrucha.inv.usc.es>
# name: hd
# type: matrix
# rows: 5
# columns: 2
 4468 -476
 8920 -238
 8951 0
 8877 238
 5629 476


