# Created by Octave 3.8.2, Sun Jun 21 07:02:47 2020 CEST <damian@fptrucha.inv.usc.es>
# name: hd
# type: matrix
# rows: 5
# columns: 2
 4251 -476
 8268 -238
 8772 0
 8718 238
 5266 476


