# Created by Octave 3.8.2, Mon Jun 22 22:51:50 2020 CEST <damian@fptrucha.inv.usc.es>
# name: hd
# type: matrix
# rows: 5
# columns: 2
 4642 -476
 9084 -238
 9462 0
 9279 238
 5685 476


