# Created by Octave 3.8.2, Mon Jun 22 05:46:54 2020 CEST <damian@fptrucha.inv.usc.es>
# name: hd
# type: matrix
# rows: 5
# columns: 2
 4330 -476
 8176 -238
 7847 0
 7923 238
 5244 476


