# Created by Octave 3.8.2, Sun Jun 21 05:44:30 2020 CEST <damian@fptrucha.inv.usc.es>
# name: hd
# type: matrix
# rows: 5
# columns: 2
 4213 -476
 7973 -238
 8422 0
 8419 238
 5312 476


