# Created by Octave 3.8.2, Sat Jun 20 05:07:29 2020 CEST <damian@fptrucha.inv.usc.es>
# name: hd
# type: matrix
# rows: 5
# columns: 2
 4904 -476
 9460 -238
 9737 0
 9433 238
 5855 476


