# Created by Octave 3.8.2, Mon Jun 22 16:27:45 2020 CEST <damian@fptrucha.inv.usc.es>
# name: hd
# type: matrix
# rows: 5
# columns: 2
 4614 -476
 8956 -238
 8808 0
 8814 238
 5706 476


