# Created by Octave 3.8.2, Mon Jun 22 23:38:46 2020 CEST <damian@fptrucha.inv.usc.es>
# name: hd
# type: matrix
# rows: 5
# columns: 2
 4671 -476
 9071 -238
 9277 0
 9287 238
 5836 476


