# Created by Octave 3.8.2, Sat Jun 20 08:25:14 2020 CEST <damian@fptrucha.inv.usc.es>
# name: hd
# type: matrix
# rows: 5
# columns: 2
 5057 -476
 9797 -238
 10066 0
 10102 238
 6089 476


