# Created by Octave 3.8.2, Mon Jun 22 05:21:48 2020 CEST <damian@fptrucha.inv.usc.es>
# name: hd
# type: matrix
# rows: 5
# columns: 2
 4171 -476
 8100 -238
 8009 0
 7892 238
 5062 476


