# Created by Octave 3.8.2, Mon Jun 22 13:54:18 2020 CEST <damian@fptrucha.inv.usc.es>
# name: hd
# type: matrix
# rows: 5
# columns: 2
 4421 -476
 8800 -238
 8798 0
 8650 238
 5609 476


