# Created by Octave 3.8.2, Sun Jun 21 00:18:04 2020 CEST <damian@fptrucha.inv.usc.es>
# name: hd
# type: matrix
# rows: 5
# columns: 2
 4167 -476
 8138 -238
 8368 0
 8457 238
 5281 476


