# Created by Octave 3.8.2, Mon Jun 22 16:48:34 2020 CEST <damian@fptrucha.inv.usc.es>
# name: hd
# type: matrix
# rows: 5
# columns: 2
 4568 -476
 8988 -238
 8900 0
 8811 238
 5651 476


