# Created by Octave 3.8.2, Sat Jun 20 02:01:49 2020 CEST <damian@fptrucha.inv.usc.es>
# name: hd
# type: matrix
# rows: 5
# columns: 2
 4816 -476
 9201 -238
 9319 0
 9373 238
 5790 476


