# Created by Octave 3.8.2, Mon Jun 22 02:29:24 2020 CEST <damian@fptrucha.inv.usc.es>
# name: hd
# type: matrix
# rows: 5
# columns: 2
 4079 -476
 7490 -238
 7755 0
 7491 238
 4953 476


