# Created by Octave 3.8.2, Sun Jun 21 08:10:49 2020 CEST <damian@fptrucha.inv.usc.es>
# name: hd
# type: matrix
# rows: 5
# columns: 2
 4333 -476
 8363 -238
 8748 0
 8843 238
 5399 476


