# Created by Octave 3.8.2, Mon Jun 22 21:05:58 2020 CEST <damian@fptrucha.inv.usc.es>
# name: hd
# type: matrix
# rows: 5
# columns: 2
 4608 -476
 8940 -238
 9135 0
 9311 238
 5802 476


