# Created by Octave 3.8.2, Sat Jun 20 11:58:25 2020 CEST <damian@fptrucha.inv.usc.es>
# name: hd
# type: matrix
# rows: 5
# columns: 2
 4867 -476
 9397 -238
 9544 0
 9463 238
 5933 476


