# Created by Octave 3.8.2, Mon Jun 22 21:41:46 2020 CEST <damian@fptrucha.inv.usc.es>
# name: hd
# type: matrix
# rows: 5
# columns: 2
 4722 -476
 8996 -238
 9138 0
 9132 238
 5803 476


