# Created by Octave 3.8.2, Sat Jun 20 14:11:02 2020 CEST <damian@fptrucha.inv.usc.es>
# name: hd
# type: matrix
# rows: 5
# columns: 2
 4605 -476
 8878 -238
 9099 0
 9031 238
 5931 476


