# Created by Octave 3.8.2, Mon Jun 22 03:48:19 2020 CEST <damian@fptrucha.inv.usc.es>
# name: hd
# type: matrix
# rows: 5
# columns: 2
 4313 -476
 8210 -238
 8190 0
 8049 238
 5317 476


