# Created by Octave 3.8.2, Sat Jun 20 23:07:57 2020 CEST <damian@fptrucha.inv.usc.es>
# name: hd
# type: matrix
# rows: 5
# columns: 2
 4442 -476
 8223 -238
 8436 0
 8433 238
 5280 476


