# Created by Octave 3.8.2, Mon Jun 22 03:12:34 2020 CEST <damian@fptrucha.inv.usc.es>
# name: hd
# type: matrix
# rows: 5
# columns: 2
 4181 -476
 8026 -238
 7972 0
 7933 238
 5263 476


