# Created by Octave 3.8.2, Mon Jun 22 08:46:32 2020 CEST <damian@fptrucha.inv.usc.es>
# name: hd
# type: matrix
# rows: 5
# columns: 2
 4254 -476
 8345 -238
 8354 0
 8453 238
 5382 476


