# Created by Octave 3.8.2, Sun Jun 21 06:56:26 2020 CEST <damian@fptrucha.inv.usc.es>
# name: hd
# type: matrix
# rows: 5
# columns: 2
 4195 -476
 8073 -238
 8368 0
 8222 238
 5209 476


