# Created by Octave 3.8.2, Mon Jun 22 03:34:55 2020 CEST <damian@fptrucha.inv.usc.es>
# name: hd
# type: matrix
# rows: 5
# columns: 2
 4194 -476
 8017 -238
 7870 0
 7685 238
 5343 476


