# Created by Octave 3.8.2, Sat Jun 20 05:56:35 2020 CEST <damian@fptrucha.inv.usc.es>
# name: hd
# type: matrix
# rows: 5
# columns: 2
 5145 -476
 9361 -238
 9573 0
 9739 238
 6002 476


