# Created by Octave 3.8.2, Mon Jun 22 14:20:47 2020 CEST <damian@fptrucha.inv.usc.es>
# name: hd
# type: matrix
# rows: 5
# columns: 2
 4522 -476
 8734 -238
 8643 0
 8626 238
 5552 476


