# Created by Octave 3.8.2, Sat Jun 20 03:56:28 2020 CEST <damian@fptrucha.inv.usc.es>
# name: hd
# type: matrix
# rows: 5
# columns: 2
 4951 -476
 9232 -238
 9564 0
 9632 238
 6018 476


