# Created by Octave 3.8.2, Mon Jun 22 03:05:52 2020 CEST <damian@fptrucha.inv.usc.es>
# name: hd
# type: matrix
# rows: 5
# columns: 2
 4292 -476
 7927 -238
 8057 0
 7942 238
 5225 476


