# Created by Octave 3.8.2, Mon Jun 22 14:58:56 2020 CEST <damian@fptrucha.inv.usc.es>
# name: hd
# type: matrix
# rows: 5
# columns: 2
 4524 -476
 8903 -238
 8854 0
 8851 238
 5540 476


