# Created by Octave 3.8.2, Sat Jun 20 15:52:37 2020 CEST <damian@fptrucha.inv.usc.es>
# name: hd
# type: matrix
# rows: 5
# columns: 2
 4547 -476
 8636 -238
 8957 0
 8925 238
 5413 476


