# Created by Octave 3.8.2, Mon Jun 22 12:20:03 2020 CEST <damian@fptrucha.inv.usc.es>
# name: hd
# type: matrix
# rows: 5
# columns: 2
 4366 -476
 8654 -238
 8700 0
 8504 238
 5485 476


