# Created by Octave 3.8.2, Sat Jun 20 21:32:14 2020 CEST <damian@fptrucha.inv.usc.es>
# name: hd
# type: matrix
# rows: 5
# columns: 2
 4314 -476
 8305 -238
 8591 0
 8599 238
 5312 476


