# Created by Octave 3.8.2, Sun Jun 21 06:48:40 2020 CEST <damian@fptrucha.inv.usc.es>
# name: hd
# type: matrix
# rows: 5
# columns: 2
 4180 -476
 8383 -238
 8403 0
 8376 238
 5223 476


