# Created by Octave 3.8.2, Sun Jun 21 04:11:09 2020 CEST <damian@fptrucha.inv.usc.es>
# name: hd
# type: matrix
# rows: 5
# columns: 2
 4276 -476
 8216 -238
 8588 0
 8434 238
 5532 476


