# Created by Octave 3.8.2, Mon Jun 22 11:25:46 2020 CEST <damian@fptrucha.inv.usc.es>
# name: hd
# type: matrix
# rows: 5
# columns: 2
 4410 -476
 8546 -238
 8313 0
 8439 238
 5434 476


