# Created by Octave 3.8.2, Mon Jun 22 16:13:47 2020 CEST <damian@fptrucha.inv.usc.es>
# name: hd
# type: matrix
# rows: 5
# columns: 2
 4622 -476
 8940 -238
 8840 0
 8840 238
 5546 476


