# Created by Octave 3.8.2, Sat Jun 20 07:03:11 2020 CEST <damian@fptrucha.inv.usc.es>
# name: hd
# type: matrix
# rows: 5
# columns: 2
 4968 -476
 9750 -238
 9700 0
 9810 238
 6095 476


