# Created by Octave 3.8.2, Mon Jun 22 17:39:39 2020 CEST <damian@fptrucha.inv.usc.es>
# name: hd
# type: matrix
# rows: 5
# columns: 2
 4653 -476
 8910 -238
 9067 0
 9191 238
 5657 476


