# Created by Octave 3.8.2, Sat Jun 20 16:48:26 2020 CEST <damian@fptrucha.inv.usc.es>
# name: hd
# type: matrix
# rows: 5
# columns: 2
 4471 -476
 8552 -238
 8761 0
 8568 238
 5565 476


