# Created by Octave 3.8.2, Mon Jun 22 13:27:51 2020 CEST <damian@fptrucha.inv.usc.es>
# name: hd
# type: matrix
# rows: 5
# columns: 2
 4464 -476
 8745 -238
 8789 0
 8601 238
 5406 476


