# Created by Octave 3.8.2, Sat Jun 20 16:00:34 2020 CEST <damian@fptrucha.inv.usc.es>
# name: hd
# type: matrix
# rows: 5
# columns: 2
 4543 -476
 8686 -238
 9009 0
 8945 238
 5583 476


