# Created by Octave 3.8.2, Sat Jun 20 02:33:44 2020 CEST <damian@fptrucha.inv.usc.es>
# name: hd
# type: matrix
# rows: 5
# columns: 2
 4820 -476
 9081 -238
 9408 0
 9301 238
 5815 476


