# Created by Octave 3.8.2, Sun Jun 21 05:37:06 2020 CEST <damian@fptrucha.inv.usc.es>
# name: hd
# type: matrix
# rows: 5
# columns: 2
 4351 -476
 8398 -238
 8549 0
 8394 238
 5378 476


