# Created by Octave 3.8.2, Sat Jun 20 19:17:55 2020 CEST <damian@fptrucha.inv.usc.es>
# name: hd
# type: matrix
# rows: 5
# columns: 2
 4304 -476
 8567 -238
 9014 0
 8756 238
 5416 476


