# Created by Octave 3.8.2, Mon Jun 22 05:39:04 2020 CEST <damian@fptrucha.inv.usc.es>
# name: hd
# type: matrix
# rows: 5
# columns: 2
 4300 -476
 8189 -238
 7971 0
 8001 238
 5169 476


