# Created by Octave 3.8.2, Sat Jun 20 17:32:05 2020 CEST <damian@fptrucha.inv.usc.es>
# name: hd
# type: matrix
# rows: 5
# columns: 2
 4420 -476
 8433 -238
 8883 0
 8661 238
 5477 476


