# Created by Octave 3.8.2, Sun Jun 21 05:20:27 2020 CEST <damian@fptrucha.inv.usc.es>
# name: hd
# type: matrix
# rows: 5
# columns: 2
 2762 -476
 5459 -238
 5722 0
 5587 238
 3561 476


