# Created by Octave 3.8.2, Sat Jun 20 12:13:17 2020 CEST <damian@fptrucha.inv.usc.es>
# name: hd
# type: matrix
# rows: 5
# columns: 2
 4795 -476
 9158 -238
 9424 0
 9531 238
 5909 476


