# Created by Octave 3.8.2, Mon Jun 22 12:59:45 2020 CEST <damian@fptrucha.inv.usc.es>
# name: hd
# type: matrix
# rows: 5
# columns: 2
 4376 -476
 8775 -238
 8766 0
 8622 238
 5644 476


