# Created by Octave 3.8.2, Sun Jun 21 02:33:30 2020 CEST <damian@fptrucha.inv.usc.es>
# name: hd
# type: matrix
# rows: 5
# columns: 2
 4307 -476
 8175 -238
 8376 0
 8402 238
 5283 476


