# Created by Octave 3.8.2, Sun Jun 21 01:13:11 2020 CEST <damian@fptrucha.inv.usc.es>
# name: hd
# type: matrix
# rows: 5
# columns: 2
 4343 -476
 8198 -238
 8522 0
 8439 238
 5255 476


