# Created by Octave 3.8.2, Sat Jun 20 18:45:03 2020 CEST <damian@fptrucha.inv.usc.es>
# name: hd
# type: matrix
# rows: 5
# columns: 2
 4355 -476
 8565 -238
 8626 0
 8546 238
 5532 476


