# Created by Octave 3.8.2, Tue Jun 23 00:19:31 2020 CEST <damian@fptrucha.inv.usc.es>
# name: hd
# type: matrix
# rows: 5
# columns: 2
 4772 -476
 9204 -238
 9190 0
 9393 238
 5854 476


