# Created by Octave 3.8.2, Sun Jun 21 06:00:49 2020 CEST <damian@fptrucha.inv.usc.es>
# name: hd
# type: matrix
# rows: 5
# columns: 2
 4188 -476
 8224 -238
 8427 0
 8609 238
 5285 476


