# Created by Octave 3.8.2, Mon Jun 22 06:10:52 2020 CEST <damian@fptrucha.inv.usc.es>
# name: hd
# type: matrix
# rows: 5
# columns: 2
 4177 -476
 8311 -238
 7945 0
 8055 238
 5219 476


