# Created by Octave 3.8.2, Sat Jun 20 16:09:22 2020 CEST <damian@fptrucha.inv.usc.es>
# name: hd
# type: matrix
# rows: 5
# columns: 2
 4429 -476
 8706 -238
 8889 0
 9038 238
 5473 476


