# Created by Octave 3.8.2, Sat Jun 20 04:05:50 2020 CEST <damian@fptrucha.inv.usc.es>
# name: hd
# type: matrix
# rows: 5
# columns: 2
 4831 -476
 9346 -238
 9581 0
 9543 238
 5915 476


