# Created by Octave 3.8.2, Sat Jun 20 23:50:41 2020 CEST <damian@fptrucha.inv.usc.es>
# name: hd
# type: matrix
# rows: 5
# columns: 2
 4324 -476
 8332 -238
 8475 0
 8425 238
 5318 476


