# Created by Octave 3.8.2, Sun Jun 21 02:16:14 2020 CEST <damian@fptrucha.inv.usc.es>
# name: hd
# type: matrix
# rows: 5
# columns: 2
 4347 -476
 8326 -238
 8466 0
 8413 238
 5405 476


