# Created by Octave 3.8.2, Sun Jun 21 07:35:36 2020 CEST <damian@fptrucha.inv.usc.es>
# name: hd
# type: matrix
# rows: 5
# columns: 2
 4487 -476
 8757 -238
 8914 0
 9007 238
 5364 476


