# Created by Octave 3.8.2, Mon Jun 22 11:04:59 2020 CEST <damian@fptrucha.inv.usc.es>
# name: hd
# type: matrix
# rows: 5
# columns: 2
 4533 -476
 8664 -238
 8582 0
 8411 238
 5481 476


