# Created by Octave 3.8.2, Mon Jun 22 06:02:14 2020 CEST <damian@fptrucha.inv.usc.es>
# name: hd
# type: matrix
# rows: 5
# columns: 2
 4243 -476
 8131 -238
 7985 0
 7930 238
 5268 476


