# Created by Octave 3.8.2, Mon Jun 22 19:23:30 2020 CEST <damian@fptrucha.inv.usc.es>
# name: hd
# type: matrix
# rows: 5
# columns: 2
 4742 -476
 9139 -238
 8908 0
 9129 238
 5788 476


