# Created by Octave 3.8.2, Mon Jun 22 21:35:03 2020 CEST <damian@fptrucha.inv.usc.es>
# name: hd
# type: matrix
# rows: 5
# columns: 2
 4596 -476
 9190 -238
 9270 0
 9333 238
 5835 476


