# Created by Octave 3.8.2, Sat Jun 20 03:09:00 2020 CEST <damian@fptrucha.inv.usc.es>
# name: hd
# type: matrix
# rows: 5
# columns: 2
 4885 -476
 9297 -238
 9659 0
 9524 238
 5986 476


