# Created by Octave 3.8.2, Sat Jun 20 03:35:40 2020 CEST <damian@fptrucha.inv.usc.es>
# name: hd
# type: matrix
# rows: 5
# columns: 2
 3180 -476
 6084 -238
 6271 0
 6275 238
 3887 476


