# Created by Octave 3.8.2, Mon Jun 22 10:34:02 2020 CEST <damian@fptrucha.inv.usc.es>
# name: hd
# type: matrix
# rows: 5
# columns: 2
 4423 -476
 8371 -238
 8530 0
 8574 238
 5455 476


