# Created by Octave 3.8.2, Mon Jun 22 03:33:02 2020 CEST <damian@fptrucha.inv.usc.es>
# name: hd
# type: matrix
# rows: 5
# columns: 2
 2795 -476
 5295 -238
 5287 0
 5304 238
 3450 476


