# Created by Octave 3.8.2, Sun Jun 21 04:14:23 2020 CEST <damian@fptrucha.inv.usc.es>
# name: hd
# type: matrix
# rows: 5
# columns: 2
 4241 -476
 8116 -238
 8467 0
 8322 238
 5310 476


