# Created by Octave 3.8.2, Mon Jun 22 04:03:18 2020 CEST <damian@fptrucha.inv.usc.es>
# name: hd
# type: matrix
# rows: 5
# columns: 2
 4263 -476
 8075 -238
 8066 0
 8072 238
 5133 476


