# Created by Octave 3.8.2, Sun Jun 21 04:07:50 2020 CEST <damian@fptrucha.inv.usc.es>
# name: hd
# type: matrix
# rows: 5
# columns: 2
 4240 -476
 8016 -238
 8359 0
 8383 238
 5422 476


