# Created by Octave 3.8.2, Mon Jun 22 13:58:40 2020 CEST <damian@fptrucha.inv.usc.es>
# name: hd
# type: matrix
# rows: 5
# columns: 2
 4592 -476
 8591 -238
 8703 0
 8690 238
 5344 476


