# Created by Octave 3.8.2, Sun Jun 21 01:37:45 2020 CEST <damian@fptrucha.inv.usc.es>
# name: hd
# type: matrix
# rows: 5
# columns: 2
 4091 -476
 8392 -238
 8466 0
 8662 238
 5341 476


