# Created by Octave 3.8.2, Tue Jun 23 00:29:27 2020 CEST <damian@fptrucha.inv.usc.es>
# name: hd
# type: matrix
# rows: 5
# columns: 2
 4655 -476
 9116 -238
 9270 0
 9403 238
 5756 476


