# Created by Octave 3.8.2, Mon Jun 22 12:41:57 2020 CEST <damian@fptrucha.inv.usc.es>
# name: hd
# type: matrix
# rows: 5
# columns: 2
 4448 -476
 8668 -238
 8722 0
 8692 238
 5393 476


