# Created by Octave 3.8.2, Sun Jun 21 03:07:31 2020 CEST <damian@fptrucha.inv.usc.es>
# name: hd
# type: matrix
# rows: 5
# columns: 2
 4281 -476
 8329 -238
 8364 0
 8518 238
 5193 476


