# Created by Octave 3.8.2, Sat Jun 20 06:46:21 2020 CEST <damian@fptrucha.inv.usc.es>
# name: hd
# type: matrix
# rows: 5
# columns: 2
 4952 -476
 9640 -238
 9907 0
 9796 238
 5992 476


