# Created by Octave 3.8.2, Mon Jun 22 01:07:15 2020 CEST <damian@fptrucha.inv.usc.es>
# name: hd
# type: matrix
# rows: 5
# columns: 2
 4276 -476
 8553 -238
 8818 0
 8903 238
 5514 476


