# Created by Octave 3.8.2, Mon Jun 22 15:55:17 2020 CEST <damian@fptrucha.inv.usc.es>
# name: hd
# type: matrix
# rows: 5
# columns: 2
 4617 -476
 8952 -238
 9013 0
 9119 238
 5647 476


