# Created by Octave 3.8.2, Mon Jun 22 06:38:32 2020 CEST <damian@fptrucha.inv.usc.es>
# name: hd
# type: matrix
# rows: 5
# columns: 2
 4366 -476
 8181 -238
 8170 0
 8093 238
 5364 476


