# Created by Octave 3.8.2, Mon Jun 22 16:09:19 2020 CEST <damian@fptrucha.inv.usc.es>
# name: hd
# type: matrix
# rows: 5
# columns: 2
 4653 -476
 8766 -238
 9019 0
 8807 238
 5793 476


