# Created by Octave 3.8.2, Mon Jun 22 15:34:37 2020 CEST <damian@fptrucha.inv.usc.es>
# name: hd
# type: matrix
# rows: 5
# columns: 2
 4495 -476
 8887 -238
 8894 0
 8838 238
 5494 476


