# Created by Octave 3.8.2, Sat Jun 20 15:59:15 2020 CEST <damian@fptrucha.inv.usc.es>
# name: hd
# type: matrix
# rows: 5
# columns: 2
 4500 -476
 8621 -238
 8834 0
 8904 238
 5520 476


