# Created by Octave 3.8.2, Sat Jun 20 08:13:49 2020 CEST <damian@fptrucha.inv.usc.es>
# name: hd
# type: matrix
# rows: 5
# columns: 2
 5052 -476
 9644 -238
 9952 0
 10011 238
 6075 476


