# Created by Octave 3.8.2, Mon Jun 22 05:09:40 2020 CEST <damian@fptrucha.inv.usc.es>
# name: hd
# type: matrix
# rows: 5
# columns: 2
 4089 -476
 7874 -238
 7910 0
 7841 238
 5201 476


