# Created by Octave 3.8.2, Mon Jun 22 03:09:44 2020 CEST <damian@fptrucha.inv.usc.es>
# name: hd
# type: matrix
# rows: 5
# columns: 2
 4176 -476
 8254 -238
 8104 0
 8125 238
 5162 476


