# Created by Octave 3.8.2, Sat Jun 20 07:40:29 2020 CEST <damian@fptrucha.inv.usc.es>
# name: hd
# type: matrix
# rows: 5
# columns: 2
 4983 -476
 9869 -238
 9862 0
 9835 238
 6188 476


