# Created by Octave 3.8.2, Sun Jun 21 07:14:26 2020 CEST <damian@fptrucha.inv.usc.es>
# name: hd
# type: matrix
# rows: 5
# columns: 2
 4460 -476
 8550 -238
 8714 0
 8646 238
 5446 476


