# Created by Octave 3.8.2, Sat Jun 20 21:13:19 2020 CEST <damian@fptrucha.inv.usc.es>
# name: hd
# type: matrix
# rows: 5
# columns: 2
 4271 -476
 8345 -238
 8642 0
 8551 238
 5333 476


