# Created by Octave 3.8.2, Sun Jun 21 02:56:00 2020 CEST <damian@fptrucha.inv.usc.es>
# name: hd
# type: matrix
# rows: 5
# columns: 2
 4134 -476
 8127 -238
 8299 0
 8373 238
 5291 476


