# Created by Octave 3.8.2, Mon Jun 22 23:13:55 2020 CEST <damian@fptrucha.inv.usc.es>
# name: hd
# type: matrix
# rows: 5
# columns: 2
 4888 -476
 9176 -238
 9410 0
 9251 238
 5752 476


