# Created by Octave 3.8.2, Mon Jun 22 14:52:20 2020 CEST <damian@fptrucha.inv.usc.es>
# name: hd
# type: matrix
# rows: 5
# columns: 2
 4464 -476
 8821 -238
 8862 0
 8761 238
 5479 476


