# Created by Octave 3.8.2, Sun Jun 21 05:48:57 2020 CEST <damian@fptrucha.inv.usc.es>
# name: hd
# type: matrix
# rows: 5
# columns: 2
 4282 -476
 8478 -238
 8489 0
 8413 238
 5335 476


