# Created by Octave 3.8.2, Sat Jun 20 18:06:21 2020 CEST <damian@fptrucha.inv.usc.es>
# name: hd
# type: matrix
# rows: 5
# columns: 2
 4298 -476
 8498 -238
 8723 0
 8854 238
 5342 476


