# Created by Octave 3.8.2, Sat Jun 20 08:43:50 2020 CEST <damian@fptrucha.inv.usc.es>
# name: hd
# type: matrix
# rows: 5
# columns: 2
 5009 -476
 9786 -238
 9804 0
 9846 238
 6254 476


