# Created by Octave 3.8.2, Sun Jun 21 00:12:39 2020 CEST <damian@fptrucha.inv.usc.es>
# name: hd
# type: matrix
# rows: 5
# columns: 2
 4255 -476
 8248 -238
 8492 0
 8309 238
 5220 476


