# Created by Octave 3.8.2, Sat Jun 20 03:02:05 2020 CEST <damian@fptrucha.inv.usc.es>
# name: hd
# type: matrix
# rows: 5
# columns: 2
 4773 -476
 9033 -238
 9410 0
 9450 238
 5795 476


