# Created by Octave 3.8.2, Mon Jun 22 21:33:51 2020 CEST <damian@fptrucha.inv.usc.es>
# name: hd
# type: matrix
# rows: 5
# columns: 2
 4569 -476
 9108 -238
 9092 0
 9245 238
 5811 476


