# Created by Octave 3.8.2, Sun Jun 21 00:44:35 2020 CEST <damian@fptrucha.inv.usc.es>
# name: hd
# type: matrix
# rows: 5
# columns: 2
 4165 -476
 8247 -238
 8490 0
 8284 238
 5238 476


