# Created by Octave 3.8.2, Mon Jun 22 15:09:32 2020 CEST <damian@fptrucha.inv.usc.es>
# name: hd
# type: matrix
# rows: 5
# columns: 2
 4468 -476
 8854 -238
 8780 0
 8854 238
 5605 476


