# Created by Octave 3.8.2, Sun Jun 21 00:24:32 2020 CEST <damian@fptrucha.inv.usc.es>
# name: hd
# type: matrix
# rows: 5
# columns: 2
 4247 -476
 8297 -238
 8463 0
 8408 238
 5110 476


