# Created by Octave 3.8.2, Mon Jun 22 02:21:50 2020 CEST <damian@fptrucha.inv.usc.es>
# name: hd
# type: matrix
# rows: 5
# columns: 2
 4373 -476
 8173 -238
 8421 0
 8467 238
 5302 476


