# Created by Octave 3.8.2, Mon Jun 22 01:22:05 2020 CEST <damian@fptrucha.inv.usc.es>
# name: hd
# type: matrix
# rows: 5
# columns: 2
 4169 -476
 8240 -238
 8595 0
 8529 238
 5363 476


