# Created by Octave 3.8.2, Sat Jun 20 06:42:04 2020 CEST <damian@fptrucha.inv.usc.es>
# name: hd
# type: matrix
# rows: 5
# columns: 2
 4900 -476
 9546 -238
 9507 0
 9645 238
 5962 476


