# Created by Octave 3.8.2, Mon Jun 22 07:06:41 2020 CEST <damian@fptrucha.inv.usc.es>
# name: hd
# type: matrix
# rows: 5
# columns: 2
 4190 -476
 8321 -238
 8214 0
 8055 238
 5185 476


