# Created by Octave 3.8.2, Sat Jun 20 03:49:29 2020 CEST <damian@fptrucha.inv.usc.es>
# name: hd
# type: matrix
# rows: 5
# columns: 2
 4853 -476
 9544 -238
 9422 0
 9465 238
 5869 476


