# Created by Octave 3.8.2, Sat Jun 20 09:04:41 2020 CEST <damian@fptrucha.inv.usc.es>
# name: hd
# type: matrix
# rows: 5
# columns: 2
 4912 -476
 9810 -238
 9793 0
 9865 238
 6113 476


