# Created by Octave 3.8.2, Mon Jun 22 18:44:11 2020 CEST <damian@fptrucha.inv.usc.es>
# name: hd
# type: matrix
# rows: 5
# columns: 2
 4611 -476
 9042 -238
 8891 0
 9076 238
 5715 476


