# Created by Octave 3.8.2, Sun Jun 21 06:21:53 2020 CEST <damian@fptrucha.inv.usc.es>
# name: hd
# type: matrix
# rows: 5
# columns: 2
 4313 -476
 7975 -238
 8369 0
 8422 238
 5255 476


