# Created by Octave 3.8.2, Sat Jun 20 16:14:40 2020 CEST <damian@fptrucha.inv.usc.es>
# name: hd
# type: matrix
# rows: 5
# columns: 2
 4373 -476
 8651 -238
 8752 0
 8984 238
 5543 476


