# Created by Octave 3.8.2, Mon Jun 22 03:42:37 2020 CEST <damian@fptrucha.inv.usc.es>
# name: hd
# type: matrix
# rows: 5
# columns: 2
 4332 -476
 8278 -238
 7947 0
 7898 238
 5211 476


