# Created by Octave 3.8.2, Mon Jun 22 06:05:54 2020 CEST <damian@fptrucha.inv.usc.es>
# name: hd
# type: matrix
# rows: 5
# columns: 2
 4315 -476
 8183 -238
 8078 0
 8182 238
 5316 476


