# Created by Octave 3.8.2, Mon Jun 22 06:21:52 2020 CEST <damian@fptrucha.inv.usc.es>
# name: hd
# type: matrix
# rows: 5
# columns: 2
 4309 -476
 8258 -238
 8060 0
 8042 238
 5258 476


