# Created by Octave 3.8.2, Mon Jun 22 18:30:56 2020 CEST <damian@fptrucha.inv.usc.es>
# name: hd
# type: matrix
# rows: 5
# columns: 2
 4490 -476
 9005 -238
 9072 0
 8927 238
 5711 476


