# Created by Octave 3.8.2, Mon Jun 22 09:07:50 2020 CEST <damian@fptrucha.inv.usc.es>
# name: hd
# type: matrix
# rows: 5
# columns: 2
 4302 -476
 8578 -238
 8492 0
 8181 238
 5162 476


