# Created by Octave 3.8.2, Sat Jun 20 17:18:55 2020 CEST <damian@fptrucha.inv.usc.es>
# name: hd
# type: matrix
# rows: 5
# columns: 2
 4382 -476
 8346 -238
 8781 0
 8806 238
 5413 476


