# Created by Octave 3.8.2, Mon Jun 22 21:14:14 2020 CEST <damian@fptrucha.inv.usc.es>
# name: hd
# type: matrix
# rows: 5
# columns: 2
 4803 -476
 9102 -238
 9223 0
 9172 238
 5739 476


