# Created by Octave 3.8.2, Mon Jun 22 04:44:26 2020 CEST <damian@fptrucha.inv.usc.es>
# name: hd
# type: matrix
# rows: 5
# columns: 2
 4080 -476
 7678 -238
 7697 0
 7678 238
 4999 476


