# Created by Octave 3.8.2, Sat Jun 20 23:41:51 2020 CEST <damian@fptrucha.inv.usc.es>
# name: hd
# type: matrix
# rows: 5
# columns: 2
 4242 -476
 8284 -238
 8548 0
 8592 238
 5261 476


