# Created by Octave 3.8.2, Mon Jun 22 07:28:22 2020 CEST <damian@fptrucha.inv.usc.es>
# name: hd
# type: matrix
# rows: 5
# columns: 2
 4378 -476
 8263 -238
 8221 0
 8148 238
 5326 476


