# Created by Octave 3.8.2, Mon Jun 22 23:33:59 2020 CEST <damian@fptrucha.inv.usc.es>
# name: hd
# type: matrix
# rows: 5
# columns: 2
 4796 -476
 9263 -238
 9336 0
 9587 238
 5762 476


