# Created by Octave 3.8.2, Mon Jun 22 15:52:00 2020 CEST <damian@fptrucha.inv.usc.es>
# name: hd
# type: matrix
# rows: 5
# columns: 2
 4388 -476
 8864 -238
 8979 0
 9081 238
 5730 476


