# Created by Octave 3.8.2, Sat Jun 20 18:05:03 2020 CEST <damian@fptrucha.inv.usc.es>
# name: hd
# type: matrix
# rows: 5
# columns: 2
 4459 -476
 8410 -238
 8678 0
 8591 238
 5466 476


