# Created by Octave 3.8.2, Mon Jun 22 15:47:32 2020 CEST <damian@fptrucha.inv.usc.es>
# name: hd
# type: matrix
# rows: 5
# columns: 2
 4576 -476
 9042 -238
 8994 0
 9067 238
 5718 476


