# Created by Octave 3.8.2, Mon Jun 22 08:10:11 2020 CEST <damian@fptrucha.inv.usc.es>
# name: hd
# type: matrix
# rows: 5
# columns: 2
 4322 -476
 8434 -238
 8283 0
 8207 238
 5161 476


