# Created by Octave 3.8.2, Mon Jun 22 08:44:51 2020 CEST <damian@fptrucha.inv.usc.es>
# name: hd
# type: matrix
# rows: 5
# columns: 2
 4388 -476
 8436 -238
 8365 0
 8392 238
 5309 476


