# Created by Octave 3.8.2, Mon Jun 22 10:24:33 2020 CEST <damian@fptrucha.inv.usc.es>
# name: hd
# type: matrix
# rows: 5
# columns: 2
 4464 -476
 8454 -238
 8606 0
 8559 238
 5369 476


