# Created by Octave 3.8.2, Sat Jun 20 11:33:34 2020 CEST <damian@fptrucha.inv.usc.es>
# name: hd
# type: matrix
# rows: 5
# columns: 2
 4769 -476
 9256 -238
 9592 0
 9480 238
 5966 476


