# Created by Octave 3.8.2, Sun Jun 21 04:45:05 2020 CEST <damian@fptrucha.inv.usc.es>
# name: hd
# type: matrix
# rows: 5
# columns: 2
 4317 -476
 8361 -238
 8669 0
 8456 238
 5363 476


