# Created by Octave 3.8.2, Sat Jun 20 15:41:54 2020 CEST <damian@fptrucha.inv.usc.es>
# name: hd
# type: matrix
# rows: 5
# columns: 2
 2943 -476
 5645 -238
 5864 0
 5823 238
 3678 476


