# Created by Octave 3.8.2, Sat Jun 20 15:48:33 2020 CEST <damian@fptrucha.inv.usc.es>
# name: hd
# type: matrix
# rows: 5
# columns: 2
 4548 -476
 8842 -238
 8852 0
 8819 238
 5445 476


