# Created by Octave 3.8.2, Sat Jun 20 05:16:51 2020 CEST <damian@fptrucha.inv.usc.es>
# name: hd
# type: matrix
# rows: 5
# columns: 2
 4816 -476
 9357 -238
 9659 0
 9525 238
 5998 476


