# Created by Octave 3.8.2, Mon Jun 22 20:15:50 2020 CEST <damian@fptrucha.inv.usc.es>
# name: hd
# type: matrix
# rows: 5
# columns: 2
 4520 -476
 8961 -238
 8927 0
 9103 238
 5774 476


