# Created by Octave 3.8.2, Mon Jun 22 17:40:47 2020 CEST <damian@fptrucha.inv.usc.es>
# name: hd
# type: matrix
# rows: 5
# columns: 2
 4662 -476
 8965 -238
 9135 0
 9036 238
 5605 476


