# Created by Octave 3.8.2, Sun Jun 21 00:43:30 2020 CEST <damian@fptrucha.inv.usc.es>
# name: hd
# type: matrix
# rows: 5
# columns: 2
 4279 -476
 8014 -238
 8379 0
 8404 238
 5348 476


