# Created by Octave 3.8.2, Sun Jun 21 05:52:17 2020 CEST <damian@fptrucha.inv.usc.es>
# name: hd
# type: matrix
# rows: 5
# columns: 2
 4333 -476
 8051 -238
 8447 0
 8560 238
 5407 476


