# Created by Octave 3.8.2, Mon Jun 22 21:46:26 2020 CEST <damian@fptrucha.inv.usc.es>
# name: hd
# type: matrix
# rows: 5
# columns: 2
 4630 -476
 9170 -238
 9274 0
 9283 238
 5840 476


