# Created by Octave 3.8.2, Mon Jun 22 15:00:47 2020 CEST <damian@fptrucha.inv.usc.es>
# name: hd
# type: matrix
# rows: 5
# columns: 2
 4603 -476
 9156 -238
 8874 0
 8906 238
 5607 476


