# Created by Octave 3.8.2, Sat Jun 20 12:39:39 2020 CEST <damian@fptrucha.inv.usc.es>
# name: hd
# type: matrix
# rows: 5
# columns: 2
 4851 -476
 9091 -238
 9451 0
 9408 238
 5895 476


