# Created by Octave 3.8.2, Mon Jun 22 19:58:30 2020 CEST <damian@fptrucha.inv.usc.es>
# name: hd
# type: matrix
# rows: 5
# columns: 2
 4614 -476
 8978 -238
 8930 0
 9191 238
 5755 476


