# Created by Octave 3.8.2, Mon Jun 22 16:32:12 2020 CEST <damian@fptrucha.inv.usc.es>
# name: hd
# type: matrix
# rows: 5
# columns: 2
 4529 -476
 9101 -238
 8733 0
 8952 238
 5599 476


