# Created by Octave 3.8.2, Sun Jun 21 05:17:24 2020 CEST <damian@fptrucha.inv.usc.es>
# name: hd
# type: matrix
# rows: 5
# columns: 2
 4424 -476
 8239 -238
 8598 0
 8733 238
 5408 476


