# Created by Octave 3.8.2, Sat Jun 20 14:05:57 2020 CEST <damian@fptrucha.inv.usc.es>
# name: hd
# type: matrix
# rows: 5
# columns: 2
 4645 -476
 8827 -238
 9189 0
 9371 238
 5703 476


