# Created by Octave 3.8.2, Sat Jun 20 18:09:00 2020 CEST <damian@fptrucha.inv.usc.es>
# name: hd
# type: matrix
# rows: 5
# columns: 2
 4343 -476
 8267 -238
 8775 0
 8594 238
 5573 476


