# Created by Octave 3.8.2, Mon Jun 22 21:19:45 2020 CEST <damian@fptrucha.inv.usc.es>
# name: hd
# type: matrix
# rows: 5
# columns: 2
 3140 -476
 5993 -238
 6205 0
 5988 238
 3874 476


