# Created by Octave 3.8.2, Mon Jun 22 17:01:35 2020 CEST <damian@fptrucha.inv.usc.es>
# name: hd
# type: matrix
# rows: 5
# columns: 2
 4529 -476
 8732 -238
 8795 0
 8845 238
 5743 476


