# Created by Octave 3.8.2, Sat Jun 20 11:24:57 2020 CEST <damian@fptrucha.inv.usc.es>
# name: hd
# type: matrix
# rows: 5
# columns: 2
 4812 -476
 9178 -238
 9442 0
 9459 238
 5936 476


