# Created by Octave 3.8.2, Mon Jun 22 17:00:28 2020 CEST <damian@fptrucha.inv.usc.es>
# name: hd
# type: matrix
# rows: 5
# columns: 2
 4605 -476
 8800 -238
 8892 0
 8877 238
 5663 476


