# Created by Octave 3.8.2, Mon Jun 22 04:55:40 2020 CEST <damian@fptrucha.inv.usc.es>
# name: hd
# type: matrix
# rows: 5
# columns: 2
 4057 -476
 7660 -238
 7699 0
 7523 238
 5121 476


