# Created by Octave 3.8.2, Mon Jun 22 02:47:04 2020 CEST <damian@fptrucha.inv.usc.es>
# name: hd
# type: matrix
# rows: 5
# columns: 2
 4304 -476
 8105 -238
 7821 0
 7950 238
 5051 476


