# Created by Octave 3.8.2, Mon Jun 22 22:08:31 2020 CEST <damian@fptrucha.inv.usc.es>
# name: hd
# type: matrix
# rows: 5
# columns: 2
 4573 -476
 9032 -238
 9302 0
 9367 238
 5713 476


