# Created by Octave 3.8.2, Mon Jun 22 17:44:17 2020 CEST <damian@fptrucha.inv.usc.es>
# name: hd
# type: matrix
# rows: 5
# columns: 2
 4694 -476
 8993 -238
 9058 0
 9073 238
 5755 476


