# Created by Octave 3.8.2, Sat Jun 20 23:05:14 2020 CEST <damian@fptrucha.inv.usc.es>
# name: hd
# type: matrix
# rows: 5
# columns: 2
 4262 -476
 8338 -238
 8490 0
 8521 238
 5378 476


