# Created by Octave 3.8.2, Mon Jun 22 04:39:49 2020 CEST <damian@fptrucha.inv.usc.es>
# name: hd
# type: matrix
# rows: 5
# columns: 2
 2637 -476
 5207 -238
 5178 0
 5151 238
 3368 476


