# Created by Octave 3.8.2, Mon Jun 22 03:16:04 2020 CEST <damian@fptrucha.inv.usc.es>
# name: hd
# type: matrix
# rows: 5
# columns: 2
 2821 -476
 5269 -238
 5220 0
 5409 238
 3524 476


