# Created by Octave 3.8.2, Sat Jun 20 20:01:05 2020 CEST <damian@fptrucha.inv.usc.es>
# name: hd
# type: matrix
# rows: 5
# columns: 2
 4395 -476
 8484 -238
 8748 0
 8680 238
 5348 476


