# Created by Octave 3.8.2, Sat Jun 20 22:12:38 2020 CEST <damian@fptrucha.inv.usc.es>
# name: hd
# type: matrix
# rows: 5
# columns: 2
 2768 -476
 5469 -238
 5738 0
 5697 238
 3542 476


