# Created by Octave 3.8.2, Sun Jun 21 00:37:08 2020 CEST <damian@fptrucha.inv.usc.es>
# name: hd
# type: matrix
# rows: 5
# columns: 2
 4289 -476
 8300 -238
 8455 0
 8477 238
 5240 476


