# Created by Octave 3.8.2, Mon Jun 22 05:50:27 2020 CEST <damian@fptrucha.inv.usc.es>
# name: hd
# type: matrix
# rows: 5
# columns: 2
 4327 -476
 8116 -238
 7898 0
 7902 238
 5245 476


