# Created by Octave 3.8.2, Mon Jun 22 10:59:39 2020 CEST <damian@fptrucha.inv.usc.es>
# name: hd
# type: matrix
# rows: 5
# columns: 2
 4542 -476
 8628 -238
 8433 0
 8312 238
 5438 476


