# Created by Octave 3.8.2, Mon Jun 22 01:51:31 2020 CEST <damian@fptrucha.inv.usc.es>
# name: hd
# type: matrix
# rows: 5
# columns: 2
 4478 -476
 8624 -238
 8820 0
 8881 238
 5574 476


