# Created by Octave 3.8.2, Mon Jun 22 08:07:33 2020 CEST <damian@fptrucha.inv.usc.es>
# name: hd
# type: matrix
# rows: 5
# columns: 2
 4355 -476
 8244 -238
 8150 0
 8324 238
 5285 476


