# Created by Octave 3.8.2, Sat Jun 20 15:44:33 2020 CEST <damian@fptrucha.inv.usc.es>
# name: hd
# type: matrix
# rows: 5
# columns: 2
 4527 -476
 8609 -238
 8913 0
 8718 238
 5462 476


