# Created by Octave 3.8.2, Mon Jun 22 02:18:52 2020 CEST <damian@fptrucha.inv.usc.es>
# name: hd
# type: matrix
# rows: 5
# columns: 2
 4447 -476
 8125 -238
 8409 0
 8421 238
 5357 476


