# Created by Octave 3.8.2, Mon Jun 22 16:49:41 2020 CEST <damian@fptrucha.inv.usc.es>
# name: hd
# type: matrix
# rows: 5
# columns: 2
 4652 -476
 8962 -238
 8835 0
 8894 238
 5522 476


