# Created by Octave 3.8.2, Mon Jun 22 14:51:16 2020 CEST <damian@fptrucha.inv.usc.es>
# name: hd
# type: matrix
# rows: 5
# columns: 2
 4537 -476
 8983 -238
 8914 0
 8942 238
 5550 476


