# Created by Octave 3.8.2, Mon Jun 22 13:25:39 2020 CEST <damian@fptrucha.inv.usc.es>
# name: hd
# type: matrix
# rows: 5
# columns: 2
 4466 -476
 8733 -238
 8757 0
 8669 238
 5632 476


