# Created by Octave 3.8.2, Mon Jun 22 10:01:34 2020 CEST <damian@fptrucha.inv.usc.es>
# name: hd
# type: matrix
# rows: 5
# columns: 2
 4414 -476
 8590 -238
 8618 0
 8579 238
 5488 476


