# Created by Octave 3.8.2, Mon Jun 22 10:40:03 2020 CEST <damian@fptrucha.inv.usc.es>
# name: hd
# type: matrix
# rows: 5
# columns: 2
 4390 -476
 8364 -238
 8372 0
 8461 238
 5449 476


