# Created by Octave 3.8.2, Mon Jun 22 16:04:56 2020 CEST <damian@fptrucha.inv.usc.es>
# name: hd
# type: matrix
# rows: 5
# columns: 2
 4575 -476
 9118 -238
 9096 0
 8996 238
 5624 476


