# Created by Octave 3.8.2, Mon Jun 22 12:50:08 2020 CEST <damian@fptrucha.inv.usc.es>
# name: hd
# type: matrix
# rows: 5
# columns: 2
 4513 -476
 8708 -238
 8487 0
 8858 238
 5579 476


