# Created by Octave 3.8.2, Mon Jun 22 08:49:37 2020 CEST <damian@fptrucha.inv.usc.es>
# name: hd
# type: matrix
# rows: 5
# columns: 2
 4349 -476
 8362 -238
 8183 0
 8387 238
 5443 476


