# Created by Octave 3.8.2, Sat Jun 20 15:02:46 2020 CEST <damian@fptrucha.inv.usc.es>
# name: hd
# type: matrix
# rows: 5
# columns: 2
 4469 -476
 8886 -238
 9192 0
 9008 238
 5634 476


