# Created by Octave 3.8.2, Sat Jun 20 08:16:14 2020 CEST <damian@fptrucha.inv.usc.es>
# name: hd
# type: matrix
# rows: 5
# columns: 2
 4987 -476
 9753 -238
 10131 0
 9932 238
 6084 476


