# Created by Octave 3.8.2, Sun Jun 21 00:08:44 2020 CEST <damian@fptrucha.inv.usc.es>
# name: hd
# type: matrix
# rows: 5
# columns: 2
 4286 -476
 8292 -238
 8529 0
 8442 238
 5183 476


