# Created by Octave 3.8.2, Sat Jun 20 02:17:55 2020 CEST <damian@fptrucha.inv.usc.es>
# name: hd
# type: matrix
# rows: 5
# columns: 2
 4772 -476
 9209 -238
 9355 0
 9355 238
 5755 476


