# Created by Octave 3.8.2, Mon Jun 22 08:40:41 2020 CEST <damian@fptrucha.inv.usc.es>
# name: hd
# type: matrix
# rows: 5
# columns: 2
 4284 -476
 8305 -238
 8380 0
 8434 238
 5263 476


