# Created by Octave 3.8.2, Mon Jun 22 06:27:37 2020 CEST <damian@fptrucha.inv.usc.es>
# name: hd
# type: matrix
# rows: 5
# columns: 2
 4166 -476
 8331 -238
 8157 0
 8033 238
 5168 476


