# Created by Octave 3.8.2, Sun Jun 21 03:46:13 2020 CEST <damian@fptrucha.inv.usc.es>
# name: hd
# type: matrix
# rows: 5
# columns: 2
 4364 -476
 8387 -238
 8704 0
 8564 238
 5188 476


