# Created by Octave 3.8.2, Mon Jun 22 10:17:35 2020 CEST <damian@fptrucha.inv.usc.es>
# name: hd
# type: matrix
# rows: 5
# columns: 2
 4386 -476
 8575 -238
 8596 0
 8339 238
 5406 476


