# Created by Octave 3.8.2, Mon Jun 22 12:12:37 2020 CEST <damian@fptrucha.inv.usc.es>
# name: hd
# type: matrix
# rows: 5
# columns: 2
 4432 -476
 8497 -238
 8532 0
 8572 238
 5396 476


