# Created by Octave 3.8.2, Sun Jun 21 04:43:57 2020 CEST <damian@fptrucha.inv.usc.es>
# name: hd
# type: matrix
# rows: 5
# columns: 2
 4257 -476
 8382 -238
 8478 0
 8568 238
 5438 476


