# Created by Octave 3.8.2, Sat Jun 20 17:29:29 2020 CEST <damian@fptrucha.inv.usc.es>
# name: hd
# type: matrix
# rows: 5
# columns: 2
 4541 -476
 8517 -238
 8820 0
 8813 238
 5484 476


