# Created by Octave 3.8.2, Mon Jun 22 18:05:19 2020 CEST <damian@fptrucha.inv.usc.es>
# name: hd
# type: matrix
# rows: 5
# columns: 2
 4578 -476
 8808 -238
 8942 0
 8942 238
 5502 476


