# Created by Octave 3.8.2, Mon Jun 22 06:01:17 2020 CEST <damian@fptrucha.inv.usc.es>
# name: hd
# type: matrix
# rows: 5
# columns: 2
 4220 -476
 8223 -238
 7992 0
 7924 238
 5274 476


