# Created by Octave 3.8.2, Sat Jun 20 07:33:09 2020 CEST <damian@fptrucha.inv.usc.es>
# name: hd
# type: matrix
# rows: 5
# columns: 2
 4835 -476
 9667 -238
 9762 0
 9734 238
 6054 476


