# Created by Octave 3.8.2, Sun Jun 21 01:34:30 2020 CEST <damian@fptrucha.inv.usc.es>
# name: hd
# type: matrix
# rows: 5
# columns: 2
 4284 -476
 8268 -238
 8505 0
 8477 238
 5267 476


