# Created by Octave 3.8.2, Mon Jun 22 05:45:55 2020 CEST <damian@fptrucha.inv.usc.es>
# name: hd
# type: matrix
# rows: 5
# columns: 2
 4232 -476
 8056 -238
 8047 0
 7987 238
 5223 476


