# Created by Octave 3.8.2, Sat Jun 20 23:33:50 2020 CEST <damian@fptrucha.inv.usc.es>
# name: hd
# type: matrix
# rows: 5
# columns: 2
 4257 -476
 8450 -238
 8428 0
 8622 238
 5301 476


