# Created by Octave 3.8.2, Mon Jun 22 04:31:47 2020 CEST <damian@fptrucha.inv.usc.es>
# name: hd
# type: matrix
# rows: 5
# columns: 2
 3998 -476
 7649 -238
 7744 0
 7712 238
 4891 476


