# Created by Octave 3.8.2, Sat Jun 20 21:45:02 2020 CEST <damian@fptrucha.inv.usc.es>
# name: hd
# type: matrix
# rows: 5
# columns: 2
 4318 -476
 8282 -238
 8516 0
 8480 238
 5229 476


