# Created by Octave 3.8.2, Mon Jun 22 20:22:23 2020 CEST <damian@fptrucha.inv.usc.es>
# name: hd
# type: matrix
# rows: 5
# columns: 2
 4597 -476
 8824 -238
 9096 0
 9190 238
 5783 476


