# Created by Octave 3.8.2, Sat Jun 20 05:35:30 2020 CEST <damian@fptrucha.inv.usc.es>
# name: hd
# type: matrix
# rows: 5
# columns: 2
 4978 -476
 9553 -238
 9645 0
 9792 238
 5951 476


