# Created by Octave 3.8.2, Sun Jun 21 06:12:03 2020 CEST <damian@fptrucha.inv.usc.es>
# name: hd
# type: matrix
# rows: 5
# columns: 2
 4333 -476
 8352 -238
 8630 0
 8583 238
 5482 476


