# Created by Octave 3.8.2, Mon Jun 22 11:02:52 2020 CEST <damian@fptrucha.inv.usc.es>
# name: hd
# type: matrix
# rows: 5
# columns: 2
 4454 -476
 8700 -238
 8606 0
 8797 238
 5477 476


