# Created by Octave 3.8.2, Sat Jun 20 21:48:56 2020 CEST <damian@fptrucha.inv.usc.es>
# name: hd
# type: matrix
# rows: 5
# columns: 2
 4303 -476
 8331 -238
 8492 0
 8546 238
 5385 476


