# Created by Octave 3.8.2, Sat Jun 20 02:26:54 2020 CEST <damian@fptrucha.inv.usc.es>
# name: hd
# type: matrix
# rows: 5
# columns: 2
 4789 -476
 9068 -238
 9299 0
 9106 238
 5842 476


