# Created by Octave 3.8.2, Sun Jun 21 01:03:48 2020 CEST <damian@fptrucha.inv.usc.es>
# name: hd
# type: matrix
# rows: 5
# columns: 2
 4312 -476
 8256 -238
 8381 0
 8443 238
 5190 476


