# Created by Octave 3.8.2, Sat Jun 20 22:41:02 2020 CEST <damian@fptrucha.inv.usc.es>
# name: hd
# type: matrix
# rows: 5
# columns: 2
 4254 -476
 8338 -238
 8578 0
 8792 238
 5319 476


