# Created by Octave 3.8.2, Mon Jun 22 10:35:06 2020 CEST <damian@fptrucha.inv.usc.es>
# name: hd
# type: matrix
# rows: 5
# columns: 2
 4379 -476
 8539 -238
 8590 0
 8709 238
 5450 476


