# Created by Octave 3.8.2, Mon Jun 22 09:10:58 2020 CEST <damian@fptrucha.inv.usc.es>
# name: hd
# type: matrix
# rows: 5
# columns: 2
 4403 -476
 8246 -238
 8158 0
 8327 238
 5364 476


