# Created by Octave 3.8.2, Sat Jun 20 18:48:30 2020 CEST <damian@fptrucha.inv.usc.es>
# name: hd
# type: matrix
# rows: 5
# columns: 2
 4379 -476
 8295 -238
 8732 0
 8737 238
 5489 476


