# Created by Octave 3.8.2, Mon Jun 22 09:35:23 2020 CEST <damian@fptrucha.inv.usc.es>
# name: hd
# type: matrix
# rows: 5
# columns: 2
 4261 -476
 8457 -238
 8271 0
 8485 238
 5291 476


