# Created by Octave 3.8.2, Mon Jun 22 15:13:58 2020 CEST <damian@fptrucha.inv.usc.es>
# name: hd
# type: matrix
# rows: 5
# columns: 2
 4591 -476
 8891 -238
 8794 0
 8999 238
 5551 476


