# Created by Octave 3.8.2, Sun Jun 21 08:01:22 2020 CEST <damian@fptrucha.inv.usc.es>
# name: hd
# type: matrix
# rows: 5
# columns: 2
 4476 -476
 8659 -238
 8766 0
 8761 238
 5513 476


