# Created by Octave 3.8.2, Sat Jun 20 17:25:31 2020 CEST <damian@fptrucha.inv.usc.es>
# name: hd
# type: matrix
# rows: 5
# columns: 2
 4355 -476
 8423 -238
 8810 0
 8888 238
 5346 476


