# Created by Octave 3.8.2, Mon Jun 22 12:46:14 2020 CEST <damian@fptrucha.inv.usc.es>
# name: hd
# type: matrix
# rows: 5
# columns: 2
 4538 -476
 8685 -238
 8728 0
 8682 238
 5592 476


