# Created by Octave 3.8.2, Mon Jun 22 17:36:16 2020 CEST <damian@fptrucha.inv.usc.es>
# name: hd
# type: matrix
# rows: 5
# columns: 2
 3011 -476
 5835 -238
 6044 0
 5954 238
 3743 476


