# Created by Octave 3.8.2, Mon Jun 22 13:20:42 2020 CEST <damian@fptrucha.inv.usc.es>
# name: hd
# type: matrix
# rows: 5
# columns: 2
 4500 -476
 8967 -238
 8807 0
 8696 238
 5507 476


