# Created by Octave 3.8.2, Mon Jun 22 09:20:14 2020 CEST <damian@fptrucha.inv.usc.es>
# name: hd
# type: matrix
# rows: 5
# columns: 2
 4327 -476
 8571 -238
 8302 0
 8306 238
 5302 476


