# Created by Octave 3.8.2, Sun Jun 21 06:54:16 2020 CEST <damian@fptrucha.inv.usc.es>
# name: hd
# type: matrix
# rows: 5
# columns: 2
 4172 -476
 8112 -238
 8296 0
 8365 238
 5170 476


