# Created by Octave 3.8.2, Mon Jun 22 19:46:11 2020 CEST <damian@fptrucha.inv.usc.es>
# name: hd
# type: matrix
# rows: 5
# columns: 2
 4659 -476
 9084 -238
 9046 0
 9338 238
 5725 476


