# Created by Octave 3.8.2, Mon Jun 22 16:18:54 2020 CEST <damian@fptrucha.inv.usc.es>
# name: hd
# type: matrix
# rows: 5
# columns: 2
 4484 -476
 8854 -238
 8988 0
 8893 238
 5735 476


