# Created by Octave 3.8.2, Mon Jun 22 18:03:00 2020 CEST <damian@fptrucha.inv.usc.es>
# name: hd
# type: matrix
# rows: 5
# columns: 2
 4582 -476
 8852 -238
 9033 0
 8931 238
 5608 476


