# Created by Octave 3.8.2, Sat Jun 20 18:32:03 2020 CEST <damian@fptrucha.inv.usc.es>
# name: hd
# type: matrix
# rows: 5
# columns: 2
 4419 -476
 8488 -238
 8765 0
 8673 238
 5452 476


