# Created by Octave 3.8.2, Sat Jun 20 23:40:31 2020 CEST <damian@fptrucha.inv.usc.es>
# name: hd
# type: matrix
# rows: 5
# columns: 2
 4259 -476
 8327 -238
 8531 0
 8295 238
 5214 476


