# Created by Octave 3.8.2, Mon Jun 22 13:48:57 2020 CEST <damian@fptrucha.inv.usc.es>
# name: hd
# type: matrix
# rows: 5
# columns: 2
 4589 -476
 8716 -238
 8764 0
 8624 238
 5564 476


