# Created by Octave 3.8.2, Mon Jun 22 10:08:05 2020 CEST <damian@fptrucha.inv.usc.es>
# name: hd
# type: matrix
# rows: 5
# columns: 2
 4333 -476
 8408 -238
 8285 0
 8521 238
 5340 476


