# Created by Octave 3.8.2, Sun Jun 21 02:32:26 2020 CEST <damian@fptrucha.inv.usc.es>
# name: hd
# type: matrix
# rows: 5
# columns: 2
 4173 -476
 7959 -238
 8480 0
 8410 238
 5301 476


