# Created by Octave 3.8.2, Sat Jun 20 15:20:57 2020 CEST <damian@fptrucha.inv.usc.es>
# name: hd
# type: matrix
# rows: 5
# columns: 2
 4474 -476
 8657 -238
 8941 0
 8845 238
 5500 476


