# Created by Octave 3.8.2, Sun Jun 21 05:12:56 2020 CEST <damian@fptrucha.inv.usc.es>
# name: hd
# type: matrix
# rows: 5
# columns: 2
 4299 -476
 8344 -238
 8528 0
 8465 238
 5418 476


