# Created by Octave 3.8.2, Sun Jun 21 07:19:46 2020 CEST <damian@fptrucha.inv.usc.es>
# name: hd
# type: matrix
# rows: 5
# columns: 2
 2775 -476
 5267 -238
 5605 0
 5525 238
 3615 476


