# Created by Octave 3.8.2, Sun Jun 21 05:58:53 2020 CEST <damian@fptrucha.inv.usc.es>
# name: hd
# type: matrix
# rows: 5
# columns: 2
 4254 -476
 7937 -238
 8343 0
 8191 238
 5131 476


