# Created by Octave 3.8.2, Mon Jun 22 07:51:03 2020 CEST <damian@fptrucha.inv.usc.es>
# name: hd
# type: matrix
# rows: 5
# columns: 2
 2821 -476
 5521 -238
 5473 0
 5337 238
 3436 476


