# Created by Octave 3.8.2, Mon Jun 22 08:33:31 2020 CEST <damian@fptrucha.inv.usc.es>
# name: hd
# type: matrix
# rows: 5
# columns: 2
 4304 -476
 8246 -238
 8313 0
 8448 238
 5447 476


