# Created by Octave 3.8.2, Sat Jun 20 09:58:54 2020 CEST <damian@fptrucha.inv.usc.es>
# name: hd
# type: matrix
# rows: 5
# columns: 2
 3253 -476
 6470 -238
 6541 0
 6587 238
 3998 476


