# Created by Octave 3.8.2, Sat Jun 20 22:44:52 2020 CEST <damian@fptrucha.inv.usc.es>
# name: hd
# type: matrix
# rows: 5
# columns: 2
 4319 -476
 8286 -238
 8559 0
 8543 238
 5396 476


