# Created by Octave 3.8.2, Mon Jun 22 09:17:07 2020 CEST <damian@fptrucha.inv.usc.es>
# name: hd
# type: matrix
# rows: 5
# columns: 2
 4320 -476
 8270 -238
 8428 0
 8200 238
 5331 476


