# Created by Octave 3.8.2, Sat Jun 20 18:16:53 2020 CEST <damian@fptrucha.inv.usc.es>
# name: hd
# type: matrix
# rows: 5
# columns: 2
 4461 -476
 8311 -238
 8624 0
 8526 238
 5443 476


