# Created by Octave 3.8.2, Mon Jun 22 06:04:55 2020 CEST <damian@fptrucha.inv.usc.es>
# name: hd
# type: matrix
# rows: 5
# columns: 2
 2858 -476
 5365 -238
 5261 0
 5190 238
 3517 476


