# Created by Octave 3.8.2, Sat Jun 20 08:06:32 2020 CEST <damian@fptrucha.inv.usc.es>
# name: hd
# type: matrix
# rows: 5
# columns: 2
 5009 -476
 9633 -238
 9945 0
 9770 238
 6183 476


