# Created by Octave 3.8.2, Sat Jun 20 06:57:22 2020 CEST <damian@fptrucha.inv.usc.es>
# name: hd
# type: matrix
# rows: 5
# columns: 2
 3275 -476
 6325 -238
 6333 0
 6509 238
 3982 476


