# Created by Octave 3.8.2, Mon Jun 22 07:29:25 2020 CEST <damian@fptrucha.inv.usc.es>
# name: hd
# type: matrix
# rows: 5
# columns: 2
 4252 -476
 8330 -238
 8307 0
 8128 238
 5332 476


