# Created by Octave 3.8.2, Mon Jun 22 01:13:24 2020 CEST <damian@fptrucha.inv.usc.es>
# name: hd
# type: matrix
# rows: 5
# columns: 2
 4229 -476
 8408 -238
 8529 0
 8561 238
 5499 476


