# Created by Octave 3.8.2, Sat Jun 20 10:59:44 2020 CEST <damian@fptrucha.inv.usc.es>
# name: hd
# type: matrix
# rows: 5
# columns: 2
 4861 -476
 9533 -238
 9771 0
 9628 238
 5871 476


