# Created by Octave 3.8.2, Mon Jun 22 14:07:50 2020 CEST <damian@fptrucha.inv.usc.es>
# name: hd
# type: matrix
# rows: 5
# columns: 2
 4492 -476
 8732 -238
 8658 0
 8713 238
 5625 476


