# Created by Octave 3.8.2, Mon Jun 22 03:45:28 2020 CEST <damian@fptrucha.inv.usc.es>
# name: hd
# type: matrix
# rows: 5
# columns: 2
 4149 -476
 7949 -238
 8031 0
 8056 238
 5250 476


