# Created by Octave 3.8.2, Mon Jun 22 22:20:24 2020 CEST <damian@fptrucha.inv.usc.es>
# name: hd
# type: matrix
# rows: 5
# columns: 2
 4654 -476
 9199 -238
 9220 0
 9287 238
 5695 476


