# Created by Octave 3.8.2, Mon Jun 22 18:43:04 2020 CEST <damian@fptrucha.inv.usc.es>
# name: hd
# type: matrix
# rows: 5
# columns: 2
 4581 -476
 9096 -238
 9096 0
 9059 238
 5705 476


