# Created by Octave 3.8.2, Sun Jun 21 04:55:12 2020 CEST <damian@fptrucha.inv.usc.es>
# name: hd
# type: matrix
# rows: 5
# columns: 2
 4353 -476
 8535 -238
 8638 0
 8623 238
 5271 476


