# Created by Octave 3.8.2, Mon Jun 22 14:23:30 2020 CEST <damian@fptrucha.inv.usc.es>
# name: hd
# type: matrix
# rows: 5
# columns: 2
 4401 -476
 8615 -238
 8596 0
 8392 238
 5412 476


