# Created by Octave 3.8.2, Mon Jun 22 23:11:34 2020 CEST <damian@fptrucha.inv.usc.es>
# name: hd
# type: matrix
# rows: 5
# columns: 2
 3666 -476
 7155 -238
 7099 0
 7237 238
 4604 476


