# Created by Octave 3.8.2, Sun Jun 21 06:09:50 2020 CEST <damian@fptrucha.inv.usc.es>
# name: hd
# type: matrix
# rows: 5
# columns: 2
 4309 -476
 8224 -238
 8672 0
 8606 238
 5287 476


