# Created by Octave 3.8.2, Mon Jun 22 02:11:42 2020 CEST <damian@fptrucha.inv.usc.es>
# name: hd
# type: matrix
# rows: 5
# columns: 2
 4296 -476
 8076 -238
 8131 0
 8324 238
 5367 476


