# Created by Octave 3.8.2, Mon Jun 22 19:28:08 2020 CEST <damian@fptrucha.inv.usc.es>
# name: hd
# type: matrix
# rows: 5
# columns: 2
 4631 -476
 9016 -238
 8900 0
 8957 238
 5813 476


