# Created by Octave 3.8.2, Mon Jun 22 15:20:14 2020 CEST <damian@fptrucha.inv.usc.es>
# name: hd
# type: matrix
# rows: 5
# columns: 2
 4615 -476
 9085 -238
 9039 0
 8857 238
 5620 476


