# Created by Octave 3.8.2, Mon Jun 22 11:44:13 2020 CEST <damian@fptrucha.inv.usc.es>
# name: hd
# type: matrix
# rows: 5
# columns: 2
 4491 -476
 8526 -238
 8471 0
 8346 238
 5407 476


