# Created by Octave 3.8.2, Mon Jun 22 05:12:29 2020 CEST <damian@fptrucha.inv.usc.es>
# name: hd
# type: matrix
# rows: 5
# columns: 2
 4050 -476
 7857 -238
 7959 0
 7899 238
 5222 476


