# Created by Octave 3.8.2, Mon Jun 22 19:38:06 2020 CEST <damian@fptrucha.inv.usc.es>
# name: hd
# type: matrix
# rows: 5
# columns: 2
 4612 -476
 9052 -238
 9027 0
 9125 238
 5643 476


