# Created by Octave 3.8.2, Mon Jun 22 11:17:16 2020 CEST <damian@fptrucha.inv.usc.es>
# name: hd
# type: matrix
# rows: 5
# columns: 2
 4458 -476
 8548 -238
 8448 0
 8509 238
 5508 476


