# Created by Octave 3.8.2, Mon Jun 22 10:10:12 2020 CEST <damian@fptrucha.inv.usc.es>
# name: hd
# type: matrix
# rows: 5
# columns: 2
 4371 -476
 8382 -238
 8479 0
 8410 238
 5392 476


