# Created by Octave 3.8.2, Mon Jun 22 18:48:48 2020 CEST <damian@fptrucha.inv.usc.es>
# name: hd
# type: matrix
# rows: 5
# columns: 2
 4542 -476
 8900 -238
 9050 0
 9102 238
 5824 476


