# Created by Octave 3.8.2, Mon Jun 22 14:53:26 2020 CEST <damian@fptrucha.inv.usc.es>
# name: hd
# type: matrix
# rows: 5
# columns: 2
 4649 -476
 8769 -238
 8794 0
 8744 238
 5676 476


