# Created by Octave 3.8.2, Sat Jun 20 05:28:20 2020 CEST <damian@fptrucha.inv.usc.es>
# name: hd
# type: matrix
# rows: 5
# columns: 2
 4840 -476
 9232 -238
 9686 0
 9589 238
 5925 476


