# Created by Octave 3.8.2, Mon Jun 22 15:43:02 2020 CEST <damian@fptrucha.inv.usc.es>
# name: hd
# type: matrix
# rows: 5
# columns: 2
 4514 -476
 9036 -238
 9080 0
 8916 238
 5700 476


