# Created by Octave 3.8.2, Mon Jun 22 16:41:48 2020 CEST <damian@fptrucha.inv.usc.es>
# name: hd
# type: matrix
# rows: 5
# columns: 2
 4674 -476
 8938 -238
 8879 0
 8875 238
 5576 476


