# Created by Octave 3.8.2, Mon Jun 22 20:18:54 2020 CEST <damian@fptrucha.inv.usc.es>
# name: hd
# type: matrix
# rows: 5
# columns: 2
 4583 -476
 8997 -238
 9213 0
 9046 238
 5587 476


