# Created by Octave 3.8.2, Sat Jun 20 14:30:45 2020 CEST <damian@fptrucha.inv.usc.es>
# name: hd
# type: matrix
# rows: 5
# columns: 2
 3053 -476
 5899 -238
 6103 0
 6069 238
 3874 476


