# Created by Octave 3.8.2, Sat Jun 20 21:46:22 2020 CEST <damian@fptrucha.inv.usc.es>
# name: hd
# type: matrix
# rows: 5
# columns: 2
 4343 -476
 8146 -238
 8715 0
 8487 238
 5388 476


