# Created by Octave 3.8.2, Sat Jun 20 03:27:55 2020 CEST <damian@fptrucha.inv.usc.es>
# name: hd
# type: matrix
# rows: 5
# columns: 2
 4807 -476
 9138 -238
 9498 0
 9420 238
 5896 476


