# Created by Octave 3.8.2, Sat Jun 20 08:51:15 2020 CEST <damian@fptrucha.inv.usc.es>
# name: hd
# type: matrix
# rows: 5
# columns: 2
 5014 -476
 9803 -238
 10009 0
 9823 238
 6096 476


