# Created by Octave 3.8.2, Mon Jun 22 02:27:54 2020 CEST <damian@fptrucha.inv.usc.es>
# name: hd
# type: matrix
# rows: 5
# columns: 2
 17 -476
 14 -238
 63 0
 134 238
 22 476


