# Created by Octave 3.8.2, Sun Jun 21 04:57:25 2020 CEST <damian@fptrucha.inv.usc.es>
# name: hd
# type: matrix
# rows: 5
# columns: 2
 4397 -476
 8400 -238
 8724 0
 8543 238
 5333 476


