# Created by Octave 3.8.2, Sat Jun 20 12:09:04 2020 CEST <damian@fptrucha.inv.usc.es>
# name: hd
# type: matrix
# rows: 5
# columns: 2
 4829 -476
 9002 -238
 9494 0
 9601 238
 5853 476


