# Created by Octave 3.8.2, Sat Jun 20 16:13:20 2020 CEST <damian@fptrucha.inv.usc.es>
# name: hd
# type: matrix
# rows: 5
# columns: 2
 4356 -476
 8624 -238
 8831 0
 8871 238
 5487 476


