# Created by Octave 3.8.2, Sat Jun 20 18:46:21 2020 CEST <damian@fptrucha.inv.usc.es>
# name: hd
# type: matrix
# rows: 5
# columns: 2
 4397 -476
 8556 -238
 8871 0
 8512 238
 5401 476


