# Created by Octave 3.8.2, Mon Jun 22 03:57:37 2020 CEST <damian@fptrucha.inv.usc.es>
# name: hd
# type: matrix
# rows: 5
# columns: 2
 4169 -476
 7993 -238
 7973 0
 7977 238
 5063 476


