# Created by Octave 3.8.2, Mon Jun 22 01:54:42 2020 CEST <damian@fptrucha.inv.usc.es>
# name: hd
# type: matrix
# rows: 5
# columns: 2
 4565 -476
 8603 -238
 8626 0
 8901 238
 5543 476


