# Created by Octave 3.8.2, Sun Jun 21 00:20:14 2020 CEST <damian@fptrucha.inv.usc.es>
# name: hd
# type: matrix
# rows: 5
# columns: 2
 4172 -476
 8145 -238
 8442 0
 8435 238
 5144 476


