# Created by Octave 3.8.2, Mon Jun 22 15:08:26 2020 CEST <damian@fptrucha.inv.usc.es>
# name: hd
# type: matrix
# rows: 5
# columns: 2
 4568 -476
 8947 -238
 8825 0
 8902 238
 5639 476


