# Created by Octave 3.8.2, Sat Jun 20 02:26:54 2020 CEST <damian@fptrucha.inv.usc.es>
# name: hd
# type: matrix
# rows: 5
# columns: 2
 5459 -476
 8240 -238
 8995 0
 8487 238
 6923 476


