# Created by Octave 3.8.2, Sat Jun 20 07:16:20 2020 CEST <damian@fptrucha.inv.usc.es>
# name: hd
# type: matrix
# rows: 5
# columns: 2
 5739 -476
 8624 -238
 9457 0
 9194 238
 7143 476


