# Created by Octave 3.8.2, Mon Jun 22 21:37:26 2020 CEST <damian@fptrucha.inv.usc.es>
# name: hd
# type: matrix
# rows: 5
# columns: 2
 5439 -476
 8212 -238
 8833 0
 8462 238
 6913 476


