# Created by Octave 3.8.2, Mon Jun 22 23:46:01 2020 CEST <damian@fptrucha.inv.usc.es>
# name: hd
# type: matrix
# rows: 5
# columns: 2
 5523 -476
 8311 -238
 8894 0
 8844 238
 6881 476


