# Created by Octave 3.8.2, Sat Jun 20 15:59:16 2020 CEST <damian@fptrucha.inv.usc.es>
# name: hd
# type: matrix
# rows: 5
# columns: 2
 5231 -476
 7936 -238
 8515 0
 8173 238
 6524 476


