# Created by Octave 3.8.2, Mon Jun 22 05:43:58 2020 CEST <damian@fptrucha.inv.usc.es>
# name: hd
# type: matrix
# rows: 5
# columns: 2
 5060 -476
 7218 -238
 7590 0
 7296 238
 6218 476


