# Created by Octave 3.8.2, Sat Jun 20 07:57:40 2020 CEST <damian@fptrucha.inv.usc.es>
# name: hd
# type: matrix
# rows: 5
# columns: 2
 5854 -476
 8931 -238
 9565 0
 9041 238
 7179 476


