# Created by Octave 3.8.2, Mon Jun 22 12:53:20 2020 CEST <damian@fptrucha.inv.usc.es>
# name: hd
# type: matrix
# rows: 5
# columns: 2
 5306 -476
 7868 -238
 8355 0
 7949 238
 6482 476


