# Created by Octave 3.8.2, Mon Jun 22 22:07:22 2020 CEST <damian@fptrucha.inv.usc.es>
# name: hd
# type: matrix
# rows: 5
# columns: 2
 5486 -476
 8208 -238
 9076 0
 8587 238
 6887 476


