# Created by Octave 3.8.2, Sun Jun 21 03:13:59 2020 CEST <damian@fptrucha.inv.usc.es>
# name: hd
# type: matrix
# rows: 5
# columns: 2
 5046 -476
 7406 -238
 8226 0
 7771 238
 6280 476


