# Created by Octave 3.8.2, Sat Jun 20 16:01:54 2020 CEST <damian@fptrucha.inv.usc.es>
# name: hd
# type: matrix
# rows: 5
# columns: 2
 5165 -476
 7759 -238
 8532 0
 8318 238
 6576 476


