# Created by Octave 3.8.2, Mon Jun 22 08:43:50 2020 CEST <damian@fptrucha.inv.usc.es>
# name: hd
# type: matrix
# rows: 5
# columns: 2
 5275 -476
 7504 -238
 7860 0
 7786 238
 6368 476


