# Created by Octave 3.8.2, Sun Jun 21 04:17:51 2020 CEST <damian@fptrucha.inv.usc.es>
# name: hd
# type: matrix
# rows: 5
# columns: 2
 5080 -476
 7467 -238
 8184 0
 7770 238
 6319 476


