# Created by Octave 3.8.2, Mon Jun 22 06:24:33 2020 CEST <damian@fptrucha.inv.usc.es>
# name: hd
# type: matrix
# rows: 5
# columns: 2
 5121 -476
 7356 -238
 7737 0
 7311 238
 6261 476


