# Created by Octave 3.8.2, Mon Jun 22 20:32:57 2020 CEST <damian@fptrucha.inv.usc.es>
# name: hd
# type: matrix
# rows: 5
# columns: 2
 5388 -476
 8177 -238
 8754 0
 8603 238
 6867 476


