# Created by Octave 3.8.2, Mon Jun 22 17:20:18 2020 CEST <damian@fptrucha.inv.usc.es>
# name: hd
# type: matrix
# rows: 5
# columns: 2
 5460 -476
 8005 -238
 8537 0
 8323 238
 6799 476


