# Created by Octave 3.8.2, Mon Jun 22 11:20:28 2020 CEST <damian@fptrucha.inv.usc.es>
# name: hd
# type: matrix
# rows: 5
# columns: 2
 5330 -476
 7689 -238
 8160 0
 7911 238
 6546 476


