# Created by Octave 3.8.2, Sat Jun 20 16:54:27 2020 CEST <damian@fptrucha.inv.usc.es>
# name: hd
# type: matrix
# rows: 5
# columns: 2
 5247 -476
 7827 -238
 8468 0
 8066 238
 6352 476


