# Created by Octave 3.8.2, Mon Jun 22 05:55:23 2020 CEST <damian@fptrucha.inv.usc.es>
# name: hd
# type: matrix
# rows: 5
# columns: 2
 5056 -476
 7212 -238
 7649 0
 7385 238
 6114 476


