# Created by Octave 3.8.2, Mon Jun 22 21:15:28 2020 CEST <damian@fptrucha.inv.usc.es>
# name: hd
# type: matrix
# rows: 5
# columns: 2
 5470 -476
 8059 -238
 8821 0
 8386 238
 6864 476


