# Created by Octave 3.8.2, Sat Jun 20 03:03:24 2020 CEST <damian@fptrucha.inv.usc.es>
# name: hd
# type: matrix
# rows: 5
# columns: 2
 5601 -476
 8372 -238
 8903 0
 8785 238
 6969 476


