# Created by Octave 3.8.2, Sat Jun 20 09:00:19 2020 CEST <damian@fptrucha.inv.usc.es>
# name: hd
# type: matrix
# rows: 5
# columns: 2
 5806 -476
 8926 -238
 9461 0
 9035 238
 7329 476


