# Created by Octave 3.8.2, Mon Jun 22 03:05:52 2020 CEST <damian@fptrucha.inv.usc.es>
# name: hd
# type: matrix
# rows: 5
# columns: 2
 5097 -476
 7183 -238
 7629 0
 7401 238
 6133 476


