# Created by Octave 3.8.2, Sat Jun 20 22:38:29 2020 CEST <damian@fptrucha.inv.usc.es>
# name: hd
# type: matrix
# rows: 5
# columns: 2
 5122 -476
 7757 -238
 8514 0
 7889 238
 6126 476


