# Created by Octave 3.8.2, Mon Jun 22 11:32:42 2020 CEST <damian@fptrucha.inv.usc.es>
# name: hd
# type: matrix
# rows: 5
# columns: 2
 3443 -476
 4943 -238
 5371 0
 5171 238
 4209 476


