# Created by Octave 3.8.2, Mon Jun 22 14:45:46 2020 CEST <damian@fptrucha.inv.usc.es>
# name: hd
# type: matrix
# rows: 5
# columns: 2
 5393 -476
 8009 -238
 8400 0
 8057 238
 6680 476


