# Created by Octave 3.8.2, Sat Jun 20 02:55:14 2020 CEST <damian@fptrucha.inv.usc.es>
# name: hd
# type: matrix
# rows: 5
# columns: 2
 5596 -476
 8272 -238
 8942 0
 8587 238
 6974 476


