# Created by Octave 3.8.2, Sat Jun 20 09:52:04 2020 CEST <damian@fptrucha.inv.usc.es>
# name: hd
# type: matrix
# rows: 5
# columns: 2
 5841 -476
 8750 -238
 9425 0
 9095 238
 7099 476


