# Created by Octave 3.8.2, Sat Jun 20 10:31:41 2020 CEST <damian@fptrucha.inv.usc.es>
# name: hd
# type: matrix
# rows: 5
# columns: 2
 5712 -476
 8663 -238
 9278 0
 9002 238
 7037 476


