# Created by Octave 3.8.2, Sun Jun 21 00:01:29 2020 CEST <damian@fptrucha.inv.usc.es>
# name: hd
# type: matrix
# rows: 5
# columns: 2
 5118 -476
 7593 -238
 8157 0
 7843 238
 6152 476


