# Created by Octave 3.8.2, Sat Jun 20 10:56:53 2020 CEST <damian@fptrucha.inv.usc.es>
# name: hd
# type: matrix
# rows: 5
# columns: 2
 5977 -476
 8587 -238
 9278 0
 8809 238
 6986 476


