# Created by Octave 3.8.2, Mon Jun 22 15:47:32 2020 CEST <damian@fptrucha.inv.usc.es>
# name: hd
# type: matrix
# rows: 5
# columns: 2
 5516 -476
 8031 -238
 8665 0
 8460 238
 6725 476


