# Created by Octave 3.8.2, Sat Jun 20 21:26:19 2020 CEST <damian@fptrucha.inv.usc.es>
# name: hd
# type: matrix
# rows: 5
# columns: 2
 5076 -476
 7749 -238
 8216 0
 7979 238
 6320 476


