# Created by Octave 3.8.2, Mon Jun 22 18:52:18 2020 CEST <damian@fptrucha.inv.usc.es>
# name: hd
# type: matrix
# rows: 5
# columns: 2
 5389 -476
 8270 -238
 8582 0
 8149 238
 6694 476


