# Created by Octave 3.8.2, Mon Jun 22 18:56:27 2020 CEST <damian@fptrucha.inv.usc.es>
# name: hd
# type: matrix
# rows: 5
# columns: 2
 3627 -476
 5348 -238
 5684 0
 5490 238
 4508 476


