# Created by Octave 3.8.2, Sat Jun 20 14:41:37 2020 CEST <damian@fptrucha.inv.usc.es>
# name: hd
# type: matrix
# rows: 5
# columns: 2
 5331 -476
 8124 -238
 8718 0
 8180 238
 6653 476


