# Created by Octave 3.8.2, Sun Jun 21 02:15:09 2020 CEST <damian@fptrucha.inv.usc.es>
# name: hd
# type: matrix
# rows: 5
# columns: 2
 4999 -476
 7345 -238
 8179 0
 7845 238
 6202 476


