# Created by Octave 3.8.2, Mon Jun 22 05:42:03 2020 CEST <damian@fptrucha.inv.usc.es>
# name: hd
# type: matrix
# rows: 5
# columns: 2
 5049 -476
 7320 -238
 7839 0
 7497 238
 6063 476


