# Created by Octave 3.8.2, Mon Jun 22 10:13:22 2020 CEST <damian@fptrucha.inv.usc.es>
# name: hd
# type: matrix
# rows: 5
# columns: 2
 5250 -476
 7699 -238
 8271 0
 7931 238
 6445 476


