# Created by Octave 3.8.2, Sat Jun 20 06:33:26 2020 CEST <damian@fptrucha.inv.usc.es>
# name: hd
# type: matrix
# rows: 5
# columns: 2
 5903 -476
 8619 -238
 9349 0
 8885 238
 7146 476


