# Created by Octave 3.8.2, Sat Jun 20 12:16:15 2020 CEST <damian@fptrucha.inv.usc.es>
# name: hd
# type: matrix
# rows: 5
# columns: 2
 5681 -476
 8330 -238
 9043 0
 8758 238
 6975 476


