# Created by Octave 3.8.2, Sat Jun 20 02:25:33 2020 CEST <damian@fptrucha.inv.usc.es>
# name: hd
# type: matrix
# rows: 5
# columns: 2
 5521 -476
 8435 -238
 8950 0
 8655 238
 6934 476


