# Created by Octave 3.8.2, Mon Jun 22 03:01:02 2020 CEST <damian@fptrucha.inv.usc.es>
# name: hd
# type: matrix
# rows: 5
# columns: 2
 4983 -476
 7236 -238
 7631 0
 7299 238
 6187 476


