# Created by Octave 3.8.2, Mon Jun 22 17:12:48 2020 CEST <damian@fptrucha.inv.usc.es>
# name: hd
# type: matrix
# rows: 5
# columns: 2
 5385 -476
 8026 -238
 8662 0
 8411 238
 6549 476


