# Created by Octave 3.8.2, Mon Jun 22 20:58:09 2020 CEST <damian@fptrucha.inv.usc.es>
# name: hd
# type: matrix
# rows: 5
# columns: 2
 5634 -476
 8260 -238
 8781 0
 8566 238
 6877 476


