# Created by Octave 3.8.2, Mon Jun 22 21:36:15 2020 CEST <damian@fptrucha.inv.usc.es>
# name: hd
# type: matrix
# rows: 5
# columns: 2
 5601 -476
 8263 -238
 8951 0
 8593 238
 6825 476


