# Created by Octave 3.8.2, Mon Jun 22 23:04:43 2020 CEST <damian@fptrucha.inv.usc.es>
# name: hd
# type: matrix
# rows: 5
# columns: 2
 3754 -476
 5551 -238
 5877 0
 5738 238
 4711 476


