# Created by Octave 3.8.2, Sat Jun 20 18:47:12 2020 CEST <damian@fptrucha.inv.usc.es>
# name: hd
# type: matrix
# rows: 5
# columns: 2
 3310 -476
 5032 -238
 5489 0
 5448 238
 4154 476


