# Created by Octave 3.8.2, Sat Jun 20 08:19:15 2020 CEST <damian@fptrucha.inv.usc.es>
# name: hd
# type: matrix
# rows: 5
# columns: 2
 5936 -476
 8961 -238
 9604 0
 9305 238
 7359 476


