# Created by Octave 3.8.2, Mon Jun 22 19:02:06 2020 CEST <damian@fptrucha.inv.usc.es>
# name: hd
# type: matrix
# rows: 5
# columns: 2
 5444 -476
 8316 -238
 8686 0
 8378 238
 6691 476


