# Created by Octave 3.8.2, Sat Jun 20 11:24:58 2020 CEST <damian@fptrucha.inv.usc.es>
# name: hd
# type: matrix
# rows: 5
# columns: 2
 5693 -476
 8332 -238
 9098 0
 8687 238
 7017 476


