# Created by Octave 3.8.2, Mon Jun 22 00:37:52 2020 CEST <damian@fptrucha.inv.usc.es>
# name: hd
# type: matrix
# rows: 5
# columns: 2
 3420 -476
 5053 -238
 5589 0
 5346 238
 4195 476


