# Created by Octave 3.8.2, Mon Jun 22 05:07:41 2020 CEST <damian@fptrucha.inv.usc.es>
# name: hd
# type: matrix
# rows: 5
# columns: 2
 5068 -476
 7042 -238
 7362 0
 7223 238
 5903 476


