# Created by Octave 3.8.2, Mon Jun 22 04:23:22 2020 CEST <damian@fptrucha.inv.usc.es>
# name: hd
# type: matrix
# rows: 5
# columns: 2
 3200 -476
 4590 -238
 4775 0
 4675 238
 3881 476


