# Created by Octave 3.8.2, Mon Jun 22 17:54:25 2020 CEST <damian@fptrucha.inv.usc.es>
# name: hd
# type: matrix
# rows: 5
# columns: 2
 5313 -476
 8055 -238
 8569 0
 8349 238
 6611 476


