# Created by Octave 3.8.2, Mon Jun 22 06:51:07 2020 CEST <damian@fptrucha.inv.usc.es>
# name: hd
# type: matrix
# rows: 5
# columns: 2
 5117 -476
 7417 -238
 7732 0
 7345 238
 6102 476


