# Created by Octave 3.8.2, Mon Jun 22 06:18:50 2020 CEST <damian@fptrucha.inv.usc.es>
# name: hd
# type: matrix
# rows: 5
# columns: 2
 5089 -476
 7319 -238
 7707 0
 7239 238
 6108 476


