# Created by Octave 3.8.2, Sat Jun 20 08:26:44 2020 CEST <damian@fptrucha.inv.usc.es>
# name: hd
# type: matrix
# rows: 5
# columns: 2
 6001 -476
 8902 -238
 9625 0
 9143 238
 7295 476


