# Created by Octave 3.8.2, Sat Jun 20 11:32:08 2020 CEST <damian@fptrucha.inv.usc.es>
# name: hd
# type: matrix
# rows: 5
# columns: 2
 5587 -476
 8424 -238
 9210 0
 8712 238
 6914 476


