# Created by Octave 3.8.2, Sat Jun 20 20:50:41 2020 CEST <damian@fptrucha.inv.usc.es>
# name: hd
# type: matrix
# rows: 5
# columns: 2
 5143 -476
 7788 -238
 8339 0
 8046 238
 6255 476


