# Created by Octave 3.8.2, Mon Jun 22 18:17:16 2020 CEST <damian@fptrucha.inv.usc.es>
# name: hd
# type: matrix
# rows: 5
# columns: 2
 5508 -476
 7982 -238
 8575 0
 8295 238
 6752 476


