# Created by Octave 3.8.2, Mon Jun 22 01:18:02 2020 CEST <damian@fptrucha.inv.usc.es>
# name: hd
# type: matrix
# rows: 5
# columns: 2
 5111 -476
 7581 -238
 8284 0
 7964 238
 6352 476


