# Created by Octave 3.8.2, Sat Jun 20 02:59:19 2020 CEST <damian@fptrucha.inv.usc.es>
# name: hd
# type: matrix
# rows: 5
# columns: 2
 5503 -476
 8384 -238
 9080 0
 8815 238
 6822 476


