# Created by Octave 3.8.2, Sun Jun 21 05:19:45 2020 CEST <damian@fptrucha.inv.usc.es>
# name: hd
# type: matrix
# rows: 5
# columns: 2
 5086 -476
 7560 -238
 8253 0
 7812 238
 6176 476


