# Created by Octave 3.8.2, Sun Jun 21 05:52:19 2020 CEST <damian@fptrucha.inv.usc.es>
# name: hd
# type: matrix
# rows: 5
# columns: 2
 5096 -476
 7361 -238
 8100 0
 7940 238
 6301 476


