# Created by Octave 3.8.2, Mon Jun 22 03:59:32 2020 CEST <damian@fptrucha.inv.usc.es>
# name: hd
# type: matrix
# rows: 5
# columns: 2
 5104 -476
 7274 -238
 7575 0
 7239 238
 6048 476


