# Created by Octave 3.8.2, Sat Jun 20 19:36:55 2020 CEST <damian@fptrucha.inv.usc.es>
# name: hd
# type: matrix
# rows: 5
# columns: 2
 5191 -476
 7603 -238
 8304 0
 7970 238
 6259 476


