# Created by Octave 3.8.2, Sat Jun 20 21:45:04 2020 CEST <damian@fptrucha.inv.usc.es>
# name: hd
# type: matrix
# rows: 5
# columns: 2
 5090 -476
 7590 -238
 8251 0
 7739 238
 6155 476


