# Created by Octave 3.8.2, Sun Jun 21 00:22:24 2020 CEST <damian@fptrucha.inv.usc.es>
# name: hd
# type: matrix
# rows: 5
# columns: 2
 5016 -476
 7491 -238
 8135 0
 7848 238
 6306 476


