# Created by Octave 3.8.2, Mon Jun 22 00:31:05 2020 CEST <damian@fptrucha.inv.usc.es>
# name: hd
# type: matrix
# rows: 5
# columns: 2
 5244 -476
 7600 -238
 8392 0
 8039 238
 6299 476


