# Created by Octave 3.8.2, Sat Jun 20 08:32:41 2020 CEST <damian@fptrucha.inv.usc.es>
# name: hd
# type: matrix
# rows: 5
# columns: 2
 5989 -476
 8969 -238
 9635 0
 9112 238
 7425 476


