# Created by Octave 3.8.2, Sat Jun 20 03:56:28 2020 CEST <damian@fptrucha.inv.usc.es>
# name: hd
# type: matrix
# rows: 5
# columns: 2
 5789 -476
 8369 -238
 9208 0
 8892 238
 7139 476


