# Created by Octave 3.8.2, Sat Jun 20 16:04:34 2020 CEST <damian@fptrucha.inv.usc.es>
# name: hd
# type: matrix
# rows: 5
# columns: 2
 5384 -476
 7909 -238
 8692 0
 8261 238
 6417 476


