# Created by Octave 3.8.2, Mon Jun 22 23:32:48 2020 CEST <damian@fptrucha.inv.usc.es>
# name: hd
# type: matrix
# rows: 5
# columns: 2
 5530 -476
 8311 -238
 8896 0
 8648 238
 7072 476


