# Created by Octave 3.8.2, Mon Jun 22 21:09:31 2020 CEST <damian@fptrucha.inv.usc.es>
# name: hd
# type: matrix
# rows: 5
# columns: 2
 5564 -476
 8350 -238
 8660 0
 8623 238
 6923 476


