# Created by Octave 3.8.2, Mon Jun 22 08:15:20 2020 CEST <damian@fptrucha.inv.usc.es>
# name: hd
# type: matrix
# rows: 5
# columns: 2
 5268 -476
 7373 -238
 7917 0
 7808 238
 6219 476


