# Created by Octave 3.8.2, Sat Jun 20 15:44:35 2020 CEST <damian@fptrucha.inv.usc.es>
# name: hd
# type: matrix
# rows: 5
# columns: 2
 5331 -476
 7962 -238
 8396 0
 8104 238
 6436 476


