# Created by Octave 3.8.2, Sun Jun 21 01:37:46 2020 CEST <damian@fptrucha.inv.usc.es>
# name: hd
# type: matrix
# rows: 5
# columns: 2
 4953 -476
 7554 -238
 8303 0
 7857 238
 6285 476


