# Created by Octave 3.8.2, Sun Jun 21 07:20:52 2020 CEST <damian@fptrucha.inv.usc.es>
# name: hd
# type: matrix
# rows: 5
# columns: 2
 4928 -476
 7419 -238
 8182 0
 7730 238
 6268 476


