# Created by Octave 3.8.2, Sun Jun 21 06:17:41 2020 CEST <damian@fptrucha.inv.usc.es>
# name: hd
# type: matrix
# rows: 5
# columns: 2
 4948 -476
 7706 -238
 8272 0
 7620 238
 6171 476


