# Created by Octave 3.8.2, Mon Jun 22 10:30:57 2020 CEST <damian@fptrucha.inv.usc.es>
# name: hd
# type: matrix
# rows: 5
# columns: 2
 5269 -476
 7625 -238
 8076 0
 7746 238
 6280 476


