# Created by Octave 3.8.2, Mon Jun 22 07:32:26 2020 CEST <damian@fptrucha.inv.usc.es>
# name: hd
# type: matrix
# rows: 5
# columns: 2
 5092 -476
 7423 -238
 7946 0
 7683 238
 6065 476


