# Created by Octave 3.8.2, Mon Jun 22 01:40:19 2020 CEST <damian@fptrucha.inv.usc.es>
# name: hd
# type: matrix
# rows: 5
# columns: 2
 5398 -476
 7913 -238
 8651 0
 8279 238
 6470 476


