# Created by Octave 3.8.2, Mon Jun 22 06:40:10 2020 CEST <damian@fptrucha.inv.usc.es>
# name: hd
# type: matrix
# rows: 5
# columns: 2
 3305 -476
 4807 -238
 5209 0
 4871 238
 4115 476


