# Created by Octave 3.8.2, Sat Jun 20 15:01:26 2020 CEST <damian@fptrucha.inv.usc.es>
# name: hd
# type: matrix
# rows: 5
# columns: 2
 5393 -476
 8057 -238
 8569 0
 8344 238
 6585 476


