# Created by Octave 3.8.2, Sat Jun 20 16:13:21 2020 CEST <damian@fptrucha.inv.usc.es>
# name: hd
# type: matrix
# rows: 5
# columns: 2
 5140 -476
 7897 -238
 8460 0
 8206 238
 6466 476


