# Created by Octave 3.8.2, Mon Jun 22 14:04:41 2020 CEST <damian@fptrucha.inv.usc.es>
# name: hd
# type: matrix
# rows: 5
# columns: 2
 5451 -476
 7782 -238
 8363 0
 8055 238
 6497 476


