# Created by Octave 3.8.2, Mon Jun 22 11:21:29 2020 CEST <damian@fptrucha.inv.usc.es>
# name: hd
# type: matrix
# rows: 5
# columns: 2
 5290 -476
 7666 -238
 7970 0
 7808 238
 6463 476


