# Created by Octave 3.8.2, Mon Jun 22 16:39:36 2020 CEST <damian@fptrucha.inv.usc.es>
# name: hd
# type: matrix
# rows: 5
# columns: 2
 5580 -476
 8025 -238
 8628 0
 8283 238
 6506 476


