# Created by Octave 3.8.2, Mon Jun 22 21:52:23 2020 CEST <damian@fptrucha.inv.usc.es>
# name: hd
# type: matrix
# rows: 5
# columns: 2
 5642 -476
 8249 -238
 8864 0
 8394 238
 6928 476


