# Created by Octave 3.8.2, Sat Jun 20 12:53:48 2020 CEST <damian@fptrucha.inv.usc.es>
# name: hd
# type: matrix
# rows: 5
# columns: 2
 3797 -476
 5590 -238
 5949 0
 5747 238
 4530 476


