# Created by Octave 3.8.2, Mon Jun 22 14:29:58 2020 CEST <damian@fptrucha.inv.usc.es>
# name: hd
# type: matrix
# rows: 5
# columns: 2
 5397 -476
 7629 -238
 8315 0
 8086 238
 6500 476


