# Created by Octave 3.8.2, Tue Jun 23 00:06:52 2020 CEST <damian@fptrucha.inv.usc.es>
# name: hd
# type: matrix
# rows: 5
# columns: 2
 5656 -476
 8346 -238
 8843 0
 8696 238
 6861 476


