# Created by Octave 3.8.2, Mon Jun 22 17:21:26 2020 CEST <damian@fptrucha.inv.usc.es>
# name: hd
# type: matrix
# rows: 5
# columns: 2
 5561 -476
 8027 -238
 8569 0
 8251 238
 6752 476


