# Created by Octave 3.8.2, Sun Jun 21 01:30:13 2020 CEST <damian@fptrucha.inv.usc.es>
# name: hd
# type: matrix
# rows: 5
# columns: 2
 4980 -476
 7559 -238
 8094 0
 7714 238
 6132 476


