# Created by Octave 3.8.2, Sun Jun 21 06:16:35 2020 CEST <damian@fptrucha.inv.usc.es>
# name: hd
# type: matrix
# rows: 5
# columns: 2
 4999 -476
 7587 -238
 8256 0
 7830 238
 6173 476


