# Created by Octave 3.8.2, Sun Jun 21 01:51:33 2020 CEST <damian@fptrucha.inv.usc.es>
# name: hd
# type: matrix
# rows: 5
# columns: 2
 5026 -476
 7466 -238
 8239 0
 7724 238
 6125 476


