# Created by Octave 3.8.2, Mon Jun 22 02:51:54 2020 CEST <damian@fptrucha.inv.usc.es>
# name: hd
# type: matrix
# rows: 5
# columns: 2
 5005 -476
 7036 -238
 7538 0
 7428 238
 6204 476


