# Created by Octave 3.8.2, Sun Jun 21 04:28:35 2020 CEST <damian@fptrucha.inv.usc.es>
# name: hd
# type: matrix
# rows: 5
# columns: 2
 5000 -476
 7459 -238
 8250 0
 7826 238
 6262 476


