# Created by Octave 3.8.2, Sat Jun 20 08:43:51 2020 CEST <damian@fptrucha.inv.usc.es>
# name: hd
# type: matrix
# rows: 5
# columns: 2
 5931 -476
 8757 -238
 9632 0
 8900 238
 7479 476


