# Created by Octave 3.8.2, Sat Jun 20 03:29:19 2020 CEST <damian@fptrucha.inv.usc.es>
# name: hd
# type: matrix
# rows: 5
# columns: 2
 5852 -476
 8358 -238
 9146 0
 8638 238
 7064 476


