# Created by Octave 3.8.2, Sat Jun 20 12:46:38 2020 CEST <damian@fptrucha.inv.usc.es>
# name: hd
# type: matrix
# rows: 5
# columns: 2
 5486 -476
 8244 -238
 9030 0
 8704 238
 6909 476


