# Created by Octave 3.8.2, Sun Jun 21 05:58:55 2020 CEST <damian@fptrucha.inv.usc.es>
# name: hd
# type: matrix
# rows: 5
# columns: 2
 4954 -476
 7323 -238
 7918 0
 7559 238
 6102 476


