# Created by Octave 3.8.2, Tue Jun 23 00:17:02 2020 CEST <damian@fptrucha.inv.usc.es>
# name: hd
# type: matrix
# rows: 5
# columns: 2
 5525 -476
 8279 -238
 8895 0
 8764 238
 7073 476


