# Created by Octave 3.8.2, Sun Jun 21 05:50:07 2020 CEST <damian@fptrucha.inv.usc.es>
# name: hd
# type: matrix
# rows: 5
# columns: 2
 5123 -476
 7532 -238
 8170 0
 7885 238
 6241 476


