# Created by Octave 3.8.2, Sat Jun 20 04:50:16 2020 CEST <damian@fptrucha.inv.usc.es>
# name: hd
# type: matrix
# rows: 5
# columns: 2
 3818 -476
 5496 -238
 6094 0
 5847 238
 4584 476


