# Created by Octave 3.8.2, Sun Jun 21 02:24:43 2020 CEST <damian@fptrucha.inv.usc.es>
# name: hd
# type: matrix
# rows: 5
# columns: 2
 3400 -476
 5065 -238
 5495 0
 5141 238
 4130 476


