# Created by Octave 3.8.2, Mon Jun 22 03:08:45 2020 CEST <damian@fptrucha.inv.usc.es>
# name: hd
# type: matrix
# rows: 5
# columns: 2
 5089 -476
 7219 -238
 7633 0
 7288 238
 6175 476


