# Created by Octave 3.8.2, Mon Jun 22 03:14:31 2020 CEST <damian@fptrucha.inv.usc.es>
# name: hd
# type: matrix
# rows: 5
# columns: 2
 5019 -476
 7338 -238
 7760 0
 7593 238
 6169 476


