# Created by Octave 3.8.2, Sun Jun 21 00:34:56 2020 CEST <damian@fptrucha.inv.usc.es>
# name: hd
# type: matrix
# rows: 5
# columns: 2
 4999 -476
 7538 -238
 8270 0
 7731 238
 6187 476


