# Created by Octave 3.8.2, Mon Jun 22 02:33:08 2020 CEST <damian@fptrucha.inv.usc.es>
# name: hd
# type: matrix
# rows: 5
# columns: 2
 4978 -476
 7285 -238
 7652 0
 7344 238
 6138 476


