# Created by Octave 3.8.2, Sat Jun 20 11:01:17 2020 CEST <damian@fptrucha.inv.usc.es>
# name: hd
# type: matrix
# rows: 5
# columns: 2
 5824 -476
 8751 -238
 9342 0
 8874 238
 6984 476


