# Created by Octave 3.8.2, Sat Jun 20 19:45:57 2020 CEST <damian@fptrucha.inv.usc.es>
# name: hd
# type: matrix
# rows: 5
# columns: 2
 5163 -476
 7847 -238
 8288 0
 7962 238
 6285 476


