# Created by Octave 3.8.2, Mon Jun 22 00:25:01 2020 CEST <damian@fptrucha.inv.usc.es>
# name: hd
# type: matrix
# rows: 5
# columns: 2
 5231 -476
 7942 -238
 8518 0
 8313 238
 6399 476


