# Created by Octave 3.8.2, Mon Jun 22 07:27:24 2020 CEST <damian@fptrucha.inv.usc.es>
# name: hd
# type: matrix
# rows: 5
# columns: 2
 4973 -476
 7411 -238
 7932 0
 7669 238
 6167 476


