# Created by Octave 3.8.2, Sat Jun 20 18:11:34 2020 CEST <damian@fptrucha.inv.usc.es>
# name: hd
# type: matrix
# rows: 5
# columns: 2
 5297 -476
 7691 -238
 8420 0
 7999 238
 6349 476


