# Created by Octave 3.8.2, Sat Jun 20 04:17:13 2020 CEST <damian@fptrucha.inv.usc.es>
# name: hd
# type: matrix
# rows: 5
# columns: 2
 5692 -476
 8563 -238
 9320 0
 8867 238
 6886 476


