# Created by Octave 3.8.2, Mon Jun 22 16:10:27 2020 CEST <damian@fptrucha.inv.usc.es>
# name: hd
# type: matrix
# rows: 5
# columns: 2
 5484 -476
 8082 -238
 8636 0
 8225 238
 6858 476


