# Created by Octave 3.8.2, Sat Jun 20 10:59:45 2020 CEST <damian@fptrucha.inv.usc.es>
# name: hd
# type: matrix
# rows: 5
# columns: 2
 5806 -476
 8691 -238
 9341 0
 8847 238
 6979 476


