# Created by Octave 3.8.2, Sat Jun 20 19:42:06 2020 CEST <damian@fptrucha.inv.usc.es>
# name: hd
# type: matrix
# rows: 5
# columns: 2
 5076 -476
 7701 -238
 8313 0
 8029 238
 6484 476


