# Created by Octave 3.8.2, Mon Jun 22 02:23:42 2020 CEST <damian@fptrucha.inv.usc.es>
# name: hd
# type: matrix
# rows: 5
# columns: 2
 4760 -476
 6863 -238
 7278 0
 7274 238
 5847 476


