# Created by Octave 3.8.2, Mon Jun 22 03:34:55 2020 CEST <damian@fptrucha.inv.usc.es>
# name: hd
# type: matrix
# rows: 5
# columns: 2
 5036 -476
 7221 -238
 7466 0
 7182 238
 6204 476


