# Created by Octave 3.8.2, Sat Jun 20 20:15:09 2020 CEST <damian@fptrucha.inv.usc.es>
# name: hd
# type: matrix
# rows: 5
# columns: 2
 5142 -476
 7732 -238
 8449 0
 7961 238
 6385 476


