# Created by Octave 3.8.2, Sat Jun 20 08:14:47 2020 CEST <damian@fptrucha.inv.usc.es>
# name: hd
# type: matrix
# rows: 5
# columns: 2
 3815 -476
 5866 -238
 6262 0
 5932 238
 4758 476


