# Created by Octave 3.8.2, Mon Jun 22 16:31:05 2020 CEST <damian@fptrucha.inv.usc.es>
# name: hd
# type: matrix
# rows: 5
# columns: 2
 5480 -476
 7989 -238
 8600 0
 8152 238
 6776 476


