# Created by Octave 3.8.2, Sun Jun 21 00:52:56 2020 CEST <damian@fptrucha.inv.usc.es>
# name: hd
# type: matrix
# rows: 5
# columns: 2
 4983 -476
 7312 -238
 7992 0
 7868 238
 6048 476


