# Created by Octave 3.8.2, Sat Jun 20 09:03:14 2020 CEST <damian@fptrucha.inv.usc.es>
# name: hd
# type: matrix
# rows: 5
# columns: 2
 5980 -476
 8926 -238
 9598 0
 9352 238
 7397 476


