# Created by Octave 3.8.2, Sat Jun 20 12:10:31 2020 CEST <damian@fptrucha.inv.usc.es>
# name: hd
# type: matrix
# rows: 5
# columns: 2
 5643 -476
 8395 -238
 9239 0
 8838 238
 6966 476


