# Created by Octave 3.8.2, Sun Jun 21 08:16:30 2020 CEST <damian@fptrucha.inv.usc.es>
# name: hd
# type: matrix
# rows: 5
# columns: 2
 5032 -476
 7449 -238
 8191 0
 7783 238
 5851 476


