# Created by Octave 3.8.2, Sat Jun 20 12:55:09 2020 CEST <damian@fptrucha.inv.usc.es>
# name: hd
# type: matrix
# rows: 5
# columns: 2
 5672 -476
 8428 -238
 9052 0
 8679 238
 6867 476


