# Created by Octave 3.8.2, Sat Jun 20 15:52:39 2020 CEST <damian@fptrucha.inv.usc.es>
# name: hd
# type: matrix
# rows: 5
# columns: 2
 5325 -476
 7875 -238
 8557 0
 8267 238
 6454 476


