# Created by Octave 3.8.2, Sun Jun 21 02:14:03 2020 CEST <damian@fptrucha.inv.usc.es>
# name: hd
# type: matrix
# rows: 5
# columns: 2
 5020 -476
 7589 -238
 8227 0
 7902 238
 6235 476


