# Created by Octave 3.8.2, Sun Jun 21 04:45:06 2020 CEST <damian@fptrucha.inv.usc.es>
# name: hd
# type: matrix
# rows: 5
# columns: 2
 5105 -476
 7622 -238
 8296 0
 7851 238
 6292 476


