# Created by Octave 3.8.2, Sat Jun 20 17:30:49 2020 CEST <damian@fptrucha.inv.usc.es>
# name: hd
# type: matrix
# rows: 5
# columns: 2
 5296 -476
 7799 -238
 8318 0
 8195 238
 6300 476


