# Created by Octave 3.8.2, Mon Jun 22 05:34:13 2020 CEST <damian@fptrucha.inv.usc.es>
# name: hd
# type: matrix
# rows: 5
# columns: 2
 5145 -476
 7205 -238
 7748 0
 7209 238
 6061 476


