# Created by Octave 3.8.2, Sat Jun 20 14:23:12 2020 CEST <damian@fptrucha.inv.usc.es>
# name: hd
# type: matrix
# rows: 5
# columns: 2
 5352 -476
 8004 -238
 8564 0
 8459 238
 6611 476


