# Created by Octave 3.8.2, Mon Jun 22 18:38:25 2020 CEST <damian@fptrucha.inv.usc.es>
# name: hd
# type: matrix
# rows: 5
# columns: 2
 5420 -476
 8044 -238
 8394 0
 8292 238
 6927 476


