# Created by Octave 3.8.2, Mon Jun 22 08:38:40 2020 CEST <damian@fptrucha.inv.usc.es>
# name: hd
# type: matrix
# rows: 5
# columns: 2
 5171 -476
 7503 -238
 7945 0
 7592 238
 6415 476


