# Created by Octave 3.8.2, Mon Jun 22 08:49:38 2020 CEST <damian@fptrucha.inv.usc.es>
# name: hd
# type: matrix
# rows: 5
# columns: 2
 5153 -476
 7524 -238
 7925 0
 7741 238
 6381 476


