# Created by Octave 3.8.2, Sat Jun 20 05:42:12 2020 CEST <damian@fptrucha.inv.usc.es>
# name: hd
# type: matrix
# rows: 5
# columns: 2
 5851 -476
 8774 -238
 9356 0
 8825 238
 7172 476


