# Created by Octave 3.8.2, Mon Jun 22 07:05:40 2020 CEST <damian@fptrucha.inv.usc.es>
# name: hd
# type: matrix
# rows: 5
# columns: 2
 5100 -476
 7380 -238
 7616 0
 7458 238
 6229 476


