# Created by Octave 3.8.2, Sun Jun 21 02:01:15 2020 CEST <damian@fptrucha.inv.usc.es>
# name: hd
# type: matrix
# rows: 5
# columns: 2
 5042 -476
 7659 -238
 8104 0
 7944 238
 6356 476


