# Created by Octave 3.8.2, Mon Jun 22 19:15:53 2020 CEST <damian@fptrucha.inv.usc.es>
# name: hd
# type: matrix
# rows: 5
# columns: 2
 5590 -476
 8029 -238
 8786 0
 8304 238
 6644 476


