# Created by Octave 3.8.2, Mon Jun 22 21:53:35 2020 CEST <damian@fptrucha.inv.usc.es>
# name: hd
# type: matrix
# rows: 5
# columns: 2
 5529 -476
 8140 -238
 8865 0
 8549 238
 6729 476


