# Created by Octave 3.8.2, Sat Jun 20 21:17:15 2020 CEST <damian@fptrucha.inv.usc.es>
# name: hd
# type: matrix
# rows: 5
# columns: 2
 5124 -476
 7689 -238
 8294 0
 7885 238
 6188 476


