# Created by Octave 3.8.2, Sat Jun 20 19:11:30 2020 CEST <damian@fptrucha.inv.usc.es>
# name: hd
# type: matrix
# rows: 5
# columns: 2
 5108 -476
 7804 -238
 8288 0
 8049 238
 6379 476


