# Created by Octave 3.8.2, Mon Jun 22 06:41:08 2020 CEST <damian@fptrucha.inv.usc.es>
# name: hd
# type: matrix
# rows: 5
# columns: 2
 5117 -476
 7355 -238
 7782 0
 7356 238
 6281 476


