# Created by Octave 3.8.2, Sat Jun 20 12:56:29 2020 CEST <damian@fptrucha.inv.usc.es>
# name: hd
# type: matrix
# rows: 5
# columns: 2
 5621 -476
 8382 -238
 9006 0
 8684 238
 6912 476


