# Created by Octave 3.8.2, Mon Jun 22 14:12:09 2020 CEST <damian@fptrucha.inv.usc.es>
# name: hd
# type: matrix
# rows: 5
# columns: 2
 5200 -476
 8002 -238
 8251 0
 7897 238
 6539 476


