# Created by Octave 3.8.2, Sat Jun 20 17:36:07 2020 CEST <damian@fptrucha.inv.usc.es>
# name: hd
# type: matrix
# rows: 5
# columns: 2
 5234 -476
 7837 -238
 8401 0
 8114 238
 6317 476


