# Created by Octave 3.8.2, Sun Jun 21 01:48:17 2020 CEST <damian@fptrucha.inv.usc.es>
# name: hd
# type: matrix
# rows: 5
# columns: 2
 5247 -476
 7507 -238
 8284 0
 7707 238
 6157 476


