# Created by Octave 3.8.2, Mon Jun 22 15:41:55 2020 CEST <damian@fptrucha.inv.usc.es>
# name: hd
# type: matrix
# rows: 5
# columns: 2
 5531 -476
 8117 -238
 8413 0
 8274 238
 6804 476


