# Created by Octave 3.8.2, Sat Jun 20 07:53:10 2020 CEST <damian@fptrucha.inv.usc.es>
# name: hd
# type: matrix
# rows: 5
# columns: 2
 5820 -476
 8679 -238
 9576 0
 9016 238
 7282 476


