# Created by Octave 3.8.2, Sat Jun 20 11:44:21 2020 CEST <damian@fptrucha.inv.usc.es>
# name: hd
# type: matrix
# rows: 5
# columns: 2
 5766 -476
 8525 -238
 9247 0
 8646 238
 7061 476


