# Created by Octave 3.8.2, Sat Jun 20 03:35:40 2020 CEST <damian@fptrucha.inv.usc.es>
# name: hd
# type: matrix
# rows: 5
# columns: 2
 3784 -476
 5486 -238
 6013 0
 5749 238
 4665 476


