# Created by Octave 3.8.2, Mon Jun 22 13:18:35 2020 CEST <damian@fptrucha.inv.usc.es>
# name: hd
# type: matrix
# rows: 5
# columns: 2
 5261 -476
 7885 -238
 8510 0
 8052 238
 6428 476


