# Created by Octave 3.8.2, Mon Jun 22 02:21:50 2020 CEST <damian@fptrucha.inv.usc.es>
# name: hd
# type: matrix
# rows: 5
# columns: 2
 5138 -476
 7456 -238
 8012 0
 7720 238
 6410 476


