# Created by Octave 3.8.2, Sat Jun 20 09:34:33 2020 CEST <damian@fptrucha.inv.usc.es>
# name: hd
# type: matrix
# rows: 5
# columns: 2
 5911 -476
 8772 -238
 9555 0
 9148 238
 7354 476


