# Created by Octave 3.8.2, Sun Jun 21 05:57:48 2020 CEST <damian@fptrucha.inv.usc.es>
# name: hd
# type: matrix
# rows: 5
# columns: 2
 4949 -476
 7292 -238
 7796 0
 7590 238
 6168 476


