# Created by Octave 3.8.2, Mon Jun 22 02:15:49 2020 CEST <damian@fptrucha.inv.usc.es>
# name: hd
# type: matrix
# rows: 5
# columns: 2
 5254 -476
 7683 -238
 8132 0
 8015 238
 6529 476


