# Created by Octave 3.8.2, Sat Jun 20 14:30:46 2020 CEST <damian@fptrucha.inv.usc.es>
# name: hd
# type: matrix
# rows: 5
# columns: 2
 3632 -476
 5331 -238
 5898 0
 5561 238
 4576 476


