# Created by Octave 3.8.2, Mon Jun 22 23:39:58 2020 CEST <damian@fptrucha.inv.usc.es>
# name: hd
# type: matrix
# rows: 5
# columns: 2
 5576 -476
 8430 -238
 9077 0
 8712 238
 6901 476


