# Created by Octave 3.8.2, Mon Jun 22 20:36:25 2020 CEST <damian@fptrucha.inv.usc.es>
# name: hd
# type: matrix
# rows: 5
# columns: 2
 5512 -476
 8112 -238
 8830 0
 8668 238
 6737 476


