# Created by Octave 3.8.2, Mon Jun 22 23:44:48 2020 CEST <damian@fptrucha.inv.usc.es>
# name: hd
# type: matrix
# rows: 5
# columns: 2
 5584 -476
 8338 -238
 9003 0
 8617 238
 7178 476


