# Created by Octave 3.8.2, Sat Jun 20 02:16:31 2020 CEST <damian@fptrucha.inv.usc.es>
# name: hd
# type: matrix
# rows: 5
# columns: 2
 5573 -476
 8414 -238
 8998 0
 8645 238
 6920 476


