# Created by Octave 3.8.2, Mon Jun 22 21:19:02 2020 CEST <damian@fptrucha.inv.usc.es>
# name: hd
# type: matrix
# rows: 5
# columns: 2
 5462 -476
 8339 -238
 8915 0
 8636 238
 6804 476


