# Created by Octave 3.8.2, Mon Jun 22 04:29:57 2020 CEST <damian@fptrucha.inv.usc.es>
# name: hd
# type: matrix
# rows: 5
# columns: 2
 4833 -476
 7140 -238
 7407 0
 6953 238
 6042 476


