# Created by Octave 3.8.2, Sat Jun 20 20:59:47 2020 CEST <damian@fptrucha.inv.usc.es>
# name: hd
# type: matrix
# rows: 5
# columns: 2
 5116 -476
 7811 -238
 8199 0
 7784 238
 6294 476


