# Created by Octave 3.8.2, Mon Jun 22 09:31:19 2020 CEST <damian@fptrucha.inv.usc.es>
# name: hd
# type: matrix
# rows: 5
# columns: 2
 5134 -476
 7661 -238
 8071 0
 7574 238
 6231 476


