# Created by Octave 3.8.2, Mon Jun 22 07:57:10 2020 CEST <damian@fptrucha.inv.usc.es>
# name: hd
# type: matrix
# rows: 5
# columns: 2
 5158 -476
 7565 -238
 8036 0
 7446 238
 6171 476


