# Created by Octave 3.8.2, Sat Jun 20 23:33:51 2020 CEST <damian@fptrucha.inv.usc.es>
# name: hd
# type: matrix
# rows: 5
# columns: 2
 5081 -476
 7543 -238
 8281 0
 7842 238
 6311 476


