# Created by Octave 3.8.2, Tue Jun 23 00:31:50 2020 CEST <damian@fptrucha.inv.usc.es>
# name: hd
# type: matrix
# rows: 5
# columns: 2
 5606 -476
 8058 -238
 9009 0
 8556 238
 6860 476


