# Created by Octave 3.8.2, Sun Jun 21 02:06:22 2020 CEST <damian@fptrucha.inv.usc.es>
# name: hd
# type: matrix
# rows: 5
# columns: 2
 5060 -476
 7477 -238
 8124 0
 7792 238
 6237 476


