# Created by Octave 3.8.2, Mon Jun 22 19:12:24 2020 CEST <damian@fptrucha.inv.usc.es>
# name: hd
# type: matrix
# rows: 5
# columns: 2
 5445 -476
 8163 -238
 8747 0
 8348 238
 6806 476


