# Created by Octave 3.8.2, Mon Jun 22 07:46:23 2020 CEST <damian@fptrucha.inv.usc.es>
# name: hd
# type: matrix
# rows: 5
# columns: 2
 5050 -476
 7404 -238
 7845 0
 7723 238
 6199 476


