# Created by Octave 3.8.2, Mon Jun 22 04:57:10 2020 CEST <damian@fptrucha.inv.usc.es>
# name: hd
# type: matrix
# rows: 5
# columns: 2
 4851 -476
 7021 -238
 7250 0
 7250 238
 5966 476


