# Created by Octave 3.8.2, Mon Jun 22 07:06:41 2020 CEST <damian@fptrucha.inv.usc.es>
# name: hd
# type: matrix
# rows: 5
# columns: 2
 4969 -476
 7545 -238
 7714 0
 7495 238
 6242 476


