# Created by Octave 3.8.2, Mon Jun 22 07:29:25 2020 CEST <damian@fptrucha.inv.usc.es>
# name: hd
# type: matrix
# rows: 5
# columns: 2
 5120 -476
 7371 -238
 7911 0
 7613 238
 6334 476


