# Created by Octave 3.8.2, Mon Jun 22 03:00:05 2020 CEST <damian@fptrucha.inv.usc.es>
# name: hd
# type: matrix
# rows: 5
# columns: 2
 4979 -476
 7225 -238
 7638 0
 7354 238
 6116 476


