# Created by Octave 3.8.2, Mon Jun 22 02:14:48 2020 CEST <damian@fptrucha.inv.usc.es>
# name: hd
# type: matrix
# rows: 5
# columns: 2
 5154 -476
 7543 -238
 8242 0
 7918 238
 6465 476


