# Created by Octave 3.8.2, Mon Jun 22 11:43:12 2020 CEST <damian@fptrucha.inv.usc.es>
# name: hd
# type: matrix
# rows: 5
# columns: 2
 5329 -476
 7642 -238
 8289 0
 7991 238
 6566 476


