# Created by Octave 3.8.2, Sat Jun 20 19:19:11 2020 CEST <damian@fptrucha.inv.usc.es>
# name: hd
# type: matrix
# rows: 5
# columns: 2
 5252 -476
 7887 -238
 8450 0
 8161 238
 6495 476


