# Created by Octave 3.8.2, Sat Jun 20 12:20:26 2020 CEST <damian@fptrucha.inv.usc.es>
# name: hd
# type: matrix
# rows: 5
# columns: 2
 5618 -476
 8462 -238
 9017 0
 8831 238
 7060 476


