# Created by Octave 3.8.2, Sun Jun 21 02:57:06 2020 CEST <damian@fptrucha.inv.usc.es>
# name: hd
# type: matrix
# rows: 5
# columns: 2
 4961 -476
 7390 -238
 8147 0
 7764 238
 6116 476


