# Created by Octave 3.8.2, Sat Jun 20 06:01:03 2020 CEST <damian@fptrucha.inv.usc.es>
# name: hd
# type: matrix
# rows: 5
# columns: 2
 5629 -476
 8738 -238
 9578 0
 8933 238
 7131 476


