# Created by Octave 3.8.2, Mon Jun 22 19:22:21 2020 CEST <damian@fptrucha.inv.usc.es>
# name: hd
# type: matrix
# rows: 5
# columns: 2
 5456 -476
 8162 -238
 8627 0
 8518 238
 6657 476


