# Created by Octave 3.8.2, Mon Jun 22 15:32:25 2020 CEST <damian@fptrucha.inv.usc.es>
# name: hd
# type: matrix
# rows: 5
# columns: 2
 5391 -476
 8005 -238
 8449 0
 8195 238
 6812 476


