# Created by Octave 3.8.2, Mon Jun 22 01:29:07 2020 CEST <damian@fptrucha.inv.usc.es>
# name: hd
# type: matrix
# rows: 5
# columns: 2
 5104 -476
 7688 -238
 8349 0
 7932 238
 6271 476


