# Created by Octave 3.8.2, Mon Jun 22 04:40:43 2020 CEST <damian@fptrucha.inv.usc.es>
# name: hd
# type: matrix
# rows: 5
# columns: 2
 4772 -476
 6934 -238
 7298 0
 7115 238
 5897 476


