# Created by Octave 3.8.2, Sun Jun 21 04:38:45 2020 CEST <damian@fptrucha.inv.usc.es>
# name: hd
# type: matrix
# rows: 5
# columns: 2
 5145 -476
 7626 -238
 8396 0
 8017 238
 6185 476


