# Created by Octave 3.8.2, Sun Jun 21 05:18:35 2020 CEST <damian@fptrucha.inv.usc.es>
# name: hd
# type: matrix
# rows: 5
# columns: 2
 5143 -476
 7589 -238
 8274 0
 7779 238
 6382 476


