# Created by Octave 3.8.2, Sat Jun 20 22:15:21 2020 CEST <damian@fptrucha.inv.usc.es>
# name: hd
# type: matrix
# rows: 5
# columns: 2
 5335 -476
 7486 -238
 8293 0
 7942 238
 6307 476


