# Created by Octave 3.8.2, Mon Jun 22 18:33:11 2020 CEST <damian@fptrucha.inv.usc.es>
# name: hd
# type: matrix
# rows: 5
# columns: 2
 5474 -476
 8198 -238
 8669 0
 8280 238
 6699 476


