# Created by Octave 3.8.2, Mon Jun 22 09:37:28 2020 CEST <damian@fptrucha.inv.usc.es>
# name: hd
# type: matrix
# rows: 5
# columns: 2
 5000 -476
 7517 -238
 8017 0
 7742 238
 6451 476


