# Created by Octave 3.8.2, Sat Jun 20 05:45:01 2020 CEST <damian@fptrucha.inv.usc.es>
# name: hd
# type: matrix
# rows: 5
# columns: 2
 5831 -476
 8570 -238
 9333 0
 8929 238
 7199 476


