# Created by Octave 3.8.2, Sat Jun 20 20:19:54 2020 CEST <damian@fptrucha.inv.usc.es>
# name: hd
# type: matrix
# rows: 5
# columns: 2
 5128 -476
 7817 -238
 8462 0
 8119 238
 6429 476


