# Created by Octave 3.8.2, Mon Jun 22 13:24:37 2020 CEST <damian@fptrucha.inv.usc.es>
# name: hd
# type: matrix
# rows: 5
# columns: 2
 3516 -476
 5260 -238
 5370 0
 5375 238
 4313 476


