# Created by Octave 3.8.2, Sun Jun 21 07:23:08 2020 CEST <damian@fptrucha.inv.usc.es>
# name: hd
# type: matrix
# rows: 5
# columns: 2
 5050 -476
 7620 -238
 8385 0
 7823 238
 6287 476


