# Created by Octave 3.8.2, Mon Jun 22 18:55:44 2020 CEST <damian@fptrucha.inv.usc.es>
# name: hd
# type: matrix
# rows: 5
# columns: 2
 5338 -476
 8152 -238
 8637 0
 8363 238
 6901 476


