# Created by Octave 3.8.2, Sat Jun 20 04:14:21 2020 CEST <damian@fptrucha.inv.usc.es>
# name: hd
# type: matrix
# rows: 5
# columns: 2
 5769 -476
 8573 -238
 9135 0
 8819 238
 6976 476


