# Created by Octave 3.8.2, Mon Jun 22 03:16:59 2020 CEST <damian@fptrucha.inv.usc.es>
# name: hd
# type: matrix
# rows: 5
# columns: 2
 5158 -476
 7309 -238
 7473 0
 7375 238
 6104 476


