# Created by Octave 3.8.2, Mon Jun 22 19:55:28 2020 CEST <damian@fptrucha.inv.usc.es>
# name: hd
# type: matrix
# rows: 5
# columns: 2
 5455 -476
 8198 -238
 8588 0
 8354 238
 6777 476


