# Created by Octave 3.8.2, Mon Jun 22 08:57:58 2020 CEST <damian@fptrucha.inv.usc.es>
# name: hd
# type: matrix
# rows: 5
# columns: 2
 5151 -476
 7666 -238
 8130 0
 7652 238
 6339 476


