# Created by Octave 3.8.2, Mon Jun 22 14:31:03 2020 CEST <damian@fptrucha.inv.usc.es>
# name: hd
# type: matrix
# rows: 5
# columns: 2
 5370 -476
 7807 -238
 8302 0
 8007 238
 6597 476


