# Created by Octave 3.8.2, Mon Jun 22 01:55:42 2020 CEST <damian@fptrucha.inv.usc.es>
# name: hd
# type: matrix
# rows: 5
# columns: 2
 5289 -476
 7861 -238
 8211 0
 8296 238
 6454 476


