# Created by Octave 3.8.2, Sun Jun 21 02:40:08 2020 CEST <damian@fptrucha.inv.usc.es>
# name: hd
# type: matrix
# rows: 5
# columns: 2
 4931 -476
 7487 -238
 8140 0
 7741 238
 6232 476


