# Created by Octave 3.8.2, Sun Jun 21 06:05:19 2020 CEST <damian@fptrucha.inv.usc.es>
# name: hd
# type: matrix
# rows: 5
# columns: 2
 5076 -476
 7630 -238
 8238 0
 7861 238
 6329 476


