# Created by Octave 3.8.2, Sat Jun 20 10:51:11 2020 CEST <damian@fptrucha.inv.usc.es>
# name: hd
# type: matrix
# rows: 5
# columns: 2
 5718 -476
 8600 -238
 9152 0
 8890 238
 7095 476


