# Created by Octave 3.8.2, Mon Jun 22 04:01:28 2020 CEST <damian@fptrucha.inv.usc.es>
# name: hd
# type: matrix
# rows: 5
# columns: 2
 4988 -476
 7274 -238
 7560 0
 7187 238
 6010 476


