# Created by Octave 3.8.2, Mon Jun 22 06:50:09 2020 CEST <damian@fptrucha.inv.usc.es>
# name: hd
# type: matrix
# rows: 5
# columns: 2
 5120 -476
 7355 -238
 7779 0
 7369 238
 6159 476


