# Created by Octave 3.8.2, Sat Jun 20 19:06:44 2020 CEST <damian@fptrucha.inv.usc.es>
# name: hd
# type: matrix
# rows: 5
# columns: 2
 5136 -476
 7779 -238
 8360 0
 7968 238
 6342 476


