# Created by Octave 3.8.2, Sun Jun 21 07:08:40 2020 CEST <damian@fptrucha.inv.usc.es>
# name: hd
# type: matrix
# rows: 5
# columns: 2
 5403 -476
 7813 -238
 8567 0
 8117 238
 6486 476


