# Created by Octave 3.8.2, Tue Jun 23 00:09:56 2020 CEST <damian@fptrucha.inv.usc.es>
# name: hd
# type: matrix
# rows: 5
# columns: 2
 5497 -476
 7997 -238
 8651 0
 8361 238
 6696 476


