# Created by Octave 3.8.2, Sat Jun 20 06:36:16 2020 CEST <damian@fptrucha.inv.usc.es>
# name: hd
# type: matrix
# rows: 5
# columns: 2
 5729 -476
 8522 -238
 9598 0
 9172 238
 7217 476


