# Created by Octave 3.8.2, Mon Jun 22 23:47:55 2020 CEST <damian@fptrucha.inv.usc.es>
# name: hd
# type: matrix
# rows: 5
# columns: 2
 5698 -476
 8303 -238
 8970 0
 8496 238
 6795 476


