# Created by Octave 3.8.2, Sat Jun 20 04:53:11 2020 CEST <damian@fptrucha.inv.usc.es>
# name: hd
# type: matrix
# rows: 5
# columns: 2
 5685 -476
 8522 -238
 9226 0
 8963 238
 7020 476


