# Created by Octave 3.8.2, Sun Jun 21 01:26:18 2020 CEST <damian@fptrucha.inv.usc.es>
# name: hd
# type: matrix
# rows: 5
# columns: 2
 4965 -476
 7441 -238
 8073 0
 7792 238
 6102 476


