# Created by Octave 3.8.2, Sun Jun 21 04:50:44 2020 CEST <damian@fptrucha.inv.usc.es>
# name: hd
# type: matrix
# rows: 5
# columns: 2
 5035 -476
 7702 -238
 8303 0
 7950 238
 6510 476


