# Created by Octave 3.8.2, Mon Jun 22 21:58:19 2020 CEST <damian@fptrucha.inv.usc.es>
# name: hd
# type: matrix
# rows: 5
# columns: 2
 5599 -476
 8307 -238
 8913 0
 8715 238
 6797 476


