# Created by Octave 3.8.2, Sat Jun 20 15:57:58 2020 CEST <damian@fptrucha.inv.usc.es>
# name: hd
# type: matrix
# rows: 5
# columns: 2
 5181 -476
 7973 -238
 8506 0
 8176 238
 6578 476


