# Created by Octave 3.8.2, Sat Jun 20 09:32:12 2020 CEST <damian@fptrucha.inv.usc.es>
# name: hd
# type: matrix
# rows: 5
# columns: 2
 5772 -476
 8881 -238
 9425 0
 9177 238
 7203 476


