# Created by Octave 3.8.2, Sat Jun 20 16:41:55 2020 CEST <damian@fptrucha.inv.usc.es>
# name: hd
# type: matrix
# rows: 5
# columns: 2
 5269 -476
 7717 -238
 8582 0
 8133 238
 6547 476


