# Created by Octave 3.8.2, Mon Jun 22 03:06:49 2020 CEST <damian@fptrucha.inv.usc.es>
# name: hd
# type: matrix
# rows: 5
# columns: 2
 4974 -476
 7207 -238
 7504 0
 7535 238
 6209 476


