# Created by Octave 3.8.2, Mon Jun 22 13:21:47 2020 CEST <damian@fptrucha.inv.usc.es>
# name: hd
# type: matrix
# rows: 5
# columns: 2
 5398 -476
 7841 -238
 8323 0
 8178 238
 6620 476


