# Created by Octave 3.8.2, Mon Jun 22 09:32:20 2020 CEST <damian@fptrucha.inv.usc.es>
# name: hd
# type: matrix
# rows: 5
# columns: 2
 5221 -476
 7546 -238
 8046 0
 7473 238
 6154 476


