# Created by Octave 3.8.2, Mon Jun 22 02:18:53 2020 CEST <damian@fptrucha.inv.usc.es>
# name: hd
# type: matrix
# rows: 5
# columns: 2
 5166 -476
 7444 -238
 8061 0
 7705 238
 6383 476


