# Created by Octave 3.8.2, Sat Jun 20 13:59:07 2020 CEST <damian@fptrucha.inv.usc.es>
# name: hd
# type: matrix
# rows: 5
# columns: 2
 5478 -476
 8334 -238
 8957 0
 8545 238
 6853 476


