# Created by Octave 3.8.2, Sun Jun 21 04:41:45 2020 CEST <damian@fptrucha.inv.usc.es>
# name: hd
# type: matrix
# rows: 5
# columns: 2
 5162 -476
 7570 -238
 8279 0
 7833 238
 6395 476


