# Created by Octave 3.8.2, Sat Jun 20 23:53:32 2020 CEST <damian@fptrucha.inv.usc.es>
# name: hd
# type: matrix
# rows: 5
# columns: 2
 5052 -476
 7615 -238
 8275 0
 7749 238
 6231 476


