# Created by Octave 3.8.2, Mon Jun 22 19:42:41 2020 CEST <damian@fptrucha.inv.usc.es>
# name: hd
# type: matrix
# rows: 5
# columns: 2
 5511 -476
 8055 -238
 8765 0
 8526 238
 6766 476


