# Created by Octave 3.8.2, Mon Jun 22 03:32:24 2020 CEST <damian@fptrucha.inv.usc.es>
# name: hd
# type: matrix
# rows: 5
# columns: 2
 4949 -476
 7318 -238
 7578 0
 7384 238
 6206 476


