# Created by Octave 3.8.2, Sat Jun 20 09:58:00 2020 CEST <damian@fptrucha.inv.usc.es>
# name: hd
# type: matrix
# rows: 5
# columns: 2
 5805 -476
 8745 -238
 9371 0
 9022 238
 7173 476


