# Created by Octave 3.8.2, Mon Jun 22 03:02:02 2020 CEST <damian@fptrucha.inv.usc.es>
# name: hd
# type: matrix
# rows: 5
# columns: 2
 4924 -476
 7266 -238
 7598 0
 7359 238
 6141 476


