# Created by Octave 3.8.2, Sat Jun 20 08:46:53 2020 CEST <damian@fptrucha.inv.usc.es>
# name: hd
# type: matrix
# rows: 5
# columns: 2
 5956 -476
 8830 -238
 9591 0
 9164 238
 7463 476


