# Created by Octave 3.8.2, Sun Jun 21 02:52:48 2020 CEST <damian@fptrucha.inv.usc.es>
# name: hd
# type: matrix
# rows: 5
# columns: 2
 5149 -476
 7517 -238
 8095 0
 7848 238
 6126 476


