# Created by Octave 3.8.2, Sun Jun 21 00:12:41 2020 CEST <damian@fptrucha.inv.usc.es>
# name: hd
# type: matrix
# rows: 5
# columns: 2
 5030 -476
 7557 -238
 8163 0
 7628 238
 6146 476


