# Created by Octave 3.8.2, Sat Jun 20 03:04:46 2020 CEST <damian@fptrucha.inv.usc.es>
# name: hd
# type: matrix
# rows: 5
# columns: 2
 5676 -476
 8275 -238
 9090 0
 8803 238
 7075 476


