# Created by Octave 3.8.2, Sun Jun 21 01:31:17 2020 CEST <damian@fptrucha.inv.usc.es>
# name: hd
# type: matrix
# rows: 5
# columns: 2
 5033 -476
 7446 -238
 8096 0
 7645 238
 6284 476


