# Created by Octave 3.8.2, Sat Jun 20 11:50:00 2020 CEST <damian@fptrucha.inv.usc.es>
# name: hd
# type: matrix
# rows: 5
# columns: 2
 5598 -476
 8542 -238
 9008 0
 8805 238
 6946 476


