# Created by Octave 3.8.2, Sat Jun 20 10:41:44 2020 CEST <damian@fptrucha.inv.usc.es>
# name: hd
# type: matrix
# rows: 5
# columns: 2
 5821 -476
 8807 -238
 9510 0
 9014 238
 7190 476


