# Created by Octave 3.8.2, Sat Jun 20 04:01:42 2020 CEST <damian@fptrucha.inv.usc.es>
# name: hd
# type: matrix
# rows: 5
# columns: 2
 5881 -476
 8712 -238
 9438 0
 9154 238
 7039 476


