# Created by Octave 3.8.2, Mon Jun 22 22:01:29 2020 CEST <damian@fptrucha.inv.usc.es>
# name: hd
# type: matrix
# rows: 5
# columns: 2
 3640 -476
 5457 -238
 5866 0
 5758 238
 4526 476


