# Created by Octave 3.8.2, Sat Jun 20 16:32:44 2020 CEST <damian@fptrucha.inv.usc.es>
# name: hd
# type: matrix
# rows: 5
# columns: 2
 5152 -476
 7868 -238
 8515 0
 8051 238
 6499 476


