# Created by Octave 3.8.2, Mon Jun 22 01:30:10 2020 CEST <damian@fptrucha.inv.usc.es>
# name: hd
# type: matrix
# rows: 5
# columns: 2
 5151 -476
 7648 -238
 8518 0
 8075 238
 6309 476


