# Created by Octave 3.8.2, Mon Jun 22 02:29:24 2020 CEST <damian@fptrucha.inv.usc.es>
# name: hd
# type: matrix
# rows: 5
# columns: 2
 4795 -476
 6845 -238
 7304 0
 7059 238
 5765 476


