# Created by Octave 3.8.2, Sat Jun 20 23:45:15 2020 CEST <damian@fptrucha.inv.usc.es>
# name: hd
# type: matrix
# rows: 5
# columns: 2
 3368 -476
 4918 -238
 5600 0
 5292 238
 4146 476


