# Created by Octave 3.8.2, Mon Jun 22 03:25:43 2020 CEST <damian@fptrucha.inv.usc.es>
# name: hd
# type: matrix
# rows: 5
# columns: 2
 5097 -476
 7326 -238
 7541 0
 7304 238
 6209 476


