# Created by Octave 3.8.2, Sat Jun 20 23:49:20 2020 CEST <damian@fptrucha.inv.usc.es>
# name: hd
# type: matrix
# rows: 5
# columns: 2
 4979 -476
 7367 -238
 8165 0
 7727 238
 6291 476


