# Created by Octave 3.8.2, Sat Jun 20 06:53:37 2020 CEST <damian@fptrucha.inv.usc.es>
# name: hd
# type: matrix
# rows: 5
# columns: 2
 5764 -476
 8725 -238
 9378 0
 8846 238
 7254 476


