# Created by Octave 3.8.2, Sat Jun 20 19:12:44 2020 CEST <damian@fptrucha.inv.usc.es>
# name: hd
# type: matrix
# rows: 5
# columns: 2
 5127 -476
 7787 -238
 8469 0
 7932 238
 6392 476


