# Created by Octave 3.8.2, Sun Jun 21 06:52:05 2020 CEST <damian@fptrucha.inv.usc.es>
# name: hd
# type: matrix
# rows: 5
# columns: 2
 5073 -476
 7430 -238
 8248 0
 7768 238
 6090 476


