# Created by Octave 3.8.2, Sat Jun 20 12:19:05 2020 CEST <damian@fptrucha.inv.usc.es>
# name: hd
# type: matrix
# rows: 5
# columns: 2
 5551 -476
 8476 -238
 8980 0
 8794 238
 7094 476


