# Created by Octave 3.8.2, Sat Jun 20 15:09:29 2020 CEST <damian@fptrucha.inv.usc.es>
# name: hd
# type: matrix
# rows: 5
# columns: 2
 5299 -476
 8095 -238
 8809 0
 8285 238
 6507 476


