# Created by Octave 3.8.2, Sun Jun 21 00:29:34 2020 CEST <damian@fptrucha.inv.usc.es>
# name: hd
# type: matrix
# rows: 5
# columns: 2
 3306 -476
 4953 -238
 5352 0
 5182 238
 4025 476


