# Created by Octave 3.8.2, Sat Jun 20 20:53:20 2020 CEST <damian@fptrucha.inv.usc.es>
# name: hd
# type: matrix
# rows: 5
# columns: 2
 5122 -476
 7651 -238
 8271 0
 7873 238
 6304 476


