# Created by Octave 3.8.2, Mon Jun 22 02:59:11 2020 CEST <damian@fptrucha.inv.usc.es>
# name: hd
# type: matrix
# rows: 5
# columns: 2
 3350 -476
 4729 -238
 4982 0
 4889 238
 4048 476


