# Created by Octave 3.8.2, Sat Jun 20 10:16:12 2020 CEST <damian@fptrucha.inv.usc.es>
# name: hd
# type: matrix
# rows: 5
# columns: 2
 5690 -476
 8524 -238
 9318 0
 8996 238
 7055 476


