# Created by Octave 3.8.2, Sat Jun 20 14:24:34 2020 CEST <damian@fptrucha.inv.usc.es>
# name: hd
# type: matrix
# rows: 5
# columns: 2
 5438 -476
 7952 -238
 8704 0
 8409 238
 6687 476


