# Created by Octave 3.8.2, Mon Jun 22 01:00:54 2020 CEST <damian@fptrucha.inv.usc.es>
# name: hd
# type: matrix
# rows: 5
# columns: 2
 5345 -476
 7887 -238
 8538 0
 8243 238
 6511 476


