# Created by Octave 3.8.2, Mon Jun 22 09:38:30 2020 CEST <damian@fptrucha.inv.usc.es>
# name: hd
# type: matrix
# rows: 5
# columns: 2
 5087 -476
 7609 -238
 8108 0
 7801 238
 6363 476


