# Created by Octave 3.8.2, Sun Jun 21 05:06:07 2020 CEST <damian@fptrucha.inv.usc.es>
# name: hd
# type: matrix
# rows: 5
# columns: 2
 5285 -476
 7604 -238
 8307 0
 7864 238
 6201 476


