# Created by Octave 3.8.2, Mon Jun 22 15:37:58 2020 CEST <damian@fptrucha.inv.usc.es>
# name: hd
# type: matrix
# rows: 5
# columns: 2
 5383 -476
 8087 -238
 8697 0
 8315 238
 6704 476


