# Created by Octave 3.8.2, Mon Jun 22 04:11:28 2020 CEST <damian@fptrucha.inv.usc.es>
# name: hd
# type: matrix
# rows: 5
# columns: 2
 4900 -476
 7188 -238
 7467 0
 7221 238
 5949 476


