# Created by Octave 3.8.2, Mon Jun 22 12:25:18 2020 CEST <damian@fptrucha.inv.usc.es>
# name: hd
# type: matrix
# rows: 5
# columns: 2
 5243 -476
 7809 -238
 8342 0
 8019 238
 6551 476


