# Created by Octave 3.8.2, Mon Jun 22 03:31:26 2020 CEST <damian@fptrucha.inv.usc.es>
# name: hd
# type: matrix
# rows: 5
# columns: 2
 4989 -476
 7174 -238
 7731 0
 7478 238
 6269 476


