# Created by Octave 3.8.2, Mon Jun 22 22:54:15 2020 CEST <damian@fptrucha.inv.usc.es>
# name: hd
# type: matrix
# rows: 5
# columns: 2
 5597 -476
 8262 -238
 8947 0
 8640 238
 6941 476


