# Created by Octave 3.8.2, Sun Jun 21 05:56:44 2020 CEST <damian@fptrucha.inv.usc.es>
# name: hd
# type: matrix
# rows: 5
# columns: 2
 5054 -476
 7691 -238
 8299 0
 7961 238
 6174 476


