# Created by Octave 3.8.2, Mon Jun 22 08:44:52 2020 CEST <damian@fptrucha.inv.usc.es>
# name: hd
# type: matrix
# rows: 5
# columns: 2
 5132 -476
 7688 -238
 8154 0
 7615 238
 6301 476


