# Created by Octave 3.8.2, Mon Jun 22 10:15:30 2020 CEST <damian@fptrucha.inv.usc.es>
# name: hd
# type: matrix
# rows: 5
# columns: 2
 5052 -476
 7487 -238
 8372 0
 7915 238
 6419 476


