# Created by Octave 3.8.2, Mon Jun 22 10:23:31 2020 CEST <damian@fptrucha.inv.usc.es>
# name: hd
# type: matrix
# rows: 5
# columns: 2
 5203 -476
 7750 -238
 8245 0
 7803 238
 6361 476


