# Created by Octave 3.8.2, Sat Jun 20 09:29:13 2020 CEST <damian@fptrucha.inv.usc.es>
# name: hd
# type: matrix
# rows: 5
# columns: 2
 5867 -476
 8900 -238
 9508 0
 9052 238
 7170 476


