# Created by Octave 3.8.2, Tue Jun 23 00:36:34 2020 CEST <damian@fptrucha.inv.usc.es>
# name: hd
# type: matrix
# rows: 5
# columns: 2
 5580 -476
 8270 -238
 8903 0
 8713 238
 6942 476


