# Created by Octave 3.8.2, Mon Jun 22 23:10:44 2020 CEST <damian@fptrucha.inv.usc.es>
# name: hd
# type: matrix
# rows: 5
# columns: 2
 5650 -476
 8396 -238
 8898 0
 8779 238
 6825 476


