# Created by Octave 3.8.2, Sat Jun 20 22:10:36 2020 CEST <damian@fptrucha.inv.usc.es>
# name: hd
# type: matrix
# rows: 5
# columns: 2
 5205 -476
 7534 -238
 8440 0
 7863 238
 6250 476


