# Created by Octave 3.8.2, Mon Jun 22 17:06:04 2020 CEST <damian@fptrucha.inv.usc.es>
# name: hd
# type: matrix
# rows: 5
# columns: 2
 5407 -476
 7970 -238
 8520 0
 8373 238
 6661 476


