# Created by Octave 3.8.2, Sat Jun 20 23:29:46 2020 CEST <damian@fptrucha.inv.usc.es>
# name: hd
# type: matrix
# rows: 5
# columns: 2
 4974 -476
 7559 -238
 8325 0
 7728 238
 6219 476


