# Created by Octave 3.8.2, Sat Jun 20 14:47:06 2020 CEST <damian@fptrucha.inv.usc.es>
# name: hd
# type: matrix
# rows: 5
# columns: 2
 5468 -476
 8080 -238
 8831 0
 8474 238
 6486 476


