# Created by Octave 3.8.2, Sat Jun 20 23:43:11 2020 CEST <damian@fptrucha.inv.usc.es>
# name: hd
# type: matrix
# rows: 5
# columns: 2
 5101 -476
 7427 -238
 8243 0
 7521 238
 6298 476


