# Created by Octave 3.8.2, Mon Jun 22 06:20:52 2020 CEST <damian@fptrucha.inv.usc.es>
# name: hd
# type: matrix
# rows: 5
# columns: 2
 5126 -476
 7503 -238
 7935 0
 7469 238
 6162 476


