# Created by Octave 3.8.2, Mon Jun 22 22:12:04 2020 CEST <damian@fptrucha.inv.usc.es>
# name: hd
# type: matrix
# rows: 5
# columns: 2
 5566 -476
 8223 -238
 8898 0
 8620 238
 6952 476


