# Created by Octave 3.8.2, Mon Jun 22 14:13:14 2020 CEST <damian@fptrucha.inv.usc.es>
# name: hd
# type: matrix
# rows: 5
# columns: 2
 5338 -476
 7771 -238
 8306 0
 8047 238
 6466 476


