# Created by Octave 3.8.2, Sun Jun 21 02:42:18 2020 CEST <damian@fptrucha.inv.usc.es>
# name: hd
# type: matrix
# rows: 5
# columns: 2
 4991 -476
 7311 -238
 8042 0
 7859 238
 6073 476


