# Created by Octave 3.8.2, Sat Jun 20 20:18:33 2020 CEST <damian@fptrucha.inv.usc.es>
# name: hd
# type: matrix
# rows: 5
# columns: 2
 3455 -476
 5075 -238
 5629 0
 5155 238
 4235 476


