# Created by Octave 3.8.2, Sun Jun 21 04:10:03 2020 CEST <damian@fptrucha.inv.usc.es>
# name: hd
# type: matrix
# rows: 5
# columns: 2
 4953 -476
 7621 -238
 8352 0
 7790 238
 6190 476


