# Created by Octave 3.8.2, Sat Jun 20 16:51:02 2020 CEST <damian@fptrucha.inv.usc.es>
# name: hd
# type: matrix
# rows: 5
# columns: 2
 5260 -476
 7709 -238
 8539 0
 8051 238
 6450 476


