# Created by Octave 3.8.2, Sat Jun 20 16:58:26 2020 CEST <damian@fptrucha.inv.usc.es>
# name: hd
# type: matrix
# rows: 5
# columns: 2
 5255 -476
 7843 -238
 8554 0
 8197 238
 6529 476


