# Created by Octave 3.8.2, Mon Jun 22 11:19:24 2020 CEST <damian@fptrucha.inv.usc.es>
# name: hd
# type: matrix
# rows: 5
# columns: 2
 5305 -476
 7787 -238
 8148 0
 7844 238
 6429 476


