# Created by Octave 3.8.2, Mon Jun 22 21:35:04 2020 CEST <damian@fptrucha.inv.usc.es>
# name: hd
# type: matrix
# rows: 5
# columns: 2
 5516 -476
 8224 -238
 8916 0
 8588 238
 6980 476


