# Created by Octave 3.8.2, Sat Jun 20 19:55:05 2020 CEST <damian@fptrucha.inv.usc.es>
# name: hd
# type: matrix
# rows: 5
# columns: 2
 5121 -476
 7636 -238
 8409 0
 7924 238
 6355 476


