# Created by Octave 3.8.2, Sat Jun 20 23:31:09 2020 CEST <damian@fptrucha.inv.usc.es>
# name: hd
# type: matrix
# rows: 5
# columns: 2
 5146 -476
 7895 -238
 8349 0
 7946 238
 6220 476


