# Created by Octave 3.8.2, Sat Jun 20 07:54:40 2020 CEST <damian@fptrucha.inv.usc.es>
# name: hd
# type: matrix
# rows: 5
# columns: 2
 5952 -476
 8763 -238
 9483 0
 8968 238
 7273 476


