# Created by Octave 3.8.2, Sat Jun 20 06:57:23 2020 CEST <damian@fptrucha.inv.usc.es>
# name: hd
# type: matrix
# rows: 5
# columns: 2
 3844 -476
 5820 -238
 5989 0
 5966 238
 4805 476


