# Created by Octave 3.8.2, Mon Jun 22 20:48:46 2020 CEST <damian@fptrucha.inv.usc.es>
# name: hd
# type: matrix
# rows: 5
# columns: 2
 5491 -476
 8113 -238
 8799 0
 8387 238
 6808 476


