# Created by Octave 3.8.2, Mon Jun 22 15:52:00 2020 CEST <damian@fptrucha.inv.usc.es>
# name: hd
# type: matrix
# rows: 5
# columns: 2
 5198 -476
 8197 -238
 8484 0
 8349 238
 6814 476


