# Created by Octave 3.8.2, Mon Jun 22 14:51:16 2020 CEST <damian@fptrucha.inv.usc.es>
# name: hd
# type: matrix
# rows: 5
# columns: 2
 5387 -476
 8035 -238
 8513 0
 8302 238
 6689 476


