# Created by Octave 3.8.2, Sat Jun 20 11:39:22 2020 CEST <damian@fptrucha.inv.usc.es>
# name: hd
# type: matrix
# rows: 5
# columns: 2
 5469 -476
 8500 -238
 9151 0
 8857 238
 7167 476


