# Created by Octave 3.8.2, Mon Jun 22 18:46:28 2020 CEST <damian@fptrucha.inv.usc.es>
# name: hd
# type: matrix
# rows: 5
# columns: 2
 5485 -476
 8115 -238
 8797 0
 8530 238
 6632 476


