# Created by Octave 3.8.2, Sat Jun 20 09:12:59 2020 CEST <damian@fptrucha.inv.usc.es>
# name: hd
# type: matrix
# rows: 5
# columns: 2
 5829 -476
 8772 -238
 9531 0
 9137 238
 7452 476


