# Created by Octave 3.8.2, Sat Jun 20 15:10:50 2020 CEST <damian@fptrucha.inv.usc.es>
# name: hd
# type: matrix
# rows: 5
# columns: 2
 5294 -476
 7883 -238
 8770 0
 8276 238
 6660 476


