# Created by Octave 3.8.2, Sat Jun 20 13:13:05 2020 CEST <damian@fptrucha.inv.usc.es>
# name: hd
# type: matrix
# rows: 5
# columns: 2
 5479 -476
 8423 -238
 8963 0
 8541 238
 6766 476


