# Created by Octave 3.8.2, Mon Jun 22 23:38:47 2020 CEST <damian@fptrucha.inv.usc.es>
# name: hd
# type: matrix
# rows: 5
# columns: 2
 5603 -476
 8065 -238
 8952 0
 8611 238
 6911 476


