# Created by Octave 3.8.2, Sun Jun 21 02:17:21 2020 CEST <damian@fptrucha.inv.usc.es>
# name: hd
# type: matrix
# rows: 5
# columns: 2
 5019 -476
 7631 -238
 8116 0
 7862 238
 6211 476


