# Created by Octave 3.8.2, Mon Jun 22 21:48:50 2020 CEST <damian@fptrucha.inv.usc.es>
# name: hd
# type: matrix
# rows: 5
# columns: 2
 5610 -476
 8270 -238
 9025 0
 8405 238
 6968 476


