# Created by Octave 3.8.2, Sun Jun 21 01:58:01 2020 CEST <damian@fptrucha.inv.usc.es>
# name: hd
# type: matrix
# rows: 5
# columns: 2
 5016 -476
 7454 -238
 8206 0
 7777 238
 6070 476


