# Created by Octave 3.8.2, Sat Jun 20 14:21:50 2020 CEST <damian@fptrucha.inv.usc.es>
# name: hd
# type: matrix
# rows: 5
# columns: 2
 5306 -476
 7920 -238
 8762 0
 8157 238
 6722 476


