# Created by Octave 3.8.2, Sat Jun 20 16:23:59 2020 CEST <damian@fptrucha.inv.usc.es>
# name: hd
# type: matrix
# rows: 5
# columns: 2
 5137 -476
 7891 -238
 8611 0
 8350 238
 6466 476


