# Created by Octave 3.8.2, Sat Jun 20 20:44:08 2020 CEST <damian@fptrucha.inv.usc.es>
# name: hd
# type: matrix
# rows: 5
# columns: 2
 5232 -476
 7813 -238
 8268 0
 7809 238
 6219 476


