# Created by Octave 3.8.2, Mon Jun 22 11:33:43 2020 CEST <damian@fptrucha.inv.usc.es>
# name: hd
# type: matrix
# rows: 5
# columns: 2
 5296 -476
 7732 -238
 8280 0
 7897 238
 6534 476


