# Created by Octave 3.8.2, Sun Jun 21 01:14:18 2020 CEST <damian@fptrucha.inv.usc.es>
# name: hd
# type: matrix
# rows: 5
# columns: 2
 5028 -476
 7630 -238
 8161 0
 7885 238
 6328 476


