# Created by Octave 3.8.2, Tue Jun 23 00:38:59 2020 CEST <damian@fptrucha.inv.usc.es>
# name: hd
# type: matrix
# rows: 5
# columns: 2
 5659 -476
 8351 -238
 8993 0
 8591 238
 6961 476


