# Created by Octave 3.8.2, Mon Jun 22 18:18:23 2020 CEST <damian@fptrucha.inv.usc.es>
# name: hd
# type: matrix
# rows: 5
# columns: 2
 5338 -476
 8209 -238
 8662 0
 8262 238
 6780 476


