# Created by Octave 3.8.2, Sun Jun 21 04:47:20 2020 CEST <damian@fptrucha.inv.usc.es>
# name: hd
# type: matrix
# rows: 5
# columns: 2
 5014 -476
 7668 -238
 8247 0
 7968 238
 6175 476


