# Created by Octave 3.8.2, Mon Jun 22 05:00:05 2020 CEST <damian@fptrucha.inv.usc.es>
# name: hd
# type: matrix
# rows: 5
# columns: 2
 4846 -476
 6978 -238
 7379 0
 7176 238
 5898 476


