# Created by Octave 3.8.2, Mon Jun 22 22:14:26 2020 CEST <damian@fptrucha.inv.usc.es>
# name: hd
# type: matrix
# rows: 5
# columns: 2
 5613 -476
 8292 -238
 8854 0
 8670 238
 7053 476


