# Created by Octave 3.8.2, Sun Jun 21 03:20:33 2020 CEST <damian@fptrucha.inv.usc.es>
# name: hd
# type: matrix
# rows: 5
# columns: 2
 5024 -476
 7471 -238
 8263 0
 7772 238
 6166 476


