# Created by Octave 3.8.2, Sun Jun 21 07:49:20 2020 CEST <damian@fptrucha.inv.usc.es>
# name: hd
# type: matrix
# rows: 5
# columns: 2
 4925 -476
 7663 -238
 8400 0
 7801 238
 6409 476


