# Created by Octave 3.8.2, Sun Jun 21 03:38:54 2020 CEST <damian@fptrucha.inv.usc.es>
# name: hd
# type: matrix
# rows: 5
# columns: 2
 5063 -476
 7694 -238
 8228 0
 7835 238
 6240 476


