# Created by Octave 3.8.2, Sat Jun 20 12:32:31 2020 CEST <damian@fptrucha.inv.usc.es>
# name: hd
# type: matrix
# rows: 5
# columns: 2
 5631 -476
 8126 -238
 9015 0
 8756 238
 6934 476


