# Created by Octave 3.8.2, Sat Jun 20 16:38:00 2020 CEST <damian@fptrucha.inv.usc.es>
# name: hd
# type: matrix
# rows: 5
# columns: 2
 5120 -476
 7843 -238
 8541 0
 7946 238
 6295 476


