# Created by Octave 3.8.2, Mon Jun 22 18:16:10 2020 CEST <damian@fptrucha.inv.usc.es>
# name: hd
# type: matrix
# rows: 5
# columns: 2
 3591 -476
 5311 -238
 5755 0
 5585 238
 4551 476


