# Created by Octave 3.8.2, Mon Jun 22 18:04:09 2020 CEST <damian@fptrucha.inv.usc.es>
# name: hd
# type: matrix
# rows: 5
# columns: 2
 5402 -476
 8005 -238
 8598 0
 8408 238
 6585 476


