# Created by Octave 3.8.2, Sat Jun 20 14:25:53 2020 CEST <damian@fptrucha.inv.usc.es>
# name: hd
# type: matrix
# rows: 5
# columns: 2
 5571 -476
 8115 -238
 8932 0
 8401 238
 6771 476


