# Created by Octave 3.8.2, Mon Jun 22 07:12:40 2020 CEST <damian@fptrucha.inv.usc.es>
# name: hd
# type: matrix
# rows: 5
# columns: 2
 5146 -476
 7304 -238
 7765 0
 7432 238
 6139 476


