# Created by Octave 3.8.2, Sat Jun 20 09:55:04 2020 CEST <damian@fptrucha.inv.usc.es>
# name: hd
# type: matrix
# rows: 5
# columns: 2
 5839 -476
 8767 -238
 9469 0
 9196 238
 7407 476


