# Created by Octave 3.8.2, Sun Jun 21 04:03:27 2020 CEST <damian@fptrucha.inv.usc.es>
# name: hd
# type: matrix
# rows: 5
# columns: 2
 4947 -476
 7461 -238
 8172 0
 7895 238
 6420 476


