# Created by Octave 3.8.2, Sat Jun 20 13:48:04 2020 CEST <damian@fptrucha.inv.usc.es>
# name: hd
# type: matrix
# rows: 5
# columns: 2
 5401 -476
 8243 -238
 8812 0
 8432 238
 6751 476


