# Created by Octave 3.8.2, Mon Jun 22 00:37:13 2020 CEST <damian@fptrucha.inv.usc.es>
# name: hd
# type: matrix
# rows: 5
# columns: 2
 5239 -476
 7640 -238
 8429 0
 7931 238
 6242 476


