# Created by Octave 3.8.2, Mon Jun 22 15:44:11 2020 CEST <damian@fptrucha.inv.usc.es>
# name: hd
# type: matrix
# rows: 5
# columns: 2
 5397 -476
 8023 -238
 8452 0
 8278 238
 6687 476


