# Created by Octave 3.8.2, Sun Jun 21 04:39:55 2020 CEST <damian@fptrucha.inv.usc.es>
# name: hd
# type: matrix
# rows: 5
# columns: 2
 5219 -476
 7656 -238
 8389 0
 8037 238
 6208 476


