# Created by Octave 3.8.2, Sat Jun 20 05:52:18 2020 CEST <damian@fptrucha.inv.usc.es>
# name: hd
# type: matrix
# rows: 5
# columns: 2
 5739 -476
 8725 -238
 9412 0
 9163 238
 7221 476


