# Created by Octave 3.8.2, Sat Jun 20 12:26:10 2020 CEST <damian@fptrucha.inv.usc.es>
# name: hd
# type: matrix
# rows: 5
# columns: 2
 5534 -476
 8430 -238
 9263 0
 8715 238
 6956 476


