# Created by Octave 3.8.2, Mon Jun 22 05:13:08 2020 CEST <damian@fptrucha.inv.usc.es>
# name: hd
# type: matrix
# rows: 5
# columns: 2
 3350 -476
 4799 -238
 4948 0
 4794 238
 3972 476


