# Created by Octave 3.8.2, Mon Jun 22 18:28:40 2020 CEST <damian@fptrucha.inv.usc.es>
# name: hd
# type: matrix
# rows: 5
# columns: 2
 5673 -476
 8174 -238
 8532 0
 8444 238
 6777 476


