# Created by Octave 3.8.2, Mon Jun 22 06:57:39 2020 CEST <damian@fptrucha.inv.usc.es>
# name: hd
# type: matrix
# rows: 5
# columns: 2
 3341 -476
 4830 -238
 4984 0
 4763 238
 3941 476


