# Created by Octave 3.8.2, Sat Jun 20 10:38:49 2020 CEST <damian@fptrucha.inv.usc.es>
# name: hd
# type: matrix
# rows: 5
# columns: 2
 5692 -476
 8586 -238
 9333 0
 8906 238
 7246 476


