# Created by Octave 3.8.2, Sat Jun 20 13:25:05 2020 CEST <damian@fptrucha.inv.usc.es>
# name: hd
# type: matrix
# rows: 5
# columns: 2
 5618 -476
 8415 -238
 8956 0
 8620 238
 6931 476


