# Created by Octave 3.8.2, Mon Jun 22 13:03:58 2020 CEST <damian@fptrucha.inv.usc.es>
# name: hd
# type: matrix
# rows: 5
# columns: 2
 5262 -476
 7718 -238
 8328 0
 8015 238
 6472 476


