# Created by Octave 3.8.2, Sun Jun 21 06:09:52 2020 CEST <damian@fptrucha.inv.usc.es>
# name: hd
# type: matrix
# rows: 5
# columns: 2
 5049 -476
 7658 -238
 8239 0
 7879 238
 6273 476


