# Created by Octave 3.8.2, Sat Jun 20 15:18:22 2020 CEST <damian@fptrucha.inv.usc.es>
# name: hd
# type: matrix
# rows: 5
# columns: 2
 3486 -476
 5151 -238
 5630 0
 5422 238
 4330 476


