# Created by Octave 3.8.2, Mon Jun 22 00:42:00 2020 CEST <damian@fptrucha.inv.usc.es>
# name: hd
# type: matrix
# rows: 5
# columns: 2
 5164 -476
 7744 -238
 8281 0
 8012 238
 6311 476


