# Created by Octave 3.8.2, Sat Jun 20 08:45:22 2020 CEST <damian@fptrucha.inv.usc.es>
# name: hd
# type: matrix
# rows: 5
# columns: 2
 5882 -476
 8997 -238
 9567 0
 9388 238
 7329 476


