# Created by Octave 3.8.2, Sat Jun 20 05:19:51 2020 CEST <damian@fptrucha.inv.usc.es>
# name: hd
# type: matrix
# rows: 5
# columns: 2
 5813 -476
 8749 -238
 9236 0
 9005 238
 6898 476


