# Created by Octave 3.8.2, Mon Jun 22 12:18:59 2020 CEST <damian@fptrucha.inv.usc.es>
# name: hd
# type: matrix
# rows: 5
# columns: 2
 5133 -476
 7690 -238
 8375 0
 8098 238
 6418 476


