# Created by Octave 3.8.2, Mon Jun 22 09:26:05 2020 CEST <damian@fptrucha.inv.usc.es>
# name: hd
# type: matrix
# rows: 5
# columns: 2
 5179 -476
 7472 -238
 7952 0
 7716 238
 6391 476


