# Created by Octave 3.8.2, Sun Jun 21 07:24:17 2020 CEST <damian@fptrucha.inv.usc.es>
# name: hd
# type: matrix
# rows: 5
# columns: 2
 5116 -476
 7552 -238
 8067 0
 7923 238
 6261 476


