# Created by Octave 3.8.2, Sat Jun 20 08:29:44 2020 CEST <damian@fptrucha.inv.usc.es>
# name: hd
# type: matrix
# rows: 5
# columns: 2
 5895 -476
 8896 -238
 9512 0
 9382 238
 7434 476


