# Created by Octave 3.8.2, Mon Jun 22 04:53:53 2020 CEST <damian@fptrucha.inv.usc.es>
# name: hd
# type: matrix
# rows: 5
# columns: 2
 4865 -476
 7163 -238
 7435 0
 7248 238
 5845 476


