# Created by Octave 3.8.2, Sat Jun 20 02:22:47 2020 CEST <damian@fptrucha.inv.usc.es>
# name: hd
# type: matrix
# rows: 5
# columns: 2
 3664 -476
 5540 -238
 5863 0
 5603 238
 4563 476


