# Created by Octave 3.8.2, Mon Jun 22 06:31:37 2020 CEST <damian@fptrucha.inv.usc.es>
# name: hd
# type: matrix
# rows: 5
# columns: 2
 5092 -476
 7413 -238
 7656 0
 7339 238
 6356 476


