# Created by Octave 3.8.2, Sun Jun 21 00:13:45 2020 CEST <damian@fptrucha.inv.usc.es>
# name: hd
# type: matrix
# rows: 5
# columns: 2
 4978 -476
 7547 -238
 8028 0
 7714 238
 6309 476


