# Created by Octave 3.8.2, Sat Jun 20 21:37:23 2020 CEST <damian@fptrucha.inv.usc.es>
# name: hd
# type: matrix
# rows: 5
# columns: 2
 5122 -476
 7458 -238
 8292 0
 7780 238
 6261 476


