# Created by Octave 3.8.2, Sat Jun 20 16:53:09 2020 CEST <damian@fptrucha.inv.usc.es>
# name: hd
# type: matrix
# rows: 5
# columns: 2
 5188 -476
 7710 -238
 8438 0
 8112 238
 6421 476


