# Created by Octave 3.8.2, Sun Jun 21 01:15:24 2020 CEST <damian@fptrucha.inv.usc.es>
# name: hd
# type: matrix
# rows: 5
# columns: 2
 5032 -476
 7514 -238
 8187 0
 7782 238
 6158 476


