# Created by Octave 3.8.2, Mon Jun 22 20:18:55 2020 CEST <damian@fptrucha.inv.usc.es>
# name: hd
# type: matrix
# rows: 5
# columns: 2
 5448 -476
 8164 -238
 8870 0
 8253 238
 6691 476


