# Created by Octave 3.8.2, Mon Jun 22 10:16:34 2020 CEST <damian@fptrucha.inv.usc.es>
# name: hd
# type: matrix
# rows: 5
# columns: 2
 5232 -476
 7759 -238
 8039 0
 8017 238
 6376 476


