# Created by Octave 3.8.2, Mon Jun 22 20:03:07 2020 CEST <damian@fptrucha.inv.usc.es>
# name: hd
# type: matrix
# rows: 5
# columns: 2
 5429 -476
 8300 -238
 8566 0
 8401 238
 6652 476


