# Created by Octave 3.8.2, Sat Jun 20 16:47:10 2020 CEST <damian@fptrucha.inv.usc.es>
# name: hd
# type: matrix
# rows: 5
# columns: 2
 5202 -476
 8025 -238
 8564 0
 8286 238
 6460 476


