# Created by Octave 3.8.2, Mon Jun 22 13:39:42 2020 CEST <damian@fptrucha.inv.usc.es>
# name: hd
# type: matrix
# rows: 5
# columns: 2
 5377 -476
 7849 -238
 8368 0
 7983 238
 6608 476


