# Created by Octave 3.8.2, Mon Jun 22 20:44:08 2020 CEST <damian@fptrucha.inv.usc.es>
# name: hd
# type: matrix
# rows: 5
# columns: 2
 5444 -476
 8047 -238
 8801 0
 8435 238
 6717 476


