# Created by Octave 3.8.2, Mon Jun 22 22:40:19 2020 CEST <damian@fptrucha.inv.usc.es>
# name: hd
# type: matrix
# rows: 5
# columns: 2
 5601 -476
 8374 -238
 8704 0
 8633 238
 6847 476


