# Created by Octave 3.8.2, Sun Jun 21 06:21:55 2020 CEST <damian@fptrucha.inv.usc.es>
# name: hd
# type: matrix
# rows: 5
# columns: 2
 5017 -476
 7335 -238
 8023 0
 7767 238
 6192 476


