# Created by Octave 3.8.2, Sat Jun 20 11:52:50 2020 CEST <damian@fptrucha.inv.usc.es>
# name: hd
# type: matrix
# rows: 5
# columns: 2
 5705 -476
 8443 -238
 9093 0
 8923 238
 6926 476


