# Created by Octave 3.8.2, Mon Jun 22 22:34:22 2020 CEST <damian@fptrucha.inv.usc.es>
# name: hd
# type: matrix
# rows: 5
# columns: 2
 5368 -476
 8328 -238
 8858 0
 8685 238
 6917 476


