# Created by Octave 3.8.2, Sat Jun 20 12:24:45 2020 CEST <damian@fptrucha.inv.usc.es>
# name: hd
# type: matrix
# rows: 5
# columns: 2
 5681 -476
 8601 -238
 9048 0
 8918 238
 6880 476


