# Created by Octave 3.8.2, Mon Jun 22 17:02:45 2020 CEST <damian@fptrucha.inv.usc.es>
# name: hd
# type: matrix
# rows: 5
# columns: 2
 5436 -476
 8070 -238
 8539 0
 8025 238
 6707 476


