# Created by Octave 3.8.2, Sat Jun 20 03:55:04 2020 CEST <damian@fptrucha.inv.usc.es>
# name: hd
# type: matrix
# rows: 5
# columns: 2
 5646 -476
 8537 -238
 9139 0
 8748 238
 7095 476


