# Created by Octave 3.8.2, Sun Jun 21 05:11:51 2020 CEST <damian@fptrucha.inv.usc.es>
# name: hd
# type: matrix
# rows: 5
# columns: 2
 5182 -476
 7605 -238
 8168 0
 7846 238
 6319 476


