# Created by Octave 3.8.2, Sat Jun 20 06:31:01 2020 CEST <damian@fptrucha.inv.usc.es>
# name: hd
# type: matrix
# rows: 5
# columns: 2
 5750 -476
 8693 -238
 9276 0
 9070 238
 7249 476


