# Created by Octave 3.8.2, Sat Jun 20 22:12:40 2020 CEST <damian@fptrucha.inv.usc.es>
# name: hd
# type: matrix
# rows: 5
# columns: 2
 3316 -476
 5015 -238
 5378 0
 5352 238
 4153 476


