# Created by Octave 3.8.2, Mon Jun 22 13:06:46 2020 CEST <damian@fptrucha.inv.usc.es>
# name: hd
# type: matrix
# rows: 5
# columns: 2
 5277 -476
 7979 -238
 8305 0
 8010 238
 6549 476


