# Created by Octave 3.8.2, Tue Jun 23 00:37:47 2020 CEST <damian@fptrucha.inv.usc.es>
# name: hd
# type: matrix
# rows: 5
# columns: 2
 5590 -476
 8334 -238
 8947 0
 8561 238
 6798 476


