# Created by Octave 3.8.2, Sat Jun 20 12:28:55 2020 CEST <damian@fptrucha.inv.usc.es>
# name: hd
# type: matrix
# rows: 5
# columns: 2
 5535 -476
 8315 -238
 9094 0
 8694 238
 6925 476


