# Created by Octave 3.8.2, Sat Jun 20 06:16:29 2020 CEST <damian@fptrucha.inv.usc.es>
# name: hd
# type: matrix
# rows: 5
# columns: 2
 5809 -476
 8643 -238
 9621 0
 9057 238
 7287 476


