# Created by Octave 3.8.2, Sat Jun 20 11:54:11 2020 CEST <damian@fptrucha.inv.usc.es>
# name: hd
# type: matrix
# rows: 5
# columns: 2
 5588 -476
 8167 -238
 9285 0
 8658 238
 6979 476


