# Created by Octave 3.8.2, Sat Jun 20 17:10:12 2020 CEST <damian@fptrucha.inv.usc.es>
# name: hd
# type: matrix
# rows: 5
# columns: 2
 5336 -476
 8043 -238
 8742 0
 8069 238
 6423 476


