# Created by Octave 3.8.2, Mon Jun 22 02:25:30 2020 CEST <damian@fptrucha.inv.usc.es>
# name: hd
# type: matrix
# rows: 5
# columns: 2
 1875 -476
 2762 -238
 3049 0
 3133 238
 2464 476


