# Created by Octave 3.8.2, Sat Jun 20 10:04:40 2020 CEST <damian@fptrucha.inv.usc.es>
# name: hd
# type: matrix
# rows: 5
# columns: 2
 5696 -476
 8497 -238
 9464 0
 9140 238
 7354 476


