# Created by Octave 3.8.2, Mon Jun 22 20:31:48 2020 CEST <damian@fptrucha.inv.usc.es>
# name: hd
# type: matrix
# rows: 5
# columns: 2
 5720 -476
 8253 -238
 8727 0
 8561 238
 6923 476


