# Created by Octave 3.8.2, Mon Jun 22 06:22:30 2020 CEST <damian@fptrucha.inv.usc.es>
# name: hd
# type: matrix
# rows: 5
# columns: 2
 3398 -476
 4915 -238
 5077 0
 5063 238
 4020 476


