# Created by Octave 3.8.2, Mon Jun 22 02:48:04 2020 CEST <damian@fptrucha.inv.usc.es>
# name: hd
# type: matrix
# rows: 5
# columns: 2
 5022 -476
 7303 -238
 7733 0
 7357 238
 6218 476


