# Created by Octave 3.8.2, Mon Jun 22 03:46:24 2020 CEST <damian@fptrucha.inv.usc.es>
# name: hd
# type: matrix
# rows: 5
# columns: 2
 4963 -476
 7344 -238
 7614 0
 7402 238
 6131 476


