# Created by Octave 3.8.2, Mon Jun 22 17:40:48 2020 CEST <damian@fptrucha.inv.usc.es>
# name: hd
# type: matrix
# rows: 5
# columns: 2
 5509 -476
 8134 -238
 8668 0
 8335 238
 6757 476


