# Created by Octave 3.8.2, Sun Jun 21 06:53:12 2020 CEST <damian@fptrucha.inv.usc.es>
# name: hd
# type: matrix
# rows: 5
# columns: 2
 4950 -476
 7412 -238
 8255 0
 7668 238
 6121 476


