# Created by Octave 3.8.2, Sun Jun 21 06:48:42 2020 CEST <damian@fptrucha.inv.usc.es>
# name: hd
# type: matrix
# rows: 5
# columns: 2
 4996 -476
 7574 -238
 8164 0
 7651 238
 6180 476


