# Created by Octave 3.8.2, Sun Jun 21 04:46:13 2020 CEST <damian@fptrucha.inv.usc.es>
# name: hd
# type: matrix
# rows: 5
# columns: 2
 5224 -476
 7768 -238
 8253 0
 7879 238
 6377 476


