# Created by Octave 3.8.2, Sat Jun 20 20:17:45 2020 CEST <damian@fptrucha.inv.usc.es>
# name: hd
# type: matrix
# rows: 5
# columns: 2
 5131 -476
 7742 -238
 8410 0
 8075 238
 6449 476


