# Created by Octave 3.8.2, Mon Jun 22 03:19:52 2020 CEST <damian@fptrucha.inv.usc.es>
# name: hd
# type: matrix
# rows: 5
# columns: 2
 4999 -476
 7339 -238
 7589 0
 7374 238
 6100 476


