# Created by Octave 3.8.2, Mon Jun 22 16:32:12 2020 CEST <damian@fptrucha.inv.usc.es>
# name: hd
# type: matrix
# rows: 5
# columns: 2
 5402 -476
 8175 -238
 8428 0
 8206 238
 6703 476


