# Created by Octave 3.8.2, Tue Jun 23 00:44:56 2020 CEST <damian@fptrucha.inv.usc.es>
# name: hd
# type: matrix
# rows: 5
# columns: 2
 5609 -476
 8363 -238
 9008 0
 8620 238
 6918 476


