# Created by Octave 3.8.2, Sun Jun 21 06:12:05 2020 CEST <damian@fptrucha.inv.usc.es>
# name: hd
# type: matrix
# rows: 5
# columns: 2
 5217 -476
 7583 -238
 8387 0
 7841 238
 6352 476


