# Created by Octave 3.8.2, Sat Jun 20 06:25:13 2020 CEST <damian@fptrucha.inv.usc.es>
# name: hd
# type: matrix
# rows: 5
# columns: 2
 5848 -476
 8657 -238
 9407 0
 8953 238
 7093 476


