# Created by Octave 3.8.2, Mon Jun 22 03:53:47 2020 CEST <damian@fptrucha.inv.usc.es>
# name: hd
# type: matrix
# rows: 5
# columns: 2
 5010 -476
 7049 -238
 7627 0
 7312 238
 6269 476


