# Created by Octave 3.8.2, Mon Jun 22 08:48:36 2020 CEST <damian@fptrucha.inv.usc.es>
# name: hd
# type: matrix
# rows: 5
# columns: 2
 5116 -476
 7543 -238
 7991 0
 7747 238
 6329 476


