# Created by Octave 3.8.2, Sat Jun 20 19:34:16 2020 CEST <damian@fptrucha.inv.usc.es>
# name: hd
# type: matrix
# rows: 5
# columns: 2
 5172 -476
 7633 -238
 8131 0
 7943 238
 6264 476


