# Created by Octave 3.8.2, Sat Jun 20 10:22:06 2020 CEST <damian@fptrucha.inv.usc.es>
# name: hd
# type: matrix
# rows: 5
# columns: 2
 5834 -476
 8619 -238
 9398 0
 9069 238
 7124 476


