# Created by Octave 3.8.2, Sun Jun 21 05:40:10 2020 CEST <damian@fptrucha.inv.usc.es>
# name: hd
# type: matrix
# rows: 5
# columns: 2
 3285 -476
 4950 -238
 5250 0
 5070 238
 4035 476


