# Created by Octave 3.8.2, Sat Jun 20 15:35:37 2020 CEST <damian@fptrucha.inv.usc.es>
# name: hd
# type: matrix
# rows: 5
# columns: 2
 5311 -476
 7885 -238
 8613 0
 8022 238
 6491 476


