# Created by Octave 3.8.2, Sat Jun 20 16:28:46 2020 CEST <damian@fptrucha.inv.usc.es>
# name: hd
# type: matrix
# rows: 5
# columns: 2
 3425 -476
 5143 -238
 5688 0
 5368 238
 4153 476


