# Created by Octave 3.8.2, Sat Jun 20 16:44:30 2020 CEST <damian@fptrucha.inv.usc.es>
# name: hd
# type: matrix
# rows: 5
# columns: 2
 5081 -476
 7674 -238
 8473 0
 8012 238
 6367 476


