# Created by Octave 3.8.2, Sat Jun 20 06:44:58 2020 CEST <damian@fptrucha.inv.usc.es>
# name: hd
# type: matrix
# rows: 5
# columns: 2
 5894 -476
 8737 -238
 9498 0
 9044 238
 7117 476


