# Created by Octave 3.8.2, Sat Jun 20 12:07:43 2020 CEST <damian@fptrucha.inv.usc.es>
# name: hd
# type: matrix
# rows: 5
# columns: 2
 5586 -476
 8376 -238
 9022 0
 8787 238
 6935 476


