# Created by Octave 3.8.2, Mon Jun 22 23:16:25 2020 CEST <damian@fptrucha.inv.usc.es>
# name: hd
# type: matrix
# rows: 5
# columns: 2
 5782 -476
 8523 -238
 9055 0
 8629 238
 7021 476


