# Created by Octave 3.8.2, Sat Jun 20 17:53:44 2020 CEST <damian@fptrucha.inv.usc.es>
# name: hd
# type: matrix
# rows: 5
# columns: 2
 5118 -476
 7620 -238
 8409 0
 8088 238
 6308 476


