# Created by Octave 3.8.2, Tue Jun 23 00:04:31 2020 CEST <damian@fptrucha.inv.usc.es>
# name: hd
# type: matrix
# rows: 5
# columns: 2
 5468 -476
 8301 -238
 8975 0
 8721 238
 6869 476


