# Created by Octave 3.8.2, Sun Jun 21 06:02:00 2020 CEST <damian@fptrucha.inv.usc.es>
# name: hd
# type: matrix
# rows: 5
# columns: 2
 5002 -476
 7459 -238
 8246 0
 7822 238
 6264 476


