# Created by Octave 3.8.2, Sat Jun 20 07:51:46 2020 CEST <damian@fptrucha.inv.usc.es>
# name: hd
# type: matrix
# rows: 5
# columns: 2
 5704 -476
 8897 -238
 9584 0
 8973 238
 7166 476


