# Created by Octave 3.8.2, Mon Jun 22 19:57:23 2020 CEST <damian@fptrucha.inv.usc.es>
# name: hd
# type: matrix
# rows: 5
# columns: 2
 3645 -476
 5400 -238
 5828 0
 5597 238
 4455 476


