# Created by Octave 3.8.2, Sat Jun 20 18:29:30 2020 CEST <damian@fptrucha.inv.usc.es>
# name: hd
# type: matrix
# rows: 5
# columns: 2
 5200 -476
 7665 -238
 8424 0
 8183 238
 6349 476


