# Created by Octave 3.8.2, Mon Jun 22 19:58:31 2020 CEST <damian@fptrucha.inv.usc.es>
# name: hd
# type: matrix
# rows: 5
# columns: 2
 5468 -476
 8047 -238
 8728 0
 8277 238
 6948 476


