# Created by Octave 3.8.2, Mon Jun 22 17:45:24 2020 CEST <damian@fptrucha.inv.usc.es>
# name: hd
# type: matrix
# rows: 5
# columns: 2
 5431 -476
 8029 -238
 8567 0
 8211 238
 6799 476


