# Created by Octave 3.8.2, Sat Jun 20 10:25:54 2020 CEST <damian@fptrucha.inv.usc.es>
# name: hd
# type: matrix
# rows: 5
# columns: 2
 5673 -476
 8659 -238
 9394 0
 8865 238
 7093 476


