# Created by Octave 3.8.2, Sat Jun 20 21:03:37 2020 CEST <damian@fptrucha.inv.usc.es>
# name: hd
# type: matrix
# rows: 5
# columns: 2
 5070 -476
 7672 -238
 8434 0
 7778 238
 6154 476


