# Created by Octave 3.8.2, Mon Jun 22 04:30:51 2020 CEST <damian@fptrucha.inv.usc.es>
# name: hd
# type: matrix
# rows: 5
# columns: 2
 4813 -476
 6881 -238
 7212 0
 7085 238
 5942 476


