# Created by Octave 3.8.2, Tue Jun 23 00:26:18 2020 CEST <damian@fptrucha.inv.usc.es>
# name: hd
# type: matrix
# rows: 5
# columns: 2
 5473 -476
 8354 -238
 9007 0
 8709 238
 6883 476


