# Created by Octave 3.8.2, Sat Jun 20 11:51:26 2020 CEST <damian@fptrucha.inv.usc.es>
# name: hd
# type: matrix
# rows: 5
# columns: 2
 5655 -476
 8435 -238
 9170 0
 8741 238
 7056 476


