# Created by Octave 3.8.2, Mon Jun 22 11:41:06 2020 CEST <damian@fptrucha.inv.usc.es>
# name: hd
# type: matrix
# rows: 5
# columns: 2
 5390 -476
 7797 -238
 8165 0
 7811 238
 6258 476


