# Created by Octave 3.8.2, Mon Jun 22 20:49:55 2020 CEST <damian@fptrucha.inv.usc.es>
# name: hd
# type: matrix
# rows: 5
# columns: 2
 5505 -476
 8099 -238
 8624 0
 8594 238
 6816 476


