# Created by Octave 3.8.2, Sun Jun 21 00:21:19 2020 CEST <damian@fptrucha.inv.usc.es>
# name: hd
# type: matrix
# rows: 5
# columns: 2
 4973 -476
 7465 -238
 8251 0
 7907 238
 6103 476


