# Created by Octave 3.8.2, Mon Jun 22 01:23:05 2020 CEST <damian@fptrucha.inv.usc.es>
# name: hd
# type: matrix
# rows: 5
# columns: 2
 5015 -476
 7491 -238
 8219 0
 7673 238
 6136 476


