# Created by Octave 3.8.2, Mon Jun 22 12:16:54 2020 CEST <damian@fptrucha.inv.usc.es>
# name: hd
# type: matrix
# rows: 5
# columns: 2
 5313 -476
 7868 -238
 8169 0
 7905 238
 6469 476


