# Created by Octave 3.8.2, Sat Jun 20 02:01:49 2020 CEST <damian@fptrucha.inv.usc.es>
# name: hd
# type: matrix
# rows: 5
# columns: 2
 5678 -476
 8295 -238
 8991 0
 8653 238
 6882 476


