# Created by Octave 3.8.2, Mon Jun 22 16:57:07 2020 CEST <damian@fptrucha.inv.usc.es>
# name: hd
# type: matrix
# rows: 5
# columns: 2
 3659 -476
 5276 -238
 5491 0
 5380 238
 4463 476


