# Created by Octave 3.8.2, Sun Jun 21 07:15:41 2020 CEST <damian@fptrucha.inv.usc.es>
# name: hd
# type: matrix
# rows: 5
# columns: 2
 5147 -476
 7753 -238
 8519 0
 8025 238
 6361 476


