# Created by Octave 3.8.2, Sat Jun 20 15:06:51 2020 CEST <damian@fptrucha.inv.usc.es>
# name: hd
# type: matrix
# rows: 5
# columns: 2
 5298 -476
 7993 -238
 8748 0
 8224 238
 6555 476


