# Created by Octave 3.8.2, Sat Jun 20 14:06:50 2020 CEST <damian@fptrucha.inv.usc.es>
# name: hd
# type: matrix
# rows: 5
# columns: 2
 3666 -476
 5572 -238
 5833 0
 5751 238
 4582 476


