# Created by Octave 3.8.2, Mon Jun 22 01:35:59 2020 CEST <damian@fptrucha.inv.usc.es>
# name: hd
# type: matrix
# rows: 5
# columns: 2
 5115 -476
 7828 -238
 8552 0
 8420 238
 6607 476


