# Created by Octave 3.8.2, Mon Jun 22 04:29:03 2020 CEST <damian@fptrucha.inv.usc.es>
# name: hd
# type: matrix
# rows: 5
# columns: 2
 4831 -476
 6949 -238
 7425 0
 7002 238
 5944 476


