# Created by Octave 3.8.2, Sun Jun 21 04:20:46 2020 CEST <damian@fptrucha.inv.usc.es>
# name: hd
# type: matrix
# rows: 5
# columns: 2
 3385 -476
 4982 -238
 5413 0
 5018 238
 3979 476


