# Created by Octave 3.8.2, Mon Jun 22 19:03:16 2020 CEST <damian@fptrucha.inv.usc.es>
# name: hd
# type: matrix
# rows: 5
# columns: 2
 5549 -476
 8230 -238
 8589 0
 8226 238
 6690 476


