# Created by Octave 3.8.2, Sat Jun 20 22:29:44 2020 CEST <damian@fptrucha.inv.usc.es>
# name: hd
# type: matrix
# rows: 5
# columns: 2
 5053 -476
 7615 -238
 8247 0
 7834 238
 6301 476


