# Created by Octave 3.8.2, Sun Jun 21 03:22:22 2020 CEST <damian@fptrucha.inv.usc.es>
# name: hd
# type: matrix
# rows: 5
# columns: 2
 3270 -476
 5034 -238
 5321 0
 5224 238
 4106 476


