# Created by Octave 3.8.2, Mon Jun 22 15:38:40 2020 CEST <damian@fptrucha.inv.usc.es>
# name: hd
# type: matrix
# rows: 5
# columns: 2
 3566 -476
 5321 -238
 5638 0
 5386 238
 4400 476


