# Created by Octave 3.8.2, Mon Jun 22 18:08:42 2020 CEST <damian@fptrucha.inv.usc.es>
# name: hd
# type: matrix
# rows: 5
# columns: 2
 5439 -476
 8051 -238
 8617 0
 8215 238
 6724 476


