# Created by Octave 3.8.2, Sun Jun 21 00:54:02 2020 CEST <damian@fptrucha.inv.usc.es>
# name: hd
# type: matrix
# rows: 5
# columns: 2
 4933 -476
 7513 -238
 8129 0
 7793 238
 6239 476


