# Created by Octave 3.8.2, Sat Jun 20 14:32:06 2020 CEST <damian@fptrucha.inv.usc.es>
# name: hd
# type: matrix
# rows: 5
# columns: 2
 5439 -476
 8163 -238
 8867 0
 8498 238
 6675 476


