# Created by Octave 3.8.2, Sun Jun 21 05:22:39 2020 CEST <damian@fptrucha.inv.usc.es>
# name: hd
# type: matrix
# rows: 5
# columns: 2
 5052 -476
 7515 -238
 8223 0
 7783 238
 6338 476


