# Created by Octave 3.8.2, Sat Jun 20 02:29:38 2020 CEST <damian@fptrucha.inv.usc.es>
# name: hd
# type: matrix
# rows: 5
# columns: 2
 5554 -476
 8457 -238
 9171 0
 8517 238
 6880 476


