# Created by Octave 3.8.2, Sun Jun 21 03:24:31 2020 CEST <damian@fptrucha.inv.usc.es>
# name: hd
# type: matrix
# rows: 5
# columns: 2
 5064 -476
 7447 -238
 8134 0
 7918 238
 6272 476


