# Created by Octave 3.8.2, Mon Jun 22 19:56:38 2020 CEST <damian@fptrucha.inv.usc.es>
# name: hd
# type: matrix
# rows: 5
# columns: 2
 5516 -476
 8194 -238
 8705 0
 8257 238
 6904 476


