# Created by Octave 3.8.2, Mon Jun 22 14:18:40 2020 CEST <damian@fptrucha.inv.usc.es>
# name: hd
# type: matrix
# rows: 5
# columns: 2
 5326 -476
 7852 -238
 8300 0
 8049 238
 6583 476


