# Created by Octave 3.8.2, Sun Jun 21 02:03:28 2020 CEST <damian@fptrucha.inv.usc.es>
# name: hd
# type: matrix
# rows: 5
# columns: 2
 5062 -476
 7621 -238
 8130 0
 7843 238
 6129 476


