# Created by Octave 3.8.2, Mon Jun 22 00:36:13 2020 CEST <damian@fptrucha.inv.usc.es>
# name: hd
# type: matrix
# rows: 5
# columns: 2
 5103 -476
 7617 -238
 8261 0
 7822 238
 6143 476


