# Created by Octave 3.8.2, Mon Jun 22 06:43:05 2020 CEST <damian@fptrucha.inv.usc.es>
# name: hd
# type: matrix
# rows: 5
# columns: 2
 4976 -476
 7256 -238
 7625 0
 7498 238
 6100 476


