# Created by Octave 3.8.2, Mon Jun 22 18:59:47 2020 CEST <damian@fptrucha.inv.usc.es>
# name: hd
# type: matrix
# rows: 5
# columns: 2
 5504 -476
 8088 -238
 8594 0
 8436 238
 6700 476


