# Created by Octave 3.8.2, Sat Jun 20 12:38:16 2020 CEST <damian@fptrucha.inv.usc.es>
# name: hd
# type: matrix
# rows: 5
# columns: 2
 5532 -476
 8525 -238
 9129 0
 8951 238
 6810 476


