# Created by Octave 3.8.2, Sat Jun 20 11:41:39 2020 CEST <damian@fptrucha.inv.usc.es>
# name: hd
# type: matrix
# rows: 5
# columns: 2
 5677 -476
 8599 -238
 9200 0
 8718 238
 7120 476


