# Created by Octave 3.8.2, Mon Jun 22 11:03:57 2020 CEST <damian@fptrucha.inv.usc.es>
# name: hd
# type: matrix
# rows: 5
# columns: 2
 5335 -476
 7621 -238
 8330 0
 8008 238
 6520 476


