# Created by Octave 3.8.2, Mon Jun 22 07:49:24 2020 CEST <damian@fptrucha.inv.usc.es>
# name: hd
# type: matrix
# rows: 5
# columns: 2
 5138 -476
 7522 -238
 7919 0
 7732 238
 6161 476


