# Created by Octave 3.8.2, Sat Jun 20 08:09:26 2020 CEST <damian@fptrucha.inv.usc.es>
# name: hd
# type: matrix
# rows: 5
# columns: 2
 5869 -476
 8856 -238
 9502 0
 9404 238
 7377 476


