# Created by Octave 3.8.2, Sat Jun 20 02:15:08 2020 CEST <damian@fptrucha.inv.usc.es>
# name: hd
# type: matrix
# rows: 5
# columns: 2
 5633 -476
 8400 -238
 9079 0
 8640 238
 6914 476


