# Created by Octave 3.8.2, Mon Jun 22 06:56:03 2020 CEST <damian@fptrucha.inv.usc.es>
# name: hd
# type: matrix
# rows: 5
# columns: 2
 4965 -476
 7529 -238
 7742 0
 7488 238
 6077 476


