# Created by Octave 3.8.2, Mon Jun 22 02:56:39 2020 CEST <damian@fptrucha.inv.usc.es>
# name: hd
# type: matrix
# rows: 5
# columns: 2
 4950 -476
 7142 -238
 7570 0
 7418 238
 6291 476


