# Created by Octave 3.8.2, Mon Jun 22 10:09:10 2020 CEST <damian@fptrucha.inv.usc.es>
# name: hd
# type: matrix
# rows: 5
# columns: 2
 5122 -476
 7644 -238
 8119 0
 7790 238
 6451 476


