# Created by Octave 3.8.2, Mon Jun 22 04:58:12 2020 CEST <damian@fptrucha.inv.usc.es>
# name: hd
# type: matrix
# rows: 5
# columns: 2
 4935 -476
 7048 -238
 7459 0
 7064 238
 5930 476


