# Created by Octave 3.8.2, Sat Jun 20 23:47:51 2020 CEST <damian@fptrucha.inv.usc.es>
# name: hd
# type: matrix
# rows: 5
# columns: 2
 5145 -476
 7544 -238
 8352 0
 7820 238
 6354 476


