# Created by Octave 3.8.2, Mon Jun 22 03:43:34 2020 CEST <damian@fptrucha.inv.usc.es>
# name: hd
# type: matrix
# rows: 5
# columns: 2
 5133 -476
 7240 -238
 7533 0
 7443 238
 6066 476


