# Created by Octave 3.8.2, Sat Jun 20 06:23:44 2020 CEST <damian@fptrucha.inv.usc.es>
# name: hd
# type: matrix
# rows: 5
# columns: 2
 5846 -476
 8702 -238
 9564 0
 9017 238
 7189 476


