# Created by Octave 3.8.2, Sat Jun 20 17:48:31 2020 CEST <damian@fptrucha.inv.usc.es>
# name: hd
# type: matrix
# rows: 5
# columns: 2
 5132 -476
 7763 -238
 8512 0
 8155 238
 6384 476


