# Created by Octave 3.8.2, Sun Jun 21 04:29:47 2020 CEST <damian@fptrucha.inv.usc.es>
# name: hd
# type: matrix
# rows: 5
# columns: 2
 5112 -476
 7642 -238
 8289 0
 7953 238
 6234 476


