# Created by Octave 3.8.2, Sat Jun 20 03:48:05 2020 CEST <damian@fptrucha.inv.usc.es>
# name: hd
# type: matrix
# rows: 5
# columns: 2
 5542 -476
 8579 -238
 9136 0
 8923 238
 7164 476


