# Created by Octave 3.8.2, Sat Jun 20 05:32:45 2020 CEST <damian@fptrucha.inv.usc.es>
# name: hd
# type: matrix
# rows: 5
# columns: 2
 5615 -476
 8558 -238
 9317 0
 8934 238
 7279 476


