# Created by Octave 3.8.2, Sat Jun 20 03:07:35 2020 CEST <damian@fptrucha.inv.usc.es>
# name: hd
# type: matrix
# rows: 5
# columns: 2
 5648 -476
 8464 -238
 9080 0
 8663 238
 7020 476


