# Created by Octave 3.8.2, Mon Jun 22 08:32:28 2020 CEST <damian@fptrucha.inv.usc.es>
# name: hd
# type: matrix
# rows: 5
# columns: 2
 5254 -476
 7478 -238
 7969 0
 7725 238
 6432 476


