# Created by Octave 3.8.2, Mon Jun 22 09:35:24 2020 CEST <damian@fptrucha.inv.usc.es>
# name: hd
# type: matrix
# rows: 5
# columns: 2
 4980 -476
 7732 -238
 8104 0
 7686 238
 6263 476


