# Created by Octave 3.8.2, Mon Jun 22 23:13:56 2020 CEST <damian@fptrucha.inv.usc.es>
# name: hd
# type: matrix
# rows: 5
# columns: 2
 5745 -476
 8204 -238
 9086 0
 8544 238
 6898 476


