# Created by Octave 3.8.2, Sun Jun 21 05:32:43 2020 CEST <damian@fptrucha.inv.usc.es>
# name: hd
# type: matrix
# rows: 5
# columns: 2
 5177 -476
 7727 -238
 8234 0
 7708 238
 6129 476


