# Created by Octave 3.8.2, Sat Jun 20 14:37:38 2020 CEST <damian@fptrucha.inv.usc.es>
# name: hd
# type: matrix
# rows: 5
# columns: 2
 5428 -476
 8028 -238
 9022 0
 8457 238
 6696 476


