# Created by Octave 3.8.2, Sat Jun 20 04:15:46 2020 CEST <damian@fptrucha.inv.usc.es>
# name: hd
# type: matrix
# rows: 5
# columns: 2
 5664 -476
 8454 -238
 9266 0
 8932 238
 7052 476


