# Created by Octave 3.8.2, Sun Jun 21 00:32:44 2020 CEST <damian@fptrucha.inv.usc.es>
# name: hd
# type: matrix
# rows: 5
# columns: 2
 4899 -476
 7375 -238
 7999 0
 7559 238
 6189 476


