# Created by Octave 3.8.2, Sat Jun 20 04:21:35 2020 CEST <damian@fptrucha.inv.usc.es>
# name: hd
# type: matrix
# rows: 5
# columns: 2
 5800 -476
 8646 -238
 9244 0
 8848 238
 7135 476


