# Created by Octave 3.8.2, Mon Jun 22 05:47:33 2020 CEST <damian@fptrucha.inv.usc.es>
# name: hd
# type: matrix
# rows: 5
# columns: 2
 3336 -476
 4809 -238
 4773 0
 4801 238
 3970 476


