# Created by Octave 3.8.2, Sat Jun 20 15:12:11 2020 CEST <damian@fptrucha.inv.usc.es>
# name: hd
# type: matrix
# rows: 5
# columns: 2
 5344 -476
 8133 -238
 8685 0
 8202 238
 6610 476


