# Created by Octave 3.8.2, Sat Jun 20 19:27:08 2020 CEST <damian@fptrucha.inv.usc.es>
# name: hd
# type: matrix
# rows: 5
# columns: 2
 5198 -476
 7712 -238
 8464 0
 8065 238
 6499 476


