# Created by Octave 3.8.2, Mon Jun 22 10:46:25 2020 CEST <damian@fptrucha.inv.usc.es>
# name: hd
# type: matrix
# rows: 5
# columns: 2
 5259 -476
 7726 -238
 8135 0
 8021 238
 6553 476


