# Created by Octave 3.8.2, Mon Jun 22 06:07:53 2020 CEST <damian@fptrucha.inv.usc.es>
# name: hd
# type: matrix
# rows: 5
# columns: 2
 5168 -476
 7453 -238
 7721 0
 7390 238
 6164 476


