# Created by Octave 3.8.2, Sun Jun 21 05:55:37 2020 CEST <damian@fptrucha.inv.usc.es>
# name: hd
# type: matrix
# rows: 5
# columns: 2
 5037 -476
 7627 -238
 8233 0
 7809 238
 6197 476


