# Created by Octave 3.8.2, Mon Jun 22 07:51:04 2020 CEST <damian@fptrucha.inv.usc.es>
# name: hd
# type: matrix
# rows: 5
# columns: 2
 3387 -476
 4930 -238
 5283 0
 4898 238
 4090 476


