# Created by Octave 3.8.2, Mon Jun 22 20:06:34 2020 CEST <damian@fptrucha.inv.usc.es>
# name: hd
# type: matrix
# rows: 5
# columns: 2
 5434 -476
 8317 -238
 8954 0
 8439 238
 6866 476


