# Created by Octave 3.8.2, Sun Jun 21 02:00:09 2020 CEST <damian@fptrucha.inv.usc.es>
# name: hd
# type: matrix
# rows: 5
# columns: 2
 5035 -476
 7284 -238
 8228 0
 7782 238
 6134 476


