# Created by Octave 3.8.2, Sat Jun 20 11:30:46 2020 CEST <damian@fptrucha.inv.usc.es>
# name: hd
# type: matrix
# rows: 5
# columns: 2
 5575 -476
 8437 -238
 9115 0
 8764 238
 7071 476


