# Created by Octave 3.8.2, Mon Jun 22 02:08:08 2020 CEST <damian@fptrucha.inv.usc.es>
# name: hd
# type: matrix
# rows: 5
# columns: 2
 5210 -476
 7522 -238
 8146 0
 7846 238
 6310 476


