# Created by Octave 3.8.2, Mon Jun 22 06:06:56 2020 CEST <damian@fptrucha.inv.usc.es>
# name: hd
# type: matrix
# rows: 5
# columns: 2
 5071 -476
 7341 -238
 7783 0
 7372 238
 6213 476


