# Created by Octave 3.8.2, Mon Jun 22 19:06:44 2020 CEST <damian@fptrucha.inv.usc.es>
# name: hd
# type: matrix
# rows: 5
# columns: 2
 5496 -476
 8117 -238
 8521 0
 8394 238
 6794 476


