# Created by Octave 3.8.2, Sun Jun 21 04:11:10 2020 CEST <damian@fptrucha.inv.usc.es>
# name: hd
# type: matrix
# rows: 5
# columns: 2
 5057 -476
 7550 -238
 8203 0
 7835 238
 6401 476


