# Created by Octave 3.8.2, Mon Jun 22 02:30:18 2020 CEST <damian@fptrucha.inv.usc.es>
# name: hd
# type: matrix
# rows: 5
# columns: 2
 4910 -476
 7016 -238
 7420 0
 7291 238
 5914 476


