# Created by Octave 3.8.2, Mon Jun 22 23:21:17 2020 CEST <damian@fptrucha.inv.usc.es>
# name: hd
# type: matrix
# rows: 5
# columns: 2
 5393 -476
 8343 -238
 8835 0
 8606 238
 6963 476


