# Created by Octave 3.8.2, Sat Jun 20 04:00:13 2020 CEST <damian@fptrucha.inv.usc.es>
# name: hd
# type: matrix
# rows: 5
# columns: 2
 3738 -476
 5715 -238
 6141 0
 5878 238
 4719 476


