# Created by Octave 3.8.2, Tue Jun 23 00:21:55 2020 CEST <damian@fptrucha.inv.usc.es>
# name: hd
# type: matrix
# rows: 5
# columns: 2
 5602 -476
 8372 -238
 9039 0
 8719 238
 6898 476


