# Created by Octave 3.8.2, Sun Jun 21 02:32:27 2020 CEST <damian@fptrucha.inv.usc.es>
# name: hd
# type: matrix
# rows: 5
# columns: 2
 4985 -476
 7325 -238
 8130 0
 7686 238
 6197 476


