# Created by Octave 3.8.2, Sat Jun 20 07:34:38 2020 CEST <damian@fptrucha.inv.usc.es>
# name: hd
# type: matrix
# rows: 5
# columns: 2
 5874 -476
 8749 -238
 9423 0
 9101 238
 7189 476


