# Created by Octave 3.8.2, Sun Jun 21 07:45:44 2020 CEST <damian@fptrucha.inv.usc.es>
# name: hd
# type: matrix
# rows: 5
# columns: 2
 5282 -476
 7894 -238
 8505 0
 8125 238
 6373 476


