# Created by Octave 3.8.2, Sat Jun 20 18:53:49 2020 CEST <damian@fptrucha.inv.usc.es>
# name: hd
# type: matrix
# rows: 5
# columns: 2
 5120 -476
 7825 -238
 8560 0
 8020 238
 6373 476


