# Created by Octave 3.8.2, Mon Jun 22 21:27:57 2020 CEST <damian@fptrucha.inv.usc.es>
# name: hd
# type: matrix
# rows: 5
# columns: 2
 5646 -476
 8353 -238
 8983 0
 8549 238
 6872 476


