# Created by Octave 3.8.2, Sat Jun 20 02:28:17 2020 CEST <damian@fptrucha.inv.usc.es>
# name: hd
# type: matrix
# rows: 5
# columns: 2
 5570 -476
 8348 -238
 9158 0
 8716 238
 6870 476


