# Created by Octave 3.8.2, Sat Jun 20 02:56:33 2020 CEST <damian@fptrucha.inv.usc.es>
# name: hd
# type: matrix
# rows: 5
# columns: 2
 5528 -476
 8124 -238
 8845 0
 8791 238
 7117 476


