# Created by Octave 3.8.2, Sat Jun 20 22:56:30 2020 CEST <damian@fptrucha.inv.usc.es>
# name: hd
# type: matrix
# rows: 5
# columns: 2
 4993 -476
 7466 -238
 8230 0
 7790 238
 6301 476


