# Created by Octave 3.8.2, Sat Jun 20 17:21:37 2020 CEST <damian@fptrucha.inv.usc.es>
# name: hd
# type: matrix
# rows: 5
# columns: 2
 5299 -476
 7671 -238
 8488 0
 8088 238
 6467 476


