# Created by Octave 3.8.2, Mon Jun 22 09:14:00 2020 CEST <damian@fptrucha.inv.usc.es>
# name: hd
# type: matrix
# rows: 5
# columns: 2
 5106 -476
 7556 -238
 7893 0
 7754 238
 6406 476


