# Created by Octave 3.8.2, Mon Jun 22 14:34:17 2020 CEST <damian@fptrucha.inv.usc.es>
# name: hd
# type: matrix
# rows: 5
# columns: 2
 5459 -476
 7805 -238
 8329 0
 8178 238
 6516 476


