# Created by Octave 3.8.2, Mon Jun 22 19:29:17 2020 CEST <damian@fptrucha.inv.usc.es>
# name: hd
# type: matrix
# rows: 5
# columns: 2
 5469 -476
 8193 -238
 8578 0
 8362 238
 6687 476


