# Created by Octave 3.8.2, Sat Jun 20 22:46:11 2020 CEST <damian@fptrucha.inv.usc.es>
# name: hd
# type: matrix
# rows: 5
# columns: 2
 4954 -476
 7610 -238
 8207 0
 7799 238
 6234 476


