# Created by Octave 3.8.2, Mon Jun 22 04:10:30 2020 CEST <damian@fptrucha.inv.usc.es>
# name: hd
# type: matrix
# rows: 5
# columns: 2
 4882 -476
 7265 -238
 7445 0
 7366 238
 6115 476


