# Created by Octave 3.8.2, Sat Jun 20 14:38:57 2020 CEST <damian@fptrucha.inv.usc.es>
# name: hd
# type: matrix
# rows: 5
# columns: 2
 5367 -476
 8141 -238
 8783 0
 8309 238
 6757 476


