# Created by Octave 3.8.2, Mon Jun 22 14:02:32 2020 CEST <damian@fptrucha.inv.usc.es>
# name: hd
# type: matrix
# rows: 5
# columns: 2
 3539 -476
 5190 -238
 5509 0
 5204 238
 4355 476


