# Created by Octave 3.8.2, Sat Jun 20 11:05:36 2020 CEST <damian@fptrucha.inv.usc.es>
# name: hd
# type: matrix
# rows: 5
# columns: 2
 5880 -476
 8741 -238
 9312 0
 8962 238
 7036 476


