# Created by Octave 3.8.2, Mon Jun 22 12:24:15 2020 CEST <damian@fptrucha.inv.usc.es>
# name: hd
# type: matrix
# rows: 5
# columns: 2
 5148 -476
 7806 -238
 8121 0
 8044 238
 6567 476


