# Created by Octave 3.8.2, Mon Jun 22 19:16:39 2020 CEST <damian@fptrucha.inv.usc.es>
# name: hd
# type: matrix
# rows: 5
# columns: 2
 3620 -476
 5295 -238
 5798 0
 5581 238
 4544 476


