# Created by Octave 3.8.2, Mon Jun 22 09:30:15 2020 CEST <damian@fptrucha.inv.usc.es>
# name: hd
# type: matrix
# rows: 5
# columns: 2
 5164 -476
 7596 -238
 7928 0
 7622 238
 6306 476


