# Created by Octave 3.8.2, Mon Jun 22 21:25:33 2020 CEST <damian@fptrucha.inv.usc.es>
# name: hd
# type: matrix
# rows: 5
# columns: 2
 5501 -476
 8366 -238
 8752 0
 8687 238
 6888 476


