# Created by Octave 3.8.2, Mon Jun 22 12:37:42 2020 CEST <damian@fptrucha.inv.usc.es>
# name: hd
# type: matrix
# rows: 5
# columns: 2
 5281 -476
 7848 -238
 8281 0
 7799 238
 6587 476


