# Created by Octave 3.8.2, Tue Jun 23 00:40:10 2020 CEST <damian@fptrucha.inv.usc.es>
# name: hd
# type: matrix
# rows: 5
# columns: 2
 5451 -476
 8253 -238
 8929 0
 8589 238
 6948 476


