# Created by Octave 3.8.2, Sat Jun 20 14:11:03 2020 CEST <damian@fptrucha.inv.usc.es>
# name: hd
# type: matrix
# rows: 5
# columns: 2
 5440 -476
 8188 -238
 8671 0
 8401 238
 6844 476


