# Created by Octave 3.8.2, Sat Jun 20 18:56:27 2020 CEST <damian@fptrucha.inv.usc.es>
# name: hd
# type: matrix
# rows: 5
# columns: 2
 5144 -476
 7801 -238
 8349 0
 8121 238
 6305 476


