# Created by Octave 3.8.2, Sat Jun 20 15:16:09 2020 CEST <damian@fptrucha.inv.usc.es>
# name: hd
# type: matrix
# rows: 5
# columns: 2
 5313 -476
 7870 -238
 8539 0
 8200 238
 6523 476


