# Created by Octave 3.8.2, Mon Jun 22 21:01:15 2020 CEST <damian@fptrucha.inv.usc.es>
# name: hd
# type: matrix
# rows: 5
# columns: 2
 5396 -476
 8217 -238
 8774 0
 8376 238
 6948 476


