# Created by Octave 3.8.2, Mon Jun 22 11:37:55 2020 CEST <damian@fptrucha.inv.usc.es>
# name: hd
# type: matrix
# rows: 5
# columns: 2
 5280 -476
 7850 -238
 8112 0
 7960 238
 6321 476


