# Created by Octave 3.8.2, Mon Jun 22 16:26:40 2020 CEST <damian@fptrucha.inv.usc.es>
# name: hd
# type: matrix
# rows: 5
# columns: 2
 5399 -476
 8149 -238
 8413 0
 8195 238
 6564 476


