# Created by Octave 3.8.2, Sat Jun 20 23:03:58 2020 CEST <damian@fptrucha.inv.usc.es>
# name: hd
# type: matrix
# rows: 5
# columns: 2
 5101 -476
 7434 -238
 8151 0
 7919 238
 6171 476


