# Created by Octave 3.8.2, Sat Jun 20 23:24:29 2020 CEST <damian@fptrucha.inv.usc.es>
# name: hd
# type: matrix
# rows: 5
# columns: 2
 5126 -476
 7633 -238
 8506 0
 7895 238
 6188 476


