# Created by Octave 3.8.2, Mon Jun 22 06:10:53 2020 CEST <damian@fptrucha.inv.usc.es>
# name: hd
# type: matrix
# rows: 5
# columns: 2
 5075 -476
 7307 -238
 7737 0
 7422 238
 6166 476


