# Created by Octave 3.8.2, Mon Jun 22 14:55:36 2020 CEST <damian@fptrucha.inv.usc.es>
# name: hd
# type: matrix
# rows: 5
# columns: 2
 5419 -476
 8076 -238
 8447 0
 8120 238
 6533 476


