# Created by Octave 3.8.2, Sat Jun 20 20:21:10 2020 CEST <damian@fptrucha.inv.usc.es>
# name: hd
# type: matrix
# rows: 5
# columns: 2
 5196 -476
 7727 -238
 8420 0
 8078 238
 6301 476


