# Created by Octave 3.8.2, Mon Jun 22 16:41:49 2020 CEST <damian@fptrucha.inv.usc.es>
# name: hd
# type: matrix
# rows: 5
# columns: 2
 5518 -476
 8153 -238
 8377 0
 8274 238
 6620 476


