# Created by Octave 3.8.2, Sun Jun 21 03:23:26 2020 CEST <damian@fptrucha.inv.usc.es>
# name: hd
# type: matrix
# rows: 5
# columns: 2
 5116 -476
 7547 -238
 8315 0
 7971 238
 6288 476


