# Created by Octave 3.8.2, Mon Jun 22 09:07:51 2020 CEST <damian@fptrucha.inv.usc.es>
# name: hd
# type: matrix
# rows: 5
# columns: 2
 5181 -476
 7583 -238
 8191 0
 7652 238
 6108 476


