# Created by Octave 3.8.2, Mon Jun 22 09:33:21 2020 CEST <damian@fptrucha.inv.usc.es>
# name: hd
# type: matrix
# rows: 5
# columns: 2
 5052 -476
 7570 -238
 7996 0
 7668 238
 6393 476


