# Created by Octave 3.8.2, Mon Jun 22 20:38:18 2020 CEST <damian@fptrucha.inv.usc.es>
# name: hd
# type: matrix
# rows: 5
# columns: 2
 3554 -476
 5411 -238
 5850 0
 5687 238
 4400 476


