# Created by Octave 3.8.2, Sat Jun 20 16:19:55 2020 CEST <damian@fptrucha.inv.usc.es>
# name: hd
# type: matrix
# rows: 5
# columns: 2
 5208 -476
 7952 -238
 8576 0
 8053 238
 6422 476


