# Created by Octave 3.8.2, Sun Jun 21 03:39:58 2020 CEST <damian@fptrucha.inv.usc.es>
# name: hd
# type: matrix
# rows: 5
# columns: 2
 5007 -476
 7398 -238
 8233 0
 7844 238
 6295 476


