# Created by Octave 3.8.2, Mon Jun 22 11:23:35 2020 CEST <damian@fptrucha.inv.usc.es>
# name: hd
# type: matrix
# rows: 5
# columns: 2
 5366 -476
 7712 -238
 8083 0
 7773 238
 6321 476


