# Created by Octave 3.8.2, Sun Jun 21 08:03:45 2020 CEST <damian@fptrucha.inv.usc.es>
# name: hd
# type: matrix
# rows: 5
# columns: 2
 5198 -476
 7874 -238
 8495 0
 8155 238
 6477 476


