# Created by Octave 3.8.2, Sun Jun 21 01:53:44 2020 CEST <damian@fptrucha.inv.usc.es>
# name: hd
# type: matrix
# rows: 5
# columns: 2
 5087 -476
 7392 -238
 8424 0
 7730 238
 6154 476


