# Created by Octave 3.8.2, Mon Jun 22 12:05:41 2020 CEST <damian@fptrucha.inv.usc.es>
# name: hd
# type: matrix
# rows: 5
# columns: 2
 5275 -476
 7768 -238
 8323 0
 7912 238
 6365 476


