# Created by Octave 3.8.2, Mon Jun 22 01:42:27 2020 CEST <damian@fptrucha.inv.usc.es>
# name: hd
# type: matrix
# rows: 5
# columns: 2
 5427 -476
 7970 -238
 8507 0
 8302 238
 6423 476


