# Created by Octave 3.8.2, Tue Jun 23 00:05:42 2020 CEST <damian@fptrucha.inv.usc.es>
# name: hd
# type: matrix
# rows: 5
# columns: 2
 5570 -476
 8191 -238
 8993 0
 8557 238
 6999 476


