# Created by Octave 3.8.2, Mon Jun 22 17:36:17 2020 CEST <damian@fptrucha.inv.usc.es>
# name: hd
# type: matrix
# rows: 5
# columns: 2
 3586 -476
 5357 -238
 5616 0
 5559 238
 4469 476


