# Created by Octave 3.8.2, Mon Jun 22 15:58:11 2020 CEST <damian@fptrucha.inv.usc.es>
# name: hd
# type: matrix
# rows: 5
# columns: 2
 3671 -476
 5264 -238
 5534 0
 5598 238
 4345 476


