# Created by Octave 3.8.2, Mon Jun 22 15:36:51 2020 CEST <damian@fptrucha.inv.usc.es>
# name: hd
# type: matrix
# rows: 5
# columns: 2
 5465 -476
 8009 -238
 8484 0
 8184 238
 6719 476


