# Created by Octave 3.8.2, Sat Jun 20 13:57:44 2020 CEST <damian@fptrucha.inv.usc.es>
# name: hd
# type: matrix
# rows: 5
# columns: 2
 5496 -476
 8152 -238
 8862 0
 8569 238
 6734 476


