# Created by Octave 3.8.2, Mon Jun 22 16:16:01 2020 CEST <damian@fptrucha.inv.usc.es>
# name: hd
# type: matrix
# rows: 5
# columns: 2
 5432 -476
 8009 -238
 8493 0
 8217 238
 6715 476


