# Created by Octave 3.8.2, Sat Jun 20 09:17:27 2020 CEST <damian@fptrucha.inv.usc.es>
# name: hd
# type: matrix
# rows: 5
# columns: 2
 5870 -476
 9062 -238
 9620 0
 9207 238
 7260 476


