# Created by Octave 3.8.2, Mon Jun 22 07:36:05 2020 CEST <damian@fptrucha.inv.usc.es>
# name: hd
# type: matrix
# rows: 5
# columns: 2
 5149 -476
 7485 -238
 8063 0
 7304 238
 6140 476


