# Created by Octave 3.8.2, Mon Jun 22 09:19:15 2020 CEST <damian@fptrucha.inv.usc.es>
# name: hd
# type: matrix
# rows: 5
# columns: 2
 5282 -476
 7654 -238
 8054 0
 7765 238
 6336 476


