# Created by Octave 3.8.2, Mon Jun 22 02:24:29 2020 CEST <damian@fptrucha.inv.usc.es>
# name: hd
# type: matrix
# rows: 5
# columns: 2
 4199 -476
 6306 -238
 6587 0
 6514 238
 5316 476


