# Created by Octave 3.8.2, Sun Jun 21 03:44:01 2020 CEST <damian@fptrucha.inv.usc.es>
# name: hd
# type: matrix
# rows: 5
# columns: 2
 5079 -476
 7701 -238
 8139 0
 7863 238
 6323 476


