# Created by Octave 3.8.2, Sat Jun 20 21:36:06 2020 CEST <damian@fptrucha.inv.usc.es>
# name: hd
# type: matrix
# rows: 5
# columns: 2
 5030 -476
 7443 -238
 8169 0
 7874 238
 6260 476


