# Created by Octave 3.8.2, Mon Jun 22 08:52:48 2020 CEST <damian@fptrucha.inv.usc.es>
# name: hd
# type: matrix
# rows: 5
# columns: 2
 5267 -476
 7642 -238
 7944 0
 7695 238
 6361 476


