# Created by Octave 3.8.2, Mon Jun 22 00:38:54 2020 CEST <damian@fptrucha.inv.usc.es>
# name: hd
# type: matrix
# rows: 5
# columns: 2
 5092 -476
 7636 -238
 8435 0
 7934 238
 6181 476


