# Created by Octave 3.8.2, Mon Jun 22 01:24:06 2020 CEST <damian@fptrucha.inv.usc.es>
# name: hd
# type: matrix
# rows: 5
# columns: 2
 4973 -476
 7525 -238
 8272 0
 7839 238
 6140 476


