# Created by Octave 3.8.2, Mon Jun 22 10:22:29 2020 CEST <damian@fptrucha.inv.usc.es>
# name: hd
# type: matrix
# rows: 5
# columns: 2
 5245 -476
 7662 -238
 8064 0
 7933 238
 6432 476


