# Created by Octave 3.8.2, Sat Jun 20 05:59:36 2020 CEST <damian@fptrucha.inv.usc.es>
# name: hd
# type: matrix
# rows: 5
# columns: 2
 5620 -476
 8631 -238
 9379 0
 9150 238
 7253 476


