# Created by Octave 3.8.2, Mon Jun 22 20:22:23 2020 CEST <damian@fptrucha.inv.usc.es>
# name: hd
# type: matrix
# rows: 5
# columns: 2
 5441 -476
 8019 -238
 8643 0
 8515 238
 6872 476


