# Created by Octave 3.8.2, Mon Jun 22 21:03:36 2020 CEST <damian@fptrucha.inv.usc.es>
# name: hd
# type: matrix
# rows: 5
# columns: 2
 5537 -476
 8123 -238
 8855 0
 8475 238
 6814 476


