# Created by Octave 3.8.2, Sat Jun 20 06:39:09 2020 CEST <damian@fptrucha.inv.usc.es>
# name: hd
# type: matrix
# rows: 5
# columns: 2
 5683 -476
 8517 -238
 9462 0
 9046 238
 7206 476


