# Created by Octave 3.8.2, Mon Jun 22 03:33:59 2020 CEST <damian@fptrucha.inv.usc.es>
# name: hd
# type: matrix
# rows: 5
# columns: 2
 5003 -476
 7277 -238
 7907 0
 7393 238
 6205 476


