# Created by Octave 3.8.2, Mon Jun 22 23:37:38 2020 CEST <damian@fptrucha.inv.usc.es>
# name: hd
# type: matrix
# rows: 5
# columns: 2
 5524 -476
 8276 -238
 9024 0
 8498 238
 7007 476


