# Created by Octave 3.8.2, Sat Jun 20 18:06:22 2020 CEST <damian@fptrucha.inv.usc.es>
# name: hd
# type: matrix
# rows: 5
# columns: 2
 5092 -476
 7724 -238
 8480 0
 8065 238
 6354 476


