# Created by Octave 3.8.2, Mon Jun 22 13:17:32 2020 CEST <damian@fptrucha.inv.usc.es>
# name: hd
# type: matrix
# rows: 5
# columns: 2
 5332 -476
 7984 -238
 8372 0
 8089 238
 6556 476


