# Created by Octave 3.8.2, Mon Jun 22 07:55:06 2020 CEST <damian@fptrucha.inv.usc.es>
# name: hd
# type: matrix
# rows: 5
# columns: 2
 5273 -476
 7536 -238
 7975 0
 7493 238
 6320 476


