# Created by Octave 3.8.2, Mon Jun 22 00:57:37 2020 CEST <damian@fptrucha.inv.usc.es>
# name: hd
# type: matrix
# rows: 5
# columns: 2
 5296 -476
 7917 -238
 8621 0
 8194 238
 6519 476


