# Created by Octave 3.8.2, Sun Jun 21 05:38:14 2020 CEST <damian@fptrucha.inv.usc.es>
# name: hd
# type: matrix
# rows: 5
# columns: 2
 5184 -476
 7536 -238
 8342 0
 8008 238
 6221 476


