# Created by Octave 3.8.2, Sat Jun 20 08:31:13 2020 CEST <damian@fptrucha.inv.usc.es>
# name: hd
# type: matrix
# rows: 5
# columns: 2
 5920 -476
 8839 -238
 9627 0
 9070 238
 7436 476


