# Created by Octave 3.8.2, Sat Jun 20 15:29:02 2020 CEST <damian@fptrucha.inv.usc.es>
# name: hd
# type: matrix
# rows: 5
# columns: 2
 5444 -476
 7912 -238
 8496 0
 8372 238
 6418 476


