# Created by Octave 3.8.2, Mon Jun 22 06:12:52 2020 CEST <damian@fptrucha.inv.usc.es>
# name: hd
# type: matrix
# rows: 5
# columns: 2
 5151 -476
 7521 -238
 7635 0
 7427 238
 6204 476


