# Created by Octave 3.8.2, Sat Jun 20 19:00:17 2020 CEST <damian@fptrucha.inv.usc.es>
# name: hd
# type: matrix
# rows: 5
# columns: 2
 5212 -476
 7594 -238
 8512 0
 8012 238
 6292 476


