# Created by Octave 3.8.2, Mon Jun 22 20:52:13 2020 CEST <damian@fptrucha.inv.usc.es>
# name: hd
# type: matrix
# rows: 5
# columns: 2
 5534 -476
 8067 -238
 8872 0
 8406 238
 6922 476


