# Created by Octave 3.8.2, Sat Jun 20 05:49:19 2020 CEST <damian@fptrucha.inv.usc.es>
# name: hd
# type: matrix
# rows: 5
# columns: 2
 5757 -476
 8715 -238
 9289 0
 9016 238
 7149 476


