# Created by Octave 3.8.2, Mon Jun 22 17:57:23 2020 CEST <damian@fptrucha.inv.usc.es>
# name: hd
# type: matrix
# rows: 5
# columns: 2
 5275 -476
 8106 -238
 8591 0
 8224 238
 6840 476


