# Created by Octave 3.8.2, Mon Jun 22 22:03:48 2020 CEST <damian@fptrucha.inv.usc.es>
# name: hd
# type: matrix
# rows: 5
# columns: 2
 5568 -476
 8324 -238
 8982 0
 8498 238
 6880 476


