# Created by Octave 3.8.2, Sat Jun 20 10:01:51 2020 CEST <damian@fptrucha.inv.usc.es>
# name: hd
# type: matrix
# rows: 5
# columns: 2
 5856 -476
 8714 -238
 9300 0
 9142 238
 7073 476


