# Created by Octave 3.8.2, Sat Jun 20 03:43:52 2020 CEST <damian@fptrucha.inv.usc.es>
# name: hd
# type: matrix
# rows: 5
# columns: 2
 5614 -476
 8512 -238
 9127 0
 8700 238
 6903 476


