# Created by Octave 3.8.2, Sat Jun 20 15:37:04 2020 CEST <damian@fptrucha.inv.usc.es>
# name: hd
# type: matrix
# rows: 5
# columns: 2
 5275 -476
 7992 -238
 8835 0
 8140 238
 6561 476


