# Created by Octave 3.8.2, Mon Jun 22 23:43:36 2020 CEST <damian@fptrucha.inv.usc.es>
# name: hd
# type: matrix
# rows: 5
# columns: 2
 5583 -476
 8245 -238
 8846 0
 8727 238
 6948 476


