# Created by Octave 3.8.2, Mon Jun 22 12:02:32 2020 CEST <damian@fptrucha.inv.usc.es>
# name: hd
# type: matrix
# rows: 5
# columns: 2
 5309 -476
 7772 -238
 8294 0
 7941 238
 6319 476


