# Created by Octave 3.8.2, Mon Jun 22 01:10:22 2020 CEST <damian@fptrucha.inv.usc.es>
# name: hd
# type: matrix
# rows: 5
# columns: 2
 5269 -476
 7758 -238
 8371 0
 7851 238
 6296 476


