# Created by Octave 3.8.2, Sun Jun 21 08:00:15 2020 CEST <damian@fptrucha.inv.usc.es>
# name: hd
# type: matrix
# rows: 5
# columns: 2
 3383 -476
 5227 -238
 5549 0
 5346 238
 4217 476


