# Created by Octave 3.8.2, Sat Jun 20 07:09:03 2020 CEST <damian@fptrucha.inv.usc.es>
# name: hd
# type: matrix
# rows: 5
# columns: 2
 5815 -476
 8740 -238
 9389 0
 9074 238
 7328 476


