# Created by Octave 3.8.2, Sun Jun 21 05:03:53 2020 CEST <damian@fptrucha.inv.usc.es>
# name: hd
# type: matrix
# rows: 5
# columns: 2
 5237 -476
 7719 -238
 8324 0
 7998 238
 6304 476


