# Created by Octave 3.8.2, Sat Jun 20 09:30:41 2020 CEST <damian@fptrucha.inv.usc.es>
# name: hd
# type: matrix
# rows: 5
# columns: 2
 5817 -476
 8853 -238
 9466 0
 9190 238
 7414 476


