# Created by Octave 3.8.2, Sat Jun 20 12:27:34 2020 CEST <damian@fptrucha.inv.usc.es>
# name: hd
# type: matrix
# rows: 5
# columns: 2
 5661 -476
 8355 -238
 8913 0
 8692 238
 7046 476


