# Created by Octave 3.8.2, Mon Jun 22 20:17:02 2020 CEST <damian@fptrucha.inv.usc.es>
# name: hd
# type: matrix
# rows: 5
# columns: 2
 5465 -476
 8281 -238
 8481 0
 8421 238
 6785 476


