# Created by Octave 3.8.2, Sat Jun 20 10:09:03 2020 CEST <damian@fptrucha.inv.usc.es>
# name: hd
# type: matrix
# rows: 5
# columns: 2
 5833 -476
 8795 -238
 9344 0
 9005 238
 7185 476


