# Created by Octave 3.8.2, Sat Jun 20 04:18:43 2020 CEST <damian@fptrucha.inv.usc.es>
# name: hd
# type: matrix
# rows: 5
# columns: 2
 5844 -476
 8565 -238
 9461 0
 8869 238
 7133 476


