# Created by Octave 3.8.2, Mon Jun 22 13:37:33 2020 CEST <damian@fptrucha.inv.usc.es>
# name: hd
# type: matrix
# rows: 5
# columns: 2
 5353 -476
 7964 -238
 8344 0
 8091 238
 6535 476


