# Created by Octave 3.8.2, Sat Jun 20 16:17:21 2020 CEST <damian@fptrucha.inv.usc.es>
# name: hd
# type: matrix
# rows: 5
# columns: 2
 5181 -476
 7911 -238
 8505 0
 8216 238
 6478 476


