# Created by Octave 3.8.2, Sat Jun 20 16:14:41 2020 CEST <damian@fptrucha.inv.usc.es>
# name: hd
# type: matrix
# rows: 5
# columns: 2
 5215 -476
 7731 -238
 8645 0
 8153 238
 6559 476


