# Created by Octave 3.8.2, Mon Jun 22 21:51:12 2020 CEST <damian@fptrucha.inv.usc.es>
# name: hd
# type: matrix
# rows: 5
# columns: 2
 5535 -476
 8235 -238
 8731 0
 8693 238
 6869 476


