# Created by Octave 3.8.2, Mon Jun 22 13:00:49 2020 CEST <damian@fptrucha.inv.usc.es>
# name: hd
# type: matrix
# rows: 5
# columns: 2
 5223 -476
 7669 -238
 8420 0
 7914 238
 6580 476


