# Created by Octave 3.8.2, Sun Jun 21 08:09:42 2020 CEST <damian@fptrucha.inv.usc.es>
# name: hd
# type: matrix
# rows: 5
# columns: 2
 5195 -476
 7813 -238
 8374 0
 7957 238
 6321 476


