# Created by Octave 3.8.2, Sun Jun 21 02:08:34 2020 CEST <damian@fptrucha.inv.usc.es>
# name: hd
# type: matrix
# rows: 5
# columns: 2
 5167 -476
 7469 -238
 8228 0
 7844 238
 6301 476


