# Created by Octave 3.8.2, Sat Jun 20 10:40:14 2020 CEST <damian@fptrucha.inv.usc.es>
# name: hd
# type: matrix
# rows: 5
# columns: 2
 5781 -476
 8710 -238
 9158 0
 8855 238
 7173 476


