# Created by Octave 3.8.2, Sat Jun 20 20:52:00 2020 CEST <damian@fptrucha.inv.usc.es>
# name: hd
# type: matrix
# rows: 5
# columns: 2
 5062 -476
 7601 -238
 8227 0
 8006 238
 6382 476


