# Created by Octave 3.8.2, Sun Jun 21 04:22:57 2020 CEST <damian@fptrucha.inv.usc.es>
# name: hd
# type: matrix
# rows: 5
# columns: 2
 5159 -476
 7622 -238
 8187 0
 7923 238
 6259 476


