# Created by Octave 3.8.2, Mon Jun 22 10:59:39 2020 CEST <damian@fptrucha.inv.usc.es>
# name: hd
# type: matrix
# rows: 5
# columns: 2
 5275 -476
 7771 -238
 8198 0
 7760 238
 6349 476


