# Created by Octave 3.8.2, Mon Jun 22 11:26:51 2020 CEST <damian@fptrucha.inv.usc.es>
# name: hd
# type: matrix
# rows: 5
# columns: 2
 5005 -476
 7888 -238
 8229 0
 7870 238
 6367 476


