# Created by Octave 3.8.2, Sun Jun 21 05:39:22 2020 CEST <damian@fptrucha.inv.usc.es>
# name: hd
# type: matrix
# rows: 5
# columns: 2
 5117 -476
 7678 -238
 8136 0
 7710 238
 6108 476


