# Created by Octave 3.8.2, Mon Jun 22 12:14:49 2020 CEST <damian@fptrucha.inv.usc.es>
# name: hd
# type: matrix
# rows: 5
# columns: 2
 5327 -476
 7806 -238
 8111 0
 7799 238
 6486 476


