# Created by Octave 3.8.2, Sat Jun 20 17:18:56 2020 CEST <damian@fptrucha.inv.usc.es>
# name: hd
# type: matrix
# rows: 5
# columns: 2
 5103 -476
 7642 -238
 8510 0
 8065 238
 6408 476


