# Created by Octave 3.8.2, Sat Jun 20 10:11:56 2020 CEST <damian@fptrucha.inv.usc.es>
# name: hd
# type: matrix
# rows: 5
# columns: 2
 5751 -476
 8667 -238
 9410 0
 8982 238
 7103 476


