# Created by Octave 3.8.2, Sat Jun 20 15:31:38 2020 CEST <damian@fptrucha.inv.usc.es>
# name: hd
# type: matrix
# rows: 5
# columns: 2
 5398 -476
 8009 -238
 8447 0
 8300 238
 6466 476


