# Created by Octave 3.8.2, Mon Jun 22 11:45:16 2020 CEST <damian@fptrucha.inv.usc.es>
# name: hd
# type: matrix
# rows: 5
# columns: 2
 5340 -476
 7737 -238
 8052 0
 7968 238
 6397 476


