# Created by Octave 3.8.2, Sat Jun 20 14:12:26 2020 CEST <damian@fptrucha.inv.usc.es>
# name: hd
# type: matrix
# rows: 5
# columns: 2
 5555 -476
 8257 -238
 8849 0
 8502 238
 6591 476


