# Created by Octave 3.8.2, Mon Jun 22 01:45:36 2020 CEST <damian@fptrucha.inv.usc.es>
# name: hd
# type: matrix
# rows: 5
# columns: 2
 5436 -476
 7917 -238
 8395 0
 8187 238
 6742 476


