# Created by Octave 3.8.2, Sat Jun 20 09:26:18 2020 CEST <damian@fptrucha.inv.usc.es>
# name: hd
# type: matrix
# rows: 5
# columns: 2
 5918 -476
 8955 -238
 9620 0
 9195 238
 7174 476


