# Created by Octave 3.8.2, Sun Jun 21 05:09:33 2020 CEST <damian@fptrucha.inv.usc.es>
# name: hd
# type: matrix
# rows: 5
# columns: 2
 5103 -476
 7516 -238
 8110 0
 7790 238
 6295 476


