# Created by Octave 3.8.2, Mon Jun 22 15:57:30 2020 CEST <damian@fptrucha.inv.usc.es>
# name: hd
# type: matrix
# rows: 5
# columns: 2
 5578 -476
 7951 -238
 8543 0
 8257 238
 6641 476


