# Created by Octave 3.8.2, Sun Jun 21 05:51:14 2020 CEST <damian@fptrucha.inv.usc.es>
# name: hd
# type: matrix
# rows: 5
# columns: 2
 5182 -476
 7519 -238
 8338 0
 7858 238
 6189 476


