# Created by Octave 3.8.2, Sat Jun 20 18:22:05 2020 CEST <damian@fptrucha.inv.usc.es>
# name: hd
# type: matrix
# rows: 5
# columns: 2
 5208 -476
 7783 -238
 8452 0
 7977 238
 6462 476


