# Created by Octave 3.8.2, Sat Jun 20 12:52:54 2020 CEST <damian@fptrucha.inv.usc.es>
# name: hd
# type: matrix
# rows: 5
# columns: 2
 5651 -476
 8426 -238
 9085 0
 8655 238
 6936 476


