# Created by Octave 3.8.2, Mon Jun 22 04:49:09 2020 CEST <damian@fptrucha.inv.usc.es>
# name: hd
# type: matrix
# rows: 5
# columns: 2
 4918 -476
 6937 -238
 7276 0
 7313 238
 5872 476


