# Created by Octave 3.8.2, Sat Jun 20 09:40:26 2020 CEST <damian@fptrucha.inv.usc.es>
# name: hd
# type: matrix
# rows: 5
# columns: 2
 5902 -476
 8911 -238
 9386 0
 9148 238
 7205 476


