# Created by Octave 3.8.2, Mon Jun 22 21:44:06 2020 CEST <damian@fptrucha.inv.usc.es>
# name: hd
# type: matrix
# rows: 5
# columns: 2
 5496 -476
 8354 -238
 8866 0
 8574 238
 6867 476


