# Created by Octave 3.8.2, Sat Jun 20 03:52:16 2020 CEST <damian@fptrucha.inv.usc.es>
# name: hd
# type: matrix
# rows: 5
# columns: 2
 5677 -476
 8511 -238
 9212 0
 8863 238
 7138 476


