# Created by Octave 3.8.2, Sat Jun 20 17:11:32 2020 CEST <damian@fptrucha.inv.usc.es>
# name: hd
# type: matrix
# rows: 5
# columns: 2
 5240 -476
 7834 -238
 8588 0
 8253 238
 6391 476


