# Created by Octave 3.8.2, Mon Jun 22 04:50:59 2020 CEST <damian@fptrucha.inv.usc.es>
# name: hd
# type: matrix
# rows: 5
# columns: 2
 4822 -476
 6843 -238
 7447 0
 7270 238
 5875 476


