# Created by Octave 3.8.2, Sat Jun 20 12:41:03 2020 CEST <damian@fptrucha.inv.usc.es>
# name: hd
# type: matrix
# rows: 5
# columns: 2
 5620 -476
 8391 -238
 8976 0
 8680 238
 6822 476


