# Created by Octave 3.8.2, Mon Jun 22 13:14:17 2020 CEST <damian@fptrucha.inv.usc.es>
# name: hd
# type: matrix
# rows: 5
# columns: 2
 5265 -476
 7854 -238
 8331 0
 8071 238
 6401 476


