# Created by Octave 3.8.2, Sat Jun 20 23:58:20 2020 CEST <damian@fptrucha.inv.usc.es>
# name: hd
# type: matrix
# rows: 5
# columns: 2
 5093 -476
 7410 -238
 8175 0
 7655 238
 6049 476


