# Created by Octave 3.8.2, Mon Jun 22 22:39:07 2020 CEST <damian@fptrucha.inv.usc.es>
# name: hd
# type: matrix
# rows: 5
# columns: 2
 5515 -476
 8376 -238
 8730 0
 8747 238
 6940 476


