# Created by Octave 3.8.2, Mon Jun 22 20:00:47 2020 CEST <damian@fptrucha.inv.usc.es>
# name: hd
# type: matrix
# rows: 5
# columns: 2
 5548 -476
 8238 -238
 8649 0
 8374 238
 6666 476


