# Created by Octave 3.8.2, Sat Jun 20 23:36:30 2020 CEST <damian@fptrucha.inv.usc.es>
# name: hd
# type: matrix
# rows: 5
# columns: 2
 5051 -476
 7642 -238
 8380 0
 7966 238
 6169 476


