# Created by Octave 3.8.2, Mon Jun 22 15:29:11 2020 CEST <damian@fptrucha.inv.usc.es>
# name: hd
# type: matrix
# rows: 5
# columns: 2
 5435 -476
 8061 -238
 8787 0
 8318 238
 6622 476


