# Created by Octave 3.8.2, Mon Jun 22 04:28:08 2020 CEST <damian@fptrucha.inv.usc.es>
# name: hd
# type: matrix
# rows: 5
# columns: 2
 4904 -476
 6933 -238
 7293 0
 7235 238
 5900 476


