# Created by Octave 3.8.2, Mon Jun 22 15:40:51 2020 CEST <damian@fptrucha.inv.usc.es>
# name: hd
# type: matrix
# rows: 5
# columns: 2
 5394 -476
 7931 -238
 8543 0
 8253 238
 6656 476


