# Created by Octave 3.8.2, Sun Jun 21 04:05:38 2020 CEST <damian@fptrucha.inv.usc.es>
# name: hd
# type: matrix
# rows: 5
# columns: 2
 5107 -476
 7613 -238
 8229 0
 7695 238
 6253 476


