# Created by Octave 3.8.2, Sat Jun 20 15:53:57 2020 CEST <damian@fptrucha.inv.usc.es>
# name: hd
# type: matrix
# rows: 5
# columns: 2
 5379 -476
 7952 -238
 8622 0
 7959 238
 6518 476


