# Created by Octave 3.8.2, Mon Jun 22 12:03:37 2020 CEST <damian@fptrucha.inv.usc.es>
# name: hd
# type: matrix
# rows: 5
# columns: 2
 5166 -476
 7584 -238
 8005 0
 7999 238
 6259 476


