# Created by Octave 3.8.2, Sun Jun 21 02:37:54 2020 CEST <damian@fptrucha.inv.usc.es>
# name: hd
# type: matrix
# rows: 5
# columns: 2
 5001 -476
 7564 -238
 8221 0
 7671 238
 6158 476


