# Created by Octave 3.8.2, Mon Jun 22 09:17:07 2020 CEST <damian@fptrucha.inv.usc.es>
# name: hd
# type: matrix
# rows: 5
# columns: 2
 5130 -476
 7472 -238
 7918 0
 7695 238
 6334 476


