# Created by Octave 3.8.2, Sun Jun 21 06:45:22 2020 CEST <damian@fptrucha.inv.usc.es>
# name: hd
# type: matrix
# rows: 5
# columns: 2
 5055 -476
 7552 -238
 8265 0
 8004 238
 6174 476


