# Created by Octave 3.8.2, Mon Jun 22 08:11:13 2020 CEST <damian@fptrucha.inv.usc.es>
# name: hd
# type: matrix
# rows: 5
# columns: 2
 5148 -476
 7523 -238
 7894 0
 7765 238
 6246 476


