# Created by Octave 3.8.2, Sun Jun 21 04:52:59 2020 CEST <damian@fptrucha.inv.usc.es>
# name: hd
# type: matrix
# rows: 5
# columns: 2
 5028 -476
 7716 -238
 8470 0
 7832 238
 6396 476


