# Created by Octave 3.8.2, Mon Jun 22 16:22:14 2020 CEST <damian@fptrucha.inv.usc.es>
# name: hd
# type: matrix
# rows: 5
# columns: 2
 5498 -476
 7981 -238
 8413 0
 8268 238
 6585 476


