# Created by Octave 3.8.2, Sat Jun 20 02:44:49 2020 CEST <damian@fptrucha.inv.usc.es>
# name: hd
# type: matrix
# rows: 5
# columns: 2
 5567 -476
 8466 -238
 9207 0
 8640 238
 6963 476


