# Created by Octave 3.8.2, Sat Jun 20 13:32:01 2020 CEST <damian@fptrucha.inv.usc.es>
# name: hd
# type: matrix
# rows: 5
# columns: 2
 5606 -476
 8234 -238
 8874 0
 8329 238
 6879 476


