# Created by Octave 3.8.2, Mon Jun 22 21:22:03 2020 CEST <damian@fptrucha.inv.usc.es>
# name: hd
# type: matrix
# rows: 5
# columns: 2
 5527 -476
 8225 -238
 8834 0
 8350 238
 6876 476


