# Created by Octave 3.8.2, Sat Jun 20 02:40:37 2020 CEST <damian@fptrucha.inv.usc.es>
# name: hd
# type: matrix
# rows: 5
# columns: 2
 5636 -476
 8310 -238
 9075 0
 8860 238
 7016 476


