# Created by Octave 3.8.2, Sat Jun 20 22:20:33 2020 CEST <damian@fptrucha.inv.usc.es>
# name: hd
# type: matrix
# rows: 5
# columns: 2
 5096 -476
 7636 -238
 8369 0
 8100 238
 6413 476


