# Created by Octave 3.8.2, Mon Jun 22 13:19:38 2020 CEST <damian@fptrucha.inv.usc.es>
# name: hd
# type: matrix
# rows: 5
# columns: 2
 5348 -476
 7862 -238
 8267 0
 8074 238
 6548 476


