# Created by Octave 3.8.2, Sat Jun 20 09:37:26 2020 CEST <damian@fptrucha.inv.usc.es>
# name: hd
# type: matrix
# rows: 5
# columns: 2
 5827 -476
 8781 -238
 9408 0
 9130 238
 7405 476


