# Created by Octave 3.8.2, Mon Jun 22 21:08:22 2020 CEST <damian@fptrucha.inv.usc.es>
# name: hd
# type: matrix
# rows: 5
# columns: 2
 5644 -476
 8275 -238
 8879 0
 8665 238
 6831 476


