# Created by Octave 3.8.2, Mon Jun 22 13:01:52 2020 CEST <damian@fptrucha.inv.usc.es>
# name: hd
# type: matrix
# rows: 5
# columns: 2
 5220 -476
 7819 -238
 8424 0
 7978 238
 6599 476


