# Created by Octave 3.8.2, Sun Jun 21 01:20:55 2020 CEST <damian@fptrucha.inv.usc.es>
# name: hd
# type: matrix
# rows: 5
# columns: 2
 5067 -476
 7643 -238
 8127 0
 7923 238
 6229 476


