# Created by Octave 3.8.2, Mon Jun 22 01:50:28 2020 CEST <damian@fptrucha.inv.usc.es>
# name: hd
# type: matrix
# rows: 5
# columns: 2
 3546 -476
 5331 -238
 5669 0
 5367 238
 4373 476


