# Created by Octave 3.8.2, Sat Jun 20 18:48:31 2020 CEST <damian@fptrucha.inv.usc.es>
# name: hd
# type: matrix
# rows: 5
# columns: 2
 5167 -476
 7632 -238
 8334 0
 8097 238
 6402 476


