# Created by Octave 3.8.2, Mon Jun 22 05:33:15 2020 CEST <damian@fptrucha.inv.usc.es>
# name: hd
# type: matrix
# rows: 5
# columns: 2
 5219 -476
 7446 -238
 7588 0
 7263 238
 6243 476


