# Created by Octave 3.8.2, Sun Jun 21 05:08:22 2020 CEST <damian@fptrucha.inv.usc.es>
# name: hd
# type: matrix
# rows: 5
# columns: 2
 5185 -476
 7746 -238
 8307 0
 7983 238
 6238 476


