# Created by Octave 3.8.2, Mon Jun 22 04:06:12 2020 CEST <damian@fptrucha.inv.usc.es>
# name: hd
# type: matrix
# rows: 5
# columns: 2
 4840 -476
 7063 -238
 7628 0
 7325 238
 6133 476


