# Created by Octave 3.8.2, Sat Jun 20 22:33:39 2020 CEST <damian@fptrucha.inv.usc.es>
# name: hd
# type: matrix
# rows: 5
# columns: 2
 5064 -476
 7580 -238
 8361 0
 7909 238
 6390 476


