# Created by Octave 3.8.2, Mon Jun 22 02:32:10 2020 CEST <damian@fptrucha.inv.usc.es>
# name: hd
# type: matrix
# rows: 5
# columns: 2
 5026 -476
 7310 -238
 7513 0
 7328 238
 6243 476


