# Created by Octave 3.8.2, Sat Jun 20 11:37:56 2020 CEST <damian@fptrucha.inv.usc.es>
# name: hd
# type: matrix
# rows: 5
# columns: 2
 5729 -476
 8490 -238
 9217 0
 8521 238
 7002 476


