# Created by Octave 3.8.2, Mon Jun 22 11:14:10 2020 CEST <damian@fptrucha.inv.usc.es>
# name: hd
# type: matrix
# rows: 5
# columns: 2
 3457 -476
 5121 -238
 5380 0
 5198 238
 4346 476


