# Created by Octave 3.8.2, Sat Jun 20 23:14:28 2020 CEST <damian@fptrucha.inv.usc.es>
# name: hd
# type: matrix
# rows: 5
# columns: 2
 5020 -476
 7616 -238
 8218 0
 7850 238
 6052 476


