# Created by Octave 3.8.2, Mon Jun 22 06:54:05 2020 CEST <damian@fptrucha.inv.usc.es>
# name: hd
# type: matrix
# rows: 5
# columns: 2
 5119 -476
 7347 -238
 7857 0
 7464 238
 6099 476


