# Created by Octave 3.8.2, Sat Jun 20 09:23:22 2020 CEST <damian@fptrucha.inv.usc.es>
# name: hd
# type: matrix
# rows: 5
# columns: 2
 5919 -476
 8874 -238
 9471 0
 9300 238
 7146 476


