# Created by Octave 3.8.2, Mon Jun 22 11:55:17 2020 CEST <damian@fptrucha.inv.usc.es>
# name: hd
# type: matrix
# rows: 5
# columns: 2
 5097 -476
 7763 -238
 8213 0
 7907 238
 6289 476


