# Created by Octave 3.8.2, Mon Jun 22 13:55:22 2020 CEST <damian@fptrucha.inv.usc.es>
# name: hd
# type: matrix
# rows: 5
# columns: 2
 5275 -476
 7835 -238
 8319 0
 7961 238
 6463 476


