# Created by Octave 3.8.2, Mon Jun 22 13:02:55 2020 CEST <damian@fptrucha.inv.usc.es>
# name: hd
# type: matrix
# rows: 5
# columns: 2
 5359 -476
 7908 -238
 8355 0
 8064 238
 6662 476


