# Created by Octave 3.8.2, Sat Jun 20 12:45:12 2020 CEST <damian@fptrucha.inv.usc.es>
# name: hd
# type: matrix
# rows: 5
# columns: 2
 5551 -476
 8404 -238
 9048 0
 8703 238
 6744 476


