# Created by Octave 3.8.2, Sat Jun 20 11:42:59 2020 CEST <damian@fptrucha.inv.usc.es>
# name: hd
# type: matrix
# rows: 5
# columns: 2
 5570 -476
 8439 -238
 9147 0
 8773 238
 6947 476


