# Created by Octave 3.8.2, Mon Jun 22 13:53:16 2020 CEST <damian@fptrucha.inv.usc.es>
# name: hd
# type: matrix
# rows: 5
# columns: 2
 5474 -476
 7962 -238
 8298 0
 8058 238
 6512 476


