# Created by Octave 3.8.2, Mon Jun 22 02:50:01 2020 CEST <damian@fptrucha.inv.usc.es>
# name: hd
# type: matrix
# rows: 5
# columns: 2
 5067 -476
 7109 -238
 7598 0
 7473 238
 6371 476


