# Created by Octave 3.8.2, Sun Jun 21 01:08:53 2020 CEST <damian@fptrucha.inv.usc.es>
# name: hd
# type: matrix
# rows: 5
# columns: 2
 5017 -476
 7495 -238
 8114 0
 7743 238
 6161 476


