# Created by Octave 3.8.2, Sat Jun 20 16:57:05 2020 CEST <damian@fptrucha.inv.usc.es>
# name: hd
# type: matrix
# rows: 5
# columns: 2
 5282 -476
 7889 -238
 8562 0
 7941 238
 6368 476


