# Created by Octave 3.8.2, Mon Jun 22 10:02:40 2020 CEST <damian@fptrucha.inv.usc.es>
# name: hd
# type: matrix
# rows: 5
# columns: 2
 5434 -476
 7631 -238
 8224 0
 7856 238
 6553 476


