# Created by Octave 3.8.2, Sat Jun 20 17:37:22 2020 CEST <damian@fptrucha.inv.usc.es>
# name: hd
# type: matrix
# rows: 5
# columns: 2
 5229 -476
 7608 -238
 8433 0
 8134 238
 6320 476


