# Created by Octave 3.8.2, Sat Jun 20 05:55:13 2020 CEST <damian@fptrucha.inv.usc.es>
# name: hd
# type: matrix
# rows: 5
# columns: 2
 5863 -476
 8780 -238
 9350 0
 9302 238
 7076 476


