# Created by Octave 3.8.2, Sun Jun 21 00:14:50 2020 CEST <damian@fptrucha.inv.usc.es>
# name: hd
# type: matrix
# rows: 5
# columns: 2
 4898 -476
 7503 -238
 8229 0
 7770 238
 6153 476


