# Created by Octave 3.8.2, Mon Jun 22 10:07:02 2020 CEST <damian@fptrucha.inv.usc.es>
# name: hd
# type: matrix
# rows: 5
# columns: 2
 5219 -476
 7614 -238
 8026 0
 7995 238
 6406 476


