# Created by Octave 3.8.2, Sun Jun 21 08:07:21 2020 CEST <damian@fptrucha.inv.usc.es>
# name: hd
# type: matrix
# rows: 5
# columns: 2
 5127 -476
 7965 -238
 8358 0
 8103 238
 6460 476


