# Created by Octave 3.8.2, Sat Jun 20 18:38:34 2020 CEST <damian@fptrucha.inv.usc.es>
# name: hd
# type: matrix
# rows: 5
# columns: 2
 5125 -476
 7775 -238
 8231 0
 7848 238
 6315 476


