# Created by Octave 3.8.2, Mon Jun 22 17:13:58 2020 CEST <damian@fptrucha.inv.usc.es>
# name: hd
# type: matrix
# rows: 5
# columns: 2
 5261 -476
 7930 -238
 8521 0
 8286 238
 6630 476


