# Created by Octave 3.8.2, Sat Jun 20 20:58:30 2020 CEST <damian@fptrucha.inv.usc.es>
# name: hd
# type: matrix
# rows: 5
# columns: 2
 5013 -476
 7622 -238
 8234 0
 7801 238
 6285 476


