# Created by Octave 3.8.2, Mon Jun 22 21:45:16 2020 CEST <damian@fptrucha.inv.usc.es>
# name: hd
# type: matrix
# rows: 5
# columns: 2
 5478 -476
 8368 -238
 8738 0
 8841 238
 6811 476


