# Created by Octave 3.8.2, Mon Jun 22 04:55:41 2020 CEST <damian@fptrucha.inv.usc.es>
# name: hd
# type: matrix
# rows: 5
# columns: 2
 4831 -476
 6961 -238
 7255 0
 7081 238
 5932 476


