# Created by Octave 3.8.2, Sat Jun 20 18:25:29 2020 CEST <damian@fptrucha.inv.usc.es>
# name: hd
# type: matrix
# rows: 5
# columns: 2
 5140 -476
 7715 -238
 8201 0
 8009 238
 6335 476


