# Created by Octave 3.8.2, Sat Jun 20 21:51:04 2020 CEST <damian@fptrucha.inv.usc.es>
# name: hd
# type: matrix
# rows: 5
# columns: 2
 5134 -476
 7468 -238
 8286 0
 7885 238
 6278 476


