# Created by Octave 3.8.2, Mon Jun 22 05:27:40 2020 CEST <damian@fptrucha.inv.usc.es>
# name: hd
# type: matrix
# rows: 5
# columns: 2
 5019 -476
 7131 -238
 7746 0
 7348 238
 6192 476


