# Created by Octave 3.8.2, Mon Jun 22 15:49:43 2020 CEST <damian@fptrucha.inv.usc.es>
# name: hd
# type: matrix
# rows: 5
# columns: 2
 5447 -476
 8210 -238
 8727 0
 8277 238
 6771 476


