# Created by Octave 3.8.2, Sat Jun 20 04:47:59 2020 CEST <damian@fptrucha.inv.usc.es>
# name: hd
# type: matrix
# rows: 5
# columns: 2
 5697 -476
 8467 -238
 8932 0
 8833 238
 7108 476


