# Created by Octave 3.8.2, Sat Jun 20 21:05:43 2020 CEST <damian@fptrucha.inv.usc.es>
# name: hd
# type: matrix
# rows: 5
# columns: 2
 5125 -476
 7670 -238
 8410 0
 7974 238
 6214 476


