# Created by Octave 3.8.2, Mon Jun 22 22:22:24 2020 CEST <damian@fptrucha.inv.usc.es>
# name: hd
# type: matrix
# rows: 5
# columns: 2
 3675 -476
 5498 -238
 5915 0
 5504 238
 4494 476


