# Created by Octave 3.8.2, Sat Jun 20 22:14:01 2020 CEST <damian@fptrucha.inv.usc.es>
# name: hd
# type: matrix
# rows: 5
# columns: 2
 5324 -476
 7590 -238
 8325 0
 7960 238
 6136 476


