# Created by Octave 3.8.2, Sat Jun 20 23:18:19 2020 CEST <damian@fptrucha.inv.usc.es>
# name: hd
# type: matrix
# rows: 5
# columns: 2
 5051 -476
 7305 -238
 8189 0
 7725 238
 6201 476


