# Created by Octave 3.8.2, Mon Jun 22 19:52:01 2020 CEST <damian@fptrucha.inv.usc.es>
# name: hd
# type: matrix
# rows: 5
# columns: 2
 5547 -476
 8195 -238
 8746 0
 8551 238
 6643 476


