# Created by Octave 3.8.2, Mon Jun 22 14:08:54 2020 CEST <damian@fptrucha.inv.usc.es>
# name: hd
# type: matrix
# rows: 5
# columns: 2
 5422 -476
 7757 -238
 8247 0
 7928 238
 6448 476


