# Created by Octave 3.8.2, Mon Jun 22 14:26:48 2020 CEST <damian@fptrucha.inv.usc.es>
# name: hd
# type: matrix
# rows: 5
# columns: 2
 5286 -476
 7700 -238
 8202 0
 8082 238
 6611 476


