# Created by Octave 3.8.2, Sun Jun 21 04:00:33 2020 CEST <damian@fptrucha.inv.usc.es>
# name: hd
# type: matrix
# rows: 5
# columns: 2
 4911 -476
 7447 -238
 8251 0
 8001 238
 6216 476


