# Created by Octave 3.8.2, Mon Jun 22 15:15:02 2020 CEST <damian@fptrucha.inv.usc.es>
# name: hd
# type: matrix
# rows: 5
# columns: 2
 5324 -476
 7953 -238
 8642 0
 8256 238
 6610 476


