# Created by Octave 3.8.2, Mon Jun 22 17:37:22 2020 CEST <damian@fptrucha.inv.usc.es>
# name: hd
# type: matrix
# rows: 5
# columns: 2
 5488 -476
 8112 -238
 8513 0
 8241 238
 6534 476


