# Created by Octave 3.8.2, Sun Jun 21 06:13:13 2020 CEST <damian@fptrucha.inv.usc.es>
# name: hd
# type: matrix
# rows: 5
# columns: 2
 5092 -476
 7477 -238
 8399 0
 7926 238
 6274 476


