# Created by Octave 3.8.2, Mon Jun 22 02:01:58 2020 CEST <damian@fptrucha.inv.usc.es>
# name: hd
# type: matrix
# rows: 5
# columns: 2
 5319 -476
 7894 -238
 8236 0
 8170 238
 6393 476


