# Created by Octave 3.8.2, Mon Jun 22 17:29:22 2020 CEST <damian@fptrucha.inv.usc.es>
# name: hd
# type: matrix
# rows: 5
# columns: 2
 5562 -476
 8171 -238
 8263 0
 8275 238
 6608 476


