# Created by Octave 3.8.2, Sun Jun 21 00:45:43 2020 CEST <damian@fptrucha.inv.usc.es>
# name: hd
# type: matrix
# rows: 5
# columns: 2
 5085 -476
 7546 -238
 8201 0
 7868 238
 6131 476


