# Created by Octave 3.8.2, Mon Jun 22 17:59:41 2020 CEST <damian@fptrucha.inv.usc.es>
# name: hd
# type: matrix
# rows: 5
# columns: 2
 5585 -476
 8007 -238
 8487 0
 8205 238
 6600 476


