# Created by Octave 3.8.2, Sat Jun 20 19:04:10 2020 CEST <damian@fptrucha.inv.usc.es>
# name: hd
# type: matrix
# rows: 5
# columns: 2
 5129 -476
 7772 -238
 8517 0
 7959 238
 6236 476


