# Created by Octave 3.8.2, Sat Jun 20 10:45:58 2020 CEST <damian@fptrucha.inv.usc.es>
# name: hd
# type: matrix
# rows: 5
# columns: 2
 5857 -476
 8598 -238
 9306 0
 8599 238
 7248 476


