# Created by Octave 3.8.2, Sat Jun 20 02:30:59 2020 CEST <damian@fptrucha.inv.usc.es>
# name: hd
# type: matrix
# rows: 5
# columns: 2
 5446 -476
 8463 -238
 8994 0
 8590 238
 6935 476


