# Created by Octave 3.8.2, Mon Jun 22 03:35:52 2020 CEST <damian@fptrucha.inv.usc.es>
# name: hd
# type: matrix
# rows: 5
# columns: 2
 5020 -476
 7139 -238
 7707 0
 7263 238
 6208 476


