# Created by Octave 3.8.2, Tue Jun 23 00:14:40 2020 CEST <damian@fptrucha.inv.usc.es>
# name: hd
# type: matrix
# rows: 5
# columns: 2
 5482 -476
 8164 -238
 8835 0
 8401 238
 6828 476


