# Created by Octave 3.8.2, Mon Jun 22 10:45:21 2020 CEST <damian@fptrucha.inv.usc.es>
# name: hd
# type: matrix
# rows: 5
# columns: 2
 5188 -476
 7760 -238
 8136 0
 7918 238
 6342 476


