# Created by Octave 3.8.2, Sat Jun 20 20:27:44 2020 CEST <damian@fptrucha.inv.usc.es>
# name: hd
# type: matrix
# rows: 5
# columns: 2
 5147 -476
 7591 -238
 8448 0
 8087 238
 6343 476


