# Created by Octave 3.8.2, Sat Jun 20 05:25:34 2020 CEST <damian@fptrucha.inv.usc.es>
# name: hd
# type: matrix
# rows: 5
# columns: 2
 5787 -476
 8715 -238
 9286 0
 8868 238
 7229 476


