# Created by Octave 3.8.2, Mon Jun 22 21:02:27 2020 CEST <damian@fptrucha.inv.usc.es>
# name: hd
# type: matrix
# rows: 5
# columns: 2
 5426 -476
 8236 -238
 8824 0
 8495 238
 6806 476


