# Created by Octave 3.8.2, Sat Jun 20 08:25:15 2020 CEST <damian@fptrucha.inv.usc.es>
# name: hd
# type: matrix
# rows: 5
# columns: 2
 5902 -476
 8959 -238
 9653 0
 9139 238
 7458 476


