# Created by Octave 3.8.2, Mon Jun 22 22:04:58 2020 CEST <damian@fptrucha.inv.usc.es>
# name: hd
# type: matrix
# rows: 5
# columns: 2
 5526 -476
 8210 -238
 8960 0
 8508 238
 6984 476


