# Created by Octave 3.8.2, Sat Jun 20 23:05:15 2020 CEST <damian@fptrucha.inv.usc.es>
# name: hd
# type: matrix
# rows: 5
# columns: 2
 5046 -476
 7552 -238
 8238 0
 7885 238
 6268 476


