# Created by Octave 3.8.2, Sat Jun 20 05:01:43 2020 CEST <damian@fptrucha.inv.usc.es>
# name: hd
# type: matrix
# rows: 5
# columns: 2
 5622 -476
 8431 -238
 9260 0
 8674 238
 7189 476


