# Created by Octave 3.8.2, Sat Jun 20 11:02:44 2020 CEST <damian@fptrucha.inv.usc.es>
# name: hd
# type: matrix
# rows: 5
# columns: 2
 5780 -476
 8518 -238
 9312 0
 8919 238
 7182 476


