# Created by Octave 3.8.2, Mon Jun 22 05:28:38 2020 CEST <damian@fptrucha.inv.usc.es>
# name: hd
# type: matrix
# rows: 5
# columns: 2
 5131 -476
 7280 -238
 7612 0
 7429 238
 6153 476


