# Created by Octave 3.8.2, Mon Jun 22 10:48:33 2020 CEST <damian@fptrucha.inv.usc.es>
# name: hd
# type: matrix
# rows: 5
# columns: 2
 5253 -476
 7721 -238
 8301 0
 7897 238
 6403 476


