# Created by Octave 3.8.2, Mon Jun 22 21:59:29 2020 CEST <damian@fptrucha.inv.usc.es>
# name: hd
# type: matrix
# rows: 5
# columns: 2
 5544 -476
 8445 -238
 8720 0
 8504 238
 6811 476


