# Created by Octave 3.8.2, Mon Jun 22 09:42:17 2020 CEST <damian@fptrucha.inv.usc.es>
# name: hd
# type: matrix
# rows: 5
# columns: 2
 5203 -476
 7739 -238
 8102 0
 7858 238
 6424 476


