# Created by Octave 3.8.2, Sat Jun 20 17:47:16 2020 CEST <damian@fptrucha.inv.usc.es>
# name: hd
# type: matrix
# rows: 5
# columns: 2
 5200 -476
 7681 -238
 8669 0
 8058 238
 6361 476


