# Created by Octave 3.8.2, Mon Jun 22 08:47:33 2020 CEST <damian@fptrucha.inv.usc.es>
# name: hd
# type: matrix
# rows: 5
# columns: 2
 5259 -476
 7675 -238
 7779 0
 7782 238
 6211 476


