# Created by Octave 3.8.2, Mon Jun 22 18:01:54 2020 CEST <damian@fptrucha.inv.usc.es>
# name: hd
# type: matrix
# rows: 5
# columns: 2
 5446 -476
 8033 -238
 8735 0
 8324 238
 6610 476


