# Created by Octave 3.8.2, Mon Jun 22 10:10:13 2020 CEST <damian@fptrucha.inv.usc.es>
# name: hd
# type: matrix
# rows: 5
# columns: 2
 5114 -476
 7632 -238
 8099 0
 7835 238
 6354 476


