# Created by Octave 3.8.2, Sun Jun 21 03:56:09 2020 CEST <damian@fptrucha.inv.usc.es>
# name: hd
# type: matrix
# rows: 5
# columns: 2
 5053 -476
 7660 -238
 8352 0
 7791 238
 6193 476


