# Created by Octave 3.8.2, Mon Jun 22 08:25:35 2020 CEST <damian@fptrucha.inv.usc.es>
# name: hd
# type: matrix
# rows: 5
# columns: 2
 5086 -476
 7702 -238
 8042 0
 7722 238
 6115 476


