# Created by Octave 3.8.2, Sat Jun 20 19:59:46 2020 CEST <damian@fptrucha.inv.usc.es>
# name: hd
# type: matrix
# rows: 5
# columns: 2
 5065 -476
 7769 -238
 8491 0
 7766 238
 6390 476


