# Created by Octave 3.8.2, Mon Jun 22 06:23:32 2020 CEST <damian@fptrucha.inv.usc.es>
# name: hd
# type: matrix
# rows: 5
# columns: 2
 5149 -476
 7442 -238
 7680 0
 7437 238
 6156 476


