# Created by Octave 3.8.2, Mon Jun 22 17:01:36 2020 CEST <damian@fptrucha.inv.usc.es>
# name: hd
# type: matrix
# rows: 5
# columns: 2
 5307 -476
 7995 -238
 8291 0
 8245 238
 6806 476


