# Created by Octave 3.8.2, Sat Jun 20 13:50:44 2020 CEST <damian@fptrucha.inv.usc.es>
# name: hd
# type: matrix
# rows: 5
# columns: 2
 5548 -476
 8095 -238
 8925 0
 8581 238
 6750 476


