# Created by Octave 3.8.2, Sat Jun 20 21:56:15 2020 CEST <damian@fptrucha.inv.usc.es>
# name: hd
# type: matrix
# rows: 5
# columns: 2
 5053 -476
 7771 -238
 8156 0
 8062 238
 6353 476


