# Created by Octave 3.8.2, Mon Jun 22 21:42:55 2020 CEST <damian@fptrucha.inv.usc.es>
# name: hd
# type: matrix
# rows: 5
# columns: 2
 5359 -476
 8322 -238
 8766 0
 8473 238
 6796 476


