# Created by Octave 3.8.2, Sat Jun 20 11:58:26 2020 CEST <damian@fptrucha.inv.usc.es>
# name: hd
# type: matrix
# rows: 5
# columns: 2
 5728 -476
 8528 -238
 9196 0
 8747 238
 7005 476


