# Created by Octave 3.8.2, Sat Jun 20 13:11:45 2020 CEST <damian@fptrucha.inv.usc.es>
# name: hd
# type: matrix
# rows: 5
# columns: 2
 5324 -476
 8316 -238
 8865 0
 8509 238
 6825 476


