# Created by Octave 3.8.2, Mon Jun 22 12:59:46 2020 CEST <damian@fptrucha.inv.usc.es>
# name: hd
# type: matrix
# rows: 5
# columns: 2
 5160 -476
 7900 -238
 8493 0
 8006 238
 6624 476


