# Created by Octave 3.8.2, Mon Jun 22 06:04:16 2020 CEST <damian@fptrucha.inv.usc.es>
# name: hd
# type: matrix
# rows: 5
# columns: 2
 5112 -476
 7291 -238
 7566 0
 7399 238
 6281 476


