# Created by Octave 3.8.2, Mon Jun 22 02:26:37 2020 CEST <damian@fptrucha.inv.usc.es>
# name: hd
# type: matrix
# rows: 5
# columns: 2
 538 -476
 957 -238
 1321 0
 1727 238
 1100 476


