# Created by Octave 3.8.2, Mon Jun 22 21:14:15 2020 CEST <damian@fptrucha.inv.usc.es>
# name: hd
# type: matrix
# rows: 5
# columns: 2
 5620 -476
 8326 -238
 8863 0
 8541 238
 6689 476


