# Created by Octave 3.8.2, Sat Jun 20 11:35:02 2020 CEST <damian@fptrucha.inv.usc.es>
# name: hd
# type: matrix
# rows: 5
# columns: 2
 5702 -476
 8480 -238
 9232 0
 8773 238
 6897 476


