# Created by Octave 3.8.2, Mon Jun 22 02:44:13 2020 CEST <damian@fptrucha.inv.usc.es>
# name: hd
# type: matrix
# rows: 5
# columns: 2
 4984 -476
 7116 -238
 7734 0
 7405 238
 6179 476


