# Created by Octave 3.8.2, Sat Jun 20 11:59:47 2020 CEST <damian@fptrucha.inv.usc.es>
# name: hd
# type: matrix
# rows: 5
# columns: 2
 5700 -476
 8428 -238
 8994 0
 8826 238
 7062 476


