# Created by Octave 3.8.2, Mon Jun 22 12:46:14 2020 CEST <damian@fptrucha.inv.usc.es>
# name: hd
# type: matrix
# rows: 5
# columns: 2
 5285 -476
 7896 -238
 8375 0
 8083 238
 6586 476


