# Created by Octave 3.8.2, Mon Jun 22 10:58:38 2020 CEST <damian@fptrucha.inv.usc.es>
# name: hd
# type: matrix
# rows: 5
# columns: 2
 5261 -476
 7794 -238
 8232 0
 7977 238
 6499 476


