# Created by Octave 3.8.2, Sat Jun 20 11:40:15 2020 CEST <damian@fptrucha.inv.usc.es>
# name: hd
# type: matrix
# rows: 5
# columns: 2
 3702 -476
 5579 -238
 5950 0
 5727 238
 4588 476


