# Created by Octave 3.8.2, Sun Jun 21 07:59:29 2020 CEST <damian@fptrucha.inv.usc.es>
# name: hd
# type: matrix
# rows: 5
# columns: 2
 5083 -476
 7704 -238
 8295 0
 8016 238
 6213 476


