# Created by Octave 3.8.2, Mon Jun 22 10:25:38 2020 CEST <damian@fptrucha.inv.usc.es>
# name: hd
# type: matrix
# rows: 5
# columns: 2
 5086 -476
 7735 -238
 8308 0
 8019 238
 6435 476


