# Created by Octave 3.8.2, Sat Jun 20 03:20:56 2020 CEST <damian@fptrucha.inv.usc.es>
# name: hd
# type: matrix
# rows: 5
# columns: 2
 5565 -476
 8353 -238
 9060 0
 8882 238
 6920 476


