# Created by Octave 3.8.2, Mon Jun 22 02:11:42 2020 CEST <damian@fptrucha.inv.usc.es>
# name: hd
# type: matrix
# rows: 5
# columns: 2
 4945 -476
 7404 -238
 7826 0
 7770 238
 6249 476


