# Created by Octave 3.8.2, Sat Jun 20 12:04:56 2020 CEST <damian@fptrucha.inv.usc.es>
# name: hd
# type: matrix
# rows: 5
# columns: 2
 3688 -476
 5555 -238
 6031 0
 5692 238
 4617 476


