# Created by Octave 3.8.2, Mon Jun 22 15:35:42 2020 CEST <damian@fptrucha.inv.usc.es>
# name: hd
# type: matrix
# rows: 5
# columns: 2
 5395 -476
 7896 -238
 8449 0
 8199 238
 6775 476


