# Created by Octave 3.8.2, Mon Jun 22 03:24:46 2020 CEST <damian@fptrucha.inv.usc.es>
# name: hd
# type: matrix
# rows: 5
# columns: 2
 5128 -476
 7219 -238
 7707 0
 7447 238
 6178 476


