# Created by Octave 3.8.2, Mon Jun 22 03:21:46 2020 CEST <damian@fptrucha.inv.usc.es>
# name: hd
# type: matrix
# rows: 5
# columns: 2
 4903 -476
 7266 -238
 7530 0
 7287 238
 6216 476


