# Created by Octave 3.8.2, Sun Jun 21 02:35:43 2020 CEST <damian@fptrucha.inv.usc.es>
# name: hd
# type: matrix
# rows: 5
# columns: 2
 4956 -476
 7559 -238
 8181 0
 7731 238
 6101 476


