# Created by Octave 3.8.2, Sat Jun 20 07:37:35 2020 CEST <damian@fptrucha.inv.usc.es>
# name: hd
# type: matrix
# rows: 5
# columns: 2
 5800 -476
 8747 -238
 9568 0
 8869 238
 7183 476


