# Created by Octave 3.8.2, Sat Jun 20 06:07:47 2020 CEST <damian@fptrucha.inv.usc.es>
# name: hd
# type: matrix
# rows: 5
# columns: 2
 5740 -476
 8685 -238
 9306 0
 9129 238
 7203 476


