# Created by Octave 3.8.2, Mon Jun 22 03:18:55 2020 CEST <damian@fptrucha.inv.usc.es>
# name: hd
# type: matrix
# rows: 5
# columns: 2
 5085 -476
 7317 -238
 7594 0
 7332 238
 6168 476


