# Created by Octave 3.8.2, Sun Jun 21 00:56:18 2020 CEST <damian@fptrucha.inv.usc.es>
# name: hd
# type: matrix
# rows: 5
# columns: 2
 5022 -476
 7569 -238
 8339 0
 7772 238
 6350 476


