# Created by Octave 3.8.2, Sat Jun 20 22:06:41 2020 CEST <damian@fptrucha.inv.usc.es>
# name: hd
# type: matrix
# rows: 5
# columns: 2
 5052 -476
 7338 -238
 8264 0
 7894 238
 6104 476


