# Created by Octave 3.8.2, Sat Jun 20 04:07:15 2020 CEST <damian@fptrucha.inv.usc.es>
# name: hd
# type: matrix
# rows: 5
# columns: 2
 5619 -476
 8518 -238
 9158 0
 8849 238
 6970 476


