# Created by Octave 3.8.2, Mon Jun 22 08:13:14 2020 CEST <damian@fptrucha.inv.usc.es>
# name: hd
# type: matrix
# rows: 5
# columns: 2
 5100 -476
 7632 -238
 7947 0
 7673 238
 6349 476


