# Created by Octave 3.8.2, Sun Jun 21 01:55:52 2020 CEST <damian@fptrucha.inv.usc.es>
# name: hd
# type: matrix
# rows: 5
# columns: 2
 4991 -476
 7323 -238
 8065 0
 7591 238
 6128 476


