# Created by Octave 3.8.2, Sat Jun 20 17:12:52 2020 CEST <damian@fptrucha.inv.usc.es>
# name: hd
# type: matrix
# rows: 5
# columns: 2
 5237 -476
 7760 -238
 8491 0
 7859 238
 6378 476


