# Created by Octave 3.8.2, Sun Jun 21 07:57:13 2020 CEST <damian@fptrucha.inv.usc.es>
# name: hd
# type: matrix
# rows: 5
# columns: 2
 4953 -476
 7396 -238
 8211 0
 7697 238
 6186 476


