# Created by Octave 3.8.2, Mon Jun 22 12:13:44 2020 CEST <damian@fptrucha.inv.usc.es>
# name: hd
# type: matrix
# rows: 5
# columns: 2
 5216 -476
 7766 -238
 8098 0
 7983 238
 6503 476


