# Created by Octave 3.8.2, Mon Jun 22 04:27:11 2020 CEST <damian@fptrucha.inv.usc.es>
# name: hd
# type: matrix
# rows: 5
# columns: 2
 4734 -476
 6955 -238
 7311 0
 7223 238
 5797 476


