# Created by Octave 3.8.2, Sun Jun 21 07:27:40 2020 CEST <damian@fptrucha.inv.usc.es>
# name: hd
# type: matrix
# rows: 5
# columns: 2
 4895 -476
 7572 -238
 8156 0
 7834 238
 6164 476


