# Created by Octave 3.8.2, Mon Jun 22 01:57:45 2020 CEST <damian@fptrucha.inv.usc.es>
# name: hd
# type: matrix
# rows: 5
# columns: 2
 5406 -476
 7964 -238
 8429 0
 8095 238
 6510 476


