# Created by Octave 3.8.2, Mon Jun 22 20:24:44 2020 CEST <damian@fptrucha.inv.usc.es>
# name: hd
# type: matrix
# rows: 5
# columns: 2
 5548 -476
 8083 -238
 8810 0
 8377 238
 6666 476


