# Created by Octave 3.8.2, Sat Jun 20 11:29:22 2020 CEST <damian@fptrucha.inv.usc.es>
# name: hd
# type: matrix
# rows: 5
# columns: 2
 5535 -476
 8491 -238
 9149 0
 8822 238
 6995 476


