# Created by Octave 3.8.2, Sun Jun 21 01:45:23 2020 CEST <damian@fptrucha.inv.usc.es>
# name: hd
# type: matrix
# rows: 5
# columns: 2
 5044 -476
 7289 -238
 8059 0
 7568 238
 5916 476


