# Created by Octave 3.8.2, Mon Jun 22 01:11:22 2020 CEST <damian@fptrucha.inv.usc.es>
# name: hd
# type: matrix
# rows: 5
# columns: 2
 5018 -476
 7666 -238
 8526 0
 7907 238
 6334 476


