# Created by Octave 3.8.2, Sun Jun 21 07:58:22 2020 CEST <damian@fptrucha.inv.usc.es>
# name: hd
# type: matrix
# rows: 5
# columns: 2
 5011 -476
 7552 -238
 8190 0
 7667 238
 6130 476


