# Created by Octave 3.8.2, Sat Jun 20 09:56:32 2020 CEST <damian@fptrucha.inv.usc.es>
# name: hd
# type: matrix
# rows: 5
# columns: 2
 5893 -476
 8794 -238
 9419 0
 9253 238
 7385 476


