# Created by Octave 3.8.2, Sat Jun 20 16:40:34 2020 CEST <damian@fptrucha.inv.usc.es>
# name: hd
# type: matrix
# rows: 5
# columns: 2
 5274 -476
 7859 -238
 8363 0
 8203 238
 6463 476


