# Created by Octave 3.8.2, Mon Jun 22 11:24:42 2020 CEST <damian@fptrucha.inv.usc.es>
# name: hd
# type: matrix
# rows: 5
# columns: 2
 5211 -476
 7654 -238
 8227 0
 7926 238
 6430 476


