# Created by Octave 3.8.2, Mon Jun 22 12:44:06 2020 CEST <damian@fptrucha.inv.usc.es>
# name: hd
# type: matrix
# rows: 5
# columns: 2
 5314 -476
 7908 -238
 8299 0
 7992 238
 6483 476


