# Created by Octave 3.8.2, Sat Jun 20 20:46:49 2020 CEST <damian@fptrucha.inv.usc.es>
# name: hd
# type: matrix
# rows: 5
# columns: 2
 4933 -476
 7671 -238
 8257 0
 7841 238
 6423 476


