# Created by Octave 3.8.2, Sat Jun 20 03:46:39 2020 CEST <damian@fptrucha.inv.usc.es>
# name: hd
# type: matrix
# rows: 5
# columns: 2
 5701 -476
 8384 -238
 8980 0
 8743 238
 6999 476


