# Created by Octave 3.8.2, Sat Jun 20 16:21:18 2020 CEST <damian@fptrucha.inv.usc.es>
# name: hd
# type: matrix
# rows: 5
# columns: 2
 5262 -476
 7821 -238
 8637 0
 8125 238
 6462 476


