# Created by Octave 3.8.2, Mon Jun 22 20:37:34 2020 CEST <damian@fptrucha.inv.usc.es>
# name: hd
# type: matrix
# rows: 5
# columns: 2
 5607 -476
 8223 -238
 8565 0
 8388 238
 6847 476


