# Created by Octave 3.8.2, Mon Jun 22 12:38:46 2020 CEST <damian@fptrucha.inv.usc.es>
# name: hd
# type: matrix
# rows: 5
# columns: 2
 5241 -476
 7752 -238
 8336 0
 8133 238
 6616 476


