# Created by Octave 3.8.2, Mon Jun 22 13:20:43 2020 CEST <damian@fptrucha.inv.usc.es>
# name: hd
# type: matrix
# rows: 5
# columns: 2
 5230 -476
 8101 -238
 8453 0
 8131 238
 6562 476


