# Created by Octave 3.8.2, Sat Jun 20 22:17:58 2020 CEST <damian@fptrucha.inv.usc.es>
# name: hd
# type: matrix
# rows: 5
# columns: 2
 5173 -476
 7589 -238
 8278 0
 8026 238
 6299 476


