# Created by Octave 3.8.2, Mon Jun 22 18:12:08 2020 CEST <damian@fptrucha.inv.usc.es>
# name: hd
# type: matrix
# rows: 5
# columns: 2
 5407 -476
 8089 -238
 8459 0
 8236 238
 6662 476


