# Created by Octave 3.8.2, Mon Jun 22 18:54:34 2020 CEST <damian@fptrucha.inv.usc.es>
# name: hd
# type: matrix
# rows: 5
# columns: 2
 5547 -476
 8090 -238
 8594 0
 8253 238
 6697 476


