# Created by Octave 3.8.2, Mon Jun 22 03:49:16 2020 CEST <damian@fptrucha.inv.usc.es>
# name: hd
# type: matrix
# rows: 5
# columns: 2
 5051 -476
 7296 -238
 7709 0
 7424 238
 5939 476


