# Created by Octave 3.8.2, Mon Jun 22 19:30:26 2020 CEST <damian@fptrucha.inv.usc.es>
# name: hd
# type: matrix
# rows: 5
# columns: 2
 5357 -476
 8156 -238
 8712 0
 8438 238
 6771 476


