# Created by Octave 3.8.2, Mon Jun 22 22:51:51 2020 CEST <damian@fptrucha.inv.usc.es>
# name: hd
# type: matrix
# rows: 5
# columns: 2
 5518 -476
 8348 -238
 8971 0
 8530 238
 6785 476


