# Created by Octave 3.8.2, Sun Jun 21 00:42:29 2020 CEST <damian@fptrucha.inv.usc.es>
# name: hd
# type: matrix
# rows: 5
# columns: 2
 4903 -476
 7509 -238
 8082 0
 7695 238
 6050 476


