# Created by Octave 3.8.2, Mon Jun 22 17:58:31 2020 CEST <damian@fptrucha.inv.usc.es>
# name: hd
# type: matrix
# rows: 5
# columns: 2
 5488 -476
 8213 -238
 8595 0
 8470 238
 6736 476


