# Created by Octave 3.8.2, Mon Jun 22 06:29:38 2020 CEST <damian@fptrucha.inv.usc.es>
# name: hd
# type: matrix
# rows: 5
# columns: 2
 5132 -476
 7465 -238
 7598 0
 7282 238
 6188 476


