# Created by Octave 3.8.2, Sun Jun 21 01:50:30 2020 CEST <damian@fptrucha.inv.usc.es>
# name: hd
# type: matrix
# rows: 5
# columns: 2
 5094 -476
 7471 -238
 8120 0
 7820 238
 6266 476


