# Created by Octave 3.8.2, Sun Jun 21 00:11:37 2020 CEST <damian@fptrucha.inv.usc.es>
# name: hd
# type: matrix
# rows: 5
# columns: 2
 4937 -476
 7375 -238
 8198 0
 7960 238
 6270 476


