# Created by Octave 3.8.2, Mon Jun 22 22:43:30 2020 CEST <damian@fptrucha.inv.usc.es>
# name: hd
# type: matrix
# rows: 5
# columns: 2
 3676 -476
 5424 -238
 5814 0
 5841 238
 4489 476


