# Created by Octave 3.8.2, Sat Jun 20 13:53:31 2020 CEST <damian@fptrucha.inv.usc.es>
# name: hd
# type: matrix
# rows: 5
# columns: 2
 5411 -476
 8114 -238
 8841 0
 8580 238
 6872 476


