# Created by Octave 3.8.2, Sat Jun 20 03:19:33 2020 CEST <damian@fptrucha.inv.usc.es>
# name: hd
# type: matrix
# rows: 5
# columns: 2
 5496 -476
 8375 -238
 8995 0
 8585 238
 7064 476


