# Created by Octave 3.8.2, Sat Jun 20 05:24:09 2020 CEST <damian@fptrucha.inv.usc.es>
# name: hd
# type: matrix
# rows: 5
# columns: 2
 5754 -476
 8584 -238
 9237 0
 8694 238
 7026 476


