# Created by Octave 3.8.2, Sat Jun 20 18:37:14 2020 CEST <damian@fptrucha.inv.usc.es>
# name: hd
# type: matrix
# rows: 5
# columns: 2
 5135 -476
 7840 -238
 8481 0
 8034 238
 6231 476


