# Created by Octave 3.8.2, Mon Jun 22 13:44:40 2020 CEST <damian@fptrucha.inv.usc.es>
# name: hd
# type: matrix
# rows: 5
# columns: 2
 5318 -476
 8024 -238
 8182 0
 8017 238
 6665 476


