# Created by Octave 3.8.2, Mon Jun 22 01:38:10 2020 CEST <damian@fptrucha.inv.usc.es>
# name: hd
# type: matrix
# rows: 5
# columns: 2
 5288 -476
 7876 -238
 8683 0
 8307 238
 6525 476


