# Created by Octave 3.8.2, Mon Jun 22 08:39:41 2020 CEST <damian@fptrucha.inv.usc.es>
# name: hd
# type: matrix
# rows: 5
# columns: 2
 5222 -476
 7699 -238
 8006 0
 7591 238
 6367 476


