# Created by Octave 3.8.2, Sat Jun 20 21:34:47 2020 CEST <damian@fptrucha.inv.usc.es>
# name: hd
# type: matrix
# rows: 5
# columns: 2
 5105 -476
 7528 -238
 8193 0
 7908 238
 6193 476


