# Created by Octave 3.8.2, Mon Jun 22 13:05:04 2020 CEST <damian@fptrucha.inv.usc.es>
# name: hd
# type: matrix
# rows: 5
# columns: 2
 5343 -476
 7994 -238
 8164 0
 7974 238
 6597 476


