# Created by Octave 3.8.2, Sat Jun 20 20:29:02 2020 CEST <damian@fptrucha.inv.usc.es>
# name: hd
# type: matrix
# rows: 5
# columns: 2
 5291 -476
 7667 -238
 8367 0
 8024 238
 6314 476


