# Created by Octave 3.8.2, Sat Jun 20 15:04:09 2020 CEST <damian@fptrucha.inv.usc.es>
# name: hd
# type: matrix
# rows: 5
# columns: 2
 5204 -476
 8089 -238
 8586 0
 8302 238
 6551 476


