# Created by Octave 3.8.2, Sat Jun 20 05:07:29 2020 CEST <damian@fptrucha.inv.usc.es>
# name: hd
# type: matrix
# rows: 5
# columns: 2
 5748 -476
 8511 -238
 9391 0
 8744 238
 6995 476


