# Created by Octave 3.8.2, Sat Jun 20 05:53:45 2020 CEST <damian@fptrucha.inv.usc.es>
# name: hd
# type: matrix
# rows: 5
# columns: 2
 5900 -476
 8691 -238
 9415 0
 8707 238
 7327 476


