# Created by Octave 3.8.2, Mon Jun 22 12:26:22 2020 CEST <damian@fptrucha.inv.usc.es>
# name: hd
# type: matrix
# rows: 5
# columns: 2
 5319 -476
 7861 -238
 8233 0
 8068 238
 6505 476


