# Created by Octave 3.8.2, Mon Jun 22 02:49:04 2020 CEST <damian@fptrucha.inv.usc.es>
# name: hd
# type: matrix
# rows: 5
# columns: 2
 5022 -476
 7385 -238
 7510 0
 7447 238
 6148 476


