# Created by Octave 3.8.2, Mon Jun 22 07:18:19 2020 CEST <damian@fptrucha.inv.usc.es>
# name: hd
# type: matrix
# rows: 5
# columns: 2
 5054 -476
 7435 -238
 7782 0
 7405 238
 6317 476


