# Created by Octave 3.8.2, Mon Jun 22 05:19:00 2020 CEST <damian@fptrucha.inv.usc.es>
# name: hd
# type: matrix
# rows: 5
# columns: 2
 5001 -476
 7216 -238
 7633 0
 7289 238
 6069 476


