# Created by Octave 3.8.2, Mon Jun 22 05:53:25 2020 CEST <damian@fptrucha.inv.usc.es>
# name: hd
# type: matrix
# rows: 5
# columns: 2
 5098 -476
 7423 -238
 7613 0
 7210 238
 6141 476


