# Created by Octave 3.8.2, Sat Jun 20 21:49:46 2020 CEST <damian@fptrucha.inv.usc.es>
# name: hd
# type: matrix
# rows: 5
# columns: 2
 3392 -476
 5016 -238
 5403 0
 5162 238
 4141 476


