# Created by Octave 3.8.2, Sat Jun 20 22:02:42 2020 CEST <damian@fptrucha.inv.usc.es>
# name: hd
# type: matrix
# rows: 5
# columns: 2
 4999 -476
 7424 -238
 8150 0
 7777 238
 6266 476


