# Created by Octave 3.8.2, Sun Jun 21 02:46:17 2020 CEST <damian@fptrucha.inv.usc.es>
# name: hd
# type: matrix
# rows: 5
# columns: 2
 5101 -476
 7490 -238
 8162 0
 7768 238
 6128 476


