# Created by Octave 3.8.2, Mon Jun 22 04:24:17 2020 CEST <damian@fptrucha.inv.usc.es>
# name: hd
# type: matrix
# rows: 5
# columns: 2
 4921 -476
 7051 -238
 7385 0
 7268 238
 6084 476


