# Created by Octave 3.8.2, Mon Jun 22 19:36:59 2020 CEST <damian@fptrucha.inv.usc.es>
# name: hd
# type: matrix
# rows: 5
# columns: 2
 3641 -476
 5526 -238
 5889 0
 5655 238
 4384 476


