# Created by Octave 3.8.2, Sat Jun 20 15:32:56 2020 CEST <damian@fptrucha.inv.usc.es>
# name: hd
# type: matrix
# rows: 5
# columns: 2
 5263 -476
 8008 -238
 8640 0
 8254 238
 6506 476


