# Created by Octave 3.8.2, Tue Jun 23 00:41:22 2020 CEST <damian@fptrucha.inv.usc.es>
# name: hd
# type: matrix
# rows: 5
# columns: 2
 5547 -476
 8386 -238
 8917 0
 8609 238
 6875 476


