# Created by Octave 3.8.2, Mon Jun 22 15:18:28 2020 CEST <damian@fptrucha.inv.usc.es>
# name: hd
# type: matrix
# rows: 5
# columns: 2
 5582 -476
 8229 -238
 8654 0
 8404 238
 6618 476


