# Created by Octave 3.8.2, Sat Jun 20 22:21:53 2020 CEST <damian@fptrucha.inv.usc.es>
# name: hd
# type: matrix
# rows: 5
# columns: 2
 5210 -476
 7730 -238
 8242 0
 7952 238
 6287 476


