# Created by Octave 3.8.2, Sun Jun 21 07:10:57 2020 CEST <damian@fptrucha.inv.usc.es>
# name: hd
# type: matrix
# rows: 5
# columns: 2
 5220 -476
 7904 -238
 8391 0
 8042 238
 6411 476


