# Created by Octave 3.8.2, Mon Jun 22 20:28:17 2020 CEST <damian@fptrucha.inv.usc.es>
# name: hd
# type: matrix
# rows: 5
# columns: 2
 5453 -476
 8217 -238
 8664 0
 8485 238
 6879 476


