# Created by Octave 3.8.2, Sat Jun 20 06:10:46 2020 CEST <damian@fptrucha.inv.usc.es>
# name: hd
# type: matrix
# rows: 5
# columns: 2
 5846 -476
 8654 -238
 9368 0
 9090 238
 7099 476


