# Created by Octave 3.8.2, Mon Jun 22 12:55:27 2020 CEST <damian@fptrucha.inv.usc.es>
# name: hd
# type: matrix
# rows: 5
# columns: 2
 5314 -476
 7776 -238
 8346 0
 8086 238
 6496 476


