# Created by Octave 3.8.2, Sat Jun 20 22:27:03 2020 CEST <damian@fptrucha.inv.usc.es>
# name: hd
# type: matrix
# rows: 5
# columns: 2
 5121 -476
 7537 -238
 8396 0
 7672 238
 6230 476


