# Created by Octave 3.8.2, Mon Jun 22 01:54:42 2020 CEST <damian@fptrucha.inv.usc.es>
# name: hd
# type: matrix
# rows: 5
# columns: 2
 5386 -476
 7839 -238
 8351 0
 8116 238
 6546 476


