# Created by Octave 3.8.2, Sat Jun 20 13:20:51 2020 CEST <damian@fptrucha.inv.usc.es>
# name: hd
# type: matrix
# rows: 5
# columns: 2
 5527 -476
 8418 -238
 9053 0
 8663 238
 6793 476


