# Created by Octave 3.8.2, Sat Jun 20 12:39:40 2020 CEST <damian@fptrucha.inv.usc.es>
# name: hd
# type: matrix
# rows: 5
# columns: 2
 5616 -476
 8321 -238
 9118 0
 8640 238
 7001 476


