# Created by Octave 3.8.2, Mon Jun 22 07:35:05 2020 CEST <damian@fptrucha.inv.usc.es>
# name: hd
# type: matrix
# rows: 5
# columns: 2
 5171 -476
 7476 -238
 7830 0
 7555 238
 6317 476


