# Created by Octave 3.8.2, Sun Jun 21 03:04:17 2020 CEST <damian@fptrucha.inv.usc.es>
# name: hd
# type: matrix
# rows: 5
# columns: 2
 4956 -476
 7338 -238
 8160 0
 7805 238
 6254 476


