# Created by Octave 3.8.2, Mon Jun 22 02:03:03 2020 CEST <damian@fptrucha.inv.usc.es>
# name: hd
# type: matrix
# rows: 5
# columns: 2
 5175 -476
 7774 -238
 8459 0
 8191 238
 6583 476


