# Created by Octave 3.8.2, Sat Jun 20 20:22:30 2020 CEST <damian@fptrucha.inv.usc.es>
# name: hd
# type: matrix
# rows: 5
# columns: 2
 5256 -476
 7645 -238
 8298 0
 8041 238
 6413 476


