# Created by Octave 3.8.2, Mon Jun 22 16:35:36 2020 CEST <damian@fptrucha.inv.usc.es>
# name: hd
# type: matrix
# rows: 5
# columns: 2
 5516 -476
 7992 -238
 8471 0
 8315 238
 6661 476


