# Created by Octave 3.8.2, Mon Jun 22 02:27:10 2020 CEST <damian@fptrucha.inv.usc.es>
# name: hd
# type: matrix
# rows: 5
# columns: 2
 164 -476
 270 -238
 509 0
 762 238
 389 476


