# Created by Octave 3.8.2, Sat Jun 20 17:22:56 2020 CEST <damian@fptrucha.inv.usc.es>
# name: hd
# type: matrix
# rows: 5
# columns: 2
 5243 -476
 7731 -238
 8437 0
 8130 238
 6349 476


