# Created by Octave 3.8.2, Sat Jun 20 06:17:59 2020 CEST <damian@fptrucha.inv.usc.es>
# name: hd
# type: matrix
# rows: 5
# columns: 2
 5749 -476
 8761 -238
 9485 0
 9024 238
 7141 476


