# Created by Octave 3.8.2, Mon Jun 22 10:04:52 2020 CEST <damian@fptrucha.inv.usc.es>
# name: hd
# type: matrix
# rows: 5
# columns: 2
 5334 -476
 7846 -238
 8221 0
 7907 238
 6274 476


