# Created by Octave 3.8.2, Sun Jun 21 01:46:05 2020 CEST <damian@fptrucha.inv.usc.es>
# name: hd
# type: matrix
# rows: 5
# columns: 2
 3199 -476
 4851 -238
 5349 0
 4940 238
 4132 476


