# Created by Octave 3.8.2, Sat Jun 20 10:19:12 2020 CEST <damian@fptrucha.inv.usc.es>
# name: hd
# type: matrix
# rows: 5
# columns: 2
 5847 -476
 8691 -238
 9457 0
 9050 238
 7130 476


