# Created by Octave 3.8.2, Sat Jun 20 14:09:37 2020 CEST <damian@fptrucha.inv.usc.es>
# name: hd
# type: matrix
# rows: 5
# columns: 2
 5390 -476
 8009 -238
 8862 0
 8275 238
 6689 476


