# Created by Octave 3.8.2, Sat Jun 20 15:47:14 2020 CEST <damian@fptrucha.inv.usc.es>
# name: hd
# type: matrix
# rows: 5
# columns: 2
 5290 -476
 8037 -238
 8641 0
 8183 238
 6462 476


