# Created by Octave 3.8.2, Mon Jun 22 23:09:30 2020 CEST <damian@fptrucha.inv.usc.es>
# name: hd
# type: matrix
# rows: 5
# columns: 2
 5680 -476
 8266 -238
 8993 0
 8598 238
 6897 476


