# Created by Octave 3.8.2, Mon Jun 22 20:41:50 2020 CEST <damian@fptrucha.inv.usc.es>
# name: hd
# type: matrix
# rows: 5
# columns: 2
 5505 -476
 8123 -238
 8719 0
 8462 238
 6854 476


