# Created by Octave 3.8.2, Sun Jun 21 03:46:15 2020 CEST <damian@fptrucha.inv.usc.es>
# name: hd
# type: matrix
# rows: 5
# columns: 2
 5148 -476
 7651 -238
 8292 0
 7863 238
 6253 476


