# Created by Octave 3.8.2, Mon Jun 22 07:14:40 2020 CEST <damian@fptrucha.inv.usc.es>
# name: hd
# type: matrix
# rows: 5
# columns: 2
 5155 -476
 7402 -238
 7748 0
 7443 238
 6189 476


