# Created by Octave 3.8.2, Tue Jun 23 00:11:07 2020 CEST <damian@fptrucha.inv.usc.es>
# name: hd
# type: matrix
# rows: 5
# columns: 2
 5585 -476
 8385 -238
 8946 0
 8542 238
 6851 476


