# Created by Octave 3.8.2, Mon Jun 22 13:34:18 2020 CEST <damian@fptrucha.inv.usc.es>
# name: hd
# type: matrix
# rows: 5
# columns: 2
 5226 -476
 7711 -238
 8334 0
 8157 238
 6415 476


