# Created by Octave 3.8.2, Mon Jun 22 08:45:32 2020 CEST <damian@fptrucha.inv.usc.es>
# name: hd
# type: matrix
# rows: 5
# columns: 2
 3390 -476
 4915 -238
 5280 0
 5033 238
 4103 476


