# Created by Octave 3.8.2, Sat Jun 20 15:30:19 2020 CEST <damian@fptrucha.inv.usc.es>
# name: hd
# type: matrix
# rows: 5
# columns: 2
 5305 -476
 7941 -238
 8723 0
 8343 238
 6513 476


