# Created by Octave 3.8.2, Mon Jun 22 08:01:22 2020 CEST <damian@fptrucha.inv.usc.es>
# name: hd
# type: matrix
# rows: 5
# columns: 2
 5201 -476
 7540 -238
 7997 0
 7797 238
 6197 476


