# Created by Octave 3.8.2, Sat Jun 20 22:23:09 2020 CEST <damian@fptrucha.inv.usc.es>
# name: hd
# type: matrix
# rows: 5
# columns: 2
 5045 -476
 7586 -238
 8055 0
 7873 238
 6422 476


