# Created by Octave 3.8.2, Sun Jun 21 00:48:39 2020 CEST <damian@fptrucha.inv.usc.es>
# name: hd
# type: matrix
# rows: 5
# columns: 2
 3303 -476
 4941 -238
 5513 0
 5141 238
 4059 476


