# Created by Octave 3.8.2, Mon Jun 22 05:51:29 2020 CEST <damian@fptrucha.inv.usc.es>
# name: hd
# type: matrix
# rows: 5
# columns: 2
 5043 -476
 7240 -238
 7549 0
 7395 238
 6202 476


