# Created by Octave 3.8.2, Mon Jun 22 18:21:47 2020 CEST <damian@fptrucha.inv.usc.es>
# name: hd
# type: matrix
# rows: 5
# columns: 2
 5478 -476
 8222 -238
 8721 0
 8294 238
 6678 476


