# Created by Octave 3.8.2, Sat Jun 20 22:01:28 2020 CEST <damian@fptrucha.inv.usc.es>
# name: hd
# type: matrix
# rows: 5
# columns: 2
 5091 -476
 7658 -238
 8333 0
 7666 238
 6363 476


