# Created by Octave 3.8.2, Mon Jun 22 05:08:41 2020 CEST <damian@fptrucha.inv.usc.es>
# name: hd
# type: matrix
# rows: 5
# columns: 2
 4965 -476
 7190 -238
 7504 0
 7214 238
 6032 476


