# Created by Octave 3.8.2, Mon Jun 22 12:01:31 2020 CEST <damian@fptrucha.inv.usc.es>
# name: hd
# type: matrix
# rows: 5
# columns: 2
 5287 -476
 7608 -238
 8308 0
 7767 238
 6379 476


