# Created by Octave 3.8.2, Sat Jun 20 10:52:38 2020 CEST <damian@fptrucha.inv.usc.es>
# name: hd
# type: matrix
# rows: 5
# columns: 2
 5695 -476
 8684 -238
 9395 0
 8909 238
 7128 476


