# Created by Octave 3.8.2, Sat Jun 20 14:48:32 2020 CEST <damian@fptrucha.inv.usc.es>
# name: hd
# type: matrix
# rows: 5
# columns: 2
 5401 -476
 8302 -238
 8805 0
 8488 238
 6676 476


