# Created by Octave 3.8.2, Mon Jun 22 16:21:08 2020 CEST <damian@fptrucha.inv.usc.es>
# name: hd
# type: matrix
# rows: 5
# columns: 2
 5478 -476
 7889 -238
 8397 0
 8222 238
 6654 476


