# Created by Octave 3.8.2, Mon Jun 22 17:43:07 2020 CEST <damian@fptrucha.inv.usc.es>
# name: hd
# type: matrix
# rows: 5
# columns: 2
 5457 -476
 8227 -238
 8600 0
 8302 238
 6819 476


