# Created by Octave 3.8.2, Sun Jun 21 03:11:50 2020 CEST <damian@fptrucha.inv.usc.es>
# name: hd
# type: matrix
# rows: 5
# columns: 2
 5027 -476
 7408 -238
 8134 0
 7549 238
 6145 476


