# Created by Octave 3.8.2, Mon Jun 22 03:47:21 2020 CEST <damian@fptrucha.inv.usc.es>
# name: hd
# type: matrix
# rows: 5
# columns: 2
 5048 -476
 7408 -238
 7590 0
 7431 238
 6058 476


