# Created by Octave 3.8.2, Sat Jun 20 22:09:18 2020 CEST <damian@fptrucha.inv.usc.es>
# name: hd
# type: matrix
# rows: 5
# columns: 2
 5101 -476
 7449 -238
 8247 0
 7989 238
 6347 476


