# Created by Octave 3.8.2, Sat Jun 20 07:19:19 2020 CEST <damian@fptrucha.inv.usc.es>
# name: hd
# type: matrix
# rows: 5
# columns: 2
 5894 -476
 8732 -238
 9414 0
 8960 238
 7148 476


