# Created by Octave 3.8.2, Mon Jun 22 05:10:36 2020 CEST <damian@fptrucha.inv.usc.es>
# name: hd
# type: matrix
# rows: 5
# columns: 2
 4904 -476
 7042 -238
 7475 0
 7202 238
 5981 476


