# Created by Octave 3.8.2, Mon Jun 22 00:45:06 2020 CEST <damian@fptrucha.inv.usc.es>
# name: hd
# type: matrix
# rows: 5
# columns: 2
 5045 -476
 7587 -238
 8310 0
 8025 238
 6362 476


