# Created by Octave 3.8.2, Sat Jun 20 16:10:41 2020 CEST <damian@fptrucha.inv.usc.es>
# name: hd
# type: matrix
# rows: 5
# columns: 2
 5180 -476
 7914 -238
 8573 0
 8304 238
 6650 476


