# Created by Octave 3.8.2, Mon Jun 22 06:21:53 2020 CEST <damian@fptrucha.inv.usc.es>
# name: hd
# type: matrix
# rows: 5
# columns: 2
 5136 -476
 7323 -238
 7784 0
 7427 238
 6257 476


