# Created by Octave 3.8.2, Sat Jun 20 07:31:44 2020 CEST <damian@fptrucha.inv.usc.es>
# name: hd
# type: matrix
# rows: 5
# columns: 2
 5788 -476
 8779 -238
 9412 0
 9151 238
 7232 476


