# Created by Octave 3.8.2, Mon Jun 22 10:00:28 2020 CEST <damian@fptrucha.inv.usc.es>
# name: hd
# type: matrix
# rows: 5
# columns: 2
 5243 -476
 7548 -238
 8164 0
 7912 238
 6330 476


