# Created by Octave 3.8.2, Sun Jun 21 05:30:33 2020 CEST <damian@fptrucha.inv.usc.es>
# name: hd
# type: matrix
# rows: 5
# columns: 2
 4999 -476
 7489 -238
 8143 0
 7885 238
 6308 476


