# Created by Octave 3.8.2, Sat Jun 20 20:35:36 2020 CEST <damian@fptrucha.inv.usc.es>
# name: hd
# type: matrix
# rows: 5
# columns: 2
 5099 -476
 7799 -238
 8336 0
 7972 238
 6322 476


