# Created by Octave 3.8.2, Sat Jun 20 09:41:53 2020 CEST <damian@fptrucha.inv.usc.es>
# name: hd
# type: matrix
# rows: 5
# columns: 2
 5784 -476
 8733 -238
 9549 0
 8904 238
 7197 476


