# Created by Octave 3.8.2, Sun Jun 21 03:55:03 2020 CEST <damian@fptrucha.inv.usc.es>
# name: hd
# type: matrix
# rows: 5
# columns: 2
 4928 -476
 7409 -238
 8373 0
 7744 238
 6220 476


