# Created by Octave 3.8.2, Mon Jun 22 06:33:34 2020 CEST <damian@fptrucha.inv.usc.es>
# name: hd
# type: matrix
# rows: 5
# columns: 2
 5055 -476
 7338 -238
 7816 0
 7382 238
 6281 476


