# Created by Octave 3.8.2, Sat Jun 20 19:38:14 2020 CEST <damian@fptrucha.inv.usc.es>
# name: hd
# type: matrix
# rows: 5
# columns: 2
 5219 -476
 7694 -238
 8589 0
 8158 238
 6301 476


