# Created by Octave 3.8.2, Mon Jun 22 14:49:03 2020 CEST <damian@fptrucha.inv.usc.es>
# name: hd
# type: matrix
# rows: 5
# columns: 2
 5362 -476
 7770 -238
 8481 0
 8126 238
 6578 476


