# Created by Octave 3.8.2, Sat Jun 20 19:57:12 2020 CEST <damian@fptrucha.inv.usc.es>
# name: hd
# type: matrix
# rows: 5
# columns: 2
 5065 -476
 7542 -238
 8491 0
 8074 238
 6369 476


