# Created by Octave 3.8.2, Sat Jun 20 07:48:49 2020 CEST <damian@fptrucha.inv.usc.es>
# name: hd
# type: matrix
# rows: 5
# columns: 2
 3689 -476
 5667 -238
 6218 0
 5994 238
 4842 476


