# Created by Octave 3.8.2, Sat Jun 20 12:43:45 2020 CEST <damian@fptrucha.inv.usc.es>
# name: hd
# type: matrix
# rows: 5
# columns: 2
 5526 -476
 8258 -238
 8915 0
 8699 238
 6934 476


