# Created by Octave 3.8.2, Mon Jun 22 01:46:41 2020 CEST <damian@fptrucha.inv.usc.es>
# name: hd
# type: matrix
# rows: 5
# columns: 2
 5369 -476
 7839 -238
 8314 0
 8324 238
 6572 476


