# Created by Octave 3.8.2, Mon Jun 22 09:08:54 2020 CEST <damian@fptrucha.inv.usc.es>
# name: hd
# type: matrix
# rows: 5
# columns: 2
 5149 -476
 7543 -238
 7851 0
 7587 238
 6542 476


