# Created by Octave 3.8.2, Mon Jun 22 06:42:08 2020 CEST <damian@fptrucha.inv.usc.es>
# name: hd
# type: matrix
# rows: 5
# columns: 2
 5099 -476
 7414 -238
 7714 0
 7425 238
 6113 476


