# Created by Octave 3.8.2, Sat Jun 20 22:47:28 2020 CEST <damian@fptrucha.inv.usc.es>
# name: hd
# type: matrix
# rows: 5
# columns: 2
 5087 -476
 7555 -238
 8403 0
 7969 238
 6107 476


