# Created by Octave 3.8.2, Sat Jun 20 05:18:22 2020 CEST <damian@fptrucha.inv.usc.es>
# name: hd
# type: matrix
# rows: 5
# columns: 2
 5776 -476
 8663 -238
 9192 0
 8829 238
 6944 476


