# Created by Octave 3.8.2, Sun Jun 21 06:08:42 2020 CEST <damian@fptrucha.inv.usc.es>
# name: hd
# type: matrix
# rows: 5
# columns: 2
 5043 -476
 7749 -238
 8277 0
 7853 238
 6145 476


