# Created by Octave 3.8.2, Sat Jun 20 18:32:04 2020 CEST <damian@fptrucha.inv.usc.es>
# name: hd
# type: matrix
# rows: 5
# columns: 2
 5198 -476
 7736 -238
 8461 0
 7894 238
 6508 476


