# Created by Octave 3.8.2, Sat Jun 20 21:41:14 2020 CEST <damian@fptrucha.inv.usc.es>
# name: hd
# type: matrix
# rows: 5
# columns: 2
 5061 -476
 7615 -238
 8385 0
 8030 238
 6271 476


