# Created by Octave 3.8.2, Sun Jun 21 06:47:36 2020 CEST <damian@fptrucha.inv.usc.es>
# name: hd
# type: matrix
# rows: 5
# columns: 2
 5070 -476
 7461 -238
 8337 0
 7734 238
 6170 476


