# Created by Octave 3.8.2, Sun Jun 21 04:26:15 2020 CEST <damian@fptrucha.inv.usc.es>
# name: hd
# type: matrix
# rows: 5
# columns: 2
 5094 -476
 7632 -238
 8268 0
 7748 238
 6167 476


