# Created by Octave 3.8.2, Mon Jun 22 13:54:19 2020 CEST <damian@fptrucha.inv.usc.es>
# name: hd
# type: matrix
# rows: 5
# columns: 2
 5335 -476
 7883 -238
 8395 0
 8102 238
 6563 476


