# Created by Octave 3.8.2, Mon Jun 22 03:40:41 2020 CEST <damian@fptrucha.inv.usc.es>
# name: hd
# type: matrix
# rows: 5
# columns: 2
 5059 -476
 7249 -238
 7543 0
 7342 238
 6209 476


