# Created by Octave 3.8.2, Sat Jun 20 16:34:02 2020 CEST <damian@fptrucha.inv.usc.es>
# name: hd
# type: matrix
# rows: 5
# columns: 2
 5316 -476
 7889 -238
 8586 0
 8099 238
 6436 476


