# Created by Octave 3.8.2, Sun Jun 21 02:34:41 2020 CEST <damian@fptrucha.inv.usc.es>
# name: hd
# type: matrix
# rows: 5
# columns: 2
 5126 -476
 7530 -238
 8257 0
 7864 238
 6321 476


