# Created by Octave 3.8.2, Mon Jun 22 06:45:09 2020 CEST <damian@fptrucha.inv.usc.es>
# name: hd
# type: matrix
# rows: 5
# columns: 2
 4997 -476
 7515 -238
 7682 0
 7338 238
 6304 476


