# Created by Octave 3.8.2, Mon Jun 22 04:15:16 2020 CEST <damian@fptrucha.inv.usc.es>
# name: hd
# type: matrix
# rows: 5
# columns: 2
 4887 -476
 6972 -238
 7456 0
 7280 238
 6000 476


