# Created by Octave 3.8.2, Sat Jun 20 11:12:46 2020 CEST <damian@fptrucha.inv.usc.es>
# name: hd
# type: matrix
# rows: 5
# columns: 2
 5703 -476
 8607 -238
 9427 0
 8890 238
 7145 476


