# Created by Octave 3.8.2, Sun Jun 21 03:03:13 2020 CEST <damian@fptrucha.inv.usc.es>
# name: hd
# type: matrix
# rows: 5
# columns: 2
 3382 -476
 4903 -238
 5362 0
 4943 238
 4091 476


