# Created by Octave 3.8.2, Sat Jun 20 23:50:43 2020 CEST <damian@fptrucha.inv.usc.es>
# name: hd
# type: matrix
# rows: 5
# columns: 2
 5039 -476
 7606 -238
 8208 0
 7824 238
 6197 476


