# Created by Octave 3.8.2, Sat Jun 20 04:08:43 2020 CEST <damian@fptrucha.inv.usc.es>
# name: hd
# type: matrix
# rows: 5
# columns: 2
 5779 -476
 8387 -238
 9035 0
 8781 238
 7191 476


