# Created by Octave 3.8.2, Sat Jun 20 14:03:11 2020 CEST <damian@fptrucha.inv.usc.es>
# name: hd
# type: matrix
# rows: 5
# columns: 2
 5412 -476
 8114 -238
 8905 0
 8388 238
 6790 476


