# Created by Octave 3.8.2, Sun Jun 21 04:08:58 2020 CEST <damian@fptrucha.inv.usc.es>
# name: hd
# type: matrix
# rows: 5
# columns: 2
 5077 -476
 7586 -238
 8091 0
 7783 238
 6203 476


