# Created by Octave 3.8.2, Mon Jun 22 16:08:15 2020 CEST <damian@fptrucha.inv.usc.es>
# name: hd
# type: matrix
# rows: 5
# columns: 2
 5450 -476
 8051 -238
 8551 0
 8117 238
 6792 476


