# Created by Octave 3.8.2, Sat Jun 20 04:25:16 2020 CEST <damian@fptrucha.inv.usc.es>
# name: hd
# type: matrix
# rows: 5
# columns: 2
 3796 -476
 5498 -238
 6120 0
 5845 238
 4655 476


