# Created by Octave 3.8.2, Sun Jun 21 03:45:06 2020 CEST <damian@fptrucha.inv.usc.es>
# name: hd
# type: matrix
# rows: 5
# columns: 2
 5014 -476
 7493 -238
 8147 0
 7842 238
 6313 476


