# Created by Octave 3.8.2, Mon Jun 22 03:49:53 2020 CEST <damian@fptrucha.inv.usc.es>
# name: hd
# type: matrix
# rows: 5
# columns: 2
 3378 -476
 4803 -238
 5033 0
 4852 238
 4118 476


