# Created by Octave 3.8.2, Sat Jun 20 09:14:26 2020 CEST <damian@fptrucha.inv.usc.es>
# name: hd
# type: matrix
# rows: 5
# columns: 2
 5837 -476
 8916 -238
 9739 0
 9338 238
 7274 476


