# Created by Octave 3.8.2, Sun Jun 21 03:10:46 2020 CEST <damian@fptrucha.inv.usc.es>
# name: hd
# type: matrix
# rows: 5
# columns: 2
 5054 -476
 7297 -238
 8180 0
 7742 238
 6150 476


