# Created by Octave 3.8.2, Sun Jun 21 06:38:50 2020 CEST <damian@fptrucha.inv.usc.es>
# name: hd
# type: matrix
# rows: 5
# columns: 2
 5202 -476
 7656 -238
 8567 0
 7964 238
 6452 476


