# Created by Octave 3.8.2, Mon Jun 22 03:54:45 2020 CEST <damian@fptrucha.inv.usc.es>
# name: hd
# type: matrix
# rows: 5
# columns: 2
 5143 -476
 7338 -238
 7678 0
 7419 238
 6191 476


