# Created by Octave 3.8.2, Mon Jun 22 01:34:55 2020 CEST <damian@fptrucha.inv.usc.es>
# name: hd
# type: matrix
# rows: 5
# columns: 2
 5229 -476
 7706 -238
 8537 0
 8039 238
 6383 476


