# Created by Octave 3.8.2, Mon Jun 22 18:03:01 2020 CEST <damian@fptrucha.inv.usc.es>
# name: hd
# type: matrix
# rows: 5
# columns: 2
 5451 -476
 8024 -238
 8471 0
 8445 238
 6615 476


