# Created by Octave 3.8.2, Sat Jun 20 21:33:30 2020 CEST <damian@fptrucha.inv.usc.es>
# name: hd
# type: matrix
# rows: 5
# columns: 2
 5100 -476
 7507 -238
 8490 0
 7878 238
 6294 476


