# Created by Octave 3.8.2, Sat Jun 20 19:49:53 2020 CEST <damian@fptrucha.inv.usc.es>
# name: hd
# type: matrix
# rows: 5
# columns: 2
 5004 -476
 7744 -238
 8296 0
 7956 238
 6340 476


