# Created by Octave 3.8.2, Sat Jun 20 06:02:29 2020 CEST <damian@fptrucha.inv.usc.es>
# name: hd
# type: matrix
# rows: 5
# columns: 2
 5860 -476
 8734 -238
 9320 0
 8983 238
 7128 476


