# Created by Octave 3.8.2, Tue Jun 23 00:42:34 2020 CEST <damian@fptrucha.inv.usc.es>
# name: hd
# type: matrix
# rows: 5
# columns: 2
 5544 -476
 8229 -238
 9056 0
 8637 238
 7124 476


