# Created by Octave 3.8.2, Sat Jun 20 10:17:42 2020 CEST <damian@fptrucha.inv.usc.es>
# name: hd
# type: matrix
# rows: 5
# columns: 2
 5845 -476
 8681 -238
 9408 0
 8938 238
 7026 476


