# Created by Octave 3.8.2, Sat Jun 20 14:28:36 2020 CEST <damian@fptrucha.inv.usc.es>
# name: hd
# type: matrix
# rows: 5
# columns: 2
 5378 -476
 8164 -238
 8771 0
 8586 238
 6657 476


