# Created by Octave 3.8.2, Sat Jun 20 11:08:29 2020 CEST <damian@fptrucha.inv.usc.es>
# name: hd
# type: matrix
# rows: 5
# columns: 2
 5813 -476
 8445 -238
 9130 0
 8745 238
 7002 476


