# Created by Octave 3.8.2, Sat Jun 20 08:40:02 2020 CEST <damian@fptrucha.inv.usc.es>
# name: hd
# type: matrix
# rows: 5
# columns: 2
 5975 -476
 8915 -238
 9524 0
 9442 238
 7382 476


