# Created by Octave 3.8.2, Mon Jun 22 23:03:57 2020 CEST <damian@fptrucha.inv.usc.es>
# name: hd
# type: matrix
# rows: 5
# columns: 2
 5669 -476
 8248 -238
 9064 0
 8700 238
 6833 476


