# Created by Octave 3.8.2, Mon Jun 22 19:10:09 2020 CEST <damian@fptrucha.inv.usc.es>
# name: hd
# type: matrix
# rows: 5
# columns: 2
 5458 -476
 8136 -238
 8553 0
 8541 238
 6807 476


