# Created by Octave 3.8.2, Sat Jun 20 07:56:09 2020 CEST <damian@fptrucha.inv.usc.es>
# name: hd
# type: matrix
# rows: 5
# columns: 2
 5866 -476
 8965 -238
 9457 0
 8988 238
 7301 476


