# Created by Octave 3.8.2, Sat Jun 20 04:51:42 2020 CEST <damian@fptrucha.inv.usc.es>
# name: hd
# type: matrix
# rows: 5
# columns: 2
 5625 -476
 8434 -238
 9197 0
 8855 238
 7166 476


