# Created by Octave 3.8.2, Mon Jun 22 03:41:40 2020 CEST <damian@fptrucha.inv.usc.es>
# name: hd
# type: matrix
# rows: 5
# columns: 2
 5180 -476
 7195 -238
 7671 0
 7485 238
 6173 476


