# Created by Octave 3.8.2, Mon Jun 22 16:55:17 2020 CEST <damian@fptrucha.inv.usc.es>
# name: hd
# type: matrix
# rows: 5
# columns: 2
 5522 -476
 7969 -238
 8459 0
 8170 238
 6564 476


