# Created by Octave 3.8.2, Sat Jun 20 04:36:38 2020 CEST <damian@fptrucha.inv.usc.es>
# name: hd
# type: matrix
# rows: 5
# columns: 2
 5586 -476
 8561 -238
 9264 0
 8967 238
 6992 476


