# Created by Octave 3.8.2, Mon Jun 22 04:51:55 2020 CEST <damian@fptrucha.inv.usc.es>
# name: hd
# type: matrix
# rows: 5
# columns: 2
 4874 -476
 7030 -238
 7294 0
 7260 238
 5916 476


