# Created by Octave 3.8.2, Sat Jun 20 12:36:50 2020 CEST <damian@fptrucha.inv.usc.es>
# name: hd
# type: matrix
# rows: 5
# columns: 2
 5638 -476
 8511 -238
 9037 0
 8808 238
 7028 476


