# Created by Octave 3.8.2, Sat Jun 20 22:42:17 2020 CEST <damian@fptrucha.inv.usc.es>
# name: hd
# type: matrix
# rows: 5
# columns: 2
 4840 -476
 7500 -238
 8182 0
 7726 238
 6164 476


