# Created by Octave 3.8.2, Sat Jun 20 07:39:02 2020 CEST <damian@fptrucha.inv.usc.es>
# name: hd
# type: matrix
# rows: 5
# columns: 2
 5794 -476
 8743 -238
 9453 0
 9151 238
 7255 476


