# Created by Octave 3.8.2, Mon Jun 22 14:54:31 2020 CEST <damian@fptrucha.inv.usc.es>
# name: hd
# type: matrix
# rows: 5
# columns: 2
 5385 -476
 7772 -238
 8375 0
 8103 238
 6766 476


