# Created by Octave 3.8.2, Mon Jun 22 20:53:22 2020 CEST <damian@fptrucha.inv.usc.es>
# name: hd
# type: matrix
# rows: 5
# columns: 2
 5480 -476
 8212 -238
 8726 0
 8411 238
 6876 476


