# Created by Octave 3.8.2, Mon Jun 22 14:03:34 2020 CEST <damian@fptrucha.inv.usc.es>
# name: hd
# type: matrix
# rows: 5
# columns: 2
 5428 -476
 7856 -238
 8391 0
 8188 238
 6612 476


