# Created by Octave 3.8.2, Mon Jun 22 21:30:20 2020 CEST <damian@fptrucha.inv.usc.es>
# name: hd
# type: matrix
# rows: 5
# columns: 2
 5618 -476
 8186 -238
 8826 0
 8542 238
 6721 476


