# Created by Octave 3.8.2, Mon Jun 22 22:08:32 2020 CEST <damian@fptrucha.inv.usc.es>
# name: hd
# type: matrix
# rows: 5
# columns: 2
 5447 -476
 8135 -238
 8854 0
 8655 238
 6896 476


