# Created by Octave 3.8.2, Sat Jun 20 13:10:25 2020 CEST <damian@fptrucha.inv.usc.es>
# name: hd
# type: matrix
# rows: 5
# columns: 2
 5664 -476
 8277 -238
 9209 0
 8694 238
 6938 476


