# Created by Octave 3.8.2, Sat Jun 20 11:29:23 2020 CEST <damian@fptrucha.inv.usc.es>
# name: hd
# type: matrix
# rows: 100
# columns: 2
 0 -3
 0 -2.939393939393939
 0 -2.878787878787879
 0 -2.818181818181818
 0 -2.757575757575758
 0 -2.696969696969697
 0 -2.636363636363636
 0 -2.575757575757576
 0 -2.515151515151515
 0 -2.454545454545455
 0 -2.393939393939394
 0 -2.333333333333333
 0 -2.272727272727272
 0 -2.212121212121212
 0 -2.151515151515151
 0 -2.090909090909091
 0 -2.03030303030303
 0 -1.96969696969697
 0 -1.909090909090909
 0 -1.848484848484848
 0 -1.787878787878788
 48 -1.727272727272727
 3 -1.666666666666667
 0 -1.606060606060606
 0 -1.545454545454545
 0 -1.484848484848485
 0 -1.424242424242424
 0 -1.363636363636364
 350 -1.303030303030303
 0 -1.242424242424242
 0 -1.181818181818182
 0 -1.121212121212121
 0 -1.060606060606061
 0 -1
 0 -0.9393939393939394
 2311 -0.8787878787878789
 0 -0.8181818181818183
 0 -0.7575757575757573
 0 -0.6969696969696968
 0 -0.6363636363636362
 0 -0.5757575757575757
 2 -0.5151515151515151
 8407 -0.4545454545454546
 0 -0.393939393939394
 0 -0.333333333333333
 0 -0.2727272727272725
 0 -0.2121212121212119
 0 -0.1515151515151514
 3 -0.09090909090909083
 17285 -0.03030303030303028
 3 0.03030303030303028
 0 0.09090909090909083
 0 0.1515151515151514
 0 0.2121212121212124
 0 0.2727272727272729
 4 0.3333333333333335
 8193 0.393939393939394
 1 0.4545454545454546
 0 0.5151515151515151
 0 0.5757575757575757
 0 0.6363636363636367
 0 0.6969696969696972
 0 0.7575757575757578
 2015 0.8181818181818183
 0 0.8787878787878789
 0 0.9393939393939394
 0 1
 0 1.060606060606061
 0 1.121212121212121
 1 1.181818181818182
 317 1.242424242424242
 0 1.303030303030303
 0 1.363636363636363
 0 1.424242424242425
 0 1.484848484848485
 0 1.545454545454546
 3 1.606060606060606
 46 1.666666666666667
 0 1.727272727272728
 0 1.787878787878788
 0 1.848484848484849
 0 1.909090909090909
 0 1.96969696969697
 0 2.03030303030303
 0 2.090909090909091
 0 2.151515151515151
 0 2.212121212121212
 0 2.272727272727272
 0 2.333333333333334
 0 2.393939393939394
 0 2.454545454545455
 0 2.515151515151516
 0 2.575757575757576
 0 2.636363636363637
 0 2.696969696969697
 0 2.757575757575758
 0 2.818181818181818
 0 2.878787878787879
 0 2.939393939393939
 0 3


